Código,Unidade Territorial,UF,Referência,Total de beneficiários com perfil educação (4 a 21 anos),Total de beneficiários acompanhados pela educação (4 a 21 anos),Percentual de beneficiários acompanhados pela educação (4 a 21 anos),Total de beneficiários acompanhados com frequência acima da exigida (4 a 21 anos),Total de Beneficiários acompanhados com frequência abaixo da exigida (4 a 21 anos),Percentual de beneficiários acompanhados com frequência acima da exigida (4 a 21 anos),Total de beneficiários sem informação de frequência escolar (4 a 21 anos),Percentual de beneficiários sem informação de frequência escolar (4 a 21 anos),Total de beneficiários localizados no acompanhamento pela educação mas sem informação de frequência (4 a 21 anos),Total de beneficiários não localizados no acompanhamento pela educação (4 a 21 anos),Percentual de beneficiários não localizados no acompanhamento pela educação (4 a 21 anos)
120001,ACRELÂNDIA,AC,09/2022,2807,1892,"67,40",1859,33,"98,26",915,"32,60",11,904,"32,21"
120001,ACRELÂNDIA,AC,07/2022,2800,1859,"66,39",1841,18,"99,03",941,"33,61",12,929,"33,18"
120001,ACRELÂNDIA,AC,11/2022,2815,1908,"67,78",1877,31,"98,38",907,"32,22",8,899,"31,94"
120005,ASSIS BRASIL,AC,11/2022,2962,1954,"65,97",1954,0,"100,00",1008,"34,03",29,979,"33,05"
120005,ASSIS BRASIL,AC,09/2022,2985,1609,"53,90",1609,0,"100,00",1376,"46,10",34,1342,"44,96"
120005,ASSIS BRASIL,AC,07/2022,2935,1486,"50,63",1486,0,"100,00",1449,"49,37",2,1447,"49,30"
120010,BRASILÉIA,AC,07/2022,5026,2549,"50,72",2506,43,"98,31",2477,"49,28",3,2474,"49,22"
120010,BRASILÉIA,AC,09/2022,5116,2681,"52,40",2587,94,"96,49",2435,"47,60",11,2424,"47,38"
120010,BRASILÉIA,AC,11/2022,5079,2664,"52,45",2539,125,"95,31",2415,"47,55",15,2400,"47,25"
120013,BUJARI,AC,11/2022,3033,2087,"68,81",2087,0,"100,00",946,"31,19",23,923,"30,43"
120013,BUJARI,AC,09/2022,3063,2109,"68,85",2109,0,"100,00",954,"31,15",50,904,"29,51"
120013,BUJARI,AC,07/2022,3128,1957,"62,56",1957,0,"100,00",1171,"37,44",36,1135,"36,29"
120017,CAPIXABA,AC,09/2022,2331,1461,"62,68",1323,138,"90,55",870,"37,32",305,565,"24,24"
120017,CAPIXABA,AC,07/2022,2337,1726,"73,86",1461,265,"84,65",611,"26,14",57,554,"23,71"
120017,CAPIXABA,AC,11/2022,2372,1736,"73,19",1398,338,"80,53",636,"26,81",18,618,"26,05"
120020,CRUZEIRO DO SUL,AC,11/2022,20787,13181,"63,41",12699,482,"96,34",7606,"36,59",1721,5885,"28,31"
120020,CRUZEIRO DO SUL,AC,09/2022,21829,14942,"68,45",14125,817,"94,53",6887,"31,55",102,6785,"31,08"
120020,CRUZEIRO DO SUL,AC,07/2022,21587,13676,"63,35",12788,888,"93,51",7911,"36,65",1091,6820,"31,59"
120025,EPITACIOLÂNDIA,AC,07/2022,2916,1654,"56,72",1653,1,"99,94",1262,"43,28",73,1189,"40,78"
120025,EPITACIOLÂNDIA,AC,09/2022,2951,1654,"56,05",1649,5,"99,70",1297,"43,95",1,1296,"43,92"
120025,EPITACIOLÂNDIA,AC,11/2022,2954,1712,"57,96",1708,4,"99,77",1242,"42,04",13,1229,"41,60"
120030,FEIJÓ,AC,11/2022,9533,5624,"59,00",5544,80,"98,58",3909,"41,00",91,3818,"40,05"
120030,FEIJÓ,AC,09/2022,9564,4856,"50,77",4743,113,"97,67",4708,"49,23",114,4594,"48,03"
120030,FEIJÓ,AC,07/2022,9644,4320,"44,79",4147,173,"96,00",5324,"55,21",129,5195,"53,87"
120032,JORDÃO,AC,09/2022,3526,1713,"48,58",1713,0,"100,00",1813,"51,42",451,1362,"38,63"
120032,JORDÃO,AC,07/2022,3538,2105,"59,50",2105,0,"100,00",1433,"40,50",78,1355,"38,30"
120032,JORDÃO,AC,11/2022,3510,1713,"48,80",1713,0,"100,00",1797,"51,20",446,1351,"38,49"
120033,MÂNCIO LIMA,AC,11/2022,5309,4489,"84,55",4480,9,"99,80",820,"15,45",24,796,"14,99"
120033,MÂNCIO LIMA,AC,09/2022,5359,4292,"80,09",4278,14,"99,67",1067,"19,91",27,1040,"19,41"
120033,MÂNCIO LIMA,AC,07/2022,5401,4240,"78,50",4222,18,"99,58",1161,"21,50",30,1131,"20,94"
120034,MANOEL URBANO,AC,07/2022,3363,2276,"67,68",1865,411,"81,94",1087,"32,32",12,1075,"31,97"
120034,MANOEL URBANO,AC,09/2022,3423,2643,"77,21",2314,329,"87,55",780,"22,79",23,757,"22,12"
120034,MANOEL URBANO,AC,11/2022,3233,2590,"80,11",2342,248,"90,42",643,"19,89",4,639,"19,76"
120035,MARECHAL THAUMATURGO,AC,11/2022,5918,4294,"72,56",4294,0,"100,00",1624,"27,44",429,1195,"20,19"
120035,MARECHAL THAUMATURGO,AC,07/2022,5971,118,"1,98",116,2,"98,31",5853,"98,02",4638,1215,"20,35"
120035,MARECHAL THAUMATURGO,AC,09/2022,5975,3525,"59,00",3521,4,"99,89",2450,"41,00",1229,1221,"20,44"
120038,PLÁCIDO DE CASTRO,AC,09/2022,2838,2208,"77,80",2049,159,"92,80",630,"22,20",17,613,"21,60"
120038,PLÁCIDO DE CASTRO,AC,07/2022,2881,1998,"69,35",1954,44,"97,80",883,"30,65",124,759,"26,35"
120038,PLÁCIDO DE CASTRO,AC,11/2022,2731,2468,"90,37",2290,178,"92,79",263,"9,63",17,246,"9,01"
120039,PORTO WALTER,AC,11/2022,3503,2706,"77,25",2706,0,"100,00",797,"22,75",28,769,"21,95"
120039,PORTO WALTER,AC,07/2022,3501,2731,"78,01",2729,2,"99,93",770,"21,99",9,761,"21,74"
120039,PORTO WALTER,AC,09/2022,3545,2762,"77,91",2762,0,"100,00",783,"22,09",9,774,"21,83"
120040,RIO BRANCO,AC,07/2022,49261,18171,"36,89",16844,1327,"92,70",31090,"63,11",4044,27046,"54,90"
120040,RIO BRANCO,AC,09/2022,51334,22527,"43,88",21246,1281,"94,31",28807,"56,12",1574,27233,"53,05"
120040,RIO BRANCO,AC,11/2022,51992,24678,"47,46",22876,1802,"92,70",27314,"52,54",1466,25848,"49,72"
120042,RODRIGUES ALVES,AC,11/2022,4223,3158,"74,78",3121,37,"98,83",1065,"25,22",47,1018,"24,11"
120042,RODRIGUES ALVES,AC,09/2022,4356,3229,"74,13",3170,59,"98,17",1127,"25,87",42,1085,"24,91"
120042,RODRIGUES ALVES,AC,07/2022,4385,3349,"76,37",3117,232,"93,07",1036,"23,63",44,992,"22,62"
120043,SANTA ROSA DO PURUS,AC,09/2022,2562,1129,"44,07",1069,60,"94,69",1433,"55,93",88,1345,"52,50"
120043,SANTA ROSA DO PURUS,AC,07/2022,2533,1036,"40,90",991,45,"95,66",1497,"59,10",142,1355,"53,49"
120043,SANTA ROSA DO PURUS,AC,11/2022,2648,1160,"43,81",1103,57,"95,09",1488,"56,19",67,1421,"53,66"
120045,SENADOR GUIOMARD,AC,11/2022,5454,3931,"72,08",3834,97,"97,53",1523,"27,92",122,1401,"25,69"
120045,SENADOR GUIOMARD,AC,09/2022,5547,4121,"74,29",4098,23,"99,44",1426,"25,71",43,1383,"24,93"
120045,SENADOR GUIOMARD,AC,07/2022,5269,1434,"27,22",1434,0,"100,00",3835,"72,78",2376,1459,"27,69"
120050,SENA MADUREIRA,AC,07/2022,11171,5525,"49,46",5488,37,"99,33",5646,"50,54",448,5198,"46,53"
120050,SENA MADUREIRA,AC,09/2022,11224,6212,"55,35",6172,40,"99,36",5012,"44,65",46,4966,"44,24"
120050,SENA MADUREIRA,AC,11/2022,11205,6519,"58,18",6417,102,"98,44",4686,"41,82",90,4596,"41,02"
120060,TARAUACÁ,AC,11/2022,15239,8878,"58,26",8867,11,"99,88",6361,"41,74",483,5878,"38,57"
120060,TARAUACÁ,AC,07/2022,15223,8317,"54,63",8311,6,"99,93",6906,"45,37",530,6376,"41,88"
120060,TARAUACÁ,AC,09/2022,15306,8313,"54,31",8271,42,"99,49",6993,"45,69",668,6325,"41,32"
120070,XAPURI,AC,09/2022,3570,2978,"83,42",2870,108,"96,37",592,"16,58",48,544,"15,24"
120070,XAPURI,AC,07/2022,3601,2578,"71,59",2471,107,"95,85",1023,"28,41",268,755,"20,97"
120070,XAPURI,AC,11/2022,3552,3008,"84,68",2868,140,"95,35",544,"15,32",47,497,"13,99"
120080,PORTO ACRE,AC,11/2022,4793,3212,"67,01",3152,60,"98,13",1581,"32,99",60,1521,"31,73"
120080,PORTO ACRE,AC,09/2022,4786,3199,"66,84",3133,66,"97,94",1587,"33,16",59,1528,"31,93"
120080,PORTO ACRE,AC,07/2022,4683,3107,"66,35",3035,72,"97,68",1576,"33,65",81,1495,"31,92"
270010,ÁGUA BRANCA,AL,07/2022,4417,2895,"65,54",2861,34,"98,83",1522,"34,46",62,1460,"33,05"
270010,ÁGUA BRANCA,AL,09/2022,4397,2958,"67,27",2924,34,"98,85",1439,"32,73",11,1428,"32,48"
270010,ÁGUA BRANCA,AL,11/2022,4377,2991,"68,33",2910,81,"97,29",1386,"31,67",60,1326,"30,29"
270020,ANADIA,AL,11/2022,3056,2156,"70,55",2155,1,"99,95",900,"29,45",133,767,"25,10"
270020,ANADIA,AL,09/2022,3136,2125,"67,76",2125,0,"100,00",1011,"32,24",185,826,"26,34"
270020,ANADIA,AL,07/2022,3137,1406,"44,82",1406,0,"100,00",1731,"55,18",892,839,"26,75"
270030,ARAPIRACA,AL,07/2022,29280,12666,"43,26",8872,3794,"70,05",16614,"56,74",2391,14223,"48,58"
270030,ARAPIRACA,AL,11/2022,28593,13678,"47,84",13438,240,"98,25",14915,"52,16",920,13995,"48,95"
270030,ARAPIRACA,AL,09/2022,29463,14277,"48,46",14027,250,"98,25",15186,"51,54",714,14472,"49,12"
270040,ATALAIA,AL,09/2022,8938,5644,"63,15",5433,211,"96,26",3294,"36,85",2058,1236,"13,83"
270040,ATALAIA,AL,11/2022,8758,5576,"63,67",5476,100,"98,21",3182,"36,33",1929,1253,"14,31"
270040,ATALAIA,AL,07/2022,9273,5444,"58,71",5363,81,"98,51",3829,"41,29",1696,2133,"23,00"
270050,BARRA DE SANTO ANTÔNIO,AL,07/2022,4237,2480,"58,53",2435,45,"98,19",1757,"41,47",361,1396,"32,95"
270050,BARRA DE SANTO ANTÔNIO,AL,09/2022,4205,2800,"66,59",2760,40,"98,57",1405,"33,41",24,1381,"32,84"
270050,BARRA DE SANTO ANTÔNIO,AL,11/2022,3994,3225,"80,75",3173,52,"98,39",769,"19,25",23,746,"18,68"
270060,BARRA DE SÃO MIGUEL,AL,11/2022,1759,1306,"74,25",1275,31,"97,63",453,"25,75",44,409,"23,25"
270060,BARRA DE SÃO MIGUEL,AL,09/2022,1758,1357,"77,19",1342,15,"98,89",401,"22,81",37,364,"20,71"
270060,BARRA DE SÃO MIGUEL,AL,07/2022,1761,1191,"67,63",1120,71,"94,04",570,"32,37",54,516,"29,30"
270070,BATALHA,AL,07/2022,4040,2502,"61,93",2435,67,"97,32",1538,"38,07",22,1516,"37,52"
270070,BATALHA,AL,09/2022,4032,2455,"60,89",2395,60,"97,56",1577,"39,11",23,1554,"38,54"
270070,BATALHA,AL,11/2022,3930,2266,"57,66",2186,80,"96,47",1664,"42,34",14,1650,"41,98"
270080,BELÉM,AL,09/2022,874,664,"75,97",624,40,"93,98",210,"24,03",9,201,"23,00"
270080,BELÉM,AL,11/2022,840,694,"82,62",686,8,"98,85",146,"17,38",26,120,"14,29"
270080,BELÉM,AL,07/2022,923,753,"81,58",751,2,"99,73",170,"18,42",6,164,"17,77"
270090,BELO MONTE,AL,07/2022,1469,1287,"87,61",1286,1,"99,92",182,"12,39",18,164,"11,16"
270090,BELO MONTE,AL,11/2022,1460,1283,"87,88",1283,0,"100,00",177,"12,12",5,172,"11,78"
270090,BELO MONTE,AL,09/2022,1415,823,"58,16",823,0,"100,00",592,"41,84",415,177,"12,51"
270100,BOCA DA MATA,AL,09/2022,4581,3838,"83,78",3681,157,"95,91",743,"16,22",16,727,"15,87"
270100,BOCA DA MATA,AL,11/2022,4492,3797,"84,53",3674,123,"96,76",695,"15,47",14,681,"15,16"
270100,BOCA DA MATA,AL,07/2022,4603,3868,"84,03",3830,38,"99,02",735,"15,97",42,693,"15,06"
270110,BRANQUINHA,AL,07/2022,2643,2170,"82,10",2170,0,"100,00",473,"17,90",3,470,"17,78"
270110,BRANQUINHA,AL,11/2022,2664,2362,"88,66",2355,7,"99,70",302,"11,34",3,299,"11,22"
270110,BRANQUINHA,AL,09/2022,2673,2330,"87,17",2323,7,"99,70",343,"12,83",3,340,"12,72"
270120,CACIMBINHAS,AL,09/2022,2361,1903,"80,60",1903,0,"100,00",458,"19,40",41,417,"17,66"
270120,CACIMBINHAS,AL,11/2022,2337,1529,"65,43",1529,0,"100,00",808,"34,57",397,411,"17,59"
270120,CACIMBINHAS,AL,07/2022,2361,1911,"80,94",1910,1,"99,95",450,"19,06",40,410,"17,37"
270130,CAJUEIRO,AL,07/2022,4416,3285,"74,39",3285,0,"100,00",1131,"25,61",378,753,"17,05"
270130,CAJUEIRO,AL,09/2022,4395,3638,"82,78",3638,0,"100,00",757,"17,22",9,748,"17,02"
270130,CAJUEIRO,AL,11/2022,4333,3613,"83,38",3612,1,"99,97",720,"16,62",8,712,"16,43"
270135,CAMPESTRE,AL,11/2022,1558,1196,"76,77",1196,0,"100,00",362,"23,23",15,347,"22,27"
270135,CAMPESTRE,AL,09/2022,1642,1230,"74,91",1230,0,"100,00",412,"25,09",43,369,"22,47"
270135,CAMPESTRE,AL,07/2022,1649,1233,"74,77",1233,0,"100,00",416,"25,23",46,370,"22,44"
270140,CAMPO ALEGRE,AL,07/2022,6252,4816,"77,03",4608,208,"95,68",1436,"22,97",312,1124,"17,98"
270140,CAMPO ALEGRE,AL,09/2022,6139,5124,"83,47",4633,491,"90,42",1015,"16,53",141,874,"14,24"
270140,CAMPO ALEGRE,AL,11/2022,5900,4916,"83,32",4850,66,"98,66",984,"16,68",75,909,"15,41"
270150,CAMPO GRANDE,AL,11/2022,2220,1444,"65,05",1438,6,"99,58",776,"34,95",34,742,"33,42"
270150,CAMPO GRANDE,AL,09/2022,2254,1426,"63,27",1417,9,"99,37",828,"36,73",71,757,"33,58"
270150,CAMPO GRANDE,AL,07/2022,2272,1529,"67,30",1529,0,"100,00",743,"32,70",141,602,"26,50"
270160,CANAPI,AL,07/2022,4883,2398,"49,11",2021,377,"84,28",2485,"50,89",967,1518,"31,09"
270160,CANAPI,AL,09/2022,4789,2143,"44,75",1882,261,"87,82",2646,"55,25",1089,1557,"32,51"
270160,CANAPI,AL,11/2022,4513,2691,"59,63",2492,199,"92,60",1822,"40,37",341,1481,"32,82"
270170,CAPELA,AL,11/2022,2866,2145,"74,84",1989,156,"92,73",721,"25,16",108,613,"21,39"
270170,CAPELA,AL,09/2022,2908,2049,"70,46",1880,169,"91,75",859,"29,54",249,610,"20,98"
270170,CAPELA,AL,07/2022,3023,1852,"61,26",1699,153,"91,74",1171,"38,74",162,1009,"33,38"
270180,CARNEIROS,AL,07/2022,2486,2157,"86,77",1966,191,"91,15",329,"13,23",20,309,"12,43"
270180,CARNEIROS,AL,09/2022,2486,2192,"88,17",2161,31,"98,59",294,"11,83",28,266,"10,70"
270180,CARNEIROS,AL,11/2022,2421,2184,"90,21",2173,11,"99,50",237,"9,79",4,233,"9,62"
270190,CHÃ PRETA,AL,11/2022,1599,1182,"73,92",1182,0,"100,00",417,"26,08",27,390,"24,39"
270190,CHÃ PRETA,AL,09/2022,1658,1208,"72,86",1204,4,"99,67",450,"27,14",39,411,"24,79"
270190,CHÃ PRETA,AL,07/2022,1680,1104,"65,71",1104,0,"100,00",576,"34,29",24,552,"32,86"
270200,COITÉ DO NÓIA,AL,07/2022,2191,1675,"76,45",1600,75,"95,52",516,"23,55",8,508,"23,19"
270200,COITÉ DO NÓIA,AL,11/2022,2003,1721,"85,92",1715,6,"99,65",282,"14,08",5,277,"13,83"
270200,COITÉ DO NÓIA,AL,09/2022,2081,1724,"82,84",1690,34,"98,03",357,"17,16",18,339,"16,29"
270210,COLÔNIA LEOPOLDINA,AL,09/2022,4548,2950,"64,86",2950,0,"100,00",1598,"35,14",350,1248,"27,44"
270210,COLÔNIA LEOPOLDINA,AL,11/2022,4408,2876,"65,25",2876,0,"100,00",1532,"34,75",298,1234,"27,99"
270210,COLÔNIA LEOPOLDINA,AL,07/2022,4555,3310,"72,67",3309,1,"99,97",1245,"27,33",29,1216,"26,70"
270220,COQUEIRO SECO,AL,07/2022,1036,746,"72,01",703,43,"94,24",290,"27,99",7,283,"27,32"
270220,COQUEIRO SECO,AL,11/2022,1060,760,"71,70",747,13,"98,29",300,"28,30",2,298,"28,11"
270220,COQUEIRO SECO,AL,09/2022,1090,792,"72,66",753,39,"95,08",298,"27,34",5,293,"26,88"
270230,CORURIPE,AL,09/2022,8669,7262,"83,77",7256,6,"99,92",1407,"16,23",54,1353,"15,61"
270230,CORURIPE,AL,11/2022,8663,7246,"83,64",7081,165,"97,72",1417,"16,36",38,1379,"15,92"
270230,CORURIPE,AL,07/2022,8698,7369,"84,72",7369,0,"100,00",1329,"15,28",60,1269,"14,59"
270235,CRAÍBAS,AL,07/2022,5355,4149,"77,48",3848,301,"92,75",1206,"22,52",95,1111,"20,75"
270235,CRAÍBAS,AL,11/2022,4792,4342,"90,61",4242,100,"97,70",450,"9,39",26,424,"8,85"
270235,CRAÍBAS,AL,09/2022,5212,4373,"83,90",4242,131,"97,00",839,"16,10",78,761,"14,60"
270240,DELMIRO GOUVEIA,AL,09/2022,9671,4704,"48,64",3761,943,"79,95",4967,"51,36",72,4895,"50,62"
270240,DELMIRO GOUVEIA,AL,11/2022,9476,4385,"46,27",4242,143,"96,74",5091,"53,73",239,4852,"51,20"
270240,DELMIRO GOUVEIA,AL,07/2022,9463,4543,"48,01",4500,43,"99,05",4920,"51,99",373,4547,"48,05"
270250,DOIS RIACHOS,AL,07/2022,2084,1730,"83,01",1730,0,"100,00",354,"16,99",7,347,"16,65"
270250,DOIS RIACHOS,AL,11/2022,1986,1484,"74,72",1451,33,"97,78",502,"25,28",21,481,"24,22"
270250,DOIS RIACHOS,AL,09/2022,2026,1545,"76,26",1494,51,"96,70",481,"23,74",15,466,"23,00"
270255,ESTRELA DE ALAGOAS,AL,11/2022,2803,1622,"57,87",1609,13,"99,20",1181,"42,13",28,1153,"41,13"
270255,ESTRELA DE ALAGOAS,AL,09/2022,2865,1637,"57,14",1598,39,"97,62",1228,"42,86",25,1203,"41,99"
270255,ESTRELA DE ALAGOAS,AL,07/2022,2871,1659,"57,78",1620,39,"97,65",1212,"42,22",23,1189,"41,41"
270260,FEIRA GRANDE,AL,07/2022,5053,3846,"76,11",3844,2,"99,95",1207,"23,89",11,1196,"23,67"
270260,FEIRA GRANDE,AL,11/2022,4999,3804,"76,10",3804,0,"100,00",1195,"23,90",10,1185,"23,70"
270260,FEIRA GRANDE,AL,09/2022,5076,3854,"75,93",3853,1,"99,97",1222,"24,07",11,1211,"23,86"
270270,FELIZ DESERTO,AL,09/2022,849,764,"89,99",764,0,"100,00",85,"10,01",3,82,"9,66"
270270,FELIZ DESERTO,AL,11/2022,837,741,"88,53",741,0,"100,00",96,"11,47",4,92,"10,99"
270270,FELIZ DESERTO,AL,07/2022,865,772,"89,25",772,0,"100,00",93,"10,75",9,84,"9,71"
270280,FLEXEIRAS,AL,07/2022,2286,1201,"52,54",1200,1,"99,92",1085,"47,46",497,588,"25,72"
270280,FLEXEIRAS,AL,09/2022,2127,1631,"76,68",1606,25,"98,47",496,"23,32",27,469,"22,05"
270280,FLEXEIRAS,AL,11/2022,2114,1656,"78,33",1650,6,"99,64",458,"21,67",15,443,"20,96"
270290,GIRAU DO PONCIANO,AL,09/2022,8393,8002,"95,34",8002,0,"100,00",391,"4,66",35,356,"4,24"
270290,GIRAU DO PONCIANO,AL,11/2022,8337,7989,"95,83",7963,26,"99,67",348,"4,17",15,333,"3,99"
270290,GIRAU DO PONCIANO,AL,07/2022,8295,7895,"95,18",7895,0,"100,00",400,"4,82",66,334,"4,03"
270300,IBATEGUARA,AL,07/2022,3368,2779,"82,51",2778,1,"99,96",589,"17,49",10,579,"17,19"
270300,IBATEGUARA,AL,11/2022,3419,2821,"82,51",2821,0,"100,00",598,"17,49",19,579,"16,93"
270300,IBATEGUARA,AL,09/2022,3435,2840,"82,68",2840,0,"100,00",595,"17,32",8,587,"17,09"
270310,IGACI,AL,11/2022,4653,3799,"81,65",3774,25,"99,34",854,"18,35",55,799,"17,17"
270310,IGACI,AL,09/2022,4787,3937,"82,24",3796,141,"96,42",850,"17,76",72,778,"16,25"
270310,IGACI,AL,07/2022,4796,3782,"78,86",3664,118,"96,88",1014,"21,14",134,880,"18,35"
270320,IGREJA NOVA,AL,07/2022,4520,3321,"73,47",3228,93,"97,20",1199,"26,53",16,1183,"26,17"
270320,IGREJA NOVA,AL,11/2022,4249,3572,"84,07",3556,16,"99,55",677,"15,93",5,672,"15,82"
270320,IGREJA NOVA,AL,09/2022,4446,3750,"84,35",3478,272,"92,75",696,"15,65",15,681,"15,32"
270330,INHAPI,AL,09/2022,4278,1232,"28,80",997,235,"80,93",3046,"71,20",389,2657,"62,11"
270330,INHAPI,AL,11/2022,4052,1373,"33,88",1315,58,"95,78",2679,"66,12",189,2490,"61,45"
270330,INHAPI,AL,07/2022,4261,994,"23,33",747,247,"75,15",3267,"76,67",724,2543,"59,68"
270340,JACARÉ DOS HOMENS,AL,07/2022,1300,891,"68,54",890,1,"99,89",409,"31,46",185,224,"17,23"
270340,JACARÉ DOS HOMENS,AL,11/2022,1283,1209,"94,23",1205,4,"99,67",74,"5,77",5,69,"5,38"
270340,JACARÉ DOS HOMENS,AL,09/2022,1306,1161,"88,90",1128,33,"97,16",145,"11,10",20,125,"9,57"
270350,JACUÍPE,AL,11/2022,1361,1049,"77,08",1049,0,"100,00",312,"22,92",1,311,"22,85"
270350,JACUÍPE,AL,09/2022,1373,1041,"75,82",1041,0,"100,00",332,"24,18",7,325,"23,67"
270350,JACUÍPE,AL,07/2022,1335,990,"74,16",990,0,"100,00",345,"25,84",16,329,"24,64"
270360,JAPARATINGA,AL,07/2022,2353,1338,"56,86",1048,290,"78,33",1015,"43,14",347,668,"28,39"
270360,JAPARATINGA,AL,11/2022,2330,1392,"59,74",1342,50,"96,41",938,"40,26",342,596,"25,58"
270360,JAPARATINGA,AL,09/2022,2417,1424,"58,92",1300,124,"91,29",993,"41,08",470,523,"21,64"
270370,JARAMATAIA,AL,11/2022,1280,1223,"95,55",1223,0,"100,00",57,"4,45",0,57,"4,45"
270370,JARAMATAIA,AL,09/2022,1312,1244,"94,82",1238,6,"99,52",68,"5,18",1,67,"5,11"
270370,JARAMATAIA,AL,07/2022,1289,324,"25,14",324,0,"100,00",965,"74,86",758,207,"16,06"
270375,JEQUIÁ DA PRAIA,AL,07/2022,2067,1326,"64,15",1320,6,"99,55",741,"35,85",69,672,"32,51"
270375,JEQUIÁ DA PRAIA,AL,09/2022,2086,1271,"60,93",1271,0,"100,00",815,"39,07",53,762,"36,53"
270375,JEQUIÁ DA PRAIA,AL,11/2022,2074,1217,"58,68",1213,4,"99,67",857,"41,32",154,703,"33,90"
270380,JOAQUIM GOMES,AL,09/2022,4967,2612,"52,59",2585,27,"98,97",2355,"47,41",959,1396,"28,11"
270380,JOAQUIM GOMES,AL,11/2022,4907,3520,"71,73",3421,99,"97,19",1387,"28,27",99,1288,"26,25"
270380,JOAQUIM GOMES,AL,07/2022,5060,3395,"67,09",3319,76,"97,76",1665,"32,91",93,1572,"31,07"
270390,JUNDIÁ,AL,07/2022,983,805,"81,89",805,0,"100,00",178,"18,11",7,171,"17,40"
270390,JUNDIÁ,AL,09/2022,995,819,"82,31",819,0,"100,00",176,"17,69",3,173,"17,39"
270390,JUNDIÁ,AL,11/2022,982,805,"81,98",805,0,"100,00",177,"18,02",2,175,"17,82"
270400,JUNQUEIRO,AL,09/2022,4842,3097,"63,96",3075,22,"99,29",1745,"36,04",239,1506,"31,10"
270400,JUNQUEIRO,AL,11/2022,4816,3226,"66,99",3211,15,"99,54",1590,"33,01",272,1318,"27,37"
270400,JUNQUEIRO,AL,07/2022,4737,3192,"67,38",3188,4,"99,87",1545,"32,62",128,1417,"29,91"
270410,LAGOA DA CANOA,AL,07/2022,3871,2523,"65,18",2522,1,"99,96",1348,"34,82",308,1040,"26,87"
270410,LAGOA DA CANOA,AL,11/2022,3855,2917,"75,67",2916,1,"99,97",938,"24,33",13,925,"23,99"
270410,LAGOA DA CANOA,AL,09/2022,3910,2620,"67,01",2620,0,"100,00",1290,"32,99",240,1050,"26,85"
270420,LIMOEIRO DE ANADIA,AL,11/2022,4988,3651,"73,20",3517,134,"96,33",1337,"26,80",30,1307,"26,20"
270420,LIMOEIRO DE ANADIA,AL,09/2022,5254,3959,"75,35",3660,299,"92,45",1295,"24,65",194,1101,"20,96"
270420,LIMOEIRO DE ANADIA,AL,07/2022,5215,3693,"70,81",3692,1,"99,97",1522,"29,19",179,1343,"25,75"
270430,MACEIÓ,AL,07/2022,91362,41150,"45,04",34666,6484,"84,24",50212,"54,96",3667,46545,"50,95"
270430,MACEIÓ,AL,09/2022,92105,42466,"46,11",39255,3211,"92,44",49639,"53,89",1432,48207,"52,34"
270430,MACEIÓ,AL,11/2022,91710,43928,"47,90",41963,1965,"95,53",47782,"52,10",1534,46248,"50,43"
270440,MAJOR ISIDORO,AL,11/2022,3684,1998,"54,23",1967,31,"98,45",1686,"45,77",256,1430,"38,82"
270440,MAJOR ISIDORO,AL,09/2022,3819,2153,"56,38",2148,5,"99,77",1666,"43,62",186,1480,"38,75"
270440,MAJOR ISIDORO,AL,07/2022,3790,1995,"52,64",1905,90,"95,49",1795,"47,36",347,1448,"38,21"
270450,MARAGOGI,AL,07/2022,6866,3861,"56,23",3304,557,"85,57",3005,"43,77",628,2377,"34,62"
270450,MARAGOGI,AL,09/2022,7157,4246,"59,33",3575,671,"84,20",2911,"40,67",538,2373,"33,16"
270450,MARAGOGI,AL,11/2022,6963,4224,"60,66",3930,294,"93,04",2739,"39,34",573,2166,"31,11"
270460,MARAVILHA,AL,11/2022,2274,1288,"56,64",1224,64,"95,03",986,"43,36",6,980,"43,10"
270460,MARAVILHA,AL,09/2022,2296,1269,"55,27",1166,103,"91,88",1027,"44,73",8,1019,"44,38"
270460,MARAVILHA,AL,07/2022,2310,1279,"55,37",1267,12,"99,06",1031,"44,63",7,1024,"44,33"
270470,MARECHAL DEODORO,AL,07/2022,10278,2674,"26,02",2287,387,"85,53",7604,"73,98",132,7472,"72,70"
270470,MARECHAL DEODORO,AL,11/2022,10361,6852,"66,13",6399,453,"93,39",3509,"33,87",143,3366,"32,49"
270470,MARECHAL DEODORO,AL,09/2022,10465,5621,"53,71",5338,283,"94,97",4844,"46,29",528,4316,"41,24"
270480,MARIBONDO,AL,11/2022,2155,1936,"89,84",1893,43,"97,78",219,"10,16",9,210,"9,74"
270480,MARIBONDO,AL,09/2022,2164,1937,"89,51",1865,72,"96,28",227,"10,49",11,216,"9,98"
270480,MARIBONDO,AL,07/2022,2140,1889,"88,27",1865,24,"98,73",251,"11,73",18,233,"10,89"
270490,MAR VERMELHO,AL,07/2022,713,527,"73,91",523,4,"99,24",186,"26,09",11,175,"24,54"
270490,MAR VERMELHO,AL,11/2022,680,516,"75,88",515,1,"99,81",164,"24,12",7,157,"23,09"
270490,MAR VERMELHO,AL,09/2022,708,535,"75,56",525,10,"98,13",173,"24,44",11,162,"22,88"
270500,MATA GRANDE,AL,09/2022,4719,3689,"78,17",3689,0,"100,00",1030,"21,83",42,988,"20,94"
270500,MATA GRANDE,AL,11/2022,4622,3371,"72,93",3371,0,"100,00",1251,"27,07",285,966,"20,90"
270500,MATA GRANDE,AL,07/2022,4739,3691,"77,89",3691,0,"100,00",1048,"22,11",69,979,"20,66"
270510,MATRIZ DE CAMARAGIBE,AL,07/2022,4833,3386,"70,06",3386,0,"100,00",1447,"29,94",92,1355,"28,04"
270510,MATRIZ DE CAMARAGIBE,AL,09/2022,4580,3854,"84,15",3852,2,"99,95",726,"15,85",40,686,"14,98"
270510,MATRIZ DE CAMARAGIBE,AL,11/2022,4540,3901,"85,93",3899,2,"99,95",639,"14,07",15,624,"13,74"
270520,MESSIAS,AL,09/2022,3566,2861,"80,23",2861,0,"100,00",705,"19,77",9,696,"19,52"
270520,MESSIAS,AL,11/2022,3534,2818,"79,74",2818,0,"100,00",716,"20,26",9,707,"20,01"
270520,MESSIAS,AL,07/2022,3444,2517,"73,08",2517,0,"100,00",927,"26,92",238,689,"20,01"
270530,MINADOR DO NEGRÃO,AL,07/2022,1029,770,"74,83",722,48,"93,77",259,"25,17",2,257,"24,98"
270530,MINADOR DO NEGRÃO,AL,11/2022,971,812,"83,63",809,3,"99,63",159,"16,37",3,156,"16,07"
270530,MINADOR DO NEGRÃO,AL,09/2022,1025,864,"84,29",796,68,"92,13",161,"15,71",3,158,"15,41"
270540,MONTEIRÓPOLIS,AL,11/2022,1698,1228,"72,32",1160,68,"94,46",470,"27,68",17,453,"26,68"
270540,MONTEIRÓPOLIS,AL,09/2022,1900,828,"43,58",741,87,"89,49",1072,"56,42",376,696,"36,63"
270540,MONTEIRÓPOLIS,AL,07/2022,1876,1152,"61,41",1018,134,"88,37",724,"38,59",23,701,"37,37"
270550,MURICI,AL,07/2022,6216,4691,"75,47",4691,0,"100,00",1525,"24,53",10,1515,"24,37"
270550,MURICI,AL,09/2022,6180,4744,"76,76",4744,0,"100,00",1436,"23,24",6,1430,"23,14"
270550,MURICI,AL,11/2022,6100,4669,"76,54",4669,0,"100,00",1431,"23,46",8,1423,"23,33"
270560,NOVO LINO,AL,11/2022,2238,1726,"77,12",1726,0,"100,00",512,"22,88",10,502,"22,43"
270560,NOVO LINO,AL,09/2022,2258,1729,"76,57",1729,0,"100,00",529,"23,43",14,515,"22,81"
270560,NOVO LINO,AL,07/2022,2267,1725,"76,09",1725,0,"100,00",542,"23,91",15,527,"23,25"
270570,OLHO D´ÁGUA DAS FLORES,AL,07/2022,3932,2585,"65,74",2471,114,"95,59",1347,"34,26",56,1291,"32,83"
270570,OLHO D´ÁGUA DAS FLORES,AL,09/2022,3841,1333,"34,70",1226,107,"91,97",2508,"65,30",1179,1329,"34,60"
270570,OLHO D´ÁGUA DAS FLORES,AL,11/2022,3872,2357,"60,87",2291,66,"97,20",1515,"39,13",196,1319,"34,07"
270580,OLHO D´ÁGUA DO CASADO,AL,11/2022,2081,1894,"91,01",1891,3,"99,84",187,"8,99",2,185,"8,89"
270580,OLHO D´ÁGUA DO CASADO,AL,09/2022,2130,1925,"90,38",1925,0,"100,00",205,"9,62",7,198,"9,30"
270580,OLHO D´ÁGUA DO CASADO,AL,07/2022,2104,1905,"90,54",1905,0,"100,00",199,"9,46",3,196,"9,32"
270590,OLHO D´ÁGUA GRANDE,AL,07/2022,1495,937,"62,68",936,1,"99,89",558,"37,32",53,505,"33,78"
270590,OLHO D´ÁGUA GRANDE,AL,11/2022,1458,993,"68,11",971,22,"97,78",465,"31,89",4,461,"31,62"
270590,OLHO D´ÁGUA GRANDE,AL,09/2022,1496,963,"64,37",938,25,"97,40",533,"35,63",33,500,"33,42"
270600,OLIVENÇA,AL,11/2022,2342,1929,"82,37",1769,160,"91,71",413,"17,63",5,408,"17,42"
270600,OLIVENÇA,AL,09/2022,2486,2025,"81,46",1813,212,"89,53",461,"18,54",23,438,"17,62"
270600,OLIVENÇA,AL,07/2022,2495,1945,"77,96",1944,1,"99,95",550,"22,04",9,541,"21,68"
270610,OURO BRANCO,AL,07/2022,2815,1863,"66,18",1841,22,"98,82",952,"33,82",13,939,"33,36"
270610,OURO BRANCO,AL,09/2022,2822,2227,"78,92",2153,74,"96,68",595,"21,08",17,578,"20,48"
270610,OURO BRANCO,AL,11/2022,2781,2221,"79,86",2158,63,"97,16",560,"20,14",12,548,"19,71"
270620,PALESTINA,AL,11/2022,1146,873,"76,18",828,45,"94,85",273,"23,82",55,218,"19,02"
270620,PALESTINA,AL,09/2022,1156,883,"76,38",852,31,"96,49",273,"23,62",57,216,"18,69"
270620,PALESTINA,AL,07/2022,1147,680,"59,29",661,19,"97,21",467,"40,71",236,231,"20,14"
270630,PALMEIRA DOS ÍNDIOS,AL,07/2022,13355,6455,"48,33",6391,64,"99,01",6900,"51,67",42,6858,"51,35"
270630,PALMEIRA DOS ÍNDIOS,AL,09/2022,13511,6363,"47,09",6359,4,"99,94",7148,"52,91",49,7099,"52,54"
270630,PALMEIRA DOS ÍNDIOS,AL,11/2022,13307,6331,"47,58",6285,46,"99,27",6976,"52,42",204,6772,"50,89"
270640,PÃO DE AÇÚCAR,AL,11/2022,4605,3442,"74,74",3394,48,"98,61",1163,"25,26",10,1153,"25,04"
270640,PÃO DE AÇÚCAR,AL,09/2022,4727,3465,"73,30",3352,113,"96,74",1262,"26,70",14,1248,"26,40"
270640,PÃO DE AÇÚCAR,AL,07/2022,4801,3480,"72,48",3203,277,"92,04",1321,"27,52",39,1282,"26,70"
270642,PARICONHA,AL,07/2022,2570,1980,"77,04",1980,0,"100,00",590,"22,96",4,586,"22,80"
270642,PARICONHA,AL,11/2022,2472,1588,"64,24",1582,6,"99,62",884,"35,76",10,874,"35,36"
270642,PARICONHA,AL,09/2022,2573,1684,"65,45",1572,112,"93,35",889,"34,55",3,886,"34,43"
270644,PARIPUEIRA,AL,11/2022,3075,1907,"62,02",1815,92,"95,18",1168,"37,98",23,1145,"37,24"
270644,PARIPUEIRA,AL,09/2022,3081,1667,"54,11",1461,206,"87,64",1414,"45,89",66,1348,"43,75"
270644,PARIPUEIRA,AL,07/2022,2963,1618,"54,61",1514,104,"93,57",1345,"45,39",71,1274,"43,00"
270650,PASSO DE CAMARAGIBE,AL,07/2022,3255,2985,"91,71",2985,0,"100,00",270,"8,29",22,248,"7,62"
270650,PASSO DE CAMARAGIBE,AL,09/2022,3268,3120,"95,47",3120,0,"100,00",148,"4,53",12,136,"4,16"
270650,PASSO DE CAMARAGIBE,AL,11/2022,3249,3229,"99,38",3229,0,"100,00",20,"0,62",16,4,"0,12"
270660,PAULO JACINTO,AL,11/2022,1376,946,"68,75",946,0,"100,00",430,"31,25",32,398,"28,92"
270660,PAULO JACINTO,AL,09/2022,1371,1008,"73,52",1008,0,"100,00",363,"26,48",50,313,"22,83"
270660,PAULO JACINTO,AL,07/2022,1344,375,"27,90",375,0,"100,00",969,"72,10",651,318,"23,66"
270670,PENEDO,AL,07/2022,11267,5250,"46,60",5059,191,"96,36",6017,"53,40",338,5679,"50,40"
270670,PENEDO,AL,09/2022,11462,5485,"47,85",5366,119,"97,83",5977,"52,15",138,5839,"50,94"
270670,PENEDO,AL,11/2022,11281,5856,"51,91",5827,29,"99,50",5425,"48,09",132,5293,"46,92"
270680,PIAÇABUÇU,AL,09/2022,4047,2620,"64,74",2620,0,"100,00",1427,"35,26",10,1417,"35,01"
270680,PIAÇABUÇU,AL,11/2022,3992,2740,"68,64",2736,4,"99,85",1252,"31,36",15,1237,"30,99"
270680,PIAÇABUÇU,AL,07/2022,4097,2601,"63,49",2598,3,"99,88",1496,"36,51",20,1476,"36,03"
270690,PILAR,AL,07/2022,7489,4451,"59,43",4160,291,"93,46",3038,"40,57",116,2922,"39,02"
270690,PILAR,AL,09/2022,7647,4774,"62,43",4411,363,"92,40",2873,"37,57",102,2771,"36,24"
270690,PILAR,AL,11/2022,7442,4869,"65,43",4671,198,"95,93",2573,"34,57",82,2491,"33,47"
270700,PINDOBA,AL,11/2022,459,245,"53,38",235,10,"95,92",214,"46,62",124,90,"19,61"
270700,PINDOBA,AL,09/2022,464,212,"45,69",205,7,"96,70",252,"54,31",126,126,"27,16"
270700,PINDOBA,AL,07/2022,472,288,"61,02",285,3,"98,96",184,"38,98",52,132,"27,97"
270710,PIRANHAS,AL,07/2022,5684,4344,"76,43",4318,26,"99,40",1340,"23,57",8,1332,"23,43"
270710,PIRANHAS,AL,11/2022,5501,3962,"72,02",3923,39,"99,02",1539,"27,98",9,1530,"27,81"
270710,PIRANHAS,AL,09/2022,5694,3638,"63,89",3438,200,"94,50",2056,"36,11",496,1560,"27,40"
270720,POÇO DAS TRINCHEIRAS,AL,11/2022,3289,2630,"79,96",2630,0,"100,00",659,"20,04",188,471,"14,32"
270720,POÇO DAS TRINCHEIRAS,AL,09/2022,3349,2866,"85,58",661,2205,"23,06",483,"14,42",6,477,"14,24"
270720,POÇO DAS TRINCHEIRAS,AL,07/2022,3313,2846,"85,90",0,2846,"0,00",467,"14,10",11,456,"13,76"
270730,PORTO CALVO,AL,07/2022,6135,3121,"50,87",3061,60,"98,08",3014,"49,13",382,2632,"42,90"
270730,PORTO CALVO,AL,11/2022,5594,4547,"81,28",4539,8,"99,82",1047,"18,72",56,991,"17,72"
270730,PORTO CALVO,AL,09/2022,5826,4616,"79,23",4581,35,"99,24",1210,"20,77",131,1079,"18,52"
270740,PORTO DE PEDRAS,AL,11/2022,1892,1460,"77,17",1460,0,"100,00",432,"22,83",99,333,"17,60"
270740,PORTO DE PEDRAS,AL,09/2022,1978,1619,"81,85",1562,57,"96,48",359,"18,15",11,348,"17,59"
270740,PORTO DE PEDRAS,AL,07/2022,1999,1596,"79,84",1451,145,"90,91",403,"20,16",54,349,"17,46"
270750,PORTO REAL DO COLÉGIO,AL,07/2022,4502,3524,"78,28",3518,6,"99,83",978,"21,72",21,957,"21,26"
270750,PORTO REAL DO COLÉGIO,AL,09/2022,4553,3481,"76,46",3476,5,"99,86",1072,"23,54",11,1061,"23,30"
270750,PORTO REAL DO COLÉGIO,AL,11/2022,4463,3399,"76,16",3289,110,"96,76",1064,"23,84",6,1058,"23,71"
270760,QUEBRANGULO,AL,11/2022,2570,1797,"69,92",1797,0,"100,00",773,"30,08",196,577,"22,45"
270760,QUEBRANGULO,AL,09/2022,2597,1815,"69,89",1815,0,"100,00",782,"30,11",237,545,"20,99"
270760,QUEBRANGULO,AL,07/2022,2586,1799,"69,57",1799,0,"100,00",787,"30,43",250,537,"20,77"
270770,RIO LARGO,AL,07/2022,16311,7938,"48,67",7616,322,"95,94",8373,"51,33",2222,6151,"37,71"
270770,RIO LARGO,AL,09/2022,17110,10180,"59,50",9554,626,"93,85",6930,"40,50",131,6799,"39,74"
270770,RIO LARGO,AL,11/2022,17290,10748,"62,16",10610,138,"98,72",6542,"37,84",142,6400,"37,02"
270780,ROTEIRO,AL,09/2022,1551,1167,"75,24",1108,59,"94,94",384,"24,76",4,380,"24,50"
270780,ROTEIRO,AL,11/2022,1766,1145,"64,84",1060,85,"92,58",621,"35,16",247,374,"21,18"
270780,ROTEIRO,AL,07/2022,1776,1142,"64,30",1130,12,"98,95",634,"35,70",252,382,"21,51"
270790,SANTA LUZIA DO NORTE,AL,07/2022,1356,1150,"84,81",1142,8,"99,30",206,"15,19",55,151,"11,14"
270790,SANTA LUZIA DO NORTE,AL,11/2022,1352,1214,"89,79",1210,4,"99,67",138,"10,21",48,90,"6,66"
270790,SANTA LUZIA DO NORTE,AL,09/2022,1388,1251,"90,13",1244,7,"99,44",137,"9,87",52,85,"6,12"
270800,SANTANA DO IPANEMA,AL,09/2022,9637,6162,"63,94",6154,8,"99,87",3475,"36,06",155,3320,"34,45"
270800,SANTANA DO IPANEMA,AL,11/2022,9163,5830,"63,63",5758,72,"98,77",3333,"36,37",149,3184,"34,75"
270800,SANTANA DO IPANEMA,AL,07/2022,9495,5597,"58,95",5390,207,"96,30",3898,"41,05",507,3391,"35,71"
270810,SANTANA DO MUNDAÚ,AL,07/2022,2398,2249,"93,79",2146,103,"95,42",149,"6,21",11,138,"5,75"
270810,SANTANA DO MUNDAÚ,AL,11/2022,2245,1506,"67,08",1506,0,"100,00",739,"32,92",23,716,"31,89"
270810,SANTANA DO MUNDAÚ,AL,09/2022,2353,1661,"70,59",1551,110,"93,38",692,"29,41",81,611,"25,97"
270820,SÃO BRÁS,AL,09/2022,1438,1057,"73,50",1039,18,"98,30",381,"26,50",7,374,"26,01"
270820,SÃO BRÁS,AL,11/2022,1414,1055,"74,61",1036,19,"98,20",359,"25,39",5,354,"25,04"
270820,SÃO BRÁS,AL,07/2022,1444,1078,"74,65",1069,9,"99,17",366,"25,35",4,362,"25,07"
270830,SÃO JOSÉ DA LAJE,AL,07/2022,4170,3821,"91,63",3625,196,"94,87",349,"8,37",34,315,"7,55"
270830,SÃO JOSÉ DA LAJE,AL,09/2022,4051,3646,"90,00",3583,63,"98,27",405,"10,00",39,366,"9,03"
270830,SÃO JOSÉ DA LAJE,AL,11/2022,3835,3532,"92,10",3509,23,"99,35",303,"7,90",20,283,"7,38"
270840,SÃO JOSÉ DA TAPERA,AL,09/2022,8034,6321,"78,68",6186,135,"97,86",1713,"21,32",47,1666,"20,74"
270840,SÃO JOSÉ DA TAPERA,AL,11/2022,7811,6157,"78,82",6107,50,"99,19",1654,"21,18",17,1637,"20,96"
270840,SÃO JOSÉ DA TAPERA,AL,07/2022,8055,6367,"79,04",5899,468,"92,65",1688,"20,96",21,1667,"20,70"
270850,SÃO LUÍS DO QUITUNDE,AL,07/2022,7143,1085,"15,19",1042,43,"96,04",6058,"84,81",2755,3303,"46,24"
270850,SÃO LUÍS DO QUITUNDE,AL,09/2022,7464,4281,"57,36",4245,36,"99,16",3183,"42,64",127,3056,"40,94"
270850,SÃO LUÍS DO QUITUNDE,AL,11/2022,7296,4348,"59,59",4320,28,"99,36",2948,"40,41",111,2837,"38,88"
270860,SÃO MIGUEL DOS CAMPOS,AL,11/2022,9495,3193,"33,63",3124,69,"97,84",6302,"66,37",3399,2903,"30,57"
270860,SÃO MIGUEL DOS CAMPOS,AL,09/2022,9905,4012,"40,50",3961,51,"98,73",5893,"59,50",2855,3038,"30,67"
270860,SÃO MIGUEL DOS CAMPOS,AL,07/2022,9546,4377,"45,85",3731,646,"85,24",5169,"54,15",2155,3014,"31,57"
270870,SÃO MIGUEL DOS MILAGRES,AL,07/2022,1735,1396,"80,46",1395,1,"99,93",339,"19,54",5,334,"19,25"
270870,SÃO MIGUEL DOS MILAGRES,AL,11/2022,1755,1412,"80,46",1412,0,"100,00",343,"19,54",13,330,"18,80"
270870,SÃO MIGUEL DOS MILAGRES,AL,09/2022,1780,1447,"81,29",1433,14,"99,03",333,"18,71",9,324,"18,20"
270880,SÃO SEBASTIÃO,AL,09/2022,7005,5856,"83,60",5744,112,"98,09",1149,"16,40",30,1119,"15,97"
270880,SÃO SEBASTIÃO,AL,11/2022,6922,5839,"84,35",5802,37,"99,37",1083,"15,65",20,1063,"15,36"
270880,SÃO SEBASTIÃO,AL,07/2022,7034,5801,"82,47",5680,121,"97,91",1233,"17,53",38,1195,"16,99"
270890,SATUBA,AL,07/2022,2352,1824,"77,55",1738,86,"95,29",528,"22,45",152,376,"15,99"
270890,SATUBA,AL,11/2022,2267,1897,"83,68",1791,106,"94,41",370,"16,32",19,351,"15,48"
270890,SATUBA,AL,09/2022,2251,1899,"84,36",1535,364,"80,83",352,"15,64",47,305,"13,55"
270895,SENADOR RUI PALMEIRA,AL,09/2022,3304,2654,"80,33",2606,48,"98,19",650,"19,67",27,623,"18,86"
270895,SENADOR RUI PALMEIRA,AL,11/2022,3238,2553,"78,84",2504,49,"98,08",685,"21,16",25,660,"20,38"
270895,SENADOR RUI PALMEIRA,AL,07/2022,3336,2653,"79,53",2644,9,"99,66",683,"20,47",87,596,"17,87"
270900,TANQUE D´ARCA,AL,07/2022,954,868,"90,99",821,47,"94,59",86,"9,01",8,78,"8,18"
270900,TANQUE D´ARCA,AL,11/2022,891,825,"92,59",823,2,"99,76",66,"7,41",0,66,"7,41"
270900,TANQUE D´ARCA,AL,09/2022,963,889,"92,32",852,37,"95,84",74,"7,68",1,73,"7,58"
270910,TAQUARANA,AL,09/2022,3735,3395,"90,90",3228,167,"95,08",340,"9,10",32,308,"8,25"
270910,TAQUARANA,AL,11/2022,3531,3227,"91,39",3222,5,"99,85",304,"8,61",6,298,"8,44"
270910,TAQUARANA,AL,07/2022,3756,2977,"79,26",2811,166,"94,42",779,"20,74",10,769,"20,47"
270915,TEOTÔNIO VILELA,AL,07/2022,7646,6418,"83,94",6050,368,"94,27",1228,"16,06",27,1201,"15,71"
270915,TEOTÔNIO VILELA,AL,11/2022,7507,7211,"96,06",6728,483,"93,30",296,"3,94",28,268,"3,57"
270915,TEOTÔNIO VILELA,AL,09/2022,7610,6764,"88,88",6471,293,"95,67",846,"11,12",27,819,"10,76"
270920,TRAIPU,AL,11/2022,4723,4419,"93,56",4419,0,"100,00",304,"6,44",16,288,"6,10"
270920,TRAIPU,AL,09/2022,4866,4458,"91,62",4432,26,"99,42",408,"8,38",67,341,"7,01"
270920,TRAIPU,AL,07/2022,4990,4386,"87,90",4310,76,"98,27",604,"12,10",50,554,"11,10"
270930,UNIÃO DOS PALMARES,AL,07/2022,12698,9672,"76,17",9671,1,"99,99",3026,"23,83",21,3005,"23,67"
270930,UNIÃO DOS PALMARES,AL,11/2022,12587,9752,"77,48",9744,8,"99,92",2835,"22,52",19,2816,"22,37"
270930,UNIÃO DOS PALMARES,AL,09/2022,12820,9802,"76,46",9800,2,"99,98",3018,"23,54",15,3003,"23,42"
270940,VIÇOSA,AL,09/2022,5247,3660,"69,75",3606,54,"98,52",1587,"30,25",23,1564,"29,81"
270940,VIÇOSA,AL,11/2022,5217,3561,"68,26",3553,8,"99,78",1656,"31,74",20,1636,"31,36"
270940,VIÇOSA,AL,07/2022,5288,3690,"69,78",3570,120,"96,75",1598,"30,22",59,1539,"29,10"
130002,ALVARÃES,AM,09/2022,5309,3876,"73,01",3753,123,"96,83",1433,"26,99",357,1076,"20,27"
130002,ALVARÃES,AM,07/2022,5247,2570,"48,98",2541,29,"98,87",2677,"51,02",1795,882,"16,81"
130002,ALVARÃES,AM,11/2022,5170,4244,"82,09",4195,49,"98,85",926,"17,91",23,903,"17,47"
130006,AMATURÁ,AM,11/2022,3311,2352,"71,04",2225,127,"94,60",959,"28,96",337,622,"18,79"
130006,AMATURÁ,AM,09/2022,3289,2616,"79,54",2476,140,"94,65",673,"20,46",17,656,"19,95"
130006,AMATURÁ,AM,07/2022,3309,2577,"77,88",2463,114,"95,58",732,"22,12",48,684,"20,67"
130008,ANAMÃ,AM,07/2022,3307,2052,"62,05",2007,45,"97,81",1255,"37,95",270,985,"29,79"
130008,ANAMÃ,AM,09/2022,3276,2183,"66,64",2183,0,"100,00",1093,"33,36",128,965,"29,46"
130008,ANAMÃ,AM,11/2022,3207,2069,"64,52",2024,45,"97,83",1138,"35,48",115,1023,"31,90"
130010,ANORI,AM,11/2022,3937,2972,"75,49",2794,178,"94,01",965,"24,51",15,950,"24,13"
130010,ANORI,AM,07/2022,4060,514,"12,66",456,58,"88,72",3546,"87,34",2553,993,"24,46"
130010,ANORI,AM,09/2022,4071,2076,"50,99",1897,179,"91,38",1995,"49,01",946,1049,"25,77"
130014,APUÍ,AM,07/2022,2809,1203,"42,83",1096,107,"91,11",1606,"57,17",394,1212,"43,15"
130014,APUÍ,AM,09/2022,2756,1224,"44,41",1145,79,"93,55",1532,"55,59",343,1189,"43,14"
130014,APUÍ,AM,11/2022,2796,1246,"44,56",1047,199,"84,03",1550,"55,44",69,1481,"52,97"
130020,ATALAIA DO NORTE,AM,11/2022,5018,2866,"57,11",2784,82,"97,14",2152,"42,89",459,1693,"33,74"
130020,ATALAIA DO NORTE,AM,07/2022,5030,2645,"52,58",2637,8,"99,70",2385,"47,42",537,1848,"36,74"
130020,ATALAIA DO NORTE,AM,09/2022,4964,2921,"58,84",2873,48,"98,36",2043,"41,16",402,1641,"33,06"
130030,AUTAZES,AM,07/2022,13328,9051,"67,91",8510,541,"94,02",4277,"32,09",136,4141,"31,07"
130030,AUTAZES,AM,09/2022,13170,8912,"67,67",8791,121,"98,64",4258,"32,33",62,4196,"31,86"
130030,AUTAZES,AM,11/2022,12809,8308,"64,86",8099,209,"97,48",4501,"35,14",210,4291,"33,50"
130040,BARCELOS,AM,11/2022,4544,2258,"49,69",2230,28,"98,76",2286,"50,31",470,1816,"39,96"
130040,BARCELOS,AM,07/2022,4498,2044,"45,44",2043,1,"99,95",2454,"54,56",834,1620,"36,02"
130040,BARCELOS,AM,09/2022,4480,2097,"46,81",2082,15,"99,28",2383,"53,19",663,1720,"38,39"
130050,BARREIRINHA,AM,07/2022,11598,7771,"67,00",6687,1084,"86,05",3827,"33,00",1158,2669,"23,01"
130050,BARREIRINHA,AM,09/2022,11511,7836,"68,07",6968,868,"88,92",3675,"31,93",1461,2214,"19,23"
130050,BARREIRINHA,AM,11/2022,10737,9926,"92,45",9503,423,"95,74",811,"7,55",696,115,"1,07"
130060,BENJAMIN CONSTANT,AM,11/2022,12961,10623,"81,96",10609,14,"99,87",2338,"18,04",8,2330,"17,98"
130060,BENJAMIN CONSTANT,AM,07/2022,12978,10519,"81,05",10514,5,"99,95",2459,"18,95",45,2414,"18,60"
130060,BENJAMIN CONSTANT,AM,09/2022,12931,10512,"81,29",10495,17,"99,84",2419,"18,71",32,2387,"18,46"
130063,BERURI,AM,09/2022,8712,6664,"76,49",6145,519,"92,21",2048,"23,51",68,1980,"22,73"
130063,BERURI,AM,07/2022,8790,6503,"73,98",6300,203,"96,88",2287,"26,02",149,2138,"24,32"
130063,BERURI,AM,11/2022,8257,6304,"76,35",5902,402,"93,62",1953,"23,65",83,1870,"22,65"
130068,BOA VISTA DO RAMOS,AM,11/2022,4484,4072,"90,81",3872,200,"95,09",412,"9,19",28,384,"8,56"
130068,BOA VISTA DO RAMOS,AM,07/2022,4978,4009,"80,53",3714,295,"92,64",969,"19,47",54,915,"18,38"
130068,BOA VISTA DO RAMOS,AM,09/2022,4769,4030,"84,50",3718,312,"92,26",739,"15,50",105,634,"13,29"
130070,BOCA DO ACRE,AM,07/2022,8407,5866,"69,78",5759,107,"98,18",2541,"30,22",264,2277,"27,08"
130070,BOCA DO ACRE,AM,09/2022,8569,5915,"69,03",5873,42,"99,29",2654,"30,97",223,2431,"28,37"
130070,BOCA DO ACRE,AM,11/2022,8406,5979,"71,13",5900,79,"98,68",2427,"28,87",184,2243,"26,68"
130080,BORBA,AM,11/2022,10600,7302,"68,89",6969,333,"95,44",3298,"31,11",44,3254,"30,70"
130080,BORBA,AM,09/2022,10744,6101,"56,79",5788,313,"94,87",4643,"43,21",111,4532,"42,18"
130080,BORBA,AM,07/2022,10778,5943,"55,14",5731,212,"96,43",4835,"44,86",248,4587,"42,56"
130083,CAAPIRANGA,AM,09/2022,3607,2682,"74,36",2652,30,"98,88",925,"25,64",163,762,"21,13"
130083,CAAPIRANGA,AM,07/2022,3489,1193,"34,19",1146,47,"96,06",2296,"65,81",1650,646,"18,52"
130083,CAAPIRANGA,AM,11/2022,3596,2382,"66,24",2347,35,"98,53",1214,"33,76",653,561,"15,60"
130090,CANUTAMA,AM,11/2022,3852,3108,"80,69",3097,11,"99,65",744,"19,31",24,720,"18,69"
130090,CANUTAMA,AM,07/2022,3949,2717,"68,80",2713,4,"99,85",1232,"31,20",347,885,"22,41"
130090,CANUTAMA,AM,09/2022,3942,3067,"77,80",3067,0,"100,00",875,"22,20",76,799,"20,27"
130100,CARAUARI,AM,07/2022,9490,5011,"52,80",4802,209,"95,83",4479,"47,20",561,3918,"41,29"
130100,CARAUARI,AM,09/2022,9490,5746,"60,55",5673,73,"98,73",3744,"39,45",262,3482,"36,69"
130100,CARAUARI,AM,11/2022,9301,6322,"67,97",6124,198,"96,87",2979,"32,03",18,2961,"31,84"
130110,CAREIRO,AM,11/2022,8845,6058,"68,49",6030,28,"99,54",2787,"31,51",11,2776,"31,38"
130110,CAREIRO,AM,07/2022,8833,3583,"40,56",2725,858,"76,05",5250,"59,44",2261,2989,"33,84"
130110,CAREIRO,AM,09/2022,9056,5993,"66,18",5854,139,"97,68",3063,"33,82",53,3010,"33,24"
130115,CAREIRO DA VÁRZEA,AM,09/2022,5469,3295,"60,25",3275,20,"99,39",2174,"39,75",181,1993,"36,44"
130115,CAREIRO DA VÁRZEA,AM,07/2022,5536,3421,"61,80",3289,132,"96,14",2115,"38,20",117,1998,"36,09"
130115,CAREIRO DA VÁRZEA,AM,11/2022,5346,3469,"64,89",3461,8,"99,77",1877,"35,11",15,1862,"34,83"
130120,COARI,AM,11/2022,20366,13052,"64,09",12911,141,"98,92",7314,"35,91",1009,6305,"30,96"
130120,COARI,AM,07/2022,20133,8663,"43,03",8492,171,"98,03",11470,"56,97",4834,6636,"32,96"
130120,COARI,AM,09/2022,20599,13529,"65,68",13295,234,"98,27",7070,"34,32",348,6722,"32,63"
130130,CODAJÁS,AM,09/2022,6321,4684,"74,10",4684,0,"100,00",1637,"25,90",16,1621,"25,64"
130130,CODAJÁS,AM,07/2022,6186,4536,"73,33",4536,0,"100,00",1650,"26,67",22,1628,"26,32"
130130,CODAJÁS,AM,11/2022,6273,5044,"80,41",5044,0,"100,00",1229,"19,59",34,1195,"19,05"
130140,EIRUNEPÉ,AM,11/2022,11425,9261,"81,06",9261,0,"100,00",2164,"18,94",22,2142,"18,75"
130140,EIRUNEPÉ,AM,09/2022,11316,7965,"70,39",7965,0,"100,00",3351,"29,61",1017,2334,"20,63"
130140,EIRUNEPÉ,AM,07/2022,11205,7832,"69,90",7832,0,"100,00",3373,"30,10",1072,2301,"20,54"
130150,ENVIRA,AM,09/2022,5308,2109,"39,73",1908,201,"90,47",3199,"60,27",1654,1545,"29,11"
130150,ENVIRA,AM,07/2022,5314,1911,"35,96",1663,248,"87,02",3403,"64,04",1882,1521,"28,62"
130150,ENVIRA,AM,11/2022,5072,3137,"61,85",3097,40,"98,72",1935,"38,15",1126,809,"15,95"
130160,FONTE BOA,AM,11/2022,7723,6245,"80,86",6242,3,"99,95",1478,"19,14",152,1326,"17,17"
130160,FONTE BOA,AM,07/2022,7697,6126,"79,59",6122,4,"99,93",1571,"20,41",69,1502,"19,51"
130160,FONTE BOA,AM,09/2022,7791,6030,"77,40",6030,0,"100,00",1761,"22,60",249,1512,"19,41"
130165,GUAJARÁ,AM,09/2022,5015,2842,"56,67",2559,283,"90,04",2173,"43,33",134,2039,"40,66"
130165,GUAJARÁ,AM,07/2022,4982,2818,"56,56",2528,290,"89,71",2164,"43,44",203,1961,"39,36"
130165,GUAJARÁ,AM,11/2022,4858,2933,"60,37",2811,122,"95,84",1925,"39,63",78,1847,"38,02"
130170,HUMAITÁ,AM,11/2022,12297,9226,"75,03",8915,311,"96,63",3071,"24,97",791,2280,"18,54"
130170,HUMAITÁ,AM,09/2022,12535,9073,"72,38",8690,383,"95,78",3462,"27,62",1177,2285,"18,23"
130170,HUMAITÁ,AM,07/2022,12528,8442,"67,39",7877,565,"93,31",4086,"32,61",807,3279,"26,17"
130180,IPIXUNA,AM,09/2022,5833,4692,"80,44",4688,4,"99,91",1141,"19,56",110,1031,"17,68"
130180,IPIXUNA,AM,07/2022,5819,4600,"79,05",4596,4,"99,91",1219,"20,95",237,982,"16,88"
130180,IPIXUNA,AM,11/2022,5772,4827,"83,63",4798,29,"99,40",945,"16,37",32,913,"15,82"
130185,IRANDUBA,AM,11/2022,16612,11447,"68,91",11327,120,"98,95",5165,"31,09",241,4924,"29,64"
130185,IRANDUBA,AM,09/2022,16751,11267,"67,26",11108,159,"98,59",5484,"32,74",607,4877,"29,11"
130185,IRANDUBA,AM,07/2022,16523,11037,"66,80",10961,76,"99,31",5486,"33,20",1123,4363,"26,41"
130190,ITACOATIARA,AM,07/2022,23674,13701,"57,87",13556,145,"98,94",9973,"42,13",410,9563,"40,39"
130190,ITACOATIARA,AM,09/2022,24269,14127,"58,21",14029,98,"99,31",10142,"41,79",160,9982,"41,13"
130190,ITACOATIARA,AM,11/2022,24153,13905,"57,57",13660,245,"98,24",10248,"42,43",87,10161,"42,07"
130195,ITAMARATI,AM,11/2022,3826,3092,"80,82",3092,0,"100,00",734,"19,18",15,719,"18,79"
130195,ITAMARATI,AM,09/2022,3791,3046,"80,35",3046,0,"100,00",745,"19,65",18,727,"19,18"
130195,ITAMARATI,AM,07/2022,3788,2816,"74,34",2816,0,"100,00",972,"25,66",260,712,"18,80"
130200,ITAPIRANGA,AM,07/2022,2675,0,"0,00",0,0,,2675,"100,00",2058,617,"23,07"
130200,ITAPIRANGA,AM,09/2022,2730,1613,"59,08",1612,1,"99,94",1117,"40,92",487,630,"23,08"
130200,ITAPIRANGA,AM,11/2022,2709,1459,"53,86",1459,0,"100,00",1250,"46,14",624,626,"23,11"
130210,JAPURÁ,AM,11/2022,2555,1910,"74,76",1910,0,"100,00",645,"25,24",23,622,"24,34"
130210,JAPURÁ,AM,07/2022,2431,1656,"68,12",1656,0,"100,00",775,"31,88",169,606,"24,93"
130210,JAPURÁ,AM,09/2022,2505,1816,"72,50",1815,1,"99,94",689,"27,50",75,614,"24,51"
130220,JURUÁ,AM,07/2022,3339,1964,"58,82",1788,176,"91,04",1375,"41,18",71,1304,"39,05"
130220,JURUÁ,AM,09/2022,3316,411,"12,39",411,0,"100,00",2905,"87,61",1576,1329,"40,08"
130220,JURUÁ,AM,11/2022,3262,2361,"72,38",2360,1,"99,96",901,"27,62",31,870,"26,67"
130230,JUTAÍ,AM,11/2022,9097,7215,"79,31",6646,569,"92,11",1882,"20,69",76,1806,"19,85"
130230,JUTAÍ,AM,07/2022,9075,6445,"71,02",6004,441,"93,16",2630,"28,98",510,2120,"23,36"
130230,JUTAÍ,AM,09/2022,9133,6843,"74,93",6274,569,"91,68",2290,"25,07",263,2027,"22,19"
130240,LÁBREA,AM,07/2022,12436,3716,"29,88",3658,58,"98,44",8720,"70,12",4639,4081,"32,82"
130240,LÁBREA,AM,09/2022,12099,5031,"41,58",5025,6,"99,88",7068,"58,42",2423,4645,"38,39"
130240,LÁBREA,AM,11/2022,11948,7576,"63,41",7528,48,"99,37",4372,"36,59",457,3915,"32,77"
130250,MANACAPURU,AM,11/2022,29015,19302,"66,52",19113,189,"99,02",9713,"33,48",3403,6310,"21,75"
130250,MANACAPURU,AM,07/2022,29098,15454,"53,11",14933,521,"96,63",13644,"46,89",6468,7176,"24,66"
130250,MANACAPURU,AM,09/2022,29501,20346,"68,97",20068,278,"98,63",9155,"31,03",1851,7304,"24,76"
130255,MANAQUIRI,AM,07/2022,4869,4174,"85,73",4173,1,"99,98",695,"14,27",78,617,"12,67"
130255,MANAQUIRI,AM,09/2022,4741,3960,"83,53",3953,7,"99,82",781,"16,47",28,753,"15,88"
130255,MANAQUIRI,AM,11/2022,4682,4164,"88,94",4156,8,"99,81",518,"11,06",13,505,"10,79"
130260,MANAUS,AM,11/2022,280839,161689,"57,57",155759,5930,"96,33",119150,"42,43",1234,117916,"41,99"
130260,MANAUS,AM,07/2022,258803,134784,"52,08",124745,10039,"92,55",124019,"47,92",7550,116469,"45,00"
130260,MANAUS,AM,09/2022,275586,149938,"54,41",141117,8821,"94,12",125648,"45,59",4748,120900,"43,87"
130270,MANICORÉ,AM,07/2022,12327,5339,"43,31",4798,541,"89,87",6988,"56,69",1863,5125,"41,58"
130270,MANICORÉ,AM,09/2022,12246,5823,"47,55",5526,297,"94,90",6423,"52,45",623,5800,"47,36"
130270,MANICORÉ,AM,11/2022,12124,5975,"49,28",5839,136,"97,72",6149,"50,72",311,5838,"48,15"
130280,MARAÃ,AM,11/2022,6274,4762,"75,90",4700,62,"98,70",1512,"24,10",154,1358,"21,64"
130280,MARAÃ,AM,09/2022,6444,4356,"67,60",4351,5,"99,89",2088,"32,40",607,1481,"22,98"
130280,MARAÃ,AM,07/2022,6447,4629,"71,80",4619,10,"99,78",1818,"28,20",402,1416,"21,96"
130290,MAUÉS,AM,09/2022,18985,8946,"47,12",8732,214,"97,61",10039,"52,88",3510,6529,"34,39"
130290,MAUÉS,AM,07/2022,19117,8423,"44,06",8191,232,"97,25",10694,"55,94",4397,6297,"32,94"
130290,MAUÉS,AM,11/2022,18573,9557,"51,46",9417,140,"98,54",9016,"48,54",3060,5956,"32,07"
130300,NHAMUNDÁ,AM,11/2022,5637,4976,"88,27",4969,7,"99,86",661,"11,73",44,617,"10,95"
130300,NHAMUNDÁ,AM,09/2022,5709,4926,"86,28",4876,50,"98,98",783,"13,72",40,743,"13,01"
130300,NHAMUNDÁ,AM,07/2022,5748,4786,"83,26",4779,7,"99,85",962,"16,74",60,902,"15,69"
130310,NOVA OLINDA DO NORTE,AM,09/2022,8557,3541,"41,38",3460,81,"97,71",5016,"58,62",801,4215,"49,26"
130310,NOVA OLINDA DO NORTE,AM,07/2022,8466,2978,"35,18",2854,124,"95,84",5488,"64,82",1834,3654,"43,16"
130310,NOVA OLINDA DO NORTE,AM,11/2022,8556,5121,"59,85",5092,29,"99,43",3435,"40,15",24,3411,"39,87"
130320,NOVO AIRÃO,AM,11/2022,4424,3036,"68,63",3032,4,"99,87",1388,"31,37",9,1379,"31,17"
130320,NOVO AIRÃO,AM,09/2022,4417,2964,"67,10",2960,4,"99,87",1453,"32,90",27,1426,"32,28"
130320,NOVO AIRÃO,AM,07/2022,4390,2788,"63,51",2787,1,"99,96",1602,"36,49",300,1302,"29,66"
130330,NOVO ARIPUANÃ,AM,09/2022,5702,3095,"54,28",3093,2,"99,94",2607,"45,72",1239,1368,"23,99"
130330,NOVO ARIPUANÃ,AM,07/2022,5575,1278,"22,92",1272,6,"99,53",4297,"77,08",2927,1370,"24,57"
130330,NOVO ARIPUANÃ,AM,11/2022,5643,2521,"44,67",2517,4,"99,84",3122,"55,33",1772,1350,"23,92"
130340,PARINTINS,AM,11/2022,28035,18480,"65,92",18225,255,"98,62",9555,"34,08",339,9216,"32,87"
130340,PARINTINS,AM,09/2022,29123,19578,"67,23",19060,518,"97,35",9545,"32,77",433,9112,"31,29"
130340,PARINTINS,AM,07/2022,29571,20732,"70,11",20643,89,"99,57",8839,"29,89",653,8186,"27,68"
130350,PAUINI,AM,07/2022,5674,3880,"68,38",3880,0,"100,00",1794,"31,62",224,1570,"27,67"
130350,PAUINI,AM,09/2022,5809,4119,"70,91",4119,0,"100,00",1690,"29,09",98,1592,"27,41"
130350,PAUINI,AM,11/2022,5783,4405,"76,17",4384,21,"99,52",1378,"23,83",77,1301,"22,50"
130353,PRESIDENTE FIGUEIREDO,AM,11/2022,7234,3339,"46,16",3214,125,"96,26",3895,"53,84",154,3741,"51,71"
130353,PRESIDENTE FIGUEIREDO,AM,07/2022,6951,2764,"39,76",2591,173,"93,74",4187,"60,24",175,4012,"57,72"
130353,PRESIDENTE FIGUEIREDO,AM,09/2022,7228,2955,"40,88",2783,172,"94,18",4273,"59,12",45,4228,"58,49"
130356,RIO PRETO DA EVA,AM,07/2022,5860,2319,"39,57",2312,7,"99,70",3541,"60,43",1425,2116,"36,11"
130356,RIO PRETO DA EVA,AM,09/2022,5818,2155,"37,04",1925,230,"89,33",3663,"62,96",1234,2429,"41,75"
130356,RIO PRETO DA EVA,AM,11/2022,5637,1853,"32,87",1844,9,"99,51",3784,"67,13",1490,2294,"40,70"
130360,SANTA ISABEL DO RIO NEGRO,AM,11/2022,4173,3160,"75,72",3149,11,"99,65",1013,"24,28",198,815,"19,53"
130360,SANTA ISABEL DO RIO NEGRO,AM,09/2022,4146,2367,"57,09",2360,7,"99,70",1779,"42,91",213,1566,"37,77"
130360,SANTA ISABEL DO RIO NEGRO,AM,07/2022,4193,2418,"57,67",2400,18,"99,26",1775,"42,33",239,1536,"36,63"
130370,SANTO ANTÔNIO DO IÇÁ,AM,09/2022,9203,5452,"59,24",5439,13,"99,76",3751,"40,76",2177,1574,"17,10"
130370,SANTO ANTÔNIO DO IÇÁ,AM,07/2022,9229,736,"7,97",700,36,"95,11",8493,"92,03",6796,1697,"18,39"
130370,SANTO ANTÔNIO DO IÇÁ,AM,11/2022,9164,5307,"57,91",5284,23,"99,57",3857,"42,09",2429,1428,"15,58"
130380,SÃO GABRIEL DA CACHOEIRA,AM,11/2022,14335,5694,"39,72",3712,1982,"65,19",8641,"60,28",4096,4545,"31,71"
130380,SÃO GABRIEL DA CACHOEIRA,AM,09/2022,13705,7816,"57,03",4541,3275,"58,10",5889,"42,97",1169,4720,"34,44"
130380,SÃO GABRIEL DA CACHOEIRA,AM,07/2022,13847,6459,"46,65",4095,2364,"63,40",7388,"53,35",2627,4761,"34,38"
130390,SÃO PAULO DE OLIVENÇA,AM,09/2022,11716,7027,"59,98",6533,494,"92,97",4689,"40,02",45,4644,"39,64"
130390,SÃO PAULO DE OLIVENÇA,AM,07/2022,11707,2262,"19,32",2172,90,"96,02",9445,"80,68",5178,4267,"36,45"
130390,SÃO PAULO DE OLIVENÇA,AM,11/2022,11452,7040,"61,47",6988,52,"99,26",4412,"38,53",102,4310,"37,64"
130395,SÃO SEBASTIÃO DO UATUMÃ,AM,11/2022,2513,1743,"69,36",1604,139,"92,03",770,"30,64",37,733,"29,17"
130395,SÃO SEBASTIÃO DO UATUMÃ,AM,07/2022,2533,893,"35,25",826,67,"92,50",1640,"64,75",833,807,"31,86"
130395,SÃO SEBASTIÃO DO UATUMÃ,AM,09/2022,2564,1588,"61,93",1488,100,"93,70",976,"38,07",111,865,"33,74"
130400,SILVES,AM,09/2022,3457,2367,"68,47",2367,0,"100,00",1090,"31,53",48,1042,"30,14"
130400,SILVES,AM,07/2022,3474,2434,"70,06",2434,0,"100,00",1040,"29,94",122,918,"26,42"
130400,SILVES,AM,11/2022,3435,2385,"69,43",2385,0,"100,00",1050,"30,57",33,1017,"29,61"
130406,TABATINGA,AM,11/2022,16660,10046,"60,30",9698,348,"96,54",6614,"39,70",20,6594,"39,58"
130406,TABATINGA,AM,09/2022,16632,8958,"53,86",8526,432,"95,18",7674,"46,14",24,7650,"46,00"
130406,TABATINGA,AM,07/2022,16389,8199,"50,03",8040,159,"98,06",8190,"49,97",90,8100,"49,42"
130410,TAPAUÁ,AM,09/2022,5537,3903,"70,49",3897,6,"99,85",1634,"29,51",331,1303,"23,53"
130410,TAPAUÁ,AM,07/2022,5496,3902,"71,00",3874,28,"99,28",1594,"29,00",311,1283,"23,34"
130410,TAPAUÁ,AM,11/2022,5564,4078,"73,29",4029,49,"98,80",1486,"26,71",190,1296,"23,29"
130420,TEFÉ,AM,11/2022,20481,14702,"71,78",13602,1100,"92,52",5779,"28,22",353,5426,"26,49"
130420,TEFÉ,AM,09/2022,20174,7983,"39,57",7112,871,"89,09",12191,"60,43",7109,5082,"25,19"
130420,TEFÉ,AM,07/2022,20094,7001,"34,84",6173,828,"88,17",13093,"65,16",7134,5959,"29,66"
130423,TONANTINS,AM,07/2022,5639,2279,"40,41",2258,21,"99,08",3360,"59,59",2274,1086,"19,26"
130423,TONANTINS,AM,09/2022,5609,2824,"50,35",2737,87,"96,92",2785,"49,65",1536,1249,"22,27"
130423,TONANTINS,AM,11/2022,5576,3462,"62,09",3429,33,"99,05",2114,"37,91",891,1223,"21,93"
130426,UARINI,AM,11/2022,4938,4023,"81,47",3993,30,"99,25",915,"18,53",6,909,"18,41"
130426,UARINI,AM,07/2022,4918,3772,"76,70",3766,6,"99,84",1146,"23,30",156,990,"20,13"
130426,UARINI,AM,09/2022,4991,3928,"78,70",3914,14,"99,64",1063,"21,30",75,988,"19,80"
130430,URUCARÁ,AM,09/2022,4451,3629,"81,53",3629,0,"100,00",822,"18,47",68,754,"16,94"
130430,URUCARÁ,AM,07/2022,4406,3568,"80,98",3568,0,"100,00",838,"19,02",92,746,"16,93"
130430,URUCARÁ,AM,11/2022,4350,3652,"83,95",3652,0,"100,00",698,"16,05",49,649,"14,92"
130440,URUCURITUBA,AM,11/2022,5534,3736,"67,51",3639,97,"97,40",1798,"32,49",290,1508,"27,25"
130440,URUCURITUBA,AM,09/2022,5729,3315,"57,86",3234,81,"97,56",2414,"42,14",449,1965,"34,30"
130440,URUCURITUBA,AM,07/2022,5690,2271,"39,91",2128,143,"93,70",3419,"60,09",1583,1836,"32,27"
160005,SERRA DO NAVIO,AP,07/2022,1033,547,"52,95",547,0,"100,00",486,"47,05",24,462,"44,72"
160005,SERRA DO NAVIO,AP,09/2022,1046,1,"0,10",0,1,"0,00",1045,"99,90",597,448,"42,83"
160005,SERRA DO NAVIO,AP,11/2022,1055,632,"59,91",631,1,"99,84",423,"40,09",110,313,"29,67"
160010,AMAPÁ,AP,11/2022,2406,1206,"50,12",1139,67,"94,44",1200,"49,88",84,1116,"46,38"
160010,AMAPÁ,AP,07/2022,2435,811,"33,31",36,775,"4,44",1624,"66,69",620,1004,"41,23"
160010,AMAPÁ,AP,09/2022,2448,650,"26,55",619,31,"95,23",1798,"73,45",738,1060,"43,30"
160015,PEDRA BRANCA DO AMAPARI,AP,09/2022,3541,2296,"64,84",2261,35,"98,48",1245,"35,16",66,1179,"33,30"
160015,PEDRA BRANCA DO AMAPARI,AP,07/2022,3480,2291,"65,83",2290,1,"99,96",1189,"34,17",44,1145,"32,90"
160015,PEDRA BRANCA DO AMAPARI,AP,11/2022,3482,2686,"77,14",2685,1,"99,96",796,"22,86",46,750,"21,54"
160020,CALÇOENE,AP,11/2022,2700,1944,"72,00",1943,1,"99,95",756,"28,00",20,736,"27,26"
160020,CALÇOENE,AP,07/2022,2538,1239,"48,82",1239,0,"100,00",1299,"51,18",786,513,"20,21"
160020,CALÇOENE,AP,09/2022,2630,986,"37,49",982,4,"99,59",1644,"62,51",1077,567,"21,56"
160021,CUTIAS,AP,07/2022,1584,0,"0,00",0,0,,1584,"100,00",1089,495,"31,25"
160021,CUTIAS,AP,09/2022,1674,0,"0,00",0,0,,1674,"100,00",1174,500,"29,87"
160021,CUTIAS,AP,11/2022,1586,107,"6,75",107,0,"100,00",1479,"93,25",970,509,"32,09"
160023,FERREIRA GOMES,AP,11/2022,1739,635,"36,52",501,134,"78,90",1104,"63,48",416,688,"39,56"
160023,FERREIRA GOMES,AP,09/2022,1776,427,"24,04",425,2,"99,53",1349,"75,96",1100,249,"14,02"
160023,FERREIRA GOMES,AP,07/2022,1826,1640,"89,81",552,1088,"33,66",186,"10,19",23,163,"8,93"
160025,ITAUBAL,AP,07/2022,2075,24,"1,16",24,0,"100,00",2051,"98,84",1340,711,"34,27"
160025,ITAUBAL,AP,09/2022,2205,0,"0,00",0,0,,2205,"100,00",1442,763,"34,60"
160025,ITAUBAL,AP,11/2022,2246,1488,"66,25",1488,0,"100,00",758,"33,75",26,732,"32,59"
160027,LARANJAL DO JARI,AP,11/2022,8947,6987,"78,09",6942,45,"99,36",1960,"21,91",369,1591,"17,78"
160027,LARANJAL DO JARI,AP,09/2022,9202,6092,"66,20",5844,248,"95,93",3110,"33,80",1427,1683,"18,29"
160027,LARANJAL DO JARI,AP,07/2022,9135,5556,"60,82",705,4851,"12,69",3579,"39,18",1477,2102,"23,01"
160030,MACAPÁ,AP,07/2022,72806,31497,"43,26",19266,12231,"61,17",41309,"56,74",3521,37788,"51,90"
160030,MACAPÁ,AP,09/2022,75733,18607,"24,57",17767,840,"95,49",57126,"75,43",18481,38645,"51,03"
160030,MACAPÁ,AP,11/2022,77370,32779,"42,37",31998,781,"97,62",44591,"57,63",4685,39906,"51,58"
160040,MAZAGÃO,AP,11/2022,7444,554,"7,44",554,0,"100,00",6890,"92,56",4980,1910,"25,66"
160040,MAZAGÃO,AP,07/2022,7494,610,"8,14",559,51,"91,64",6884,"91,86",5143,1741,"23,23"
160040,MAZAGÃO,AP,09/2022,7613,458,"6,02",456,2,"99,56",7155,"93,98",5321,1834,"24,09"
160050,OIAPOQUE,AP,09/2022,5554,5244,"94,42",5244,0,"100,00",310,"5,58",177,133,"2,39"
160050,OIAPOQUE,AP,07/2022,5218,4715,"90,36",4715,0,"100,00",503,"9,64",74,429,"8,22"
160050,OIAPOQUE,AP,11/2022,5759,5637,"97,88",5637,0,"100,00",122,"2,12",19,103,"1,79"
160053,PORTO GRANDE,AP,11/2022,5123,3385,"66,07",3327,58,"98,29",1738,"33,93",74,1664,"32,48"
160053,PORTO GRANDE,AP,07/2022,4795,0,"0,00",0,0,,4795,"100,00",3612,1183,"24,67"
160053,PORTO GRANDE,AP,09/2022,4981,1066,"21,40",1052,14,"98,69",3915,"78,60",2551,1364,"27,38"
160055,PRACUÚBA,AP,09/2022,1254,0,"0,00",0,0,,1254,"100,00",962,292,"23,29"
160055,PRACUÚBA,AP,07/2022,1210,0,"0,00",0,0,,1210,"100,00",938,272,"22,48"
160055,PRACUÚBA,AP,11/2022,1231,0,"0,00",0,0,,1231,"100,00",919,312,"25,35"
160060,SANTANA,AP,11/2022,24960,5158,"20,67",4898,260,"94,96",19802,"79,33",10050,9752,"39,07"
160060,SANTANA,AP,07/2022,23829,4701,"19,73",2758,1943,"58,67",19128,"80,27",10914,8214,"34,47"
160060,SANTANA,AP,09/2022,25056,3074,"12,27",3040,34,"98,89",21982,"87,73",13164,8818,"35,19"
160070,TARTARUGALZINHO,AP,09/2022,4279,1960,"45,81",1859,101,"94,85",2319,"54,19",1270,1049,"24,52"
160070,TARTARUGALZINHO,AP,07/2022,4317,2765,"64,05",1625,1140,"58,77",1552,"35,95",334,1218,"28,21"
160070,TARTARUGALZINHO,AP,11/2022,4284,3042,"71,01",2888,154,"94,94",1242,"28,99",196,1046,"24,42"
160080,VITÓRIA DO JARI,AP,11/2022,3855,3076,"79,79",3065,11,"99,64",779,"20,21",12,767,"19,90"
160080,VITÓRIA DO JARI,AP,07/2022,3843,3020,"78,58",3019,1,"99,97",823,"21,42",24,799,"20,79"
160080,VITÓRIA DO JARI,AP,09/2022,3790,723,"19,08",719,4,"99,45",3067,"80,92",2258,809,"21,35"
290010,ABAÍRA,BA,07/2022,1013,842,"83,12",842,0,"100,00",171,"16,88",22,149,"14,71"
290010,ABAÍRA,BA,09/2022,990,611,"61,72",560,51,"91,65",379,"38,28",205,174,"17,58"
290010,ABAÍRA,BA,11/2022,943,822,"87,17",800,22,"97,32",121,"12,83",17,104,"11,03"
290020,ABARÉ,BA,09/2022,4439,3143,"70,80",3143,0,"100,00",1296,"29,20",151,1145,"25,79"
290020,ABARÉ,BA,11/2022,4249,3140,"73,90",3086,54,"98,28",1109,"26,10",142,967,"22,76"
290020,ABARÉ,BA,07/2022,4352,1258,"28,91",1252,6,"99,52",3094,"71,09",2024,1070,"24,59"
290030,ACAJUTIBA,BA,07/2022,3219,2179,"67,69",2166,13,"99,40",1040,"32,31",52,988,"30,69"
290030,ACAJUTIBA,BA,11/2022,3148,2183,"69,35",2172,11,"99,50",965,"30,65",7,958,"30,43"
290030,ACAJUTIBA,BA,09/2022,3215,2163,"67,28",2160,3,"99,86",1052,"32,72",41,1011,"31,45"
290035,ADUSTINA,BA,11/2022,2399,1916,"79,87",1878,38,"98,02",483,"20,13",5,478,"19,92"
290035,ADUSTINA,BA,09/2022,2523,2026,"80,30",1906,120,"94,08",497,"19,70",6,491,"19,46"
290035,ADUSTINA,BA,07/2022,2542,2041,"80,29",1879,162,"92,06",501,"19,71",18,483,"19,00"
290040,ÁGUA FRIA,BA,07/2022,2871,2253,"78,47",2253,0,"100,00",618,"21,53",195,423,"14,73"
290040,ÁGUA FRIA,BA,11/2022,2802,2347,"83,76",2347,0,"100,00",455,"16,24",103,352,"12,56"
290040,ÁGUA FRIA,BA,09/2022,2917,2385,"81,76",2301,84,"96,48",532,"18,24",96,436,"14,95"
290050,ÉRICO CARDOSO,BA,09/2022,1494,1407,"94,18",1190,217,"84,58",87,"5,82",67,20,"1,34"
290050,ÉRICO CARDOSO,BA,11/2022,1392,1354,"97,27",1215,139,"89,73",38,"2,73",13,25,"1,80"
290050,ÉRICO CARDOSO,BA,07/2022,1491,1449,"97,18",1218,231,"84,06",42,"2,82",3,39,"2,62"
290060,AIQUARA,BA,07/2022,751,478,"63,65",451,27,"94,35",273,"36,35",5,268,"35,69"
290060,AIQUARA,BA,09/2022,755,481,"63,71",446,35,"92,72",274,"36,29",5,269,"35,63"
290060,AIQUARA,BA,11/2022,750,469,"62,53",432,37,"92,11",281,"37,47",2,279,"37,20"
290070,ALAGOINHAS,BA,11/2022,22882,14205,"62,08",13864,341,"97,60",8677,"37,92",169,8508,"37,18"
290070,ALAGOINHAS,BA,09/2022,22595,9252,"40,95",9052,200,"97,84",13343,"59,05",4983,8360,"37,00"
290070,ALAGOINHAS,BA,07/2022,22008,13341,"60,62",13173,168,"98,74",8667,"39,38",177,8490,"38,58"
290080,ALCOBAÇA,BA,07/2022,4773,2706,"56,69",2646,60,"97,78",2067,"43,31",646,1421,"29,77"
290080,ALCOBAÇA,BA,11/2022,4774,3522,"73,77",3417,105,"97,02",1252,"26,23",549,703,"14,73"
290080,ALCOBAÇA,BA,09/2022,4852,4016,"82,77",3944,72,"98,21",836,"17,23",111,725,"14,94"
290090,ALMADINA,BA,11/2022,984,707,"71,85",707,0,"100,00",277,"28,15",78,199,"20,22"
290090,ALMADINA,BA,09/2022,1019,810,"79,49",807,3,"99,63",209,"20,51",9,200,"19,63"
290090,ALMADINA,BA,07/2022,1033,759,"73,48",759,0,"100,00",274,"26,52",81,193,"18,68"
290100,AMARGOSA,BA,07/2022,6025,4645,"77,10",3998,647,"86,07",1380,"22,90",22,1358,"22,54"
290100,AMARGOSA,BA,11/2022,5975,5033,"84,23",4823,210,"95,83",942,"15,77",18,924,"15,46"
290100,AMARGOSA,BA,09/2022,6042,4680,"77,46",4389,291,"93,78",1362,"22,54",18,1344,"22,24"
290110,AMÉLIA RODRIGUES,BA,09/2022,3908,3466,"88,69",3416,50,"98,56",442,"11,31",34,408,"10,44"
290110,AMÉLIA RODRIGUES,BA,11/2022,3874,3424,"88,38",3307,117,"96,58",450,"11,62",53,397,"10,25"
290110,AMÉLIA RODRIGUES,BA,07/2022,4035,3052,"75,64",3045,7,"99,77",983,"24,36",13,970,"24,04"
290115,AMÉRICA DOURADA,BA,07/2022,3322,3022,"90,97",2554,468,"84,51",300,"9,03",55,245,"7,38"
290115,AMÉRICA DOURADA,BA,11/2022,3013,2765,"91,77",2678,87,"96,85",248,"8,23",134,114,"3,78"
290115,AMÉRICA DOURADA,BA,09/2022,3186,3059,"96,01",2636,423,"86,17",127,"3,99",24,103,"3,23"
290120,ANAGÉ,BA,11/2022,4119,3226,"78,32",3226,0,"100,00",893,"21,68",18,875,"21,24"
290120,ANAGÉ,BA,09/2022,4149,3249,"78,31",3249,0,"100,00",900,"21,69",9,891,"21,48"
290120,ANAGÉ,BA,07/2022,4102,3201,"78,04",3201,0,"100,00",901,"21,96",17,884,"21,55"
290130,ANDARAÍ,BA,07/2022,2848,2013,"70,68",1818,195,"90,31",835,"29,32",139,696,"24,44"
290130,ANDARAÍ,BA,11/2022,2620,1561,"59,58",1501,60,"96,16",1059,"40,42",420,639,"24,39"
290130,ANDARAÍ,BA,09/2022,2790,1791,"64,19",1648,143,"92,02",999,"35,81",318,681,"24,41"
290135,ANDORINHA,BA,09/2022,2405,1486,"61,79",1362,124,"91,66",919,"38,21",93,826,"34,35"
290135,ANDORINHA,BA,11/2022,2300,1432,"62,26",1395,37,"97,42",868,"37,74",55,813,"35,35"
290135,ANDORINHA,BA,07/2022,2396,1588,"66,28",1473,115,"92,76",808,"33,72",173,635,"26,50"
290140,ANGICAL,BA,07/2022,3001,2229,"74,28",2095,134,"93,99",772,"25,72",258,514,"17,13"
290140,ANGICAL,BA,09/2022,2857,2517,"88,10",2276,241,"90,43",340,"11,90",21,319,"11,17"
290140,ANGICAL,BA,11/2022,2640,2311,"87,54",2267,44,"98,10",329,"12,46",9,320,"12,12"
290150,ANGUERA,BA,11/2022,1820,1564,"85,93",1408,156,"90,03",256,"14,07",20,236,"12,97"
290150,ANGUERA,BA,09/2022,1908,1463,"76,68",1463,0,"100,00",445,"23,32",41,404,"21,17"
290150,ANGUERA,BA,07/2022,1868,1252,"67,02",1252,0,"100,00",616,"32,98",170,446,"23,88"
290160,ANTAS,BA,07/2022,2044,1561,"76,37",1554,7,"99,55",483,"23,63",34,449,"21,97"
290160,ANTAS,BA,11/2022,2007,1574,"78,43",1564,10,"99,36",433,"21,57",4,429,"21,38"
290160,ANTAS,BA,09/2022,2019,1574,"77,96",1568,6,"99,62",445,"22,04",7,438,"21,69"
290170,ANTÔNIO CARDOSO,BA,11/2022,2710,1657,"61,14",1657,0,"100,00",1053,"38,86",255,798,"29,45"
290170,ANTÔNIO CARDOSO,BA,09/2022,2784,1839,"66,06",1839,0,"100,00",945,"33,94",124,821,"29,49"
290170,ANTÔNIO CARDOSO,BA,07/2022,2724,4,"0,15",0,4,"0,00",2720,"99,85",1925,795,"29,19"
290180,ANTÔNIO GONÇALVES,BA,07/2022,2211,1418,"64,13",1341,77,"94,57",793,"35,87",16,777,"35,14"
290180,ANTÔNIO GONÇALVES,BA,11/2022,2184,1429,"65,43",1387,42,"97,06",755,"34,57",12,743,"34,02"
290180,ANTÔNIO GONÇALVES,BA,09/2022,2245,1420,"63,25",1380,40,"97,18",825,"36,75",10,815,"36,30"
290190,APORÁ,BA,09/2022,3447,2828,"82,04",2828,0,"100,00",619,"17,96",134,485,"14,07"
290190,APORÁ,BA,11/2022,3410,2851,"83,61",2851,0,"100,00",559,"16,39",113,446,"13,08"
290190,APORÁ,BA,07/2022,3455,2756,"79,77",2756,0,"100,00",699,"20,23",172,527,"15,25"
290195,APUAREMA,BA,07/2022,1474,409,"27,75",362,47,"88,51",1065,"72,25",330,735,"49,86"
290195,APUAREMA,BA,09/2022,1512,719,"47,55",717,2,"99,72",793,"52,45",44,749,"49,54"
290195,APUAREMA,BA,11/2022,1483,628,"42,35",544,84,"86,62",855,"57,65",28,827,"55,77"
290200,ARACATU,BA,11/2022,2460,988,"40,16",970,18,"98,18",1472,"59,84",938,534,"21,71"
290200,ARACATU,BA,09/2022,2500,887,"35,48",858,29,"96,73",1613,"64,52",1198,415,"16,60"
290200,ARACATU,BA,07/2022,2475,873,"35,27",752,121,"86,14",1602,"64,73",1203,399,"16,12"
290205,ARAÇAS,BA,07/2022,2558,2352,"91,95",2350,2,"99,91",206,"8,05",25,181,"7,08"
290205,ARAÇAS,BA,09/2022,2591,2319,"89,50",2245,74,"96,81",272,"10,50",179,93,"3,59"
290205,ARAÇAS,BA,11/2022,2418,2354,"97,35",2187,167,"92,91",64,"2,65",46,18,"0,74"
290210,ARACI,BA,11/2022,10330,9058,"87,69",8776,282,"96,89",1272,"12,31",392,880,"8,52"
290210,ARACI,BA,09/2022,10437,9066,"86,86",8796,270,"97,02",1371,"13,14",435,936,"8,97"
290210,ARACI,BA,07/2022,10503,8919,"84,92",8784,135,"98,49",1584,"15,08",212,1372,"13,06"
290220,ARAMARI,BA,07/2022,1906,122,"6,40",122,0,"100,00",1784,"93,60",1270,514,"26,97"
290220,ARAMARI,BA,09/2022,2021,1452,"71,85",1452,0,"100,00",569,"28,15",63,506,"25,04"
290220,ARAMARI,BA,11/2022,1888,712,"37,71",712,0,"100,00",1176,"62,29",702,474,"25,11"
290225,ARATACA,BA,09/2022,1901,861,"45,29",829,32,"96,28",1040,"54,71",38,1002,"52,71"
290225,ARATACA,BA,11/2022,1801,1076,"59,74",1076,0,"100,00",725,"40,26",4,721,"40,03"
290225,ARATACA,BA,07/2022,1965,639,"32,52",605,34,"94,68",1326,"67,48",303,1023,"52,06"
290230,ARATUÍPE,BA,07/2022,1903,1662,"87,34",1625,37,"97,77",241,"12,66",45,196,"10,30"
290230,ARATUÍPE,BA,11/2022,1857,1599,"86,11",1591,8,"99,50",258,"13,89",54,204,"10,99"
290230,ARATUÍPE,BA,09/2022,1909,1679,"87,95",1592,87,"94,82",230,"12,05",20,210,"11,00"
290240,AURELINO LEAL,BA,11/2022,2715,1023,"37,68",1023,0,"100,00",1692,"62,32",1047,645,"23,76"
290240,AURELINO LEAL,BA,09/2022,2825,2110,"74,69",2110,0,"100,00",715,"25,31",78,637,"22,55"
290240,AURELINO LEAL,BA,07/2022,2833,937,"33,07",937,0,"100,00",1896,"66,93",1277,619,"21,85"
290250,BAIANÓPOLIS,BA,07/2022,3016,1813,"60,11",1550,263,"85,49",1203,"39,89",136,1067,"35,38"
290250,BAIANÓPOLIS,BA,11/2022,2873,1835,"63,87",1766,69,"96,24",1038,"36,13",22,1016,"35,36"
290250,BAIANÓPOLIS,BA,09/2022,3016,1730,"57,36",1668,62,"96,42",1286,"42,64",29,1257,"41,68"
290260,BAIXA GRANDE,BA,11/2022,3587,2780,"77,50",2640,140,"94,96",807,"22,50",57,750,"20,91"
290260,BAIXA GRANDE,BA,09/2022,3717,2501,"67,29",2403,98,"96,08",1216,"32,71",217,999,"26,88"
290260,BAIXA GRANDE,BA,07/2022,3715,2704,"72,79",2590,114,"95,78",1011,"27,21",35,976,"26,27"
290265,BANZAÊ,BA,07/2022,2506,2284,"91,14",2229,55,"97,59",222,"8,86",47,175,"6,98"
290265,BANZAÊ,BA,11/2022,2376,1655,"69,65",1614,41,"97,52",721,"30,35",581,140,"5,89"
290265,BANZAÊ,BA,09/2022,2456,2235,"91,00",2182,53,"97,63",221,"9,00",79,142,"5,78"
290270,BARRA,BA,09/2022,12653,7253,"57,32",7253,0,"100,00",5400,"42,68",323,5077,"40,12"
290270,BARRA,BA,11/2022,12528,8823,"70,43",8823,0,"100,00",3705,"29,57",314,3391,"27,07"
290270,BARRA,BA,07/2022,12759,7464,"58,50",7365,99,"98,67",5295,"41,50",504,4791,"37,55"
290280,BARRA DA ESTIVA,BA,07/2022,4519,3407,"75,39",3076,331,"90,28",1112,"24,61",43,1069,"23,66"
290280,BARRA DA ESTIVA,BA,09/2022,4589,3444,"75,05",3280,164,"95,24",1145,"24,95",9,1136,"24,75"
290280,BARRA DA ESTIVA,BA,11/2022,4397,3453,"78,53",3408,45,"98,70",944,"21,47",6,938,"21,33"
290290,BARRA DO CHOÇA,BA,11/2022,7334,5124,"69,87",5068,56,"98,91",2210,"30,13",148,2062,"28,12"
290290,BARRA DO CHOÇA,BA,09/2022,7393,4269,"57,74",4237,32,"99,25",3124,"42,26",732,2392,"32,35"
290290,BARRA DO CHOÇA,BA,07/2022,7268,1222,"16,81",1222,0,"100,00",6046,"83,19",4090,1956,"26,91"
290300,BARRA DO MENDES,BA,07/2022,2498,1978,"79,18",1876,102,"94,84",520,"20,82",203,317,"12,69"
290300,BARRA DO MENDES,BA,11/2022,2299,2035,"88,52",1943,92,"95,48",264,"11,48",25,239,"10,40"
290300,BARRA DO MENDES,BA,09/2022,2335,2018,"86,42",1815,203,"89,94",317,"13,58",33,284,"12,16"
290310,BARRA DO ROCHA,BA,09/2022,1187,808,"68,07",808,0,"100,00",379,"31,93",43,336,"28,31"
290310,BARRA DO ROCHA,BA,11/2022,1185,864,"72,91",864,0,"100,00",321,"27,09",12,309,"26,08"
290310,BARRA DO ROCHA,BA,07/2022,1160,526,"45,34",526,0,"100,00",634,"54,66",298,336,"28,97"
290320,BARREIRAS,BA,07/2022,20445,12722,"62,23",12014,708,"94,43",7723,"37,77",656,7067,"34,57"
290320,BARREIRAS,BA,11/2022,21028,14327,"68,13",13921,406,"97,17",6701,"31,87",436,6265,"29,79"
290320,BARREIRAS,BA,09/2022,21283,13688,"64,31",13076,612,"95,53",7595,"35,69",487,7108,"33,40"
290323,BARRO ALTO,BA,11/2022,2426,35,"1,44",26,9,"74,29",2391,"98,56",2087,304,"12,53"
290323,BARRO ALTO,BA,09/2022,2569,2236,"87,04",2236,0,"100,00",333,"12,96",8,325,"12,65"
290323,BARRO ALTO,BA,07/2022,2492,1,"0,04",1,0,"100,00",2491,"99,96",2125,366,"14,69"
290327,BARROCAS,BA,07/2022,2941,2690,"91,47",2519,171,"93,64",251,"8,53",31,220,"7,48"
290327,BARROCAS,BA,09/2022,2948,2779,"94,27",2536,243,"91,26",169,"5,73",29,140,"4,75"
290327,BARROCAS,BA,11/2022,2755,2562,"92,99",2509,53,"97,93",193,"7,01",24,169,"6,13"
290330,BARRO PRETO,BA,11/2022,1246,1027,"82,42",980,47,"95,42",219,"17,58",10,209,"16,77"
290330,BARRO PRETO,BA,09/2022,1309,1017,"77,69",919,98,"90,36",292,"22,31",6,286,"21,85"
290330,BARRO PRETO,BA,07/2022,1321,1043,"78,96",961,82,"92,14",278,"21,04",9,269,"20,36"
290340,BELMONTE,BA,07/2022,4181,3455,"82,64",3449,6,"99,83",726,"17,36",19,707,"16,91"
290340,BELMONTE,BA,09/2022,4210,3180,"75,53",3176,4,"99,87",1030,"24,47",289,741,"17,60"
290340,BELMONTE,BA,11/2022,4194,3381,"80,62",3377,4,"99,88",813,"19,38",328,485,"11,56"
290350,BELO CAMPO,BA,09/2022,3273,1847,"56,43",1806,41,"97,78",1426,"43,57",867,559,"17,08"
290350,BELO CAMPO,BA,11/2022,3314,2699,"81,44",2667,32,"98,81",615,"18,56",60,555,"16,75"
290350,BELO CAMPO,BA,07/2022,3223,2117,"65,68",2060,57,"97,31",1106,"34,32",549,557,"17,28"
290360,BIRITINGA,BA,07/2022,3540,2751,"77,71",2539,212,"92,29",789,"22,29",62,727,"20,54"
290360,BIRITINGA,BA,09/2022,3428,2807,"81,88",2596,211,"92,48",621,"18,12",147,474,"13,83"
290360,BIRITINGA,BA,11/2022,3271,2716,"83,03",2618,98,"96,39",555,"16,97",81,474,"14,49"
290370,BOA NOVA,BA,11/2022,2598,1986,"76,44",1969,17,"99,14",612,"23,56",339,273,"10,51"
290370,BOA NOVA,BA,09/2022,2711,2208,"81,45",2059,149,"93,25",503,"18,55",217,286,"10,55"
290370,BOA NOVA,BA,07/2022,2724,832,"30,54",787,45,"94,59",1892,"69,46",1627,265,"9,73"
290380,BOA VISTA DO TUPIM,BA,07/2022,4059,1,"0,02",0,1,"0,00",4058,"99,98",3279,779,"19,19"
290380,BOA VISTA DO TUPIM,BA,09/2022,4317,3517,"81,47",3443,74,"97,90",800,"18,53",25,775,"17,95"
290380,BOA VISTA DO TUPIM,BA,11/2022,4269,3447,"80,74",3032,415,"87,96",822,"19,26",53,769,"18,01"
290390,BOM JESUS DA LAPA,BA,09/2022,13554,11901,"87,80",11616,285,"97,61",1653,"12,20",219,1434,"10,58"
290390,BOM JESUS DA LAPA,BA,11/2022,13325,11637,"87,33",11353,284,"97,56",1688,"12,67",254,1434,"10,76"
290390,BOM JESUS DA LAPA,BA,07/2022,13422,9760,"72,72",9423,337,"96,55",3662,"27,28",244,3418,"25,47"
290395,BOM JESUS DA SERRA,BA,07/2022,1996,1208,"60,52",1070,138,"88,58",788,"39,48",106,682,"34,17"
290395,BOM JESUS DA SERRA,BA,09/2022,1994,1169,"58,63",1038,131,"88,79",825,"41,37",112,713,"35,76"
290395,BOM JESUS DA SERRA,BA,11/2022,1883,1167,"61,98",1134,33,"97,17",716,"38,02",150,566,"30,06"
290400,BONINAL,BA,09/2022,2581,2328,"90,20",2327,1,"99,96",253,"9,80",21,232,"8,99"
290400,BONINAL,BA,11/2022,2512,2288,"91,08",2288,0,"100,00",224,"8,92",17,207,"8,24"
290400,BONINAL,BA,07/2022,2593,2083,"80,33",2044,39,"98,13",510,"19,67",37,473,"18,24"
290405,BONITO,BA,07/2022,3441,2217,"64,43",2196,21,"99,05",1224,"35,57",383,841,"24,44"
290405,BONITO,BA,09/2022,3432,2201,"64,13",2088,113,"94,87",1231,"35,87",21,1210,"35,26"
290405,BONITO,BA,11/2022,3334,2017,"60,50",1967,50,"97,52",1317,"39,50",19,1298,"38,93"
290410,BOQUIRA,BA,09/2022,3578,2300,"64,28",2245,55,"97,61",1278,"35,72",134,1144,"31,97"
290410,BOQUIRA,BA,11/2022,3524,2508,"71,17",2456,52,"97,93",1016,"28,83",68,948,"26,90"
290410,BOQUIRA,BA,07/2022,3588,2456,"68,45",2419,37,"98,49",1132,"31,55",145,987,"27,51"
290420,BOTUPORÃ,BA,07/2022,1977,1221,"61,76",1074,147,"87,96",756,"38,24",27,729,"36,87"
290420,BOTUPORÃ,BA,09/2022,1955,1891,"96,73",1636,255,"86,52",64,"3,27",24,40,"2,05"
290420,BOTUPORÃ,BA,11/2022,1823,1635,"89,69",1564,71,"95,66",188,"10,31",17,171,"9,38"
290430,BREJÕES,BA,09/2022,2515,1936,"76,98",1717,219,"88,69",579,"23,02",5,574,"22,82"
290430,BREJÕES,BA,11/2022,2411,1966,"81,54",1807,159,"91,91",445,"18,46",4,441,"18,29"
290430,BREJÕES,BA,07/2022,2546,2010,"78,95",1536,474,"76,42",536,"21,05",7,529,"20,78"
290440,BREJOLÂNDIA,BA,07/2022,1574,1106,"70,27",929,177,"84,00",468,"29,73",11,457,"29,03"
290440,BREJOLÂNDIA,BA,11/2022,1398,778,"55,65",778,0,"100,00",620,"44,35",178,442,"31,62"
290440,BREJOLÂNDIA,BA,09/2022,1568,909,"57,97",909,0,"100,00",659,"42,03",37,622,"39,67"
290450,BROTAS DE MACAÚBAS,BA,11/2022,2190,1929,"88,08",1801,128,"93,36",261,"11,92",29,232,"10,59"
290450,BROTAS DE MACAÚBAS,BA,09/2022,2285,1942,"84,99",1777,165,"91,50",343,"15,01",27,316,"13,83"
290450,BROTAS DE MACAÚBAS,BA,07/2022,2254,1912,"84,83",1792,120,"93,72",342,"15,17",19,323,"14,33"
290460,BRUMADO,BA,07/2022,7627,5862,"76,86",5862,0,"100,00",1765,"23,14",78,1687,"22,12"
290460,BRUMADO,BA,11/2022,7716,6207,"80,44",6206,1,"99,98",1509,"19,56",21,1488,"19,28"
290460,BRUMADO,BA,09/2022,7752,6031,"77,80",6024,7,"99,88",1721,"22,20",23,1698,"21,90"
290470,BUERAREMA,BA,11/2022,2673,2140,"80,06",2097,43,"97,99",533,"19,94",3,530,"19,83"
290470,BUERAREMA,BA,09/2022,2681,2128,"79,37",1970,158,"92,58",553,"20,63",0,553,"20,63"
290470,BUERAREMA,BA,07/2022,2787,2145,"76,96",2064,81,"96,22",642,"23,04",0,642,"23,04"
290475,BURITIRAMA,BA,07/2022,4431,2661,"60,05",2582,79,"97,03",1770,"39,95",218,1552,"35,03"
290475,BURITIRAMA,BA,11/2022,4228,2604,"61,59",2513,91,"96,51",1624,"38,41",481,1143,"27,03"
290475,BURITIRAMA,BA,09/2022,4467,2898,"64,88",2666,232,"91,99",1569,"35,12",61,1508,"33,76"
290480,CAATIBA,BA,09/2022,986,890,"90,26",836,54,"93,93",96,"9,74",24,72,"7,30"
290480,CAATIBA,BA,11/2022,933,816,"87,46",783,33,"95,96",117,"12,54",15,102,"10,93"
290480,CAATIBA,BA,07/2022,1003,910,"90,73",896,14,"98,46",93,"9,27",20,73,"7,28"
290485,CABACEIRAS DO PARAGUAÇU,BA,07/2022,4105,3793,"92,40",3793,0,"100,00",312,"7,60",17,295,"7,19"
290485,CABACEIRAS DO PARAGUAÇU,BA,11/2022,4127,3906,"94,65",3905,1,"99,97",221,"5,35",8,213,"5,16"
290485,CABACEIRAS DO PARAGUAÇU,BA,09/2022,4174,3938,"94,35",3938,0,"100,00",236,"5,65",22,214,"5,13"
290490,CACHOEIRA,BA,09/2022,5647,3695,"65,43",3552,143,"96,13",1952,"34,57",148,1804,"31,95"
290490,CACHOEIRA,BA,11/2022,5501,3485,"63,35",3431,54,"98,45",2016,"36,65",489,1527,"27,76"
290490,CACHOEIRA,BA,07/2022,5746,2724,"47,41",2578,146,"94,64",3022,"52,59",233,2789,"48,54"
290500,CACULÉ,BA,07/2022,2638,1833,"69,48",1658,175,"90,45",805,"30,52",180,625,"23,69"
290500,CACULÉ,BA,09/2022,2658,2089,"78,59",1998,91,"95,64",569,"21,41",64,505,"19,00"
290500,CACULÉ,BA,11/2022,2514,2027,"80,63",1934,93,"95,41",487,"19,37",50,437,"17,38"
290510,CAÉM,BA,11/2022,2487,1879,"75,55",1879,0,"100,00",608,"24,45",19,589,"23,68"
290510,CAÉM,BA,09/2022,2494,1873,"75,10",1873,0,"100,00",621,"24,90",23,598,"23,98"
290510,CAÉM,BA,07/2022,2434,169,"6,94",168,1,"99,41",2265,"93,06",1659,606,"24,90"
290515,CAETANOS,BA,07/2022,2780,2328,"83,74",2082,246,"89,43",452,"16,26",76,376,"13,53"
290515,CAETANOS,BA,09/2022,2794,2398,"85,83",2117,281,"88,28",396,"14,17",5,391,"13,99"
290515,CAETANOS,BA,11/2022,2473,2107,"85,20",2105,2,"99,91",366,"14,80",4,362,"14,64"
290520,CAETITÉ,BA,11/2022,6855,6232,"90,91",5801,431,"93,08",623,"9,09",61,562,"8,20"
290520,CAETITÉ,BA,09/2022,7027,5966,"84,90",5270,696,"88,33",1061,"15,10",541,520,"7,40"
290520,CAETITÉ,BA,07/2022,7010,5511,"78,62",4559,952,"82,73",1499,"21,38",561,938,"13,38"
290530,CAFARNAUM,BA,07/2022,3938,3290,"83,54",3143,147,"95,53",648,"16,46",52,596,"15,13"
290530,CAFARNAUM,BA,09/2022,3919,3234,"82,52",3095,139,"95,70",685,"17,48",13,672,"17,15"
290530,CAFARNAUM,BA,11/2022,3785,3133,"82,77",3096,37,"98,82",652,"17,23",23,629,"16,62"
290540,CAIRU,BA,09/2022,3516,2617,"74,43",2610,7,"99,73",899,"25,57",32,867,"24,66"
290540,CAIRU,BA,11/2022,3503,3140,"89,64",3139,1,"99,97",363,"10,36",25,338,"9,65"
290540,CAIRU,BA,07/2022,3103,0,"0,00",0,0,,3103,"100,00",2255,848,"27,33"
290550,CALDEIRÃO GRANDE,BA,07/2022,3399,956,"28,13",859,97,"89,85",2443,"71,87",1323,1120,"32,95"
290550,CALDEIRÃO GRANDE,BA,09/2022,3324,2804,"84,36",2797,7,"99,75",520,"15,64",93,427,"12,85"
290550,CALDEIRÃO GRANDE,BA,11/2022,3149,2652,"84,22",2483,169,"93,63",497,"15,78",136,361,"11,46"
290560,CAMACAN,BA,09/2022,4081,1794,"43,96",1626,168,"90,64",2287,"56,04",75,2212,"54,20"
290560,CAMACAN,BA,11/2022,3929,2055,"52,30",1939,116,"94,36",1874,"47,70",173,1701,"43,29"
290560,CAMACAN,BA,07/2022,4163,1580,"37,95",1392,188,"88,10",2583,"62,05",261,2322,"55,78"
290570,CAMAÇARI,BA,07/2022,36542,18574,"50,83",17088,1486,"92,00",17968,"49,17",5599,12369,"33,85"
290570,CAMAÇARI,BA,09/2022,39280,24408,"62,14",23402,1006,"95,88",14872,"37,86",1193,13679,"34,82"
290570,CAMAÇARI,BA,11/2022,40157,27125,"67,55",26168,957,"96,47",13032,"32,45",656,12376,"30,82"
290580,CAMAMU,BA,09/2022,7130,5753,"80,69",5314,439,"92,37",1377,"19,31",86,1291,"18,11"
290580,CAMAMU,BA,11/2022,6699,5873,"87,67",5503,370,"93,70",826,"12,33",49,777,"11,60"
290580,CAMAMU,BA,07/2022,7464,6514,"87,27",5469,1045,"83,96",950,"12,73",93,857,"11,48"
290590,CAMPO ALEGRE DE LOURDES,BA,07/2022,6078,4755,"78,23",4534,221,"95,35",1323,"21,77",20,1303,"21,44"
290590,CAMPO ALEGRE DE LOURDES,BA,11/2022,5831,4686,"80,36",4615,71,"98,48",1145,"19,64",144,1001,"17,17"
290590,CAMPO ALEGRE DE LOURDES,BA,09/2022,6052,4656,"76,93",4498,158,"96,61",1396,"23,07",92,1304,"21,55"
290600,CAMPO FORMOSO,BA,09/2022,14198,9792,"68,97",9427,365,"96,27",4406,"31,03",141,4265,"30,04"
290600,CAMPO FORMOSO,BA,11/2022,14018,10547,"75,24",10159,388,"96,32",3471,"24,76",55,3416,"24,37"
290600,CAMPO FORMOSO,BA,07/2022,14259,9109,"63,88",8680,429,"95,29",5150,"36,12",271,4879,"34,22"
290610,CANÁPOLIS,BA,07/2022,1826,1329,"72,78",1329,0,"100,00",497,"27,22",40,457,"25,03"
290610,CANÁPOLIS,BA,11/2022,1717,1261,"73,44",1261,0,"100,00",456,"26,56",24,432,"25,16"
290610,CANÁPOLIS,BA,09/2022,1819,1286,"70,70",1207,79,"93,86",533,"29,30",12,521,"28,64"
290620,CANARANA,BA,09/2022,4916,3721,"75,69",3522,199,"94,65",1195,"24,31",34,1161,"23,62"
290620,CANARANA,BA,11/2022,4786,2497,"52,17",2471,26,"98,96",2289,"47,83",1174,1115,"23,30"
290620,CANARANA,BA,07/2022,5042,3520,"69,81",3289,231,"93,44",1522,"30,19",427,1095,"21,72"
290630,CANAVIEIRAS,BA,07/2022,6353,2493,"39,24",2394,99,"96,03",3860,"60,76",1645,2215,"34,87"
290630,CANAVIEIRAS,BA,09/2022,6247,4717,"75,51",4667,50,"98,94",1530,"24,49",648,882,"14,12"
290630,CANAVIEIRAS,BA,11/2022,6208,5248,"84,54",4989,259,"95,06",960,"15,46",84,876,"14,11"
290640,CANDEAL,BA,11/2022,1349,1024,"75,91",988,36,"96,48",325,"24,09",88,237,"17,57"
290640,CANDEAL,BA,09/2022,1479,1169,"79,04",1025,144,"87,68",310,"20,96",50,260,"17,58"
290640,CANDEAL,BA,07/2022,1627,1057,"64,97",943,114,"89,21",570,"35,03",38,532,"32,70"
290650,CANDEIAS,BA,07/2022,11684,6119,"52,37",5973,146,"97,61",5565,"47,63",1917,3648,"31,22"
290650,CANDEIAS,BA,09/2022,11895,4491,"37,76",4491,0,"100,00",7404,"62,24",3603,3801,"31,95"
290650,CANDEIAS,BA,11/2022,12375,7326,"59,20",7325,1,"99,99",5049,"40,80",1154,3895,"31,47"
290660,CANDIBA,BA,11/2022,2120,1714,"80,85",1567,147,"91,42",406,"19,15",4,402,"18,96"
290660,CANDIBA,BA,09/2022,2293,1788,"77,98",1559,229,"87,19",505,"22,02",5,500,"21,81"
290660,CANDIBA,BA,07/2022,2275,1781,"78,29",1543,238,"86,64",494,"21,71",2,492,"21,63"
290670,CÂNDIDO SALES,BA,07/2022,5105,2634,"51,60",2630,4,"99,85",2471,"48,40",11,2460,"48,19"
290670,CÂNDIDO SALES,BA,11/2022,5096,3219,"63,17",3219,0,"100,00",1877,"36,83",5,1872,"36,73"
290670,CÂNDIDO SALES,BA,09/2022,5160,2346,"45,47",2346,0,"100,00",2814,"54,53",180,2634,"51,05"
290680,CANSANÇÃO,BA,11/2022,7296,6161,"84,44",5743,418,"93,22",1135,"15,56",96,1039,"14,24"
290680,CANSANÇÃO,BA,09/2022,7745,6498,"83,90",5819,679,"89,55",1247,"16,10",131,1116,"14,41"
290680,CANSANÇÃO,BA,07/2022,7847,6180,"78,76",5739,441,"92,86",1667,"21,24",65,1602,"20,42"
290682,CANUDOS,BA,07/2022,3325,1614,"48,54",1544,70,"95,66",1711,"51,46",758,953,"28,66"
290682,CANUDOS,BA,11/2022,3248,1799,"55,39",1745,54,"97,00",1449,"44,61",556,893,"27,49"
290682,CANUDOS,BA,09/2022,3347,1749,"52,26",1694,55,"96,86",1598,"47,74",648,950,"28,38"
290685,CAPELA DO ALTO ALEGRE,BA,09/2022,1559,1137,"72,93",973,164,"85,58",422,"27,07",12,410,"26,30"
290685,CAPELA DO ALTO ALEGRE,BA,11/2022,1490,1100,"73,83",1011,89,"91,91",390,"26,17",8,382,"25,64"
290685,CAPELA DO ALTO ALEGRE,BA,07/2022,1560,1160,"74,36",960,200,"82,76",400,"25,64",11,389,"24,94"
290687,CAPIM GROSSO,BA,07/2022,5194,3796,"73,08",3494,302,"92,04",1398,"26,92",112,1286,"24,76"
290687,CAPIM GROSSO,BA,09/2022,5227,4204,"80,43",3941,263,"93,74",1023,"19,57",105,918,"17,56"
290687,CAPIM GROSSO,BA,11/2022,5194,4502,"86,68",4301,201,"95,54",692,"13,32",29,663,"12,76"
290689,CARAÍBAS,BA,09/2022,1817,863,"47,50",848,15,"98,26",954,"52,50",90,864,"47,55"
290689,CARAÍBAS,BA,11/2022,1797,1269,"70,62",1250,19,"98,50",528,"29,38",15,513,"28,55"
290689,CARAÍBAS,BA,07/2022,1833,923,"50,35",897,26,"97,18",910,"49,65",45,865,"47,19"
290690,CARAVELAS,BA,07/2022,3963,299,"7,54",272,27,"90,97",3664,"92,46",2789,875,"22,08"
290690,CARAVELAS,BA,11/2022,3839,3113,"81,09",3024,89,"97,14",726,"18,91",26,700,"18,23"
290690,CARAVELAS,BA,09/2022,4055,3285,"81,01",3261,24,"99,27",770,"18,99",44,726,"17,90"
290700,CARDEAL DA SILVA,BA,09/2022,2235,1387,"62,06",1387,0,"100,00",848,"37,94",55,793,"35,48"
290700,CARDEAL DA SILVA,BA,11/2022,2147,1618,"75,36",1618,0,"100,00",529,"24,64",14,515,"23,99"
290700,CARDEAL DA SILVA,BA,07/2022,2197,1495,"68,05",1495,0,"100,00",702,"31,95",18,684,"31,13"
290710,CARINHANHA,BA,07/2022,6798,4322,"63,58",4289,33,"99,24",2476,"36,42",84,2392,"35,19"
290710,CARINHANHA,BA,09/2022,6763,4708,"69,61",4631,77,"98,36",2055,"30,39",31,2024,"29,93"
290710,CARINHANHA,BA,11/2022,6640,4695,"70,71",4622,73,"98,45",1945,"29,29",369,1576,"23,73"
290720,CASA NOVA,BA,11/2022,15438,11004,"71,28",11000,4,"99,96",4434,"28,72",1281,3153,"20,42"
290720,CASA NOVA,BA,09/2022,15590,9275,"59,49",9261,14,"99,85",6315,"40,51",2669,3646,"23,39"
290720,CASA NOVA,BA,07/2022,15464,10204,"65,99",10200,4,"99,96",5260,"34,01",1581,3679,"23,79"
290730,CASTRO ALVES,BA,07/2022,4520,3153,"69,76",3121,32,"98,99",1367,"30,24",68,1299,"28,74"
290730,CASTRO ALVES,BA,11/2022,4342,2723,"62,71",2721,2,"99,93",1619,"37,29",10,1609,"37,06"
290730,CASTRO ALVES,BA,09/2022,4478,2264,"50,56",2069,195,"91,39",2214,"49,44",542,1672,"37,34"
290740,CATOLÂNDIA,BA,11/2022,703,515,"73,26",489,26,"94,95",188,"26,74",2,186,"26,46"
290740,CATOLÂNDIA,BA,07/2022,717,511,"71,27",406,105,"79,45",206,"28,73",5,201,"28,03"
290740,CATOLÂNDIA,BA,09/2022,730,486,"66,58",429,57,"88,27",244,"33,42",3,241,"33,01"
290750,CATU,BA,09/2022,7214,5051,"70,02",4696,355,"92,97",2163,"29,98",264,1899,"26,32"
290750,CATU,BA,11/2022,7055,4984,"70,64",4693,291,"94,16",2071,"29,36",239,1832,"25,97"
290750,CATU,BA,07/2022,7048,4904,"69,58",4651,253,"94,84",2144,"30,42",273,1871,"26,55"
290755,CATURAMA,BA,07/2022,1231,1082,"87,90",991,91,"91,59",149,"12,10",10,139,"11,29"
290755,CATURAMA,BA,09/2022,1205,1142,"94,77",1028,114,"90,02",63,"5,23",13,50,"4,15"
290755,CATURAMA,BA,11/2022,1092,1061,"97,16",1026,35,"96,70",31,"2,84",3,28,"2,56"
290760,CENTRAL,BA,09/2022,2617,2331,"89,07",2222,109,"95,32",286,"10,93",9,277,"10,58"
290760,CENTRAL,BA,11/2022,2497,2374,"95,07",2140,234,"90,14",123,"4,93",4,119,"4,77"
290760,CENTRAL,BA,07/2022,2651,2396,"90,38",2216,180,"92,49",255,"9,62",41,214,"8,07"
290770,CHORROCHÓ,BA,07/2022,2450,0,"0,00",0,0,,2450,"100,00",2117,333,"13,59"
290770,CHORROCHÓ,BA,09/2022,2533,1661,"65,57",1661,0,"100,00",872,"34,43",536,336,"13,26"
290770,CHORROCHÓ,BA,11/2022,2554,2197,"86,02",2193,4,"99,82",357,"13,98",6,351,"13,74"
290780,CÍCERO DANTAS,BA,11/2022,5064,2624,"51,82",2613,11,"99,58",2440,"48,18",21,2419,"47,77"
290780,CÍCERO DANTAS,BA,09/2022,5158,2519,"48,84",2354,165,"93,45",2639,"51,16",24,2615,"50,70"
290780,CÍCERO DANTAS,BA,07/2022,5199,2635,"50,68",2463,172,"93,47",2564,"49,32",24,2540,"48,86"
290790,CIPÓ,BA,07/2022,3874,3234,"83,48",3234,0,"100,00",640,"16,52",121,519,"13,40"
290790,CIPÓ,BA,11/2022,3764,3338,"88,68",3251,87,"97,39",426,"11,32",54,372,"9,88"
290790,CIPÓ,BA,09/2022,3868,3329,"86,07",3266,63,"98,11",539,"13,93",139,400,"10,34"
290800,COARACI,BA,09/2022,3537,3053,"86,32",3052,1,"99,97",484,"13,68",9,475,"13,43"
290800,COARACI,BA,11/2022,3438,2988,"86,91",2988,0,"100,00",450,"13,09",7,443,"12,89"
290800,COARACI,BA,07/2022,3569,3079,"86,27",3079,0,"100,00",490,"13,73",10,480,"13,45"
290810,COCOS,BA,07/2022,3582,2436,"68,01",2436,0,"100,00",1146,"31,99",50,1096,"30,60"
290810,COCOS,BA,11/2022,3492,3023,"86,57",3023,0,"100,00",469,"13,43",11,458,"13,12"
290810,COCOS,BA,09/2022,3520,2411,"68,49",2411,0,"100,00",1109,"31,51",17,1092,"31,02"
290820,CONCEIÇÃO DA FEIRA,BA,09/2022,3963,2371,"59,83",2246,125,"94,73",1592,"40,17",203,1389,"35,05"
290820,CONCEIÇÃO DA FEIRA,BA,11/2022,3950,2499,"63,27",2418,81,"96,76",1451,"36,73",111,1340,"33,92"
290820,CONCEIÇÃO DA FEIRA,BA,07/2022,3898,2203,"56,52",2158,45,"97,96",1695,"43,48",117,1578,"40,48"
290830,CONCEIÇÃO DO ALMEIDA,BA,07/2022,2392,1437,"60,08",1304,133,"90,74",955,"39,92",71,884,"36,96"
290830,CONCEIÇÃO DO ALMEIDA,BA,09/2022,2213,1609,"72,71",1570,39,"97,58",604,"27,29",142,462,"20,88"
290830,CONCEIÇÃO DO ALMEIDA,BA,11/2022,2000,1618,"80,90",1618,0,"100,00",382,"19,10",74,308,"15,40"
290840,CONCEIÇÃO DO COITÉ,BA,09/2022,12945,10236,"79,07",10234,2,"99,98",2709,"20,93",42,2667,"20,60"
290840,CONCEIÇÃO DO COITÉ,BA,11/2022,12783,10312,"80,67",10312,0,"100,00",2471,"19,33",23,2448,"19,15"
290840,CONCEIÇÃO DO COITÉ,BA,07/2022,12735,10062,"79,01",10061,1,"99,99",2673,"20,99",39,2634,"20,68"
290850,CONCEIÇÃO DO JACUÍPE,BA,07/2022,5413,4608,"85,13",4607,1,"99,98",805,"14,87",61,744,"13,74"
290850,CONCEIÇÃO DO JACUÍPE,BA,09/2022,5606,4577,"81,64",4554,23,"99,50",1029,"18,36",193,836,"14,91"
290850,CONCEIÇÃO DO JACUÍPE,BA,11/2022,5503,4468,"81,19",4468,0,"100,00",1035,"18,81",46,989,"17,97"
290860,CONDE,BA,09/2022,5979,4509,"75,41",4509,0,"100,00",1470,"24,59",891,579,"9,68"
290860,CONDE,BA,11/2022,5814,4283,"73,67",4283,0,"100,00",1531,"26,33",655,876,"15,07"
290860,CONDE,BA,07/2022,5930,4889,"82,45",4889,0,"100,00",1041,"17,55",489,552,"9,31"
290870,CONDEÚBA,BA,07/2022,2700,1588,"58,81",1588,0,"100,00",1112,"41,19",799,313,"11,59"
290870,CONDEÚBA,BA,11/2022,2689,2147,"79,84",2146,1,"99,95",542,"20,16",215,327,"12,16"
290870,CONDEÚBA,BA,09/2022,2707,2135,"78,87",2135,0,"100,00",572,"21,13",249,323,"11,93"
290880,CONTENDAS DO SINCORÁ,BA,09/2022,731,680,"93,02",587,93,"86,32",51,"6,98",6,45,"6,16"
290880,CONTENDAS DO SINCORÁ,BA,11/2022,687,638,"92,87",583,55,"91,38",49,"7,13",3,46,"6,70"
290880,CONTENDAS DO SINCORÁ,BA,07/2022,742,683,"92,05",588,95,"86,09",59,"7,95",8,51,"6,87"
290890,CORAÇÃO DE MARIA,BA,07/2022,5440,3802,"69,89",3701,101,"97,34",1638,"30,11",134,1504,"27,65"
290890,CORAÇÃO DE MARIA,BA,11/2022,5044,3689,"73,14",3628,61,"98,35",1355,"26,86",109,1246,"24,70"
290890,CORAÇÃO DE MARIA,BA,09/2022,5292,3884,"73,39",3879,5,"99,87",1408,"26,61",137,1271,"24,02"
290900,CORDEIROS,BA,11/2022,1051,854,"81,26",854,0,"100,00",197,"18,74",1,196,"18,65"
290900,CORDEIROS,BA,09/2022,1138,645,"56,68",583,62,"90,39",493,"43,32",230,263,"23,11"
290900,CORDEIROS,BA,07/2022,1145,866,"75,63",866,0,"100,00",279,"24,37",29,250,"21,83"
290910,CORIBE,BA,07/2022,2747,1906,"69,38",1892,14,"99,27",841,"30,62",15,826,"30,07"
290910,CORIBE,BA,09/2022,2792,1850,"66,26",1840,10,"99,46",942,"33,74",18,924,"33,09"
290910,CORIBE,BA,11/2022,2723,2201,"80,83",2175,26,"98,82",522,"19,17",14,508,"18,66"
290920,CORONEL JOÃO SÁ,BA,09/2022,3958,3286,"83,02",3283,3,"99,91",672,"16,98",47,625,"15,79"
290920,CORONEL JOÃO SÁ,BA,11/2022,3896,3337,"85,65",3337,0,"100,00",559,"14,35",13,546,"14,01"
290920,CORONEL JOÃO SÁ,BA,07/2022,3929,3180,"80,94",3179,1,"99,97",749,"19,06",135,614,"15,63"
290930,CORRENTINA,BA,07/2022,5449,4073,"74,75",4049,24,"99,41",1376,"25,25",56,1320,"24,22"
290930,CORRENTINA,BA,09/2022,5417,3850,"71,07",3849,1,"99,97",1567,"28,93",265,1302,"24,04"
290930,CORRENTINA,BA,11/2022,5370,4129,"76,89",4129,0,"100,00",1241,"23,11",151,1090,"20,30"
290940,COTEGIPE,BA,09/2022,3035,2742,"90,35",2737,5,"99,82",293,"9,65",12,281,"9,26"
290940,COTEGIPE,BA,11/2022,2957,2809,"94,99",2809,0,"100,00",148,"5,01",11,137,"4,63"
290940,COTEGIPE,BA,07/2022,3111,2668,"85,76",2667,1,"99,96",443,"14,24",45,398,"12,79"
290950,CRAVOLÂNDIA,BA,07/2022,902,753,"83,48",731,22,"97,08",149,"16,52",3,146,"16,19"
290950,CRAVOLÂNDIA,BA,09/2022,903,734,"81,28",666,68,"90,74",169,"18,72",4,165,"18,27"
290950,CRAVOLÂNDIA,BA,11/2022,867,837,"96,54",800,37,"95,58",30,"3,46",2,28,"3,23"
290960,CRISÓPOLIS,BA,09/2022,4263,3678,"86,28",3678,0,"100,00",585,"13,72",17,568,"13,32"
290960,CRISÓPOLIS,BA,11/2022,4236,3616,"85,36",3587,29,"99,20",620,"14,64",7,613,"14,47"
290960,CRISÓPOLIS,BA,07/2022,4268,3677,"86,15",3677,0,"100,00",591,"13,85",23,568,"13,31"
290970,CRISTÓPOLIS,BA,09/2022,2343,1576,"67,26",1576,0,"100,00",767,"32,74",7,760,"32,44"
290970,CRISTÓPOLIS,BA,07/2022,2347,1480,"63,06",1452,28,"98,11",867,"36,94",193,674,"28,72"
290970,CRISTÓPOLIS,BA,11/2022,2334,1656,"70,95",1655,1,"99,94",678,"29,05",6,672,"28,79"
290980,CRUZ DAS ALMAS,BA,11/2022,8019,5217,"65,06",4877,340,"93,48",2802,"34,94",10,2792,"34,82"
290980,CRUZ DAS ALMAS,BA,09/2022,7921,4630,"58,45",4279,351,"92,42",3291,"41,55",14,3277,"41,37"
290980,CRUZ DAS ALMAS,BA,07/2022,7720,4439,"57,50",4347,92,"97,93",3281,"42,50",161,3120,"40,41"
290990,CURAÇÁ,BA,07/2022,7126,4653,"65,30",4483,170,"96,35",2473,"34,70",1157,1316,"18,47"
290990,CURAÇÁ,BA,09/2022,7275,5804,"79,78",5550,254,"95,62",1471,"20,22",68,1403,"19,29"
290990,CURAÇÁ,BA,11/2022,7219,5829,"80,75",5633,196,"96,64",1390,"19,25",295,1095,"15,17"
291000,DÁRIO MEIRA,BA,09/2022,2551,1724,"67,58",1724,0,"100,00",827,"32,42",176,651,"25,52"
291000,DÁRIO MEIRA,BA,11/2022,2499,1878,"75,15",1878,0,"100,00",621,"24,85",128,493,"19,73"
291000,DÁRIO MEIRA,BA,07/2022,2587,1746,"67,49",1746,0,"100,00",841,"32,51",179,662,"25,59"
291005,DIAS D´ÁVILA,BA,07/2022,12166,8012,"65,86",7757,255,"96,82",4154,"34,14",140,4014,"32,99"
291005,DIAS D´ÁVILA,BA,11/2022,11850,9548,"80,57",9396,152,"98,41",2302,"19,43",390,1912,"16,14"
291005,DIAS D´ÁVILA,BA,09/2022,11961,9901,"82,78",9551,350,"96,47",2060,"17,22",196,1864,"15,58"
291010,DOM BASÍLIO,BA,11/2022,1671,1598,"95,63",1585,13,"99,19",73,"4,37",6,67,"4,01"
291010,DOM BASÍLIO,BA,09/2022,1798,1701,"94,61",1530,171,"89,95",97,"5,39",4,93,"5,17"
291010,DOM BASÍLIO,BA,07/2022,1797,1662,"92,49",1513,149,"91,03",135,"7,51",10,125,"6,96"
291020,DOM MACEDO COSTA,BA,07/2022,650,509,"78,31",479,30,"94,11",141,"21,69",22,119,"18,31"
291020,DOM MACEDO COSTA,BA,11/2022,609,577,"94,75",553,24,"95,84",32,"5,25",26,6,"0,99"
291020,DOM MACEDO COSTA,BA,09/2022,648,614,"94,75",525,89,"85,50",34,"5,25",14,20,"3,09"
291030,ELÍSIO MEDRADO,BA,11/2022,1012,925,"91,40",884,41,"95,57",87,"8,60",31,56,"5,53"
291030,ELÍSIO MEDRADO,BA,09/2022,1075,1015,"94,42",917,98,"90,34",60,"5,58",12,48,"4,47"
291030,ELÍSIO MEDRADO,BA,07/2022,1100,982,"89,27",821,161,"83,60",118,"10,73",8,110,"10,00"
291040,ENCRUZILHADA,BA,07/2022,4000,2926,"73,15",2904,22,"99,25",1074,"26,85",93,981,"24,53"
291040,ENCRUZILHADA,BA,11/2022,3810,2792,"73,28",2770,22,"99,21",1018,"26,72",50,968,"25,41"
291040,ENCRUZILHADA,BA,09/2022,3840,1556,"40,52",1549,7,"99,55",2284,"59,48",1217,1067,"27,79"
291050,ENTRE RIOS,BA,11/2022,7283,5506,"75,60",5506,0,"100,00",1777,"24,40",160,1617,"22,20"
291050,ENTRE RIOS,BA,09/2022,6848,3536,"51,64",3536,0,"100,00",3312,"48,36",1743,1569,"22,91"
291050,ENTRE RIOS,BA,07/2022,7051,4262,"60,45",4262,0,"100,00",2789,"39,55",1274,1515,"21,49"
291060,ESPLANADA,BA,07/2022,6310,4650,"73,69",4647,3,"99,94",1660,"26,31",40,1620,"25,67"
291060,ESPLANADA,BA,09/2022,6503,4683,"72,01",4670,13,"99,72",1820,"27,99",119,1701,"26,16"
291060,ESPLANADA,BA,11/2022,6490,4945,"76,19",4672,273,"94,48",1545,"23,81",30,1515,"23,34"
291070,EUCLIDES DA CUNHA,BA,11/2022,11787,11177,"94,82",11177,0,"100,00",610,"5,18",548,62,"0,53"
291070,EUCLIDES DA CUNHA,BA,09/2022,11915,11770,"98,78",11770,0,"100,00",145,"1,22",122,23,"0,19"
291070,EUCLIDES DA CUNHA,BA,07/2022,11681,11643,"99,67",11640,3,"99,97",38,"0,33",20,18,"0,15"
291072,EUNÁPOLIS,BA,07/2022,15247,11760,"77,13",11750,10,"99,91",3487,"22,87",36,3451,"22,63"
291072,EUNÁPOLIS,BA,09/2022,15943,12156,"76,25",12150,6,"99,95",3787,"23,75",69,3718,"23,32"
291072,EUNÁPOLIS,BA,11/2022,16195,12970,"80,09",12958,12,"99,91",3225,"19,91",35,3190,"19,70"
291075,FÁTIMA,BA,09/2022,3095,2535,"81,91",2457,78,"96,92",560,"18,09",100,460,"14,86"
291075,FÁTIMA,BA,11/2022,2994,2536,"84,70",2441,95,"96,25",458,"15,30",27,431,"14,40"
291075,FÁTIMA,BA,07/2022,3056,2385,"78,04",2255,130,"94,55",671,"21,96",65,606,"19,83"
291077,FEIRA DA MATA,BA,07/2022,892,507,"56,84",444,63,"87,57",385,"43,16",68,317,"35,54"
291077,FEIRA DA MATA,BA,09/2022,880,557,"63,30",498,59,"89,41",323,"36,70",7,316,"35,91"
291077,FEIRA DA MATA,BA,11/2022,842,531,"63,06",513,18,"96,61",311,"36,94",7,304,"36,10"
291080,FEIRA DE SANTANA,BA,11/2022,76537,42849,"55,98",42764,85,"99,80",33688,"44,02",6791,26897,"35,14"
291080,FEIRA DE SANTANA,BA,09/2022,74611,26835,"35,97",26637,198,"99,26",47776,"64,03",15564,32212,"43,17"
291080,FEIRA DE SANTANA,BA,07/2022,72915,33874,"46,46",33736,138,"99,59",39041,"53,54",7935,31106,"42,66"
291085,FILADÉLFIA,BA,07/2022,3560,2774,"77,92",2646,128,"95,39",786,"22,08",22,764,"21,46"
291085,FILADÉLFIA,BA,09/2022,3542,2790,"78,77",2647,143,"94,87",752,"21,23",22,730,"20,61"
291085,FILADÉLFIA,BA,11/2022,3450,3040,"88,12",2869,171,"94,38",410,"11,88",20,390,"11,30"
291090,FIRMINO ALVES,BA,11/2022,961,804,"83,66",790,14,"98,26",157,"16,34",5,152,"15,82"
291090,FIRMINO ALVES,BA,09/2022,997,726,"72,82",654,72,"90,08",271,"27,18",6,265,"26,58"
291090,FIRMINO ALVES,BA,07/2022,995,699,"70,25",642,57,"91,85",296,"29,75",0,296,"29,75"
291100,FLORESTA AZUL,BA,07/2022,1822,1486,"81,56",1486,0,"100,00",336,"18,44",4,332,"18,22"
291100,FLORESTA AZUL,BA,11/2022,1794,1470,"81,94",1470,0,"100,00",324,"18,06",4,320,"17,84"
291100,FLORESTA AZUL,BA,09/2022,1823,1488,"81,62",1488,0,"100,00",335,"18,38",3,332,"18,21"
291110,FORMOSA DO RIO PRETO,BA,09/2022,5439,3479,"63,96",3479,0,"100,00",1960,"36,04",163,1797,"33,04"
291110,FORMOSA DO RIO PRETO,BA,11/2022,5424,3511,"64,73",3511,0,"100,00",1913,"35,27",149,1764,"32,52"
291110,FORMOSA DO RIO PRETO,BA,07/2022,5266,3421,"64,96",3420,1,"99,97",1845,"35,04",206,1639,"31,12"
291120,GANDU,BA,07/2022,5495,3235,"58,87",2862,373,"88,47",2260,"41,13",68,2192,"39,89"
291120,GANDU,BA,09/2022,5424,4099,"75,57",3790,309,"92,46",1325,"24,43",95,1230,"22,68"
291120,GANDU,BA,11/2022,5141,4073,"79,23",3756,317,"92,22",1068,"20,77",28,1040,"20,23"
291125,GAVIÃO,BA,11/2022,749,580,"77,44",552,28,"95,17",169,"22,56",19,150,"20,03"
291125,GAVIÃO,BA,09/2022,809,611,"75,53",549,62,"89,85",198,"24,47",15,183,"22,62"
291125,GAVIÃO,BA,07/2022,813,621,"76,38",551,70,"88,73",192,"23,62",22,170,"20,91"
291130,GENTIO DO OURO,BA,07/2022,1929,1551,"80,40",1505,46,"97,03",378,"19,60",157,221,"11,46"
291130,GENTIO DO OURO,BA,11/2022,1685,1464,"86,88",1450,14,"99,04",221,"13,12",4,217,"12,88"
291130,GENTIO DO OURO,BA,09/2022,1755,1536,"87,52",1456,80,"94,79",219,"12,48",6,213,"12,14"
291140,GLÓRIA,BA,11/2022,2744,2394,"87,24",2284,110,"95,41",350,"12,76",0,350,"12,76"
291140,GLÓRIA,BA,09/2022,2812,2398,"85,28",2250,148,"93,83",414,"14,72",0,414,"14,72"
291140,GLÓRIA,BA,07/2022,2841,2508,"88,28",2285,223,"91,11",333,"11,72",0,333,"11,72"
291150,GONGOGI,BA,07/2022,1572,354,"22,52",254,100,"71,75",1218,"77,48",264,954,"60,69"
291150,GONGOGI,BA,09/2022,1557,604,"38,79",604,0,"100,00",953,"61,21",12,941,"60,44"
291150,GONGOGI,BA,11/2022,1461,458,"31,35",425,33,"92,79",1003,"68,65",15,988,"67,62"
291160,GOVERNADOR MANGABEIRA,BA,11/2022,3913,3781,"96,63",3770,11,"99,71",132,"3,37",14,118,"3,02"
291160,GOVERNADOR MANGABEIRA,BA,09/2022,3798,3667,"96,55",3652,15,"99,59",131,"3,45",28,103,"2,71"
291160,GOVERNADOR MANGABEIRA,BA,07/2022,3871,3425,"88,48",3425,0,"100,00",446,"11,52",56,390,"10,07"
291165,GUAJERU,BA,07/2022,975,530,"54,36",476,54,"89,81",445,"45,64",311,134,"13,74"
291165,GUAJERU,BA,09/2022,959,546,"56,93",490,56,"89,74",413,"43,07",280,133,"13,87"
291165,GUAJERU,BA,11/2022,922,420,"45,55",394,26,"93,81",502,"54,45",385,117,"12,69"
291170,GUANAMBI,BA,11/2022,11810,10473,"88,68",10139,334,"96,81",1337,"11,32",21,1316,"11,14"
291170,GUANAMBI,BA,09/2022,12255,10251,"83,65",9539,712,"93,05",2004,"16,35",49,1955,"15,95"
291170,GUANAMBI,BA,07/2022,11979,9381,"78,31",8721,660,"92,96",2598,"21,69",22,2576,"21,50"
291180,GUARATINGA,BA,07/2022,3635,1139,"31,33",1061,78,"93,15",2496,"68,67",930,1566,"43,08"
291180,GUARATINGA,BA,11/2022,3483,1599,"45,91",1532,67,"95,81",1884,"54,09",183,1701,"48,84"
291180,GUARATINGA,BA,09/2022,3629,1759,"48,47",1692,67,"96,19",1870,"51,53",147,1723,"47,48"
291185,HELIÓPOLIS,BA,11/2022,2090,1892,"90,53",1653,239,"87,37",198,"9,47",8,190,"9,09"
291185,HELIÓPOLIS,BA,09/2022,2176,1708,"78,49",1594,114,"93,33",468,"21,51",4,464,"21,32"
291185,HELIÓPOLIS,BA,07/2022,2172,1707,"78,59",1442,265,"84,48",465,"21,41",28,437,"20,12"
291190,IAÇU,BA,07/2022,5243,3279,"62,54",3152,127,"96,13",1964,"37,46",677,1287,"24,55"
291190,IAÇU,BA,09/2022,4943,4250,"85,98",3962,288,"93,22",693,"14,02",73,620,"12,54"
291190,IAÇU,BA,11/2022,4884,4102,"83,99",3912,190,"95,37",782,"16,01",127,655,"13,41"
291200,IBIASSUCÊ,BA,11/2022,1162,1037,"89,24",948,89,"91,42",125,"10,76",2,123,"10,59"
291200,IBIASSUCÊ,BA,09/2022,1228,1011,"82,33",927,84,"91,69",217,"17,67",3,214,"17,43"
291200,IBIASSUCÊ,BA,07/2022,1221,1061,"86,90",953,108,"89,82",160,"13,10",4,156,"12,78"
291210,IBICARAÍ,BA,07/2022,3879,1789,"46,12",1789,0,"100,00",2090,"53,88",141,1949,"50,24"
291210,IBICARAÍ,BA,09/2022,3838,1843,"48,02",1843,0,"100,00",1995,"51,98",94,1901,"49,53"
291210,IBICARAÍ,BA,11/2022,3773,1926,"51,05",1926,0,"100,00",1847,"48,95",12,1835,"48,64"
291220,IBICOARA,BA,09/2022,3751,3064,"81,68",2682,382,"87,53",687,"18,32",10,677,"18,05"
291220,IBICOARA,BA,11/2022,3556,3007,"84,56",2634,373,"87,60",549,"15,44",8,541,"15,21"
291220,IBICOARA,BA,07/2022,3651,2733,"74,86",2386,347,"87,30",918,"25,14",41,877,"24,02"
291230,IBICUÍ,BA,07/2022,2614,1662,"63,58",1475,187,"88,75",952,"36,42",62,890,"34,05"
291230,IBICUÍ,BA,09/2022,2504,2082,"83,15",1926,156,"92,51",422,"16,85",44,378,"15,10"
291230,IBICUÍ,BA,11/2022,2360,2042,"86,53",1979,63,"96,91",318,"13,47",28,290,"12,29"
291240,IBIPEBA,BA,11/2022,2874,2465,"85,77",2403,62,"97,48",409,"14,23",32,377,"13,12"
291240,IBIPEBA,BA,09/2022,2915,2341,"80,31",2295,46,"98,04",574,"19,69",12,562,"19,28"
291240,IBIPEBA,BA,07/2022,3003,2236,"74,46",2211,25,"98,88",767,"25,54",101,666,"22,18"
291250,IBIPITANGA,BA,07/2022,2033,1705,"83,87",1681,24,"98,59",328,"16,13",86,242,"11,90"
291250,IBIPITANGA,BA,09/2022,1990,1528,"76,78",1528,0,"100,00",462,"23,22",219,243,"12,21"
291250,IBIPITANGA,BA,11/2022,2021,1785,"88,32",1784,1,"99,94",236,"11,68",0,236,"11,68"
291260,IBIQUERA,BA,09/2022,879,739,"84,07",668,71,"90,39",140,"15,93",15,125,"14,22"
291260,IBIQUERA,BA,11/2022,830,695,"83,73",660,35,"94,96",135,"16,27",13,122,"14,70"
291260,IBIQUERA,BA,07/2022,893,731,"81,86",649,82,"88,78",162,"18,14",30,132,"14,78"
291270,IBIRAPITANGA,BA,07/2022,4309,2570,"59,64",2434,136,"94,71",1739,"40,36",687,1052,"24,41"
291270,IBIRAPITANGA,BA,11/2022,4195,3002,"71,56",2885,117,"96,10",1193,"28,44",220,973,"23,19"
291270,IBIRAPITANGA,BA,09/2022,4235,2870,"67,77",2727,143,"95,02",1365,"32,23",301,1064,"25,12"
291280,IBIRAPUÃ,BA,11/2022,1465,1181,"80,61",1128,53,"95,51",284,"19,39",24,260,"17,75"
291280,IBIRAPUÃ,BA,09/2022,1527,1229,"80,48",1128,101,"91,78",298,"19,52",27,271,"17,75"
291280,IBIRAPUÃ,BA,07/2022,1490,1026,"68,86",983,43,"95,81",464,"31,14",180,284,"19,06"
291290,IBIRATAIA,BA,07/2022,3540,1511,"42,68",1369,142,"90,60",2029,"57,32",210,1819,"51,38"
291290,IBIRATAIA,BA,11/2022,3518,1780,"50,60",1693,87,"95,11",1738,"49,40",58,1680,"47,75"
291290,IBIRATAIA,BA,09/2022,3505,1641,"46,82",1558,83,"94,94",1864,"53,18",62,1802,"51,41"
291300,IBITIARA,BA,11/2022,2364,1734,"73,35",1734,0,"100,00",630,"26,65",284,346,"14,64"
291300,IBITIARA,BA,09/2022,2391,1931,"80,76",1931,0,"100,00",460,"19,24",103,357,"14,93"
291300,IBITIARA,BA,07/2022,2445,2079,"85,03",2079,0,"100,00",366,"14,97",5,361,"14,76"
291310,IBITITÁ,BA,07/2022,3527,170,"4,82",170,0,"100,00",3357,"95,18",2636,721,"20,44"
291310,IBITITÁ,BA,09/2022,3611,3265,"90,42",3174,91,"97,21",346,"9,58",71,275,"7,62"
291310,IBITITÁ,BA,11/2022,3526,3119,"88,46",3118,1,"99,97",407,"11,54",74,333,"9,44"
291320,IBOTIRAMA,BA,09/2022,4715,2589,"54,91",2503,86,"96,68",2126,"45,09",44,2082,"44,16"
291320,IBOTIRAMA,BA,11/2022,4605,2791,"60,61",2734,57,"97,96",1814,"39,39",86,1728,"37,52"
291320,IBOTIRAMA,BA,07/2022,4699,2626,"55,88",2263,363,"86,18",2073,"44,12",324,1749,"37,22"
291330,ICHU,BA,07/2022,967,830,"85,83",712,118,"85,78",137,"14,17",27,110,"11,38"
291330,ICHU,BA,11/2022,918,818,"89,11",788,30,"96,33",100,"10,89",22,78,"8,50"
291330,ICHU,BA,09/2022,1022,859,"84,05",748,111,"87,08",163,"15,95",79,84,"8,22"
291340,IGAPORÃ,BA,09/2022,2508,1973,"78,67",1949,24,"98,78",535,"21,33",32,503,"20,06"
291340,IGAPORÃ,BA,11/2022,2496,1871,"74,96",1863,8,"99,57",625,"25,04",17,608,"24,36"
291340,IGAPORÃ,BA,07/2022,2530,2158,"85,30",2146,12,"99,44",372,"14,70",9,363,"14,35"
291345,IGRAPIÚNA,BA,07/2022,3061,1940,"63,38",1915,25,"98,71",1121,"36,62",184,937,"30,61"
291345,IGRAPIÚNA,BA,11/2022,2897,1586,"54,75",1566,20,"98,74",1311,"45,25",404,907,"31,31"
291345,IGRAPIÚNA,BA,09/2022,2939,1574,"53,56",1532,42,"97,33",1365,"46,44",421,944,"32,12"
291350,IGUAÍ,BA,09/2022,4535,4304,"94,91",4139,165,"96,17",231,"5,09",26,205,"4,52"
291350,IGUAÍ,BA,11/2022,4317,4054,"93,91",4054,0,"100,00",263,"6,09",72,191,"4,42"
291350,IGUAÍ,BA,07/2022,4650,4151,"89,27",4146,5,"99,88",499,"10,73",13,486,"10,45"
291360,ILHÉUS,BA,07/2022,25196,12535,"49,75",12498,37,"99,70",12661,"50,25",388,12273,"48,71"
291360,ILHÉUS,BA,09/2022,25794,13181,"51,10",13160,21,"99,84",12613,"48,90",356,12257,"47,52"
291360,ILHÉUS,BA,11/2022,25795,13778,"53,41",13685,93,"99,33",12017,"46,59",1752,10265,"39,79"
291370,INHAMBUPE,BA,11/2022,6580,5405,"82,14",5402,3,"99,94",1175,"17,86",125,1050,"15,96"
291370,INHAMBUPE,BA,09/2022,6789,5128,"75,53",5128,0,"100,00",1661,"24,47",382,1279,"18,84"
291370,INHAMBUPE,BA,07/2022,6705,5207,"77,66",5207,0,"100,00",1498,"22,34",212,1286,"19,18"
291380,IPECAETÁ,BA,07/2022,2603,2173,"83,48",2173,0,"100,00",430,"16,52",32,398,"15,29"
291380,IPECAETÁ,BA,09/2022,2676,2196,"82,06",2196,0,"100,00",480,"17,94",29,451,"16,85"
291380,IPECAETÁ,BA,11/2022,2617,2153,"82,27",2153,0,"100,00",464,"17,73",14,450,"17,20"
291390,IPIAÚ,BA,11/2022,7422,6374,"85,88",6374,0,"100,00",1048,"14,12",126,922,"12,42"
291390,IPIAÚ,BA,09/2022,7507,6099,"81,24",6098,1,"99,98",1408,"18,76",104,1304,"17,37"
291390,IPIAÚ,BA,07/2022,7302,5288,"72,42",5288,0,"100,00",2014,"27,58",751,1263,"17,30"
291400,IPIRÁ,BA,07/2022,9828,4925,"50,11",4713,212,"95,70",4903,"49,89",821,4082,"41,53"
291400,IPIRÁ,BA,09/2022,9783,5153,"52,67",5031,122,"97,63",4630,"47,33",599,4031,"41,20"
291400,IPIRÁ,BA,11/2022,9557,5246,"54,89",5138,108,"97,94",4311,"45,11",691,3620,"37,88"
291410,IPUPIARA,BA,11/2022,1541,1462,"94,87",1421,41,"97,20",79,"5,13",12,67,"4,35"
291410,IPUPIARA,BA,09/2022,1630,1458,"89,45",1458,0,"100,00",172,"10,55",12,160,"9,82"
291410,IPUPIARA,BA,07/2022,1626,1448,"89,05",1355,93,"93,58",178,"10,95",10,168,"10,33"
291420,IRAJUBA,BA,07/2022,1294,936,"72,33",850,86,"90,81",358,"27,67",2,356,"27,51"
291420,IRAJUBA,BA,09/2022,1218,1100,"90,31",996,104,"90,55",118,"9,69",10,108,"8,87"
291420,IRAJUBA,BA,11/2022,1161,1019,"87,77",972,47,"95,39",142,"12,23",10,132,"11,37"
291430,IRAMAIA,BA,09/2022,2015,1562,"77,52",1426,136,"91,29",453,"22,48",5,448,"22,23"
291430,IRAMAIA,BA,11/2022,1936,1497,"77,32",1395,102,"93,19",439,"22,68",1,438,"22,62"
291430,IRAMAIA,BA,07/2022,2038,1604,"78,70",1585,19,"98,82",434,"21,30",6,428,"21,00"
291440,IRAQUARA,BA,07/2022,4953,3881,"78,36",3823,58,"98,51",1072,"21,64",161,911,"18,39"
291440,IRAQUARA,BA,09/2022,4960,3847,"77,56",3795,52,"98,65",1113,"22,44",85,1028,"20,73"
291440,IRAQUARA,BA,11/2022,4852,3733,"76,94",3698,35,"99,06",1119,"23,06",50,1069,"22,03"
291450,IRARÁ,BA,09/2022,6250,4306,"68,90",4150,156,"96,38",1944,"31,10",51,1893,"30,29"
291450,IRARÁ,BA,11/2022,5982,4229,"70,70",4104,125,"97,04",1753,"29,30",49,1704,"28,49"
291450,IRARÁ,BA,07/2022,6364,4061,"63,81",3881,180,"95,57",2303,"36,19",27,2276,"35,76"
291460,IRECÊ,BA,07/2022,11732,5920,"50,46",5893,27,"99,54",5812,"49,54",1784,4028,"34,33"
291460,IRECÊ,BA,11/2022,13299,9006,"67,72",8892,114,"98,73",4293,"32,28",192,4101,"30,84"
291460,IRECÊ,BA,09/2022,13199,8248,"62,49",8195,53,"99,36",4951,"37,51",467,4484,"33,97"
291465,ITABELA,BA,11/2022,6556,2872,"43,81",2786,86,"97,01",3684,"56,19",1344,2340,"35,69"
291465,ITABELA,BA,09/2022,6683,2901,"43,41",2786,115,"96,04",3782,"56,59",1161,2621,"39,22"
291465,ITABELA,BA,07/2022,6681,2914,"43,62",2627,287,"90,15",3767,"56,38",1167,2600,"38,92"
291470,ITABERABA,BA,07/2022,11079,4129,"37,27",3715,414,"89,97",6950,"62,73",453,6497,"58,64"
291470,ITABERABA,BA,09/2022,11287,3897,"34,53",3555,342,"91,22",7390,"65,47",382,7008,"62,09"
291470,ITABERABA,BA,11/2022,10859,4087,"37,64",3751,336,"91,78",6772,"62,36",355,6417,"59,09"
291480,ITABUNA,BA,11/2022,22245,16634,"74,78",16235,399,"97,60",5611,"25,22",278,5333,"23,97"
291480,ITABUNA,BA,09/2022,22313,13511,"60,55",13120,391,"97,11",8802,"39,45",414,8388,"37,59"
291480,ITABUNA,BA,07/2022,22014,13298,"60,41",13092,206,"98,45",8716,"39,59",497,8219,"37,34"
291490,ITACARÉ,BA,07/2022,4997,3709,"74,22",3708,1,"99,97",1288,"25,78",90,1198,"23,97"
291490,ITACARÉ,BA,11/2022,4978,2681,"53,86",2526,155,"94,22",2297,"46,14",513,1784,"35,84"
291490,ITACARÉ,BA,09/2022,5065,3168,"62,55",3066,102,"96,78",1897,"37,45",79,1818,"35,89"
291500,ITAETÉ,BA,09/2022,3309,2804,"84,74",2569,235,"91,62",505,"15,26",37,468,"14,14"
291500,ITAETÉ,BA,11/2022,3203,2733,"85,33",2732,1,"99,96",470,"14,67",23,447,"13,96"
291500,ITAETÉ,BA,07/2022,3447,2852,"82,74",2804,48,"98,32",595,"17,26",46,549,"15,93"
291510,ITAGI,BA,07/2022,2694,1664,"61,77",1385,279,"83,23",1030,"38,23",12,1018,"37,79"
291510,ITAGI,BA,11/2022,2526,1903,"75,34",1758,145,"92,38",623,"24,66",16,607,"24,03"
291510,ITAGI,BA,09/2022,2651,1934,"72,95",1705,229,"88,16",717,"27,05",54,663,"25,01"
291520,ITAGIBÁ,BA,11/2022,2600,2213,"85,12",2068,145,"93,45",387,"14,88",34,353,"13,58"
291520,ITAGIBÁ,BA,09/2022,2701,2303,"85,26",2130,173,"92,49",398,"14,74",44,354,"13,11"
291520,ITAGIBÁ,BA,07/2022,2719,2331,"85,73",2091,240,"89,70",388,"14,27",54,334,"12,28"
291530,ITAGIMIRIM,BA,07/2022,1398,1114,"79,69",1064,50,"95,51",284,"20,31",1,283,"20,24"
291530,ITAGIMIRIM,BA,09/2022,1397,600,"42,95",597,3,"99,50",797,"57,05",498,299,"21,40"
291530,ITAGIMIRIM,BA,11/2022,1374,1146,"83,41",1146,0,"100,00",228,"16,59",2,226,"16,45"
291535,ITAGUAÇU DA BAHIA,BA,11/2022,2628,1772,"67,43",1765,7,"99,60",856,"32,57",26,830,"31,58"
291535,ITAGUAÇU DA BAHIA,BA,09/2022,2650,1364,"51,47",1276,88,"93,55",1286,"48,53",417,869,"32,79"
291535,ITAGUAÇU DA BAHIA,BA,07/2022,2823,1605,"56,85",1566,39,"97,57",1218,"43,15",364,854,"30,25"
291540,ITAJU DO COLÔNIA,BA,07/2022,1453,712,"49,00",697,15,"97,89",741,"51,00",196,545,"37,51"
291540,ITAJU DO COLÔNIA,BA,09/2022,1438,551,"38,32",543,8,"98,55",887,"61,68",340,547,"38,04"
291540,ITAJU DO COLÔNIA,BA,11/2022,1382,733,"53,04",704,29,"96,04",649,"46,96",156,493,"35,67"
291550,ITAJUÍPE,BA,09/2022,3345,1143,"34,17",1105,38,"96,68",2202,"65,83",1057,1145,"34,23"
291550,ITAJUÍPE,BA,11/2022,3267,1565,"47,90",1543,22,"98,59",1702,"52,10",600,1102,"33,73"
291550,ITAJUÍPE,BA,07/2022,3344,1093,"32,69",1076,17,"98,44",2251,"67,31",1076,1175,"35,14"
291560,ITAMARAJU,BA,07/2022,11112,5796,"52,16",5552,244,"95,79",5316,"47,84",775,4541,"40,87"
291560,ITAMARAJU,BA,09/2022,11110,5769,"51,93",5585,184,"96,81",5341,"48,07",900,4441,"39,97"
291560,ITAMARAJU,BA,11/2022,10925,6499,"59,49",6396,103,"98,42",4426,"40,51",318,4108,"37,60"
291570,ITAMARI,BA,09/2022,1578,1184,"75,03",1105,79,"93,33",394,"24,97",46,348,"22,05"
291570,ITAMARI,BA,11/2022,1484,1152,"77,63",1149,3,"99,74",332,"22,37",34,298,"20,08"
291570,ITAMARI,BA,07/2022,1626,0,"0,00",0,0,,1626,"100,00",1305,321,"19,74"
291580,ITAMBÉ,BA,07/2022,4381,3373,"76,99",3373,0,"100,00",1008,"23,01",178,830,"18,95"
291580,ITAMBÉ,BA,11/2022,4426,3053,"68,98",3053,0,"100,00",1373,"31,02",541,832,"18,80"
291580,ITAMBÉ,BA,09/2022,4479,3442,"76,85",3442,0,"100,00",1037,"23,15",173,864,"19,29"
291590,ITANAGRA,BA,11/2022,1464,1363,"93,10",1363,0,"100,00",101,"6,90",9,92,"6,28"
291590,ITANAGRA,BA,09/2022,1575,1319,"83,75",1318,1,"99,92",256,"16,25",54,202,"12,83"
291590,ITANAGRA,BA,07/2022,1517,1128,"74,36",1091,37,"96,72",389,"25,64",245,144,"9,49"
291600,ITANHÉM,BA,07/2022,2698,1598,"59,23",1571,27,"98,31",1100,"40,77",316,784,"29,06"
291600,ITANHÉM,BA,11/2022,2645,2003,"75,73",1938,65,"96,75",642,"24,27",3,639,"24,16"
291600,ITANHÉM,BA,09/2022,2676,1865,"69,69",1840,25,"98,66",811,"30,31",54,757,"28,29"
291610,ITAPARICA,BA,09/2022,4220,3132,"74,22",3039,93,"97,03",1088,"25,78",115,973,"23,06"
291610,ITAPARICA,BA,11/2022,4121,3293,"79,91",3215,78,"97,63",828,"20,09",22,806,"19,56"
291610,ITAPARICA,BA,07/2022,4090,2401,"58,70",2254,147,"93,88",1689,"41,30",796,893,"21,83"
291620,ITAPÉ,BA,07/2022,1938,1465,"75,59",1453,12,"99,18",473,"24,41",12,461,"23,79"
291620,ITAPÉ,BA,09/2022,1907,1181,"61,93",1167,14,"98,81",726,"38,07",75,651,"34,14"
291620,ITAPÉ,BA,11/2022,1876,1220,"65,03",1218,2,"99,84",656,"34,97",10,646,"34,43"
291630,ITAPEBI,BA,09/2022,2044,1347,"65,90",1280,67,"95,03",697,"34,10",11,686,"33,56"
291630,ITAPEBI,BA,11/2022,2040,1549,"75,93",1502,47,"96,97",491,"24,07",16,475,"23,28"
291630,ITAPEBI,BA,07/2022,2061,1138,"55,22",1074,64,"94,38",923,"44,78",10,913,"44,30"
291640,ITAPETINGA,BA,07/2022,9250,4877,"52,72",4711,166,"96,60",4373,"47,28",37,4336,"46,88"
291640,ITAPETINGA,BA,09/2022,9487,3758,"39,61",3501,257,"93,16",5729,"60,39",648,5081,"53,56"
291640,ITAPETINGA,BA,11/2022,9552,4663,"48,82",4324,339,"92,73",4889,"51,18",26,4863,"50,91"
291650,ITAPICURU,BA,09/2022,6961,2397,"34,43",2389,8,"99,67",4564,"65,57",2528,2036,"29,25"
291650,ITAPICURU,BA,11/2022,6863,2587,"37,69",2514,73,"97,18",4276,"62,31",2277,1999,"29,13"
291650,ITAPICURU,BA,07/2022,7051,4475,"63,47",4419,56,"98,75",2576,"36,53",602,1974,"28,00"
291660,ITAPITANGA,BA,07/2022,1175,907,"77,19",763,144,"84,12",268,"22,81",5,263,"22,38"
291660,ITAPITANGA,BA,09/2022,1142,499,"43,70",405,94,"81,16",643,"56,30",403,240,"21,02"
291660,ITAPITANGA,BA,11/2022,1093,848,"77,58",741,107,"87,38",245,"22,42",11,234,"21,41"
291670,ITAQUARA,BA,09/2022,1241,964,"77,68",910,54,"94,40",277,"22,32",41,236,"19,02"
291670,ITAQUARA,BA,11/2022,1158,957,"82,64",924,33,"96,55",201,"17,36",16,185,"15,98"
291670,ITAQUARA,BA,07/2022,1227,1024,"83,46",827,197,"80,76",203,"16,54",33,170,"13,85"
291680,ITARANTIM,BA,07/2022,2690,1500,"55,76",1461,39,"97,40",1190,"44,24",619,571,"21,23"
291680,ITARANTIM,BA,09/2022,2665,822,"30,84",801,21,"97,45",1843,"69,16",1211,632,"23,71"
291680,ITARANTIM,BA,11/2022,2667,1956,"73,34",1840,116,"94,07",711,"26,66",81,630,"23,62"
291685,ITATIM,BA,09/2022,3563,2548,"71,51",2144,404,"84,14",1015,"28,49",302,713,"20,01"
291685,ITATIM,BA,11/2022,3330,2082,"62,52",1979,103,"95,05",1248,"37,48",644,604,"18,14"
291685,ITATIM,BA,07/2022,3364,1945,"57,82",1755,190,"90,23",1419,"42,18",757,662,"19,68"
291690,ITIRUÇU,BA,07/2022,2011,1659,"82,50",1612,47,"97,17",352,"17,50",187,165,"8,20"
291690,ITIRUÇU,BA,11/2022,1937,1737,"89,67",1712,25,"98,56",200,"10,33",30,170,"8,78"
291690,ITIRUÇU,BA,09/2022,1983,1762,"88,86",1751,11,"99,38",221,"11,14",64,157,"7,92"
291700,ITIÚBA,BA,11/2022,7028,5105,"72,64",5042,63,"98,77",1923,"27,36",333,1590,"22,62"
291700,ITIÚBA,BA,09/2022,7024,3208,"45,67",3012,196,"93,89",3816,"54,33",2164,1652,"23,52"
291700,ITIÚBA,BA,07/2022,7119,4398,"61,78",4287,111,"97,48",2721,"38,22",347,2374,"33,35"
291710,ITORORÓ,BA,07/2022,3127,1729,"55,29",1663,66,"96,18",1398,"44,71",176,1222,"39,08"
291710,ITORORÓ,BA,11/2022,3137,1868,"59,55",1771,97,"94,81",1269,"40,45",223,1046,"33,34"
291710,ITORORÓ,BA,09/2022,3168,1473,"46,50",1434,39,"97,35",1695,"53,50",433,1262,"39,84"
291720,ITUAÇU,BA,09/2022,3007,2245,"74,66",1967,278,"87,62",762,"25,34",13,749,"24,91"
291720,ITUAÇU,BA,11/2022,2960,2229,"75,30",1944,285,"87,21",731,"24,70",11,720,"24,32"
291720,ITUAÇU,BA,07/2022,3032,2034,"67,08",1753,281,"86,18",998,"32,92",12,986,"32,52"
291730,ITUBERÁ,BA,07/2022,4605,3383,"73,46",3169,214,"93,67",1222,"26,54",133,1089,"23,65"
291730,ITUBERÁ,BA,09/2022,4524,3402,"75,20",3156,246,"92,77",1122,"24,80",250,872,"19,27"
291730,ITUBERÁ,BA,11/2022,4307,3429,"79,61",3311,118,"96,56",878,"20,39",65,813,"18,88"
291733,IUIÚ,BA,11/2022,1716,1547,"90,15",1468,79,"94,89",169,"9,85",9,160,"9,32"
291733,IUIÚ,BA,09/2022,1809,1643,"90,82",1460,183,"88,86",166,"9,18",12,154,"8,51"
291733,IUIÚ,BA,07/2022,1842,1652,"89,69",1567,85,"94,85",190,"10,31",27,163,"8,85"
291735,JABORANDI,BA,07/2022,1539,1196,"77,71",1106,90,"92,47",343,"22,29",7,336,"21,83"
291735,JABORANDI,BA,11/2022,1431,1242,"86,79",1142,100,"91,95",189,"13,21",14,175,"12,23"
291735,JABORANDI,BA,09/2022,1508,1078,"71,49",1065,13,"98,79",430,"28,51",7,423,"28,05"
291740,JACARACI,BA,11/2022,1662,1551,"93,32",1507,44,"97,16",111,"6,68",19,92,"5,54"
291740,JACARACI,BA,09/2022,1768,1636,"92,53",1524,112,"93,15",132,"7,47",21,111,"6,28"
291740,JACARACI,BA,07/2022,1822,1646,"90,34",1640,6,"99,64",176,"9,66",26,150,"8,23"
291750,JACOBINA,BA,07/2022,12915,7813,"60,50",7456,357,"95,43",5102,"39,50",235,4867,"37,68"
291750,JACOBINA,BA,09/2022,13014,8028,"61,69",7702,326,"95,94",4986,"38,31",365,4621,"35,51"
291750,JACOBINA,BA,11/2022,12682,7776,"61,32",7568,208,"97,33",4906,"38,68",816,4090,"32,25"
291760,JAGUAQUARA,BA,11/2022,7507,4058,"54,06",3979,79,"98,05",3449,"45,94",1212,2237,"29,80"
291760,JAGUAQUARA,BA,09/2022,7467,1634,"21,88",1529,105,"93,57",5833,"78,12",3599,2234,"29,92"
291760,JAGUAQUARA,BA,07/2022,7622,5031,"66,01",4672,359,"92,86",2591,"33,99",334,2257,"29,61"
291770,JAGUARARI,BA,07/2022,4896,4172,"85,21",4000,172,"95,88",724,"14,79",50,674,"13,77"
291770,JAGUARARI,BA,11/2022,4759,4015,"84,37",3892,123,"96,94",744,"15,63",9,735,"15,44"
291770,JAGUARARI,BA,09/2022,4863,4275,"87,91",4275,0,"100,00",588,"12,09",21,567,"11,66"
291780,JAGUARIPE,BA,11/2022,3867,2655,"68,66",2655,0,"100,00",1212,"31,34",127,1085,"28,06"
291780,JAGUARIPE,BA,09/2022,3833,2624,"68,46",2622,2,"99,92",1209,"31,54",49,1160,"30,26"
291780,JAGUARIPE,BA,07/2022,3746,2533,"67,62",2531,2,"99,92",1213,"32,38",76,1137,"30,35"
291790,JANDAÍRA,BA,07/2022,2282,1482,"64,94",1404,78,"94,74",800,"35,06",106,694,"30,41"
291790,JANDAÍRA,BA,09/2022,2246,1312,"58,41",1264,48,"96,34",934,"41,59",254,680,"30,28"
291790,JANDAÍRA,BA,11/2022,2248,1606,"71,44",1527,79,"95,08",642,"28,56",22,620,"27,58"
291800,JEQUIÉ,BA,09/2022,20617,10727,"52,03",9864,863,"91,95",9890,"47,97",1488,8402,"40,75"
291800,JEQUIÉ,BA,11/2022,20510,11875,"57,90",11045,830,"93,01",8635,"42,10",582,8053,"39,26"
291800,JEQUIÉ,BA,07/2022,20427,9526,"46,63",8857,669,"92,98",10901,"53,37",638,10263,"50,24"
291810,JEREMOABO,BA,07/2022,7422,4602,"62,00",4334,268,"94,18",2820,"38,00",701,2119,"28,55"
291810,JEREMOABO,BA,11/2022,7332,5061,"69,03",4945,116,"97,71",2271,"30,97",56,2215,"30,21"
291810,JEREMOABO,BA,09/2022,7576,5199,"68,62",4928,271,"94,79",2377,"31,38",35,2342,"30,91"
291820,JIQUIRIÇÁ,BA,11/2022,2759,2355,"85,36",2331,24,"98,98",404,"14,64",27,377,"13,66"
291820,JIQUIRIÇÁ,BA,09/2022,2739,2354,"85,94",2352,2,"99,92",385,"14,06",14,371,"13,55"
291820,JIQUIRIÇÁ,BA,07/2022,2690,2179,"81,00",2135,44,"97,98",511,"19,00",158,353,"13,12"
291830,JITAÚNA,BA,07/2022,2836,2242,"79,06",2242,0,"100,00",594,"20,94",21,573,"20,20"
291830,JITAÚNA,BA,11/2022,2844,2339,"82,24",2336,3,"99,87",505,"17,76",25,480,"16,88"
291830,JITAÚNA,BA,09/2022,2851,2254,"79,06",2254,0,"100,00",597,"20,94",21,576,"20,20"
291835,JOÃO DOURADO,BA,09/2022,4922,2772,"56,32",2750,22,"99,21",2150,"43,68",570,1580,"32,10"
291835,JOÃO DOURADO,BA,11/2022,4831,2428,"50,26",2389,39,"98,39",2403,"49,74",838,1565,"32,39"
291835,JOÃO DOURADO,BA,07/2022,5093,3298,"64,76",3265,33,"99,00",1795,"35,24",243,1552,"30,47"
291840,JUAZEIRO,BA,07/2022,40973,20779,"50,71",20122,657,"96,84",20194,"49,29",598,19596,"47,83"
291840,JUAZEIRO,BA,11/2022,41626,29599,"71,11",28991,608,"97,95",12027,"28,89",871,11156,"26,80"
291840,JUAZEIRO,BA,09/2022,42054,28600,"68,01",27735,865,"96,98",13454,"31,99",812,12642,"30,06"
291845,JUCURUÇU,BA,11/2022,1963,923,"47,02",915,8,"99,13",1040,"52,98",361,679,"34,59"
291845,JUCURUÇU,BA,09/2022,1948,1169,"60,01",1162,7,"99,40",779,"39,99",92,687,"35,27"
291845,JUCURUÇU,BA,07/2022,1944,1033,"53,14",1028,5,"99,52",911,"46,86",214,697,"35,85"
291850,JUSSARA,BA,07/2022,3332,2673,"80,22",2647,26,"99,03",659,"19,78",55,604,"18,13"
291850,JUSSARA,BA,09/2022,3322,2833,"85,28",2601,232,"91,81",489,"14,72",55,434,"13,06"
291850,JUSSARA,BA,11/2022,3089,2693,"87,18",2635,58,"97,85",396,"12,82",18,378,"12,24"
291855,JUSSARI,BA,09/2022,1174,925,"78,79",919,6,"99,35",249,"21,21",8,241,"20,53"
291855,JUSSARI,BA,11/2022,1096,861,"78,56",861,0,"100,00",235,"21,44",4,231,"21,08"
291855,JUSSARI,BA,07/2022,1184,855,"72,21",822,33,"96,14",329,"27,79",14,315,"26,60"
291860,JUSSIAPE,BA,07/2022,840,616,"73,33",612,4,"99,35",224,"26,67",144,80,"9,52"
291860,JUSSIAPE,BA,09/2022,847,646,"76,27",645,1,"99,85",201,"23,73",118,83,"9,80"
291860,JUSSIAPE,BA,11/2022,844,649,"76,90",649,0,"100,00",195,"23,10",111,84,"9,95"
291870,LAFAIETE COUTINHO,BA,11/2022,579,505,"87,22",484,21,"95,84",74,"12,78",1,73,"12,61"
291870,LAFAIETE COUTINHO,BA,09/2022,606,465,"76,73",421,44,"90,54",141,"23,27",0,141,"23,27"
291870,LAFAIETE COUTINHO,BA,07/2022,591,436,"73,77",400,36,"91,74",155,"26,23",21,134,"22,67"
291875,LAGOA REAL,BA,07/2022,1993,1517,"76,12",1515,2,"99,87",476,"23,88",12,464,"23,28"
291875,LAGOA REAL,BA,09/2022,1975,1460,"73,92",1460,0,"100,00",515,"26,08",9,506,"25,62"
291875,LAGOA REAL,BA,11/2022,1935,1732,"89,51",1729,3,"99,83",203,"10,49",10,193,"9,97"
291880,LAJE,BA,11/2022,4002,3562,"89,01",3445,117,"96,72",440,"10,99",207,233,"5,82"
291880,LAJE,BA,09/2022,4232,3793,"89,63",3660,133,"96,49",439,"10,37",253,186,"4,40"
291880,LAJE,BA,07/2022,4375,3618,"82,70",3312,306,"91,54",757,"17,30",348,409,"9,35"
291890,LAJEDÃO,BA,07/2022,674,514,"76,26",445,69,"86,58",160,"23,74",57,103,"15,28"
291890,LAJEDÃO,BA,11/2022,583,507,"86,96",305,202,"60,16",76,"13,04",3,73,"12,52"
291890,LAJEDÃO,BA,09/2022,633,556,"87,84",470,86,"84,53",77,"12,16",16,61,"9,64"
291900,LAJEDINHO,BA,09/2022,754,574,"76,13",551,23,"95,99",180,"23,87",22,158,"20,95"
291900,LAJEDINHO,BA,11/2022,710,523,"73,66",523,0,"100,00",187,"26,34",73,114,"16,06"
291900,LAJEDINHO,BA,07/2022,758,574,"75,73",574,0,"100,00",184,"24,27",31,153,"20,18"
291905,LAJEDO DO TABOCAL,BA,07/2022,1421,1113,"78,33",1005,108,"90,30",308,"21,67",5,303,"21,32"
291905,LAJEDO DO TABOCAL,BA,11/2022,1348,1175,"87,17",1102,73,"93,79",173,"12,83",6,167,"12,39"
291905,LAJEDO DO TABOCAL,BA,09/2022,1428,1090,"76,33",979,111,"89,82",338,"23,67",10,328,"22,97"
291910,LAMARÃO,BA,09/2022,1999,1350,"67,53",1229,121,"91,04",649,"32,47",59,590,"29,51"
291910,LAMARÃO,BA,11/2022,1893,1351,"71,37",1297,54,"96,00",542,"28,63",40,502,"26,52"
291910,LAMARÃO,BA,07/2022,2009,1349,"67,15",1273,76,"94,37",660,"32,85",56,604,"30,06"
291915,LAPÃO,BA,07/2022,5313,3965,"74,63",3959,6,"99,85",1348,"25,37",258,1090,"20,52"
291915,LAPÃO,BA,11/2022,5245,3958,"75,46",3957,1,"99,97",1287,"24,54",204,1083,"20,65"
291915,LAPÃO,BA,09/2022,5268,3959,"75,15",3959,0,"100,00",1309,"24,85",201,1108,"21,03"
291920,LAURO DE FREITAS,BA,11/2022,24075,12219,"50,75",11688,531,"95,65",11856,"49,25",444,11412,"47,40"
291920,LAURO DE FREITAS,BA,09/2022,23407,7618,"32,55",7003,615,"91,93",15789,"67,45",4250,11539,"49,30"
291920,LAURO DE FREITAS,BA,07/2022,21827,7167,"32,84",6761,406,"94,34",14660,"67,16",4326,10334,"47,35"
291930,LENÇÓIS,BA,07/2022,1885,1173,"62,23",1117,56,"95,23",712,"37,77",21,691,"36,66"
291930,LENÇÓIS,BA,11/2022,1823,1636,"89,74",1579,57,"96,52",187,"10,26",10,177,"9,71"
291930,LENÇÓIS,BA,09/2022,1895,1641,"86,60",1604,37,"97,75",254,"13,40",27,227,"11,98"
291940,LICÍNIO DE ALMEIDA,BA,09/2022,1728,1481,"85,71",1481,0,"100,00",247,"14,29",23,224,"12,96"
291940,LICÍNIO DE ALMEIDA,BA,11/2022,1682,758,"45,07",758,0,"100,00",924,"54,93",698,226,"13,44"
291940,LICÍNIO DE ALMEIDA,BA,07/2022,1698,1429,"84,16",1428,1,"99,93",269,"15,84",46,223,"13,13"
291950,LIVRAMENTO DE NOSSA SENHORA,BA,07/2022,6217,4808,"77,34",4749,59,"98,77",1409,"22,66",48,1361,"21,89"
291950,LIVRAMENTO DE NOSSA SENHORA,BA,11/2022,5915,3845,"65,00",3784,61,"98,41",2070,"35,00",886,1184,"20,02"
291950,LIVRAMENTO DE NOSSA SENHORA,BA,09/2022,6230,4869,"78,15",4509,360,"92,61",1361,"21,85",45,1316,"21,12"
291955,LUÍS EDUARDO MAGALHÃES,BA,09/2022,15086,13253,"87,85",12926,327,"97,53",1833,"12,15",71,1762,"11,68"
291955,LUÍS EDUARDO MAGALHÃES,BA,11/2022,14944,13250,"88,66",12911,339,"97,44",1694,"11,34",72,1622,"10,85"
291955,LUÍS EDUARDO MAGALHÃES,BA,07/2022,13684,12200,"89,16",11404,796,"93,48",1484,"10,84",187,1297,"9,48"
291960,MACAJUBA,BA,07/2022,2465,1597,"64,79",1488,109,"93,17",868,"35,21",374,494,"20,04"
291960,MACAJUBA,BA,09/2022,2460,1652,"67,15",1594,58,"96,49",808,"32,85",112,696,"28,29"
291960,MACAJUBA,BA,11/2022,2422,1577,"65,11",1530,47,"97,02",845,"34,89",286,559,"23,08"
291970,MACARANI,BA,11/2022,3010,345,"11,46",345,0,"100,00",2665,"88,54",1057,1608,"53,42"
291970,MACARANI,BA,09/2022,3022,572,"18,93",572,0,"100,00",2450,"81,07",800,1650,"54,60"
291970,MACARANI,BA,07/2022,2960,326,"11,01",321,5,"98,47",2634,"88,99",1131,1503,"50,78"
291980,MACAÚBAS,BA,07/2022,6741,4709,"69,86",4212,497,"89,45",2032,"30,14",532,1500,"22,25"
291980,MACAÚBAS,BA,11/2022,6407,4818,"75,20",4697,121,"97,49",1589,"24,80",819,770,"12,02"
291980,MACAÚBAS,BA,09/2022,6728,5411,"80,43",5165,246,"95,45",1317,"19,57",413,904,"13,44"
291990,MACURURÉ,BA,09/2022,1875,1191,"63,52",1128,63,"94,71",684,"36,48",23,661,"35,25"
291990,MACURURÉ,BA,11/2022,1788,1207,"67,51",1156,51,"95,77",581,"32,49",27,554,"30,98"
291990,MACURURÉ,BA,07/2022,1914,1190,"62,17",1156,34,"97,14",724,"37,83",56,668,"34,90"
291992,MADRE DE DEUS,BA,07/2022,2656,1342,"50,53",1324,18,"98,66",1314,"49,47",59,1255,"47,25"
291992,MADRE DE DEUS,BA,11/2022,2871,1962,"68,34",1940,22,"98,88",909,"31,66",18,891,"31,03"
291992,MADRE DE DEUS,BA,09/2022,2799,1542,"55,09",1524,18,"98,83",1257,"44,91",43,1214,"43,37"
291995,MAETINGA,BA,09/2022,1339,708,"52,88",693,15,"97,88",631,"47,12",328,303,"22,63"
291995,MAETINGA,BA,11/2022,1313,674,"51,33",671,3,"99,55",639,"48,67",353,286,"21,78"
291995,MAETINGA,BA,07/2022,1315,651,"49,51",649,2,"99,69",664,"50,49",334,330,"25,10"
292000,MAIQUINIQUE,BA,07/2022,1827,1445,"79,09",1445,0,"100,00",382,"20,91",167,215,"11,77"
292000,MAIQUINIQUE,BA,11/2022,1819,1300,"71,47",1300,0,"100,00",519,"28,53",290,229,"12,59"
292000,MAIQUINIQUE,BA,09/2022,1861,1388,"74,58",1388,0,"100,00",473,"25,42",240,233,"12,52"
292010,MAIRI,BA,09/2022,3124,2283,"73,08",2115,168,"92,64",841,"26,92",44,797,"25,51"
292010,MAIRI,BA,11/2022,2994,2254,"75,28",2125,129,"94,28",740,"24,72",31,709,"23,68"
292010,MAIRI,BA,07/2022,3147,2292,"72,83",1993,299,"86,95",855,"27,17",65,790,"25,10"
292020,MALHADA,BA,07/2022,3615,2306,"63,79",2179,127,"94,49",1309,"36,21",41,1268,"35,08"
292020,MALHADA,BA,09/2022,3624,2347,"64,76",2248,99,"95,78",1277,"35,24",22,1255,"34,63"
292020,MALHADA,BA,11/2022,3577,2550,"71,29",2411,139,"94,55",1027,"28,71",16,1011,"28,26"
292030,MALHADA DE PEDRAS,BA,11/2022,1196,1099,"91,89",1073,26,"97,63",97,"8,11",7,90,"7,53"
292030,MALHADA DE PEDRAS,BA,09/2022,1262,1164,"92,23",1052,112,"90,38",98,"7,77",7,91,"7,21"
292030,MALHADA DE PEDRAS,BA,07/2022,1284,1143,"89,02",1056,87,"92,39",141,"10,98",10,131,"10,20"
292040,MANOEL VITORINO,BA,07/2022,2891,1997,"69,08",1837,160,"91,99",894,"30,92",69,825,"28,54"
292040,MANOEL VITORINO,BA,09/2022,2909,1951,"67,07",1835,116,"94,05",958,"32,93",83,875,"30,08"
292040,MANOEL VITORINO,BA,11/2022,2757,1873,"67,94",1806,67,"96,42",884,"32,06",25,859,"31,16"
292045,MANSIDÃO,BA,09/2022,2968,2052,"69,14",2019,33,"98,39",916,"30,86",75,841,"28,34"
292045,MANSIDÃO,BA,11/2022,2849,2138,"75,04",2116,22,"98,97",711,"24,96",84,627,"22,01"
292045,MANSIDÃO,BA,07/2022,3003,819,"27,27",135,684,"16,48",2184,"72,73",1335,849,"28,27"
292050,MARACÁS,BA,07/2022,4231,3251,"76,84",2775,476,"85,36",980,"23,16",328,652,"15,41"
292050,MARACÁS,BA,11/2022,4031,3346,"83,01",3170,176,"94,74",685,"16,99",48,637,"15,80"
292050,MARACÁS,BA,09/2022,4224,3463,"81,98",3165,298,"91,39",761,"18,02",346,415,"9,82"
292060,MARAGOGIPE,BA,09/2022,7136,4420,"61,94",4184,236,"94,66",2716,"38,06",202,2514,"35,23"
292060,MARAGOGIPE,BA,11/2022,6962,4806,"69,03",4681,125,"97,40",2156,"30,97",135,2021,"29,03"
292060,MARAGOGIPE,BA,07/2022,7036,3922,"55,74",3781,141,"96,40",3114,"44,26",657,2457,"34,92"
292070,MARAÚ,BA,07/2022,4948,3129,"63,24",3108,21,"99,33",1819,"36,76",370,1449,"29,28"
292070,MARAÚ,BA,09/2022,4971,3199,"64,35",3147,52,"98,37",1772,"35,65",98,1674,"33,68"
292070,MARAÚ,BA,11/2022,4893,3372,"68,91",3344,28,"99,17",1521,"31,09",19,1502,"30,70"
292080,MARCIONÍLIO SOUZA,BA,09/2022,2071,1859,"89,76",1838,21,"98,87",212,"10,24",31,181,"8,74"
292080,MARCIONÍLIO SOUZA,BA,11/2022,2002,1832,"91,51",1797,35,"98,09",170,"8,49",18,152,"7,59"
292080,MARCIONÍLIO SOUZA,BA,07/2022,2181,1705,"78,18",1679,26,"98,48",476,"21,82",52,424,"19,44"
292090,MASCOTE,BA,07/2022,2752,1759,"63,92",1759,0,"100,00",993,"36,08",13,980,"35,61"
292090,MASCOTE,BA,09/2022,2717,1762,"64,85",1735,27,"98,47",955,"35,15",5,950,"34,97"
292090,MASCOTE,BA,11/2022,2677,1968,"73,52",1933,35,"98,22",709,"26,48",7,702,"26,22"
292100,MATA DE SÃO JOÃO,BA,11/2022,8510,6968,"81,88",5518,1450,"79,19",1542,"18,12",111,1431,"16,82"
292100,MATA DE SÃO JOÃO,BA,09/2022,8468,6855,"80,95",6721,134,"98,05",1613,"19,05",131,1482,"17,50"
292100,MATA DE SÃO JOÃO,BA,07/2022,8181,6254,"76,45",6058,196,"96,87",1927,"23,55",53,1874,"22,91"
292105,MATINA,BA,07/2022,2353,1857,"78,92",1677,180,"90,31",496,"21,08",209,287,"12,20"
292105,MATINA,BA,09/2022,2396,1939,"80,93",1756,183,"90,56",457,"19,07",162,295,"12,31"
292105,MATINA,BA,11/2022,2265,1804,"79,65",1737,67,"96,29",461,"20,35",194,267,"11,79"
292110,MEDEIROS NETO,BA,09/2022,3432,2837,"82,66",2497,340,"88,02",595,"17,34",173,422,"12,30"
292110,MEDEIROS NETO,BA,11/2022,3409,2891,"84,80",2796,95,"96,71",518,"15,20",83,435,"12,76"
292110,MEDEIROS NETO,BA,07/2022,3527,1530,"43,38",1461,69,"95,49",1997,"56,62",700,1297,"36,77"
292120,MIGUEL CALMON,BA,07/2022,4239,2599,"61,31",2462,137,"94,73",1640,"38,69",842,798,"18,83"
292120,MIGUEL CALMON,BA,11/2022,4171,3646,"87,41",3460,186,"94,90",525,"12,59",83,442,"10,60"
292120,MIGUEL CALMON,BA,09/2022,4251,3424,"80,55",3291,133,"96,12",827,"19,45",31,796,"18,73"
292130,MILAGRES,BA,09/2022,2131,1715,"80,48",1256,459,"73,24",416,"19,52",325,91,"4,27"
292130,MILAGRES,BA,11/2022,2032,1621,"79,77",1203,418,"74,21",411,"20,23",238,173,"8,51"
292130,MILAGRES,BA,07/2022,2157,1680,"77,89",1096,584,"65,24",477,"22,11",306,171,"7,93"
292140,MIRANGABA,BA,07/2022,3179,1535,"48,29",1379,156,"89,84",1644,"51,71",903,741,"23,31"
292140,MIRANGABA,BA,09/2022,3221,2091,"64,92",1899,192,"90,82",1130,"35,08",329,801,"24,87"
292140,MIRANGABA,BA,11/2022,3095,2384,"77,03",2304,80,"96,64",711,"22,97",43,668,"21,58"
292145,MIRANTE,BA,11/2022,1692,1190,"70,33",1132,58,"95,13",502,"29,67",10,492,"29,08"
292145,MIRANTE,BA,09/2022,1699,1114,"65,57",1075,39,"96,50",585,"34,43",5,580,"34,14"
292145,MIRANTE,BA,07/2022,1702,1076,"63,22",1040,36,"96,65",626,"36,78",45,581,"34,14"
292150,MONTE SANTO,BA,07/2022,9924,5327,"53,68",4965,362,"93,20",4597,"46,32",1162,3435,"34,61"
292150,MONTE SANTO,BA,09/2022,9966,4899,"49,16",4570,329,"93,28",5067,"50,84",1563,3504,"35,16"
292150,MONTE SANTO,BA,11/2022,9651,5612,"58,15",5339,273,"95,14",4039,"41,85",1192,2847,"29,50"
292160,MORPARÁ,BA,11/2022,1758,1410,"80,20",1355,55,"96,10",348,"19,80",5,343,"19,51"
292160,MORPARÁ,BA,09/2022,1890,1479,"78,25",1344,135,"90,87",411,"21,75",4,407,"21,53"
292160,MORPARÁ,BA,07/2022,1912,1333,"69,72",1307,26,"98,05",579,"30,28",171,408,"21,34"
292170,MORRO DO CHAPÉU,BA,07/2022,6471,5243,"81,02",5230,13,"99,75",1228,"18,98",42,1186,"18,33"
292170,MORRO DO CHAPÉU,BA,09/2022,6448,5240,"81,27",5237,3,"99,94",1208,"18,73",9,1199,"18,59"
292170,MORRO DO CHAPÉU,BA,11/2022,6200,0,"0,00",0,0,,6200,"100,00",5023,1177,"18,98"
292180,MORTUGABA,BA,09/2022,1522,1151,"75,62",1019,132,"88,53",371,"24,38",257,114,"7,49"
292180,MORTUGABA,BA,11/2022,1494,1371,"91,77",1282,89,"93,51",123,"8,23",12,111,"7,43"
292180,MORTUGABA,BA,07/2022,1550,1298,"83,74",1136,162,"87,52",252,"16,26",36,216,"13,94"
292190,MUCUGÊ,BA,07/2022,2236,1800,"80,50",1800,0,"100,00",436,"19,50",21,415,"18,56"
292190,MUCUGÊ,BA,09/2022,2296,2062,"89,81",2059,3,"99,85",234,"10,19",12,222,"9,67"
292190,MUCUGÊ,BA,11/2022,2262,2041,"90,23",2041,0,"100,00",221,"9,77",15,206,"9,11"
292200,MUCURI,BA,11/2022,5443,1844,"33,88",1733,111,"93,98",3599,"66,12",2022,1577,"28,97"
292200,MUCURI,BA,09/2022,5486,2126,"38,75",2058,68,"96,80",3360,"61,25",1770,1590,"28,98"
292200,MUCURI,BA,07/2022,5375,2225,"41,40",2156,69,"96,90",3150,"58,60",1461,1689,"31,42"
292205,MULUNGU DO MORRO,BA,07/2022,3124,2694,"86,24",2694,0,"100,00",430,"13,76",18,412,"13,19"
292205,MULUNGU DO MORRO,BA,09/2022,3136,2713,"86,51",2666,47,"98,27",423,"13,49",14,409,"13,04"
292205,MULUNGU DO MORRO,BA,11/2022,3047,2622,"86,05",2569,53,"97,98",425,"13,95",16,409,"13,42"
292210,MUNDO NOVO,BA,11/2022,4089,2902,"70,97",2729,173,"94,04",1187,"29,03",139,1048,"25,63"
292210,MUNDO NOVO,BA,09/2022,4172,2565,"61,48",2451,114,"95,56",1607,"38,52",497,1110,"26,61"
292210,MUNDO NOVO,BA,07/2022,4206,2657,"63,17",2612,45,"98,31",1549,"36,83",417,1132,"26,91"
292220,MUNIZ FERREIRA,BA,07/2022,1130,19,"1,68",19,0,"100,00",1111,"98,32",995,116,"10,27"
292220,MUNIZ FERREIRA,BA,09/2022,1214,940,"77,43",937,3,"99,68",274,"22,57",69,205,"16,89"
292220,MUNIZ FERREIRA,BA,11/2022,1196,560,"46,82",556,4,"99,29",636,"53,18",432,204,"17,06"
292225,MUQUÉM DE SÃO FRANCISCO,BA,11/2022,2679,1808,"67,49",1742,66,"96,35",871,"32,51",145,726,"27,10"
292225,MUQUÉM DE SÃO FRANCISCO,BA,09/2022,2842,1725,"60,70",1644,81,"95,30",1117,"39,30",59,1058,"37,23"
292225,MUQUÉM DE SÃO FRANCISCO,BA,07/2022,2867,1726,"60,20",1644,82,"95,25",1141,"39,80",89,1052,"36,69"
292230,MURITIBA,BA,07/2022,5318,3923,"73,77",3923,0,"100,00",1395,"26,23",166,1229,"23,11"
292230,MURITIBA,BA,11/2022,5238,4788,"91,41",4647,141,"97,06",450,"8,59",50,400,"7,64"
292230,MURITIBA,BA,09/2022,5453,4164,"76,36",4164,0,"100,00",1289,"23,64",35,1254,"23,00"
292240,MUTUÍPE,BA,09/2022,3353,2869,"85,57",2654,215,"92,51",484,"14,43",15,469,"13,99"
292240,MUTUÍPE,BA,11/2022,3341,2859,"85,57",2644,215,"92,48",482,"14,43",17,465,"13,92"
292240,MUTUÍPE,BA,07/2022,3413,1888,"55,32",1778,110,"94,17",1525,"44,68",51,1474,"43,19"
292250,NAZARÉ,BA,07/2022,4393,3876,"88,23",3876,0,"100,00",517,"11,77",28,489,"11,13"
292250,NAZARÉ,BA,11/2022,4202,0,"0,00",0,0,,4202,"100,00",3726,476,"11,33"
292250,NAZARÉ,BA,09/2022,4416,3607,"81,68",3606,1,"99,97",809,"18,32",315,494,"11,19"
292260,NILO PEÇANHA,BA,11/2022,2960,2956,"99,86",2933,23,"99,22",4,"0,14",2,2,"0,07"
292260,NILO PEÇANHA,BA,09/2022,2982,1962,"65,79",1950,12,"99,39",1020,"34,21",141,879,"29,48"
292260,NILO PEÇANHA,BA,07/2022,2966,1974,"66,55",1958,16,"99,19",992,"33,45",71,921,"31,05"
292265,NORDESTINA,BA,07/2022,2558,2129,"83,23",1718,411,"80,70",429,"16,77",63,366,"14,31"
292265,NORDESTINA,BA,09/2022,2627,2261,"86,07",1866,395,"82,53",366,"13,93",53,313,"11,91"
292265,NORDESTINA,BA,11/2022,2492,2205,"88,48",1942,263,"88,07",287,"11,52",40,247,"9,91"
292270,NOVA CANAÃ,BA,09/2022,2550,1182,"46,35",1016,166,"85,96",1368,"53,65",1062,306,"12,00"
292270,NOVA CANAÃ,BA,11/2022,2524,1998,"79,16",1981,17,"99,15",526,"20,84",323,203,"8,04"
292270,NOVA CANAÃ,BA,07/2022,2563,1066,"41,59",1020,46,"95,68",1497,"58,41",1188,309,"12,06"
292273,NOVA FÁTIMA,BA,07/2022,1380,1136,"82,32",994,142,"87,50",244,"17,68",37,207,"15,00"
292273,NOVA FÁTIMA,BA,09/2022,1358,1072,"78,94",1026,46,"95,71",286,"21,06",162,124,"9,13"
292273,NOVA FÁTIMA,BA,11/2022,1237,1077,"87,07",1043,34,"96,84",160,"12,93",30,130,"10,51"
292275,NOVA IBIÁ,BA,09/2022,1220,666,"54,59",612,54,"91,89",554,"45,41",169,385,"31,56"
292275,NOVA IBIÁ,BA,11/2022,1190,215,"18,07",215,0,"100,00",975,"81,93",596,379,"31,85"
292275,NOVA IBIÁ,BA,07/2022,1169,370,"31,65",314,56,"84,86",799,"68,35",422,377,"32,25"
292280,NOVA ITARANA,BA,07/2022,1763,1145,"64,95",1070,75,"93,45",618,"35,05",44,574,"32,56"
292280,NOVA ITARANA,BA,11/2022,1716,1226,"71,45",1193,33,"97,31",490,"28,55",12,478,"27,86"
292280,NOVA ITARANA,BA,09/2022,1795,1183,"65,91",1133,50,"95,77",612,"34,09",13,599,"33,37"
292285,NOVA REDENÇÃO,BA,09/2022,1673,1001,"59,83",1001,0,"100,00",672,"40,17",394,278,"16,62"
292285,NOVA REDENÇÃO,BA,11/2022,1577,0,"0,00",0,0,,1577,"100,00",1303,274,"17,37"
292285,NOVA REDENÇÃO,BA,07/2022,1687,1346,"79,79",1345,1,"99,93",341,"20,21",62,279,"16,54"
292290,NOVA SOURE,BA,07/2022,5360,3037,"56,66",2568,469,"84,56",2323,"43,34",661,1662,"31,01"
292290,NOVA SOURE,BA,11/2022,5061,3576,"70,66",3350,226,"93,68",1485,"29,34",11,1474,"29,12"
292290,NOVA SOURE,BA,09/2022,5382,3310,"61,50",2813,497,"84,98",2072,"38,50",12,2060,"38,28"
292300,NOVA VIÇOSA,BA,09/2022,7272,6258,"86,06",6058,200,"96,80",1014,"13,94",110,904,"12,43"
292300,NOVA VIÇOSA,BA,11/2022,7226,6207,"85,90",5963,244,"96,07",1019,"14,10",111,908,"12,57"
292300,NOVA VIÇOSA,BA,07/2022,7293,5498,"75,39",5376,122,"97,78",1795,"24,61",113,1682,"23,06"
292303,NOVO HORIZONTE,BA,07/2022,2026,1977,"97,58",1749,228,"88,47",49,"2,42",9,40,"1,97"
292303,NOVO HORIZONTE,BA,09/2022,2059,2037,"98,93",1779,258,"87,33",22,"1,07",8,14,"0,68"
292303,NOVO HORIZONTE,BA,11/2022,1870,1850,"98,93",1792,58,"96,86",20,"1,07",8,12,"0,64"
292305,NOVO TRIUNFO,BA,11/2022,1618,1380,"85,29",1320,60,"95,65",238,"14,71",8,230,"14,22"
292305,NOVO TRIUNFO,BA,07/2022,1721,1449,"84,20",1282,167,"88,47",272,"15,80",67,205,"11,91"
292305,NOVO TRIUNFO,BA,09/2022,1694,1399,"82,59",1306,93,"93,35",295,"17,41",11,284,"16,77"
292310,OLINDINA,BA,09/2022,4846,3418,"70,53",3414,4,"99,88",1428,"29,47",96,1332,"27,49"
292310,OLINDINA,BA,07/2022,4818,3193,"66,27",3192,1,"99,97",1625,"33,73",233,1392,"28,89"
292310,OLINDINA,BA,11/2022,4800,3588,"74,75",3576,12,"99,67",1212,"25,25",87,1125,"23,44"
292320,OLIVEIRA DOS BREJINHOS,BA,11/2022,3563,1929,"54,14",1929,0,"100,00",1634,"45,86",25,1609,"45,16"
292320,OLIVEIRA DOS BREJINHOS,BA,07/2022,3775,1635,"43,31",1480,155,"90,52",2140,"56,69",531,1609,"42,62"
292320,OLIVEIRA DOS BREJINHOS,BA,09/2022,3758,2022,"53,81",1889,133,"93,42",1736,"46,19",9,1727,"45,96"
292330,OURIÇANGAS,BA,07/2022,1558,1168,"74,97",1153,15,"98,72",390,"25,03",158,232,"14,89"
292330,OURIÇANGAS,BA,09/2022,1589,1325,"83,39",1281,44,"96,68",264,"16,61",27,237,"14,92"
292330,OURIÇANGAS,BA,11/2022,1526,1372,"89,91",1336,36,"97,38",154,"10,09",12,142,"9,31"
292335,OUROLÂNDIA,BA,11/2022,4129,3307,"80,09",3181,126,"96,19",822,"19,91",79,743,"17,99"
292335,OUROLÂNDIA,BA,07/2022,3983,2590,"65,03",2467,123,"95,25",1393,"34,97",277,1116,"28,02"
292335,OUROLÂNDIA,BA,09/2022,4052,2758,"68,07",2619,139,"94,96",1294,"31,93",157,1137,"28,06"
292340,PALMAS DE MONTE ALTO,BA,07/2022,3551,1556,"43,82",1542,14,"99,10",1995,"56,18",593,1402,"39,48"
292340,PALMAS DE MONTE ALTO,BA,09/2022,3464,725,"20,93",694,31,"95,72",2739,"79,07",1577,1162,"33,55"
292340,PALMAS DE MONTE ALTO,BA,11/2022,3475,1455,"41,87",1410,45,"96,91",2020,"58,13",837,1183,"34,04"
292350,PALMEIRAS,BA,11/2022,1863,1045,"56,09",881,164,"84,31",818,"43,91",160,658,"35,32"
292350,PALMEIRAS,BA,07/2022,1908,1010,"52,94",778,232,"77,03",898,"47,06",393,505,"26,47"
292350,PALMEIRAS,BA,09/2022,1948,1335,"68,53",1107,228,"82,92",613,"31,47",79,534,"27,41"
292360,PARAMIRIM,BA,09/2022,3101,1897,"61,17",1870,27,"98,58",1204,"38,83",190,1014,"32,70"
292360,PARAMIRIM,BA,07/2022,3070,1965,"64,01",1908,57,"97,10",1105,"35,99",23,1082,"35,24"
292360,PARAMIRIM,BA,11/2022,3099,2190,"70,67",2104,86,"96,07",909,"29,33",29,880,"28,40"
292370,PARATINGA,BA,11/2022,7432,6132,"82,51",6106,26,"99,58",1300,"17,49",16,1284,"17,28"
292370,PARATINGA,BA,09/2022,7509,6098,"81,21",6087,11,"99,82",1411,"18,79",12,1399,"18,63"
292370,PARATINGA,BA,07/2022,7422,6018,"81,08",5988,30,"99,50",1404,"18,92",32,1372,"18,49"
292380,PARIPIRANGA,BA,09/2022,4556,4205,"92,30",3879,326,"92,25",351,"7,70",19,332,"7,29"
292380,PARIPIRANGA,BA,07/2022,4628,4142,"89,50",4012,130,"96,86",486,"10,50",15,471,"10,18"
292380,PARIPIRANGA,BA,11/2022,4306,3885,"90,22",3761,124,"96,81",421,"9,78",12,409,"9,50"
292390,PAU BRASIL,BA,11/2022,2226,1870,"84,01",1867,3,"99,84",356,"15,99",17,339,"15,23"
292390,PAU BRASIL,BA,07/2022,2299,11,"0,48",11,0,"100,00",2288,"99,52",1946,342,"14,88"
292390,PAU BRASIL,BA,09/2022,2329,1965,"84,37",1965,0,"100,00",364,"15,63",6,358,"15,37"
292400,PAULO AFONSO,BA,07/2022,17827,10978,"61,58",10930,48,"99,56",6849,"38,42",24,6825,"38,28"
292400,PAULO AFONSO,BA,09/2022,18156,10356,"57,04",10349,7,"99,93",7800,"42,96",23,7777,"42,83"
292400,PAULO AFONSO,BA,11/2022,18031,9574,"53,10",9517,57,"99,40",8457,"46,90",17,8440,"46,81"
292405,PÉ DE SERRA,BA,11/2022,2685,1982,"73,82",1955,27,"98,64",703,"26,18",136,567,"21,12"
292405,PÉ DE SERRA,BA,07/2022,2703,1818,"67,26",1782,36,"98,02",885,"32,74",294,591,"21,86"
292405,PÉ DE SERRA,BA,09/2022,2705,1801,"66,58",1739,62,"96,56",904,"33,42",277,627,"23,18"
292410,PEDRÃO,BA,07/2022,1456,1112,"76,37",1057,55,"95,05",344,"23,63",86,258,"17,72"
292410,PEDRÃO,BA,09/2022,1449,1097,"75,71",1097,0,"100,00",352,"24,29",67,285,"19,67"
292410,PEDRÃO,BA,11/2022,1370,1109,"80,95",1109,0,"100,00",261,"19,05",22,239,"17,45"
292420,PEDRO ALEXANDRE,BA,11/2022,2733,2459,"89,97",2381,78,"96,83",274,"10,03",59,215,"7,87"
292420,PEDRO ALEXANDRE,BA,07/2022,2909,2283,"78,48",2152,131,"94,26",626,"21,52",360,266,"9,14"
292420,PEDRO ALEXANDRE,BA,09/2022,2853,2612,"91,55",2473,139,"94,68",241,"8,45",32,209,"7,33"
292430,PIATÃ,BA,09/2022,3532,2734,"77,41",2603,131,"95,21",798,"22,59",21,777,"22,00"
292430,PIATÃ,BA,07/2022,3514,2267,"64,51",2212,55,"97,57",1247,"35,49",467,780,"22,20"
292430,PIATÃ,BA,11/2022,3440,3256,"94,65",3106,150,"95,39",184,"5,35",9,175,"5,09"
292440,PILÃO ARCADO,BA,11/2022,9178,7191,"78,35",7179,12,"99,83",1987,"21,65",231,1756,"19,13"
292440,PILÃO ARCADO,BA,09/2022,9319,7045,"75,60",6975,70,"99,01",2274,"24,40",331,1943,"20,85"
292440,PILÃO ARCADO,BA,07/2022,9274,5770,"62,22",5770,0,"100,00",3504,"37,78",1530,1974,"21,29"
292450,PINDAÍ,BA,07/2022,2509,2021,"80,55",1872,149,"92,63",488,"19,45",24,464,"18,49"
292450,PINDAÍ,BA,09/2022,2489,1802,"72,40",1688,114,"93,67",687,"27,60",26,661,"26,56"
292450,PINDAÍ,BA,11/2022,2354,1847,"78,46",1831,16,"99,13",507,"21,54",15,492,"20,90"
292460,PINDOBAÇU,BA,11/2022,3803,1830,"48,12",1758,72,"96,07",1973,"51,88",1069,904,"23,77"
292460,PINDOBAÇU,BA,07/2022,3869,2006,"51,85",1879,127,"93,67",1863,"48,15",820,1043,"26,96"
292460,PINDOBAÇU,BA,09/2022,3850,1757,"45,64",1680,77,"95,62",2093,"54,36",1081,1012,"26,29"
292465,PINTADAS,BA,09/2022,1665,1216,"73,03",1053,163,"86,60",449,"26,97",11,438,"26,31"
292465,PINTADAS,BA,07/2022,1686,1100,"65,24",957,143,"87,00",586,"34,76",10,576,"34,16"
292465,PINTADAS,BA,11/2022,1572,1291,"82,12",1202,89,"93,11",281,"17,88",3,278,"17,68"
292467,PIRAÍ DO NORTE,BA,11/2022,1670,1188,"71,14",1022,166,"86,03",482,"28,86",67,415,"24,85"
292467,PIRAÍ DO NORTE,BA,09/2022,1706,1197,"70,16",1195,2,"99,83",509,"29,84",80,429,"25,15"
292467,PIRAÍ DO NORTE,BA,07/2022,1669,1271,"76,15",1237,34,"97,32",398,"23,85",23,375,"22,47"
292470,PIRIPÁ,BA,09/2022,1614,1449,"89,78",1449,0,"100,00",165,"10,22",18,147,"9,11"
292470,PIRIPÁ,BA,07/2022,1655,1526,"92,21",1511,15,"99,02",129,"7,79",11,118,"7,13"
292470,PIRIPÁ,BA,11/2022,1560,1445,"92,63",1443,2,"99,86",115,"7,37",8,107,"6,86"
292480,PIRITIBA,BA,11/2022,3822,2268,"59,34",2174,94,"95,86",1554,"40,66",1016,538,"14,08"
292480,PIRITIBA,BA,09/2022,3962,2922,"73,75",2786,136,"95,35",1040,"26,25",384,656,"16,56"
292480,PIRITIBA,BA,07/2022,3950,1818,"46,03",1686,132,"92,74",2132,"53,97",1421,711,"18,00"
292490,PLANALTINO,BA,07/2022,1439,935,"64,98",935,0,"100,00",504,"35,02",325,179,"12,44"
292490,PLANALTINO,BA,09/2022,1469,1240,"84,41",1224,16,"98,71",229,"15,59",3,226,"15,38"
292490,PLANALTINO,BA,11/2022,1452,1216,"83,75",1196,20,"98,36",236,"16,25",8,228,"15,70"
292500,PLANALTO,BA,11/2022,4549,4061,"89,27",4054,7,"99,83",488,"10,73",17,471,"10,35"
292500,PLANALTO,BA,09/2022,4621,4094,"88,60",4093,1,"99,98",527,"11,40",31,496,"10,73"
292500,PLANALTO,BA,07/2022,4582,4084,"89,13",4083,1,"99,98",498,"10,87",36,462,"10,08"
292510,POÇÕES,BA,09/2022,9238,7053,"76,35",7050,3,"99,96",2185,"23,65",369,1816,"19,66"
292510,POÇÕES,BA,07/2022,9191,7209,"78,44",6898,311,"95,69",1982,"21,56",179,1803,"19,62"
292510,POÇÕES,BA,11/2022,8872,7056,"79,53",7049,7,"99,90",1816,"20,47",90,1726,"19,45"
292520,POJUCA,BA,11/2022,5287,4217,"79,76",3890,327,"92,25",1070,"20,24",6,1064,"20,12"
292520,POJUCA,BA,07/2022,5164,3217,"62,30",2762,455,"85,86",1947,"37,70",11,1936,"37,49"
292520,POJUCA,BA,09/2022,5260,3080,"58,56",2728,352,"88,57",2180,"41,44",193,1987,"37,78"
292525,PONTO NOVO,BA,09/2022,4136,2792,"67,50",2737,55,"98,03",1344,"32,50",61,1283,"31,02"
292525,PONTO NOVO,BA,07/2022,4121,2709,"65,74",2658,51,"98,12",1412,"34,26",92,1320,"32,03"
292525,PONTO NOVO,BA,11/2022,4091,2608,"63,75",2579,29,"98,89",1483,"36,25",362,1121,"27,40"
292530,PORTO SEGURO,BA,11/2022,22744,10293,"45,26",9601,692,"93,28",12451,"54,74",603,11848,"52,09"
292530,PORTO SEGURO,BA,09/2022,22226,8986,"40,43",8531,455,"94,94",13240,"59,57",538,12702,"57,15"
292530,PORTO SEGURO,BA,07/2022,21303,8317,"39,04",8068,249,"97,01",12986,"60,96",401,12585,"59,08"
292540,POTIRAGUÁ,BA,09/2022,2250,1538,"68,36",1538,0,"100,00",712,"31,64",8,704,"31,29"
292540,POTIRAGUÁ,BA,07/2022,2216,1607,"72,52",1607,0,"100,00",609,"27,48",61,548,"24,73"
292540,POTIRAGUÁ,BA,11/2022,2192,1338,"61,04",1338,0,"100,00",854,"38,96",8,846,"38,59"
292550,PRADO,BA,11/2022,6745,4972,"73,71",4724,248,"95,01",1773,"26,29",442,1331,"19,73"
292550,PRADO,BA,09/2022,6670,4697,"70,42",4435,262,"94,42",1973,"29,58",467,1506,"22,58"
292550,PRADO,BA,07/2022,6432,4221,"65,63",3913,308,"92,70",2211,"34,38",548,1663,"25,86"
292560,PRESIDENTE DUTRA,BA,07/2022,2742,2389,"87,13",2388,1,"99,96",353,"12,87",74,279,"10,18"
292560,PRESIDENTE DUTRA,BA,09/2022,2723,2423,"88,98",2415,8,"99,67",300,"11,02",12,288,"10,58"
292560,PRESIDENTE DUTRA,BA,11/2022,2713,2423,"89,31",2421,2,"99,92",290,"10,69",7,283,"10,43"
292570,PRESIDENTE JÂNIO QUADROS,BA,11/2022,2218,1616,"72,86",1616,0,"100,00",602,"27,14",32,570,"25,70"
292570,PRESIDENTE JÂNIO QUADROS,BA,07/2022,2251,0,"0,00",0,0,,2251,"100,00",1413,838,"37,23"
292570,PRESIDENTE JÂNIO QUADROS,BA,09/2022,2252,1390,"61,72",1389,1,"99,93",862,"38,28",30,832,"36,94"
292575,PRESIDENTE TANCREDO NEVES,BA,09/2022,6523,4461,"68,39",4424,37,"99,17",2062,"31,61",626,1436,"22,01"
292575,PRESIDENTE TANCREDO NEVES,BA,07/2022,6428,4458,"69,35",4344,114,"97,44",1970,"30,65",630,1340,"20,85"
292575,PRESIDENTE TANCREDO NEVES,BA,11/2022,6395,4228,"66,11",4177,51,"98,79",2167,"33,89",841,1326,"20,73"
292580,QUEIMADAS,BA,11/2022,4790,3081,"64,32",3081,0,"100,00",1709,"35,68",931,778,"16,24"
292580,QUEIMADAS,BA,09/2022,4941,2188,"44,28",2188,0,"100,00",2753,"55,72",1916,837,"16,94"
292580,QUEIMADAS,BA,07/2022,4962,3473,"69,99",3471,2,"99,94",1489,"30,01",673,816,"16,44"
292590,QUIJINGUE,BA,07/2022,5122,4371,"85,34",3880,491,"88,77",751,"14,66",36,715,"13,96"
292590,QUIJINGUE,BA,09/2022,4996,4633,"92,73",4211,422,"90,89",363,"7,27",54,309,"6,18"
292590,QUIJINGUE,BA,11/2022,4691,4302,"91,71",4154,148,"96,56",389,"8,29",46,343,"7,31"
292593,QUIXABEIRA,BA,11/2022,1823,1200,"65,83",1200,0,"100,00",623,"34,17",306,317,"17,39"
292593,QUIXABEIRA,BA,09/2022,1850,1509,"81,57",1509,0,"100,00",341,"18,43",11,330,"17,84"
292593,QUIXABEIRA,BA,07/2022,1839,1505,"81,84",1504,1,"99,93",334,"18,16",11,323,"17,56"
292595,RAFAEL JAMBEIRO,BA,09/2022,4397,3702,"84,19",3618,84,"97,73",695,"15,81",16,679,"15,44"
292595,RAFAEL JAMBEIRO,BA,07/2022,4360,2300,"52,75",2228,72,"96,87",2060,"47,25",1161,899,"20,62"
292595,RAFAEL JAMBEIRO,BA,11/2022,4195,3534,"84,24",3464,70,"98,02",661,"15,76",11,650,"15,49"
292600,REMANSO,BA,11/2022,8522,6148,"72,14",5887,261,"95,75",2374,"27,86",262,2112,"24,78"
292600,REMANSO,BA,07/2022,8481,5034,"59,36",4802,232,"95,39",3447,"40,64",24,3423,"40,36"
292600,REMANSO,BA,09/2022,8818,5594,"63,44",5432,162,"97,10",3224,"36,56",228,2996,"33,98"
292610,RETIROLÂNDIA,BA,07/2022,2616,2187,"83,60",2051,136,"93,78",429,"16,40",67,362,"13,84"
292610,RETIROLÂNDIA,BA,09/2022,2585,2307,"89,25",2242,65,"97,18",278,"10,75",73,205,"7,93"
292610,RETIROLÂNDIA,BA,11/2022,2439,2249,"92,21",2156,93,"95,86",190,"7,79",40,150,"6,15"
292620,RIACHÃO DAS NEVES,BA,11/2022,5403,3913,"72,42",3912,1,"99,97",1490,"27,58",218,1272,"23,54"
292620,RIACHÃO DAS NEVES,BA,09/2022,5518,4063,"73,63",4063,0,"100,00",1455,"26,37",81,1374,"24,90"
292620,RIACHÃO DAS NEVES,BA,07/2022,5434,3335,"61,37",3334,1,"99,97",2099,"38,63",630,1469,"27,03"
292630,RIACHÃO DO JACUÍPE,BA,07/2022,4991,3684,"73,81",3460,224,"93,92",1307,"26,19",155,1152,"23,08"
292630,RIACHÃO DO JACUÍPE,BA,09/2022,5015,3792,"75,61",3585,207,"94,54",1223,"24,39",77,1146,"22,85"
292630,RIACHÃO DO JACUÍPE,BA,11/2022,4882,3873,"79,33",3754,119,"96,93",1009,"20,67",63,946,"19,38"
292640,RIACHO DE SANTANA,BA,11/2022,5464,5120,"93,70",4887,233,"95,45",344,"6,30",36,308,"5,64"
292640,RIACHO DE SANTANA,BA,07/2022,5638,5010,"88,86",5006,4,"99,92",628,"11,14",60,568,"10,07"
292640,RIACHO DE SANTANA,BA,09/2022,5566,5028,"90,33",4982,46,"99,09",538,"9,67",55,483,"8,68"
292650,RIBEIRA DO AMPARO,BA,09/2022,3256,2576,"79,12",2576,0,"100,00",680,"20,88",48,632,"19,41"
292650,RIBEIRA DO AMPARO,BA,07/2022,3233,2457,"76,00",2455,2,"99,92",776,"24,00",157,619,"19,15"
292650,RIBEIRA DO AMPARO,BA,11/2022,3200,2603,"81,34",2603,0,"100,00",597,"18,66",45,552,"17,25"
292660,RIBEIRA DO POMBAL,BA,11/2022,8684,6784,"78,12",6417,367,"94,59",1900,"21,88",31,1869,"21,52"
292660,RIBEIRA DO POMBAL,BA,07/2022,9134,6421,"70,30",5469,952,"85,17",2713,"29,70",159,2554,"27,96"
292660,RIBEIRA DO POMBAL,BA,09/2022,9100,6269,"68,89",5832,437,"93,03",2831,"31,11",29,2802,"30,79"
292665,RIBEIRÃO DO LARGO,BA,07/2022,1888,1418,"75,11",1343,75,"94,71",470,"24,89",65,405,"21,45"
292665,RIBEIRÃO DO LARGO,BA,09/2022,1887,1372,"72,71",1272,100,"92,71",515,"27,29",81,434,"23,00"
292665,RIBEIRÃO DO LARGO,BA,11/2022,1778,1355,"76,21",1296,59,"95,65",423,"23,79",41,382,"21,48"
292670,RIO DE CONTAS,BA,11/2022,1589,1490,"93,77",1424,66,"95,57",99,"6,23",5,94,"5,92"
292670,RIO DE CONTAS,BA,09/2022,1686,1584,"93,95",1414,170,"89,27",102,"6,05",3,99,"5,87"
292670,RIO DE CONTAS,BA,07/2022,1682,1490,"88,59",1407,83,"94,43",192,"11,41",5,187,"11,12"
292680,RIO DO ANTÔNIO,BA,09/2022,1959,1607,"82,03",1531,76,"95,27",352,"17,97",3,349,"17,82"
292680,RIO DO ANTÔNIO,BA,07/2022,1997,1704,"85,33",1704,0,"100,00",293,"14,67",5,288,"14,42"
292680,RIO DO ANTÔNIO,BA,11/2022,1932,1488,"77,02",1412,76,"94,89",444,"22,98",20,424,"21,95"
292690,RIO DO PIRES,BA,11/2022,1253,1172,"93,54",1172,0,"100,00",81,"6,46",9,72,"5,75"
292690,RIO DO PIRES,BA,07/2022,1394,1082,"77,62",1068,14,"98,71",312,"22,38",16,296,"21,23"
292690,RIO DO PIRES,BA,09/2022,1383,1316,"95,16",1160,156,"88,15",67,"4,84",15,52,"3,76"
292700,RIO REAL,BA,07/2022,7497,4003,"53,39",3874,129,"96,78",3494,"46,61",111,3383,"45,12"
292700,RIO REAL,BA,09/2022,7400,4350,"58,78",4210,140,"96,78",3050,"41,22",163,2887,"39,01"
292700,RIO REAL,BA,11/2022,7212,4604,"63,84",4451,153,"96,68",2608,"36,16",107,2501,"34,68"
292710,RODELAS,BA,11/2022,2610,2070,"79,31",1955,115,"94,44",540,"20,69",28,512,"19,62"
292710,RODELAS,BA,07/2022,2646,2228,"84,20",2209,19,"99,15",418,"15,80",30,388,"14,66"
292710,RODELAS,BA,09/2022,2657,2151,"80,96",2094,57,"97,35",506,"19,04",28,478,"17,99"
292720,RUY BARBOSA,BA,09/2022,5516,4666,"84,59",4415,251,"94,62",850,"15,41",77,773,"14,01"
292720,RUY BARBOSA,BA,07/2022,5637,4603,"81,66",4466,137,"97,02",1034,"18,34",177,857,"15,20"
292720,RUY BARBOSA,BA,11/2022,5448,4865,"89,30",4458,407,"91,63",583,"10,70",50,533,"9,78"
292730,SALINAS DA MARGARIDA,BA,11/2022,3298,2770,"83,99",2628,142,"94,87",528,"16,01",60,468,"14,19"
292730,SALINAS DA MARGARIDA,BA,07/2022,3287,1861,"56,62",1811,50,"97,31",1426,"43,38",783,643,"19,56"
292730,SALINAS DA MARGARIDA,BA,09/2022,3330,2625,"78,83",2496,129,"95,09",705,"21,17",230,475,"14,26"
292740,SALVADOR,BA,07/2022,228406,56839,"24,89",51350,5489,"90,34",171567,"75,11",35048,136519,"59,77"
292740,SALVADOR,BA,09/2022,233318,73142,"31,35",67804,5338,"92,70",160176,"68,65",21499,138677,"59,44"
292740,SALVADOR,BA,11/2022,233471,86708,"37,14",82980,3728,"95,70",146763,"62,86",17164,129599,"55,51"
292750,SANTA BÁRBARA,BA,11/2022,4711,3754,"79,69",3679,75,"98,00",957,"20,31",54,903,"19,17"
292750,SANTA BÁRBARA,BA,09/2022,4763,3585,"75,27",3567,18,"99,50",1178,"24,73",76,1102,"23,14"
292750,SANTA BÁRBARA,BA,07/2022,4670,3072,"65,78",3058,14,"99,54",1598,"34,22",51,1547,"33,13"
292760,SANTA BRÍGIDA,BA,09/2022,2923,2466,"84,37",2314,152,"93,84",457,"15,63",7,450,"15,40"
292760,SANTA BRÍGIDA,BA,07/2022,2918,2545,"87,22",2481,64,"97,49",373,"12,78",20,353,"12,10"
292760,SANTA BRÍGIDA,BA,11/2022,2896,2542,"87,78",2366,176,"93,08",354,"12,22",5,349,"12,05"
292770,SANTA CRUZ CABRÁLIA,BA,11/2022,5423,105,"1,94",102,3,"97,14",5318,"98,06",3713,1605,"29,60"
292770,SANTA CRUZ CABRÁLIA,BA,09/2022,5653,3933,"69,57",3932,1,"99,97",1720,"30,43",225,1495,"26,45"
292770,SANTA CRUZ CABRÁLIA,BA,07/2022,5419,3648,"67,32",3645,3,"99,92",1771,"32,68",336,1435,"26,48"
292780,SANTA CRUZ DA VITÓRIA,BA,09/2022,988,759,"76,82",680,79,"89,59",229,"23,18",6,223,"22,57"
292780,SANTA CRUZ DA VITÓRIA,BA,07/2022,1007,801,"79,54",749,52,"93,51",206,"20,46",10,196,"19,46"
292780,SANTA CRUZ DA VITÓRIA,BA,11/2022,936,764,"81,62",740,24,"96,86",172,"18,38",5,167,"17,84"
292790,SANTA INÊS,BA,11/2022,2315,1244,"53,74",1243,1,"99,92",1071,"46,26",30,1041,"44,97"
292790,SANTA INÊS,BA,07/2022,2290,1106,"48,30",1105,1,"99,91",1184,"51,70",56,1128,"49,26"
292790,SANTA INÊS,BA,09/2022,2351,1170,"49,77",1170,0,"100,00",1181,"50,23",40,1141,"48,53"
292800,SANTALUZ,BA,07/2022,7658,6421,"83,85",6377,44,"99,31",1237,"16,15",120,1117,"14,59"
292800,SANTALUZ,BA,09/2022,7726,6321,"81,81",6268,53,"99,16",1405,"18,19",144,1261,"16,32"
292800,SANTALUZ,BA,11/2022,7546,6566,"87,01",6536,30,"99,54",980,"12,99",131,849,"11,25"
292805,SANTA LUZIA,BA,11/2022,2239,1605,"71,68",1479,126,"92,15",634,"28,32",16,618,"27,60"
292805,SANTA LUZIA,BA,07/2022,2274,1463,"64,34",1319,144,"90,16",811,"35,66",24,787,"34,61"
292805,SANTA LUZIA,BA,09/2022,2273,1566,"68,90",1473,93,"94,06",707,"31,10",17,690,"30,36"
292810,SANTA MARIA DA VITÓRIA,BA,07/2022,6720,3045,"45,31",3038,7,"99,77",3675,"54,69",871,2804,"41,73"
292810,SANTA MARIA DA VITÓRIA,BA,09/2022,6808,2861,"42,02",2850,11,"99,62",3947,"57,98",1036,2911,"42,76"
292810,SANTA MARIA DA VITÓRIA,BA,11/2022,6699,2990,"44,63",2964,26,"99,13",3709,"55,37",886,2823,"42,14"
292820,SANTANA,BA,11/2022,4647,4024,"86,59",3961,63,"98,43",623,"13,41",19,604,"13,00"
292820,SANTANA,BA,07/2022,4751,3540,"74,51",3516,24,"99,32",1211,"25,49",58,1153,"24,27"
292820,SANTANA,BA,09/2022,4733,3503,"74,01",3371,132,"96,23",1230,"25,99",296,934,"19,73"
292830,SANTANÓPOLIS,BA,07/2022,1979,1536,"77,61",1536,0,"100,00",443,"22,39",26,417,"21,07"
292830,SANTANÓPOLIS,BA,09/2022,1999,1756,"87,84",1746,10,"99,43",243,"12,16",26,217,"10,86"
292830,SANTANÓPOLIS,BA,11/2022,1988,1762,"88,63",1762,0,"100,00",226,"11,37",21,205,"10,31"
292840,SANTA RITA DE CÁSSIA,BA,11/2022,6259,3619,"57,82",3619,0,"100,00",2640,"42,18",1791,849,"13,56"
292840,SANTA RITA DE CÁSSIA,BA,07/2022,6274,1766,"28,15",1765,1,"99,94",4508,"71,85",3612,896,"14,28"
292840,SANTA RITA DE CÁSSIA,BA,09/2022,6384,5470,"85,68",5470,0,"100,00",914,"14,32",24,890,"13,94"
292850,SANTA TERESINHA,BA,09/2022,1645,1430,"86,93",1384,46,"96,78",215,"13,07",12,203,"12,34"
292850,SANTA TERESINHA,BA,07/2022,1673,1545,"92,35",1545,0,"100,00",128,"7,65",19,109,"6,52"
292850,SANTA TERESINHA,BA,11/2022,1631,1394,"85,47",1392,2,"99,86",237,"14,53",28,209,"12,81"
292860,SANTO AMARO,BA,11/2022,10790,8075,"74,84",8075,0,"100,00",2715,"25,16",264,2451,"22,72"
292860,SANTO AMARO,BA,07/2022,10562,7732,"73,21",7732,0,"100,00",2830,"26,79",291,2539,"24,04"
292860,SANTO AMARO,BA,09/2022,10784,7913,"73,38",7913,0,"100,00",2871,"26,62",306,2565,"23,79"
292870,SANTO ANTÔNIO DE JESUS,BA,07/2022,12121,6631,"54,71",6264,367,"94,47",5490,"45,29",1890,3600,"29,70"
292870,SANTO ANTÔNIO DE JESUS,BA,09/2022,12855,8035,"62,50",7677,358,"95,54",4820,"37,50",1183,3637,"28,29"
292870,SANTO ANTÔNIO DE JESUS,BA,11/2022,12829,7864,"61,30",7652,212,"97,30",4965,"38,70",1406,3559,"27,74"
292880,SANTO ESTÊVÃO,BA,11/2022,8601,5260,"61,16",5100,160,"96,96",3341,"38,84",22,3319,"38,59"
292880,SANTO ESTÊVÃO,BA,09/2022,8777,4679,"53,31",4650,29,"99,38",4098,"46,69",34,4064,"46,30"
292880,SANTO ESTÊVÃO,BA,07/2022,8871,6463,"72,86",6414,49,"99,24",2408,"27,14",46,2362,"26,63"
292890,SÃO DESIDÉRIO,BA,09/2022,6384,5250,"82,24",5175,75,"98,57",1134,"17,76",45,1089,"17,06"
292890,SÃO DESIDÉRIO,BA,07/2022,6300,4278,"67,90",3936,342,"92,01",2022,"32,10",419,1603,"25,44"
292890,SÃO DESIDÉRIO,BA,11/2022,6230,5107,"81,97",4669,438,"91,42",1123,"18,03",34,1089,"17,48"
292895,SÃO DOMINGOS,BA,11/2022,1418,1388,"97,88",1320,68,"95,10",30,"2,12",23,7,"0,49"
292895,SÃO DOMINGOS,BA,07/2022,1439,948,"65,88",802,146,"84,60",491,"34,12",69,422,"29,33"
292895,SÃO DOMINGOS,BA,09/2022,1461,953,"65,23",860,93,"90,24",508,"34,77",32,476,"32,58"
292900,SÃO FÉLIX,BA,07/2022,1852,1346,"72,68",1248,98,"92,72",506,"27,32",63,443,"23,92"
292900,SÃO FÉLIX,BA,09/2022,1813,1394,"76,89",1298,96,"93,11",419,"23,11",36,383,"21,13"
292900,SÃO FÉLIX,BA,11/2022,1677,1484,"88,49",1411,73,"95,08",193,"11,51",29,164,"9,78"
292905,SÃO FÉLIX DO CORIBE,BA,11/2022,3038,2572,"84,66",2571,1,"99,96",466,"15,34",33,433,"14,25"
292905,SÃO FÉLIX DO CORIBE,BA,09/2022,3047,2547,"83,59",2547,0,"100,00",500,"16,41",34,466,"15,29"
292905,SÃO FÉLIX DO CORIBE,BA,07/2022,2978,2512,"84,35",2512,0,"100,00",466,"15,65",7,459,"15,41"
292910,SÃO FELIPE,BA,09/2022,3316,2902,"87,52",2882,20,"99,31",414,"12,48",62,352,"10,62"
292910,SÃO FELIPE,BA,07/2022,3280,2828,"86,22",2589,239,"91,55",452,"13,78",75,377,"11,49"
292910,SÃO FELIPE,BA,11/2022,3176,2757,"86,81",2745,12,"99,56",419,"13,19",64,355,"11,18"
292920,SÃO FRANCISCO DO CONDE,BA,11/2022,7894,6285,"79,62",6285,0,"100,00",1609,"20,38",416,1193,"15,11"
292920,SÃO FRANCISCO DO CONDE,BA,07/2022,7533,5408,"71,79",5408,0,"100,00",2125,"28,21",919,1206,"16,01"
292920,SÃO FRANCISCO DO CONDE,BA,09/2022,7975,6528,"81,86",6528,0,"100,00",1447,"18,14",201,1246,"15,62"
292925,SÃO GABRIEL,BA,09/2022,3597,2412,"67,06",2262,150,"93,78",1185,"32,94",231,954,"26,52"
292925,SÃO GABRIEL,BA,07/2022,3644,1901,"52,17",1844,57,"97,00",1743,"47,83",905,838,"23,00"
292925,SÃO GABRIEL,BA,11/2022,3607,2650,"73,47",2562,88,"96,68",957,"26,53",41,916,"25,40"
292930,SÃO GONÇALO DOS CAMPOS,BA,11/2022,4634,4030,"86,97",3809,221,"94,52",604,"13,03",154,450,"9,71"
292930,SÃO GONÇALO DOS CAMPOS,BA,07/2022,4897,3299,"67,37",3180,119,"96,39",1598,"32,63",123,1475,"30,12"
292930,SÃO GONÇALO DOS CAMPOS,BA,09/2022,4768,3786,"79,40",3595,191,"94,96",982,"20,60",214,768,"16,11"
292935,SÃO JOSÉ DA VITÓRIA,BA,09/2022,1508,729,"48,34",695,34,"95,34",779,"51,66",4,775,"51,39"
292935,SÃO JOSÉ DA VITÓRIA,BA,07/2022,1515,915,"60,40",893,22,"97,60",600,"39,60",7,593,"39,14"
292935,SÃO JOSÉ DA VITÓRIA,BA,11/2022,1392,740,"53,16",731,9,"98,78",652,"46,84",3,649,"46,62"
292937,SÃO JOSÉ DO JACUÍPE,BA,11/2022,1811,1253,"69,19",1212,41,"96,73",558,"30,81",186,372,"20,54"
292937,SÃO JOSÉ DO JACUÍPE,BA,07/2022,1885,1141,"60,53",1094,47,"95,88",744,"39,47",330,414,"21,96"
292937,SÃO JOSÉ DO JACUÍPE,BA,09/2022,1914,1305,"68,18",1209,96,"92,64",609,"31,82",177,432,"22,57"
292940,SÃO MIGUEL DAS MATAS,BA,09/2022,1652,1452,"87,89",1217,235,"83,82",200,"12,11",18,182,"11,02"
292940,SÃO MIGUEL DAS MATAS,BA,07/2022,1718,1274,"74,16",1144,130,"89,80",444,"25,84",56,388,"22,58"
292940,SÃO MIGUEL DAS MATAS,BA,11/2022,1599,1398,"87,43",1204,194,"86,12",201,"12,57",22,179,"11,19"
292950,SÃO SEBASTIÃO DO PASSÉ,BA,11/2022,6302,3147,"49,94",3007,140,"95,55",3155,"50,06",209,2946,"46,75"
292950,SÃO SEBASTIÃO DO PASSÉ,BA,09/2022,6533,4777,"73,12",4777,0,"100,00",1756,"26,88",691,1065,"16,30"
292950,SÃO SEBASTIÃO DO PASSÉ,BA,07/2022,6267,0,"0,00",0,0,,6267,"100,00",5037,1230,"19,63"
292960,SAPEAÇU,BA,07/2022,3279,3097,"94,45",3096,1,"99,97",182,"5,55",7,175,"5,34"
292960,SAPEAÇU,BA,09/2022,3340,3180,"95,21",3180,0,"100,00",160,"4,79",19,141,"4,22"
292960,SAPEAÇU,BA,11/2022,3315,3168,"95,57",3168,0,"100,00",147,"4,43",11,136,"4,10"
292970,SÁTIRO DIAS,BA,11/2022,3076,2222,"72,24",2201,21,"99,05",854,"27,76",83,771,"25,07"
292970,SÁTIRO DIAS,BA,07/2022,3277,2880,"87,89",2847,33,"98,85",397,"12,11",27,370,"11,29"
292970,SÁTIRO DIAS,BA,09/2022,3266,2316,"70,91",2217,99,"95,73",950,"29,09",539,411,"12,58"
292975,SAUBARA,BA,07/2022,2546,1941,"76,24",1606,335,"82,74",605,"23,76",308,297,"11,67"
292975,SAUBARA,BA,09/2022,2559,2075,"81,09",1625,450,"78,31",484,"18,91",176,308,"12,04"
292975,SAUBARA,BA,11/2022,2241,1933,"86,26",1815,118,"93,90",308,"13,74",61,247,"11,02"
292980,SAÚDE,BA,11/2022,2016,1693,"83,98",1679,14,"99,17",323,"16,02",21,302,"14,98"
292980,SAÚDE,BA,07/2022,2158,1600,"74,14",1528,72,"95,50",558,"25,86",59,499,"23,12"
292980,SAÚDE,BA,09/2022,2114,1690,"79,94",1616,74,"95,62",424,"20,06",24,400,"18,92"
292990,SEABRA,BA,07/2022,8299,5797,"69,85",5569,228,"96,07",2502,"30,15",280,2222,"26,77"
292990,SEABRA,BA,09/2022,8440,5098,"60,40",4951,147,"97,12",3342,"39,60",1119,2223,"26,34"
292990,SEABRA,BA,11/2022,8304,6036,"72,69",5863,173,"97,13",2268,"27,31",230,2038,"24,54"
293000,SEBASTIÃO LARANJEIRAS,BA,11/2022,1555,1285,"82,64",1278,7,"99,46",270,"17,36",8,262,"16,85"
293000,SEBASTIÃO LARANJEIRAS,BA,07/2022,1550,1271,"82,00",1271,0,"100,00",279,"18,00",32,247,"15,94"
293000,SEBASTIÃO LARANJEIRAS,BA,09/2022,1554,1186,"76,32",1186,0,"100,00",368,"23,68",102,266,"17,12"
293010,SENHOR DO BONFIM,BA,09/2022,11644,8319,"71,44",7862,457,"94,51",3325,"28,56",174,3151,"27,06"
293010,SENHOR DO BONFIM,BA,07/2022,11787,5731,"48,62",5420,311,"94,57",6056,"51,38",128,5928,"50,29"
293010,SENHOR DO BONFIM,BA,11/2022,11662,8635,"74,04",8061,574,"93,35",3027,"25,96",125,2902,"24,88"
293015,SERRA DO RAMALHO,BA,11/2022,6773,6263,"92,47",6208,55,"99,12",510,"7,53",23,487,"7,19"
293015,SERRA DO RAMALHO,BA,09/2022,6824,6304,"92,38",6215,89,"98,59",520,"7,62",38,482,"7,06"
293015,SERRA DO RAMALHO,BA,07/2022,7021,6537,"93,11",6537,0,"100,00",484,"6,89",21,463,"6,59"
293020,SENTO SÉ,BA,09/2022,8857,4670,"52,73",4056,614,"86,85",4187,"47,27",2238,1949,"22,01"
293020,SENTO SÉ,BA,07/2022,8985,5688,"63,31",5119,569,"90,00",3297,"36,69",305,2992,"33,30"
293020,SENTO SÉ,BA,11/2022,8440,6690,"79,27",6274,416,"93,78",1750,"20,73",214,1536,"18,20"
293030,SERRA DOURADA,BA,11/2022,3013,2678,"88,88",2678,0,"100,00",335,"11,12",127,208,"6,90"
293030,SERRA DOURADA,BA,09/2022,3061,2625,"85,76",2624,1,"99,96",436,"14,24",40,396,"12,94"
293030,SERRA DOURADA,BA,07/2022,3061,2604,"85,07",2585,19,"99,27",457,"14,93",69,388,"12,68"
293040,SERRA PRETA,BA,07/2022,3340,2456,"73,53",2345,111,"95,48",884,"26,47",43,841,"25,18"
293040,SERRA PRETA,BA,09/2022,3337,2444,"73,24",2363,81,"96,69",893,"26,76",47,846,"25,35"
293040,SERRA PRETA,BA,11/2022,3236,2471,"76,36",2441,30,"98,79",765,"23,64",29,736,"22,74"
293050,SERRINHA,BA,11/2022,14607,9070,"62,09",9056,14,"99,85",5537,"37,91",914,4623,"31,65"
293050,SERRINHA,BA,07/2022,14826,8635,"58,24",8552,83,"99,04",6191,"41,76",1354,4837,"32,63"
293050,SERRINHA,BA,09/2022,14807,8555,"57,78",8527,28,"99,67",6252,"42,22",1337,4915,"33,19"
293060,SERROLÂNDIA,BA,09/2022,2193,1611,"73,46",1585,26,"98,39",582,"26,54",37,545,"24,85"
293060,SERROLÂNDIA,BA,07/2022,2201,1645,"74,74",1493,152,"90,76",556,"25,26",43,513,"23,31"
293060,SERROLÂNDIA,BA,11/2022,2126,1677,"78,88",1630,47,"97,20",449,"21,12",28,421,"19,80"
293070,SIMÕES FILHO,BA,11/2022,19555,13097,"66,98",11270,1827,"86,05",6458,"33,02",1363,5095,"26,05"
293070,SIMÕES FILHO,BA,09/2022,19791,12217,"61,73",10495,1722,"85,90",7574,"38,27",1225,6349,"32,08"
293070,SIMÕES FILHO,BA,07/2022,19106,10987,"57,51",9338,1649,"84,99",8119,"42,49",1521,6598,"34,53"
293075,SÍTIO DO MATO,BA,09/2022,3672,3130,"85,24",3052,78,"97,51",542,"14,76",5,537,"14,62"
293075,SÍTIO DO MATO,BA,07/2022,3660,2961,"80,90",2857,104,"96,49",699,"19,10",47,652,"17,81"
293075,SÍTIO DO MATO,BA,11/2022,3551,3160,"88,99",3005,155,"95,09",391,"11,01",7,384,"10,81"
293076,SÍTIO DO QUINTO,BA,11/2022,2001,1884,"94,15",1856,28,"98,51",117,"5,85",13,104,"5,20"
293076,SÍTIO DO QUINTO,BA,07/2022,2150,1967,"91,49",1852,115,"94,15",183,"8,51",20,163,"7,58"
293076,SÍTIO DO QUINTO,BA,09/2022,2165,2038,"94,13",1886,152,"92,54",127,"5,87",18,109,"5,03"
293077,SOBRADINHO,BA,07/2022,4644,3300,"71,06",3185,115,"96,52",1344,"28,94",17,1327,"28,57"
293077,SOBRADINHO,BA,09/2022,4796,3724,"77,65",3586,138,"96,29",1072,"22,35",57,1015,"21,16"
293077,SOBRADINHO,BA,11/2022,4675,3871,"82,80",3772,99,"97,44",804,"17,20",6,798,"17,07"
293080,SOUTO SOARES,BA,11/2022,3222,3049,"94,63",3048,1,"99,97",173,"5,37",42,131,"4,07"
293080,SOUTO SOARES,BA,07/2022,3536,3154,"89,20",2981,173,"94,51",382,"10,80",46,336,"9,50"
293080,SOUTO SOARES,BA,09/2022,3449,3279,"95,07",3204,75,"97,71",170,"4,93",13,157,"4,55"
293090,TABOCAS DO BREJO VELHO,BA,09/2022,2142,1477,"68,95",1308,169,"88,56",665,"31,05",1,664,"31,00"
293090,TABOCAS DO BREJO VELHO,BA,07/2022,2145,1492,"69,56",1323,169,"88,67",653,"30,44",0,653,"30,44"
293090,TABOCAS DO BREJO VELHO,BA,11/2022,2003,1425,"71,14",1357,68,"95,23",578,"28,86",2,576,"28,76"
293100,TANHAÇU,BA,11/2022,3324,3174,"95,49",3027,147,"95,37",150,"4,51",65,85,"2,56"
293100,TANHAÇU,BA,07/2022,3562,2743,"77,01",2742,1,"99,96",819,"22,99",136,683,"19,17"
293100,TANHAÇU,BA,09/2022,3513,3154,"89,78",3027,127,"95,97",359,"10,22",77,282,"8,03"
293105,TANQUE NOVO,BA,09/2022,2947,2711,"91,99",2493,218,"91,96",236,"8,01",13,223,"7,57"
293105,TANQUE NOVO,BA,07/2022,2958,2622,"88,64",2409,213,"91,88",336,"11,36",13,323,"10,92"
293105,TANQUE NOVO,BA,11/2022,2795,2580,"92,31",2460,120,"95,35",215,"7,69",7,208,"7,44"
293110,TANQUINHO,BA,11/2022,1420,1276,"89,86",1247,29,"97,73",144,"10,14",44,100,"7,04"
293110,TANQUINHO,BA,09/2022,1546,1140,"73,74",1060,80,"92,98",406,"26,26",71,335,"21,67"
293110,TANQUINHO,BA,07/2022,1512,1017,"67,26",868,149,"85,35",495,"32,74",41,454,"30,03"
293120,TAPEROÁ,BA,07/2022,3666,2887,"78,75",2780,107,"96,29",779,"21,25",16,763,"20,81"
293120,TAPEROÁ,BA,09/2022,3463,3143,"90,76",2749,394,"87,46",320,"9,24",13,307,"8,87"
293120,TAPEROÁ,BA,11/2022,3413,2919,"85,53",2848,71,"97,57",494,"14,47",16,478,"14,01"
293130,TAPIRAMUTÁ,BA,11/2022,2872,1364,"47,49",1310,54,"96,04",1508,"52,51",926,582,"20,26"
293130,TAPIRAMUTÁ,BA,07/2022,3138,1773,"56,50",1607,166,"90,64",1365,"43,50",776,589,"18,77"
293130,TAPIRAMUTÁ,BA,09/2022,3124,1849,"59,19",1735,114,"93,83",1275,"40,81",692,583,"18,66"
293135,TEIXEIRA DE FREITAS,BA,07/2022,17105,10064,"58,84",10047,17,"99,83",7041,"41,16",1416,5625,"32,89"
293135,TEIXEIRA DE FREITAS,BA,09/2022,16214,11093,"68,42",10406,687,"93,81",5121,"31,58",2138,2983,"18,40"
293135,TEIXEIRA DE FREITAS,BA,11/2022,16265,14828,"91,17",14223,605,"95,92",1437,"8,83",318,1119,"6,88"
293140,TEODORO SAMPAIO,BA,11/2022,1314,940,"71,54",894,46,"95,11",374,"28,46",3,371,"28,23"
293140,TEODORO SAMPAIO,BA,07/2022,1376,998,"72,53",988,10,"99,00",378,"27,47",5,373,"27,11"
293140,TEODORO SAMPAIO,BA,09/2022,1386,989,"71,36",959,30,"96,97",397,"28,64",9,388,"27,99"
293150,TEOFILÂNDIA,BA,09/2022,4168,3470,"83,25",3286,184,"94,70",698,"16,75",78,620,"14,88"
293150,TEOFILÂNDIA,BA,07/2022,4197,3533,"84,18",3467,66,"98,13",664,"15,82",59,605,"14,42"
293150,TEOFILÂNDIA,BA,11/2022,4134,3522,"85,20",3411,111,"96,85",612,"14,80",69,543,"13,13"
293160,TEOLÂNDIA,BA,11/2022,3174,3045,"95,94",2961,84,"97,24",129,"4,06",22,107,"3,37"
293160,TEOLÂNDIA,BA,09/2022,3271,3137,"95,90",2946,191,"93,91",134,"4,10",25,109,"3,33"
293160,TEOLÂNDIA,BA,07/2022,3384,3282,"96,99",3278,4,"99,88",102,"3,01",26,76,"2,25"
293170,TERRA NOVA,BA,07/2022,2392,1991,"83,24",1985,6,"99,70",401,"16,76",85,316,"13,21"
293170,TERRA NOVA,BA,09/2022,2368,1737,"73,35",1556,181,"89,58",631,"26,65",76,555,"23,44"
293170,TERRA NOVA,BA,11/2022,2228,1681,"75,45",1637,44,"97,38",547,"24,55",36,511,"22,94"
293180,TREMEDAL,BA,11/2022,2748,1224,"44,54",1208,16,"98,69",1524,"55,46",615,909,"33,08"
293180,TREMEDAL,BA,09/2022,2775,1102,"39,71",1066,36,"96,73",1673,"60,29",744,929,"33,48"
293180,TREMEDAL,BA,07/2022,2749,1375,"50,02",1373,2,"99,85",1374,"49,98",664,710,"25,83"
293190,TUCANO,BA,07/2022,9920,5011,"50,51",4643,368,"92,66",4909,"49,49",3037,1872,"18,87"
293190,TUCANO,BA,09/2022,10001,5333,"53,32",5192,141,"97,36",4668,"46,68",2774,1894,"18,94"
293190,TUCANO,BA,11/2022,9864,7160,"72,59",6813,347,"95,15",2704,"27,41",1025,1679,"17,02"
293200,UAUÁ,BA,11/2022,4735,3197,"67,52",2884,313,"90,21",1538,"32,48",22,1516,"32,02"
293200,UAUÁ,BA,09/2022,5131,3369,"65,66",2932,437,"87,03",1762,"34,34",65,1697,"33,07"
293200,UAUÁ,BA,07/2022,5099,3421,"67,09",2908,513,"85,00",1678,"32,91",63,1615,"31,67"
293210,UBAÍRA,BA,09/2022,3389,2906,"85,75",2684,222,"92,36",483,"14,25",31,452,"13,34"
293210,UBAÍRA,BA,07/2022,3517,2602,"73,98",2398,204,"92,16",915,"26,02",108,807,"22,95"
293210,UBAÍRA,BA,11/2022,3361,2830,"84,20",2716,114,"95,97",531,"15,80",21,510,"15,17"
293220,UBAITABA,BA,11/2022,3270,2826,"86,42",2806,20,"99,29",444,"13,58",78,366,"11,19"
293220,UBAITABA,BA,07/2022,3027,0,"0,00",0,0,,3027,"100,00",2609,418,"13,81"
293220,UBAITABA,BA,09/2022,3226,2779,"86,14",2779,0,"100,00",447,"13,86",18,429,"13,30"
293230,UBATÃ,BA,09/2022,3015,2589,"85,87",2589,0,"100,00",426,"14,13",13,413,"13,70"
293230,UBATÃ,BA,07/2022,2947,2545,"86,36",2543,2,"99,92",402,"13,64",21,381,"12,93"
293230,UBATÃ,BA,11/2022,3039,2617,"86,11",2617,0,"100,00",422,"13,89",9,413,"13,59"
293240,UIBAÍ,BA,11/2022,2144,1979,"92,30",1884,95,"95,20",165,"7,70",21,144,"6,72"
293240,UIBAÍ,BA,07/2022,2510,1964,"78,25",1759,205,"89,56",546,"21,75",136,410,"16,33"
293240,UIBAÍ,BA,09/2022,2315,2123,"91,71",1859,264,"87,56",192,"8,29",32,160,"6,91"
293245,UMBURANAS,BA,09/2022,3138,2076,"66,16",1768,308,"85,16",1062,"33,84",175,887,"28,27"
293245,UMBURANAS,BA,07/2022,3210,2380,"74,14",2316,64,"97,31",830,"25,86",113,717,"22,34"
293245,UMBURANAS,BA,11/2022,2952,1965,"66,57",1661,304,"84,53",987,"33,43",147,840,"28,46"
293250,UNA,BA,11/2022,3818,1464,"38,34",1393,71,"95,15",2354,"61,66",14,2340,"61,29"
293250,UNA,BA,07/2022,3881,1467,"37,80",1378,89,"93,93",2414,"62,20",100,2314,"59,62"
293250,UNA,BA,09/2022,3870,1423,"36,77",1364,59,"95,85",2447,"63,23",53,2394,"61,86"
293260,URANDI,BA,09/2022,2657,1695,"63,79",1625,70,"95,87",962,"36,21",17,945,"35,57"
293260,URANDI,BA,07/2022,2621,1720,"65,62",1689,31,"98,20",901,"34,38",8,893,"34,07"
293260,URANDI,BA,11/2022,2655,2102,"79,17",1973,129,"93,86",553,"20,83",10,543,"20,45"
293270,URUÇUCA,BA,11/2022,4996,2905,"58,15",2905,0,"100,00",2091,"41,85",800,1291,"25,84"
293270,URUÇUCA,BA,07/2022,4767,2,"0,04",0,2,"0,00",4765,"99,96",3500,1265,"26,54"
293270,URUÇUCA,BA,09/2022,5065,3294,"65,03",3294,0,"100,00",1771,"34,97",465,1306,"25,78"
293280,UTINGA,BA,07/2022,3107,2579,"83,01",2178,401,"84,45",528,"16,99",46,482,"15,51"
293280,UTINGA,BA,09/2022,3071,2539,"82,68",2253,286,"88,74",532,"17,32",36,496,"16,15"
293280,UTINGA,BA,11/2022,2831,2438,"86,12",2300,138,"94,34",393,"13,88",35,358,"12,65"
293290,VALENÇA,BA,11/2022,13282,12123,"91,27",10805,1318,"89,13",1159,"8,73",60,1099,"8,27"
293290,VALENÇA,BA,09/2022,13539,12034,"88,88",11526,508,"95,78",1505,"11,12",101,1404,"10,37"
293290,VALENÇA,BA,07/2022,13816,11303,"81,81",11159,144,"98,73",2513,"18,19",344,2169,"15,70"
293300,VALENTE,BA,07/2022,3675,1773,"48,24",1720,53,"97,01",1902,"51,76",838,1064,"28,95"
293300,VALENTE,BA,09/2022,3700,2324,"62,81",2276,48,"97,93",1376,"37,19",588,788,"21,30"
293300,VALENTE,BA,11/2022,3667,2529,"68,97",2438,91,"96,40",1138,"31,03",518,620,"16,91"
293305,VÁRZEA DA ROÇA,BA,11/2022,2565,1179,"45,96",1071,108,"90,84",1386,"54,04",184,1202,"46,86"
293305,VÁRZEA DA ROÇA,BA,07/2022,2591,898,"34,66",884,14,"98,44",1693,"65,34",23,1670,"64,45"
293305,VÁRZEA DA ROÇA,BA,09/2022,2625,887,"33,79",887,0,"100,00",1738,"66,21",52,1686,"64,23"
293310,VÁRZEA DO POÇO,BA,09/2022,1318,1108,"84,07",1108,0,"100,00",210,"15,93",8,202,"15,33"
293310,VÁRZEA DO POÇO,BA,07/2022,1310,1108,"84,58",1108,0,"100,00",202,"15,42",7,195,"14,89"
293310,VÁRZEA DO POÇO,BA,11/2022,1298,1085,"83,59",1085,0,"100,00",213,"16,41",4,209,"16,10"
293315,VÁRZEA NOVA,BA,11/2022,2540,1931,"76,02",1795,136,"92,96",609,"23,98",22,587,"23,11"
293315,VÁRZEA NOVA,BA,07/2022,2651,1844,"69,56",1671,173,"90,62",807,"30,44",14,793,"29,91"
293315,VÁRZEA NOVA,BA,09/2022,2667,1637,"61,38",1485,152,"90,71",1030,"38,62",9,1021,"38,28"
293317,VARZEDO,BA,07/2022,1586,1387,"87,45",1196,191,"86,23",199,"12,55",25,174,"10,97"
293317,VARZEDO,BA,09/2022,1545,1409,"91,20",1280,129,"90,84",136,"8,80",12,124,"8,03"
293317,VARZEDO,BA,11/2022,1477,1340,"90,72",1301,39,"97,09",137,"9,28",12,125,"8,46"
293320,VERA CRUZ,BA,11/2022,8481,6153,"72,55",6150,3,"99,95",2328,"27,45",244,2084,"24,57"
293320,VERA CRUZ,BA,07/2022,8342,6211,"74,45",6211,0,"100,00",2131,"25,55",149,1982,"23,76"
293320,VERA CRUZ,BA,09/2022,8503,5966,"70,16",5960,6,"99,90",2537,"29,84",460,2077,"24,43"
293325,VEREDA,BA,09/2022,1112,848,"76,26",848,0,"100,00",264,"23,74",26,238,"21,40"
293325,VEREDA,BA,07/2022,1135,990,"87,22",990,0,"100,00",145,"12,78",20,125,"11,01"
293325,VEREDA,BA,11/2022,1060,844,"79,62",843,1,"99,88",216,"20,38",29,187,"17,64"
293330,VITÓRIA DA CONQUISTA,BA,11/2022,45861,37882,"82,60",36407,1475,"96,11",7979,"17,40",136,7843,"17,10"
293330,VITÓRIA DA CONQUISTA,BA,09/2022,45735,36684,"80,21",34659,2025,"94,48",9051,"19,79",186,8865,"19,38"
293330,VITÓRIA DA CONQUISTA,BA,07/2022,43380,32196,"74,22",30138,2058,"93,61",11184,"25,78",586,10598,"24,43"
293340,WAGNER,BA,07/2022,1531,744,"48,60",726,18,"97,58",787,"51,40",645,142,"9,27"
293340,WAGNER,BA,09/2022,1526,603,"39,52",603,0,"100,00",923,"60,48",756,167,"10,94"
293340,WAGNER,BA,11/2022,1564,1061,"67,84",1061,0,"100,00",503,"32,16",351,152,"9,72"
293345,WANDERLEY,BA,11/2022,2553,2175,"85,19",2146,29,"98,67",378,"14,81",22,356,"13,94"
293345,WANDERLEY,BA,09/2022,2634,2270,"86,18",2192,78,"96,56",364,"13,82",9,355,"13,48"
293345,WANDERLEY,BA,07/2022,2589,0,"0,00",0,0,,2589,"100,00",2249,340,"13,13"
293350,WENCESLAU GUIMARÃES,BA,09/2022,5619,4418,"78,63",4413,5,"99,89",1201,"21,37",72,1129,"20,09"
293350,WENCESLAU GUIMARÃES,BA,07/2022,5556,4293,"77,27",4292,1,"99,98",1263,"22,73",47,1216,"21,89"
293350,WENCESLAU GUIMARÃES,BA,11/2022,5481,4358,"79,51",4343,15,"99,66",1123,"20,49",54,1069,"19,50"
293360,XIQUE-XIQUE,BA,11/2022,11607,9361,"80,65",9360,1,"99,99",2246,"19,35",190,2056,"17,71"
293360,XIQUE-XIQUE,BA,09/2022,11836,9495,"80,22",9495,0,"100,00",2341,"19,78",207,2134,"18,03"
293360,XIQUE-XIQUE,BA,07/2022,11708,8911,"76,11",8911,0,"100,00",2797,"23,89",711,2086,"17,82"
230010,ABAIARA,CE,09/2022,1816,1321,"72,74",1205,116,"91,22",495,"27,26",13,482,"26,54"
230010,ABAIARA,CE,11/2022,1709,1248,"73,03",1195,53,"95,75",461,"26,97",9,452,"26,45"
230010,ABAIARA,CE,07/2022,1800,1324,"73,56",1207,117,"91,16",476,"26,44",11,465,"25,83"
230015,ACARAPE,CE,07/2022,2677,2013,"75,20",1840,173,"91,41",664,"24,80",49,615,"22,97"
230015,ACARAPE,CE,11/2022,2554,2014,"78,86",1881,133,"93,40",540,"21,14",46,494,"19,34"
230015,ACARAPE,CE,09/2022,2678,2090,"78,04",1829,261,"87,51",588,"21,96",51,537,"20,05"
230020,ACARAÚ,CE,09/2022,13332,10047,"75,36",8710,1337,"86,69",3285,"24,64",48,3237,"24,28"
230020,ACARAÚ,CE,11/2022,12264,8936,"72,86",8712,224,"97,49",3328,"27,14",36,3292,"26,84"
230020,ACARAÚ,CE,07/2022,13300,10045,"75,53",8584,1461,"85,46",3255,"24,47",59,3196,"24,03"
230030,ACOPIARA,CE,07/2022,8290,7299,"88,05",6544,755,"89,66",991,"11,95",43,948,"11,44"
230030,ACOPIARA,CE,11/2022,7462,6639,"88,97",6357,282,"95,75",823,"11,03",52,771,"10,33"
230030,ACOPIARA,CE,09/2022,8221,6580,"80,04",6161,419,"93,63",1641,"19,96",74,1567,"19,06"
230040,AIUABA,CE,09/2022,2868,2426,"84,59",2426,0,"100,00",442,"15,41",18,424,"14,78"
230040,AIUABA,CE,11/2022,2839,2401,"84,57",2395,6,"99,75",438,"15,43",19,419,"14,76"
230040,AIUABA,CE,07/2022,2895,2452,"84,70",2451,1,"99,96",443,"15,30",21,422,"14,58"
230050,ALCÂNTARAS,CE,07/2022,1404,1149,"81,84",1146,3,"99,74",255,"18,16",9,246,"17,52"
230050,ALCÂNTARAS,CE,11/2022,1430,1217,"85,10",1171,46,"96,22",213,"14,90",2,211,"14,76"
230050,ALCÂNTARAS,CE,09/2022,1425,1187,"83,30",1140,47,"96,04",238,"16,70",11,227,"15,93"
230060,ALTANEIRA,CE,09/2022,1543,1282,"83,08",1268,14,"98,91",261,"16,92",10,251,"16,27"
230060,ALTANEIRA,CE,11/2022,1481,1328,"89,67",1244,84,"93,67",153,"10,33",4,149,"10,06"
230060,ALTANEIRA,CE,07/2022,1545,1275,"82,52",1266,9,"99,29",270,"17,48",21,249,"16,12"
230070,ALTO SANTO,CE,07/2022,2364,1253,"53,00",1145,108,"91,38",1111,"47,00",697,414,"17,51"
230070,ALTO SANTO,CE,11/2022,2266,1897,"83,72",1871,26,"98,63",369,"16,28",21,348,"15,36"
230070,ALTO SANTO,CE,09/2022,2409,1957,"81,24",1955,2,"99,90",452,"18,76",37,415,"17,23"
230075,AMONTADA,CE,09/2022,9237,7554,"81,78",7453,101,"98,66",1683,"18,22",33,1650,"17,86"
230075,AMONTADA,CE,11/2022,9079,8213,"90,46",7520,693,"91,56",866,"9,54",33,833,"9,18"
230075,AMONTADA,CE,07/2022,9351,7148,"76,44",7134,14,"99,80",2203,"23,56",51,2152,"23,01"
230080,ANTONINA DO NORTE,CE,07/2022,1507,1290,"85,60",1216,74,"94,26",217,"14,40",9,208,"13,80"
230080,ANTONINA DO NORTE,CE,11/2022,1426,1210,"84,85",1203,7,"99,42",216,"15,15",6,210,"14,73"
230080,ANTONINA DO NORTE,CE,09/2022,1503,1282,"85,30",1213,69,"94,62",221,"14,70",7,214,"14,24"
230090,APUIARÉS,CE,09/2022,2469,1968,"79,71",1819,149,"92,43",501,"20,29",11,490,"19,85"
230090,APUIARÉS,CE,11/2022,2295,1807,"78,74",1748,59,"96,73",488,"21,26",9,479,"20,87"
230090,APUIARÉS,CE,07/2022,2507,2046,"81,61",1936,110,"94,62",461,"18,39",20,441,"17,59"
230100,AQUIRAZ,CE,07/2022,13526,10723,"79,28",10640,83,"99,23",2803,"20,72",65,2738,"20,24"
230100,AQUIRAZ,CE,11/2022,13050,11051,"84,68",10935,116,"98,95",1999,"15,32",21,1978,"15,16"
230100,AQUIRAZ,CE,09/2022,13811,10976,"79,47",10343,633,"94,23",2835,"20,53",114,2721,"19,70"
230110,ARACATI,CE,09/2022,10057,7588,"75,45",6515,1073,"85,86",2469,"24,55",900,1569,"15,60"
230110,ARACATI,CE,11/2022,9534,8433,"88,45",7968,465,"94,49",1101,"11,55",87,1014,"10,64"
230110,ARACATI,CE,07/2022,9952,7226,"72,61",6327,899,"87,56",2726,"27,39",902,1824,"18,33"
230120,ARACOIABA,CE,07/2022,5435,4323,"79,54",3969,354,"91,81",1112,"20,46",16,1096,"20,17"
230120,ARACOIABA,CE,11/2022,5091,4038,"79,32",3878,160,"96,04",1053,"20,68",22,1031,"20,25"
230120,ARACOIABA,CE,09/2022,5433,4082,"75,13",3645,437,"89,29",1351,"24,87",17,1334,"24,55"
230125,ARARENDÁ,CE,09/2022,2058,1993,"96,84",1788,205,"89,71",65,"3,16",13,52,"2,53"
230125,ARARENDÁ,CE,11/2022,1916,1851,"96,61",1815,36,"98,06",65,"3,39",11,54,"2,82"
230125,ARARENDÁ,CE,07/2022,2112,2029,"96,07",1850,179,"91,18",83,"3,93",10,73,"3,46"
230130,ARARIPE,CE,07/2022,4333,2680,"61,85",2460,220,"91,79",1653,"38,15",491,1162,"26,82"
230130,ARARIPE,CE,11/2022,3936,3775,"95,91",3417,358,"90,52",161,"4,09",42,119,"3,02"
230130,ARARIPE,CE,09/2022,4160,2700,"64,90",2433,267,"90,11",1460,"35,10",1255,205,"4,93"
230140,ARATUBA,CE,09/2022,2558,2096,"81,94",1854,242,"88,45",462,"18,06",15,447,"17,47"
230140,ARATUBA,CE,11/2022,2392,2051,"85,74",1978,73,"96,44",341,"14,26",22,319,"13,34"
230140,ARATUBA,CE,07/2022,2533,2087,"82,39",1987,100,"95,21",446,"17,61",16,430,"16,98"
230150,ARNEIROZ,CE,07/2022,1147,700,"61,03",646,54,"92,29",447,"38,97",272,175,"15,26"
230150,ARNEIROZ,CE,11/2022,1077,927,"86,07",922,5,"99,46",150,"13,93",84,66,"6,13"
230150,ARNEIROZ,CE,09/2022,1130,773,"68,41",709,64,"91,72",357,"31,59",173,184,"16,28"
230160,ASSARÉ,CE,09/2022,4332,3386,"78,16",3386,0,"100,00",946,"21,84",193,753,"17,38"
230160,ASSARÉ,CE,11/2022,4246,3563,"83,91",3563,0,"100,00",683,"16,09",28,655,"15,43"
230160,ASSARÉ,CE,07/2022,4309,3505,"81,34",3463,42,"98,80",804,"18,66",25,779,"18,08"
230170,AURORA,CE,07/2022,3950,3268,"82,73",2992,276,"91,55",682,"17,27",118,564,"14,28"
230170,AURORA,CE,11/2022,3626,3247,"89,55",2939,308,"90,51",379,"10,45",20,359,"9,90"
230170,AURORA,CE,09/2022,3951,3281,"83,04",2886,395,"87,96",670,"16,96",89,581,"14,71"
230180,BAIXIO,CE,09/2022,1127,1004,"89,09",1004,0,"100,00",123,"10,91",0,123,"10,91"
230180,BAIXIO,CE,11/2022,1114,995,"89,32",995,0,"100,00",119,"10,68",0,119,"10,68"
230180,BAIXIO,CE,07/2022,1073,0,"0,00",0,0,,1073,"100,00",947,126,"11,74"
230185,BANABUIÚ,CE,07/2022,3533,2625,"74,30",2623,2,"99,92",908,"25,70",18,890,"25,19"
230185,BANABUIÚ,CE,11/2022,3148,2639,"83,83",2594,45,"98,29",509,"16,17",106,403,"12,80"
230185,BANABUIÚ,CE,09/2022,3457,2952,"85,39",2651,301,"89,80",505,"14,61",22,483,"13,97"
230190,BARBALHA,CE,09/2022,10617,5516,"51,95",5252,264,"95,21",5101,"48,05",1860,3241,"30,53"
230190,BARBALHA,CE,11/2022,10294,6510,"63,24",6285,225,"96,54",3784,"36,76",1924,1860,"18,07"
230190,BARBALHA,CE,07/2022,10352,5305,"51,25",5103,202,"96,19",5047,"48,75",1969,3078,"29,73"
230195,BARREIRA,CE,07/2022,4287,3143,"73,31",3102,41,"98,70",1144,"26,69",25,1119,"26,10"
230195,BARREIRA,CE,11/2022,4264,2876,"67,45",2594,282,"90,19",1388,"32,55",447,941,"22,07"
230195,BARREIRA,CE,09/2022,4277,1560,"36,47",1449,111,"92,88",2717,"63,53",1559,1158,"27,08"
230200,BARRO,CE,09/2022,3213,2716,"84,53",2323,393,"85,53",497,"15,47",42,455,"14,16"
230200,BARRO,CE,11/2022,3000,2552,"85,07",2469,83,"96,75",448,"14,93",63,385,"12,83"
230200,BARRO,CE,07/2022,3233,2668,"82,52",2490,178,"93,33",565,"17,48",84,481,"14,88"
230205,BARROQUINHA,CE,07/2022,3316,2960,"89,26",2958,2,"99,93",356,"10,74",7,349,"10,52"
230205,BARROQUINHA,CE,11/2022,3276,2876,"87,79",2814,62,"97,84",400,"12,21",4,396,"12,09"
230205,BARROQUINHA,CE,09/2022,3311,2878,"86,92",2825,53,"98,16",433,"13,08",8,425,"12,84"
230210,BATURITÉ,CE,09/2022,6737,5886,"87,37",5867,19,"99,68",851,"12,63",9,842,"12,50"
230210,BATURITÉ,CE,11/2022,6653,5905,"88,76",5894,11,"99,81",748,"11,24",12,736,"11,06"
230210,BATURITÉ,CE,07/2022,6636,5779,"87,09",5766,13,"99,78",857,"12,91",17,840,"12,66"
230220,BEBERIBE,CE,07/2022,10015,8096,"80,84",8090,6,"99,93",1919,"19,16",69,1850,"18,47"
230220,BEBERIBE,CE,11/2022,10013,9066,"90,54",8508,558,"93,85",947,"9,46",23,924,"9,23"
230220,BEBERIBE,CE,09/2022,10226,8275,"80,92",8272,3,"99,96",1951,"19,08",67,1884,"18,42"
230230,BELA CRUZ,CE,09/2022,5301,4141,"78,12",4138,3,"99,93",1160,"21,88",385,775,"14,62"
230230,BELA CRUZ,CE,11/2022,5287,4308,"81,48",4306,2,"99,95",979,"18,52",164,815,"15,42"
230230,BELA CRUZ,CE,07/2022,5286,4232,"80,06",4232,0,"100,00",1054,"19,94",327,727,"13,75"
230240,BOA VIAGEM,CE,07/2022,9141,6876,"75,22",6856,20,"99,71",2265,"24,78",140,2125,"23,25"
230240,BOA VIAGEM,CE,11/2022,8868,7172,"80,88",6768,404,"94,37",1696,"19,12",27,1669,"18,82"
230240,BOA VIAGEM,CE,09/2022,9035,7002,"77,50",6797,205,"97,07",2033,"22,50",63,1970,"21,80"
230250,BREJO SANTO,CE,09/2022,7665,6573,"85,75",6198,375,"94,29",1092,"14,25",14,1078,"14,06"
230250,BREJO SANTO,CE,11/2022,7413,6245,"84,24",6201,44,"99,30",1168,"15,76",8,1160,"15,65"
230250,BREJO SANTO,CE,07/2022,7725,6806,"88,10",6707,99,"98,55",919,"11,90",10,909,"11,77"
230260,CAMOCIM,CE,07/2022,11157,9205,"82,50",9086,119,"98,71",1952,"17,50",30,1922,"17,23"
230260,CAMOCIM,CE,11/2022,10689,8610,"80,55",8329,281,"96,74",2079,"19,45",575,1504,"14,07"
230260,CAMOCIM,CE,09/2022,11076,8948,"80,79",8297,651,"92,72",2128,"19,21",581,1547,"13,97"
230270,CAMPOS SALES,CE,11/2022,4408,3496,"79,31",3414,82,"97,65",912,"20,69",63,849,"19,26"
230270,CAMPOS SALES,CE,09/2022,4587,3052,"66,54",2886,166,"94,56",1535,"33,46",156,1379,"30,06"
230270,CAMPOS SALES,CE,07/2022,4663,3402,"72,96",3210,192,"94,36",1261,"27,04",113,1148,"24,62"
230280,CANINDÉ,CE,07/2022,13927,11264,"80,88",10031,1233,"89,05",2663,"19,12",608,2055,"14,76"
230280,CANINDÉ,CE,09/2022,13778,11068,"80,33",9946,1122,"89,86",2710,"19,67",612,2098,"15,23"
230280,CANINDÉ,CE,11/2022,12786,10845,"84,82",10172,673,"93,79",1941,"15,18",554,1387,"10,85"
230290,CAPISTRANO,CE,11/2022,2805,2633,"93,87",2598,35,"98,67",172,"6,13",41,131,"4,67"
230290,CAPISTRANO,CE,07/2022,3151,3032,"96,22",2639,393,"87,04",119,"3,78",6,113,"3,59"
230290,CAPISTRANO,CE,09/2022,3130,2689,"85,91",2585,104,"96,13",441,"14,09",2,439,"14,03"
230300,CARIDADE,CE,09/2022,3919,3275,"83,57",3165,110,"96,64",644,"16,43",17,627,"16,00"
230300,CARIDADE,CE,07/2022,3908,3368,"86,18",3151,217,"93,56",540,"13,82",27,513,"13,13"
230300,CARIDADE,CE,11/2022,3692,3179,"86,11",3156,23,"99,28",513,"13,89",8,505,"13,68"
230310,CARIRÉ,CE,11/2022,2720,2508,"92,21",2475,33,"98,68",212,"7,79",59,153,"5,63"
230310,CARIRÉ,CE,07/2022,3023,2793,"92,39",2533,260,"90,69",230,"7,61",38,192,"6,35"
230310,CARIRÉ,CE,09/2022,3024,2592,"85,71",2465,127,"95,10",432,"14,29",36,396,"13,10"
230320,CARIRIAÇU,CE,07/2022,5635,4428,"78,58",4364,64,"98,55",1207,"21,42",25,1182,"20,98"
230320,CARIRIAÇU,CE,09/2022,5551,4362,"78,58",4101,261,"94,02",1189,"21,42",101,1088,"19,60"
230320,CARIRIAÇU,CE,11/2022,5248,4215,"80,32",4073,142,"96,63",1033,"19,68",38,995,"18,96"
230330,CARIÚS,CE,11/2022,2528,1877,"74,25",1806,71,"96,22",651,"25,75",39,612,"24,21"
230330,CARIÚS,CE,07/2022,2698,1977,"73,28",1841,136,"93,12",721,"26,72",65,656,"24,31"
230330,CARIÚS,CE,09/2022,2678,1962,"73,26",1736,226,"88,48",716,"26,74",54,662,"24,72"
230340,CARNAUBAL,CE,07/2022,3030,2494,"82,31",2486,8,"99,68",536,"17,69",8,528,"17,43"
230340,CARNAUBAL,CE,09/2022,3040,2493,"82,01",2259,234,"90,61",547,"17,99",20,527,"17,34"
230340,CARNAUBAL,CE,11/2022,3028,2495,"82,40",2344,151,"93,95",533,"17,60",11,522,"17,24"
230350,CASCAVEL,CE,11/2022,12396,11731,"94,64",11152,579,"95,06",665,"5,36",18,647,"5,22"
230350,CASCAVEL,CE,07/2022,12606,10970,"87,02",10904,66,"99,40",1636,"12,98",285,1351,"10,72"
230350,CASCAVEL,CE,09/2022,12765,11562,"90,58",10990,572,"95,05",1203,"9,42",251,952,"7,46"
230360,CATARINA,CE,07/2022,1774,1397,"78,75",1393,4,"99,71",377,"21,25",44,333,"18,77"
230360,CATARINA,CE,09/2022,1757,1372,"78,09",1325,47,"96,57",385,"21,91",45,340,"19,35"
230360,CATARINA,CE,11/2022,1728,1378,"79,75",1227,151,"89,04",350,"20,25",7,343,"19,85"
230365,CATUNDA,CE,11/2022,1708,1631,"95,49",1630,1,"99,94",77,"4,51",9,68,"3,98"
230365,CATUNDA,CE,09/2022,1956,1878,"96,01",1655,223,"88,13",78,"3,99",5,73,"3,73"
230365,CATUNDA,CE,07/2022,1961,1321,"67,36",1307,14,"98,94",640,"32,64",462,178,"9,08"
230370,CAUCAIA,CE,09/2022,54285,31177,"57,43",29778,1399,"95,51",23108,"42,57",534,22574,"41,58"
230370,CAUCAIA,CE,07/2022,52682,30216,"57,36",28888,1328,"95,60",22466,"42,64",1027,21439,"40,70"
230370,CAUCAIA,CE,11/2022,53682,31884,"59,39",31301,583,"98,17",21798,"40,61",987,20811,"38,77"
230380,CEDRO,CE,11/2022,3556,3096,"87,06",3084,12,"99,61",460,"12,94",10,450,"12,65"
230380,CEDRO,CE,07/2022,3947,3474,"88,02",3143,331,"90,47",473,"11,98",21,452,"11,45"
230380,CEDRO,CE,09/2022,3882,2982,"76,82",2917,65,"97,82",900,"23,18",158,742,"19,11"
230390,CHAVAL,CE,09/2022,2551,2105,"82,52",2105,0,"100,00",446,"17,48",8,438,"17,17"
230390,CHAVAL,CE,07/2022,2556,2111,"82,59",2111,0,"100,00",445,"17,41",1,444,"17,37"
230390,CHAVAL,CE,11/2022,2530,2287,"90,40",2125,162,"92,92",243,"9,60",3,240,"9,49"
230393,CHORÓ,CE,11/2022,2280,1952,"85,61",1949,3,"99,85",328,"14,39",6,322,"14,12"
230393,CHORÓ,CE,07/2022,2482,2084,"83,96",2070,14,"99,33",398,"16,04",37,361,"14,54"
230393,CHORÓ,CE,09/2022,2431,2015,"82,89",1944,71,"96,48",416,"17,11",41,375,"15,43"
230395,CHOROZINHO,CE,07/2022,3687,3316,"89,94",3185,131,"96,05",371,"10,06",112,259,"7,02"
230395,CHOROZINHO,CE,09/2022,3676,3321,"90,34",3236,85,"97,44",355,"9,66",35,320,"8,71"
230395,CHOROZINHO,CE,11/2022,3604,3415,"94,76",3033,382,"88,81",189,"5,24",31,158,"4,38"
230400,COREAÚ,CE,11/2022,3637,2734,"75,17",2670,64,"97,66",903,"24,83",9,894,"24,58"
230400,COREAÚ,CE,09/2022,3894,2932,"75,30",2603,329,"88,78",962,"24,70",21,941,"24,17"
230400,COREAÚ,CE,07/2022,3943,3007,"76,26",2795,212,"92,95",936,"23,74",15,921,"23,36"
230410,CRATEÚS,CE,09/2022,10274,9745,"94,85",8317,1428,"85,35",529,"5,15",16,513,"4,99"
230410,CRATEÚS,CE,07/2022,10334,9502,"91,95",8470,1032,"89,14",832,"8,05",12,820,"7,93"
230410,CRATEÚS,CE,11/2022,9304,8869,"95,32",8431,438,"95,06",435,"4,68",15,420,"4,51"
230420,CRATO,CE,11/2022,19822,14710,"74,21",14357,353,"97,60",5112,"25,79",902,4210,"21,24"
230420,CRATO,CE,09/2022,20077,9596,"47,80",9062,534,"94,44",10481,"52,20",5459,5022,"25,01"
230420,CRATO,CE,07/2022,19754,10427,"52,78",10023,404,"96,13",9327,"47,22",3764,5563,"28,16"
230423,CROATÁ,CE,07/2022,3438,3128,"90,98",2950,178,"94,31",310,"9,02",11,299,"8,70"
230423,CROATÁ,CE,09/2022,3425,3076,"89,81",2861,215,"93,01",349,"10,19",22,327,"9,55"
230423,CROATÁ,CE,11/2022,3187,2880,"90,37",2831,49,"98,30",307,"9,63",8,299,"9,38"
230425,CRUZ,CE,11/2022,5069,4278,"84,40",4220,58,"98,64",791,"15,60",38,753,"14,86"
230425,CRUZ,CE,07/2022,5043,4127,"81,84",4011,116,"97,19",916,"18,16",66,850,"16,86"
230425,CRUZ,CE,09/2022,5074,4113,"81,06",3883,230,"94,41",961,"18,94",38,923,"18,19"
230426,DEPUTADO IRAPUAN PINHEIRO,CE,07/2022,1351,1172,"86,75",1062,110,"90,61",179,"13,25",6,173,"12,81"
230426,DEPUTADO IRAPUAN PINHEIRO,CE,09/2022,1330,1096,"82,41",958,138,"87,41",234,"17,59",54,180,"13,53"
230426,DEPUTADO IRAPUAN PINHEIRO,CE,11/2022,1212,940,"77,56",911,29,"96,91",272,"22,44",74,198,"16,34"
230427,ERERÊ,CE,11/2022,852,821,"96,36",773,48,"94,15",31,"3,64",1,30,"3,52"
230427,ERERÊ,CE,07/2022,926,881,"95,14",819,62,"92,96",45,"4,86",3,42,"4,54"
230427,ERERÊ,CE,09/2022,928,839,"90,41",763,76,"90,94",89,"9,59",2,87,"9,38"
230428,EUSÉBIO,CE,07/2022,8327,6588,"79,12",6276,312,"95,26",1739,"20,88",50,1689,"20,28"
230428,EUSÉBIO,CE,09/2022,8450,6822,"80,73",6317,505,"92,60",1628,"19,27",42,1586,"18,77"
230428,EUSÉBIO,CE,11/2022,8278,6893,"83,27",6370,523,"92,41",1385,"16,73",25,1360,"16,43"
230430,FARIAS BRITO,CE,11/2022,3338,3020,"90,47",3020,0,"100,00",318,"9,53",10,308,"9,23"
230430,FARIAS BRITO,CE,07/2022,3325,2994,"90,05",2994,0,"100,00",331,"9,95",17,314,"9,44"
230430,FARIAS BRITO,CE,09/2022,3339,3002,"89,91",3001,1,"99,97",337,"10,09",22,315,"9,43"
230435,FORQUILHA,CE,07/2022,3690,3571,"96,78",3141,430,"87,96",119,"3,22",19,100,"2,71"
230435,FORQUILHA,CE,09/2022,3706,3310,"89,31",3116,194,"94,14",396,"10,69",24,372,"10,04"
230435,FORQUILHA,CE,11/2022,3318,3227,"97,26",3111,116,"96,41",91,"2,74",10,81,"2,44"
230440,FORTALEZA,CE,11/2022,286121,175148,"61,21",169471,5677,"96,76",110973,"38,79",11156,99817,"34,89"
230440,FORTALEZA,CE,09/2022,292409,166414,"56,91",155931,10483,"93,70",125995,"43,09",14813,111182,"38,02"
230440,FORTALEZA,CE,07/2022,282729,157563,"55,73",149764,7799,"95,05",125166,"44,27",16217,108949,"38,53"
230445,FORTIM,CE,07/2022,2334,1931,"82,73",1907,24,"98,76",403,"17,27",10,393,"16,84"
230445,FORTIM,CE,09/2022,2366,1968,"83,18",1887,81,"95,88",398,"16,82",38,360,"15,22"
230445,FORTIM,CE,11/2022,2354,2049,"87,04",1831,218,"89,36",305,"12,96",6,299,"12,70"
230450,FRECHEIRINHA,CE,11/2022,2645,1978,"74,78",1864,114,"94,24",667,"25,22",7,660,"24,95"
230450,FRECHEIRINHA,CE,07/2022,2840,1909,"67,22",1685,224,"88,27",931,"32,78",17,914,"32,18"
230450,FRECHEIRINHA,CE,09/2022,2852,2132,"74,75",1826,306,"85,65",720,"25,25",8,712,"24,96"
230460,GENERAL SAMPAIO,CE,09/2022,1780,1385,"77,81",1385,0,"100,00",395,"22,19",9,386,"21,69"
230460,GENERAL SAMPAIO,CE,07/2022,1765,1369,"77,56",1339,30,"97,81",396,"22,44",11,385,"21,81"
230460,GENERAL SAMPAIO,CE,11/2022,1698,1318,"77,62",1314,4,"99,70",380,"22,38",5,375,"22,08"
230465,GRAÇA,CE,11/2022,2593,2303,"88,82",2107,196,"91,49",290,"11,18",208,82,"3,16"
230465,GRAÇA,CE,07/2022,2756,2148,"77,94",2100,48,"97,77",608,"22,06",341,267,"9,69"
230465,GRAÇA,CE,09/2022,2688,2238,"83,26",2122,116,"94,82",450,"16,74",346,104,"3,87"
230470,GRANJA,CE,07/2022,10671,7255,"67,99",7099,156,"97,85",3416,"32,01",1106,2310,"21,65"
230470,GRANJA,CE,09/2022,10684,8243,"77,15",8028,215,"97,39",2441,"22,85",412,2029,"18,99"
230470,GRANJA,CE,11/2022,10435,8251,"79,07",8043,208,"97,48",2184,"20,93",565,1619,"15,52"
230480,GRANJEIRO,CE,11/2022,932,834,"89,48",792,42,"94,96",98,"10,52",11,87,"9,33"
230480,GRANJEIRO,CE,09/2022,1013,864,"85,29",791,73,"91,55",149,"14,71",15,134,"13,23"
230480,GRANJEIRO,CE,07/2022,1009,820,"81,27",753,67,"91,83",189,"18,73",15,174,"17,24"
230490,GROAÍRAS,CE,09/2022,1561,690,"44,20",690,0,"100,00",871,"55,80",597,274,"17,55"
230490,GROAÍRAS,CE,07/2022,1562,1231,"78,81",1215,16,"98,70",331,"21,19",78,253,"16,20"
230490,GROAÍRAS,CE,11/2022,1507,336,"22,30",335,1,"99,70",1171,"77,70",912,259,"17,19"
230495,GUAIÚBA,CE,11/2022,4726,4147,"87,75",4147,0,"100,00",579,"12,25",21,558,"11,81"
230495,GUAIÚBA,CE,07/2022,4721,4136,"87,61",4130,6,"99,85",585,"12,39",17,568,"12,03"
230495,GUAIÚBA,CE,09/2022,4737,4151,"87,63",4151,0,"100,00",586,"12,37",17,569,"12,01"
230500,GUARACIABA DO NORTE,CE,09/2022,8975,7633,"85,05",7517,116,"98,48",1342,"14,95",23,1319,"14,70"
230500,GUARACIABA DO NORTE,CE,07/2022,9025,7032,"77,92",7028,4,"99,94",1993,"22,08",159,1834,"20,32"
230500,GUARACIABA DO NORTE,CE,11/2022,8855,7987,"90,20",7659,328,"95,89",868,"9,80",81,787,"8,89"
230510,GUARAMIRANGA,CE,11/2022,981,842,"85,83",841,1,"99,88",139,"14,17",2,137,"13,97"
230510,GUARAMIRANGA,CE,07/2022,1044,909,"87,07",840,69,"92,41",135,"12,93",3,132,"12,64"
230510,GUARAMIRANGA,CE,09/2022,1046,893,"85,37",845,48,"94,62",153,"14,63",4,149,"14,24"
230520,HIDROLÂNDIA,CE,09/2022,3177,2199,"69,22",2156,43,"98,04",978,"30,78",26,952,"29,97"
230520,HIDROLÂNDIA,CE,07/2022,3216,2257,"70,18",2257,0,"100,00",959,"29,82",21,938,"29,17"
230520,HIDROLÂNDIA,CE,11/2022,3138,2264,"72,15",2198,66,"97,08",874,"27,85",18,856,"27,28"
230523,HORIZONTE,CE,11/2022,9522,6626,"69,59",6592,34,"99,49",2896,"30,41",79,2817,"29,58"
230523,HORIZONTE,CE,07/2022,9318,6283,"67,43",6273,10,"99,84",3035,"32,57",150,2885,"30,96"
230523,HORIZONTE,CE,09/2022,9512,6208,"65,26",6202,6,"99,90",3304,"34,74",306,2998,"31,52"
230526,IBARETAMA,CE,09/2022,2673,2044,"76,47",2043,1,"99,95",629,"23,53",290,339,"12,68"
230526,IBARETAMA,CE,07/2022,2666,2239,"83,98",2239,0,"100,00",427,"16,02",95,332,"12,45"
230526,IBARETAMA,CE,11/2022,2653,1981,"74,67",1981,0,"100,00",672,"25,33",335,337,"12,70"
230530,IBIAPINA,CE,11/2022,4805,3667,"76,32",3663,4,"99,89",1138,"23,68",178,960,"19,98"
230530,IBIAPINA,CE,07/2022,4811,3067,"63,75",3061,6,"99,80",1744,"36,25",784,960,"19,95"
230530,IBIAPINA,CE,09/2022,4709,2512,"53,34",2480,32,"98,73",2197,"46,66",1206,991,"21,04"
230533,IBICUITINGA,CE,09/2022,2360,1957,"82,92",1949,8,"99,59",403,"17,08",98,305,"12,92"
230533,IBICUITINGA,CE,07/2022,2444,1874,"76,68",1863,11,"99,41",570,"23,32",94,476,"19,48"
230533,IBICUITINGA,CE,11/2022,2276,2042,"89,72",1889,153,"92,51",234,"10,28",25,209,"9,18"
230535,ICAPUÍ,CE,11/2022,3561,3449,"96,85",3438,11,"99,68",112,"3,15",8,104,"2,92"
230535,ICAPUÍ,CE,07/2022,3646,3366,"92,32",3329,37,"98,90",280,"7,68",3,277,"7,60"
230535,ICAPUÍ,CE,09/2022,3628,3423,"94,35",3414,9,"99,74",205,"5,65",13,192,"5,29"
230540,ICÓ,CE,07/2022,11943,8202,"68,68",8185,17,"99,79",3741,"31,32",132,3609,"30,22"
230540,ICÓ,CE,09/2022,11880,7939,"66,83",7722,217,"97,27",3941,"33,17",134,3807,"32,05"
230540,ICÓ,CE,11/2022,11705,7785,"66,51",7643,142,"98,18",3920,"33,49",426,3494,"29,85"
230550,IGUATU,CE,11/2022,13247,9807,"74,03",9147,660,"93,27",3440,"25,97",108,3332,"25,15"
230550,IGUATU,CE,09/2022,13702,9156,"66,82",8442,714,"92,20",4546,"33,18",631,3915,"28,57"
230550,IGUATU,CE,07/2022,13768,9538,"69,28",8982,556,"94,17",4230,"30,72",302,3928,"28,53"
230560,INDEPENDÊNCIA,CE,07/2022,4409,4081,"92,56",3637,444,"89,12",328,"7,44",23,305,"6,92"
230560,INDEPENDÊNCIA,CE,09/2022,4266,3822,"89,59",3304,518,"86,45",444,"10,41",190,254,"5,95"
230560,INDEPENDÊNCIA,CE,11/2022,3693,3443,"93,23",3402,41,"98,81",250,"6,77",13,237,"6,42"
230565,IPAPORANGA,CE,11/2022,1837,1803,"98,15",1713,90,"95,01",34,"1,85",5,29,"1,58"
230565,IPAPORANGA,CE,09/2022,2019,1935,"95,84",1742,193,"90,03",84,"4,16",19,65,"3,22"
230565,IPAPORANGA,CE,07/2022,2046,1763,"86,17",1755,8,"99,55",283,"13,83",6,277,"13,54"
230570,IPAUMIRIM,CE,09/2022,2313,1737,"75,10",1626,111,"93,61",576,"24,90",4,572,"24,73"
230570,IPAUMIRIM,CE,07/2022,2308,1759,"76,21",1757,2,"99,89",549,"23,79",31,518,"22,44"
230570,IPAUMIRIM,CE,11/2022,2292,1667,"72,73",1461,206,"87,64",625,"27,27",42,583,"25,44"
230580,IPU,CE,11/2022,7902,7150,"90,48",7147,3,"99,96",752,"9,52",85,667,"8,44"
230580,IPU,CE,09/2022,7934,5858,"73,83",5858,0,"100,00",2076,"26,17",1342,734,"9,25"
230580,IPU,CE,07/2022,7808,6775,"86,77",6722,53,"99,22",1033,"13,23",381,652,"8,35"
230590,IPUEIRAS,CE,07/2022,6457,5939,"91,98",5913,26,"99,56",518,"8,02",15,503,"7,79"
230590,IPUEIRAS,CE,09/2022,6488,5943,"91,60",5912,31,"99,48",545,"8,40",57,488,"7,52"
230590,IPUEIRAS,CE,11/2022,6476,6011,"92,82",6011,0,"100,00",465,"7,18",21,444,"6,86"
230600,IRACEMA,CE,11/2022,2107,1908,"90,56",1748,160,"91,61",199,"9,44",6,193,"9,16"
230600,IRACEMA,CE,07/2022,2110,1803,"85,45",1791,12,"99,33",307,"14,55",5,302,"14,31"
230600,IRACEMA,CE,09/2022,2109,1770,"83,93",1770,0,"100,00",339,"16,07",26,313,"14,84"
230610,IRAUÇUBA,CE,07/2022,5510,4095,"74,32",4080,15,"99,63",1415,"25,68",57,1358,"24,65"
230610,IRAUÇUBA,CE,09/2022,5504,4578,"83,18",4328,250,"94,54",926,"16,82",46,880,"15,99"
230610,IRAUÇUBA,CE,11/2022,5193,4858,"93,55",4519,339,"93,02",335,"6,45",32,303,"5,83"
230620,ITAIÇABA,CE,11/2022,973,806,"82,84",802,4,"99,50",167,"17,16",2,165,"16,96"
230620,ITAIÇABA,CE,07/2022,1063,886,"83,35",791,95,"89,28",177,"16,65",8,169,"15,90"
230620,ITAIÇABA,CE,09/2022,1069,820,"76,71",740,80,"90,24",249,"23,29",11,238,"22,26"
230625,ITAITINGA,CE,07/2022,7101,5632,"79,31",5612,20,"99,64",1469,"20,69",436,1033,"14,55"
230625,ITAITINGA,CE,09/2022,7262,5193,"71,51",5191,2,"99,96",2069,"28,49",963,1106,"15,23"
230625,ITAITINGA,CE,11/2022,7543,6355,"84,25",6355,0,"100,00",1188,"15,75",23,1165,"15,44"
230630,ITAPAGÉ,CE,11/2022,8048,7606,"94,51",7297,309,"95,94",442,"5,49",50,392,"4,87"
230630,ITAPAGÉ,CE,09/2022,8791,7927,"90,17",7215,712,"91,02",864,"9,83",145,719,"8,18"
230630,ITAPAGÉ,CE,07/2022,8870,8268,"93,21",7638,630,"92,38",602,"6,79",373,229,"2,58"
230640,ITAPIPOCA,CE,09/2022,26712,20487,"76,70",19145,1342,"93,45",6225,"23,30",309,5916,"22,15"
230640,ITAPIPOCA,CE,07/2022,26728,20181,"75,51",19908,273,"98,65",6547,"24,49",322,6225,"23,29"
230640,ITAPIPOCA,CE,11/2022,25637,20200,"78,79",19269,931,"95,39",5437,"21,21",78,5359,"20,90"
230650,ITAPIÚNA,CE,11/2022,3585,0,"0,00",0,0,,3585,"100,00",3156,429,"11,97"
230650,ITAPIÚNA,CE,09/2022,3714,3260,"87,78",3257,3,"99,91",454,"12,22",12,442,"11,90"
230650,ITAPIÚNA,CE,07/2022,3666,3230,"88,11",3230,0,"100,00",436,"11,89",9,427,"11,65"
230655,ITAREMA,CE,09/2022,10013,8440,"84,29",8436,4,"99,95",1573,"15,71",25,1548,"15,46"
230655,ITAREMA,CE,07/2022,9902,8356,"84,39",8353,3,"99,96",1546,"15,61",32,1514,"15,29"
230655,ITAREMA,CE,11/2022,9933,8354,"84,10",8351,3,"99,96",1579,"15,90",21,1558,"15,69"
230660,ITATIRA,CE,11/2022,4651,3516,"75,60",3472,44,"98,75",1135,"24,40",43,1092,"23,48"
230660,ITATIRA,CE,07/2022,4927,3682,"74,73",3391,291,"92,10",1245,"25,27",54,1191,"24,17"
230660,ITATIRA,CE,09/2022,4967,3717,"74,83",3588,129,"96,53",1250,"25,17",57,1193,"24,02"
230670,JAGUARETAMA,CE,09/2022,2808,2122,"75,57",1821,301,"85,82",686,"24,43",6,680,"24,22"
230670,JAGUARETAMA,CE,07/2022,2783,2150,"77,25",2055,95,"95,58",633,"22,75",8,625,"22,46"
230670,JAGUARETAMA,CE,11/2022,2673,2002,"74,90",1850,152,"92,41",671,"25,10",12,659,"24,65"
230680,JAGUARIBARA,CE,11/2022,1605,1301,"81,06",1163,138,"89,39",304,"18,94",86,218,"13,58"
230680,JAGUARIBARA,CE,07/2022,1838,1116,"60,72",987,129,"88,44",722,"39,28",159,563,"30,63"
230680,JAGUARIBARA,CE,09/2022,1758,1217,"69,23",1014,203,"83,32",541,"30,77",459,82,"4,66"
230690,JAGUARIBE,CE,07/2022,5062,4653,"91,92",4243,410,"91,19",409,"8,08",16,393,"7,76"
230690,JAGUARIBE,CE,09/2022,5063,4833,"95,46",4163,670,"86,14",230,"4,54",22,208,"4,11"
230690,JAGUARIBE,CE,11/2022,4508,4481,"99,40",4222,259,"94,22",27,"0,60",13,14,"0,31"
230700,JAGUARUANA,CE,11/2022,5290,4437,"83,88",4187,250,"94,37",853,"16,12",21,832,"15,73"
230700,JAGUARUANA,CE,07/2022,5332,4035,"75,68",3878,157,"96,11",1297,"24,32",25,1272,"23,86"
230700,JAGUARUANA,CE,09/2022,5449,4143,"76,03",3857,286,"93,10",1306,"23,97",20,1286,"23,60"
230710,JARDIM,CE,09/2022,5776,3542,"61,32",3533,9,"99,75",2234,"38,68",223,2011,"34,82"
230710,JARDIM,CE,07/2022,5814,3546,"60,99",3515,31,"99,13",2268,"39,01",188,2080,"35,78"
230710,JARDIM,CE,11/2022,5723,3721,"65,02",3685,36,"99,03",2002,"34,98",182,1820,"31,80"
230720,JATI,CE,11/2022,1357,975,"71,85",887,88,"90,97",382,"28,15",293,89,"6,56"
230720,JATI,CE,07/2022,1354,686,"50,66",686,0,"100,00",668,"49,34",414,254,"18,76"
230720,JATI,CE,09/2022,1354,719,"53,10",712,7,"99,03",635,"46,90",377,258,"19,05"
230725,JIJOCA DE JERICOACOARA,CE,09/2022,3534,3047,"86,22",2868,179,"94,13",487,"13,78",14,473,"13,38"
230725,JIJOCA DE JERICOACOARA,CE,07/2022,3442,2950,"85,71",2939,11,"99,63",492,"14,29",14,478,"13,89"
230725,JIJOCA DE JERICOACOARA,CE,11/2022,3520,3065,"87,07",2878,187,"93,90",455,"12,93",14,441,"12,53"
230730,JUAZEIRO DO NORTE,CE,11/2022,37107,28873,"77,81",28772,101,"99,65",8234,"22,19",956,7278,"19,61"
230730,JUAZEIRO DO NORTE,CE,09/2022,36959,26178,"70,83",26095,83,"99,68",10781,"29,17",3020,7761,"21,00"
230730,JUAZEIRO DO NORTE,CE,07/2022,36666,27841,"75,93",27762,79,"99,72",8825,"24,07",170,8655,"23,60"
230740,JUCÁS,CE,09/2022,4495,3259,"72,50",3131,128,"96,07",1236,"27,50",50,1186,"26,38"
230740,JUCÁS,CE,07/2022,4536,3661,"80,71",3337,324,"91,15",875,"19,29",23,852,"18,78"
230740,JUCÁS,CE,11/2022,4206,3442,"81,84",3368,74,"97,85",764,"18,16",46,718,"17,07"
230750,LAVRAS DA MANGABEIRA,CE,11/2022,4947,3791,"76,63",3401,390,"89,71",1156,"23,37",13,1143,"23,10"
230750,LAVRAS DA MANGABEIRA,CE,07/2022,5193,3537,"68,11",3306,231,"93,47",1656,"31,89",19,1637,"31,52"
230750,LAVRAS DA MANGABEIRA,CE,09/2022,5148,3600,"69,93",3382,218,"93,94",1548,"30,07",46,1502,"29,18"
230760,LIMOEIRO DO NORTE,CE,09/2022,8115,6875,"84,72",6866,9,"99,87",1240,"15,28",266,974,"12,00"
230760,LIMOEIRO DO NORTE,CE,07/2022,8119,6391,"78,72",6385,6,"99,91",1728,"21,28",569,1159,"14,28"
230760,LIMOEIRO DO NORTE,CE,11/2022,8004,6058,"75,69",5999,59,"99,03",1946,"24,31",1023,923,"11,53"
230763,MADALENA,CE,11/2022,3019,2755,"91,26",2682,73,"97,35",264,"8,74",4,260,"8,61"
230763,MADALENA,CE,07/2022,3378,2760,"81,71",2574,186,"93,26",618,"18,29",7,611,"18,09"
230763,MADALENA,CE,09/2022,3305,2951,"89,29",2686,265,"91,02",354,"10,71",7,347,"10,50"
230765,MARACANAÚ,CE,09/2022,32118,23065,"71,81",20211,2854,"87,63",9053,"28,19",205,8848,"27,55"
230765,MARACANAÚ,CE,07/2022,31703,22747,"71,75",21864,883,"96,12",8956,"28,25",269,8687,"27,40"
230765,MARACANAÚ,CE,11/2022,31695,24015,"75,77",21617,2398,"90,01",7680,"24,23",109,7571,"23,89"
230770,MARANGUAPE,CE,11/2022,15474,15010,"97,00",14461,549,"96,34",464,"3,00",42,422,"2,73"
230770,MARANGUAPE,CE,07/2022,16721,15211,"90,97",14441,770,"94,94",1510,"9,03",57,1453,"8,69"
230770,MARANGUAPE,CE,09/2022,17060,16160,"94,72",14697,1463,"90,95",900,"5,28",63,837,"4,91"
230780,MARCO,CE,07/2022,6592,5564,"84,41",5563,1,"99,98",1028,"15,59",300,728,"11,04"
230780,MARCO,CE,09/2022,6755,5987,"88,63",5987,0,"100,00",768,"11,37",20,748,"11,07"
230780,MARCO,CE,11/2022,6745,5700,"84,51",5700,0,"100,00",1045,"15,49",293,752,"11,15"
230790,MARTINÓPOLE,CE,11/2022,2225,1907,"85,71",1706,201,"89,46",318,"14,29",38,280,"12,58"
230790,MARTINÓPOLE,CE,07/2022,2312,1921,"83,09",1811,110,"94,27",391,"16,91",80,311,"13,45"
230790,MARTINÓPOLE,CE,09/2022,2319,1955,"84,30",1706,249,"87,26",364,"15,70",48,316,"13,63"
230800,MASSAPÊ,CE,09/2022,6705,4795,"71,51",4388,407,"91,51",1910,"28,49",545,1365,"20,36"
230800,MASSAPÊ,CE,07/2022,6721,4990,"74,24",4595,395,"92,08",1731,"25,76",463,1268,"18,87"
230800,MASSAPÊ,CE,11/2022,6303,4436,"70,38",4275,161,"96,37",1867,"29,62",514,1353,"21,47"
230810,MAURITI,CE,11/2022,8019,6804,"84,85",6745,59,"99,13",1215,"15,15",20,1195,"14,90"
230810,MAURITI,CE,09/2022,8788,7063,"80,37",6770,293,"95,85",1725,"19,63",57,1668,"18,98"
230810,MAURITI,CE,07/2022,8799,7859,"89,32",7160,699,"91,11",940,"10,68",29,911,"10,35"
230820,MERUOCA,CE,09/2022,2604,2459,"94,43",2240,219,"91,09",145,"5,57",17,128,"4,92"
230820,MERUOCA,CE,07/2022,2578,2437,"94,53",2204,233,"90,44",141,"5,47",35,106,"4,11"
230820,MERUOCA,CE,11/2022,2342,2242,"95,73",2097,145,"93,53",100,"4,27",7,93,"3,97"
230830,MILAGRES,CE,11/2022,5120,3777,"73,77",3619,158,"95,82",1343,"26,23",117,1226,"23,95"
230830,MILAGRES,CE,07/2022,5165,3655,"70,76",3509,146,"96,01",1510,"29,24",104,1406,"27,22"
230830,MILAGRES,CE,09/2022,5234,3391,"64,79",3121,270,"92,04",1843,"35,21",455,1388,"26,52"
230835,MILHÃ,CE,07/2022,2178,1847,"84,80",1752,95,"94,86",331,"15,20",6,325,"14,92"
230835,MILHÃ,CE,09/2022,2176,1894,"87,04",1779,115,"93,93",282,"12,96",10,272,"12,50"
230835,MILHÃ,CE,11/2022,2004,1827,"91,17",1791,36,"98,03",177,"8,83",4,173,"8,63"
230837,MIRAÍMA,CE,11/2022,2392,2257,"94,36",2132,125,"94,46",135,"5,64",4,131,"5,48"
230837,MIRAÍMA,CE,07/2022,2691,2221,"82,53",2180,41,"98,15",470,"17,47",10,460,"17,09"
230837,MIRAÍMA,CE,09/2022,2677,2436,"91,00",2119,317,"86,99",241,"9,00",11,230,"8,59"
230840,MISSÃO VELHA,CE,07/2022,7578,4023,"53,09",3802,221,"94,51",3555,"46,91",249,3306,"43,63"
230840,MISSÃO VELHA,CE,09/2022,7619,4150,"54,47",3734,416,"89,98",3469,"45,53",209,3260,"42,79"
230840,MISSÃO VELHA,CE,11/2022,7306,4212,"57,65",4131,81,"98,08",3094,"42,35",132,2962,"40,54"
230850,MOMBAÇA,CE,11/2022,6205,5476,"88,25",5424,52,"99,05",729,"11,75",126,603,"9,72"
230850,MOMBAÇA,CE,07/2022,6640,5760,"86,75",5595,165,"97,14",880,"13,25",24,856,"12,89"
230850,MOMBAÇA,CE,09/2022,6610,5779,"87,43",5347,432,"92,52",831,"12,57",145,686,"10,38"
230860,MONSENHOR TABOSA,CE,09/2022,3444,3014,"87,51",2845,169,"94,39",430,"12,49",3,427,"12,40"
230860,MONSENHOR TABOSA,CE,07/2022,3457,3063,"88,60",2835,228,"92,56",394,"11,40",6,388,"11,22"
230860,MONSENHOR TABOSA,CE,11/2022,3194,2864,"89,67",2827,37,"98,71",330,"10,33",1,329,"10,30"
230870,MORADA NOVA,CE,11/2022,9346,7343,"78,57",7165,178,"97,58",2003,"21,43",43,1960,"20,97"
230870,MORADA NOVA,CE,07/2022,9777,7517,"76,88",7424,93,"98,76",2260,"23,12",50,2210,"22,60"
230870,MORADA NOVA,CE,09/2022,9686,7599,"78,45",7473,126,"98,34",2087,"21,55",33,2054,"21,21"
230880,MORAÚJO,CE,09/2022,1662,1477,"88,87",1477,0,"100,00",185,"11,13",5,180,"10,83"
230880,MORAÚJO,CE,07/2022,1661,1471,"88,56",1471,0,"100,00",190,"11,44",9,181,"10,90"
230880,MORAÚJO,CE,11/2022,1655,1550,"93,66",1517,33,"97,87",105,"6,34",5,100,"6,04"
230890,MORRINHOS,CE,11/2022,3537,3279,"92,71",2850,429,"86,92",258,"7,29",13,245,"6,93"
230890,MORRINHOS,CE,07/2022,3887,3530,"90,82",3530,0,"100,00",357,"9,18",50,307,"7,90"
230890,MORRINHOS,CE,09/2022,3835,3534,"92,15",2814,720,"79,63",301,"7,85",47,254,"6,62"
230900,MUCAMBO,CE,09/2022,2220,1512,"68,11",1438,74,"95,11",708,"31,89",87,621,"27,97"
230900,MUCAMBO,CE,07/2022,2212,1246,"56,33",1240,6,"99,52",966,"43,67",431,535,"24,19"
230900,MUCAMBO,CE,11/2022,2141,1609,"75,15",1596,13,"99,19",532,"24,85",88,444,"20,74"
230910,MULUNGU,CE,11/2022,1874,1592,"84,95",1535,57,"96,42",282,"15,05",70,212,"11,31"
230910,MULUNGU,CE,09/2022,2057,1695,"82,40",1445,250,"85,25",362,"17,60",38,324,"15,75"
230910,MULUNGU,CE,07/2022,2054,1644,"80,04",1464,180,"89,05",410,"19,96",16,394,"19,18"
230920,NOVA OLINDA,CE,07/2022,3390,2727,"80,44",2727,0,"100,00",663,"19,56",224,439,"12,95"
230920,NOVA OLINDA,CE,09/2022,3408,2853,"83,71",2788,65,"97,72",555,"16,29",227,328,"9,62"
230920,NOVA OLINDA,CE,11/2022,3283,2781,"84,71",2780,1,"99,96",502,"15,29",187,315,"9,59"
230930,NOVA RUSSAS,CE,11/2022,4672,4226,"90,45",3791,435,"89,71",446,"9,55",4,442,"9,46"
230930,NOVA RUSSAS,CE,09/2022,4744,3590,"75,67",3579,11,"99,69",1154,"24,33",7,1147,"24,18"
230930,NOVA RUSSAS,CE,07/2022,4789,3625,"75,69",3625,0,"100,00",1164,"24,31",6,1158,"24,18"
230940,NOVO ORIENTE,CE,09/2022,5492,4974,"90,57",4455,519,"89,57",518,"9,43",19,499,"9,09"
230940,NOVO ORIENTE,CE,07/2022,5467,4988,"91,24",4955,33,"99,34",479,"8,76",17,462,"8,45"
230940,NOVO ORIENTE,CE,11/2022,5115,4663,"91,16",4513,150,"96,78",452,"8,84",18,434,"8,48"
230945,OCARA,CE,11/2022,3897,3595,"92,25",3245,350,"90,26",302,"7,75",5,297,"7,62"
230945,OCARA,CE,09/2022,4190,3756,"89,64",3264,492,"86,90",434,"10,36",9,425,"10,14"
230945,OCARA,CE,07/2022,4272,3778,"88,44",3398,380,"89,94",494,"11,56",10,484,"11,33"
230950,ORÓS,CE,09/2022,4124,3627,"87,95",3627,0,"100,00",497,"12,05",29,468,"11,35"
230950,ORÓS,CE,07/2022,4114,3637,"88,41",3636,1,"99,97",477,"11,59",20,457,"11,11"
230950,ORÓS,CE,11/2022,4102,3623,"88,32",3620,3,"99,92",479,"11,68",24,455,"11,09"
230960,PACAJUS,CE,11/2022,9274,6698,"72,22",6543,155,"97,69",2576,"27,78",59,2517,"27,14"
230960,PACAJUS,CE,09/2022,9618,6625,"68,88",6469,156,"97,65",2993,"31,12",75,2918,"30,34"
230960,PACAJUS,CE,07/2022,9600,7149,"74,47",6648,501,"92,99",2451,"25,53",47,2404,"25,04"
230970,PACATUBA,CE,07/2022,10096,7149,"70,81",6982,167,"97,66",2947,"29,19",198,2749,"27,23"
230970,PACATUBA,CE,09/2022,10121,7065,"69,81",6723,342,"95,16",3056,"30,19",62,2994,"29,58"
230970,PACATUBA,CE,11/2022,9906,7043,"71,10",6963,80,"98,86",2863,"28,90",29,2834,"28,61"
230980,PACOTI,CE,11/2022,1986,1746,"87,92",1679,67,"96,16",240,"12,08",15,225,"11,33"
230980,PACOTI,CE,07/2022,2109,1842,"87,34",1714,128,"93,05",267,"12,66",5,262,"12,42"
230980,PACOTI,CE,09/2022,2114,1770,"83,73",1657,113,"93,62",344,"16,27",6,338,"15,99"
230990,PACUJÁ,CE,09/2022,1112,642,"57,73",638,4,"99,38",470,"42,27",333,137,"12,32"
230990,PACUJÁ,CE,07/2022,1110,633,"57,03",633,0,"100,00",477,"42,97",341,136,"12,25"
230990,PACUJÁ,CE,11/2022,1106,678,"61,30",649,29,"95,72",428,"38,70",324,104,"9,40"
231000,PALHANO,CE,11/2022,1497,1265,"84,50",1265,0,"100,00",232,"15,50",2,230,"15,36"
231000,PALHANO,CE,09/2022,1480,698,"47,16",698,0,"100,00",782,"52,84",544,238,"16,08"
231000,PALHANO,CE,07/2022,1489,964,"64,74",964,0,"100,00",525,"35,26",286,239,"16,05"
231010,PALMÁCIA,CE,07/2022,1952,1694,"86,78",1594,100,"94,10",258,"13,22",8,250,"12,81"
231010,PALMÁCIA,CE,09/2022,1988,1635,"82,24",1635,0,"100,00",353,"17,76",6,347,"17,45"
231010,PALMÁCIA,CE,11/2022,1908,1631,"85,48",1631,0,"100,00",277,"14,52",10,267,"13,99"
231020,PARACURU,CE,11/2022,7317,5747,"78,54",5747,0,"100,00",1570,"21,46",663,907,"12,40"
231020,PARACURU,CE,09/2022,7338,6356,"86,62",6355,1,"99,98",982,"13,38",30,952,"12,97"
231020,PARACURU,CE,07/2022,7139,6188,"86,68",6188,0,"100,00",951,"13,32",40,911,"12,76"
231025,PARAIPABA,CE,09/2022,6062,5354,"88,32",4885,469,"91,24",708,"11,68",33,675,"11,13"
231025,PARAIPABA,CE,07/2022,6060,5148,"84,95",4950,198,"96,15",912,"15,05",71,841,"13,88"
231025,PARAIPABA,CE,11/2022,5878,5415,"92,12",5147,268,"95,05",463,"7,88",26,437,"7,43"
231030,PARAMBU,CE,11/2022,4662,2356,"50,54",2309,47,"98,01",2306,"49,46",585,1721,"36,92"
231030,PARAMBU,CE,09/2022,4677,2278,"48,71",2229,49,"97,85",2399,"51,29",514,1885,"40,30"
231030,PARAMBU,CE,07/2022,4686,2358,"50,32",2348,10,"99,58",2328,"49,68",462,1866,"39,82"
231040,PARAMOTI,CE,07/2022,2001,1697,"84,81",1696,1,"99,94",304,"15,19",14,290,"14,49"
231040,PARAMOTI,CE,09/2022,1959,1552,"79,22",1410,142,"90,85",407,"20,78",55,352,"17,97"
231040,PARAMOTI,CE,11/2022,1875,1522,"81,17",1462,60,"96,06",353,"18,83",14,339,"18,08"
231050,PEDRA BRANCA,CE,11/2022,6272,5914,"94,29",5905,9,"99,85",358,"5,71",7,351,"5,60"
231050,PEDRA BRANCA,CE,09/2022,6982,6650,"95,24",5787,863,"87,02",332,"4,76",23,309,"4,43"
231050,PEDRA BRANCA,CE,07/2022,7006,6657,"95,02",5885,772,"88,40",349,"4,98",20,329,"4,70"
231060,PENAFORTE,CE,09/2022,2090,1628,"77,89",1623,5,"99,69",462,"22,11",25,437,"20,91"
231060,PENAFORTE,CE,07/2022,2047,1606,"78,46",1572,34,"97,88",441,"21,54",23,418,"20,42"
231060,PENAFORTE,CE,11/2022,2061,1444,"70,06",1443,1,"99,93",617,"29,94",183,434,"21,06"
231070,PENTECOSTE,CE,11/2022,5643,4611,"81,71",4237,374,"91,89",1032,"18,29",26,1006,"17,83"
231070,PENTECOSTE,CE,07/2022,6037,4902,"81,20",4530,372,"92,41",1135,"18,80",41,1094,"18,12"
231070,PENTECOSTE,CE,09/2022,6006,4887,"81,37",4138,749,"84,67",1119,"18,63",23,1096,"18,25"
231080,PEREIRO,CE,07/2022,3098,2806,"90,57",2623,183,"93,48",292,"9,43",8,284,"9,17"
231080,PEREIRO,CE,09/2022,3091,2808,"90,84",2569,239,"91,49",283,"9,16",3,280,"9,06"
231080,PEREIRO,CE,11/2022,2859,2621,"91,68",2562,59,"97,75",238,"8,32",3,235,"8,22"
231085,PINDORETAMA,CE,11/2022,4505,3393,"75,32",3386,7,"99,79",1112,"24,68",13,1099,"24,40"
231085,PINDORETAMA,CE,07/2022,4299,3199,"74,41",3197,2,"99,94",1100,"25,59",20,1080,"25,12"
231085,PINDORETAMA,CE,09/2022,4531,3399,"75,02",3367,32,"99,06",1132,"24,98",13,1119,"24,70"
231090,PIQUET CARNEIRO,CE,09/2022,2076,1695,"81,65",1523,172,"89,85",381,"18,35",33,348,"16,76"
231090,PIQUET CARNEIRO,CE,07/2022,2074,1778,"85,73",1684,94,"94,71",296,"14,27",38,258,"12,44"
231090,PIQUET CARNEIRO,CE,11/2022,1944,1599,"82,25",1532,67,"95,81",345,"17,75",31,314,"16,15"
231095,PIRES FERREIRA,CE,11/2022,1460,1365,"93,49",1317,48,"96,48",95,"6,51",7,88,"6,03"
231095,PIRES FERREIRA,CE,09/2022,1534,1424,"92,83",1383,41,"97,12",110,"7,17",8,102,"6,65"
231095,PIRES FERREIRA,CE,07/2022,1516,1414,"93,27",1376,38,"97,31",102,"6,73",8,94,"6,20"
231100,PORANGA,CE,07/2022,2358,2076,"88,04",2075,1,"99,95",282,"11,96",44,238,"10,09"
231100,PORANGA,CE,09/2022,2332,2091,"89,67",1930,161,"92,30",241,"10,33",9,232,"9,95"
231100,PORANGA,CE,11/2022,2177,1494,"68,63",1484,10,"99,33",683,"31,37",465,218,"10,01"
231110,PORTEIRAS,CE,11/2022,2908,2732,"93,95",2726,6,"99,78",176,"6,05",3,173,"5,95"
231110,PORTEIRAS,CE,07/2022,2917,2768,"94,89",2767,1,"99,96",149,"5,11",6,143,"4,90"
231110,PORTEIRAS,CE,09/2022,2940,2764,"94,01",2758,6,"99,78",176,"5,99",4,172,"5,85"
231120,POTENGI,CE,07/2022,1758,1552,"88,28",1552,0,"100,00",206,"11,72",6,200,"11,38"
231120,POTENGI,CE,09/2022,1732,1418,"81,87",1281,137,"90,34",314,"18,13",101,213,"12,30"
231120,POTENGI,CE,11/2022,1667,1437,"86,20",1411,26,"98,19",230,"13,80",8,222,"13,32"
231123,POTIRETAMA,CE,11/2022,983,810,"82,40",801,9,"98,89",173,"17,60",5,168,"17,09"
231123,POTIRETAMA,CE,09/2022,1039,859,"82,68",768,91,"89,41",180,"17,32",17,163,"15,69"
231123,POTIRETAMA,CE,07/2022,1071,871,"81,33",871,0,"100,00",200,"18,67",7,193,"18,02"
231126,QUITERIANÓPOLIS,CE,09/2022,3329,2657,"79,81",2614,43,"98,38",672,"20,19",25,647,"19,44"
231126,QUITERIANÓPOLIS,CE,07/2022,3326,2619,"78,74",2589,30,"98,85",707,"21,26",95,612,"18,40"
231126,QUITERIANÓPOLIS,CE,11/2022,3288,2655,"80,75",2646,9,"99,66",633,"19,25",22,611,"18,58"
231130,QUIXADÁ,CE,11/2022,15337,13282,"86,60",13187,95,"99,28",2055,"13,40",95,1960,"12,78"
231130,QUIXADÁ,CE,07/2022,15076,12920,"85,70",12915,5,"99,96",2156,"14,30",77,2079,"13,79"
231130,QUIXADÁ,CE,09/2022,15337,13128,"85,60",13102,26,"99,80",2209,"14,40",64,2145,"13,99"
231135,QUIXELÔ,CE,09/2022,2470,1873,"75,83",1799,74,"96,05",597,"24,17",2,595,"24,09"
231135,QUIXELÔ,CE,07/2022,2476,1988,"80,29",1832,156,"92,15",488,"19,71",4,484,"19,55"
231135,QUIXELÔ,CE,11/2022,2368,1897,"80,11",1847,50,"97,36",471,"19,89",2,469,"19,81"
231140,QUIXERAMOBIM,CE,11/2022,11644,9682,"83,15",9360,322,"96,67",1962,"16,85",16,1946,"16,71"
231140,QUIXERAMOBIM,CE,07/2022,12150,9889,"81,39",9337,552,"94,42",2261,"18,61",117,2144,"17,65"
231140,QUIXERAMOBIM,CE,09/2022,12157,10042,"82,60",9368,674,"93,29",2115,"17,40",71,2044,"16,81"
231150,QUIXERÉ,CE,07/2022,2778,2528,"91,00",2310,218,"91,38",250,"9,00",20,230,"8,28"
231150,QUIXERÉ,CE,09/2022,2704,2541,"93,97",2205,336,"86,78",163,"6,03",13,150,"5,55"
231150,QUIXERÉ,CE,11/2022,2452,2312,"94,29",2276,36,"98,44",140,"5,71",8,132,"5,38"
231160,REDENÇÃO,CE,11/2022,5151,3797,"73,71",3687,110,"97,10",1354,"26,29",22,1332,"25,86"
231160,REDENÇÃO,CE,07/2022,5447,4617,"84,76",4355,262,"94,33",830,"15,24",6,824,"15,13"
231160,REDENÇÃO,CE,09/2022,5449,3991,"73,24",3844,147,"96,32",1458,"26,76",23,1435,"26,34"
231170,RERIUTABA,CE,09/2022,3246,2228,"68,64",2167,61,"97,26",1018,"31,36",218,800,"24,65"
231170,RERIUTABA,CE,07/2022,3256,2271,"69,75",2265,6,"99,74",985,"30,25",186,799,"24,54"
231170,RERIUTABA,CE,11/2022,3213,2514,"78,24",2313,201,"92,00",699,"21,76",144,555,"17,27"
231180,RUSSAS,CE,11/2022,9549,8407,"88,04",8066,341,"95,94",1142,"11,96",150,992,"10,39"
231180,RUSSAS,CE,07/2022,9821,7728,"78,69",7433,295,"96,18",2093,"21,31",232,1861,"18,95"
231180,RUSSAS,CE,09/2022,9832,8665,"88,13",8250,415,"95,21",1167,"11,87",164,1003,"10,20"
231190,SABOEIRO,CE,07/2022,2550,1938,"76,00",1786,152,"92,16",612,"24,00",34,578,"22,67"
231190,SABOEIRO,CE,09/2022,2539,1925,"75,82",1726,199,"89,66",614,"24,18",38,576,"22,69"
231190,SABOEIRO,CE,11/2022,2395,1861,"77,70",1781,80,"95,70",534,"22,30",60,474,"19,79"
231195,SALITRE,CE,11/2022,3721,3140,"84,39",2743,397,"87,36",581,"15,61",6,575,"15,45"
231195,SALITRE,CE,07/2022,3723,3167,"85,07",3141,26,"99,18",556,"14,93",7,549,"14,75"
231195,SALITRE,CE,09/2022,3773,3157,"83,67",3086,71,"97,75",616,"16,33",14,602,"15,96"
231200,SANTANA DO ACARAÚ,CE,09/2022,5925,271,"4,57",164,107,"60,52",5654,"95,43",4875,779,"13,15"
231200,SANTANA DO ACARAÚ,CE,07/2022,5969,104,"1,74",82,22,"78,85",5865,"98,26",5090,775,"12,98"
231200,SANTANA DO ACARAÚ,CE,11/2022,5946,3971,"66,78",3967,4,"99,90",1975,"33,22",1221,754,"12,68"
231210,SANTANA DO CARIRI,CE,11/2022,3503,2530,"72,22",2530,0,"100,00",973,"27,78",24,949,"27,09"
231210,SANTANA DO CARIRI,CE,09/2022,3644,2598,"71,30",2481,117,"95,50",1046,"28,70",68,978,"26,84"
231210,SANTANA DO CARIRI,CE,07/2022,3650,2697,"73,89",2697,0,"100,00",953,"26,11",29,924,"25,32"
231220,SANTA QUITÉRIA,CE,07/2022,6792,5822,"85,72",5359,463,"92,05",970,"14,28",34,936,"13,78"
231220,SANTA QUITÉRIA,CE,09/2022,6720,5684,"84,58",5350,334,"94,12",1036,"15,42",65,971,"14,45"
231220,SANTA QUITÉRIA,CE,11/2022,6238,5640,"90,41",5366,274,"95,14",598,"9,59",50,548,"8,78"
231230,SÃO BENEDITO,CE,11/2022,8318,6810,"81,87",6630,180,"97,36",1508,"18,13",19,1489,"17,90"
231230,SÃO BENEDITO,CE,09/2022,8714,6917,"79,38",6680,237,"96,57",1797,"20,62",107,1690,"19,39"
231230,SÃO BENEDITO,CE,07/2022,8628,7074,"81,99",6733,341,"95,18",1554,"18,01",42,1512,"17,52"
231240,SÃO GONÇALO DO AMARANTE,CE,07/2022,9488,3600,"37,94",3475,125,"96,53",5888,"62,06",2376,3512,"37,02"
231240,SÃO GONÇALO DO AMARANTE,CE,09/2022,9879,5655,"57,24",5325,330,"94,16",4224,"42,76",305,3919,"39,67"
231240,SÃO GONÇALO DO AMARANTE,CE,11/2022,9673,6614,"68,38",6542,72,"98,91",3059,"31,62",228,2831,"29,27"
231250,SÃO JOÃO DO JAGUARIBE,CE,11/2022,632,542,"85,76",541,1,"99,82",90,"14,24",5,85,"13,45"
231250,SÃO JOÃO DO JAGUARIBE,CE,07/2022,720,584,"81,11",512,72,"87,67",136,"18,89",52,84,"11,67"
231250,SÃO JOÃO DO JAGUARIBE,CE,09/2022,676,545,"80,62",521,24,"95,60",131,"19,38",3,128,"18,93"
231260,SÃO LUÍS DO CURU,CE,09/2022,2215,1505,"67,95",1496,9,"99,40",710,"32,05",159,551,"24,88"
231260,SÃO LUÍS DO CURU,CE,07/2022,2242,1199,"53,48",1195,4,"99,67",1043,"46,52",498,545,"24,31"
231260,SÃO LUÍS DO CURU,CE,11/2022,2123,1734,"81,68",1716,18,"98,96",389,"18,32",53,336,"15,83"
231270,SENADOR POMPEU,CE,11/2022,3701,3183,"86,00",3133,50,"98,43",518,"14,00",20,498,"13,46"
231270,SENADOR POMPEU,CE,07/2022,3964,3317,"83,68",3193,124,"96,26",647,"16,32",115,532,"13,42"
231270,SENADOR POMPEU,CE,09/2022,3935,3384,"86,00",3170,214,"93,68",551,"14,00",19,532,"13,52"
231280,SENADOR SÁ,CE,07/2022,1497,1268,"84,70",1267,1,"99,92",229,"15,30",6,223,"14,90"
231280,SENADOR SÁ,CE,09/2022,1506,1020,"67,73",934,86,"91,57",486,"32,27",225,261,"17,33"
231280,SENADOR SÁ,CE,11/2022,1415,922,"65,16",885,37,"95,99",493,"34,84",209,284,"20,07"
231290,SOBRAL,CE,11/2022,22506,22175,"98,53",21532,643,"97,10",331,"1,47",44,287,"1,28"
231290,SOBRAL,CE,07/2022,25568,24432,"95,56",22196,2236,"90,85",1136,"4,44",103,1033,"4,04"
231290,SOBRAL,CE,09/2022,25495,23570,"92,45",21527,2043,"91,33",1925,"7,55",78,1847,"7,24"
231300,SOLONÓPOLE,CE,07/2022,2365,2133,"90,19",2096,37,"98,27",232,"9,81",4,228,"9,64"
231300,SOLONÓPOLE,CE,09/2022,2306,2033,"88,16",1825,208,"89,77",273,"11,84",2,271,"11,75"
231300,SOLONÓPOLE,CE,11/2022,2156,1851,"85,85",1802,49,"97,35",305,"14,15",1,304,"14,10"
231310,TABULEIRO DO NORTE,CE,11/2022,4364,3884,"89,00",3732,152,"96,09",480,"11,00",20,460,"10,54"
231310,TABULEIRO DO NORTE,CE,07/2022,4186,2809,"67,10",2809,0,"100,00",1377,"32,90",435,942,"22,50"
231310,TABULEIRO DO NORTE,CE,09/2022,4361,3409,"78,17",3282,127,"96,27",952,"21,83",10,942,"21,60"
231320,TAMBORIL,CE,09/2022,4932,3984,"80,78",3815,169,"95,76",948,"19,22",13,935,"18,96"
231320,TAMBORIL,CE,07/2022,5041,4096,"81,25",4060,36,"99,12",945,"18,75",11,934,"18,53"
231320,TAMBORIL,CE,11/2022,4754,3942,"82,92",3829,113,"97,13",812,"17,08",9,803,"16,89"
231325,TARRAFAS,CE,11/2022,1502,1324,"88,15",1324,0,"100,00",178,"11,85",7,171,"11,38"
231325,TARRAFAS,CE,09/2022,1512,1296,"85,71",1296,0,"100,00",216,"14,29",12,204,"13,49"
231325,TARRAFAS,CE,07/2022,1524,1228,"80,58",1228,0,"100,00",296,"19,42",12,284,"18,64"
231330,TAUÁ,CE,07/2022,7561,5985,"79,16",5799,186,"96,89",1576,"20,84",33,1543,"20,41"
231330,TAUÁ,CE,09/2022,7504,6734,"89,74",5920,814,"87,91",770,"10,26",46,724,"9,65"
231330,TAUÁ,CE,11/2022,6869,6210,"90,41",6047,163,"97,38",659,"9,59",31,628,"9,14"
231335,TEJUÇUOCA,CE,11/2022,4087,3596,"87,99",3484,112,"96,89",491,"12,01",16,475,"11,62"
231335,TEJUÇUOCA,CE,07/2022,4076,3569,"87,56",3567,2,"99,94",507,"12,44",24,483,"11,85"
231335,TEJUÇUOCA,CE,09/2022,4126,3598,"87,20",3438,160,"95,55",528,"12,80",12,516,"12,51"
231340,TIANGUÁ,CE,09/2022,16445,14654,"89,11",14653,1,"99,99",1791,"10,89",200,1591,"9,67"
231340,TIANGUÁ,CE,07/2022,16251,14468,"89,03",14465,3,"99,98",1783,"10,97",282,1501,"9,24"
231340,TIANGUÁ,CE,11/2022,16440,14634,"89,01",14600,34,"99,77",1806,"10,99",217,1589,"9,67"
231350,TRAIRI,CE,11/2022,12974,10610,"81,78",10393,217,"97,95",2364,"18,22",46,2318,"17,87"
231350,TRAIRI,CE,09/2022,13466,10944,"81,27",10488,456,"95,83",2522,"18,73",39,2483,"18,44"
231350,TRAIRI,CE,07/2022,13379,10920,"81,62",10510,410,"96,25",2459,"18,38",125,2334,"17,45"
231355,TURURU,CE,09/2022,3693,3173,"85,92",3173,0,"100,00",520,"14,08",2,518,"14,03"
231355,TURURU,CE,07/2022,3470,176,"5,07",174,2,"98,86",3294,"94,93",2804,490,"14,12"
231355,TURURU,CE,11/2022,3699,3179,"85,94",3179,0,"100,00",520,"14,06",16,504,"13,63"
231360,UBAJARA,CE,11/2022,6492,5294,"81,55",5248,46,"99,13",1198,"18,45",402,796,"12,26"
231360,UBAJARA,CE,07/2022,6644,5406,"81,37",5062,344,"93,64",1238,"18,63",535,703,"10,58"
231360,UBAJARA,CE,09/2022,6717,5491,"81,75",5452,39,"99,29",1226,"18,25",129,1097,"16,33"
231370,UMARI,CE,07/2022,1324,715,"54,00",711,4,"99,44",609,"46,00",87,522,"39,43"
231370,UMARI,CE,09/2022,1283,769,"59,94",738,31,"95,97",514,"40,06",6,508,"39,59"
231370,UMARI,CE,11/2022,1248,729,"58,41",713,16,"97,81",519,"41,59",124,395,"31,65"
231375,UMIRIM,CE,11/2022,3755,1240,"33,02",1240,0,"100,00",2515,"66,98",1975,540,"14,38"
231375,UMIRIM,CE,07/2022,3912,2739,"70,02",2722,17,"99,38",1173,"29,98",610,563,"14,39"
231375,UMIRIM,CE,09/2022,3965,3288,"82,93",3287,1,"99,97",677,"17,07",71,606,"15,28"
231380,URUBURETAMA,CE,09/2022,4741,4045,"85,32",3799,246,"93,92",696,"14,68",8,688,"14,51"
231380,URUBURETAMA,CE,07/2022,4892,4472,"91,41",4057,415,"90,72",420,"8,59",67,353,"7,22"
231380,URUBURETAMA,CE,11/2022,4295,3971,"92,46",3881,90,"97,73",324,"7,54",13,311,"7,24"
231390,URUOCA,CE,11/2022,2278,1733,"76,08",1645,88,"94,92",545,"23,92",156,389,"17,08"
231390,URUOCA,CE,09/2022,2353,1889,"80,28",1811,78,"95,87",464,"19,72",75,389,"16,53"
231390,URUOCA,CE,07/2022,2336,1624,"69,52",1550,74,"95,44",712,"30,48",341,371,"15,88"
231395,VARJOTA,CE,07/2022,3108,2615,"84,14",2607,8,"99,69",493,"15,86",14,479,"15,41"
231395,VARJOTA,CE,09/2022,3075,2376,"77,27",2141,235,"90,11",699,"22,73",176,523,"17,01"
231395,VARJOTA,CE,11/2022,2958,2409,"81,44",2298,111,"95,39",549,"18,56",32,517,"17,48"
231400,VÁRZEA ALEGRE,CE,11/2022,6104,4667,"76,46",4413,254,"94,56",1437,"23,54",17,1420,"23,26"
231400,VÁRZEA ALEGRE,CE,07/2022,6678,5320,"79,66",4734,586,"88,98",1358,"20,34",29,1329,"19,90"
231400,VÁRZEA ALEGRE,CE,09/2022,6650,5155,"77,52",4874,281,"94,55",1495,"22,48",63,1432,"21,53"
231410,VIÇOSA DO CEARÁ,CE,09/2022,13138,10335,"78,66",10246,89,"99,14",2803,"21,34",1305,1498,"11,40"
231410,VIÇOSA DO CEARÁ,CE,07/2022,13108,10346,"78,93",10333,13,"99,87",2762,"21,07",1425,1337,"10,20"
231410,VIÇOSA DO CEARÁ,CE,11/2022,12992,10306,"79,33",10221,85,"99,18",2686,"20,67",1227,1459,"11,23"
530010,BRASÍLIA,DF,09/2022,176547,110322,"62,49",103632,6690,"93,94",66225,"37,51",7594,58631,"33,21"
530010,BRASÍLIA,DF,11/2022,179602,134379,"74,82",130140,4239,"96,85",45223,"25,18",2856,42367,"23,59"
530010,BRASÍLIA,DF,07/2022,168284,106372,"63,21",100057,6315,"94,06",61912,"36,79",4145,57767,"34,33"
320010,AFONSO CLÁUDIO,ES,11/2022,2653,2292,"86,39",2035,257,"88,79",361,"13,61",1,360,"13,57"
320010,AFONSO CLÁUDIO,ES,07/2022,2888,2258,"78,19",1976,282,"87,51",630,"21,81",2,628,"21,75"
320010,AFONSO CLÁUDIO,ES,09/2022,2824,2446,"86,61",2140,306,"87,49",378,"13,39",5,373,"13,21"
320013,ÁGUIA BRANCA,ES,07/2022,1151,941,"81,75",825,116,"87,67",210,"18,25",23,187,"16,25"
320013,ÁGUIA BRANCA,ES,09/2022,1136,1024,"90,14",890,134,"86,91",112,"9,86",4,108,"9,51"
320013,ÁGUIA BRANCA,ES,11/2022,1106,936,"84,63",865,71,"92,41",170,"15,37",8,162,"14,65"
320016,ÁGUA DOCE DO NORTE,ES,11/2022,1599,1110,"69,42",999,111,"90,00",489,"30,58",76,413,"25,83"
320016,ÁGUA DOCE DO NORTE,ES,09/2022,1740,1085,"62,36",892,193,"82,21",655,"37,64",209,446,"25,63"
320016,ÁGUA DOCE DO NORTE,ES,07/2022,1765,1165,"66,01",958,207,"82,23",600,"33,99",108,492,"27,88"
320020,ALEGRE,ES,07/2022,2502,2118,"84,65",1836,282,"86,69",384,"15,35",8,376,"15,03"
320020,ALEGRE,ES,09/2022,2519,2278,"90,43",1915,363,"84,06",241,"9,57",5,236,"9,37"
320020,ALEGRE,ES,11/2022,2395,2214,"92,44",2066,148,"93,32",181,"7,56",0,181,"7,56"
320030,ALFREDO CHAVES,ES,11/2022,754,623,"82,63",555,68,"89,09",131,"17,37",25,106,"14,06"
320030,ALFREDO CHAVES,ES,09/2022,773,616,"79,69",522,94,"84,74",157,"20,31",51,106,"13,71"
320030,ALFREDO CHAVES,ES,07/2022,807,526,"65,18",463,63,"88,02",281,"34,82",37,244,"30,24"
320035,ALTO RIO NOVO,ES,09/2022,1127,877,"77,82",746,131,"85,06",250,"22,18",38,212,"18,81"
320035,ALTO RIO NOVO,ES,07/2022,1130,806,"71,33",706,100,"87,59",324,"28,67",66,258,"22,83"
320035,ALTO RIO NOVO,ES,11/2022,1117,889,"79,59",734,155,"82,56",228,"20,41",11,217,"19,43"
320040,ANCHIETA,ES,11/2022,2715,2424,"89,28",2219,205,"91,54",291,"10,72",7,284,"10,46"
320040,ANCHIETA,ES,09/2022,2796,2290,"81,90",2042,248,"89,17",506,"18,10",9,497,"17,78"
320040,ANCHIETA,ES,07/2022,2683,2072,"77,23",1815,257,"87,60",611,"22,77",9,602,"22,44"
320050,APIACÁ,ES,07/2022,902,596,"66,08",509,87,"85,40",306,"33,92",78,228,"25,28"
320050,APIACÁ,ES,09/2022,841,729,"86,68",610,119,"83,68",112,"13,32",35,77,"9,16"
320050,APIACÁ,ES,11/2022,786,678,"86,26",586,92,"86,43",108,"13,74",18,90,"11,45"
320060,ARACRUZ,ES,11/2022,7623,6806,"89,28",6169,637,"90,64",817,"10,72",46,771,"10,11"
320060,ARACRUZ,ES,09/2022,7725,6805,"88,09",5823,982,"85,57",920,"11,91",197,723,"9,36"
320060,ARACRUZ,ES,07/2022,7369,6242,"84,71",5251,991,"84,12",1127,"15,29",205,922,"12,51"
320070,ATILIO VIVACQUA,ES,09/2022,1035,626,"60,48",605,21,"96,65",409,"39,52",63,346,"33,43"
320070,ATILIO VIVACQUA,ES,07/2022,984,648,"65,85",614,34,"94,75",336,"34,15",4,332,"33,74"
320070,ATILIO VIVACQUA,ES,11/2022,1073,757,"70,55",731,26,"96,57",316,"29,45",13,303,"28,24"
320080,BAIXO GUANDU,ES,11/2022,2421,2001,"82,65",1691,310,"84,51",420,"17,35",5,415,"17,14"
320080,BAIXO GUANDU,ES,09/2022,2534,2124,"83,82",1678,446,"79,00",410,"16,18",24,386,"15,23"
320080,BAIXO GUANDU,ES,07/2022,2545,2055,"80,75",1667,388,"81,12",490,"19,25",55,435,"17,09"
320090,BARRA DE SÃO FRANCISCO,ES,09/2022,3634,2883,"79,33",2643,240,"91,68",751,"20,67",19,732,"20,14"
320090,BARRA DE SÃO FRANCISCO,ES,07/2022,3689,2697,"73,11",2513,184,"93,18",992,"26,89",28,964,"26,13"
320090,BARRA DE SÃO FRANCISCO,ES,11/2022,3539,2724,"76,97",2598,126,"95,37",815,"23,03",30,785,"22,18"
320100,BOA ESPERANÇA,ES,11/2022,2000,1553,"77,65",1407,146,"90,60",447,"22,35",4,443,"22,15"
320100,BOA ESPERANÇA,ES,07/2022,2043,1420,"69,51",1205,215,"84,86",623,"30,49",6,617,"30,20"
320100,BOA ESPERANÇA,ES,09/2022,2093,1601,"76,49",1385,216,"86,51",492,"23,51",6,486,"23,22"
320110,BOM JESUS DO NORTE,ES,09/2022,711,634,"89,17",574,60,"90,54",77,"10,83",26,51,"7,17"
320110,BOM JESUS DO NORTE,ES,07/2022,963,555,"57,63",514,41,"92,61",408,"42,37",278,130,"13,50"
320110,BOM JESUS DO NORTE,ES,11/2022,706,632,"89,52",622,10,"98,42",74,"10,48",20,54,"7,65"
320115,BREJETUBA,ES,11/2022,1932,1675,"86,70",1496,179,"89,31",257,"13,30",2,255,"13,20"
320115,BREJETUBA,ES,07/2022,2001,1600,"79,96",1426,174,"89,13",401,"20,04",11,390,"19,49"
320115,BREJETUBA,ES,09/2022,2005,1666,"83,09",1450,216,"87,03",339,"16,91",10,329,"16,41"
320120,CACHOEIRO DE ITAPEMIRIM,ES,09/2022,12791,11625,"90,88",9580,2045,"82,41",1166,"9,12",44,1122,"8,77"
320120,CACHOEIRO DE ITAPEMIRIM,ES,07/2022,12679,11220,"88,49",9322,1898,"83,08",1459,"11,51",35,1424,"11,23"
320120,CACHOEIRO DE ITAPEMIRIM,ES,11/2022,12024,11925,"99,18",9789,2136,"82,09",99,"0,82",45,54,"0,45"
320130,CARIACICA,ES,11/2022,36922,27344,"74,06",24844,2500,"90,86",9578,"25,94",65,9513,"25,77"
320130,CARIACICA,ES,09/2022,38118,25309,"66,40",22525,2784,"89,00",12809,"33,60",954,11855,"31,10"
320130,CARIACICA,ES,07/2022,36441,22464,"61,64",19537,2927,"86,97",13977,"38,36",159,13818,"37,92"
320140,CASTELO,ES,07/2022,2299,1541,"67,03",1521,20,"98,70",758,"32,97",30,728,"31,67"
320140,CASTELO,ES,09/2022,2373,1742,"73,41",1622,120,"93,11",631,"26,59",29,602,"25,37"
320140,CASTELO,ES,11/2022,2336,1767,"75,64",1767,0,"100,00",569,"24,36",5,564,"24,14"
320150,COLATINA,ES,11/2022,5714,5671,"99,25",5043,628,"88,93",43,"0,75",12,31,"0,54"
320150,COLATINA,ES,09/2022,5945,5901,"99,26",5033,868,"85,29",44,"0,74",25,19,"0,32"
320150,COLATINA,ES,07/2022,6032,6012,"99,67",5535,477,"92,07",20,"0,33",15,5,"0,08"
320160,CONCEIÇÃO DA BARRA,ES,09/2022,3652,2914,"79,79",2492,422,"85,52",738,"20,21",20,718,"19,66"
320160,CONCEIÇÃO DA BARRA,ES,07/2022,3618,2891,"79,91",2215,676,"76,62",727,"20,09",18,709,"19,60"
320160,CONCEIÇÃO DA BARRA,ES,11/2022,3508,2844,"81,07",2535,309,"89,14",664,"18,93",13,651,"18,56"
320170,CONCEIÇÃO DO CASTELO,ES,11/2022,1073,946,"88,16",838,108,"88,58",127,"11,84",4,123,"11,46"
320170,CONCEIÇÃO DO CASTELO,ES,07/2022,1138,1017,"89,37",864,153,"84,96",121,"10,63",5,116,"10,19"
320170,CONCEIÇÃO DO CASTELO,ES,09/2022,1125,994,"88,36",851,143,"85,61",131,"11,64",3,128,"11,38"
320180,DIVINO DE SÃO LOURENÇO,ES,09/2022,497,339,"68,21",308,31,"90,86",158,"31,79",2,156,"31,39"
320180,DIVINO DE SÃO LOURENÇO,ES,07/2022,484,317,"65,50",301,16,"94,95",167,"34,50",1,166,"34,30"
320180,DIVINO DE SÃO LOURENÇO,ES,11/2022,488,340,"69,67",316,24,"92,94",148,"30,33",0,148,"30,33"
320190,DOMINGOS MARTINS,ES,11/2022,1810,1539,"85,03",1485,54,"96,49",271,"14,97",12,259,"14,31"
320190,DOMINGOS MARTINS,ES,09/2022,1824,1518,"83,22",1362,156,"89,72",306,"16,78",88,218,"11,95"
320190,DOMINGOS MARTINS,ES,07/2022,1841,1255,"68,17",1216,39,"96,89",586,"31,83",184,402,"21,84"
320200,DORES DO RIO PRETO,ES,07/2022,768,659,"85,81",569,90,"86,34",109,"14,19",30,79,"10,29"
320200,DORES DO RIO PRETO,ES,09/2022,773,714,"92,37",571,143,"79,97",59,"7,63",49,10,"1,29"
320200,DORES DO RIO PRETO,ES,11/2022,685,644,"94,01",592,52,"91,93",41,"5,99",6,35,"5,11"
320210,ECOPORANGA,ES,11/2022,2041,1837,"90,00",1568,269,"85,36",204,"10,00",9,195,"9,55"
320210,ECOPORANGA,ES,07/2022,2160,1883,"87,18",1540,343,"81,78",277,"12,82",25,252,"11,67"
320210,ECOPORANGA,ES,09/2022,2145,1962,"91,47",1644,318,"83,79",183,"8,53",7,176,"8,21"
320220,FUNDÃO,ES,09/2022,1695,1389,"81,95",1204,185,"86,68",306,"18,05",11,295,"17,40"
320220,FUNDÃO,ES,07/2022,1629,1282,"78,70",1076,206,"83,93",347,"21,30",15,332,"20,38"
320220,FUNDÃO,ES,11/2022,1639,1381,"84,26",1223,158,"88,56",258,"15,74",5,253,"15,44"
320225,GOVERNADOR LINDENBERG,ES,11/2022,855,763,"89,24",622,141,"81,52",92,"10,76",5,87,"10,18"
320225,GOVERNADOR LINDENBERG,ES,07/2022,913,748,"81,93",618,130,"82,62",165,"18,07",3,162,"17,74"
320225,GOVERNADOR LINDENBERG,ES,09/2022,867,749,"86,39",664,85,"88,65",118,"13,61",9,109,"12,57"
320230,GUAÇUÍ,ES,09/2022,2970,2310,"77,78",1945,365,"84,20",660,"22,22",23,637,"21,45"
320230,GUAÇUÍ,ES,07/2022,3008,1907,"63,40",1738,169,"91,14",1101,"36,60",15,1086,"36,10"
320230,GUAÇUÍ,ES,11/2022,2829,2275,"80,42",2017,258,"88,66",554,"19,58",5,549,"19,41"
320240,GUARAPARI,ES,11/2022,9770,7901,"80,87",7395,506,"93,60",1869,"19,13",78,1791,"18,33"
320240,GUARAPARI,ES,07/2022,9728,6433,"66,13",5877,556,"91,36",3295,"33,87",33,3262,"33,53"
320240,GUARAPARI,ES,09/2022,9880,7879,"79,75",7152,727,"90,77",2001,"20,25",50,1951,"19,75"
320245,IBATIBA,ES,09/2022,2046,1795,"87,73",1614,181,"89,92",251,"12,27",23,228,"11,14"
320245,IBATIBA,ES,07/2022,2086,1814,"86,96",1568,246,"86,44",272,"13,04",25,247,"11,84"
320245,IBATIBA,ES,11/2022,1944,1735,"89,25",1615,120,"93,08",209,"10,75",9,200,"10,29"
320250,IBIRAÇU,ES,11/2022,1052,936,"88,97",836,100,"89,32",116,"11,03",12,104,"9,89"
320250,IBIRAÇU,ES,09/2022,1078,949,"88,03",813,136,"85,67",129,"11,97",15,114,"10,58"
320250,IBIRAÇU,ES,07/2022,1043,838,"80,35",724,114,"86,40",205,"19,65",61,144,"13,81"
320255,IBITIRAMA,ES,07/2022,1619,1323,"81,72",1247,76,"94,26",296,"18,28",16,280,"17,29"
320255,IBITIRAMA,ES,09/2022,1704,1346,"78,99",1338,8,"99,41",358,"21,01",6,352,"20,66"
320255,IBITIRAMA,ES,11/2022,1696,1391,"82,02",1289,102,"92,67",305,"17,98",18,287,"16,92"
320260,ICONHA,ES,11/2022,549,510,"92,90",443,67,"86,86",39,"7,10",1,38,"6,92"
320260,ICONHA,ES,07/2022,558,500,"89,61",441,59,"88,20",58,"10,39",6,52,"9,32"
320260,ICONHA,ES,09/2022,556,530,"95,32",434,96,"81,89",26,"4,68",0,26,"4,68"
320265,IRUPI,ES,09/2022,1565,1130,"72,20",1022,108,"90,44",435,"27,80",59,376,"24,03"
320265,IRUPI,ES,07/2022,1522,964,"63,34",869,95,"90,15",558,"36,66",162,396,"26,02"
320265,IRUPI,ES,11/2022,1475,1037,"70,31",998,39,"96,24",438,"29,69",64,374,"25,36"
320270,ITAGUAÇU,ES,11/2022,1248,1090,"87,34",887,203,"81,38",158,"12,66",5,153,"12,26"
320270,ITAGUAÇU,ES,09/2022,1328,1168,"87,95",914,254,"78,25",160,"12,05",44,116,"8,73"
320270,ITAGUAÇU,ES,07/2022,1402,1187,"84,66",903,284,"76,07",215,"15,34",3,212,"15,12"
320280,ITAPEMIRIM,ES,09/2022,5154,3472,"67,37",3150,322,"90,73",1682,"32,63",150,1532,"29,72"
320280,ITAPEMIRIM,ES,07/2022,4819,2900,"60,18",2597,303,"89,55",1919,"39,82",239,1680,"34,86"
320280,ITAPEMIRIM,ES,11/2022,5120,3523,"68,81",3315,208,"94,10",1597,"31,19",145,1452,"28,36"
320290,ITARANA,ES,11/2022,658,530,"80,55",439,91,"82,83",128,"19,45",1,127,"19,30"
320290,ITARANA,ES,09/2022,670,484,"72,24",438,46,"90,50",186,"27,76",0,186,"27,76"
320290,ITARANA,ES,07/2022,658,483,"73,40",418,65,"86,54",175,"26,60",5,170,"25,84"
320300,IÚNA,ES,09/2022,2929,2063,"70,43",1824,239,"88,41",866,"29,57",209,657,"22,43"
320300,IÚNA,ES,07/2022,2990,2142,"71,64",1868,274,"87,21",848,"28,36",134,714,"23,88"
320300,IÚNA,ES,11/2022,2870,2166,"75,47",1887,279,"87,12",704,"24,53",257,447,"15,57"
320305,JAGUARÉ,ES,11/2022,3357,2893,"86,18",2754,139,"95,20",464,"13,82",14,450,"13,40"
320305,JAGUARÉ,ES,09/2022,3508,2987,"85,15",2692,295,"90,12",521,"14,85",26,495,"14,11"
320305,JAGUARÉ,ES,07/2022,3516,2859,"81,31",2537,322,"88,74",657,"18,69",157,500,"14,22"
320310,JERÔNIMO MONTEIRO,ES,07/2022,1070,994,"92,90",879,115,"88,43",76,"7,10",6,70,"6,54"
320310,JERÔNIMO MONTEIRO,ES,09/2022,1078,1014,"94,06",889,125,"87,67",64,"5,94",6,58,"5,38"
320310,JERÔNIMO MONTEIRO,ES,11/2022,1009,946,"93,76",864,82,"91,33",63,"6,24",2,61,"6,05"
320313,JOÃO NEIVA,ES,11/2022,835,744,"89,10",655,89,"88,04",91,"10,90",4,87,"10,42"
320313,JOÃO NEIVA,ES,09/2022,853,751,"88,04",660,91,"87,88",102,"11,96",9,93,"10,90"
320313,JOÃO NEIVA,ES,07/2022,852,723,"84,86",673,50,"93,08",129,"15,14",8,121,"14,20"
320316,LARANJA DA TERRA,ES,09/2022,1019,781,"76,64",754,27,"96,54",238,"23,36",1,237,"23,26"
320316,LARANJA DA TERRA,ES,07/2022,1003,768,"76,57",729,39,"94,92",235,"23,43",1,234,"23,33"
320316,LARANJA DA TERRA,ES,11/2022,994,759,"76,36",743,16,"97,89",235,"23,64",2,233,"23,44"
320320,LINHARES,ES,11/2022,13666,11254,"82,35",10581,673,"94,02",2412,"17,65",473,1939,"14,19"
320320,LINHARES,ES,09/2022,14265,11526,"80,80",10648,878,"92,38",2739,"19,20",402,2337,"16,38"
320320,LINHARES,ES,07/2022,14241,10730,"75,35",10038,692,"93,55",3511,"24,65",647,2864,"20,11"
320330,MANTENÓPOLIS,ES,07/2022,1644,966,"58,76",894,72,"92,55",678,"41,24",145,533,"32,42"
320330,MANTENÓPOLIS,ES,09/2022,1604,1263,"78,74",1100,163,"87,09",341,"21,26",34,307,"19,14"
320330,MANTENÓPOLIS,ES,11/2022,1604,1207,"75,25",1154,53,"95,61",397,"24,75",70,327,"20,39"
320332,MARATAÍZES,ES,11/2022,5053,4287,"84,84",3800,487,"88,64",766,"15,16",20,746,"14,76"
320332,MARATAÍZES,ES,09/2022,5131,4393,"85,62",3881,512,"88,35",738,"14,38",12,726,"14,15"
320332,MARATAÍZES,ES,07/2022,4918,4098,"83,33",3711,387,"90,56",820,"16,67",62,758,"15,41"
320334,MARECHAL FLORIANO,ES,07/2022,795,677,"85,16",591,86,"87,30",118,"14,84",16,102,"12,83"
320334,MARECHAL FLORIANO,ES,09/2022,840,729,"86,79",644,85,"88,34",111,"13,21",14,97,"11,55"
320334,MARECHAL FLORIANO,ES,11/2022,810,688,"84,94",653,35,"94,91",122,"15,06",1,121,"14,94"
320335,MARILÂNDIA,ES,11/2022,787,730,"92,76",611,119,"83,70",57,"7,24",2,55,"6,99"
320335,MARILÂNDIA,ES,07/2022,764,645,"84,42",565,80,"87,60",119,"15,58",7,112,"14,66"
320335,MARILÂNDIA,ES,09/2022,780,701,"89,87",620,81,"88,45",79,"10,13",4,75,"9,62"
320340,MIMOSO DO SUL,ES,07/2022,2700,2032,"75,26",1676,356,"82,48",668,"24,74",340,328,"12,15"
320340,MIMOSO DO SUL,ES,09/2022,2791,2714,"97,24",2105,609,"77,56",77,"2,76",7,70,"2,51"
320340,MIMOSO DO SUL,ES,11/2022,2714,2418,"89,09",2131,287,"88,13",296,"10,91",8,288,"10,61"
320350,MONTANHA,ES,11/2022,2212,2019,"91,27",1704,315,"84,40",193,"8,73",25,168,"7,59"
320350,MONTANHA,ES,07/2022,2265,2010,"88,74",1510,500,"75,12",255,"11,26",23,232,"10,24"
320350,MONTANHA,ES,09/2022,2323,2097,"90,27",1690,407,"80,59",226,"9,73",11,215,"9,26"
320360,MUCURICI,ES,07/2022,646,424,"65,63",348,76,"82,08",222,"34,37",16,206,"31,89"
320360,MUCURICI,ES,09/2022,640,430,"67,19",354,76,"82,33",210,"32,81",14,196,"30,63"
320360,MUCURICI,ES,11/2022,603,419,"69,49",383,36,"91,41",184,"30,51",12,172,"28,52"
320370,MUNIZ FREIRE,ES,11/2022,1708,1470,"86,07",1242,228,"84,49",238,"13,93",23,215,"12,59"
320370,MUNIZ FREIRE,ES,07/2022,1902,1367,"71,87",1209,158,"88,44",535,"28,13",26,509,"26,76"
320370,MUNIZ FREIRE,ES,09/2022,1802,1612,"89,46",1378,234,"85,48",190,"10,54",4,186,"10,32"
320380,MUQUI,ES,07/2022,1520,1307,"85,99",1010,297,"77,28",213,"14,01",2,211,"13,88"
320380,MUQUI,ES,09/2022,1543,1409,"91,32",1105,304,"78,42",134,"8,68",2,132,"8,55"
320380,MUQUI,ES,11/2022,1491,1366,"91,62",1161,205,"84,99",125,"8,38",2,123,"8,25"
320390,NOVA VENÉCIA,ES,11/2022,4044,2960,"73,19",2614,346,"88,31",1084,"26,81",76,1008,"24,93"
320390,NOVA VENÉCIA,ES,09/2022,4306,3191,"74,11",2776,415,"86,99",1115,"25,89",14,1101,"25,57"
320390,NOVA VENÉCIA,ES,07/2022,4256,3081,"72,39",2598,483,"84,32",1175,"27,61",35,1140,"26,79"
320400,PANCAS,ES,07/2022,1808,1385,"76,60",1235,150,"89,17",423,"23,40",6,417,"23,06"
320400,PANCAS,ES,09/2022,1800,1468,"81,56",1299,169,"88,49",332,"18,44",4,328,"18,22"
320400,PANCAS,ES,11/2022,1696,1365,"80,48",1198,167,"87,77",331,"19,52",1,330,"19,46"
320405,PEDRO CANÁRIO,ES,11/2022,2975,1505,"50,59",1391,114,"92,43",1470,"49,41",979,491,"16,50"
320405,PEDRO CANÁRIO,ES,07/2022,3195,2270,"71,05",2270,0,"100,00",925,"28,95",230,695,"21,75"
320405,PEDRO CANÁRIO,ES,09/2022,3195,2456,"76,87",2163,293,"88,07",739,"23,13",49,690,"21,60"
320410,PINHEIROS,ES,07/2022,3075,2704,"87,93",2111,593,"78,07",371,"12,07",13,358,"11,64"
320410,PINHEIROS,ES,09/2022,3086,2675,"86,68",2298,377,"85,91",411,"13,32",7,404,"13,09"
320410,PINHEIROS,ES,11/2022,2891,2522,"87,24",2253,269,"89,33",369,"12,76",11,358,"12,38"
320420,PIÚMA,ES,11/2022,2041,1766,"86,53",1675,91,"94,85",275,"13,47",3,272,"13,33"
320420,PIÚMA,ES,09/2022,1952,1681,"86,12",1615,66,"96,07",271,"13,88",11,260,"13,32"
320420,PIÚMA,ES,07/2022,1873,1535,"81,95",1424,111,"92,77",338,"18,05",6,332,"17,73"
320425,PONTO BELO,ES,09/2022,1060,909,"85,75",841,68,"92,52",151,"14,25",4,147,"13,87"
320425,PONTO BELO,ES,07/2022,1043,835,"80,06",833,2,"99,76",208,"19,94",5,203,"19,46"
320425,PONTO BELO,ES,11/2022,1036,902,"87,07",876,26,"97,12",134,"12,93",4,130,"12,55"
320430,PRESIDENTE KENNEDY,ES,11/2022,1683,1573,"93,46",1309,264,"83,22",110,"6,54",48,62,"3,68"
320430,PRESIDENTE KENNEDY,ES,07/2022,1705,1550,"90,91",1264,286,"81,55",155,"9,09",11,144,"8,45"
320430,PRESIDENTE KENNEDY,ES,09/2022,1748,1607,"91,93",1341,266,"83,45",141,"8,07",17,124,"7,09"
320435,RIO BANANAL,ES,07/2022,1746,1596,"91,41",1343,253,"84,15",150,"8,59",10,140,"8,02"
320435,RIO BANANAL,ES,09/2022,1799,1706,"94,83",1371,335,"80,36",93,"5,17",14,79,"4,39"
320435,RIO BANANAL,ES,11/2022,1725,1652,"95,77",1274,378,"77,12",73,"4,23",6,67,"3,88"
320440,RIO NOVO DO SUL,ES,11/2022,808,720,"89,11",679,41,"94,31",88,"10,89",1,87,"10,77"
320440,RIO NOVO DO SUL,ES,09/2022,851,753,"88,48",658,95,"87,38",98,"11,52",3,95,"11,16"
320440,RIO NOVO DO SUL,ES,07/2022,856,756,"88,32",712,44,"94,18",100,"11,68",6,94,"10,98"
320450,SANTA LEOPOLDINA,ES,09/2022,1015,971,"95,67",709,262,"73,02",44,"4,33",5,39,"3,84"
320450,SANTA LEOPOLDINA,ES,07/2022,1017,863,"84,86",664,199,"76,94",154,"15,14",18,136,"13,37"
320450,SANTA LEOPOLDINA,ES,11/2022,990,974,"98,38",654,320,"67,15",16,"1,62",1,15,"1,52"
320455,SANTA MARIA DE JETIBÁ,ES,11/2022,2234,2213,"99,06",1650,563,"74,56",21,"0,94",2,19,"0,85"
320455,SANTA MARIA DE JETIBÁ,ES,09/2022,2267,2124,"93,69",1739,385,"81,87",143,"6,31",5,138,"6,09"
320455,SANTA MARIA DE JETIBÁ,ES,07/2022,2255,1997,"88,56",1586,411,"79,42",258,"11,44",20,238,"10,55"
320460,SANTA TERESA,ES,09/2022,1207,1091,"90,39",847,244,"77,64",116,"9,61",2,114,"9,44"
320460,SANTA TERESA,ES,07/2022,1174,1001,"85,26",784,217,"78,32",173,"14,74",7,166,"14,14"
320460,SANTA TERESA,ES,11/2022,1145,1026,"89,61",801,225,"78,07",119,"10,39",2,117,"10,22"
320465,SÃO DOMINGOS DO NORTE,ES,11/2022,947,770,"81,31",692,78,"89,87",177,"18,69",37,140,"14,78"
320465,SÃO DOMINGOS DO NORTE,ES,09/2022,966,679,"70,29",558,121,"82,18",287,"29,71",104,183,"18,94"
320465,SÃO DOMINGOS DO NORTE,ES,07/2022,909,739,"81,30",644,95,"87,14",170,"18,70",3,167,"18,37"
320470,SÃO GABRIEL DA PALHA,ES,07/2022,1876,1229,"65,51",1138,91,"92,60",647,"34,49",39,608,"32,41"
320470,SÃO GABRIEL DA PALHA,ES,09/2022,1906,1467,"76,97",1343,124,"91,55",439,"23,03",53,386,"20,25"
320470,SÃO GABRIEL DA PALHA,ES,11/2022,1933,1875,"97,00",1344,531,"71,68",58,"3,00",3,55,"2,85"
320480,SÃO JOSÉ DO CALÇADO,ES,11/2022,1248,1063,"85,18",1004,59,"94,45",185,"14,82",60,125,"10,02"
320480,SÃO JOSÉ DO CALÇADO,ES,07/2022,1243,943,"75,86",867,76,"91,94",300,"24,14",67,233,"18,74"
320480,SÃO JOSÉ DO CALÇADO,ES,09/2022,1252,1130,"90,26",1040,90,"92,04",122,"9,74",20,102,"8,15"
320490,SÃO MATEUS,ES,07/2022,12385,9503,"76,73",8111,1392,"85,35",2882,"23,27",40,2842,"22,95"
320490,SÃO MATEUS,ES,09/2022,13085,10988,"83,97",8818,2170,"80,25",2097,"16,03",38,2059,"15,74"
320490,SÃO MATEUS,ES,11/2022,12782,10854,"84,92",9512,1342,"87,64",1928,"15,08",39,1889,"14,78"
320495,SÃO ROQUE DO CANAÃ,ES,11/2022,619,608,"98,22",460,148,"75,66",11,"1,78",1,10,"1,62"
320495,SÃO ROQUE DO CANAÃ,ES,09/2022,673,656,"97,47",523,133,"79,73",17,"2,53",4,13,"1,93"
320495,SÃO ROQUE DO CANAÃ,ES,07/2022,684,668,"97,66",495,173,"74,10",16,"2,34",2,14,"2,05"
320500,SERRA,ES,07/2022,41003,28261,"68,92",25957,2304,"91,85",12742,"31,08",427,12315,"30,03"
320500,SERRA,ES,09/2022,44302,35059,"79,14",31162,3897,"88,88",9243,"20,86",269,8974,"20,26"
320500,SERRA,ES,11/2022,43353,35629,"82,18",32022,3607,"89,88",7724,"17,82",85,7639,"17,62"
320501,SOORETAMA,ES,11/2022,3150,2617,"83,08",2569,48,"98,17",533,"16,92",34,499,"15,84"
320501,SOORETAMA,ES,07/2022,3354,2521,"75,16",2372,149,"94,09",833,"24,84",170,663,"19,77"
320501,SOORETAMA,ES,09/2022,3381,2811,"83,14",2671,140,"95,02",570,"16,86",32,538,"15,91"
320503,VARGEM ALTA,ES,07/2022,1352,1212,"89,64",1108,104,"91,42",140,"10,36",2,138,"10,21"
320503,VARGEM ALTA,ES,09/2022,1368,1259,"92,03",1123,136,"89,20",109,"7,97",1,108,"7,89"
320503,VARGEM ALTA,ES,11/2022,1366,1254,"91,80",1150,104,"91,71",112,"8,20",0,112,"8,20"
320506,VENDA NOVA DO IMIGRANTE,ES,11/2022,1357,1291,"95,14",1001,290,"77,54",66,"4,86",10,56,"4,13"
320506,VENDA NOVA DO IMIGRANTE,ES,09/2022,1329,1280,"96,31",954,326,"74,53",49,"3,69",1,48,"3,61"
320506,VENDA NOVA DO IMIGRANTE,ES,07/2022,1291,1192,"92,33",950,242,"79,70",99,"7,67",8,91,"7,05"
320510,VIANA,ES,09/2022,8394,6604,"78,68",5805,799,"87,90",1790,"21,32",17,1773,"21,12"
320510,VIANA,ES,07/2022,7820,5763,"73,70",5154,609,"89,43",2057,"26,30",14,2043,"26,13"
320510,VIANA,ES,11/2022,7967,6371,"79,97",5917,454,"92,87",1596,"20,03",10,1586,"19,91"
320515,VILA PAVÃO,ES,11/2022,890,567,"63,71",513,54,"90,48",323,"36,29",14,309,"34,72"
320515,VILA PAVÃO,ES,09/2022,977,629,"64,38",536,93,"85,21",348,"35,62",16,332,"33,98"
320515,VILA PAVÃO,ES,07/2022,963,604,"62,72",531,73,"87,91",359,"37,28",37,322,"33,44"
320517,VILA VALÉRIO,ES,07/2022,1409,1169,"82,97",1056,113,"90,33",240,"17,03",14,226,"16,04"
320517,VILA VALÉRIO,ES,09/2022,1414,1169,"82,67",1016,153,"86,91",245,"17,33",12,233,"16,48"
320517,VILA VALÉRIO,ES,11/2022,1374,1099,"79,99",955,144,"86,90",275,"20,01",9,266,"19,36"
320520,VILA VELHA,ES,11/2022,26353,16735,"63,50",15218,1517,"90,94",9618,"36,50",911,8707,"33,04"
320520,VILA VELHA,ES,07/2022,24363,12431,"51,02",11025,1406,"88,69",11932,"48,98",1900,10032,"41,18"
320520,VILA VELHA,ES,09/2022,26159,15014,"57,40",13075,1939,"87,09",11145,"42,60",1830,9315,"35,61"
320530,VITÓRIA,ES,07/2022,20328,16190,"79,64",14428,1762,"89,12",4138,"20,36",1374,2764,"13,60"
320530,VITÓRIA,ES,09/2022,21112,16215,"76,80",14361,1854,"88,57",4897,"23,20",3298,1599,"7,57"
320530,VITÓRIA,ES,11/2022,21028,19203,"91,32",16872,2331,"87,86",1825,"8,68",113,1712,"8,14"
520005,ABADIA DE GOIÁS,GO,09/2022,2521,1398,"55,45",1374,24,"98,28",1123,"44,55",24,1099,"43,59"
520005,ABADIA DE GOIÁS,GO,11/2022,2611,1461,"55,96",1373,88,"93,98",1150,"44,04",19,1131,"43,32"
520005,ABADIA DE GOIÁS,GO,07/2022,2175,1055,"48,51",1054,1,"99,91",1120,"51,49",31,1089,"50,07"
520010,ABADIÂNIA,GO,07/2022,1532,964,"62,92",964,0,"100,00",568,"37,08",8,560,"36,55"
520010,ABADIÂNIA,GO,11/2022,1592,1189,"74,69",1150,39,"96,72",403,"25,31",6,397,"24,94"
520010,ABADIÂNIA,GO,09/2022,1517,398,"26,24",371,27,"93,22",1119,"73,76",550,569,"37,51"
520013,ACREÚNA,GO,11/2022,1629,1310,"80,42",1235,75,"94,27",319,"19,58",18,301,"18,48"
520013,ACREÚNA,GO,09/2022,1684,1258,"74,70",1163,95,"92,45",426,"25,30",43,383,"22,74"
520013,ACREÚNA,GO,07/2022,1665,1349,"81,02",1257,92,"93,18",316,"18,98",6,310,"18,62"
520015,ADELÂNDIA,GO,07/2022,267,180,"67,42",177,3,"98,33",87,"32,58",3,84,"31,46"
520015,ADELÂNDIA,GO,09/2022,256,150,"58,59",131,19,"87,33",106,"41,41",5,101,"39,45"
520015,ADELÂNDIA,GO,11/2022,237,201,"84,81",174,27,"86,57",36,"15,19",0,36,"15,19"
520017,ÁGUA FRIA DE GOIÁS,GO,09/2022,634,335,"52,84",325,10,"97,01",299,"47,16",44,255,"40,22"
520017,ÁGUA FRIA DE GOIÁS,GO,11/2022,614,384,"62,54",384,0,"100,00",230,"37,46",8,222,"36,16"
520017,ÁGUA FRIA DE GOIÁS,GO,07/2022,656,360,"54,88",360,0,"100,00",296,"45,12",45,251,"38,26"
520020,ÁGUA LIMPA,GO,07/2022,244,101,"41,39",93,8,"92,08",143,"58,61",32,111,"45,49"
520020,ÁGUA LIMPA,GO,11/2022,250,198,"79,20",184,14,"92,93",52,"20,80",2,50,"20,00"
520020,ÁGUA LIMPA,GO,09/2022,264,129,"48,86",89,40,"68,99",135,"51,14",6,129,"48,86"
520025,ÁGUAS LINDAS DE GOIÁS,GO,11/2022,33691,27291,"81,00",27290,1,"100,00",6400,"19,00",197,6203,"18,41"
520025,ÁGUAS LINDAS DE GOIÁS,GO,09/2022,33518,26835,"80,06",26831,4,"99,99",6683,"19,94",365,6318,"18,85"
520025,ÁGUAS LINDAS DE GOIÁS,GO,07/2022,31693,22722,"71,69",22721,1,"100,00",8971,"28,31",255,8716,"27,50"
520030,ALEXÂNIA,GO,07/2022,4084,2535,"62,07",2535,0,"100,00",1549,"37,93",35,1514,"37,07"
520030,ALEXÂNIA,GO,11/2022,4529,2887,"63,74",2887,0,"100,00",1642,"36,26",35,1607,"35,48"
520030,ALEXÂNIA,GO,09/2022,4434,2770,"62,47",2768,2,"99,93",1664,"37,53",49,1615,"36,42"
520050,ALOÂNDIA,GO,11/2022,184,132,"71,74",109,23,"82,58",52,"28,26",25,27,"14,67"
520050,ALOÂNDIA,GO,09/2022,197,129,"65,48",122,7,"94,57",68,"34,52",40,28,"14,21"
520050,ALOÂNDIA,GO,07/2022,200,140,"70,00",140,0,"100,00",60,"30,00",34,26,"13,00"
520055,ALTO HORIZONTE,GO,07/2022,616,432,"70,13",400,32,"92,59",184,"29,87",13,171,"27,76"
520055,ALTO HORIZONTE,GO,09/2022,592,460,"77,70",406,54,"88,26",132,"22,30",2,130,"21,96"
520055,ALTO HORIZONTE,GO,11/2022,551,404,"73,32",377,27,"93,32",147,"26,68",0,147,"26,68"
520060,ALTO PARAÍSO DE GOIÁS,GO,09/2022,856,716,"83,64",606,110,"84,64",140,"16,36",26,114,"13,32"
520060,ALTO PARAÍSO DE GOIÁS,GO,11/2022,799,669,"83,73",617,52,"92,23",130,"16,27",22,108,"13,52"
520060,ALTO PARAÍSO DE GOIÁS,GO,07/2022,871,645,"74,05",609,36,"94,42",226,"25,95",25,201,"23,08"
520080,ALVORADA DO NORTE,GO,07/2022,1403,1317,"93,87",1317,0,"100,00",86,"6,13",4,82,"5,84"
520080,ALVORADA DO NORTE,GO,09/2022,1387,1288,"92,86",1286,2,"99,84",99,"7,14",4,95,"6,85"
520080,ALVORADA DO NORTE,GO,11/2022,1384,1340,"96,82",1322,18,"98,66",44,"3,18",6,38,"2,75"
520082,AMARALINA,GO,09/2022,497,385,"77,46",384,1,"99,74",112,"22,54",1,111,"22,33"
520082,AMARALINA,GO,11/2022,500,393,"78,60",392,1,"99,75",107,"21,40",1,106,"21,20"
520082,AMARALINA,GO,07/2022,493,385,"78,09",378,7,"98,18",108,"21,91",1,107,"21,70"
520085,AMERICANO DO BRASIL,GO,07/2022,579,518,"89,46",518,0,"100,00",61,"10,54",0,61,"10,54"
520085,AMERICANO DO BRASIL,GO,09/2022,590,517,"87,63",517,0,"100,00",73,"12,37",2,71,"12,03"
520085,AMERICANO DO BRASIL,GO,11/2022,605,528,"87,27",528,0,"100,00",77,"12,73",2,75,"12,40"
520090,AMORINÓPOLIS,GO,11/2022,413,345,"83,54",345,0,"100,00",68,"16,46",4,64,"15,50"
520090,AMORINÓPOLIS,GO,09/2022,430,193,"44,88",193,0,"100,00",237,"55,12",7,230,"53,49"
520090,AMORINÓPOLIS,GO,07/2022,400,166,"41,50",166,0,"100,00",234,"58,50",8,226,"56,50"
520110,ANÁPOLIS,GO,07/2022,19551,13623,"69,68",13457,166,"98,78",5928,"30,32",927,5001,"25,58"
520110,ANÁPOLIS,GO,09/2022,19622,12578,"64,10",11817,761,"93,95",7044,"35,90",2694,4350,"22,17"
520110,ANÁPOLIS,GO,11/2022,19697,14599,"74,12",13973,626,"95,71",5098,"25,88",900,4198,"21,31"
520120,ANHANGUERA,GO,11/2022,95,65,"68,42",64,1,"98,46",30,"31,58",0,30,"31,58"
520120,ANHANGUERA,GO,09/2022,89,62,"69,66",62,0,"100,00",27,"30,34",1,26,"29,21"
520120,ANHANGUERA,GO,07/2022,75,50,"66,67",49,1,"98,00",25,"33,33",0,25,"33,33"
520130,ANICUNS,GO,07/2022,1831,1371,"74,88",1265,106,"92,27",460,"25,12",55,405,"22,12"
520130,ANICUNS,GO,09/2022,1907,1458,"76,46",1417,41,"97,19",449,"23,54",28,421,"22,08"
520130,ANICUNS,GO,11/2022,1788,1337,"74,78",1293,44,"96,71",451,"25,22",21,430,"24,05"
520140,APARECIDA DE GOIÂNIA,GO,09/2022,29596,19145,"64,69",19142,3,"99,98",10451,"35,31",53,10398,"35,13"
520140,APARECIDA DE GOIÂNIA,GO,11/2022,29985,19420,"64,77",19420,0,"100,00",10565,"35,23",53,10512,"35,06"
520140,APARECIDA DE GOIÂNIA,GO,07/2022,28273,13572,"48,00",13571,1,"99,99",14701,"52,00",4577,10124,"35,81"
520145,APARECIDA DO RIO DOCE,GO,07/2022,259,187,"72,20",184,3,"98,40",72,"27,80",2,70,"27,03"
520145,APARECIDA DO RIO DOCE,GO,09/2022,233,184,"78,97",174,10,"94,57",49,"21,03",0,49,"21,03"
520145,APARECIDA DO RIO DOCE,GO,11/2022,227,174,"76,65",172,2,"98,85",53,"23,35",0,53,"23,35"
520150,APORÉ,GO,09/2022,379,329,"86,81",297,32,"90,27",50,"13,19",4,46,"12,14"
520150,APORÉ,GO,11/2022,372,319,"85,75",305,14,"95,61",53,"14,25",8,45,"12,10"
520150,APORÉ,GO,07/2022,382,320,"83,77",320,0,"100,00",62,"16,23",13,49,"12,83"
520160,ARAÇU,GO,07/2022,346,243,"70,23",242,1,"99,59",103,"29,77",2,101,"29,19"
520160,ARAÇU,GO,11/2022,362,254,"70,17",254,0,"100,00",108,"29,83",2,106,"29,28"
520160,ARAÇU,GO,09/2022,352,246,"69,89",246,0,"100,00",106,"30,11",2,104,"29,55"
520170,ARAGARÇAS,GO,09/2022,2127,1744,"81,99",1512,232,"86,70",383,"18,01",50,333,"15,66"
520170,ARAGARÇAS,GO,11/2022,2016,1695,"84,08",1620,75,"95,58",321,"15,92",19,302,"14,98"
520170,ARAGARÇAS,GO,07/2022,2042,1628,"79,73",1510,118,"92,75",414,"20,27",61,353,"17,29"
520180,ARAGOIÂNIA,GO,07/2022,1638,649,"39,62",641,8,"98,77",989,"60,38",558,431,"26,31"
520180,ARAGOIÂNIA,GO,09/2022,1774,841,"47,41",708,133,"84,19",933,"52,59",441,492,"27,73"
520180,ARAGOIÂNIA,GO,11/2022,1805,863,"47,81",805,58,"93,28",942,"52,19",345,597,"33,07"
520215,ARAGUAPAZ,GO,09/2022,876,476,"54,34",476,0,"100,00",400,"45,66",78,322,"36,76"
520215,ARAGUAPAZ,GO,11/2022,862,563,"65,31",555,8,"98,58",299,"34,69",48,251,"29,12"
520215,ARAGUAPAZ,GO,07/2022,814,459,"56,39",423,36,"92,16",355,"43,61",49,306,"37,59"
520235,ARENÓPOLIS,GO,07/2022,327,239,"73,09",223,16,"93,31",88,"26,91",1,87,"26,61"
520235,ARENÓPOLIS,GO,09/2022,317,249,"78,55",210,39,"84,34",68,"21,45",16,52,"16,40"
520235,ARENÓPOLIS,GO,11/2022,278,243,"87,41",222,21,"91,36",35,"12,59",5,30,"10,79"
520250,ARUANÃ,GO,11/2022,1053,769,"73,03",768,1,"99,87",284,"26,97",88,196,"18,61"
520250,ARUANÃ,GO,09/2022,1015,648,"63,84",648,0,"100,00",367,"36,16",181,186,"18,33"
520250,ARUANÃ,GO,07/2022,920,759,"82,50",759,0,"100,00",161,"17,50",6,155,"16,85"
520260,AURILÂNDIA,GO,07/2022,297,228,"76,77",208,20,"91,23",69,"23,23",3,66,"22,22"
520260,AURILÂNDIA,GO,11/2022,251,208,"82,87",193,15,"92,79",43,"17,13",5,38,"15,14"
520260,AURILÂNDIA,GO,09/2022,272,209,"76,84",194,15,"92,82",63,"23,16",6,57,"20,96"
520280,AVELINÓPOLIS,GO,11/2022,445,348,"78,20",347,1,"99,71",97,"21,80",0,97,"21,80"
520280,AVELINÓPOLIS,GO,09/2022,451,346,"76,72",346,0,"100,00",105,"23,28",1,104,"23,06"
520280,AVELINÓPOLIS,GO,07/2022,425,328,"77,18",328,0,"100,00",97,"22,82",0,97,"22,82"
520310,BALIZA,GO,07/2022,375,258,"68,80",258,0,"100,00",117,"31,20",3,114,"30,40"
520310,BALIZA,GO,11/2022,421,294,"69,83",294,0,"100,00",127,"30,17",4,123,"29,22"
520310,BALIZA,GO,09/2022,395,276,"69,87",276,0,"100,00",119,"30,13",3,116,"29,37"
520320,BARRO ALTO,GO,11/2022,1179,814,"69,04",813,1,"99,88",365,"30,96",1,364,"30,87"
520320,BARRO ALTO,GO,09/2022,1247,864,"69,29",862,2,"99,77",383,"30,71",7,376,"30,15"
520320,BARRO ALTO,GO,07/2022,1121,726,"64,76",723,3,"99,59",395,"35,24",40,355,"31,67"
520330,BELA VISTA DE GOIÁS,GO,07/2022,2647,2000,"75,56",1934,66,"96,70",647,"24,44",8,639,"24,14"
520330,BELA VISTA DE GOIÁS,GO,11/2022,2800,2303,"82,25",2023,280,"87,84",497,"17,75",9,488,"17,43"
520330,BELA VISTA DE GOIÁS,GO,09/2022,2822,2256,"79,94",1924,332,"85,28",566,"20,06",13,553,"19,60"
520340,BOM JARDIM DE GOIÁS,GO,09/2022,930,882,"94,84",875,7,"99,21",48,"5,16",4,44,"4,73"
520340,BOM JARDIM DE GOIÁS,GO,11/2022,897,764,"85,17",764,0,"100,00",133,"14,83",79,54,"6,02"
520340,BOM JARDIM DE GOIÁS,GO,07/2022,979,501,"51,17",488,13,"97,41",478,"48,83",6,472,"48,21"
520350,BOM JESUS DE GOIÁS,GO,07/2022,1873,1590,"84,89",1473,117,"92,64",283,"15,11",9,274,"14,63"
520350,BOM JESUS DE GOIÁS,GO,11/2022,1789,1646,"92,01",1544,102,"93,80",143,"7,99",6,137,"7,66"
520350,BOM JESUS DE GOIÁS,GO,09/2022,1889,1725,"91,32",1505,220,"87,25",164,"8,68",8,156,"8,26"
520355,BONFINÓPOLIS,GO,09/2022,988,757,"76,62",757,0,"100,00",231,"23,38",6,225,"22,77"
520355,BONFINÓPOLIS,GO,11/2022,1025,782,"76,29",782,0,"100,00",243,"23,71",5,238,"23,22"
520355,BONFINÓPOLIS,GO,07/2022,943,734,"77,84",734,0,"100,00",209,"22,16",3,206,"21,85"
520357,BONÓPOLIS,GO,07/2022,483,375,"77,64",373,2,"99,47",108,"22,36",49,59,"12,22"
520357,BONÓPOLIS,GO,09/2022,515,419,"81,36",383,36,"91,41",96,"18,64",0,96,"18,64"
520357,BONÓPOLIS,GO,11/2022,505,412,"81,58",385,27,"93,45",93,"18,42",1,92,"18,22"
520360,BRAZABRANTES,GO,09/2022,427,255,"59,72",255,0,"100,00",172,"40,28",1,171,"40,05"
520360,BRAZABRANTES,GO,11/2022,426,255,"59,86",255,0,"100,00",171,"40,14",6,165,"38,73"
520360,BRAZABRANTES,GO,07/2022,383,221,"57,70",220,1,"99,55",162,"42,30",2,160,"41,78"
520380,BRITÂNIA,GO,07/2022,537,385,"71,69",385,0,"100,00",152,"28,31",1,151,"28,12"
520380,BRITÂNIA,GO,09/2022,554,402,"72,56",402,0,"100,00",152,"27,44",3,149,"26,90"
520380,BRITÂNIA,GO,11/2022,546,397,"72,71",397,0,"100,00",149,"27,29",1,148,"27,11"
520390,BURITI ALEGRE,GO,09/2022,601,243,"40,43",160,83,"65,84",358,"59,57",81,277,"46,09"
520390,BURITI ALEGRE,GO,11/2022,571,418,"73,20",301,117,"72,01",153,"26,80",100,53,"9,28"
520390,BURITI ALEGRE,GO,07/2022,575,123,"21,39",123,0,"100,00",452,"78,61",165,287,"49,91"
520393,BURITI DE GOIÁS,GO,07/2022,228,215,"94,30",197,18,"91,63",13,"5,70",2,11,"4,82"
520393,BURITI DE GOIÁS,GO,09/2022,244,233,"95,49",204,29,"87,55",11,"4,51",1,10,"4,10"
520393,BURITI DE GOIÁS,GO,11/2022,237,230,"97,05",195,35,"84,78",7,"2,95",2,5,"2,11"
520396,BURITINÓPOLIS,GO,09/2022,516,404,"78,29",390,14,"96,53",112,"21,71",3,109,"21,12"
520396,BURITINÓPOLIS,GO,11/2022,507,396,"78,11",396,0,"100,00",111,"21,89",2,109,"21,50"
520396,BURITINÓPOLIS,GO,07/2022,502,398,"79,28",396,2,"99,50",104,"20,72",2,102,"20,32"
520400,CABECEIRAS,GO,07/2022,1124,542,"48,22",542,0,"100,00",582,"51,78",287,295,"26,25"
520400,CABECEIRAS,GO,11/2022,1102,897,"81,40",894,3,"99,67",205,"18,60",7,198,"17,97"
520400,CABECEIRAS,GO,09/2022,1112,806,"72,48",803,3,"99,63",306,"27,52",9,297,"26,71"
520410,CACHOEIRA ALTA,GO,11/2022,1113,686,"61,64",686,0,"100,00",427,"38,36",8,419,"37,65"
520410,CACHOEIRA ALTA,GO,09/2022,1092,669,"61,26",669,0,"100,00",423,"38,74",5,418,"38,28"
520410,CACHOEIRA ALTA,GO,07/2022,951,623,"65,51",623,0,"100,00",328,"34,49",10,318,"33,44"
520420,CACHOEIRA DE GOIÁS,GO,07/2022,166,11,"6,63",9,2,"81,82",155,"93,37",112,43,"25,90"
520420,CACHOEIRA DE GOIÁS,GO,09/2022,167,58,"34,73",53,5,"91,38",109,"65,27",58,51,"30,54"
520420,CACHOEIRA DE GOIÁS,GO,11/2022,173,50,"28,90",50,0,"100,00",123,"71,10",71,52,"30,06"
520425,CACHOEIRA DOURADA,GO,09/2022,630,426,"67,62",348,78,"81,69",204,"32,38",47,157,"24,92"
520425,CACHOEIRA DOURADA,GO,11/2022,622,546,"87,78",507,39,"92,86",76,"12,22",6,70,"11,25"
520425,CACHOEIRA DOURADA,GO,07/2022,625,439,"70,24",384,55,"87,47",186,"29,76",75,111,"17,76"
520430,CAÇU,GO,07/2022,637,565,"88,70",553,12,"97,88",72,"11,30",9,63,"9,89"
520430,CAÇU,GO,11/2022,687,626,"91,12",601,25,"96,01",61,"8,88",5,56,"8,15"
520430,CAÇU,GO,09/2022,661,589,"89,11",529,60,"89,81",72,"10,89",1,71,"10,74"
520440,CAIAPÔNIA,GO,11/2022,944,797,"84,43",759,38,"95,23",147,"15,57",1,146,"15,47"
520440,CAIAPÔNIA,GO,09/2022,981,775,"79,00",733,42,"94,58",206,"21,00",17,189,"19,27"
520440,CAIAPÔNIA,GO,07/2022,1010,610,"60,40",609,1,"99,84",400,"39,60",13,387,"38,32"
520450,CALDAS NOVAS,GO,07/2022,6262,5757,"91,94",4779,978,"83,01",505,"8,06",51,454,"7,25"
520450,CALDAS NOVAS,GO,11/2022,6701,6596,"98,43",5694,902,"86,33",105,"1,57",18,87,"1,30"
520450,CALDAS NOVAS,GO,09/2022,6766,6184,"91,40",5359,825,"86,66",582,"8,60",39,543,"8,03"
520455,CALDAZINHA,GO,09/2022,445,216,"48,54",183,33,"84,72",229,"51,46",56,173,"38,88"
520455,CALDAZINHA,GO,11/2022,447,219,"48,99",180,39,"82,19",228,"51,01",46,182,"40,72"
520455,CALDAZINHA,GO,07/2022,450,320,"71,11",320,0,"100,00",130,"28,89",2,128,"28,44"
520460,CAMPESTRE DE GOIÁS,GO,07/2022,559,339,"60,64",332,7,"97,94",220,"39,36",3,217,"38,82"
520460,CAMPESTRE DE GOIÁS,GO,09/2022,594,314,"52,86",301,13,"95,86",280,"47,14",52,228,"38,38"
520460,CAMPESTRE DE GOIÁS,GO,11/2022,592,439,"74,16",424,15,"96,58",153,"25,84",49,104,"17,57"
520465,CAMPINAÇU,GO,09/2022,560,400,"71,43",399,1,"99,75",160,"28,57",29,131,"23,39"
520465,CAMPINAÇU,GO,11/2022,551,474,"86,03",461,13,"97,26",77,"13,97",18,59,"10,71"
520465,CAMPINAÇU,GO,07/2022,553,421,"76,13",405,16,"96,20",132,"23,87",19,113,"20,43"
520470,CAMPINORTE,GO,07/2022,1412,1185,"83,92",1171,14,"98,82",227,"16,08",33,194,"13,74"
520470,CAMPINORTE,GO,09/2022,1588,1334,"84,01",1334,0,"100,00",254,"15,99",21,233,"14,67"
520470,CAMPINORTE,GO,11/2022,1563,1326,"84,84",1326,0,"100,00",237,"15,16",12,225,"14,40"
520480,CAMPO ALEGRE DE GOIÁS,GO,09/2022,627,325,"51,83",319,6,"98,15",302,"48,17",5,297,"47,37"
520480,CAMPO ALEGRE DE GOIÁS,GO,11/2022,663,369,"55,66",369,0,"100,00",294,"44,34",3,291,"43,89"
520480,CAMPO ALEGRE DE GOIÁS,GO,07/2022,565,309,"54,69",309,0,"100,00",256,"45,31",16,240,"42,48"
520485,CAMPO LIMPO DE GOIÁS,GO,07/2022,1201,929,"77,35",929,0,"100,00",272,"22,65",5,267,"22,23"
520485,CAMPO LIMPO DE GOIÁS,GO,11/2022,1223,954,"78,00",954,0,"100,00",269,"22,00",3,266,"21,75"
520485,CAMPO LIMPO DE GOIÁS,GO,09/2022,1225,951,"77,63",951,0,"100,00",274,"22,37",3,271,"22,12"
520490,CAMPOS BELOS,GO,09/2022,3110,1380,"44,37",1213,167,"87,90",1730,"55,63",417,1313,"42,22"
520490,CAMPOS BELOS,GO,11/2022,3040,1997,"65,69",1884,113,"94,34",1043,"34,31",228,815,"26,81"
520490,CAMPOS BELOS,GO,07/2022,3168,2344,"73,99",2313,31,"98,68",824,"26,01",111,713,"22,51"
520495,CAMPOS VERDES,GO,07/2022,882,624,"70,75",624,0,"100,00",258,"29,25",75,183,"20,75"
520495,CAMPOS VERDES,GO,09/2022,896,634,"70,76",634,0,"100,00",262,"29,24",70,192,"21,43"
520495,CAMPOS VERDES,GO,11/2022,873,619,"70,90",619,0,"100,00",254,"29,10",66,188,"21,53"
520500,CARMO DO RIO VERDE,GO,09/2022,813,592,"72,82",589,3,"99,49",221,"27,18",6,215,"26,45"
520500,CARMO DO RIO VERDE,GO,11/2022,785,651,"82,93",618,33,"94,93",134,"17,07",5,129,"16,43"
520500,CARMO DO RIO VERDE,GO,07/2022,803,585,"72,85",584,1,"99,83",218,"27,15",1,217,"27,02"
520505,CASTELÂNDIA,GO,07/2022,443,284,"64,11",258,26,"90,85",159,"35,89",4,155,"34,99"
520505,CASTELÂNDIA,GO,11/2022,489,313,"64,01",274,39,"87,54",176,"35,99",3,173,"35,38"
520505,CASTELÂNDIA,GO,09/2022,469,290,"61,83",286,4,"98,62",179,"38,17",4,175,"37,31"
520510,CATALÃO,GO,09/2022,5400,4378,"81,07",4131,247,"94,36",1022,"18,93",36,986,"18,26"
520510,CATALÃO,GO,11/2022,5628,4544,"80,74",4430,114,"97,49",1084,"19,26",10,1074,"19,08"
520510,CATALÃO,GO,07/2022,4818,3281,"68,10",3251,30,"99,09",1537,"31,90",20,1517,"31,49"
520520,CATURAÍ,GO,07/2022,613,496,"80,91",194,302,"39,11",117,"19,09",3,114,"18,60"
520520,CATURAÍ,GO,09/2022,617,515,"83,47",464,51,"90,10",102,"16,53",3,99,"16,05"
520520,CATURAÍ,GO,11/2022,595,491,"82,52",462,29,"94,09",104,"17,48",4,100,"16,81"
520530,CAVALCANTE,GO,11/2022,1760,1145,"65,06",1145,0,"100,00",615,"34,94",137,478,"27,16"
520530,CAVALCANTE,GO,09/2022,1748,1185,"67,79",1184,1,"99,92",563,"32,21",88,475,"27,17"
520530,CAVALCANTE,GO,07/2022,1735,764,"44,03",764,0,"100,00",971,"55,97",494,477,"27,49"
520540,CERES,GO,07/2022,1182,906,"76,65",877,29,"96,80",276,"23,35",6,270,"22,84"
520540,CERES,GO,11/2022,1222,968,"79,21",950,18,"98,14",254,"20,79",8,246,"20,13"
520540,CERES,GO,09/2022,1207,891,"73,82",859,32,"96,41",316,"26,18",11,305,"25,27"
520545,CEZARINA,GO,11/2022,729,607,"83,26",534,73,"87,97",122,"16,74",0,122,"16,74"
520545,CEZARINA,GO,09/2022,731,308,"42,13",308,0,"100,00",423,"57,87",302,121,"16,55"
520545,CEZARINA,GO,07/2022,721,614,"85,16",592,22,"96,42",107,"14,84",7,100,"13,87"
520547,CHAPADÃO DO CÉU,GO,07/2022,759,396,"52,17",396,0,"100,00",363,"47,83",9,354,"46,64"
520547,CHAPADÃO DO CÉU,GO,11/2022,903,735,"81,40",712,23,"96,87",168,"18,60",4,164,"18,16"
520547,CHAPADÃO DO CÉU,GO,09/2022,900,599,"66,56",584,15,"97,50",301,"33,44",14,287,"31,89"
520549,CIDADE OCIDENTAL,GO,09/2022,11283,9591,"85,00",9016,575,"94,00",1692,"15,00",448,1244,"11,03"
520549,CIDADE OCIDENTAL,GO,11/2022,11432,9689,"84,75",9084,605,"93,76",1743,"15,25",329,1414,"12,37"
520549,CIDADE OCIDENTAL,GO,07/2022,10374,8292,"79,93",8083,209,"97,48",2082,"20,07",419,1663,"16,03"
520551,COCALZINHO DE GOIÁS,GO,07/2022,3594,2872,"79,91",2872,0,"100,00",722,"20,09",14,708,"19,70"
520551,COCALZINHO DE GOIÁS,GO,09/2022,3758,3245,"86,35",3083,162,"95,01",513,"13,65",19,494,"13,15"
520551,COCALZINHO DE GOIÁS,GO,11/2022,3627,3324,"91,65",3221,103,"96,90",303,"8,35",5,298,"8,22"
520552,COLINAS DO SUL,GO,09/2022,708,371,"52,40",368,3,"99,19",337,"47,60",101,236,"33,33"
520552,COLINAS DO SUL,GO,11/2022,709,395,"55,71",384,11,"97,22",314,"44,29",23,291,"41,04"
520552,COLINAS DO SUL,GO,07/2022,709,288,"40,62",268,20,"93,06",421,"59,38",207,214,"30,18"
520570,CÓRREGO DO OURO,GO,07/2022,190,150,"78,95",150,0,"100,00",40,"21,05",0,40,"21,05"
520570,CÓRREGO DO OURO,GO,09/2022,203,159,"78,33",159,0,"100,00",44,"21,67",0,44,"21,67"
520570,CÓRREGO DO OURO,GO,11/2022,207,162,"78,26",162,0,"100,00",45,"21,74",0,45,"21,74"
520580,CORUMBÁ DE GOIÁS,GO,11/2022,1144,975,"85,23",891,84,"91,38",169,"14,77",5,164,"14,34"
520580,CORUMBÁ DE GOIÁS,GO,09/2022,1181,882,"74,68",853,29,"96,71",299,"25,32",23,276,"23,37"
520580,CORUMBÁ DE GOIÁS,GO,07/2022,1136,814,"71,65",796,18,"97,79",322,"28,35",7,315,"27,73"
520590,CORUMBAÍBA,GO,07/2022,689,171,"24,82",168,3,"98,25",518,"75,18",212,306,"44,41"
520590,CORUMBAÍBA,GO,11/2022,692,243,"35,12",238,5,"97,94",449,"64,88",66,383,"55,35"
520590,CORUMBAÍBA,GO,09/2022,694,246,"35,45",234,12,"95,12",448,"64,55",62,386,"55,62"
520620,CRISTALINA,GO,11/2022,6559,4713,"71,86",4461,252,"94,65",1846,"28,14",230,1616,"24,64"
520620,CRISTALINA,GO,09/2022,6775,4583,"67,65",4058,525,"88,54",2192,"32,35",409,1783,"26,32"
520620,CRISTALINA,GO,07/2022,6399,4077,"63,71",3596,481,"88,20",2322,"36,29",655,1667,"26,05"
520630,CRISTIANÓPOLIS,GO,07/2022,342,319,"93,27",303,16,"94,98",23,"6,73",6,17,"4,97"
520630,CRISTIANÓPOLIS,GO,11/2022,411,384,"93,43",351,33,"91,41",27,"6,57",3,24,"5,84"
520630,CRISTIANÓPOLIS,GO,09/2022,396,358,"90,40",340,18,"94,97",38,"9,60",5,33,"8,33"
520640,CRIXÁS,GO,09/2022,1213,735,"60,59",735,0,"100,00",478,"39,41",35,443,"36,52"
520640,CRIXÁS,GO,11/2022,1130,885,"78,32",885,0,"100,00",245,"21,68",12,233,"20,62"
520640,CRIXÁS,GO,07/2022,1186,500,"42,16",499,1,"99,80",686,"57,84",273,413,"34,82"
520650,CROMÍNIA,GO,07/2022,491,345,"70,26",316,29,"91,59",146,"29,74",17,129,"26,27"
520650,CROMÍNIA,GO,11/2022,478,366,"76,57",360,6,"98,36",112,"23,43",15,97,"20,29"
520650,CROMÍNIA,GO,09/2022,495,369,"74,55",347,22,"94,04",126,"25,45",12,114,"23,03"
520660,CUMARI,GO,11/2022,174,147,"84,48",128,19,"87,07",27,"15,52",4,23,"13,22"
520660,CUMARI,GO,09/2022,169,145,"85,80",124,21,"85,52",24,"14,20",5,19,"11,24"
520660,CUMARI,GO,07/2022,162,136,"83,95",121,15,"88,97",26,"16,05",8,18,"11,11"
520670,DAMIANÓPOLIS,GO,07/2022,639,351,"54,93",308,43,"87,75",288,"45,07",115,173,"27,07"
520670,DAMIANÓPOLIS,GO,11/2022,613,538,"87,77",538,0,"100,00",75,"12,23",5,70,"11,42"
520670,DAMIANÓPOLIS,GO,09/2022,664,486,"73,19",481,5,"98,97",178,"26,81",4,174,"26,20"
520680,DAMOLÂNDIA,GO,09/2022,340,231,"67,94",203,28,"87,88",109,"32,06",0,109,"32,06"
520680,DAMOLÂNDIA,GO,11/2022,330,212,"64,24",185,27,"87,26",118,"35,76",2,116,"35,15"
520680,DAMOLÂNDIA,GO,07/2022,320,224,"70,00",197,27,"87,95",96,"30,00",0,96,"30,00"
520690,DAVINÓPOLIS,GO,07/2022,166,108,"65,06",108,0,"100,00",58,"34,94",0,58,"34,94"
520690,DAVINÓPOLIS,GO,11/2022,177,121,"68,36",120,1,"99,17",56,"31,64",0,56,"31,64"
520690,DAVINÓPOLIS,GO,09/2022,166,108,"65,06",107,1,"99,07",58,"34,94",2,56,"33,73"
520710,DIORAMA,GO,11/2022,148,114,"77,03",108,6,"94,74",34,"22,97",2,32,"21,62"
520710,DIORAMA,GO,09/2022,150,114,"76,00",103,11,"90,35",36,"24,00",1,35,"23,33"
520710,DIORAMA,GO,07/2022,155,116,"74,84",114,2,"98,28",39,"25,16",1,38,"24,52"
520725,DOVERLÂNDIA,GO,07/2022,709,379,"53,46",338,41,"89,18",330,"46,54",49,281,"39,63"
520725,DOVERLÂNDIA,GO,09/2022,695,513,"73,81",480,33,"93,57",182,"26,19",54,128,"18,42"
520725,DOVERLÂNDIA,GO,11/2022,650,475,"73,08",468,7,"98,53",175,"26,92",47,128,"19,69"
520735,EDEALINA,GO,09/2022,360,305,"84,72",280,25,"91,80",55,"15,28",9,46,"12,78"
520735,EDEALINA,GO,11/2022,337,292,"86,65",267,25,"91,44",45,"13,35",2,43,"12,76"
520735,EDEALINA,GO,07/2022,348,277,"79,60",275,2,"99,28",71,"20,40",7,64,"18,39"
520740,EDÉIA,GO,07/2022,1273,834,"65,51",834,0,"100,00",439,"34,49",0,439,"34,49"
520740,EDÉIA,GO,09/2022,1326,952,"71,79",896,56,"94,12",374,"28,21",6,368,"27,75"
520740,EDÉIA,GO,11/2022,1315,1041,"79,16",923,118,"88,66",274,"20,84",4,270,"20,53"
520750,ESTRELA DO NORTE,GO,09/2022,369,284,"76,96",283,1,"99,65",85,"23,04",25,60,"16,26"
520750,ESTRELA DO NORTE,GO,11/2022,372,296,"79,57",294,2,"99,32",76,"20,43",10,66,"17,74"
520750,ESTRELA DO NORTE,GO,07/2022,340,260,"76,47",260,0,"100,00",80,"23,53",24,56,"16,47"
520753,FAINA,GO,07/2022,683,464,"67,94",425,39,"91,59",219,"32,06",9,210,"30,75"
520753,FAINA,GO,09/2022,674,412,"61,13",407,5,"98,79",262,"38,87",14,248,"36,80"
520753,FAINA,GO,11/2022,627,430,"68,58",424,6,"98,60",197,"31,42",6,191,"30,46"
520760,FAZENDA NOVA,GO,11/2022,824,519,"62,99",518,1,"99,81",305,"37,01",40,265,"32,16"
520760,FAZENDA NOVA,GO,09/2022,840,517,"61,55",517,0,"100,00",323,"38,45",46,277,"32,98"
520760,FAZENDA NOVA,GO,07/2022,787,482,"61,25",482,0,"100,00",305,"38,75",43,262,"33,29"
520780,FIRMINÓPOLIS,GO,07/2022,746,513,"68,77",495,18,"96,49",233,"31,23",3,230,"30,83"
520780,FIRMINÓPOLIS,GO,11/2022,723,585,"80,91",550,35,"94,02",138,"19,09",0,138,"19,09"
520780,FIRMINÓPOLIS,GO,09/2022,753,572,"75,96",539,33,"94,23",181,"24,04",1,180,"23,90"
520790,FLORES DE GOIÁS,GO,11/2022,1562,870,"55,70",857,13,"98,51",692,"44,30",108,584,"37,39"
520790,FLORES DE GOIÁS,GO,09/2022,1592,867,"54,46",811,56,"93,54",725,"45,54",152,573,"35,99"
520790,FLORES DE GOIÁS,GO,07/2022,1591,813,"51,10",743,70,"91,39",778,"48,90",218,560,"35,20"
520800,FORMOSA,GO,07/2022,12279,7159,"58,30",7098,61,"99,15",5120,"41,70",1083,4037,"32,88"
520800,FORMOSA,GO,09/2022,12889,7745,"60,09",7678,67,"99,13",5144,"39,91",756,4388,"34,04"
520800,FORMOSA,GO,11/2022,12912,7856,"60,84",7656,200,"97,45",5056,"39,16",266,4790,"37,10"
520810,FORMOSO,GO,09/2022,631,500,"79,24",459,41,"91,80",131,"20,76",5,126,"19,97"
520810,FORMOSO,GO,11/2022,583,454,"77,87",450,4,"99,12",129,"22,13",6,123,"21,10"
520810,FORMOSO,GO,07/2022,636,489,"76,89",449,40,"91,82",147,"23,11",4,143,"22,48"
520815,GAMELEIRA DE GOIÁS,GO,07/2022,341,286,"83,87",274,12,"95,80",55,"16,13",1,54,"15,84"
520815,GAMELEIRA DE GOIÁS,GO,11/2022,327,275,"84,10",250,25,"90,91",52,"15,90",5,47,"14,37"
520815,GAMELEIRA DE GOIÁS,GO,09/2022,348,291,"83,62",240,51,"82,47",57,"16,38",2,55,"15,80"
520830,DIVINÓPOLIS DE GOIÁS,GO,11/2022,973,838,"86,13",810,28,"96,66",135,"13,87",14,121,"12,44"
520830,DIVINÓPOLIS DE GOIÁS,GO,09/2022,1014,793,"78,21",765,28,"96,47",221,"21,79",9,212,"20,91"
520830,DIVINÓPOLIS DE GOIÁS,GO,07/2022,1002,822,"82,04",757,65,"92,09",180,"17,96",29,151,"15,07"
520840,GOIANÁPOLIS,GO,07/2022,1866,1087,"58,25",1064,23,"97,88",779,"41,75",31,748,"40,09"
520840,GOIANÁPOLIS,GO,09/2022,1879,1237,"65,83",1177,60,"95,15",642,"34,17",17,625,"33,26"
520840,GOIANÁPOLIS,GO,11/2022,1874,1241,"66,22",1187,54,"95,65",633,"33,78",26,607,"32,39"
520850,GOIANDIRA,GO,11/2022,391,325,"83,12",253,72,"77,85",66,"16,88",1,65,"16,62"
520850,GOIANDIRA,GO,09/2022,403,352,"87,34",221,131,"62,78",51,"12,66",4,47,"11,66"
520850,GOIANDIRA,GO,07/2022,386,305,"79,02",278,27,"91,15",81,"20,98",4,77,"19,95"
520860,GOIANÉSIA,GO,07/2022,4822,3130,"64,91",2982,148,"95,27",1692,"35,09",451,1241,"25,74"
520860,GOIANÉSIA,GO,11/2022,5338,3919,"73,42",3696,223,"94,31",1419,"26,58",226,1193,"22,35"
520860,GOIANÉSIA,GO,09/2022,5416,3648,"67,36",3437,211,"94,22",1768,"32,64",201,1567,"28,93"
520870,GOIÂNIA,GO,11/2022,68012,48497,"71,31",44639,3858,"92,04",19515,"28,69",119,19396,"28,52"
520870,GOIÂNIA,GO,09/2022,66069,42601,"64,48",38161,4440,"89,58",23468,"35,52",151,23317,"35,29"
520870,GOIÂNIA,GO,07/2022,62962,35730,"56,75",34652,1078,"96,98",27232,"43,25",120,27112,"43,06"
520880,GOIANIRA,GO,07/2022,5213,3527,"67,66",3348,179,"94,92",1686,"32,34",29,1657,"31,79"
520880,GOIANIRA,GO,09/2022,6130,4110,"67,05",4076,34,"99,17",2020,"32,95",18,2002,"32,66"
520880,GOIANIRA,GO,11/2022,6182,4878,"78,91",4794,84,"98,28",1304,"21,09",60,1244,"20,12"
520890,GOIÁS,GO,09/2022,2109,1615,"76,58",1615,0,"100,00",494,"23,42",12,482,"22,85"
520890,GOIÁS,GO,11/2022,2123,1645,"77,48",1645,0,"100,00",478,"22,52",5,473,"22,28"
520890,GOIÁS,GO,07/2022,2046,1536,"75,07",1534,2,"99,87",510,"24,93",3,507,"24,78"
520910,GOIATUBA,GO,07/2022,2142,1917,"89,50",1837,80,"95,83",225,"10,50",9,216,"10,08"
520910,GOIATUBA,GO,11/2022,2085,1849,"88,68",1839,10,"99,46",236,"11,32",1,235,"11,27"
520910,GOIATUBA,GO,09/2022,2174,1939,"89,19",1852,87,"95,51",235,"10,81",1,234,"10,76"
520915,GOUVELÂNDIA,GO,11/2022,392,270,"68,88",265,5,"98,15",122,"31,12",31,91,"23,21"
520915,GOUVELÂNDIA,GO,09/2022,369,240,"65,04",232,8,"96,67",129,"34,96",50,79,"21,41"
520915,GOUVELÂNDIA,GO,07/2022,354,238,"67,23",227,11,"95,38",116,"32,77",52,64,"18,08"
520920,GUAPÓ,GO,07/2022,2308,1359,"58,88",1359,0,"100,00",949,"41,12",119,830,"35,96"
520920,GUAPÓ,GO,09/2022,2502,1232,"49,24",1226,6,"99,51",1270,"50,76",88,1182,"47,24"
520920,GUAPÓ,GO,11/2022,2620,1354,"51,68",1339,15,"98,89",1266,"48,32",15,1251,"47,75"
520929,GUARAÍTA,GO,11/2022,250,203,"81,20",182,21,"89,66",47,"18,80",0,47,"18,80"
520929,GUARAÍTA,GO,09/2022,272,209,"76,84",183,26,"87,56",63,"23,16",9,54,"19,85"
520929,GUARAÍTA,GO,07/2022,274,206,"75,18",203,3,"98,54",68,"24,82",18,50,"18,25"
520940,GUARANI DE GOIÁS,GO,07/2022,756,587,"77,65",587,0,"100,00",169,"22,35",1,168,"22,22"
520940,GUARANI DE GOIÁS,GO,09/2022,779,579,"74,33",506,73,"87,39",200,"25,67",13,187,"24,01"
520940,GUARANI DE GOIÁS,GO,11/2022,735,535,"72,79",522,13,"97,57",200,"27,21",4,196,"26,67"
520945,GUARINOS,GO,11/2022,250,186,"74,40",186,0,"100,00",64,"25,60",2,62,"24,80"
520945,GUARINOS,GO,09/2022,251,184,"73,31",184,0,"100,00",67,"26,69",3,64,"25,50"
520945,GUARINOS,GO,07/2022,251,97,"38,65",96,1,"98,97",154,"61,35",78,76,"30,28"
520960,HEITORAÍ,GO,07/2022,481,194,"40,33",194,0,"100,00",287,"59,67",144,143,"29,73"
520960,HEITORAÍ,GO,09/2022,493,253,"51,32",224,29,"88,54",240,"48,68",119,121,"24,54"
520960,HEITORAÍ,GO,11/2022,497,272,"54,73",229,43,"84,19",225,"45,27",109,116,"23,34"
520970,HIDROLÂNDIA,GO,11/2022,2042,1428,"69,93",1347,81,"94,33",614,"30,07",253,361,"17,68"
520970,HIDROLÂNDIA,GO,09/2022,1945,1302,"66,94",1207,95,"92,70",643,"33,06",163,480,"24,68"
520970,HIDROLÂNDIA,GO,07/2022,1838,1061,"57,73",1053,8,"99,25",777,"42,27",88,689,"37,49"
520980,HIDROLINA,GO,07/2022,369,270,"73,17",41,229,"15,19",99,"26,83",1,98,"26,56"
520980,HIDROLINA,GO,09/2022,375,248,"66,13",210,38,"84,68",127,"33,87",3,124,"33,07"
520980,HIDROLINA,GO,11/2022,365,240,"65,75",228,12,"95,00",125,"34,25",0,125,"34,25"
520990,IACIARA,GO,11/2022,1910,1712,"89,63",1691,21,"98,77",198,"10,37",8,190,"9,95"
520990,IACIARA,GO,09/2022,2081,1779,"85,49",1662,117,"93,42",302,"14,51",29,273,"13,12"
520990,IACIARA,GO,07/2022,2219,1884,"84,90",1722,162,"91,40",335,"15,10",39,296,"13,34"
520993,INACIOLÂNDIA,GO,07/2022,578,414,"71,63",405,9,"97,83",164,"28,37",16,148,"25,61"
520993,INACIOLÂNDIA,GO,11/2022,561,399,"71,12",336,63,"84,21",162,"28,88",3,159,"28,34"
520993,INACIOLÂNDIA,GO,09/2022,577,420,"72,79",370,50,"88,10",157,"27,21",5,152,"26,34"
520995,INDIARA,GO,11/2022,1319,1086,"82,34",1076,10,"99,08",233,"17,66",4,229,"17,36"
520995,INDIARA,GO,09/2022,1395,1139,"81,65",1132,7,"99,39",256,"18,35",14,242,"17,35"
520995,INDIARA,GO,07/2022,1362,1174,"86,20",1151,23,"98,04",188,"13,80",13,175,"12,85"
521000,INHUMAS,GO,07/2022,3829,3498,"91,36",3498,0,"100,00",331,"8,64",92,239,"6,24"
521000,INHUMAS,GO,09/2022,3921,3693,"94,19",3650,43,"98,84",228,"5,81",92,136,"3,47"
521000,INHUMAS,GO,11/2022,3979,3739,"93,97",3739,0,"100,00",240,"6,03",87,153,"3,85"
521010,IPAMERI,GO,09/2022,2335,740,"31,69",732,8,"98,92",1595,"68,31",727,868,"37,17"
521010,IPAMERI,GO,11/2022,2341,709,"30,29",697,12,"98,31",1632,"69,71",800,832,"35,54"
521010,IPAMERI,GO,07/2022,2319,612,"26,39",513,99,"83,82",1707,"73,61",970,737,"31,78"
521015,IPIRANGA DE GOIÁS,GO,07/2022,257,173,"67,32",170,3,"98,27",84,"32,68",6,78,"30,35"
521015,IPIRANGA DE GOIÁS,GO,11/2022,265,174,"65,66",158,16,"90,80",91,"34,34",11,80,"30,19"
521015,IPIRANGA DE GOIÁS,GO,09/2022,268,173,"64,55",169,4,"97,69",95,"35,45",11,84,"31,34"
521020,IPORÁ,GO,09/2022,1570,1072,"68,28",1044,28,"97,39",498,"31,72",4,494,"31,46"
521020,IPORÁ,GO,11/2022,1626,1447,"88,99",1390,57,"96,06",179,"11,01",10,169,"10,39"
521020,IPORÁ,GO,07/2022,1474,984,"66,76",961,23,"97,66",490,"33,24",54,436,"29,58"
521030,ISRAELÂNDIA,GO,07/2022,278,106,"38,13",95,11,"89,62",172,"61,87",4,168,"60,43"
521030,ISRAELÂNDIA,GO,11/2022,276,195,"70,65",195,0,"100,00",81,"29,35",2,79,"28,62"
521030,ISRAELÂNDIA,GO,09/2022,298,108,"36,24",108,0,"100,00",190,"63,76",2,188,"63,09"
521040,ITABERAÍ,GO,11/2022,4663,1956,"41,95",1886,70,"96,42",2707,"58,05",40,2667,"57,19"
521040,ITABERAÍ,GO,09/2022,4581,1785,"38,97",1753,32,"98,21",2796,"61,03",84,2712,"59,20"
521040,ITABERAÍ,GO,07/2022,4335,1638,"37,79",1625,13,"99,21",2697,"62,21",69,2628,"60,62"
521056,ITAGUARI,GO,07/2022,549,399,"72,68",399,0,"100,00",150,"27,32",2,148,"26,96"
521056,ITAGUARI,GO,11/2022,546,389,"71,25",364,25,"93,57",157,"28,75",2,155,"28,39"
521056,ITAGUARI,GO,09/2022,567,396,"69,84",395,1,"99,75",171,"30,16",5,166,"29,28"
521060,ITAGUARU,GO,09/2022,465,349,"75,05",306,43,"87,68",116,"24,95",14,102,"21,94"
521060,ITAGUARU,GO,11/2022,437,378,"86,50",362,16,"95,77",59,"13,50",12,47,"10,76"
521060,ITAGUARU,GO,07/2022,475,357,"75,16",357,0,"100,00",118,"24,84",14,104,"21,89"
521080,ITAJÁ,GO,07/2022,339,254,"74,93",249,5,"98,03",85,"25,07",4,81,"23,89"
521080,ITAJÁ,GO,11/2022,337,280,"83,09",270,10,"96,43",57,"16,91",2,55,"16,32"
521080,ITAJÁ,GO,09/2022,349,296,"84,81",262,34,"88,51",53,"15,19",1,52,"14,90"
521090,ITAPACI,GO,11/2022,1323,1171,"88,51",1171,0,"100,00",152,"11,49",3,149,"11,26"
521090,ITAPACI,GO,09/2022,1422,1202,"84,53",1158,44,"96,34",220,"15,47",16,204,"14,35"
521090,ITAPACI,GO,07/2022,1441,1366,"94,80",1319,47,"96,56",75,"5,20",5,70,"4,86"
521100,ITAPIRAPUÃ,GO,07/2022,1054,762,"72,30",762,0,"100,00",292,"27,70",49,243,"23,06"
521100,ITAPIRAPUÃ,GO,09/2022,1039,784,"75,46",751,33,"95,79",255,"24,54",38,217,"20,89"
521100,ITAPIRAPUÃ,GO,11/2022,1021,761,"74,53",757,4,"99,47",260,"25,47",28,232,"22,72"
521120,ITAPURANGA,GO,09/2022,2766,1796,"64,93",1784,12,"99,33",970,"35,07",177,793,"28,67"
521120,ITAPURANGA,GO,11/2022,2764,1885,"68,20",1811,74,"96,07",879,"31,80",51,828,"29,96"
521120,ITAPURANGA,GO,07/2022,2738,1770,"64,65",1769,1,"99,94",968,"35,35",193,775,"28,31"
521130,ITARUMÃ,GO,07/2022,358,321,"89,66",299,22,"93,15",37,"10,34",4,33,"9,22"
521130,ITARUMÃ,GO,09/2022,376,329,"87,50",295,34,"89,67",47,"12,50",3,44,"11,70"
521130,ITARUMÃ,GO,11/2022,376,323,"85,90",278,45,"86,07",53,"14,10",2,51,"13,56"
521140,ITAUÇU,GO,09/2022,669,431,"64,42",350,81,"81,21",238,"35,58",17,221,"33,03"
521140,ITAUÇU,GO,11/2022,664,214,"32,23",195,19,"91,12",450,"67,77",227,223,"33,58"
521140,ITAUÇU,GO,07/2022,644,426,"66,15",423,3,"99,30",218,"33,85",12,206,"31,99"
521150,ITUMBIARA,GO,07/2022,6502,4901,"75,38",4791,110,"97,76",1601,"24,62",17,1584,"24,36"
521150,ITUMBIARA,GO,09/2022,6886,5330,"77,40",4978,352,"93,40",1556,"22,60",12,1544,"22,42"
521150,ITUMBIARA,GO,11/2022,6948,5715,"82,25",5497,218,"96,19",1233,"17,75",10,1223,"17,60"
521160,IVOLÂNDIA,GO,11/2022,255,182,"71,37",182,0,"100,00",73,"28,63",2,71,"27,84"
521160,IVOLÂNDIA,GO,09/2022,255,182,"71,37",182,0,"100,00",73,"28,63",3,70,"27,45"
521160,IVOLÂNDIA,GO,07/2022,244,173,"70,90",173,0,"100,00",71,"29,10",4,67,"27,46"
521170,JANDAIA,GO,07/2022,534,420,"78,65",420,0,"100,00",114,"21,35",1,113,"21,16"
521170,JANDAIA,GO,11/2022,557,441,"79,17",441,0,"100,00",116,"20,83",0,116,"20,83"
521170,JANDAIA,GO,09/2022,561,318,"56,68",318,0,"100,00",243,"43,32",119,124,"22,10"
521180,JARAGUÁ,GO,11/2022,4928,4888,"99,19",4255,633,"87,05",40,"0,81",13,27,"0,55"
521180,JARAGUÁ,GO,09/2022,5208,4672,"89,71",4198,474,"89,85",536,"10,29",23,513,"9,85"
521180,JARAGUÁ,GO,07/2022,5062,4370,"86,33",4008,362,"91,72",692,"13,67",67,625,"12,35"
521190,JATAÍ,GO,07/2022,5283,4522,"85,60",4457,65,"98,56",761,"14,40",69,692,"13,10"
521190,JATAÍ,GO,11/2022,5600,4991,"89,13",4749,242,"95,15",609,"10,88",20,589,"10,52"
521190,JATAÍ,GO,09/2022,5517,4516,"81,86",4323,193,"95,73",1001,"18,14",26,975,"17,67"
521200,JAUPACI,GO,11/2022,330,234,"70,91",230,4,"98,29",96,"29,09",9,87,"26,36"
521200,JAUPACI,GO,09/2022,344,259,"75,29",257,2,"99,23",85,"24,71",13,72,"20,93"
521200,JAUPACI,GO,07/2022,332,258,"77,71",258,0,"100,00",74,"22,29",15,59,"17,77"
521205,JESÚPOLIS,GO,07/2022,373,252,"67,56",248,4,"98,41",121,"32,44",1,120,"32,17"
521205,JESÚPOLIS,GO,09/2022,382,291,"76,18",290,1,"99,66",91,"23,82",0,91,"23,82"
521205,JESÚPOLIS,GO,11/2022,376,289,"76,86",289,0,"100,00",87,"23,14",1,86,"22,87"
521210,JOVIÂNIA,GO,09/2022,242,208,"85,95",188,20,"90,38",34,"14,05",0,34,"14,05"
521210,JOVIÂNIA,GO,11/2022,240,200,"83,33",186,14,"93,00",40,"16,67",2,38,"15,83"
521210,JOVIÂNIA,GO,07/2022,245,207,"84,49",200,7,"96,62",38,"15,51",3,35,"14,29"
521220,JUSSARA,GO,07/2022,1757,1195,"68,01",1195,0,"100,00",562,"31,99",162,400,"22,77"
521220,JUSSARA,GO,09/2022,1883,1413,"75,04",1412,1,"99,93",470,"24,96",53,417,"22,15"
521220,JUSSARA,GO,11/2022,1847,1399,"75,74",1399,0,"100,00",448,"24,26",45,403,"21,82"
521225,LAGOA SANTA,GO,09/2022,241,215,"89,21",215,0,"100,00",26,"10,79",2,24,"9,96"
521225,LAGOA SANTA,GO,11/2022,259,228,"88,03",228,0,"100,00",31,"11,97",0,31,"11,97"
521225,LAGOA SANTA,GO,07/2022,208,0,"0,00",0,0,,208,"100,00",188,20,"9,62"
521230,LEOPOLDO DE BULHÕES,GO,07/2022,1044,442,"42,34",427,15,"96,61",602,"57,66",16,586,"56,13"
521230,LEOPOLDO DE BULHÕES,GO,11/2022,959,428,"44,63",387,41,"90,42",531,"55,37",8,523,"54,54"
521230,LEOPOLDO DE BULHÕES,GO,09/2022,992,253,"25,50",238,15,"94,07",739,"74,50",255,484,"48,79"
521250,LUZIÂNIA,GO,11/2022,28024,15700,"56,02",15148,552,"96,48",12324,"43,98",846,11478,"40,96"
521250,LUZIÂNIA,GO,09/2022,27917,15395,"55,15",14850,545,"96,46",12522,"44,85",504,12018,"43,05"
521250,LUZIÂNIA,GO,07/2022,25590,11933,"46,63",11615,318,"97,34",13657,"53,37",1650,12007,"46,92"
521260,MAIRIPOTABA,GO,07/2022,293,174,"59,39",174,0,"100,00",119,"40,61",66,53,"18,09"
521260,MAIRIPOTABA,GO,11/2022,325,256,"78,77",256,0,"100,00",69,"21,23",38,31,"9,54"
521260,MAIRIPOTABA,GO,09/2022,312,217,"69,55",216,1,"99,54",95,"30,45",41,54,"17,31"
521270,MAMBAÍ,GO,11/2022,1400,1213,"86,64",1163,50,"95,88",187,"13,36",4,183,"13,07"
521270,MAMBAÍ,GO,09/2022,1469,1163,"79,17",1138,25,"97,85",306,"20,83",6,300,"20,42"
521270,MAMBAÍ,GO,07/2022,1429,1218,"85,23",1113,105,"91,38",211,"14,77",13,198,"13,86"
521280,MARA ROSA,GO,07/2022,1096,941,"85,86",846,95,"89,90",155,"14,14",4,151,"13,78"
521280,MARA ROSA,GO,11/2022,1006,908,"90,26",866,42,"95,37",98,"9,74",3,95,"9,44"
521280,MARA ROSA,GO,09/2022,1106,950,"85,90",866,84,"91,16",156,"14,10",11,145,"13,11"
521290,MARZAGÃO,GO,11/2022,306,235,"76,80",233,2,"99,15",71,"23,20",2,69,"22,55"
521290,MARZAGÃO,GO,09/2022,314,238,"75,80",231,7,"97,06",76,"24,20",2,74,"23,57"
521290,MARZAGÃO,GO,07/2022,286,215,"75,17",215,0,"100,00",71,"24,83",2,69,"24,13"
521295,MATRINCHÃ,GO,07/2022,616,434,"70,45",367,67,"84,56",182,"29,55",67,115,"18,67"
521295,MATRINCHÃ,GO,09/2022,631,363,"57,53",284,79,"78,24",268,"42,47",147,121,"19,18"
521295,MATRINCHÃ,GO,11/2022,596,413,"69,30",367,46,"88,86",183,"30,70",37,146,"24,50"
521300,MAURILÂNDIA,GO,11/2022,1375,960,"69,82",960,0,"100,00",415,"30,18",4,411,"29,89"
521300,MAURILÂNDIA,GO,09/2022,1402,946,"67,48",946,0,"100,00",456,"32,52",7,449,"32,03"
521300,MAURILÂNDIA,GO,07/2022,1381,904,"65,46",903,1,"99,89",477,"34,54",19,458,"33,16"
521305,MIMOSO DE GOIÁS,GO,07/2022,352,219,"62,22",198,21,"90,41",133,"37,78",15,118,"33,52"
521305,MIMOSO DE GOIÁS,GO,09/2022,348,195,"56,03",191,4,"97,95",153,"43,97",15,138,"39,66"
521305,MIMOSO DE GOIÁS,GO,11/2022,293,214,"73,04",210,4,"98,13",79,"26,96",7,72,"24,57"
521308,MINAÇU,GO,09/2022,2633,1995,"75,77",1984,11,"99,45",638,"24,23",23,615,"23,36"
521308,MINAÇU,GO,11/2022,2651,2030,"76,57",2020,10,"99,51",621,"23,43",19,602,"22,71"
521308,MINAÇU,GO,07/2022,2610,2029,"77,74",2029,0,"100,00",581,"22,26",26,555,"21,26"
521310,MINEIROS,GO,07/2022,5046,1868,"37,02",1865,3,"99,84",3178,"62,98",292,2886,"57,19"
521310,MINEIROS,GO,11/2022,5567,2353,"42,27",2311,42,"98,22",3214,"57,73",238,2976,"53,46"
521310,MINEIROS,GO,09/2022,5535,2147,"38,79",2100,47,"97,81",3388,"61,21",361,3027,"54,69"
521340,MOIPORÁ,GO,11/2022,166,103,"62,05",102,1,"99,03",63,"37,95",1,62,"37,35"
521340,MOIPORÁ,GO,09/2022,173,104,"60,12",103,1,"99,04",69,"39,88",1,68,"39,31"
521340,MOIPORÁ,GO,07/2022,166,99,"59,64",98,1,"98,99",67,"40,36",2,65,"39,16"
521350,MONTE ALEGRE DE GOIÁS,GO,07/2022,1341,700,"52,20",680,20,"97,14",641,"47,80",12,629,"46,91"
521350,MONTE ALEGRE DE GOIÁS,GO,11/2022,1330,890,"66,92",838,52,"94,16",440,"33,08",22,418,"31,43"
521350,MONTE ALEGRE DE GOIÁS,GO,09/2022,1343,683,"50,86",600,83,"87,85",660,"49,14",8,652,"48,55"
521370,MONTES CLAROS DE GOIÁS,GO,09/2022,550,380,"69,09",338,42,"88,95",170,"30,91",3,167,"30,36"
521370,MONTES CLAROS DE GOIÁS,GO,11/2022,525,382,"72,76",355,27,"92,93",143,"27,24",2,141,"26,86"
521370,MONTES CLAROS DE GOIÁS,GO,07/2022,527,338,"64,14",327,11,"96,75",189,"35,86",11,178,"33,78"
521375,MONTIVIDIU,GO,07/2022,709,254,"35,83",242,12,"95,28",455,"64,17",195,260,"36,67"
521375,MONTIVIDIU,GO,11/2022,768,494,"64,32",494,0,"100,00",274,"35,68",17,257,"33,46"
521375,MONTIVIDIU,GO,09/2022,716,278,"38,83",278,0,"100,00",438,"61,17",173,265,"37,01"
521377,MONTIVIDIU DO NORTE,GO,09/2022,755,413,"54,70",381,32,"92,25",342,"45,30",3,339,"44,90"
521377,MONTIVIDIU DO NORTE,GO,11/2022,746,413,"55,36",393,20,"95,16",333,"44,64",0,333,"44,64"
521377,MONTIVIDIU DO NORTE,GO,07/2022,773,453,"58,60",440,13,"97,13",320,"41,40",1,319,"41,27"
521380,MORRINHOS,GO,07/2022,2513,2013,"80,10",1903,110,"94,54",500,"19,90",12,488,"19,42"
521380,MORRINHOS,GO,09/2022,2516,2032,"80,76",1803,229,"88,73",484,"19,24",6,478,"19,00"
521380,MORRINHOS,GO,11/2022,2418,2020,"83,54",1834,186,"90,79",398,"16,46",7,391,"16,17"
521385,MORRO AGUDO DE GOIÁS,GO,11/2022,333,275,"82,58",235,40,"85,45",58,"17,42",2,56,"16,82"
521385,MORRO AGUDO DE GOIÁS,GO,09/2022,346,269,"77,75",213,56,"79,18",77,"22,25",23,54,"15,61"
521385,MORRO AGUDO DE GOIÁS,GO,07/2022,346,249,"71,97",219,30,"87,95",97,"28,03",9,88,"25,43"
521390,MOSSÂMEDES,GO,07/2022,329,292,"88,75",261,31,"89,38",37,"11,25",1,36,"10,94"
521390,MOSSÂMEDES,GO,11/2022,299,286,"95,65",244,42,"85,31",13,"4,35",0,13,"4,35"
521390,MOSSÂMEDES,GO,09/2022,333,312,"93,69",255,57,"81,73",21,"6,31",5,16,"4,80"
521400,MOZARLÂNDIA,GO,09/2022,1816,1522,"83,81",1506,16,"98,95",294,"16,19",40,254,"13,99"
521400,MOZARLÂNDIA,GO,11/2022,1666,1642,"98,56",1505,137,"91,66",24,"1,44",12,12,"0,72"
521400,MOZARLÂNDIA,GO,07/2022,1731,1399,"80,82",1292,107,"92,35",332,"19,18",102,230,"13,29"
521405,MUNDO NOVO,GO,07/2022,664,537,"80,87",472,65,"87,90",127,"19,13",15,112,"16,87"
521405,MUNDO NOVO,GO,11/2022,622,531,"85,37",499,32,"93,97",91,"14,63",0,91,"14,63"
521405,MUNDO NOVO,GO,09/2022,644,493,"76,55",473,20,"95,94",151,"23,45",13,138,"21,43"
521410,MUTUNÓPOLIS,GO,09/2022,540,406,"75,19",397,9,"97,78",134,"24,81",10,124,"22,96"
521410,MUTUNÓPOLIS,GO,11/2022,505,424,"83,96",423,1,"99,76",81,"16,04",1,80,"15,84"
521410,MUTUNÓPOLIS,GO,07/2022,561,495,"88,24",436,59,"88,08",66,"11,76",6,60,"10,70"
521440,NAZÁRIO,GO,07/2022,791,416,"52,59",415,1,"99,76",375,"47,41",27,348,"43,99"
521440,NAZÁRIO,GO,09/2022,874,474,"54,23",455,19,"95,99",400,"45,77",31,369,"42,22"
521440,NAZÁRIO,GO,11/2022,884,492,"55,66",438,54,"89,02",392,"44,34",8,384,"43,44"
521450,NERÓPOLIS,GO,11/2022,2182,1977,"90,60",1821,156,"92,11",205,"9,40",1,204,"9,35"
521450,NERÓPOLIS,GO,09/2022,2252,1660,"73,71",1471,189,"88,61",592,"26,29",5,587,"26,07"
521450,NERÓPOLIS,GO,07/2022,2211,1471,"66,53",1359,112,"92,39",740,"33,47",0,740,"33,47"
521460,NIQUELÂNDIA,GO,07/2022,3442,1638,"47,59",1609,29,"98,23",1804,"52,41",21,1783,"51,80"
521460,NIQUELÂNDIA,GO,09/2022,3457,2350,"67,98",2308,42,"98,21",1107,"32,02",24,1083,"31,33"
521460,NIQUELÂNDIA,GO,11/2022,3385,2568,"75,86",2518,50,"98,05",817,"24,14",22,795,"23,49"
521470,NOVA AMÉRICA,GO,11/2022,328,278,"84,76",278,0,"100,00",50,"15,24",0,50,"15,24"
521470,NOVA AMÉRICA,GO,09/2022,308,256,"83,12",256,0,"100,00",52,"16,88",6,46,"14,94"
521470,NOVA AMÉRICA,GO,07/2022,277,214,"77,26",214,0,"100,00",63,"22,74",8,55,"19,86"
521480,NOVA AURORA,GO,07/2022,184,0,"0,00",0,0,,184,"100,00",161,23,"12,50"
521480,NOVA AURORA,GO,11/2022,220,185,"84,09",185,0,"100,00",35,"15,91",1,34,"15,45"
521480,NOVA AURORA,GO,09/2022,210,108,"51,43",108,0,"100,00",102,"48,57",72,30,"14,29"
521483,NOVA CRIXÁS,GO,09/2022,1273,844,"66,30",844,0,"100,00",429,"33,70",1,428,"33,62"
521483,NOVA CRIXÁS,GO,11/2022,1282,868,"67,71",868,0,"100,00",414,"32,29",3,411,"32,06"
521483,NOVA CRIXÁS,GO,07/2022,1250,821,"65,68",818,3,"99,63",429,"34,32",7,422,"33,76"
521486,NOVA GLÓRIA,GO,07/2022,963,797,"82,76",796,1,"99,87",166,"17,24",2,164,"17,03"
521486,NOVA GLÓRIA,GO,09/2022,942,827,"87,79",729,98,"88,15",115,"12,21",6,109,"11,57"
521486,NOVA GLÓRIA,GO,11/2022,850,749,"88,12",713,36,"95,19",101,"11,88",0,101,"11,88"
521487,NOVA IGUAÇU DE GOIÁS,GO,11/2022,290,272,"93,79",252,20,"92,65",18,"6,21",0,18,"6,21"
521487,NOVA IGUAÇU DE GOIÁS,GO,09/2022,293,253,"86,35",240,13,"94,86",40,"13,65",0,40,"13,65"
521487,NOVA IGUAÇU DE GOIÁS,GO,07/2022,276,240,"86,96",240,0,"100,00",36,"13,04",0,36,"13,04"
521490,NOVA ROMA,GO,07/2022,551,379,"68,78",379,0,"100,00",172,"31,22",74,98,"17,79"
521490,NOVA ROMA,GO,09/2022,550,448,"81,45",448,0,"100,00",102,"18,55",4,98,"17,82"
521490,NOVA ROMA,GO,11/2022,527,346,"65,65",340,6,"98,27",181,"34,35",89,92,"17,46"
521500,NOVA VENEZA,GO,11/2022,1103,521,"47,23",503,18,"96,55",582,"52,77",1,581,"52,67"
521500,NOVA VENEZA,GO,09/2022,1170,571,"48,80",571,0,"100,00",599,"51,20",2,597,"51,03"
521500,NOVA VENEZA,GO,07/2022,1089,549,"50,41",492,57,"89,62",540,"49,59",25,515,"47,29"
521520,NOVO BRASIL,GO,07/2022,340,127,"37,35",103,24,"81,10",213,"62,65",6,207,"60,88"
521520,NOVO BRASIL,GO,09/2022,378,132,"34,92",104,28,"78,79",246,"65,08",9,237,"62,70"
521520,NOVO BRASIL,GO,11/2022,366,126,"34,43",113,13,"89,68",240,"65,57",1,239,"65,30"
521523,NOVO GAMA,GO,11/2022,10384,8813,"84,87",8057,756,"91,42",1571,"15,13",562,1009,"9,72"
521523,NOVO GAMA,GO,09/2022,10597,8359,"78,88",7317,1042,"87,53",2238,"21,12",181,2057,"19,41"
521523,NOVO GAMA,GO,07/2022,10095,8016,"79,41",6187,1829,"77,18",2079,"20,59",307,1772,"17,55"
521525,NOVO PLANALTO,GO,07/2022,617,468,"75,85",453,15,"96,79",149,"24,15",11,138,"22,37"
521525,NOVO PLANALTO,GO,09/2022,631,496,"78,61",467,29,"94,15",135,"21,39",11,124,"19,65"
521525,NOVO PLANALTO,GO,11/2022,588,460,"78,23",453,7,"98,48",128,"21,77",6,122,"20,75"
521530,ORIZONA,GO,09/2022,887,711,"80,16",678,33,"95,36",176,"19,84",4,172,"19,39"
521530,ORIZONA,GO,11/2022,862,752,"87,24",727,25,"96,68",110,"12,76",5,105,"12,18"
521530,ORIZONA,GO,07/2022,874,766,"87,64",736,30,"96,08",108,"12,36",5,103,"11,78"
521540,OURO VERDE DE GOIÁS,GO,07/2022,450,321,"71,33",302,19,"94,08",129,"28,67",3,126,"28,00"
521540,OURO VERDE DE GOIÁS,GO,09/2022,443,360,"81,26",338,22,"93,89",83,"18,74",7,76,"17,16"
521540,OURO VERDE DE GOIÁS,GO,11/2022,421,349,"82,90",347,2,"99,43",72,"17,10",1,71,"16,86"
521550,OUVIDOR,GO,09/2022,533,251,"47,09",251,0,"100,00",282,"52,91",142,140,"26,27"
521550,OUVIDOR,GO,11/2022,518,384,"74,13",384,0,"100,00",134,"25,87",0,134,"25,87"
521550,OUVIDOR,GO,07/2022,514,386,"75,10",384,2,"99,48",128,"24,90",4,124,"24,12"
521560,PADRE BERNARDO,GO,07/2022,3711,1724,"46,46",1720,4,"99,77",1987,"53,54",785,1202,"32,39"
521560,PADRE BERNARDO,GO,09/2022,3777,1703,"45,09",1625,78,"95,42",2074,"54,91",836,1238,"32,78"
521560,PADRE BERNARDO,GO,11/2022,3843,1918,"49,91",1787,131,"93,17",1925,"50,09",804,1121,"29,17"
521565,PALESTINA DE GOIÁS,GO,11/2022,318,255,"80,19",246,9,"96,47",63,"19,81",2,61,"19,18"
521565,PALESTINA DE GOIÁS,GO,09/2022,355,274,"77,18",220,54,"80,29",81,"22,82",2,79,"22,25"
521565,PALESTINA DE GOIÁS,GO,07/2022,361,252,"69,81",239,13,"94,84",109,"30,19",2,107,"29,64"
521570,PALMEIRAS DE GOIÁS,GO,07/2022,1551,1264,"81,50",1264,0,"100,00",287,"18,50",7,280,"18,05"
521570,PALMEIRAS DE GOIÁS,GO,09/2022,1460,300,"20,55",300,0,"100,00",1160,"79,45",852,308,"21,10"
521570,PALMEIRAS DE GOIÁS,GO,11/2022,1795,1450,"80,78",1450,0,"100,00",345,"19,22",8,337,"18,77"
521580,PALMELO,GO,11/2022,159,133,"83,65",133,0,"100,00",26,"16,35",5,21,"13,21"
521580,PALMELO,GO,09/2022,166,105,"63,25",93,12,"88,57",61,"36,75",9,52,"31,33"
521580,PALMELO,GO,07/2022,159,105,"66,04",105,0,"100,00",54,"33,96",11,43,"27,04"
521590,PALMINÓPOLIS,GO,07/2022,352,276,"78,41",271,5,"98,19",76,"21,59",3,73,"20,74"
521590,PALMINÓPOLIS,GO,11/2022,352,310,"88,07",308,2,"99,35",42,"11,93",2,40,"11,36"
521590,PALMINÓPOLIS,GO,09/2022,370,324,"87,57",287,37,"88,58",46,"12,43",10,36,"9,73"
521600,PANAMÁ,GO,11/2022,195,185,"94,87",152,33,"82,16",10,"5,13",0,10,"5,13"
521600,PANAMÁ,GO,09/2022,191,142,"74,35",135,7,"95,07",49,"25,65",0,49,"25,65"
521600,PANAMÁ,GO,07/2022,193,143,"74,09",141,2,"98,60",50,"25,91",0,50,"25,91"
521630,PARANAIGUARA,GO,07/2022,671,391,"58,27",377,14,"96,42",280,"41,73",16,264,"39,34"
521630,PARANAIGUARA,GO,09/2022,682,356,"52,20",320,36,"89,89",326,"47,80",18,308,"45,16"
521630,PARANAIGUARA,GO,11/2022,675,371,"54,96",321,50,"86,52",304,"45,04",5,299,"44,30"
521640,PARAÚNA,GO,11/2022,815,595,"73,01",565,30,"94,96",220,"26,99",2,218,"26,75"
521640,PARAÚNA,GO,09/2022,856,462,"53,97",418,44,"90,48",394,"46,03",12,382,"44,63"
521640,PARAÚNA,GO,07/2022,857,487,"56,83",487,0,"100,00",370,"43,17",192,178,"20,77"
521645,PEROLÂNDIA,GO,07/2022,243,174,"71,60",163,11,"93,68",69,"28,40",7,62,"25,51"
521645,PEROLÂNDIA,GO,09/2022,230,191,"83,04",173,18,"90,58",39,"16,96",3,36,"15,65"
521645,PEROLÂNDIA,GO,11/2022,224,189,"84,38",188,1,"99,47",35,"15,63",0,35,"15,63"
521680,PETROLINA DE GOIÁS,GO,09/2022,758,712,"93,93",613,99,"86,10",46,"6,07",3,43,"5,67"
521680,PETROLINA DE GOIÁS,GO,11/2022,719,684,"95,13",645,39,"94,30",35,"4,87",0,35,"4,87"
521680,PETROLINA DE GOIÁS,GO,07/2022,732,683,"93,31",603,80,"88,29",49,"6,69",2,47,"6,42"
521690,PILAR DE GOIÁS,GO,07/2022,358,250,"69,83",250,0,"100,00",108,"30,17",2,106,"29,61"
521690,PILAR DE GOIÁS,GO,09/2022,365,256,"70,14",256,0,"100,00",109,"29,86",2,107,"29,32"
521690,PILAR DE GOIÁS,GO,11/2022,367,266,"72,48",266,0,"100,00",101,"27,52",3,98,"26,70"
521710,PIRACANJUBA,GO,09/2022,1437,882,"61,38",834,48,"94,56",555,"38,62",8,547,"38,07"
521710,PIRACANJUBA,GO,11/2022,1464,997,"68,10",952,45,"95,49",467,"31,90",4,463,"31,63"
521710,PIRACANJUBA,GO,07/2022,1407,938,"66,67",937,1,"99,89",469,"33,33",4,465,"33,05"
521720,PIRANHAS,GO,07/2022,985,672,"68,22",669,3,"99,55",313,"31,78",4,309,"31,37"
521720,PIRANHAS,GO,09/2022,994,595,"59,86",548,47,"92,10",399,"40,14",3,396,"39,84"
521720,PIRANHAS,GO,11/2022,1020,654,"64,12",612,42,"93,58",366,"35,88",6,360,"35,29"
521730,PIRENÓPOLIS,GO,09/2022,2182,1969,"90,24",1627,342,"82,63",213,"9,76",54,159,"7,29"
521730,PIRENÓPOLIS,GO,11/2022,2017,1728,"85,67",1696,32,"98,15",289,"14,33",7,282,"13,98"
521730,PIRENÓPOLIS,GO,07/2022,2101,1669,"79,44",1668,1,"99,94",432,"20,56",8,424,"20,18"
521740,PIRES DO RIO,GO,07/2022,2323,1661,"71,50",1618,43,"97,41",662,"28,50",310,352,"15,15"
521740,PIRES DO RIO,GO,11/2022,2526,2032,"80,44",2001,31,"98,47",494,"19,56",330,164,"6,49"
521740,PIRES DO RIO,GO,09/2022,2525,2033,"80,51",1987,46,"97,74",492,"19,49",301,191,"7,56"
521760,PLANALTINA,GO,09/2022,13259,10749,"81,07",10645,104,"99,03",2510,"18,93",38,2472,"18,64"
521760,PLANALTINA,GO,11/2022,13763,11299,"82,10",11244,55,"99,51",2464,"17,90",60,2404,"17,47"
521760,PLANALTINA,GO,07/2022,12421,9476,"76,29",9266,210,"97,78",2945,"23,71",577,2368,"19,06"
521770,PONTALINA,GO,07/2022,1445,1259,"87,13",1194,65,"94,84",186,"12,87",14,172,"11,90"
521770,PONTALINA,GO,09/2022,1454,1220,"83,91",1206,14,"98,85",234,"16,09",6,228,"15,68"
521770,PONTALINA,GO,11/2022,1372,1144,"83,38",1087,57,"95,02",228,"16,62",15,213,"15,52"
521800,PORANGATU,GO,09/2022,4691,3108,"66,25",3102,6,"99,81",1583,"33,75",148,1435,"30,59"
521800,PORANGATU,GO,11/2022,4654,3380,"72,63",3380,0,"100,00",1274,"27,37",75,1199,"25,76"
521800,PORANGATU,GO,07/2022,4608,2958,"64,19",2957,1,"99,97",1650,"35,81",781,869,"18,86"
521805,PORTEIRÃO,GO,07/2022,486,359,"73,87",359,0,"100,00",127,"26,13",6,121,"24,90"
521805,PORTEIRÃO,GO,11/2022,569,505,"88,75",505,0,"100,00",64,"11,25",4,60,"10,54"
521805,PORTEIRÃO,GO,09/2022,568,433,"76,23",433,0,"100,00",135,"23,77",5,130,"22,89"
521810,PORTELÂNDIA,GO,09/2022,418,194,"46,41",194,0,"100,00",224,"53,59",37,187,"44,74"
521810,PORTELÂNDIA,GO,11/2022,421,228,"54,16",228,0,"100,00",193,"45,84",10,183,"43,47"
521810,PORTELÂNDIA,GO,07/2022,394,140,"35,53",140,0,"100,00",254,"64,47",78,176,"44,67"
521830,POSSE,GO,07/2022,4894,4341,"88,70",4278,63,"98,55",553,"11,30",251,302,"6,17"
521830,POSSE,GO,11/2022,4847,4700,"96,97",4585,115,"97,55",147,"3,03",2,145,"2,99"
521830,POSSE,GO,09/2022,4940,4618,"93,48",4592,26,"99,44",322,"6,52",11,311,"6,30"
521839,PROFESSOR JAMIL,GO,11/2022,328,281,"85,67",230,51,"81,85",47,"14,33",7,40,"12,20"
521839,PROFESSOR JAMIL,GO,09/2022,344,220,"63,95",189,31,"85,91",124,"36,05",3,121,"35,17"
521839,PROFESSOR JAMIL,GO,07/2022,328,177,"53,96",169,8,"95,48",151,"46,04",4,147,"44,82"
521850,QUIRINÓPOLIS,GO,07/2022,2543,1581,"62,17",1579,2,"99,87",962,"37,83",35,927,"36,45"
521850,QUIRINÓPOLIS,GO,09/2022,2615,1806,"69,06",1806,0,"100,00",809,"30,94",29,780,"29,83"
521850,QUIRINÓPOLIS,GO,11/2022,2607,1823,"69,93",1821,2,"99,89",784,"30,07",18,766,"29,38"
521860,RIALMA,GO,11/2022,679,425,"62,59",409,16,"96,24",254,"37,41",0,254,"37,41"
521860,RIALMA,GO,09/2022,682,434,"63,64",380,54,"87,56",248,"36,36",1,247,"36,22"
521860,RIALMA,GO,07/2022,682,442,"64,81",433,9,"97,96",240,"35,19",1,239,"35,04"
521870,RIANÁPOLIS,GO,07/2022,303,233,"76,90",220,13,"94,42",70,"23,10",0,70,"23,10"
521870,RIANÁPOLIS,GO,09/2022,318,243,"76,42",234,9,"96,30",75,"23,58",3,72,"22,64"
521870,RIANÁPOLIS,GO,11/2022,321,285,"88,79",285,0,"100,00",36,"11,21",0,36,"11,21"
521878,RIO QUENTE,GO,11/2022,409,234,"57,21",231,3,"98,72",175,"42,79",3,172,"42,05"
521878,RIO QUENTE,GO,09/2022,430,222,"51,63",200,22,"90,09",208,"48,37",5,203,"47,21"
521878,RIO QUENTE,GO,07/2022,365,178,"48,77",177,1,"99,44",187,"51,23",11,176,"48,22"
521880,RIO VERDE,GO,07/2022,12784,6627,"51,84",6539,88,"98,67",6157,"48,16",24,6133,"47,97"
521880,RIO VERDE,GO,11/2022,13239,10436,"78,83",9909,527,"94,95",2803,"21,17",24,2779,"20,99"
521880,RIO VERDE,GO,09/2022,13279,8142,"61,31",7224,918,"88,73",5137,"38,69",24,5113,"38,50"
521890,RUBIATABA,GO,11/2022,1399,1098,"78,48",1096,2,"99,82",301,"21,52",22,279,"19,94"
521890,RUBIATABA,GO,09/2022,1470,904,"61,50",880,24,"97,35",566,"38,50",45,521,"35,44"
521890,RUBIATABA,GO,07/2022,1470,962,"65,44",951,11,"98,86",508,"34,56",104,404,"27,48"
521900,SANCLERLÂNDIA,GO,07/2022,416,314,"75,48",287,27,"91,40",102,"24,52",4,98,"23,56"
521900,SANCLERLÂNDIA,GO,11/2022,368,330,"89,67",325,5,"98,48",38,"10,33",0,38,"10,33"
521900,SANCLERLÂNDIA,GO,09/2022,393,339,"86,26",327,12,"96,46",54,"13,74",1,53,"13,49"
521910,SANTA BÁRBARA DE GOIÁS,GO,11/2022,592,530,"89,53",520,10,"98,11",62,"10,47",8,54,"9,12"
521910,SANTA BÁRBARA DE GOIÁS,GO,09/2022,616,579,"93,99",509,70,"87,91",37,"6,01",12,25,"4,06"
521910,SANTA BÁRBARA DE GOIÁS,GO,07/2022,564,505,"89,54",497,8,"98,42",59,"10,46",10,49,"8,69"
521920,SANTA CRUZ DE GOIÁS,GO,07/2022,293,165,"56,31",161,4,"97,58",128,"43,69",57,71,"24,23"
521920,SANTA CRUZ DE GOIÁS,GO,09/2022,311,177,"56,91",159,18,"89,83",134,"43,09",35,99,"31,83"
521920,SANTA CRUZ DE GOIÁS,GO,11/2022,297,172,"57,91",172,0,"100,00",125,"42,09",29,96,"32,32"
521925,SANTA FÉ DE GOIÁS,GO,11/2022,410,376,"91,71",376,0,"100,00",34,"8,29",3,31,"7,56"
521925,SANTA FÉ DE GOIÁS,GO,09/2022,410,344,"83,90",341,3,"99,13",66,"16,10",33,33,"8,05"
521925,SANTA FÉ DE GOIÁS,GO,07/2022,388,298,"76,80",297,1,"99,66",90,"23,20",7,83,"21,39"
521930,SANTA HELENA DE GOIÁS,GO,07/2022,3126,1677,"53,65",1674,3,"99,82",1449,"46,35",331,1118,"35,76"
521930,SANTA HELENA DE GOIÁS,GO,09/2022,3246,2022,"62,29",1952,70,"96,54",1224,"37,71",70,1154,"35,55"
521930,SANTA HELENA DE GOIÁS,GO,11/2022,3234,2034,"62,89",1917,117,"94,25",1200,"37,11",102,1098,"33,95"
521935,SANTA ISABEL,GO,11/2022,358,246,"68,72",240,6,"97,56",112,"31,28",3,109,"30,45"
521935,SANTA ISABEL,GO,09/2022,375,234,"62,40",217,17,"92,74",141,"37,60",15,126,"33,60"
521935,SANTA ISABEL,GO,07/2022,371,251,"67,65",249,2,"99,20",120,"32,35",5,115,"31,00"
521940,SANTA RITA DO ARAGUAIA,GO,07/2022,528,450,"85,23",414,36,"92,00",78,"14,77",9,69,"13,07"
521940,SANTA RITA DO ARAGUAIA,GO,11/2022,497,414,"83,30",404,10,"97,58",83,"16,70",13,70,"14,08"
521940,SANTA RITA DO ARAGUAIA,GO,09/2022,539,460,"85,34",413,47,"89,78",79,"14,66",15,64,"11,87"
521945,SANTA RITA DO NOVO DESTINO,GO,11/2022,386,258,"66,84",258,0,"100,00",128,"33,16",4,124,"32,12"
521945,SANTA RITA DO NOVO DESTINO,GO,09/2022,354,202,"57,06",202,0,"100,00",152,"42,94",38,114,"32,20"
521945,SANTA RITA DO NOVO DESTINO,GO,07/2022,360,245,"68,06",244,1,"99,59",115,"31,94",4,111,"30,83"
521950,SANTA ROSA DE GOIÁS,GO,07/2022,303,252,"83,17",232,20,"92,06",51,"16,83",27,24,"7,92"
521950,SANTA ROSA DE GOIÁS,GO,09/2022,284,245,"86,27",217,28,"88,57",39,"13,73",3,36,"12,68"
521950,SANTA ROSA DE GOIÁS,GO,11/2022,251,233,"92,83",208,25,"89,27",18,"7,17",0,18,"7,17"
521960,SANTA TEREZA DE GOIÁS,GO,09/2022,342,275,"80,41",237,38,"86,18",67,"19,59",14,53,"15,50"
521960,SANTA TEREZA DE GOIÁS,GO,11/2022,321,259,"80,69",230,29,"88,80",62,"19,31",16,46,"14,33"
521960,SANTA TEREZA DE GOIÁS,GO,07/2022,357,247,"69,19",247,0,"100,00",110,"30,81",19,91,"25,49"
521970,SANTA TEREZINHA DE GOIÁS,GO,07/2022,1629,1343,"82,44",1290,53,"96,05",286,"17,56",106,180,"11,05"
521970,SANTA TEREZINHA DE GOIÁS,GO,09/2022,1645,1284,"78,05",1144,140,"89,10",361,"21,95",90,271,"16,47"
521970,SANTA TEREZINHA DE GOIÁS,GO,11/2022,1471,1271,"86,40",1246,25,"98,03",200,"13,60",89,111,"7,55"
521971,SANTO ANTÔNIO DA BARRA,GO,09/2022,347,244,"70,32",229,15,"93,85",103,"29,68",0,103,"29,68"
521971,SANTO ANTÔNIO DA BARRA,GO,11/2022,327,255,"77,98",253,2,"99,22",72,"22,02",0,72,"22,02"
521971,SANTO ANTÔNIO DA BARRA,GO,07/2022,356,263,"73,88",249,14,"94,68",93,"26,12",1,92,"25,84"
521973,SANTO ANTÔNIO DE GOIÁS,GO,07/2022,949,763,"80,40",763,0,"100,00",186,"19,60",4,182,"19,18"
521973,SANTO ANTÔNIO DE GOIÁS,GO,11/2022,1038,852,"82,08",851,1,"99,88",186,"17,92",0,186,"17,92"
521973,SANTO ANTÔNIO DE GOIÁS,GO,09/2022,1012,821,"81,13",821,0,"100,00",191,"18,87",0,191,"18,87"
521975,SANTO ANTÔNIO DO DESCOBERTO,GO,11/2022,10310,7411,"71,88",7257,154,"97,92",2899,"28,12",93,2806,"27,22"
521975,SANTO ANTÔNIO DO DESCOBERTO,GO,09/2022,10215,6358,"62,24",6317,41,"99,36",3857,"37,76",136,3721,"36,43"
521975,SANTO ANTÔNIO DO DESCOBERTO,GO,07/2022,10101,4996,"49,46",4995,1,"99,98",5105,"50,54",167,4938,"48,89"
521980,SÃO DOMINGOS,GO,07/2022,1698,953,"56,12",953,0,"100,00",745,"43,88",9,736,"43,35"
521980,SÃO DOMINGOS,GO,09/2022,1616,1198,"74,13",1197,1,"99,92",418,"25,87",181,237,"14,67"
521980,SÃO DOMINGOS,GO,11/2022,1561,1279,"81,93",1277,2,"99,84",282,"18,07",30,252,"16,14"
521990,SÃO FRANCISCO DE GOIÁS,GO,09/2022,869,592,"68,12",523,69,"88,34",277,"31,88",7,270,"31,07"
521990,SÃO FRANCISCO DE GOIÁS,GO,11/2022,820,725,"88,41",668,57,"92,14",95,"11,59",4,91,"11,10"
521990,SÃO FRANCISCO DE GOIÁS,GO,07/2022,798,534,"66,92",489,45,"91,57",264,"33,08",11,253,"31,70"
522000,SÃO JOÃO D´ALIANÇA,GO,07/2022,1901,996,"52,39",996,0,"100,00",905,"47,61",284,621,"32,67"
522000,SÃO JOÃO D´ALIANÇA,GO,09/2022,1994,1310,"65,70",1310,0,"100,00",684,"34,30",42,642,"32,20"
522000,SÃO JOÃO D´ALIANÇA,GO,11/2022,1994,1352,"67,80",1352,0,"100,00",642,"32,20",6,636,"31,90"
522005,SÃO JOÃO DA PARAÚNA,GO,09/2022,157,141,"89,81",137,4,"97,16",16,"10,19",0,16,"10,19"
522005,SÃO JOÃO DA PARAÚNA,GO,11/2022,150,148,"98,67",148,0,"100,00",2,"1,33",0,2,"1,33"
522005,SÃO JOÃO DA PARAÚNA,GO,07/2022,157,151,"96,18",143,8,"94,70",6,"3,82",4,2,"1,27"
522010,SÃO LUÍS DE MONTES BELOS,GO,07/2022,2037,1470,"72,16",1363,107,"92,72",567,"27,84",154,413,"20,27"
522010,SÃO LUÍS DE MONTES BELOS,GO,09/2022,2046,1692,"82,70",1546,146,"91,37",354,"17,30",38,316,"15,44"
522010,SÃO LUÍS DE MONTES BELOS,GO,11/2022,2015,1644,"81,59",1595,49,"97,02",371,"18,41",5,366,"18,16"
522015,SÃO LUÍZ DO NORTE,GO,09/2022,673,508,"75,48",508,0,"100,00",165,"24,52",7,158,"23,48"
522015,SÃO LUÍZ DO NORTE,GO,11/2022,675,564,"83,56",564,0,"100,00",111,"16,44",3,108,"16,00"
522015,SÃO LUÍZ DO NORTE,GO,07/2022,674,522,"77,45",520,2,"99,62",152,"22,55",5,147,"21,81"
522020,SÃO MIGUEL DO ARAGUAIA,GO,07/2022,2695,2146,"79,63",2068,78,"96,37",549,"20,37",12,537,"19,93"
522020,SÃO MIGUEL DO ARAGUAIA,GO,11/2022,2667,2234,"83,76",2191,43,"98,08",433,"16,24",6,427,"16,01"
522020,SÃO MIGUEL DO ARAGUAIA,GO,09/2022,2714,2149,"79,18",2128,21,"99,02",565,"20,82",119,446,"16,43"
522026,SÃO MIGUEL DO PASSA QUATRO,GO,09/2022,369,268,"72,63",246,22,"91,79",101,"27,37",0,101,"27,37"
522026,SÃO MIGUEL DO PASSA QUATRO,GO,11/2022,351,262,"74,64",249,13,"95,04",89,"25,36",0,89,"25,36"
522026,SÃO MIGUEL DO PASSA QUATRO,GO,07/2022,361,232,"64,27",232,0,"100,00",129,"35,73",3,126,"34,90"
522028,SÃO PATRÍCIO,GO,07/2022,225,152,"67,56",152,0,"100,00",73,"32,44",19,54,"24,00"
522028,SÃO PATRÍCIO,GO,11/2022,241,130,"53,94",130,0,"100,00",111,"46,06",34,77,"31,95"
522028,SÃO PATRÍCIO,GO,09/2022,246,157,"63,82",157,0,"100,00",89,"36,18",26,63,"25,61"
522040,SÃO SIMÃO,GO,11/2022,1713,635,"37,07",633,2,"99,69",1078,"62,93",584,494,"28,84"
522040,SÃO SIMÃO,GO,09/2022,1734,768,"44,29",703,65,"91,54",966,"55,71",454,512,"29,53"
522040,SÃO SIMÃO,GO,07/2022,1554,856,"55,08",854,2,"99,77",698,"44,92",243,455,"29,28"
522045,SENADOR CANEDO,GO,07/2022,10309,3735,"36,23",3682,53,"98,58",6574,"63,77",195,6379,"61,88"
522045,SENADOR CANEDO,GO,09/2022,11486,4455,"38,79",4255,200,"95,51",7031,"61,21",153,6878,"59,88"
522045,SENADOR CANEDO,GO,11/2022,11413,4854,"42,53",4646,208,"95,71",6559,"57,47",140,6419,"56,24"
522050,SERRANÓPOLIS,GO,11/2022,730,482,"66,03",482,0,"100,00",248,"33,97",2,246,"33,70"
522050,SERRANÓPOLIS,GO,09/2022,721,471,"65,33",471,0,"100,00",250,"34,67",2,248,"34,40"
522050,SERRANÓPOLIS,GO,07/2022,645,214,"33,18",214,0,"100,00",431,"66,82",202,229,"35,50"
522060,SILVÂNIA,GO,07/2022,1821,777,"42,67",768,9,"98,84",1044,"57,33",400,644,"35,37"
522060,SILVÂNIA,GO,09/2022,1865,841,"45,09",739,102,"87,87",1024,"54,91",394,630,"33,78"
522060,SILVÂNIA,GO,11/2022,1791,1116,"62,31",993,123,"88,98",675,"37,69",298,377,"21,05"
522068,SIMOLÂNDIA,GO,11/2022,1129,736,"65,19",718,18,"97,55",393,"34,81",2,391,"34,63"
522068,SIMOLÂNDIA,GO,09/2022,1119,725,"64,79",700,25,"96,55",394,"35,21",3,391,"34,94"
522068,SIMOLÂNDIA,GO,07/2022,1093,740,"67,70",739,1,"99,86",353,"32,30",5,348,"31,84"
522070,SÍTIO D´ABADIA,GO,07/2022,428,287,"67,06",274,13,"95,47",141,"32,94",8,133,"31,07"
522070,SÍTIO D´ABADIA,GO,09/2022,426,268,"62,91",254,14,"94,78",158,"37,09",3,155,"36,38"
522070,SÍTIO D´ABADIA,GO,11/2022,426,288,"67,61",288,0,"100,00",138,"32,39",1,137,"32,16"
522100,TAQUARAL DE GOIÁS,GO,11/2022,362,282,"77,90",258,24,"91,49",80,"22,10",6,74,"20,44"
522100,TAQUARAL DE GOIÁS,GO,09/2022,373,220,"58,98",208,12,"94,55",153,"41,02",34,119,"31,90"
522100,TAQUARAL DE GOIÁS,GO,07/2022,350,260,"74,29",241,19,"92,69",90,"25,71",1,89,"25,43"
522108,TERESINA DE GOIÁS,GO,07/2022,699,476,"68,10",454,22,"95,38",223,"31,90",60,163,"23,32"
522108,TERESINA DE GOIÁS,GO,11/2022,662,479,"72,36",473,6,"98,75",183,"27,64",10,173,"26,13"
522108,TERESINA DE GOIÁS,GO,09/2022,702,532,"75,78",532,0,"100,00",170,"24,22",6,164,"23,36"
522119,TEREZÓPOLIS DE GOIÁS,GO,09/2022,1070,721,"67,38",591,130,"81,97",349,"32,62",4,345,"32,24"
522119,TEREZÓPOLIS DE GOIÁS,GO,11/2022,999,696,"69,67",571,125,"82,04",303,"30,33",7,296,"29,63"
522119,TEREZÓPOLIS DE GOIÁS,GO,07/2022,971,693,"71,37",608,85,"87,73",278,"28,63",9,269,"27,70"
522130,TRÊS RANCHOS,GO,07/2022,285,215,"75,44",215,0,"100,00",70,"24,56",1,69,"24,21"
522130,TRÊS RANCHOS,GO,11/2022,325,187,"57,54",152,35,"81,28",138,"42,46",2,136,"41,85"
522130,TRÊS RANCHOS,GO,09/2022,316,180,"56,96",162,18,"90,00",136,"43,04",5,131,"41,46"
522140,TRINDADE,GO,11/2022,11807,7274,"61,61",7032,242,"96,67",4533,"38,39",11,4522,"38,30"
522140,TRINDADE,GO,09/2022,11720,6498,"55,44",6127,371,"94,29",5222,"44,56",24,5198,"44,35"
522140,TRINDADE,GO,07/2022,10938,5435,"49,69",5228,207,"96,19",5503,"50,31",95,5408,"49,44"
522145,TROMBAS,GO,07/2022,412,256,"62,14",256,0,"100,00",156,"37,86",11,145,"35,19"
522145,TROMBAS,GO,09/2022,407,204,"50,12",187,17,"91,67",203,"49,88",84,119,"29,24"
522145,TROMBAS,GO,11/2022,404,333,"82,43",284,49,"85,29",71,"17,57",2,69,"17,08"
522150,TURVÂNIA,GO,11/2022,446,303,"67,94",297,6,"98,02",143,"32,06",3,140,"31,39"
522150,TURVÂNIA,GO,09/2022,466,299,"64,16",296,3,"99,00",167,"35,84",4,163,"34,98"
522150,TURVÂNIA,GO,07/2022,461,296,"64,21",293,3,"98,99",165,"35,79",3,162,"35,14"
522155,TURVELÂNDIA,GO,07/2022,572,489,"85,49",447,42,"91,41",83,"14,51",5,78,"13,64"
522155,TURVELÂNDIA,GO,11/2022,566,477,"84,28",431,46,"90,36",89,"15,72",3,86,"15,19"
522155,TURVELÂNDIA,GO,09/2022,596,513,"86,07",419,94,"81,68",83,"13,93",5,78,"13,09"
522157,UIRAPURU,GO,09/2022,439,223,"50,80",220,3,"98,65",216,"49,20",10,206,"46,92"
522157,UIRAPURU,GO,11/2022,434,235,"54,15",235,0,"100,00",199,"45,85",3,196,"45,16"
522157,UIRAPURU,GO,07/2022,422,218,"51,66",217,1,"99,54",204,"48,34",10,194,"45,97"
522160,URUAÇU,GO,07/2022,2421,1591,"65,72",1475,116,"92,71",830,"34,28",147,683,"28,21"
522160,URUAÇU,GO,11/2022,2355,1767,"75,03",1692,75,"95,76",588,"24,97",13,575,"24,42"
522160,URUAÇU,GO,09/2022,2439,1280,"52,48",1166,114,"91,09",1159,"47,52",480,679,"27,84"
522170,URUANA,GO,11/2022,1693,1341,"79,21",1332,9,"99,33",352,"20,79",62,290,"17,13"
522170,URUANA,GO,09/2022,1686,1318,"78,17",1309,9,"99,32",368,"21,83",72,296,"17,56"
522170,URUANA,GO,07/2022,1631,1273,"78,05",1272,1,"99,92",358,"21,95",72,286,"17,54"
522180,URUTAÍ,GO,07/2022,197,90,"45,69",90,0,"100,00",107,"54,31",59,48,"24,37"
522180,URUTAÍ,GO,11/2022,234,177,"75,64",177,0,"100,00",57,"24,36",1,56,"23,93"
522180,URUTAÍ,GO,09/2022,223,158,"70,85",156,2,"98,73",65,"29,15",2,63,"28,25"
522185,VALPARAÍSO DE GOIÁS,GO,09/2022,15000,8569,"57,13",7716,853,"90,05",6431,"42,87",1168,5263,"35,09"
522185,VALPARAÍSO DE GOIÁS,GO,11/2022,15385,11951,"77,68",10677,1274,"89,34",3434,"22,32",99,3335,"21,68"
522185,VALPARAÍSO DE GOIÁS,GO,07/2022,14454,7959,"55,06",6770,1189,"85,06",6495,"44,94",1145,5350,"37,01"
522190,VARJÃO,GO,07/2022,293,254,"86,69",242,12,"95,28",39,"13,31",1,38,"12,97"
522190,VARJÃO,GO,11/2022,265,241,"90,94",239,2,"99,17",24,"9,06",8,16,"6,04"
522190,VARJÃO,GO,09/2022,301,258,"85,71",234,24,"90,70",43,"14,29",5,38,"12,62"
522200,VIANÓPOLIS,GO,09/2022,1036,496,"47,88",465,31,"93,75",540,"52,12",8,532,"51,35"
522200,VIANÓPOLIS,GO,11/2022,1097,541,"49,32",541,0,"100,00",556,"50,68",6,550,"50,14"
522200,VIANÓPOLIS,GO,07/2022,975,466,"47,79",466,0,"100,00",509,"52,21",19,490,"50,26"
522205,VICENTINÓPOLIS,GO,07/2022,893,748,"83,76",714,34,"95,45",145,"16,24",10,135,"15,12"
522205,VICENTINÓPOLIS,GO,11/2022,858,730,"85,08",643,87,"88,08",128,"14,92",1,127,"14,80"
522205,VICENTINÓPOLIS,GO,09/2022,897,791,"88,18",679,112,"85,84",106,"11,82",8,98,"10,93"
522220,VILA BOA,GO,09/2022,838,666,"79,47",614,52,"92,19",172,"20,53",1,171,"20,41"
522220,VILA BOA,GO,11/2022,785,593,"75,54",548,45,"92,41",192,"24,46",1,191,"24,33"
522220,VILA BOA,GO,07/2022,849,643,"75,74",604,39,"93,93",206,"24,26",4,202,"23,79"
522230,VILA PROPÍCIO,GO,07/2022,726,362,"49,86",336,26,"92,82",364,"50,14",134,230,"31,68"
522230,VILA PROPÍCIO,GO,09/2022,761,367,"48,23",335,32,"91,28",394,"51,77",119,275,"36,14"
522230,VILA PROPÍCIO,GO,11/2022,745,476,"63,89",447,29,"93,91",269,"36,11",6,263,"35,30"
210005,AÇAILÂNDIA,MA,11/2022,16300,9833,"60,33",9630,203,"97,94",6467,"39,67",150,6317,"38,75"
210005,AÇAILÂNDIA,MA,09/2022,16333,9585,"58,68",9518,67,"99,30",6748,"41,32",323,6425,"39,34"
210005,AÇAILÂNDIA,MA,07/2022,16022,6197,"38,68",6102,95,"98,47",9825,"61,32",4129,5696,"35,55"
210010,AFONSO CUNHA,MA,07/2022,2351,1631,"69,37",1519,112,"93,13",720,"30,63",192,528,"22,46"
210010,AFONSO CUNHA,MA,09/2022,2330,1601,"68,71",1550,51,"96,81",729,"31,29",146,583,"25,02"
210010,AFONSO CUNHA,MA,11/2022,2225,1480,"66,52",1464,16,"98,92",745,"33,48",201,544,"24,45"
210015,ÁGUA DOCE DO MARANHÃO,MA,11/2022,3633,3080,"84,78",3077,3,"99,90",553,"15,22",15,538,"14,81"
210015,ÁGUA DOCE DO MARANHÃO,MA,09/2022,3703,3125,"84,39",3125,0,"100,00",578,"15,61",59,519,"14,02"
210015,ÁGUA DOCE DO MARANHÃO,MA,07/2022,3665,3049,"83,19",3049,0,"100,00",616,"16,81",123,493,"13,45"
210020,ALCÂNTARA,MA,07/2022,5202,562,"10,80",562,0,"100,00",4640,"89,20",3797,843,"16,21"
210020,ALCÂNTARA,MA,09/2022,5037,3202,"63,57",3202,0,"100,00",1835,"36,43",965,870,"17,27"
210020,ALCÂNTARA,MA,11/2022,5018,3865,"77,02",3865,0,"100,00",1153,"22,98",261,892,"17,78"
210030,ALDEIAS ALTAS,MA,11/2022,6253,4205,"67,25",4153,52,"98,76",2048,"32,75",964,1084,"17,34"
210030,ALDEIAS ALTAS,MA,09/2022,6360,5193,"81,65",5175,18,"99,65",1167,"18,35",55,1112,"17,48"
210030,ALDEIAS ALTAS,MA,07/2022,6369,3382,"53,10",3366,16,"99,53",2987,"46,90",1736,1251,"19,64"
210040,ALTAMIRA DO MARANHÃO,MA,07/2022,1397,719,"51,47",719,0,"100,00",678,"48,53",273,405,"28,99"
210040,ALTAMIRA DO MARANHÃO,MA,09/2022,1358,899,"66,20",896,3,"99,67",459,"33,80",47,412,"30,34"
210040,ALTAMIRA DO MARANHÃO,MA,11/2022,1346,898,"66,72",894,4,"99,55",448,"33,28",31,417,"30,98"
210043,ALTO ALEGRE DO MARANHÃO,MA,11/2022,5758,3037,"52,74",2875,162,"94,67",2721,"47,26",38,2683,"46,60"
210043,ALTO ALEGRE DO MARANHÃO,MA,09/2022,5842,3008,"51,49",2944,64,"97,87",2834,"48,51",46,2788,"47,72"
210043,ALTO ALEGRE DO MARANHÃO,MA,07/2022,6011,3018,"50,21",2944,74,"97,55",2993,"49,79",211,2782,"46,28"
210047,ALTO ALEGRE DO PINDARÉ,MA,07/2022,7529,5412,"71,88",4978,434,"91,98",2117,"28,12",661,1456,"19,34"
210047,ALTO ALEGRE DO PINDARÉ,MA,09/2022,7319,4870,"66,54",4655,215,"95,59",2449,"33,46",614,1835,"25,07"
210047,ALTO ALEGRE DO PINDARÉ,MA,11/2022,7098,5324,"75,01",5184,140,"97,37",1774,"24,99",172,1602,"22,57"
210050,ALTO PARNAÍBA,MA,11/2022,2362,1783,"75,49",1757,26,"98,54",579,"24,51",47,532,"22,52"
210050,ALTO PARNAÍBA,MA,09/2022,2398,1960,"81,73",1959,1,"99,95",438,"18,27",66,372,"15,51"
210050,ALTO PARNAÍBA,MA,07/2022,2338,0,"0,00",0,0,,2338,"100,00",1858,480,"20,53"
210055,AMAPÁ DO MARANHÃO,MA,07/2022,2072,103,"4,97",103,0,"100,00",1969,"95,03",1683,286,"13,80"
210055,AMAPÁ DO MARANHÃO,MA,09/2022,2155,1223,"56,75",1223,0,"100,00",932,"43,25",630,302,"14,01"
210055,AMAPÁ DO MARANHÃO,MA,11/2022,2167,2091,"96,49",2086,5,"99,76",76,"3,51",17,59,"2,72"
210060,AMARANTE DO MARANHÃO,MA,11/2022,9373,4738,"50,55",4542,196,"95,86",4635,"49,45",2173,2462,"26,27"
210060,AMARANTE DO MARANHÃO,MA,09/2022,9431,5857,"62,10",5804,53,"99,10",3574,"37,90",2199,1375,"14,58"
210060,AMARANTE DO MARANHÃO,MA,07/2022,9491,5941,"62,60",5939,2,"99,97",3550,"37,40",2205,1345,"14,17"
210070,ANAJATUBA,MA,07/2022,6224,778,"12,50",778,0,"100,00",5446,"87,50",4666,780,"12,53"
210070,ANAJATUBA,MA,09/2022,6089,5199,"85,38",5198,1,"99,98",890,"14,62",78,812,"13,34"
210070,ANAJATUBA,MA,11/2022,6013,5124,"85,22",5122,2,"99,96",889,"14,78",93,796,"13,24"
210080,ANAPURUS,MA,11/2022,4772,4172,"87,43",4168,4,"99,90",600,"12,57",52,548,"11,48"
210080,ANAPURUS,MA,09/2022,5012,4267,"85,14",4219,48,"98,88",745,"14,86",208,537,"10,71"
210080,ANAPURUS,MA,07/2022,4944,4122,"83,37",4113,9,"99,78",822,"16,63",239,583,"11,79"
210083,APICUM-AÇU,MA,07/2022,5142,4087,"79,48",4063,24,"99,41",1055,"20,52",698,357,"6,94"
210083,APICUM-AÇU,MA,09/2022,4906,4546,"92,66",4397,149,"96,72",360,"7,34",157,203,"4,14"
210083,APICUM-AÇU,MA,11/2022,4689,4365,"93,09",4295,70,"98,40",324,"6,91",157,167,"3,56"
210087,ARAGUANÃ,MA,11/2022,2573,1686,"65,53",1683,3,"99,82",887,"34,47",40,847,"32,92"
210087,ARAGUANÃ,MA,09/2022,2581,1672,"64,78",1666,6,"99,64",909,"35,22",35,874,"33,86"
210087,ARAGUANÃ,MA,07/2022,2709,1721,"63,53",1716,5,"99,71",988,"36,47",156,832,"30,71"
210090,ARAIOSES,MA,07/2022,9138,5084,"55,64",5058,26,"99,49",4054,"44,36",2081,1973,"21,59"
210090,ARAIOSES,MA,09/2022,9103,6651,"73,06",6500,151,"97,73",2452,"26,94",441,2011,"22,09"
210090,ARAIOSES,MA,11/2022,8775,6769,"77,14",6630,139,"97,95",2006,"22,86",148,1858,"21,17"
210095,ARAME,MA,11/2022,7819,4931,"63,06",4680,251,"94,91",2888,"36,94",46,2842,"36,35"
210095,ARAME,MA,09/2022,7928,5032,"63,47",4759,273,"94,57",2896,"36,53",47,2849,"35,94"
210095,ARAME,MA,07/2022,8160,5357,"65,65",5031,326,"93,91",2803,"34,35",310,2493,"30,55"
210100,ARARI,MA,07/2022,6533,2894,"44,30",2823,71,"97,55",3639,"55,70",2138,1501,"22,98"
210100,ARARI,MA,09/2022,6387,3609,"56,51",3186,423,"88,28",2778,"43,49",974,1804,"28,24"
210100,ARARI,MA,11/2022,6136,4235,"69,02",3904,331,"92,18",1901,"30,98",29,1872,"30,51"
210110,AXIXÁ,MA,11/2022,3022,2481,"82,10",2382,99,"96,01",541,"17,90",51,490,"16,21"
210110,AXIXÁ,MA,09/2022,3273,2632,"80,42",2352,280,"89,36",641,"19,58",65,576,"17,60"
210110,AXIXÁ,MA,07/2022,3364,2462,"73,19",2200,262,"89,36",902,"26,81",223,679,"20,18"
210120,BACABAL,MA,07/2022,20664,16504,"79,87",16317,187,"98,87",4160,"20,13",451,3709,"17,95"
210120,BACABAL,MA,09/2022,20250,17220,"85,04",16863,357,"97,93",3030,"14,96",276,2754,"13,60"
210120,BACABAL,MA,11/2022,19862,16107,"81,09",16050,57,"99,65",3755,"18,91",286,3469,"17,47"
210125,BACABEIRA,MA,11/2022,4816,4159,"86,36",4156,3,"99,93",657,"13,64",47,610,"12,67"
210125,BACABEIRA,MA,09/2022,4798,3973,"82,81",3962,11,"99,72",825,"17,19",180,645,"13,44"
210125,BACABEIRA,MA,07/2022,4454,620,"13,92",620,0,"100,00",3834,"86,08",3145,689,"15,47"
210130,BACURI,MA,07/2022,3726,3027,"81,24",3027,0,"100,00",699,"18,76",94,605,"16,24"
210130,BACURI,MA,09/2022,3505,1791,"51,10",1589,202,"88,72",1714,"48,90",828,886,"25,28"
210130,BACURI,MA,11/2022,3460,2502,"72,31",2469,33,"98,68",958,"27,69",56,902,"26,07"
210135,BACURITUBA,MA,11/2022,1296,1091,"84,18",1091,0,"100,00",205,"15,82",19,186,"14,35"
210135,BACURITUBA,MA,09/2022,1299,1086,"83,60",1074,12,"98,90",213,"16,40",23,190,"14,63"
210135,BACURITUBA,MA,07/2022,1385,1182,"85,34",1182,0,"100,00",203,"14,66",32,171,"12,35"
210140,BALSAS,MA,07/2022,16202,6472,"39,95",6453,19,"99,71",9730,"60,05",2008,7722,"47,66"
210140,BALSAS,MA,09/2022,16589,6729,"40,56",6412,317,"95,29",9860,"59,44",1848,8012,"48,30"
210140,BALSAS,MA,11/2022,16729,7083,"42,34",6727,356,"94,97",9646,"57,66",1672,7974,"47,67"
210150,BARÃO DE GRAJAÚ,MA,11/2022,3441,2193,"63,73",2175,18,"99,18",1248,"36,27",9,1239,"36,01"
210150,BARÃO DE GRAJAÚ,MA,09/2022,3507,2058,"58,68",2024,34,"98,35",1449,"41,32",37,1412,"40,26"
210150,BARÃO DE GRAJAÚ,MA,07/2022,3464,1971,"56,90",1952,19,"99,04",1493,"43,10",49,1444,"41,69"
210160,BARRA DO CORDA,MA,07/2022,17825,12670,"71,08",12601,69,"99,46",5155,"28,92",296,4859,"27,26"
210160,BARRA DO CORDA,MA,09/2022,17792,12151,"68,29",12150,1,"99,99",5641,"31,71",772,4869,"27,37"
210160,BARRA DO CORDA,MA,11/2022,17794,12807,"71,97",12807,0,"100,00",4987,"28,03",148,4839,"27,19"
210170,BARREIRINHAS,MA,11/2022,16981,14822,"87,29",14453,369,"97,51",2159,"12,71",216,1943,"11,44"
210170,BARREIRINHAS,MA,09/2022,18088,15833,"87,53",15084,749,"95,27",2255,"12,47",336,1919,"10,61"
210170,BARREIRINHAS,MA,07/2022,18397,14588,"79,30",13684,904,"93,80",3809,"20,70",304,3505,"19,05"
210173,BELÁGUA,MA,07/2022,3155,2271,"71,98",2173,98,"95,68",884,"28,02",80,804,"25,48"
210173,BELÁGUA,MA,09/2022,3216,2210,"68,72",2104,106,"95,20",1006,"31,28",258,748,"23,26"
210173,BELÁGUA,MA,11/2022,3049,2266,"74,32",2245,21,"99,07",783,"25,68",41,742,"24,34"
210177,BELA VISTA DO MARANHÃO,MA,11/2022,3385,2630,"77,70",2630,0,"100,00",755,"22,30",39,716,"21,15"
210177,BELA VISTA DO MARANHÃO,MA,09/2022,3402,2139,"62,87",2139,0,"100,00",1263,"37,13",531,732,"21,52"
210177,BELA VISTA DO MARANHÃO,MA,07/2022,3445,2246,"65,20",2246,0,"100,00",1199,"34,80",465,734,"21,31"
210180,BENEDITO LEITE,MA,07/2022,1233,572,"46,39",548,24,"95,80",661,"53,61",291,370,"30,01"
210180,BENEDITO LEITE,MA,09/2022,1200,500,"41,67",480,20,"96,00",700,"58,33",368,332,"27,67"
210180,BENEDITO LEITE,MA,11/2022,1183,728,"61,54",710,18,"97,53",455,"38,46",116,339,"28,66"
210190,BEQUIMÃO,MA,11/2022,4060,1901,"46,82",1897,4,"99,79",2159,"53,18",1264,895,"22,04"
210190,BEQUIMÃO,MA,09/2022,4125,3125,"75,76",3124,1,"99,97",1000,"24,24",71,929,"22,52"
210190,BEQUIMÃO,MA,07/2022,4325,2904,"67,14",2904,0,"100,00",1421,"32,86",668,753,"17,41"
210193,BERNARDO DO MEARIM,MA,07/2022,1119,804,"71,85",742,62,"92,29",315,"28,15",53,262,"23,41"
210193,BERNARDO DO MEARIM,MA,09/2022,1080,759,"70,28",754,5,"99,34",321,"29,72",23,298,"27,59"
210193,BERNARDO DO MEARIM,MA,11/2022,1001,758,"75,72",741,17,"97,76",243,"24,28",5,238,"23,78"
210197,BOA VISTA DO GURUPI,MA,11/2022,2246,1789,"79,65",1788,1,"99,94",457,"20,35",34,423,"18,83"
210197,BOA VISTA DO GURUPI,MA,09/2022,2434,1861,"76,46",1800,61,"96,72",573,"23,54",55,518,"21,28"
210197,BOA VISTA DO GURUPI,MA,07/2022,2430,1673,"68,85",1560,113,"93,25",757,"31,15",34,723,"29,75"
210200,BOM JARDIM,MA,07/2022,8397,3437,"40,93",3388,49,"98,57",4960,"59,07",1692,3268,"38,92"
210200,BOM JARDIM,MA,09/2022,8363,5109,"61,09",5038,71,"98,61",3254,"38,91",81,3173,"37,94"
210200,BOM JARDIM,MA,11/2022,8326,5251,"63,07",5218,33,"99,37",3075,"36,93",73,3002,"36,06"
210203,BOM JESUS DAS SELVAS,MA,11/2022,8007,5206,"65,02",5204,2,"99,96",2801,"34,98",1248,1553,"19,40"
210203,BOM JESUS DAS SELVAS,MA,09/2022,7946,4127,"51,94",4091,36,"99,13",3819,"48,06",2279,1540,"19,38"
210203,BOM JESUS DAS SELVAS,MA,07/2022,8084,4079,"50,46",4069,10,"99,75",4005,"49,54",2429,1576,"19,50"
210207,BOM LUGAR,MA,07/2022,2850,2307,"80,95",2307,0,"100,00",543,"19,05",27,516,"18,11"
210207,BOM LUGAR,MA,09/2022,2938,2373,"80,77",2364,9,"99,62",565,"19,23",23,542,"18,45"
210207,BOM LUGAR,MA,11/2022,2890,2323,"80,38",2323,0,"100,00",567,"19,62",30,537,"18,58"
210210,BREJO,MA,11/2022,9231,8706,"94,31",8704,2,"99,98",525,"5,69",76,449,"4,86"
210210,BREJO,MA,09/2022,9273,7086,"76,42",7085,1,"99,99",2187,"23,58",1477,710,"7,66"
210210,BREJO,MA,07/2022,9709,8234,"84,81",8234,0,"100,00",1475,"15,19",142,1333,"13,73"
210215,BREJO DE AREIA,MA,07/2022,2548,1878,"73,70",1844,34,"98,19",670,"26,30",21,649,"25,47"
210215,BREJO DE AREIA,MA,09/2022,2565,1902,"74,15",1859,43,"97,74",663,"25,85",29,634,"24,72"
210215,BREJO DE AREIA,MA,11/2022,2517,1889,"75,05",1866,23,"98,78",628,"24,95",8,620,"24,63"
210220,BURITI,MA,11/2022,8016,7424,"92,61",7293,131,"98,24",592,"7,39",139,453,"5,65"
210220,BURITI,MA,09/2022,8431,7648,"90,71",7236,412,"94,61",783,"9,29",187,596,"7,07"
210220,BURITI,MA,07/2022,8430,7062,"83,77",6973,89,"98,74",1368,"16,23",185,1183,"14,03"
210230,BURITI BRAVO,MA,07/2022,5775,4127,"71,46",4081,46,"98,89",1648,"28,54",101,1547,"26,79"
210230,BURITI BRAVO,MA,09/2022,5818,4187,"71,97",4058,129,"96,92",1631,"28,03",38,1593,"27,38"
210230,BURITI BRAVO,MA,11/2022,5708,4615,"80,85",4158,457,"90,10",1093,"19,15",28,1065,"18,66"
210232,BURITICUPU,MA,11/2022,12595,10876,"86,35",10425,451,"95,85",1719,"13,65",68,1651,"13,11"
210232,BURITICUPU,MA,09/2022,12781,10561,"82,63",10276,285,"97,30",2220,"17,37",157,2063,"16,14"
210232,BURITICUPU,MA,07/2022,13233,10310,"77,91",10067,243,"97,64",2923,"22,09",206,2717,"20,53"
210235,BURITIRANA,MA,07/2022,3583,2443,"68,18",2395,48,"98,04",1140,"31,82",139,1001,"27,94"
210235,BURITIRANA,MA,09/2022,3524,2411,"68,42",2353,58,"97,59",1113,"31,58",48,1065,"30,22"
210235,BURITIRANA,MA,11/2022,3389,1981,"58,45",1935,46,"97,68",1408,"41,55",263,1145,"33,79"
210237,CACHOEIRA GRANDE,MA,11/2022,3028,2408,"79,52",2407,1,"99,96",620,"20,48",82,538,"17,77"
210237,CACHOEIRA GRANDE,MA,09/2022,3147,2464,"78,30",2457,7,"99,72",683,"21,70",97,586,"18,62"
210237,CACHOEIRA GRANDE,MA,07/2022,3235,2557,"79,04",2508,49,"98,08",678,"20,96",175,503,"15,55"
210240,CAJAPIÓ,MA,07/2022,2567,1994,"77,68",1994,0,"100,00",573,"22,32",176,397,"15,47"
210240,CAJAPIÓ,MA,09/2022,2480,2271,"91,57",2270,1,"99,96",209,"8,43",49,160,"6,45"
210240,CAJAPIÓ,MA,11/2022,2453,2267,"92,42",2267,0,"100,00",186,"7,58",30,156,"6,36"
210250,CAJARI,MA,11/2022,5302,4075,"76,86",4074,1,"99,98",1227,"23,14",458,769,"14,50"
210250,CAJARI,MA,09/2022,5380,4544,"84,46",4543,1,"99,98",836,"15,54",47,789,"14,67"
210250,CAJARI,MA,07/2022,5539,4573,"82,56",4573,0,"100,00",966,"17,44",188,778,"14,05"
210255,CAMPESTRE DO MARANHÃO,MA,07/2022,2456,2090,"85,10",2088,2,"99,90",366,"14,90",64,302,"12,30"
210255,CAMPESTRE DO MARANHÃO,MA,09/2022,2436,1722,"70,69",1659,63,"96,34",714,"29,31",1,713,"29,27"
210255,CAMPESTRE DO MARANHÃO,MA,11/2022,2352,1655,"70,37",1647,8,"99,52",697,"29,63",1,696,"29,59"
210260,CÂNDIDO MENDES,MA,11/2022,5274,4892,"92,76",4892,0,"100,00",382,"7,24",70,312,"5,92"
210260,CÂNDIDO MENDES,MA,09/2022,5307,4332,"81,63",4332,0,"100,00",975,"18,37",671,304,"5,73"
210260,CÂNDIDO MENDES,MA,07/2022,5409,4258,"78,72",4256,2,"99,95",1151,"21,28",634,517,"9,56"
210270,CANTANHEDE,MA,07/2022,4605,4045,"87,84",4045,0,"100,00",560,"12,16",116,444,"9,64"
210270,CANTANHEDE,MA,09/2022,4446,3977,"89,45",3977,0,"100,00",469,"10,55",30,439,"9,87"
210270,CANTANHEDE,MA,11/2022,4441,3965,"89,28",3965,0,"100,00",476,"10,72",52,424,"9,55"
210275,CAPINZAL DO NORTE,MA,11/2022,2484,2133,"85,87",2032,101,"95,26",351,"14,13",124,227,"9,14"
210275,CAPINZAL DO NORTE,MA,09/2022,2582,2063,"79,90",1958,105,"94,91",519,"20,10",187,332,"12,86"
210275,CAPINZAL DO NORTE,MA,07/2022,2823,1793,"63,51",1690,103,"94,26",1030,"36,49",413,617,"21,86"
210280,CAROLINA,MA,07/2022,4743,2592,"54,65",2589,3,"99,88",2151,"45,35",94,2057,"43,37"
210280,CAROLINA,MA,09/2022,4779,2640,"55,24",2596,44,"98,33",2139,"44,76",15,2124,"44,44"
210280,CAROLINA,MA,11/2022,4753,2759,"58,05",2722,37,"98,66",1994,"41,95",22,1972,"41,49"
210290,CARUTAPERA,MA,11/2022,6494,5584,"85,99",5526,58,"98,96",910,"14,01",63,847,"13,04"
210290,CARUTAPERA,MA,09/2022,6661,5696,"85,51",5683,13,"99,77",965,"14,49",141,824,"12,37"
210290,CARUTAPERA,MA,07/2022,6648,5498,"82,70",5431,67,"98,78",1150,"17,30",216,934,"14,05"
210300,CAXIAS,MA,07/2022,30522,15299,"50,12",15188,111,"99,27",15223,"49,88",3677,11546,"37,83"
210300,CAXIAS,MA,09/2022,30122,15758,"52,31",15470,288,"98,17",14364,"47,69",3134,11230,"37,28"
210300,CAXIAS,MA,11/2022,29332,17717,"60,40",17582,135,"99,24",11615,"39,60",1421,10194,"34,75"
210310,CEDRAL,MA,11/2022,2182,1315,"60,27",1295,20,"98,48",867,"39,73",238,629,"28,83"
210310,CEDRAL,MA,09/2022,2185,1322,"60,50",1311,11,"99,17",863,"39,50",240,623,"28,51"
210310,CEDRAL,MA,07/2022,2240,1355,"60,49",1344,11,"99,19",885,"39,51",291,594,"26,52"
210312,CENTRAL DO MARANHÃO,MA,07/2022,2403,1979,"82,36",1978,1,"99,95",424,"17,64",112,312,"12,98"
210312,CENTRAL DO MARANHÃO,MA,09/2022,2302,1781,"77,37",1770,11,"99,38",521,"22,63",38,483,"20,98"
210312,CENTRAL DO MARANHÃO,MA,11/2022,2252,1706,"75,75",1630,76,"95,55",546,"24,25",35,511,"22,69"
210315,CENTRO DO GUILHERME,MA,11/2022,3319,1899,"57,22",1892,7,"99,63",1420,"42,78",27,1393,"41,97"
210315,CENTRO DO GUILHERME,MA,09/2022,3407,1839,"53,98",1823,16,"99,13",1568,"46,02",24,1544,"45,32"
210315,CENTRO DO GUILHERME,MA,07/2022,3310,649,"19,61",614,35,"94,61",2661,"80,39",1430,1231,"37,19"
210317,CENTRO NOVO DO MARANHÃO,MA,07/2022,4938,3523,"71,34",3373,150,"95,74",1415,"28,66",197,1218,"24,67"
210317,CENTRO NOVO DO MARANHÃO,MA,09/2022,4832,3859,"79,86",3758,101,"97,38",973,"20,14",186,787,"16,29"
210317,CENTRO NOVO DO MARANHÃO,MA,11/2022,4606,3807,"82,65",3728,79,"97,92",799,"17,35",60,739,"16,04"
210320,CHAPADINHA,MA,11/2022,19868,17466,"87,91",17413,53,"99,70",2402,"12,09",234,2168,"10,91"
210320,CHAPADINHA,MA,09/2022,20840,18392,"88,25",16719,1673,"90,90",2448,"11,75",143,2305,"11,06"
210320,CHAPADINHA,MA,07/2022,20835,18169,"87,20",18007,162,"99,11",2666,"12,80",263,2403,"11,53"
210325,CIDELÂNDIA,MA,07/2022,3609,2772,"76,81",2712,60,"97,84",837,"23,19",103,734,"20,34"
210325,CIDELÂNDIA,MA,09/2022,3404,1979,"58,14",1847,132,"93,33",1425,"41,86",708,717,"21,06"
210325,CIDELÂNDIA,MA,11/2022,3184,2142,"67,27",2048,94,"95,61",1042,"32,73",328,714,"22,42"
210330,CODÓ,MA,11/2022,25404,18185,"71,58",18185,0,"100,00",7219,"28,42",1157,6062,"23,86"
210330,CODÓ,MA,09/2022,25424,17722,"69,71",17722,0,"100,00",7702,"30,29",1483,6219,"24,46"
210330,CODÓ,MA,07/2022,25484,15477,"60,73",15477,0,"100,00",10007,"39,27",3483,6524,"25,60"
210340,COELHO NETO,MA,07/2022,10826,3118,"28,80",3113,5,"99,84",7708,"71,20",6397,1311,"12,11"
210340,COELHO NETO,MA,09/2022,11046,8910,"80,66",8845,65,"99,27",2136,"19,34",822,1314,"11,90"
210340,COELHO NETO,MA,11/2022,10858,8676,"79,90",8675,1,"99,99",2182,"20,10",880,1302,"11,99"
210350,COLINAS,MA,11/2022,9318,6905,"74,10",6828,77,"98,88",2413,"25,90",88,2325,"24,95"
210350,COLINAS,MA,09/2022,9495,6464,"68,08",6422,42,"99,35",3031,"31,92",171,2860,"30,12"
210350,COLINAS,MA,07/2022,9579,6721,"70,16",6721,0,"100,00",2858,"29,84",308,2550,"26,62"
210355,CONCEIÇÃO DO LAGO-AÇU,MA,07/2022,4551,3758,"82,58",3758,0,"100,00",793,"17,42",80,713,"15,67"
210355,CONCEIÇÃO DO LAGO-AÇU,MA,09/2022,4494,3746,"83,36",3746,0,"100,00",748,"16,64",25,723,"16,09"
210355,CONCEIÇÃO DO LAGO-AÇU,MA,11/2022,4479,3726,"83,19",3725,1,"99,97",753,"16,81",14,739,"16,50"
210360,COROATÁ,MA,11/2022,13069,8745,"66,91",8664,81,"99,07",4324,"33,09",754,3570,"27,32"
210360,COROATÁ,MA,09/2022,13052,5373,"41,17",5346,27,"99,50",7679,"58,83",3891,3788,"29,02"
210360,COROATÁ,MA,07/2022,13547,7046,"52,01",7039,7,"99,90",6501,"47,99",2816,3685,"27,20"
210370,CURURUPU,MA,07/2022,7821,5242,"67,02",5242,0,"100,00",2579,"32,98",1514,1065,"13,62"
210370,CURURUPU,MA,09/2022,7685,5270,"68,58",5269,1,"99,98",2415,"31,42",1326,1089,"14,17"
210370,CURURUPU,MA,11/2022,7698,5219,"67,80",5218,1,"99,98",2479,"32,20",1369,1110,"14,42"
210375,DAVINÓPOLIS,MA,11/2022,2648,2287,"86,37",2287,0,"100,00",361,"13,63",27,334,"12,61"
210375,DAVINÓPOLIS,MA,09/2022,2699,2336,"86,55",2336,0,"100,00",363,"13,45",15,348,"12,89"
210375,DAVINÓPOLIS,MA,07/2022,2704,2298,"84,99",2298,0,"100,00",406,"15,01",57,349,"12,91"
210380,DOM PEDRO,MA,07/2022,4827,3456,"71,60",3456,0,"100,00",1371,"28,40",389,982,"20,34"
210380,DOM PEDRO,MA,09/2022,4671,2285,"48,92",2241,44,"98,07",2386,"51,08",910,1476,"31,60"
210380,DOM PEDRO,MA,11/2022,4597,1847,"40,18",1813,34,"98,16",2750,"59,82",1251,1499,"32,61"
210390,DUQUE BACELAR,MA,11/2022,3227,2701,"83,70",2657,44,"98,37",526,"16,30",61,465,"14,41"
210390,DUQUE BACELAR,MA,09/2022,3327,2755,"82,81",2617,138,"94,99",572,"17,19",69,503,"15,12"
210390,DUQUE BACELAR,MA,07/2022,3337,2720,"81,51",2605,115,"95,77",617,"18,49",107,510,"15,28"
210400,ESPERANTINÓPOLIS,MA,07/2022,4450,2807,"63,08",2793,14,"99,50",1643,"36,92",199,1444,"32,45"
210400,ESPERANTINÓPOLIS,MA,09/2022,4423,2836,"64,12",2623,213,"92,49",1587,"35,88",59,1528,"34,55"
210400,ESPERANTINÓPOLIS,MA,11/2022,4184,2342,"55,98",2270,72,"96,93",1842,"44,02",90,1752,"41,87"
210405,ESTREITO,MA,11/2022,5892,4254,"72,20",4221,33,"99,22",1638,"27,80",47,1591,"27,00"
210405,ESTREITO,MA,09/2022,5882,3704,"62,97",3698,6,"99,84",2178,"37,03",79,2099,"35,69"
210405,ESTREITO,MA,07/2022,5823,950,"16,31",741,209,"78,00",4873,"83,69",2891,1982,"34,04"
210407,FEIRA NOVA DO MARANHÃO,MA,07/2022,1882,710,"37,73",574,136,"80,85",1172,"62,27",786,386,"20,51"
210407,FEIRA NOVA DO MARANHÃO,MA,09/2022,1788,1172,"65,55",1008,164,"86,01",616,"34,45",179,437,"24,44"
210407,FEIRA NOVA DO MARANHÃO,MA,11/2022,1680,1071,"63,75",1011,60,"94,40",609,"36,25",172,437,"26,01"
210408,FERNANDO FALCÃO,MA,11/2022,3384,2055,"60,73",2045,10,"99,51",1329,"39,27",129,1200,"35,46"
210408,FERNANDO FALCÃO,MA,09/2022,3419,2281,"66,72",2278,3,"99,87",1138,"33,28",28,1110,"32,47"
210408,FERNANDO FALCÃO,MA,07/2022,3442,2325,"67,55",2306,19,"99,18",1117,"32,45",19,1098,"31,90"
210409,FORMOSA DA SERRA NEGRA,MA,07/2022,4461,2897,"64,94",2876,21,"99,28",1564,"35,06",36,1528,"34,25"
210409,FORMOSA DA SERRA NEGRA,MA,09/2022,4422,3239,"73,25",3186,53,"98,36",1183,"26,75",10,1173,"26,53"
210409,FORMOSA DA SERRA NEGRA,MA,11/2022,4397,3356,"76,32",3257,99,"97,05",1041,"23,68",16,1025,"23,31"
210410,FORTALEZA DOS NOGUEIRAS,MA,11/2022,2859,2628,"91,92",2515,113,"95,70",231,"8,08",31,200,"7,00"
210410,FORTALEZA DOS NOGUEIRAS,MA,09/2022,3095,2717,"87,79",2526,191,"92,97",378,"12,21",35,343,"11,08"
210410,FORTALEZA DOS NOGUEIRAS,MA,07/2022,3198,2400,"75,05",2268,132,"94,50",798,"24,95",199,599,"18,73"
210420,FORTUNA,MA,07/2022,4140,2631,"63,55",2629,2,"99,92",1509,"36,45",59,1450,"35,02"
210420,FORTUNA,MA,09/2022,4160,2572,"61,83",2525,47,"98,17",1588,"38,17",40,1548,"37,21"
210420,FORTUNA,MA,11/2022,4094,2582,"63,07",2567,15,"99,42",1512,"36,93",33,1479,"36,13"
210430,GODOFREDO VIANA,MA,11/2022,2408,1989,"82,60",1989,0,"100,00",419,"17,40",14,405,"16,82"
210430,GODOFREDO VIANA,MA,09/2022,2423,1985,"81,92",1984,1,"99,95",438,"18,08",45,393,"16,22"
210430,GODOFREDO VIANA,MA,07/2022,2435,1993,"81,85",1993,0,"100,00",442,"18,15",46,396,"16,26"
210440,GONÇALVES DIAS,MA,07/2022,4184,1299,"31,05",1289,10,"99,23",2885,"68,95",1933,952,"22,75"
210440,GONÇALVES DIAS,MA,09/2022,4107,2599,"63,28",2523,76,"97,08",1508,"36,72",515,993,"24,18"
210440,GONÇALVES DIAS,MA,11/2022,3984,2639,"66,24",2637,2,"99,92",1345,"33,76",457,888,"22,29"
210450,GOVERNADOR ARCHER,MA,11/2022,2287,1962,"85,79",1962,0,"100,00",325,"14,21",8,317,"13,86"
210450,GOVERNADOR ARCHER,MA,09/2022,2301,1970,"85,61",1970,0,"100,00",331,"14,39",9,322,"13,99"
210450,GOVERNADOR ARCHER,MA,07/2022,2296,1937,"84,36",1937,0,"100,00",359,"15,64",45,314,"13,68"
210455,GOVERNADOR EDISON LOBÃO,MA,07/2022,3818,2975,"77,92",2975,0,"100,00",843,"22,08",32,811,"21,24"
210455,GOVERNADOR EDISON LOBÃO,MA,09/2022,3899,3493,"89,59",3492,1,"99,97",406,"10,41",15,391,"10,03"
210455,GOVERNADOR EDISON LOBÃO,MA,11/2022,3894,3476,"89,27",3475,1,"99,97",418,"10,73",20,398,"10,22"
210460,GOVERNADOR EUGÊNIO BARROS,MA,11/2022,3404,2964,"87,07",2959,5,"99,83",440,"12,93",10,430,"12,63"
210460,GOVERNADOR EUGÊNIO BARROS,MA,09/2022,3459,2983,"86,24",2972,11,"99,63",476,"13,76",14,462,"13,36"
210460,GOVERNADOR EUGÊNIO BARROS,MA,07/2022,3362,18,"0,54",0,18,"0,00",3344,"99,46",2881,463,"13,77"
210462,GOVERNADOR LUIZ ROCHA,MA,07/2022,1492,1240,"83,11",1073,167,"86,53",252,"16,89",46,206,"13,81"
210462,GOVERNADOR LUIZ ROCHA,MA,09/2022,1460,1155,"79,11",1155,0,"100,00",305,"20,89",5,300,"20,55"
210462,GOVERNADOR LUIZ ROCHA,MA,11/2022,1387,1224,"88,25",1224,0,"100,00",163,"11,75",2,161,"11,61"
210465,GOVERNADOR NEWTON BELLO,MA,11/2022,2385,1482,"62,14",1473,9,"99,39",903,"37,86",10,893,"37,44"
210465,GOVERNADOR NEWTON BELLO,MA,09/2022,2402,1452,"60,45",1452,0,"100,00",950,"39,55",9,941,"39,18"
210465,GOVERNADOR NEWTON BELLO,MA,07/2022,2540,1488,"58,58",1485,3,"99,80",1052,"41,42",109,943,"37,13"
210467,GOVERNADOR NUNES FREIRE,MA,07/2022,6748,5522,"81,83",5521,1,"99,98",1226,"18,17",317,909,"13,47"
210467,GOVERNADOR NUNES FREIRE,MA,09/2022,6815,5759,"84,50",5759,0,"100,00",1056,"15,50",112,944,"13,85"
210467,GOVERNADOR NUNES FREIRE,MA,11/2022,6703,5681,"84,75",5681,0,"100,00",1022,"15,25",82,940,"14,02"
210470,GRAÇA ARANHA,MA,11/2022,1422,1101,"77,43",1101,0,"100,00",321,"22,57",12,309,"21,73"
210470,GRAÇA ARANHA,MA,09/2022,1408,1077,"76,49",1077,0,"100,00",331,"23,51",20,311,"22,09"
210470,GRAÇA ARANHA,MA,07/2022,1364,0,"0,00",0,0,,1364,"100,00",1055,309,"22,65"
210480,GRAJAÚ,MA,07/2022,18857,16063,"85,18",16062,1,"99,99",2794,"14,82",143,2651,"14,06"
210480,GRAJAÚ,MA,09/2022,19094,17143,"89,78",16807,336,"98,04",1951,"10,22",68,1883,"9,86"
210480,GRAJAÚ,MA,11/2022,18564,15623,"84,16",15117,506,"96,76",2941,"15,84",44,2897,"15,61"
210490,GUIMARÃES,MA,11/2022,2476,2057,"83,08",2057,0,"100,00",419,"16,92",144,275,"11,11"
210490,GUIMARÃES,MA,09/2022,2483,2069,"83,33",2068,1,"99,95",414,"16,67",142,272,"10,95"
210490,GUIMARÃES,MA,07/2022,2560,2099,"81,99",2099,0,"100,00",461,"18,01",183,278,"10,86"
210500,HUMBERTO DE CAMPOS,MA,07/2022,9245,4666,"50,47",4583,83,"98,22",4579,"49,53",1727,2852,"30,85"
210500,HUMBERTO DE CAMPOS,MA,09/2022,9087,4671,"51,40",4631,40,"99,14",4416,"48,60",1542,2874,"31,63"
210500,HUMBERTO DE CAMPOS,MA,11/2022,9071,4587,"50,57",4562,25,"99,45",4484,"49,43",1557,2927,"32,27"
210510,ICATU,MA,11/2022,7257,4690,"64,63",4676,14,"99,70",2567,"35,37",1511,1056,"14,55"
210510,ICATU,MA,09/2022,7271,4731,"65,07",4721,10,"99,79",2540,"34,93",1546,994,"13,67"
210510,ICATU,MA,07/2022,7604,4633,"60,93",4632,1,"99,98",2971,"39,07",1943,1028,"13,52"
210515,IGARAPÉ DO MEIO,MA,07/2022,4006,1431,"35,72",1419,12,"99,16",2575,"64,28",1614,961,"23,99"
210515,IGARAPÉ DO MEIO,MA,09/2022,3995,2661,"66,61",2624,37,"98,61",1334,"33,39",21,1313,"32,87"
210515,IGARAPÉ DO MEIO,MA,11/2022,3934,2660,"67,62",2605,55,"97,93",1274,"32,38",13,1261,"32,05"
210520,IGARAPÉ GRANDE,MA,11/2022,2326,965,"41,49",842,123,"87,25",1361,"58,51",290,1071,"46,04"
210520,IGARAPÉ GRANDE,MA,09/2022,2345,414,"17,65",414,0,"100,00",1931,"82,35",831,1100,"46,91"
210520,IGARAPÉ GRANDE,MA,07/2022,2360,901,"38,18",896,5,"99,45",1459,"61,82",352,1107,"46,91"
210530,IMPERATRIZ,MA,07/2022,32270,13547,"41,98",13012,535,"96,05",18723,"58,02",5845,12878,"39,91"
210530,IMPERATRIZ,MA,09/2022,32771,16016,"48,87",15836,180,"98,88",16755,"51,13",2647,14108,"43,05"
210530,IMPERATRIZ,MA,11/2022,33214,15892,"47,85",15764,128,"99,19",17322,"52,15",3043,14279,"42,99"
210535,ITAIPAVA DO GRAJAÚ,MA,11/2022,3888,3028,"77,88",3027,1,"99,97",860,"22,12",14,846,"21,76"
210535,ITAIPAVA DO GRAJAÚ,MA,09/2022,3908,2910,"74,46",2896,14,"99,52",998,"25,54",152,846,"21,65"
210535,ITAIPAVA DO GRAJAÚ,MA,07/2022,3884,3,"0,08",0,3,"0,00",3881,"99,92",3034,847,"21,81"
210540,ITAPECURU MIRIM,MA,07/2022,15075,12859,"85,30",12210,649,"94,95",2216,"14,70",299,1917,"12,72"
210540,ITAPECURU MIRIM,MA,09/2022,14478,12937,"89,36",12271,666,"94,85",1541,"10,64",162,1379,"9,52"
210540,ITAPECURU MIRIM,MA,11/2022,13889,12670,"91,22",11936,734,"94,21",1219,"8,78",100,1119,"8,06"
210542,ITINGA DO MARANHÃO,MA,11/2022,5118,4751,"92,83",4699,52,"98,91",367,"7,17",26,341,"6,66"
210542,ITINGA DO MARANHÃO,MA,09/2022,5192,4204,"80,97",4203,1,"99,98",988,"19,03",38,950,"18,30"
210542,ITINGA DO MARANHÃO,MA,07/2022,5166,1,"0,02",0,1,"0,00",5165,"99,98",4300,865,"16,74"
210545,JATOBÁ,MA,07/2022,2115,1480,"69,98",1412,68,"95,41",635,"30,02",49,586,"27,71"
210545,JATOBÁ,MA,09/2022,2076,1427,"68,74",1343,84,"94,11",649,"31,26",24,625,"30,11"
210545,JATOBÁ,MA,11/2022,2036,1348,"66,21",1233,115,"91,47",688,"33,79",55,633,"31,09"
210547,JENIPAPO DOS VIEIRAS,MA,11/2022,4588,2742,"59,76",2697,45,"98,36",1846,"40,24",880,966,"21,05"
210547,JENIPAPO DOS VIEIRAS,MA,09/2022,4626,3703,"80,05",3703,0,"100,00",923,"19,95",51,872,"18,85"
210547,JENIPAPO DOS VIEIRAS,MA,07/2022,4580,496,"10,83",495,1,"99,80",4084,"89,17",3207,877,"19,15"
210550,JOÃO LISBOA,MA,07/2022,5897,4524,"76,72",4523,1,"99,98",1373,"23,28",207,1166,"19,77"
210550,JOÃO LISBOA,MA,09/2022,5771,4165,"72,17",4164,1,"99,98",1606,"27,83",410,1196,"20,72"
210550,JOÃO LISBOA,MA,11/2022,5616,4017,"71,53",4016,1,"99,98",1599,"28,47",317,1282,"22,83"
210560,JOSELÂNDIA,MA,11/2022,3226,2636,"81,71",2615,21,"99,20",590,"18,29",12,578,"17,92"
210560,JOSELÂNDIA,MA,09/2022,3496,2885,"82,52",2676,209,"92,76",611,"17,48",17,594,"16,99"
210560,JOSELÂNDIA,MA,07/2022,3630,2974,"81,93",2582,392,"86,82",656,"18,07",38,618,"17,02"
210565,JUNCO DO MARANHÃO,MA,07/2022,1517,1252,"82,53",1181,71,"94,33",265,"17,47",77,188,"12,39"
210565,JUNCO DO MARANHÃO,MA,09/2022,1503,1223,"81,37",1178,45,"96,32",280,"18,63",29,251,"16,70"
210565,JUNCO DO MARANHÃO,MA,11/2022,1414,1207,"85,36",1162,45,"96,27",207,"14,64",19,188,"13,30"
210570,LAGO DA PEDRA,MA,11/2022,10435,6886,"65,99",6886,0,"100,00",3549,"34,01",532,3017,"28,91"
210570,LAGO DA PEDRA,MA,09/2022,10556,7439,"70,47",7432,7,"99,91",3117,"29,53",58,3059,"28,98"
210570,LAGO DA PEDRA,MA,07/2022,10692,7468,"69,85",7466,2,"99,97",3224,"30,15",396,2828,"26,45"
210580,LAGO DO JUNCO,MA,07/2022,2603,2162,"83,06",2162,0,"100,00",441,"16,94",28,413,"15,87"
210580,LAGO DO JUNCO,MA,09/2022,2611,2185,"83,68",2185,0,"100,00",426,"16,32",11,415,"15,89"
210580,LAGO DO JUNCO,MA,11/2022,2618,2188,"83,58",2188,0,"100,00",430,"16,42",31,399,"15,24"
210590,LAGO VERDE,MA,11/2022,4633,3218,"69,46",3216,2,"99,94",1415,"30,54",71,1344,"29,01"
210590,LAGO VERDE,MA,09/2022,4721,3851,"81,57",3816,35,"99,09",870,"18,43",16,854,"18,09"
210590,LAGO VERDE,MA,07/2022,4697,3816,"81,24",3812,4,"99,90",881,"18,76",34,847,"18,03"
210592,LAGOA DO MATO,MA,07/2022,2469,1776,"71,93",1775,1,"99,94",693,"28,07",229,464,"18,79"
210592,LAGOA DO MATO,MA,09/2022,2484,1970,"79,31",1950,20,"98,98",514,"20,69",30,484,"19,48"
210592,LAGOA DO MATO,MA,11/2022,2434,1974,"81,10",1973,1,"99,95",460,"18,90",13,447,"18,36"
210594,LAGO DOS RODRIGUES,MA,11/2022,1860,939,"50,48",938,1,"99,89",921,"49,52",597,324,"17,42"
210594,LAGO DOS RODRIGUES,MA,09/2022,1887,824,"43,67",820,4,"99,51",1063,"56,33",742,321,"17,01"
210594,LAGO DOS RODRIGUES,MA,07/2022,1860,788,"42,37",784,4,"99,49",1072,"57,63",767,305,"16,40"
210596,LAGOA GRANDE DO MARANHÃO,MA,07/2022,3167,2520,"79,57",2520,0,"100,00",647,"20,43",30,617,"19,48"
210596,LAGOA GRANDE DO MARANHÃO,MA,09/2022,3167,2513,"79,35",2496,17,"99,32",654,"20,65",27,627,"19,80"
210596,LAGOA GRANDE DO MARANHÃO,MA,11/2022,3140,2490,"79,30",2490,0,"100,00",650,"20,70",35,615,"19,59"
210598,LAJEADO NOVO,MA,11/2022,1524,1306,"85,70",1285,21,"98,39",218,"14,30",13,205,"13,45"
210598,LAJEADO NOVO,MA,09/2022,1585,1359,"85,74",1270,89,"93,45",226,"14,26",3,223,"14,07"
210598,LAJEADO NOVO,MA,07/2022,1626,1325,"81,49",1218,107,"91,92",301,"18,51",39,262,"16,11"
210600,LIMA CAMPOS,MA,07/2022,2712,2339,"86,25",2338,1,"99,96",373,"13,75",39,334,"12,32"
210600,LIMA CAMPOS,MA,09/2022,2541,1089,"42,86",1089,0,"100,00",1452,"57,14",1119,333,"13,11"
210600,LIMA CAMPOS,MA,11/2022,2593,1932,"74,51",1929,3,"99,84",661,"25,49",342,319,"12,30"
210610,LORETO,MA,11/2022,2540,1677,"66,02",1663,14,"99,17",863,"33,98",351,512,"20,16"
210610,LORETO,MA,09/2022,2576,2018,"78,34",2017,1,"99,95",558,"21,66",27,531,"20,61"
210610,LORETO,MA,07/2022,2544,1167,"45,87",1167,0,"100,00",1377,"54,13",855,522,"20,52"
210620,LUÍS DOMINGUES,MA,07/2022,2032,1409,"69,34",1409,0,"100,00",623,"30,66",203,420,"20,67"
210620,LUÍS DOMINGUES,MA,09/2022,2032,1576,"77,56",1576,0,"100,00",456,"22,44",30,426,"20,96"
210620,LUÍS DOMINGUES,MA,11/2022,1999,1558,"77,94",1558,0,"100,00",441,"22,06",18,423,"21,16"
210630,MAGALHÃES DE ALMEIDA,MA,11/2022,3426,2947,"86,02",2947,0,"100,00",479,"13,98",20,459,"13,40"
210630,MAGALHÃES DE ALMEIDA,MA,09/2022,3416,2876,"84,19",2876,0,"100,00",540,"15,81",98,442,"12,94"
210630,MAGALHÃES DE ALMEIDA,MA,07/2022,3455,2974,"86,08",2974,0,"100,00",481,"13,92",34,447,"12,94"
210632,MARACAÇUMÉ,MA,07/2022,5221,4150,"79,49",4145,5,"99,88",1071,"20,51",75,996,"19,08"
210632,MARACAÇUMÉ,MA,09/2022,5241,4149,"79,16",4146,3,"99,93",1092,"20,84",66,1026,"19,58"
210632,MARACAÇUMÉ,MA,11/2022,5188,3971,"76,54",3968,3,"99,92",1217,"23,46",57,1160,"22,36"
210635,MARAJÁ DO SENA,MA,11/2022,2006,1504,"74,98",1504,0,"100,00",502,"25,02",280,222,"11,07"
210635,MARAJÁ DO SENA,MA,09/2022,2036,1801,"88,46",1801,0,"100,00",235,"11,54",19,216,"10,61"
210635,MARAJÁ DO SENA,MA,07/2022,1967,0,"0,00",0,0,,1967,"100,00",1692,275,"13,98"
210637,MARANHÃOZINHO,MA,07/2022,2980,2482,"83,29",2374,108,"95,65",498,"16,71",87,411,"13,79"
210637,MARANHÃOZINHO,MA,09/2022,2983,2721,"91,22",2659,62,"97,72",262,"8,78",47,215,"7,21"
210637,MARANHÃOZINHO,MA,11/2022,2840,2611,"91,94",2610,1,"99,96",229,"8,06",18,211,"7,43"
210640,MATA ROMA,MA,11/2022,5283,3697,"69,98",3689,8,"99,78",1586,"30,02",147,1439,"27,24"
210640,MATA ROMA,MA,09/2022,5300,1874,"35,36",1867,7,"99,63",3426,"64,64",2157,1269,"23,94"
210640,MATA ROMA,MA,07/2022,5504,3842,"69,80",3671,171,"95,55",1662,"30,20",371,1291,"23,46"
210650,MATINHA,MA,07/2022,6802,5382,"79,12",5379,3,"99,94",1420,"20,88",297,1123,"16,51"
210650,MATINHA,MA,09/2022,6390,0,"0,00",0,0,,6390,"100,00",5258,1132,"17,72"
210650,MATINHA,MA,11/2022,6613,5744,"86,86",5742,2,"99,97",869,"13,14",78,791,"11,96"
210660,MATÕES,MA,11/2022,7870,3694,"46,94",3582,112,"96,97",4176,"53,06",3037,1139,"14,47"
210660,MATÕES,MA,09/2022,8067,3690,"45,74",3689,1,"99,97",4377,"54,26",3210,1167,"14,47"
210660,MATÕES,MA,07/2022,7959,17,"0,21",15,2,"88,24",7942,"99,79",6790,1152,"14,47"
210663,MATÕES DO NORTE,MA,07/2022,2523,1879,"74,47",1816,63,"96,65",644,"25,53",307,337,"13,36"
210663,MATÕES DO NORTE,MA,09/2022,2336,1854,"79,37",1815,39,"97,90",482,"20,63",62,420,"17,98"
210663,MATÕES DO NORTE,MA,11/2022,2273,1603,"70,52",1406,197,"87,71",670,"29,48",204,466,"20,50"
210667,MILAGRES DO MARANHÃO,MA,11/2022,1979,1647,"83,22",1647,0,"100,00",332,"16,78",19,313,"15,82"
210667,MILAGRES DO MARANHÃO,MA,09/2022,2114,1684,"79,66",1664,20,"98,81",430,"20,34",109,321,"15,18"
210667,MILAGRES DO MARANHÃO,MA,07/2022,2049,1663,"81,16",1651,12,"99,28",386,"18,84",67,319,"15,57"
210670,MIRADOR,MA,07/2022,5207,3684,"70,75",3543,141,"96,17",1523,"29,25",214,1309,"25,14"
210670,MIRADOR,MA,09/2022,5097,3510,"68,86",3281,229,"93,48",1587,"31,14",45,1542,"30,25"
210670,MIRADOR,MA,11/2022,4817,3292,"68,34",3280,12,"99,64",1525,"31,66",53,1472,"30,56"
210675,MIRANDA DO NORTE,MA,11/2022,4671,4265,"91,31",4258,7,"99,84",406,"8,69",32,374,"8,01"
210675,MIRANDA DO NORTE,MA,09/2022,4654,4062,"87,28",4062,0,"100,00",592,"12,72",254,338,"7,26"
210675,MIRANDA DO NORTE,MA,07/2022,4535,1182,"26,06",1182,0,"100,00",3353,"73,94",2801,552,"12,17"
210680,MIRINZAL,MA,07/2022,3651,2639,"72,28",2639,0,"100,00",1012,"27,72",296,716,"19,61"
210680,MIRINZAL,MA,09/2022,3564,2612,"73,29",2612,0,"100,00",952,"26,71",242,710,"19,92"
210680,MIRINZAL,MA,11/2022,3565,2462,"69,06",2461,1,"99,96",1103,"30,94",158,945,"26,51"
210690,MONÇÃO,MA,11/2022,8156,7615,"93,37",5673,1942,"74,50",541,"6,63",80,461,"5,65"
210690,MONÇÃO,MA,09/2022,8462,7909,"93,46",6438,1471,"81,40",553,"6,54",70,483,"5,71"
210690,MONÇÃO,MA,07/2022,8780,726,"8,27",712,14,"98,07",8054,"91,73",6714,1340,"15,26"
210700,MONTES ALTOS,MA,07/2022,2222,589,"26,51",583,6,"98,98",1633,"73,49",1154,479,"21,56"
210700,MONTES ALTOS,MA,09/2022,2211,1488,"67,30",1405,83,"94,42",723,"32,70",115,608,"27,50"
210700,MONTES ALTOS,MA,11/2022,2144,1006,"46,92",960,46,"95,43",1138,"53,08",526,612,"28,54"
210710,MORROS,MA,11/2022,5409,4535,"83,84",4502,33,"99,27",874,"16,16",97,777,"14,36"
210710,MORROS,MA,09/2022,5456,4082,"74,82",4074,8,"99,80",1374,"25,18",285,1089,"19,96"
210710,MORROS,MA,07/2022,5546,3920,"70,68",3915,5,"99,87",1626,"29,32",167,1459,"26,31"
210720,NINA RODRIGUES,MA,07/2022,3716,3290,"88,54",3290,0,"100,00",426,"11,46",124,302,"8,13"
210720,NINA RODRIGUES,MA,09/2022,3677,3023,"82,21",2832,191,"93,68",654,"17,79",60,594,"16,15"
210720,NINA RODRIGUES,MA,11/2022,3479,2797,"80,40",2791,6,"99,79",682,"19,60",33,649,"18,65"
210725,NOVA COLINAS,MA,11/2022,1211,1107,"91,41",999,108,"90,24",104,"8,59",68,36,"2,97"
210725,NOVA COLINAS,MA,09/2022,1360,1129,"83,01",1033,96,"91,50",231,"16,99",26,205,"15,07"
210725,NOVA COLINAS,MA,07/2022,1336,1036,"77,54",965,71,"93,15",300,"22,46",78,222,"16,62"
210730,NOVA IORQUE,MA,07/2022,977,580,"59,37",573,7,"98,79",397,"40,63",283,114,"11,67"
210730,NOVA IORQUE,MA,09/2022,945,302,"31,96",302,0,"100,00",643,"68,04",532,111,"11,75"
210730,NOVA IORQUE,MA,11/2022,972,643,"66,15",639,4,"99,38",329,"33,85",94,235,"24,18"
210735,NOVA OLINDA DO MARANHÃO,MA,11/2022,4538,3640,"80,21",3640,0,"100,00",898,"19,79",149,749,"16,51"
210735,NOVA OLINDA DO MARANHÃO,MA,09/2022,4584,3579,"78,08",3578,1,"99,97",1005,"21,92",258,747,"16,30"
210735,NOVA OLINDA DO MARANHÃO,MA,07/2022,4697,3866,"82,31",3866,0,"100,00",831,"17,69",83,748,"15,93"
210740,OLHO D´ÁGUA DAS CUNHÃS,MA,07/2022,4221,2764,"65,48",2763,1,"99,96",1457,"34,52",155,1302,"30,85"
210740,OLHO D´ÁGUA DAS CUNHÃS,MA,09/2022,4212,2771,"65,79",2768,3,"99,89",1441,"34,21",129,1312,"31,15"
210740,OLHO D´ÁGUA DAS CUNHÃS,MA,11/2022,4191,2715,"64,78",2712,3,"99,89",1476,"35,22",167,1309,"31,23"
210745,OLINDA NOVA DO MARANHÃO,MA,11/2022,3592,3020,"84,08",3020,0,"100,00",572,"15,92",62,510,"14,20"
210745,OLINDA NOVA DO MARANHÃO,MA,09/2022,3730,3075,"82,44",3075,0,"100,00",655,"17,56",162,493,"13,22"
210745,OLINDA NOVA DO MARANHÃO,MA,07/2022,3709,3074,"82,88",3074,0,"100,00",635,"17,12",148,487,"13,13"
210750,PAÇO DO LUMIAR,MA,07/2022,22525,11578,"51,40",11578,0,"100,00",10947,"48,60",4808,6139,"27,25"
210750,PAÇO DO LUMIAR,MA,09/2022,22406,14166,"63,22",14158,8,"99,94",8240,"36,78",1606,6634,"29,61"
210750,PAÇO DO LUMIAR,MA,11/2022,22694,13599,"59,92",13564,35,"99,74",9095,"40,08",1594,7501,"33,05"
210760,PALMEIRÂNDIA,MA,11/2022,4448,3347,"75,25",3249,98,"97,07",1101,"24,75",205,896,"20,14"
210760,PALMEIRÂNDIA,MA,09/2022,4627,3108,"67,17",3011,97,"96,88",1519,"32,83",641,878,"18,98"
210760,PALMEIRÂNDIA,MA,07/2022,4984,3220,"64,61",3153,67,"97,92",1764,"35,39",913,851,"17,07"
210770,PARAIBANO,MA,07/2022,4691,2205,"47,00",2204,1,"99,95",2486,"53,00",215,2271,"48,41"
210770,PARAIBANO,MA,09/2022,4633,1872,"40,41",1837,35,"98,13",2761,"59,59",377,2384,"51,46"
210770,PARAIBANO,MA,11/2022,4559,3081,"67,58",3063,18,"99,42",1478,"32,42",141,1337,"29,33"
210780,PARNARAMA,MA,11/2022,7789,6384,"81,96",5833,551,"91,37",1405,"18,04",523,882,"11,32"
210780,PARNARAMA,MA,09/2022,7888,6668,"84,53",6482,186,"97,21",1220,"15,47",318,902,"11,44"
210780,PARNARAMA,MA,07/2022,7899,4622,"58,51",4579,43,"99,07",3277,"41,49",2372,905,"11,46"
210790,PASSAGEM FRANCA,MA,07/2022,4417,0,"0,00",0,0,,4417,"100,00",3830,587,"13,29"
210790,PASSAGEM FRANCA,MA,09/2022,4446,2831,"63,68",2622,209,"92,62",1615,"36,32",756,859,"19,32"
210790,PASSAGEM FRANCA,MA,11/2022,4145,2462,"59,40",2373,89,"96,39",1683,"40,60",671,1012,"24,41"
210800,PASTOS BONS,MA,11/2022,4607,4039,"87,67",4035,4,"99,90",568,"12,33",19,549,"11,92"
210800,PASTOS BONS,MA,09/2022,4645,4052,"87,23",4050,2,"99,95",593,"12,77",45,548,"11,80"
210800,PASTOS BONS,MA,07/2022,4650,4043,"86,95",3968,75,"98,14",607,"13,05",58,549,"11,81"
210805,PAULINO NEVES,MA,07/2022,5689,3702,"65,07",3695,7,"99,81",1987,"34,93",450,1537,"27,02"
210805,PAULINO NEVES,MA,09/2022,5797,4032,"69,55",4025,7,"99,83",1765,"30,45",97,1668,"28,77"
210805,PAULINO NEVES,MA,11/2022,5659,3741,"66,11",3714,27,"99,28",1918,"33,89",276,1642,"29,02"
210810,PAULO RAMOS,MA,11/2022,5184,4217,"81,35",4208,9,"99,79",967,"18,65",66,901,"17,38"
210810,PAULO RAMOS,MA,09/2022,5175,4171,"80,60",4171,0,"100,00",1004,"19,40",34,970,"18,74"
210810,PAULO RAMOS,MA,07/2022,5187,3656,"70,48",3656,0,"100,00",1531,"29,52",545,986,"19,01"
210820,PEDREIRAS,MA,07/2022,6060,3954,"65,25",3615,339,"91,43",2106,"34,75",141,1965,"32,43"
210820,PEDREIRAS,MA,09/2022,6060,4106,"67,76",3323,783,"80,93",1954,"32,24",108,1846,"30,46"
210820,PEDREIRAS,MA,11/2022,5891,4081,"69,28",3938,143,"96,50",1810,"30,72",15,1795,"30,47"
210825,PEDRO DO ROSÁRIO,MA,11/2022,7107,5192,"73,05",5183,9,"99,83",1915,"26,95",154,1761,"24,78"
210825,PEDRO DO ROSÁRIO,MA,09/2022,7344,4827,"65,73",4819,8,"99,83",2517,"34,27",183,2334,"31,78"
210825,PEDRO DO ROSÁRIO,MA,07/2022,7661,3963,"51,73",3729,234,"94,10",3698,"48,27",1035,2663,"34,76"
210830,PENALVA,MA,07/2022,8923,7644,"85,67",7511,133,"98,26",1279,"14,33",169,1110,"12,44"
210830,PENALVA,MA,09/2022,8846,7702,"87,07",7585,117,"98,48",1144,"12,93",37,1107,"12,51"
210830,PENALVA,MA,11/2022,8645,7503,"86,79",7464,39,"99,48",1142,"13,21",49,1093,"12,64"
210840,PERI MIRIM,MA,11/2022,2438,1551,"63,62",1551,0,"100,00",887,"36,38",464,423,"17,35"
210840,PERI MIRIM,MA,09/2022,2564,1999,"77,96",1997,2,"99,90",565,"22,04",118,447,"17,43"
210840,PERI MIRIM,MA,07/2022,2682,1134,"42,28",1134,0,"100,00",1548,"57,72",1104,444,"16,55"
210845,PERITORÓ,MA,07/2022,6452,2,"0,03",0,2,"0,00",6450,"99,97",5077,1373,"21,28"
210845,PERITORÓ,MA,09/2022,6597,5114,"77,52",5114,0,"100,00",1483,"22,48",113,1370,"20,77"
210845,PERITORÓ,MA,11/2022,6384,4801,"75,20",4801,0,"100,00",1583,"24,80",233,1350,"21,15"
210850,PINDARÉ-MIRIM,MA,11/2022,7178,5650,"78,71",5561,89,"98,42",1528,"21,29",37,1491,"20,77"
210850,PINDARÉ-MIRIM,MA,09/2022,7445,5492,"73,77",5436,56,"98,98",1953,"26,23",42,1911,"25,67"
210850,PINDARÉ-MIRIM,MA,07/2022,7325,3774,"51,52",3759,15,"99,60",3551,"48,48",1716,1835,"25,05"
210860,PINHEIRO,MA,07/2022,17846,1899,"10,64",1888,11,"99,42",15947,"89,36",13448,2499,"14,00"
210860,PINHEIRO,MA,09/2022,19028,16408,"86,23",16406,2,"99,99",2620,"13,77",123,2497,"13,12"
210860,PINHEIRO,MA,11/2022,18821,15019,"79,80",15008,11,"99,93",3802,"20,20",1453,2349,"12,48"
210870,PIO XII,MA,11/2022,5741,4866,"84,76",3817,1049,"78,44",875,"15,24",24,851,"14,82"
210870,PIO XII,MA,09/2022,5926,5154,"86,97",4973,181,"96,49",772,"13,03",63,709,"11,96"
210870,PIO XII,MA,07/2022,5923,5140,"86,78",5064,76,"98,52",783,"13,22",97,686,"11,58"
210880,PIRAPEMAS,MA,07/2022,4330,3245,"74,94",3244,1,"99,97",1085,"25,06",193,892,"20,60"
210880,PIRAPEMAS,MA,09/2022,4229,2894,"68,43",2886,8,"99,72",1335,"31,57",178,1157,"27,36"
210880,PIRAPEMAS,MA,11/2022,4071,2909,"71,46",2905,4,"99,86",1162,"28,54",30,1132,"27,81"
210890,POÇÃO DE PEDRAS,MA,11/2022,3453,2591,"75,04",2589,2,"99,92",862,"24,96",13,849,"24,59"
210890,POÇÃO DE PEDRAS,MA,09/2022,3506,2610,"74,44",2589,21,"99,20",896,"25,56",25,871,"24,84"
210890,POÇÃO DE PEDRAS,MA,07/2022,3507,2397,"68,35",2396,1,"99,96",1110,"31,65",473,637,"18,16"
210900,PORTO FRANCO,MA,07/2022,3733,2824,"75,65",2720,104,"96,32",909,"24,35",86,823,"22,05"
210900,PORTO FRANCO,MA,09/2022,3761,3038,"80,78",2992,46,"98,49",723,"19,22",14,709,"18,85"
210900,PORTO FRANCO,MA,11/2022,3623,2871,"79,24",2865,6,"99,79",752,"20,76",8,744,"20,54"
210905,PORTO RICO DO MARANHÃO,MA,11/2022,1601,1335,"83,39",1275,60,"95,51",266,"16,61",60,206,"12,87"
210905,PORTO RICO DO MARANHÃO,MA,09/2022,1585,1370,"86,44",1370,0,"100,00",215,"13,56",54,161,"10,16"
210905,PORTO RICO DO MARANHÃO,MA,07/2022,1723,1397,"81,08",1397,0,"100,00",326,"18,92",172,154,"8,94"
210910,PRESIDENTE DUTRA,MA,07/2022,6864,3565,"51,94",3376,189,"94,70",3299,"48,06",256,3043,"44,33"
210910,PRESIDENTE DUTRA,MA,09/2022,6947,3722,"53,58",3696,26,"99,30",3225,"46,42",27,3198,"46,03"
210910,PRESIDENTE DUTRA,MA,11/2022,6825,4198,"61,51",4117,81,"98,07",2627,"38,49",22,2605,"38,17"
210920,PRESIDENTE JUSCELINO,MA,11/2022,3413,2748,"80,52",2746,2,"99,93",665,"19,48",49,616,"18,05"
210920,PRESIDENTE JUSCELINO,MA,09/2022,3453,2744,"79,47",2741,3,"99,89",709,"20,53",75,634,"18,36"
210920,PRESIDENTE JUSCELINO,MA,07/2022,3596,2867,"79,73",2863,4,"99,86",729,"20,27",114,615,"17,10"
210923,PRESIDENTE MÉDICI,MA,07/2022,1439,67,"4,66",67,0,"100,00",1372,"95,34",1143,229,"15,91"
210923,PRESIDENTE MÉDICI,MA,09/2022,1464,946,"64,62",807,139,"85,31",518,"35,38",84,434,"29,64"
210923,PRESIDENTE MÉDICI,MA,11/2022,1303,995,"76,36",964,31,"96,88",308,"23,64",53,255,"19,57"
210927,PRESIDENTE SARNEY,MA,11/2022,5956,3314,"55,64",3222,92,"97,22",2642,"44,36",246,2396,"40,23"
210927,PRESIDENTE SARNEY,MA,09/2022,5935,2491,"41,97",2429,62,"97,51",3444,"58,03",1178,2266,"38,18"
210927,PRESIDENTE SARNEY,MA,07/2022,6420,3835,"59,74",3815,20,"99,48",2585,"40,26",459,2126,"33,12"
210930,PRESIDENTE VARGAS,MA,07/2022,2878,1976,"68,66",1976,0,"100,00",902,"31,34",415,487,"16,92"
210930,PRESIDENTE VARGAS,MA,09/2022,2773,882,"31,81",844,38,"95,69",1891,"68,19",1406,485,"17,49"
210930,PRESIDENTE VARGAS,MA,11/2022,2827,2087,"73,82",2068,19,"99,09",740,"26,18",258,482,"17,05"
210940,PRIMEIRA CRUZ,MA,11/2022,3586,2061,"57,47",2007,54,"97,38",1525,"42,53",467,1058,"29,50"
210940,PRIMEIRA CRUZ,MA,09/2022,3792,2326,"61,34",2174,152,"93,47",1466,"38,66",415,1051,"27,72"
210940,PRIMEIRA CRUZ,MA,07/2022,4092,3258,"79,62",3255,3,"99,91",834,"20,38",429,405,"9,90"
210945,RAPOSA,MA,07/2022,7537,5943,"78,85",5936,7,"99,88",1594,"21,15",443,1151,"15,27"
210945,RAPOSA,MA,09/2022,7284,5692,"78,14",5502,190,"96,66",1592,"21,86",110,1482,"20,35"
210945,RAPOSA,MA,11/2022,7079,5477,"77,37",5303,174,"96,82",1602,"22,63",107,1495,"21,12"
210950,RIACHÃO,MA,11/2022,4625,2954,"63,87",2926,28,"99,05",1671,"36,13",67,1604,"34,68"
210950,RIACHÃO,MA,09/2022,4610,2918,"63,30",2844,74,"97,46",1692,"36,70",68,1624,"35,23"
210950,RIACHÃO,MA,07/2022,4586,1877,"40,93",1876,1,"99,95",2709,"59,07",1363,1346,"29,35"
210955,RIBAMAR FIQUENE,MA,07/2022,1582,1273,"80,47",1273,0,"100,00",309,"19,53",15,294,"18,58"
210955,RIBAMAR FIQUENE,MA,09/2022,1579,1243,"78,72",1238,5,"99,60",336,"21,28",5,331,"20,96"
210955,RIBAMAR FIQUENE,MA,11/2022,1583,1220,"77,07",1210,10,"99,18",363,"22,93",7,356,"22,49"
210960,ROSÁRIO,MA,11/2022,8651,6275,"72,53",6224,51,"99,19",2376,"27,47",53,2323,"26,85"
210960,ROSÁRIO,MA,09/2022,8763,6397,"73,00",6188,209,"96,73",2366,"27,00",62,2304,"26,29"
210960,ROSÁRIO,MA,07/2022,8967,5796,"64,64",5788,8,"99,86",3171,"35,36",179,2992,"33,37"
210970,SAMBAÍBA,MA,07/2022,1161,0,"0,00",0,0,,1161,"100,00",961,200,"17,23"
210970,SAMBAÍBA,MA,09/2022,1319,1144,"86,73",1140,4,"99,65",175,"13,27",112,63,"4,78"
210970,SAMBAÍBA,MA,11/2022,1233,1025,"83,13",1024,1,"99,90",208,"16,87",16,192,"15,57"
210975,SANTA FILOMENA DO MARANHÃO,MA,11/2022,1534,1130,"73,66",1129,1,"99,91",404,"26,34",1,403,"26,27"
210975,SANTA FILOMENA DO MARANHÃO,MA,09/2022,1557,1053,"67,63",1052,1,"99,91",504,"32,37",3,501,"32,18"
210975,SANTA FILOMENA DO MARANHÃO,MA,07/2022,1573,1030,"65,48",1021,9,"99,13",543,"34,52",42,501,"31,85"
210980,SANTA HELENA,MA,07/2022,7678,1928,"25,11",1812,116,"93,98",5750,"74,89",4744,1006,"13,10"
210980,SANTA HELENA,MA,09/2022,7724,3440,"44,54",3251,189,"94,51",4284,"55,46",3502,782,"10,12"
210980,SANTA HELENA,MA,11/2022,7155,1738,"24,29",1668,70,"95,97",5417,"75,71",4605,812,"11,35"
210990,SANTA INÊS,MA,11/2022,16384,8989,"54,86",8748,241,"97,32",7395,"45,14",120,7275,"44,40"
210990,SANTA INÊS,MA,09/2022,16647,10393,"62,43",10377,16,"99,85",6254,"37,57",179,6075,"36,49"
210990,SANTA INÊS,MA,07/2022,16555,9939,"60,04",9601,338,"96,60",6616,"39,96",1535,5081,"30,69"
211000,SANTA LUZIA,MA,07/2022,15931,8500,"53,36",7775,725,"91,47",7431,"46,64",2189,5242,"32,90"
211000,SANTA LUZIA,MA,09/2022,15741,10104,"64,19",9758,346,"96,58",5637,"35,81",255,5382,"34,19"
211000,SANTA LUZIA,MA,11/2022,15018,9363,"62,35",9253,110,"98,83",5655,"37,65",271,5384,"35,85"
211003,SANTA LUZIA DO PARUÁ,MA,11/2022,5701,5217,"91,51",5177,40,"99,23",484,"8,49",53,431,"7,56"
211003,SANTA LUZIA DO PARUÁ,MA,09/2022,5875,5287,"89,99",5226,61,"98,85",588,"10,01",138,450,"7,66"
211003,SANTA LUZIA DO PARUÁ,MA,07/2022,5903,5214,"88,33",5171,43,"99,18",689,"11,67",117,572,"9,69"
211010,SANTA QUITÉRIA DO MARANHÃO,MA,07/2022,8215,5221,"63,55",5210,11,"99,79",2994,"36,45",358,2636,"32,09"
211010,SANTA QUITÉRIA DO MARANHÃO,MA,09/2022,8054,4753,"59,01",4445,308,"93,52",3301,"40,99",597,2704,"33,57"
211010,SANTA QUITÉRIA DO MARANHÃO,MA,11/2022,7727,4872,"63,05",4797,75,"98,46",2855,"36,95",33,2822,"36,52"
211020,SANTA RITA,MA,11/2022,8760,7875,"89,90",7845,30,"99,62",885,"10,10",65,820,"9,36"
211020,SANTA RITA,MA,09/2022,8784,7910,"90,05",7905,5,"99,94",874,"9,95",73,801,"9,12"
211020,SANTA RITA,MA,07/2022,9034,7270,"80,47",7267,3,"99,96",1764,"19,53",489,1275,"14,11"
211023,SANTANA DO MARANHÃO,MA,07/2022,2281,1956,"85,75",1889,67,"96,57",325,"14,25",99,226,"9,91"
211023,SANTANA DO MARANHÃO,MA,09/2022,2204,1886,"85,57",1797,89,"95,28",318,"14,43",73,245,"11,12"
211023,SANTANA DO MARANHÃO,MA,11/2022,2095,1827,"87,21",1811,16,"99,12",268,"12,79",22,246,"11,74"
211027,SANTO AMARO DO MARANHÃO,MA,11/2022,3661,2533,"69,19",2506,27,"98,93",1128,"30,81",58,1070,"29,23"
211027,SANTO AMARO DO MARANHÃO,MA,09/2022,3664,2627,"71,70",2619,8,"99,70",1037,"28,30",57,980,"26,75"
211027,SANTO AMARO DO MARANHÃO,MA,07/2022,3628,2725,"75,11",2693,32,"98,83",903,"24,89",116,787,"21,69"
211030,SANTO ANTÔNIO DOS LOPES,MA,07/2022,3647,2736,"75,02",2734,2,"99,93",911,"24,98",59,852,"23,36"
211030,SANTO ANTÔNIO DOS LOPES,MA,09/2022,3671,2741,"74,67",2741,0,"100,00",930,"25,33",31,899,"24,49"
211030,SANTO ANTÔNIO DOS LOPES,MA,11/2022,3651,2727,"74,69",2727,0,"100,00",924,"25,31",20,904,"24,76"
211040,SÃO BENEDITO DO RIO PRETO,MA,11/2022,5744,5139,"89,47",5059,80,"98,44",605,"10,53",52,553,"9,63"
211040,SÃO BENEDITO DO RIO PRETO,MA,09/2022,6154,5354,"87,00",4980,374,"93,01",800,"13,00",29,771,"12,53"
211040,SÃO BENEDITO DO RIO PRETO,MA,07/2022,6238,5365,"86,01",5322,43,"99,20",873,"13,99",102,771,"12,36"
211050,SÃO BENTO,MA,07/2022,8385,6582,"78,50",6581,1,"99,98",1803,"21,50",221,1582,"18,87"
211050,SÃO BENTO,MA,09/2022,8241,6390,"77,54",6385,5,"99,92",1851,"22,46",237,1614,"19,59"
211050,SÃO BENTO,MA,11/2022,8107,6324,"78,01",6322,2,"99,97",1783,"21,99",182,1601,"19,75"
211060,SÃO BERNARDO,MA,11/2022,7226,5882,"81,40",5881,1,"99,98",1344,"18,60",106,1238,"17,13"
211060,SÃO BERNARDO,MA,09/2022,7313,4667,"63,82",4665,2,"99,96",2646,"36,18",1370,1276,"17,45"
211060,SÃO BERNARDO,MA,07/2022,7370,5806,"78,78",5806,0,"100,00",1564,"21,22",391,1173,"15,92"
211065,SÃO DOMINGOS DO AZEITÃO,MA,07/2022,2047,0,"0,00",0,0,,2047,"100,00",1583,464,"22,67"
211065,SÃO DOMINGOS DO AZEITÃO,MA,09/2022,2142,1628,"76,00",1577,51,"96,87",514,"24,00",28,486,"22,69"
211065,SÃO DOMINGOS DO AZEITÃO,MA,11/2022,2087,1437,"68,85",1437,0,"100,00",650,"31,15",157,493,"23,62"
211070,SÃO DOMINGOS DO MARANHÃO,MA,11/2022,7473,6173,"82,60",6058,115,"98,14",1300,"17,40",32,1268,"16,97"
211070,SÃO DOMINGOS DO MARANHÃO,MA,09/2022,7573,6238,"82,37",6120,118,"98,11",1335,"17,63",56,1279,"16,89"
211070,SÃO DOMINGOS DO MARANHÃO,MA,07/2022,7805,5298,"67,88",5223,75,"98,58",2507,"32,12",337,2170,"27,80"
211080,SÃO FÉLIX DE BALSAS,MA,07/2022,966,362,"37,47",351,11,"96,96",604,"62,53",304,300,"31,06"
211080,SÃO FÉLIX DE BALSAS,MA,09/2022,929,612,"65,88",612,0,"100,00",317,"34,12",7,310,"33,37"
211080,SÃO FÉLIX DE BALSAS,MA,11/2022,935,693,"74,12",662,31,"95,53",242,"25,88",14,228,"24,39"
211085,SÃO FRANCISCO DO BREJÃO,MA,11/2022,2138,1515,"70,86",1491,24,"98,42",623,"29,14",70,553,"25,87"
211085,SÃO FRANCISCO DO BREJÃO,MA,09/2022,2161,1255,"58,07",1231,24,"98,09",906,"41,93",612,294,"13,60"
211085,SÃO FRANCISCO DO BREJÃO,MA,07/2022,2074,139,"6,70",139,0,"100,00",1935,"93,30",1665,270,"13,02"
211090,SÃO FRANCISCO DO MARANHÃO,MA,07/2022,2822,2234,"79,16",2234,0,"100,00",588,"20,84",38,550,"19,49"
211090,SÃO FRANCISCO DO MARANHÃO,MA,09/2022,2796,1321,"47,25",1320,1,"99,92",1475,"52,75",932,543,"19,42"
211090,SÃO FRANCISCO DO MARANHÃO,MA,11/2022,2773,2227,"80,31",2227,0,"100,00",546,"19,69",13,533,"19,22"
211100,SÃO JOÃO BATISTA,MA,11/2022,5007,3871,"77,31",3848,23,"99,41",1136,"22,69",229,907,"18,11"
211100,SÃO JOÃO BATISTA,MA,09/2022,4985,4063,"81,50",4063,0,"100,00",922,"18,50",186,736,"14,76"
211100,SÃO JOÃO BATISTA,MA,07/2022,5132,3055,"59,53",3054,1,"99,97",2077,"40,47",1345,732,"14,26"
211102,SÃO JOÃO DO CARÚ,MA,07/2022,3721,1247,"33,51",1210,37,"97,03",2474,"66,49",1288,1186,"31,87"
211102,SÃO JOÃO DO CARÚ,MA,09/2022,3706,2003,"54,05",1842,161,"91,96",1703,"45,95",208,1495,"40,34"
211102,SÃO JOÃO DO CARÚ,MA,11/2022,3581,2205,"61,57",2102,103,"95,33",1376,"38,43",37,1339,"37,39"
211105,SÃO JOÃO DO PARAÍSO,MA,11/2022,2041,1637,"80,21",1637,0,"100,00",404,"19,79",124,280,"13,72"
211105,SÃO JOÃO DO PARAÍSO,MA,09/2022,2042,1734,"84,92",1734,0,"100,00",308,"15,08",37,271,"13,27"
211105,SÃO JOÃO DO PARAÍSO,MA,07/2022,1973,0,"0,00",0,0,,1973,"100,00",1689,284,"14,39"
211107,SÃO JOÃO DO SOTER,MA,07/2022,5345,4198,"78,54",4197,1,"99,98",1147,"21,46",75,1072,"20,06"
211107,SÃO JOÃO DO SOTER,MA,09/2022,5319,4181,"78,61",4178,3,"99,93",1138,"21,39",69,1069,"20,10"
211107,SÃO JOÃO DO SOTER,MA,11/2022,5287,4497,"85,06",4497,0,"100,00",790,"14,94",55,735,"13,90"
211110,SÃO JOÃO DOS PATOS,MA,11/2022,4806,4658,"96,92",4644,14,"99,70",148,"3,08",3,145,"3,02"
211110,SÃO JOÃO DOS PATOS,MA,09/2022,4999,4749,"95,00",4644,105,"97,79",250,"5,00",21,229,"4,58"
211110,SÃO JOÃO DOS PATOS,MA,07/2022,5012,4594,"91,66",4532,62,"98,65",418,"8,34",24,394,"7,86"
211120,SÃO JOSÉ DE RIBAMAR,MA,07/2022,34421,5230,"15,19",5227,3,"99,94",29191,"84,81",19563,9628,"27,97"
211120,SÃO JOSÉ DE RIBAMAR,MA,09/2022,31823,9554,"30,02",9164,390,"95,92",22269,"69,98",12179,10090,"31,71"
211120,SÃO JOSÉ DE RIBAMAR,MA,11/2022,33196,10225,"30,80",9854,371,"96,37",22971,"69,20",11194,11777,"35,48"
211125,SÃO JOSÉ DOS BASÍLIOS,MA,11/2022,1550,1245,"80,32",1179,66,"94,70",305,"19,68",66,239,"15,42"
211125,SÃO JOSÉ DOS BASÍLIOS,MA,09/2022,1691,1341,"79,30",1180,161,"87,99",350,"20,70",86,264,"15,61"
211125,SÃO JOSÉ DOS BASÍLIOS,MA,07/2022,1796,1219,"67,87",1074,145,"88,11",577,"32,13",101,476,"26,50"
211130,SÃO LUÍS,MA,07/2022,119405,27,"0,02",19,8,"70,37",119378,"99,98",90091,29287,"24,53"
211130,SÃO LUÍS,MA,09/2022,134304,87638,"65,25",87402,236,"99,73",46666,"34,75",18535,28131,"20,95"
211130,SÃO LUÍS,MA,11/2022,130820,55323,"42,29",53708,1615,"97,08",75497,"57,71",38804,36693,"28,05"
211140,SÃO LUÍS GONZAGA DO MARANHÃO,MA,11/2022,4836,3503,"72,44",3497,6,"99,83",1333,"27,56",34,1299,"26,86"
211140,SÃO LUÍS GONZAGA DO MARANHÃO,MA,09/2022,4867,3315,"68,11",3249,66,"98,01",1552,"31,89",208,1344,"27,61"
211140,SÃO LUÍS GONZAGA DO MARANHÃO,MA,07/2022,4777,1708,"35,75",1706,2,"99,88",3069,"64,25",1728,1341,"28,07"
211150,SÃO MATEUS DO MARANHÃO,MA,07/2022,9023,2,"0,02",0,2,"0,00",9021,"99,98",7534,1487,"16,48"
211150,SÃO MATEUS DO MARANHÃO,MA,09/2022,9298,7263,"78,11",7263,0,"100,00",2035,"21,89",572,1463,"15,73"
211150,SÃO MATEUS DO MARANHÃO,MA,11/2022,9193,7061,"76,81",7061,0,"100,00",2132,"23,19",680,1452,"15,79"
211153,SÃO PEDRO DA ÁGUA BRANCA,MA,11/2022,2473,1940,"78,45",1935,5,"99,74",533,"21,55",42,491,"19,85"
211153,SÃO PEDRO DA ÁGUA BRANCA,MA,09/2022,2467,685,"27,77",684,1,"99,85",1782,"72,23",1308,474,"19,21"
211153,SÃO PEDRO DA ÁGUA BRANCA,MA,07/2022,2463,0,"0,00",0,0,,2463,"100,00",2074,389,"15,79"
211157,SÃO PEDRO DOS CRENTES,MA,07/2022,1033,859,"83,16",789,70,"91,85",174,"16,84",42,132,"12,78"
211157,SÃO PEDRO DOS CRENTES,MA,09/2022,979,863,"88,15",788,75,"91,31",116,"11,85",6,110,"11,24"
211157,SÃO PEDRO DOS CRENTES,MA,11/2022,927,763,"82,31",737,26,"96,59",164,"17,69",55,109,"11,76"
211160,SÃO RAIMUNDO DAS MANGABEIRAS,MA,11/2022,3389,3088,"91,12",2992,96,"96,89",301,"8,88",28,273,"8,06"
211160,SÃO RAIMUNDO DAS MANGABEIRAS,MA,09/2022,3577,3306,"92,42",2997,309,"90,65",271,"7,58",34,237,"6,63"
211160,SÃO RAIMUNDO DAS MANGABEIRAS,MA,07/2022,3550,3035,"85,49",2967,68,"97,76",515,"14,51",72,443,"12,48"
211163,SÃO RAIMUNDO DO DOCA BEZERRA,MA,07/2022,1592,0,"0,00",0,0,,1592,"100,00",1339,253,"15,89"
211163,SÃO RAIMUNDO DO DOCA BEZERRA,MA,09/2022,1587,769,"48,46",752,17,"97,79",818,"51,54",379,439,"27,66"
211163,SÃO RAIMUNDO DO DOCA BEZERRA,MA,11/2022,1522,958,"62,94",943,15,"98,43",564,"37,06",73,491,"32,26"
211167,SÃO ROBERTO,MA,11/2022,1467,1210,"82,48",1210,0,"100,00",257,"17,52",9,248,"16,91"
211167,SÃO ROBERTO,MA,09/2022,1483,1220,"82,27",1220,0,"100,00",263,"17,73",26,237,"15,98"
211167,SÃO ROBERTO,MA,07/2022,1498,1226,"81,84",1226,0,"100,00",272,"18,16",42,230,"15,35"
211170,SÃO VICENTE FERRER,MA,07/2022,5053,3689,"73,01",3689,0,"100,00",1364,"26,99",275,1089,"21,55"
211170,SÃO VICENTE FERRER,MA,09/2022,4933,3312,"67,14",3311,1,"99,97",1621,"32,86",513,1108,"22,46"
211170,SÃO VICENTE FERRER,MA,11/2022,4899,3769,"76,93",3759,10,"99,73",1130,"23,07",74,1056,"21,56"
211172,SATUBINHA,MA,11/2022,2094,933,"44,56",892,41,"95,61",1161,"55,44",234,927,"44,27"
211172,SATUBINHA,MA,09/2022,2111,534,"25,30",502,32,"94,01",1577,"74,70",676,901,"42,68"
211172,SATUBINHA,MA,07/2022,2187,1376,"62,92",1373,3,"99,78",811,"37,08",379,432,"19,75"
211174,SENADOR ALEXANDRE COSTA,MA,07/2022,3057,2068,"67,65",1925,143,"93,09",989,"32,35",57,932,"30,49"
211174,SENADOR ALEXANDRE COSTA,MA,09/2022,2989,2076,"69,45",2076,0,"100,00",913,"30,55",26,887,"29,68"
211174,SENADOR ALEXANDRE COSTA,MA,11/2022,2857,2025,"70,88",2022,3,"99,85",832,"29,12",75,757,"26,50"
211176,SENADOR LA ROCQUE,MA,11/2022,3646,2611,"71,61",2609,2,"99,92",1035,"28,39",50,985,"27,02"
211176,SENADOR LA ROCQUE,MA,09/2022,3607,2397,"66,45",2397,0,"100,00",1210,"33,55",60,1150,"31,88"
211176,SENADOR LA ROCQUE,MA,07/2022,3663,205,"5,60",205,0,"100,00",3458,"94,40",2947,511,"13,95"
211178,SERRANO DO MARANHÃO,MA,07/2022,3394,2437,"71,80",2437,0,"100,00",957,"28,20",241,716,"21,10"
211178,SERRANO DO MARANHÃO,MA,09/2022,3323,2838,"85,40",2742,96,"96,62",485,"14,60",271,214,"6,44"
211178,SERRANO DO MARANHÃO,MA,11/2022,3192,2081,"65,19",2080,1,"99,95",1111,"34,81",884,227,"7,11"
211180,SÍTIO NOVO,MA,11/2022,4330,3617,"83,53",3402,215,"94,06",713,"16,47",24,689,"15,91"
211180,SÍTIO NOVO,MA,09/2022,4422,3631,"82,11",3545,86,"97,63",791,"17,89",37,754,"17,05"
211180,SÍTIO NOVO,MA,07/2022,4548,3693,"81,20",3678,15,"99,59",855,"18,80",68,787,"17,30"
211190,SUCUPIRA DO NORTE,MA,07/2022,2528,2375,"93,95",2356,19,"99,20",153,"6,05",41,112,"4,43"
211190,SUCUPIRA DO NORTE,MA,09/2022,2486,2307,"92,80",2182,125,"94,58",179,"7,20",23,156,"6,28"
211190,SUCUPIRA DO NORTE,MA,11/2022,2361,2137,"90,51",2098,39,"98,18",224,"9,49",15,209,"8,85"
211195,SUCUPIRA DO RIACHÃO,MA,11/2022,1234,945,"76,58",934,11,"98,84",289,"23,42",2,287,"23,26"
211195,SUCUPIRA DO RIACHÃO,MA,09/2022,1228,849,"69,14",832,17,"98,00",379,"30,86",121,258,"21,01"
211195,SUCUPIRA DO RIACHÃO,MA,07/2022,1239,990,"79,90",980,10,"98,99",249,"20,10",2,247,"19,94"
211200,TASSO FRAGOSO,MA,07/2022,2007,1550,"77,23",1545,5,"99,68",457,"22,77",124,333,"16,59"
211200,TASSO FRAGOSO,MA,09/2022,1934,1543,"79,78",1541,2,"99,87",391,"20,22",46,345,"17,84"
211200,TASSO FRAGOSO,MA,11/2022,1903,1513,"79,51",1511,2,"99,87",390,"20,49",22,368,"19,34"
211210,TIMBIRAS,MA,11/2022,6992,5588,"79,92",5588,0,"100,00",1404,"20,08",158,1246,"17,82"
211210,TIMBIRAS,MA,09/2022,7092,5835,"82,28",5835,0,"100,00",1257,"17,72",93,1164,"16,41"
211210,TIMBIRAS,MA,07/2022,7150,5025,"70,28",5025,0,"100,00",2125,"29,72",905,1220,"17,06"
211220,TIMON,MA,07/2022,31713,22731,"71,68",22664,67,"99,71",8982,"28,32",764,8218,"25,91"
211220,TIMON,MA,09/2022,32251,19435,"60,26",19279,156,"99,20",12816,"39,74",4476,8340,"25,86"
211220,TIMON,MA,11/2022,32141,22455,"69,86",22411,44,"99,80",9686,"30,14",514,9172,"28,54"
211223,TRIZIDELA DO VALE,MA,11/2022,4431,2196,"49,56",2182,14,"99,36",2235,"50,44",137,2098,"47,35"
211223,TRIZIDELA DO VALE,MA,09/2022,4495,2381,"52,97",2380,1,"99,96",2114,"47,03",796,1318,"29,32"
211223,TRIZIDELA DO VALE,MA,07/2022,4552,2288,"50,26",2282,6,"99,74",2264,"49,74",912,1352,"29,70"
211227,TUFILÂNDIA,MA,07/2022,2031,1611,"79,32",1610,1,"99,94",420,"20,68",46,374,"18,41"
211227,TUFILÂNDIA,MA,09/2022,2031,1599,"78,73",1598,1,"99,94",432,"21,27",33,399,"19,65"
211227,TUFILÂNDIA,MA,11/2022,2013,1590,"78,99",1590,0,"100,00",423,"21,01",15,408,"20,27"
211230,TUNTUM,MA,11/2022,7124,4633,"65,03",4562,71,"98,47",2491,"34,97",79,2412,"33,86"
211230,TUNTUM,MA,09/2022,7197,3583,"49,78",3513,70,"98,05",3614,"50,22",770,2844,"39,52"
211230,TUNTUM,MA,07/2022,7159,2148,"30,00",2114,34,"98,42",5011,"70,00",2942,2069,"28,90"
211240,TURIAÇU,MA,07/2022,10038,5363,"53,43",5204,159,"97,04",4675,"46,57",2629,2046,"20,38"
211240,TURIAÇU,MA,09/2022,9907,7542,"76,13",7289,253,"96,65",2365,"23,87",192,2173,"21,93"
211240,TURIAÇU,MA,11/2022,9694,7348,"75,80",7324,24,"99,67",2346,"24,20",113,2233,"23,03"
211245,TURILÂNDIA,MA,11/2022,8238,3715,"45,10",3715,0,"100,00",4523,"54,90",441,4082,"49,55"
211245,TURILÂNDIA,MA,09/2022,8113,2070,"25,51",2063,7,"99,66",6043,"74,49",2566,3477,"42,86"
211245,TURILÂNDIA,MA,07/2022,8526,5441,"63,82",5441,0,"100,00",3085,"36,18",600,2485,"29,15"
211250,TUTÓIA,MA,07/2022,14228,3129,"21,99",3119,10,"99,68",11099,"78,01",8881,2218,"15,59"
211250,TUTÓIA,MA,09/2022,14409,7491,"51,99",7349,142,"98,10",6918,"48,01",1910,5008,"34,76"
211250,TUTÓIA,MA,11/2022,14152,8491,"60,00",7879,612,"92,79",5661,"40,00",472,5189,"36,67"
211260,URBANO SANTOS,MA,11/2022,10443,6649,"63,67",6614,35,"99,47",3794,"36,33",184,3610,"34,57"
211260,URBANO SANTOS,MA,09/2022,10360,5935,"57,29",5907,28,"99,53",4425,"42,71",1151,3274,"31,60"
211260,URBANO SANTOS,MA,07/2022,10512,6690,"63,64",6671,19,"99,72",3822,"36,36",783,3039,"28,91"
211270,VARGEM GRANDE,MA,07/2022,11856,8161,"68,83",8161,0,"100,00",3695,"31,17",1470,2225,"18,77"
211270,VARGEM GRANDE,MA,09/2022,11675,5663,"48,51",5327,336,"94,07",6012,"51,49",314,5698,"48,81"
211270,VARGEM GRANDE,MA,11/2022,11398,5630,"49,39",5488,142,"97,48",5768,"50,61",370,5398,"47,36"
211280,VIANA,MA,11/2022,12422,11613,"93,49",11410,203,"98,25",809,"6,51",47,762,"6,13"
211280,VIANA,MA,09/2022,12742,11590,"90,96",11320,270,"97,67",1152,"9,04",131,1021,"8,01"
211280,VIANA,MA,07/2022,12697,11322,"89,17",11105,217,"98,08",1375,"10,83",145,1230,"9,69"
211285,VILA NOVA DOS MARTÍRIOS,MA,07/2022,2180,1788,"82,02",1787,1,"99,94",392,"17,98",24,368,"16,88"
211285,VILA NOVA DOS MARTÍRIOS,MA,09/2022,2207,1974,"89,44",1972,2,"99,90",233,"10,56",14,219,"9,92"
211285,VILA NOVA DOS MARTÍRIOS,MA,11/2022,2121,2063,"97,27",1915,148,"92,83",58,"2,73",6,52,"2,45"
211290,VITÓRIA DO MEARIM,MA,11/2022,7758,6444,"83,06",6423,21,"99,67",1314,"16,94",17,1297,"16,72"
211290,VITÓRIA DO MEARIM,MA,09/2022,8053,6736,"83,65",6575,161,"97,61",1317,"16,35",10,1307,"16,23"
211290,VITÓRIA DO MEARIM,MA,07/2022,8124,6750,"83,09",6584,166,"97,54",1374,"16,91",72,1302,"16,03"
211300,VITORINO FREIRE,MA,07/2022,6674,2969,"44,49",2675,294,"90,10",3705,"55,51",1146,2559,"38,34"
211300,VITORINO FREIRE,MA,09/2022,6424,2462,"38,33",2397,65,"97,36",3962,"61,67",1477,2485,"38,68"
211300,VITORINO FREIRE,MA,11/2022,6195,3802,"61,37",3802,0,"100,00",2393,"38,63",16,2377,"38,37"
211400,ZÉ DOCA,MA,11/2022,9270,6160,"66,45",6014,146,"97,63",3110,"33,55",532,2578,"27,81"
211400,ZÉ DOCA,MA,09/2022,9640,7038,"73,01",6656,382,"94,57",2602,"26,99",187,2415,"25,05"
211400,ZÉ DOCA,MA,07/2022,9795,3308,"33,77",3263,45,"98,64",6487,"66,23",4295,2192,"22,38"
310010,ABADIA DOS DOURADOS,MG,11/2022,379,321,"84,70",321,0,"100,00",58,"15,30",0,58,"15,30"
310010,ABADIA DOS DOURADOS,MG,09/2022,377,321,"85,15",321,0,"100,00",56,"14,85",0,56,"14,85"
310010,ABADIA DOS DOURADOS,MG,07/2022,372,308,"82,80",308,0,"100,00",64,"17,20",1,63,"16,94"
310020,ABAETÉ,MG,09/2022,1325,1126,"84,98",994,132,"88,28",199,"15,02",10,189,"14,26"
310020,ABAETÉ,MG,07/2022,1323,1087,"82,16",1039,48,"95,58",236,"17,84",8,228,"17,23"
310020,ABAETÉ,MG,11/2022,1306,1132,"86,68",1069,63,"94,43",174,"13,32",1,173,"13,25"
310030,ABRE CAMPO,MG,11/2022,1238,1168,"94,35",1155,13,"98,89",70,"5,65",12,58,"4,68"
310030,ABRE CAMPO,MG,07/2022,1249,1135,"90,87",1071,64,"94,36",114,"9,13",95,19,"1,52"
310030,ABRE CAMPO,MG,09/2022,1268,1182,"93,22",1177,5,"99,58",86,"6,78",9,77,"6,07"
310040,ACAIACA,MG,09/2022,470,291,"61,91",274,17,"94,16",179,"38,09",49,130,"27,66"
310040,ACAIACA,MG,07/2022,474,331,"69,83",328,3,"99,09",143,"30,17",51,92,"19,41"
310040,ACAIACA,MG,11/2022,444,268,"60,36",256,12,"95,52",176,"39,64",46,130,"29,28"
310050,AÇUCENA,MG,11/2022,1074,927,"86,31",698,229,"75,30",147,"13,69",2,145,"13,50"
310050,AÇUCENA,MG,07/2022,1111,874,"78,67",743,131,"85,01",237,"21,33",12,225,"20,25"
310050,AÇUCENA,MG,09/2022,1107,853,"77,06",694,159,"81,36",254,"22,94",41,213,"19,24"
310060,ÁGUA BOA,MG,07/2022,2662,1950,"73,25",1949,1,"99,95",712,"26,75",67,645,"24,23"
310060,ÁGUA BOA,MG,09/2022,2687,2015,"74,99",2015,0,"100,00",672,"25,01",15,657,"24,45"
310060,ÁGUA BOA,MG,11/2022,2634,1989,"75,51",1987,2,"99,90",645,"24,49",2,643,"24,41"
310070,ÁGUA COMPRIDA,MG,11/2022,182,156,"85,71",145,11,"92,95",26,"14,29",2,24,"13,19"
310070,ÁGUA COMPRIDA,MG,09/2022,202,135,"66,83",135,0,"100,00",67,"33,17",3,64,"31,68"
310070,ÁGUA COMPRIDA,MG,07/2022,194,114,"58,76",92,22,"80,70",80,"41,24",20,60,"30,93"
310080,AGUANIL,MG,07/2022,439,271,"61,73",271,0,"100,00",168,"38,27",3,165,"37,59"
310080,AGUANIL,MG,09/2022,446,278,"62,33",278,0,"100,00",168,"37,67",3,165,"37,00"
310080,AGUANIL,MG,11/2022,433,282,"65,13",282,0,"100,00",151,"34,87",0,151,"34,87"
310090,ÁGUAS FORMOSAS,MG,11/2022,2836,2263,"79,80",2164,99,"95,63",573,"20,20",18,555,"19,57"
310090,ÁGUAS FORMOSAS,MG,07/2022,3026,1675,"55,35",1425,250,"85,07",1351,"44,65",11,1340,"44,28"
310090,ÁGUAS FORMOSAS,MG,09/2022,3055,2120,"69,39",1968,152,"92,83",935,"30,61",13,922,"30,18"
310100,ÁGUAS VERMELHAS,MG,09/2022,2513,2299,"91,48",2095,204,"91,13",214,"8,52",16,198,"7,88"
310100,ÁGUAS VERMELHAS,MG,07/2022,2543,2080,"81,79",1848,232,"88,85",463,"18,21",21,442,"17,38"
310100,ÁGUAS VERMELHAS,MG,11/2022,2360,2132,"90,34",1976,156,"92,68",228,"9,66",21,207,"8,77"
310110,AIMORÉS,MG,11/2022,2655,1422,"53,56",1376,46,"96,77",1233,"46,44",30,1203,"45,31"
310110,AIMORÉS,MG,09/2022,2670,1399,"52,40",1129,270,"80,70",1271,"47,60",15,1256,"47,04"
310110,AIMORÉS,MG,07/2022,2622,1294,"49,35",1189,105,"91,89",1328,"50,65",115,1213,"46,26"
310120,AIURUOCA,MG,09/2022,306,260,"84,97",260,0,"100,00",46,"15,03",1,45,"14,71"
310120,AIURUOCA,MG,07/2022,301,229,"76,08",229,0,"100,00",72,"23,92",3,69,"22,92"
310120,AIURUOCA,MG,11/2022,311,221,"71,06",204,17,"92,31",90,"28,94",1,89,"28,62"
310130,ALAGOA,MG,11/2022,257,177,"68,87",177,0,"100,00",80,"31,13",0,80,"31,13"
310130,ALAGOA,MG,09/2022,267,173,"64,79",161,12,"93,06",94,"35,21",0,94,"35,21"
310130,ALAGOA,MG,07/2022,251,150,"59,76",137,13,"91,33",101,"40,24",21,80,"31,87"
310140,ALBERTINA,MG,09/2022,208,149,"71,63",149,0,"100,00",59,"28,37",0,59,"28,37"
310140,ALBERTINA,MG,07/2022,185,80,"43,24",80,0,"100,00",105,"56,76",49,56,"30,27"
310140,ALBERTINA,MG,11/2022,208,157,"75,48",157,0,"100,00",51,"24,52",13,38,"18,27"
310150,ALÉM PARAÍBA,MG,11/2022,3242,2123,"65,48",2103,20,"99,06",1119,"34,52",6,1113,"34,33"
310150,ALÉM PARAÍBA,MG,07/2022,3103,1922,"61,94",1848,74,"96,15",1181,"38,06",209,972,"31,32"
310150,ALÉM PARAÍBA,MG,09/2022,3249,2054,"63,22",1998,56,"97,27",1195,"36,78",45,1150,"35,40"
310160,ALFENAS,MG,07/2022,4559,1980,"43,43",1745,235,"88,13",2579,"56,57",952,1627,"35,69"
310160,ALFENAS,MG,09/2022,4946,2341,"47,33",2010,331,"85,86",2605,"52,67",827,1778,"35,95"
310160,ALFENAS,MG,11/2022,4999,2824,"56,49",2479,345,"87,78",2175,"43,51",424,1751,"35,03"
310163,ALFREDO VASCONCELOS,MG,11/2022,555,325,"58,56",299,26,"92,00",230,"41,44",3,227,"40,90"
310163,ALFREDO VASCONCELOS,MG,07/2022,579,275,"47,50",214,61,"77,82",304,"52,50",3,301,"51,99"
310163,ALFREDO VASCONCELOS,MG,09/2022,577,273,"47,31",214,59,"78,39",304,"52,69",1,303,"52,51"
310170,ALMENARA,MG,07/2022,6379,3201,"50,18",3076,125,"96,09",3178,"49,82",1500,1678,"26,31"
310170,ALMENARA,MG,09/2022,6552,3561,"54,35",3532,29,"99,19",2991,"45,65",1299,1692,"25,82"
310170,ALMENARA,MG,11/2022,6422,3391,"52,80",3284,107,"96,84",3031,"47,20",1548,1483,"23,09"
310180,ALPERCATA,MG,11/2022,1002,403,"40,22",400,3,"99,26",599,"59,78",49,550,"54,89"
310180,ALPERCATA,MG,09/2022,1025,280,"27,32",276,4,"98,57",745,"72,68",102,643,"62,73"
310180,ALPERCATA,MG,07/2022,991,370,"37,34",317,53,"85,68",621,"62,66",47,574,"57,92"
310190,ALPINÓPOLIS,MG,07/2022,1253,932,"74,38",847,85,"90,88",321,"25,62",13,308,"24,58"
310190,ALPINÓPOLIS,MG,09/2022,1210,1043,"86,20",942,101,"90,32",167,"13,80",42,125,"10,33"
310190,ALPINÓPOLIS,MG,11/2022,1094,1026,"93,78",976,50,"95,13",68,"6,22",6,62,"5,67"
310200,ALTEROSA,MG,11/2022,1099,1065,"96,91",995,70,"93,43",34,"3,09",7,27,"2,46"
310200,ALTEROSA,MG,09/2022,1222,1015,"83,06",945,70,"93,10",207,"16,94",9,198,"16,20"
310200,ALTEROSA,MG,07/2022,1242,1212,"97,58",993,219,"81,93",30,"2,42",19,11,"0,89"
310205,ALTO CAPARAÓ,MG,09/2022,674,601,"89,17",501,100,"83,36",73,"10,83",17,56,"8,31"
310205,ALTO CAPARAÓ,MG,07/2022,652,576,"88,34",474,102,"82,29",76,"11,66",10,66,"10,12"
310205,ALTO CAPARAÓ,MG,11/2022,638,568,"89,03",506,62,"89,08",70,"10,97",5,65,"10,19"
310210,ALTO RIO DOCE,MG,11/2022,1443,1003,"69,51",1003,0,"100,00",440,"30,49",5,435,"30,15"
310210,ALTO RIO DOCE,MG,07/2022,1490,902,"60,54",886,16,"98,23",588,"39,46",86,502,"33,69"
310210,ALTO RIO DOCE,MG,09/2022,1461,918,"62,83",917,1,"99,89",543,"37,17",54,489,"33,47"
310220,ALVARENGA,MG,07/2022,631,361,"57,21",330,31,"91,41",270,"42,79",60,210,"33,28"
310220,ALVARENGA,MG,11/2022,587,360,"61,33",348,12,"96,67",227,"38,67",19,208,"35,43"
310220,ALVARENGA,MG,09/2022,628,359,"57,17",329,30,"91,64",269,"42,83",49,220,"35,03"
310230,ALVINÓPOLIS,MG,11/2022,1507,493,"32,71",475,18,"96,35",1014,"67,29",758,256,"16,99"
310230,ALVINÓPOLIS,MG,07/2022,1550,585,"37,74",574,11,"98,12",965,"62,26",695,270,"17,42"
310230,ALVINÓPOLIS,MG,09/2022,1543,504,"32,66",499,5,"99,01",1039,"67,34",774,265,"17,17"
310240,ALVORADA DE MINAS,MG,07/2022,770,613,"79,61",543,70,"88,58",157,"20,39",15,142,"18,44"
310240,ALVORADA DE MINAS,MG,09/2022,763,598,"78,37",509,89,"85,12",165,"21,63",18,147,"19,27"
310240,ALVORADA DE MINAS,MG,11/2022,693,543,"78,35",543,0,"100,00",150,"21,65",14,136,"19,62"
310250,AMPARO DO SERRA,MG,11/2022,663,544,"82,05",418,126,"76,84",119,"17,95",1,118,"17,80"
310250,AMPARO DO SERRA,MG,09/2022,684,551,"80,56",477,74,"86,57",133,"19,44",4,129,"18,86"
310250,AMPARO DO SERRA,MG,07/2022,669,563,"84,16",507,56,"90,05",106,"15,84",5,101,"15,10"
310260,ANDRADAS,MG,07/2022,1359,1080,"79,47",964,116,"89,26",279,"20,53",8,271,"19,94"
310260,ANDRADAS,MG,09/2022,1407,1147,"81,52",1004,143,"87,53",260,"18,48",12,248,"17,63"
310260,ANDRADAS,MG,11/2022,1409,1154,"81,90",1033,121,"89,51",255,"18,10",6,249,"17,67"
310270,CACHOEIRA DE PAJEÚ,MG,11/2022,1627,1093,"67,18",1033,60,"94,51",534,"32,82",26,508,"31,22"
310270,CACHOEIRA DE PAJEÚ,MG,09/2022,1683,1069,"63,52",1037,32,"97,01",614,"36,48",16,598,"35,53"
310270,CACHOEIRA DE PAJEÚ,MG,07/2022,1687,1066,"63,19",1041,25,"97,65",621,"36,81",12,609,"36,10"
310280,ANDRELÂNDIA,MG,09/2022,1355,1215,"89,67",1031,184,"84,86",140,"10,33",3,137,"10,11"
310280,ANDRELÂNDIA,MG,07/2022,1300,1048,"80,62",1021,27,"97,42",252,"19,38",9,243,"18,69"
310280,ANDRELÂNDIA,MG,11/2022,1141,1042,"91,32",1036,6,"99,42",99,"8,68",2,97,"8,50"
310285,ANGELÂNDIA,MG,11/2022,1423,1198,"84,19",1094,104,"91,32",225,"15,81",10,215,"15,11"
310285,ANGELÂNDIA,MG,09/2022,1506,821,"54,52",698,123,"85,02",685,"45,48",492,193,"12,82"
310285,ANGELÂNDIA,MG,07/2022,1539,1295,"84,15",1237,58,"95,52",244,"15,85",95,149,"9,68"
310290,ANTÔNIO CARLOS,MG,07/2022,839,518,"61,74",514,4,"99,23",321,"38,26",58,263,"31,35"
310290,ANTÔNIO CARLOS,MG,09/2022,826,645,"78,09",638,7,"98,91",181,"21,91",26,155,"18,77"
310290,ANTÔNIO CARLOS,MG,11/2022,843,672,"79,72",657,15,"97,77",171,"20,28",17,154,"18,27"
310300,ANTÔNIO DIAS,MG,11/2022,947,771,"81,41",710,61,"92,09",176,"18,59",40,136,"14,36"
310300,ANTÔNIO DIAS,MG,07/2022,980,674,"68,78",621,53,"92,14",306,"31,22",78,228,"23,27"
310300,ANTÔNIO DIAS,MG,09/2022,996,798,"80,12",726,72,"90,98",198,"19,88",25,173,"17,37"
310310,ANTÔNIO PRADO DE MINAS,MG,09/2022,151,102,"67,55",102,0,"100,00",49,"32,45",0,49,"32,45"
310310,ANTÔNIO PRADO DE MINAS,MG,07/2022,155,118,"76,13",99,19,"83,90",37,"23,87",0,37,"23,87"
310310,ANTÔNIO PRADO DE MINAS,MG,11/2022,133,108,"81,20",108,0,"100,00",25,"18,80",0,25,"18,80"
310320,ARAÇAÍ,MG,11/2022,215,192,"89,30",184,8,"95,83",23,"10,70",0,23,"10,70"
310320,ARAÇAÍ,MG,09/2022,225,185,"82,22",176,9,"95,14",40,"17,78",3,37,"16,44"
310320,ARAÇAÍ,MG,07/2022,237,205,"86,50",172,33,"83,90",32,"13,50",6,26,"10,97"
310330,ARACITABA,MG,07/2022,149,93,"62,42",84,9,"90,32",56,"37,58",8,48,"32,21"
310330,ARACITABA,MG,09/2022,144,98,"68,06",86,12,"87,76",46,"31,94",1,45,"31,25"
310330,ARACITABA,MG,11/2022,148,124,"83,78",119,5,"95,97",24,"16,22",0,24,"16,22"
310340,ARAÇUAÍ,MG,11/2022,4383,3266,"74,52",3057,209,"93,60",1117,"25,48",112,1005,"22,93"
310340,ARAÇUAÍ,MG,07/2022,4779,2880,"60,26",2590,290,"89,93",1899,"39,74",237,1662,"34,78"
310340,ARAÇUAÍ,MG,09/2022,4708,3205,"68,08",2834,371,"88,42",1503,"31,92",150,1353,"28,74"
310350,ARAGUARI,MG,09/2022,7064,7015,"99,31",5814,1201,"82,88",49,"0,69",25,24,"0,34"
310350,ARAGUARI,MG,07/2022,6746,6684,"99,08",5690,994,"85,13",62,"0,92",33,29,"0,43"
310350,ARAGUARI,MG,11/2022,6502,6453,"99,25",5666,787,"87,80",49,"0,75",23,26,"0,40"
310360,ARANTINA,MG,11/2022,319,263,"82,45",263,0,"100,00",56,"17,55",0,56,"17,55"
310360,ARANTINA,MG,09/2022,328,271,"82,62",271,0,"100,00",57,"17,38",0,57,"17,38"
310360,ARANTINA,MG,07/2022,324,114,"35,19",113,1,"99,12",210,"64,81",154,56,"17,28"
310370,ARAPONGA,MG,09/2022,757,500,"66,05",497,3,"99,40",257,"33,95",0,257,"33,95"
310370,ARAPONGA,MG,07/2022,727,384,"52,82",311,73,"80,99",343,"47,18",97,246,"33,84"
310370,ARAPONGA,MG,11/2022,709,414,"58,39",384,30,"92,75",295,"41,61",2,293,"41,33"
310375,ARAPORÃ,MG,11/2022,514,378,"73,54",364,14,"96,30",136,"26,46",0,136,"26,46"
310375,ARAPORÃ,MG,09/2022,517,374,"72,34",342,32,"91,44",143,"27,66",1,142,"27,47"
310375,ARAPORÃ,MG,07/2022,537,376,"70,02",367,9,"97,61",161,"29,98",1,160,"29,80"
310380,ARAPUÁ,MG,09/2022,125,88,"70,40",88,0,"100,00",37,"29,60",0,37,"29,60"
310380,ARAPUÁ,MG,07/2022,123,81,"65,85",77,4,"95,06",42,"34,15",2,40,"32,52"
310380,ARAPUÁ,MG,11/2022,140,100,"71,43",99,1,"99,00",40,"28,57",0,40,"28,57"
310390,ARAÚJOS,MG,11/2022,399,335,"83,96",327,8,"97,61",64,"16,04",3,61,"15,29"
310390,ARAÚJOS,MG,09/2022,409,290,"70,90",288,2,"99,31",119,"29,10",1,118,"28,85"
310390,ARAÚJOS,MG,07/2022,388,290,"74,74",274,16,"94,48",98,"25,26",1,97,"25,00"
310400,ARAXÁ,MG,07/2022,6828,5667,"83,00",5227,440,"92,24",1161,"17,00",47,1114,"16,32"
310400,ARAXÁ,MG,09/2022,7373,6602,"89,54",5752,850,"87,13",771,"10,46",24,747,"10,13"
310400,ARAXÁ,MG,11/2022,7173,6246,"87,08",6001,245,"96,08",927,"12,92",24,903,"12,59"
310410,ARCEBURGO,MG,11/2022,425,282,"66,35",242,40,"85,82",143,"33,65",1,142,"33,41"
310410,ARCEBURGO,MG,07/2022,442,282,"63,80",233,49,"82,62",160,"36,20",2,158,"35,75"
310410,ARCEBURGO,MG,09/2022,447,220,"49,22",157,63,"71,36",227,"50,78",68,159,"35,57"
310420,ARCOS,MG,09/2022,2340,1600,"68,38",1509,91,"94,31",740,"31,62",11,729,"31,15"
310420,ARCOS,MG,07/2022,2070,1192,"57,58",1087,105,"91,19",878,"42,42",109,769,"37,15"
310420,ARCOS,MG,11/2022,2327,1730,"74,34",1673,57,"96,71",597,"25,66",9,588,"25,27"
310430,AREADO,MG,11/2022,849,807,"95,05",756,51,"93,68",42,"4,95",6,36,"4,24"
310430,AREADO,MG,07/2022,855,761,"89,01",744,17,"97,77",94,"10,99",8,86,"10,06"
310430,AREADO,MG,09/2022,860,787,"91,51",698,89,"88,69",73,"8,49",10,63,"7,33"
310440,ARGIRITA,MG,07/2022,284,0,"0,00",0,0,,284,"100,00",236,48,"16,90"
310440,ARGIRITA,MG,09/2022,295,253,"85,76",252,1,"99,60",42,"14,24",2,40,"13,56"
310440,ARGIRITA,MG,11/2022,299,256,"85,62",256,0,"100,00",43,"14,38",0,43,"14,38"
310445,ARICANDUVA,MG,11/2022,829,601,"72,50",596,5,"99,17",228,"27,50",8,220,"26,54"
310445,ARICANDUVA,MG,07/2022,871,538,"61,77",533,5,"99,07",333,"38,23",22,311,"35,71"
310445,ARICANDUVA,MG,09/2022,859,603,"70,20",602,1,"99,83",256,"29,80",22,234,"27,24"
310450,ARINOS,MG,09/2022,2995,1897,"63,34",1710,187,"90,14",1098,"36,66",148,950,"31,72"
310450,ARINOS,MG,07/2022,3014,1921,"63,74",1666,255,"86,73",1093,"36,26",128,965,"32,02"
310450,ARINOS,MG,11/2022,2800,2049,"73,18",1986,63,"96,93",751,"26,82",130,621,"22,18"
310460,ASTOLFO DUTRA,MG,11/2022,780,657,"84,23",613,44,"93,30",123,"15,77",40,83,"10,64"
310460,ASTOLFO DUTRA,MG,07/2022,850,669,"78,71",657,12,"98,21",181,"21,29",40,141,"16,59"
310460,ASTOLFO DUTRA,MG,09/2022,837,394,"47,07",394,0,"100,00",443,"52,93",298,145,"17,32"
310470,ATALÉIA,MG,09/2022,2030,1567,"77,19",1567,0,"100,00",463,"22,81",5,458,"22,56"
310470,ATALÉIA,MG,07/2022,2008,0,"0,00",0,0,,2008,"100,00",1542,466,"23,21"
310470,ATALÉIA,MG,11/2022,2019,1562,"77,37",1562,0,"100,00",457,"22,63",0,457,"22,63"
310480,AUGUSTO DE LIMA,MG,11/2022,590,263,"44,58",244,19,"92,78",327,"55,42",71,256,"43,39"
310480,AUGUSTO DE LIMA,MG,09/2022,605,339,"56,03",334,5,"98,53",266,"43,97",1,265,"43,80"
310480,AUGUSTO DE LIMA,MG,07/2022,598,288,"48,16",267,21,"92,71",310,"51,84",41,269,"44,98"
310490,BAEPENDI,MG,09/2022,1618,1460,"90,23",1353,107,"92,67",158,"9,77",30,128,"7,91"
310490,BAEPENDI,MG,07/2022,1640,1311,"79,94",1274,37,"97,18",329,"20,06",162,167,"10,18"
310490,BAEPENDI,MG,11/2022,1531,1377,"89,94",1352,25,"98,18",154,"10,06",19,135,"8,82"
310500,BALDIM,MG,11/2022,991,819,"82,64",819,0,"100,00",172,"17,36",4,168,"16,95"
310500,BALDIM,MG,07/2022,955,0,"0,00",0,0,,955,"100,00",634,321,"33,61"
310500,BALDIM,MG,09/2022,1000,659,"65,90",638,21,"96,81",341,"34,10",2,339,"33,90"
310510,BAMBUÍ,MG,07/2022,1173,581,"49,53",535,46,"92,08",592,"50,47",65,527,"44,93"
310510,BAMBUÍ,MG,09/2022,1183,598,"50,55",553,45,"92,47",585,"49,45",66,519,"43,87"
310510,BAMBUÍ,MG,11/2022,1198,616,"51,42",586,30,"95,13",582,"48,58",51,531,"44,32"
310520,BANDEIRA,MG,11/2022,501,418,"83,43",418,0,"100,00",83,"16,57",5,78,"15,57"
310520,BANDEIRA,MG,09/2022,507,422,"83,23",418,4,"99,05",85,"16,77",6,79,"15,58"
310520,BANDEIRA,MG,07/2022,500,0,"0,00",0,0,,500,"100,00",406,94,"18,80"
310530,BANDEIRA DO SUL,MG,07/2022,261,218,"83,52",194,24,"88,99",43,"16,48",2,41,"15,71"
310530,BANDEIRA DO SUL,MG,09/2022,291,246,"84,54",219,27,"89,02",45,"15,46",4,41,"14,09"
310530,BANDEIRA DO SUL,MG,11/2022,300,257,"85,67",243,14,"94,55",43,"14,33",1,42,"14,00"
310540,BARÃO DE COCAIS,MG,11/2022,1985,1169,"58,89",1143,26,"97,78",816,"41,11",154,662,"33,35"
310540,BARÃO DE COCAIS,MG,07/2022,2053,1070,"52,12",974,96,"91,03",983,"47,88",268,715,"34,83"
310540,BARÃO DE COCAIS,MG,09/2022,2036,1285,"63,11",1242,43,"96,65",751,"36,89",59,692,"33,99"
310550,BARÃO DE MONTE ALTO,MG,09/2022,608,538,"88,49",453,85,"84,20",70,"11,51",7,63,"10,36"
310550,BARÃO DE MONTE ALTO,MG,07/2022,606,562,"92,74",438,124,"77,94",44,"7,26",5,39,"6,44"
310550,BARÃO DE MONTE ALTO,MG,11/2022,563,511,"90,76",460,51,"90,02",52,"9,24",10,42,"7,46"
310560,BARBACENA,MG,11/2022,7880,5190,"65,86",4912,278,"94,64",2690,"34,14",268,2422,"30,74"
310560,BARBACENA,MG,07/2022,7865,5143,"65,39",4653,490,"90,47",2722,"34,61",271,2451,"31,16"
310560,BARBACENA,MG,09/2022,8025,5471,"68,17",5035,436,"92,03",2554,"31,83",126,2428,"30,26"
310570,BARRA LONGA,MG,07/2022,710,500,"70,42",499,1,"99,80",210,"29,58",18,192,"27,04"
310570,BARRA LONGA,MG,09/2022,707,459,"64,92",404,55,"88,02",248,"35,08",29,219,"30,98"
310570,BARRA LONGA,MG,11/2022,678,473,"69,76",448,25,"94,71",205,"30,24",20,185,"27,29"
310590,BARROSO,MG,11/2022,2211,1775,"80,28",1721,54,"96,96",436,"19,72",2,434,"19,63"
310590,BARROSO,MG,07/2022,2112,1616,"76,52",1616,0,"100,00",496,"23,48",4,492,"23,30"
310590,BARROSO,MG,09/2022,2196,1795,"81,74",1773,22,"98,77",401,"18,26",0,401,"18,26"
310600,BELA VISTA DE MINAS,MG,09/2022,886,710,"80,14",710,0,"100,00",176,"19,86",38,138,"15,58"
310600,BELA VISTA DE MINAS,MG,07/2022,886,534,"60,27",534,0,"100,00",352,"39,73",216,136,"15,35"
310600,BELA VISTA DE MINAS,MG,11/2022,894,726,"81,21",726,0,"100,00",168,"18,79",32,136,"15,21"
310610,BELMIRO BRAGA,MG,11/2022,316,270,"85,44",270,0,"100,00",46,"14,56",0,46,"14,56"
310610,BELMIRO BRAGA,MG,09/2022,319,274,"85,89",271,3,"98,91",45,"14,11",0,45,"14,11"
310610,BELMIRO BRAGA,MG,07/2022,284,0,"0,00",0,0,,284,"100,00",230,54,"19,01"
310620,BELO HORIZONTE,MG,07/2022,110283,93090,"84,41",73979,19111,"79,47",17193,"15,59",2065,15128,"13,72"
310620,BELO HORIZONTE,MG,09/2022,116985,92254,"78,86",81351,10903,"88,18",24731,"21,14",2011,22720,"19,42"
310620,BELO HORIZONTE,MG,11/2022,116721,94863,"81,27",81377,13486,"85,78",21858,"18,73",1952,19906,"17,05"
310630,BELO ORIENTE,MG,11/2022,2490,2298,"92,29",2126,172,"92,52",192,"7,71",7,185,"7,43"
310630,BELO ORIENTE,MG,07/2022,2618,2459,"93,93",2398,61,"97,52",159,"6,07",23,136,"5,19"
310630,BELO ORIENTE,MG,09/2022,2659,2464,"92,67",2291,173,"92,98",195,"7,33",23,172,"6,47"
310640,BELO VALE,MG,09/2022,797,618,"77,54",618,0,"100,00",179,"22,46",4,175,"21,96"
310640,BELO VALE,MG,07/2022,702,522,"74,36",522,0,"100,00",180,"25,64",19,161,"22,93"
310640,BELO VALE,MG,11/2022,817,645,"78,95",644,1,"99,84",172,"21,05",1,171,"20,93"
310650,BERILO,MG,11/2022,1337,948,"70,91",948,0,"100,00",389,"29,09",13,376,"28,12"
310650,BERILO,MG,07/2022,1315,0,"0,00",0,0,,1315,"100,00",926,389,"29,58"
310650,BERILO,MG,09/2022,1347,956,"70,97",955,1,"99,90",391,"29,03",2,389,"28,88"
310660,BERTÓPOLIS,MG,09/2022,1152,620,"53,82",618,2,"99,68",532,"46,18",18,514,"44,62"
310660,BERTÓPOLIS,MG,07/2022,1067,40,"3,75",32,8,"80,00",1027,"96,25",587,440,"41,24"
310660,BERTÓPOLIS,MG,11/2022,1126,588,"52,22",586,2,"99,66",538,"47,78",33,505,"44,85"
310665,BERIZAL,MG,11/2022,940,795,"84,57",795,0,"100,00",145,"15,43",2,143,"15,21"
310665,BERIZAL,MG,09/2022,962,808,"83,99",808,0,"100,00",154,"16,01",4,150,"15,59"
310665,BERIZAL,MG,07/2022,951,773,"81,28",773,0,"100,00",178,"18,72",22,156,"16,40"
310670,BETIM,MG,07/2022,37526,30896,"82,33",29002,1894,"93,87",6630,"17,67",292,6338,"16,89"
310670,BETIM,MG,09/2022,39247,32769,"83,49",31368,1401,"95,72",6478,"16,51",303,6175,"15,73"
310670,BETIM,MG,11/2022,37379,32631,"87,30",29163,3468,"89,37",4748,"12,70",159,4589,"12,28"
310680,BIAS FORTES,MG,11/2022,404,349,"86,39",345,4,"98,85",55,"13,61",1,54,"13,37"
310680,BIAS FORTES,MG,07/2022,448,386,"86,16",300,86,"77,72",62,"13,84",1,61,"13,62"
310680,BIAS FORTES,MG,09/2022,451,396,"87,80",321,75,"81,06",55,"12,20",1,54,"11,97"
310690,BICAS,MG,07/2022,1260,677,"53,73",677,0,"100,00",583,"46,27",364,219,"17,38"
310690,BICAS,MG,09/2022,1374,1083,"78,82",1083,0,"100,00",291,"21,18",0,291,"21,18"
310690,BICAS,MG,11/2022,1411,1125,"79,73",1125,0,"100,00",286,"20,27",0,286,"20,27"
310700,BIQUINHAS,MG,11/2022,243,166,"68,31",148,18,"89,16",77,"31,69",0,77,"31,69"
310700,BIQUINHAS,MG,07/2022,231,152,"65,80",143,9,"94,08",79,"34,20",6,73,"31,60"
310700,BIQUINHAS,MG,09/2022,246,169,"68,70",135,34,"79,88",77,"31,30",2,75,"30,49"
310710,BOA ESPERANÇA,MG,09/2022,2858,1680,"58,78",1598,82,"95,12",1178,"41,22",932,246,"8,61"
310710,BOA ESPERANÇA,MG,07/2022,2884,2640,"91,54",2550,90,"96,59",244,"8,46",18,226,"7,84"
310710,BOA ESPERANÇA,MG,11/2022,2770,1702,"61,44",1694,8,"99,53",1068,"38,56",798,270,"9,75"
310720,BOCAINA DE MINAS,MG,11/2022,432,293,"67,82",293,0,"100,00",139,"32,18",1,138,"31,94"
310720,BOCAINA DE MINAS,MG,07/2022,439,283,"64,46",283,0,"100,00",156,"35,54",0,156,"35,54"
310720,BOCAINA DE MINAS,MG,09/2022,444,294,"66,22",294,0,"100,00",150,"33,78",0,150,"33,78"
310730,BOCAIÚVA,MG,09/2022,7418,5432,"73,23",5322,110,"97,97",1986,"26,77",23,1963,"26,46"
310730,BOCAIÚVA,MG,07/2022,7245,4506,"62,19",4447,59,"98,69",2739,"37,81",600,2139,"29,52"
310730,BOCAIÚVA,MG,11/2022,7233,5487,"75,86",5392,95,"98,27",1746,"24,14",18,1728,"23,89"
310740,BOM DESPACHO,MG,11/2022,3290,1950,"59,27",1847,103,"94,72",1340,"40,73",14,1326,"40,30"
310740,BOM DESPACHO,MG,09/2022,3238,1878,"58,00",1710,168,"91,05",1360,"42,00",10,1350,"41,69"
310740,BOM DESPACHO,MG,07/2022,3042,1810,"59,50",1608,202,"88,84",1232,"40,50",11,1221,"40,14"
310750,BOM JARDIM DE MINAS,MG,07/2022,596,0,"0,00",0,0,,596,"100,00",456,140,"23,49"
310750,BOM JARDIM DE MINAS,MG,09/2022,619,472,"76,25",472,0,"100,00",147,"23,75",1,146,"23,59"
310750,BOM JARDIM DE MINAS,MG,11/2022,623,480,"77,05",480,0,"100,00",143,"22,95",1,142,"22,79"
310760,BOM JESUS DA PENHA,MG,11/2022,399,326,"81,70",326,0,"100,00",73,"18,30",2,71,"17,79"
310760,BOM JESUS DA PENHA,MG,09/2022,419,334,"79,71",334,0,"100,00",85,"20,29",1,84,"20,05"
310760,BOM JESUS DA PENHA,MG,07/2022,393,309,"78,63",309,0,"100,00",84,"21,37",1,83,"21,12"
310770,BOM JESUS DO AMPARO,MG,07/2022,618,412,"66,67",411,1,"99,76",206,"33,33",2,204,"33,01"
310770,BOM JESUS DO AMPARO,MG,09/2022,618,409,"66,18",409,0,"100,00",209,"33,82",1,208,"33,66"
310770,BOM JESUS DO AMPARO,MG,11/2022,607,474,"78,09",304,170,"64,14",133,"21,91",21,112,"18,45"
310780,BOM JESUS DO GALHO,MG,11/2022,2180,1151,"52,80",1083,68,"94,09",1029,"47,20",73,956,"43,85"
310780,BOM JESUS DO GALHO,MG,07/2022,2282,1361,"59,64",1170,191,"85,97",921,"40,36",24,897,"39,31"
310780,BOM JESUS DO GALHO,MG,09/2022,2320,1366,"58,88",1330,36,"97,36",954,"41,12",20,934,"40,26"
310790,BOM REPOUSO,MG,09/2022,1203,1043,"86,70",992,51,"95,11",160,"13,30",2,158,"13,13"
310790,BOM REPOUSO,MG,07/2022,1161,994,"85,62",994,0,"100,00",167,"14,38",15,152,"13,09"
310790,BOM REPOUSO,MG,11/2022,1246,1073,"86,12",1014,59,"94,50",173,"13,88",5,168,"13,48"
310800,BOM SUCESSO,MG,11/2022,821,511,"62,24",505,6,"98,83",310,"37,76",203,107,"13,03"
310800,BOM SUCESSO,MG,07/2022,900,723,"80,33",666,57,"92,12",177,"19,67",8,169,"18,78"
310800,BOM SUCESSO,MG,09/2022,900,454,"50,44",430,24,"94,71",446,"49,56",274,172,"19,11"
310810,BONFIM,MG,09/2022,705,568,"80,57",568,0,"100,00",137,"19,43",1,136,"19,29"
310810,BONFIM,MG,07/2022,652,0,"0,00",0,0,,652,"100,00",526,126,"19,33"
310810,BONFIM,MG,11/2022,722,581,"80,47",581,0,"100,00",141,"19,53",0,141,"19,53"
310820,BONFINÓPOLIS DE MINAS,MG,11/2022,462,353,"76,41",352,1,"99,72",109,"23,59",5,104,"22,51"
310820,BONFINÓPOLIS DE MINAS,MG,07/2022,465,338,"72,69",329,9,"97,34",127,"27,31",4,123,"26,45"
310820,BONFINÓPOLIS DE MINAS,MG,09/2022,472,345,"73,09",341,4,"98,84",127,"26,91",1,126,"26,69"
310825,BONITO DE MINAS,MG,07/2022,1971,0,"0,00",0,0,,1971,"100,00",1538,433,"21,97"
310825,BONITO DE MINAS,MG,09/2022,2088,1632,"78,16",1630,2,"99,88",456,"21,84",13,443,"21,22"
310825,BONITO DE MINAS,MG,11/2022,2009,1159,"57,69",1156,3,"99,74",850,"42,31",182,668,"33,25"
310830,BORDA DA MATA,MG,11/2022,1071,867,"80,95",828,39,"95,50",204,"19,05",54,150,"14,01"
310830,BORDA DA MATA,MG,09/2022,1096,794,"72,45",714,80,"89,92",302,"27,55",165,137,"12,50"
310830,BORDA DA MATA,MG,07/2022,1064,974,"91,54",885,89,"90,86",90,"8,46",9,81,"7,61"
310840,BOTELHOS,MG,07/2022,1107,827,"74,71",827,0,"100,00",280,"25,29",90,190,"17,16"
310840,BOTELHOS,MG,09/2022,1102,805,"73,05",803,2,"99,75",297,"26,95",119,178,"16,15"
310840,BOTELHOS,MG,11/2022,1097,952,"86,78",942,10,"98,95",145,"13,22",1,144,"13,13"
310850,BOTUMIRIM,MG,11/2022,1030,827,"80,29",809,18,"97,82",203,"19,71",35,168,"16,31"
310850,BOTUMIRIM,MG,07/2022,1104,967,"87,59",966,1,"99,90",137,"12,41",24,113,"10,24"
310850,BOTUMIRIM,MG,09/2022,1090,942,"86,42",912,30,"96,82",148,"13,58",23,125,"11,47"
310855,BRASILÂNDIA DE MINAS,MG,09/2022,2403,1939,"80,69",1935,4,"99,79",464,"19,31",5,459,"19,10"
310855,BRASILÂNDIA DE MINAS,MG,07/2022,2199,0,"0,00",0,0,,2199,"100,00",1762,437,"19,87"
310855,BRASILÂNDIA DE MINAS,MG,11/2022,2406,1949,"81,01",1949,0,"100,00",457,"18,99",1,456,"18,95"
310860,BRASÍLIA DE MINAS,MG,11/2022,4414,3836,"86,91",3836,0,"100,00",578,"13,09",12,566,"12,82"
310860,BRASÍLIA DE MINAS,MG,09/2022,4529,3871,"85,47",3800,71,"98,17",658,"14,53",22,636,"14,04"
310860,BRASÍLIA DE MINAS,MG,07/2022,4535,3854,"84,98",3801,53,"98,62",681,"15,02",18,663,"14,62"
310870,BRÁS PIRES,MG,09/2022,543,509,"93,74",397,112,"78,00",34,"6,26",13,21,"3,87"
310870,BRÁS PIRES,MG,07/2022,552,497,"90,04",382,115,"76,86",55,"9,96",26,29,"5,25"
310870,BRÁS PIRES,MG,11/2022,491,458,"93,28",423,35,"92,36",33,"6,72",6,27,"5,50"
310880,BRAÚNAS,MG,11/2022,488,433,"88,73",427,6,"98,61",55,"11,27",4,51,"10,45"
310880,BRAÚNAS,MG,09/2022,524,471,"89,89",403,68,"85,56",53,"10,11",5,48,"9,16"
310880,BRAÚNAS,MG,07/2022,551,472,"85,66",413,59,"87,50",79,"14,34",14,65,"11,80"
310890,BRASÓPOLIS,MG,07/2022,700,0,"0,00",0,0,,700,"100,00",557,143,"20,43"
310890,BRASÓPOLIS,MG,09/2022,729,582,"79,84",582,0,"100,00",147,"20,16",0,147,"20,16"
310890,BRASÓPOLIS,MG,11/2022,738,519,"70,33",443,76,"85,36",219,"29,67",71,148,"20,05"
310900,BRUMADINHO,MG,11/2022,2086,1708,"81,88",1708,0,"100,00",378,"18,12",18,360,"17,26"
310900,BRUMADINHO,MG,07/2022,2017,1545,"76,60",1545,0,"100,00",472,"23,40",106,366,"18,15"
310900,BRUMADINHO,MG,09/2022,2071,1689,"81,55",1686,3,"99,82",382,"18,45",18,364,"17,58"
310910,BUENO BRANDÃO,MG,09/2022,532,282,"53,01",216,66,"76,60",250,"46,99",60,190,"35,71"
310910,BUENO BRANDÃO,MG,07/2022,548,335,"61,13",284,51,"84,78",213,"38,87",22,191,"34,85"
310910,BUENO BRANDÃO,MG,11/2022,545,351,"64,40",292,59,"83,19",194,"35,60",32,162,"29,72"
310920,BUENÓPOLIS,MG,11/2022,1101,1051,"95,46",974,77,"92,67",50,"4,54",2,48,"4,36"
310920,BUENÓPOLIS,MG,07/2022,1241,1160,"93,47",991,169,"85,43",81,"6,53",10,71,"5,72"
310920,BUENÓPOLIS,MG,09/2022,1222,1157,"94,68",987,170,"85,31",65,"5,32",6,59,"4,83"
310925,BUGRE,MG,07/2022,522,358,"68,58",333,25,"93,02",164,"31,42",4,160,"30,65"
310925,BUGRE,MG,09/2022,530,400,"75,47",400,0,"100,00",130,"24,53",2,128,"24,15"
310925,BUGRE,MG,11/2022,506,359,"70,95",354,5,"98,61",147,"29,05",6,141,"27,87"
310930,BURITIS,MG,11/2022,3621,3604,"99,53",3604,0,"100,00",17,"0,47",5,12,"0,33"
310930,BURITIS,MG,07/2022,3587,2884,"80,40",2884,0,"100,00",703,"19,60",7,696,"19,40"
310930,BURITIS,MG,09/2022,3616,3611,"99,86",3611,0,"100,00",5,"0,14",3,2,"0,06"
310940,BURITIZEIRO,MG,07/2022,4323,3297,"76,27",3278,19,"99,42",1026,"23,73",33,993,"22,97"
310940,BURITIZEIRO,MG,09/2022,4419,3376,"76,40",3376,0,"100,00",1043,"23,60",17,1026,"23,22"
310940,BURITIZEIRO,MG,11/2022,4428,3393,"76,63",3393,0,"100,00",1035,"23,37",10,1025,"23,15"
310945,CABECEIRA GRANDE,MG,11/2022,824,532,"64,56",468,64,"87,97",292,"35,44",1,291,"35,32"
310945,CABECEIRA GRANDE,MG,07/2022,849,597,"70,32",510,87,"85,43",252,"29,68",1,251,"29,56"
310945,CABECEIRA GRANDE,MG,09/2022,854,549,"64,29",475,74,"86,52",305,"35,71",11,294,"34,43"
310950,CABO VERDE,MG,07/2022,844,621,"73,58",621,0,"100,00",223,"26,42",1,222,"26,30"
310950,CABO VERDE,MG,09/2022,846,668,"78,96",658,10,"98,50",178,"21,04",5,173,"20,45"
310950,CABO VERDE,MG,11/2022,841,683,"81,21",625,58,"91,51",158,"18,79",1,157,"18,67"
310960,CACHOEIRA DA PRATA,MG,11/2022,230,202,"87,83",156,46,"77,23",28,"12,17",15,13,"5,65"
310960,CACHOEIRA DA PRATA,MG,09/2022,252,236,"93,65",230,6,"97,46",16,"6,35",0,16,"6,35"
310960,CACHOEIRA DA PRATA,MG,07/2022,250,224,"89,60",178,46,"79,46",26,"10,40",10,16,"6,40"
310970,CACHOEIRA DE MINAS,MG,09/2022,558,530,"94,98",462,68,"87,17",28,"5,02",1,27,"4,84"
310970,CACHOEIRA DE MINAS,MG,07/2022,556,523,"94,06",468,55,"89,48",33,"5,94",1,32,"5,76"
310970,CACHOEIRA DE MINAS,MG,11/2022,561,520,"92,69",484,36,"93,08",41,"7,31",3,38,"6,77"
310980,CACHOEIRA DOURADA,MG,11/2022,134,98,"73,13",98,0,"100,00",36,"26,87",0,36,"26,87"
310980,CACHOEIRA DOURADA,MG,09/2022,141,111,"78,72",111,0,"100,00",30,"21,28",0,30,"21,28"
310980,CACHOEIRA DOURADA,MG,07/2022,145,104,"71,72",104,0,"100,00",41,"28,28",0,41,"28,28"
310990,CAETANÓPOLIS,MG,09/2022,888,600,"67,57",584,16,"97,33",288,"32,43",7,281,"31,64"
310990,CAETANÓPOLIS,MG,07/2022,862,597,"69,26",526,71,"88,11",265,"30,74",5,260,"30,16"
310990,CAETANÓPOLIS,MG,11/2022,859,673,"78,35",647,26,"96,14",186,"21,65",9,177,"20,61"
311000,CAETÉ,MG,11/2022,2864,2188,"76,40",2188,0,"100,00",676,"23,60",12,664,"23,18"
311000,CAETÉ,MG,07/2022,2916,2405,"82,48",2404,1,"99,96",511,"17,52",10,501,"17,18"
311000,CAETÉ,MG,09/2022,2903,2351,"80,99",2346,5,"99,79",552,"19,01",17,535,"18,43"
311010,CAIANA,MG,09/2022,625,424,"67,84",359,65,"84,67",201,"32,16",11,190,"30,40"
311010,CAIANA,MG,07/2022,618,433,"70,06",379,54,"87,53",185,"29,94",2,183,"29,61"
311010,CAIANA,MG,11/2022,587,385,"65,59",353,32,"91,69",202,"34,41",3,199,"33,90"
311020,CAJURI,MG,11/2022,482,388,"80,50",388,0,"100,00",94,"19,50",3,91,"18,88"
311020,CAJURI,MG,07/2022,478,301,"62,97",301,0,"100,00",177,"37,03",4,173,"36,19"
311020,CAJURI,MG,09/2022,486,343,"70,58",342,1,"99,71",143,"29,42",10,133,"27,37"
311030,CALDAS,MG,09/2022,907,177,"19,51",167,10,"94,35",730,"80,49",394,336,"37,05"
311030,CALDAS,MG,07/2022,912,589,"64,58",561,28,"95,25",323,"35,42",4,319,"34,98"
311030,CALDAS,MG,11/2022,892,603,"67,60",570,33,"94,53",289,"32,40",3,286,"32,06"
311040,CAMACHO,MG,11/2022,150,141,"94,00",127,14,"90,07",9,"6,00",6,3,"2,00"
311040,CAMACHO,MG,09/2022,166,117,"70,48",116,1,"99,15",49,"29,52",7,42,"25,30"
311040,CAMACHO,MG,07/2022,160,110,"68,75",99,11,"90,00",50,"31,25",2,48,"30,00"
311050,CAMANDUCAIA,MG,09/2022,1697,1395,"82,20",1392,3,"99,78",302,"17,80",124,178,"10,49"
311050,CAMANDUCAIA,MG,07/2022,1623,1295,"79,79",1295,0,"100,00",328,"20,21",9,319,"19,65"
311050,CAMANDUCAIA,MG,11/2022,1631,1539,"94,36",1539,0,"100,00",92,"5,64",3,89,"5,46"
311060,CAMBUÍ,MG,11/2022,1297,1176,"90,67",1150,26,"97,79",121,"9,33",6,115,"8,87"
311060,CAMBUÍ,MG,09/2022,1369,1206,"88,09",1127,79,"93,45",163,"11,91",17,146,"10,66"
311060,CAMBUÍ,MG,07/2022,1321,1137,"86,07",1042,95,"91,64",184,"13,93",25,159,"12,04"
311070,CAMBUQUIRA,MG,07/2022,1213,1018,"83,92",834,184,"81,93",195,"16,08",4,191,"15,75"
311070,CAMBUQUIRA,MG,09/2022,1255,1065,"84,86",896,169,"84,13",190,"15,14",13,177,"14,10"
311070,CAMBUQUIRA,MG,11/2022,1176,1047,"89,03",925,122,"88,35",129,"10,97",3,126,"10,71"
311080,CAMPANÁRIO,MG,11/2022,569,291,"51,14",273,18,"93,81",278,"48,86",3,275,"48,33"
311080,CAMPANÁRIO,MG,09/2022,592,295,"49,83",282,13,"95,59",297,"50,17",2,295,"49,83"
311080,CAMPANÁRIO,MG,07/2022,582,206,"35,40",156,50,"75,73",376,"64,60",108,268,"46,05"
311090,CAMPANHA,MG,09/2022,1515,1330,"87,79",1131,199,"85,04",185,"12,21",9,176,"11,62"
311090,CAMPANHA,MG,07/2022,1501,1273,"84,81",1066,207,"83,74",228,"15,19",8,220,"14,66"
311090,CAMPANHA,MG,11/2022,1436,1273,"88,65",1160,113,"91,12",163,"11,35",23,140,"9,75"
311100,CAMPESTRE,MG,11/2022,970,711,"73,30",649,62,"91,28",259,"26,70",32,227,"23,40"
311100,CAMPESTRE,MG,09/2022,957,460,"48,07",387,73,"84,13",497,"51,93",167,330,"34,48"
311100,CAMPESTRE,MG,07/2022,958,623,"65,03",566,57,"90,85",335,"34,97",12,323,"33,72"
311110,CAMPINA VERDE,MG,09/2022,1233,471,"38,20",417,54,"88,54",762,"61,80",15,747,"60,58"
311110,CAMPINA VERDE,MG,07/2022,1242,483,"38,89",421,62,"87,16",759,"61,11",9,750,"60,39"
311110,CAMPINA VERDE,MG,11/2022,1206,465,"38,56",418,47,"89,89",741,"61,44",11,730,"60,53"
311115,CAMPO AZUL,MG,11/2022,727,531,"73,04",530,1,"99,81",196,"26,96",2,194,"26,69"
311115,CAMPO AZUL,MG,09/2022,736,537,"72,96",537,0,"100,00",199,"27,04",1,198,"26,90"
311115,CAMPO AZUL,MG,07/2022,726,0,"0,00",0,0,,726,"100,00",522,204,"28,10"
311120,CAMPO BELO,MG,09/2022,3111,2802,"90,07",2461,341,"87,83",309,"9,93",22,287,"9,23"
311120,CAMPO BELO,MG,07/2022,3084,2765,"89,66",2403,362,"86,91",319,"10,34",33,286,"9,27"
311120,CAMPO BELO,MG,11/2022,3093,2731,"88,30",2572,159,"94,18",362,"11,70",38,324,"10,48"
311130,CAMPO DO MEIO,MG,11/2022,968,861,"88,95",854,7,"99,19",107,"11,05",2,105,"10,85"
311130,CAMPO DO MEIO,MG,09/2022,1067,258,"24,18",194,64,"75,19",809,"75,82",685,124,"11,62"
311130,CAMPO DO MEIO,MG,07/2022,1093,863,"78,96",759,104,"87,95",230,"21,04",12,218,"19,95"
311140,CAMPO FLORIDO,MG,09/2022,1032,802,"77,71",777,25,"96,88",230,"22,29",1,229,"22,19"
311140,CAMPO FLORIDO,MG,07/2022,980,740,"75,51",735,5,"99,32",240,"24,49",2,238,"24,29"
311140,CAMPO FLORIDO,MG,11/2022,1049,815,"77,69",800,15,"98,16",234,"22,31",1,233,"22,21"
311150,CAMPOS ALTOS,MG,11/2022,1162,835,"71,86",812,23,"97,25",327,"28,14",16,311,"26,76"
311150,CAMPOS ALTOS,MG,09/2022,1206,901,"74,71",833,68,"92,45",305,"25,29",17,288,"23,88"
311150,CAMPOS ALTOS,MG,07/2022,1181,927,"78,49",906,21,"97,73",254,"21,51",29,225,"19,05"
311160,CAMPOS GERAIS,MG,07/2022,2355,1816,"77,11",1653,163,"91,02",539,"22,89",70,469,"19,92"
311160,CAMPOS GERAIS,MG,09/2022,2356,1970,"83,62",1920,50,"97,46",386,"16,38",24,362,"15,37"
311160,CAMPOS GERAIS,MG,11/2022,2296,1983,"86,37",1972,11,"99,45",313,"13,63",8,305,"13,28"
311170,CANAÃ,MG,11/2022,529,252,"47,64",228,24,"90,48",277,"52,36",3,274,"51,80"
311170,CANAÃ,MG,09/2022,556,287,"51,62",229,58,"79,79",269,"48,38",5,264,"47,48"
311170,CANAÃ,MG,07/2022,561,294,"52,41",226,68,"76,87",267,"47,59",11,256,"45,63"
311180,CANÁPOLIS,MG,09/2022,638,341,"53,45",313,28,"91,79",297,"46,55",66,231,"36,21"
311180,CANÁPOLIS,MG,07/2022,627,337,"53,75",294,43,"87,24",290,"46,25",1,289,"46,09"
311180,CANÁPOLIS,MG,11/2022,645,507,"78,60",439,68,"86,59",138,"21,40",1,137,"21,24"
311190,CANA VERDE,MG,11/2022,402,302,"75,12",264,38,"87,42",100,"24,88",0,100,"24,88"
311190,CANA VERDE,MG,09/2022,416,315,"75,72",266,49,"84,44",101,"24,28",0,101,"24,28"
311190,CANA VERDE,MG,07/2022,413,310,"75,06",310,0,"100,00",103,"24,94",0,103,"24,94"
311200,CANDEIAS,MG,07/2022,934,713,"76,34",713,0,"100,00",221,"23,66",3,218,"23,34"
311200,CANDEIAS,MG,09/2022,939,717,"76,36",714,3,"99,58",222,"23,64",3,219,"23,32"
311200,CANDEIAS,MG,11/2022,925,704,"76,11",704,0,"100,00",221,"23,89",3,218,"23,57"
311205,CANTAGALO,MG,11/2022,596,472,"79,19",472,0,"100,00",124,"20,81",0,124,"20,81"
311205,CANTAGALO,MG,09/2022,594,191,"32,15",191,0,"100,00",403,"67,85",277,126,"21,21"
311205,CANTAGALO,MG,07/2022,601,499,"83,03",499,0,"100,00",102,"16,97",1,101,"16,81"
311210,CAPARAÓ,MG,09/2022,814,482,"59,21",470,12,"97,51",332,"40,79",30,302,"37,10"
311210,CAPARAÓ,MG,07/2022,805,455,"56,52",405,50,"89,01",350,"43,48",56,294,"36,52"
311210,CAPARAÓ,MG,11/2022,785,608,"77,45",474,134,"77,96",177,"22,55",13,164,"20,89"
311220,CAPELA NOVA,MG,11/2022,442,395,"89,37",372,23,"94,18",47,"10,63",0,47,"10,63"
311220,CAPELA NOVA,MG,09/2022,488,428,"87,70",425,3,"99,30",60,"12,30",0,60,"12,30"
311220,CAPELA NOVA,MG,07/2022,487,425,"87,27",372,53,"87,53",62,"12,73",0,62,"12,73"
311230,CAPELINHA,MG,09/2022,5036,3675,"72,97",3675,0,"100,00",1361,"27,03",34,1327,"26,35"
311230,CAPELINHA,MG,07/2022,5055,3683,"72,86",3683,0,"100,00",1372,"27,14",53,1319,"26,09"
311230,CAPELINHA,MG,11/2022,5048,3693,"73,16",3693,0,"100,00",1355,"26,84",14,1341,"26,56"
311240,CAPETINGA,MG,11/2022,679,515,"75,85",498,17,"96,70",164,"24,15",1,163,"24,01"
311240,CAPETINGA,MG,07/2022,696,555,"79,74",534,21,"96,22",141,"20,26",2,139,"19,97"
311240,CAPETINGA,MG,09/2022,705,544,"77,16",543,1,"99,82",161,"22,84",1,160,"22,70"
311250,CAPIM BRANCO,MG,09/2022,764,598,"78,27",596,2,"99,67",166,"21,73",1,165,"21,60"
311250,CAPIM BRANCO,MG,07/2022,714,0,"0,00",0,0,,714,"100,00",553,161,"22,55"
311250,CAPIM BRANCO,MG,11/2022,801,625,"78,03",625,0,"100,00",176,"21,97",6,170,"21,22"
311260,CAPINÓPOLIS,MG,11/2022,1059,1058,"99,91",780,278,"73,72",1,"0,09",0,1,"0,09"
311260,CAPINÓPOLIS,MG,09/2022,1141,1141,"100,00",760,381,"66,61",0,"0,00",0,0,"0,00"
311260,CAPINÓPOLIS,MG,07/2022,1087,782,"71,94",760,22,"97,19",305,"28,06",0,305,"28,06"
311265,CAPITÃO ANDRADE,MG,07/2022,728,1,"0,14",0,1,"0,00",727,"99,86",626,101,"13,87"
311265,CAPITÃO ANDRADE,MG,09/2022,728,624,"85,71",624,0,"100,00",104,"14,29",2,102,"14,01"
311265,CAPITÃO ANDRADE,MG,11/2022,742,636,"85,71",242,394,"38,05",106,"14,29",0,106,"14,29"
311270,CAPITÃO ENÉAS,MG,11/2022,2375,1735,"73,05",1616,119,"93,14",640,"26,95",13,627,"26,40"
311270,CAPITÃO ENÉAS,MG,07/2022,2620,1852,"70,69",1598,254,"86,29",768,"29,31",257,511,"19,50"
311270,CAPITÃO ENÉAS,MG,09/2022,2580,1966,"76,20",1677,289,"85,30",614,"23,80",13,601,"23,29"
311280,CAPITÓLIO,MG,09/2022,422,355,"84,12",355,0,"100,00",67,"15,88",39,28,"6,64"
311280,CAPITÓLIO,MG,07/2022,363,0,"0,00",0,0,,363,"100,00",232,131,"36,09"
311280,CAPITÓLIO,MG,11/2022,429,399,"93,01",391,8,"97,99",30,"6,99",3,27,"6,29"
311290,CAPUTIRA,MG,11/2022,1287,811,"63,01",678,133,"83,60",476,"36,99",48,428,"33,26"
311290,CAPUTIRA,MG,09/2022,1354,793,"58,57",600,193,"75,66",561,"41,43",131,430,"31,76"
311290,CAPUTIRA,MG,07/2022,1369,847,"61,87",584,263,"68,95",522,"38,13",99,423,"30,90"
311300,CARAÍ,MG,09/2022,3725,2576,"69,15",2284,292,"88,66",1149,"30,85",29,1120,"30,07"
311300,CARAÍ,MG,07/2022,3786,2674,"70,63",2350,324,"87,88",1112,"29,37",10,1102,"29,11"
311300,CARAÍ,MG,11/2022,3450,2587,"74,99",2499,88,"96,60",863,"25,01",4,859,"24,90"
311310,CARANAÍBA,MG,11/2022,336,297,"88,39",236,61,"79,46",39,"11,61",2,37,"11,01"
311310,CARANAÍBA,MG,07/2022,346,260,"75,14",217,43,"83,46",86,"24,86",0,86,"24,86"
311310,CARANAÍBA,MG,09/2022,346,259,"74,86",226,33,"87,26",87,"25,14",0,87,"25,14"
311320,CARANDAÍ,MG,07/2022,2005,1444,"72,02",1382,62,"95,71",561,"27,98",27,534,"26,63"
311320,CARANDAÍ,MG,09/2022,1955,1669,"85,37",1582,87,"94,79",286,"14,63",68,218,"11,15"
311320,CARANDAÍ,MG,11/2022,1890,1611,"85,24",1582,29,"98,20",279,"14,76",18,261,"13,81"
311330,CARANGOLA,MG,11/2022,3334,2375,"71,24",2296,79,"96,67",959,"28,76",46,913,"27,38"
311330,CARANGOLA,MG,09/2022,3319,821,"24,74",711,110,"86,60",2498,"75,26",1590,908,"27,36"
311330,CARANGOLA,MG,07/2022,3368,2680,"79,57",2680,0,"100,00",688,"20,43",10,678,"20,13"
311340,CARATINGA,MG,07/2022,6131,3222,"52,55",2951,271,"91,59",2909,"47,45",253,2656,"43,32"
311340,CARATINGA,MG,09/2022,6015,2778,"46,18",2547,231,"91,68",3237,"53,82",1193,2044,"33,98"
311340,CARATINGA,MG,11/2022,5950,4004,"67,29",3664,340,"91,51",1946,"32,71",411,1535,"25,80"
311350,CARBONITA,MG,11/2022,1021,942,"92,26",942,0,"100,00",79,"7,74",3,76,"7,44"
311350,CARBONITA,MG,09/2022,1038,945,"91,04",945,0,"100,00",93,"8,96",5,88,"8,48"
311350,CARBONITA,MG,07/2022,1048,949,"90,55",949,0,"100,00",99,"9,45",11,88,"8,40"
311360,CAREAÇU,MG,07/2022,587,67,"11,41",59,8,"88,06",520,"88,59",303,217,"36,97"
311360,CAREAÇU,MG,09/2022,618,386,"62,46",386,0,"100,00",232,"37,54",2,230,"37,22"
311360,CAREAÇU,MG,11/2022,612,255,"41,67",255,0,"100,00",357,"58,33",130,227,"37,09"
311370,CARLOS CHAGAS,MG,11/2022,2277,1174,"51,56",1048,126,"89,27",1103,"48,44",36,1067,"46,86"
311370,CARLOS CHAGAS,MG,07/2022,2421,1908,"78,81",1906,2,"99,90",513,"21,19",65,448,"18,50"
311370,CARLOS CHAGAS,MG,09/2022,2352,1086,"46,17",834,252,"76,80",1266,"53,83",318,948,"40,31"
311380,CARMÉSIA,MG,09/2022,301,232,"77,08",217,15,"93,53",69,"22,92",16,53,"17,61"
311380,CARMÉSIA,MG,07/2022,296,241,"81,42",229,12,"95,02",55,"18,58",2,53,"17,91"
311380,CARMÉSIA,MG,11/2022,302,261,"86,42",239,22,"91,57",41,"13,58",4,37,"12,25"
311390,CARMO DA CACHOEIRA,MG,11/2022,1424,1335,"93,75",1236,99,"92,58",89,"6,25",6,83,"5,83"
311390,CARMO DA CACHOEIRA,MG,07/2022,1420,1317,"92,75",1226,91,"93,09",103,"7,25",45,58,"4,08"
311390,CARMO DA CACHOEIRA,MG,09/2022,1475,1354,"91,80",1242,112,"91,73",121,"8,20",26,95,"6,44"
311400,CARMO DA MATA,MG,07/2022,680,472,"69,41",420,52,"88,98",208,"30,59",75,133,"19,56"
311400,CARMO DA MATA,MG,09/2022,673,478,"71,03",404,74,"84,52",195,"28,97",60,135,"20,06"
311400,CARMO DA MATA,MG,11/2022,657,518,"78,84",498,20,"96,14",139,"21,16",2,137,"20,85"
311410,CARMO DE MINAS,MG,11/2022,1420,1060,"74,65",966,94,"91,13",360,"25,35",13,347,"24,44"
311410,CARMO DE MINAS,MG,09/2022,1468,970,"66,08",788,182,"81,24",498,"33,92",34,464,"31,61"
311410,CARMO DE MINAS,MG,07/2022,1493,851,"57,00",663,188,"77,91",642,"43,00",183,459,"30,74"
311420,CARMO DO CAJURU,MG,09/2022,845,759,"89,82",630,129,"83,00",86,"10,18",3,83,"9,82"
311420,CARMO DO CAJURU,MG,07/2022,826,695,"84,14",535,160,"76,98",131,"15,86",0,131,"15,86"
311420,CARMO DO CAJURU,MG,11/2022,822,746,"90,75",656,90,"87,94",76,"9,25",1,75,"9,12"
311430,CARMO DO PARANAÍBA,MG,11/2022,1825,1536,"84,16",1477,59,"96,16",289,"15,84",10,279,"15,29"
311430,CARMO DO PARANAÍBA,MG,07/2022,1945,1560,"80,21",1433,127,"91,86",385,"19,79",21,364,"18,71"
311430,CARMO DO PARANAÍBA,MG,09/2022,1873,1573,"83,98",1461,112,"92,88",300,"16,02",14,286,"15,27"
311440,CARMO DO RIO CLARO,MG,07/2022,1500,1185,"79,00",1090,95,"91,98",315,"21,00",142,173,"11,53"
311440,CARMO DO RIO CLARO,MG,09/2022,1528,1184,"77,49",1099,85,"92,82",344,"22,51",94,250,"16,36"
311440,CARMO DO RIO CLARO,MG,11/2022,1510,1293,"85,63",1178,115,"91,11",217,"14,37",36,181,"11,99"
311450,CARMÓPOLIS DE MINAS,MG,11/2022,1064,814,"76,50",810,4,"99,51",250,"23,50",7,243,"22,84"
311450,CARMÓPOLIS DE MINAS,MG,07/2022,1073,719,"67,01",714,5,"99,30",354,"32,99",135,219,"20,41"
311450,CARMÓPOLIS DE MINAS,MG,09/2022,1093,831,"76,03",765,66,"92,06",262,"23,97",12,250,"22,87"
311455,CARNEIRINHO,MG,07/2022,531,39,"7,34",36,3,"92,31",492,"92,66",389,103,"19,40"
311455,CARNEIRINHO,MG,09/2022,562,459,"81,67",459,0,"100,00",103,"18,33",1,102,"18,15"
311455,CARNEIRINHO,MG,11/2022,575,470,"81,74",470,0,"100,00",105,"18,26",1,104,"18,09"
311460,CARRANCAS,MG,11/2022,216,200,"92,59",182,18,"91,00",16,"7,41",1,15,"6,94"
311460,CARRANCAS,MG,07/2022,212,143,"67,45",136,7,"95,10",69,"32,55",2,67,"31,60"
311460,CARRANCAS,MG,09/2022,211,183,"86,73",173,10,"94,54",28,"13,27",3,25,"11,85"
311470,CARVALHÓPOLIS,MG,09/2022,216,35,"16,20",34,1,"97,14",181,"83,80",118,63,"29,17"
311470,CARVALHÓPOLIS,MG,07/2022,220,47,"21,36",42,5,"89,36",173,"78,64",108,65,"29,55"
311470,CARVALHÓPOLIS,MG,11/2022,216,147,"68,06",146,1,"99,32",69,"31,94",0,69,"31,94"
311480,CARVALHOS,MG,11/2022,528,427,"80,87",404,23,"94,61",101,"19,13",2,99,"18,75"
311480,CARVALHOS,MG,07/2022,517,166,"32,11",164,2,"98,80",351,"67,89",197,154,"29,79"
311480,CARVALHOS,MG,09/2022,531,360,"67,80",328,32,"91,11",171,"32,20",14,157,"29,57"
311490,CASA GRANDE,MG,09/2022,162,114,"70,37",114,0,"100,00",48,"29,63",0,48,"29,63"
311490,CASA GRANDE,MG,07/2022,154,101,"65,58",98,3,"97,03",53,"34,42",5,48,"31,17"
311490,CASA GRANDE,MG,11/2022,161,113,"70,19",112,1,"99,12",48,"29,81",0,48,"29,81"
311500,CASCALHO RICO,MG,11/2022,216,177,"81,94",163,14,"92,09",39,"18,06",1,38,"17,59"
311500,CASCALHO RICO,MG,07/2022,216,149,"68,98",139,10,"93,29",67,"31,02",1,66,"30,56"
311500,CASCALHO RICO,MG,09/2022,233,181,"77,68",157,24,"86,74",52,"22,32",3,49,"21,03"
311510,CÁSSIA,MG,07/2022,1430,972,"67,97",826,146,"84,98",458,"32,03",64,394,"27,55"
311510,CÁSSIA,MG,09/2022,1522,1107,"72,73",969,138,"87,53",415,"27,27",42,373,"24,51"
311510,CÁSSIA,MG,11/2022,1522,1127,"74,05",1096,31,"97,25",395,"25,95",12,383,"25,16"
311520,CONCEIÇÃO DA BARRA DE MINAS,MG,11/2022,377,374,"99,20",365,9,"97,59",3,"0,80",0,3,"0,80"
311520,CONCEIÇÃO DA BARRA DE MINAS,MG,09/2022,402,384,"95,52",353,31,"91,93",18,"4,48",0,18,"4,48"
311520,CONCEIÇÃO DA BARRA DE MINAS,MG,07/2022,400,384,"96,00",369,15,"96,09",16,"4,00",2,14,"3,50"
311530,CATAGUASES,MG,09/2022,4213,3796,"90,10",3796,0,"100,00",417,"9,90",8,409,"9,71"
311530,CATAGUASES,MG,07/2022,4137,3588,"86,73",3588,0,"100,00",549,"13,27",8,541,"13,08"
311530,CATAGUASES,MG,11/2022,4176,3819,"91,45",3415,404,"89,42",357,"8,55",1,356,"8,52"
311535,CATAS ALTAS,MG,11/2022,402,317,"78,86",317,0,"100,00",85,"21,14",1,84,"20,90"
311535,CATAS ALTAS,MG,07/2022,364,0,"0,00",0,0,,364,"100,00",283,81,"22,25"
311535,CATAS ALTAS,MG,09/2022,380,297,"78,16",297,0,"100,00",83,"21,84",1,82,"21,58"
311540,CATAS ALTAS DA NORUEGA,MG,09/2022,508,365,"71,85",319,46,"87,40",143,"28,15",5,138,"27,17"
311540,CATAS ALTAS DA NORUEGA,MG,07/2022,507,336,"66,27",336,0,"100,00",171,"33,73",57,114,"22,49"
311540,CATAS ALTAS DA NORUEGA,MG,11/2022,471,335,"71,13",332,3,"99,10",136,"28,87",7,129,"27,39"
311545,CATUJI,MG,11/2022,1816,1371,"75,50",1371,0,"100,00",445,"24,50",29,416,"22,91"
311545,CATUJI,MG,09/2022,1795,1352,"75,32",1352,0,"100,00",443,"24,68",27,416,"23,18"
311545,CATUJI,MG,07/2022,1799,1374,"76,38",1374,0,"100,00",425,"23,62",6,419,"23,29"
311547,CATUTI,MG,07/2022,823,363,"44,11",363,0,"100,00",460,"55,89",173,287,"34,87"
311547,CATUTI,MG,09/2022,856,421,"49,18",421,0,"100,00",435,"50,82",121,314,"36,68"
311547,CATUTI,MG,11/2022,841,231,"27,47",231,0,"100,00",610,"72,53",287,323,"38,41"
311550,CAXAMBU,MG,11/2022,1576,970,"61,55",878,92,"90,52",606,"38,45",126,480,"30,46"
311550,CAXAMBU,MG,09/2022,1630,542,"33,25",433,109,"79,89",1088,"66,75",671,417,"25,58"
311550,CAXAMBU,MG,07/2022,1623,482,"29,70",322,160,"66,80",1141,"70,30",740,401,"24,71"
311560,CEDRO DO ABAETÉ,MG,09/2022,104,89,"85,58",89,0,"100,00",15,"14,42",2,13,"12,50"
311560,CEDRO DO ABAETÉ,MG,07/2022,104,0,"0,00",0,0,,104,"100,00",86,18,"17,31"
311560,CEDRO DO ABAETÉ,MG,11/2022,102,89,"87,25",89,0,"100,00",13,"12,75",1,12,"11,76"
311570,CENTRAL DE MINAS,MG,11/2022,821,611,"74,42",524,87,"85,76",210,"25,58",87,123,"14,98"
311570,CENTRAL DE MINAS,MG,09/2022,840,721,"85,83",721,0,"100,00",119,"14,17",0,119,"14,17"
311570,CENTRAL DE MINAS,MG,07/2022,816,0,"0,00",0,0,,816,"100,00",695,121,"14,83"
311580,CENTRALINA,MG,09/2022,947,606,"63,99",606,0,"100,00",341,"36,01",1,340,"35,90"
311580,CENTRALINA,MG,07/2022,936,498,"53,21",485,13,"97,39",438,"46,79",83,355,"37,93"
311580,CENTRALINA,MG,11/2022,929,866,"93,22",866,0,"100,00",63,"6,78",2,61,"6,57"
311590,CHÁCARA,MG,11/2022,456,334,"73,25",334,0,"100,00",122,"26,75",0,122,"26,75"
311590,CHÁCARA,MG,07/2022,407,325,"79,85",325,0,"100,00",82,"20,15",0,82,"20,15"
311590,CHÁCARA,MG,09/2022,445,353,"79,33",353,0,"100,00",92,"20,67",1,91,"20,45"
311600,CHALÉ,MG,09/2022,911,685,"75,19",685,0,"100,00",226,"24,81",15,211,"23,16"
311600,CHALÉ,MG,07/2022,905,663,"73,26",663,0,"100,00",242,"26,74",37,205,"22,65"
311600,CHALÉ,MG,11/2022,889,677,"76,15",676,1,"99,85",212,"23,85",5,207,"23,28"
311610,CHAPADA DO NORTE,MG,11/2022,1376,1213,"88,15",1128,85,"92,99",163,"11,85",6,157,"11,41"
311610,CHAPADA DO NORTE,MG,07/2022,1596,1298,"81,33",1082,216,"83,36",298,"18,67",24,274,"17,17"
311610,CHAPADA DO NORTE,MG,09/2022,1565,1291,"82,49",1094,197,"84,74",274,"17,51",8,266,"17,00"
311615,CHAPADA GAÚCHA,MG,07/2022,2501,0,"0,00",0,0,,2501,"100,00",1765,736,"29,43"
311615,CHAPADA GAÚCHA,MG,09/2022,2596,1494,"57,55",1393,101,"93,24",1102,"42,45",48,1054,"40,60"
311615,CHAPADA GAÚCHA,MG,11/2022,2455,1313,"53,48",1253,60,"95,43",1142,"46,52",292,850,"34,62"
311620,CHIADOR,MG,11/2022,397,214,"53,90",201,13,"93,93",183,"46,10",30,153,"38,54"
311620,CHIADOR,MG,09/2022,394,218,"55,33",210,8,"96,33",176,"44,67",25,151,"38,32"
311620,CHIADOR,MG,07/2022,370,224,"60,54",217,7,"96,88",146,"39,46",1,145,"39,19"
311630,CIPOTÂNEA,MG,09/2022,749,549,"73,30",506,43,"92,17",200,"26,70",41,159,"21,23"
311630,CIPOTÂNEA,MG,07/2022,759,571,"75,23",571,0,"100,00",188,"24,77",42,146,"19,24"
311630,CIPOTÂNEA,MG,11/2022,716,584,"81,56",584,0,"100,00",132,"18,44",8,124,"17,32"
311640,CLARAVAL,MG,11/2022,385,370,"96,10",370,0,"100,00",15,"3,90",0,15,"3,90"
311640,CLARAVAL,MG,07/2022,382,334,"87,43",293,41,"87,72",48,"12,57",6,42,"10,99"
311640,CLARAVAL,MG,09/2022,388,367,"94,59",333,34,"90,74",21,"5,41",1,20,"5,15"
311650,CLARO DOS POÇÕES,MG,09/2022,1041,884,"84,92",842,42,"95,25",157,"15,08",59,98,"9,41"
311650,CLARO DOS POÇÕES,MG,07/2022,1063,920,"86,55",901,19,"97,93",143,"13,45",11,132,"12,42"
311650,CLARO DOS POÇÕES,MG,11/2022,993,505,"50,86",493,12,"97,62",488,"49,14",400,88,"8,86"
311660,CLÁUDIO,MG,11/2022,1245,1144,"91,89",1079,65,"94,32",101,"8,11",6,95,"7,63"
311660,CLÁUDIO,MG,07/2022,1252,1179,"94,17",963,216,"81,68",73,"5,83",17,56,"4,47"
311660,CLÁUDIO,MG,09/2022,1296,1193,"92,05",1108,85,"92,88",103,"7,95",3,100,"7,72"
311670,COIMBRA,MG,09/2022,762,586,"76,90",512,74,"87,37",176,"23,10",3,173,"22,70"
311670,COIMBRA,MG,07/2022,776,613,"78,99",613,0,"100,00",163,"21,01",1,162,"20,88"
311670,COIMBRA,MG,11/2022,694,514,"74,06",504,10,"98,05",180,"25,94",11,169,"24,35"
311680,COLUNA,MG,11/2022,1383,1034,"74,77",1034,0,"100,00",349,"25,23",13,336,"24,30"
311680,COLUNA,MG,07/2022,1432,823,"57,47",797,26,"96,84",609,"42,53",128,481,"33,59"
311680,COLUNA,MG,09/2022,1430,899,"62,87",893,6,"99,33",531,"37,13",26,505,"35,31"
311690,COMENDADOR GOMES,MG,09/2022,349,278,"79,66",270,8,"97,12",71,"20,34",2,69,"19,77"
311690,COMENDADOR GOMES,MG,07/2022,349,278,"79,66",268,10,"96,40",71,"20,34",1,70,"20,06"
311690,COMENDADOR GOMES,MG,11/2022,351,278,"79,20",252,26,"90,65",73,"20,80",0,73,"20,80"
311700,COMERCINHO,MG,11/2022,1158,936,"80,83",852,84,"91,03",222,"19,17",4,218,"18,83"
311700,COMERCINHO,MG,09/2022,1192,895,"75,08",848,47,"94,75",297,"24,92",6,291,"24,41"
311700,COMERCINHO,MG,07/2022,1211,903,"74,57",884,19,"97,90",308,"25,43",4,304,"25,10"
311710,CONCEIÇÃO DA APARECIDA,MG,09/2022,937,538,"57,42",510,28,"94,80",399,"42,58",22,377,"40,23"
311710,CONCEIÇÃO DA APARECIDA,MG,07/2022,892,441,"49,44",402,39,"91,16",451,"50,56",92,359,"40,25"
311710,CONCEIÇÃO DA APARECIDA,MG,11/2022,912,509,"55,81",430,79,"84,48",403,"44,19",19,384,"42,11"
311720,CONCEIÇÃO DAS PEDRAS,MG,11/2022,273,245,"89,74",238,7,"97,14",28,"10,26",0,28,"10,26"
311720,CONCEIÇÃO DAS PEDRAS,MG,07/2022,269,122,"45,35",117,5,"95,90",147,"54,65",125,22,"8,18"
311720,CONCEIÇÃO DAS PEDRAS,MG,09/2022,272,223,"81,99",217,6,"97,31",49,"18,01",24,25,"9,19"
311730,CONCEIÇÃO DAS ALAGOAS,MG,07/2022,1967,1652,"83,99",1533,119,"92,80",315,"16,01",168,147,"7,47"
311730,CONCEIÇÃO DAS ALAGOAS,MG,09/2022,2185,1760,"80,55",1592,168,"90,45",425,"19,45",248,177,"8,10"
311730,CONCEIÇÃO DAS ALAGOAS,MG,11/2022,2254,1901,"84,34",1776,125,"93,42",353,"15,66",101,252,"11,18"
311740,CONCEIÇÃO DE IPANEMA,MG,11/2022,662,467,"70,54",439,28,"94,00",195,"29,46",4,191,"28,85"
311740,CONCEIÇÃO DE IPANEMA,MG,07/2022,677,0,"0,00",0,0,,677,"100,00",494,183,"27,03"
311740,CONCEIÇÃO DE IPANEMA,MG,09/2022,717,553,"77,13",546,7,"98,73",164,"22,87",21,143,"19,94"
311750,CONCEIÇÃO DO MATO DENTRO,MG,07/2022,2883,0,"0,00",0,0,,2883,"100,00",2245,638,"22,13"
311750,CONCEIÇÃO DO MATO DENTRO,MG,09/2022,2965,1518,"51,20",1514,4,"99,74",1447,"48,80",973,474,"15,99"
311750,CONCEIÇÃO DO MATO DENTRO,MG,11/2022,2869,883,"30,78",725,158,"82,11",1986,"69,22",1208,778,"27,12"
311760,CONCEIÇÃO DO PARÁ,MG,11/2022,305,278,"91,15",260,18,"93,53",27,"8,85",7,20,"6,56"
311760,CONCEIÇÃO DO PARÁ,MG,09/2022,349,275,"78,80",227,48,"82,55",74,"21,20",31,43,"12,32"
311760,CONCEIÇÃO DO PARÁ,MG,07/2022,322,234,"72,67",190,44,"81,20",88,"27,33",7,81,"25,16"
311770,CONCEIÇÃO DO RIO VERDE,MG,07/2022,1431,1368,"95,60",1251,117,"91,45",63,"4,40",7,56,"3,91"
311770,CONCEIÇÃO DO RIO VERDE,MG,09/2022,1403,1348,"96,08",1212,136,"89,91",55,"3,92",17,38,"2,71"
311770,CONCEIÇÃO DO RIO VERDE,MG,11/2022,1253,1166,"93,06",1140,26,"97,77",87,"6,94",5,82,"6,54"
311780,CONCEIÇÃO DOS OUROS,MG,11/2022,645,404,"62,64",371,33,"91,83",241,"37,36",7,234,"36,28"
311780,CONCEIÇÃO DOS OUROS,MG,09/2022,653,409,"62,63",373,36,"91,20",244,"37,37",0,244,"37,37"
311780,CONCEIÇÃO DOS OUROS,MG,07/2022,652,409,"62,73",396,13,"96,82",243,"37,27",6,237,"36,35"
311783,CÔNEGO MARINHO,MG,07/2022,1450,879,"60,62",800,79,"91,01",571,"39,38",139,432,"29,79"
311783,CÔNEGO MARINHO,MG,09/2022,1418,673,"47,46",598,75,"88,86",745,"52,54",318,427,"30,11"
311783,CÔNEGO MARINHO,MG,11/2022,1347,940,"69,78",939,1,"99,89",407,"30,22",27,380,"28,21"
311787,CONFINS,MG,11/2022,329,215,"65,35",212,3,"98,60",114,"34,65",25,89,"27,05"
311787,CONFINS,MG,07/2022,347,232,"66,86",214,18,"92,24",115,"33,14",24,91,"26,22"
311787,CONFINS,MG,09/2022,377,246,"65,25",236,10,"95,93",131,"34,75",24,107,"28,38"
311790,CONGONHAL,MG,09/2022,778,605,"77,76",604,1,"99,83",173,"22,24",1,172,"22,11"
311790,CONGONHAL,MG,07/2022,746,581,"77,88",581,0,"100,00",165,"22,12",2,163,"21,85"
311790,CONGONHAL,MG,11/2022,752,426,"56,65",376,50,"88,26",326,"43,35",75,251,"33,38"
311800,CONGONHAS,MG,11/2022,2264,1744,"77,03",1721,23,"98,68",520,"22,97",62,458,"20,23"
311800,CONGONHAS,MG,07/2022,2313,1289,"55,73",1268,21,"98,37",1024,"44,27",157,867,"37,48"
311800,CONGONHAS,MG,09/2022,2387,1427,"59,78",1351,76,"94,67",960,"40,22",142,818,"34,27"
311810,CONGONHAS DO NORTE,MG,07/2022,725,543,"74,90",541,2,"99,63",182,"25,10",2,180,"24,83"
311810,CONGONHAS DO NORTE,MG,09/2022,730,548,"75,07",542,6,"98,91",182,"24,93",1,181,"24,79"
311810,CONGONHAS DO NORTE,MG,11/2022,726,549,"75,62",549,0,"100,00",177,"24,38",1,176,"24,24"
311820,CONQUISTA,MG,11/2022,557,426,"76,48",426,0,"100,00",131,"23,52",1,130,"23,34"
311820,CONQUISTA,MG,07/2022,490,0,"0,00",0,0,,490,"100,00",375,115,"23,47"
311820,CONQUISTA,MG,09/2022,556,411,"73,92",410,1,"99,76",145,"26,08",19,126,"22,66"
311830,CONSELHEIRO LAFAIETE,MG,09/2022,4496,2776,"61,74",2420,356,"87,18",1720,"38,26",200,1520,"33,81"
311830,CONSELHEIRO LAFAIETE,MG,07/2022,4420,2775,"62,78",2337,438,"84,22",1645,"37,22",88,1557,"35,23"
311830,CONSELHEIRO LAFAIETE,MG,11/2022,4470,3087,"69,06",2835,252,"91,84",1383,"30,94",99,1284,"28,72"
311840,CONSELHEIRO PENA,MG,11/2022,2637,2117,"80,28",2117,0,"100,00",520,"19,72",1,519,"19,68"
311840,CONSELHEIRO PENA,MG,09/2022,2626,2114,"80,50",2099,15,"99,29",512,"19,50",2,510,"19,42"
311840,CONSELHEIRO PENA,MG,07/2022,2530,1,"0,04",0,1,"0,00",2529,"99,96",2021,508,"20,08"
311850,CONSOLAÇÃO,MG,09/2022,180,139,"77,22",131,8,"94,24",41,"22,78",0,41,"22,78"
311850,CONSOLAÇÃO,MG,07/2022,179,156,"87,15",136,20,"87,18",23,"12,85",1,22,"12,29"
311850,CONSOLAÇÃO,MG,11/2022,170,138,"81,18",134,4,"97,10",32,"18,82",0,32,"18,82"
311860,CONTAGEM,MG,11/2022,40827,37223,"91,17",36324,899,"97,58",3604,"8,83",2360,1244,"3,05"
311860,CONTAGEM,MG,07/2022,37375,32974,"88,22",31461,1513,"95,41",4401,"11,78",904,3497,"9,36"
311860,CONTAGEM,MG,09/2022,40180,36985,"92,05",36398,587,"98,41",3195,"7,95",897,2298,"5,72"
311870,COQUEIRAL,MG,09/2022,946,720,"76,11",632,88,"87,78",226,"23,89",9,217,"22,94"
311870,COQUEIRAL,MG,07/2022,972,778,"80,04",777,1,"99,87",194,"19,96",3,191,"19,65"
311870,COQUEIRAL,MG,11/2022,882,630,"71,43",611,19,"96,98",252,"28,57",5,247,"28,00"
311880,CORAÇÃO DE JESUS,MG,11/2022,4508,3188,"70,72",3188,0,"100,00",1320,"29,28",6,1314,"29,15"
311880,CORAÇÃO DE JESUS,MG,07/2022,4555,2948,"64,72",2928,20,"99,32",1607,"35,28",13,1594,"34,99"
311880,CORAÇÃO DE JESUS,MG,09/2022,4553,2968,"65,19",2968,0,"100,00",1585,"34,81",8,1577,"34,64"
311890,CORDISBURGO,MG,09/2022,922,720,"78,09",649,71,"90,14",202,"21,91",5,197,"21,37"
311890,CORDISBURGO,MG,07/2022,915,521,"56,94",521,0,"100,00",394,"43,06",15,379,"41,42"
311890,CORDISBURGO,MG,11/2022,874,749,"85,70",712,37,"95,06",125,"14,30",3,122,"13,96"
311900,CORDISLÂNDIA,MG,11/2022,486,398,"81,89",398,0,"100,00",88,"18,11",1,87,"17,90"
311900,CORDISLÂNDIA,MG,09/2022,496,402,"81,05",402,0,"100,00",94,"18,95",1,93,"18,75"
311900,CORDISLÂNDIA,MG,07/2022,481,381,"79,21",381,0,"100,00",100,"20,79",13,87,"18,09"
311910,CORINTO,MG,07/2022,2870,2064,"71,92",1794,270,"86,92",806,"28,08",13,793,"27,63"
311910,CORINTO,MG,09/2022,2845,1904,"66,92",1642,262,"86,24",941,"33,08",143,798,"28,05"
311910,CORINTO,MG,11/2022,2769,1970,"71,14",1837,133,"93,25",799,"28,86",120,679,"24,52"
311920,COROACI,MG,11/2022,1195,783,"65,52",782,1,"99,87",412,"34,48",1,411,"34,39"
311920,COROACI,MG,09/2022,1223,829,"67,78",742,87,"89,51",394,"32,22",4,390,"31,89"
311920,COROACI,MG,07/2022,1270,978,"77,01",978,0,"100,00",292,"22,99",2,290,"22,83"
311930,COROMANDEL,MG,07/2022,2192,1345,"61,36",1345,0,"100,00",847,"38,64",19,828,"37,77"
311930,COROMANDEL,MG,09/2022,2333,1428,"61,21",1374,54,"96,22",905,"38,79",6,899,"38,53"
311930,COROMANDEL,MG,11/2022,2336,1718,"73,54",1718,0,"100,00",618,"26,46",5,613,"26,24"
311940,CORONEL FABRICIANO,MG,11/2022,7279,4183,"57,47",3989,194,"95,36",3096,"42,53",326,2770,"38,05"
311940,CORONEL FABRICIANO,MG,07/2022,7368,2664,"36,16",2302,362,"86,41",4704,"63,84",2006,2698,"36,62"
311940,CORONEL FABRICIANO,MG,09/2022,7401,2180,"29,46",1834,346,"84,13",5221,"70,54",2402,2819,"38,09"
311950,CORONEL MURTA,MG,09/2022,1306,1116,"85,45",1116,0,"100,00",190,"14,55",36,154,"11,79"
311950,CORONEL MURTA,MG,07/2022,1316,1088,"82,67",1087,1,"99,91",228,"17,33",33,195,"14,82"
311950,CORONEL MURTA,MG,11/2022,1292,1119,"86,61",1119,0,"100,00",173,"13,39",25,148,"11,46"
311960,CORONEL PACHECO,MG,11/2022,257,229,"89,11",229,0,"100,00",28,"10,89",1,27,"10,51"
311960,CORONEL PACHECO,MG,09/2022,259,188,"72,59",188,0,"100,00",71,"27,41",1,70,"27,03"
311960,CORONEL PACHECO,MG,07/2022,241,0,"0,00",0,0,,241,"100,00",168,73,"30,29"
311970,CORONEL XAVIER CHAVES,MG,09/2022,247,232,"93,93",192,40,"82,76",15,"6,07",3,12,"4,86"
311970,CORONEL XAVIER CHAVES,MG,07/2022,243,228,"93,83",184,44,"80,70",15,"6,17",4,11,"4,53"
311970,CORONEL XAVIER CHAVES,MG,11/2022,234,223,"95,30",198,25,"88,79",11,"4,70",3,8,"3,42"
311980,CÓRREGO DANTA,MG,11/2022,175,118,"67,43",116,2,"98,31",57,"32,57",3,54,"30,86"
311980,CÓRREGO DANTA,MG,07/2022,167,73,"43,71",66,7,"90,41",94,"56,29",26,68,"40,72"
311980,CÓRREGO DANTA,MG,09/2022,167,86,"51,50",80,6,"93,02",81,"48,50",9,72,"43,11"
311990,CÓRREGO DO BOM JESUS,MG,09/2022,238,181,"76,05",181,0,"100,00",57,"23,95",1,56,"23,53"
311990,CÓRREGO DO BOM JESUS,MG,07/2022,231,176,"76,19",160,16,"90,91",55,"23,81",1,54,"23,38"
311990,CÓRREGO DO BOM JESUS,MG,11/2022,224,155,"69,20",153,2,"98,71",69,"30,80",1,68,"30,36"
311995,CÓRREGO FUNDO,MG,11/2022,116,65,"56,03",64,1,"98,46",51,"43,97",2,49,"42,24"
311995,CÓRREGO FUNDO,MG,07/2022,111,62,"55,86",57,5,"91,94",49,"44,14",1,48,"43,24"
311995,CÓRREGO FUNDO,MG,09/2022,112,61,"54,46",60,1,"98,36",51,"45,54",3,48,"42,86"
312000,CÓRREGO NOVO,MG,09/2022,468,425,"90,81",409,16,"96,24",43,"9,19",2,41,"8,76"
312000,CÓRREGO NOVO,MG,07/2022,468,408,"87,18",396,12,"97,06",60,"12,82",2,58,"12,39"
312000,CÓRREGO NOVO,MG,11/2022,444,402,"90,54",401,1,"99,75",42,"9,46",3,39,"8,78"
312010,COUTO DE MAGALHÃES DE MINAS,MG,09/2022,607,526,"86,66",444,82,"84,41",81,"13,34",10,71,"11,70"
312010,COUTO DE MAGALHÃES DE MINAS,MG,11/2022,555,472,"85,05",438,34,"92,80",83,"14,95",3,80,"14,41"
312010,COUTO DE MAGALHÃES DE MINAS,MG,07/2022,602,534,"88,70",437,97,"81,84",68,"11,30",4,64,"10,63"
312015,CRISÓLITA,MG,09/2022,1071,753,"70,31",747,6,"99,20",318,"29,69",4,314,"29,32"
312015,CRISÓLITA,MG,07/2022,1093,706,"64,59",700,6,"99,15",387,"35,41",67,320,"29,28"
312015,CRISÓLITA,MG,11/2022,1037,707,"68,18",684,23,"96,75",330,"31,82",4,326,"31,44"
312020,CRISTAIS,MG,11/2022,849,733,"86,34",725,8,"98,91",116,"13,66",3,113,"13,31"
312020,CRISTAIS,MG,07/2022,864,619,"71,64",605,14,"97,74",245,"28,36",46,199,"23,03"
312020,CRISTAIS,MG,09/2022,851,578,"67,92",553,25,"95,67",273,"32,08",78,195,"22,91"
312030,CRISTÁLIA,MG,09/2022,1377,1061,"77,05",1018,43,"95,95",316,"22,95",19,297,"21,57"
312030,CRISTÁLIA,MG,07/2022,1361,1028,"75,53",937,91,"91,15",333,"24,47",20,313,"23,00"
312030,CRISTÁLIA,MG,11/2022,1262,977,"77,42",952,25,"97,44",285,"22,58",3,282,"22,35"
312040,CRISTIANO OTONI,MG,11/2022,435,315,"72,41",258,57,"81,90",120,"27,59",1,119,"27,36"
312040,CRISTIANO OTONI,MG,09/2022,447,260,"58,17",206,54,"79,23",187,"41,83",5,182,"40,72"
312040,CRISTIANO OTONI,MG,07/2022,451,238,"52,77",202,36,"84,87",213,"47,23",31,182,"40,35"
312050,CRISTINA,MG,07/2022,799,661,"82,73",588,73,"88,96",138,"17,27",1,137,"17,15"
312050,CRISTINA,MG,09/2022,801,675,"84,27",593,82,"87,85",126,"15,73",3,123,"15,36"
312050,CRISTINA,MG,11/2022,746,611,"81,90",591,20,"96,73",135,"18,10",2,133,"17,83"
312060,CRUCILÂNDIA,MG,11/2022,428,392,"91,59",367,25,"93,62",36,"8,41",1,35,"8,18"
312060,CRUCILÂNDIA,MG,09/2022,458,394,"86,03",359,35,"91,12",64,"13,97",6,58,"12,66"
312060,CRUCILÂNDIA,MG,07/2022,459,402,"87,58",369,33,"91,79",57,"12,42",2,55,"11,98"
312070,CRUZEIRO DA FORTALEZA,MG,07/2022,473,377,"79,70",350,27,"92,84",96,"20,30",18,78,"16,49"
312070,CRUZEIRO DA FORTALEZA,MG,09/2022,503,373,"74,16",345,28,"92,49",130,"25,84",42,88,"17,50"
312070,CRUZEIRO DA FORTALEZA,MG,11/2022,512,412,"80,47",396,16,"96,12",100,"19,53",2,98,"19,14"
312080,CRUZÍLIA,MG,11/2022,1360,771,"56,69",682,89,"88,46",589,"43,31",18,571,"41,99"
312080,CRUZÍLIA,MG,09/2022,1471,797,"54,18",638,159,"80,05",674,"45,82",17,657,"44,66"
312080,CRUZÍLIA,MG,07/2022,1413,779,"55,13",605,174,"77,66",634,"44,87",8,626,"44,30"
312083,CUPARAQUE,MG,09/2022,520,348,"66,92",348,0,"100,00",172,"33,08",7,165,"31,73"
312083,CUPARAQUE,MG,07/2022,497,0,"0,00",0,0,,497,"100,00",263,234,"47,08"
312083,CUPARAQUE,MG,11/2022,545,278,"51,01",278,0,"100,00",267,"48,99",85,182,"33,39"
312087,CURRAL DE DENTRO,MG,11/2022,1635,1429,"87,40",1429,0,"100,00",206,"12,60",5,201,"12,29"
312087,CURRAL DE DENTRO,MG,07/2022,1635,1297,"79,33",1297,0,"100,00",338,"20,67",5,333,"20,37"
312087,CURRAL DE DENTRO,MG,09/2022,1645,1383,"84,07",1376,7,"99,49",262,"15,93",10,252,"15,32"
312090,CURVELO,MG,09/2022,7028,2635,"37,49",2427,208,"92,11",4393,"62,51",1859,2534,"36,06"
312090,CURVELO,MG,07/2022,6940,3255,"46,90",3040,215,"93,39",3685,"53,10",1117,2568,"37,00"
312090,CURVELO,MG,11/2022,7070,4490,"63,51",4340,150,"96,66",2580,"36,49",26,2554,"36,12"
312100,DATAS,MG,11/2022,905,568,"62,76",541,27,"95,25",337,"37,24",20,317,"35,03"
312100,DATAS,MG,07/2022,1000,659,"65,90",524,135,"79,51",341,"34,10",46,295,"29,50"
312100,DATAS,MG,09/2022,1033,642,"62,15",518,124,"80,69",391,"37,85",70,321,"31,07"
312110,DELFIM MOREIRA,MG,09/2022,643,342,"53,19",311,31,"90,94",301,"46,81",93,208,"32,35"
312110,DELFIM MOREIRA,MG,07/2022,663,364,"54,90",342,22,"93,96",299,"45,10",91,208,"31,37"
312110,DELFIM MOREIRA,MG,11/2022,659,434,"65,86",409,25,"94,24",225,"34,14",43,182,"27,62"
312120,DELFINÓPOLIS,MG,11/2022,560,421,"75,18",421,0,"100,00",139,"24,82",30,109,"19,46"
312120,DELFINÓPOLIS,MG,07/2022,508,383,"75,39",383,0,"100,00",125,"24,61",22,103,"20,28"
312120,DELFINÓPOLIS,MG,09/2022,546,413,"75,64",413,0,"100,00",133,"24,36",28,105,"19,23"
312125,DELTA,MG,09/2022,1503,743,"49,43",683,60,"91,92",760,"50,57",3,757,"50,37"
312125,DELTA,MG,07/2022,1379,615,"44,60",577,38,"93,82",764,"55,40",14,750,"54,39"
312125,DELTA,MG,11/2022,1469,610,"41,52",579,31,"94,92",859,"58,48",2,857,"58,34"
312130,DESCOBERTO,MG,11/2022,449,331,"73,72",331,0,"100,00",118,"26,28",3,115,"25,61"
312130,DESCOBERTO,MG,07/2022,416,92,"22,12",92,0,"100,00",324,"77,88",213,111,"26,68"
312130,DESCOBERTO,MG,09/2022,427,316,"74,00",316,0,"100,00",111,"26,00",3,108,"25,29"
312140,DESTERRO DE ENTRE RIOS,MG,07/2022,414,0,"0,00",0,0,,414,"100,00",338,76,"18,36"
312140,DESTERRO DE ENTRE RIOS,MG,09/2022,431,358,"83,06",358,0,"100,00",73,"16,94",9,64,"14,85"
312140,DESTERRO DE ENTRE RIOS,MG,11/2022,448,349,"77,90",349,0,"100,00",99,"22,10",0,99,"22,10"
312150,DESTERRO DO MELO,MG,11/2022,275,255,"92,73",249,6,"97,65",20,"7,27",4,16,"5,82"
312150,DESTERRO DO MELO,MG,09/2022,282,269,"95,39",241,28,"89,59",13,"4,61",2,11,"3,90"
312150,DESTERRO DO MELO,MG,07/2022,285,207,"72,63",205,2,"99,03",78,"27,37",58,20,"7,02"
312160,DIAMANTINA,MG,07/2022,4937,2985,"60,46",2803,182,"93,90",1952,"39,54",442,1510,"30,59"
312160,DIAMANTINA,MG,09/2022,4985,3299,"66,18",3206,93,"97,18",1686,"33,82",103,1583,"31,76"
312160,DIAMANTINA,MG,11/2022,4904,3571,"72,82",3532,39,"98,91",1333,"27,18",30,1303,"26,57"
312170,DIOGO DE VASCONCELOS,MG,11/2022,432,395,"91,44",378,17,"95,70",37,"8,56",0,37,"8,56"
312170,DIOGO DE VASCONCELOS,MG,09/2022,476,426,"89,50",360,66,"84,51",50,"10,50",1,49,"10,29"
312170,DIOGO DE VASCONCELOS,MG,07/2022,493,466,"94,52",465,1,"99,79",27,"5,48",1,26,"5,27"
312180,DIONÍSIO,MG,09/2022,775,629,"81,16",517,112,"82,19",146,"18,84",5,141,"18,19"
312180,DIONÍSIO,MG,07/2022,784,521,"66,45",516,5,"99,04",263,"33,55",4,259,"33,04"
312180,DIONÍSIO,MG,11/2022,667,528,"79,16",525,3,"99,43",139,"20,84",3,136,"20,39"
312190,DIVINÉSIA,MG,11/2022,394,329,"83,50",316,13,"96,05",65,"16,50",2,63,"15,99"
312190,DIVINÉSIA,MG,07/2022,390,308,"78,97",287,21,"93,18",82,"21,03",37,45,"11,54"
312190,DIVINÉSIA,MG,09/2022,392,330,"84,18",304,26,"92,12",62,"15,82",6,56,"14,29"
312200,DIVINO,MG,09/2022,2674,1964,"73,45",1963,1,"99,95",710,"26,55",166,544,"20,34"
312200,DIVINO,MG,07/2022,2667,2061,"77,28",2061,0,"100,00",606,"22,72",32,574,"21,52"
312200,DIVINO,MG,11/2022,2635,1938,"73,55",1937,1,"99,95",697,"26,45",45,652,"24,74"
312210,DIVINO DAS LARANJEIRAS,MG,11/2022,685,554,"80,88",554,0,"100,00",131,"19,12",3,128,"18,69"
312210,DIVINO DAS LARANJEIRAS,MG,09/2022,657,520,"79,15",520,0,"100,00",137,"20,85",21,116,"17,66"
312210,DIVINO DAS LARANJEIRAS,MG,07/2022,630,224,"35,56",224,0,"100,00",406,"64,44",287,119,"18,89"
312220,DIVINOLÂNDIA DE MINAS,MG,07/2022,1199,952,"79,40",948,4,"99,58",247,"20,60",3,244,"20,35"
312220,DIVINOLÂNDIA DE MINAS,MG,09/2022,1231,971,"78,88",971,0,"100,00",260,"21,12",2,258,"20,96"
312220,DIVINOLÂNDIA DE MINAS,MG,11/2022,1271,999,"78,60",999,0,"100,00",272,"21,40",2,270,"21,24"
312230,DIVINÓPOLIS,MG,11/2022,7387,6329,"85,68",6007,322,"94,91",1058,"14,32",420,638,"8,64"
312230,DIVINÓPOLIS,MG,07/2022,6940,6110,"88,04",5604,506,"91,72",830,"11,96",167,663,"9,55"
312230,DIVINÓPOLIS,MG,09/2022,7259,6526,"89,90",6067,459,"92,97",733,"10,10",208,525,"7,23"
312235,DIVISA ALEGRE,MG,09/2022,1365,909,"66,59",909,0,"100,00",456,"33,41",12,444,"32,53"
312235,DIVISA ALEGRE,MG,07/2022,1327,925,"69,71",925,0,"100,00",402,"30,29",14,388,"29,24"
312235,DIVISA ALEGRE,MG,11/2022,1388,917,"66,07",917,0,"100,00",471,"33,93",18,453,"32,64"
312240,DIVISA NOVA,MG,11/2022,469,423,"90,19",352,71,"83,22",46,"9,81",4,42,"8,96"
312240,DIVISA NOVA,MG,09/2022,479,401,"83,72",361,40,"90,02",78,"16,28",7,71,"14,82"
312240,DIVISA NOVA,MG,07/2022,482,410,"85,06",359,51,"87,56",72,"14,94",0,72,"14,94"
312245,DIVISÓPOLIS,MG,09/2022,1610,486,"30,19",472,14,"97,12",1124,"69,81",982,142,"8,82"
312245,DIVISÓPOLIS,MG,07/2022,1724,1365,"79,18",1325,40,"97,07",359,"20,82",50,309,"17,92"
312245,DIVISÓPOLIS,MG,11/2022,1558,1337,"85,82",1143,194,"85,49",221,"14,18",128,93,"5,97"
312247,DOM BOSCO,MG,11/2022,523,365,"69,79",365,0,"100,00",158,"30,21",52,106,"20,27"
312247,DOM BOSCO,MG,07/2022,507,0,"0,00",0,0,,507,"100,00",395,112,"22,09"
312247,DOM BOSCO,MG,09/2022,534,424,"79,40",423,1,"99,76",110,"20,60",0,110,"20,60"
312250,DOM CAVATI,MG,07/2022,313,253,"80,83",237,16,"93,68",60,"19,17",1,59,"18,85"
312250,DOM CAVATI,MG,09/2022,318,262,"82,39",236,26,"90,08",56,"17,61",2,54,"16,98"
312250,DOM CAVATI,MG,11/2022,317,262,"82,65",249,13,"95,04",55,"17,35",2,53,"16,72"
312260,DOM JOAQUIM,MG,11/2022,685,504,"73,58",501,3,"99,40",181,"26,42",12,169,"24,67"
312260,DOM JOAQUIM,MG,07/2022,685,442,"64,53",442,0,"100,00",243,"35,47",8,235,"34,31"
312260,DOM JOAQUIM,MG,09/2022,680,433,"63,68",430,3,"99,31",247,"36,32",16,231,"33,97"
312270,DOM SILVÉRIO,MG,09/2022,355,287,"80,85",287,0,"100,00",68,"19,15",6,62,"17,46"
312270,DOM SILVÉRIO,MG,07/2022,346,0,"0,00",0,0,,346,"100,00",284,62,"17,92"
312270,DOM SILVÉRIO,MG,11/2022,379,310,"81,79",310,0,"100,00",69,"18,21",6,63,"16,62"
312280,DOM VIÇOSO,MG,11/2022,231,185,"80,09",185,0,"100,00",46,"19,91",2,44,"19,05"
312280,DOM VIÇOSO,MG,07/2022,192,0,"0,00",0,0,,192,"100,00",156,36,"18,75"
312280,DOM VIÇOSO,MG,09/2022,215,146,"67,91",146,0,"100,00",69,"32,09",25,44,"20,47"
312290,DONA EUSÉBIA,MG,09/2022,489,396,"80,98",396,0,"100,00",93,"19,02",1,92,"18,81"
312290,DONA EUSÉBIA,MG,07/2022,458,372,"81,22",372,0,"100,00",86,"18,78",0,86,"18,78"
312290,DONA EUSÉBIA,MG,11/2022,517,419,"81,04",418,1,"99,76",98,"18,96",1,97,"18,76"
312300,DORES DE CAMPOS,MG,11/2022,496,435,"87,70",435,0,"100,00",61,"12,30",1,60,"12,10"
312300,DORES DE CAMPOS,MG,07/2022,444,0,"0,00",0,0,,444,"100,00",387,57,"12,84"
312300,DORES DE CAMPOS,MG,09/2022,486,426,"87,65",426,0,"100,00",60,"12,35",1,59,"12,14"
312310,DORES DE GUANHÃES,MG,09/2022,601,488,"81,20",488,0,"100,00",113,"18,80",0,113,"18,80"
312310,DORES DE GUANHÃES,MG,07/2022,562,0,"0,00",0,0,,562,"100,00",451,111,"19,75"
312310,DORES DE GUANHÃES,MG,11/2022,562,159,"28,29",159,0,"100,00",403,"71,71",295,108,"19,22"
312320,DORES DO INDAIÁ,MG,11/2022,776,607,"78,22",539,68,"88,80",169,"21,78",3,166,"21,39"
312320,DORES DO INDAIÁ,MG,07/2022,807,491,"60,84",408,83,"83,10",316,"39,16",29,287,"35,56"
312320,DORES DO INDAIÁ,MG,09/2022,828,530,"64,01",434,96,"81,89",298,"35,99",7,291,"35,14"
312330,DORES DO TURVO,MG,07/2022,575,451,"78,43",405,46,"89,80",124,"21,57",8,116,"20,17"
312330,DORES DO TURVO,MG,09/2022,569,417,"73,29",415,2,"99,52",152,"26,71",12,140,"24,60"
312330,DORES DO TURVO,MG,11/2022,546,427,"78,21",427,0,"100,00",119,"21,79",7,112,"20,51"
312340,DORESÓPOLIS,MG,11/2022,117,94,"80,34",89,5,"94,68",23,"19,66",1,22,"18,80"
312340,DORESÓPOLIS,MG,09/2022,130,111,"85,38",91,20,"81,98",19,"14,62",1,18,"13,85"
312340,DORESÓPOLIS,MG,07/2022,132,111,"84,09",95,16,"85,59",21,"15,91",3,18,"13,64"
312350,DOURADOQUARA,MG,07/2022,112,0,"0,00",0,0,,112,"100,00",59,53,"47,32"
312350,DOURADOQUARA,MG,09/2022,121,66,"54,55",66,0,"100,00",55,"45,45",1,54,"44,63"
312350,DOURADOQUARA,MG,11/2022,121,69,"57,02",69,0,"100,00",52,"42,98",0,52,"42,98"
312352,DURANDÉ,MG,11/2022,1097,785,"71,56",771,14,"98,22",312,"28,44",2,310,"28,26"
312352,DURANDÉ,MG,09/2022,1110,802,"72,25",802,0,"100,00",308,"27,75",4,304,"27,39"
312352,DURANDÉ,MG,07/2022,1092,772,"70,70",761,11,"98,58",320,"29,30",18,302,"27,66"
312360,ELÓI MENDES,MG,09/2022,1850,1322,"71,46",948,374,"71,71",528,"28,54",306,222,"12,00"
312360,ELÓI MENDES,MG,07/2022,1858,1053,"56,67",799,254,"75,88",805,"43,33",208,597,"32,13"
312360,ELÓI MENDES,MG,11/2022,1850,1622,"87,68",1596,26,"98,40",228,"12,32",12,216,"11,68"
312370,ENGENHEIRO CALDAS,MG,11/2022,1270,820,"64,57",722,98,"88,05",450,"35,43",20,430,"33,86"
312370,ENGENHEIRO CALDAS,MG,07/2022,1209,773,"63,94",770,3,"99,61",436,"36,06",183,253,"20,93"
312370,ENGENHEIRO CALDAS,MG,09/2022,1189,137,"11,52",131,6,"95,62",1052,"88,48",698,354,"29,77"
312380,ENGENHEIRO NAVARRO,MG,07/2022,1185,839,"70,80",760,79,"90,58",346,"29,20",35,311,"26,24"
312380,ENGENHEIRO NAVARRO,MG,09/2022,1163,881,"75,75",870,11,"98,75",282,"24,25",5,277,"23,82"
312380,ENGENHEIRO NAVARRO,MG,11/2022,1084,871,"80,35",865,6,"99,31",213,"19,65",1,212,"19,56"
312385,ENTRE FOLHAS,MG,11/2022,699,422,"60,37",422,0,"100,00",277,"39,63",0,277,"39,63"
312385,ENTRE FOLHAS,MG,07/2022,674,0,"0,00",0,0,,674,"100,00",484,190,"28,19"
312385,ENTRE FOLHAS,MG,09/2022,702,374,"53,28",373,1,"99,73",328,"46,72",53,275,"39,17"
312390,ENTRE RIOS DE MINAS,MG,07/2022,939,574,"61,13",509,65,"88,68",365,"38,87",135,230,"24,49"
312390,ENTRE RIOS DE MINAS,MG,09/2022,943,555,"58,85",531,24,"95,68",388,"41,15",98,290,"30,75"
312390,ENTRE RIOS DE MINAS,MG,11/2022,925,582,"62,92",562,20,"96,56",343,"37,08",9,334,"36,11"
312400,ERVÁLIA,MG,11/2022,1912,1320,"69,04",1319,1,"99,92",592,"30,96",10,582,"30,44"
312400,ERVÁLIA,MG,07/2022,1989,1408,"70,79",1374,34,"97,59",581,"29,21",10,571,"28,71"
312400,ERVÁLIA,MG,09/2022,1978,1356,"68,55",1280,76,"94,40",622,"31,45",8,614,"31,04"
312410,ESMERALDAS,MG,07/2022,9355,4848,"51,82",4847,1,"99,98",4507,"48,18",555,3952,"42,24"
312410,ESMERALDAS,MG,09/2022,10196,5829,"57,17",5828,1,"99,98",4367,"42,83",37,4330,"42,47"
312410,ESMERALDAS,MG,11/2022,10339,5859,"56,67",5859,0,"100,00",4480,"43,33",47,4433,"42,88"
312420,ESPERA FELIZ,MG,11/2022,2603,1716,"65,92",1597,119,"93,07",887,"34,08",11,876,"33,65"
312420,ESPERA FELIZ,MG,09/2022,2545,1088,"42,75",1001,87,"92,00",1457,"57,25",463,994,"39,06"
312420,ESPERA FELIZ,MG,07/2022,2580,1469,"56,94",1327,142,"90,33",1111,"43,06",161,950,"36,82"
312430,ESPINOSA,MG,09/2022,5057,2507,"49,57",2487,20,"99,20",2550,"50,43",18,2532,"50,07"
312430,ESPINOSA,MG,07/2022,4990,2555,"51,20",2528,27,"98,94",2435,"48,80",159,2276,"45,61"
312430,ESPINOSA,MG,11/2022,5008,2518,"50,28",2505,13,"99,48",2490,"49,72",58,2432,"48,56"
312440,ESPÍRITO SANTO DO DOURADO,MG,11/2022,850,692,"81,41",692,0,"100,00",158,"18,59",1,157,"18,47"
312440,ESPÍRITO SANTO DO DOURADO,MG,07/2022,712,0,"0,00",0,0,,712,"100,00",571,141,"19,80"
312440,ESPÍRITO SANTO DO DOURADO,MG,09/2022,810,660,"81,48",660,0,"100,00",150,"18,52",2,148,"18,27"
312450,ESTIVA,MG,09/2022,730,651,"89,18",613,38,"94,16",79,"10,82",4,75,"10,27"
312450,ESTIVA,MG,07/2022,749,13,"1,74",13,0,"100,00",736,"98,26",602,134,"17,89"
312450,ESTIVA,MG,11/2022,761,640,"84,10",565,75,"88,28",121,"15,90",6,115,"15,11"
312460,ESTRELA DALVA,MG,11/2022,322,284,"88,20",284,0,"100,00",38,"11,80",0,38,"11,80"
312460,ESTRELA DALVA,MG,07/2022,308,237,"76,95",223,14,"94,09",71,"23,05",6,65,"21,10"
312460,ESTRELA DALVA,MG,09/2022,324,253,"78,09",253,0,"100,00",71,"21,91",0,71,"21,91"
312470,ESTRELA DO INDAIÁ,MG,07/2022,150,83,"55,33",73,10,"87,95",67,"44,67",6,61,"40,67"
312470,ESTRELA DO INDAIÁ,MG,09/2022,153,17,"11,11",17,0,"100,00",136,"88,89",74,62,"40,52"
312470,ESTRELA DO INDAIÁ,MG,11/2022,151,95,"62,91",83,12,"87,37",56,"37,09",0,56,"37,09"
312480,ESTRELA DO SUL,MG,11/2022,426,343,"80,52",316,27,"92,13",83,"19,48",4,79,"18,54"
312480,ESTRELA DO SUL,MG,09/2022,454,312,"68,72",257,55,"82,37",142,"31,28",63,79,"17,40"
312480,ESTRELA DO SUL,MG,07/2022,534,291,"54,49",250,41,"85,91",243,"45,51",1,242,"45,32"
312490,EUGENÓPOLIS,MG,09/2022,1070,890,"83,18",763,127,"85,73",180,"16,82",12,168,"15,70"
312490,EUGENÓPOLIS,MG,07/2022,1040,833,"80,10",779,54,"93,52",207,"19,90",6,201,"19,33"
312490,EUGENÓPOLIS,MG,11/2022,1029,843,"81,92",770,73,"91,34",186,"18,08",17,169,"16,42"
312500,EWBANK DA CÂMARA,MG,11/2022,641,453,"70,67",453,0,"100,00",188,"29,33",1,187,"29,17"
312500,EWBANK DA CÂMARA,MG,09/2022,671,486,"72,43",486,0,"100,00",185,"27,57",0,185,"27,57"
312500,EWBANK DA CÂMARA,MG,07/2022,631,42,"6,66",38,4,"90,48",589,"93,34",412,177,"28,05"
312510,EXTREMA,MG,07/2022,1707,1007,"58,99",945,62,"93,84",700,"41,01",20,680,"39,84"
312510,EXTREMA,MG,09/2022,1974,1251,"63,37",1251,0,"100,00",723,"36,63",32,691,"35,01"
312510,EXTREMA,MG,11/2022,1980,1362,"68,79",1327,35,"97,43",618,"31,21",40,578,"29,19"
312520,FAMA,MG,11/2022,187,178,"95,19",172,6,"96,63",9,"4,81",2,7,"3,74"
312520,FAMA,MG,07/2022,190,168,"88,42",155,13,"92,26",22,"11,58",8,14,"7,37"
312520,FAMA,MG,09/2022,183,169,"92,35",156,13,"92,31",14,"7,65",5,9,"4,92"
312530,FARIA LEMOS,MG,09/2022,415,361,"86,99",347,14,"96,12",54,"13,01",13,41,"9,88"
312530,FARIA LEMOS,MG,07/2022,427,351,"82,20",340,11,"96,87",76,"17,80",3,73,"17,10"
312530,FARIA LEMOS,MG,11/2022,421,375,"89,07",364,11,"97,07",46,"10,93",2,44,"10,45"
312540,FELÍCIO DOS SANTOS,MG,11/2022,768,612,"79,69",595,17,"97,22",156,"20,31",11,145,"18,88"
312540,FELÍCIO DOS SANTOS,MG,07/2022,819,661,"80,71",595,66,"90,02",158,"19,29",10,148,"18,07"
312540,FELÍCIO DOS SANTOS,MG,09/2022,821,659,"80,27",611,48,"92,72",162,"19,73",9,153,"18,64"
312550,SÃO GONÇALO DO RIO PRETO,MG,09/2022,360,329,"91,39",288,41,"87,54",31,"8,61",3,28,"7,78"
312550,SÃO GONÇALO DO RIO PRETO,MG,07/2022,362,331,"91,44",282,49,"85,20",31,"8,56",7,24,"6,63"
312550,SÃO GONÇALO DO RIO PRETO,MG,11/2022,326,295,"90,49",283,12,"95,93",31,"9,51",3,28,"8,59"
312560,FELISBURGO,MG,11/2022,1133,863,"76,17",760,103,"88,06",270,"23,83",14,256,"22,59"
312560,FELISBURGO,MG,07/2022,1140,750,"65,79",749,1,"99,87",390,"34,21",137,253,"22,19"
312560,FELISBURGO,MG,09/2022,1141,840,"73,62",827,13,"98,45",301,"26,38",33,268,"23,49"
312570,FELIXLÂNDIA,MG,07/2022,1508,727,"48,21",671,56,"92,30",781,"51,79",8,773,"51,26"
312570,FELIXLÂNDIA,MG,09/2022,1514,701,"46,30",687,14,"98,00",813,"53,70",29,784,"51,78"
312570,FELIXLÂNDIA,MG,11/2022,1483,1118,"75,39",1082,36,"96,78",365,"24,61",117,248,"16,72"
312580,FERNANDES TOURINHO,MG,11/2022,285,203,"71,23",191,12,"94,09",82,"28,77",3,79,"27,72"
312580,FERNANDES TOURINHO,MG,07/2022,297,218,"73,40",192,26,"88,07",79,"26,60",2,77,"25,93"
312580,FERNANDES TOURINHO,MG,09/2022,297,200,"67,34",186,14,"93,00",97,"32,66",2,95,"31,99"
312590,FERROS,MG,07/2022,964,795,"82,47",769,26,"96,73",169,"17,53",50,119,"12,34"
312590,FERROS,MG,09/2022,940,782,"83,19",714,68,"91,30",158,"16,81",33,125,"13,30"
312590,FERROS,MG,11/2022,899,730,"81,20",711,19,"97,40",169,"18,80",33,136,"15,13"
312595,FERVEDOURO,MG,11/2022,1480,820,"55,41",763,57,"93,05",660,"44,59",25,635,"42,91"
312595,FERVEDOURO,MG,07/2022,1547,1010,"65,29",931,79,"92,18",537,"34,71",1,536,"34,65"
312595,FERVEDOURO,MG,09/2022,1560,894,"57,31",855,39,"95,64",666,"42,69",10,656,"42,05"
312600,FLORESTAL,MG,09/2022,482,341,"70,75",333,8,"97,65",141,"29,25",2,139,"28,84"
312600,FLORESTAL,MG,07/2022,407,127,"31,20",103,24,"81,10",280,"68,80",144,136,"33,42"
312600,FLORESTAL,MG,11/2022,519,467,"89,98",437,30,"93,58",52,"10,02",6,46,"8,86"
312610,FORMIGA,MG,11/2022,2733,1973,"72,19",1811,162,"91,79",760,"27,81",21,739,"27,04"
312610,FORMIGA,MG,07/2022,2780,1935,"69,60",1679,256,"86,77",845,"30,40",11,834,"30,00"
312610,FORMIGA,MG,09/2022,2788,1799,"64,53",1562,237,"86,83",989,"35,47",148,841,"30,16"
312620,FORMOSO,MG,07/2022,1722,960,"55,75",959,1,"99,90",762,"44,25",520,242,"14,05"
312620,FORMOSO,MG,09/2022,1746,1494,"85,57",1494,0,"100,00",252,"14,43",6,246,"14,09"
312620,FORMOSO,MG,11/2022,1723,1447,"83,98",1447,0,"100,00",276,"16,02",28,248,"14,39"
312630,FORTALEZA DE MINAS,MG,11/2022,186,142,"76,34",142,0,"100,00",44,"23,66",0,44,"23,66"
312630,FORTALEZA DE MINAS,MG,07/2022,173,127,"73,41",126,1,"99,21",46,"26,59",1,45,"26,01"
312630,FORTALEZA DE MINAS,MG,09/2022,185,140,"75,68",139,1,"99,29",45,"24,32",0,45,"24,32"
312640,FORTUNA DE MINAS,MG,09/2022,308,208,"67,53",190,18,"91,35",100,"32,47",1,99,"32,14"
312640,FORTUNA DE MINAS,MG,07/2022,312,184,"58,97",158,26,"85,87",128,"41,03",0,128,"41,03"
312640,FORTUNA DE MINAS,MG,11/2022,314,234,"74,52",218,16,"93,16",80,"25,48",3,77,"24,52"
312650,FRANCISCO BADARÓ,MG,11/2022,863,727,"84,24",674,53,"92,71",136,"15,76",1,135,"15,64"
312650,FRANCISCO BADARÓ,MG,07/2022,920,722,"78,48",663,59,"91,83",198,"21,52",3,195,"21,20"
312650,FRANCISCO BADARÓ,MG,09/2022,902,715,"79,27",703,12,"98,32",187,"20,73",6,181,"20,07"
312660,FRANCISCO DUMONT,MG,07/2022,699,418,"59,80",401,17,"95,93",281,"40,20",7,274,"39,20"
312660,FRANCISCO DUMONT,MG,09/2022,696,423,"60,78",414,9,"97,87",273,"39,22",3,270,"38,79"
312660,FRANCISCO DUMONT,MG,11/2022,698,428,"61,32",411,17,"96,03",270,"38,68",3,267,"38,25"
312670,FRANCISCO SÁ,MG,11/2022,3392,2901,"85,52",2901,0,"100,00",491,"14,48",4,487,"14,36"
312670,FRANCISCO SÁ,MG,07/2022,3333,0,"0,00",0,0,,3333,"100,00",2860,473,"14,19"
312670,FRANCISCO SÁ,MG,09/2022,3402,2447,"71,93",2447,0,"100,00",955,"28,07",477,478,"14,05"
312675,FRANCISCÓPOLIS,MG,09/2022,904,807,"89,27",807,0,"100,00",97,"10,73",9,88,"9,73"
312675,FRANCISCÓPOLIS,MG,07/2022,912,800,"87,72",800,0,"100,00",112,"12,28",20,92,"10,09"
312675,FRANCISCÓPOLIS,MG,11/2022,874,741,"84,78",741,0,"100,00",133,"15,22",69,64,"7,32"
312680,FREI GASPAR,MG,11/2022,1132,759,"67,05",759,0,"100,00",373,"32,95",18,355,"31,36"
312680,FREI GASPAR,MG,09/2022,1132,768,"67,84",767,1,"99,87",364,"32,16",17,347,"30,65"
312680,FREI GASPAR,MG,07/2022,1087,1,"0,09",0,1,"0,00",1086,"99,91",763,323,"29,71"
312690,FREI INOCÊNCIO,MG,09/2022,1499,675,"45,03",575,100,"85,19",824,"54,97",11,813,"54,24"
312690,FREI INOCÊNCIO,MG,07/2022,1487,623,"41,90",464,159,"74,48",864,"58,10",52,812,"54,61"
312690,FREI INOCÊNCIO,MG,11/2022,1421,581,"40,89",551,30,"94,84",840,"59,11",14,826,"58,13"
312695,FREI LAGONEGRO,MG,11/2022,543,511,"94,11",481,30,"94,13",32,"5,89",4,28,"5,16"
312695,FREI LAGONEGRO,MG,07/2022,620,562,"90,65",468,94,"83,27",58,"9,35",25,33,"5,32"
312695,FREI LAGONEGRO,MG,09/2022,610,538,"88,20",466,72,"86,62",72,"11,80",30,42,"6,89"
312700,FRONTEIRA,MG,09/2022,1168,921,"78,85",725,196,"78,72",247,"21,15",10,237,"20,29"
312700,FRONTEIRA,MG,07/2022,1110,641,"57,75",414,227,"64,59",469,"42,25",7,462,"41,62"
312700,FRONTEIRA,MG,11/2022,1123,926,"82,46",821,105,"88,66",197,"17,54",10,187,"16,65"
312705,FRONTEIRA DOS VALES,MG,11/2022,897,0,"0,00",0,0,,897,"100,00",696,201,"22,41"
312705,FRONTEIRA DOS VALES,MG,09/2022,958,734,"76,62",734,0,"100,00",224,"23,38",16,208,"21,71"
312705,FRONTEIRA DOS VALES,MG,07/2022,904,0,"0,00",0,0,,904,"100,00",700,204,"22,57"
312707,FRUTA DE LEITE,MG,09/2022,839,710,"84,62",609,101,"85,77",129,"15,38",11,118,"14,06"
312707,FRUTA DE LEITE,MG,07/2022,858,738,"86,01",602,136,"81,57",120,"13,99",1,119,"13,87"
312707,FRUTA DE LEITE,MG,11/2022,772,662,"85,75",575,87,"86,86",110,"14,25",0,110,"14,25"
312710,FRUTAL,MG,11/2022,3309,2154,"65,10",1981,173,"91,97",1155,"34,90",5,1150,"34,75"
312710,FRUTAL,MG,07/2022,3204,2215,"69,13",2198,17,"99,23",989,"30,87",13,976,"30,46"
312710,FRUTAL,MG,09/2022,3251,2094,"64,41",2005,89,"95,75",1157,"35,59",87,1070,"32,91"
312720,FUNILÂNDIA,MG,09/2022,634,329,"51,89",299,30,"90,88",305,"48,11",6,299,"47,16"
312720,FUNILÂNDIA,MG,07/2022,631,344,"54,52",287,57,"83,43",287,"45,48",5,282,"44,69"
312720,FUNILÂNDIA,MG,11/2022,628,457,"72,77",420,37,"91,90",171,"27,23",7,164,"26,11"
312730,GALILÉIA,MG,11/2022,849,426,"50,18",399,27,"93,66",423,"49,82",34,389,"45,82"
312730,GALILÉIA,MG,09/2022,824,409,"49,64",384,25,"93,89",415,"50,36",37,378,"45,87"
312730,GALILÉIA,MG,07/2022,837,437,"52,21",413,24,"94,51",400,"47,79",57,343,"40,98"
312733,GAMELEIRAS,MG,09/2022,673,583,"86,63",582,1,"99,83",90,"13,37",7,83,"12,33"
312733,GAMELEIRAS,MG,07/2022,679,586,"86,30",583,3,"99,49",93,"13,70",10,83,"12,22"
312733,GAMELEIRAS,MG,11/2022,646,501,"77,55",458,43,"91,42",145,"22,45",33,112,"17,34"
312735,GLAUCILÂNDIA,MG,11/2022,358,225,"62,85",196,29,"87,11",133,"37,15",10,123,"34,36"
312735,GLAUCILÂNDIA,MG,09/2022,365,219,"60,00",156,63,"71,23",146,"40,00",11,135,"36,99"
312735,GLAUCILÂNDIA,MG,07/2022,374,229,"61,23",167,62,"72,93",145,"38,77",6,139,"37,17"
312737,GOIABEIRA,MG,09/2022,371,282,"76,01",281,1,"99,65",89,"23,99",0,89,"23,99"
312737,GOIABEIRA,MG,07/2022,389,289,"74,29",288,1,"99,65",100,"25,71",10,90,"23,14"
312737,GOIABEIRA,MG,11/2022,384,289,"75,26",256,33,"88,58",95,"24,74",8,87,"22,66"
312738,GOIANÁ,MG,11/2022,428,325,"75,93",325,0,"100,00",103,"24,07",1,102,"23,83"
312738,GOIANÁ,MG,07/2022,388,291,"75,00",291,0,"100,00",97,"25,00",1,96,"24,74"
312738,GOIANÁ,MG,09/2022,416,317,"76,20",317,0,"100,00",99,"23,80",1,98,"23,56"
312740,GONÇALVES,MG,09/2022,138,107,"77,54",89,18,"83,18",31,"22,46",0,31,"22,46"
312740,GONÇALVES,MG,07/2022,143,108,"75,52",82,26,"75,93",35,"24,48",4,31,"21,68"
312740,GONÇALVES,MG,11/2022,135,104,"77,04",85,19,"81,73",31,"22,96",0,31,"22,96"
312750,GONZAGA,MG,11/2022,735,478,"65,03",392,86,"82,01",257,"34,97",3,254,"34,56"
312750,GONZAGA,MG,09/2022,795,532,"66,92",402,130,"75,56",263,"33,08",3,260,"32,70"
312750,GONZAGA,MG,07/2022,806,545,"67,62",218,327,"40,00",261,"32,38",4,257,"31,89"
312760,GOUVEIA,MG,07/2022,962,892,"92,72",772,120,"86,55",70,"7,28",13,57,"5,93"
312760,GOUVEIA,MG,09/2022,949,613,"64,59",568,45,"92,66",336,"35,41",281,55,"5,80"
312760,GOUVEIA,MG,11/2022,879,816,"92,83",757,59,"92,77",63,"7,17",4,59,"6,71"
312770,GOVERNADOR VALADARES,MG,11/2022,19062,8752,"45,91",7783,969,"88,93",10310,"54,09",836,9474,"49,70"
312770,GOVERNADOR VALADARES,MG,07/2022,18984,8670,"45,67",7389,1281,"85,22",10314,"54,33",620,9694,"51,06"
312770,GOVERNADOR VALADARES,MG,09/2022,18882,8108,"42,94",7188,920,"88,65",10774,"57,06",1005,9769,"51,74"
312780,GRÃO MOGOL,MG,07/2022,2081,1519,"72,99",1517,2,"99,87",562,"27,01",149,413,"19,85"
312780,GRÃO MOGOL,MG,09/2022,2085,1198,"57,46",1195,3,"99,75",887,"42,54",481,406,"19,47"
312780,GRÃO MOGOL,MG,11/2022,2116,1758,"83,08",1753,5,"99,72",358,"16,92",7,351,"16,59"
312790,GRUPIARA,MG,11/2022,84,83,"98,81",63,20,"75,90",1,"1,19",1,0,"0,00"
312790,GRUPIARA,MG,09/2022,91,91,"100,00",91,0,"100,00",0,"0,00",0,0,"0,00"
312790,GRUPIARA,MG,07/2022,85,84,"98,82",54,30,"64,29",1,"1,18",0,1,"1,18"
312800,GUANHÃES,MG,07/2022,3157,2775,"87,90",2539,236,"91,50",382,"12,10",46,336,"10,64"
312800,GUANHÃES,MG,09/2022,3149,2405,"76,37",2268,137,"94,30",744,"23,63",334,410,"13,02"
312800,GUANHÃES,MG,11/2022,3082,2572,"83,45",2459,113,"95,61",510,"16,55",16,494,"16,03"
312810,GUAPÉ,MG,11/2022,851,456,"53,58",456,0,"100,00",395,"46,42",231,164,"19,27"
312810,GUAPÉ,MG,07/2022,838,345,"41,17",345,0,"100,00",493,"58,83",333,160,"19,09"
312810,GUAPÉ,MG,09/2022,856,494,"57,71",494,0,"100,00",362,"42,29",196,166,"19,39"
312820,GUARACIABA,MG,09/2022,1035,802,"77,49",789,13,"98,38",233,"22,51",3,230,"22,22"
312820,GUARACIABA,MG,07/2022,1036,843,"81,37",783,60,"92,88",193,"18,63",3,190,"18,34"
312820,GUARACIABA,MG,11/2022,975,783,"80,31",765,18,"97,70",192,"19,69",6,186,"19,08"
312825,GUARACIAMA,MG,11/2022,860,734,"85,35",688,46,"93,73",126,"14,65",1,125,"14,53"
312825,GUARACIAMA,MG,07/2022,887,767,"86,47",746,21,"97,26",120,"13,53",2,118,"13,30"
312825,GUARACIAMA,MG,09/2022,900,691,"76,78",691,0,"100,00",209,"23,22",2,207,"23,00"
312830,GUARANÉSIA,MG,09/2022,1103,897,"81,32",878,19,"97,88",206,"18,68",5,201,"18,22"
312830,GUARANÉSIA,MG,07/2022,1079,878,"81,37",808,70,"92,03",201,"18,63",11,190,"17,61"
312830,GUARANÉSIA,MG,11/2022,1051,826,"78,59",782,44,"94,67",225,"21,41",5,220,"20,93"
312840,GUARANI,MG,11/2022,791,551,"69,66",502,49,"91,11",240,"30,34",10,230,"29,08"
312840,GUARANI,MG,07/2022,828,588,"71,01",534,54,"90,82",240,"28,99",26,214,"25,85"
312840,GUARANI,MG,09/2022,837,551,"65,83",501,50,"90,93",286,"34,17",52,234,"27,96"
312850,GUARARÁ,MG,09/2022,429,279,"65,03",271,8,"97,13",150,"34,97",1,149,"34,73"
312850,GUARARÁ,MG,07/2022,435,310,"71,26",282,28,"90,97",125,"28,74",11,114,"26,21"
312850,GUARARÁ,MG,11/2022,415,288,"69,40",280,8,"97,22",127,"30,60",0,127,"30,60"
312860,GUARDA-MOR,MG,11/2022,559,333,"59,57",330,3,"99,10",226,"40,43",141,85,"15,21"
312860,GUARDA-MOR,MG,07/2022,534,228,"42,70",218,10,"95,61",306,"57,30",96,210,"39,33"
312860,GUARDA-MOR,MG,09/2022,539,296,"54,92",288,8,"97,30",243,"45,08",31,212,"39,33"
312870,GUAXUPÉ,MG,09/2022,2517,1704,"67,70",1700,4,"99,77",813,"32,30",73,740,"29,40"
312870,GUAXUPÉ,MG,07/2022,2492,1746,"70,06",1746,0,"100,00",746,"29,94",4,742,"29,78"
312870,GUAXUPÉ,MG,11/2022,2520,1783,"70,75",1781,2,"99,89",737,"29,25",4,733,"29,09"
312880,GUIDOVAL,MG,11/2022,694,574,"82,71",525,49,"91,46",120,"17,29",1,119,"17,15"
312880,GUIDOVAL,MG,09/2022,734,590,"80,38",546,44,"92,54",144,"19,62",5,139,"18,94"
312880,GUIDOVAL,MG,07/2022,715,605,"84,62",555,50,"91,74",110,"15,38",4,106,"14,83"
312890,GUIMARÂNIA,MG,09/2022,1048,790,"75,38",710,80,"89,87",258,"24,62",6,252,"24,05"
312890,GUIMARÂNIA,MG,07/2022,967,721,"74,56",654,67,"90,71",246,"25,44",3,243,"25,13"
312890,GUIMARÂNIA,MG,11/2022,1015,750,"73,89",703,47,"93,73",265,"26,11",1,264,"26,01"
312900,GUIRICEMA,MG,11/2022,820,520,"63,41",519,1,"99,81",300,"36,59",67,233,"28,41"
312900,GUIRICEMA,MG,09/2022,825,495,"60,00",495,0,"100,00",330,"40,00",101,229,"27,76"
312900,GUIRICEMA,MG,07/2022,809,498,"61,56",497,1,"99,80",311,"38,44",103,208,"25,71"
312910,GURINHATÃ,MG,07/2022,460,267,"58,04",260,7,"97,38",193,"41,96",1,192,"41,74"
312910,GURINHATÃ,MG,09/2022,472,297,"62,92",285,12,"95,96",175,"37,08",1,174,"36,86"
312910,GURINHATÃ,MG,11/2022,479,308,"64,30",303,5,"98,38",171,"35,70",2,169,"35,28"
312920,HELIODORA,MG,11/2022,353,324,"91,78",295,29,"91,05",29,"8,22",7,22,"6,23"
312920,HELIODORA,MG,07/2022,415,382,"92,05",317,65,"82,98",33,"7,95",8,25,"6,02"
312920,HELIODORA,MG,09/2022,401,377,"94,01",300,77,"79,58",24,"5,99",4,20,"4,99"
312930,IAPU,MG,07/2022,1190,850,"71,43",850,0,"100,00",340,"28,57",10,330,"27,73"
312930,IAPU,MG,09/2022,1183,835,"70,58",835,0,"100,00",348,"29,42",19,329,"27,81"
312930,IAPU,MG,11/2022,1165,733,"62,92",690,43,"94,13",432,"37,08",71,361,"30,99"
312940,IBERTIOGA,MG,11/2022,613,501,"81,73",464,37,"92,61",112,"18,27",5,107,"17,46"
312940,IBERTIOGA,MG,09/2022,629,503,"79,97",452,51,"89,86",126,"20,03",1,125,"19,87"
312940,IBERTIOGA,MG,07/2022,627,495,"78,95",440,55,"88,89",132,"21,05",4,128,"20,41"
312950,IBIÁ,MG,09/2022,1773,382,"21,55",371,11,"97,12",1391,"78,45",791,600,"33,84"
312950,IBIÁ,MG,07/2022,1749,436,"24,93",430,6,"98,62",1313,"75,07",718,595,"34,02"
312950,IBIÁ,MG,11/2022,1789,733,"40,97",680,53,"92,77",1056,"59,03",415,641,"35,83"
312960,IBIAÍ,MG,11/2022,1377,935,"67,90",931,4,"99,57",442,"32,10",3,439,"31,88"
312960,IBIAÍ,MG,07/2022,1424,950,"66,71",872,78,"91,79",474,"33,29",6,468,"32,87"
312960,IBIAÍ,MG,09/2022,1411,933,"66,12",933,0,"100,00",478,"33,88",1,477,"33,81"
312965,IBIRACATU,MG,09/2022,1059,330,"31,16",323,7,"97,88",729,"68,84",422,307,"28,99"
312965,IBIRACATU,MG,07/2022,1083,712,"65,74",643,69,"90,31",371,"34,26",24,347,"32,04"
312965,IBIRACATU,MG,11/2022,999,785,"78,58",774,11,"98,60",214,"21,42",6,208,"20,82"
312970,IBIRACI,MG,11/2022,1032,678,"65,70",627,51,"92,48",354,"34,30",6,348,"33,72"
312970,IBIRACI,MG,07/2022,1004,668,"66,53",653,15,"97,75",336,"33,47",4,332,"33,07"
312970,IBIRACI,MG,09/2022,1048,690,"65,84",612,78,"88,70",358,"34,16",7,351,"33,49"
312980,IBIRITÉ,MG,09/2022,14152,11858,"83,79",11093,765,"93,55",2294,"16,21",204,2090,"14,77"
312980,IBIRITÉ,MG,07/2022,13599,11128,"81,83",10208,920,"91,73",2471,"18,17",258,2213,"16,27"
312980,IBIRITÉ,MG,11/2022,13464,9639,"71,59",9307,332,"96,56",3825,"28,41",1865,1960,"14,56"
312990,IBITIÚRA DE MINAS,MG,11/2022,261,223,"85,44",215,8,"96,41",38,"14,56",1,37,"14,18"
312990,IBITIÚRA DE MINAS,MG,07/2022,275,229,"83,27",211,18,"92,14",46,"16,73",2,44,"16,00"
312990,IBITIÚRA DE MINAS,MG,09/2022,277,236,"85,20",218,18,"92,37",41,"14,80",2,39,"14,08"
313000,IBITURUNA,MG,07/2022,314,271,"86,31",219,52,"80,81",43,"13,69",4,39,"12,42"
313000,IBITURUNA,MG,09/2022,310,267,"86,13",216,51,"80,90",43,"13,87",4,39,"12,58"
313000,IBITURUNA,MG,11/2022,278,240,"86,33",225,15,"93,75",38,"13,67",1,37,"13,31"
313005,ICARAÍ DE MINAS,MG,11/2022,1754,1062,"60,55",1030,32,"96,99",692,"39,45",10,682,"38,88"
313005,ICARAÍ DE MINAS,MG,07/2022,1806,1001,"55,43",946,55,"94,51",805,"44,57",11,794,"43,96"
313005,ICARAÍ DE MINAS,MG,09/2022,1796,1006,"56,01",964,42,"95,83",790,"43,99",23,767,"42,71"
313010,IGARAPÉ,MG,09/2022,4594,3232,"70,35",3229,3,"99,91",1362,"29,65",31,1331,"28,97"
313010,IGARAPÉ,MG,07/2022,4324,2950,"68,22",2863,87,"97,05",1374,"31,78",34,1340,"30,99"
313010,IGARAPÉ,MG,11/2022,4592,3264,"71,08",3211,53,"98,38",1328,"28,92",6,1322,"28,79"
313020,IGARATINGA,MG,11/2022,444,253,"56,98",216,37,"85,38",191,"43,02",21,170,"38,29"
313020,IGARATINGA,MG,07/2022,441,251,"56,92",177,74,"70,52",190,"43,08",51,139,"31,52"
313020,IGARATINGA,MG,09/2022,441,168,"38,10",143,25,"85,12",273,"61,90",98,175,"39,68"
313030,IGUATAMA,MG,09/2022,607,345,"56,84",345,0,"100,00",262,"43,16",44,218,"35,91"
313030,IGUATAMA,MG,07/2022,558,1,"0,18",0,1,"0,00",557,"99,82",367,190,"34,05"
313030,IGUATAMA,MG,11/2022,592,370,"62,50",370,0,"100,00",222,"37,50",2,220,"37,16"
313040,IJACI,MG,11/2022,593,347,"58,52",332,15,"95,68",246,"41,48",71,175,"29,51"
313040,IJACI,MG,09/2022,605,507,"83,80",506,1,"99,80",98,"16,20",0,98,"16,20"
313040,IJACI,MG,07/2022,556,0,"0,00",0,0,,556,"100,00",462,94,"16,91"
313050,ILICÍNEA,MG,07/2022,864,0,"0,00",0,0,,864,"100,00",731,133,"15,39"
313050,ILICÍNEA,MG,09/2022,915,703,"76,83",703,0,"100,00",212,"23,17",63,149,"16,28"
313050,ILICÍNEA,MG,11/2022,891,730,"81,93",730,0,"100,00",161,"18,07",13,148,"16,61"
313055,IMBÉ DE MINAS,MG,11/2022,1229,863,"70,22",863,0,"100,00",366,"29,78",6,360,"29,29"
313055,IMBÉ DE MINAS,MG,07/2022,1299,711,"54,73",620,91,"87,20",588,"45,27",10,578,"44,50"
313055,IMBÉ DE MINAS,MG,09/2022,1295,645,"49,81",644,1,"99,84",650,"50,19",9,641,"49,50"
313060,INCONFIDENTES,MG,07/2022,362,292,"80,66",245,47,"83,90",70,"19,34",1,69,"19,06"
313060,INCONFIDENTES,MG,09/2022,354,301,"85,03",219,82,"72,76",53,"14,97",1,52,"14,69"
313060,INCONFIDENTES,MG,11/2022,369,308,"83,47",228,80,"74,03",61,"16,53",3,58,"15,72"
313065,INDAIABIRA,MG,11/2022,971,852,"87,74",845,7,"99,18",119,"12,26",10,109,"11,23"
313065,INDAIABIRA,MG,09/2022,1046,957,"91,49",822,135,"85,89",89,"8,51",8,81,"7,74"
313065,INDAIABIRA,MG,07/2022,1047,803,"76,70",788,15,"98,13",244,"23,30",29,215,"20,53"
313070,INDIANÓPOLIS,MG,07/2022,539,406,"75,32",405,1,"99,75",133,"24,68",52,81,"15,03"
313070,INDIANÓPOLIS,MG,09/2022,551,471,"85,48",449,22,"95,33",80,"14,52",7,73,"13,25"
313070,INDIANÓPOLIS,MG,11/2022,514,265,"51,56",261,4,"98,49",249,"48,44",192,57,"11,09"
313080,INGAÍ,MG,11/2022,182,155,"85,16",145,10,"93,55",27,"14,84",12,15,"8,24"
313080,INGAÍ,MG,07/2022,177,0,"0,00",0,0,,177,"100,00",148,29,"16,38"
313080,INGAÍ,MG,09/2022,180,168,"93,33",153,15,"91,07",12,"6,67",0,12,"6,67"
313090,INHAPIM,MG,09/2022,3022,2401,"79,45",2401,0,"100,00",621,"20,55",29,592,"19,59"
313090,INHAPIM,MG,07/2022,2992,2402,"80,28",2402,0,"100,00",590,"19,72",14,576,"19,25"
313090,INHAPIM,MG,11/2022,3010,2376,"78,94",2375,1,"99,96",634,"21,06",45,589,"19,57"
313100,INHAÚMA,MG,11/2022,879,670,"76,22",630,40,"94,03",209,"23,78",4,205,"23,32"
313100,INHAÚMA,MG,07/2022,832,636,"76,44",591,45,"92,92",196,"23,56",2,194,"23,32"
313100,INHAÚMA,MG,09/2022,884,675,"76,36",620,55,"91,85",209,"23,64",6,203,"22,96"
313110,INIMUTABA,MG,07/2022,844,671,"79,50",597,74,"88,97",173,"20,50",17,156,"18,48"
313110,INIMUTABA,MG,09/2022,841,631,"75,03",555,76,"87,96",210,"24,97",46,164,"19,50"
313110,INIMUTABA,MG,11/2022,819,741,"90,48",626,115,"84,48",78,"9,52",2,76,"9,28"
313115,IPABA,MG,11/2022,1588,1171,"73,74",1118,53,"95,47",417,"26,26",6,411,"25,88"
313115,IPABA,MG,09/2022,1617,1214,"75,08",1093,121,"90,03",403,"24,92",11,392,"24,24"
313115,IPABA,MG,07/2022,1646,1069,"64,95",950,119,"88,87",577,"35,05",3,574,"34,87"
313120,IPANEMA,MG,09/2022,2184,1808,"82,78",1690,118,"93,47",376,"17,22",14,362,"16,58"
313120,IPANEMA,MG,07/2022,2232,1788,"80,11",1785,3,"99,83",444,"19,89",39,405,"18,15"
313120,IPANEMA,MG,11/2022,2105,1745,"82,90",1726,19,"98,91",360,"17,10",16,344,"16,34"
313130,IPATINGA,MG,11/2022,15975,8362,"52,34",7692,670,"91,99",7613,"47,66",64,7549,"47,26"
313130,IPATINGA,MG,09/2022,16436,8737,"53,16",7579,1158,"86,75",7699,"46,84",97,7602,"46,25"
313130,IPATINGA,MG,07/2022,15889,8246,"51,90",6843,1403,"82,99",7643,"48,10",221,7422,"46,71"
313140,IPIAÇU,MG,09/2022,371,208,"56,06",206,2,"99,04",163,"43,94",1,162,"43,67"
313140,IPIAÇU,MG,07/2022,321,0,"0,00",0,0,,321,"100,00",181,140,"43,61"
313140,IPIAÇU,MG,11/2022,399,227,"56,89",227,0,"100,00",172,"43,11",2,170,"42,61"
313150,IPUIÚNA,MG,11/2022,659,654,"99,24",531,123,"81,19",5,"0,76",1,4,"0,61"
313150,IPUIÚNA,MG,07/2022,671,523,"77,94",523,0,"100,00",148,"22,06",2,146,"21,76"
313150,IPUIÚNA,MG,09/2022,667,521,"78,11",521,0,"100,00",146,"21,89",1,145,"21,74"
313160,IRAÍ DE MINAS,MG,09/2022,841,569,"67,66",569,0,"100,00",272,"32,34",143,129,"15,34"
313160,IRAÍ DE MINAS,MG,07/2022,744,0,"0,00",0,0,,744,"100,00",635,109,"14,65"
313160,IRAÍ DE MINAS,MG,11/2022,869,545,"62,72",496,49,"91,01",324,"37,28",33,291,"33,49"
313170,ITABIRA,MG,11/2022,6038,4630,"76,68",4309,321,"93,07",1408,"23,32",8,1400,"23,19"
313170,ITABIRA,MG,07/2022,6291,4365,"69,38",3682,683,"84,35",1926,"30,62",15,1911,"30,38"
313170,ITABIRA,MG,09/2022,6318,4222,"66,82",3898,324,"92,33",2096,"33,18",5,2091,"33,10"
313180,ITABIRINHA,MG,07/2022,1255,0,"0,00",0,0,,1255,"100,00",1028,227,"18,09"
313180,ITABIRINHA,MG,09/2022,1279,694,"54,26",694,0,"100,00",585,"45,74",341,244,"19,08"
313180,ITABIRINHA,MG,11/2022,1300,849,"65,31",834,15,"98,23",451,"34,69",1,450,"34,62"
313190,ITABIRITO,MG,11/2022,2509,2090,"83,30",1878,212,"89,86",419,"16,70",4,415,"16,54"
313190,ITABIRITO,MG,07/2022,2428,1386,"57,08",1386,0,"100,00",1042,"42,92",47,995,"40,98"
313190,ITABIRITO,MG,09/2022,2525,1504,"59,56",1504,0,"100,00",1021,"40,44",19,1002,"39,68"
313200,ITACAMBIRA,MG,07/2022,646,464,"71,83",392,72,"84,48",182,"28,17",7,175,"27,09"
313200,ITACAMBIRA,MG,09/2022,655,475,"72,52",416,59,"87,58",180,"27,48",7,173,"26,41"
313200,ITACAMBIRA,MG,11/2022,596,436,"73,15",413,23,"94,72",160,"26,85",1,159,"26,68"
313210,ITACARAMBI,MG,11/2022,2911,1804,"61,97",1599,205,"88,64",1107,"38,03",277,830,"28,51"
313210,ITACARAMBI,MG,07/2022,2942,1454,"49,42",1380,74,"94,91",1488,"50,58",853,635,"21,58"
313210,ITACARAMBI,MG,09/2022,2882,1149,"39,87",987,162,"85,90",1733,"60,13",1141,592,"20,54"
313220,ITAGUARA,MG,07/2022,742,625,"84,23",580,45,"92,80",117,"15,77",3,114,"15,36"
313220,ITAGUARA,MG,09/2022,755,679,"89,93",605,74,"89,10",76,"10,07",1,75,"9,93"
313220,ITAGUARA,MG,11/2022,744,591,"79,44",559,32,"94,59",153,"20,56",68,85,"11,42"
313230,ITAIPÉ,MG,11/2022,2301,1499,"65,15",1402,97,"93,53",802,"34,85",7,795,"34,55"
313230,ITAIPÉ,MG,07/2022,2475,1586,"64,08",1329,257,"83,80",889,"35,92",6,883,"35,68"
313230,ITAIPÉ,MG,09/2022,2385,1561,"65,45",1482,79,"94,94",824,"34,55",5,819,"34,34"
313240,ITAJUBÁ,MG,07/2022,5159,4070,"78,89",4065,5,"99,88",1089,"21,11",125,964,"18,69"
313240,ITAJUBÁ,MG,09/2022,5453,4306,"78,97",4306,0,"100,00",1147,"21,03",151,996,"18,27"
313240,ITAJUBÁ,MG,11/2022,5519,4531,"82,10",4530,1,"99,98",988,"17,90",20,968,"17,54"
313250,ITAMARANDIBA,MG,11/2022,4115,3166,"76,94",2959,207,"93,46",949,"23,06",252,697,"16,94"
313250,ITAMARANDIBA,MG,09/2022,4103,1899,"46,28",1899,0,"100,00",2204,"53,72",1656,548,"13,36"
313250,ITAMARANDIBA,MG,07/2022,4021,59,"1,47",50,9,"84,75",3962,"98,53",3428,534,"13,28"
313260,ITAMARATI DE MINAS,MG,07/2022,353,212,"60,06",211,1,"99,53",141,"39,94",29,112,"31,73"
313260,ITAMARATI DE MINAS,MG,09/2022,382,256,"67,02",254,2,"99,22",126,"32,98",4,122,"31,94"
313260,ITAMARATI DE MINAS,MG,11/2022,372,262,"70,43",228,34,"87,02",110,"29,57",1,109,"29,30"
313270,ITAMBACURI,MG,11/2022,3847,1387,"36,05",1328,59,"95,75",2460,"63,95",7,2453,"63,76"
313270,ITAMBACURI,MG,07/2022,3953,1415,"35,80",1386,29,"97,95",2538,"64,20",63,2475,"62,61"
313270,ITAMBACURI,MG,09/2022,3945,1353,"34,30",1217,136,"89,95",2592,"65,70",13,2579,"65,37"
313280,ITAMBÉ DO MATO DENTRO,MG,09/2022,206,158,"76,70",158,0,"100,00",48,"23,30",0,48,"23,30"
313280,ITAMBÉ DO MATO DENTRO,MG,07/2022,188,3,"1,60",0,3,"0,00",185,"98,40",142,43,"22,87"
313280,ITAMBÉ DO MATO DENTRO,MG,11/2022,203,157,"77,34",157,0,"100,00",46,"22,66",0,46,"22,66"
313290,ITAMOGI,MG,11/2022,693,647,"93,36",562,85,"86,86",46,"6,64",7,39,"5,63"
313290,ITAMOGI,MG,09/2022,724,694,"95,86",519,175,"74,78",30,"4,14",3,27,"3,73"
313290,ITAMOGI,MG,07/2022,716,662,"92,46",599,63,"90,48",54,"7,54",1,53,"7,40"
313300,ITAMONTE,MG,09/2022,886,831,"93,79",702,129,"84,48",55,"6,21",17,38,"4,29"
313300,ITAMONTE,MG,07/2022,879,829,"94,31",688,141,"82,99",50,"5,69",5,45,"5,12"
313300,ITAMONTE,MG,11/2022,837,795,"94,98",706,89,"88,81",42,"5,02",7,35,"4,18"
313310,ITANHANDU,MG,11/2022,678,592,"87,32",553,39,"93,41",86,"12,68",3,83,"12,24"
313310,ITANHANDU,MG,09/2022,687,601,"87,48",514,87,"85,52",86,"12,52",4,82,"11,94"
313310,ITANHANDU,MG,07/2022,687,575,"83,70",490,85,"85,22",112,"16,30",5,107,"15,57"
313320,ITANHOMI,MG,09/2022,997,195,"19,56",185,10,"94,87",802,"80,44",296,506,"50,75"
313320,ITANHOMI,MG,07/2022,1061,550,"51,84",550,0,"100,00",511,"48,16",6,505,"47,60"
313320,ITANHOMI,MG,11/2022,1041,489,"46,97",460,29,"94,07",552,"53,03",5,547,"52,55"
313330,ITAOBIM,MG,11/2022,2500,1683,"67,32",1645,38,"97,74",817,"32,68",618,199,"7,96"
313330,ITAOBIM,MG,09/2022,2661,1535,"57,69",1369,166,"89,19",1126,"42,31",207,919,"34,54"
313330,ITAOBIM,MG,07/2022,2672,1689,"63,21",1496,193,"88,57",983,"36,79",117,866,"32,41"
313340,ITAPAGIPE,MG,07/2022,777,446,"57,40",443,3,"99,33",331,"42,60",197,134,"17,25"
313340,ITAPAGIPE,MG,09/2022,827,513,"62,03",502,11,"97,86",314,"37,97",176,138,"16,69"
313340,ITAPAGIPE,MG,11/2022,869,576,"66,28",557,19,"96,70",293,"33,72",122,171,"19,68"
313350,ITAPECERICA,MG,11/2022,1196,1041,"87,04",1014,27,"97,41",155,"12,96",2,153,"12,79"
313350,ITAPECERICA,MG,09/2022,1196,1034,"86,45",1011,23,"97,78",162,"13,55",5,157,"13,13"
313350,ITAPECERICA,MG,07/2022,1179,787,"66,75",732,55,"93,01",392,"33,25",18,374,"31,72"
313360,ITAPEVA,MG,07/2022,804,187,"23,26",163,24,"87,17",617,"76,74",341,276,"34,33"
313360,ITAPEVA,MG,09/2022,814,187,"22,97",146,41,"78,07",627,"77,03",349,278,"34,15"
313360,ITAPEVA,MG,11/2022,827,568,"68,68",568,0,"100,00",259,"31,32",2,257,"31,08"
313370,ITATIAIUÇU,MG,11/2022,843,399,"47,33",399,0,"100,00",444,"52,67",1,443,"52,55"
313370,ITATIAIUÇU,MG,07/2022,868,406,"46,77",341,65,"83,99",462,"53,23",10,452,"52,07"
313370,ITATIAIUÇU,MG,09/2022,894,393,"43,96",320,73,"81,42",501,"56,04",14,487,"54,47"
313375,ITAÚ DE MINAS,MG,07/2022,683,0,"0,00",0,0,,683,"100,00",575,108,"15,81"
313375,ITAÚ DE MINAS,MG,09/2022,733,568,"77,49",567,1,"99,82",165,"22,51",54,111,"15,14"
313375,ITAÚ DE MINAS,MG,11/2022,694,396,"57,06",381,15,"96,21",298,"42,94",83,215,"30,98"
313380,ITAÚNA,MG,11/2022,3384,2305,"68,11",2176,129,"94,40",1079,"31,89",17,1062,"31,38"
313380,ITAÚNA,MG,09/2022,3512,2356,"67,08",2215,141,"94,02",1156,"32,92",26,1130,"32,18"
313380,ITAÚNA,MG,07/2022,3388,1477,"43,60",1333,144,"90,25",1911,"56,40",281,1630,"48,11"
313390,ITAVERAVA,MG,07/2022,623,531,"85,23",489,42,"92,09",92,"14,77",29,63,"10,11"
313390,ITAVERAVA,MG,09/2022,621,552,"88,89",494,58,"89,49",69,"11,11",5,64,"10,31"
313390,ITAVERAVA,MG,11/2022,552,498,"90,22",495,3,"99,40",54,"9,78",2,52,"9,42"
313400,ITINGA,MG,11/2022,2278,1413,"62,03",1351,62,"95,61",865,"37,97",7,858,"37,66"
313400,ITINGA,MG,09/2022,2356,1446,"61,38",1330,116,"91,98",910,"38,62",19,891,"37,82"
313400,ITINGA,MG,07/2022,2397,1500,"62,58",1333,167,"88,87",897,"37,42",18,879,"36,67"
313410,ITUETA,MG,09/2022,760,459,"60,39",418,41,"91,07",301,"39,61",36,265,"34,87"
313410,ITUETA,MG,07/2022,755,495,"65,56",485,10,"97,98",260,"34,44",9,251,"33,25"
313410,ITUETA,MG,11/2022,754,466,"61,80",462,4,"99,14",288,"38,20",4,284,"37,67"
313420,ITUIUTABA,MG,11/2022,4811,3501,"72,77",3366,135,"96,14",1310,"27,23",7,1303,"27,08"
313420,ITUIUTABA,MG,07/2022,4519,2946,"65,19",2834,112,"96,20",1573,"34,81",160,1413,"31,27"
313420,ITUIUTABA,MG,09/2022,4752,3123,"65,72",2862,261,"91,64",1629,"34,28",48,1581,"33,27"
313430,ITUMIRIM,MG,07/2022,604,491,"81,29",429,62,"87,37",113,"18,71",10,103,"17,05"
313430,ITUMIRIM,MG,09/2022,651,484,"74,35",424,60,"87,60",167,"25,65",43,124,"19,05"
313430,ITUMIRIM,MG,11/2022,655,600,"91,60",517,83,"86,17",55,"8,40",3,52,"7,94"
313440,ITURAMA,MG,11/2022,3496,2415,"69,08",2328,87,"96,40",1081,"30,92",30,1051,"30,06"
313440,ITURAMA,MG,09/2022,3461,2551,"73,71",2551,0,"100,00",910,"26,29",30,880,"25,43"
313440,ITURAMA,MG,07/2022,3071,1652,"53,79",1557,95,"94,25",1419,"46,21",578,841,"27,39"
313450,ITUTINGA,MG,09/2022,255,182,"71,37",130,52,"71,43",73,"28,63",58,15,"5,88"
313450,ITUTINGA,MG,07/2022,255,178,"69,80",110,68,"61,80",77,"30,20",24,53,"20,78"
313450,ITUTINGA,MG,11/2022,234,212,"90,60",140,72,"66,04",22,"9,40",3,19,"8,12"
313460,JABOTICATUBAS,MG,11/2022,1451,333,"22,95",297,36,"89,19",1118,"77,05",927,191,"13,16"
313460,JABOTICATUBAS,MG,07/2022,1638,1313,"80,16",1313,0,"100,00",325,"19,84",3,322,"19,66"
313460,JABOTICATUBAS,MG,09/2022,1561,945,"60,54",766,179,"81,06",616,"39,46",439,177,"11,34"
313470,JACINTO,MG,09/2022,1879,1462,"77,81",1462,0,"100,00",417,"22,19",8,409,"21,77"
313470,JACINTO,MG,07/2022,1837,2,"0,11",0,2,"0,00",1835,"99,89",1430,405,"22,05"
313470,JACINTO,MG,11/2022,1889,1465,"77,55",1465,0,"100,00",424,"22,45",12,412,"21,81"
313480,JACUÍ,MG,11/2022,423,364,"86,05",364,0,"100,00",59,"13,95",1,58,"13,71"
313480,JACUÍ,MG,09/2022,427,362,"84,78",362,0,"100,00",65,"15,22",0,65,"15,22"
313480,JACUÍ,MG,07/2022,402,337,"83,83",337,0,"100,00",65,"16,17",6,59,"14,68"
313490,JACUTINGA,MG,09/2022,1099,520,"47,32",507,13,"97,50",579,"52,68",3,576,"52,41"
313490,JACUTINGA,MG,07/2022,1081,511,"47,27",478,33,"93,54",570,"52,73",24,546,"50,51"
313490,JACUTINGA,MG,11/2022,1093,704,"64,41",635,69,"90,20",389,"35,59",0,389,"35,59"
313500,JAGUARAÇU,MG,11/2022,199,169,"84,92",162,7,"95,86",30,"15,08",2,28,"14,07"
313500,JAGUARAÇU,MG,07/2022,211,174,"82,46",151,23,"86,78",37,"17,54",1,36,"17,06"
313500,JAGUARAÇU,MG,09/2022,219,180,"82,19",180,0,"100,00",39,"17,81",4,35,"15,98"
313505,JAÍBA,MG,09/2022,8080,5897,"72,98",5699,198,"96,64",2183,"27,02",70,2113,"26,15"
313505,JAÍBA,MG,07/2022,7904,5914,"74,82",5693,221,"96,26",1990,"25,18",44,1946,"24,62"
313505,JAÍBA,MG,11/2022,7817,5634,"72,07",5552,82,"98,54",2183,"27,93",37,2146,"27,45"
313507,JAMPRUCA,MG,11/2022,795,427,"53,71",418,9,"97,89",368,"46,29",19,349,"43,90"
313507,JAMPRUCA,MG,09/2022,819,441,"53,85",423,18,"95,92",378,"46,15",16,362,"44,20"
313507,JAMPRUCA,MG,07/2022,841,403,"47,92",383,20,"95,04",438,"52,08",18,420,"49,94"
313510,JANAÚBA,MG,07/2022,8030,6060,"75,47",5984,76,"98,75",1970,"24,53",42,1928,"24,01"
313510,JANAÚBA,MG,09/2022,8108,6285,"77,52",6173,112,"98,22",1823,"22,48",61,1762,"21,73"
313510,JANAÚBA,MG,11/2022,7936,5775,"72,77",5702,73,"98,74",2161,"27,23",29,2132,"26,86"
313520,JANUÁRIA,MG,11/2022,10890,7249,"66,57",6901,348,"95,20",3641,"33,43",267,3374,"30,98"
313520,JANUÁRIA,MG,09/2022,11487,7109,"61,89",6413,696,"90,21",4378,"38,11",716,3662,"31,88"
313520,JANUÁRIA,MG,07/2022,11431,6589,"57,64",5713,876,"86,71",4842,"42,36",672,4170,"36,48"
313530,JAPARAÍBA,MG,07/2022,266,218,"81,95",197,21,"90,37",48,"18,05",2,46,"17,29"
313530,JAPARAÍBA,MG,09/2022,294,244,"82,99",215,29,"88,11",50,"17,01",0,50,"17,01"
313530,JAPARAÍBA,MG,11/2022,285,229,"80,35",222,7,"96,94",56,"19,65",1,55,"19,30"
313535,JAPONVAR,MG,11/2022,1292,784,"60,68",784,0,"100,00",508,"39,32",143,365,"28,25"
313535,JAPONVAR,MG,07/2022,1331,1003,"75,36",1003,0,"100,00",328,"24,64",18,310,"23,29"
313535,JAPONVAR,MG,09/2022,1310,859,"65,57",858,1,"99,88",451,"34,43",145,306,"23,36"
313540,JECEABA,MG,07/2022,417,372,"89,21",302,70,"81,18",45,"10,79",7,38,"9,11"
313540,JECEABA,MG,09/2022,409,371,"90,71",322,49,"86,79",38,"9,29",8,30,"7,33"
313540,JECEABA,MG,11/2022,386,352,"91,19",332,20,"94,32",34,"8,81",4,30,"7,77"
313545,JENIPAPO DE MINAS,MG,11/2022,785,750,"95,54",523,227,"69,73",35,"4,46",6,29,"3,69"
313545,JENIPAPO DE MINAS,MG,09/2022,894,847,"94,74",648,199,"76,51",47,"5,26",8,39,"4,36"
313545,JENIPAPO DE MINAS,MG,07/2022,883,839,"95,02",691,148,"82,36",44,"4,98",3,41,"4,64"
313550,JEQUERI,MG,07/2022,1447,1311,"90,60",1120,191,"85,43",136,"9,40",9,127,"8,78"
313550,JEQUERI,MG,09/2022,1418,1276,"89,99",1102,174,"86,36",142,"10,01",6,136,"9,59"
313550,JEQUERI,MG,11/2022,1320,1189,"90,08",1101,88,"92,60",131,"9,92",4,127,"9,62"
313560,JEQUITAÍ,MG,11/2022,1230,992,"80,65",983,9,"99,09",238,"19,35",4,234,"19,02"
313560,JEQUITAÍ,MG,07/2022,1248,999,"80,05",994,5,"99,50",249,"19,95",10,239,"19,15"
313560,JEQUITAÍ,MG,09/2022,1243,723,"58,17",718,5,"99,31",520,"41,83",284,236,"18,99"
313570,JEQUITIBÁ,MG,09/2022,653,476,"72,89",413,63,"86,76",177,"27,11",13,164,"25,11"
313570,JEQUITIBÁ,MG,07/2022,657,504,"76,71",419,85,"83,13",153,"23,29",3,150,"22,83"
313570,JEQUITIBÁ,MG,11/2022,598,457,"76,42",449,8,"98,25",141,"23,58",0,141,"23,58"
313580,JEQUITINHONHA,MG,11/2022,3400,2523,"74,21",2459,64,"97,46",877,"25,79",92,785,"23,09"
313580,JEQUITINHONHA,MG,09/2022,3466,2658,"76,69",2601,57,"97,86",808,"23,31",5,803,"23,17"
313580,JEQUITINHONHA,MG,07/2022,3515,2661,"75,70",2611,50,"98,12",854,"24,30",14,840,"23,90"
313590,JESUÂNIA,MG,09/2022,723,570,"78,84",570,0,"100,00",153,"21,16",6,147,"20,33"
313590,JESUÂNIA,MG,07/2022,690,546,"79,13",546,0,"100,00",144,"20,87",12,132,"19,13"
313590,JESUÂNIA,MG,11/2022,711,672,"94,51",639,33,"95,09",39,"5,49",6,33,"4,64"
313600,JOAÍMA,MG,11/2022,2995,2680,"89,48",2680,0,"100,00",315,"10,52",16,299,"9,98"
313600,JOAÍMA,MG,09/2022,3040,2725,"89,64",2725,0,"100,00",315,"10,36",4,311,"10,23"
313600,JOAÍMA,MG,07/2022,3011,2681,"89,04",2681,0,"100,00",330,"10,96",22,308,"10,23"
313610,JOANÉSIA,MG,07/2022,482,330,"68,46",312,18,"94,55",152,"31,54",4,148,"30,71"
313610,JOANÉSIA,MG,09/2022,490,373,"76,12",373,0,"100,00",117,"23,88",3,114,"23,27"
313610,JOANÉSIA,MG,11/2022,460,368,"80,00",357,11,"97,01",92,"20,00",3,89,"19,35"
313620,JOÃO MONLEVADE,MG,11/2022,3741,2252,"60,20",2157,95,"95,78",1489,"39,80",3,1486,"39,72"
313620,JOÃO MONLEVADE,MG,07/2022,3892,1974,"50,72",1623,351,"82,22",1918,"49,28",2,1916,"49,23"
313620,JOÃO MONLEVADE,MG,09/2022,3948,2386,"60,44",2145,241,"89,90",1562,"39,56",0,1562,"39,56"
313630,JOÃO PINHEIRO,MG,09/2022,5353,3959,"73,96",3921,38,"99,04",1394,"26,04",30,1364,"25,48"
313630,JOÃO PINHEIRO,MG,07/2022,5189,3983,"76,76",3983,0,"100,00",1206,"23,24",52,1154,"22,24"
313630,JOÃO PINHEIRO,MG,11/2022,5292,3935,"74,36",3935,0,"100,00",1357,"25,64",8,1349,"25,49"
313640,JOAQUIM FELÍCIO,MG,11/2022,578,539,"93,25",513,26,"95,18",39,"6,75",2,37,"6,40"
313640,JOAQUIM FELÍCIO,MG,07/2022,571,466,"81,61",454,12,"97,42",105,"18,39",13,92,"16,11"
313640,JOAQUIM FELÍCIO,MG,09/2022,580,538,"92,76",505,33,"93,87",42,"7,24",5,37,"6,38"
313650,JORDÂNIA,MG,09/2022,1352,1108,"81,95",1108,0,"100,00",244,"18,05",36,208,"15,38"
313650,JORDÂNIA,MG,07/2022,1344,1077,"80,13",1077,0,"100,00",267,"19,87",61,206,"15,33"
313650,JORDÂNIA,MG,11/2022,1361,1141,"83,84",1141,0,"100,00",220,"16,16",10,210,"15,43"
313652,JOSÉ GONÇALVES DE MINAS,MG,11/2022,590,455,"77,12",427,28,"93,85",135,"22,88",59,76,"12,88"
313652,JOSÉ GONÇALVES DE MINAS,MG,07/2022,612,510,"83,33",486,24,"95,29",102,"16,67",20,82,"13,40"
313652,JOSÉ GONÇALVES DE MINAS,MG,09/2022,618,504,"81,55",471,33,"93,45",114,"18,45",24,90,"14,56"
313655,JOSÉ RAYDAN,MG,09/2022,762,630,"82,68",469,161,"74,44",132,"17,32",8,124,"16,27"
313655,JOSÉ RAYDAN,MG,07/2022,733,590,"80,49",485,105,"82,20",143,"19,51",25,118,"16,10"
313655,JOSÉ RAYDAN,MG,11/2022,715,546,"76,36",501,45,"91,76",169,"23,64",12,157,"21,96"
313657,JOSENÓPOLIS,MG,11/2022,650,559,"86,00",505,54,"90,34",91,"14,00",1,90,"13,85"
313657,JOSENÓPOLIS,MG,07/2022,714,561,"78,57",523,38,"93,23",153,"21,43",12,141,"19,75"
313657,JOSENÓPOLIS,MG,09/2022,663,563,"84,92",538,25,"95,56",100,"15,08",7,93,"14,03"
313660,NOVA UNIÃO,MG,09/2022,717,490,"68,34",478,12,"97,55",227,"31,66",53,174,"24,27"
313660,NOVA UNIÃO,MG,07/2022,689,360,"52,25",313,47,"86,94",329,"47,75",3,326,"47,31"
313660,NOVA UNIÃO,MG,11/2022,687,567,"82,53",536,31,"94,53",120,"17,47",1,119,"17,32"
313665,JUATUBA,MG,11/2022,3496,3015,"86,24",3015,0,"100,00",481,"13,76",22,459,"13,13"
313665,JUATUBA,MG,07/2022,3331,2376,"71,33",2372,4,"99,83",955,"28,67",28,927,"27,83"
313665,JUATUBA,MG,09/2022,3532,2626,"74,35",2605,21,"99,20",906,"25,65",37,869,"24,60"
313670,JUIZ DE FORA,MG,07/2022,27141,17160,"63,23",15867,1293,"92,47",9981,"36,77",903,9078,"33,45"
313670,JUIZ DE FORA,MG,09/2022,27459,19144,"69,72",17128,2016,"89,47",8315,"30,28",631,7684,"27,98"
313670,JUIZ DE FORA,MG,11/2022,27425,19390,"70,70",17582,1808,"90,68",8035,"29,30",54,7981,"29,10"
313680,JURAMENTO,MG,11/2022,506,457,"90,32",423,34,"92,56",49,"9,68",7,42,"8,30"
313680,JURAMENTO,MG,07/2022,552,491,"88,95",408,83,"83,10",61,"11,05",16,45,"8,15"
313680,JURAMENTO,MG,09/2022,548,495,"90,33",419,76,"84,65",53,"9,67",6,47,"8,58"
313690,JURUAIA,MG,07/2022,505,304,"60,20",226,78,"74,34",201,"39,80",2,199,"39,41"
313690,JURUAIA,MG,09/2022,513,405,"78,95",354,51,"87,41",108,"21,05",4,104,"20,27"
313690,JURUAIA,MG,11/2022,484,383,"79,13",340,43,"88,77",101,"20,87",0,101,"20,87"
313695,JUVENÍLIA,MG,11/2022,1119,708,"63,27",695,13,"98,16",411,"36,73",168,243,"21,72"
313695,JUVENÍLIA,MG,07/2022,1140,706,"61,93",706,0,"100,00",434,"38,07",256,178,"15,61"
313695,JUVENÍLIA,MG,09/2022,1146,927,"80,89",905,22,"97,63",219,"19,11",13,206,"17,98"
313700,LADAINHA,MG,09/2022,2864,1937,"67,63",1935,2,"99,90",927,"32,37",5,922,"32,19"
313700,LADAINHA,MG,07/2022,2843,2018,"70,98",2016,2,"99,90",825,"29,02",4,821,"28,88"
313700,LADAINHA,MG,11/2022,2847,2364,"83,03",2360,4,"99,83",483,"16,97",5,478,"16,79"
313710,LAGAMAR,MG,11/2022,697,503,"72,17",466,37,"92,64",194,"27,83",1,193,"27,69"
313710,LAGAMAR,MG,09/2022,693,493,"71,14",457,36,"92,70",200,"28,86",1,199,"28,72"
313710,LAGAMAR,MG,07/2022,691,504,"72,94",440,64,"87,30",187,"27,06",1,186,"26,92"
313720,LAGOA DA PRATA,MG,09/2022,3034,2146,"70,73",2025,121,"94,36",888,"29,27",42,846,"27,88"
313720,LAGOA DA PRATA,MG,07/2022,2831,1615,"57,05",1464,151,"90,65",1216,"42,95",330,886,"31,30"
313720,LAGOA DA PRATA,MG,11/2022,2957,1941,"65,64",1893,48,"97,53",1016,"34,36",160,856,"28,95"
313730,LAGOA DOS PATOS,MG,11/2022,567,500,"88,18",444,56,"88,80",67,"11,82",3,64,"11,29"
313730,LAGOA DOS PATOS,MG,07/2022,609,451,"74,06",408,43,"90,47",158,"25,94",4,154,"25,29"
313730,LAGOA DOS PATOS,MG,09/2022,608,456,"75,00",413,43,"90,57",152,"25,00",3,149,"24,51"
313740,LAGOA DOURADA,MG,07/2022,1037,922,"88,91",801,121,"86,88",115,"11,09",1,114,"10,99"
313740,LAGOA DOURADA,MG,09/2022,1024,917,"89,55",807,110,"88,00",107,"10,45",9,98,"9,57"
313740,LAGOA DOURADA,MG,11/2022,979,869,"88,76",814,55,"93,67",110,"11,24",5,105,"10,73"
313750,LAGOA FORMOSA,MG,11/2022,1381,419,"30,34",381,38,"90,93",962,"69,66",742,220,"15,93"
313750,LAGOA FORMOSA,MG,09/2022,1387,874,"63,01",873,1,"99,89",513,"36,99",21,492,"35,47"
313750,LAGOA FORMOSA,MG,07/2022,1266,0,"0,00",0,0,,1266,"100,00",800,466,"36,81"
313753,LAGOA GRANDE,MG,07/2022,996,690,"69,28",631,59,"91,45",306,"30,72",11,295,"29,62"
313753,LAGOA GRANDE,MG,09/2022,1003,598,"59,62",578,20,"96,66",405,"40,38",116,289,"28,81"
313753,LAGOA GRANDE,MG,11/2022,971,694,"71,47",671,23,"96,69",277,"28,53",1,276,"28,42"
313760,LAGOA SANTA,MG,11/2022,3639,2583,"70,98",2360,223,"91,37",1056,"29,02",17,1039,"28,55"
313760,LAGOA SANTA,MG,09/2022,3690,2475,"67,07",2193,282,"88,61",1215,"32,93",30,1185,"32,11"
313760,LAGOA SANTA,MG,07/2022,3454,2290,"66,30",2009,281,"87,73",1164,"33,70",19,1145,"33,15"
313770,LAJINHA,MG,07/2022,2887,1594,"55,21",1383,211,"86,76",1293,"44,79",702,591,"20,47"
313770,LAJINHA,MG,09/2022,2839,1848,"65,09",1642,206,"88,85",991,"34,91",385,606,"21,35"
313770,LAJINHA,MG,11/2022,2800,2099,"74,96",2099,0,"100,00",701,"25,04",27,674,"24,07"
313780,LAMBARI,MG,11/2022,1580,757,"47,91",658,99,"86,92",823,"52,09",41,782,"49,49"
313780,LAMBARI,MG,07/2022,1616,611,"37,81",382,229,"62,52",1005,"62,19",418,587,"36,32"
313780,LAMBARI,MG,09/2022,1609,778,"48,35",560,218,"71,98",831,"51,65",38,793,"49,29"
313790,LAMIM,MG,09/2022,433,397,"91,69",366,31,"92,19",36,"8,31",1,35,"8,08"
313790,LAMIM,MG,07/2022,430,410,"95,35",400,10,"97,56",20,"4,65",0,20,"4,65"
313790,LAMIM,MG,11/2022,410,372,"90,73",372,0,"100,00",38,"9,27",0,38,"9,27"
313800,LARANJAL,MG,11/2022,536,354,"66,04",352,2,"99,44",182,"33,96",146,36,"6,72"
313800,LARANJAL,MG,09/2022,513,340,"66,28",332,8,"97,65",173,"33,72",145,28,"5,46"
313800,LARANJAL,MG,07/2022,518,341,"65,83",325,16,"95,31",177,"34,17",147,30,"5,79"
313810,LASSANCE,MG,09/2022,1087,813,"74,79",813,0,"100,00",274,"25,21",2,272,"25,02"
313810,LASSANCE,MG,07/2022,1069,808,"75,58",755,53,"93,44",261,"24,42",1,260,"24,32"
313810,LASSANCE,MG,11/2022,1030,795,"77,18",795,0,"100,00",235,"22,82",2,233,"22,62"
313820,LAVRAS,MG,11/2022,5982,2955,"49,40",2925,30,"98,98",3027,"50,60",64,2963,"49,53"
313820,LAVRAS,MG,09/2022,5974,2609,"43,67",2538,71,"97,28",3365,"56,33",529,2836,"47,47"
313820,LAVRAS,MG,07/2022,5739,2438,"42,48",2370,68,"97,21",3301,"57,52",618,2683,"46,75"
313830,LEANDRO FERREIRA,MG,09/2022,238,174,"73,11",173,1,"99,43",64,"26,89",0,64,"26,89"
313830,LEANDRO FERREIRA,MG,07/2022,239,173,"72,38",142,31,"82,08",66,"27,62",1,65,"27,20"
313830,LEANDRO FERREIRA,MG,11/2022,248,189,"76,21",189,0,"100,00",59,"23,79",0,59,"23,79"
313835,LEME DO PRADO,MG,11/2022,523,376,"71,89",376,0,"100,00",147,"28,11",0,147,"28,11"
313835,LEME DO PRADO,MG,07/2022,508,0,"0,00",0,0,,508,"100,00",342,166,"32,68"
313835,LEME DO PRADO,MG,09/2022,544,379,"69,67",379,0,"100,00",165,"30,33",1,164,"30,15"
313840,LEOPOLDINA,MG,09/2022,4108,1809,"44,04",1671,138,"92,37",2299,"55,96",211,2088,"50,83"
313840,LEOPOLDINA,MG,07/2022,4047,2185,"53,99",2068,117,"94,65",1862,"46,01",7,1855,"45,84"
313840,LEOPOLDINA,MG,11/2022,4030,1834,"45,51",1760,74,"95,97",2196,"54,49",123,2073,"51,44"
313850,LIBERDADE,MG,11/2022,485,420,"86,60",392,28,"93,33",65,"13,40",1,64,"13,20"
313850,LIBERDADE,MG,09/2022,512,450,"87,89",428,22,"95,11",62,"12,11",0,62,"12,11"
313850,LIBERDADE,MG,07/2022,509,438,"86,05",402,36,"91,78",71,"13,95",5,66,"12,97"
313860,LIMA DUARTE,MG,07/2022,1431,872,"60,94",787,85,"90,25",559,"39,06",63,496,"34,66"
313860,LIMA DUARTE,MG,09/2022,1443,910,"63,06",859,51,"94,40",533,"36,94",45,488,"33,82"
313860,LIMA DUARTE,MG,11/2022,1463,957,"65,41",908,49,"94,88",506,"34,59",12,494,"33,77"
313862,LIMEIRA DO OESTE,MG,11/2022,474,446,"94,09",422,24,"94,62",28,"5,91",0,28,"5,91"
313862,LIMEIRA DO OESTE,MG,09/2022,475,451,"94,95",447,4,"99,11",24,"5,05",7,17,"3,58"
313862,LIMEIRA DO OESTE,MG,07/2022,473,422,"89,22",419,3,"99,29",51,"10,78",2,49,"10,36"
313865,LONTRA,MG,07/2022,1493,1090,"73,01",1090,0,"100,00",403,"26,99",12,391,"26,19"
313865,LONTRA,MG,09/2022,1541,1120,"72,68",1109,11,"99,02",421,"27,32",15,406,"26,35"
313865,LONTRA,MG,11/2022,1508,1078,"71,49",1078,0,"100,00",430,"28,51",15,415,"27,52"
313867,LUISBURGO,MG,11/2022,901,689,"76,47",469,220,"68,07",212,"23,53",75,137,"15,21"
313867,LUISBURGO,MG,09/2022,902,763,"84,59",652,111,"85,45",139,"15,41",28,111,"12,31"
313867,LUISBURGO,MG,07/2022,920,680,"73,91",583,97,"85,74",240,"26,09",17,223,"24,24"
313868,LUISLÂNDIA,MG,07/2022,1289,1039,"80,61",1008,31,"97,02",250,"19,39",1,249,"19,32"
313868,LUISLÂNDIA,MG,09/2022,1296,1024,"79,01",964,60,"94,14",272,"20,99",5,267,"20,60"
313868,LUISLÂNDIA,MG,11/2022,1244,975,"78,38",951,24,"97,54",269,"21,62",5,264,"21,22"
313870,LUMINÁRIAS,MG,11/2022,431,321,"74,48",321,0,"100,00",110,"25,52",0,110,"25,52"
313870,LUMINÁRIAS,MG,07/2022,419,315,"75,18",297,18,"94,29",104,"24,82",2,102,"24,34"
313870,LUMINÁRIAS,MG,09/2022,419,316,"75,42",316,0,"100,00",103,"24,58",0,103,"24,58"
313880,LUZ,MG,07/2022,996,586,"58,84",531,55,"90,61",410,"41,16",107,303,"30,42"
313880,LUZ,MG,09/2022,1107,599,"54,11",511,88,"85,31",508,"45,89",148,360,"32,52"
313880,LUZ,MG,11/2022,1094,701,"64,08",646,55,"92,15",393,"35,92",49,344,"31,44"
313890,MACHACALIS,MG,11/2022,952,640,"67,23",640,0,"100,00",312,"32,77",4,308,"32,35"
313890,MACHACALIS,MG,09/2022,975,652,"66,87",651,1,"99,85",323,"33,13",8,315,"32,31"
313890,MACHACALIS,MG,07/2022,972,617,"63,48",604,13,"97,89",355,"36,52",12,343,"35,29"
313900,MACHADO,MG,07/2022,2471,1801,"72,89",1608,193,"89,28",670,"27,11",14,656,"26,55"
313900,MACHADO,MG,09/2022,2491,2295,"92,13",1977,318,"86,14",196,"7,87",28,168,"6,74"
313900,MACHADO,MG,11/2022,2425,2047,"84,41",1937,110,"94,63",378,"15,59",29,349,"14,39"
313910,MADRE DE DEUS DE MINAS,MG,11/2022,379,296,"78,10",267,29,"90,20",83,"21,90",0,83,"21,90"
313910,MADRE DE DEUS DE MINAS,MG,09/2022,374,288,"77,01",287,1,"99,65",86,"22,99",3,83,"22,19"
313910,MADRE DE DEUS DE MINAS,MG,07/2022,360,266,"73,89",266,0,"100,00",94,"26,11",14,80,"22,22"
313920,MALACACHETA,MG,07/2022,2378,1774,"74,60",1595,179,"89,91",604,"25,40",2,602,"25,32"
313920,MALACACHETA,MG,09/2022,2318,1346,"58,07",1265,81,"93,98",972,"41,93",242,730,"31,49"
313920,MALACACHETA,MG,11/2022,2227,1673,"75,12",1602,71,"95,76",554,"24,88",5,549,"24,65"
313925,MAMONAS,MG,11/2022,644,608,"94,41",598,10,"98,36",36,"5,59",0,36,"5,59"
313925,MAMONAS,MG,09/2022,769,693,"90,12",592,101,"85,43",76,"9,88",5,71,"9,23"
313925,MAMONAS,MG,07/2022,763,676,"88,60",588,88,"86,98",87,"11,40",0,87,"11,40"
313930,MANGA,MG,07/2022,3546,2211,"62,35",2065,146,"93,40",1335,"37,65",27,1308,"36,89"
313930,MANGA,MG,09/2022,3504,1466,"41,84",1383,83,"94,34",2038,"58,16",708,1330,"37,96"
313930,MANGA,MG,11/2022,3421,2102,"61,44",2039,63,"97,00",1319,"38,56",27,1292,"37,77"
313940,MANHUAÇU,MG,11/2022,5421,4029,"74,32",4028,1,"99,98",1392,"25,68",5,1387,"25,59"
313940,MANHUAÇU,MG,09/2022,5333,3562,"66,79",3562,0,"100,00",1771,"33,21",12,1759,"32,98"
313940,MANHUAÇU,MG,07/2022,5170,3433,"66,40",3433,0,"100,00",1737,"33,60",9,1728,"33,42"
313950,MANHUMIRIM,MG,07/2022,2598,1116,"42,96",999,117,"89,52",1482,"57,04",873,609,"23,44"
313950,MANHUMIRIM,MG,09/2022,2737,1091,"39,86",1016,75,"93,13",1646,"60,14",1206,440,"16,08"
313950,MANHUMIRIM,MG,11/2022,2644,1596,"60,36",1487,109,"93,17",1048,"39,64",714,334,"12,63"
313960,MANTENA,MG,11/2022,2368,1943,"82,05",1943,0,"100,00",425,"17,95",6,419,"17,69"
313960,MANTENA,MG,09/2022,2284,1835,"80,34",1835,0,"100,00",449,"19,66",53,396,"17,34"
313960,MANTENA,MG,07/2022,2282,1700,"74,50",1700,0,"100,00",582,"25,50",199,383,"16,78"
313970,MARAVILHAS,MG,07/2022,935,445,"47,59",439,6,"98,65",490,"52,41",61,429,"45,88"
313970,MARAVILHAS,MG,09/2022,940,436,"46,38",380,56,"87,16",504,"53,62",55,449,"47,77"
313970,MARAVILHAS,MG,11/2022,884,414,"46,83",396,18,"95,65",470,"53,17",26,444,"50,23"
313980,MAR DE ESPANHA,MG,11/2022,850,689,"81,06",689,0,"100,00",161,"18,94",2,159,"18,71"
313980,MAR DE ESPANHA,MG,07/2022,757,600,"79,26",600,0,"100,00",157,"20,74",3,154,"20,34"
313980,MAR DE ESPANHA,MG,09/2022,820,657,"80,12",657,0,"100,00",163,"19,88",2,161,"19,63"
313990,MARIA DA FÉ,MG,09/2022,1239,1012,"81,68",876,136,"86,56",227,"18,32",124,103,"8,31"
313990,MARIA DA FÉ,MG,07/2022,1226,873,"71,21",758,115,"86,83",353,"28,79",35,318,"25,94"
313990,MARIA DA FÉ,MG,11/2022,1208,1026,"84,93",937,89,"91,33",182,"15,07",43,139,"11,51"
314000,MARIANA,MG,11/2022,6274,4142,"66,02",4044,98,"97,63",2132,"33,98",33,2099,"33,46"
314000,MARIANA,MG,09/2022,6465,3610,"55,84",3392,218,"93,96",2855,"44,16",706,2149,"33,24"
314000,MARIANA,MG,07/2022,6287,3941,"62,68",3692,249,"93,68",2346,"37,32",289,2057,"32,72"
314010,MARILAC,MG,07/2022,757,657,"86,79",657,0,"100,00",100,"13,21",2,98,"12,95"
314010,MARILAC,MG,09/2022,767,659,"85,92",658,1,"99,85",108,"14,08",5,103,"13,43"
314010,MARILAC,MG,11/2022,757,652,"86,13",652,0,"100,00",105,"13,87",7,98,"12,95"
314015,MÁRIO CAMPOS,MG,11/2022,1257,1139,"90,61",1109,30,"97,37",118,"9,39",13,105,"8,35"
314015,MÁRIO CAMPOS,MG,09/2022,1296,1217,"93,90",1046,171,"85,95",79,"6,10",16,63,"4,86"
314015,MÁRIO CAMPOS,MG,07/2022,1238,1058,"85,46",931,127,"88,00",180,"14,54",32,148,"11,95"
314020,MARIPÁ DE MINAS,MG,09/2022,259,219,"84,56",219,0,"100,00",40,"15,44",0,40,"15,44"
314020,MARIPÁ DE MINAS,MG,07/2022,259,217,"83,78",217,0,"100,00",42,"16,22",4,38,"14,67"
314020,MARIPÁ DE MINAS,MG,11/2022,257,231,"89,88",219,12,"94,81",26,"10,12",0,26,"10,12"
314030,MARLIÉRIA,MG,11/2022,425,350,"82,35",343,7,"98,00",75,"17,65",0,75,"17,65"
314030,MARLIÉRIA,MG,07/2022,454,325,"71,59",262,63,"80,62",129,"28,41",2,127,"27,97"
314030,MARLIÉRIA,MG,09/2022,445,284,"63,82",258,26,"90,85",161,"36,18",30,131,"29,44"
314040,MARMELÓPOLIS,MG,09/2022,338,295,"87,28",285,10,"96,61",43,"12,72",15,28,"8,28"
314040,MARMELÓPOLIS,MG,07/2022,328,324,"98,78",291,33,"89,81",4,"1,22",1,3,"0,91"
314040,MARMELÓPOLIS,MG,11/2022,309,303,"98,06",292,11,"96,37",6,"1,94",2,4,"1,29"
314050,MARTINHO CAMPOS,MG,11/2022,955,817,"85,55",736,81,"90,09",138,"14,45",1,137,"14,35"
314050,MARTINHO CAMPOS,MG,09/2022,999,676,"67,67",605,71,"89,50",323,"32,33",135,188,"18,82"
314050,MARTINHO CAMPOS,MG,07/2022,962,788,"81,91",690,98,"87,56",174,"18,09",8,166,"17,26"
314053,MARTINS SOARES,MG,07/2022,1285,924,"71,91",924,0,"100,00",361,"28,09",4,357,"27,78"
314053,MARTINS SOARES,MG,09/2022,1355,956,"70,55",956,0,"100,00",399,"29,45",28,371,"27,38"
314053,MARTINS SOARES,MG,11/2022,1318,1087,"82,47",1087,0,"100,00",231,"17,53",29,202,"15,33"
314055,MATA VERDE,MG,11/2022,1507,945,"62,71",939,6,"99,37",562,"37,29",22,540,"35,83"
314055,MATA VERDE,MG,09/2022,1530,930,"60,78",927,3,"99,68",600,"39,22",26,574,"37,52"
314055,MATA VERDE,MG,07/2022,1455,878,"60,34",860,18,"97,95",577,"39,66",30,547,"37,59"
314060,MATERLÂNDIA,MG,07/2022,816,489,"59,93",489,0,"100,00",327,"40,07",178,149,"18,26"
314060,MATERLÂNDIA,MG,09/2022,810,660,"81,48",660,0,"100,00",150,"18,52",2,148,"18,27"
314060,MATERLÂNDIA,MG,11/2022,811,660,"81,38",660,0,"100,00",151,"18,62",1,150,"18,50"
314070,MATEUS LEME,MG,11/2022,3348,2076,"62,01",1992,84,"95,95",1272,"37,99",632,640,"19,12"
314070,MATEUS LEME,MG,07/2022,3297,1895,"57,48",1807,88,"95,36",1402,"42,52",674,728,"22,08"
314070,MATEUS LEME,MG,09/2022,3316,1682,"50,72",1564,118,"92,98",1634,"49,28",870,764,"23,04"
314080,MATIAS BARBOSA,MG,07/2022,880,714,"81,14",628,86,"87,96",166,"18,86",4,162,"18,41"
314080,MATIAS BARBOSA,MG,09/2022,926,747,"80,67",621,126,"83,13",179,"19,33",5,174,"18,79"
314080,MATIAS BARBOSA,MG,11/2022,902,737,"81,71",654,83,"88,74",165,"18,29",2,163,"18,07"
314085,MATIAS CARDOSO,MG,11/2022,1702,836,"49,12",836,0,"100,00",866,"50,88",556,310,"18,21"
314085,MATIAS CARDOSO,MG,09/2022,1759,1472,"83,68",1471,1,"99,93",287,"16,32",15,272,"15,46"
314085,MATIAS CARDOSO,MG,07/2022,1738,1464,"84,23",1464,0,"100,00",274,"15,77",7,267,"15,36"
314090,MATIPÓ,MG,09/2022,3437,1950,"56,74",1840,110,"94,36",1487,"43,26",41,1446,"42,07"
314090,MATIPÓ,MG,07/2022,3359,2270,"67,58",2267,3,"99,87",1089,"32,42",317,772,"22,98"
314090,MATIPÓ,MG,11/2022,3323,2336,"70,30",2309,27,"98,84",987,"29,70",22,965,"29,04"
314100,MATO VERDE,MG,11/2022,1509,1219,"80,78",1218,1,"99,92",290,"19,22",36,254,"16,83"
314100,MATO VERDE,MG,07/2022,1571,1112,"70,78",1105,7,"99,37",459,"29,22",32,427,"27,18"
314100,MATO VERDE,MG,09/2022,1522,1005,"66,03",1005,0,"100,00",517,"33,97",266,251,"16,49"
314110,MATOZINHOS,MG,07/2022,3101,1349,"43,50",1234,115,"91,48",1752,"56,50",396,1356,"43,73"
314110,MATOZINHOS,MG,09/2022,3164,1449,"45,80",1283,166,"88,54",1715,"54,20",421,1294,"40,90"
314110,MATOZINHOS,MG,11/2022,2989,1905,"63,73",1857,48,"97,48",1084,"36,27",208,876,"29,31"
314120,MATUTINA,MG,11/2022,208,111,"53,37",103,8,"92,79",97,"46,63",3,94,"45,19"
314120,MATUTINA,MG,09/2022,200,108,"54,00",90,18,"83,33",92,"46,00",2,90,"45,00"
314120,MATUTINA,MG,07/2022,187,100,"53,48",93,7,"93,00",87,"46,52",6,81,"43,32"
314130,MEDEIROS,MG,07/2022,305,13,"4,26",13,0,"100,00",292,"95,74",222,70,"22,95"
314130,MEDEIROS,MG,09/2022,344,267,"77,62",267,0,"100,00",77,"22,38",0,77,"22,38"
314130,MEDEIROS,MG,11/2022,349,320,"91,69",320,0,"100,00",29,"8,31",2,27,"7,74"
314140,MEDINA,MG,11/2022,2508,1503,"59,93",1452,51,"96,61",1005,"40,07",490,515,"20,53"
314140,MEDINA,MG,09/2022,2632,1684,"63,98",1624,60,"96,44",948,"36,02",335,613,"23,29"
314140,MEDINA,MG,07/2022,2615,1431,"54,72",1283,148,"89,66",1184,"45,28",605,579,"22,14"
314150,MENDES PIMENTEL,MG,09/2022,694,548,"78,96",548,0,"100,00",146,"21,04",1,145,"20,89"
314150,MENDES PIMENTEL,MG,07/2022,704,554,"78,69",554,0,"100,00",150,"21,31",6,144,"20,45"
314150,MENDES PIMENTEL,MG,11/2022,706,554,"78,47",554,0,"100,00",152,"21,53",0,152,"21,53"
314160,MERCÊS,MG,11/2022,939,201,"21,41",188,13,"93,53",738,"78,59",379,359,"38,23"
314160,MERCÊS,MG,09/2022,1003,581,"57,93",498,83,"85,71",422,"42,07",1,421,"41,97"
314160,MERCÊS,MG,07/2022,1014,1,"0,10",0,1,"0,00",1013,"99,90",597,416,"41,03"
314170,MESQUITA,MG,07/2022,529,456,"86,20",403,53,"88,38",73,"13,80",0,73,"13,80"
314170,MESQUITA,MG,09/2022,524,447,"85,31",384,63,"85,91",77,"14,69",2,75,"14,31"
314170,MESQUITA,MG,11/2022,514,425,"82,68",380,45,"89,41",89,"17,32",1,88,"17,12"
314180,MINAS NOVAS,MG,11/2022,3611,2416,"66,91",2400,16,"99,34",1195,"33,09",283,912,"25,26"
314180,MINAS NOVAS,MG,07/2022,3755,2555,"68,04",2475,80,"96,87",1200,"31,96",125,1075,"28,63"
314180,MINAS NOVAS,MG,09/2022,3726,2646,"71,01",2584,62,"97,66",1080,"28,99",136,944,"25,34"
314190,MINDURI,MG,09/2022,366,360,"98,36",283,77,"78,61",6,"1,64",2,4,"1,09"
314190,MINDURI,MG,07/2022,375,350,"93,33",277,73,"79,14",25,"6,67",0,25,"6,67"
314190,MINDURI,MG,11/2022,321,307,"95,64",268,39,"87,30",14,"4,36",1,13,"4,05"
314200,MIRABELA,MG,11/2022,1686,994,"58,96",974,20,"97,99",692,"41,04",5,687,"40,75"
314200,MIRABELA,MG,09/2022,1861,1117,"60,02",936,181,"83,80",744,"39,98",59,685,"36,81"
314200,MIRABELA,MG,07/2022,1874,893,"47,65",892,1,"99,89",981,"52,35",327,654,"34,90"
314210,MIRADOURO,MG,09/2022,906,441,"48,68",405,36,"91,84",465,"51,32",288,177,"19,54"
314210,MIRADOURO,MG,07/2022,941,768,"81,62",736,32,"95,83",173,"18,38",30,143,"15,20"
314210,MIRADOURO,MG,11/2022,847,738,"87,13",732,6,"99,19",109,"12,87",12,97,"11,45"
314220,MIRAÍ,MG,11/2022,930,767,"82,47",765,2,"99,74",163,"17,53",97,66,"7,10"
314220,MIRAÍ,MG,07/2022,928,677,"72,95",674,3,"99,56",251,"27,05",163,88,"9,48"
314220,MIRAÍ,MG,09/2022,951,868,"91,27",868,0,"100,00",83,"8,73",1,82,"8,62"
314225,MIRAVÂNIA,MG,09/2022,686,607,"88,48",541,66,"89,13",79,"11,52",23,56,"8,16"
314225,MIRAVÂNIA,MG,07/2022,736,527,"71,60",515,12,"97,72",209,"28,40",4,205,"27,85"
314225,MIRAVÂNIA,MG,11/2022,619,541,"87,40",509,32,"94,09",78,"12,60",27,51,"8,24"
314230,MOEDA,MG,11/2022,492,451,"91,67",388,63,"86,03",41,"8,33",6,35,"7,11"
314230,MOEDA,MG,07/2022,524,456,"87,02",386,70,"84,65",68,"12,98",11,57,"10,88"
314230,MOEDA,MG,09/2022,541,500,"92,42",402,98,"80,40",41,"7,58",9,32,"5,91"
314240,MOEMA,MG,07/2022,618,98,"15,86",96,2,"97,96",520,"84,14",360,160,"25,89"
314240,MOEMA,MG,09/2022,670,500,"74,63",495,5,"99,00",170,"25,37",5,165,"24,63"
314240,MOEMA,MG,11/2022,623,131,"21,03",129,2,"98,47",492,"78,97",336,156,"25,04"
314250,MONJOLOS,MG,11/2022,196,144,"73,47",128,16,"88,89",52,"26,53",23,29,"14,80"
314250,MONJOLOS,MG,09/2022,208,179,"86,06",179,0,"100,00",29,"13,94",0,29,"13,94"
314250,MONJOLOS,MG,07/2022,195,0,"0,00",0,0,,195,"100,00",166,29,"14,87"
314260,MONSENHOR PAULO,MG,09/2022,717,568,"79,22",568,0,"100,00",149,"20,78",22,127,"17,71"
314260,MONSENHOR PAULO,MG,07/2022,706,456,"64,59",456,0,"100,00",250,"35,41",121,129,"18,27"
314260,MONSENHOR PAULO,MG,11/2022,708,576,"81,36",576,0,"100,00",132,"18,64",2,130,"18,36"
314270,MONTALVÂNIA,MG,11/2022,2416,1954,"80,88",1954,0,"100,00",462,"19,12",35,427,"17,67"
314270,MONTALVÂNIA,MG,07/2022,2472,1971,"79,73",1970,1,"99,95",501,"20,27",64,437,"17,68"
314270,MONTALVÂNIA,MG,09/2022,2445,1961,"80,20",1961,0,"100,00",484,"19,80",50,434,"17,75"
314280,MONTE ALEGRE DE MINAS,MG,07/2022,1571,1241,"78,99",1207,34,"97,26",330,"21,01",12,318,"20,24"
314280,MONTE ALEGRE DE MINAS,MG,09/2022,1621,1335,"82,36",1331,4,"99,70",286,"17,64",4,282,"17,40"
314280,MONTE ALEGRE DE MINAS,MG,11/2022,1649,1372,"83,20",1366,6,"99,56",277,"16,80",3,274,"16,62"
314290,MONTE AZUL,MG,11/2022,2297,1714,"74,62",1706,8,"99,53",583,"25,38",6,577,"25,12"
314290,MONTE AZUL,MG,07/2022,2416,1833,"75,87",1717,116,"93,67",583,"24,13",16,567,"23,47"
314290,MONTE AZUL,MG,09/2022,2395,1776,"74,15",1685,91,"94,88",619,"25,85",4,615,"25,68"
314300,MONTE BELO,MG,09/2022,849,783,"92,23",681,102,"86,97",66,"7,77",6,60,"7,07"
314300,MONTE BELO,MG,07/2022,866,796,"91,92",655,141,"82,29",70,"8,08",1,69,"7,97"
314300,MONTE BELO,MG,11/2022,795,744,"93,58",692,52,"93,01",51,"6,42",0,51,"6,42"
314310,MONTE CARMELO,MG,11/2022,1840,1481,"80,49",1481,0,"100,00",359,"19,51",3,356,"19,35"
314310,MONTE CARMELO,MG,09/2022,1877,1282,"68,30",1275,7,"99,45",595,"31,70",8,587,"31,27"
314310,MONTE CARMELO,MG,07/2022,1832,1233,"67,30",1232,1,"99,92",599,"32,70",6,593,"32,37"
314315,MONTE FORMOSO,MG,09/2022,863,728,"84,36",728,0,"100,00",135,"15,64",10,125,"14,48"
314315,MONTE FORMOSO,MG,07/2022,844,444,"52,61",444,0,"100,00",400,"47,39",282,118,"13,98"
314315,MONTE FORMOSO,MG,11/2022,860,734,"85,35",734,0,"100,00",126,"14,65",2,124,"14,42"
314320,MONTE SANTO DE MINAS,MG,11/2022,1643,1371,"83,44",1371,0,"100,00",272,"16,56",2,270,"16,43"
314320,MONTE SANTO DE MINAS,MG,07/2022,1596,1341,"84,02",1338,3,"99,78",255,"15,98",5,250,"15,66"
314320,MONTE SANTO DE MINAS,MG,09/2022,1655,1383,"83,56",1382,1,"99,93",272,"16,44",4,268,"16,19"
314330,MONTES CLAROS,MG,07/2022,29003,12187,"42,02",11533,654,"94,63",16816,"57,98",1089,15727,"54,23"
314330,MONTES CLAROS,MG,09/2022,29615,13259,"44,77",12321,938,"92,93",16356,"55,23",131,16225,"54,79"
314330,MONTES CLAROS,MG,11/2022,29537,14146,"47,89",13609,537,"96,20",15391,"52,11",710,14681,"49,70"
314340,MONTE SIÃO,MG,11/2022,1091,897,"82,22",897,0,"100,00",194,"17,78",85,109,"9,99"
314340,MONTE SIÃO,MG,09/2022,1033,939,"90,90",939,0,"100,00",94,"9,10",1,93,"9,00"
314340,MONTE SIÃO,MG,07/2022,965,880,"91,19",880,0,"100,00",85,"8,81",1,84,"8,70"
314345,MONTEZUMA,MG,07/2022,1011,612,"60,53",554,58,"90,52",399,"39,47",5,394,"38,97"
314345,MONTEZUMA,MG,09/2022,997,426,"42,73",424,2,"99,53",571,"57,27",240,331,"33,20"
314345,MONTEZUMA,MG,11/2022,968,837,"86,47",782,55,"93,43",131,"13,53",0,131,"13,53"
314350,MORADA NOVA DE MINAS,MG,11/2022,340,277,"81,47",244,33,"88,09",63,"18,53",12,51,"15,00"
314350,MORADA NOVA DE MINAS,MG,07/2022,325,199,"61,23",168,31,"84,42",126,"38,77",18,108,"33,23"
314350,MORADA NOVA DE MINAS,MG,09/2022,348,220,"63,22",194,26,"88,18",128,"36,78",11,117,"33,62"
314360,MORRO DA GARÇA,MG,07/2022,234,226,"96,58",136,90,"60,18",8,"3,42",3,5,"2,14"
314360,MORRO DA GARÇA,MG,09/2022,231,222,"96,10",154,68,"69,37",9,"3,90",7,2,"0,87"
314360,MORRO DA GARÇA,MG,11/2022,210,207,"98,57",169,38,"81,64",3,"1,43",2,1,"0,48"
314370,MORRO DO PILAR,MG,11/2022,464,396,"85,34",317,79,"80,05",68,"14,66",3,65,"14,01"
314370,MORRO DO PILAR,MG,07/2022,474,317,"66,88",317,0,"100,00",157,"33,12",6,151,"31,86"
314370,MORRO DO PILAR,MG,09/2022,471,355,"75,37",351,4,"98,87",116,"24,63",0,116,"24,63"
314380,MUNHOZ,MG,09/2022,620,511,"82,42",510,1,"99,80",109,"17,58",1,108,"17,42"
314380,MUNHOZ,MG,07/2022,602,411,"68,27",411,0,"100,00",191,"31,73",84,107,"17,77"
314380,MUNHOZ,MG,11/2022,580,200,"34,48",194,6,"97,00",380,"65,52",271,109,"18,79"
314390,MURIAÉ,MG,11/2022,6537,3484,"53,30",3350,134,"96,15",3053,"46,70",1211,1842,"28,18"
314390,MURIAÉ,MG,09/2022,6468,4521,"69,90",4433,88,"98,05",1947,"30,10",72,1875,"28,99"
314390,MURIAÉ,MG,07/2022,6346,4517,"71,18",4433,84,"98,14",1829,"28,82",27,1802,"28,40"
314400,MUTUM,MG,07/2022,2844,290,"10,20",276,14,"95,17",2554,"89,80",1431,1123,"39,49"
314400,MUTUM,MG,09/2022,2899,1594,"54,98",1585,9,"99,44",1305,"45,02",192,1113,"38,39"
314400,MUTUM,MG,11/2022,2881,1575,"54,67",1414,161,"89,78",1306,"45,33",249,1057,"36,69"
314410,MUZAMBINHO,MG,11/2022,1351,1281,"94,82",1137,144,"88,76",70,"5,18",7,63,"4,66"
314410,MUZAMBINHO,MG,09/2022,1454,1386,"95,32",1134,252,"81,82",68,"4,68",9,59,"4,06"
314410,MUZAMBINHO,MG,07/2022,1402,1301,"92,80",1082,219,"83,17",101,"7,20",7,94,"6,70"
314420,NACIP RAYDAN,MG,07/2022,340,254,"74,71",254,0,"100,00",86,"25,29",0,86,"25,29"
314420,NACIP RAYDAN,MG,09/2022,337,250,"74,18",234,16,"93,60",87,"25,82",46,41,"12,17"
314420,NACIP RAYDAN,MG,11/2022,332,269,"81,02",245,24,"91,08",63,"18,98",0,63,"18,98"
314430,NANUQUE,MG,11/2022,3826,1765,"46,13",1696,69,"96,09",2061,"53,87",24,2037,"53,24"
314430,NANUQUE,MG,07/2022,3929,1849,"47,06",1731,118,"93,62",2080,"52,94",29,2051,"52,20"
314430,NANUQUE,MG,09/2022,3956,1857,"46,94",1698,159,"91,44",2099,"53,06",28,2071,"52,35"
314435,NAQUE,MG,07/2022,1027,991,"96,49",991,0,"100,00",36,"3,51",2,34,"3,31"
314435,NAQUE,MG,09/2022,1048,900,"85,88",863,37,"95,89",148,"14,12",15,133,"12,69"
314435,NAQUE,MG,11/2022,1027,828,"80,62",771,57,"93,12",199,"19,38",35,164,"15,97"
314437,NATALÂNDIA,MG,11/2022,521,445,"85,41",434,11,"97,53",76,"14,59",0,76,"14,59"
314437,NATALÂNDIA,MG,07/2022,540,452,"83,70",391,61,"86,50",88,"16,30",1,87,"16,11"
314437,NATALÂNDIA,MG,09/2022,575,477,"82,96",421,56,"88,26",98,"17,04",1,97,"16,87"
314440,NATÉRCIA,MG,07/2022,257,209,"81,32",208,1,"99,52",48,"18,68",8,40,"15,56"
314440,NATÉRCIA,MG,09/2022,245,202,"82,45",201,1,"99,50",43,"17,55",3,40,"16,33"
314440,NATÉRCIA,MG,11/2022,248,205,"82,66",205,0,"100,00",43,"17,34",1,42,"16,94"
314450,NAZARENO,MG,11/2022,910,759,"83,41",753,6,"99,21",151,"16,59",0,151,"16,59"
314450,NAZARENO,MG,09/2022,919,690,"75,08",689,1,"99,86",229,"24,92",6,223,"24,27"
314450,NAZARENO,MG,07/2022,907,685,"75,52",678,7,"98,98",222,"24,48",0,222,"24,48"
314460,NEPOMUCENO,MG,07/2022,2033,1911,"94,00",1799,112,"94,14",122,"6,00",12,110,"5,41"
314460,NEPOMUCENO,MG,09/2022,2069,1866,"90,19",1771,95,"94,91",203,"9,81",13,190,"9,18"
314460,NEPOMUCENO,MG,11/2022,2041,1625,"79,62",1551,74,"95,45",416,"20,38",221,195,"9,55"
314465,NINHEIRA,MG,11/2022,1348,1199,"88,95",1139,60,"95,00",149,"11,05",4,145,"10,76"
314465,NINHEIRA,MG,09/2022,1440,1148,"79,72",1129,19,"98,34",292,"20,28",7,285,"19,79"
314465,NINHEIRA,MG,07/2022,1465,1233,"84,16",1127,106,"91,40",232,"15,84",10,222,"15,15"
314467,NOVA BELÉM,MG,09/2022,492,203,"41,26",183,20,"90,15",289,"58,74",65,224,"45,53"
314467,NOVA BELÉM,MG,07/2022,510,214,"41,96",214,0,"100,00",296,"58,04",85,211,"41,37"
314467,NOVA BELÉM,MG,11/2022,472,244,"51,69",241,3,"98,77",228,"48,31",7,221,"46,82"
314470,NOVA ERA,MG,11/2022,1443,1126,"78,03",1119,7,"99,38",317,"21,97",2,315,"21,83"
314470,NOVA ERA,MG,07/2022,1445,792,"54,81",762,30,"96,21",653,"45,19",264,389,"26,92"
314470,NOVA ERA,MG,09/2022,1424,175,"12,29",170,5,"97,14",1249,"87,71",864,385,"27,04"
314480,NOVA LIMA,MG,07/2022,3884,2592,"66,74",2308,284,"89,04",1292,"33,26",189,1103,"28,40"
314480,NOVA LIMA,MG,09/2022,4233,3228,"76,26",2988,240,"92,57",1005,"23,74",141,864,"20,41"
314480,NOVA LIMA,MG,11/2022,4334,3411,"78,70",3176,235,"93,11",923,"21,30",105,818,"18,87"
314490,NOVA MÓDICA,MG,11/2022,545,393,"72,11",367,26,"93,38",152,"27,89",8,144,"26,42"
314490,NOVA MÓDICA,MG,07/2022,577,407,"70,54",380,27,"93,37",170,"29,46",9,161,"27,90"
314490,NOVA MÓDICA,MG,09/2022,550,359,"65,27",344,15,"95,82",191,"34,73",40,151,"27,45"
314500,NOVA PONTE,MG,09/2022,1015,626,"61,67",626,0,"100,00",389,"38,33",2,387,"38,13"
314500,NOVA PONTE,MG,07/2022,965,577,"59,79",577,0,"100,00",388,"40,21",4,384,"39,79"
314500,NOVA PONTE,MG,11/2022,978,607,"62,07",607,0,"100,00",371,"37,93",1,370,"37,83"
314505,NOVA PORTEIRINHA,MG,11/2022,1017,426,"41,89",406,20,"95,31",591,"58,11",6,585,"57,52"
314505,NOVA PORTEIRINHA,MG,09/2022,1043,455,"43,62",388,67,"85,27",588,"56,38",14,574,"55,03"
314505,NOVA PORTEIRINHA,MG,07/2022,1074,711,"66,20",711,0,"100,00",363,"33,80",5,358,"33,33"
314510,NOVA RESENDE,MG,09/2022,1180,860,"72,88",759,101,"88,26",320,"27,12",6,314,"26,61"
314510,NOVA RESENDE,MG,07/2022,1175,864,"73,53",769,95,"89,00",311,"26,47",4,307,"26,13"
314510,NOVA RESENDE,MG,11/2022,1188,875,"73,65",755,120,"86,29",313,"26,35",1,312,"26,26"
314520,NOVA SERRANA,MG,11/2022,3547,3125,"88,10",2868,257,"91,78",422,"11,90",120,302,"8,51"
314520,NOVA SERRANA,MG,09/2022,3264,2795,"85,63",2562,233,"91,66",469,"14,37",107,362,"11,09"
314520,NOVA SERRANA,MG,07/2022,3064,2575,"84,04",2242,333,"87,07",489,"15,96",191,298,"9,73"
314530,NOVO CRUZEIRO,MG,07/2022,5129,3262,"63,60",2804,458,"85,96",1867,"36,40",449,1418,"27,65"
314530,NOVO CRUZEIRO,MG,09/2022,5013,2964,"59,13",2611,353,"88,09",2049,"40,87",628,1421,"28,35"
314530,NOVO CRUZEIRO,MG,11/2022,4718,3384,"71,73",3227,157,"95,36",1334,"28,27",22,1312,"27,81"
314535,NOVO ORIENTE DE MINAS,MG,11/2022,1786,1360,"76,15",1244,116,"91,47",426,"23,85",78,348,"19,48"
314535,NOVO ORIENTE DE MINAS,MG,07/2022,1763,1060,"60,12",1045,15,"98,58",703,"39,88",382,321,"18,21"
314535,NOVO ORIENTE DE MINAS,MG,09/2022,1815,1450,"79,89",1409,41,"97,17",365,"20,11",23,342,"18,84"
314537,NOVORIZONTE,MG,09/2022,720,641,"89,03",641,0,"100,00",79,"10,97",6,73,"10,14"
314537,NOVORIZONTE,MG,07/2022,735,640,"87,07",524,116,"81,88",95,"12,93",11,84,"11,43"
314537,NOVORIZONTE,MG,11/2022,654,597,"91,28",530,67,"88,78",57,"8,72",2,55,"8,41"
314540,OLARIA,MG,11/2022,206,161,"78,16",156,5,"96,89",45,"21,84",4,41,"19,90"
314540,OLARIA,MG,07/2022,220,184,"83,64",152,32,"82,61",36,"16,36",5,31,"14,09"
314540,OLARIA,MG,09/2022,213,163,"76,53",150,13,"92,02",50,"23,47",2,48,"22,54"
314545,OLHOS-D´ÁGUA,MG,07/2022,1285,245,"19,07",245,0,"100,00",1040,"80,93",684,356,"27,70"
314545,OLHOS-D´ÁGUA,MG,09/2022,1237,248,"20,05",248,0,"100,00",989,"79,95",634,355,"28,70"
314545,OLHOS-D´ÁGUA,MG,11/2022,1218,853,"70,03",853,0,"100,00",365,"29,97",18,347,"28,49"
314550,OLÍMPIO NORONHA,MG,11/2022,318,290,"91,19",286,4,"98,62",28,"8,81",0,28,"8,81"
314550,OLÍMPIO NORONHA,MG,07/2022,316,243,"76,90",210,33,"86,42",73,"23,10",11,62,"19,62"
314550,OLÍMPIO NORONHA,MG,09/2022,324,262,"80,86",222,40,"84,73",62,"19,14",0,62,"19,14"
314560,OLIVEIRA,MG,07/2022,2380,514,"21,60",509,5,"99,03",1866,"78,40",1038,828,"34,79"
314560,OLIVEIRA,MG,09/2022,2448,1553,"63,44",1553,0,"100,00",895,"36,56",69,826,"33,74"
314560,OLIVEIRA,MG,11/2022,2439,1646,"67,49",1646,0,"100,00",793,"32,51",6,787,"32,27"
314570,OLIVEIRA FORTES,MG,11/2022,165,131,"79,39",112,19,"85,50",34,"20,61",1,33,"20,00"
314570,OLIVEIRA FORTES,MG,09/2022,177,141,"79,66",123,18,"87,23",36,"20,34",1,35,"19,77"
314570,OLIVEIRA FORTES,MG,07/2022,175,140,"80,00",128,12,"91,43",35,"20,00",1,34,"19,43"
314580,ONÇA DE PITANGUI,MG,07/2022,258,213,"82,56",176,37,"82,63",45,"17,44",0,45,"17,44"
314580,ONÇA DE PITANGUI,MG,09/2022,258,214,"82,95",176,38,"82,24",44,"17,05",0,44,"17,05"
314580,ONÇA DE PITANGUI,MG,11/2022,237,185,"78,06",171,14,"92,43",52,"21,94",9,43,"18,14"
314585,ORATÓRIOS,MG,11/2022,408,370,"90,69",363,7,"98,11",38,"9,31",1,37,"9,07"
314585,ORATÓRIOS,MG,09/2022,433,390,"90,07",358,32,"91,79",43,"9,93",4,39,"9,01"
314585,ORATÓRIOS,MG,07/2022,430,380,"88,37",332,48,"87,37",50,"11,63",7,43,"10,00"
314587,ORIZÂNIA,MG,09/2022,1230,860,"69,92",860,0,"100,00",370,"30,08",136,234,"19,02"
314587,ORIZÂNIA,MG,07/2022,1201,843,"70,19",843,0,"100,00",358,"29,81",2,356,"29,64"
314587,ORIZÂNIA,MG,11/2022,1274,1272,"99,84",1180,92,"92,77",2,"0,16",2,0,"0,00"
314590,OURO BRANCO,MG,11/2022,2232,1800,"80,65",1657,143,"92,06",432,"19,35",103,329,"14,74"
314590,OURO BRANCO,MG,07/2022,2103,1787,"84,97",1590,197,"88,98",316,"15,03",86,230,"10,94"
314590,OURO BRANCO,MG,09/2022,2249,1952,"86,79",1852,100,"94,88",297,"13,21",71,226,"10,05"
314600,OURO FINO,MG,09/2022,720,640,"88,89",558,82,"87,19",80,"11,11",7,73,"10,14"
314600,OURO FINO,MG,07/2022,727,668,"91,88",583,85,"87,28",59,"8,12",7,52,"7,15"
314600,OURO FINO,MG,11/2022,749,684,"91,32",631,53,"92,25",65,"8,68",1,64,"8,54"
314610,OURO PRETO,MG,11/2022,5327,3684,"69,16",3680,4,"99,89",1643,"30,84",118,1525,"28,63"
314610,OURO PRETO,MG,09/2022,5424,3635,"67,02",3635,0,"100,00",1789,"32,98",268,1521,"28,04"
314610,OURO PRETO,MG,07/2022,5212,558,"10,71",558,0,"100,00",4654,"89,29",3309,1345,"25,81"
314620,OURO VERDE DE MINAS,MG,07/2022,1377,686,"49,82",685,1,"99,85",691,"50,18",20,671,"48,73"
314620,OURO VERDE DE MINAS,MG,09/2022,1385,601,"43,39",599,2,"99,67",784,"56,61",2,782,"56,46"
314620,OURO VERDE DE MINAS,MG,11/2022,1366,586,"42,90",586,0,"100,00",780,"57,10",5,775,"56,73"
314625,PADRE CARVALHO,MG,11/2022,1203,615,"51,12",613,2,"99,67",588,"48,88",4,584,"48,55"
314625,PADRE CARVALHO,MG,09/2022,1280,650,"50,78",640,10,"98,46",630,"49,22",9,621,"48,52"
314625,PADRE CARVALHO,MG,07/2022,1251,637,"50,92",580,57,"91,05",614,"49,08",30,584,"46,68"
314630,PADRE PARAÍSO,MG,07/2022,3489,1827,"52,36",1671,156,"91,46",1662,"47,64",55,1607,"46,06"
314630,PADRE PARAÍSO,MG,09/2022,3441,1820,"52,89",1680,140,"92,31",1621,"47,11",81,1540,"44,75"
314630,PADRE PARAÍSO,MG,11/2022,3260,1683,"51,63",1642,41,"97,56",1577,"48,37",6,1571,"48,19"
314640,PAINEIRAS,MG,11/2022,292,270,"92,47",260,10,"96,30",22,"7,53",5,17,"5,82"
314640,PAINEIRAS,MG,09/2022,303,277,"91,42",247,30,"89,17",26,"8,58",3,23,"7,59"
314640,PAINEIRAS,MG,07/2022,307,254,"82,74",238,16,"93,70",53,"17,26",10,43,"14,01"
314650,PAINS,MG,07/2022,367,294,"80,11",286,8,"97,28",73,"19,89",2,71,"19,35"
314650,PAINS,MG,09/2022,376,301,"80,05",289,12,"96,01",75,"19,95",2,73,"19,41"
314650,PAINS,MG,11/2022,391,324,"82,86",310,14,"95,68",67,"17,14",1,66,"16,88"
314655,PAI PEDRO,MG,11/2022,917,778,"84,84",776,2,"99,74",139,"15,16",7,132,"14,39"
314655,PAI PEDRO,MG,07/2022,888,602,"67,79",602,0,"100,00",286,"32,21",168,118,"13,29"
314655,PAI PEDRO,MG,09/2022,831,182,"21,90",182,0,"100,00",649,"78,10",530,119,"14,32"
314660,PAIVA,MG,07/2022,133,107,"80,45",103,4,"96,26",26,"19,55",0,26,"19,55"
314660,PAIVA,MG,09/2022,141,113,"80,14",108,5,"95,58",28,"19,86",2,26,"18,44"
314660,PAIVA,MG,11/2022,145,136,"93,79",121,15,"88,97",9,"6,21",1,8,"5,52"
314670,PALMA,MG,11/2022,654,464,"70,95",448,16,"96,55",190,"29,05",6,184,"28,13"
314670,PALMA,MG,09/2022,668,462,"69,16",442,20,"95,67",206,"30,84",3,203,"30,39"
314670,PALMA,MG,07/2022,655,459,"70,08",421,38,"91,72",196,"29,92",5,191,"29,16"
314675,PALMÓPOLIS,MG,07/2022,1024,820,"80,08",820,0,"100,00",204,"19,92",8,196,"19,14"
314675,PALMÓPOLIS,MG,09/2022,1020,820,"80,39",820,0,"100,00",200,"19,61",4,196,"19,22"
314675,PALMÓPOLIS,MG,11/2022,1007,918,"91,16",918,0,"100,00",89,"8,84",9,80,"7,94"
314690,PAPAGAIOS,MG,11/2022,1330,998,"75,04",956,42,"95,79",332,"24,96",93,239,"17,97"
314690,PAPAGAIOS,MG,09/2022,1413,829,"58,67",746,83,"89,99",584,"41,33",193,391,"27,67"
314690,PAPAGAIOS,MG,07/2022,1418,864,"60,93",766,98,"88,66",554,"39,07",39,515,"36,32"
314700,PARACATU,MG,07/2022,6303,2920,"46,33",2707,213,"92,71",3383,"53,67",1049,2334,"37,03"
314700,PARACATU,MG,09/2022,6391,2974,"46,53",2841,133,"95,53",3417,"53,47",839,2578,"40,34"
314700,PARACATU,MG,11/2022,6477,3344,"51,63",3251,93,"97,22",3133,"48,37",558,2575,"39,76"
314710,PARÁ DE MINAS,MG,11/2022,4079,2873,"70,43",2717,156,"94,57",1206,"29,57",17,1189,"29,15"
314710,PARÁ DE MINAS,MG,09/2022,4179,2477,"59,27",2255,222,"91,04",1702,"40,73",240,1462,"34,98"
314710,PARÁ DE MINAS,MG,07/2022,4159,2428,"58,38",2279,149,"93,86",1731,"41,62",270,1461,"35,13"
314720,PARAGUAÇU,MG,09/2022,1037,826,"79,65",661,165,"80,02",211,"20,35",18,193,"18,61"
314720,PARAGUAÇU,MG,07/2022,1029,833,"80,95",686,147,"82,35",196,"19,05",9,187,"18,17"
314720,PARAGUAÇU,MG,11/2022,999,818,"81,88",707,111,"86,43",181,"18,12",1,180,"18,02"
314730,PARAISÓPOLIS,MG,11/2022,1034,931,"90,04",888,43,"95,38",103,"9,96",2,101,"9,77"
314730,PARAISÓPOLIS,MG,09/2022,1107,827,"74,71",768,59,"92,87",280,"25,29",166,114,"10,30"
314730,PARAISÓPOLIS,MG,07/2022,1105,945,"85,52",882,63,"93,33",160,"14,48",9,151,"13,67"
314740,PARAOPEBA,MG,09/2022,2188,1481,"67,69",1481,0,"100,00",707,"32,31",6,701,"32,04"
314740,PARAOPEBA,MG,07/2022,2155,1587,"73,64",1583,4,"99,75",568,"26,36",4,564,"26,17"
314740,PARAOPEBA,MG,11/2022,2170,1195,"55,07",1162,33,"97,24",975,"44,93",3,972,"44,79"
314750,PASSABÉM,MG,11/2022,150,143,"95,33",130,13,"90,91",7,"4,67",0,7,"4,67"
314750,PASSABÉM,MG,07/2022,150,51,"34,00",51,0,"100,00",99,"66,00",0,99,"66,00"
314750,PASSABÉM,MG,09/2022,154,45,"29,22",30,15,"66,67",109,"70,78",3,106,"68,83"
314760,PASSA QUATRO,MG,07/2022,695,549,"78,99",530,19,"96,54",146,"21,01",4,142,"20,43"
314760,PASSA QUATRO,MG,09/2022,711,561,"78,90",555,6,"98,93",150,"21,10",3,147,"20,68"
314760,PASSA QUATRO,MG,11/2022,708,570,"80,51",559,11,"98,07",138,"19,49",1,137,"19,35"
314770,PASSA TEMPO,MG,11/2022,337,285,"84,57",285,0,"100,00",52,"15,43",0,52,"15,43"
314770,PASSA TEMPO,MG,07/2022,332,180,"54,22",176,4,"97,78",152,"45,78",3,149,"44,88"
314770,PASSA TEMPO,MG,09/2022,339,196,"57,82",196,0,"100,00",143,"42,18",4,139,"41,00"
314780,PASSA-VINTE,MG,09/2022,179,148,"82,68",148,0,"100,00",31,"17,32",1,30,"16,76"
314780,PASSA-VINTE,MG,07/2022,175,0,"0,00",0,0,,175,"100,00",144,31,"17,71"
314780,PASSA-VINTE,MG,11/2022,175,110,"62,86",109,1,"99,09",65,"37,14",1,64,"36,57"
314790,PASSOS,MG,11/2022,6192,5621,"90,78",5249,372,"93,38",571,"9,22",16,555,"8,96"
314790,PASSOS,MG,07/2022,6362,5938,"93,34",5704,234,"96,06",424,"6,66",35,389,"6,11"
314790,PASSOS,MG,09/2022,6477,5976,"92,26",5688,288,"95,18",501,"7,74",26,475,"7,33"
314795,PATIS,MG,09/2022,949,706,"74,39",706,0,"100,00",243,"25,61",3,240,"25,29"
314795,PATIS,MG,07/2022,931,690,"74,11",690,0,"100,00",241,"25,89",2,239,"25,67"
314795,PATIS,MG,11/2022,938,770,"82,09",762,8,"98,96",168,"17,91",2,166,"17,70"
314800,PATOS DE MINAS,MG,11/2022,5021,3599,"71,68",3443,156,"95,67",1422,"28,32",10,1412,"28,12"
314800,PATOS DE MINAS,MG,07/2022,4810,2308,"47,98",2308,0,"100,00",2502,"52,02",1636,866,"18,00"
314800,PATOS DE MINAS,MG,09/2022,5046,3740,"74,12",3740,0,"100,00",1306,"25,88",384,922,"18,27"
314810,PATROCÍNIO,MG,09/2022,6087,4434,"72,84",4103,331,"92,53",1653,"27,16",60,1593,"26,17"
314810,PATROCÍNIO,MG,07/2022,5872,4239,"72,19",3784,455,"89,27",1633,"27,81",129,1504,"25,61"
314810,PATROCÍNIO,MG,11/2022,6148,4726,"76,87",4461,265,"94,39",1422,"23,13",40,1382,"22,48"
314820,PATROCÍNIO DO MURIAÉ,MG,11/2022,579,342,"59,07",342,0,"100,00",237,"40,93",8,229,"39,55"
314820,PATROCÍNIO DO MURIAÉ,MG,07/2022,574,363,"63,24",282,81,"77,69",211,"36,76",7,204,"35,54"
314820,PATROCÍNIO DO MURIAÉ,MG,09/2022,604,380,"62,91",321,59,"84,47",224,"37,09",8,216,"35,76"
314830,PAULA CÂNDIDO,MG,07/2022,1077,900,"83,57",797,103,"88,56",177,"16,43",93,84,"7,80"
314830,PAULA CÂNDIDO,MG,09/2022,1050,948,"90,29",841,107,"88,71",102,"9,71",1,101,"9,62"
314830,PAULA CÂNDIDO,MG,11/2022,976,858,"87,91",835,23,"97,32",118,"12,09",3,115,"11,78"
314840,PAULISTAS,MG,11/2022,646,573,"88,70",555,18,"96,86",73,"11,30",1,72,"11,15"
314840,PAULISTAS,MG,09/2022,707,620,"87,69",571,49,"92,10",87,"12,31",16,71,"10,04"
314840,PAULISTAS,MG,07/2022,724,647,"89,36",535,112,"82,69",77,"10,64",4,73,"10,08"
314850,PAVÃO,MG,07/2022,1275,805,"63,14",802,3,"99,63",470,"36,86",15,455,"35,69"
314850,PAVÃO,MG,09/2022,1277,821,"64,29",746,75,"90,86",456,"35,71",20,436,"34,14"
314850,PAVÃO,MG,11/2022,1220,874,"71,64",841,33,"96,22",346,"28,36",8,338,"27,70"
314860,PEÇANHA,MG,11/2022,2338,1805,"77,20",1805,0,"100,00",533,"22,80",3,530,"22,67"
314860,PEÇANHA,MG,09/2022,2330,1789,"76,78",1788,1,"99,94",541,"23,22",24,517,"22,19"
314860,PEÇANHA,MG,07/2022,2334,1801,"77,16",1801,0,"100,00",533,"22,84",58,475,"20,35"
314870,PEDRA AZUL,MG,07/2022,4091,1967,"48,08",1907,60,"96,95",2124,"51,92",522,1602,"39,16"
314870,PEDRA AZUL,MG,09/2022,4083,2430,"59,52",2408,22,"99,09",1653,"40,48",30,1623,"39,75"
314870,PEDRA AZUL,MG,11/2022,3987,1777,"44,57",1699,78,"95,61",2210,"55,43",609,1601,"40,16"
314875,PEDRA BONITA,MG,11/2022,1473,644,"43,72",630,14,"97,83",829,"56,28",378,451,"30,62"
314875,PEDRA BONITA,MG,09/2022,1490,1038,"69,66",1038,0,"100,00",452,"30,34",6,446,"29,93"
314875,PEDRA BONITA,MG,07/2022,1444,901,"62,40",893,8,"99,11",543,"37,60",136,407,"28,19"
314880,PEDRA DO ANTA,MG,07/2022,386,314,"81,35",279,35,"88,85",72,"18,65",3,69,"17,88"
314880,PEDRA DO ANTA,MG,09/2022,385,315,"81,82",277,38,"87,94",70,"18,18",2,68,"17,66"
314880,PEDRA DO ANTA,MG,11/2022,379,307,"81,00",252,55,"82,08",72,"19,00",1,71,"18,73"
314890,PEDRA DO INDAIÁ,MG,11/2022,265,212,"80,00",201,11,"94,81",53,"20,00",1,52,"19,62"
314890,PEDRA DO INDAIÁ,MG,09/2022,251,200,"79,68",191,9,"95,50",51,"20,32",0,51,"20,32"
314890,PEDRA DO INDAIÁ,MG,07/2022,269,171,"63,57",160,11,"93,57",98,"36,43",0,98,"36,43"
314900,PEDRA DOURADA,MG,07/2022,385,317,"82,34",260,57,"82,02",68,"17,66",0,68,"17,66"
314900,PEDRA DOURADA,MG,09/2022,401,331,"82,54",304,27,"91,84",70,"17,46",5,65,"16,21"
314900,PEDRA DOURADA,MG,11/2022,393,357,"90,84",308,49,"86,27",36,"9,16",0,36,"9,16"
314910,PEDRALVA,MG,11/2022,1004,608,"60,56",567,41,"93,26",396,"39,44",8,388,"38,65"
314910,PEDRALVA,MG,07/2022,1000,614,"61,40",603,11,"98,21",386,"38,60",9,377,"37,70"
314910,PEDRALVA,MG,09/2022,1018,613,"60,22",595,18,"97,06",405,"39,78",18,387,"38,02"
314915,PEDRAS DE MARIA DA CRUZ,MG,09/2022,1550,931,"60,06",845,86,"90,76",619,"39,94",16,603,"38,90"
314915,PEDRAS DE MARIA DA CRUZ,MG,07/2022,1554,981,"63,13",891,90,"90,83",573,"36,87",4,569,"36,62"
314915,PEDRAS DE MARIA DA CRUZ,MG,11/2022,1462,898,"61,42",876,22,"97,55",564,"38,58",1,563,"38,51"
314920,PEDRINÓPOLIS,MG,11/2022,312,192,"61,54",181,11,"94,27",120,"38,46",2,118,"37,82"
314920,PEDRINÓPOLIS,MG,07/2022,307,179,"58,31",149,30,"83,24",128,"41,69",17,111,"36,16"
314920,PEDRINÓPOLIS,MG,09/2022,323,186,"57,59",180,6,"96,77",137,"42,41",6,131,"40,56"
314930,PEDRO LEOPOLDO,MG,09/2022,3506,2675,"76,30",2469,206,"92,30",831,"23,70",116,715,"20,39"
314930,PEDRO LEOPOLDO,MG,07/2022,3455,2338,"67,67",2079,259,"88,92",1117,"32,33",436,681,"19,71"
314930,PEDRO LEOPOLDO,MG,11/2022,3423,2662,"77,77",2550,112,"95,79",761,"22,23",301,460,"13,44"
314940,PEDRO TEIXEIRA,MG,11/2022,210,177,"84,29",156,21,"88,14",33,"15,71",2,31,"14,76"
314940,PEDRO TEIXEIRA,MG,07/2022,209,146,"69,86",126,20,"86,30",63,"30,14",13,50,"23,92"
314940,PEDRO TEIXEIRA,MG,09/2022,207,130,"62,80",113,17,"86,92",77,"37,20",27,50,"24,15"
314950,PEQUERI,MG,07/2022,267,140,"52,43",137,3,"97,86",127,"47,57",28,99,"37,08"
314950,PEQUERI,MG,09/2022,314,192,"61,15",182,10,"94,79",122,"38,85",14,108,"34,39"
314950,PEQUERI,MG,11/2022,294,203,"69,05",195,8,"96,06",91,"30,95",0,91,"30,95"
314960,PEQUI,MG,11/2022,475,376,"79,16",376,0,"100,00",99,"20,84",0,99,"20,84"
314960,PEQUI,MG,09/2022,477,372,"77,99",372,0,"100,00",105,"22,01",4,101,"21,17"
314960,PEQUI,MG,07/2022,430,67,"15,58",67,0,"100,00",363,"84,42",269,94,"21,86"
314970,PERDIGÃO,MG,09/2022,648,428,"66,05",373,55,"87,15",220,"33,95",2,218,"33,64"
314970,PERDIGÃO,MG,07/2022,584,391,"66,95",309,82,"79,03",193,"33,05",3,190,"32,53"
314970,PERDIGÃO,MG,11/2022,653,427,"65,39",395,32,"92,51",226,"34,61",3,223,"34,15"
314980,PERDIZES,MG,11/2022,1401,1374,"98,07",1374,0,"100,00",27,"1,93",8,19,"1,36"
314980,PERDIZES,MG,07/2022,1100,858,"78,00",858,0,"100,00",242,"22,00",9,233,"21,18"
314980,PERDIZES,MG,09/2022,1292,1016,"78,64",1016,0,"100,00",276,"21,36",10,266,"20,59"
314990,PERDÕES,MG,09/2022,1034,817,"79,01",794,23,"97,18",217,"20,99",3,214,"20,70"
314990,PERDÕES,MG,07/2022,1036,818,"78,96",754,64,"92,18",218,"21,04",3,215,"20,75"
314990,PERDÕES,MG,11/2022,990,833,"84,14",770,63,"92,44",157,"15,86",2,155,"15,66"
314995,PERIQUITO,MG,11/2022,1030,501,"48,64",453,48,"90,42",529,"51,36",119,410,"39,81"
314995,PERIQUITO,MG,09/2022,1031,598,"58,00",581,17,"97,16",433,"42,00",13,420,"40,74"
314995,PERIQUITO,MG,07/2022,1067,747,"70,01",725,22,"97,05",320,"29,99",6,314,"29,43"
315000,PESCADOR,MG,07/2022,646,445,"68,89",325,120,"73,03",201,"31,11",134,67,"10,37"
315000,PESCADOR,MG,09/2022,644,547,"84,94",428,119,"78,24",97,"15,06",2,95,"14,75"
315000,PESCADOR,MG,11/2022,567,464,"81,83",355,109,"76,51",103,"18,17",15,88,"15,52"
315010,PIAU,MG,11/2022,267,170,"63,67",163,7,"95,88",97,"36,33",22,75,"28,09"
315010,PIAU,MG,09/2022,276,168,"60,87",168,0,"100,00",108,"39,13",24,84,"30,43"
315010,PIAU,MG,07/2022,280,189,"67,50",189,0,"100,00",91,"32,50",6,85,"30,36"
315015,PIEDADE DE CARATINGA,MG,09/2022,1617,1038,"64,19",997,41,"96,05",579,"35,81",10,569,"35,19"
315015,PIEDADE DE CARATINGA,MG,07/2022,1571,855,"54,42",838,17,"98,01",716,"45,58",5,711,"45,26"
315015,PIEDADE DE CARATINGA,MG,11/2022,1636,1136,"69,44",1108,28,"97,54",500,"30,56",3,497,"30,38"
315020,PIEDADE DE PONTE NOVA,MG,11/2022,404,350,"86,63",293,57,"83,71",54,"13,37",0,54,"13,37"
315020,PIEDADE DE PONTE NOVA,MG,07/2022,404,1,"0,25",0,1,"0,00",403,"99,75",342,61,"15,10"
315020,PIEDADE DE PONTE NOVA,MG,09/2022,408,352,"86,27",352,0,"100,00",56,"13,73",0,56,"13,73"
315030,PIEDADE DO RIO GRANDE,MG,07/2022,234,132,"56,41",109,23,"82,58",102,"43,59",44,58,"24,79"
315030,PIEDADE DO RIO GRANDE,MG,09/2022,250,189,"75,60",176,13,"93,12",61,"24,40",1,60,"24,00"
315030,PIEDADE DO RIO GRANDE,MG,11/2022,242,153,"63,22",145,8,"94,77",89,"36,78",26,63,"26,03"
315040,PIEDADE DOS GERAIS,MG,11/2022,537,459,"85,47",427,32,"93,03",78,"14,53",0,78,"14,53"
315040,PIEDADE DOS GERAIS,MG,07/2022,570,342,"60,00",286,56,"83,63",228,"40,00",87,141,"24,74"
315040,PIEDADE DOS GERAIS,MG,09/2022,573,427,"74,52",363,64,"85,01",146,"25,48",1,145,"25,31"
315050,PIMENTA,MG,07/2022,572,466,"81,47",412,54,"88,41",106,"18,53",2,104,"18,18"
315050,PIMENTA,MG,09/2022,586,500,"85,32",429,71,"85,80",86,"14,68",1,85,"14,51"
315050,PIMENTA,MG,11/2022,553,458,"82,82",425,33,"92,79",95,"17,18",2,93,"16,82"
315053,PINGO-D´ÁGUA,MG,11/2022,659,493,"74,81",492,1,"99,80",166,"25,19",5,161,"24,43"
315053,PINGO-D´ÁGUA,MG,09/2022,671,489,"72,88",488,1,"99,80",182,"27,12",9,173,"25,78"
315053,PINGO-D´ÁGUA,MG,07/2022,667,502,"75,26",478,24,"95,22",165,"24,74",6,159,"23,84"
315057,PINTÓPOLIS,MG,07/2022,1450,1336,"92,14",1266,70,"94,76",114,"7,86",5,109,"7,52"
315057,PINTÓPOLIS,MG,09/2022,1426,1288,"90,32",1288,0,"100,00",138,"9,68",6,132,"9,26"
315057,PINTÓPOLIS,MG,11/2022,1366,1299,"95,10",1299,0,"100,00",67,"4,90",2,65,"4,76"
315060,PIRACEMA,MG,11/2022,313,246,"78,59",235,11,"95,53",67,"21,41",2,65,"20,77"
315060,PIRACEMA,MG,07/2022,333,262,"78,68",217,45,"82,82",71,"21,32",6,65,"19,52"
315060,PIRACEMA,MG,09/2022,328,260,"79,27",209,51,"80,38",68,"20,73",2,66,"20,12"
315070,PIRAJUBA,MG,09/2022,420,306,"72,86",271,35,"88,56",114,"27,14",0,114,"27,14"
315070,PIRAJUBA,MG,07/2022,368,264,"71,74",243,21,"92,05",104,"28,26",0,104,"28,26"
315070,PIRAJUBA,MG,11/2022,426,311,"73,00",308,3,"99,04",115,"27,00",0,115,"27,00"
315080,PIRANGA,MG,11/2022,1956,1195,"61,09",1195,0,"100,00",761,"38,91",401,360,"18,40"
315080,PIRANGA,MG,09/2022,1957,1560,"79,71",1560,0,"100,00",397,"20,29",28,369,"18,86"
315080,PIRANGA,MG,07/2022,1968,1597,"81,15",1595,2,"99,87",371,"18,85",7,364,"18,50"
315090,PIRANGUÇU,MG,07/2022,450,361,"80,22",274,87,"75,90",89,"19,78",4,85,"18,89"
315090,PIRANGUÇU,MG,09/2022,466,176,"37,77",169,7,"96,02",290,"62,23",175,115,"24,68"
315090,PIRANGUÇU,MG,11/2022,468,347,"74,15",308,39,"88,76",121,"25,85",2,119,"25,43"
315100,PIRANGUINHO,MG,11/2022,605,177,"29,26",159,18,"89,83",428,"70,74",244,184,"30,41"
315100,PIRANGUINHO,MG,09/2022,639,413,"64,63",363,50,"87,89",226,"35,37",23,203,"31,77"
315100,PIRANGUINHO,MG,07/2022,627,410,"65,39",382,28,"93,17",217,"34,61",22,195,"31,10"
315110,PIRAPETINGA,MG,07/2022,960,629,"65,52",622,7,"98,89",331,"34,48",71,260,"27,08"
315110,PIRAPETINGA,MG,09/2022,951,667,"70,14",664,3,"99,55",284,"29,86",122,162,"17,03"
315110,PIRAPETINGA,MG,11/2022,953,685,"71,88",680,5,"99,27",268,"28,12",103,165,"17,31"
315120,PIRAPORA,MG,11/2022,7012,2904,"41,41",2643,261,"91,01",4108,"58,59",586,3522,"50,23"
315120,PIRAPORA,MG,09/2022,7139,2592,"36,31",2369,223,"91,40",4547,"63,69",1601,2946,"41,27"
315120,PIRAPORA,MG,07/2022,7000,2679,"38,27",2381,298,"88,88",4321,"61,73",1416,2905,"41,50"
315130,PIRAÚBA,MG,09/2022,928,117,"12,61",101,16,"86,32",811,"87,39",590,221,"23,81"
315130,PIRAÚBA,MG,07/2022,872,89,"10,21",75,14,"84,27",783,"89,79",564,219,"25,11"
315130,PIRAÚBA,MG,11/2022,976,747,"76,54",746,1,"99,87",229,"23,46",2,227,"23,26"
315140,PITANGUI,MG,11/2022,2123,1370,"64,53",1298,72,"94,74",753,"35,47",72,681,"32,08"
315140,PITANGUI,MG,07/2022,2043,820,"40,14",692,128,"84,39",1223,"59,86",214,1009,"49,39"
315140,PITANGUI,MG,09/2022,2153,963,"44,73",830,133,"86,19",1190,"55,27",93,1097,"50,95"
315150,PIUMHI,MG,09/2022,2270,1503,"66,21",1352,151,"89,95",767,"33,79",87,680,"29,96"
315150,PIUMHI,MG,07/2022,2198,1061,"48,27",916,145,"86,33",1137,"51,73",179,958,"43,59"
315150,PIUMHI,MG,11/2022,2239,1518,"67,80",1311,207,"86,36",721,"32,20",51,670,"29,92"
315160,PLANURA,MG,11/2022,975,728,"74,67",677,51,"92,99",247,"25,33",2,245,"25,13"
315160,PLANURA,MG,07/2022,892,532,"59,64",491,41,"92,29",360,"40,36",125,235,"26,35"
315160,PLANURA,MG,09/2022,961,693,"72,11",693,0,"100,00",268,"27,89",6,262,"27,26"
315170,POÇO FUNDO,MG,07/2022,747,586,"78,45",488,98,"83,28",161,"21,55",14,147,"19,68"
315170,POÇO FUNDO,MG,09/2022,769,590,"76,72",492,98,"83,39",179,"23,28",22,157,"20,42"
315170,POÇO FUNDO,MG,11/2022,761,593,"77,92",547,46,"92,24",168,"22,08",19,149,"19,58"
315180,POÇOS DE CALDAS,MG,11/2022,5604,4695,"83,78",4572,123,"97,38",909,"16,22",23,886,"15,81"
315180,POÇOS DE CALDAS,MG,07/2022,5714,3813,"66,73",3607,206,"94,60",1901,"33,27",94,1807,"31,62"
315180,POÇOS DE CALDAS,MG,09/2022,5741,4675,"81,43",4112,563,"87,96",1066,"18,57",606,460,"8,01"
315190,POCRANE,MG,07/2022,1179,670,"56,83",568,102,"84,78",509,"43,17",54,455,"38,59"
315190,POCRANE,MG,09/2022,1170,699,"59,74",699,0,"100,00",471,"40,26",16,455,"38,89"
315190,POCRANE,MG,11/2022,1168,690,"59,08",688,2,"99,71",478,"40,92",16,462,"39,55"
315200,POMPÉU,MG,11/2022,3015,2410,"79,93",2410,0,"100,00",605,"20,07",2,603,"20,00"
315200,POMPÉU,MG,07/2022,2844,2282,"80,24",2280,2,"99,91",562,"19,76",4,558,"19,62"
315200,POMPÉU,MG,09/2022,2910,2198,"75,53",2198,0,"100,00",712,"24,47",124,588,"20,21"
315210,PONTE NOVA,MG,07/2022,4104,2553,"62,21",2260,293,"88,52",1551,"37,79",577,974,"23,73"
315210,PONTE NOVA,MG,09/2022,4084,2758,"67,53",2503,255,"90,75",1326,"32,47",471,855,"20,94"
315210,PONTE NOVA,MG,11/2022,3991,2750,"68,91",2523,227,"91,75",1241,"31,09",557,684,"17,14"
315213,PONTO CHIQUE,MG,11/2022,757,396,"52,31",325,71,"82,07",361,"47,69",19,342,"45,18"
315213,PONTO CHIQUE,MG,09/2022,770,645,"83,77",645,0,"100,00",125,"16,23",1,124,"16,10"
315213,PONTO CHIQUE,MG,07/2022,748,0,"0,00",0,0,,748,"100,00",629,119,"15,91"
315217,PONTO DOS VOLANTES,MG,07/2022,1849,1323,"71,55",1247,76,"94,26",526,"28,45",42,484,"26,18"
315217,PONTO DOS VOLANTES,MG,09/2022,1849,1337,"72,31",1250,87,"93,49",512,"27,69",8,504,"27,26"
315217,PONTO DOS VOLANTES,MG,11/2022,1805,1262,"69,92",1224,38,"96,99",543,"30,08",6,537,"29,75"
315220,PORTEIRINHA,MG,11/2022,4511,4316,"95,68",4210,106,"97,54",195,"4,32",12,183,"4,06"
315220,PORTEIRINHA,MG,09/2022,4537,3768,"83,05",3767,1,"99,97",769,"16,95",415,354,"7,80"
315220,PORTEIRINHA,MG,07/2022,4487,3977,"88,63",3961,16,"99,60",510,"11,37",93,417,"9,29"
315230,PORTO FIRME,MG,09/2022,1448,862,"59,53",719,143,"83,41",586,"40,47",41,545,"37,64"
315230,PORTO FIRME,MG,07/2022,1432,838,"58,52",702,136,"83,77",594,"41,48",118,476,"33,24"
315230,PORTO FIRME,MG,11/2022,1370,814,"59,42",767,47,"94,23",556,"40,58",31,525,"38,32"
315240,POTÉ,MG,11/2022,1927,1151,"59,73",1151,0,"100,00",776,"40,27",143,633,"32,85"
315240,POTÉ,MG,07/2022,1985,1444,"72,75",1444,0,"100,00",541,"27,25",214,327,"16,47"
315240,POTÉ,MG,09/2022,1975,1630,"82,53",1626,4,"99,75",345,"17,47",29,316,"16,00"
315250,POUSO ALEGRE,MG,09/2022,7703,4124,"53,54",3733,391,"90,52",3579,"46,46",13,3566,"46,29"
315250,POUSO ALEGRE,MG,07/2022,7237,3790,"52,37",3401,389,"89,74",3447,"47,63",15,3432,"47,42"
315250,POUSO ALEGRE,MG,11/2022,7598,4145,"54,55",3888,257,"93,80",3453,"45,45",6,3447,"45,37"
315260,POUSO ALTO,MG,11/2022,225,165,"73,33",155,10,"93,94",60,"26,67",0,60,"26,67"
315260,POUSO ALTO,MG,09/2022,221,165,"74,66",150,15,"90,91",56,"25,34",1,55,"24,89"
315260,POUSO ALTO,MG,07/2022,219,180,"82,19",156,24,"86,67",39,"17,81",2,37,"16,89"
315270,PRADOS,MG,09/2022,477,252,"52,83",252,0,"100,00",225,"47,17",20,205,"42,98"
315270,PRADOS,MG,07/2022,469,247,"52,67",247,0,"100,00",222,"47,33",21,201,"42,86"
315270,PRADOS,MG,11/2022,474,248,"52,32",248,0,"100,00",226,"47,68",19,207,"43,67"
315280,PRATA,MG,11/2022,1452,1031,"71,01",971,60,"94,18",421,"28,99",4,417,"28,72"
315280,PRATA,MG,07/2022,1352,912,"67,46",852,60,"93,42",440,"32,54",24,416,"30,77"
315280,PRATA,MG,09/2022,1383,624,"45,12",580,44,"92,95",759,"54,88",369,390,"28,20"
315290,PRATÁPOLIS,MG,07/2022,560,188,"33,57",185,3,"98,40",372,"66,43",25,347,"61,96"
315290,PRATÁPOLIS,MG,09/2022,564,210,"37,23",195,15,"92,86",354,"62,77",0,354,"62,77"
315290,PRATÁPOLIS,MG,11/2022,560,209,"37,32",189,20,"90,43",351,"62,68",1,350,"62,50"
315300,PRATINHA,MG,11/2022,407,340,"83,54",317,23,"93,24",67,"16,46",9,58,"14,25"
315300,PRATINHA,MG,07/2022,382,302,"79,06",301,1,"99,67",80,"20,94",2,78,"20,42"
315300,PRATINHA,MG,09/2022,394,151,"38,32",151,0,"100,00",243,"61,68",161,82,"20,81"
315310,PRESIDENTE BERNARDES,MG,07/2022,619,492,"79,48",377,115,"76,63",127,"20,52",6,121,"19,55"
315310,PRESIDENTE BERNARDES,MG,09/2022,621,494,"79,55",432,62,"87,45",127,"20,45",6,121,"19,48"
315310,PRESIDENTE BERNARDES,MG,11/2022,581,541,"93,12",429,112,"79,30",40,"6,88",11,29,"4,99"
315320,PRESIDENTE JUSCELINO,MG,11/2022,366,294,"80,33",279,15,"94,90",72,"19,67",0,72,"19,67"
315320,PRESIDENTE JUSCELINO,MG,09/2022,366,263,"71,86",256,7,"97,34",103,"28,14",12,91,"24,86"
315320,PRESIDENTE JUSCELINO,MG,07/2022,369,246,"66,67",222,24,"90,24",123,"33,33",4,119,"32,25"
315330,PRESIDENTE KUBITSCHEK,MG,07/2022,352,0,"0,00",0,0,,352,"100,00",312,40,"11,36"
315330,PRESIDENTE KUBITSCHEK,MG,09/2022,469,428,"91,26",428,0,"100,00",41,"8,74",3,38,"8,10"
315330,PRESIDENTE KUBITSCHEK,MG,11/2022,466,454,"97,42",388,66,"85,46",12,"2,58",2,10,"2,15"
315340,PRESIDENTE OLEGÁRIO,MG,11/2022,1496,815,"54,48",815,0,"100,00",681,"45,52",2,679,"45,39"
315340,PRESIDENTE OLEGÁRIO,MG,09/2022,1523,812,"53,32",715,97,"88,05",711,"46,68",4,707,"46,42"
315340,PRESIDENTE OLEGÁRIO,MG,07/2022,1540,1011,"65,65",1009,2,"99,80",529,"34,35",36,493,"32,01"
315350,ALTO JEQUITIBÁ,MG,07/2022,1035,880,"85,02",782,98,"88,86",155,"14,98",10,145,"14,01"
315350,ALTO JEQUITIBÁ,MG,09/2022,1052,892,"84,79",793,99,"88,90",160,"15,21",8,152,"14,45"
315350,ALTO JEQUITIBÁ,MG,11/2022,995,825,"82,91",728,97,"88,24",170,"17,09",11,159,"15,98"
315360,PRUDENTE DE MORAIS,MG,11/2022,966,843,"87,27",713,130,"84,58",123,"12,73",1,122,"12,63"
315360,PRUDENTE DE MORAIS,MG,07/2022,954,650,"68,13",572,78,"88,00",304,"31,87",1,303,"31,76"
315360,PRUDENTE DE MORAIS,MG,09/2022,999,668,"66,87",605,63,"90,57",331,"33,13",2,329,"32,93"
315370,QUARTEL GERAL,MG,07/2022,307,0,"0,00",0,0,,307,"100,00",158,149,"48,53"
315370,QUARTEL GERAL,MG,09/2022,321,171,"53,27",171,0,"100,00",150,"46,73",0,150,"46,73"
315370,QUARTEL GERAL,MG,11/2022,326,181,"55,52",181,0,"100,00",145,"44,48",0,145,"44,48"
315380,QUELUZITO,MG,11/2022,83,61,"73,49",60,1,"98,36",22,"26,51",6,16,"19,28"
315380,QUELUZITO,MG,09/2022,83,62,"74,70",61,1,"98,39",21,"25,30",2,19,"22,89"
315380,QUELUZITO,MG,07/2022,86,60,"69,77",60,0,"100,00",26,"30,23",6,20,"23,26"
315390,RAPOSOS,MG,07/2022,752,739,"98,27",694,45,"93,91",13,"1,73",13,0,"0,00"
315390,RAPOSOS,MG,09/2022,756,693,"91,67",647,46,"93,36",63,"8,33",7,56,"7,41"
315390,RAPOSOS,MG,11/2022,701,682,"97,29",662,20,"97,07",19,"2,71",4,15,"2,14"
315400,RAUL SOARES,MG,11/2022,2428,1337,"55,07",1289,48,"96,41",1091,"44,93",56,1035,"42,63"
315400,RAUL SOARES,MG,07/2022,2398,1216,"50,71",1152,64,"94,74",1182,"49,29",159,1023,"42,66"
315400,RAUL SOARES,MG,09/2022,2419,1260,"52,09",1227,33,"97,38",1159,"47,91",66,1093,"45,18"
315410,RECREIO,MG,09/2022,842,600,"71,26",567,33,"94,50",242,"28,74",1,241,"28,62"
315410,RECREIO,MG,07/2022,842,617,"73,28",537,80,"87,03",225,"26,72",1,224,"26,60"
315410,RECREIO,MG,11/2022,834,590,"70,74",573,17,"97,12",244,"29,26",2,242,"29,02"
315415,REDUTO,MG,11/2022,841,690,"82,05",690,0,"100,00",151,"17,95",3,148,"17,60"
315415,REDUTO,MG,07/2022,838,691,"82,46",691,0,"100,00",147,"17,54",4,143,"17,06"
315415,REDUTO,MG,09/2022,816,386,"47,30",386,0,"100,00",430,"52,70",284,146,"17,89"
315420,RESENDE COSTA,MG,07/2022,655,509,"77,71",439,70,"86,25",146,"22,29",16,130,"19,85"
315420,RESENDE COSTA,MG,09/2022,652,576,"88,34",481,95,"83,51",76,"11,66",41,35,"5,37"
315420,RESENDE COSTA,MG,11/2022,648,585,"90,28",504,81,"86,15",63,"9,72",31,32,"4,94"
315430,RESPLENDOR,MG,11/2022,1584,937,"59,15",863,74,"92,10",647,"40,85",26,621,"39,20"
315430,RESPLENDOR,MG,09/2022,1590,896,"56,35",820,76,"91,52",694,"43,65",38,656,"41,26"
315430,RESPLENDOR,MG,07/2022,1608,875,"54,42",811,64,"92,69",733,"45,58",77,656,"40,80"
315440,RESSAQUINHA,MG,07/2022,486,258,"53,09",239,19,"92,64",228,"46,91",1,227,"46,71"
315440,RESSAQUINHA,MG,09/2022,500,263,"52,60",243,20,"92,40",237,"47,40",1,236,"47,20"
315440,RESSAQUINHA,MG,11/2022,491,255,"51,93",238,17,"93,33",236,"48,07",2,234,"47,66"
315445,RIACHINHO,MG,11/2022,1187,482,"40,61",422,60,"87,55",705,"59,39",237,468,"39,43"
315445,RIACHINHO,MG,07/2022,1215,873,"71,85",873,0,"100,00",342,"28,15",10,332,"27,33"
315445,RIACHINHO,MG,09/2022,1211,876,"72,34",876,0,"100,00",335,"27,66",3,332,"27,42"
315450,RIACHO DOS MACHADOS,MG,09/2022,1397,770,"55,12",770,0,"100,00",627,"44,88",78,549,"39,30"
315450,RIACHO DOS MACHADOS,MG,07/2022,1447,924,"63,86",834,90,"90,26",523,"36,14",36,487,"33,66"
315450,RIACHO DOS MACHADOS,MG,11/2022,1319,1137,"86,20",1127,10,"99,12",182,"13,80",6,176,"13,34"
315460,RIBEIRÃO DAS NEVES,MG,11/2022,29963,23990,"80,07",22998,992,"95,86",5973,"19,93",86,5887,"19,65"
315460,RIBEIRÃO DAS NEVES,MG,07/2022,27994,22059,"78,80",19999,2060,"90,66",5935,"21,20",174,5761,"20,58"
315460,RIBEIRÃO DAS NEVES,MG,09/2022,30008,23633,"78,76",22102,1531,"93,52",6375,"21,24",111,6264,"20,87"
315470,RIBEIRÃO VERMELHO,MG,07/2022,277,10,"3,61",9,1,"90,00",267,"96,39",0,267,"96,39"
315470,RIBEIRÃO VERMELHO,MG,09/2022,308,13,"4,22",13,0,"100,00",295,"95,78",2,293,"95,13"
315470,RIBEIRÃO VERMELHO,MG,11/2022,293,233,"79,52",211,22,"90,56",60,"20,48",6,54,"18,43"
315480,RIO ACIMA,MG,11/2022,687,498,"72,49",439,59,"88,15",189,"27,51",2,187,"27,22"
315480,RIO ACIMA,MG,09/2022,673,419,"62,26",365,54,"87,11",254,"37,74",3,251,"37,30"
315480,RIO ACIMA,MG,07/2022,658,242,"36,78",212,30,"87,60",416,"63,22",5,411,"62,46"
315490,RIO CASCA,MG,07/2022,1264,970,"76,74",873,97,"90,00",294,"23,26",18,276,"21,84"
315490,RIO CASCA,MG,09/2022,1254,936,"74,64",854,82,"91,24",318,"25,36",85,233,"18,58"
315490,RIO CASCA,MG,11/2022,1232,950,"77,11",904,46,"95,16",282,"22,89",14,268,"21,75"
315500,RIO DOCE,MG,11/2022,205,183,"89,27",153,30,"83,61",22,"10,73",1,21,"10,24"
315500,RIO DOCE,MG,07/2022,219,196,"89,50",149,47,"76,02",23,"10,50",3,20,"9,13"
315500,RIO DOCE,MG,09/2022,214,176,"82,24",154,22,"87,50",38,"17,76",6,32,"14,95"
315510,RIO DO PRADO,MG,07/2022,889,672,"75,59",672,0,"100,00",217,"24,41",3,214,"24,07"
315510,RIO DO PRADO,MG,09/2022,913,696,"76,23",696,0,"100,00",217,"23,77",0,217,"23,77"
315510,RIO DO PRADO,MG,11/2022,907,684,"75,41",684,0,"100,00",223,"24,59",7,216,"23,81"
315520,RIO ESPERA,MG,11/2022,524,417,"79,58",398,19,"95,44",107,"20,42",28,79,"15,08"
315520,RIO ESPERA,MG,09/2022,619,497,"80,29",402,95,"80,89",122,"19,71",10,112,"18,09"
315520,RIO ESPERA,MG,07/2022,627,504,"80,38",416,88,"82,54",123,"19,62",10,113,"18,02"
315530,RIO MANSO,MG,09/2022,457,133,"29,10",131,2,"98,50",324,"70,90",217,107,"23,41"
315530,RIO MANSO,MG,07/2022,438,329,"75,11",328,1,"99,70",109,"24,89",9,100,"22,83"
315530,RIO MANSO,MG,11/2022,476,332,"69,75",298,34,"89,76",144,"30,25",0,144,"30,25"
315540,RIO NOVO,MG,11/2022,688,595,"86,48",548,47,"92,10",93,"13,52",2,91,"13,23"
315540,RIO NOVO,MG,07/2022,708,616,"87,01",551,65,"89,45",92,"12,99",2,90,"12,71"
315540,RIO NOVO,MG,09/2022,710,607,"85,49",545,62,"89,79",103,"14,51",1,102,"14,37"
315550,RIO PARANAÍBA,MG,09/2022,973,788,"80,99",787,1,"99,87",185,"19,01",4,181,"18,60"
315550,RIO PARANAÍBA,MG,07/2022,932,757,"81,22",757,0,"100,00",175,"18,78",5,170,"18,24"
315550,RIO PARANAÍBA,MG,11/2022,987,867,"87,84",866,1,"99,88",120,"12,16",3,117,"11,85"
315560,RIO PARDO DE MINAS,MG,11/2022,4458,3584,"80,39",3584,0,"100,00",874,"19,61",9,865,"19,40"
315560,RIO PARDO DE MINAS,MG,09/2022,4506,3626,"80,47",3626,0,"100,00",880,"19,53",1,879,"19,51"
315560,RIO PARDO DE MINAS,MG,07/2022,4481,3606,"80,47",3600,6,"99,83",875,"19,53",1,874,"19,50"
315570,RIO PIRACICABA,MG,07/2022,1282,1073,"83,70",879,194,"81,92",209,"16,30",4,205,"15,99"
315570,RIO PIRACICABA,MG,09/2022,1270,1069,"84,17",931,138,"87,09",201,"15,83",3,198,"15,59"
315570,RIO PIRACICABA,MG,11/2022,1194,1005,"84,17",857,148,"85,27",189,"15,83",3,186,"15,58"
315580,RIO POMBA,MG,11/2022,1418,899,"63,40",898,1,"99,89",519,"36,60",2,517,"36,46"
315580,RIO POMBA,MG,09/2022,1356,831,"61,28",829,2,"99,76",525,"38,72",2,523,"38,57"
315580,RIO POMBA,MG,07/2022,1295,771,"59,54",771,0,"100,00",524,"40,46",11,513,"39,61"
315590,RIO PRETO,MG,07/2022,581,394,"67,81",394,0,"100,00",187,"32,19",87,100,"17,21"
315590,RIO PRETO,MG,09/2022,572,415,"72,55",415,0,"100,00",157,"27,45",50,107,"18,71"
315590,RIO PRETO,MG,11/2022,536,424,"79,10",424,0,"100,00",112,"20,90",2,110,"20,52"
315600,RIO VERMELHO,MG,11/2022,1625,1039,"63,94",1004,35,"96,63",586,"36,06",24,562,"34,58"
315600,RIO VERMELHO,MG,07/2022,1736,908,"52,30",811,97,"89,32",828,"47,70",399,429,"24,71"
315600,RIO VERMELHO,MG,09/2022,1689,1127,"66,73",1080,47,"95,83",562,"33,27",7,555,"32,86"
315610,RITÁPOLIS,MG,07/2022,368,325,"88,32",298,27,"91,69",43,"11,68",1,42,"11,41"
315610,RITÁPOLIS,MG,09/2022,384,343,"89,32",322,21,"93,88",41,"10,68",4,37,"9,64"
315610,RITÁPOLIS,MG,11/2022,355,315,"88,73",303,12,"96,19",40,"11,27",3,37,"10,42"
315620,ROCHEDO DE MINAS,MG,11/2022,321,192,"59,81",192,0,"100,00",129,"40,19",1,128,"39,88"
315620,ROCHEDO DE MINAS,MG,07/2022,310,190,"61,29",190,0,"100,00",120,"38,71",6,114,"36,77"
315620,ROCHEDO DE MINAS,MG,09/2022,320,192,"60,00",192,0,"100,00",128,"40,00",1,127,"39,69"
315630,RODEIRO,MG,09/2022,596,359,"60,23",359,0,"100,00",237,"39,77",2,235,"39,43"
315630,RODEIRO,MG,07/2022,497,277,"55,73",277,0,"100,00",220,"44,27",1,219,"44,06"
315630,RODEIRO,MG,11/2022,614,539,"87,79",539,0,"100,00",75,"12,21",1,74,"12,05"
315640,ROMARIA,MG,11/2022,227,169,"74,45",165,4,"97,63",58,"25,55",14,44,"19,38"
315640,ROMARIA,MG,07/2022,233,158,"67,81",148,10,"93,67",75,"32,19",20,55,"23,61"
315640,ROMARIA,MG,09/2022,236,153,"64,83",148,5,"96,73",83,"35,17",19,64,"27,12"
315645,ROSÁRIO DA LIMEIRA,MG,07/2022,380,304,"80,00",297,7,"97,70",76,"20,00",0,76,"20,00"
315645,ROSÁRIO DA LIMEIRA,MG,09/2022,377,129,"34,22",127,2,"98,45",248,"65,78",172,76,"20,16"
315645,ROSÁRIO DA LIMEIRA,MG,11/2022,375,306,"81,60",305,1,"99,67",69,"18,40",1,68,"18,13"
315650,RUBELITA,MG,11/2022,979,722,"73,75",693,29,"95,98",257,"26,25",35,222,"22,68"
315650,RUBELITA,MG,09/2022,1013,715,"70,58",678,37,"94,83",298,"29,42",23,275,"27,15"
315650,RUBELITA,MG,07/2022,1020,753,"73,82",749,4,"99,47",267,"26,18",30,237,"23,24"
315660,RUBIM,MG,07/2022,1185,985,"83,12",985,0,"100,00",200,"16,88",13,187,"15,78"
315660,RUBIM,MG,09/2022,1175,984,"83,74",984,0,"100,00",191,"16,26",4,187,"15,91"
315660,RUBIM,MG,11/2022,1150,949,"82,52",949,0,"100,00",201,"17,48",13,188,"16,35"
315670,SABARÁ,MG,11/2022,9013,7274,"80,71",6665,609,"91,63",1739,"19,29",64,1675,"18,58"
315670,SABARÁ,MG,09/2022,9231,6128,"66,39",5509,619,"89,90",3103,"33,61",300,2803,"30,37"
315670,SABARÁ,MG,07/2022,9051,5479,"60,53",4913,566,"89,67",3572,"39,47",296,3276,"36,19"
315680,SABINÓPOLIS,MG,09/2022,1902,718,"37,75",707,11,"98,47",1184,"62,25",59,1125,"59,15"
315680,SABINÓPOLIS,MG,07/2022,1920,500,"26,04",457,43,"91,40",1420,"73,96",296,1124,"58,54"
315680,SABINÓPOLIS,MG,11/2022,1915,777,"40,57",701,76,"90,22",1138,"59,43",0,1138,"59,43"
315690,SACRAMENTO,MG,11/2022,1612,665,"41,25",556,109,"83,61",947,"58,75",6,941,"58,37"
315690,SACRAMENTO,MG,09/2022,1629,616,"37,81",496,120,"80,52",1013,"62,19",18,995,"61,08"
315690,SACRAMENTO,MG,07/2022,1557,579,"37,19",445,134,"76,86",978,"62,81",23,955,"61,34"
315700,SALINAS,MG,07/2022,4430,3671,"82,87",3295,376,"89,76",759,"17,13",8,751,"16,95"
315700,SALINAS,MG,09/2022,4379,3624,"82,76",3217,407,"88,77",755,"17,24",73,682,"15,57"
315700,SALINAS,MG,11/2022,4084,3361,"82,30",2857,504,"85,00",723,"17,70",6,717,"17,56"
315710,SALTO DA DIVISA,MG,11/2022,985,708,"71,88",632,76,"89,27",277,"28,12",31,246,"24,97"
315710,SALTO DA DIVISA,MG,09/2022,1044,685,"65,61",601,84,"87,74",359,"34,39",52,307,"29,41"
315710,SALTO DA DIVISA,MG,07/2022,1046,745,"71,22",631,114,"84,70",301,"28,78",3,298,"28,49"
315720,SANTA BÁRBARA,MG,07/2022,2766,1802,"65,15",1449,353,"80,41",964,"34,85",236,728,"26,32"
315720,SANTA BÁRBARA,MG,09/2022,2853,2025,"70,98",1721,304,"84,99",828,"29,02",22,806,"28,25"
315720,SANTA BÁRBARA,MG,11/2022,2719,1922,"70,69",1844,78,"95,94",797,"29,31",11,786,"28,91"
315725,SANTA BÁRBARA DO LESTE,MG,11/2022,1287,869,"67,52",774,95,"89,07",418,"32,48",2,416,"32,32"
315725,SANTA BÁRBARA DO LESTE,MG,07/2022,1271,897,"70,57",894,3,"99,67",374,"29,43",7,367,"28,87"
315725,SANTA BÁRBARA DO LESTE,MG,09/2022,1306,891,"68,22",891,0,"100,00",415,"31,78",3,412,"31,55"
315727,SANTA BÁRBARA DO MONTE VERDE,MG,09/2022,303,241,"79,54",211,30,"87,55",62,"20,46",1,61,"20,13"
315727,SANTA BÁRBARA DO MONTE VERDE,MG,07/2022,302,243,"80,46",230,13,"94,65",59,"19,54",2,57,"18,87"
315727,SANTA BÁRBARA DO MONTE VERDE,MG,11/2022,318,249,"78,30",207,42,"83,13",69,"21,70",1,68,"21,38"
315730,SANTA BÁRBARA DO TUGÚRIO,MG,11/2022,350,224,"64,00",222,2,"99,11",126,"36,00",112,14,"4,00"
315730,SANTA BÁRBARA DO TUGÚRIO,MG,09/2022,367,172,"46,87",168,4,"97,67",195,"53,13",97,98,"26,70"
315730,SANTA BÁRBARA DO TUGÚRIO,MG,07/2022,374,274,"73,26",274,0,"100,00",100,"26,74",4,96,"25,67"
315733,SANTA CRUZ DE MINAS,MG,07/2022,630,136,"21,59",136,0,"100,00",494,"78,41",53,441,"70,00"
315733,SANTA CRUZ DE MINAS,MG,09/2022,631,179,"28,37",179,0,"100,00",452,"71,63",2,450,"71,32"
315733,SANTA CRUZ DE MINAS,MG,11/2022,642,181,"28,19",180,1,"99,45",461,"71,81",1,460,"71,65"
315737,SANTA CRUZ DE SALINAS,MG,11/2022,565,538,"95,22",454,84,"84,39",27,"4,78",2,25,"4,42"
315737,SANTA CRUZ DE SALINAS,MG,09/2022,628,599,"95,38",511,88,"85,31",29,"4,62",2,27,"4,30"
315737,SANTA CRUZ DE SALINAS,MG,07/2022,649,583,"89,83",495,88,"84,91",66,"10,17",32,34,"5,24"
315740,SANTA CRUZ DO ESCALVADO,MG,09/2022,486,365,"75,10",340,25,"93,15",121,"24,90",2,119,"24,49"
315740,SANTA CRUZ DO ESCALVADO,MG,07/2022,486,357,"73,46",309,48,"86,55",129,"26,54",19,110,"22,63"
315740,SANTA CRUZ DO ESCALVADO,MG,11/2022,449,373,"83,07",320,53,"85,79",76,"16,93",1,75,"16,70"
315750,SANTA EFIGÊNIA DE MINAS,MG,11/2022,699,345,"49,36",335,10,"97,10",354,"50,64",14,340,"48,64"
315750,SANTA EFIGÊNIA DE MINAS,MG,09/2022,707,371,"52,48",331,40,"89,22",336,"47,52",5,331,"46,82"
315750,SANTA EFIGÊNIA DE MINAS,MG,07/2022,719,367,"51,04",293,74,"79,84",352,"48,96",5,347,"48,26"
315760,SANTA FÉ DE MINAS,MG,09/2022,646,544,"84,21",485,59,"89,15",102,"15,79",3,99,"15,33"
315760,SANTA FÉ DE MINAS,MG,07/2022,718,556,"77,44",486,70,"87,41",162,"22,56",42,120,"16,71"
315760,SANTA FÉ DE MINAS,MG,11/2022,574,481,"83,80",477,4,"99,17",93,"16,20",4,89,"15,51"
315765,SANTA HELENA DE MINAS,MG,11/2022,1526,1226,"80,34",1202,24,"98,04",300,"19,66",40,260,"17,04"
315765,SANTA HELENA DE MINAS,MG,07/2022,1545,1202,"77,80",1202,0,"100,00",343,"22,20",16,327,"21,17"
315765,SANTA HELENA DE MINAS,MG,09/2022,1455,0,"0,00",0,0,,1455,"100,00",1123,332,"22,82"
315770,SANTA JULIANA,MG,07/2022,772,277,"35,88",245,32,"88,45",495,"64,12",244,251,"32,51"
315770,SANTA JULIANA,MG,09/2022,853,576,"67,53",567,9,"98,44",277,"32,47",7,270,"31,65"
315770,SANTA JULIANA,MG,11/2022,901,659,"73,14",654,5,"99,24",242,"26,86",11,231,"25,64"
315780,SANTA LUZIA,MG,11/2022,20937,13052,"62,34",12181,871,"93,33",7885,"37,66",74,7811,"37,31"
315780,SANTA LUZIA,MG,09/2022,22069,13717,"62,16",12349,1368,"90,03",8352,"37,84",292,8060,"36,52"
315780,SANTA LUZIA,MG,07/2022,21335,14980,"70,21",13662,1318,"91,20",6355,"29,79",288,6067,"28,44"
315790,SANTA MARGARIDA,MG,09/2022,2405,2154,"89,56",2126,28,"98,70",251,"10,44",20,231,"9,60"
315790,SANTA MARGARIDA,MG,07/2022,2458,1779,"72,38",1603,176,"90,11",679,"27,62",2,677,"27,54"
315790,SANTA MARGARIDA,MG,11/2022,2232,2181,"97,72",2150,31,"98,58",51,"2,28",5,46,"2,06"
315800,SANTA MARIA DE ITABIRA,MG,11/2022,670,652,"97,31",596,56,"91,41",18,"2,69",0,18,"2,69"
315800,SANTA MARIA DE ITABIRA,MG,07/2022,741,715,"96,49",594,121,"83,08",26,"3,51",3,23,"3,10"
315800,SANTA MARIA DE ITABIRA,MG,09/2022,750,715,"95,33",595,120,"83,22",35,"4,67",3,32,"4,27"
315810,SANTA MARIA DO SALTO,MG,09/2022,779,587,"75,35",536,51,"91,31",192,"24,65",3,189,"24,26"
315810,SANTA MARIA DO SALTO,MG,07/2022,767,568,"74,05",489,79,"86,09",199,"25,95",11,188,"24,51"
315810,SANTA MARIA DO SALTO,MG,11/2022,725,564,"77,79",555,9,"98,40",161,"22,21",5,156,"21,52"
315820,SANTA MARIA DO SUAÇUÍ,MG,11/2022,1660,1578,"95,06",1578,0,"100,00",82,"4,94",2,80,"4,82"
315820,SANTA MARIA DO SUAÇUÍ,MG,09/2022,1838,1748,"95,10",1601,147,"91,59",90,"4,90",22,68,"3,70"
315820,SANTA MARIA DO SUAÇUÍ,MG,07/2022,1888,1792,"94,92",1792,0,"100,00",96,"5,08",23,73,"3,87"
315830,SANTANA DA VARGEM,MG,07/2022,469,365,"77,83",359,6,"98,36",104,"22,17",9,95,"20,26"
315830,SANTANA DA VARGEM,MG,09/2022,498,257,"51,61",218,39,"84,82",241,"48,39",130,111,"22,29"
315830,SANTANA DA VARGEM,MG,11/2022,491,272,"55,40",229,43,"84,19",219,"44,60",115,104,"21,18"
315840,SANTANA DE CATAGUASES,MG,11/2022,316,165,"52,22",159,6,"96,36",151,"47,78",59,92,"29,11"
315840,SANTANA DE CATAGUASES,MG,07/2022,315,225,"71,43",225,0,"100,00",90,"28,57",0,90,"28,57"
315840,SANTANA DE CATAGUASES,MG,09/2022,311,218,"70,10",218,0,"100,00",93,"29,90",1,92,"29,58"
315850,SANTANA DE PIRAPAMA,MG,09/2022,803,640,"79,70",640,0,"100,00",163,"20,30",4,159,"19,80"
315850,SANTANA DE PIRAPAMA,MG,07/2022,779,254,"32,61",254,0,"100,00",525,"67,39",366,159,"20,41"
315850,SANTANA DE PIRAPAMA,MG,11/2022,796,632,"79,40",632,0,"100,00",164,"20,60",3,161,"20,23"
315860,SANTANA DO DESERTO,MG,11/2022,324,297,"91,67",265,32,"89,23",27,"8,33",0,27,"8,33"
315860,SANTANA DO DESERTO,MG,09/2022,313,276,"88,18",276,0,"100,00",37,"11,82",0,37,"11,82"
315860,SANTANA DO DESERTO,MG,07/2022,301,263,"87,38",263,0,"100,00",38,"12,62",1,37,"12,29"
315870,SANTANA DO GARAMBÉU,MG,09/2022,302,281,"93,05",235,46,"83,63",21,"6,95",2,19,"6,29"
315870,SANTANA DO GARAMBÉU,MG,07/2022,299,106,"35,45",6,100,"5,66",193,"64,55",175,18,"6,02"
315870,SANTANA DO GARAMBÉU,MG,11/2022,264,243,"92,05",233,10,"95,88",21,"7,95",2,19,"7,20"
315880,SANTANA DO JACARÉ,MG,11/2022,355,347,"97,75",323,24,"93,08",8,"2,25",5,3,"0,85"
315880,SANTANA DO JACARÉ,MG,07/2022,346,300,"86,71",292,8,"97,33",46,"13,29",4,42,"12,14"
315880,SANTANA DO JACARÉ,MG,09/2022,379,370,"97,63",315,55,"85,14",9,"2,37",1,8,"2,11"
315890,SANTANA DO MANHUAÇU,MG,09/2022,1244,857,"68,89",857,0,"100,00",387,"31,11",1,386,"31,03"
315890,SANTANA DO MANHUAÇU,MG,07/2022,1247,146,"11,71",146,0,"100,00",1101,"88,29",709,392,"31,44"
315890,SANTANA DO MANHUAÇU,MG,11/2022,1254,855,"68,18",855,0,"100,00",399,"31,82",14,385,"30,70"
315895,SANTANA DO PARAÍSO,MG,11/2022,2895,2031,"70,16",1876,155,"92,37",864,"29,84",15,849,"29,33"
315895,SANTANA DO PARAÍSO,MG,09/2022,2949,1690,"57,31",1585,105,"93,79",1259,"42,69",238,1021,"34,62"
315895,SANTANA DO PARAÍSO,MG,07/2022,2864,1791,"62,53",1565,226,"87,38",1073,"37,47",23,1050,"36,66"
315900,SANTANA DO RIACHO,MG,07/2022,566,435,"76,86",394,41,"90,57",131,"23,14",3,128,"22,61"
315900,SANTANA DO RIACHO,MG,09/2022,543,126,"23,20",87,39,"69,05",417,"76,80",321,96,"17,68"
315900,SANTANA DO RIACHO,MG,11/2022,509,392,"77,01",350,42,"89,29",117,"22,99",10,107,"21,02"
315910,SANTANA DOS MONTES,MG,11/2022,368,342,"92,93",333,9,"97,37",26,"7,07",5,21,"5,71"
315910,SANTANA DOS MONTES,MG,09/2022,405,336,"82,96",323,13,"96,13",69,"17,04",15,54,"13,33"
315910,SANTANA DOS MONTES,MG,07/2022,395,375,"94,94",313,62,"83,47",20,"5,06",4,16,"4,05"
315920,SANTA RITA DE CALDAS,MG,07/2022,439,340,"77,45",340,0,"100,00",99,"22,55",14,85,"19,36"
315920,SANTA RITA DE CALDAS,MG,09/2022,452,362,"80,09",362,0,"100,00",90,"19,91",2,88,"19,47"
315920,SANTA RITA DE CALDAS,MG,11/2022,439,329,"74,94",326,3,"99,09",110,"25,06",5,105,"23,92"
315930,SANTA RITA DE JACUTINGA,MG,11/2022,430,241,"56,05",230,11,"95,44",189,"43,95",90,99,"23,02"
315930,SANTA RITA DE JACUTINGA,MG,09/2022,429,237,"55,24",224,13,"94,51",192,"44,76",88,104,"24,24"
315930,SANTA RITA DE JACUTINGA,MG,07/2022,431,325,"75,41",300,25,"92,31",106,"24,59",3,103,"23,90"
315935,SANTA RITA DE MINAS,MG,07/2022,583,367,"62,95",331,36,"90,19",216,"37,05",4,212,"36,36"
315935,SANTA RITA DE MINAS,MG,09/2022,596,377,"63,26",319,58,"84,62",219,"36,74",2,217,"36,41"
315935,SANTA RITA DE MINAS,MG,11/2022,609,401,"65,85",371,30,"92,52",208,"34,15",0,208,"34,15"
315940,SANTA RITA DE IBITIPOCA,MG,11/2022,353,274,"77,62",274,0,"100,00",79,"22,38",16,63,"17,85"
315940,SANTA RITA DE IBITIPOCA,MG,07/2022,364,278,"76,37",278,0,"100,00",86,"23,63",16,70,"19,23"
315940,SANTA RITA DE IBITIPOCA,MG,09/2022,363,281,"77,41",281,0,"100,00",82,"22,59",15,67,"18,46"
315950,SANTA RITA DO ITUETO,MG,07/2022,922,720,"78,09",583,137,"80,97",202,"21,91",18,184,"19,96"
315950,SANTA RITA DO ITUETO,MG,09/2022,877,681,"77,65",595,86,"87,37",196,"22,35",13,183,"20,87"
315950,SANTA RITA DO ITUETO,MG,11/2022,807,603,"74,72",563,40,"93,37",204,"25,28",7,197,"24,41"
315960,SANTA RITA DO SAPUCAÍ,MG,11/2022,2237,1383,"61,82",1366,17,"98,77",854,"38,18",148,706,"31,56"
315960,SANTA RITA DO SAPUCAÍ,MG,07/2022,2209,1408,"63,74",1359,49,"96,52",801,"36,26",42,759,"34,36"
315960,SANTA RITA DO SAPUCAÍ,MG,09/2022,2277,1386,"60,87",1367,19,"98,63",891,"39,13",104,787,"34,56"
315970,SANTA ROSA DA SERRA,MG,07/2022,414,349,"84,30",297,52,"85,10",65,"15,70",4,61,"14,73"
315970,SANTA ROSA DA SERRA,MG,09/2022,428,363,"84,81",319,44,"87,88",65,"15,19",0,65,"15,19"
315970,SANTA ROSA DA SERRA,MG,11/2022,376,322,"85,64",309,13,"95,96",54,"14,36",0,54,"14,36"
315980,SANTA VITÓRIA,MG,11/2022,1436,1190,"82,87",1161,29,"97,56",246,"17,13",4,242,"16,85"
315980,SANTA VITÓRIA,MG,09/2022,1406,1096,"77,95",1063,33,"96,99",310,"22,05",65,245,"17,43"
315980,SANTA VITÓRIA,MG,07/2022,1323,1068,"80,73",1068,0,"100,00",255,"19,27",17,238,"17,99"
315990,SANTO ANTÔNIO DO AMPARO,MG,07/2022,2084,1458,"69,96",1199,259,"82,24",626,"30,04",116,510,"24,47"
315990,SANTO ANTÔNIO DO AMPARO,MG,09/2022,2053,1666,"81,15",1360,306,"81,63",387,"18,85",23,364,"17,73"
315990,SANTO ANTÔNIO DO AMPARO,MG,11/2022,1840,1332,"72,39",1244,88,"93,39",508,"27,61",174,334,"18,15"
316000,SANTO ANTÔNIO DO AVENTUREIRO,MG,11/2022,395,308,"77,97",268,40,"87,01",87,"22,03",0,87,"22,03"
316000,SANTO ANTÔNIO DO AVENTUREIRO,MG,07/2022,389,253,"65,04",239,14,"94,47",136,"34,96",1,135,"34,70"
316000,SANTO ANTÔNIO DO AVENTUREIRO,MG,09/2022,406,264,"65,02",240,24,"90,91",142,"34,98",0,142,"34,98"
316010,SANTO ANTÔNIO DO GRAMA,MG,09/2022,435,350,"80,46",318,32,"90,86",85,"19,54",2,83,"19,08"
316010,SANTO ANTÔNIO DO GRAMA,MG,07/2022,439,350,"79,73",327,23,"93,43",89,"20,27",2,87,"19,82"
316010,SANTO ANTÔNIO DO GRAMA,MG,11/2022,385,356,"92,47",327,29,"91,85",29,"7,53",1,28,"7,27"
316020,SANTO ANTÔNIO DO ITAMBÉ,MG,11/2022,691,535,"77,42",533,2,"99,63",156,"22,58",4,152,"22,00"
316020,SANTO ANTÔNIO DO ITAMBÉ,MG,09/2022,692,488,"70,52",488,0,"100,00",204,"29,48",4,200,"28,90"
316020,SANTO ANTÔNIO DO ITAMBÉ,MG,07/2022,689,488,"70,83",484,4,"99,18",201,"29,17",2,199,"28,88"
316030,SANTO ANTÔNIO DO JACINTO,MG,07/2022,1808,1012,"55,97",990,22,"97,83",796,"44,03",220,576,"31,86"
316030,SANTO ANTÔNIO DO JACINTO,MG,09/2022,1756,34,"1,94",34,0,"100,00",1722,"98,06",1144,578,"32,92"
316030,SANTO ANTÔNIO DO JACINTO,MG,11/2022,1793,1227,"68,43",1201,26,"97,88",566,"31,57",18,548,"30,56"
316040,SANTO ANTÔNIO DO MONTE,MG,11/2022,1081,728,"67,35",702,26,"96,43",353,"32,65",5,348,"32,19"
316040,SANTO ANTÔNIO DO MONTE,MG,07/2022,1098,776,"70,67",730,46,"94,07",322,"29,33",7,315,"28,69"
316040,SANTO ANTÔNIO DO MONTE,MG,09/2022,1107,741,"66,94",700,41,"94,47",366,"33,06",5,361,"32,61"
316045,SANTO ANTÔNIO DO RETIRO,MG,09/2022,1474,910,"61,74",894,16,"98,24",564,"38,26",6,558,"37,86"
316045,SANTO ANTÔNIO DO RETIRO,MG,07/2022,1466,989,"67,46",852,137,"86,15",477,"32,54",2,475,"32,40"
316045,SANTO ANTÔNIO DO RETIRO,MG,11/2022,1330,945,"71,05",937,8,"99,15",385,"28,95",1,384,"28,87"
316050,SANTO ANTÔNIO DO RIO ABAIXO,MG,11/2022,261,246,"94,25",246,0,"100,00",15,"5,75",0,15,"5,75"
316050,SANTO ANTÔNIO DO RIO ABAIXO,MG,09/2022,251,239,"95,22",239,0,"100,00",12,"4,78",0,12,"4,78"
316050,SANTO ANTÔNIO DO RIO ABAIXO,MG,07/2022,252,239,"94,84",239,0,"100,00",13,"5,16",4,9,"3,57"
316060,SANTO HIPÓLITO,MG,07/2022,415,320,"77,11",256,64,"80,00",95,"22,89",15,80,"19,28"
316060,SANTO HIPÓLITO,MG,09/2022,403,316,"78,41",261,55,"82,59",87,"21,59",2,85,"21,09"
316060,SANTO HIPÓLITO,MG,11/2022,369,285,"77,24",263,22,"92,28",84,"22,76",0,84,"22,76"
316070,SANTOS DUMONT,MG,11/2022,3399,2285,"67,23",2071,214,"90,63",1114,"32,77",1,1113,"32,74"
316070,SANTOS DUMONT,MG,09/2022,3532,2153,"60,96",1827,326,"84,86",1379,"39,04",1,1378,"39,01"
316070,SANTOS DUMONT,MG,07/2022,3502,1767,"50,46",1589,178,"89,93",1735,"49,54",5,1730,"49,40"
316080,SÃO BENTO ABADE,MG,09/2022,409,333,"81,42",293,40,"87,99",76,"18,58",33,43,"10,51"
316080,SÃO BENTO ABADE,MG,07/2022,402,322,"80,10",289,33,"89,75",80,"19,90",1,79,"19,65"
316080,SÃO BENTO ABADE,MG,11/2022,417,388,"93,05",334,54,"86,08",29,"6,95",8,21,"5,04"
316090,SÃO BRÁS DO SUAÇUÍ,MG,11/2022,299,184,"61,54",169,15,"91,85",115,"38,46",3,112,"37,46"
316090,SÃO BRÁS DO SUAÇUÍ,MG,07/2022,283,174,"61,48",139,35,"79,89",109,"38,52",6,103,"36,40"
316090,SÃO BRÁS DO SUAÇUÍ,MG,09/2022,299,177,"59,20",157,20,"88,70",122,"40,80",12,110,"36,79"
316095,SÃO DOMINGOS DAS DORES,MG,09/2022,882,710,"80,50",710,0,"100,00",172,"19,50",2,170,"19,27"
316095,SÃO DOMINGOS DAS DORES,MG,07/2022,886,713,"80,47",713,0,"100,00",173,"19,53",2,171,"19,30"
316095,SÃO DOMINGOS DAS DORES,MG,11/2022,875,711,"81,26",711,0,"100,00",164,"18,74",0,164,"18,74"
316100,SÃO DOMINGOS DO PRATA,MG,11/2022,1289,1090,"84,56",1074,16,"98,53",199,"15,44",3,196,"15,21"
316100,SÃO DOMINGOS DO PRATA,MG,07/2022,1318,973,"73,82",919,54,"94,45",345,"26,18",158,187,"14,19"
316100,SÃO DOMINGOS DO PRATA,MG,09/2022,1323,953,"72,03",895,58,"93,91",370,"27,97",177,193,"14,59"
316105,SÃO FÉLIX DE MINAS,MG,09/2022,441,394,"89,34",368,26,"93,40",47,"10,66",1,46,"10,43"
316105,SÃO FÉLIX DE MINAS,MG,07/2022,455,409,"89,89",396,13,"96,82",46,"10,11",6,40,"8,79"
316105,SÃO FÉLIX DE MINAS,MG,11/2022,393,386,"98,22",343,43,"88,86",7,"1,78",1,6,"1,53"
316110,SÃO FRANCISCO,MG,11/2022,9279,8109,"87,39",7753,356,"95,61",1170,"12,61",33,1137,"12,25"
316110,SÃO FRANCISCO,MG,09/2022,9774,8579,"87,77",7938,641,"92,53",1195,"12,23",85,1110,"11,36"
316110,SÃO FRANCISCO,MG,07/2022,9801,8242,"84,09",7768,474,"94,25",1559,"15,91",121,1438,"14,67"
316120,SÃO FRANCISCO DE PAULA,MG,07/2022,395,314,"79,49",279,35,"88,85",81,"20,51",0,81,"20,51"
316120,SÃO FRANCISCO DE PAULA,MG,09/2022,411,319,"77,62",297,22,"93,10",92,"22,38",0,92,"22,38"
316120,SÃO FRANCISCO DE PAULA,MG,11/2022,385,302,"78,44",290,12,"96,03",83,"21,56",0,83,"21,56"
316130,SÃO FRANCISCO DE SALES,MG,11/2022,627,567,"90,43",566,1,"99,82",60,"9,57",0,60,"9,57"
316130,SÃO FRANCISCO DE SALES,MG,09/2022,617,386,"62,56",386,0,"100,00",231,"37,44",0,231,"37,44"
316130,SÃO FRANCISCO DE SALES,MG,07/2022,599,381,"63,61",381,0,"100,00",218,"36,39",2,216,"36,06"
316140,SÃO FRANCISCO DO GLÓRIA,MG,09/2022,401,334,"83,29",334,0,"100,00",67,"16,71",6,61,"15,21"
316140,SÃO FRANCISCO DO GLÓRIA,MG,07/2022,416,349,"83,89",309,40,"88,54",67,"16,11",2,65,"15,63"
316140,SÃO FRANCISCO DO GLÓRIA,MG,11/2022,356,326,"91,57",276,50,"84,66",30,"8,43",0,30,"8,43"
316150,SÃO GERALDO,MG,11/2022,937,448,"47,81",448,0,"100,00",489,"52,19",7,482,"51,44"
316150,SÃO GERALDO,MG,07/2022,853,378,"44,31",354,24,"93,65",475,"55,69",19,456,"53,46"
316150,SÃO GERALDO,MG,09/2022,906,398,"43,93",397,1,"99,75",508,"56,07",8,500,"55,19"
316160,SÃO GERALDO DA PIEDADE,MG,07/2022,616,334,"54,22",252,82,"75,45",282,"45,78",37,245,"39,77"
316160,SÃO GERALDO DA PIEDADE,MG,09/2022,592,336,"56,76",271,65,"80,65",256,"43,24",14,242,"40,88"
316160,SÃO GERALDO DA PIEDADE,MG,11/2022,577,326,"56,50",291,35,"89,26",251,"43,50",20,231,"40,03"
316165,SÃO GERALDO DO BAIXIO,MG,11/2022,480,326,"67,92",326,0,"100,00",154,"32,08",1,153,"31,88"
316165,SÃO GERALDO DO BAIXIO,MG,09/2022,470,318,"67,66",318,0,"100,00",152,"32,34",0,152,"32,34"
316165,SÃO GERALDO DO BAIXIO,MG,07/2022,480,315,"65,63",285,30,"90,48",165,"34,38",3,162,"33,75"
316170,SÃO GONÇALO DO ABAETÉ,MG,07/2022,621,462,"74,40",408,54,"88,31",159,"25,60",70,89,"14,33"
316170,SÃO GONÇALO DO ABAETÉ,MG,09/2022,629,486,"77,27",427,59,"87,86",143,"22,73",9,134,"21,30"
316170,SÃO GONÇALO DO ABAETÉ,MG,11/2022,624,492,"78,85",465,27,"94,51",132,"21,15",4,128,"20,51"
316180,SÃO GONÇALO DO PARÁ,MG,11/2022,660,396,"60,00",383,13,"96,72",264,"40,00",6,258,"39,09"
316180,SÃO GONÇALO DO PARÁ,MG,07/2022,657,368,"56,01",338,30,"91,85",289,"43,99",33,256,"38,96"
316180,SÃO GONÇALO DO PARÁ,MG,09/2022,667,368,"55,17",290,78,"78,80",299,"44,83",31,268,"40,18"
316190,SÃO GONÇALO DO RIO ABAIXO,MG,07/2022,948,831,"87,66",768,63,"92,42",117,"12,34",14,103,"10,86"
316190,SÃO GONÇALO DO RIO ABAIXO,MG,09/2022,962,672,"69,85",647,25,"96,28",290,"30,15",203,87,"9,04"
316190,SÃO GONÇALO DO RIO ABAIXO,MG,11/2022,955,849,"88,90",839,10,"98,82",106,"11,10",5,101,"10,58"
316200,SÃO GONÇALO DO SAPUCAÍ,MG,11/2022,2124,1305,"61,44",1259,46,"96,48",819,"38,56",316,503,"23,68"
316200,SÃO GONÇALO DO SAPUCAÍ,MG,07/2022,2137,1610,"75,34",1446,164,"89,81",527,"24,66",71,456,"21,34"
316200,SÃO GONÇALO DO SAPUCAÍ,MG,09/2022,2185,1514,"69,29",1462,52,"96,57",671,"30,71",61,610,"27,92"
316210,SÃO GOTARDO,MG,09/2022,2611,1102,"42,21",1097,5,"99,55",1509,"57,79",64,1445,"55,34"
316210,SÃO GOTARDO,MG,07/2022,2330,893,"38,33",893,0,"100,00",1437,"61,67",207,1230,"52,79"
316210,SÃO GOTARDO,MG,11/2022,2756,1220,"44,27",1218,2,"99,84",1536,"55,73",27,1509,"54,75"
316220,SÃO JOÃO BATISTA DO GLÓRIA,MG,11/2022,294,283,"96,26",253,30,"89,40",11,"3,74",2,9,"3,06"
316220,SÃO JOÃO BATISTA DO GLÓRIA,MG,09/2022,284,264,"92,96",229,35,"86,74",20,"7,04",0,20,"7,04"
316220,SÃO JOÃO BATISTA DO GLÓRIA,MG,07/2022,282,270,"95,74",216,54,"80,00",12,"4,26",1,11,"3,90"
316225,SÃO JOÃO DA LAGOA,MG,07/2022,659,538,"81,64",515,23,"95,72",121,"18,36",1,120,"18,21"
316225,SÃO JOÃO DA LAGOA,MG,09/2022,643,563,"87,56",510,53,"90,59",80,"12,44",10,70,"10,89"
316225,SÃO JOÃO DA LAGOA,MG,11/2022,601,553,"92,01",484,69,"87,52",48,"7,99",1,47,"7,82"
316230,SÃO JOÃO DA MATA,MG,11/2022,290,252,"86,90",245,7,"97,22",38,"13,10",0,38,"13,10"
316230,SÃO JOÃO DA MATA,MG,09/2022,280,206,"73,57",168,38,"81,55",74,"26,43",13,61,"21,79"
316230,SÃO JOÃO DA MATA,MG,07/2022,265,180,"67,92",164,16,"91,11",85,"32,08",29,56,"21,13"
316240,SÃO JOÃO DA PONTE,MG,09/2022,4131,2995,"72,50",2957,38,"98,73",1136,"27,50",123,1013,"24,52"
316240,SÃO JOÃO DA PONTE,MG,07/2022,4171,3169,"75,98",3140,29,"99,08",1002,"24,02",260,742,"17,79"
316240,SÃO JOÃO DA PONTE,MG,11/2022,4059,2804,"69,08",2802,2,"99,93",1255,"30,92",120,1135,"27,96"
316245,SÃO JOÃO DAS MISSÕES,MG,11/2022,2944,2182,"74,12",2039,143,"93,45",762,"25,88",6,756,"25,68"
316245,SÃO JOÃO DAS MISSÕES,MG,07/2022,3124,2120,"67,86",1889,231,"89,10",1004,"32,14",180,824,"26,38"
316245,SÃO JOÃO DAS MISSÕES,MG,09/2022,3098,2138,"69,01",1932,206,"90,36",960,"30,99",217,743,"23,98"
316250,SÃO JOÃO DEL REI,MG,07/2022,5050,2421,"47,94",2114,307,"87,32",2629,"52,06",207,2422,"47,96"
316250,SÃO JOÃO DEL REI,MG,09/2022,5184,2775,"53,53",2760,15,"99,46",2409,"46,47",4,2405,"46,39"
316250,SÃO JOÃO DEL REI,MG,11/2022,5208,2895,"55,59",2881,14,"99,52",2313,"44,41",9,2304,"44,24"
316255,SÃO JOÃO DO MANHUAÇU,MG,11/2022,1966,1570,"79,86",1568,2,"99,87",396,"20,14",1,395,"20,09"
316255,SÃO JOÃO DO MANHUAÇU,MG,09/2022,1988,1589,"79,93",1588,1,"99,94",399,"20,07",1,398,"20,02"
316255,SÃO JOÃO DO MANHUAÇU,MG,07/2022,1973,1570,"79,57",1568,2,"99,87",403,"20,43",2,401,"20,32"
316257,SÃO JOÃO DO MANTENINHA,MG,09/2022,577,452,"78,34",452,0,"100,00",125,"21,66",0,125,"21,66"
316257,SÃO JOÃO DO MANTENINHA,MG,07/2022,557,421,"75,58",421,0,"100,00",136,"24,42",4,132,"23,70"
316257,SÃO JOÃO DO MANTENINHA,MG,11/2022,586,463,"79,01",463,0,"100,00",123,"20,99",1,122,"20,82"
316260,SÃO JOÃO DO ORIENTE,MG,11/2022,1119,841,"75,16",839,2,"99,76",278,"24,84",1,277,"24,75"
316260,SÃO JOÃO DO ORIENTE,MG,07/2022,1096,839,"76,55",839,0,"100,00",257,"23,45",0,257,"23,45"
316260,SÃO JOÃO DO ORIENTE,MG,09/2022,1100,822,"74,73",822,0,"100,00",278,"25,27",4,274,"24,91"
316265,SÃO JOÃO DO PACUÍ,MG,07/2022,658,555,"84,35",455,100,"81,98",103,"15,65",0,103,"15,65"
316265,SÃO JOÃO DO PACUÍ,MG,09/2022,632,585,"92,56",475,110,"81,20",47,"7,44",0,47,"7,44"
316265,SÃO JOÃO DO PACUÍ,MG,11/2022,527,489,"92,79",454,35,"92,84",38,"7,21",2,36,"6,83"
316270,SÃO JOÃO DO PARAÍSO,MG,11/2022,2361,1777,"75,26",1765,12,"99,32",584,"24,74",9,575,"24,35"
316270,SÃO JOÃO DO PARAÍSO,MG,09/2022,2492,1837,"73,72",1809,28,"98,48",655,"26,28",13,642,"25,76"
316270,SÃO JOÃO DO PARAÍSO,MG,07/2022,2435,1027,"42,18",885,142,"86,17",1408,"57,82",779,629,"25,83"
316280,SÃO JOÃO EVANGELISTA,MG,09/2022,2064,1616,"78,29",1561,55,"96,60",448,"21,71",96,352,"17,05"
316280,SÃO JOÃO EVANGELISTA,MG,07/2022,2106,1609,"76,40",1522,87,"94,59",497,"23,60",162,335,"15,91"
316280,SÃO JOÃO EVANGELISTA,MG,11/2022,1996,1655,"82,92",1644,11,"99,34",341,"17,08",14,327,"16,38"
316290,SÃO JOÃO NEPOMUCENO,MG,11/2022,1982,1867,"94,20",1864,3,"99,84",115,"5,80",42,73,"3,68"
316290,SÃO JOÃO NEPOMUCENO,MG,07/2022,1825,411,"22,52",180,231,"43,80",1414,"77,48",1347,67,"3,67"
316290,SÃO JOÃO NEPOMUCENO,MG,09/2022,1961,1824,"93,01",1805,19,"98,96",137,"6,99",55,82,"4,18"
316292,SÃO JOAQUIM DE BICAS,MG,07/2022,3539,623,"17,60",567,56,"91,01",2916,"82,40",1242,1674,"47,30"
316292,SÃO JOAQUIM DE BICAS,MG,09/2022,3847,962,"25,01",894,68,"92,93",2885,"74,99",1157,1728,"44,92"
316292,SÃO JOAQUIM DE BICAS,MG,11/2022,3996,2020,"50,55",1886,134,"93,37",1976,"49,45",46,1930,"48,30"
316294,SÃO JOSÉ DA BARRA,MG,11/2022,496,403,"81,25",322,81,"79,90",93,"18,75",0,93,"18,75"
316294,SÃO JOSÉ DA BARRA,MG,09/2022,499,405,"81,16",344,61,"84,94",94,"18,84",0,94,"18,84"
316294,SÃO JOSÉ DA BARRA,MG,07/2022,497,397,"79,88",325,72,"81,86",100,"20,12",7,93,"18,71"
316295,SÃO JOSÉ DA LAPA,MG,07/2022,2253,1620,"71,90",1380,240,"85,19",633,"28,10",267,366,"16,25"
316295,SÃO JOSÉ DA LAPA,MG,09/2022,2347,2049,"87,30",1825,224,"89,07",298,"12,70",94,204,"8,69"
316295,SÃO JOSÉ DA LAPA,MG,11/2022,2212,1931,"87,30",1843,88,"95,44",281,"12,70",23,258,"11,66"
316300,SÃO JOSÉ DA SAFIRA,MG,11/2022,706,467,"66,15",467,0,"100,00",239,"33,85",0,239,"33,85"
316300,SÃO JOSÉ DA SAFIRA,MG,07/2022,714,473,"66,25",465,8,"98,31",241,"33,75",1,240,"33,61"
316300,SÃO JOSÉ DA SAFIRA,MG,09/2022,720,470,"65,28",455,15,"96,81",250,"34,72",1,249,"34,58"
316310,SÃO JOSÉ DA VARGINHA,MG,09/2022,413,287,"69,49",287,0,"100,00",126,"30,51",19,107,"25,91"
316310,SÃO JOSÉ DA VARGINHA,MG,07/2022,407,298,"73,22",298,0,"100,00",109,"26,78",9,100,"24,57"
316310,SÃO JOSÉ DA VARGINHA,MG,11/2022,415,349,"84,10",349,0,"100,00",66,"15,90",0,66,"15,90"
316320,SÃO JOSÉ DO ALEGRE,MG,11/2022,300,220,"73,33",209,11,"95,00",80,"26,67",71,9,"3,00"
316320,SÃO JOSÉ DO ALEGRE,MG,07/2022,339,179,"52,80",166,13,"92,74",160,"47,20",12,148,"43,66"
316320,SÃO JOSÉ DO ALEGRE,MG,09/2022,318,33,"10,38",17,16,"51,52",285,"89,62",143,142,"44,65"
316330,SÃO JOSÉ DO DIVINO,MG,07/2022,628,446,"71,02",396,50,"88,79",182,"28,98",4,178,"28,34"
316330,SÃO JOSÉ DO DIVINO,MG,09/2022,601,391,"65,06",391,0,"100,00",210,"34,94",0,210,"34,94"
316330,SÃO JOSÉ DO DIVINO,MG,11/2022,586,439,"74,91",433,6,"98,63",147,"25,09",0,147,"25,09"
316340,SÃO JOSÉ DO GOIABAL,MG,11/2022,558,497,"89,07",494,3,"99,40",61,"10,93",1,60,"10,75"
316340,SÃO JOSÉ DO GOIABAL,MG,07/2022,595,523,"87,90",468,55,"89,48",72,"12,10",7,65,"10,92"
316340,SÃO JOSÉ DO GOIABAL,MG,09/2022,596,529,"88,76",529,0,"100,00",67,"11,24",1,66,"11,07"
316350,SÃO JOSÉ DO JACURI,MG,07/2022,1015,837,"82,46",786,51,"93,91",178,"17,54",17,161,"15,86"
316350,SÃO JOSÉ DO JACURI,MG,09/2022,1017,814,"80,04",743,71,"91,28",203,"19,96",1,202,"19,86"
316350,SÃO JOSÉ DO JACURI,MG,11/2022,964,773,"80,19",733,40,"94,83",191,"19,81",2,189,"19,61"
316360,SÃO JOSÉ DO MANTIMENTO,MG,11/2022,419,331,"79,00",327,4,"98,79",88,"21,00",1,87,"20,76"
316360,SÃO JOSÉ DO MANTIMENTO,MG,07/2022,429,311,"72,49",267,44,"85,85",118,"27,51",5,113,"26,34"
316360,SÃO JOSÉ DO MANTIMENTO,MG,09/2022,427,307,"71,90",307,0,"100,00",120,"28,10",0,120,"28,10"
316370,SÃO LOURENÇO,MG,07/2022,2753,1399,"50,82",1216,183,"86,92",1354,"49,18",518,836,"30,37"
316370,SÃO LOURENÇO,MG,09/2022,2915,2644,"90,70",2589,55,"97,92",271,"9,30",42,229,"7,86"
316370,SÃO LOURENÇO,MG,11/2022,2830,2495,"88,16",2264,231,"90,74",335,"11,84",187,148,"5,23"
316380,SÃO MIGUEL DO ANTA,MG,11/2022,834,617,"73,98",599,18,"97,08",217,"26,02",1,216,"25,90"
316380,SÃO MIGUEL DO ANTA,MG,09/2022,901,687,"76,25",604,83,"87,92",214,"23,75",2,212,"23,53"
316380,SÃO MIGUEL DO ANTA,MG,07/2022,891,681,"76,43",681,0,"100,00",210,"23,57",0,210,"23,57"
316390,SÃO PEDRO DA UNIÃO,MG,07/2022,411,277,"67,40",231,46,"83,39",134,"32,60",8,126,"30,66"
316390,SÃO PEDRO DA UNIÃO,MG,09/2022,412,279,"67,72",238,41,"85,30",133,"32,28",4,129,"31,31"
316390,SÃO PEDRO DA UNIÃO,MG,11/2022,393,331,"84,22",325,6,"98,19",62,"15,78",3,59,"15,01"
316400,SÃO PEDRO DOS FERROS,MG,11/2022,568,263,"46,30",260,3,"98,86",305,"53,70",5,300,"52,82"
316400,SÃO PEDRO DOS FERROS,MG,07/2022,579,259,"44,73",232,27,"89,58",320,"55,27",17,303,"52,33"
316400,SÃO PEDRO DOS FERROS,MG,09/2022,595,285,"47,90",284,1,"99,65",310,"52,10",2,308,"51,76"
316410,SÃO PEDRO DO SUAÇUÍ,MG,07/2022,814,696,"85,50",620,76,"89,08",118,"14,50",12,106,"13,02"
316410,SÃO PEDRO DO SUAÇUÍ,MG,09/2022,841,704,"83,71",636,68,"90,34",137,"16,29",4,133,"15,81"
316410,SÃO PEDRO DO SUAÇUÍ,MG,11/2022,783,623,"79,57",591,32,"94,86",160,"20,43",6,154,"19,67"
316420,SÃO ROMÃO,MG,11/2022,1560,1407,"90,19",1367,40,"97,16",153,"9,81",4,149,"9,55"
316420,SÃO ROMÃO,MG,09/2022,1574,1354,"86,02",1354,0,"100,00",220,"13,98",2,218,"13,85"
316420,SÃO ROMÃO,MG,07/2022,1581,1119,"70,78",1087,32,"97,14",462,"29,22",166,296,"18,72"
316430,SÃO ROQUE DE MINAS,MG,07/2022,405,294,"72,59",250,44,"85,03",111,"27,41",7,104,"25,68"
316430,SÃO ROQUE DE MINAS,MG,09/2022,412,301,"73,06",270,31,"89,70",111,"26,94",1,110,"26,70"
316430,SÃO ROQUE DE MINAS,MG,11/2022,376,269,"71,54",253,16,"94,05",107,"28,46",10,97,"25,80"
316440,SÃO SEBASTIÃO DA BELA VISTA,MG,11/2022,433,378,"87,30",367,11,"97,09",55,"12,70",4,51,"11,78"
316440,SÃO SEBASTIÃO DA BELA VISTA,MG,09/2022,436,371,"85,09",351,20,"94,61",65,"14,91",9,56,"12,84"
316440,SÃO SEBASTIÃO DA BELA VISTA,MG,07/2022,418,371,"88,76",342,29,"92,18",47,"11,24",14,33,"7,89"
316443,SÃO SEBASTIÃO DA VARGEM ALEGRE,MG,09/2022,272,168,"61,76",160,8,"95,24",104,"38,24",4,100,"36,76"
316443,SÃO SEBASTIÃO DA VARGEM ALEGRE,MG,07/2022,282,178,"63,12",154,24,"86,52",104,"36,88",13,91,"32,27"
316443,SÃO SEBASTIÃO DA VARGEM ALEGRE,MG,11/2022,265,171,"64,53",163,8,"95,32",94,"35,47",4,90,"33,96"
316447,SÃO SEBASTIÃO DO ANTA,MG,11/2022,1237,737,"59,58",704,33,"95,52",500,"40,42",31,469,"37,91"
316447,SÃO SEBASTIÃO DO ANTA,MG,07/2022,1299,973,"74,90",973,0,"100,00",326,"25,10",2,324,"24,94"
316447,SÃO SEBASTIÃO DO ANTA,MG,09/2022,1268,831,"65,54",743,88,"89,41",437,"34,46",5,432,"34,07"
316450,SÃO SEBASTIÃO DO MARANHÃO,MG,07/2022,1420,481,"33,87",386,95,"80,25",939,"66,13",596,343,"24,15"
316450,SÃO SEBASTIÃO DO MARANHÃO,MG,09/2022,1417,1058,"74,66",941,117,"88,94",359,"25,34",60,299,"21,10"
316450,SÃO SEBASTIÃO DO MARANHÃO,MG,11/2022,1339,1031,"77,00",1007,24,"97,67",308,"23,00",6,302,"22,55"
316460,SÃO SEBASTIÃO DO OESTE,MG,11/2022,822,664,"80,78",638,26,"96,08",158,"19,22",4,154,"18,73"
316460,SÃO SEBASTIÃO DO OESTE,MG,09/2022,849,639,"75,27",615,24,"96,24",210,"24,73",4,206,"24,26"
316460,SÃO SEBASTIÃO DO OESTE,MG,07/2022,810,617,"76,17",595,22,"96,43",193,"23,83",6,187,"23,09"
316470,SÃO SEBASTIÃO DO PARAÍSO,MG,09/2022,4089,2546,"62,26",2518,28,"98,90",1543,"37,74",15,1528,"37,37"
316470,SÃO SEBASTIÃO DO PARAÍSO,MG,07/2022,3911,2386,"61,01",2368,18,"99,25",1525,"38,99",17,1508,"38,56"
316470,SÃO SEBASTIÃO DO PARAÍSO,MG,11/2022,4092,2533,"61,90",2223,310,"87,76",1559,"38,10",62,1497,"36,58"
316480,SÃO SEBASTIÃO DO RIO PRETO,MG,11/2022,134,116,"86,57",116,0,"100,00",18,"13,43",6,12,"8,96"
316480,SÃO SEBASTIÃO DO RIO PRETO,MG,07/2022,156,80,"51,28",80,0,"100,00",76,"48,72",37,39,"25,00"
316480,SÃO SEBASTIÃO DO RIO PRETO,MG,09/2022,147,107,"72,79",91,16,"85,05",40,"27,21",1,39,"26,53"
316490,SÃO SEBASTIÃO DO RIO VERDE,MG,09/2022,142,89,"62,68",80,9,"89,89",53,"37,32",1,52,"36,62"
316490,SÃO SEBASTIÃO DO RIO VERDE,MG,07/2022,138,99,"71,74",87,12,"87,88",39,"28,26",4,35,"25,36"
316490,SÃO SEBASTIÃO DO RIO VERDE,MG,11/2022,138,93,"67,39",93,0,"100,00",45,"32,61",0,45,"32,61"
316500,SÃO TIAGO,MG,11/2022,638,484,"75,86",448,36,"92,56",154,"24,14",7,147,"23,04"
316500,SÃO TIAGO,MG,09/2022,664,445,"67,02",342,103,"76,85",219,"32,98",65,154,"23,19"
316500,SÃO TIAGO,MG,07/2022,654,455,"69,57",339,116,"74,51",199,"30,43",61,138,"21,10"
316510,SÃO TOMÁS DE AQUINO,MG,07/2022,645,588,"91,16",445,143,"75,68",57,"8,84",20,37,"5,74"
316510,SÃO TOMÁS DE AQUINO,MG,09/2022,642,597,"92,99",469,128,"78,56",45,"7,01",0,45,"7,01"
316510,SÃO TOMÁS DE AQUINO,MG,11/2022,600,549,"91,50",549,0,"100,00",51,"8,50",1,50,"8,33"
316520,SÃO THOMÉ DAS LETRAS,MG,11/2022,522,388,"74,33",305,83,"78,61",134,"25,67",62,72,"13,79"
316520,SÃO THOMÉ DAS LETRAS,MG,07/2022,591,438,"74,11",438,0,"100,00",153,"25,89",2,151,"25,55"
316520,SÃO THOMÉ DAS LETRAS,MG,09/2022,557,272,"48,83",204,68,"75,00",285,"51,17",92,193,"34,65"
316530,SÃO VICENTE DE MINAS,MG,07/2022,587,527,"89,78",468,59,"88,80",60,"10,22",0,60,"10,22"
316530,SÃO VICENTE DE MINAS,MG,09/2022,580,503,"86,72",462,41,"91,85",77,"13,28",1,76,"13,10"
316530,SÃO VICENTE DE MINAS,MG,11/2022,540,480,"88,89",479,1,"99,79",60,"11,11",0,60,"11,11"
316540,SAPUCAÍ-MIRIM,MG,11/2022,517,438,"84,72",362,76,"82,65",79,"15,28",2,77,"14,89"
316540,SAPUCAÍ-MIRIM,MG,09/2022,540,491,"90,93",345,146,"70,26",49,"9,07",3,46,"8,52"
316540,SAPUCAÍ-MIRIM,MG,07/2022,526,477,"90,68",387,90,"81,13",49,"9,32",1,48,"9,13"
316550,SARDOÁ,MG,07/2022,903,529,"58,58",505,24,"95,46",374,"41,42",18,356,"39,42"
316550,SARDOÁ,MG,09/2022,927,626,"67,53",517,109,"82,59",301,"32,47",38,263,"28,37"
316550,SARDOÁ,MG,11/2022,915,655,"71,58",536,119,"81,83",260,"28,42",52,208,"22,73"
316553,SARZEDO,MG,11/2022,2277,1055,"46,33",965,90,"91,47",1222,"53,67",364,858,"37,68"
316553,SARZEDO,MG,07/2022,2175,1213,"55,77",1139,74,"93,90",962,"44,23",124,838,"38,53"
316553,SARZEDO,MG,09/2022,2334,1397,"59,85",1361,36,"97,42",937,"40,15",41,896,"38,39"
316555,SETUBINHA,MG,09/2022,2941,1918,"65,22",1853,65,"96,61",1023,"34,78",22,1001,"34,04"
316555,SETUBINHA,MG,07/2022,2890,1887,"65,29",1783,104,"94,49",1003,"34,71",5,998,"34,53"
316555,SETUBINHA,MG,11/2022,2886,1946,"67,43",1845,101,"94,81",940,"32,57",13,927,"32,12"
316556,SEM-PEIXE,MG,11/2022,220,219,"99,55",214,5,"97,72",1,"0,45",0,1,"0,45"
316556,SEM-PEIXE,MG,07/2022,220,206,"93,64",205,1,"99,51",14,"6,36",1,13,"5,91"
316556,SEM-PEIXE,MG,09/2022,219,215,"98,17",214,1,"99,53",4,"1,83",2,2,"0,91"
316557,SENADOR AMARAL,MG,07/2022,893,686,"76,82",686,0,"100,00",207,"23,18",8,199,"22,28"
316557,SENADOR AMARAL,MG,09/2022,944,730,"77,33",730,0,"100,00",214,"22,67",4,210,"22,25"
316557,SENADOR AMARAL,MG,11/2022,993,726,"73,11",714,12,"98,35",267,"26,89",33,234,"23,56"
316560,SENADOR CORTES,MG,11/2022,220,160,"72,73",156,4,"97,50",60,"27,27",0,60,"27,27"
316560,SENADOR CORTES,MG,09/2022,219,166,"75,80",146,20,"87,95",53,"24,20",0,53,"24,20"
316560,SENADOR CORTES,MG,07/2022,217,169,"77,88",145,24,"85,80",48,"22,12",0,48,"22,12"
316570,SENADOR FIRMINO,MG,07/2022,880,821,"93,30",794,27,"96,71",59,"6,70",3,56,"6,36"
316570,SENADOR FIRMINO,MG,09/2022,888,822,"92,57",821,1,"99,88",66,"7,43",3,63,"7,09"
316570,SENADOR FIRMINO,MG,11/2022,903,841,"93,13",838,3,"99,64",62,"6,87",3,59,"6,53"
316580,SENADOR JOSÉ BENTO,MG,11/2022,116,98,"84,48",90,8,"91,84",18,"15,52",0,18,"15,52"
316580,SENADOR JOSÉ BENTO,MG,09/2022,108,96,"88,89",89,7,"92,71",12,"11,11",0,12,"11,11"
316580,SENADOR JOSÉ BENTO,MG,07/2022,109,95,"87,16",86,9,"90,53",14,"12,84",0,14,"12,84"
316590,SENADOR MODESTINO GONÇALVES,MG,09/2022,564,545,"96,63",545,0,"100,00",19,"3,37",7,12,"2,13"
316590,SENADOR MODESTINO GONÇALVES,MG,07/2022,584,547,"93,66",546,1,"99,82",37,"6,34",29,8,"1,37"
316590,SENADOR MODESTINO GONÇALVES,MG,11/2022,550,535,"97,27",535,0,"100,00",15,"2,73",1,14,"2,55"
316600,SENHORA DE OLIVEIRA,MG,11/2022,664,626,"94,28",611,15,"97,60",38,"5,72",0,38,"5,72"
316600,SENHORA DE OLIVEIRA,MG,07/2022,723,638,"88,24",584,54,"91,54",85,"11,76",0,85,"11,76"
316600,SENHORA DE OLIVEIRA,MG,09/2022,728,648,"89,01",586,62,"90,43",80,"10,99",0,80,"10,99"
316610,SENHORA DO PORTO,MG,09/2022,470,414,"88,09",342,72,"82,61",56,"11,91",2,54,"11,49"
316610,SENHORA DO PORTO,MG,07/2022,476,383,"80,46",349,34,"91,12",93,"19,54",11,82,"17,23"
316610,SENHORA DO PORTO,MG,11/2022,435,385,"88,51",358,27,"92,99",50,"11,49",4,46,"10,57"
316620,SENHORA DOS REMÉDIOS,MG,11/2022,1254,932,"74,32",903,29,"96,89",322,"25,68",3,319,"25,44"
316620,SENHORA DOS REMÉDIOS,MG,09/2022,1328,889,"66,94",876,13,"98,54",439,"33,06",6,433,"32,61"
316620,SENHORA DOS REMÉDIOS,MG,07/2022,1334,972,"72,86",905,67,"93,11",362,"27,14",7,355,"26,61"
316630,SERICITA,MG,07/2022,1008,864,"85,71",815,49,"94,33",144,"14,29",0,144,"14,29"
316630,SERICITA,MG,09/2022,1015,874,"86,11",826,48,"94,51",141,"13,89",0,141,"13,89"
316630,SERICITA,MG,11/2022,1003,909,"90,63",864,45,"95,05",94,"9,37",4,90,"8,97"
316640,SERITINGA,MG,11/2022,94,85,"90,43",80,5,"94,12",9,"9,57",0,9,"9,57"
316640,SERITINGA,MG,09/2022,96,73,"76,04",73,0,"100,00",23,"23,96",1,22,"22,92"
316640,SERITINGA,MG,07/2022,94,78,"82,98",55,23,"70,51",16,"17,02",2,14,"14,89"
316650,SERRA AZUL DE MINAS,MG,07/2022,836,748,"89,47",748,0,"100,00",88,"10,53",28,60,"7,18"
316650,SERRA AZUL DE MINAS,MG,09/2022,815,299,"36,69",299,0,"100,00",516,"63,31",454,62,"7,61"
316650,SERRA AZUL DE MINAS,MG,11/2022,802,273,"34,04",273,0,"100,00",529,"65,96",469,60,"7,48"
316660,SERRA DA SAUDADE,MG,11/2022,32,19,"59,38",15,4,"78,95",13,"40,63",0,13,"40,63"
316660,SERRA DA SAUDADE,MG,09/2022,41,19,"46,34",17,2,"89,47",22,"53,66",0,22,"53,66"
316660,SERRA DA SAUDADE,MG,07/2022,41,19,"46,34",14,5,"73,68",22,"53,66",0,22,"53,66"
316670,SERRA DOS AIMORÉS,MG,07/2022,957,560,"58,52",509,51,"90,89",397,"41,48",36,361,"37,72"
316670,SERRA DOS AIMORÉS,MG,09/2022,992,595,"59,98",537,58,"90,25",397,"40,02",38,359,"36,19"
316670,SERRA DOS AIMORÉS,MG,11/2022,965,582,"60,31",567,15,"97,42",383,"39,69",40,343,"35,54"
316680,SERRA DO SALITRE,MG,11/2022,1394,1192,"85,51",1126,66,"94,46",202,"14,49",15,187,"13,41"
316680,SERRA DO SALITRE,MG,09/2022,1452,1240,"85,40",1140,100,"91,94",212,"14,60",13,199,"13,71"
316680,SERRA DO SALITRE,MG,07/2022,1421,1216,"85,57",1123,93,"92,35",205,"14,43",25,180,"12,67"
316690,SERRANIA,MG,07/2022,830,635,"76,51",634,1,"99,84",195,"23,49",3,192,"23,13"
316690,SERRANIA,MG,09/2022,824,631,"76,58",631,0,"100,00",193,"23,42",3,190,"23,06"
316690,SERRANIA,MG,11/2022,765,435,"56,86",431,4,"99,08",330,"43,14",3,327,"42,75"
316695,SERRANÓPOLIS DE MINAS,MG,11/2022,572,557,"97,38",491,66,"88,15",15,"2,62",0,15,"2,62"
316695,SERRANÓPOLIS DE MINAS,MG,09/2022,642,515,"80,22",453,62,"87,96",127,"19,78",3,124,"19,31"
316695,SERRANÓPOLIS DE MINAS,MG,07/2022,653,572,"87,60",454,118,"79,37",81,"12,40",2,79,"12,10"
316700,SERRANOS,MG,09/2022,234,153,"65,38",152,1,"99,35",81,"34,62",1,80,"34,19"
316700,SERRANOS,MG,07/2022,223,157,"70,40",137,20,"87,26",66,"29,60",12,54,"24,22"
316700,SERRANOS,MG,11/2022,226,176,"77,88",157,19,"89,20",50,"22,12",0,50,"22,12"
316710,SERRO,MG,11/2022,2443,1377,"56,37",1355,22,"98,40",1066,"43,63",566,500,"20,47"
316710,SERRO,MG,09/2022,2477,730,"29,47",625,105,"85,62",1747,"70,53",998,749,"30,24"
316710,SERRO,MG,07/2022,2561,1095,"42,76",965,130,"88,13",1466,"57,24",737,729,"28,47"
316720,SETE LAGOAS,MG,07/2022,12184,7954,"65,28",7170,784,"90,14",4230,"34,72",1174,3056,"25,08"
316720,SETE LAGOAS,MG,09/2022,12430,8611,"69,28",7907,704,"91,82",3819,"30,72",865,2954,"23,77"
316720,SETE LAGOAS,MG,11/2022,12197,8995,"73,75",8459,536,"94,04",3202,"26,25",352,2850,"23,37"
316730,SILVEIRÂNIA,MG,11/2022,224,183,"81,70",169,14,"92,35",41,"18,30",1,40,"17,86"
316730,SILVEIRÂNIA,MG,07/2022,235,192,"81,70",177,15,"92,19",43,"18,30",2,41,"17,45"
316730,SILVEIRÂNIA,MG,09/2022,241,199,"82,57",172,27,"86,43",42,"17,43",1,41,"17,01"
316740,SILVIANÓPOLIS,MG,07/2022,620,444,"71,61",444,0,"100,00",176,"28,39",7,169,"27,26"
316740,SILVIANÓPOLIS,MG,09/2022,665,487,"73,23",487,0,"100,00",178,"26,77",1,177,"26,62"
316740,SILVIANÓPOLIS,MG,11/2022,660,484,"73,33",484,0,"100,00",176,"26,67",3,173,"26,21"
316750,SIMÃO PEREIRA,MG,11/2022,211,116,"54,98",94,22,"81,03",95,"45,02",31,64,"30,33"
316750,SIMÃO PEREIRA,MG,07/2022,227,140,"61,67",138,2,"98,57",87,"38,33",9,78,"34,36"
316750,SIMÃO PEREIRA,MG,09/2022,216,117,"54,17",89,28,"76,07",99,"45,83",31,68,"31,48"
316760,SIMONÉSIA,MG,09/2022,2979,1752,"58,81",1641,111,"93,66",1227,"41,19",83,1144,"38,40"
316760,SIMONÉSIA,MG,07/2022,3011,1873,"62,21",1833,40,"97,86",1138,"37,79",62,1076,"35,74"
316760,SIMONÉSIA,MG,11/2022,2982,1758,"58,95",1657,101,"94,25",1224,"41,05",10,1214,"40,71"
316770,SOBRÁLIA,MG,11/2022,868,428,"49,31",423,5,"98,83",440,"50,69",351,89,"10,25"
316770,SOBRÁLIA,MG,09/2022,840,69,"8,21",67,2,"97,10",771,"91,79",561,210,"25,00"
316770,SOBRÁLIA,MG,07/2022,876,642,"73,29",642,0,"100,00",234,"26,71",5,229,"26,14"
316780,SOLEDADE DE MINAS,MG,09/2022,399,271,"67,92",232,39,"85,61",128,"32,08",7,121,"30,33"
316780,SOLEDADE DE MINAS,MG,07/2022,385,247,"64,16",183,64,"74,09",138,"35,84",43,95,"24,68"
316780,SOLEDADE DE MINAS,MG,11/2022,397,280,"70,53",253,27,"90,36",117,"29,47",13,104,"26,20"
316790,TABULEIRO,MG,11/2022,329,230,"69,91",223,7,"96,96",99,"30,09",5,94,"28,57"
316790,TABULEIRO,MG,09/2022,333,248,"74,47",247,1,"99,60",85,"25,53",1,84,"25,23"
316790,TABULEIRO,MG,07/2022,309,214,"69,26",199,15,"92,99",95,"30,74",9,86,"27,83"
316800,TAIOBEIRAS,MG,09/2022,3802,3208,"84,38",3135,73,"97,72",594,"15,62",8,586,"15,41"
316800,TAIOBEIRAS,MG,07/2022,3750,3108,"82,88",3029,79,"97,46",642,"17,12",7,635,"16,93"
316800,TAIOBEIRAS,MG,11/2022,3774,3238,"85,80",2943,295,"90,89",536,"14,20",7,529,"14,02"
316805,TAPARUBA,MG,11/2022,615,420,"68,29",386,34,"91,90",195,"31,71",3,192,"31,22"
316805,TAPARUBA,MG,09/2022,606,446,"73,60",443,3,"99,33",160,"26,40",2,158,"26,07"
316805,TAPARUBA,MG,07/2022,562,207,"36,83",207,0,"100,00",355,"63,17",215,140,"24,91"
316810,TAPIRA,MG,09/2022,453,383,"84,55",348,35,"90,86",70,"15,45",0,70,"15,45"
316810,TAPIRA,MG,07/2022,405,320,"79,01",299,21,"93,44",85,"20,99",1,84,"20,74"
316810,TAPIRA,MG,11/2022,458,382,"83,41",357,25,"93,46",76,"16,59",2,74,"16,16"
316820,TAPIRAÍ,MG,11/2022,142,87,"61,27",84,3,"96,55",55,"38,73",1,54,"38,03"
316820,TAPIRAÍ,MG,07/2022,135,85,"62,96",78,7,"91,76",50,"37,04",4,46,"34,07"
316820,TAPIRAÍ,MG,09/2022,139,85,"61,15",80,5,"94,12",54,"38,85",1,53,"38,13"
316830,TAQUARAÇU DE MINAS,MG,09/2022,530,474,"89,43",420,54,"88,61",56,"10,57",7,49,"9,25"
316830,TAQUARAÇU DE MINAS,MG,07/2022,504,452,"89,68",400,52,"88,50",52,"10,32",3,49,"9,72"
316830,TAQUARAÇU DE MINAS,MG,11/2022,510,443,"86,86",413,30,"93,23",67,"13,14",7,60,"11,76"
316840,TARUMIRIM,MG,11/2022,1736,1490,"85,83",1487,3,"99,80",246,"14,17",21,225,"12,96"
316840,TARUMIRIM,MG,07/2022,1667,1307,"78,40",1307,0,"100,00",360,"21,60",45,315,"18,90"
316840,TARUMIRIM,MG,09/2022,1689,1327,"78,57",1324,3,"99,77",362,"21,43",49,313,"18,53"
316850,TEIXEIRAS,MG,09/2022,1071,621,"57,98",599,22,"96,46",450,"42,02",29,421,"39,31"
316850,TEIXEIRAS,MG,07/2022,1058,641,"60,59",574,67,"89,55",417,"39,41",18,399,"37,71"
316850,TEIXEIRAS,MG,11/2022,1030,585,"56,80",565,20,"96,58",445,"43,20",6,439,"42,62"
316860,TEÓFILO OTONI,MG,11/2022,12838,5466,"42,58",5311,155,"97,16",7372,"57,42",1170,6202,"48,31"
316860,TEÓFILO OTONI,MG,07/2022,12611,6146,"48,74",5932,214,"96,52",6465,"51,26",715,5750,"45,60"
316860,TEÓFILO OTONI,MG,09/2022,12755,6629,"51,97",6430,199,"97,00",6126,"48,03",51,6075,"47,63"
316870,TIMÓTEO,MG,07/2022,4447,3218,"72,36",2966,252,"92,17",1229,"27,64",50,1179,"26,51"
316870,TIMÓTEO,MG,09/2022,4402,3721,"84,53",3498,223,"94,01",681,"15,47",73,608,"13,81"
316870,TIMÓTEO,MG,11/2022,4351,3936,"90,46",3590,346,"91,21",415,"9,54",23,392,"9,01"
316880,TIRADENTES,MG,11/2022,622,165,"26,53",156,9,"94,55",457,"73,47",262,195,"31,35"
316880,TIRADENTES,MG,07/2022,589,478,"81,15",478,0,"100,00",111,"18,85",10,101,"17,15"
316880,TIRADENTES,MG,09/2022,625,514,"82,24",514,0,"100,00",111,"17,76",0,111,"17,76"
316890,TIROS,MG,07/2022,592,300,"50,68",234,66,"78,00",292,"49,32",59,233,"39,36"
316890,TIROS,MG,09/2022,604,302,"50,00",229,73,"75,83",302,"50,00",67,235,"38,91"
316890,TIROS,MG,11/2022,586,226,"38,57",216,10,"95,58",360,"61,43",119,241,"41,13"
316900,TOCANTINS,MG,11/2022,1235,1041,"84,29",958,83,"92,03",194,"15,71",38,156,"12,63"
316900,TOCANTINS,MG,07/2022,1191,973,"81,70",898,75,"92,29",218,"18,30",38,180,"15,11"
316900,TOCANTINS,MG,09/2022,1225,1010,"82,45",919,91,"90,99",215,"17,55",48,167,"13,63"
316905,TOCOS DO MOJI,MG,07/2022,330,313,"94,85",258,55,"82,43",17,"5,15",10,7,"2,12"
316905,TOCOS DO MOJI,MG,09/2022,306,304,"99,35",265,39,"87,17",2,"0,65",1,1,"0,33"
316905,TOCOS DO MOJI,MG,11/2022,291,286,"98,28",271,15,"94,76",5,"1,72",1,4,"1,37"
316910,TOLEDO,MG,11/2022,395,260,"65,82",244,16,"93,85",135,"34,18",92,43,"10,89"
316910,TOLEDO,MG,07/2022,384,289,"75,26",262,27,"90,66",95,"24,74",59,36,"9,38"
316910,TOLEDO,MG,09/2022,394,281,"71,32",247,34,"87,90",113,"28,68",72,41,"10,41"
316920,TOMBOS,MG,09/2022,932,517,"55,47",504,13,"97,49",415,"44,53",15,400,"42,92"
316920,TOMBOS,MG,07/2022,892,486,"54,48",461,25,"94,86",406,"45,52",10,396,"44,39"
316920,TOMBOS,MG,11/2022,941,551,"58,55",534,17,"96,91",390,"41,45",6,384,"40,81"
316930,TRÊS CORAÇÕES,MG,11/2022,5134,4855,"94,57",4179,676,"86,08",279,"5,43",12,267,"5,20"
316930,TRÊS CORAÇÕES,MG,09/2022,5330,4709,"88,35",3798,911,"80,65",621,"11,65",517,104,"1,95"
316930,TRÊS CORAÇÕES,MG,07/2022,5224,4702,"90,01",3973,729,"84,50",522,"9,99",7,515,"9,86"
316935,TRÊS MARIAS,MG,07/2022,2544,1964,"77,20",1889,75,"96,18",580,"22,80",19,561,"22,05"
316935,TRÊS MARIAS,MG,09/2022,2590,2175,"83,98",2023,152,"93,01",415,"16,02",15,400,"15,44"
316935,TRÊS MARIAS,MG,11/2022,2529,2201,"87,03",2099,102,"95,37",328,"12,97",1,327,"12,93"
316940,TRÊS PONTAS,MG,11/2022,3999,3170,"79,27",2992,178,"94,38",829,"20,73",19,810,"20,26"
316940,TRÊS PONTAS,MG,07/2022,4059,2755,"67,87",2474,281,"89,80",1304,"32,13",285,1019,"25,10"
316940,TRÊS PONTAS,MG,09/2022,4137,3219,"77,81",2910,309,"90,40",918,"22,19",29,889,"21,49"
316950,TUMIRITINGA,MG,09/2022,1171,927,"79,16",927,0,"100,00",244,"20,84",19,225,"19,21"
316950,TUMIRITINGA,MG,07/2022,1128,151,"13,39",151,0,"100,00",977,"86,61",759,218,"19,33"
316950,TUMIRITINGA,MG,11/2022,1167,948,"81,23",946,2,"99,79",219,"18,77",3,216,"18,51"
316960,TUPACIGUARA,MG,11/2022,2958,2264,"76,54",2244,20,"99,12",694,"23,46",79,615,"20,79"
316960,TUPACIGUARA,MG,07/2022,2839,2069,"72,88",2048,21,"98,99",770,"27,12",99,671,"23,64"
316960,TUPACIGUARA,MG,09/2022,2939,2167,"73,73",2167,0,"100,00",772,"26,27",107,665,"22,63"
316970,TURMALINA,MG,09/2022,2188,1543,"70,52",1447,96,"93,78",645,"29,48",61,584,"26,69"
316970,TURMALINA,MG,07/2022,2181,1500,"68,78",1394,106,"92,93",681,"31,22",93,588,"26,96"
316970,TURMALINA,MG,11/2022,2125,1546,"72,75",1513,33,"97,87",579,"27,25",3,576,"27,11"
316980,TURVOLÂNDIA,MG,11/2022,510,336,"65,88",328,8,"97,62",174,"34,12",1,173,"33,92"
316980,TURVOLÂNDIA,MG,09/2022,485,324,"66,80",299,25,"92,28",161,"33,20",2,159,"32,78"
316980,TURVOLÂNDIA,MG,07/2022,418,257,"61,48",224,33,"87,16",161,"38,52",15,146,"34,93"
316990,UBÁ,MG,07/2022,5452,3200,"58,69",3035,165,"94,84",2252,"41,31",293,1959,"35,93"
316990,UBÁ,MG,09/2022,5628,3102,"55,12",2976,126,"95,94",2526,"44,88",258,2268,"40,30"
316990,UBÁ,MG,11/2022,5737,3410,"59,44",3383,27,"99,21",2327,"40,56",223,2104,"36,67"
317000,UBAÍ,MG,11/2022,2221,1672,"75,28",1672,0,"100,00",549,"24,72",15,534,"24,04"
317000,UBAÍ,MG,07/2022,2227,1688,"75,80",1688,0,"100,00",539,"24,20",13,526,"23,62"
317000,UBAÍ,MG,09/2022,2215,1687,"76,16",1687,0,"100,00",528,"23,84",0,528,"23,84"
317005,UBAPORANGA,MG,07/2022,1551,777,"50,10",769,8,"98,97",774,"49,90",312,462,"29,79"
317005,UBAPORANGA,MG,09/2022,1582,1114,"70,42",1112,2,"99,82",468,"29,58",7,461,"29,14"
317005,UBAPORANGA,MG,11/2022,1540,1152,"74,81",1069,83,"92,80",388,"25,19",156,232,"15,06"
317010,UBERABA,MG,11/2022,16105,8432,"52,36",7703,729,"91,35",7673,"47,64",90,7583,"47,08"
317010,UBERABA,MG,09/2022,15756,7817,"49,61",6840,977,"87,50",7939,"50,39",133,7806,"49,54"
317010,UBERABA,MG,07/2022,15033,7168,"47,68",6192,976,"86,38",7865,"52,32",760,7105,"47,26"
317020,UBERLÂNDIA,MG,09/2022,29213,25188,"86,22",22159,3029,"87,97",4025,"13,78",198,3827,"13,10"
317020,UBERLÂNDIA,MG,07/2022,28275,22759,"80,49",18671,4088,"82,04",5516,"19,51",1325,4191,"14,82"
317020,UBERLÂNDIA,MG,11/2022,29662,26045,"87,81",23659,2386,"90,84",3617,"12,19",82,3535,"11,92"
317030,UMBURATIBA,MG,11/2022,419,229,"54,65",213,16,"93,01",190,"45,35",65,125,"29,83"
317030,UMBURATIBA,MG,09/2022,473,284,"60,04",230,54,"80,99",189,"39,96",60,129,"27,27"
317030,UMBURATIBA,MG,07/2022,477,280,"58,70",228,52,"81,43",197,"41,30",77,120,"25,16"
317040,UNAÍ,MG,09/2022,5948,3186,"53,56",2989,197,"93,82",2762,"46,44",1415,1347,"22,65"
317040,UNAÍ,MG,07/2022,5917,3888,"65,71",3535,353,"90,92",2029,"34,29",120,1909,"32,26"
317040,UNAÍ,MG,11/2022,5614,4133,"73,62",3915,218,"94,73",1481,"26,38",82,1399,"24,92"
317043,UNIÃO DE MINAS,MG,11/2022,514,352,"68,48",343,9,"97,44",162,"31,52",58,104,"20,23"
317043,UNIÃO DE MINAS,MG,09/2022,516,331,"64,15",330,1,"99,70",185,"35,85",62,123,"23,84"
317043,UNIÃO DE MINAS,MG,07/2022,498,303,"60,84",285,18,"94,06",195,"39,16",101,94,"18,88"
317047,URUANA DE MINAS,MG,09/2022,528,351,"66,48",319,32,"90,88",177,"33,52",3,174,"32,95"
317047,URUANA DE MINAS,MG,07/2022,523,338,"64,63",273,65,"80,77",185,"35,37",9,176,"33,65"
317047,URUANA DE MINAS,MG,11/2022,512,338,"66,02",319,19,"94,38",174,"33,98",5,169,"33,01"
317050,URUCÂNIA,MG,11/2022,618,413,"66,83",385,28,"93,22",205,"33,17",0,205,"33,17"
317050,URUCÂNIA,MG,07/2022,629,426,"67,73",370,56,"86,85",203,"32,27",3,200,"31,80"
317050,URUCÂNIA,MG,09/2022,652,419,"64,26",364,55,"86,87",233,"35,74",23,210,"32,21"
317052,URUCUIA,MG,09/2022,1643,876,"53,32",876,0,"100,00",767,"46,68",15,752,"45,77"
317052,URUCUIA,MG,07/2022,1666,687,"41,24",566,121,"82,39",979,"58,76",104,875,"52,52"
317052,URUCUIA,MG,11/2022,1530,848,"55,42",833,15,"98,23",682,"44,58",19,663,"43,33"
317057,VARGEM ALEGRE,MG,11/2022,863,677,"78,45",677,0,"100,00",186,"21,55",6,180,"20,86"
317057,VARGEM ALEGRE,MG,07/2022,892,703,"78,81",651,52,"92,60",189,"21,19",12,177,"19,84"
317057,VARGEM ALEGRE,MG,09/2022,910,725,"79,67",675,50,"93,10",185,"20,33",8,177,"19,45"
317060,VARGEM BONITA,MG,09/2022,204,131,"64,22",119,12,"90,84",73,"35,78",11,62,"30,39"
317060,VARGEM BONITA,MG,07/2022,199,128,"64,32",114,14,"89,06",71,"35,68",11,60,"30,15"
317060,VARGEM BONITA,MG,11/2022,206,136,"66,02",127,9,"93,38",70,"33,98",0,70,"33,98"
317065,VARGEM GRANDE DO RIO PARDO,MG,11/2022,622,457,"73,47",437,20,"95,62",165,"26,53",10,155,"24,92"
317065,VARGEM GRANDE DO RIO PARDO,MG,09/2022,635,362,"57,01",358,4,"98,90",273,"42,99",9,264,"41,57"
317065,VARGEM GRANDE DO RIO PARDO,MG,07/2022,638,361,"56,58",353,8,"97,78",277,"43,42",9,268,"42,01"
317070,VARGINHA,MG,07/2022,4529,4088,"90,26",3957,131,"96,80",441,"9,74",20,421,"9,30"
317070,VARGINHA,MG,09/2022,4706,3223,"68,49",2942,281,"91,28",1483,"31,51",1095,388,"8,24"
317070,VARGINHA,MG,11/2022,4867,4360,"89,58",4046,314,"92,80",507,"10,42",5,502,"10,31"
317075,VARJÃO DE MINAS,MG,11/2022,630,501,"79,52",448,53,"89,42",129,"20,48",5,124,"19,68"
317075,VARJÃO DE MINAS,MG,09/2022,607,485,"79,90",386,99,"79,59",122,"20,10",5,117,"19,28"
317075,VARJÃO DE MINAS,MG,07/2022,569,391,"68,72",323,68,"82,61",178,"31,28",8,170,"29,88"
317080,VÁRZEA DA PALMA,MG,09/2022,3621,3049,"84,20",3047,2,"99,93",572,"15,80",7,565,"15,60"
317080,VÁRZEA DA PALMA,MG,07/2022,3541,2568,"72,52",2566,2,"99,92",973,"27,48",437,536,"15,14"
317080,VÁRZEA DA PALMA,MG,11/2022,3633,2972,"81,81",2972,0,"100,00",661,"18,19",78,583,"16,05"
317090,VARZELÂNDIA,MG,11/2022,3736,2168,"58,03",2103,65,"97,00",1568,"41,97",451,1117,"29,90"
317090,VARZELÂNDIA,MG,07/2022,3864,2228,"57,66",2036,192,"91,38",1636,"42,34",477,1159,"29,99"
317090,VARZELÂNDIA,MG,09/2022,3870,2396,"61,91",2253,143,"94,03",1474,"38,09",299,1175,"30,36"
317100,VAZANTE,MG,09/2022,1290,789,"61,16",787,2,"99,75",501,"38,84",11,490,"37,98"
317100,VAZANTE,MG,07/2022,1274,491,"38,54",403,88,"82,08",783,"61,46",340,443,"34,77"
317100,VAZANTE,MG,11/2022,1225,758,"61,88",710,48,"93,67",467,"38,12",42,425,"34,69"
317103,VERDELÂNDIA,MG,11/2022,1596,1183,"74,12",1175,8,"99,32",413,"25,88",23,390,"24,44"
317103,VERDELÂNDIA,MG,07/2022,1613,1260,"78,12",1086,174,"86,19",353,"21,88",5,348,"21,57"
317103,VERDELÂNDIA,MG,09/2022,1665,1216,"73,03",1216,0,"100,00",449,"26,97",3,446,"26,79"
317107,VEREDINHA,MG,09/2022,690,636,"92,17",607,29,"95,44",54,"7,83",7,47,"6,81"
317107,VEREDINHA,MG,07/2022,705,655,"92,91",650,5,"99,24",50,"7,09",3,47,"6,67"
317107,VEREDINHA,MG,11/2022,655,639,"97,56",572,67,"89,51",16,"2,44",3,13,"1,98"
317110,VERÍSSIMO,MG,11/2022,250,171,"68,40",130,41,"76,02",79,"31,60",3,76,"30,40"
317110,VERÍSSIMO,MG,07/2022,252,173,"68,65",133,40,"76,88",79,"31,35",0,79,"31,35"
317110,VERÍSSIMO,MG,09/2022,259,175,"67,57",129,46,"73,71",84,"32,43",1,83,"32,05"
317115,VERMELHO NOVO,MG,09/2022,720,551,"76,53",543,8,"98,55",169,"23,47",4,165,"22,92"
317115,VERMELHO NOVO,MG,07/2022,735,563,"76,60",563,0,"100,00",172,"23,40",7,165,"22,45"
317115,VERMELHO NOVO,MG,11/2022,728,658,"90,38",637,21,"96,81",70,"9,62",2,68,"9,34"
317120,VESPASIANO,MG,11/2022,11313,9563,"84,53",9563,0,"100,00",1750,"15,47",197,1553,"13,73"
317120,VESPASIANO,MG,09/2022,10568,1025,"9,70",985,40,"96,10",9543,"90,30",8760,783,"7,41"
317120,VESPASIANO,MG,07/2022,10502,8751,"83,33",8740,11,"99,87",1751,"16,67",97,1654,"15,75"
317130,VIÇOSA,MG,07/2022,4321,2752,"63,69",2603,149,"94,59",1569,"36,31",93,1476,"34,16"
317130,VIÇOSA,MG,09/2022,4384,2905,"66,26",2779,126,"95,66",1479,"33,74",28,1451,"33,10"
317130,VIÇOSA,MG,11/2022,4318,2969,"68,76",2908,61,"97,95",1349,"31,24",16,1333,"30,87"
317140,VIEIRAS,MG,11/2022,499,452,"90,58",433,19,"95,80",47,"9,42",7,40,"8,02"
317140,VIEIRAS,MG,09/2022,521,448,"85,99",410,38,"91,52",73,"14,01",5,68,"13,05"
317140,VIEIRAS,MG,07/2022,506,440,"86,96",440,0,"100,00",66,"13,04",1,65,"12,85"
317150,MATHIAS LOBATO,MG,09/2022,671,204,"30,40",201,3,"98,53",467,"69,60",79,388,"57,82"
317150,MATHIAS LOBATO,MG,07/2022,650,249,"38,31",240,9,"96,39",401,"61,69",18,383,"58,92"
317150,MATHIAS LOBATO,MG,11/2022,670,235,"35,07",232,3,"98,72",435,"64,93",88,347,"51,79"
317160,VIRGEM DA LAPA,MG,11/2022,1536,1073,"69,86",1062,11,"98,97",463,"30,14",1,462,"30,08"
317160,VIRGEM DA LAPA,MG,09/2022,1536,883,"57,49",875,8,"99,09",653,"42,51",79,574,"37,37"
317160,VIRGEM DA LAPA,MG,07/2022,1568,970,"61,86",948,22,"97,73",598,"38,14",26,572,"36,48"
317170,VIRGÍNIA,MG,09/2022,794,778,"97,98",775,3,"99,61",16,"2,02",15,1,"0,13"
317170,VIRGÍNIA,MG,07/2022,775,761,"98,19",742,19,"97,50",14,"1,81",6,8,"1,03"
317170,VIRGÍNIA,MG,11/2022,760,748,"98,42",718,30,"95,99",12,"1,58",3,9,"1,18"
317180,VIRGINÓPOLIS,MG,11/2022,975,744,"76,31",744,0,"100,00",231,"23,69",44,187,"19,18"
317180,VIRGINÓPOLIS,MG,07/2022,987,650,"65,86",649,1,"99,85",337,"34,14",133,204,"20,67"
317180,VIRGINÓPOLIS,MG,09/2022,985,731,"74,21",731,0,"100,00",254,"25,79",58,196,"19,90"
317190,VIRGOLÂNDIA,MG,09/2022,646,508,"78,64",431,77,"84,84",138,"21,36",3,135,"20,90"
317190,VIRGOLÂNDIA,MG,07/2022,651,490,"75,27",417,73,"85,10",161,"24,73",0,161,"24,73"
317190,VIRGOLÂNDIA,MG,11/2022,536,425,"79,29",416,9,"97,88",111,"20,71",1,110,"20,52"
317200,VISCONDE DO RIO BRANCO,MG,11/2022,2823,1788,"63,34",1788,0,"100,00",1035,"36,66",447,588,"20,83"
317200,VISCONDE DO RIO BRANCO,MG,07/2022,2792,2189,"78,40",2189,0,"100,00",603,"21,60",8,595,"21,31"
317200,VISCONDE DO RIO BRANCO,MG,09/2022,2894,1809,"62,51",1809,0,"100,00",1085,"37,49",458,627,"21,67"
317210,VOLTA GRANDE,MG,07/2022,682,515,"75,51",470,45,"91,26",167,"24,49",2,165,"24,19"
317210,VOLTA GRANDE,MG,09/2022,702,564,"80,34",564,0,"100,00",138,"19,66",1,137,"19,52"
317210,VOLTA GRANDE,MG,11/2022,666,561,"84,23",545,16,"97,15",105,"15,77",1,104,"15,62"
317220,WENCESLAU BRAZ,MG,11/2022,177,149,"84,18",145,4,"97,32",28,"15,82",2,26,"14,69"
317220,WENCESLAU BRAZ,MG,07/2022,196,46,"23,47",45,1,"97,83",150,"76,53",123,27,"13,78"
317220,WENCESLAU BRAZ,MG,09/2022,206,176,"85,44",144,32,"81,82",30,"14,56",1,29,"14,08"
500020,ÁGUA CLARA,MS,07/2022,1759,944,"53,67",938,6,"99,36",815,"46,33",5,810,"46,05"
500020,ÁGUA CLARA,MS,09/2022,2025,1137,"56,15",1130,7,"99,38",888,"43,85",5,883,"43,60"
500020,ÁGUA CLARA,MS,11/2022,2111,1146,"54,29",1144,2,"99,83",965,"45,71",6,959,"45,43"
500025,ALCINÓPOLIS,MS,11/2022,536,373,"69,59",373,0,"100,00",163,"30,41",3,160,"29,85"
500025,ALCINÓPOLIS,MS,09/2022,504,351,"69,64",351,0,"100,00",153,"30,36",2,151,"29,96"
500025,ALCINÓPOLIS,MS,07/2022,434,64,"14,75",64,0,"100,00",370,"85,25",237,133,"30,65"
500060,AMAMBAÍ,MS,07/2022,6003,3479,"57,95",3274,205,"94,11",2524,"42,05",87,2437,"40,60"
500060,AMAMBAÍ,MS,09/2022,6015,3523,"58,57",3323,200,"94,32",2492,"41,43",50,2442,"40,60"
500060,AMAMBAÍ,MS,11/2022,5960,3505,"58,81",3421,84,"97,60",2455,"41,19",77,2378,"39,90"
500070,ANASTÁCIO,MS,11/2022,3009,2385,"79,26",2385,0,"100,00",624,"20,74",21,603,"20,04"
500070,ANASTÁCIO,MS,09/2022,2953,2336,"79,11",2336,0,"100,00",617,"20,89",24,593,"20,08"
500070,ANASTÁCIO,MS,07/2022,2701,196,"7,26",196,0,"100,00",2505,"92,74",1895,610,"22,58"
500080,ANAURILÂNDIA,MS,09/2022,689,454,"65,89",454,0,"100,00",235,"34,11",2,233,"33,82"
500080,ANAURILÂNDIA,MS,07/2022,666,390,"58,56",390,0,"100,00",276,"41,44",48,228,"34,23"
500080,ANAURILÂNDIA,MS,11/2022,679,454,"66,86",454,0,"100,00",225,"33,14",5,220,"32,40"
500085,ANGÉLICA,MS,11/2022,1107,695,"62,78",674,21,"96,98",412,"37,22",25,387,"34,96"
500085,ANGÉLICA,MS,09/2022,1125,603,"53,60",554,49,"91,87",522,"46,40",107,415,"36,89"
500085,ANGÉLICA,MS,07/2022,1098,671,"61,11",649,22,"96,72",427,"38,89",25,402,"36,61"
500090,ANTÔNIO JOÃO,MS,09/2022,1191,975,"81,86",912,63,"93,54",216,"18,14",24,192,"16,12"
500090,ANTÔNIO JOÃO,MS,07/2022,1192,861,"72,23",785,76,"91,17",331,"27,77",13,318,"26,68"
500090,ANTÔNIO JOÃO,MS,11/2022,1146,969,"84,55",931,38,"96,08",177,"15,45",16,161,"14,05"
500100,APARECIDA DO TABOADO,MS,11/2022,2241,1685,"75,19",1673,12,"99,29",556,"24,81",7,549,"24,50"
500100,APARECIDA DO TABOADO,MS,07/2022,2148,1501,"69,88",1490,11,"99,27",647,"30,12",28,619,"28,82"
500100,APARECIDA DO TABOADO,MS,09/2022,2366,1756,"74,22",1727,29,"98,35",610,"25,78",28,582,"24,60"
500110,AQUIDAUANA,MS,09/2022,5925,5867,"99,02",5222,645,"89,01",58,"0,98",45,13,"0,22"
500110,AQUIDAUANA,MS,07/2022,5815,5737,"98,66",5309,428,"92,54",78,"1,34",72,6,"0,10"
500110,AQUIDAUANA,MS,11/2022,6008,5948,"99,00",5592,356,"94,01",60,"1,00",42,18,"0,30"
500124,ARAL MOREIRA,MS,11/2022,1913,0,"0,00",0,0,,1913,"100,00",1277,636,"33,25"
500124,ARAL MOREIRA,MS,07/2022,1869,1279,"68,43",1279,0,"100,00",590,"31,57",6,584,"31,25"
500124,ARAL MOREIRA,MS,09/2022,1942,1326,"68,28",1326,0,"100,00",616,"31,72",4,612,"31,51"
500150,BANDEIRANTES,MS,09/2022,695,606,"87,19",539,67,"88,94",89,"12,81",5,84,"12,09"
500150,BANDEIRANTES,MS,07/2022,641,566,"88,30",533,33,"94,17",75,"11,70",9,66,"10,30"
500150,BANDEIRANTES,MS,11/2022,705,610,"86,52",576,34,"94,43",95,"13,48",1,94,"13,33"
500190,BATAGUASSU,MS,11/2022,2258,1351,"59,83",1351,0,"100,00",907,"40,17",24,883,"39,11"
500190,BATAGUASSU,MS,07/2022,2052,953,"46,44",942,11,"98,85",1099,"53,56",443,656,"31,97"
500190,BATAGUASSU,MS,09/2022,2223,1287,"57,89",1282,5,"99,61",936,"42,11",37,899,"40,44"
500200,BATAYPORÃ,MS,09/2022,1212,936,"77,23",910,26,"97,22",276,"22,77",13,263,"21,70"
500200,BATAYPORÃ,MS,07/2022,1156,880,"76,12",844,36,"95,91",276,"23,88",19,257,"22,23"
500200,BATAYPORÃ,MS,11/2022,1180,942,"79,83",887,55,"94,16",238,"20,17",13,225,"19,07"
500210,BELA VISTA,MS,11/2022,3308,2143,"64,78",2137,6,"99,72",1165,"35,22",40,1125,"34,01"
500210,BELA VISTA,MS,09/2022,3276,1551,"47,34",1551,0,"100,00",1725,"52,66",184,1541,"47,04"
500210,BELA VISTA,MS,07/2022,3196,1088,"34,04",1087,1,"99,91",2108,"65,96",592,1516,"47,43"
500215,BODOQUENA,MS,07/2022,872,441,"50,57",420,21,"95,24",431,"49,43",76,355,"40,71"
500215,BODOQUENA,MS,09/2022,889,483,"54,33",478,5,"98,96",406,"45,67",40,366,"41,17"
500215,BODOQUENA,MS,11/2022,875,640,"73,14",590,50,"92,19",235,"26,86",21,214,"24,46"
500220,BONITO,MS,11/2022,1903,1564,"82,19",1531,33,"97,89",339,"17,81",33,306,"16,08"
500220,BONITO,MS,09/2022,1774,1156,"65,16",1117,39,"96,63",618,"34,84",382,236,"13,30"
500220,BONITO,MS,07/2022,1670,732,"43,83",685,47,"93,58",938,"56,17",554,384,"22,99"
500230,BRASILÂNDIA,MS,07/2022,1117,860,"76,99",745,115,"86,63",257,"23,01",17,240,"21,49"
500230,BRASILÂNDIA,MS,09/2022,1163,968,"83,23",785,183,"81,10",195,"16,77",5,190,"16,34"
500230,BRASILÂNDIA,MS,11/2022,1150,927,"80,61",832,95,"89,75",223,"19,39",4,219,"19,04"
500240,CAARAPÓ,MS,11/2022,3058,1886,"61,67",1857,29,"98,46",1172,"38,33",4,1168,"38,19"
500240,CAARAPÓ,MS,07/2022,2983,1828,"61,28",1802,26,"98,58",1155,"38,72",6,1149,"38,52"
500240,CAARAPÓ,MS,09/2022,3025,1596,"52,76",1580,16,"99,00",1429,"47,24",264,1165,"38,51"
500260,CAMAPUÃ,MS,07/2022,1187,969,"81,63",881,88,"90,92",218,"18,37",17,201,"16,93"
500260,CAMAPUÃ,MS,09/2022,1258,1034,"82,19",927,107,"89,65",224,"17,81",6,218,"17,33"
500260,CAMAPUÃ,MS,11/2022,1256,991,"78,90",931,60,"93,95",265,"21,10",6,259,"20,62"
500270,CAMPO GRANDE,MS,11/2022,60312,51133,"84,78",48370,2763,"94,60",9179,"15,22",136,9043,"14,99"
500270,CAMPO GRANDE,MS,09/2022,60551,51156,"84,48",46019,5137,"89,96",9395,"15,52",211,9184,"15,17"
500270,CAMPO GRANDE,MS,07/2022,56327,45312,"80,44",42187,3125,"93,10",11015,"19,56",191,10824,"19,22"
500280,CARACOL,MS,09/2022,798,647,"81,08",647,0,"100,00",151,"18,92",3,148,"18,55"
500280,CARACOL,MS,07/2022,778,623,"80,08",623,0,"100,00",155,"19,92",3,152,"19,54"
500280,CARACOL,MS,11/2022,815,487,"59,75",487,0,"100,00",328,"40,25",184,144,"17,67"
500290,CASSILÂNDIA,MS,11/2022,1385,751,"54,22",740,11,"98,54",634,"45,78",4,630,"45,49"
500290,CASSILÂNDIA,MS,09/2022,1345,669,"49,74",664,5,"99,25",676,"50,26",5,671,"49,89"
500290,CASSILÂNDIA,MS,07/2022,1239,514,"41,49",500,14,"97,28",725,"58,51",70,655,"52,87"
500295,CHAPADÃO DO SUL,MS,07/2022,1602,816,"50,94",697,119,"85,42",786,"49,06",174,612,"38,20"
500295,CHAPADÃO DO SUL,MS,09/2022,1798,959,"53,34",870,89,"90,72",839,"46,66",188,651,"36,21"
500295,CHAPADÃO DO SUL,MS,11/2022,1829,1040,"56,86",968,72,"93,08",789,"43,14",105,684,"37,40"
500310,CORGUINHO,MS,11/2022,426,324,"76,06",324,0,"100,00",102,"23,94",1,101,"23,71"
500310,CORGUINHO,MS,07/2022,407,306,"75,18",306,0,"100,00",101,"24,82",1,100,"24,57"
500310,CORGUINHO,MS,09/2022,418,319,"76,32",319,0,"100,00",99,"23,68",1,98,"23,44"
500315,CORONEL SAPUCAIA,MS,09/2022,3473,2210,"63,63",2159,51,"97,69",1263,"36,37",95,1168,"33,63"
500315,CORONEL SAPUCAIA,MS,07/2022,3353,2212,"65,97",2165,47,"97,88",1141,"34,03",10,1131,"33,73"
500315,CORONEL SAPUCAIA,MS,11/2022,3435,1729,"50,33",1709,20,"98,84",1706,"49,67",627,1079,"31,41"
500320,CORUMBÁ,MS,11/2022,13173,7248,"55,02",6952,296,"95,92",5925,"44,98",63,5862,"44,50"
500320,CORUMBÁ,MS,07/2022,12854,6820,"53,06",6560,260,"96,19",6034,"46,94",75,5959,"46,36"
500320,CORUMBÁ,MS,09/2022,13018,6892,"52,94",6632,260,"96,23",6126,"47,06",63,6063,"46,57"
500325,COSTA RICA,MS,09/2022,3016,2098,"69,56",2086,12,"99,43",918,"30,44",14,904,"29,97"
500325,COSTA RICA,MS,07/2022,2726,1933,"70,91",1933,0,"100,00",793,"29,09",8,785,"28,80"
500325,COSTA RICA,MS,11/2022,3020,1948,"64,50",1913,35,"98,20",1072,"35,50",8,1064,"35,23"
500330,COXIM,MS,11/2022,3372,2473,"73,34",2398,75,"96,97",899,"26,66",35,864,"25,62"
500330,COXIM,MS,09/2022,3344,2330,"69,68",2215,115,"95,06",1014,"30,32",188,826,"24,70"
500330,COXIM,MS,07/2022,3218,2133,"66,28",2050,83,"96,11",1085,"33,72",7,1078,"33,50"
500345,DEODÁPOLIS,MS,07/2022,972,552,"56,79",523,29,"94,75",420,"43,21",188,232,"23,87"
500345,DEODÁPOLIS,MS,09/2022,983,542,"55,14",522,20,"96,31",441,"44,86",182,259,"26,35"
500345,DEODÁPOLIS,MS,11/2022,961,502,"52,24",499,3,"99,40",459,"47,76",197,262,"27,26"
500348,DOIS IRMÃOS DO BURITI,MS,11/2022,1465,1213,"82,80",1177,36,"97,03",252,"17,20",13,239,"16,31"
500348,DOIS IRMÃOS DO BURITI,MS,07/2022,1522,932,"61,24",880,52,"94,42",590,"38,76",22,568,"37,32"
500348,DOIS IRMÃOS DO BURITI,MS,09/2022,1522,1267,"83,25",1173,94,"92,58",255,"16,75",18,237,"15,57"
500350,DOURADINA,MS,07/2022,491,405,"82,48",379,26,"93,58",86,"17,52",1,85,"17,31"
500350,DOURADINA,MS,09/2022,493,397,"80,53",376,21,"94,71",96,"19,47",3,93,"18,86"
500350,DOURADINA,MS,11/2022,452,393,"86,95",389,4,"98,98",59,"13,05",3,56,"12,39"
500370,DOURADOS,MS,11/2022,16995,11128,"65,48",10633,495,"95,55",5867,"34,52",1311,4556,"26,81"
500370,DOURADOS,MS,07/2022,16767,8964,"53,46",8779,185,"97,94",7803,"46,54",1261,6542,"39,02"
500370,DOURADOS,MS,09/2022,17215,9376,"54,46",8691,685,"92,69",7839,"45,54",1460,6379,"37,05"
500375,ELDORADO,MS,07/2022,1111,794,"71,47",720,74,"90,68",317,"28,53",85,232,"20,88"
500375,ELDORADO,MS,09/2022,1094,582,"53,20",511,71,"87,80",512,"46,80",255,257,"23,49"
500375,ELDORADO,MS,11/2022,1064,861,"80,92",814,47,"94,54",203,"19,08",3,200,"18,80"
500380,FÁTIMA DO SUL,MS,11/2022,1344,1161,"86,38",1124,37,"96,81",183,"13,62",13,170,"12,65"
500380,FÁTIMA DO SUL,MS,07/2022,1398,1198,"85,69",1108,90,"92,49",200,"14,31",21,179,"12,80"
500380,FÁTIMA DO SUL,MS,09/2022,1398,1197,"85,62",1105,92,"92,31",201,"14,38",21,180,"12,88"
500390,FIGUEIRÃO,MS,09/2022,255,120,"47,06",120,0,"100,00",135,"52,94",0,135,"52,94"
500390,FIGUEIRÃO,MS,07/2022,227,81,"35,68",68,13,"83,95",146,"64,32",21,125,"55,07"
500390,FIGUEIRÃO,MS,11/2022,254,127,"50,00",127,0,"100,00",127,"50,00",0,127,"50,00"
500400,GLÓRIA DE DOURADOS,MS,11/2022,630,350,"55,56",338,12,"96,57",280,"44,44",163,117,"18,57"
500400,GLÓRIA DE DOURADOS,MS,07/2022,619,372,"60,10",358,14,"96,24",247,"39,90",83,164,"26,49"
500400,GLÓRIA DE DOURADOS,MS,09/2022,606,323,"53,30",314,9,"97,21",283,"46,70",159,124,"20,46"
500410,GUIA LOPES DA LAGUNA,MS,09/2022,1367,895,"65,47",851,44,"95,08",472,"34,53",7,465,"34,02"
500410,GUIA LOPES DA LAGUNA,MS,07/2022,1372,816,"59,48",794,22,"97,30",556,"40,52",17,539,"39,29"
500410,GUIA LOPES DA LAGUNA,MS,11/2022,1306,1035,"79,25",1020,15,"98,55",271,"20,75",7,264,"20,21"
500430,IGUATEMI,MS,11/2022,1528,560,"36,65",560,0,"100,00",968,"63,35",104,864,"56,54"
500430,IGUATEMI,MS,07/2022,1515,927,"61,19",927,0,"100,00",588,"38,81",108,480,"31,68"
500430,IGUATEMI,MS,09/2022,1520,534,"35,13",534,0,"100,00",986,"64,87",196,790,"51,97"
500440,INOCÊNCIA,MS,07/2022,601,321,"53,41",321,0,"100,00",280,"46,59",10,270,"44,93"
500440,INOCÊNCIA,MS,09/2022,613,317,"51,71",315,2,"99,37",296,"48,29",6,290,"47,31"
500440,INOCÊNCIA,MS,11/2022,604,341,"56,46",337,4,"98,83",263,"43,54",5,258,"42,72"
500450,ITAPORÃ,MS,11/2022,982,861,"87,68",856,5,"99,42",121,"12,32",12,109,"11,10"
500450,ITAPORÃ,MS,07/2022,879,781,"88,85",749,32,"95,90",98,"11,15",7,91,"10,35"
500450,ITAPORÃ,MS,09/2022,934,810,"86,72",787,23,"97,16",124,"13,28",13,111,"11,88"
500460,ITAQUIRAÍ,MS,09/2022,1486,580,"39,03",580,0,"100,00",906,"60,97",617,289,"19,45"
500460,ITAQUIRAÍ,MS,07/2022,1465,553,"37,75",553,0,"100,00",912,"62,25",618,294,"20,07"
500460,ITAQUIRAÍ,MS,11/2022,1532,1200,"78,33",1200,0,"100,00",332,"21,67",37,295,"19,26"
500470,IVINHEMA,MS,11/2022,1274,860,"67,50",860,0,"100,00",414,"32,50",13,401,"31,48"
500470,IVINHEMA,MS,07/2022,1184,771,"65,12",771,0,"100,00",413,"34,88",11,402,"33,95"
500470,IVINHEMA,MS,09/2022,1239,754,"60,86",754,0,"100,00",485,"39,14",74,411,"33,17"
500480,JAPORÃ,MS,09/2022,2192,1604,"73,18",1604,0,"100,00",588,"26,82",2,586,"26,73"
500480,JAPORÃ,MS,07/2022,2180,1607,"73,72",1607,0,"100,00",573,"26,28",4,569,"26,10"
500480,JAPORÃ,MS,11/2022,2201,1604,"72,88",1604,0,"100,00",597,"27,12",2,595,"27,03"
500490,JARAGUARI,MS,09/2022,497,324,"65,19",324,0,"100,00",173,"34,81",1,172,"34,61"
500490,JARAGUARI,MS,11/2022,500,335,"67,00",335,0,"100,00",165,"33,00",3,162,"32,40"
500490,JARAGUARI,MS,07/2022,461,110,"23,86",110,0,"100,00",351,"76,14",155,196,"42,52"
500500,JARDIM,MS,07/2022,2331,1227,"52,64",1184,43,"96,50",1104,"47,36",5,1099,"47,15"
500500,JARDIM,MS,09/2022,2343,1628,"69,48",1555,73,"95,52",715,"30,52",8,707,"30,17"
500500,JARDIM,MS,11/2022,2283,1710,"74,90",1641,69,"95,96",573,"25,10",6,567,"24,84"
500510,JATEÍ,MS,09/2022,342,0,"0,00",0,0,,342,"100,00",262,80,"23,39"
500510,JATEÍ,MS,11/2022,328,0,"0,00",0,0,,328,"100,00",253,75,"22,87"
500510,JATEÍ,MS,07/2022,335,0,"0,00",0,0,,335,"100,00",260,75,"22,39"
500515,JUTI,MS,07/2022,988,608,"61,54",563,45,"92,60",380,"38,46",11,369,"37,35"
500515,JUTI,MS,09/2022,1047,716,"68,39",672,44,"93,85",331,"31,61",15,316,"30,18"
500515,JUTI,MS,11/2022,1026,745,"72,61",697,48,"93,56",281,"27,39",12,269,"26,22"
500520,LADÁRIO,MS,11/2022,2826,1984,"70,21",1983,1,"99,95",842,"29,79",8,834,"29,51"
500520,LADÁRIO,MS,09/2022,2821,2025,"71,78",1986,39,"98,07",796,"28,22",8,788,"27,93"
500520,LADÁRIO,MS,07/2022,2866,1738,"60,64",1738,0,"100,00",1128,"39,36",2,1126,"39,29"
500525,LAGUNA CARAPÃ,MS,07/2022,782,635,"81,20",598,37,"94,17",147,"18,80",1,146,"18,67"
500525,LAGUNA CARAPÃ,MS,11/2022,752,637,"84,71",562,75,"88,23",115,"15,29",4,111,"14,76"
500525,LAGUNA CARAPÃ,MS,09/2022,769,653,"84,92",566,87,"86,68",116,"15,08",4,112,"14,56"
500540,MARACAJU,MS,11/2022,2373,925,"38,98",900,25,"97,30",1448,"61,02",407,1041,"43,87"
500540,MARACAJU,MS,09/2022,2342,682,"29,12",672,10,"98,53",1660,"70,88",611,1049,"44,79"
500540,MARACAJU,MS,07/2022,2245,766,"34,12",754,12,"98,43",1479,"65,88",464,1015,"45,21"
500560,MIRANDA,MS,07/2022,5197,2309,"44,43",2190,119,"94,85",2888,"55,57",784,2104,"40,48"
500560,MIRANDA,MS,09/2022,5280,2518,"47,69",2343,175,"93,05",2762,"52,31",658,2104,"39,85"
500560,MIRANDA,MS,11/2022,5278,2308,"43,73",2261,47,"97,96",2970,"56,27",901,2069,"39,20"
500568,MUNDO NOVO,MS,09/2022,1698,1263,"74,38",1246,17,"98,65",435,"25,62",132,303,"17,84"
500568,MUNDO NOVO,MS,11/2022,1743,1433,"82,21",1432,1,"99,93",310,"17,79",2,308,"17,67"
500568,MUNDO NOVO,MS,07/2022,1659,1013,"61,06",1009,4,"99,61",646,"38,94",321,325,"19,59"
500570,NAVIRAÍ,MS,07/2022,3406,1699,"49,88",1684,15,"99,12",1707,"50,12",631,1076,"31,59"
500570,NAVIRAÍ,MS,09/2022,3791,1801,"47,51",1759,42,"97,67",1990,"52,49",581,1409,"37,17"
500570,NAVIRAÍ,MS,11/2022,3895,2290,"58,79",2280,10,"99,56",1605,"41,21",222,1383,"35,51"
500580,NIOAQUE,MS,09/2022,1872,1536,"82,05",1529,7,"99,54",336,"17,95",34,302,"16,13"
500580,NIOAQUE,MS,11/2022,1889,1528,"80,89",1519,9,"99,41",361,"19,11",25,336,"17,79"
500580,NIOAQUE,MS,07/2022,1921,1504,"78,29",1497,7,"99,53",417,"21,71",29,388,"20,20"
500600,NOVA ALVORADA DO SUL,MS,07/2022,1849,336,"18,17",302,34,"89,88",1513,"81,83",463,1050,"56,79"
500600,NOVA ALVORADA DO SUL,MS,09/2022,2007,717,"35,72",656,61,"91,49",1290,"64,28",74,1216,"60,59"
500600,NOVA ALVORADA DO SUL,MS,11/2022,1953,340,"17,41",329,11,"96,76",1613,"82,59",421,1192,"61,03"
500620,NOVA ANDRADINA,MS,11/2022,4217,3219,"76,33",3151,68,"97,89",998,"23,67",201,797,"18,90"
500620,NOVA ANDRADINA,MS,09/2022,4228,3344,"79,09",3254,90,"97,31",884,"20,91",186,698,"16,51"
500620,NOVA ANDRADINA,MS,07/2022,4099,3127,"76,29",2985,142,"95,46",972,"23,71",105,867,"21,15"
500625,NOVO HORIZONTE DO SUL,MS,07/2022,244,190,"77,87",180,10,"94,74",54,"22,13",2,52,"21,31"
500625,NOVO HORIZONTE DO SUL,MS,09/2022,259,193,"74,52",188,5,"97,41",66,"25,48",2,64,"24,71"
500625,NOVO HORIZONTE DO SUL,MS,11/2022,263,189,"71,86",187,2,"98,94",74,"28,14",1,73,"27,76"
500627,PARAÍSO DAS ÁGUAS,MS,09/2022,406,335,"82,51",335,0,"100,00",71,"17,49",1,70,"17,24"
500627,PARAÍSO DAS ÁGUAS,MS,11/2022,411,356,"86,62",353,3,"99,16",55,"13,38",2,53,"12,90"
500627,PARAÍSO DAS ÁGUAS,MS,07/2022,397,241,"60,71",241,0,"100,00",156,"39,29",3,153,"38,54"
500630,PARANAÍBA,MS,07/2022,2608,1896,"72,70",1626,270,"85,76",712,"27,30",50,662,"25,38"
500630,PARANAÍBA,MS,11/2022,2648,2036,"76,89",1953,83,"95,92",612,"23,11",104,508,"19,18"
500630,PARANAÍBA,MS,09/2022,2610,2073,"79,43",1976,97,"95,32",537,"20,57",31,506,"19,39"
500635,PARANHOS,MS,09/2022,3442,2481,"72,08",2481,0,"100,00",961,"27,92",490,471,"13,68"
500635,PARANHOS,MS,11/2022,3470,2875,"82,85",2875,0,"100,00",595,"17,15",122,473,"13,63"
500635,PARANHOS,MS,07/2022,3484,3009,"86,37",3009,0,"100,00",475,"13,63",2,473,"13,58"
500640,PEDRO GOMES,MS,07/2022,833,711,"85,35",710,1,"99,86",122,"14,65",1,121,"14,53"
500640,PEDRO GOMES,MS,11/2022,861,762,"88,50",762,0,"100,00",99,"11,50",0,99,"11,50"
500640,PEDRO GOMES,MS,09/2022,862,763,"88,52",761,2,"99,74",99,"11,48",1,98,"11,37"
500660,PONTA PORÃ,MS,09/2022,11396,6239,"54,75",6158,81,"98,70",5157,"45,25",39,5118,"44,91"
500660,PONTA PORÃ,MS,11/2022,11620,7077,"60,90",6904,173,"97,56",4543,"39,10",77,4466,"38,43"
500660,PONTA PORÃ,MS,07/2022,11192,6222,"55,59",5961,261,"95,81",4970,"44,41",38,4932,"44,07"
500690,PORTO MURTINHO,MS,07/2022,1793,1082,"60,35",1076,6,"99,45",711,"39,65",138,573,"31,96"
500690,PORTO MURTINHO,MS,11/2022,1878,1257,"66,93",1257,0,"100,00",621,"33,07",64,557,"29,66"
500690,PORTO MURTINHO,MS,09/2022,1845,1269,"68,78",1260,9,"99,29",576,"31,22",37,539,"29,21"
500710,RIBAS DO RIO PARDO,MS,11/2022,1908,1457,"76,36",1410,47,"96,77",451,"23,64",113,338,"17,71"
500710,RIBAS DO RIO PARDO,MS,09/2022,1901,1385,"72,86",1348,37,"97,33",516,"27,14",108,408,"21,46"
500710,RIBAS DO RIO PARDO,MS,07/2022,1837,1173,"63,85",1127,46,"96,08",664,"36,15",113,551,"29,99"
500720,RIO BRILHANTE,MS,07/2022,2664,1155,"43,36",1108,47,"95,93",1509,"56,64",558,951,"35,70"
500720,RIO BRILHANTE,MS,11/2022,2555,1316,"51,51",1285,31,"97,64",1239,"48,49",351,888,"34,76"
500720,RIO BRILHANTE,MS,09/2022,2621,1115,"42,54",1042,73,"93,45",1506,"57,46",572,934,"35,64"
500730,RIO NEGRO,MS,09/2022,450,380,"84,44",380,0,"100,00",70,"15,56",0,70,"15,56"
500730,RIO NEGRO,MS,11/2022,457,386,"84,46",386,0,"100,00",71,"15,54",0,71,"15,54"
500730,RIO NEGRO,MS,07/2022,425,354,"83,29",353,1,"99,72",71,"16,71",1,70,"16,47"
500740,RIO VERDE DE MATO GROSSO,MS,07/2022,2344,1666,"71,08",1652,14,"99,16",678,"28,92",117,561,"23,93"
500740,RIO VERDE DE MATO GROSSO,MS,11/2022,2273,1769,"77,83",1750,19,"98,93",504,"22,17",123,381,"16,76"
500740,RIO VERDE DE MATO GROSSO,MS,09/2022,2306,1788,"77,54",1699,89,"95,02",518,"22,46",130,388,"16,83"
500750,ROCHEDO,MS,09/2022,457,252,"55,14",251,1,"99,60",205,"44,86",1,204,"44,64"
500750,ROCHEDO,MS,11/2022,496,285,"57,46",285,0,"100,00",211,"42,54",1,210,"42,34"
500750,ROCHEDO,MS,07/2022,408,27,"6,62",27,0,"100,00",381,"93,38",262,119,"29,17"
500755,SANTA RITA DO PARDO,MS,07/2022,403,295,"73,20",244,51,"82,71",108,"26,80",3,105,"26,05"
500755,SANTA RITA DO PARDO,MS,11/2022,438,311,"71,00",282,29,"90,68",127,"29,00",7,120,"27,40"
500755,SANTA RITA DO PARDO,MS,09/2022,420,300,"71,43",265,35,"88,33",120,"28,57",5,115,"27,38"
500769,SÃO GABRIEL DO OESTE,MS,11/2022,1645,1381,"83,95",1270,111,"91,96",264,"16,05",18,246,"14,95"
500769,SÃO GABRIEL DO OESTE,MS,09/2022,1578,1330,"84,28",1214,116,"91,28",248,"15,72",17,231,"14,64"
500769,SÃO GABRIEL DO OESTE,MS,07/2022,1524,1275,"83,66",1178,97,"92,39",249,"16,34",21,228,"14,96"
500770,SETE QUEDAS,MS,07/2022,786,328,"41,73",305,23,"92,99",458,"58,27",203,255,"32,44"
500770,SETE QUEDAS,MS,11/2022,780,451,"57,82",424,27,"94,01",329,"42,18",64,265,"33,97"
500770,SETE QUEDAS,MS,09/2022,778,480,"61,70",475,5,"98,96",298,"38,30",8,290,"37,28"
500780,SELVÍRIA,MS,11/2022,479,254,"53,03",254,0,"100,00",225,"46,97",1,224,"46,76"
500780,SELVÍRIA,MS,09/2022,494,251,"50,81",249,2,"99,20",243,"49,19",2,241,"48,79"
500780,SELVÍRIA,MS,07/2022,472,233,"49,36",232,1,"99,57",239,"50,64",3,236,"50,00"
500790,SIDROLÂNDIA,MS,07/2022,4616,1674,"36,27",1652,22,"98,69",2942,"63,73",850,2092,"45,32"
500790,SIDROLÂNDIA,MS,11/2022,4586,2016,"43,96",1944,72,"96,43",2570,"56,04",288,2282,"49,76"
500790,SIDROLÂNDIA,MS,09/2022,4624,1715,"37,09",1675,40,"97,67",2909,"62,91",716,2193,"47,43"
500793,SONORA,MS,11/2022,1081,786,"72,71",766,20,"97,46",295,"27,29",60,235,"21,74"
500793,SONORA,MS,09/2022,1083,686,"63,34",649,37,"94,61",397,"36,66",162,235,"21,70"
500793,SONORA,MS,07/2022,1065,765,"71,83",717,48,"93,73",300,"28,17",70,230,"21,60"
500795,TACURU,MS,07/2022,2152,1746,"81,13",1746,0,"100,00",406,"18,87",2,404,"18,77"
500795,TACURU,MS,11/2022,2237,1807,"80,78",1807,0,"100,00",430,"19,22",5,425,"19,00"
500795,TACURU,MS,09/2022,2245,1806,"80,45",1805,1,"99,94",439,"19,55",14,425,"18,93"
500797,TAQUARUSSU,MS,11/2022,419,352,"84,01",352,0,"100,00",67,"15,99",1,66,"15,75"
500797,TAQUARUSSU,MS,09/2022,423,359,"84,87",359,0,"100,00",64,"15,13",0,64,"15,13"
500797,TAQUARUSSU,MS,07/2022,414,353,"85,27",353,0,"100,00",61,"14,73",0,61,"14,73"
500800,TERENOS,MS,07/2022,1516,690,"45,51",682,8,"98,84",826,"54,49",6,820,"54,09"
500800,TERENOS,MS,09/2022,1617,817,"50,53",804,13,"98,41",800,"49,47",9,791,"48,92"
500800,TERENOS,MS,11/2022,1595,984,"61,69",966,18,"98,17",611,"38,31",7,604,"37,87"
500830,TRÊS LAGOAS,MS,11/2022,9310,6066,"65,16",5758,308,"94,92",3244,"34,84",57,3187,"34,23"
500830,TRÊS LAGOAS,MS,09/2022,9070,5689,"62,72",5444,245,"95,69",3381,"37,28",215,3166,"34,91"
500830,TRÊS LAGOAS,MS,07/2022,8109,5046,"62,23",4829,217,"95,70",3063,"37,77",166,2897,"35,73"
500840,VICENTINA,MS,07/2022,523,378,"72,28",345,33,"91,27",145,"27,72",1,144,"27,53"
500840,VICENTINA,MS,11/2022,508,366,"72,05",347,19,"94,81",142,"27,95",1,141,"27,76"
500840,VICENTINA,MS,09/2022,525,376,"71,62",346,30,"92,02",149,"28,38",2,147,"28,00"
510010,ACORIZAL,MT,09/2022,920,740,"80,43",596,144,"80,54",180,"19,57",50,130,"14,13"
510010,ACORIZAL,MT,11/2022,914,749,"81,95",732,17,"97,73",165,"18,05",20,145,"15,86"
510010,ACORIZAL,MT,07/2022,928,763,"82,22",734,29,"96,20",165,"17,78",24,141,"15,19"
510020,ÁGUA BOA,MT,07/2022,1286,550,"42,77",550,0,"100,00",736,"57,23",263,473,"36,78"
510020,ÁGUA BOA,MT,09/2022,1427,812,"56,90",802,10,"98,77",615,"43,10",61,554,"38,82"
510020,ÁGUA BOA,MT,11/2022,1427,862,"60,41",855,7,"99,19",565,"39,59",7,558,"39,10"
510025,ALTA FLORESTA,MT,09/2022,3561,1165,"32,72",1111,54,"95,36",2396,"67,28",1074,1322,"37,12"
510025,ALTA FLORESTA,MT,11/2022,3696,2207,"59,71",2177,30,"98,64",1489,"40,29",150,1339,"36,23"
510025,ALTA FLORESTA,MT,07/2022,3403,739,"21,72",718,21,"97,16",2664,"78,28",1452,1212,"35,62"
510030,ALTO ARAGUAIA,MT,07/2022,1372,965,"70,34",962,3,"99,69",407,"29,66",38,369,"26,90"
510030,ALTO ARAGUAIA,MT,11/2022,1427,1060,"74,28",1059,1,"99,91",367,"25,72",219,148,"10,37"
510030,ALTO ARAGUAIA,MT,09/2022,1422,1018,"71,59",1017,1,"99,90",404,"28,41",260,144,"10,13"
510035,ALTO BOA VISTA,MT,09/2022,781,662,"84,76",642,20,"96,98",119,"15,24",4,115,"14,72"
510035,ALTO BOA VISTA,MT,11/2022,736,681,"92,53",652,29,"95,74",55,"7,47",4,51,"6,93"
510035,ALTO BOA VISTA,MT,07/2022,765,620,"81,05",619,1,"99,84",145,"18,95",3,142,"18,56"
510040,ALTO GARÇAS,MT,07/2022,1323,792,"59,86",768,24,"96,97",531,"40,14",185,346,"26,15"
510040,ALTO GARÇAS,MT,11/2022,1292,1036,"80,19",995,41,"96,04",256,"19,81",219,37,"2,86"
510040,ALTO GARÇAS,MT,09/2022,1358,1193,"87,85",1112,81,"93,21",165,"12,15",104,61,"4,49"
510050,ALTO PARAGUAI,MT,11/2022,1051,454,"43,20",386,68,"85,02",597,"56,80",317,280,"26,64"
510050,ALTO PARAGUAI,MT,09/2022,1086,513,"47,24",414,99,"80,70",573,"52,76",302,271,"24,95"
510050,ALTO PARAGUAI,MT,07/2022,1111,679,"61,12",620,59,"91,31",432,"38,88",185,247,"22,23"
510060,ALTO TAQUARI,MT,07/2022,514,287,"55,84",280,7,"97,56",227,"44,16",145,82,"15,95"
510060,ALTO TAQUARI,MT,09/2022,643,547,"85,07",540,7,"98,72",96,"14,93",3,93,"14,46"
510060,ALTO TAQUARI,MT,11/2022,652,552,"84,66",552,0,"100,00",100,"15,34",2,98,"15,03"
510080,APIACÁS,MT,11/2022,956,488,"51,05",463,25,"94,88",468,"48,95",259,209,"21,86"
510080,APIACÁS,MT,09/2022,989,749,"75,73",699,50,"93,32",240,"24,27",9,231,"23,36"
510080,APIACÁS,MT,07/2022,985,724,"73,50",703,21,"97,10",261,"26,50",13,248,"25,18"
510100,ARAGUAIANA,MT,07/2022,315,272,"86,35",247,25,"90,81",43,"13,65",8,35,"11,11"
510100,ARAGUAIANA,MT,09/2022,319,259,"81,19",229,30,"88,42",60,"18,81",6,54,"16,93"
510100,ARAGUAIANA,MT,11/2022,323,272,"84,21",253,19,"93,01",51,"15,79",0,51,"15,79"
510120,ARAGUAINHA,MT,09/2022,108,86,"79,63",78,8,"90,70",22,"20,37",0,22,"20,37"
510120,ARAGUAINHA,MT,11/2022,101,70,"69,31",67,3,"95,71",31,"30,69",5,26,"25,74"
510120,ARAGUAINHA,MT,07/2022,93,0,"0,00",0,0,,93,"100,00",67,26,"27,96"
510125,ARAPUTANGA,MT,07/2022,1212,603,"49,75",549,54,"91,04",609,"50,25",72,537,"44,31"
510125,ARAPUTANGA,MT,11/2022,1134,542,"47,80",495,47,"91,33",592,"52,20",99,493,"43,47"
510125,ARAPUTANGA,MT,09/2022,1172,461,"39,33",443,18,"96,10",711,"60,67",194,517,"44,11"
510130,ARENÁPOLIS,MT,09/2022,965,611,"63,32",595,16,"97,38",354,"36,68",54,300,"31,09"
510130,ARENÁPOLIS,MT,11/2022,985,754,"76,55",747,7,"99,07",231,"23,45",10,221,"22,44"
510130,ARENÁPOLIS,MT,07/2022,935,444,"47,49",419,25,"94,37",491,"52,51",234,257,"27,49"
510140,ARIPUANÃ,MT,07/2022,2418,1448,"59,88",1340,108,"92,54",970,"40,12",70,900,"37,22"
510140,ARIPUANÃ,MT,11/2022,2501,1716,"68,61",1622,94,"94,52",785,"31,39",14,771,"30,83"
510140,ARIPUANÃ,MT,09/2022,2421,1518,"62,70",1466,52,"96,57",903,"37,30",19,884,"36,51"
510160,BARÃO DE MELGAÇO,MT,11/2022,1317,1032,"78,36",1017,15,"98,55",285,"21,64",58,227,"17,24"
510160,BARÃO DE MELGAÇO,MT,09/2022,1333,964,"72,32",954,10,"98,96",369,"27,68",85,284,"21,31"
510160,BARÃO DE MELGAÇO,MT,07/2022,1284,680,"52,96",672,8,"98,82",604,"47,04",125,479,"37,31"
510170,BARRA DO BUGRES,MT,07/2022,3191,1379,"43,22",1372,7,"99,49",1812,"56,78",41,1771,"55,50"
510170,BARRA DO BUGRES,MT,11/2022,3057,2049,"67,03",1893,156,"92,39",1008,"32,97",308,700,"22,90"
510170,BARRA DO BUGRES,MT,09/2022,3066,2150,"70,12",1952,198,"90,79",916,"29,88",127,789,"25,73"
510180,BARRA DO GARÇAS,MT,09/2022,7058,5757,"81,57",5514,243,"95,78",1301,"18,43",422,879,"12,45"
510180,BARRA DO GARÇAS,MT,11/2022,7137,5994,"83,98",5879,115,"98,08",1143,"16,02",338,805,"11,28"
510180,BARRA DO GARÇAS,MT,07/2022,6856,5360,"78,18",5009,351,"93,45",1496,"21,82",316,1180,"17,21"
510185,BOM JESUS DO ARAGUAIA,MT,07/2022,1300,1159,"89,15",1151,8,"99,31",141,"10,85",9,132,"10,15"
510185,BOM JESUS DO ARAGUAIA,MT,09/2022,1300,1117,"85,92",1044,73,"93,46",183,"14,08",7,176,"13,54"
510185,BOM JESUS DO ARAGUAIA,MT,11/2022,1264,1069,"84,57",1051,18,"98,32",195,"15,43",11,184,"14,56"
510190,BRASNORTE,MT,11/2022,1597,1182,"74,01",1172,10,"99,15",415,"25,99",45,370,"23,17"
510190,BRASNORTE,MT,09/2022,1607,1160,"72,18",1072,88,"92,41",447,"27,82",162,285,"17,73"
510190,BRASNORTE,MT,07/2022,1551,1248,"80,46",1148,100,"91,99",303,"19,54",35,268,"17,28"
510250,CÁCERES,MT,07/2022,11890,10595,"89,11",10251,344,"96,75",1295,"10,89",119,1176,"9,89"
510250,CÁCERES,MT,11/2022,11731,10942,"93,27",10789,153,"98,60",789,"6,73",107,682,"5,81"
510250,CÁCERES,MT,09/2022,12020,11138,"92,66",11031,107,"99,04",882,"7,34",83,799,"6,65"
510260,CAMPINÁPOLIS,MT,09/2022,3550,2280,"64,23",2218,62,"97,28",1270,"35,77",150,1120,"31,55"
510260,CAMPINÁPOLIS,MT,11/2022,3638,2527,"69,46",2474,53,"97,90",1111,"30,54",27,1084,"29,80"
510260,CAMPINÁPOLIS,MT,07/2022,3535,1978,"55,95",1973,5,"99,75",1557,"44,05",330,1227,"34,71"
510263,CAMPO NOVO DO PARECIS,MT,07/2022,1412,527,"37,32",527,0,"100,00",885,"62,68",551,334,"23,65"
510263,CAMPO NOVO DO PARECIS,MT,11/2022,1786,1090,"61,03",971,119,"89,08",696,"38,97",83,613,"34,32"
510263,CAMPO NOVO DO PARECIS,MT,09/2022,1694,1062,"62,69",986,76,"92,84",632,"37,31",50,582,"34,36"
510267,CAMPO VERDE,MT,09/2022,2198,1534,"69,79",1414,120,"92,18",664,"30,21",63,601,"27,34"
510267,CAMPO VERDE,MT,11/2022,2276,1702,"74,78",1616,86,"94,95",574,"25,22",30,544,"23,90"
510267,CAMPO VERDE,MT,07/2022,2097,1318,"62,85",1218,100,"92,41",779,"37,15",123,656,"31,28"
510268,CAMPOS DE JÚLIO,MT,07/2022,668,578,"86,53",502,76,"86,85",90,"13,47",13,77,"11,53"
510268,CAMPOS DE JÚLIO,MT,11/2022,662,581,"87,76",527,54,"90,71",81,"12,24",2,79,"11,93"
510268,CAMPOS DE JÚLIO,MT,09/2022,722,634,"87,81",542,92,"85,49",88,"12,19",7,81,"11,22"
510269,CANABRAVA DO NORTE,MT,09/2022,550,382,"69,45",372,10,"97,38",168,"30,55",34,134,"24,36"
510269,CANABRAVA DO NORTE,MT,11/2022,534,410,"76,78",405,5,"98,78",124,"23,22",10,114,"21,35"
510269,CANABRAVA DO NORTE,MT,07/2022,558,347,"62,19",344,3,"99,14",211,"37,81",16,195,"34,95"
510270,CANARANA,MT,07/2022,2189,1831,"83,65",1795,36,"98,03",358,"16,35",21,337,"15,40"
510270,CANARANA,MT,09/2022,2180,1688,"77,43",1551,137,"91,88",492,"22,57",6,486,"22,29"
510270,CANARANA,MT,11/2022,2196,1657,"75,46",1523,134,"91,91",539,"24,54",4,535,"24,36"
510279,CARLINDA,MT,11/2022,727,594,"81,71",546,48,"91,92",133,"18,29",16,117,"16,09"
510279,CARLINDA,MT,09/2022,809,615,"76,02",565,50,"91,87",194,"23,98",23,171,"21,14"
510279,CARLINDA,MT,07/2022,804,581,"72,26",508,73,"87,44",223,"27,74",12,211,"26,24"
510285,CASTANHEIRA,MT,07/2022,552,401,"72,64",392,9,"97,76",151,"27,36",4,147,"26,63"
510285,CASTANHEIRA,MT,09/2022,546,486,"89,01",441,45,"90,74",60,"10,99",6,54,"9,89"
510285,CASTANHEIRA,MT,11/2022,513,474,"92,40",451,23,"95,15",39,"7,60",4,35,"6,82"
510300,CHAPADA DOS GUIMARÃES,MT,09/2022,2734,2357,"86,21",2091,266,"88,71",377,"13,79",14,363,"13,28"
510300,CHAPADA DOS GUIMARÃES,MT,11/2022,2709,2392,"88,30",2245,147,"93,85",317,"11,70",14,303,"11,18"
510300,CHAPADA DOS GUIMARÃES,MT,07/2022,2633,2170,"82,42",2020,150,"93,09",463,"17,58",40,423,"16,07"
510305,CLÁUDIA,MT,07/2022,687,580,"84,43",574,6,"98,97",107,"15,57",11,96,"13,97"
510305,CLÁUDIA,MT,11/2022,725,615,"84,83",609,6,"99,02",110,"15,17",6,104,"14,34"
510305,CLÁUDIA,MT,09/2022,709,608,"85,75",596,12,"98,03",101,"14,25",11,90,"12,69"
510310,COCALINHO,MT,11/2022,570,392,"68,77",300,92,"76,53",178,"31,23",5,173,"30,35"
510310,COCALINHO,MT,09/2022,533,358,"67,17",280,78,"78,21",175,"32,83",16,159,"29,83"
510310,COCALINHO,MT,07/2022,510,369,"72,35",305,64,"82,66",141,"27,65",5,136,"26,67"
510320,COLÍDER,MT,07/2022,1656,1213,"73,25",1090,123,"89,86",443,"26,75",107,336,"20,29"
510320,COLÍDER,MT,11/2022,1657,1294,"78,09",1196,98,"92,43",363,"21,91",33,330,"19,92"
510320,COLÍDER,MT,09/2022,1626,1321,"81,24",1178,143,"89,17",305,"18,76",33,272,"16,73"
510325,COLNIZA,MT,09/2022,2607,1970,"75,57",1957,13,"99,34",637,"24,43",152,485,"18,60"
510325,COLNIZA,MT,11/2022,2640,2078,"78,71",2046,32,"98,46",562,"21,29",21,541,"20,49"
510325,COLNIZA,MT,07/2022,2644,2143,"81,05",2121,22,"98,97",501,"18,95",135,366,"13,84"
510330,COMODORO,MT,07/2022,1868,891,"47,70",846,45,"94,95",977,"52,30",180,797,"42,67"
510330,COMODORO,MT,09/2022,1912,1200,"62,76",1157,43,"96,42",712,"37,24",44,668,"34,94"
510330,COMODORO,MT,11/2022,1922,1243,"64,67",1217,26,"97,91",679,"35,33",49,630,"32,78"
510335,CONFRESA,MT,11/2022,4083,2500,"61,23",2402,98,"96,08",1583,"38,77",319,1264,"30,96"
510335,CONFRESA,MT,09/2022,4101,2660,"64,86",2642,18,"99,32",1441,"35,14",338,1103,"26,90"
510335,CONFRESA,MT,07/2022,4031,2354,"58,40",2257,97,"95,88",1677,"41,60",332,1345,"33,37"
510336,CONQUISTA D´OESTE,MT,07/2022,352,4,"1,14",3,1,"75,00",348,"98,86",212,136,"38,64"
510336,CONQUISTA D´OESTE,MT,11/2022,399,248,"62,16",248,0,"100,00",151,"37,84",13,138,"34,59"
510336,CONQUISTA D´OESTE,MT,09/2022,378,235,"62,17",232,3,"98,72",143,"37,83",8,135,"35,71"
510337,COTRIGUAÇU,MT,09/2022,883,657,"74,41",575,82,"87,52",226,"25,59",4,222,"25,14"
510337,COTRIGUAÇU,MT,11/2022,898,680,"75,72",620,60,"91,18",218,"24,28",8,210,"23,39"
510337,COTRIGUAÇU,MT,07/2022,894,751,"84,00",729,22,"97,07",143,"16,00",10,133,"14,88"
510340,CUIABÁ,MT,07/2022,43422,25886,"59,61",25309,577,"97,77",17536,"40,39",743,16793,"38,67"
510340,CUIABÁ,MT,09/2022,46050,32492,"70,56",31743,749,"97,69",13558,"29,44",519,13039,"28,31"
510340,CUIABÁ,MT,11/2022,47442,35273,"74,35",34816,457,"98,70",12169,"25,65",408,11761,"24,79"
510343,CURVELÂNDIA,MT,09/2022,562,490,"87,19",451,39,"92,04",72,"12,81",3,69,"12,28"
510343,CURVELÂNDIA,MT,11/2022,558,504,"90,32",469,35,"93,06",54,"9,68",4,50,"8,96"
510343,CURVELÂNDIA,MT,07/2022,556,461,"82,91",443,18,"96,10",95,"17,09",6,89,"16,01"
510345,DENISE,MT,07/2022,770,682,"88,57",622,60,"91,20",88,"11,43",16,72,"9,35"
510345,DENISE,MT,09/2022,811,489,"60,30",477,12,"97,55",322,"39,70",223,99,"12,21"
510345,DENISE,MT,11/2022,780,712,"91,28",634,78,"89,04",68,"8,72",16,52,"6,67"
510350,DIAMANTINO,MT,11/2022,1630,1475,"90,49",1408,67,"95,46",155,"9,51",46,109,"6,69"
510350,DIAMANTINO,MT,09/2022,1793,1628,"90,80",1457,171,"89,50",165,"9,20",52,113,"6,30"
510350,DIAMANTINO,MT,07/2022,1800,1214,"67,44",1155,59,"95,14",586,"32,56",83,503,"27,94"
510360,DOM AQUINO,MT,07/2022,1012,709,"70,06",683,26,"96,33",303,"29,94",153,150,"14,82"
510360,DOM AQUINO,MT,09/2022,988,580,"58,70",537,43,"92,59",408,"41,30",262,146,"14,78"
510360,DOM AQUINO,MT,11/2022,1007,891,"88,48",842,49,"94,50",116,"11,52",30,86,"8,54"
510370,FELIZ NATAL,MT,11/2022,1578,1341,"84,98",1330,11,"99,18",237,"15,02",9,228,"14,45"
510370,FELIZ NATAL,MT,09/2022,1542,1323,"85,80",1322,1,"99,92",219,"14,20",27,192,"12,45"
510370,FELIZ NATAL,MT,07/2022,1475,1155,"78,31",1128,27,"97,66",320,"21,69",6,314,"21,29"
510380,FIGUEIRÓPOLIS D´OESTE,MT,07/2022,200,144,"72,00",128,16,"88,89",56,"28,00",25,31,"15,50"
510380,FIGUEIRÓPOLIS D´OESTE,MT,11/2022,182,153,"84,07",145,8,"94,77",29,"15,93",2,27,"14,84"
510380,FIGUEIRÓPOLIS D´OESTE,MT,09/2022,189,159,"84,13",143,16,"89,94",30,"15,87",3,27,"14,29"
510385,GAÚCHA DO NORTE,MT,09/2022,1599,1364,"85,30",1333,31,"97,73",235,"14,70",45,190,"11,88"
510385,GAÚCHA DO NORTE,MT,11/2022,1595,1380,"86,52",1350,30,"97,83",215,"13,48",27,188,"11,79"
510385,GAÚCHA DO NORTE,MT,07/2022,1526,1319,"86,44",1280,39,"97,04",207,"13,56",25,182,"11,93"
510390,GENERAL CARNEIRO,MT,07/2022,1164,710,"61,00",638,72,"89,86",454,"39,00",7,447,"38,40"
510390,GENERAL CARNEIRO,MT,11/2022,1236,743,"60,11",724,19,"97,44",493,"39,89",4,489,"39,56"
510390,GENERAL CARNEIRO,MT,09/2022,1229,737,"59,97",690,47,"93,62",492,"40,03",4,488,"39,71"
510395,GLÓRIA D´OESTE,MT,11/2022,337,287,"85,16",270,17,"94,08",50,"14,84",6,44,"13,06"
510395,GLÓRIA D´OESTE,MT,09/2022,352,288,"81,82",275,13,"95,49",64,"18,18",15,49,"13,92"
510395,GLÓRIA D´OESTE,MT,07/2022,348,260,"74,71",248,12,"95,38",88,"25,29",17,71,"20,40"
510410,GUARANTÃ DO NORTE,MT,07/2022,3797,2886,"76,01",2843,43,"98,51",911,"23,99",30,881,"23,20"
510410,GUARANTÃ DO NORTE,MT,09/2022,3850,2018,"52,42",1952,66,"96,73",1832,"47,58",1004,828,"21,51"
510410,GUARANTÃ DO NORTE,MT,11/2022,3969,2822,"71,10",2754,68,"97,59",1147,"28,90",303,844,"21,26"
510420,GUIRATINGA,MT,11/2022,1167,450,"38,56",450,0,"100,00",717,"61,44",306,411,"35,22"
510420,GUIRATINGA,MT,09/2022,1157,465,"40,19",463,2,"99,57",692,"59,81",275,417,"36,04"
510420,GUIRATINGA,MT,07/2022,1161,431,"37,12",431,0,"100,00",730,"62,88",308,422,"36,35"
510450,INDIAVAÍ,MT,07/2022,206,137,"66,50",111,26,"81,02",69,"33,50",18,51,"24,76"
510450,INDIAVAÍ,MT,11/2022,194,139,"71,65",119,20,"85,61",55,"28,35",15,40,"20,62"
510450,INDIAVAÍ,MT,09/2022,199,134,"67,34",120,14,"89,55",65,"32,66",20,45,"22,61"
510452,IPIRANGA DO NORTE,MT,11/2022,605,404,"66,78",372,32,"92,08",201,"33,22",4,197,"32,56"
510452,IPIRANGA DO NORTE,MT,09/2022,579,370,"63,90",289,81,"78,11",209,"36,10",6,203,"35,06"
510452,IPIRANGA DO NORTE,MT,07/2022,541,345,"63,77",241,104,"69,86",196,"36,23",9,187,"34,57"
510454,ITANHANGÁ,MT,07/2022,652,366,"56,13",323,43,"88,25",286,"43,87",24,262,"40,18"
510454,ITANHANGÁ,MT,09/2022,730,434,"59,45",373,61,"85,94",296,"40,55",17,279,"38,22"
510454,ITANHANGÁ,MT,11/2022,704,410,"58,24",353,57,"86,10",294,"41,76",9,285,"40,48"
510455,ITAÚBA,MT,09/2022,496,170,"34,27",170,0,"100,00",326,"65,73",127,199,"40,12"
510455,ITAÚBA,MT,11/2022,480,295,"61,46",283,12,"95,93",185,"38,54",6,179,"37,29"
510455,ITAÚBA,MT,07/2022,495,246,"49,70",232,14,"94,31",249,"50,30",52,197,"39,80"
510460,ITIQUIRA,MT,07/2022,1099,671,"61,06",617,54,"91,95",428,"38,94",12,416,"37,85"
510460,ITIQUIRA,MT,11/2022,1001,839,"83,82",778,61,"92,73",162,"16,18",6,156,"15,58"
510460,ITIQUIRA,MT,09/2022,1064,884,"83,08",798,86,"90,27",180,"16,92",44,136,"12,78"
510480,JACIARA,MT,11/2022,2141,839,"39,19",806,33,"96,07",1302,"60,81",976,326,"15,23"
510480,JACIARA,MT,09/2022,2159,1573,"72,86",1470,103,"93,45",586,"27,14",277,309,"14,31"
510480,JACIARA,MT,07/2022,2133,1094,"51,29",1062,32,"97,07",1039,"48,71",392,647,"30,33"
510490,JANGADA,MT,07/2022,1311,1010,"77,04",877,133,"86,83",301,"22,96",168,133,"10,14"
510490,JANGADA,MT,09/2022,1315,872,"66,31",846,26,"97,02",443,"33,69",225,218,"16,58"
510490,JANGADA,MT,11/2022,1186,1007,"84,91",980,27,"97,32",179,"15,09",66,113,"9,53"
510500,JAURU,MT,11/2022,598,481,"80,43",437,44,"90,85",117,"19,57",12,105,"17,56"
510500,JAURU,MT,09/2022,589,465,"78,95",428,37,"92,04",124,"21,05",15,109,"18,51"
510500,JAURU,MT,07/2022,615,474,"77,07",424,50,"89,45",141,"22,93",5,136,"22,11"
510510,JUARA,MT,07/2022,2632,1921,"72,99",1888,33,"98,28",711,"27,01",47,664,"25,23"
510510,JUARA,MT,11/2022,2705,1528,"56,49",1500,28,"98,17",1177,"43,51",493,684,"25,29"
510510,JUARA,MT,09/2022,2625,1489,"56,72",1425,64,"95,70",1136,"43,28",475,661,"25,18"
510515,JUÍNA,MT,09/2022,2324,2030,"87,35",1810,220,"89,16",294,"12,65",36,258,"11,10"
510515,JUÍNA,MT,11/2022,2428,2128,"87,64",1971,157,"92,62",300,"12,36",25,275,"11,33"
510515,JUÍNA,MT,07/2022,2323,1979,"85,19",1810,169,"91,46",344,"14,81",43,301,"12,96"
510517,JURUENA,MT,07/2022,796,445,"55,90",394,51,"88,54",351,"44,10",98,253,"31,78"
510517,JURUENA,MT,11/2022,851,414,"48,65",344,70,"83,09",437,"51,35",156,281,"33,02"
510517,JURUENA,MT,09/2022,819,555,"67,77",489,66,"88,11",264,"32,23",37,227,"27,72"
510520,JUSCIMEIRA,MT,09/2022,948,719,"75,84",709,10,"98,61",229,"24,16",3,226,"23,84"
510520,JUSCIMEIRA,MT,11/2022,948,724,"76,37",715,9,"98,76",224,"23,63",6,218,"23,00"
510520,JUSCIMEIRA,MT,07/2022,857,0,"0,00",0,0,,857,"100,00",754,103,"12,02"
510523,LAMBARI D´OESTE,MT,07/2022,694,316,"45,53",302,14,"95,57",378,"54,47",159,219,"31,56"
510523,LAMBARI D´OESTE,MT,09/2022,718,417,"58,08",391,26,"93,76",301,"41,92",207,94,"13,09"
510523,LAMBARI D´OESTE,MT,11/2022,684,449,"65,64",447,2,"99,55",235,"34,36",170,65,"9,50"
510525,LUCAS DO RIO VERDE,MT,11/2022,4408,3817,"86,59",3577,240,"93,71",591,"13,41",57,534,"12,11"
510525,LUCAS DO RIO VERDE,MT,09/2022,4479,3575,"79,82",3307,268,"92,50",904,"20,18",296,608,"13,57"
510525,LUCAS DO RIO VERDE,MT,07/2022,4192,3366,"80,30",3137,229,"93,20",826,"19,70",92,734,"17,51"
510530,LUCIÁRA,MT,07/2022,320,7,"2,19",7,0,"100,00",313,"97,81",252,61,"19,06"
510530,LUCIÁRA,MT,09/2022,333,54,"16,22",52,2,"96,30",279,"83,78",190,89,"26,73"
510530,LUCIÁRA,MT,11/2022,361,210,"58,17",193,17,"91,90",151,"41,83",49,102,"28,25"
510550,VILA BELA DA SANTÍSSIMA TRINDADE,MT,11/2022,2003,1509,"75,34",1509,0,"100,00",494,"24,66",56,438,"21,87"
510550,VILA BELA DA SANTÍSSIMA TRINDADE,MT,09/2022,2042,1562,"76,49",1560,2,"99,87",480,"23,51",18,462,"22,62"
510550,VILA BELA DA SANTÍSSIMA TRINDADE,MT,07/2022,2026,1587,"78,33",1581,6,"99,62",439,"21,67",36,403,"19,89"
510558,MARCELÂNDIA,MT,07/2022,1593,1289,"80,92",1051,238,"81,54",304,"19,08",28,276,"17,33"
510558,MARCELÂNDIA,MT,09/2022,1566,1347,"86,02",1241,106,"92,13",219,"13,98",37,182,"11,62"
510558,MARCELÂNDIA,MT,11/2022,1578,1485,"94,11",1321,164,"88,96",93,"5,89",7,86,"5,45"
510560,MATUPÁ,MT,11/2022,1138,872,"76,63",856,16,"98,17",266,"23,37",61,205,"18,01"
510560,MATUPÁ,MT,09/2022,1084,771,"71,13",771,0,"100,00",313,"28,87",116,197,"18,17"
510560,MATUPÁ,MT,07/2022,1030,728,"70,68",728,0,"100,00",302,"29,32",118,184,"17,86"
510562,MIRASSOL D´OESTE,MT,07/2022,2996,2178,"72,70",2039,139,"93,62",818,"27,30",50,768,"25,63"
510562,MIRASSOL D´OESTE,MT,09/2022,3093,2418,"78,18",2126,292,"87,92",675,"21,82",47,628,"20,30"
510562,MIRASSOL D´OESTE,MT,11/2022,2988,2439,"81,63",2301,138,"94,34",549,"18,37",41,508,"17,00"
510590,NOBRES,MT,09/2022,2291,1464,"63,90",1343,121,"91,73",827,"36,10",17,810,"35,36"
510590,NOBRES,MT,11/2022,2294,1467,"63,95",1411,56,"96,18",827,"36,05",12,815,"35,53"
510590,NOBRES,MT,07/2022,2186,1450,"66,33",1379,71,"95,10",736,"33,67",34,702,"32,11"
510600,NORTELÂNDIA,MT,07/2022,565,409,"72,39",367,42,"89,73",156,"27,61",39,117,"20,71"
510600,NORTELÂNDIA,MT,11/2022,556,406,"73,02",370,36,"91,13",150,"26,98",34,116,"20,86"
510600,NORTELÂNDIA,MT,09/2022,552,386,"69,93",352,34,"91,19",166,"30,07",44,122,"22,10"
510610,NOSSA SENHORA DO LIVRAMENTO,MT,09/2022,1724,1407,"81,61",1301,106,"92,47",317,"18,39",95,222,"12,88"
510610,NOSSA SENHORA DO LIVRAMENTO,MT,11/2022,1657,1418,"85,58",1381,37,"97,39",239,"14,42",45,194,"11,71"
510610,NOSSA SENHORA DO LIVRAMENTO,MT,07/2022,1687,1215,"72,02",1057,158,"87,00",472,"27,98",102,370,"21,93"
510615,NOVA BANDEIRANTES,MT,07/2022,1638,1112,"67,89",1112,0,"100,00",526,"32,11",76,450,"27,47"
510615,NOVA BANDEIRANTES,MT,11/2022,1715,1091,"63,62",1091,0,"100,00",624,"36,38",190,434,"25,31"
510615,NOVA BANDEIRANTES,MT,09/2022,1654,373,"22,55",360,13,"96,51",1281,"77,45",789,492,"29,75"
510617,NOVA NAZARÉ,MT,11/2022,981,645,"65,75",565,80,"87,60",336,"34,25",17,319,"32,52"
510617,NOVA NAZARÉ,MT,09/2022,977,575,"58,85",471,104,"81,91",402,"41,15",95,307,"31,42"
510617,NOVA NAZARÉ,MT,07/2022,957,557,"58,20",453,104,"81,33",400,"41,80",47,353,"36,89"
510618,NOVA LACERDA,MT,07/2022,820,549,"66,95",515,34,"93,81",271,"33,05",15,256,"31,22"
510618,NOVA LACERDA,MT,11/2022,758,0,"0,00",0,0,,758,"100,00",451,307,"40,50"
510618,NOVA LACERDA,MT,09/2022,801,476,"59,43",466,10,"97,90",325,"40,57",1,324,"40,45"
510619,NOVA SANTA HELENA,MT,11/2022,280,213,"76,07",206,7,"96,71",67,"23,93",7,60,"21,43"
510619,NOVA SANTA HELENA,MT,09/2022,232,198,"85,34",183,15,"92,42",34,"14,66",7,27,"11,64"
510619,NOVA SANTA HELENA,MT,07/2022,221,203,"91,86",189,14,"93,10",18,"8,14",8,10,"4,52"
510620,NOVA BRASILÂNDIA,MT,07/2022,392,241,"61,48",217,24,"90,04",151,"38,52",81,70,"17,86"
510620,NOVA BRASILÂNDIA,MT,11/2022,392,213,"54,34",188,25,"88,26",179,"45,66",71,108,"27,55"
510620,NOVA BRASILÂNDIA,MT,09/2022,394,214,"54,31",180,34,"84,11",180,"45,69",86,94,"23,86"
510621,NOVA CANAÃ DO NORTE,MT,11/2022,713,626,"87,80",575,51,"91,85",87,"12,20",15,72,"10,10"
510621,NOVA CANAÃ DO NORTE,MT,09/2022,745,616,"82,68",593,23,"96,27",129,"17,32",11,118,"15,84"
510621,NOVA CANAÃ DO NORTE,MT,07/2022,738,502,"68,02",486,16,"96,81",236,"31,98",112,124,"16,80"
510622,NOVA MUTUM,MT,07/2022,2392,216,"9,03",208,8,"96,30",2176,"90,97",1390,786,"32,86"
510622,NOVA MUTUM,MT,09/2022,2609,534,"20,47",460,74,"86,14",2075,"79,53",1330,745,"28,56"
510622,NOVA MUTUM,MT,11/2022,2702,1283,"47,48",1132,151,"88,23",1419,"52,52",679,740,"27,39"
510623,NOVA OLÍMPIA,MT,11/2022,1523,913,"59,95",836,77,"91,57",610,"40,05",223,387,"25,41"
510623,NOVA OLÍMPIA,MT,09/2022,1546,862,"55,76",812,50,"94,20",684,"44,24",205,479,"30,98"
510623,NOVA OLÍMPIA,MT,07/2022,1551,855,"55,13",810,45,"94,74",696,"44,87",255,441,"28,43"
510624,NOVA UBIRATÃ,MT,07/2022,530,451,"85,09",412,39,"91,35",79,"14,91",2,77,"14,53"
510624,NOVA UBIRATÃ,MT,09/2022,565,465,"82,30",448,17,"96,34",100,"17,70",8,92,"16,28"
510624,NOVA UBIRATÃ,MT,11/2022,571,489,"85,64",479,10,"97,96",82,"14,36",3,79,"13,84"
510625,NOVA XAVANTINA,MT,11/2022,1490,1053,"70,67",1008,45,"95,73",437,"29,33",46,391,"26,24"
510625,NOVA XAVANTINA,MT,09/2022,1416,814,"57,49",808,6,"99,26",602,"42,51",49,553,"39,05"
510625,NOVA XAVANTINA,MT,07/2022,1295,727,"56,14",695,32,"95,60",568,"43,86",52,516,"39,85"
510626,NOVO MUNDO,MT,07/2022,580,446,"76,90",435,11,"97,53",134,"23,10",9,125,"21,55"
510626,NOVO MUNDO,MT,11/2022,605,503,"83,14",497,6,"98,81",102,"16,86",8,94,"15,54"
510626,NOVO MUNDO,MT,09/2022,609,519,"85,22",494,25,"95,18",90,"14,78",19,71,"11,66"
510627,NOVO HORIZONTE DO NORTE,MT,11/2022,246,235,"95,53",222,13,"94,47",11,"4,47",3,8,"3,25"
510627,NOVO HORIZONTE DO NORTE,MT,09/2022,261,244,"93,49",229,15,"93,85",17,"6,51",8,9,"3,45"
510627,NOVO HORIZONTE DO NORTE,MT,07/2022,262,244,"93,13",213,31,"87,30",18,"6,87",5,13,"4,96"
510628,NOVO SÃO JOAQUIM,MT,07/2022,789,544,"68,95",543,1,"99,82",245,"31,05",8,237,"30,04"
510628,NOVO SÃO JOAQUIM,MT,09/2022,747,459,"61,45",436,23,"94,99",288,"38,55",173,115,"15,39"
510628,NOVO SÃO JOAQUIM,MT,11/2022,733,593,"80,90",531,62,"89,54",140,"19,10",6,134,"18,28"
510629,PARANAÍTA,MT,11/2022,843,791,"93,83",684,107,"86,47",52,"6,17",12,40,"4,74"
510629,PARANAÍTA,MT,09/2022,858,689,"80,30",649,40,"94,19",169,"19,70",25,144,"16,78"
510629,PARANAÍTA,MT,07/2022,892,595,"66,70",551,44,"92,61",297,"33,30",115,182,"20,40"
510630,PARANATINGA,MT,07/2022,1795,1119,"62,34",1072,47,"95,80",676,"37,66",15,661,"36,82"
510630,PARANATINGA,MT,11/2022,1855,1587,"85,55",1508,79,"95,02",268,"14,45",21,247,"13,32"
510630,PARANATINGA,MT,09/2022,1813,1580,"87,15",1506,74,"95,32",233,"12,85",31,202,"11,14"
510631,NOVO SANTO ANTÔNIO,MT,11/2022,297,227,"76,43",220,7,"96,92",70,"23,57",59,11,"3,70"
510631,NOVO SANTO ANTÔNIO,MT,09/2022,323,316,"97,83",272,44,"86,08",7,"2,17",2,5,"1,55"
510631,NOVO SANTO ANTÔNIO,MT,07/2022,303,230,"75,91",209,21,"90,87",73,"24,09",62,11,"3,63"
510637,PEDRA PRETA,MT,07/2022,1797,1534,"85,36",1472,62,"95,96",263,"14,64",9,254,"14,13"
510637,PEDRA PRETA,MT,09/2022,1792,1571,"87,67",1472,99,"93,70",221,"12,33",7,214,"11,94"
510637,PEDRA PRETA,MT,11/2022,1787,1584,"88,64",1572,12,"99,24",203,"11,36",5,198,"11,08"
510642,PEIXOTO DE AZEVEDO,MT,11/2022,4737,1247,"26,32",1214,33,"97,35",3490,"73,68",1525,1965,"41,48"
510642,PEIXOTO DE AZEVEDO,MT,09/2022,4676,1465,"31,33",1335,130,"91,13",3211,"68,67",1362,1849,"39,54"
510642,PEIXOTO DE AZEVEDO,MT,07/2022,4624,923,"19,96",866,57,"93,82",3701,"80,04",1977,1724,"37,28"
510645,PLANALTO DA SERRA,MT,07/2022,431,325,"75,41",282,43,"86,77",106,"24,59",5,101,"23,43"
510645,PLANALTO DA SERRA,MT,11/2022,427,314,"73,54",262,52,"83,44",113,"26,46",6,107,"25,06"
510645,PLANALTO DA SERRA,MT,09/2022,425,311,"73,18",273,38,"87,78",114,"26,82",4,110,"25,88"
510650,POCONÉ,MT,09/2022,6417,2894,"45,10",2819,75,"97,41",3523,"54,90",839,2684,"41,83"
510650,POCONÉ,MT,11/2022,6291,3792,"60,28",3780,12,"99,68",2499,"39,72",60,2439,"38,77"
510650,POCONÉ,MT,07/2022,6375,4215,"66,12",4097,118,"97,20",2160,"33,88",166,1994,"31,28"
510665,PONTAL DO ARAGUAIA,MT,07/2022,677,274,"40,47",257,17,"93,80",403,"59,53",119,284,"41,95"
510665,PONTAL DO ARAGUAIA,MT,11/2022,690,349,"50,58",319,30,"91,40",341,"49,42",44,297,"43,04"
510665,PONTAL DO ARAGUAIA,MT,09/2022,669,110,"16,44",110,0,"100,00",559,"83,56",278,281,"42,00"
510670,PONTE BRANCA,MT,11/2022,186,147,"79,03",145,2,"98,64",39,"20,97",2,37,"19,89"
510670,PONTE BRANCA,MT,09/2022,185,123,"66,49",116,7,"94,31",62,"33,51",22,40,"21,62"
510670,PONTE BRANCA,MT,07/2022,187,125,"66,84",125,0,"100,00",62,"33,16",6,56,"29,95"
510675,PONTES E LACERDA,MT,07/2022,3419,2091,"61,16",2007,84,"95,98",1328,"38,84",58,1270,"37,15"
510675,PONTES E LACERDA,MT,09/2022,3441,2420,"70,33",2242,178,"92,64",1021,"29,67",48,973,"28,28"
510675,PONTES E LACERDA,MT,11/2022,3526,2462,"69,82",2268,194,"92,12",1064,"30,18",44,1020,"28,93"
510677,PORTO ALEGRE DO NORTE,MT,09/2022,1468,294,"20,03",273,21,"92,86",1174,"79,97",753,421,"28,68"
510677,PORTO ALEGRE DO NORTE,MT,11/2022,1532,1095,"71,48",1086,9,"99,18",437,"28,52",89,348,"22,72"
510677,PORTO ALEGRE DO NORTE,MT,07/2022,1474,914,"62,01",872,42,"95,40",560,"37,99",159,401,"27,20"
510680,PORTO DOS GAÚCHOS,MT,07/2022,258,188,"72,87",164,24,"87,23",70,"27,13",27,43,"16,67"
510680,PORTO DOS GAÚCHOS,MT,09/2022,254,150,"59,06",120,30,"80,00",104,"40,94",52,52,"20,47"
510680,PORTO DOS GAÚCHOS,MT,11/2022,267,208,"77,90",188,20,"90,38",59,"22,10",3,56,"20,97"
510682,PORTO ESPERIDIÃO,MT,09/2022,1209,499,"41,27",457,42,"91,58",710,"58,73",380,330,"27,30"
510682,PORTO ESPERIDIÃO,MT,11/2022,1274,734,"57,61",682,52,"92,92",540,"42,39",192,348,"27,32"
510682,PORTO ESPERIDIÃO,MT,07/2022,1130,92,"8,14",92,0,"100,00",1038,"91,86",745,293,"25,93"
510685,PORTO ESTRELA,MT,07/2022,307,113,"36,81",113,0,"100,00",194,"63,19",128,66,"21,50"
510685,PORTO ESTRELA,MT,11/2022,323,122,"37,77",122,0,"100,00",201,"62,23",127,74,"22,91"
510685,PORTO ESTRELA,MT,09/2022,341,270,"79,18",250,20,"92,59",71,"20,82",3,68,"19,94"
510700,POXORÉO,MT,11/2022,2632,1989,"75,57",1870,119,"94,02",643,"24,43",69,574,"21,81"
510700,POXORÉO,MT,09/2022,2682,1525,"56,86",1451,74,"95,15",1157,"43,14",12,1145,"42,69"
510700,POXORÉO,MT,07/2022,2640,1469,"55,64",1359,110,"92,51",1171,"44,36",107,1064,"40,30"
510704,PRIMAVERA DO LESTE,MT,07/2022,4275,2119,"49,57",1837,282,"86,69",2156,"50,43",591,1565,"36,61"
510704,PRIMAVERA DO LESTE,MT,09/2022,4708,2905,"61,70",2625,280,"90,36",1803,"38,30",327,1476,"31,35"
510704,PRIMAVERA DO LESTE,MT,11/2022,4630,1514,"32,70",1445,69,"95,44",3116,"67,30",1634,1482,"32,01"
510706,QUERÊNCIA,MT,11/2022,1812,1192,"65,78",1152,40,"96,64",620,"34,22",22,598,"33,00"
510706,QUERÊNCIA,MT,09/2022,1800,1112,"61,78",1070,42,"96,22",688,"38,22",14,674,"37,44"
510706,QUERÊNCIA,MT,07/2022,1699,863,"50,79",855,8,"99,07",836,"49,21",94,742,"43,67"
510710,SÃO JOSÉ DOS QUATRO MARCOS,MT,07/2022,1143,1012,"88,54",910,102,"89,92",131,"11,46",12,119,"10,41"
510710,SÃO JOSÉ DOS QUATRO MARCOS,MT,09/2022,1169,985,"84,26",927,58,"94,11",184,"15,74",14,170,"14,54"
510710,SÃO JOSÉ DOS QUATRO MARCOS,MT,11/2022,1114,900,"80,79",871,29,"96,78",214,"19,21",64,150,"13,46"
510715,RESERVA DO CABAÇAL,MT,11/2022,270,216,"80,00",216,0,"100,00",54,"20,00",4,50,"18,52"
510715,RESERVA DO CABAÇAL,MT,09/2022,270,210,"77,78",210,0,"100,00",60,"22,22",4,56,"20,74"
510715,RESERVA DO CABAÇAL,MT,07/2022,247,196,"79,35",188,8,"95,92",51,"20,65",4,47,"19,03"
510718,RIBEIRÃO CASCALHEIRA,MT,07/2022,1211,741,"61,19",716,25,"96,63",470,"38,81",280,190,"15,69"
510718,RIBEIRÃO CASCALHEIRA,MT,09/2022,1171,1052,"89,84",951,101,"90,40",119,"10,16",32,87,"7,43"
510718,RIBEIRÃO CASCALHEIRA,MT,11/2022,1139,887,"77,88",827,60,"93,24",252,"22,12",85,167,"14,66"
510719,RIBEIRÃOZINHO,MT,09/2022,166,146,"87,95",133,13,"91,10",20,"12,05",0,20,"12,05"
510719,RIBEIRÃOZINHO,MT,11/2022,165,142,"86,06",135,7,"95,07",23,"13,94",1,22,"13,33"
510719,RIBEIRÃOZINHO,MT,07/2022,180,134,"74,44",134,0,"100,00",46,"25,56",3,43,"23,89"
510720,RIO BRANCO,MT,07/2022,481,397,"82,54",397,0,"100,00",84,"17,46",1,83,"17,26"
510720,RIO BRANCO,MT,09/2022,485,401,"82,68",401,0,"100,00",84,"17,32",4,80,"16,49"
510720,RIO BRANCO,MT,11/2022,488,159,"32,58",159,0,"100,00",329,"67,42",247,82,"16,80"
510724,SANTA CARMEM,MT,09/2022,546,413,"75,64",389,24,"94,19",133,"24,36",2,131,"23,99"
510724,SANTA CARMEM,MT,11/2022,542,413,"76,20",413,0,"100,00",129,"23,80",3,126,"23,25"
510724,SANTA CARMEM,MT,07/2022,510,0,"0,00",0,0,,510,"100,00",419,91,"17,84"
510726,SANTO AFONSO,MT,07/2022,304,0,"0,00",0,0,,304,"100,00",221,83,"27,30"
510726,SANTO AFONSO,MT,09/2022,319,196,"61,44",174,22,"88,78",123,"38,56",15,108,"33,86"
510726,SANTO AFONSO,MT,11/2022,304,198,"65,13",182,16,"91,92",106,"34,87",11,95,"31,25"
510729,SÃO JOSÉ DO POVO,MT,09/2022,158,144,"91,14",144,0,"100,00",14,"8,86",1,13,"8,23"
510729,SÃO JOSÉ DO POVO,MT,11/2022,151,117,"77,48",105,12,"89,74",34,"22,52",14,20,"13,25"
510729,SÃO JOSÉ DO POVO,MT,07/2022,155,43,"27,74",43,0,"100,00",112,"72,26",90,22,"14,19"
510730,SÃO JOSÉ DO RIO CLARO,MT,07/2022,1580,904,"57,22",866,38,"95,80",676,"42,78",90,586,"37,09"
510730,SÃO JOSÉ DO RIO CLARO,MT,11/2022,1477,1254,"84,90",1164,90,"92,82",223,"15,10",27,196,"13,27"
510730,SÃO JOSÉ DO RIO CLARO,MT,09/2022,1534,1329,"86,64",1178,151,"88,64",205,"13,36",51,154,"10,04"
510735,SÃO JOSÉ DO XINGU,MT,09/2022,1239,887,"71,59",886,1,"99,89",352,"28,41",3,349,"28,17"
510735,SÃO JOSÉ DO XINGU,MT,11/2022,1150,259,"22,52",259,0,"100,00",891,"77,48",524,367,"31,91"
510735,SÃO JOSÉ DO XINGU,MT,07/2022,1011,0,"0,00",0,0,,1011,"100,00",701,310,"30,66"
510740,SÃO PEDRO DA CIPA,MT,07/2022,465,170,"36,56",166,4,"97,65",295,"63,44",158,137,"29,46"
510740,SÃO PEDRO DA CIPA,MT,11/2022,488,341,"69,88",341,0,"100,00",147,"30,12",8,139,"28,48"
510740,SÃO PEDRO DA CIPA,MT,09/2022,481,321,"66,74",315,6,"98,13",160,"33,26",8,152,"31,60"
510757,RONDOLÂNDIA,MT,09/2022,452,294,"65,04",276,18,"93,88",158,"34,96",3,155,"34,29"
510757,RONDOLÂNDIA,MT,11/2022,475,402,"84,63",383,19,"95,27",73,"15,37",2,71,"14,95"
510757,RONDOLÂNDIA,MT,07/2022,440,297,"67,50",276,21,"92,93",143,"32,50",9,134,"30,45"
510760,RONDONÓPOLIS,MT,07/2022,16850,10988,"65,21",10780,208,"98,11",5862,"34,79",50,5812,"34,49"
510760,RONDONÓPOLIS,MT,09/2022,18032,11490,"63,72",11151,339,"97,05",6542,"36,28",193,6349,"35,21"
510760,RONDONÓPOLIS,MT,11/2022,18331,12261,"66,89",11971,290,"97,63",6070,"33,11",89,5981,"32,63"
510770,ROSÁRIO OESTE,MT,11/2022,2361,1020,"43,20",987,33,"96,76",1341,"56,80",510,831,"35,20"
510770,ROSÁRIO OESTE,MT,09/2022,2427,1389,"57,23",1340,49,"96,47",1038,"42,77",177,861,"35,48"
510770,ROSÁRIO OESTE,MT,07/2022,2390,1061,"44,39",1037,24,"97,74",1329,"55,61",534,795,"33,26"
510774,SANTA CRUZ DO XINGU,MT,07/2022,241,184,"76,35",184,0,"100,00",57,"23,65",3,54,"22,41"
510774,SANTA CRUZ DO XINGU,MT,11/2022,286,156,"54,55",156,0,"100,00",130,"45,45",58,72,"25,17"
510774,SANTA CRUZ DO XINGU,MT,09/2022,256,130,"50,78",130,0,"100,00",126,"49,22",58,68,"26,56"
510775,SALTO DO CÉU,MT,09/2022,227,57,"25,11",55,2,"96,49",170,"74,89",105,65,"28,63"
510775,SALTO DO CÉU,MT,11/2022,241,168,"69,71",165,3,"98,21",73,"30,29",7,66,"27,39"
510775,SALTO DO CÉU,MT,07/2022,231,129,"55,84",127,2,"98,45",102,"44,16",30,72,"31,17"
510776,SANTA RITA DO TRIVELATO,MT,07/2022,305,116,"38,03",113,3,"97,41",189,"61,97",89,100,"32,79"
510776,SANTA RITA DO TRIVELATO,MT,11/2022,369,224,"60,70",216,8,"96,43",145,"39,30",13,132,"35,77"
510776,SANTA RITA DO TRIVELATO,MT,09/2022,358,208,"58,10",198,10,"95,19",150,"41,90",25,125,"34,92"
510777,SANTA TEREZINHA,MT,11/2022,1238,736,"59,45",687,49,"93,34",502,"40,55",179,323,"26,09"
510777,SANTA TEREZINHA,MT,09/2022,1272,597,"46,93",494,103,"82,75",675,"53,07",297,378,"29,72"
510777,SANTA TEREZINHA,MT,07/2022,1317,913,"69,32",911,2,"99,78",404,"30,68",100,304,"23,08"
510779,SANTO ANTÔNIO DO LESTE,MT,07/2022,557,0,"0,00",0,0,,557,"100,00",408,149,"26,75"
510779,SANTO ANTÔNIO DO LESTE,MT,09/2022,626,439,"70,13",437,2,"99,54",187,"29,87",2,185,"29,55"
510779,SANTO ANTÔNIO DO LESTE,MT,11/2022,627,457,"72,89",457,0,"100,00",170,"27,11",2,168,"26,79"
510780,SANTO ANTÔNIO DO LEVERGER,MT,11/2022,2988,2113,"70,72",2058,55,"97,40",875,"29,28",206,669,"22,39"
510780,SANTO ANTÔNIO DO LEVERGER,MT,09/2022,2957,2235,"75,58",2190,45,"97,99",722,"24,42",42,680,"23,00"
510780,SANTO ANTÔNIO DO LEVERGER,MT,07/2022,2834,2126,"75,02",2123,3,"99,86",708,"24,98",93,615,"21,70"
510785,SÃO FÉLIX DO ARAGUAIA,MT,07/2022,1066,871,"81,71",850,21,"97,59",195,"18,29",9,186,"17,45"
510785,SÃO FÉLIX DO ARAGUAIA,MT,09/2022,1096,995,"90,78",981,14,"98,59",101,"9,22",8,93,"8,49"
510785,SÃO FÉLIX DO ARAGUAIA,MT,11/2022,1123,1010,"89,94",992,18,"98,22",113,"10,06",8,105,"9,35"
510787,SAPEZAL,MT,11/2022,1813,881,"48,59",872,9,"98,98",932,"51,41",121,811,"44,73"
510787,SAPEZAL,MT,09/2022,1753,832,"47,46",825,7,"99,16",921,"52,54",129,792,"45,18"
510787,SAPEZAL,MT,07/2022,1554,716,"46,07",675,41,"94,27",838,"53,93",99,739,"47,55"
510788,SERRA NOVA DOURADA,MT,07/2022,244,205,"84,02",200,5,"97,56",39,"15,98",1,38,"15,57"
510788,SERRA NOVA DOURADA,MT,09/2022,240,215,"89,58",204,11,"94,88",25,"10,42",4,21,"8,75"
510788,SERRA NOVA DOURADA,MT,11/2022,232,196,"84,48",191,5,"97,45",36,"15,52",2,34,"14,66"
510790,SINOP,MT,09/2022,8260,6384,"77,29",5986,398,"93,77",1876,"22,71",302,1574,"19,06"
510790,SINOP,MT,11/2022,8147,6105,"74,94",5490,615,"89,93",2042,"25,06",163,1879,"23,06"
510790,SINOP,MT,07/2022,7994,4308,"53,89",4010,298,"93,08",3686,"46,11",2223,1463,"18,30"
510792,SORRISO,MT,07/2022,5183,4332,"83,58",4187,145,"96,65",851,"16,42",57,794,"15,32"
510792,SORRISO,MT,11/2022,5436,4240,"78,00",4083,157,"96,30",1196,"22,00",541,655,"12,05"
510792,SORRISO,MT,09/2022,5401,4571,"84,63",4469,102,"97,77",830,"15,37",135,695,"12,87"
510794,TABAPORÃ,MT,09/2022,754,248,"32,89",221,27,"89,11",506,"67,11",47,459,"60,88"
510794,TABAPORÃ,MT,11/2022,742,403,"54,31",335,68,"83,13",339,"45,69",47,292,"39,35"
510794,TABAPORÃ,MT,07/2022,746,259,"34,72",218,41,"84,17",487,"65,28",62,425,"56,97"
510795,TANGARÁ DA SERRA,MT,07/2022,5094,2771,"54,40",2711,60,"97,83",2323,"45,60",893,1430,"28,07"
510795,TANGARÁ DA SERRA,MT,11/2022,5447,3540,"64,99",3309,231,"93,47",1907,"35,01",547,1360,"24,97"
510795,TANGARÁ DA SERRA,MT,09/2022,5158,2553,"49,50",2411,142,"94,44",2605,"50,50",1236,1369,"26,54"
510800,TAPURAH,MT,09/2022,753,547,"72,64",546,1,"99,82",206,"27,36",21,185,"24,57"
510800,TAPURAH,MT,11/2022,771,583,"75,62",583,0,"100,00",188,"24,38",1,187,"24,25"
510800,TAPURAH,MT,07/2022,715,532,"74,41",532,0,"100,00",183,"25,59",25,158,"22,10"
510805,TERRA NOVA DO NORTE,MT,07/2022,842,586,"69,60",578,8,"98,63",256,"30,40",10,246,"29,22"
510805,TERRA NOVA DO NORTE,MT,09/2022,849,586,"69,02",578,8,"98,63",263,"30,98",8,255,"30,04"
510805,TERRA NOVA DO NORTE,MT,11/2022,868,561,"64,63",554,7,"98,75",307,"35,37",9,298,"34,33"
510810,TESOURO,MT,11/2022,328,317,"96,65",302,15,"95,27",11,"3,35",7,4,"1,22"
510810,TESOURO,MT,09/2022,331,325,"98,19",288,37,"88,62",6,"1,81",3,3,"0,91"
510810,TESOURO,MT,07/2022,337,318,"94,36",280,38,"88,05",19,"5,64",9,10,"2,97"
510820,TORIXORÉU,MT,07/2022,281,215,"76,51",190,25,"88,37",66,"23,49",3,63,"22,42"
510820,TORIXORÉU,MT,11/2022,261,210,"80,46",199,11,"94,76",51,"19,54",3,48,"18,39"
510820,TORIXORÉU,MT,09/2022,277,224,"80,87",207,17,"92,41",53,"19,13",4,49,"17,69"
510830,UNIÃO DO SUL,MT,11/2022,590,465,"78,81",414,51,"89,03",125,"21,19",4,121,"20,51"
510830,UNIÃO DO SUL,MT,09/2022,634,485,"76,50",408,77,"84,12",149,"23,50",13,136,"21,45"
510830,UNIÃO DO SUL,MT,07/2022,628,484,"77,07",458,26,"94,63",144,"22,93",15,129,"20,54"
510835,VALE DE SÃO DOMINGOS,MT,07/2022,292,128,"43,84",126,2,"98,44",164,"56,16",57,107,"36,64"
510835,VALE DE SÃO DOMINGOS,MT,09/2022,274,0,"0,00",0,0,,274,"100,00",170,104,"37,96"
510835,VALE DE SÃO DOMINGOS,MT,11/2022,284,188,"66,20",170,18,"90,43",96,"33,80",8,88,"30,99"
510840,VÁRZEA GRANDE,MT,09/2022,33431,16892,"50,53",15929,963,"94,30",16539,"49,47",5019,11520,"34,46"
510840,VÁRZEA GRANDE,MT,11/2022,33731,13573,"40,24",13161,412,"96,96",20158,"59,76",8647,11511,"34,13"
510840,VÁRZEA GRANDE,MT,07/2022,32094,14516,"45,23",13510,1006,"93,07",17578,"54,77",7460,10118,"31,53"
510850,VERA,MT,07/2022,828,0,"0,00",0,0,,828,"100,00",521,307,"37,08"
510850,VERA,MT,11/2022,785,325,"41,40",293,32,"90,15",460,"58,60",216,244,"31,08"
510850,VERA,MT,09/2022,829,495,"59,71",450,45,"90,91",334,"40,29",4,330,"39,81"
510860,VILA RICA,MT,09/2022,1520,854,"56,18",753,101,"88,17",666,"43,82",16,650,"42,76"
510860,VILA RICA,MT,11/2022,1550,874,"56,39",759,115,"86,84",676,"43,61",19,657,"42,39"
510860,VILA RICA,MT,07/2022,1442,810,"56,17",808,2,"99,75",632,"43,83",19,613,"42,51"
510880,NOVA GUARITA,MT,07/2022,378,273,"72,22",230,43,"84,25",105,"27,78",8,97,"25,66"
510880,NOVA GUARITA,MT,11/2022,347,264,"76,08",250,14,"94,70",83,"23,92",1,82,"23,63"
510880,NOVA GUARITA,MT,09/2022,355,288,"81,13",261,27,"90,63",67,"18,87",2,65,"18,31"
510885,NOVA MARILÂNDIA,MT,09/2022,274,200,"72,99",200,0,"100,00",74,"27,01",3,71,"25,91"
510885,NOVA MARILÂNDIA,MT,11/2022,258,189,"73,26",183,6,"96,83",69,"26,74",1,68,"26,36"
510885,NOVA MARILÂNDIA,MT,07/2022,266,37,"13,91",29,8,"78,38",229,"86,09",162,67,"25,19"
510890,NOVA MARINGÁ,MT,07/2022,549,353,"64,30",353,0,"100,00",196,"35,70",62,134,"24,41"
510890,NOVA MARINGÁ,MT,09/2022,521,330,"63,34",283,47,"85,76",191,"36,66",12,179,"34,36"
510890,NOVA MARINGÁ,MT,11/2022,495,268,"54,14",235,33,"87,69",227,"45,86",11,216,"43,64"
510895,NOVA MONTE VERDE,MT,11/2022,739,589,"79,70",522,67,"88,62",150,"20,30",13,137,"18,54"
510895,NOVA MONTE VERDE,MT,09/2022,722,571,"79,09",538,33,"94,22",151,"20,91",29,122,"16,90"
510895,NOVA MONTE VERDE,MT,07/2022,669,527,"78,77",439,88,"83,30",142,"21,23",19,123,"18,39"
150010,ABAETETUBA,PA,11/2022,36445,27719,"76,06",27718,1,"100,00",8726,"23,94",831,7895,"21,66"
150010,ABAETETUBA,PA,07/2022,36472,28348,"77,73",28348,0,"100,00",8124,"22,27",219,7905,"21,67"
150010,ABAETETUBA,PA,09/2022,37063,28518,"76,94",28516,2,"99,99",8545,"23,06",487,8058,"21,74"
150013,ABEL FIGUEIREDO,PA,07/2022,1673,1111,"66,41",1032,79,"92,89",562,"33,59",24,538,"32,16"
150013,ABEL FIGUEIREDO,PA,09/2022,1693,1161,"68,58",1067,94,"91,90",532,"31,42",24,508,"30,01"
150013,ABEL FIGUEIREDO,PA,11/2022,1594,1077,"67,57",1048,29,"97,31",517,"32,43",10,507,"31,81"
150020,ACARÁ,PA,11/2022,16865,12882,"76,38",12814,68,"99,47",3983,"23,62",136,3847,"22,81"
150020,ACARÁ,PA,09/2022,16983,12899,"75,95",12839,60,"99,53",4084,"24,05",377,3707,"21,83"
150020,ACARÁ,PA,07/2022,16959,13126,"77,40",13079,47,"99,64",3833,"22,60",156,3677,"21,68"
150030,AFUÁ,PA,09/2022,13499,9032,"66,91",8921,111,"98,77",4467,"33,09",747,3720,"27,56"
150030,AFUÁ,PA,07/2022,13170,9159,"69,54",9159,0,"100,00",4011,"30,46",289,3722,"28,26"
150030,AFUÁ,PA,11/2022,13388,8797,"65,71",8793,4,"99,95",4591,"34,29",1081,3510,"26,22"
150034,ÁGUA AZUL DO NORTE,PA,11/2022,3238,2158,"66,65",2152,6,"99,72",1080,"33,35",39,1041,"32,15"
150034,ÁGUA AZUL DO NORTE,PA,07/2022,3200,2168,"67,75",2165,3,"99,86",1032,"32,25",23,1009,"31,53"
150034,ÁGUA AZUL DO NORTE,PA,09/2022,3255,2169,"66,64",2166,3,"99,86",1086,"33,36",27,1059,"32,53"
150040,ALENQUER,PA,09/2022,18234,11410,"62,58",11403,7,"99,94",6824,"37,42",432,6392,"35,06"
150040,ALENQUER,PA,07/2022,18050,9933,"55,03",9868,65,"99,35",8117,"44,97",1703,6414,"35,53"
150040,ALENQUER,PA,11/2022,18060,11566,"64,04",11551,15,"99,87",6494,"35,96",252,6242,"34,56"
150050,ALMEIRIM,PA,11/2022,9406,7306,"77,67",7266,40,"99,45",2100,"22,33",71,2029,"21,57"
150050,ALMEIRIM,PA,07/2022,9443,6585,"69,73",6581,4,"99,94",2858,"30,27",688,2170,"22,98"
150050,ALMEIRIM,PA,09/2022,9587,7056,"73,60",7047,9,"99,87",2531,"26,40",172,2359,"24,61"
150060,ALTAMIRA,PA,07/2022,19065,9935,"52,11",9878,57,"99,43",9130,"47,89",290,8840,"46,37"
150060,ALTAMIRA,PA,09/2022,19553,9276,"47,44",9034,242,"97,39",10277,"52,56",1125,9152,"46,81"
150060,ALTAMIRA,PA,11/2022,19727,9981,"50,60",9870,111,"98,89",9746,"49,40",624,9122,"46,24"
150070,ANAJÁS,PA,11/2022,11324,8757,"77,33",8735,22,"99,75",2567,"22,67",151,2416,"21,34"
150070,ANAJÁS,PA,09/2022,11345,8344,"73,55",8330,14,"99,83",3001,"26,45",82,2919,"25,73"
150070,ANAJÁS,PA,07/2022,11165,8443,"75,62",8441,2,"99,98",2722,"24,38",56,2666,"23,88"
150080,ANANINDEUA,PA,07/2022,57288,29911,"52,21",29877,34,"99,89",27377,"47,79",2013,25364,"44,27"
150080,ANANINDEUA,PA,09/2022,57713,27472,"47,60",27232,240,"99,13",30241,"52,40",4010,26231,"45,45"
150080,ANANINDEUA,PA,11/2022,58669,29951,"51,05",29501,450,"98,50",28718,"48,95",2259,26459,"45,10"
150085,ANAPU,PA,11/2022,8994,7096,"78,90",7073,23,"99,68",1898,"21,10",153,1745,"19,40"
150085,ANAPU,PA,07/2022,8768,2854,"32,55",2812,42,"98,53",5914,"67,45",2098,3816,"43,52"
150085,ANAPU,PA,09/2022,8927,2642,"29,60",2619,23,"99,13",6285,"70,40",2345,3940,"44,14"
150090,AUGUSTO CORRÊA,PA,09/2022,13451,10092,"75,03",9877,215,"97,87",3359,"24,97",398,2961,"22,01"
150090,AUGUSTO CORRÊA,PA,07/2022,13598,8649,"63,60",8537,112,"98,71",4949,"36,40",892,4057,"29,84"
150090,AUGUSTO CORRÊA,PA,11/2022,13126,10490,"79,92",10258,232,"97,79",2636,"20,08",564,2072,"15,79"
150095,AURORA DO PARÁ,PA,11/2022,5689,4411,"77,54",4298,113,"97,44",1278,"22,46",445,833,"14,64"
150095,AURORA DO PARÁ,PA,09/2022,5951,4620,"77,63",4440,180,"96,10",1331,"22,37",403,928,"15,59"
150095,AURORA DO PARÁ,PA,07/2022,6217,4241,"68,22",4055,186,"95,61",1976,"31,78",549,1427,"22,95"
150100,AVEIRO,PA,09/2022,3617,2704,"74,76",2619,85,"96,86",913,"25,24",78,835,"23,09"
150100,AVEIRO,PA,07/2022,3573,1808,"50,60",1806,2,"99,89",1765,"49,40",959,806,"22,56"
150100,AVEIRO,PA,11/2022,3659,2757,"75,35",2422,335,"87,85",902,"24,65",48,854,"23,34"
150110,BAGRE,PA,11/2022,8426,6020,"71,45",6020,0,"100,00",2406,"28,55",602,1804,"21,41"
150110,BAGRE,PA,07/2022,8334,5659,"67,90",5659,0,"100,00",2675,"32,10",954,1721,"20,65"
150110,BAGRE,PA,09/2022,8428,6010,"71,31",6009,1,"99,98",2418,"28,69",647,1771,"21,01"
150120,BAIÃO,PA,07/2022,9246,7017,"75,89",7011,6,"99,91",2229,"24,11",574,1655,"17,90"
150120,BAIÃO,PA,09/2022,8987,7088,"78,87",6892,196,"97,23",1899,"21,13",665,1234,"13,73"
150120,BAIÃO,PA,11/2022,8936,7551,"84,50",7546,5,"99,93",1385,"15,50",117,1268,"14,19"
150125,BANNACH,PA,11/2022,576,497,"86,28",497,0,"100,00",79,"13,72",2,77,"13,37"
150125,BANNACH,PA,07/2022,561,431,"76,83",431,0,"100,00",130,"23,17",13,117,"20,86"
150125,BANNACH,PA,09/2022,542,454,"83,76",453,1,"99,78",88,"16,24",9,79,"14,58"
150130,BARCARENA,PA,07/2022,21802,14452,"66,29",13889,563,"96,10",7350,"33,71",878,6472,"29,69"
150130,BARCARENA,PA,09/2022,22507,17125,"76,09",15533,1592,"90,70",5382,"23,91",181,5201,"23,11"
150130,BARCARENA,PA,11/2022,22449,16781,"74,75",15149,1632,"90,27",5668,"25,25",755,4913,"21,89"
150140,BELÉM,PA,11/2022,164084,63201,"38,52",61337,1864,"97,05",100883,"61,48",19983,80900,"49,30"
150140,BELÉM,PA,07/2022,157422,40609,"25,80",33670,6939,"82,91",116813,"74,20",35964,80849,"51,36"
150140,BELÉM,PA,09/2022,164012,44878,"27,36",42721,2157,"95,19",119134,"72,64",35233,83901,"51,16"
150145,BELTERRA,PA,09/2022,4320,1784,"41,30",1668,116,"93,50",2536,"58,70",917,1619,"37,48"
150145,BELTERRA,PA,07/2022,4340,2604,"60,00",2596,8,"99,69",1736,"40,00",221,1515,"34,91"
150145,BELTERRA,PA,11/2022,4356,2605,"59,80",2214,391,"84,99",1751,"40,20",117,1634,"37,51"
150150,BENEVIDES,PA,11/2022,14548,10771,"74,04",10771,0,"100,00",3777,"25,96",37,3740,"25,71"
150150,BENEVIDES,PA,07/2022,13924,9387,"67,42",9371,16,"99,83",4537,"32,58",53,4484,"32,20"
150150,BENEVIDES,PA,09/2022,14487,9839,"67,92",9834,5,"99,95",4648,"32,08",78,4570,"31,55"
150157,BOM JESUS DO TOCANTINS,PA,09/2022,3165,1565,"49,45",1537,28,"98,21",1600,"50,55",559,1041,"32,89"
150157,BOM JESUS DO TOCANTINS,PA,07/2022,3191,1815,"56,88",1811,4,"99,78",1376,"43,12",283,1093,"34,25"
150157,BOM JESUS DO TOCANTINS,PA,11/2022,3096,2197,"70,96",2117,80,"96,36",899,"29,04",49,850,"27,45"
150160,BONITO,PA,11/2022,2724,1779,"65,31",1686,93,"94,77",945,"34,69",466,479,"17,58"
150160,BONITO,PA,07/2022,2769,2325,"83,97",2325,0,"100,00",444,"16,03",41,403,"14,55"
150160,BONITO,PA,09/2022,2718,411,"15,12",411,0,"100,00",2307,"84,88",1880,427,"15,71"
150170,BRAGANÇA,PA,07/2022,27422,26004,"94,83",25993,11,"99,96",1418,"5,17",128,1290,"4,70"
150170,BRAGANÇA,PA,09/2022,27884,25961,"93,10",25961,0,"100,00",1923,"6,90",512,1411,"5,06"
150170,BRAGANÇA,PA,11/2022,27710,26095,"94,17",26014,81,"99,69",1615,"5,83",288,1327,"4,79"
150172,BRASIL NOVO,PA,11/2022,4037,1895,"46,94",1846,49,"97,41",2142,"53,06",163,1979,"49,02"
150172,BRASIL NOVO,PA,09/2022,4064,1498,"36,86",1476,22,"98,53",2566,"63,14",517,2049,"50,42"
150172,BRASIL NOVO,PA,07/2022,3988,1561,"39,14",1560,1,"99,94",2427,"60,86",407,2020,"50,65"
150175,BREJO GRANDE DO ARAGUAIA,PA,09/2022,1628,1419,"87,16",1419,0,"100,00",209,"12,84",27,182,"11,18"
150175,BREJO GRANDE DO ARAGUAIA,PA,07/2022,1747,1643,"94,05",1640,3,"99,82",104,"5,95",20,84,"4,81"
150175,BREJO GRANDE DO ARAGUAIA,PA,11/2022,1595,1431,"89,72",1431,0,"100,00",164,"10,28",6,158,"9,91"
150178,BREU BRANCO,PA,11/2022,10615,7222,"68,04",7096,126,"98,26",3393,"31,96",28,3365,"31,70"
150178,BREU BRANCO,PA,07/2022,10865,4358,"40,11",4351,7,"99,84",6507,"59,89",2426,4081,"37,56"
150178,BREU BRANCO,PA,09/2022,10700,5240,"48,97",5196,44,"99,16",5460,"51,03",1448,4012,"37,50"
150180,BREVES,PA,09/2022,34253,9347,"27,29",9142,205,"97,81",24906,"72,71",5387,19519,"56,98"
150180,BREVES,PA,07/2022,34085,12373,"36,30",10757,1616,"86,94",21712,"63,70",3187,18525,"54,35"
150180,BREVES,PA,11/2022,33764,15250,"45,17",14634,616,"95,96",18514,"54,83",2722,15792,"46,77"
150190,BUJARU,PA,11/2022,6896,5822,"84,43",5808,14,"99,76",1074,"15,57",71,1003,"14,54"
150190,BUJARU,PA,07/2022,7939,6305,"79,42",6297,8,"99,87",1634,"20,58",54,1580,"19,90"
150190,BUJARU,PA,09/2022,7222,6012,"83,25",5850,162,"97,31",1210,"16,75",105,1105,"15,30"
150195,CACHOEIRA DO PIRIÁ,PA,07/2022,6193,4334,"69,98",4254,80,"98,15",1859,"30,02",188,1671,"26,98"
150195,CACHOEIRA DO PIRIÁ,PA,09/2022,6064,3374,"55,64",3288,86,"97,45",2690,"44,36",925,1765,"29,11"
150195,CACHOEIRA DO PIRIÁ,PA,11/2022,5872,3839,"65,38",3781,58,"98,49",2033,"34,62",249,1784,"30,38"
150200,CACHOEIRA DO ARARI,PA,11/2022,6331,1313,"20,74",1288,25,"98,10",5018,"79,26",3013,2005,"31,67"
150200,CACHOEIRA DO ARARI,PA,07/2022,6424,363,"5,65",361,2,"99,45",6061,"94,35",4010,2051,"31,93"
150200,CACHOEIRA DO ARARI,PA,09/2022,6459,400,"6,19",400,0,"100,00",6059,"93,81",3911,2148,"33,26"
150210,CAMETÁ,PA,09/2022,35404,32478,"91,74",31909,569,"98,25",2926,"8,26",1101,1825,"5,15"
150210,CAMETÁ,PA,07/2022,35337,32184,"91,08",31847,337,"98,95",3153,"8,92",448,2705,"7,65"
150210,CAMETÁ,PA,11/2022,34796,33106,"95,14",31670,1436,"95,66",1690,"4,86",1177,513,"1,47"
150215,CANAÃ DOS CARAJÁS,PA,11/2022,8519,6459,"75,82",6250,209,"96,76",2060,"24,18",1023,1037,"12,17"
150215,CANAÃ DOS CARAJÁS,PA,09/2022,8485,6461,"76,15",6357,104,"98,39",2024,"23,85",1062,962,"11,34"
150215,CANAÃ DOS CARAJÁS,PA,07/2022,7995,6441,"80,56",6438,3,"99,95",1554,"19,44",99,1455,"18,20"
150220,CAPANEMA,PA,09/2022,11149,7044,"63,18",6984,60,"99,15",4105,"36,82",38,4067,"36,48"
150220,CAPANEMA,PA,07/2022,11203,7137,"63,71",6923,214,"97,00",4066,"36,29",26,4040,"36,06"
150220,CAPANEMA,PA,11/2022,10914,7696,"70,51",7670,26,"99,66",3218,"29,49",32,3186,"29,19"
150230,CAPITÃO POÇO,PA,11/2022,10919,5978,"54,75",5940,38,"99,36",4941,"45,25",851,4090,"37,46"
150230,CAPITÃO POÇO,PA,09/2022,11253,6088,"54,10",5916,172,"97,17",5165,"45,90",896,4269,"37,94"
150230,CAPITÃO POÇO,PA,07/2022,11290,7026,"62,23",6836,190,"97,30",4264,"37,77",130,4134,"36,62"
150240,CASTANHAL,PA,07/2022,25229,16667,"66,06",16593,74,"99,56",8562,"33,94",203,8359,"33,13"
150240,CASTANHAL,PA,09/2022,25278,19176,"75,86",19068,108,"99,44",6102,"24,14",131,5971,"23,62"
150240,CASTANHAL,PA,11/2022,25280,20132,"79,64",20101,31,"99,85",5148,"20,36",57,5091,"20,14"
150250,CHAVES,PA,11/2022,6891,4967,"72,08",4821,146,"97,06",1924,"27,92",64,1860,"26,99"
150250,CHAVES,PA,07/2022,7099,5409,"76,19",5408,1,"99,98",1690,"23,81",41,1649,"23,23"
150250,CHAVES,PA,09/2022,7052,5535,"78,49",5500,35,"99,37",1517,"21,51",147,1370,"19,43"
150260,COLARES,PA,09/2022,3057,2033,"66,50",1997,36,"98,23",1024,"33,50",76,948,"31,01"
150260,COLARES,PA,07/2022,3008,2049,"68,12",2049,0,"100,00",959,"31,88",85,874,"29,06"
150260,COLARES,PA,11/2022,3011,2023,"67,19",1907,116,"94,27",988,"32,81",70,918,"30,49"
150270,CONCEIÇÃO DO ARAGUAIA,PA,11/2022,5533,4063,"73,43",4036,27,"99,34",1470,"26,57",138,1332,"24,07"
150270,CONCEIÇÃO DO ARAGUAIA,PA,07/2022,5817,3639,"62,56",3526,113,"96,89",2178,"37,44",80,2098,"36,07"
150270,CONCEIÇÃO DO ARAGUAIA,PA,09/2022,5722,3795,"66,32",3793,2,"99,95",1927,"33,68",81,1846,"32,26"
150275,CONCÓRDIA DO PARÁ,PA,07/2022,8354,7046,"84,34",7009,37,"99,47",1308,"15,66",111,1197,"14,33"
150275,CONCÓRDIA DO PARÁ,PA,09/2022,8385,7784,"92,83",7565,219,"97,19",601,"7,17",54,547,"6,52"
150275,CONCÓRDIA DO PARÁ,PA,11/2022,8087,7376,"91,21",7265,111,"98,50",711,"8,79",416,295,"3,65"
150276,CUMARU DO NORTE,PA,11/2022,2168,1074,"49,54",1071,3,"99,72",1094,"50,46",203,891,"41,10"
150276,CUMARU DO NORTE,PA,09/2022,2132,1107,"51,92",1104,3,"99,73",1025,"48,08",102,923,"43,29"
150276,CUMARU DO NORTE,PA,07/2022,2188,1453,"66,41",1320,133,"90,85",735,"33,59",19,716,"32,72"
150277,CURIONÓPOLIS,PA,07/2022,4585,3652,"79,65",3652,0,"100,00",933,"20,35",30,903,"19,69"
150277,CURIONÓPOLIS,PA,09/2022,4691,3624,"77,25",3622,2,"99,94",1067,"22,75",199,868,"18,50"
150277,CURIONÓPOLIS,PA,11/2022,4649,4126,"88,75",4125,1,"99,98",523,"11,25",20,503,"10,82"
150280,CURRALINHO,PA,11/2022,11335,9010,"79,49",8942,68,"99,25",2325,"20,51",83,2242,"19,78"
150280,CURRALINHO,PA,07/2022,11493,8318,"72,37",7636,682,"91,80",3175,"27,63",751,2424,"21,09"
150280,CURRALINHO,PA,09/2022,11523,8799,"76,36",8799,0,"100,00",2724,"23,64",237,2487,"21,58"
150285,CURUÁ,PA,09/2022,3629,3234,"89,12",3053,181,"94,40",395,"10,88",13,382,"10,53"
150285,CURUÁ,PA,07/2022,3794,3171,"83,58",2970,201,"93,66",623,"16,42",25,598,"15,76"
150285,CURUÁ,PA,11/2022,3487,3111,"89,22",3039,72,"97,69",376,"10,78",6,370,"10,61"
150290,CURUÇÁ,PA,11/2022,10011,6270,"62,63",6081,189,"96,99",3741,"37,37",854,2887,"28,84"
150290,CURUÇÁ,PA,09/2022,10181,6309,"61,97",6236,73,"98,84",3872,"38,03",899,2973,"29,20"
150290,CURUÇÁ,PA,07/2022,10016,6455,"64,45",6433,22,"99,66",3561,"35,55",977,2584,"25,80"
150293,DOM ELISEU,PA,07/2022,7489,6450,"86,13",6449,1,"99,98",1039,"13,87",71,968,"12,93"
150293,DOM ELISEU,PA,09/2022,7429,6926,"93,23",6924,2,"99,97",503,"6,77",20,483,"6,50"
150293,DOM ELISEU,PA,11/2022,7454,6959,"93,36",6959,0,"100,00",495,"6,64",8,487,"6,53"
150295,ELDORADO DOS CARAJÁS,PA,11/2022,5848,3720,"63,61",3681,39,"98,95",2128,"36,39",541,1587,"27,14"
150295,ELDORADO DOS CARAJÁS,PA,07/2022,5917,3120,"52,73",3106,14,"99,55",2797,"47,27",708,2089,"35,31"
150295,ELDORADO DOS CARAJÁS,PA,09/2022,5908,3503,"59,29",3444,59,"98,32",2405,"40,71",737,1668,"28,23"
150300,FARO,PA,07/2022,2499,2112,"84,51",2085,27,"98,72",387,"15,49",14,373,"14,93"
150300,FARO,PA,09/2022,2432,2185,"89,84",2050,135,"93,82",247,"10,16",9,238,"9,79"
150300,FARO,PA,11/2022,2326,2095,"90,07",2029,66,"96,85",231,"9,93",5,226,"9,72"
150304,FLORESTA DO ARAGUAIA,PA,11/2022,3898,2872,"73,68",2779,93,"96,76",1026,"26,32",13,1013,"25,99"
150304,FLORESTA DO ARAGUAIA,PA,09/2022,3964,2930,"73,92",2760,170,"94,20",1034,"26,08",20,1014,"25,58"
150304,FLORESTA DO ARAGUAIA,PA,07/2022,3967,3030,"76,38",2838,192,"93,66",937,"23,62",10,927,"23,37"
150307,GARRAFÃO DO NORTE,PA,07/2022,6690,5933,"88,68",5933,0,"100,00",757,"11,32",22,735,"10,99"
150307,GARRAFÃO DO NORTE,PA,09/2022,6713,6174,"91,97",5983,191,"96,91",539,"8,03",30,509,"7,58"
150307,GARRAFÃO DO NORTE,PA,11/2022,6599,5957,"90,27",5843,114,"98,09",642,"9,73",337,305,"4,62"
150309,GOIANÉSIA DO PARÁ,PA,11/2022,5250,4501,"85,73",4496,5,"99,89",749,"14,27",157,592,"11,28"
150309,GOIANÉSIA DO PARÁ,PA,07/2022,5399,4445,"82,33",4439,6,"99,87",954,"17,67",233,721,"13,35"
150309,GOIANÉSIA DO PARÁ,PA,09/2022,5317,4595,"86,42",4559,36,"99,22",722,"13,58",220,502,"9,44"
150310,GURUPÁ,PA,09/2022,11365,0,"0,00",0,0,,11365,"100,00",9465,1900,"16,72"
150310,GURUPÁ,PA,07/2022,11551,9565,"82,81",9564,1,"99,99",1986,"17,19",93,1893,"16,39"
150310,GURUPÁ,PA,11/2022,11565,9761,"84,40",9761,0,"100,00",1804,"15,60",78,1726,"14,92"
150320,IGARAPÉ-AÇU,PA,11/2022,7819,6693,"85,60",6693,0,"100,00",1126,"14,40",56,1070,"13,68"
150320,IGARAPÉ-AÇU,PA,07/2022,7752,6151,"79,35",6150,1,"99,98",1601,"20,65",297,1304,"16,82"
150320,IGARAPÉ-AÇU,PA,09/2022,7960,6483,"81,44",6483,0,"100,00",1477,"18,56",147,1330,"16,71"
150330,IGARAPÉ-MIRI,PA,09/2022,16839,12895,"76,58",12869,26,"99,80",3944,"23,42",337,3607,"21,42"
150330,IGARAPÉ-MIRI,PA,07/2022,16425,12581,"76,60",12568,13,"99,90",3844,"23,40",296,3548,"21,60"
150330,IGARAPÉ-MIRI,PA,11/2022,16867,14587,"86,48",14582,5,"99,97",2280,"13,52",270,2010,"11,92"
150340,INHANGAPI,PA,11/2022,2218,2025,"91,30",2025,0,"100,00",193,"8,70",3,190,"8,57"
150340,INHANGAPI,PA,09/2022,2306,1721,"74,63",1721,0,"100,00",585,"25,37",4,581,"25,20"
150340,INHANGAPI,PA,07/2022,2360,1695,"71,82",1695,0,"100,00",665,"28,18",89,576,"24,41"
150345,IPIXUNA DO PARÁ,PA,07/2022,9434,6903,"73,17",6669,234,"96,61",2531,"26,83",21,2510,"26,61"
150345,IPIXUNA DO PARÁ,PA,09/2022,9162,6019,"65,70",5706,313,"94,80",3143,"34,30",489,2654,"28,97"
150345,IPIXUNA DO PARÁ,PA,11/2022,8859,5988,"67,59",5879,109,"98,18",2871,"32,41",109,2762,"31,18"
150350,IRITUIA,PA,11/2022,7456,5367,"71,98",5356,11,"99,80",2089,"28,02",567,1522,"20,41"
150350,IRITUIA,PA,09/2022,7670,5077,"66,19",5065,12,"99,76",2593,"33,81",914,1679,"21,89"
150350,IRITUIA,PA,07/2022,7765,6009,"77,39",6005,4,"99,93",1756,"22,61",203,1553,"20,00"
150360,ITAITUBA,PA,07/2022,21236,12759,"60,08",12757,2,"99,98",8477,"39,92",2123,6354,"29,92"
150360,ITAITUBA,PA,09/2022,21933,10497,"47,86",10465,32,"99,70",11436,"52,14",4129,7307,"33,32"
150360,ITAITUBA,PA,11/2022,22456,11909,"53,03",11891,18,"99,85",10547,"46,97",3089,7458,"33,21"
150370,ITUPIRANGA,PA,11/2022,11669,7663,"65,67",7393,270,"96,48",4006,"34,33",72,3934,"33,71"
150370,ITUPIRANGA,PA,09/2022,11751,7997,"68,05",7918,79,"99,01",3754,"31,95",554,3200,"27,23"
150370,ITUPIRANGA,PA,07/2022,11771,4011,"34,08",4008,3,"99,93",7760,"65,92",4540,3220,"27,36"
150375,JACAREACANGA,PA,09/2022,6768,5718,"84,49",5718,0,"100,00",1050,"15,51",227,823,"12,16"
150375,JACAREACANGA,PA,07/2022,6704,5915,"88,23",5915,0,"100,00",789,"11,77",21,768,"11,46"
150375,JACAREACANGA,PA,11/2022,7024,6012,"85,59",6012,0,"100,00",1012,"14,41",15,997,"14,19"
150380,JACUNDÁ,PA,11/2022,8291,7164,"86,41",7090,74,"98,97",1127,"13,59",103,1024,"12,35"
150380,JACUNDÁ,PA,07/2022,8873,6408,"72,22",6386,22,"99,66",2465,"27,78",734,1731,"19,51"
150380,JACUNDÁ,PA,09/2022,8613,6887,"79,96",6802,85,"98,77",1726,"20,04",554,1172,"13,61"
150390,JURUTI,PA,09/2022,13041,8564,"65,67",8564,0,"100,00",4477,"34,33",1627,2850,"21,85"
150390,JURUTI,PA,07/2022,12679,3536,"27,89",3535,1,"99,97",9143,"72,11",6496,2647,"20,88"
150390,JURUTI,PA,11/2022,13075,9850,"75,33",9850,0,"100,00",3225,"24,67",517,2708,"20,71"
150400,LIMOEIRO DO AJURU,PA,11/2022,7905,6078,"76,89",6041,37,"99,39",1827,"23,11",302,1525,"19,29"
150400,LIMOEIRO DO AJURU,PA,07/2022,8048,6308,"78,38",6308,0,"100,00",1740,"21,62",153,1587,"19,72"
150400,LIMOEIRO DO AJURU,PA,09/2022,8032,6323,"78,72",6240,83,"98,69",1709,"21,28",101,1608,"20,02"
150405,MÃE DO RIO,PA,07/2022,8088,6403,"79,17",6137,266,"95,85",1685,"20,83",43,1642,"20,30"
150405,MÃE DO RIO,PA,09/2022,8196,6391,"77,98",6358,33,"99,48",1805,"22,02",39,1766,"21,55"
150405,MÃE DO RIO,PA,11/2022,7890,6413,"81,28",6404,9,"99,86",1477,"18,72",38,1439,"18,24"
150410,MAGALHÃES BARATA,PA,11/2022,1802,1434,"79,58",1433,1,"99,93",368,"20,42",3,365,"20,26"
150410,MAGALHÃES BARATA,PA,09/2022,1823,1405,"77,07",1405,0,"100,00",418,"22,93",5,413,"22,65"
150410,MAGALHÃES BARATA,PA,07/2022,1825,1399,"76,66",1399,0,"100,00",426,"23,34",2,424,"23,23"
150420,MARABÁ,PA,07/2022,37785,29345,"77,66",29334,11,"99,96",8440,"22,34",197,8243,"21,82"
150420,MARABÁ,PA,09/2022,38241,25591,"66,92",25149,442,"98,27",12650,"33,08",235,12415,"32,47"
150420,MARABÁ,PA,11/2022,39096,25941,"66,35",25393,548,"97,89",13155,"33,65",123,13032,"33,33"
150430,MARACANÃ,PA,11/2022,8047,6405,"79,59",6395,10,"99,84",1642,"20,41",87,1555,"19,32"
150430,MARACANÃ,PA,09/2022,8117,6433,"79,25",6431,2,"99,97",1684,"20,75",100,1584,"19,51"
150430,MARACANÃ,PA,07/2022,8015,2436,"30,39",2432,4,"99,84",5579,"69,61",4010,1569,"19,58"
150440,MARAPANIM,PA,07/2022,6043,4890,"80,92",4884,6,"99,88",1153,"19,08",213,940,"15,56"
150440,MARAPANIM,PA,09/2022,5802,4659,"80,30",4659,0,"100,00",1143,"19,70",78,1065,"18,36"
150440,MARAPANIM,PA,11/2022,5716,4710,"82,40",4666,44,"99,07",1006,"17,60",61,945,"16,53"
150442,MARITUBA,PA,11/2022,20641,17025,"82,48",16587,438,"97,43",3616,"17,52",330,3286,"15,92"
150442,MARITUBA,PA,09/2022,21137,17753,"83,99",16689,1064,"94,01",3384,"16,01",598,2786,"13,18"
150442,MARITUBA,PA,07/2022,20423,14829,"72,61",13753,1076,"92,74",5594,"27,39",446,5148,"25,21"
150445,MEDICILÂNDIA,PA,07/2022,6217,4105,"66,03",4079,26,"99,37",2112,"33,97",88,2024,"32,56"
150445,MEDICILÂNDIA,PA,09/2022,6285,4058,"64,57",4011,47,"98,84",2227,"35,43",78,2149,"34,19"
150445,MEDICILÂNDIA,PA,11/2022,6223,4104,"65,95",4051,53,"98,71",2119,"34,05",62,2057,"33,05"
150450,MELGAÇO,PA,11/2022,10603,7551,"71,22",7536,15,"99,80",3052,"28,78",126,2926,"27,60"
150450,MELGAÇO,PA,09/2022,10538,4890,"46,40",4643,247,"94,95",5648,"53,60",2631,3017,"28,63"
150450,MELGAÇO,PA,07/2022,10711,7999,"74,68",7906,93,"98,84",2712,"25,32",108,2604,"24,31"
150460,MOCAJUBA,PA,09/2022,9746,6506,"66,76",6265,241,"96,30",3240,"33,24",795,2445,"25,09"
150460,MOCAJUBA,PA,07/2022,9674,6167,"63,75",5786,381,"93,82",3507,"36,25",1188,2319,"23,97"
150460,MOCAJUBA,PA,11/2022,9265,5678,"61,28",5601,77,"98,64",3587,"38,72",1730,1857,"20,04"
150470,MOJU,PA,11/2022,22105,19257,"87,12",19103,154,"99,20",2848,"12,88",302,2546,"11,52"
150470,MOJU,PA,07/2022,22128,17217,"77,81",17195,22,"99,87",4911,"22,19",325,4586,"20,72"
150470,MOJU,PA,09/2022,22362,17660,"78,97",17607,53,"99,70",4702,"21,03",164,4538,"20,29"
150475,MOJUI DOS CAMPOS,PA,09/2022,4704,3432,"72,96",3431,1,"99,97",1272,"27,04",349,923,"19,62"
150475,MOJUI DOS CAMPOS,PA,07/2022,4863,2078,"42,73",1155,923,"55,58",2785,"57,27",133,2652,"54,53"
150475,MOJUI DOS CAMPOS,PA,11/2022,4631,3589,"77,50",3555,34,"99,05",1042,"22,50",11,1031,"22,26"
150480,MONTE ALEGRE,PA,11/2022,14146,12517,"88,48",12060,457,"96,35",1629,"11,52",55,1574,"11,13"
150480,MONTE ALEGRE,PA,09/2022,14720,13423,"91,19",12858,565,"95,79",1297,"8,81",47,1250,"8,49"
150480,MONTE ALEGRE,PA,07/2022,15229,13326,"87,50",12720,606,"95,45",1903,"12,50",58,1845,"12,12"
150490,MUANÁ,PA,07/2022,10449,8446,"80,83",8425,21,"99,75",2003,"19,17",39,1964,"18,80"
150490,MUANÁ,PA,09/2022,10479,8284,"79,05",8149,135,"98,37",2195,"20,95",108,2087,"19,92"
150490,MUANÁ,PA,11/2022,10402,8387,"80,63",8195,192,"97,71",2015,"19,37",47,1968,"18,92"
150495,NOVA ESPERANÇA DO PIRIÁ,PA,11/2022,6384,5169,"80,97",5169,0,"100,00",1215,"19,03",33,1182,"18,52"
150495,NOVA ESPERANÇA DO PIRIÁ,PA,09/2022,6441,5168,"80,24",5168,0,"100,00",1273,"19,76",33,1240,"19,25"
150495,NOVA ESPERANÇA DO PIRIÁ,PA,07/2022,6465,5202,"80,46",5202,0,"100,00",1263,"19,54",18,1245,"19,26"
150497,NOVA IPIXUNA,PA,07/2022,2240,2046,"91,34",1774,272,"86,71",194,"8,66",36,158,"7,05"
150497,NOVA IPIXUNA,PA,09/2022,2290,1842,"80,44",1638,204,"88,93",448,"19,56",35,413,"18,03"
150497,NOVA IPIXUNA,PA,11/2022,2241,1853,"82,69",1640,213,"88,51",388,"17,31",11,377,"16,82"
150500,NOVA TIMBOTEUA,PA,11/2022,2380,1767,"74,24",1761,6,"99,66",613,"25,76",7,606,"25,46"
150500,NOVA TIMBOTEUA,PA,07/2022,2382,1330,"55,84",1327,3,"99,77",1052,"44,16",466,586,"24,60"
150500,NOVA TIMBOTEUA,PA,09/2022,2378,1434,"60,30",1415,19,"98,68",944,"39,70",325,619,"26,03"
150503,NOVO PROGRESSO,PA,07/2022,3695,2607,"70,55",2602,5,"99,81",1088,"29,45",28,1060,"28,69"
150503,NOVO PROGRESSO,PA,09/2022,3852,2863,"74,33",2851,12,"99,58",989,"25,67",59,930,"24,14"
150503,NOVO PROGRESSO,PA,11/2022,4083,3184,"77,98",3155,29,"99,09",899,"22,02",34,865,"21,19"
150506,NOVO REPARTIMENTO,PA,11/2022,13138,11376,"86,59",11323,53,"99,53",1762,"13,41",43,1719,"13,08"
150506,NOVO REPARTIMENTO,PA,09/2022,13110,9865,"75,25",9690,175,"98,23",3245,"24,75",434,2811,"21,44"
150506,NOVO REPARTIMENTO,PA,07/2022,13225,10155,"76,79",10008,147,"98,55",3070,"23,21",112,2958,"22,37"
150510,ÓBIDOS,PA,07/2022,12732,9956,"78,20",9733,223,"97,76",2776,"21,80",101,2675,"21,01"
150510,ÓBIDOS,PA,09/2022,12716,10123,"79,61",10055,68,"99,33",2593,"20,39",126,2467,"19,40"
150510,ÓBIDOS,PA,11/2022,12565,9775,"77,80",9689,86,"99,12",2790,"22,20",47,2743,"21,83"
150520,OEIRAS DO PARÁ,PA,11/2022,11672,10088,"86,43",10056,32,"99,68",1584,"13,57",78,1506,"12,90"
150520,OEIRAS DO PARÁ,PA,09/2022,11790,10252,"86,96",10068,184,"98,21",1538,"13,04",111,1427,"12,10"
150520,OEIRAS DO PARÁ,PA,07/2022,11638,10637,"91,40",10637,0,"100,00",1001,"8,60",116,885,"7,60"
150530,ORIXIMINÁ,PA,09/2022,16552,13999,"84,58",13996,3,"99,98",2553,"15,42",169,2384,"14,40"
150530,ORIXIMINÁ,PA,07/2022,16533,14124,"85,43",14121,3,"99,98",2409,"14,57",95,2314,"14,00"
150530,ORIXIMINÁ,PA,11/2022,16638,13807,"82,98",13802,5,"99,96",2831,"17,02",87,2744,"16,49"
150540,OURÉM,PA,11/2022,3823,3216,"84,12",3053,163,"94,93",607,"15,88",19,588,"15,38"
150540,OURÉM,PA,07/2022,4123,3299,"80,01",2402,897,"72,81",824,"19,99",31,793,"19,23"
150540,OURÉM,PA,09/2022,4146,3576,"86,25",3080,496,"86,13",570,"13,75",43,527,"12,71"
150543,OURILÂNDIA DO NORTE,PA,09/2022,6644,4964,"74,71",4757,207,"95,83",1680,"25,29",53,1627,"24,49"
150543,OURILÂNDIA DO NORTE,PA,07/2022,6443,4584,"71,15",4389,195,"95,75",1859,"28,85",33,1826,"28,34"
150543,OURILÂNDIA DO NORTE,PA,11/2022,6714,5197,"77,41",5047,150,"97,11",1517,"22,59",15,1502,"22,37"
150548,PACAJÁ,PA,11/2022,10740,7033,"65,48",6990,43,"99,39",3707,"34,52",178,3529,"32,86"
150548,PACAJÁ,PA,07/2022,10884,6700,"61,56",6639,61,"99,09",4184,"38,44",582,3602,"33,09"
150548,PACAJÁ,PA,09/2022,10985,6890,"62,72",6741,149,"97,84",4095,"37,28",413,3682,"33,52"
150549,PALESTINA DO PARÁ,PA,09/2022,1567,1418,"90,49",1418,0,"100,00",149,"9,51",7,142,"9,06"
150549,PALESTINA DO PARÁ,PA,07/2022,1717,1254,"73,03",1254,0,"100,00",463,"26,97",8,455,"26,50"
150549,PALESTINA DO PARÁ,PA,11/2022,1576,1386,"87,94",1386,0,"100,00",190,"12,06",3,187,"11,87"
150550,PARAGOMINAS,PA,11/2022,18077,11869,"65,66",11451,418,"96,48",6208,"34,34",85,6123,"33,87"
150550,PARAGOMINAS,PA,09/2022,18395,11831,"64,32",11445,386,"96,74",6564,"35,68",99,6465,"35,15"
150550,PARAGOMINAS,PA,07/2022,18424,11685,"63,42",11656,29,"99,75",6739,"36,58",129,6610,"35,88"
150553,PARAUAPEBAS,PA,07/2022,26862,10427,"38,82",10423,4,"99,96",16435,"61,18",104,16331,"60,80"
150553,PARAUAPEBAS,PA,09/2022,28981,11564,"39,90",11559,5,"99,96",17417,"60,10",117,17300,"59,69"
150553,PARAUAPEBAS,PA,11/2022,29304,13425,"45,81",13368,57,"99,58",15879,"54,19",56,15823,"54,00"
150555,PAU D´ARCO,PA,11/2022,1417,1122,"79,18",1122,0,"100,00",295,"20,82",4,291,"20,54"
150555,PAU D´ARCO,PA,09/2022,1372,925,"67,42",920,5,"99,46",447,"32,58",68,379,"27,62"
150555,PAU D´ARCO,PA,07/2022,1371,942,"68,71",938,4,"99,58",429,"31,29",5,424,"30,93"
150560,PEIXE-BOI,PA,07/2022,1563,1418,"90,72",1418,0,"100,00",145,"9,28",2,143,"9,15"
150560,PEIXE-BOI,PA,09/2022,1554,1402,"90,22",1402,0,"100,00",152,"9,78",1,151,"9,72"
150560,PEIXE-BOI,PA,11/2022,1548,1515,"97,87",1515,0,"100,00",33,"2,13",2,31,"2,00"
150563,PIÇARRA,PA,11/2022,2344,1684,"71,84",1646,38,"97,74",660,"28,16",73,587,"25,04"
150563,PIÇARRA,PA,09/2022,2442,1390,"56,92",1387,3,"99,78",1052,"43,08",60,992,"40,62"
150563,PIÇARRA,PA,07/2022,2408,1329,"55,19",1317,12,"99,10",1079,"44,81",71,1008,"41,86"
150565,PLACAS,PA,09/2022,4194,3618,"86,27",3309,309,"91,46",576,"13,73",90,486,"11,59"
150565,PLACAS,PA,07/2022,4186,3458,"82,61",3251,207,"94,01",728,"17,39",36,692,"16,53"
150565,PLACAS,PA,11/2022,3997,2667,"66,73",2585,82,"96,93",1330,"33,27",770,560,"14,01"
150570,PONTA DE PEDRAS,PA,11/2022,6603,6130,"92,84",5743,387,"93,69",473,"7,16",100,373,"5,65"
150570,PONTA DE PEDRAS,PA,09/2022,6917,6043,"87,36",5779,264,"95,63",874,"12,64",202,672,"9,72"
150570,PONTA DE PEDRAS,PA,07/2022,6975,6219,"89,16",5995,224,"96,40",756,"10,84",209,547,"7,84"
150580,PORTEL,PA,09/2022,19892,12771,"64,20",12697,74,"99,42",7121,"35,80",1389,5732,"28,82"
150580,PORTEL,PA,07/2022,19618,14045,"71,59",14003,42,"99,70",5573,"28,41",900,4673,"23,82"
150580,PORTEL,PA,11/2022,19904,11606,"58,31",11468,138,"98,81",8298,"41,69",2513,5785,"29,06"
150590,PORTO DE MOZ,PA,11/2022,10902,9719,"89,15",9709,10,"99,90",1183,"10,85",41,1142,"10,48"
150590,PORTO DE MOZ,PA,09/2022,11061,6476,"58,55",6472,4,"99,94",4585,"41,45",3439,1146,"10,36"
150590,PORTO DE MOZ,PA,07/2022,11170,8463,"75,77",8461,2,"99,98",2707,"24,23",983,1724,"15,43"
150600,PRAINHA,PA,09/2022,11904,7887,"66,26",7699,188,"97,62",4017,"33,74",890,3127,"26,27"
150600,PRAINHA,PA,07/2022,11830,7979,"67,45",7942,37,"99,54",3851,"32,55",723,3128,"26,44"
150600,PRAINHA,PA,11/2022,11628,8906,"76,59",8705,201,"97,74",2722,"23,41",279,2443,"21,01"
150610,PRIMAVERA,PA,11/2022,2461,1750,"71,11",1740,10,"99,43",711,"28,89",8,703,"28,57"
150610,PRIMAVERA,PA,09/2022,2529,1686,"66,67",1678,8,"99,53",843,"33,33",5,838,"33,14"
150610,PRIMAVERA,PA,07/2022,2544,1500,"58,96",1440,60,"96,00",1044,"41,04",66,978,"38,44"
150611,QUATIPURU,PA,07/2022,2724,2479,"91,01",2441,38,"98,47",245,"8,99",34,211,"7,75"
150611,QUATIPURU,PA,09/2022,2736,2469,"90,24",2434,35,"98,58",267,"9,76",28,239,"8,74"
150611,QUATIPURU,PA,11/2022,2678,2445,"91,30",2399,46,"98,12",233,"8,70",16,217,"8,10"
150613,REDENÇÃO,PA,11/2022,10936,8811,"80,57",8720,91,"98,97",2125,"19,43",47,2078,"19,00"
150613,REDENÇÃO,PA,07/2022,10711,8020,"74,88",7816,204,"97,46",2691,"25,12",56,2635,"24,60"
150613,REDENÇÃO,PA,09/2022,10986,8369,"76,18",8152,217,"97,41",2617,"23,82",60,2557,"23,28"
150616,RIO MARIA,PA,07/2022,2331,1572,"67,44",1524,48,"96,95",759,"32,56",128,631,"27,07"
150616,RIO MARIA,PA,09/2022,2256,1625,"72,03",1564,61,"96,25",631,"27,97",38,593,"26,29"
150616,RIO MARIA,PA,11/2022,2244,1817,"80,97",1785,32,"98,24",427,"19,03",14,413,"18,40"
150618,RONDON DO PARÁ,PA,11/2022,5979,5087,"85,08",4893,194,"96,19",892,"14,92",5,887,"14,84"
150618,RONDON DO PARÁ,PA,09/2022,6084,5098,"83,79",4767,331,"93,51",986,"16,21",12,974,"16,01"
150618,RONDON DO PARÁ,PA,07/2022,6160,5105,"82,87",5042,63,"98,77",1055,"17,13",30,1025,"16,64"
150619,RURÓPOLIS,PA,07/2022,6183,3472,"56,15",3442,30,"99,14",2711,"43,85",50,2661,"43,04"
150619,RURÓPOLIS,PA,09/2022,6128,3014,"49,18",3013,1,"99,97",3114,"50,82",483,2631,"42,93"
150619,RURÓPOLIS,PA,11/2022,6109,3357,"54,95",3337,20,"99,40",2752,"45,05",57,2695,"44,12"
150620,SALINÓPOLIS,PA,11/2022,7696,7198,"93,53",7125,73,"98,99",498,"6,47",54,444,"5,77"
150620,SALINÓPOLIS,PA,09/2022,7422,6777,"91,31",6772,5,"99,93",645,"8,69",87,558,"7,52"
150620,SALINÓPOLIS,PA,07/2022,7393,6775,"91,64",6767,8,"99,88",618,"8,36",58,560,"7,57"
150630,SALVATERRA,PA,07/2022,6047,3354,"55,47",3323,31,"99,08",2693,"44,53",59,2634,"43,56"
150630,SALVATERRA,PA,09/2022,6085,3428,"56,34",3326,102,"97,02",2657,"43,66",65,2592,"42,60"
150630,SALVATERRA,PA,11/2022,5945,3383,"56,90",3278,105,"96,90",2562,"43,10",71,2491,"41,90"
150635,SANTA BÁRBARA DO PARÁ,PA,11/2022,4093,3638,"88,88",3549,89,"97,55",455,"11,12",38,417,"10,19"
150635,SANTA BÁRBARA DO PARÁ,PA,07/2022,4030,3490,"86,60",3365,125,"96,42",540,"13,40",149,391,"9,70"
150635,SANTA BÁRBARA DO PARÁ,PA,09/2022,4039,1959,"48,50",1897,62,"96,84",2080,"51,50",1713,367,"9,09"
150640,SANTA CRUZ DO ARARI,PA,07/2022,2307,1563,"67,75",1493,70,"95,52",744,"32,25",125,619,"26,83"
150640,SANTA CRUZ DO ARARI,PA,09/2022,2315,1505,"65,01",1431,74,"95,08",810,"34,99",87,723,"31,23"
150640,SANTA CRUZ DO ARARI,PA,11/2022,2199,1482,"67,39",1442,40,"97,30",717,"32,61",56,661,"30,06"
150650,SANTA ISABEL DO PARÁ,PA,09/2022,11295,9734,"86,18",9733,1,"99,99",1561,"13,82",27,1534,"13,58"
150650,SANTA ISABEL DO PARÁ,PA,07/2022,11022,9439,"85,64",9439,0,"100,00",1583,"14,36",28,1555,"14,11"
150650,SANTA ISABEL DO PARÁ,PA,11/2022,11373,9990,"87,84",9990,0,"100,00",1383,"12,16",13,1370,"12,05"
150655,SANTA LUZIA DO PARÁ,PA,11/2022,5276,4037,"76,52",4001,36,"99,11",1239,"23,48",72,1167,"22,12"
150655,SANTA LUZIA DO PARÁ,PA,07/2022,5382,4007,"74,45",3993,14,"99,65",1375,"25,55",34,1341,"24,92"
150655,SANTA LUZIA DO PARÁ,PA,09/2022,5390,4041,"74,97",4037,4,"99,90",1349,"25,03",48,1301,"24,14"
150658,SANTA MARIA DAS BARREIRAS,PA,07/2022,3515,1887,"53,68",1786,101,"94,65",1628,"46,32",306,1322,"37,61"
150658,SANTA MARIA DAS BARREIRAS,PA,09/2022,3427,1929,"56,29",1833,96,"95,02",1498,"43,71",288,1210,"35,31"
150658,SANTA MARIA DAS BARREIRAS,PA,11/2022,3411,1747,"51,22",1687,60,"96,57",1664,"48,78",294,1370,"40,16"
150660,SANTA MARIA DO PARÁ,PA,11/2022,4673,4297,"91,95",4297,0,"100,00",376,"8,05",9,367,"7,85"
150660,SANTA MARIA DO PARÁ,PA,07/2022,4844,4153,"85,73",4153,0,"100,00",691,"14,27",117,574,"11,85"
150660,SANTA MARIA DO PARÁ,PA,09/2022,4682,3418,"73,00",3418,0,"100,00",1264,"27,00",733,531,"11,34"
150670,SANTANA DO ARAGUAIA,PA,09/2022,6626,4152,"62,66",4130,22,"99,47",2474,"37,34",57,2417,"36,48"
150670,SANTANA DO ARAGUAIA,PA,07/2022,6787,4232,"62,35",4220,12,"99,72",2555,"37,65",50,2505,"36,91"
150670,SANTANA DO ARAGUAIA,PA,11/2022,6623,4197,"63,37",4194,3,"99,93",2426,"36,63",37,2389,"36,07"
150680,SANTARÉM,PA,11/2022,66076,56703,"85,81",55054,1649,"97,09",9373,"14,19",916,8457,"12,80"
150680,SANTARÉM,PA,07/2022,63049,48379,"76,73",47910,469,"99,03",14670,"23,27",997,13673,"21,69"
150680,SANTARÉM,PA,09/2022,65746,52036,"79,15",51168,868,"98,33",13710,"20,85",953,12757,"19,40"
150690,SANTARÉM NOVO,PA,07/2022,1741,1078,"61,92",1012,66,"93,88",663,"38,08",117,546,"31,36"
150690,SANTARÉM NOVO,PA,09/2022,1738,1129,"64,96",1117,12,"98,94",609,"35,04",81,528,"30,38"
150690,SANTARÉM NOVO,PA,11/2022,1646,1034,"62,82",1008,26,"97,49",612,"37,18",131,481,"29,22"
150700,SANTO ANTÔNIO DO TAUÁ,PA,11/2022,6890,5386,"78,17",5386,0,"100,00",1504,"21,83",43,1461,"21,20"
150700,SANTO ANTÔNIO DO TAUÁ,PA,07/2022,6687,4834,"72,29",4833,1,"99,98",1853,"27,71",420,1433,"21,43"
150700,SANTO ANTÔNIO DO TAUÁ,PA,09/2022,6839,4100,"59,95",4089,11,"99,73",2739,"40,05",1270,1469,"21,48"
150710,SÃO CAETANO DE ODIVELAS,PA,07/2022,3820,2418,"63,30",2395,23,"99,05",1402,"36,70",379,1023,"26,78"
150710,SÃO CAETANO DE ODIVELAS,PA,09/2022,3761,2746,"73,01",2702,44,"98,40",1015,"26,99",70,945,"25,13"
150710,SÃO CAETANO DE ODIVELAS,PA,11/2022,3661,3024,"82,60",2894,130,"95,70",637,"17,40",57,580,"15,84"
150715,SÃO DOMINGOS DO ARAGUAIA,PA,11/2022,4470,3519,"78,72",3508,11,"99,69",951,"21,28",29,922,"20,63"
150715,SÃO DOMINGOS DO ARAGUAIA,PA,07/2022,4627,3444,"74,43",3382,62,"98,20",1183,"25,57",59,1124,"24,29"
150715,SÃO DOMINGOS DO ARAGUAIA,PA,09/2022,4554,3545,"77,84",3529,16,"99,55",1009,"22,16",59,950,"20,86"
150720,SÃO DOMINGOS DO CAPIM,PA,07/2022,9333,7134,"76,44",7123,11,"99,85",2199,"23,56",144,2055,"22,02"
150720,SÃO DOMINGOS DO CAPIM,PA,09/2022,9217,7239,"78,54",7135,104,"98,56",1978,"21,46",88,1890,"20,51"
150720,SÃO DOMINGOS DO CAPIM,PA,11/2022,9076,7300,"80,43",7065,235,"96,78",1776,"19,57",151,1625,"17,90"
150730,SÃO FÉLIX DO XINGU,PA,11/2022,13817,10873,"78,69",10458,415,"96,18",2944,"21,31",13,2931,"21,21"
150730,SÃO FÉLIX DO XINGU,PA,09/2022,13843,10299,"74,40",9817,482,"95,32",3544,"25,60",70,3474,"25,10"
150730,SÃO FÉLIX DO XINGU,PA,07/2022,13930,10142,"72,81",9580,562,"94,46",3788,"27,19",33,3755,"26,96"
150740,SÃO FRANCISCO DO PARÁ,PA,09/2022,3331,1783,"53,53",1650,133,"92,54",1548,"46,47",341,1207,"36,24"
150740,SÃO FRANCISCO DO PARÁ,PA,07/2022,3272,1728,"52,81",1614,114,"93,40",1544,"47,19",370,1174,"35,88"
150740,SÃO FRANCISCO DO PARÁ,PA,11/2022,3213,1873,"58,29",1865,8,"99,57",1340,"41,71",213,1127,"35,08"
150745,SÃO GERALDO DO ARAGUAIA,PA,11/2022,5015,2873,"57,29",2848,25,"99,13",2142,"42,71",104,2038,"40,64"
150745,SÃO GERALDO DO ARAGUAIA,PA,07/2022,5075,3002,"59,15",2933,69,"97,70",2073,"40,85",85,1988,"39,17"
150745,SÃO GERALDO DO ARAGUAIA,PA,09/2022,5079,2909,"57,28",2835,74,"97,46",2170,"42,72",56,2114,"41,62"
150746,SÃO JOÃO DA PONTA,PA,07/2022,1509,1043,"69,12",836,207,"80,15",466,"30,88",8,458,"30,35"
150746,SÃO JOÃO DA PONTA,PA,09/2022,1512,1056,"69,84",1049,7,"99,34",456,"30,16",7,449,"29,70"
150746,SÃO JOÃO DA PONTA,PA,11/2022,1466,718,"48,98",718,0,"100,00",748,"51,02",317,431,"29,40"
150747,SÃO JOÃO DE PIRABAS,PA,11/2022,5000,3072,"61,44",3072,0,"100,00",1928,"38,56",415,1513,"30,26"
150747,SÃO JOÃO DE PIRABAS,PA,09/2022,5062,2284,"45,12",2271,13,"99,43",2778,"54,88",730,2048,"40,46"
150747,SÃO JOÃO DE PIRABAS,PA,07/2022,5102,2977,"58,35",2976,1,"99,97",2125,"41,65",57,2068,"40,53"
150750,SÃO JOÃO DO ARAGUAIA,PA,07/2022,3643,1640,"45,02",1605,35,"97,87",2003,"54,98",844,1159,"31,81"
150750,SÃO JOÃO DO ARAGUAIA,PA,09/2022,3676,1725,"46,93",1624,101,"94,14",1951,"53,07",655,1296,"35,26"
150750,SÃO JOÃO DO ARAGUAIA,PA,11/2022,3638,2476,"68,06",2395,81,"96,73",1162,"31,94",27,1135,"31,20"
150760,SÃO MIGUEL DO GUAMÁ,PA,11/2022,12944,10702,"82,68",10700,2,"99,98",2242,"17,32",106,2136,"16,50"
150760,SÃO MIGUEL DO GUAMÁ,PA,09/2022,12931,10005,"77,37",10005,0,"100,00",2926,"22,63",312,2614,"20,21"
150760,SÃO MIGUEL DO GUAMÁ,PA,07/2022,12200,2365,"19,39",2365,0,"100,00",9835,"80,61",7391,2444,"20,03"
150770,SÃO SEBASTIÃO DA BOA VISTA,PA,09/2022,8768,6722,"76,67",6412,310,"95,39",2046,"23,33",123,1923,"21,93"
150770,SÃO SEBASTIÃO DA BOA VISTA,PA,07/2022,8707,6634,"76,19",6512,122,"98,16",2073,"23,81",100,1973,"22,66"
150770,SÃO SEBASTIÃO DA BOA VISTA,PA,11/2022,8621,6690,"77,60",6330,360,"94,62",1931,"22,40",67,1864,"21,62"
150775,SAPUCAIA,PA,11/2022,905,687,"75,91",651,36,"94,76",218,"24,09",95,123,"13,59"
150775,SAPUCAIA,PA,07/2022,947,702,"74,13",677,25,"96,44",245,"25,87",12,233,"24,60"
150775,SAPUCAIA,PA,09/2022,878,667,"75,97",643,24,"96,40",211,"24,03",119,92,"10,48"
150780,SENADOR JOSÉ PORFÍRIO,PA,07/2022,5326,3145,"59,05",3143,2,"99,94",2181,"40,95",52,2129,"39,97"
150780,SENADOR JOSÉ PORFÍRIO,PA,09/2022,5520,3582,"64,89",3580,2,"99,94",1938,"35,11",74,1864,"33,77"
150780,SENADOR JOSÉ PORFÍRIO,PA,11/2022,5646,3916,"69,36",3916,0,"100,00",1730,"30,64",35,1695,"30,02"
150790,SOURE,PA,11/2022,6384,4489,"70,32",4178,311,"93,07",1895,"29,68",355,1540,"24,12"
150790,SOURE,PA,07/2022,6371,3795,"59,57",3672,123,"96,76",2576,"40,43",495,2081,"32,66"
150790,SOURE,PA,09/2022,6409,3772,"58,85",3557,215,"94,30",2637,"41,15",536,2101,"32,78"
150795,TAILÂNDIA,PA,07/2022,16766,9947,"59,33",9712,235,"97,64",6819,"40,67",775,6044,"36,05"
150795,TAILÂNDIA,PA,09/2022,17080,10907,"63,86",10574,333,"96,95",6173,"36,14",84,6089,"35,65"
150795,TAILÂNDIA,PA,11/2022,16894,10659,"63,09",9929,730,"93,15",6235,"36,91",457,5778,"34,20"
150796,TERRA ALTA,PA,11/2022,2966,2060,"69,45",2060,0,"100,00",906,"30,55",25,881,"29,70"
150796,TERRA ALTA,PA,09/2022,2988,2067,"69,18",2067,0,"100,00",921,"30,82",16,905,"30,29"
150796,TERRA ALTA,PA,07/2022,2933,2038,"69,49",2038,0,"100,00",895,"30,51",18,877,"29,90"
150797,TERRA SANTA,PA,09/2022,3946,3443,"87,25",3413,30,"99,13",503,"12,75",22,481,"12,19"
150797,TERRA SANTA,PA,07/2022,3828,3181,"83,10",2895,286,"91,01",647,"16,90",209,438,"11,44"
150797,TERRA SANTA,PA,11/2022,3877,3105,"80,09",3079,26,"99,16",772,"19,91",259,513,"13,23"
150800,TOMÉ-AÇU,PA,11/2022,17319,13862,"80,04",13316,546,"96,06",3457,"19,96",15,3442,"19,87"
150800,TOMÉ-AÇU,PA,07/2022,17351,12426,"71,62",11558,868,"93,01",4925,"28,38",29,4896,"28,22"
150800,TOMÉ-AÇU,PA,09/2022,17480,13634,"78,00",12922,712,"94,78",3846,"22,00",60,3786,"21,66"
150803,TRACUATEUA,PA,07/2022,7822,4679,"59,82",4673,6,"99,87",3143,"40,18",1570,1573,"20,11"
150803,TRACUATEUA,PA,09/2022,7759,4000,"51,55",3997,3,"99,93",3759,"48,45",1873,1886,"24,31"
150803,TRACUATEUA,PA,11/2022,7712,4547,"58,96",4547,0,"100,00",3165,"41,04",1317,1848,"23,96"
150805,TRAIRÃO,PA,11/2022,3577,2979,"83,28",2979,0,"100,00",598,"16,72",15,583,"16,30"
150805,TRAIRÃO,PA,07/2022,3458,2753,"79,61",2753,0,"100,00",705,"20,39",17,688,"19,90"
150805,TRAIRÃO,PA,09/2022,3542,2872,"81,08",2872,0,"100,00",670,"18,92",21,649,"18,32"
150808,TUCUMÃ,PA,07/2022,4570,3732,"81,66",3628,104,"97,21",838,"18,34",7,831,"18,18"
150808,TUCUMÃ,PA,09/2022,4658,3810,"81,79",3605,205,"94,62",848,"18,21",25,823,"17,67"
150808,TUCUMÃ,PA,11/2022,4608,3971,"86,18",3809,162,"95,92",637,"13,82",10,627,"13,61"
150810,TUCURUÍ,PA,11/2022,17179,14550,"84,70",14389,161,"98,89",2629,"15,30",65,2564,"14,93"
150810,TUCURUÍ,PA,07/2022,17396,14245,"81,89",14172,73,"99,49",3151,"18,11",222,2929,"16,84"
150810,TUCURUÍ,PA,09/2022,17601,14276,"81,11",13613,663,"95,36",3325,"18,89",192,3133,"17,80"
150812,ULIANÓPOLIS,PA,09/2022,5291,2918,"55,15",2914,4,"99,86",2373,"44,85",22,2351,"44,43"
150812,ULIANÓPOLIS,PA,07/2022,5311,2587,"48,71",2585,2,"99,92",2724,"51,29",39,2685,"50,56"
150812,ULIANÓPOLIS,PA,11/2022,5221,2924,"56,00",2918,6,"99,79",2297,"44,00",20,2277,"43,61"
150815,URUARÁ,PA,11/2022,10340,7929,"76,68",7929,0,"100,00",2411,"23,32",265,2146,"20,75"
150815,URUARÁ,PA,07/2022,10046,7622,"75,87",7523,99,"98,70",2424,"24,13",391,2033,"20,24"
150815,URUARÁ,PA,09/2022,10301,7760,"75,33",7666,94,"98,79",2541,"24,67",445,2096,"20,35"
150820,VIGIA,PA,09/2022,10928,5467,"50,03",5305,162,"97,04",5461,"49,97",1925,3536,"32,36"
150820,VIGIA,PA,07/2022,10645,3588,"33,71",3514,74,"97,94",7057,"66,29",4155,2902,"27,26"
150820,VIGIA,PA,11/2022,10664,5056,"47,41",5042,14,"99,72",5608,"52,59",1644,3964,"37,17"
150830,VISEU,PA,11/2022,17804,10231,"57,46",8923,1308,"87,22",7573,"42,54",4547,3026,"17,00"
150830,VISEU,PA,09/2022,18238,9866,"54,10",8486,1380,"86,01",8372,"45,90",5066,3306,"18,13"
150830,VISEU,PA,07/2022,18349,8766,"47,77",7607,1159,"86,78",9583,"52,23",5900,3683,"20,07"
150835,VITÓRIA DO XINGU,PA,07/2022,3178,2250,"70,80",2250,0,"100,00",928,"29,20",14,914,"28,76"
150835,VITÓRIA DO XINGU,PA,09/2022,3389,2377,"70,14",2352,25,"98,95",1012,"29,86",14,998,"29,45"
150835,VITÓRIA DO XINGU,PA,11/2022,3446,2500,"72,55",2492,8,"99,68",946,"27,45",6,940,"27,28"
150840,XINGUARA,PA,11/2022,7352,6843,"93,08",6843,0,"100,00",509,"6,92",17,492,"6,69"
150840,XINGUARA,PA,09/2022,7295,6703,"91,88",6700,3,"99,96",592,"8,12",20,572,"7,84"
150840,XINGUARA,PA,07/2022,7044,6449,"91,55",6443,6,"99,91",595,"8,45",19,576,"8,18"
250010,ÁGUA BRANCA,PB,11/2022,1710,1445,"84,50",1443,2,"99,86",265,"15,50",5,260,"15,20"
250010,ÁGUA BRANCA,PB,07/2022,1749,1198,"68,50",1191,7,"99,42",551,"31,50",14,537,"30,70"
250010,ÁGUA BRANCA,PB,09/2022,1728,1302,"75,35",1280,22,"98,31",426,"24,65",26,400,"23,15"
250020,AGUIAR,PB,07/2022,866,687,"79,33",651,36,"94,76",179,"20,67",13,166,"19,17"
250020,AGUIAR,PB,09/2022,829,703,"84,80",703,0,"100,00",126,"15,20",16,110,"13,27"
250020,AGUIAR,PB,11/2022,793,694,"87,52",663,31,"95,53",99,"12,48",19,80,"10,09"
250030,ALAGOA GRANDE,PB,11/2022,5435,3798,"69,88",3798,0,"100,00",1637,"30,12",137,1500,"27,60"
250030,ALAGOA GRANDE,PB,09/2022,5545,3596,"64,85",3596,0,"100,00",1949,"35,15",282,1667,"30,06"
250030,ALAGOA GRANDE,PB,07/2022,5561,3244,"58,33",3143,101,"96,89",2317,"41,67",309,2008,"36,11"
250040,ALAGOA NOVA,PB,09/2022,3445,2791,"81,02",2680,111,"96,02",654,"18,98",32,622,"18,06"
250040,ALAGOA NOVA,PB,07/2022,3541,2751,"77,69",2608,143,"94,80",790,"22,31",24,766,"21,63"
250040,ALAGOA NOVA,PB,11/2022,3300,3003,"91,00",2869,134,"95,54",297,"9,00",19,278,"8,42"
250050,ALAGOINHA,PB,11/2022,2913,2462,"84,52",2460,2,"99,92",451,"15,48",28,423,"14,52"
250050,ALAGOINHA,PB,09/2022,2941,2474,"84,12",2473,1,"99,96",467,"15,88",44,423,"14,38"
250050,ALAGOINHA,PB,07/2022,2957,2212,"74,81",2208,4,"99,82",745,"25,19",68,677,"22,89"
250053,ALCANTIL,PB,07/2022,1013,708,"69,89",687,21,"97,03",305,"30,11",63,242,"23,89"
250053,ALCANTIL,PB,09/2022,1013,715,"70,58",689,26,"96,36",298,"29,42",1,297,"29,32"
250053,ALCANTIL,PB,11/2022,1019,719,"70,56",672,47,"93,46",300,"29,44",0,300,"29,44"
250057,ALGODÃO DE JANDAÍRA,PB,11/2022,750,568,"75,73",568,0,"100,00",182,"24,27",5,177,"23,60"
250057,ALGODÃO DE JANDAÍRA,PB,09/2022,758,574,"75,73",574,0,"100,00",184,"24,27",5,179,"23,61"
250057,ALGODÃO DE JANDAÍRA,PB,07/2022,742,545,"73,45",545,0,"100,00",197,"26,55",24,173,"23,32"
250060,ALHANDRA,PB,07/2022,5225,3772,"72,19",3769,3,"99,92",1453,"27,81",10,1443,"27,62"
250060,ALHANDRA,PB,09/2022,5294,4149,"78,37",4147,2,"99,95",1145,"21,63",31,1114,"21,04"
250060,ALHANDRA,PB,11/2022,5249,4285,"81,63",4283,2,"99,95",964,"18,37",19,945,"18,00"
250070,SÃO JOÃO DO RIO DO PEIXE,PB,11/2022,2361,1563,"66,20",1528,35,"97,76",798,"33,80",4,794,"33,63"
250070,SÃO JOÃO DO RIO DO PEIXE,PB,07/2022,2448,1413,"57,72",1382,31,"97,81",1035,"42,28",124,911,"37,21"
250070,SÃO JOÃO DO RIO DO PEIXE,PB,09/2022,2472,1545,"62,50",1444,101,"93,46",927,"37,50",4,923,"37,34"
250073,AMPARO,PB,09/2022,452,421,"93,14",389,32,"92,40",31,"6,86",13,18,"3,98"
250073,AMPARO,PB,07/2022,443,411,"92,78",389,22,"94,65",32,"7,22",15,17,"3,84"
250073,AMPARO,PB,11/2022,415,392,"94,46",386,6,"98,47",23,"5,54",13,10,"2,41"
250077,APARECIDA,PB,11/2022,1381,1188,"86,02",1066,122,"89,73",193,"13,98",9,184,"13,32"
250077,APARECIDA,PB,09/2022,1477,1230,"83,28",1143,87,"92,93",247,"16,72",6,241,"16,32"
250077,APARECIDA,PB,07/2022,1474,1194,"81,00",1097,97,"91,88",280,"19,00",9,271,"18,39"
250080,ARAÇAGI,PB,07/2022,3281,2345,"71,47",2321,24,"98,98",936,"28,53",15,921,"28,07"
250080,ARAÇAGI,PB,09/2022,3328,2352,"70,67",2351,1,"99,96",976,"29,33",21,955,"28,70"
250080,ARAÇAGI,PB,11/2022,3275,2354,"71,88",2352,2,"99,92",921,"28,12",10,911,"27,82"
250090,ARARA,PB,11/2022,2104,1882,"89,45",1762,120,"93,62",222,"10,55",20,202,"9,60"
250090,ARARA,PB,07/2022,2275,1838,"80,79",1831,7,"99,62",437,"19,21",12,425,"18,68"
250090,ARARA,PB,09/2022,2231,1912,"85,70",1816,96,"94,98",319,"14,30",24,295,"13,22"
250100,ARARUNA,PB,07/2022,3068,2053,"66,92",2029,24,"98,83",1015,"33,08",20,995,"32,43"
250100,ARARUNA,PB,09/2022,3047,2109,"69,22",2070,39,"98,15",938,"30,78",14,924,"30,32"
250100,ARARUNA,PB,11/2022,2948,2080,"70,56",2078,2,"99,90",868,"29,44",2,866,"29,38"
250110,AREIA,PB,11/2022,4214,3095,"73,45",3095,0,"100,00",1119,"26,55",6,1113,"26,41"
250110,AREIA,PB,09/2022,4204,3003,"71,43",2986,17,"99,43",1201,"28,57",61,1140,"27,12"
250110,AREIA,PB,07/2022,4225,3037,"71,88",3005,32,"98,95",1188,"28,12",24,1164,"27,55"
250115,AREIA DE BARAÚNAS,PB,07/2022,353,257,"72,80",255,2,"99,22",96,"27,20",3,93,"26,35"
250115,AREIA DE BARAÚNAS,PB,09/2022,355,259,"72,96",229,30,"88,42",96,"27,04",1,95,"26,76"
250115,AREIA DE BARAÚNAS,PB,11/2022,332,258,"77,71",243,15,"94,19",74,"22,29",1,73,"21,99"
250120,AREIAL,PB,11/2022,1430,1334,"93,29",1262,72,"94,60",96,"6,71",23,73,"5,10"
250120,AREIAL,PB,09/2022,1533,1449,"94,52",1251,198,"86,34",84,"5,48",23,61,"3,98"
250120,AREIAL,PB,07/2022,1548,1436,"92,76",1209,227,"84,19",112,"7,24",34,78,"5,04"
250130,AROEIRAS,PB,07/2022,4092,3391,"82,87",3391,0,"100,00",701,"17,13",57,644,"15,74"
250130,AROEIRAS,PB,09/2022,4111,3189,"77,57",3178,11,"99,66",922,"22,43",104,818,"19,90"
250130,AROEIRAS,PB,11/2022,3980,3097,"77,81",3074,23,"99,26",883,"22,19",49,834,"20,95"
250135,ASSUNÇÃO,PB,11/2022,904,755,"83,52",745,10,"98,68",149,"16,48",12,137,"15,15"
250135,ASSUNÇÃO,PB,07/2022,903,769,"85,16",725,44,"94,28",134,"14,84",10,124,"13,73"
250135,ASSUNÇÃO,PB,09/2022,928,791,"85,24",734,57,"92,79",137,"14,76",11,126,"13,58"
250140,BAÍA DA TRAIÇÃO,PB,09/2022,2241,1852,"82,64",1623,229,"87,63",389,"17,36",8,381,"17,00"
250140,BAÍA DA TRAIÇÃO,PB,07/2022,2252,1841,"81,75",1583,258,"85,99",411,"18,25",10,401,"17,81"
250140,BAÍA DA TRAIÇÃO,PB,11/2022,2077,1694,"81,56",1604,90,"94,69",383,"18,44",13,370,"17,81"
250150,BANANEIRAS,PB,11/2022,4228,3069,"72,59",3069,0,"100,00",1159,"27,41",17,1142,"27,01"
250150,BANANEIRAS,PB,07/2022,4296,2174,"50,61",2174,0,"100,00",2122,"49,39",13,2109,"49,09"
250150,BANANEIRAS,PB,09/2022,4299,2569,"59,76",2569,0,"100,00",1730,"40,24",18,1712,"39,82"
250153,BARAÚNA,PB,07/2022,971,904,"93,10",756,148,"83,63",67,"6,90",6,61,"6,28"
250153,BARAÚNA,PB,09/2022,978,912,"93,25",769,143,"84,32",66,"6,75",3,63,"6,44"
250153,BARAÚNA,PB,11/2022,881,864,"98,07",800,64,"92,59",17,"1,93",8,9,"1,02"
250157,BARRA DE SANTANA,PB,11/2022,1478,1029,"69,62",1002,27,"97,38",449,"30,38",20,429,"29,03"
250157,BARRA DE SANTANA,PB,07/2022,1508,1059,"70,23",1022,37,"96,51",449,"29,77",8,441,"29,24"
250157,BARRA DE SANTANA,PB,09/2022,1496,1033,"69,05",1014,19,"98,16",463,"30,95",7,456,"30,48"
250160,BARRA DE SANTA ROSA,PB,07/2022,2394,1844,"77,03",1833,11,"99,40",550,"22,97",79,471,"19,67"
250160,BARRA DE SANTA ROSA,PB,09/2022,2377,1940,"81,62",1940,0,"100,00",437,"18,38",2,435,"18,30"
250160,BARRA DE SANTA ROSA,PB,11/2022,2345,1901,"81,07",1899,2,"99,89",444,"18,93",51,393,"16,76"
250170,BARRA DE SÃO MIGUEL,PB,11/2022,1277,1031,"80,74",1020,11,"98,93",246,"19,26",21,225,"17,62"
250170,BARRA DE SÃO MIGUEL,PB,07/2022,1267,1018,"80,35",1009,9,"99,12",249,"19,65",30,219,"17,28"
250170,BARRA DE SÃO MIGUEL,PB,09/2022,1283,1043,"81,29",1043,0,"100,00",240,"18,71",17,223,"17,38"
250180,BAYEUX,PB,07/2022,14910,10279,"68,94",10275,4,"99,96",4631,"31,06",224,4407,"29,56"
250180,BAYEUX,PB,09/2022,15272,10942,"71,65",10888,54,"99,51",4330,"28,35",192,4138,"27,10"
250180,BAYEUX,PB,11/2022,14866,11128,"74,86",11053,75,"99,33",3738,"25,14",147,3591,"24,16"
250190,BELÉM,PB,11/2022,2617,2076,"79,33",1962,114,"94,51",541,"20,67",30,511,"19,53"
250190,BELÉM,PB,07/2022,2806,1492,"53,17",1406,86,"94,24",1314,"46,83",37,1277,"45,51"
250190,BELÉM,PB,09/2022,2625,2068,"78,78",1957,111,"94,63",557,"21,22",45,512,"19,50"
250200,BELÉM DO BREJO DO CRUZ,PB,09/2022,1317,1177,"89,37",1152,25,"97,88",140,"10,63",49,91,"6,91"
250200,BELÉM DO BREJO DO CRUZ,PB,07/2022,1340,1114,"83,13",1106,8,"99,28",226,"16,87",83,143,"10,67"
250200,BELÉM DO BREJO DO CRUZ,PB,11/2022,1277,1151,"90,13",1126,25,"97,83",126,"9,87",51,75,"5,87"
250205,BERNARDINO BATISTA,PB,11/2022,736,676,"91,85",665,11,"98,37",60,"8,15",6,54,"7,34"
250205,BERNARDINO BATISTA,PB,09/2022,738,639,"86,59",639,0,"100,00",99,"13,41",41,58,"7,86"
250205,BERNARDINO BATISTA,PB,07/2022,731,630,"86,18",630,0,"100,00",101,"13,82",3,98,"13,41"
250210,BOA VENTURA,PB,07/2022,1192,652,"54,70",651,1,"99,85",540,"45,30",26,514,"43,12"
250210,BOA VENTURA,PB,09/2022,1154,660,"57,19",592,68,"89,70",494,"42,81",6,488,"42,29"
250210,BOA VENTURA,PB,11/2022,1104,625,"56,61",607,18,"97,12",479,"43,39",2,477,"43,21"
250215,BOA VISTA,PB,11/2022,928,838,"90,30",838,0,"100,00",90,"9,70",17,73,"7,87"
250215,BOA VISTA,PB,07/2022,891,262,"29,41",262,0,"100,00",629,"70,59",419,210,"23,57"
250215,BOA VISTA,PB,09/2022,948,812,"85,65",812,0,"100,00",136,"14,35",13,123,"12,97"
250220,BOM JESUS,PB,09/2022,455,374,"82,20",372,2,"99,47",81,"17,80",1,80,"17,58"
250220,BOM JESUS,PB,07/2022,453,382,"84,33",322,60,"84,29",71,"15,67",1,70,"15,45"
250220,BOM JESUS,PB,11/2022,430,391,"90,93",365,26,"93,35",39,"9,07",3,36,"8,37"
250230,BOM SUCESSO,PB,11/2022,579,531,"91,71",512,19,"96,42",48,"8,29",8,40,"6,91"
250230,BOM SUCESSO,PB,09/2022,637,572,"89,80",513,59,"89,69",65,"10,20",15,50,"7,85"
250230,BOM SUCESSO,PB,07/2022,629,528,"83,94",511,17,"96,78",101,"16,06",9,92,"14,63"
250240,BONITO DE SANTA FÉ,PB,09/2022,2166,1547,"71,42",1535,12,"99,22",619,"28,58",2,617,"28,49"
250240,BONITO DE SANTA FÉ,PB,07/2022,2124,1520,"71,56",1519,1,"99,93",604,"28,44",4,600,"28,25"
250240,BONITO DE SANTA FÉ,PB,11/2022,2070,1799,"86,91",1799,0,"100,00",271,"13,09",4,267,"12,90"
250250,BOQUEIRÃO,PB,11/2022,3915,3571,"91,21",3567,4,"99,89",344,"8,79",31,313,"7,99"
250250,BOQUEIRÃO,PB,07/2022,3876,3409,"87,95",3409,0,"100,00",467,"12,05",66,401,"10,35"
250250,BOQUEIRÃO,PB,09/2022,3915,3491,"89,17",3491,0,"100,00",424,"10,83",20,404,"10,32"
250260,IGARACY,PB,09/2022,1152,826,"71,70",774,52,"93,70",326,"28,30",3,323,"28,04"
250260,IGARACY,PB,07/2022,1153,798,"69,21",765,33,"95,86",355,"30,79",3,352,"30,53"
250260,IGARACY,PB,11/2022,1118,801,"71,65",765,36,"95,51",317,"28,35",5,312,"27,91"
250270,BORBOREMA,PB,11/2022,1084,870,"80,26",818,52,"94,02",214,"19,74",5,209,"19,28"
250270,BORBOREMA,PB,07/2022,1103,664,"60,20",650,14,"97,89",439,"39,80",219,220,"19,95"
250270,BORBOREMA,PB,09/2022,1112,896,"80,58",896,0,"100,00",216,"19,42",2,214,"19,24"
250280,BREJO DO CRUZ,PB,09/2022,2322,1972,"84,93",1957,15,"99,24",350,"15,07",52,298,"12,83"
250280,BREJO DO CRUZ,PB,07/2022,2289,1995,"87,16",1957,38,"98,10",294,"12,84",40,254,"11,10"
250280,BREJO DO CRUZ,PB,11/2022,2316,2024,"87,39",2024,0,"100,00",292,"12,61",46,246,"10,62"
250290,BREJO DOS SANTOS,PB,11/2022,861,781,"90,71",758,23,"97,06",80,"9,29",14,66,"7,67"
250290,BREJO DOS SANTOS,PB,09/2022,913,841,"92,11",752,89,"89,42",72,"7,89",7,65,"7,12"
250290,BREJO DOS SANTOS,PB,07/2022,931,776,"83,35",723,53,"93,17",155,"16,65",10,145,"15,57"
250300,CAAPORÃ,PB,07/2022,4825,3654,"75,73",3618,36,"99,01",1171,"24,27",61,1110,"23,01"
250300,CAAPORÃ,PB,09/2022,4706,3478,"73,91",3402,76,"97,81",1228,"26,09",35,1193,"25,35"
250300,CAAPORÃ,PB,11/2022,4570,3570,"78,12",3403,167,"95,32",1000,"21,88",26,974,"21,31"
250310,CABACEIRAS,PB,11/2022,762,742,"97,38",693,49,"93,40",20,"2,62",15,5,"0,66"
250310,CABACEIRAS,PB,07/2022,830,768,"92,53",692,76,"90,10",62,"7,47",9,53,"6,39"
250310,CABACEIRAS,PB,09/2022,806,789,"97,89",695,94,"88,09",17,"2,11",3,14,"1,74"
250320,CABEDELO,PB,07/2022,8853,5506,"62,19",5459,47,"99,15",3347,"37,81",602,2745,"31,01"
250320,CABEDELO,PB,09/2022,9138,6112,"66,89",6065,47,"99,23",3026,"33,11",144,2882,"31,54"
250320,CABEDELO,PB,11/2022,8976,5924,"66,00",5921,3,"99,95",3052,"34,00",419,2633,"29,33"
250330,CACHOEIRA DOS ÍNDIOS,PB,11/2022,1562,1352,"86,56",1352,0,"100,00",210,"13,44",6,204,"13,06"
250330,CACHOEIRA DOS ÍNDIOS,PB,07/2022,1657,1510,"91,13",1427,83,"94,50",147,"8,87",9,138,"8,33"
250330,CACHOEIRA DOS ÍNDIOS,PB,09/2022,1666,1380,"82,83",1375,5,"99,64",286,"17,17",9,277,"16,63"
250340,CACIMBA DE AREIA,PB,09/2022,599,542,"90,48",485,57,"89,48",57,"9,52",15,42,"7,01"
250340,CACIMBA DE AREIA,PB,07/2022,626,547,"87,38",498,49,"91,04",79,"12,62",16,63,"10,06"
250340,CACIMBA DE AREIA,PB,11/2022,538,487,"90,52",474,13,"97,33",51,"9,48",8,43,"7,99"
250350,CACIMBA DE DENTRO,PB,11/2022,2898,2891,"99,76",2631,260,"91,01",7,"0,24",5,2,"0,07"
250350,CACIMBA DE DENTRO,PB,07/2022,3202,2102,"65,65",1779,323,"84,63",1100,"34,35",4,1096,"34,23"
250350,CACIMBA DE DENTRO,PB,09/2022,3172,2113,"66,61",1947,166,"92,14",1059,"33,39",6,1053,"33,20"
250355,CACIMBAS,PB,09/2022,2181,1895,"86,89",1894,1,"99,95",286,"13,11",9,277,"12,70"
250355,CACIMBAS,PB,07/2022,2153,1652,"76,73",1639,13,"99,21",501,"23,27",119,382,"17,74"
250355,CACIMBAS,PB,11/2022,2149,1437,"66,87",1419,18,"98,75",712,"33,13",455,257,"11,96"
250360,CAIÇARA,PB,11/2022,1280,858,"67,03",826,32,"96,27",422,"32,97",14,408,"31,88"
250360,CAIÇARA,PB,09/2022,1297,804,"61,99",773,31,"96,14",493,"38,01",12,481,"37,09"
250360,CAIÇARA,PB,07/2022,1298,744,"57,32",720,24,"96,77",554,"42,68",64,490,"37,75"
250370,CAJAZEIRAS,PB,09/2022,10238,6363,"62,15",5978,385,"93,95",3875,"37,85",9,3866,"37,76"
250370,CAJAZEIRAS,PB,07/2022,10141,6384,"62,95",6110,274,"95,71",3757,"37,05",10,3747,"36,95"
250370,CAJAZEIRAS,PB,11/2022,10068,6769,"67,23",6576,193,"97,15",3299,"32,77",6,3293,"32,71"
250375,CAJAZEIRINHAS,PB,11/2022,827,569,"68,80",567,2,"99,65",258,"31,20",3,255,"30,83"
250375,CAJAZEIRINHAS,PB,07/2022,850,575,"67,65",569,6,"98,96",275,"32,35",4,271,"31,88"
250375,CAJAZEIRINHAS,PB,09/2022,865,583,"67,40",577,6,"98,97",282,"32,60",4,278,"32,14"
250380,CALDAS BRANDÃO,PB,09/2022,1281,914,"71,35",914,0,"100,00",367,"28,65",5,362,"28,26"
250380,CALDAS BRANDÃO,PB,07/2022,1243,831,"66,85",687,144,"82,67",412,"33,15",54,358,"28,80"
250380,CALDAS BRANDÃO,PB,11/2022,1221,869,"71,17",869,0,"100,00",352,"28,83",3,349,"28,58"
250390,CAMALAÚ,PB,11/2022,1040,1003,"96,44",926,77,"92,32",37,"3,56",8,29,"2,79"
250390,CAMALAÚ,PB,07/2022,1189,1044,"87,80",956,88,"91,57",145,"12,20",11,134,"11,27"
250390,CAMALAÚ,PB,09/2022,1183,1111,"93,91",950,161,"85,51",72,"6,09",26,46,"3,89"
250400,CAMPINA GRANDE,PB,07/2022,41650,27899,"66,98",27898,1,"100,00",13751,"33,02",1979,11772,"28,26"
250400,CAMPINA GRANDE,PB,09/2022,42174,28992,"68,74",28991,1,"100,00",13182,"31,26",1304,11878,"28,16"
250400,CAMPINA GRANDE,PB,11/2022,41267,23087,"55,95",23086,1,"100,00",18180,"44,05",6592,11588,"28,08"
250403,CAPIM,PB,11/2022,1483,1337,"90,16",1330,7,"99,48",146,"9,84",13,133,"8,97"
250403,CAPIM,PB,09/2022,1549,1383,"89,28",1357,26,"98,12",166,"10,72",12,154,"9,94"
250403,CAPIM,PB,07/2022,1590,1336,"84,03",1326,10,"99,25",254,"15,97",21,233,"14,65"
250407,CARAÚBAS,PB,09/2022,739,594,"80,38",506,88,"85,19",145,"19,62",54,91,"12,31"
250407,CARAÚBAS,PB,07/2022,736,517,"70,24",515,2,"99,61",219,"29,76",130,89,"12,09"
250407,CARAÚBAS,PB,11/2022,723,587,"81,19",541,46,"92,16",136,"18,81",46,90,"12,45"
250410,CARRAPATEIRA,PB,11/2022,381,358,"93,96",348,10,"97,21",23,"6,04",6,17,"4,46"
250410,CARRAPATEIRA,PB,09/2022,421,400,"95,01",353,47,"88,25",21,"4,99",5,16,"3,80"
250410,CARRAPATEIRA,PB,07/2022,422,400,"94,79",348,52,"87,00",22,"5,21",9,13,"3,08"
250415,CASSERENGUE,PB,07/2022,1479,902,"60,99",857,45,"95,01",577,"39,01",3,574,"38,81"
250415,CASSERENGUE,PB,09/2022,1471,894,"60,77",793,101,"88,70",577,"39,23",8,569,"38,68"
250415,CASSERENGUE,PB,11/2022,1456,1075,"73,83",993,82,"92,37",381,"26,17",1,380,"26,10"
250420,CATINGUEIRA,PB,11/2022,881,795,"90,24",620,175,"77,99",86,"9,76",12,74,"8,40"
250420,CATINGUEIRA,PB,09/2022,943,705,"74,76",542,163,"76,88",238,"25,24",170,68,"7,21"
250420,CATINGUEIRA,PB,07/2022,973,794,"81,60",615,179,"77,46",179,"18,40",5,174,"17,88"
250430,CATOLÉ DO ROCHA,PB,07/2022,4535,3540,"78,06",3479,61,"98,28",995,"21,94",124,871,"19,21"
250430,CATOLÉ DO ROCHA,PB,09/2022,4748,3802,"80,08",3801,1,"99,97",946,"19,92",28,918,"19,33"
250430,CATOLÉ DO ROCHA,PB,11/2022,4603,3252,"70,65",3227,25,"99,23",1351,"29,35",40,1311,"28,48"
250435,CATURITÉ,PB,11/2022,974,898,"92,20",883,15,"98,33",76,"7,80",15,61,"6,26"
250435,CATURITÉ,PB,07/2022,1056,967,"91,57",854,113,"88,31",89,"8,43",13,76,"7,20"
250435,CATURITÉ,PB,09/2022,1054,982,"93,17",861,121,"87,68",72,"6,83",8,64,"6,07"
250440,CONCEIÇÃO,PB,09/2022,3289,3075,"93,49",2708,367,"88,07",214,"6,51",34,180,"5,47"
250440,CONCEIÇÃO,PB,07/2022,3416,2426,"71,02",2116,310,"87,22",990,"28,98",17,973,"28,48"
250440,CONCEIÇÃO,PB,11/2022,2985,2747,"92,03",2584,163,"94,07",238,"7,97",17,221,"7,40"
250450,CONDADO,PB,11/2022,1117,881,"78,87",872,9,"98,98",236,"21,13",0,236,"21,13"
250450,CONDADO,PB,09/2022,1186,929,"78,33",846,83,"91,07",257,"21,67",13,244,"20,57"
250450,CONDADO,PB,07/2022,1180,871,"73,81",795,76,"91,27",309,"26,19",4,305,"25,85"
250460,CONDE,PB,07/2022,6335,5057,"79,83",4911,146,"97,11",1278,"20,17",56,1222,"19,29"
250460,CONDE,PB,09/2022,6358,5377,"84,57",5234,143,"97,34",981,"15,43",125,856,"13,46"
250460,CONDE,PB,11/2022,6320,5341,"84,51",5234,107,"98,00",979,"15,49",84,895,"14,16"
250470,CONGO,PB,11/2022,910,796,"87,47",796,0,"100,00",114,"12,53",5,109,"11,98"
250470,CONGO,PB,07/2022,953,750,"78,70",750,0,"100,00",203,"21,30",6,197,"20,67"
250470,CONGO,PB,09/2022,962,761,"79,11",709,52,"93,17",201,"20,89",9,192,"19,96"
250480,COREMAS,PB,09/2022,3066,2349,"76,61",2196,153,"93,49",717,"23,39",23,694,"22,64"
250480,COREMAS,PB,07/2022,3180,2405,"75,63",2027,378,"84,28",775,"24,37",13,762,"23,96"
250480,COREMAS,PB,11/2022,2839,2262,"79,68",2186,76,"96,64",577,"20,32",14,563,"19,83"
250485,COXIXOLA,PB,11/2022,296,279,"94,26",279,0,"100,00",17,"5,74",3,14,"4,73"
250485,COXIXOLA,PB,09/2022,304,287,"94,41",287,0,"100,00",17,"5,59",3,14,"4,61"
250485,COXIXOLA,PB,07/2022,288,274,"95,14",274,0,"100,00",14,"4,86",2,12,"4,17"
250490,CRUZ DO ESPÍRITO SANTO,PB,07/2022,4132,3267,"79,07",3262,5,"99,85",865,"20,93",21,844,"20,43"
250490,CRUZ DO ESPÍRITO SANTO,PB,09/2022,4076,3240,"79,49",3235,5,"99,85",836,"20,51",7,829,"20,34"
250490,CRUZ DO ESPÍRITO SANTO,PB,11/2022,3981,3142,"78,92",3142,0,"100,00",839,"21,08",8,831,"20,87"
250500,CUBATI,PB,11/2022,1333,1289,"96,70",1170,119,"90,77",44,"3,30",13,31,"2,33"
250500,CUBATI,PB,07/2022,1456,1241,"85,23",1178,63,"94,92",215,"14,77",8,207,"14,22"
250500,CUBATI,PB,09/2022,1429,1334,"93,35",1010,324,"75,71",95,"6,65",32,63,"4,41"
250510,CUITÉ,PB,07/2022,3594,2312,"64,33",2311,1,"99,96",1282,"35,67",64,1218,"33,89"
250510,CUITÉ,PB,09/2022,3571,2397,"67,12",2397,0,"100,00",1174,"32,88",345,829,"23,21"
250510,CUITÉ,PB,11/2022,3365,2408,"71,56",2306,102,"95,76",957,"28,44",304,653,"19,41"
250520,CUITEGI,PB,11/2022,1519,1297,"85,39",1297,0,"100,00",222,"14,61",1,221,"14,55"
250520,CUITEGI,PB,09/2022,1523,1180,"77,48",1180,0,"100,00",343,"22,52",1,342,"22,46"
250520,CUITEGI,PB,07/2022,1500,1158,"77,20",1149,9,"99,22",342,"22,80",7,335,"22,33"
250523,CUITÉ DE MAMANGUAPE,PB,07/2022,1421,1041,"73,26",969,72,"93,08",380,"26,74",40,340,"23,93"
250523,CUITÉ DE MAMANGUAPE,PB,09/2022,1412,1266,"89,66",1076,190,"84,99",146,"10,34",18,128,"9,07"
250523,CUITÉ DE MAMANGUAPE,PB,11/2022,1345,1154,"85,80",1038,116,"89,95",191,"14,20",23,168,"12,49"
250527,CURRAL DE CIMA,PB,11/2022,1237,1004,"81,16",1004,0,"100,00",233,"18,84",26,207,"16,73"
250527,CURRAL DE CIMA,PB,09/2022,1250,1037,"82,96",1037,0,"100,00",213,"17,04",4,209,"16,72"
250527,CURRAL DE CIMA,PB,07/2022,1260,1013,"80,40",1013,0,"100,00",247,"19,60",30,217,"17,22"
250530,CURRAL VELHO,PB,09/2022,409,343,"83,86",343,0,"100,00",66,"16,14",5,61,"14,91"
250530,CURRAL VELHO,PB,07/2022,401,322,"80,30",322,0,"100,00",79,"19,70",19,60,"14,96"
250530,CURRAL VELHO,PB,11/2022,402,339,"84,33",339,0,"100,00",63,"15,67",7,56,"13,93"
250535,DAMIÃO,PB,11/2022,950,842,"88,63",789,53,"93,71",108,"11,37",3,105,"11,05"
250535,DAMIÃO,PB,07/2022,983,785,"79,86",745,40,"94,90",198,"20,14",3,195,"19,84"
250535,DAMIÃO,PB,09/2022,981,781,"79,61",770,11,"98,59",200,"20,39",3,197,"20,08"
250540,DESTERRO,PB,09/2022,1757,1370,"77,97",1368,2,"99,85",387,"22,03",18,369,"21,00"
250540,DESTERRO,PB,07/2022,1763,1288,"73,06",1238,50,"96,12",475,"26,94",23,452,"25,64"
250540,DESTERRO,PB,11/2022,1673,1359,"81,23",1359,0,"100,00",314,"18,77",22,292,"17,45"
250550,VISTA SERRANA,PB,11/2022,534,482,"90,26",482,0,"100,00",52,"9,74",1,51,"9,55"
250550,VISTA SERRANA,PB,09/2022,559,483,"86,40",478,5,"98,96",76,"13,60",2,74,"13,24"
250550,VISTA SERRANA,PB,07/2022,556,506,"91,01",474,32,"93,68",50,"8,99",2,48,"8,63"
250560,DIAMANTE,PB,09/2022,1288,1073,"83,31",1061,12,"98,88",215,"16,69",4,211,"16,38"
250560,DIAMANTE,PB,07/2022,1273,1054,"82,80",1043,11,"98,96",219,"17,20",7,212,"16,65"
250560,DIAMANTE,PB,11/2022,1269,1060,"83,53",1059,1,"99,91",209,"16,47",1,208,"16,39"
250570,DONA INÊS,PB,11/2022,2027,1946,"96,00",1929,17,"99,13",81,"4,00",6,75,"3,70"
250570,DONA INÊS,PB,09/2022,2090,1999,"95,65",1927,72,"96,40",91,"4,35",1,90,"4,31"
250570,DONA INÊS,PB,07/2022,2089,1869,"89,47",1868,1,"99,95",220,"10,53",3,217,"10,39"
250580,DUAS ESTRADAS,PB,07/2022,810,573,"70,74",562,11,"98,08",237,"29,26",129,108,"13,33"
250580,DUAS ESTRADAS,PB,09/2022,850,726,"85,41",720,6,"99,17",124,"14,59",7,117,"13,76"
250580,DUAS ESTRADAS,PB,11/2022,837,761,"90,92",736,25,"96,71",76,"9,08",10,66,"7,89"
250590,EMAS,PB,11/2022,601,573,"95,34",571,2,"99,65",28,"4,66",4,24,"3,99"
250590,EMAS,PB,09/2022,651,620,"95,24",539,81,"86,94",31,"4,76",9,22,"3,38"
250590,EMAS,PB,07/2022,677,629,"92,91",484,145,"76,95",48,"7,09",4,44,"6,50"
250600,ESPERANÇA,PB,09/2022,5948,2797,"47,02",2716,81,"97,10",3151,"52,98",832,2319,"38,99"
250600,ESPERANÇA,PB,07/2022,5931,2633,"44,39",2526,107,"95,94",3298,"55,61",1143,2155,"36,33"
250600,ESPERANÇA,PB,11/2022,5847,2909,"49,75",2873,36,"98,76",2938,"50,25",1019,1919,"32,82"
250610,FAGUNDES,PB,11/2022,2524,1460,"57,84",1450,10,"99,32",1064,"42,16",32,1032,"40,89"
250610,FAGUNDES,PB,09/2022,2536,1235,"48,70",1235,0,"100,00",1301,"51,30",4,1297,"51,14"
250610,FAGUNDES,PB,07/2022,2560,1124,"43,91",1124,0,"100,00",1436,"56,09",20,1416,"55,31"
250620,FREI MARTINHO,PB,09/2022,422,326,"77,25",185,141,"56,75",96,"22,75",46,50,"11,85"
250620,FREI MARTINHO,PB,07/2022,418,305,"72,97",263,42,"86,23",113,"27,03",66,47,"11,24"
250620,FREI MARTINHO,PB,11/2022,416,323,"77,64",258,65,"79,88",93,"22,36",36,57,"13,70"
250625,GADO BRAVO,PB,11/2022,1825,1339,"73,37",1321,18,"98,66",486,"26,63",266,220,"12,05"
250625,GADO BRAVO,PB,07/2022,1815,1141,"62,87",1111,30,"97,37",674,"37,13",352,322,"17,74"
250625,GADO BRAVO,PB,09/2022,1817,852,"46,89",852,0,"100,00",965,"53,11",615,350,"19,26"
250630,GUARABIRA,PB,07/2022,8292,6844,"82,54",6054,790,"88,46",1448,"17,46",15,1433,"17,28"
250630,GUARABIRA,PB,09/2022,8337,7196,"86,31",6789,407,"94,34",1141,"13,69",25,1116,"13,39"
250630,GUARABIRA,PB,11/2022,8358,7284,"87,15",7201,83,"98,86",1074,"12,85",13,1061,"12,69"
250640,GURINHÉM,PB,11/2022,2791,2087,"74,78",2086,1,"99,95",704,"25,22",22,682,"24,44"
250640,GURINHÉM,PB,07/2022,2799,2042,"72,95",2041,1,"99,95",757,"27,05",37,720,"25,72"
250640,GURINHÉM,PB,09/2022,2822,2076,"73,56",2053,23,"98,89",746,"26,44",25,721,"25,55"
250650,GURJÃO,PB,09/2022,637,630,"98,90",577,53,"91,59",7,"1,10",5,2,"0,31"
250650,GURJÃO,PB,07/2022,632,625,"98,89",570,55,"91,20",7,"1,11",4,3,"0,47"
250650,GURJÃO,PB,11/2022,586,578,"98,63",578,0,"100,00",8,"1,37",6,2,"0,34"
250660,IBIARA,PB,11/2022,928,742,"79,96",702,40,"94,61",186,"20,04",8,178,"19,18"
250660,IBIARA,PB,07/2022,962,688,"71,52",688,0,"100,00",274,"28,48",9,265,"27,55"
250660,IBIARA,PB,09/2022,950,650,"68,42",649,1,"99,85",300,"31,58",4,296,"31,16"
250670,IMACULADA,PB,07/2022,2206,1792,"81,23",1719,73,"95,93",414,"18,77",2,412,"18,68"
250670,IMACULADA,PB,09/2022,2189,1780,"81,32",1772,8,"99,55",409,"18,68",5,404,"18,46"
250670,IMACULADA,PB,11/2022,2087,1690,"80,98",1609,81,"95,21",397,"19,02",2,395,"18,93"
250680,INGÁ,PB,11/2022,4037,3219,"79,74",3219,0,"100,00",818,"20,26",20,798,"19,77"
250680,INGÁ,PB,07/2022,4082,3242,"79,42",3240,2,"99,94",840,"20,58",18,822,"20,14"
250680,INGÁ,PB,09/2022,4086,3263,"79,86",3261,2,"99,94",823,"20,14",14,809,"19,80"
250690,ITABAIANA,PB,09/2022,4000,2673,"66,83",2673,0,"100,00",1327,"33,18",37,1290,"32,25"
250690,ITABAIANA,PB,07/2022,4114,1933,"46,99",1884,49,"97,47",2181,"53,01",22,2159,"52,48"
250690,ITABAIANA,PB,11/2022,3889,2752,"70,76",2700,52,"98,11",1137,"29,24",35,1102,"28,34"
250700,ITAPORANGA,PB,11/2022,3573,2859,"80,02",2572,287,"89,96",714,"19,98",87,627,"17,55"
250700,ITAPORANGA,PB,09/2022,3825,2882,"75,35",2472,410,"85,77",943,"24,65",193,750,"19,61"
250700,ITAPORANGA,PB,07/2022,3766,2160,"57,36",1955,205,"90,51",1606,"42,64",563,1043,"27,70"
250710,ITAPOROROCA,PB,07/2022,3579,3004,"83,93",2999,5,"99,83",575,"16,07",4,571,"15,95"
250710,ITAPOROROCA,PB,09/2022,3561,3071,"86,24",3066,5,"99,84",490,"13,76",14,476,"13,37"
250710,ITAPOROROCA,PB,11/2022,3522,3156,"89,61",3141,15,"99,52",366,"10,39",18,348,"9,88"
250720,ITATUBA,PB,11/2022,2284,2169,"94,96",2169,0,"100,00",115,"5,04",14,101,"4,42"
250720,ITATUBA,PB,09/2022,2401,2291,"95,42",2290,1,"99,96",110,"4,58",19,91,"3,79"
250720,ITATUBA,PB,07/2022,2379,2273,"95,54",2152,121,"94,68",106,"4,46",7,99,"4,16"
250730,JACARAÚ,PB,09/2022,3389,1827,"53,91",1781,46,"97,48",1562,"46,09",64,1498,"44,20"
250730,JACARAÚ,PB,07/2022,3327,1791,"53,83",1789,2,"99,89",1536,"46,17",14,1522,"45,75"
250730,JACARAÚ,PB,11/2022,3356,1917,"57,12",1893,24,"98,75",1439,"42,88",15,1424,"42,43"
250740,JERICÓ,PB,11/2022,1211,907,"74,90",896,11,"98,79",304,"25,10",13,291,"24,03"
250740,JERICÓ,PB,09/2022,1242,766,"61,67",765,1,"99,87",476,"38,33",196,280,"22,54"
250740,JERICÓ,PB,07/2022,1277,889,"69,62",889,0,"100,00",388,"30,38",13,375,"29,37"
250750,JOÃO PESSOA,PB,07/2022,80781,32096,"39,73",31511,585,"98,18",48685,"60,27",10712,37973,"47,01"
250750,JOÃO PESSOA,PB,09/2022,83256,30345,"36,45",29439,906,"97,01",52911,"63,55",12566,40345,"48,46"
250750,JOÃO PESSOA,PB,11/2022,82432,32811,"39,80",32406,405,"98,77",49621,"60,20",9538,40083,"48,63"
250760,JUAREZ TÁVORA,PB,11/2022,1563,1144,"73,19",1141,3,"99,74",419,"26,81",50,369,"23,61"
250760,JUAREZ TÁVORA,PB,09/2022,1582,1221,"77,18",1106,115,"90,58",361,"22,82",87,274,"17,32"
250760,JUAREZ TÁVORA,PB,07/2022,1604,1072,"66,83",1030,42,"96,08",532,"33,17",155,377,"23,50"
250770,JUAZEIRINHO,PB,07/2022,3793,2794,"73,66",2794,0,"100,00",999,"26,34",65,934,"24,62"
250770,JUAZEIRINHO,PB,09/2022,3788,3267,"86,25",3266,1,"99,97",521,"13,75",35,486,"12,83"
250770,JUAZEIRINHO,PB,11/2022,3742,3389,"90,57",3389,0,"100,00",353,"9,43",42,311,"8,31"
250780,JUNCO DO SERIDÓ,PB,11/2022,1029,947,"92,03",896,51,"94,61",82,"7,97",11,71,"6,90"
250780,JUNCO DO SERIDÓ,PB,07/2022,1103,874,"79,24",873,1,"99,89",229,"20,76",37,192,"17,41"
250780,JUNCO DO SERIDÓ,PB,09/2022,1129,1015,"89,90",908,107,"89,46",114,"10,10",41,73,"6,47"
250790,JURIPIRANGA,PB,09/2022,2035,1486,"73,02",1478,8,"99,46",549,"26,98",10,539,"26,49"
250790,JURIPIRANGA,PB,07/2022,2018,1469,"72,79",1427,42,"97,14",549,"27,21",12,537,"26,61"
250790,JURIPIRANGA,PB,11/2022,2075,1690,"81,45",1674,16,"99,05",385,"18,55",10,375,"18,07"
250800,JURU,PB,11/2022,1475,1161,"78,71",1137,24,"97,93",314,"21,29",2,312,"21,15"
250800,JURU,PB,07/2022,1627,989,"60,79",929,60,"93,93",638,"39,21",7,631,"38,78"
250800,JURU,PB,09/2022,1595,1092,"68,46",1060,32,"97,07",503,"31,54",6,497,"31,16"
250810,LAGOA,PB,09/2022,843,302,"35,82",302,0,"100,00",541,"64,18",380,161,"19,10"
250810,LAGOA,PB,07/2022,824,300,"36,41",296,4,"98,67",524,"63,59",327,197,"23,91"
250810,LAGOA,PB,11/2022,840,346,"41,19",346,0,"100,00",494,"58,81",341,153,"18,21"
250820,LAGOA DE DENTRO,PB,11/2022,1748,1092,"62,47",1092,0,"100,00",656,"37,53",140,516,"29,52"
250820,LAGOA DE DENTRO,PB,09/2022,1806,1173,"64,95",1173,0,"100,00",633,"35,05",18,615,"34,05"
250820,LAGOA DE DENTRO,PB,07/2022,1801,1141,"63,35",1137,4,"99,65",660,"36,65",17,643,"35,70"
250830,LAGOA SECA,PB,07/2022,4334,3598,"83,02",3591,7,"99,81",736,"16,98",11,725,"16,73"
250830,LAGOA SECA,PB,09/2022,4315,3416,"79,17",3365,51,"98,51",899,"20,83",26,873,"20,23"
250830,LAGOA SECA,PB,11/2022,4256,3568,"83,83",3519,49,"98,63",688,"16,17",30,658,"15,46"
250840,LASTRO,PB,11/2022,562,524,"93,24",512,12,"97,71",38,"6,76",0,38,"6,76"
250840,LASTRO,PB,09/2022,605,563,"93,06",509,54,"90,41",42,"6,94",3,39,"6,45"
250840,LASTRO,PB,07/2022,612,576,"94,12",514,62,"89,24",36,"5,88",3,33,"5,39"
250850,LIVRAMENTO,PB,07/2022,1531,1206,"78,77",1142,64,"94,69",325,"21,23",26,299,"19,53"
250850,LIVRAMENTO,PB,09/2022,1529,1189,"77,76",1187,2,"99,83",340,"22,24",22,318,"20,80"
250850,LIVRAMENTO,PB,11/2022,1457,1144,"78,52",1132,12,"98,95",313,"21,48",23,290,"19,90"
250855,LOGRADOURO,PB,11/2022,776,555,"71,52",544,11,"98,02",221,"28,48",58,163,"21,01"
250855,LOGRADOURO,PB,09/2022,816,608,"74,51",549,59,"90,30",208,"25,49",62,146,"17,89"
250855,LOGRADOURO,PB,07/2022,828,747,"90,22",582,165,"77,91",81,"9,78",58,23,"2,78"
250860,LUCENA,PB,07/2022,2637,2168,"82,21",1845,323,"85,10",469,"17,79",35,434,"16,46"
250860,LUCENA,PB,09/2022,2573,2369,"92,07",1957,412,"82,61",204,"7,93",22,182,"7,07"
250860,LUCENA,PB,11/2022,2455,2282,"92,95",2057,225,"90,14",173,"7,05",34,139,"5,66"
250870,MÃE D´ÁGUA,PB,11/2022,616,500,"81,17",482,18,"96,40",116,"18,83",8,108,"17,53"
250870,MÃE D´ÁGUA,PB,09/2022,613,500,"81,57",485,15,"97,00",113,"18,43",10,103,"16,80"
250870,MÃE D´ÁGUA,PB,07/2022,632,486,"76,90",474,12,"97,53",146,"23,10",12,134,"21,20"
250880,MALTA,PB,09/2022,1045,831,"79,52",813,18,"97,83",214,"20,48",1,213,"20,38"
250880,MALTA,PB,07/2022,1041,827,"79,44",818,9,"98,91",214,"20,56",5,209,"20,08"
250880,MALTA,PB,11/2022,1018,826,"81,14",812,14,"98,31",192,"18,86",0,192,"18,86"
250890,MAMANGUAPE,PB,11/2022,8239,3348,"40,64",3217,131,"96,09",4891,"59,36",945,3946,"47,89"
250890,MAMANGUAPE,PB,09/2022,8355,4197,"50,23",3995,202,"95,19",4158,"49,77",23,4135,"49,49"
250890,MAMANGUAPE,PB,07/2022,8211,4032,"49,10",3857,175,"95,66",4179,"50,90",58,4121,"50,19"
250900,MANAÍRA,PB,09/2022,2299,1852,"80,56",1782,70,"96,22",447,"19,44",15,432,"18,79"
250900,MANAÍRA,PB,07/2022,2275,1767,"77,67",1707,60,"96,60",508,"22,33",34,474,"20,84"
250900,MANAÍRA,PB,11/2022,2210,1952,"88,33",1924,28,"98,57",258,"11,67",0,258,"11,67"
250905,MARCAÇÃO,PB,11/2022,2381,1868,"78,45",1868,0,"100,00",513,"21,55",50,463,"19,45"
250905,MARCAÇÃO,PB,07/2022,2431,1946,"80,05",1941,5,"99,74",485,"19,95",4,481,"19,79"
250905,MARCAÇÃO,PB,09/2022,2423,1932,"79,74",1932,0,"100,00",491,"20,26",4,487,"20,10"
250910,MARI,PB,09/2022,4283,2465,"57,55",2455,10,"99,59",1818,"42,45",153,1665,"38,87"
250910,MARI,PB,07/2022,4248,2331,"54,87",2223,108,"95,37",1917,"45,13",255,1662,"39,12"
250910,MARI,PB,11/2022,4065,2601,"63,99",2592,9,"99,65",1464,"36,01",135,1329,"32,69"
250915,MARIZÓPOLIS,PB,11/2022,1236,878,"71,04",864,14,"98,41",358,"28,96",14,344,"27,83"
250915,MARIZÓPOLIS,PB,09/2022,1271,797,"62,71",762,35,"95,61",474,"37,29",6,468,"36,82"
250915,MARIZÓPOLIS,PB,07/2022,1242,808,"65,06",803,5,"99,38",434,"34,94",17,417,"33,57"
250920,MASSARANDUBA,PB,09/2022,2339,2058,"87,99",1913,145,"92,95",281,"12,01",13,268,"11,46"
250920,MASSARANDUBA,PB,07/2022,2334,1964,"84,15",1815,149,"92,41",370,"15,85",61,309,"13,24"
250920,MASSARANDUBA,PB,11/2022,2279,1978,"86,79",1944,34,"98,28",301,"13,21",55,246,"10,79"
250930,MATARACA,PB,11/2022,1947,1665,"85,52",1457,208,"87,51",282,"14,48",9,273,"14,02"
250930,MATARACA,PB,07/2022,1974,1621,"82,12",1508,113,"93,03",353,"17,88",24,329,"16,67"
250930,MATARACA,PB,09/2022,1996,1613,"80,81",1464,149,"90,76",383,"19,19",12,371,"18,59"
250933,MATINHAS,PB,09/2022,1003,891,"88,83",880,11,"98,77",112,"11,17",1,111,"11,07"
250933,MATINHAS,PB,07/2022,984,917,"93,19",914,3,"99,67",67,"6,81",3,64,"6,50"
250933,MATINHAS,PB,11/2022,1024,987,"96,39",967,20,"97,97",37,"3,61",5,32,"3,13"
250937,MATO GROSSO,PB,11/2022,537,339,"63,13",279,60,"82,30",198,"36,87",3,195,"36,31"
250937,MATO GROSSO,PB,07/2022,521,326,"62,57",319,7,"97,85",195,"37,43",16,179,"34,36"
250937,MATO GROSSO,PB,09/2022,532,280,"52,63",273,7,"97,50",252,"47,37",58,194,"36,47"
250939,MATURÉIA,PB,09/2022,1265,1109,"87,67",1085,24,"97,84",156,"12,33",4,152,"12,02"
250939,MATURÉIA,PB,07/2022,1227,1074,"87,53",1033,41,"96,18",153,"12,47",7,146,"11,90"
250939,MATURÉIA,PB,11/2022,1261,1147,"90,96",1091,56,"95,12",114,"9,04",2,112,"8,88"
250940,MOGEIRO,PB,11/2022,3116,2513,"80,65",2410,103,"95,90",603,"19,35",8,595,"19,09"
250940,MOGEIRO,PB,09/2022,3136,2518,"80,29",2406,112,"95,55",618,"19,71",13,605,"19,29"
250940,MOGEIRO,PB,07/2022,3122,2743,"87,86",2723,20,"99,27",379,"12,14",13,366,"11,72"
250950,MONTADAS,PB,09/2022,1197,1151,"96,16",1016,135,"88,27",46,"3,84",14,32,"2,67"
250950,MONTADAS,PB,07/2022,1221,980,"80,26",955,25,"97,45",241,"19,74",14,227,"18,59"
250950,MONTADAS,PB,11/2022,1125,1062,"94,40",980,82,"92,28",63,"5,60",29,34,"3,02"
250960,MONTE HOREBE,PB,11/2022,830,554,"66,75",533,21,"96,21",276,"33,25",1,275,"33,13"
250960,MONTE HOREBE,PB,07/2022,825,514,"62,30",475,39,"92,41",311,"37,70",7,304,"36,85"
250960,MONTE HOREBE,PB,09/2022,860,561,"65,23",524,37,"93,40",299,"34,77",1,298,"34,65"
250970,MONTEIRO,PB,07/2022,5718,3201,"55,98",3161,40,"98,75",2517,"44,02",826,1691,"29,57"
250970,MONTEIRO,PB,09/2022,5785,3841,"66,40",3794,47,"98,78",1944,"33,60",402,1542,"26,66"
250970,MONTEIRO,PB,11/2022,5734,4182,"72,93",4171,11,"99,74",1552,"27,07",240,1312,"22,88"
250980,MULUNGU,PB,11/2022,1765,1118,"63,34",1118,0,"100,00",647,"36,66",8,639,"36,20"
250980,MULUNGU,PB,07/2022,1766,1141,"64,61",1141,0,"100,00",625,"35,39",19,606,"34,31"
250980,MULUNGU,PB,09/2022,1785,1129,"63,25",1129,0,"100,00",656,"36,75",9,647,"36,25"
250990,NATUBA,PB,09/2022,1460,1099,"75,27",1061,38,"96,54",361,"24,73",91,270,"18,49"
250990,NATUBA,PB,07/2022,1517,1190,"78,44",1101,89,"92,52",327,"21,56",61,266,"17,53"
250990,NATUBA,PB,11/2022,1420,1102,"77,61",1075,27,"97,55",318,"22,39",15,303,"21,34"
251000,NAZAREZINHO,PB,11/2022,1191,1126,"94,54",1063,63,"94,40",65,"5,46",1,64,"5,37"
251000,NAZAREZINHO,PB,09/2022,1276,1208,"94,67",1054,154,"87,25",68,"5,33",4,64,"5,02"
251000,NAZAREZINHO,PB,07/2022,1285,1164,"90,58",1055,109,"90,64",121,"9,42",4,117,"9,11"
251010,NOVA FLORESTA,PB,09/2022,2000,1528,"76,40",1461,67,"95,62",472,"23,60",6,466,"23,30"
251010,NOVA FLORESTA,PB,07/2022,2017,1384,"68,62",1339,45,"96,75",633,"31,38",7,626,"31,04"
251010,NOVA FLORESTA,PB,11/2022,1968,1515,"76,98",1429,86,"94,32",453,"23,02",23,430,"21,85"
251020,NOVA OLINDA,PB,11/2022,1119,1049,"93,74",955,94,"91,04",70,"6,26",8,62,"5,54"
251020,NOVA OLINDA,PB,07/2022,1179,1038,"88,04",996,42,"95,95",141,"11,96",7,134,"11,37"
251020,NOVA OLINDA,PB,09/2022,1165,1047,"89,87",1000,47,"95,51",118,"10,13",14,104,"8,93"
251030,NOVA PALMEIRA,PB,07/2022,573,541,"94,42",431,110,"79,67",32,"5,58",9,23,"4,01"
251030,NOVA PALMEIRA,PB,09/2022,581,496,"85,37",464,32,"93,55",85,"14,63",8,77,"13,25"
251030,NOVA PALMEIRA,PB,11/2022,523,502,"95,98",455,47,"90,64",21,"4,02",5,16,"3,06"
251040,OLHO D´ÁGUA,PB,11/2022,1120,1076,"96,07",1063,13,"98,79",44,"3,93",11,33,"2,95"
251040,OLHO D´ÁGUA,PB,07/2022,1247,1153,"92,46",1053,100,"91,33",94,"7,54",11,83,"6,66"
251040,OLHO D´ÁGUA,PB,09/2022,1245,1178,"94,62",1068,110,"90,66",67,"5,38",15,52,"4,18"
251050,OLIVEDOS,PB,07/2022,650,573,"88,15",506,67,"88,31",77,"11,85",9,68,"10,46"
251050,OLIVEDOS,PB,09/2022,642,570,"88,79",500,70,"87,72",72,"11,21",8,64,"9,97"
251050,OLIVEDOS,PB,11/2022,588,510,"86,73",495,15,"97,06",78,"13,27",22,56,"9,52"
251060,OURO VELHO,PB,11/2022,514,364,"70,82",364,0,"100,00",150,"29,18",2,148,"28,79"
251060,OURO VELHO,PB,07/2022,516,373,"72,29",345,28,"92,49",143,"27,71",10,133,"25,78"
251060,OURO VELHO,PB,09/2022,533,364,"68,29",364,0,"100,00",169,"31,71",2,167,"31,33"
251065,PARARI,PB,07/2022,262,213,"81,30",213,0,"100,00",49,"18,70",6,43,"16,41"
251065,PARARI,PB,09/2022,252,211,"83,73",211,0,"100,00",41,"16,27",3,38,"15,08"
251065,PARARI,PB,11/2022,255,206,"80,78",206,0,"100,00",49,"19,22",9,40,"15,69"
251070,PASSAGEM,PB,11/2022,426,308,"72,30",305,3,"99,03",118,"27,70",4,114,"26,76"
251070,PASSAGEM,PB,09/2022,429,308,"71,79",299,9,"97,08",121,"28,21",1,120,"27,97"
251070,PASSAGEM,PB,07/2022,428,323,"75,47",310,13,"95,98",105,"24,53",1,104,"24,30"
251080,PATOS,PB,09/2022,14396,10812,"75,10",10671,141,"98,70",3584,"24,90",107,3477,"24,15"
251080,PATOS,PB,07/2022,14315,10437,"72,91",10352,85,"99,19",3878,"27,09",42,3836,"26,80"
251080,PATOS,PB,11/2022,14319,11698,"81,70",11613,85,"99,27",2621,"18,30",32,2589,"18,08"
251090,PAULISTA,PB,11/2022,1671,1592,"95,27",1436,156,"90,20",79,"4,73",12,67,"4,01"
251090,PAULISTA,PB,09/2022,1773,1584,"89,34",1435,149,"90,59",189,"10,66",14,175,"9,87"
251090,PAULISTA,PB,07/2022,1750,1503,"85,89",1396,107,"92,88",247,"14,11",13,234,"13,37"
251100,PEDRA BRANCA,PB,07/2022,644,591,"91,77",511,80,"86,46",53,"8,23",5,48,"7,45"
251100,PEDRA BRANCA,PB,09/2022,627,580,"92,50",497,83,"85,69",47,"7,50",4,43,"6,86"
251100,PEDRA BRANCA,PB,11/2022,570,534,"93,68",483,51,"90,45",36,"6,32",0,36,"6,32"
251110,PEDRA LAVRADA,PB,11/2022,927,875,"94,39",825,50,"94,29",52,"5,61",8,44,"4,75"
251110,PEDRA LAVRADA,PB,07/2022,1021,901,"88,25",818,83,"90,79",120,"11,75",6,114,"11,17"
251110,PEDRA LAVRADA,PB,09/2022,1012,939,"92,79",825,114,"87,86",73,"7,21",7,66,"6,52"
251120,PEDRAS DE FOGO,PB,09/2022,5826,5261,"90,30",5004,257,"95,11",565,"9,70",157,408,"7,00"
251120,PEDRAS DE FOGO,PB,07/2022,5678,5214,"91,83",4900,314,"93,98",464,"8,17",41,423,"7,45"
251120,PEDRAS DE FOGO,PB,11/2022,5485,5032,"91,74",4999,33,"99,34",453,"8,26",27,426,"7,77"
251130,PIANCÓ,PB,11/2022,2214,1954,"88,26",1816,138,"92,94",260,"11,74",5,255,"11,52"
251130,PIANCÓ,PB,09/2022,2330,2040,"87,55",1875,165,"91,91",290,"12,45",11,279,"11,97"
251130,PIANCÓ,PB,07/2022,2353,1956,"83,13",1823,133,"93,20",397,"16,87",15,382,"16,23"
251140,PICUÍ,PB,07/2022,3300,2553,"77,36",2228,325,"87,27",747,"22,64",43,704,"21,33"
251140,PICUÍ,PB,09/2022,3265,2520,"77,18",2210,310,"87,70",745,"22,82",39,706,"21,62"
251140,PICUÍ,PB,11/2022,3100,2385,"76,94",2162,223,"90,65",715,"23,06",30,685,"22,10"
251150,PILAR,PB,11/2022,2426,2406,"99,18",1991,415,"82,75",20,"0,82",17,3,"0,12"
251150,PILAR,PB,09/2022,2447,2079,"84,96",1916,163,"92,16",368,"15,04",30,338,"13,81"
251150,PILAR,PB,07/2022,2442,1977,"80,96",1880,97,"95,09",465,"19,04",37,428,"17,53"
251160,PILÕES,PB,09/2022,2039,1683,"82,54",1682,1,"99,94",356,"17,46",33,323,"15,84"
251160,PILÕES,PB,07/2022,2002,1650,"82,42",1650,0,"100,00",352,"17,58",34,318,"15,88"
251160,PILÕES,PB,11/2022,2001,1657,"82,81",1656,1,"99,94",344,"17,19",33,311,"15,54"
251170,PILÕEZINHOS,PB,11/2022,1176,835,"71,00",803,32,"96,17",341,"29,00",26,315,"26,79"
251170,PILÕEZINHOS,PB,09/2022,1251,911,"72,82",883,28,"96,93",340,"27,18",28,312,"24,94"
251170,PILÕEZINHOS,PB,07/2022,1240,869,"70,08",792,77,"91,14",371,"29,92",70,301,"24,27"
251180,PIRPIRITUBA,PB,09/2022,1775,1131,"63,72",1131,0,"100,00",644,"36,28",13,631,"35,55"
251180,PIRPIRITUBA,PB,07/2022,1751,1083,"61,85",1076,7,"99,35",668,"38,15",15,653,"37,29"
251180,PIRPIRITUBA,PB,11/2022,1739,1229,"70,67",1220,9,"99,27",510,"29,33",11,499,"28,69"
251190,PITIMBU,PB,11/2022,3409,2570,"75,39",2488,82,"96,81",839,"24,61",3,836,"24,52"
251190,PITIMBU,PB,07/2022,3622,2430,"67,09",2284,146,"93,99",1192,"32,91",42,1150,"31,75"
251190,PITIMBU,PB,09/2022,3572,2543,"71,19",2387,156,"93,87",1029,"28,81",17,1012,"28,33"
251200,POCINHOS,PB,09/2022,3877,3047,"78,59",2866,181,"94,06",830,"21,41",9,821,"21,18"
251200,POCINHOS,PB,07/2022,3875,2931,"75,64",2854,77,"97,37",944,"24,36",25,919,"23,72"
251200,POCINHOS,PB,11/2022,3855,3186,"82,65",2979,207,"93,50",669,"17,35",40,629,"16,32"
251203,POÇO DANTAS,PB,11/2022,767,676,"88,14",623,53,"92,16",91,"11,86",8,83,"10,82"
251203,POÇO DANTAS,PB,09/2022,777,683,"87,90",679,4,"99,41",94,"12,10",10,84,"10,81"
251203,POÇO DANTAS,PB,07/2022,766,682,"89,03",680,2,"99,71",84,"10,97",5,79,"10,31"
251207,POÇO DE JOSÉ DE MOURA,PB,09/2022,620,516,"83,23",420,96,"81,40",104,"16,77",3,101,"16,29"
251207,POÇO DE JOSÉ DE MOURA,PB,07/2022,612,561,"91,67",431,130,"76,83",51,"8,33",1,50,"8,17"
251207,POÇO DE JOSÉ DE MOURA,PB,11/2022,547,500,"91,41",464,36,"92,80",47,"8,59",0,47,"8,59"
251210,POMBAL,PB,11/2022,4985,3164,"63,47",2954,210,"93,36",1821,"36,53",6,1815,"36,41"
251210,POMBAL,PB,07/2022,4990,3067,"61,46",2814,253,"91,75",1923,"38,54",6,1917,"38,42"
251210,POMBAL,PB,09/2022,5059,3119,"61,65",2847,272,"91,28",1940,"38,35",6,1934,"38,23"
251220,PRATA,PB,07/2022,746,583,"78,15",573,10,"98,28",163,"21,85",9,154,"20,64"
251220,PRATA,PB,09/2022,745,591,"79,33",591,0,"100,00",154,"20,67",3,151,"20,27"
251220,PRATA,PB,11/2022,732,596,"81,42",596,0,"100,00",136,"18,58",3,133,"18,17"
251230,PRINCESA ISABEL,PB,11/2022,3183,2376,"74,65",2334,42,"98,23",807,"25,35",5,802,"25,20"
251230,PRINCESA ISABEL,PB,07/2022,3282,2498,"76,11",2365,133,"94,68",784,"23,89",9,775,"23,61"
251230,PRINCESA ISABEL,PB,09/2022,3290,2449,"74,44",2337,112,"95,43",841,"25,56",3,838,"25,47"
251240,PUXINANÃ,PB,09/2022,2837,2557,"90,13",2444,113,"95,58",280,"9,87",9,271,"9,55"
251240,PUXINANÃ,PB,07/2022,2869,2587,"90,17",2464,123,"95,25",282,"9,83",55,227,"7,91"
251240,PUXINANÃ,PB,11/2022,2899,2576,"88,86",2570,6,"99,77",323,"11,14",108,215,"7,42"
251250,QUEIMADAS,PB,11/2022,8723,6665,"76,41",6634,31,"99,53",2058,"23,59",290,1768,"20,27"
251250,QUEIMADAS,PB,09/2022,8462,6146,"72,63",6111,35,"99,43",2316,"27,37",124,2192,"25,90"
251250,QUEIMADAS,PB,07/2022,8324,6154,"73,93",6077,77,"98,75",2170,"26,07",65,2105,"25,29"
251260,QUIXABÁ,PB,07/2022,342,331,"96,78",301,30,"90,94",11,"3,22",0,11,"3,22"
251260,QUIXABÁ,PB,09/2022,348,336,"96,55",292,44,"86,90",12,"3,45",0,12,"3,45"
251260,QUIXABÁ,PB,11/2022,322,306,"95,03",303,3,"99,02",16,"4,97",0,16,"4,97"
251270,REMÍGIO,PB,11/2022,3856,2609,"67,66",2598,11,"99,58",1247,"32,34",63,1184,"30,71"
251270,REMÍGIO,PB,07/2022,4003,3175,"79,32",3074,101,"96,82",828,"20,68",120,708,"17,69"
251270,REMÍGIO,PB,09/2022,3939,2960,"75,15",2936,24,"99,19",979,"24,85",82,897,"22,77"
251272,PEDRO RÉGIS,PB,09/2022,1069,901,"84,28",897,4,"99,56",168,"15,72",13,155,"14,50"
251272,PEDRO RÉGIS,PB,07/2022,1107,912,"82,38",876,36,"96,05",195,"17,62",9,186,"16,80"
251272,PEDRO RÉGIS,PB,11/2022,1068,974,"91,20",921,53,"94,56",94,"8,80",8,86,"8,05"
251274,RIACHÃO,PB,11/2022,464,352,"75,86",334,18,"94,89",112,"24,14",3,109,"23,49"
251274,RIACHÃO,PB,07/2022,509,418,"82,12",374,44,"89,47",91,"17,88",2,89,"17,49"
251274,RIACHÃO,PB,09/2022,495,381,"76,97",333,48,"87,40",114,"23,03",3,111,"22,42"
251275,RIACHÃO DO BACAMARTE,PB,07/2022,917,145,"15,81",145,0,"100,00",772,"84,19",3,769,"83,86"
251275,RIACHÃO DO BACAMARTE,PB,09/2022,951,166,"17,46",166,0,"100,00",785,"82,54",3,782,"82,23"
251275,RIACHÃO DO BACAMARTE,PB,11/2022,934,167,"17,88",167,0,"100,00",767,"82,12",25,742,"79,44"
251276,RIACHÃO DO POÇO,PB,11/2022,934,848,"90,79",817,31,"96,34",86,"9,21",2,84,"8,99"
251276,RIACHÃO DO POÇO,PB,07/2022,985,840,"85,28",760,80,"90,48",145,"14,72",5,140,"14,21"
251276,RIACHÃO DO POÇO,PB,09/2022,1001,906,"90,51",806,100,"88,96",95,"9,49",2,93,"9,29"
251278,RIACHO DE SANTO ANTÔNIO,PB,09/2022,462,398,"86,15",338,60,"84,92",64,"13,85",5,59,"12,77"
251278,RIACHO DE SANTO ANTÔNIO,PB,07/2022,456,340,"74,56",338,2,"99,41",116,"25,44",3,113,"24,78"
251278,RIACHO DE SANTO ANTÔNIO,PB,11/2022,422,378,"89,57",354,24,"93,65",44,"10,43",7,37,"8,77"
251280,RIACHO DOS CAVALOS,PB,11/2022,1418,1236,"87,17",1187,49,"96,04",182,"12,83",20,162,"11,42"
251280,RIACHO DOS CAVALOS,PB,07/2022,1473,1026,"69,65",1010,16,"98,44",447,"30,35",19,428,"29,06"
251280,RIACHO DOS CAVALOS,PB,09/2022,1401,1273,"90,86",1205,68,"94,66",128,"9,14",22,106,"7,57"
251290,RIO TINTO,PB,09/2022,4344,2996,"68,97",2991,5,"99,83",1348,"31,03",108,1240,"28,55"
251290,RIO TINTO,PB,07/2022,4237,3074,"72,55",3065,9,"99,71",1163,"27,45",24,1139,"26,88"
251290,RIO TINTO,PB,11/2022,4334,3210,"74,07",3197,13,"99,60",1124,"25,93",44,1080,"24,92"
251300,SALGADINHO,PB,11/2022,687,552,"80,35",520,32,"94,20",135,"19,65",7,128,"18,63"
251300,SALGADINHO,PB,07/2022,743,601,"80,89",593,8,"98,67",142,"19,11",7,135,"18,17"
251300,SALGADINHO,PB,09/2022,727,598,"82,26",536,62,"89,63",129,"17,74",6,123,"16,92"
251310,SALGADO DE SÃO FÉLIX,PB,09/2022,2231,1910,"85,61",1910,0,"100,00",321,"14,39",34,287,"12,86"
251310,SALGADO DE SÃO FÉLIX,PB,07/2022,2199,1890,"85,95",1890,0,"100,00",309,"14,05",42,267,"12,14"
251310,SALGADO DE SÃO FÉLIX,PB,11/2022,2249,1863,"82,84",1861,2,"99,89",386,"17,16",113,273,"12,14"
251315,SANTA CECÍLIA,PB,11/2022,1390,1140,"82,01",1132,8,"99,30",250,"17,99",2,248,"17,84"
251315,SANTA CECÍLIA,PB,07/2022,1427,1254,"87,88",1250,4,"99,68",173,"12,12",10,163,"11,42"
251315,SANTA CECÍLIA,PB,09/2022,1434,1183,"82,50",1132,51,"95,69",251,"17,50",2,249,"17,36"
251320,SANTA CRUZ,PB,09/2022,820,762,"92,93",670,92,"87,93",58,"7,07",6,52,"6,34"
251320,SANTA CRUZ,PB,07/2022,828,715,"86,35",678,37,"94,83",113,"13,65",6,107,"12,92"
251320,SANTA CRUZ,PB,11/2022,773,734,"94,95",679,55,"92,51",39,"5,05",5,34,"4,40"
251330,SANTA HELENA,PB,11/2022,1043,915,"87,73",891,24,"97,38",128,"12,27",11,117,"11,22"
251330,SANTA HELENA,PB,07/2022,1195,1097,"91,80",1028,69,"93,71",98,"8,20",7,91,"7,62"
251330,SANTA HELENA,PB,09/2022,1167,1021,"87,49",892,129,"87,37",146,"12,51",14,132,"11,31"
251335,SANTA INÊS,PB,09/2022,714,500,"70,03",498,2,"99,60",214,"29,97",4,210,"29,41"
251335,SANTA INÊS,PB,07/2022,721,467,"64,77",467,0,"100,00",254,"35,23",4,250,"34,67"
251335,SANTA INÊS,PB,11/2022,713,503,"70,55",503,0,"100,00",210,"29,45",5,205,"28,75"
251340,SANTA LUZIA,PB,11/2022,2002,1715,"85,66",1642,73,"95,74",287,"14,34",6,281,"14,04"
251340,SANTA LUZIA,PB,07/2022,2199,1426,"64,85",1234,192,"86,54",773,"35,15",16,757,"34,42"
251340,SANTA LUZIA,PB,09/2022,2202,1601,"72,71",1421,180,"88,76",601,"27,29",17,584,"26,52"
251350,SANTANA DE MANGUEIRA,PB,09/2022,845,498,"58,93",475,23,"95,38",347,"41,07",1,346,"40,95"
251350,SANTANA DE MANGUEIRA,PB,07/2022,850,488,"57,41",485,3,"99,39",362,"42,59",2,360,"42,35"
251350,SANTANA DE MANGUEIRA,PB,11/2022,820,520,"63,41",491,29,"94,42",300,"36,59",0,300,"36,59"
251360,SANTANA DOS GARROTES,PB,11/2022,1264,882,"69,78",870,12,"98,64",382,"30,22",23,359,"28,40"
251360,SANTANA DOS GARROTES,PB,09/2022,1295,911,"70,35",900,11,"98,79",384,"29,65",18,366,"28,26"
251360,SANTANA DOS GARROTES,PB,07/2022,1288,871,"67,62",869,2,"99,77",417,"32,38",50,367,"28,49"
251365,SANTARÉM,PB,09/2022,415,346,"83,37",334,12,"96,53",69,"16,63",5,64,"15,42"
251365,SANTARÉM,PB,07/2022,409,337,"82,40",318,19,"94,36",72,"17,60",3,69,"16,87"
251365,SANTARÉM,PB,11/2022,394,347,"88,07",327,20,"94,24",47,"11,93",2,45,"11,42"
251370,SANTA RITA,PB,11/2022,21872,14504,"66,31",14211,293,"97,98",7368,"33,69",45,7323,"33,48"
251370,SANTA RITA,PB,07/2022,21774,13394,"61,51",13341,53,"99,60",8380,"38,49",116,8264,"37,95"
251370,SANTA RITA,PB,09/2022,21976,13567,"61,74",13537,30,"99,78",8409,"38,26",194,8215,"37,38"
251380,SANTA TERESINHA,PB,07/2022,785,649,"82,68",616,33,"94,92",136,"17,32",5,131,"16,69"
251380,SANTA TERESINHA,PB,09/2022,795,692,"87,04",632,60,"91,33",103,"12,96",6,97,"12,20"
251380,SANTA TERESINHA,PB,11/2022,736,669,"90,90",636,33,"95,07",67,"9,10",2,65,"8,83"
251385,SANTO ANDRÉ,PB,11/2022,393,368,"93,64",368,0,"100,00",25,"6,36",4,21,"5,34"
251385,SANTO ANDRÉ,PB,09/2022,423,366,"86,52",365,1,"99,73",57,"13,48",4,53,"12,53"
251385,SANTO ANDRÉ,PB,07/2022,434,399,"91,94",355,44,"88,97",35,"8,06",13,22,"5,07"
251390,SÃO BENTO,PB,09/2022,5281,4879,"92,39",3892,987,"79,77",402,"7,61",15,387,"7,33"
251390,SÃO BENTO,PB,07/2022,5289,4970,"93,97",4243,727,"85,37",319,"6,03",23,296,"5,60"
251390,SÃO BENTO,PB,11/2022,5181,4285,"82,71",4016,269,"93,72",896,"17,29",14,882,"17,02"
251392,SÃO BENTINHO,PB,11/2022,612,554,"90,52",542,12,"97,83",58,"9,48",2,56,"9,15"
251392,SÃO BENTINHO,PB,09/2022,649,593,"91,37",518,75,"87,35",56,"8,63",3,53,"8,17"
251392,SÃO BENTINHO,PB,07/2022,652,520,"79,75",503,17,"96,73",132,"20,25",3,129,"19,79"
251394,SÃO DOMINGOS DO CARIRI,PB,09/2022,415,385,"92,77",341,44,"88,57",30,"7,23",10,20,"4,82"
251394,SÃO DOMINGOS DO CARIRI,PB,07/2022,424,386,"91,04",345,41,"89,38",38,"8,96",15,23,"5,42"
251394,SÃO DOMINGOS DO CARIRI,PB,11/2022,385,357,"92,73",324,33,"90,76",28,"7,27",7,21,"5,45"
251396,SÃO DOMINGOS DE POMBAL,PB,11/2022,399,259,"64,91",211,48,"81,47",140,"35,09",1,139,"34,84"
251396,SÃO DOMINGOS DE POMBAL,PB,07/2022,397,280,"70,53",249,31,"88,93",117,"29,47",0,117,"29,47"
251396,SÃO DOMINGOS DE POMBAL,PB,09/2022,396,271,"68,43",222,49,"81,92",125,"31,57",2,123,"31,06"
251398,SÃO FRANCISCO,PB,07/2022,483,358,"74,12",356,2,"99,44",125,"25,88",20,105,"21,74"
251398,SÃO FRANCISCO,PB,09/2022,493,364,"73,83",347,17,"95,33",129,"26,17",1,128,"25,96"
251398,SÃO FRANCISCO,PB,11/2022,480,409,"85,21",371,38,"90,71",71,"14,79",1,70,"14,58"
251400,SÃO JOÃO DO CARIRI,PB,11/2022,641,585,"91,26",585,0,"100,00",56,"8,74",3,53,"8,27"
251400,SÃO JOÃO DO CARIRI,PB,09/2022,685,624,"91,09",594,30,"95,19",61,"8,91",6,55,"8,03"
251400,SÃO JOÃO DO CARIRI,PB,07/2022,688,647,"94,04",614,33,"94,90",41,"5,96",4,37,"5,38"
251410,SÃO JOÃO DO TIGRE,PB,09/2022,817,702,"85,92",624,78,"88,89",115,"14,08",11,104,"12,73"
251410,SÃO JOÃO DO TIGRE,PB,07/2022,830,676,"81,45",632,44,"93,49",154,"18,55",6,148,"17,83"
251410,SÃO JOÃO DO TIGRE,PB,11/2022,768,674,"87,76",643,31,"95,40",94,"12,24",4,90,"11,72"
251420,SÃO JOSÉ DA LAGOA TAPADA,PB,11/2022,1335,1068,"80,00",1068,0,"100,00",267,"20,00",32,235,"17,60"
251420,SÃO JOSÉ DA LAGOA TAPADA,PB,07/2022,1344,1103,"82,07",1097,6,"99,46",241,"17,93",2,239,"17,78"
251420,SÃO JOSÉ DA LAGOA TAPADA,PB,09/2022,1352,1104,"81,66",1099,5,"99,55",248,"18,34",3,245,"18,12"
251430,SÃO JOSÉ DE CAIANA,PB,09/2022,1239,1018,"82,16",884,134,"86,84",221,"17,84",5,216,"17,43"
251430,SÃO JOSÉ DE CAIANA,PB,07/2022,1270,1017,"80,08",880,137,"86,53",253,"19,92",12,241,"18,98"
251430,SÃO JOSÉ DE CAIANA,PB,11/2022,1145,943,"82,36",893,50,"94,70",202,"17,64",6,196,"17,12"
251440,SÃO JOSÉ DE ESPINHARAS,PB,11/2022,587,571,"97,27",516,55,"90,37",16,"2,73",6,10,"1,70"
251440,SÃO JOSÉ DE ESPINHARAS,PB,09/2022,654,599,"91,59",525,74,"87,65",55,"8,41",9,46,"7,03"
251440,SÃO JOSÉ DE ESPINHARAS,PB,07/2022,674,628,"93,18",513,115,"81,69",46,"6,82",9,37,"5,49"
251445,SÃO JOSÉ DOS RAMOS,PB,09/2022,1240,606,"48,87",579,27,"95,54",634,"51,13",8,626,"50,48"
251445,SÃO JOSÉ DOS RAMOS,PB,07/2022,1210,535,"44,21",530,5,"99,07",675,"55,79",24,651,"53,80"
251445,SÃO JOSÉ DOS RAMOS,PB,11/2022,1203,893,"74,23",890,3,"99,66",310,"25,77",1,309,"25,69"
251450,SÃO JOSÉ DE PIRANHAS,PB,11/2022,3160,3136,"99,24",2233,903,"71,21",24,"0,76",10,14,"0,44"
251450,SÃO JOSÉ DE PIRANHAS,PB,09/2022,3385,2763,"81,62",2482,281,"89,83",622,"18,38",5,617,"18,23"
251450,SÃO JOSÉ DE PIRANHAS,PB,07/2022,3330,2135,"64,11",2017,118,"94,47",1195,"35,89",395,800,"24,02"
251455,SÃO JOSÉ DE PRINCESA,PB,07/2022,500,426,"85,20",354,72,"83,10",74,"14,80",4,70,"14,00"
251455,SÃO JOSÉ DE PRINCESA,PB,09/2022,490,422,"86,12",359,63,"85,07",68,"13,88",3,65,"13,27"
251455,SÃO JOSÉ DE PRINCESA,PB,11/2022,431,376,"87,24",354,22,"94,15",55,"12,76",3,52,"12,06"
251460,SÃO JOSÉ DO BONFIM,PB,11/2022,705,335,"47,52",325,10,"97,01",370,"52,48",16,354,"50,21"
251460,SÃO JOSÉ DO BONFIM,PB,09/2022,709,325,"45,84",317,8,"97,54",384,"54,16",31,353,"49,79"
251460,SÃO JOSÉ DO BONFIM,PB,07/2022,704,342,"48,58",342,0,"100,00",362,"51,42",138,224,"31,82"
251465,SÃO JOSÉ DO BREJO DO CRUZ,PB,07/2022,302,198,"65,56",184,14,"92,93",104,"34,44",14,90,"29,80"
251465,SÃO JOSÉ DO BREJO DO CRUZ,PB,09/2022,303,215,"70,96",215,0,"100,00",88,"29,04",2,86,"28,38"
251465,SÃO JOSÉ DO BREJO DO CRUZ,PB,11/2022,290,207,"71,38",207,0,"100,00",83,"28,62",2,81,"27,93"
251470,SÃO JOSÉ DO SABUGI,PB,11/2022,469,455,"97,01",431,24,"94,73",14,"2,99",0,14,"2,99"
251470,SÃO JOSÉ DO SABUGI,PB,09/2022,524,511,"97,52",432,79,"84,54",13,"2,48",0,13,"2,48"
251470,SÃO JOSÉ DO SABUGI,PB,07/2022,532,504,"94,74",442,62,"87,70",28,"5,26",4,24,"4,51"
251480,SÃO JOSÉ DOS CORDEIROS,PB,09/2022,468,402,"85,90",382,20,"95,02",66,"14,10",6,60,"12,82"
251480,SÃO JOSÉ DOS CORDEIROS,PB,07/2022,470,403,"85,74",394,9,"97,77",67,"14,26",6,61,"12,98"
251480,SÃO JOSÉ DOS CORDEIROS,PB,11/2022,472,388,"82,20",373,15,"96,13",84,"17,80",24,60,"12,71"
251490,SÃO MAMEDE,PB,11/2022,1229,945,"76,89",943,2,"99,79",284,"23,11",3,281,"22,86"
251490,SÃO MAMEDE,PB,07/2022,1223,712,"58,22",710,2,"99,72",511,"41,78",180,331,"27,06"
251490,SÃO MAMEDE,PB,09/2022,1242,925,"74,48",920,5,"99,46",317,"25,52",5,312,"25,12"
251500,SÃO MIGUEL DE TAIPU,PB,09/2022,1696,1123,"66,21",986,137,"87,80",573,"33,79",41,532,"31,37"
251500,SÃO MIGUEL DE TAIPU,PB,07/2022,1676,1078,"64,32",890,188,"82,56",598,"35,68",240,358,"21,36"
251500,SÃO MIGUEL DE TAIPU,PB,11/2022,1563,934,"59,76",899,35,"96,25",629,"40,24",141,488,"31,22"
251510,SÃO SEBASTIÃO DE LAGOA DE ROÇA,PB,11/2022,1769,1319,"74,56",1276,43,"96,74",450,"25,44",33,417,"23,57"
251510,SÃO SEBASTIÃO DE LAGOA DE ROÇA,PB,09/2022,1762,1306,"74,12",1266,40,"96,94",456,"25,88",17,439,"24,91"
251510,SÃO SEBASTIÃO DE LAGOA DE ROÇA,PB,07/2022,1764,1329,"75,34",1312,17,"98,72",435,"24,66",44,391,"22,17"
251520,SÃO SEBASTIÃO DO UMBUZEIRO,PB,09/2022,508,413,"81,30",393,20,"95,16",95,"18,70",23,72,"14,17"
251520,SÃO SEBASTIÃO DO UMBUZEIRO,PB,07/2022,512,376,"73,44",360,16,"95,74",136,"26,56",24,112,"21,88"
251520,SÃO SEBASTIÃO DO UMBUZEIRO,PB,11/2022,503,429,"85,29",420,9,"97,90",74,"14,71",1,73,"14,51"
251530,SAPÉ,PB,11/2022,9806,9267,"94,50",9246,21,"99,77",539,"5,50",112,427,"4,35"
251530,SAPÉ,PB,07/2022,10011,8246,"82,37",8211,35,"99,58",1765,"17,63",90,1675,"16,73"
251530,SAPÉ,PB,09/2022,9949,9153,"92,00",9114,39,"99,57",796,"8,00",195,601,"6,04"
251540,SERIDÓ,PB,09/2022,2325,1797,"77,29",1657,140,"92,21",528,"22,71",126,402,"17,29"
251540,SERIDÓ,PB,07/2022,2279,1673,"73,41",1183,490,"70,71",606,"26,59",149,457,"20,05"
251540,SERIDÓ,PB,11/2022,2190,2021,"92,28",1889,132,"93,47",169,"7,72",26,143,"6,53"
251550,SERRA BRANCA,PB,11/2022,2292,1858,"81,06",1858,0,"100,00",434,"18,94",22,412,"17,98"
251550,SERRA BRANCA,PB,09/2022,2371,1933,"81,53",1906,27,"98,60",438,"18,47",11,427,"18,01"
251550,SERRA BRANCA,PB,07/2022,2369,1945,"82,10",1923,22,"98,87",424,"17,90",15,409,"17,26"
251560,SERRA DA RAIZ,PB,07/2022,469,387,"82,52",357,30,"92,25",82,"17,48",5,77,"16,42"
251560,SERRA DA RAIZ,PB,09/2022,468,439,"93,80",356,83,"81,09",29,"6,20",7,22,"4,70"
251560,SERRA DA RAIZ,PB,11/2022,445,412,"92,58",362,50,"87,86",33,"7,42",5,28,"6,29"
251570,SERRA GRANDE,PB,07/2022,609,501,"82,27",391,110,"78,04",108,"17,73",3,105,"17,24"
251570,SERRA GRANDE,PB,09/2022,598,490,"81,94",389,101,"79,39",108,"18,06",6,102,"17,06"
251570,SERRA GRANDE,PB,11/2022,560,516,"92,14",468,48,"90,70",44,"7,86",3,41,"7,32"
251580,SERRA REDONDA,PB,11/2022,1124,966,"85,94",944,22,"97,72",158,"14,06",17,141,"12,54"
251580,SERRA REDONDA,PB,07/2022,1260,932,"73,97",856,76,"91,85",328,"26,03",16,312,"24,76"
251580,SERRA REDONDA,PB,09/2022,1208,1021,"84,52",942,79,"92,26",187,"15,48",18,169,"13,99"
251590,SERRARIA,PB,07/2022,1028,884,"85,99",884,0,"100,00",144,"14,01",12,132,"12,84"
251590,SERRARIA,PB,09/2022,1009,928,"91,97",914,14,"98,49",81,"8,03",3,78,"7,73"
251590,SERRARIA,PB,11/2022,1002,971,"96,91",968,3,"99,69",31,"3,09",0,31,"3,09"
251593,SERTÃOZINHO,PB,07/2022,878,751,"85,54",751,0,"100,00",127,"14,46",6,121,"13,78"
251593,SERTÃOZINHO,PB,09/2022,863,595,"68,95",594,1,"99,83",268,"31,05",114,154,"17,84"
251593,SERTÃOZINHO,PB,11/2022,878,726,"82,69",726,0,"100,00",152,"17,31",2,150,"17,08"
251597,SOBRADO,PB,07/2022,1614,1327,"82,22",1170,157,"88,17",287,"17,78",23,264,"16,36"
251597,SOBRADO,PB,11/2022,1500,1290,"86,00",1208,82,"93,64",210,"14,00",8,202,"13,47"
251597,SOBRADO,PB,09/2022,1623,1365,"84,10",1226,139,"89,82",258,"15,90",23,235,"14,48"
251600,SOLÂNEA,PB,07/2022,4659,4027,"86,43",3794,233,"94,21",632,"13,57",36,596,"12,79"
251600,SOLÂNEA,PB,09/2022,4603,4313,"93,70",3823,490,"88,64",290,"6,30",36,254,"5,52"
251600,SOLÂNEA,PB,11/2022,4258,4006,"94,08",3874,132,"96,70",252,"5,92",31,221,"5,19"
251610,SOLEDADE,PB,11/2022,2495,1500,"60,12",1499,1,"99,93",995,"39,88",38,957,"38,36"
251610,SOLEDADE,PB,09/2022,2497,1398,"55,99",1396,2,"99,86",1099,"44,01",2,1097,"43,93"
251610,SOLEDADE,PB,07/2022,2509,1400,"55,80",1397,3,"99,79",1109,"44,20",8,1101,"43,88"
251615,SOSSÊGO,PB,09/2022,699,584,"83,55",567,17,"97,09",115,"16,45",1,114,"16,31"
251615,SOSSÊGO,PB,07/2022,736,575,"78,13",519,56,"90,26",161,"21,88",9,152,"20,65"
251615,SOSSÊGO,PB,11/2022,683,588,"86,09",562,26,"95,58",95,"13,91",5,90,"13,18"
251620,SOUSA,PB,11/2022,11409,8510,"74,59",8434,76,"99,11",2899,"25,41",29,2870,"25,16"
251620,SOUSA,PB,09/2022,11871,8573,"72,22",8125,448,"94,77",3298,"27,78",18,3280,"27,63"
251620,SOUSA,PB,07/2022,11766,8279,"70,36",7944,335,"95,95",3487,"29,64",21,3466,"29,46"
251630,SUMÉ,PB,11/2022,2443,1483,"60,70",1447,36,"97,57",960,"39,30",27,933,"38,19"
251630,SUMÉ,PB,07/2022,2540,1556,"61,26",1514,42,"97,30",984,"38,74",2,982,"38,66"
251630,SUMÉ,PB,09/2022,2528,1506,"59,57",1395,111,"92,63",1022,"40,43",5,1017,"40,23"
251640,TACIMA,PB,11/2022,1544,1371,"88,80",1370,1,"99,93",173,"11,20",17,156,"10,10"
251640,TACIMA,PB,09/2022,1555,1362,"87,59",1359,3,"99,78",193,"12,41",17,176,"11,32"
251640,TACIMA,PB,07/2022,1554,1367,"87,97",1352,15,"98,90",187,"12,03",21,166,"10,68"
251650,TAPEROÁ,PB,09/2022,2872,920,"32,03",888,32,"96,52",1952,"67,97",1296,656,"22,84"
251650,TAPEROÁ,PB,07/2022,2885,786,"27,24",780,6,"99,24",2099,"72,76",1401,698,"24,19"
251650,TAPEROÁ,PB,11/2022,2864,1273,"44,45",1219,54,"95,76",1591,"55,55",921,670,"23,39"
251660,TAVARES,PB,11/2022,2488,1612,"64,79",1599,13,"99,19",876,"35,21",3,873,"35,09"
251660,TAVARES,PB,07/2022,2588,1657,"64,03",1639,18,"98,91",931,"35,97",6,925,"35,74"
251660,TAVARES,PB,09/2022,2580,1620,"62,79",1597,23,"98,58",960,"37,21",5,955,"37,02"
251670,TEIXEIRA,PB,07/2022,3387,2130,"62,89",2065,65,"96,95",1257,"37,11",40,1217,"35,93"
251670,TEIXEIRA,PB,11/2022,3178,2684,"84,46",2560,124,"95,38",494,"15,54",27,467,"14,69"
251670,TEIXEIRA,PB,09/2022,3318,2837,"85,50",2510,327,"88,47",481,"14,50",54,427,"12,87"
251675,TENÓRIO,PB,09/2022,618,587,"94,98",568,19,"96,76",31,"5,02",7,24,"3,88"
251675,TENÓRIO,PB,07/2022,614,540,"87,95",538,2,"99,63",74,"12,05",6,68,"11,07"
251675,TENÓRIO,PB,11/2022,617,572,"92,71",572,0,"100,00",45,"7,29",14,31,"5,02"
251680,TRIUNFO,PB,11/2022,1619,1366,"84,37",1294,72,"94,73",253,"15,63",3,250,"15,44"
251680,TRIUNFO,PB,07/2022,1701,1293,"76,01",1205,88,"93,19",408,"23,99",4,404,"23,75"
251680,TRIUNFO,PB,09/2022,1710,1364,"79,77",1271,93,"93,18",346,"20,23",7,339,"19,82"
251690,UIRAÚNA,PB,07/2022,2228,2038,"91,47",2021,17,"99,17",190,"8,53",9,181,"8,12"
251690,UIRAÚNA,PB,09/2022,2253,2065,"91,66",2028,37,"98,21",188,"8,34",5,183,"8,12"
251690,UIRAÚNA,PB,11/2022,2210,2032,"91,95",2031,1,"99,95",178,"8,05",2,176,"7,96"
251700,UMBUZEIRO,PB,07/2022,1761,1611,"91,48",1598,13,"99,19",150,"8,52",8,142,"8,06"
251700,UMBUZEIRO,PB,09/2022,1807,1682,"93,08",1663,19,"98,87",125,"6,92",11,114,"6,31"
251700,UMBUZEIRO,PB,11/2022,1797,1769,"98,44",1710,59,"96,66",28,"1,56",8,20,"1,11"
251710,VÁRZEA,PB,07/2022,332,260,"78,31",245,15,"94,23",72,"21,69",5,67,"20,18"
251710,VÁRZEA,PB,11/2022,320,261,"81,56",253,8,"96,93",59,"18,44",0,59,"18,44"
251710,VÁRZEA,PB,09/2022,331,269,"81,27",248,21,"92,19",62,"18,73",2,60,"18,13"
251720,VIEIRÓPOLIS,PB,09/2022,708,682,"96,33",545,137,"79,91",26,"3,67",13,13,"1,84"
251720,VIEIRÓPOLIS,PB,07/2022,721,653,"90,57",581,72,"88,97",68,"9,43",11,57,"7,91"
251720,VIEIRÓPOLIS,PB,11/2022,647,624,"96,45",545,79,"87,34",23,"3,55",12,11,"1,70"
251740,ZABELÊ,PB,07/2022,407,239,"58,72",234,5,"97,91",168,"41,28",3,165,"40,54"
251740,ZABELÊ,PB,09/2022,416,244,"58,65",238,6,"97,54",172,"41,35",4,168,"40,38"
251740,ZABELÊ,PB,11/2022,365,268,"73,42",261,7,"97,39",97,"26,58",2,95,"26,03"
260005,ABREU E LIMA,PE,11/2022,16180,5707,"35,27",5639,68,"98,81",10473,"64,73",2548,7925,"48,98"
260005,ABREU E LIMA,PE,09/2022,16441,3889,"23,65",3774,115,"97,04",12552,"76,35",4514,8038,"48,89"
260005,ABREU E LIMA,PE,07/2022,15972,5350,"33,50",5256,94,"98,24",10622,"66,50",2619,8003,"50,11"
260010,AFOGADOS DA INGAZEIRA,PE,11/2022,5482,4386,"80,01",4136,250,"94,30",1096,"19,99",9,1087,"19,83"
260010,AFOGADOS DA INGAZEIRA,PE,09/2022,5650,4391,"77,72",3871,520,"88,16",1259,"22,28",50,1209,"21,40"
260010,AFOGADOS DA INGAZEIRA,PE,07/2022,5822,3628,"62,32",3122,506,"86,05",2194,"37,68",56,2138,"36,72"
260020,AFRÂNIO,PE,09/2022,3558,2834,"79,65",2722,112,"96,05",724,"20,35",17,707,"19,87"
260020,AFRÂNIO,PE,07/2022,3556,2832,"79,64",2722,110,"96,12",724,"20,36",28,696,"19,57"
260020,AFRÂNIO,PE,11/2022,3386,2804,"82,81",2785,19,"99,32",582,"17,19",8,574,"16,95"
260030,AGRESTINA,PE,07/2022,4534,3468,"76,49",3421,47,"98,64",1066,"23,51",19,1047,"23,09"
260030,AGRESTINA,PE,09/2022,4597,3418,"74,35",3351,67,"98,04",1179,"25,65",22,1157,"25,17"
260030,AGRESTINA,PE,11/2022,4508,3313,"73,49",3274,39,"98,82",1195,"26,51",11,1184,"26,26"
260040,ÁGUA PRETA,PE,07/2022,5586,2343,"41,94",2310,33,"98,59",3243,"58,06",266,2977,"53,29"
260040,ÁGUA PRETA,PE,09/2022,5558,2405,"43,27",2371,34,"98,59",3153,"56,73",141,3012,"54,19"
260040,ÁGUA PRETA,PE,11/2022,5602,2876,"51,34",2829,47,"98,37",2726,"48,66",29,2697,"48,14"
260050,ÁGUAS BELAS,PE,07/2022,11946,7691,"64,38",7558,133,"98,27",4255,"35,62",173,4082,"34,17"
260050,ÁGUAS BELAS,PE,11/2022,11408,7454,"65,34",7382,72,"99,03",3954,"34,66",81,3873,"33,95"
260050,ÁGUAS BELAS,PE,09/2022,11885,7324,"61,62",7234,90,"98,77",4561,"38,38",177,4384,"36,89"
260060,ALAGOINHA,PE,09/2022,2673,2171,"81,22",2171,0,"100,00",502,"18,78",13,489,"18,29"
260060,ALAGOINHA,PE,07/2022,2653,2148,"80,96",2147,1,"99,95",505,"19,04",20,485,"18,28"
260060,ALAGOINHA,PE,11/2022,2623,2165,"82,54",2165,0,"100,00",458,"17,46",7,451,"17,19"
260070,ALIANÇA,PE,07/2022,7847,5959,"75,94",5770,189,"96,83",1888,"24,06",23,1865,"23,77"
260070,ALIANÇA,PE,11/2022,7624,5576,"73,14",5513,63,"98,87",2048,"26,86",24,2024,"26,55"
260070,ALIANÇA,PE,09/2022,7943,5789,"72,88",5582,207,"96,42",2154,"27,12",34,2120,"26,69"
260080,ALTINHO,PE,11/2022,3254,2033,"62,48",1993,40,"98,03",1221,"37,52",76,1145,"35,19"
260080,ALTINHO,PE,07/2022,3505,2018,"57,57",1747,271,"86,57",1487,"42,43",269,1218,"34,75"
260080,ALTINHO,PE,09/2022,3525,2202,"62,47",1948,254,"88,47",1323,"37,53",96,1227,"34,81"
260090,AMARAJI,PE,11/2022,4052,2198,"54,24",2189,9,"99,59",1854,"45,76",611,1243,"30,68"
260090,AMARAJI,PE,07/2022,4157,1980,"47,63",1970,10,"99,49",2177,"52,37",752,1425,"34,28"
260090,AMARAJI,PE,09/2022,4135,1642,"39,71",1639,3,"99,82",2493,"60,29",1121,1372,"33,18"
260100,ANGELIM,PE,11/2022,2187,1736,"79,38",1688,48,"97,24",451,"20,62",3,448,"20,48"
260100,ANGELIM,PE,07/2022,2284,1755,"76,84",1641,114,"93,50",529,"23,16",32,497,"21,76"
260100,ANGELIM,PE,09/2022,2283,1764,"77,27",1633,131,"92,57",519,"22,73",58,461,"20,19"
260105,ARAÇOIABA,PE,09/2022,4567,581,"12,72",482,99,"82,96",3986,"87,28",3272,714,"15,63"
260105,ARAÇOIABA,PE,11/2022,4605,3479,"75,55",3278,201,"94,22",1126,"24,45",604,522,"11,34"
260105,ARAÇOIABA,PE,07/2022,4514,573,"12,69",573,0,"100,00",3941,"87,31",3240,701,"15,53"
260110,ARARIPINA,PE,09/2022,19090,13639,"71,45",13511,128,"99,06",5451,"28,55",1611,3840,"20,12"
260110,ARARIPINA,PE,07/2022,18481,11943,"64,62",11814,129,"98,92",6538,"35,38",2804,3734,"20,20"
260110,ARARIPINA,PE,11/2022,18352,15078,"82,16",14518,560,"96,29",3274,"17,84",608,2666,"14,53"
260120,ARCOVERDE,PE,09/2022,11730,6318,"53,86",6169,149,"97,64",5412,"46,14",45,5367,"45,75"
260120,ARCOVERDE,PE,07/2022,11717,6080,"51,89",5943,137,"97,75",5637,"48,11",396,5241,"44,73"
260120,ARCOVERDE,PE,11/2022,11660,6716,"57,60",6515,201,"97,01",4944,"42,40",37,4907,"42,08"
260130,BARRA DE GUABIRABA,PE,09/2022,2164,1062,"49,08",1062,0,"100,00",1102,"50,92",455,647,"29,90"
260130,BARRA DE GUABIRABA,PE,07/2022,2089,604,"28,91",603,1,"99,83",1485,"71,09",837,648,"31,02"
260130,BARRA DE GUABIRABA,PE,11/2022,2081,912,"43,83",912,0,"100,00",1169,"56,17",65,1104,"53,05"
260140,BARREIROS,PE,07/2022,9171,4968,"54,17",4627,341,"93,14",4203,"45,83",32,4171,"45,48"
260140,BARREIROS,PE,09/2022,9091,5940,"65,34",5569,371,"93,75",3151,"34,66",107,3044,"33,48"
260140,BARREIROS,PE,11/2022,8656,5892,"68,07",5723,169,"97,13",2764,"31,93",78,2686,"31,03"
260150,BELÉM DE MARIA,PE,11/2022,2267,1489,"65,68",1482,7,"99,53",778,"34,32",10,768,"33,88"
260150,BELÉM DE MARIA,PE,07/2022,2429,1177,"48,46",1172,5,"99,58",1252,"51,54",412,840,"34,58"
260150,BELÉM DE MARIA,PE,09/2022,2275,617,"27,12",612,5,"99,19",1658,"72,88",826,832,"36,57"
260160,BELÉM DE SÃO FRANCISCO,PE,07/2022,4756,3666,"77,08",3629,37,"98,99",1090,"22,92",137,953,"20,04"
260160,BELÉM DE SÃO FRANCISCO,PE,09/2022,4662,3642,"78,12",3631,11,"99,70",1020,"21,88",57,963,"20,66"
260160,BELÉM DE SÃO FRANCISCO,PE,11/2022,4460,3610,"80,94",3576,34,"99,06",850,"19,06",14,836,"18,74"
260170,BELO JARDIM,PE,09/2022,14128,8932,"63,22",8588,344,"96,15",5196,"36,78",1132,4064,"28,77"
260170,BELO JARDIM,PE,07/2022,13910,9288,"66,77",8914,374,"95,97",4622,"33,23",692,3930,"28,25"
260170,BELO JARDIM,PE,11/2022,13740,9267,"67,45",9202,65,"99,30",4473,"32,55",972,3501,"25,48"
260180,BETÂNIA,PE,11/2022,2382,2160,"90,68",2138,22,"98,98",222,"9,32",65,157,"6,59"
260180,BETÂNIA,PE,07/2022,2408,2218,"92,11",2146,72,"96,75",190,"7,89",44,146,"6,06"
260180,BETÂNIA,PE,09/2022,2468,2194,"88,90",2139,55,"97,49",274,"11,10",56,218,"8,83"
260190,BEZERROS,PE,11/2022,9310,6745,"72,45",6633,112,"98,34",2565,"27,55",332,2233,"23,98"
260190,BEZERROS,PE,07/2022,9451,4216,"44,61",3978,238,"94,35",5235,"55,39",2332,2903,"30,72"
260190,BEZERROS,PE,09/2022,9475,3954,"41,73",3619,335,"91,53",5521,"58,27",2485,3036,"32,04"
260200,BODOCÓ,PE,11/2022,7034,5289,"75,19",5052,237,"95,52",1745,"24,81",33,1712,"24,34"
260200,BODOCÓ,PE,07/2022,7418,5415,"73,00",4998,417,"92,30",2003,"27,00",35,1968,"26,53"
260200,BODOCÓ,PE,09/2022,7428,5485,"73,84",5122,363,"93,38",1943,"26,16",64,1879,"25,30"
260210,BOM CONSELHO,PE,09/2022,8823,4680,"53,04",4588,92,"98,03",4143,"46,96",1149,2994,"33,93"
260210,BOM CONSELHO,PE,11/2022,8617,5852,"67,91",5809,43,"99,27",2765,"32,09",159,2606,"30,24"
260210,BOM CONSELHO,PE,07/2022,8936,5697,"63,75",5514,183,"96,79",3239,"36,25",255,2984,"33,39"
260220,BOM JARDIM,PE,09/2022,6675,5742,"86,02",5466,276,"95,19",933,"13,98",72,861,"12,90"
260220,BOM JARDIM,PE,11/2022,6027,5570,"92,42",5505,65,"98,83",457,"7,58",11,446,"7,40"
260220,BOM JARDIM,PE,07/2022,6780,5531,"81,58",5180,351,"93,65",1249,"18,42",28,1221,"18,01"
260230,BONITO,PE,09/2022,7888,6107,"77,42",6107,0,"100,00",1781,"22,58",112,1669,"21,16"
260230,BONITO,PE,07/2022,7916,5797,"73,23",5527,270,"95,34",2119,"26,77",422,1697,"21,44"
260230,BONITO,PE,11/2022,7601,6008,"79,04",6006,2,"99,97",1593,"20,96",24,1569,"20,64"
260240,BREJÃO,PE,09/2022,2238,1781,"79,58",1741,40,"97,75",457,"20,42",19,438,"19,57"
260240,BREJÃO,PE,11/2022,2174,1769,"81,37",1749,20,"98,87",405,"18,63",11,394,"18,12"
260240,BREJÃO,PE,07/2022,2303,1671,"72,56",1658,13,"99,22",632,"27,44",16,616,"26,75"
260250,BREJINHO,PE,11/2022,1546,1271,"82,21",1254,17,"98,66",275,"17,79",0,275,"17,79"
260250,BREJINHO,PE,09/2022,1626,946,"58,18",902,44,"95,35",680,"41,82",56,624,"38,38"
260250,BREJINHO,PE,07/2022,1608,875,"54,42",780,95,"89,14",733,"45,58",108,625,"38,87"
260260,BREJO DA MADRE DE DEUS,PE,07/2022,9284,5529,"59,55",5114,415,"92,49",3755,"40,45",1180,2575,"27,74"
260260,BREJO DA MADRE DE DEUS,PE,11/2022,9231,5670,"61,42",5427,243,"95,71",3561,"38,58",813,2748,"29,77"
260260,BREJO DA MADRE DE DEUS,PE,09/2022,9420,5439,"57,74",5024,415,"92,37",3981,"42,26",1249,2732,"29,00"
260270,BUENOS AIRES,PE,07/2022,3022,2138,"70,75",2138,0,"100,00",884,"29,25",261,623,"20,62"
260270,BUENOS AIRES,PE,11/2022,3000,2195,"73,17",2195,0,"100,00",805,"26,83",174,631,"21,03"
260270,BUENOS AIRES,PE,09/2022,3065,425,"13,87",423,2,"99,53",2640,"86,13",1991,649,"21,17"
260280,BUÍQUE,PE,09/2022,12417,3182,"25,63",3142,40,"98,74",9235,"74,37",3083,6152,"49,54"
260280,BUÍQUE,PE,11/2022,12010,4880,"40,63",4795,85,"98,26",7130,"59,37",1040,6090,"50,71"
260280,BUÍQUE,PE,07/2022,12633,2980,"23,59",2931,49,"98,36",9653,"76,41",3383,6270,"49,63"
260290,CABO DE SANTO AGOSTINHO,PE,07/2022,30307,10534,"34,76",10115,419,"96,02",19773,"65,24",5029,14744,"48,65"
260290,CABO DE SANTO AGOSTINHO,PE,11/2022,30941,9714,"31,40",9523,191,"98,03",21227,"68,60",6403,14824,"47,91"
260290,CABO DE SANTO AGOSTINHO,PE,09/2022,31270,9724,"31,10",9220,504,"94,82",21546,"68,90",5916,15630,"49,98"
260300,CABROBÓ,PE,11/2022,7477,6318,"84,50",6318,0,"100,00",1159,"15,50",10,1149,"15,37"
260300,CABROBÓ,PE,09/2022,7594,6383,"84,05",6383,0,"100,00",1211,"15,95",21,1190,"15,67"
260300,CABROBÓ,PE,07/2022,7529,6322,"83,97",6322,0,"100,00",1207,"16,03",29,1178,"15,65"
260310,CACHOEIRINHA,PE,11/2022,3584,3173,"88,53",2952,221,"93,03",411,"11,47",15,396,"11,05"
260310,CACHOEIRINHA,PE,07/2022,3744,3412,"91,13",3155,257,"92,47",332,"8,87",11,321,"8,57"
260310,CACHOEIRINHA,PE,09/2022,3798,3174,"83,57",3045,129,"95,94",624,"16,43",49,575,"15,14"
260320,CAETÉS,PE,11/2022,5498,4698,"85,45",4607,91,"98,06",800,"14,55",20,780,"14,19"
260320,CAETÉS,PE,09/2022,5927,4748,"80,11",4633,115,"97,58",1179,"19,89",43,1136,"19,17"
260320,CAETÉS,PE,07/2022,6090,5092,"83,61",4748,344,"93,24",998,"16,39",12,986,"16,19"
260330,CALÇADO,PE,07/2022,1882,1291,"68,60",1291,0,"100,00",591,"31,40",8,583,"30,98"
260330,CALÇADO,PE,11/2022,1841,1422,"77,24",1400,22,"98,45",419,"22,76",7,412,"22,38"
260330,CALÇADO,PE,09/2022,1873,975,"52,06",953,22,"97,74",898,"47,94",322,576,"30,75"
260340,CALUMBI,PE,09/2022,1566,1211,"77,33",1195,16,"98,68",355,"22,67",28,327,"20,88"
260340,CALUMBI,PE,07/2022,1545,1166,"75,47",1146,20,"98,28",379,"24,53",28,351,"22,72"
260340,CALUMBI,PE,11/2022,1557,1280,"82,21",1277,3,"99,77",277,"17,79",3,274,"17,60"
260345,CAMARAGIBE,PE,09/2022,19395,9888,"50,98",9728,160,"98,38",9507,"49,02",3372,6135,"31,63"
260345,CAMARAGIBE,PE,11/2022,19920,14441,"72,49",14384,57,"99,61",5479,"27,51",167,5312,"26,67"
260345,CAMARAGIBE,PE,07/2022,19362,12813,"66,18",12812,1,"99,99",6549,"33,82",276,6273,"32,40"
260350,CAMOCIM DE SÃO FÉLIX,PE,07/2022,3348,2778,"82,97",2752,26,"99,06",570,"17,03",34,536,"16,01"
260350,CAMOCIM DE SÃO FÉLIX,PE,11/2022,3113,2181,"70,06",2145,36,"98,35",932,"29,94",29,903,"29,01"
260350,CAMOCIM DE SÃO FÉLIX,PE,09/2022,3348,2467,"73,69",2354,113,"95,42",881,"26,31",77,804,"24,01"
260360,CAMUTANGA,PE,09/2022,1668,1178,"70,62",1164,14,"98,81",490,"29,38",7,483,"28,96"
260360,CAMUTANGA,PE,07/2022,1658,1071,"64,60",1056,15,"98,60",587,"35,40",11,576,"34,74"
260360,CAMUTANGA,PE,11/2022,1682,1262,"75,03",1244,18,"98,57",420,"24,97",5,415,"24,67"
260370,CANHOTINHO,PE,11/2022,4273,3131,"73,27",3101,30,"99,04",1142,"26,73",3,1139,"26,66"
260370,CANHOTINHO,PE,09/2022,4368,2988,"68,41",2954,34,"98,86",1380,"31,59",18,1362,"31,18"
260370,CANHOTINHO,PE,07/2022,4422,3205,"72,48",3176,29,"99,10",1217,"27,52",35,1182,"26,73"
260380,CAPOEIRAS,PE,11/2022,3425,2201,"64,26",2193,8,"99,64",1224,"35,74",99,1125,"32,85"
260380,CAPOEIRAS,PE,07/2022,3568,2145,"60,12",2004,141,"93,43",1423,"39,88",225,1198,"33,58"
260380,CAPOEIRAS,PE,09/2022,3536,1306,"36,93",1296,10,"99,23",2230,"63,07",803,1427,"40,36"
260390,CARNAÍBA,PE,09/2022,3192,2765,"86,62",2412,353,"87,23",427,"13,38",4,423,"13,25"
260390,CARNAÍBA,PE,07/2022,3173,2728,"85,98",2312,416,"84,75",445,"14,02",3,442,"13,93"
260390,CARNAÍBA,PE,11/2022,2992,2627,"87,80",2463,164,"93,76",365,"12,20",2,363,"12,13"
260392,CARNAUBEIRA DA PENHA,PE,07/2022,3732,604,"16,18",540,64,"89,40",3128,"83,82",1933,1195,"32,02"
260392,CARNAUBEIRA DA PENHA,PE,09/2022,3725,1023,"27,46",922,101,"90,13",2702,"72,54",1450,1252,"33,61"
260392,CARNAUBEIRA DA PENHA,PE,11/2022,3694,2327,"62,99",2252,75,"96,78",1367,"37,01",39,1328,"35,95"
260400,CARPINA,PE,07/2022,11537,6084,"52,73",6019,65,"98,93",5453,"47,27",292,5161,"44,73"
260400,CARPINA,PE,09/2022,11794,6092,"51,65",6031,61,"99,00",5702,"48,35",431,5271,"44,69"
260400,CARPINA,PE,11/2022,11826,6218,"52,58",6175,43,"99,31",5608,"47,42",496,5112,"43,23"
260410,CARUARU,PE,07/2022,44877,22991,"51,23",20551,2440,"89,39",21886,"48,77",2375,19511,"43,48"
260410,CARUARU,PE,09/2022,46103,29631,"64,27",27468,2163,"92,70",16472,"35,73",3275,13197,"28,63"
260410,CARUARU,PE,11/2022,45342,33783,"74,51",31202,2581,"92,36",11559,"25,49",1221,10338,"22,80"
260415,CASINHAS,PE,11/2022,2510,1710,"68,13",1701,9,"99,47",800,"31,87",4,796,"31,71"
260415,CASINHAS,PE,09/2022,2664,1564,"58,71",1442,122,"92,20",1100,"41,29",136,964,"36,19"
260415,CASINHAS,PE,07/2022,2623,1696,"64,66",1564,132,"92,22",927,"35,34",7,920,"35,07"
260420,CATENDE,PE,09/2022,7590,3437,"45,28",3398,39,"98,87",4153,"54,72",1918,2235,"29,45"
260420,CATENDE,PE,07/2022,7623,3468,"45,49",3422,46,"98,67",4155,"54,51",1903,2252,"29,54"
260420,CATENDE,PE,11/2022,7286,6007,"82,45",5862,145,"97,59",1279,"17,55",130,1149,"15,77"
260430,CEDRO,PE,11/2022,2143,1084,"50,58",1041,43,"96,03",1059,"49,42",3,1056,"49,28"
260430,CEDRO,PE,09/2022,2141,755,"35,26",710,45,"94,04",1386,"64,74",337,1049,"49,00"
260430,CEDRO,PE,07/2022,2163,1098,"50,76",1048,50,"95,45",1065,"49,24",4,1061,"49,05"
260440,CHÃ DE ALEGRIA,PE,11/2022,3030,2365,"78,05",2365,0,"100,00",665,"21,95",6,659,"21,75"
260440,CHÃ DE ALEGRIA,PE,07/2022,2968,2294,"77,29",2294,0,"100,00",674,"22,71",19,655,"22,07"
260440,CHÃ DE ALEGRIA,PE,09/2022,2948,522,"17,71",522,0,"100,00",2426,"82,29",1749,677,"22,96"
260450,CHÃ GRANDE,PE,09/2022,4405,3322,"75,41",3322,0,"100,00",1083,"24,59",192,891,"20,23"
260450,CHÃ GRANDE,PE,07/2022,4361,3313,"75,97",3313,0,"100,00",1048,"24,03",159,889,"20,39"
260450,CHÃ GRANDE,PE,11/2022,4396,3481,"79,19",3481,0,"100,00",915,"20,81",76,839,"19,09"
260460,CONDADO,PE,07/2022,4241,3094,"72,95",2987,107,"96,54",1147,"27,05",19,1128,"26,60"
260460,CONDADO,PE,09/2022,4213,3526,"83,69",3490,36,"98,98",687,"16,31",12,675,"16,02"
260460,CONDADO,PE,11/2022,4139,3506,"84,71",3451,55,"98,43",633,"15,29",7,626,"15,12"
260470,CORRENTES,PE,09/2022,3529,2054,"58,20",2009,45,"97,81",1475,"41,80",856,619,"17,54"
260470,CORRENTES,PE,07/2022,3517,2022,"57,49",1988,34,"98,32",1495,"42,51",904,591,"16,80"
260470,CORRENTES,PE,11/2022,3470,2948,"84,96",2767,181,"93,86",522,"15,04",165,357,"10,29"
260480,CORTÊS,PE,07/2022,2943,1848,"62,79",1701,147,"92,05",1095,"37,21",663,432,"14,68"
260480,CORTÊS,PE,09/2022,2875,217,"7,55",169,48,"77,88",2658,"92,45",2206,452,"15,72"
260480,CORTÊS,PE,11/2022,2859,2405,"84,12",2386,19,"99,21",454,"15,88",9,445,"15,56"
260490,CUMARU,PE,07/2022,3147,2053,"65,24",2044,9,"99,56",1094,"34,76",268,826,"26,25"
260490,CUMARU,PE,11/2022,2957,2034,"68,79",2014,20,"99,02",923,"31,21",147,776,"26,24"
260490,CUMARU,PE,09/2022,3115,1990,"63,88",1935,55,"97,24",1125,"36,12",282,843,"27,06"
260500,CUPIRA,PE,09/2022,4065,2932,"72,13",2856,76,"97,41",1133,"27,87",11,1122,"27,60"
260500,CUPIRA,PE,07/2022,4018,2765,"68,82",2631,134,"95,15",1253,"31,18",156,1097,"27,30"
260500,CUPIRA,PE,11/2022,3921,2824,"72,02",2752,72,"97,45",1097,"27,98",0,1097,"27,98"
260510,CUSTÓDIA,PE,11/2022,6848,4225,"61,70",4088,137,"96,76",2623,"38,30",930,1693,"24,72"
260510,CUSTÓDIA,PE,07/2022,7234,6338,"87,61",6338,0,"100,00",896,"12,39",20,876,"12,11"
260510,CUSTÓDIA,PE,09/2022,7167,5073,"70,78",4748,325,"93,59",2094,"29,22",179,1915,"26,72"
260515,DORMENTES,PE,07/2022,2571,1578,"61,38",1393,185,"88,28",993,"38,62",26,967,"37,61"
260515,DORMENTES,PE,11/2022,2432,1495,"61,47",1461,34,"97,73",937,"38,53",22,915,"37,62"
260515,DORMENTES,PE,09/2022,2550,1543,"60,51",1373,170,"88,98",1007,"39,49",30,977,"38,31"
260520,ESCADA,PE,07/2022,11845,4394,"37,10",4366,28,"99,36",7451,"62,90",594,6857,"57,89"
260520,ESCADA,PE,11/2022,11838,8017,"67,72",8017,0,"100,00",3821,"32,28",30,3791,"32,02"
260520,ESCADA,PE,09/2022,11979,5053,"42,18",5052,1,"99,98",6926,"57,82",602,6324,"52,79"
260530,EXU,PE,07/2022,7734,6318,"81,69",6131,187,"97,04",1416,"18,31",40,1376,"17,79"
260530,EXU,PE,09/2022,7666,5945,"77,55",5721,224,"96,23",1721,"22,45",401,1320,"17,22"
260530,EXU,PE,11/2022,7436,6195,"83,31",6168,27,"99,56",1241,"16,69",103,1138,"15,30"
260540,FEIRA NOVA,PE,11/2022,4274,3072,"71,88",3015,57,"98,14",1202,"28,12",12,1190,"27,84"
260540,FEIRA NOVA,PE,09/2022,4562,3319,"72,75",3088,231,"93,04",1243,"27,25",11,1232,"27,01"
260540,FEIRA NOVA,PE,07/2022,4563,3270,"71,66",3139,131,"95,99",1293,"28,34",9,1284,"28,14"
260545,FERNANDO DE NORONHA,PE,07/2022,31,19,"61,29",19,0,"100,00",12,"38,71",7,5,"16,13"
260545,FERNANDO DE NORONHA,PE,09/2022,32,23,"71,88",22,1,"95,65",9,"28,13",5,4,"12,50"
260545,FERNANDO DE NORONHA,PE,11/2022,43,32,"74,42",28,4,"87,50",11,"25,58",4,7,"16,28"
260550,FERREIROS,PE,11/2022,1790,1093,"61,06",1053,40,"96,34",697,"38,94",20,677,"37,82"
260550,FERREIROS,PE,09/2022,1926,1135,"58,93",1022,113,"90,04",791,"41,07",41,750,"38,94"
260550,FERREIROS,PE,07/2022,1878,1157,"61,61",1050,107,"90,75",721,"38,39",44,677,"36,05"
260560,FLORES,PE,11/2022,3838,2646,"68,94",2576,70,"97,35",1192,"31,06",6,1186,"30,90"
260560,FLORES,PE,07/2022,4063,2474,"60,89",2325,149,"93,98",1589,"39,11",129,1460,"35,93"
260560,FLORES,PE,09/2022,4028,2535,"62,93",2381,154,"93,93",1493,"37,07",9,1484,"36,84"
260570,FLORESTA,PE,09/2022,6574,3713,"56,48",3713,0,"100,00",2861,"43,52",1693,1168,"17,77"
260570,FLORESTA,PE,11/2022,6555,5445,"83,07",5445,0,"100,00",1110,"16,93",5,1105,"16,86"
260570,FLORESTA,PE,07/2022,6647,5416,"81,48",5415,1,"99,98",1231,"18,52",66,1165,"17,53"
260580,FREI MIGUELINHO,PE,11/2022,2556,1648,"64,48",1648,0,"100,00",908,"35,52",18,890,"34,82"
260580,FREI MIGUELINHO,PE,09/2022,2689,1687,"62,74",1628,59,"96,50",1002,"37,26",52,950,"35,33"
260580,FREI MIGUELINHO,PE,07/2022,2641,1670,"63,23",1669,1,"99,94",971,"36,77",23,948,"35,90"
260590,GAMELEIRA,PE,11/2022,4247,2778,"65,41",2684,94,"96,62",1469,"34,59",32,1437,"33,84"
260590,GAMELEIRA,PE,09/2022,4567,2644,"57,89",2510,134,"94,93",1923,"42,11",609,1314,"28,77"
260590,GAMELEIRA,PE,07/2022,4593,2569,"55,93",2416,153,"94,04",2024,"44,07",672,1352,"29,44"
260600,GARANHUNS,PE,09/2022,22585,14472,"64,08",13226,1246,"91,39",8113,"35,92",488,7625,"33,76"
260600,GARANHUNS,PE,07/2022,21887,13609,"62,18",12530,1079,"92,07",8278,"37,82",577,7701,"35,19"
260600,GARANHUNS,PE,11/2022,22079,14651,"66,36",13751,900,"93,86",7428,"33,64",424,7004,"31,72"
260610,GLÓRIA DO GOITÁ,PE,11/2022,5049,3507,"69,46",3447,60,"98,29",1542,"30,54",10,1532,"30,34"
260610,GLÓRIA DO GOITÁ,PE,09/2022,5321,3642,"68,45",3415,227,"93,77",1679,"31,55",52,1627,"30,58"
260610,GLÓRIA DO GOITÁ,PE,07/2022,5281,3637,"68,87",3318,319,"91,23",1644,"31,13",55,1589,"30,09"
260620,GOIANA,PE,07/2022,13574,8939,"65,85",8565,374,"95,82",4635,"34,15",295,4340,"31,97"
260620,GOIANA,PE,11/2022,13644,10387,"76,13",7418,2969,"71,42",3257,"23,87",66,3191,"23,39"
260620,GOIANA,PE,09/2022,13997,8227,"58,78",7511,716,"91,30",5770,"41,22",745,5025,"35,90"
260630,GRANITO,PE,09/2022,1802,1380,"76,58",1369,11,"99,20",422,"23,42",64,358,"19,87"
260630,GRANITO,PE,11/2022,1751,1431,"81,72",1431,0,"100,00",320,"18,28",4,316,"18,05"
260630,GRANITO,PE,07/2022,1740,1455,"83,62",1452,3,"99,79",285,"16,38",8,277,"15,92"
260640,GRAVATÁ,PE,09/2022,14186,9107,"64,20",8448,659,"92,76",5079,"35,80",120,4959,"34,96"
260640,GRAVATÁ,PE,07/2022,13875,8760,"63,14",8117,643,"92,66",5115,"36,86",351,4764,"34,34"
260640,GRAVATÁ,PE,11/2022,13707,10196,"74,39",9951,245,"97,60",3511,"25,61",73,3438,"25,08"
260650,IATI,PE,11/2022,4379,2564,"58,55",2564,0,"100,00",1815,"41,45",8,1807,"41,27"
260650,IATI,PE,09/2022,4416,2244,"50,82",2213,31,"98,62",2172,"49,18",245,1927,"43,64"
260650,IATI,PE,07/2022,4437,2659,"59,93",2646,13,"99,51",1778,"40,07",46,1732,"39,04"
260660,IBIMIRIM,PE,11/2022,5964,3724,"62,44",3696,28,"99,25",2240,"37,56",26,2214,"37,12"
260660,IBIMIRIM,PE,07/2022,6020,2841,"47,19",2762,79,"97,22",3179,"52,81",1125,2054,"34,12"
260660,IBIMIRIM,PE,09/2022,5999,2793,"46,56",2729,64,"97,71",3206,"53,44",1135,2071,"34,52"
260670,IBIRAJUBA,PE,11/2022,1294,549,"42,43",548,1,"99,82",745,"57,57",531,214,"16,54"
260670,IBIRAJUBA,PE,07/2022,1290,744,"57,67",741,3,"99,60",546,"42,33",353,193,"14,96"
260670,IBIRAJUBA,PE,09/2022,1257,60,"4,77",60,0,"100,00",1197,"95,23",995,202,"16,07"
260680,IGARASSU,PE,11/2022,18583,9137,"49,17",8588,549,"93,99",9446,"50,83",150,9296,"50,02"
260680,IGARASSU,PE,07/2022,17973,7173,"39,91",6824,349,"95,13",10800,"60,09",2374,8426,"46,88"
260680,IGARASSU,PE,09/2022,18587,6777,"36,46",6641,136,"97,99",11810,"63,54",2471,9339,"50,24"
260690,IGUARACI,PE,09/2022,2228,1601,"71,86",1457,144,"91,01",627,"28,14",8,619,"27,78"
260690,IGUARACI,PE,07/2022,2231,1559,"69,88",1415,144,"90,76",672,"30,12",61,611,"27,39"
260690,IGUARACI,PE,11/2022,2057,1553,"75,50",1508,45,"97,10",504,"24,50",2,502,"24,40"
260700,INAJÁ,PE,11/2022,5483,4153,"75,74",4153,0,"100,00",1330,"24,26",23,1307,"23,84"
260700,INAJÁ,PE,09/2022,5701,4131,"72,46",4042,89,"97,85",1570,"27,54",233,1337,"23,45"
260700,INAJÁ,PE,07/2022,5765,4368,"75,77",4339,29,"99,34",1397,"24,23",47,1350,"23,42"
260710,INGAZEIRA,PE,11/2022,862,687,"79,70",659,28,"95,92",175,"20,30",2,173,"20,07"
260710,INGAZEIRA,PE,09/2022,883,688,"77,92",673,15,"97,82",195,"22,08",4,191,"21,63"
260710,INGAZEIRA,PE,07/2022,887,686,"77,34",632,54,"92,13",201,"22,66",3,198,"22,32"
260720,IPOJUCA,PE,11/2022,19791,11698,"59,11",11483,215,"98,16",8093,"40,89",1083,7010,"35,42"
260720,IPOJUCA,PE,09/2022,19694,8886,"45,12",8596,290,"96,74",10808,"54,88",3213,7595,"38,57"
260720,IPOJUCA,PE,07/2022,18723,8514,"45,47",8232,282,"96,69",10209,"54,53",1279,8930,"47,70"
260730,IPUBI,PE,11/2022,7649,5460,"71,38",5460,0,"100,00",2189,"28,62",90,2099,"27,44"
260730,IPUBI,PE,07/2022,7639,5438,"71,19",5437,1,"99,98",2201,"28,81",123,2078,"27,20"
260730,IPUBI,PE,09/2022,7707,5494,"71,29",5494,0,"100,00",2213,"28,71",105,2108,"27,35"
260740,ITACURUBA,PE,09/2022,1052,842,"80,04",841,1,"99,88",210,"19,96",23,187,"17,78"
260740,ITACURUBA,PE,07/2022,1040,837,"80,48",837,0,"100,00",203,"19,52",12,191,"18,37"
260740,ITACURUBA,PE,11/2022,1029,813,"79,01",773,40,"95,08",216,"20,99",24,192,"18,66"
260750,ITAÍBA,PE,07/2022,5831,4013,"68,82",4013,0,"100,00",1818,"31,18",802,1016,"17,42"
260750,ITAÍBA,PE,09/2022,5947,4502,"75,70",4502,0,"100,00",1445,"24,30",403,1042,"17,52"
260750,ITAÍBA,PE,11/2022,5786,4382,"75,73",4382,0,"100,00",1404,"24,27",369,1035,"17,89"
260760,ILHA DE ITAMARACÁ,PE,11/2022,4155,2642,"63,59",2616,26,"99,02",1513,"36,41",14,1499,"36,08"
260760,ILHA DE ITAMARACÁ,PE,09/2022,4204,978,"23,26",894,84,"91,41",3226,"76,74",1949,1277,"30,38"
260760,ILHA DE ITAMARACÁ,PE,07/2022,4136,2978,"72,00",2935,43,"98,56",1158,"28,00",46,1112,"26,89"
260765,ITAMBÉ,PE,11/2022,6896,5596,"81,15",5596,0,"100,00",1300,"18,85",85,1215,"17,62"
260765,ITAMBÉ,PE,09/2022,6956,5061,"72,76",5061,0,"100,00",1895,"27,24",147,1748,"25,13"
260765,ITAMBÉ,PE,07/2022,7049,5261,"74,63",5250,11,"99,79",1788,"25,37",49,1739,"24,67"
260770,ITAPETIM,PE,09/2022,2432,1744,"71,71",1743,1,"99,94",688,"28,29",23,665,"27,34"
260770,ITAPETIM,PE,11/2022,2412,2255,"93,49",2242,13,"99,42",157,"6,51",2,155,"6,43"
260770,ITAPETIM,PE,07/2022,2417,1743,"72,11",1741,2,"99,89",674,"27,89",10,664,"27,47"
260775,ITAPISSUMA,PE,07/2022,4430,2919,"65,89",2788,131,"95,51",1511,"34,11",39,1472,"33,23"
260775,ITAPISSUMA,PE,11/2022,4308,2809,"65,20",2703,106,"96,23",1499,"34,80",17,1482,"34,40"
260775,ITAPISSUMA,PE,09/2022,4374,2708,"61,91",2615,93,"96,57",1666,"38,09",158,1508,"34,48"
260780,ITAQUITINGA,PE,09/2022,3096,1046,"33,79",978,68,"93,50",2050,"66,21",1209,841,"27,16"
260780,ITAQUITINGA,PE,07/2022,3052,1019,"33,39",981,38,"96,27",2033,"66,61",1200,833,"27,29"
260780,ITAQUITINGA,PE,11/2022,3049,994,"32,60",941,53,"94,67",2055,"67,40",1239,816,"26,76"
260790,JABOATÃO DOS GUARARAPES,PE,07/2022,79959,47776,"59,75",46027,1749,"96,34",32183,"40,25",1950,30233,"37,81"
260790,JABOATÃO DOS GUARARAPES,PE,11/2022,79785,53244,"66,73",52206,1038,"98,05",26541,"33,27",958,25583,"32,06"
260790,JABOATÃO DOS GUARARAPES,PE,09/2022,81292,51522,"63,38",49759,1763,"96,58",29770,"36,62",1668,28102,"34,57"
260795,JAQUEIRA,PE,07/2022,2433,1977,"81,26",1977,0,"100,00",456,"18,74",35,421,"17,30"
260795,JAQUEIRA,PE,09/2022,2341,132,"5,64",129,3,"97,73",2209,"94,36",1796,413,"17,64"
260795,JAQUEIRA,PE,11/2022,2299,1926,"83,78",1926,0,"100,00",373,"16,22",12,361,"15,70"
260800,JATAÚBA,PE,09/2022,3475,2509,"72,20",2486,23,"99,08",966,"27,80",36,930,"26,76"
260800,JATAÚBA,PE,11/2022,3350,2494,"74,45",2487,7,"99,72",856,"25,55",34,822,"24,54"
260800,JATAÚBA,PE,07/2022,3476,2481,"71,38",2409,72,"97,10",995,"28,62",65,930,"26,75"
260805,JATOBÁ,PE,07/2022,2879,1235,"42,90",1213,22,"98,22",1644,"57,10",14,1630,"56,62"
260805,JATOBÁ,PE,11/2022,2863,1875,"65,49",1864,11,"99,41",988,"34,51",9,979,"34,19"
260805,JATOBÁ,PE,09/2022,2897,1185,"40,90",1162,23,"98,06",1712,"59,10",11,1701,"58,72"
260810,JOÃO ALFREDO,PE,09/2022,4809,3483,"72,43",3464,19,"99,45",1326,"27,57",10,1316,"27,37"
260810,JOÃO ALFREDO,PE,07/2022,4812,3451,"71,72",3429,22,"99,36",1361,"28,28",25,1336,"27,76"
260810,JOÃO ALFREDO,PE,11/2022,4776,3531,"73,93",3514,17,"99,52",1245,"26,07",7,1238,"25,92"
260820,JOAQUIM NABUCO,PE,11/2022,3390,2386,"70,38",2380,6,"99,75",1004,"29,62",41,963,"28,41"
260820,JOAQUIM NABUCO,PE,07/2022,3312,1424,"43,00",1417,7,"99,51",1888,"57,00",1029,859,"25,94"
260820,JOAQUIM NABUCO,PE,09/2022,3453,2077,"60,15",2074,3,"99,86",1376,"39,85",472,904,"26,18"
260825,JUCATI,PE,11/2022,2346,1848,"78,77",1789,59,"96,81",498,"21,23",37,461,"19,65"
260825,JUCATI,PE,09/2022,2467,1912,"77,50",1786,126,"93,41",555,"22,50",48,507,"20,55"
260825,JUCATI,PE,07/2022,2467,1688,"68,42",1590,98,"94,19",779,"31,58",10,769,"31,17"
260830,JUPI,PE,11/2022,3302,2667,"80,77",2621,46,"98,28",635,"19,23",8,627,"18,99"
260830,JUPI,PE,07/2022,3277,2552,"77,88",2551,1,"99,96",725,"22,12",28,697,"21,27"
260830,JUPI,PE,09/2022,3296,2565,"77,82",2508,57,"97,78",731,"22,18",38,693,"21,03"
260840,JUREMA,PE,07/2022,2995,2069,"69,08",1931,138,"93,33",926,"30,92",20,906,"30,25"
260840,JUREMA,PE,11/2022,2901,2209,"76,15",2083,126,"94,30",692,"23,85",13,679,"23,41"
260840,JUREMA,PE,09/2022,2989,2038,"68,18",1904,134,"93,42",951,"31,82",20,931,"31,15"
260845,LAGOA DO CARRO,PE,11/2022,3064,2597,"84,76",2275,322,"87,60",467,"15,24",12,455,"14,85"
260845,LAGOA DO CARRO,PE,09/2022,3248,2712,"83,50",2648,64,"97,64",536,"16,50",5,531,"16,35"
260845,LAGOA DO CARRO,PE,07/2022,3244,2744,"84,59",2536,208,"92,42",500,"15,41",18,482,"14,86"
260850,LAGOA DO ITAENGA,PE,11/2022,3514,2993,"85,17",2970,23,"99,23",521,"14,83",15,506,"14,40"
260850,LAGOA DO ITAENGA,PE,07/2022,3698,2966,"80,21",2966,0,"100,00",732,"19,79",6,726,"19,63"
260850,LAGOA DO ITAENGA,PE,09/2022,3601,3006,"83,48",2996,10,"99,67",595,"16,52",68,527,"14,63"
260860,LAGOA DO OURO,PE,07/2022,2699,2471,"91,55",2471,0,"100,00",228,"8,45",6,222,"8,23"
260860,LAGOA DO OURO,PE,11/2022,2670,2230,"83,52",2201,29,"98,70",440,"16,48",7,433,"16,22"
260860,LAGOA DO OURO,PE,09/2022,2730,2457,"90,00",2455,2,"99,92",273,"10,00",21,252,"9,23"
260870,LAGOA DOS GATOS,PE,11/2022,2816,2235,"79,37",2233,2,"99,91",581,"20,63",3,578,"20,53"
260870,LAGOA DOS GATOS,PE,09/2022,2929,2106,"71,90",2106,0,"100,00",823,"28,10",388,435,"14,85"
260870,LAGOA DOS GATOS,PE,07/2022,2756,311,"11,28",311,0,"100,00",2445,"88,72",2012,433,"15,71"
260875,LAGOA GRANDE,PE,07/2022,4816,3091,"64,18",2940,151,"95,11",1725,"35,82",8,1717,"35,65"
260875,LAGOA GRANDE,PE,11/2022,4818,3340,"69,32",3255,85,"97,46",1478,"30,68",4,1474,"30,59"
260875,LAGOA GRANDE,PE,09/2022,4888,3209,"65,65",2951,258,"91,96",1679,"34,35",7,1672,"34,21"
260880,LAJEDO,PE,11/2022,8089,5070,"62,68",4906,164,"96,77",3019,"37,32",17,3002,"37,11"
260880,LAJEDO,PE,07/2022,8113,5381,"66,33",5168,213,"96,04",2732,"33,67",20,2712,"33,43"
260880,LAJEDO,PE,09/2022,8229,4816,"58,52",4524,292,"93,94",3413,"41,48",92,3321,"40,36"
260890,LIMOEIRO,PE,11/2022,8253,6002,"72,73",5696,306,"94,90",2251,"27,27",8,2243,"27,18"
260890,LIMOEIRO,PE,09/2022,8740,5705,"65,27",5203,502,"91,20",3035,"34,73",13,3022,"34,58"
260890,LIMOEIRO,PE,07/2022,8653,5615,"64,89",5027,588,"89,53",3038,"35,11",10,3028,"34,99"
260900,MACAPARANA,PE,11/2022,3954,3554,"89,88",3459,95,"97,33",400,"10,12",8,392,"9,91"
260900,MACAPARANA,PE,07/2022,4176,3574,"85,58",3537,37,"98,96",602,"14,42",0,602,"14,42"
260900,MACAPARANA,PE,09/2022,4174,4075,"97,63",3883,192,"95,29",99,"2,37",12,87,"2,08"
260910,MACHADOS,PE,11/2022,2075,1713,"82,55",1689,24,"98,60",362,"17,45",38,324,"15,61"
260910,MACHADOS,PE,09/2022,2268,1501,"66,18",1491,10,"99,33",767,"33,82",10,757,"33,38"
260910,MACHADOS,PE,07/2022,2247,1592,"70,85",1478,114,"92,84",655,"29,15",9,646,"28,75"
260915,MANARI,PE,07/2022,4803,1747,"36,37",1745,2,"99,89",3056,"63,63",2058,998,"20,78"
260915,MANARI,PE,09/2022,4769,2489,"52,19",2437,52,"97,91",2280,"47,81",1276,1004,"21,05"
260915,MANARI,PE,11/2022,4445,1360,"30,60",1360,0,"100,00",3085,"69,40",2142,943,"21,21"
260920,MARAIAL,PE,09/2022,2502,1605,"64,15",1601,4,"99,75",897,"35,85",68,829,"33,13"
260920,MARAIAL,PE,11/2022,2378,1542,"64,84",1542,0,"100,00",836,"35,16",36,800,"33,64"
260920,MARAIAL,PE,07/2022,2456,1602,"65,23",1601,1,"99,94",854,"34,77",21,833,"33,92"
260930,MIRANDIBA,PE,07/2022,3375,1770,"52,44",1717,53,"97,01",1605,"47,56",707,898,"26,61"
260930,MIRANDIBA,PE,09/2022,3337,1680,"50,34",1603,77,"95,42",1657,"49,66",728,929,"27,84"
260930,MIRANDIBA,PE,11/2022,3314,2516,"75,92",2369,147,"94,16",798,"24,08",118,680,"20,52"
260940,MORENO,PE,11/2022,9633,5824,"60,46",5782,42,"99,28",3809,"39,54",309,3500,"36,33"
260940,MORENO,PE,09/2022,10078,6078,"60,31",5713,365,"93,99",4000,"39,69",500,3500,"34,73"
260940,MORENO,PE,07/2022,10031,6252,"62,33",5836,416,"93,35",3779,"37,67",310,3469,"34,58"
260950,NAZARÉ DA MATA,PE,11/2022,4513,3957,"87,68",3881,76,"98,08",556,"12,32",13,543,"12,03"
260950,NAZARÉ DA MATA,PE,09/2022,4567,3993,"87,43",3890,103,"97,42",574,"12,57",24,550,"12,04"
260950,NAZARÉ DA MATA,PE,07/2022,4654,3755,"80,68",3655,100,"97,34",899,"19,32",23,876,"18,82"
260960,OLINDA,PE,07/2022,42490,17277,"40,66",16485,792,"95,42",25213,"59,34",2787,22426,"52,78"
260960,OLINDA,PE,09/2022,44345,18538,"41,80",17991,547,"97,05",25807,"58,20",3034,22773,"51,35"
260960,OLINDA,PE,11/2022,44559,22047,"49,48",21595,452,"97,95",22512,"50,52",712,21800,"48,92"
260970,OROBÓ,PE,07/2022,4563,3207,"70,28",2932,275,"91,43",1356,"29,72",32,1324,"29,02"
260970,OROBÓ,PE,11/2022,4147,2882,"69,50",2867,15,"99,48",1265,"30,50",19,1246,"30,05"
260970,OROBÓ,PE,09/2022,4443,2751,"61,92",2706,45,"98,36",1692,"38,08",93,1599,"35,99"
260980,OROCÓ,PE,09/2022,4101,1764,"43,01",1757,7,"99,60",2337,"56,99",27,2310,"56,33"
260980,OROCÓ,PE,11/2022,4018,1922,"47,83",1922,0,"100,00",2096,"52,17",13,2083,"51,84"
260980,OROCÓ,PE,07/2022,4115,1691,"41,09",1687,4,"99,76",2424,"58,91",58,2366,"57,50"
260990,OURICURI,PE,07/2022,14102,7814,"55,41",7754,60,"99,23",6288,"44,59",2340,3948,"28,00"
260990,OURICURI,PE,11/2022,14180,9033,"63,70",8934,99,"98,90",5147,"36,30",1055,4092,"28,86"
260990,OURICURI,PE,09/2022,14256,8530,"59,83",8428,102,"98,80",5726,"40,17",1545,4181,"29,33"
261000,PALMARES,PE,09/2022,10778,6365,"59,06",6299,66,"98,96",4413,"40,94",201,4212,"39,08"
261000,PALMARES,PE,11/2022,10487,6065,"57,83",5990,75,"98,76",4422,"42,17",388,4034,"38,47"
261000,PALMARES,PE,07/2022,10638,5294,"49,76",5234,60,"98,87",5344,"50,24",983,4361,"40,99"
261010,PALMEIRINA,PE,07/2022,1640,1250,"76,22",1233,17,"98,64",390,"23,78",17,373,"22,74"
261010,PALMEIRINA,PE,09/2022,1573,1341,"85,25",1299,42,"96,87",232,"14,75",34,198,"12,59"
261010,PALMEIRINA,PE,11/2022,1491,1275,"85,51",1251,24,"98,12",216,"14,49",23,193,"12,94"
261020,PANELAS,PE,09/2022,5100,4266,"83,65",4213,53,"98,76",834,"16,35",18,816,"16,00"
261020,PANELAS,PE,11/2022,4971,4220,"84,89",4217,3,"99,93",751,"15,11",2,749,"15,07"
261020,PANELAS,PE,07/2022,5105,4271,"83,66",4193,78,"98,17",834,"16,34",15,819,"16,04"
261030,PARANATAMA,PE,07/2022,3240,2209,"68,18",2201,8,"99,64",1031,"31,82",93,938,"28,95"
261030,PARANATAMA,PE,11/2022,3189,1806,"56,63",1775,31,"98,28",1383,"43,37",22,1361,"42,68"
261030,PARANATAMA,PE,09/2022,3226,1701,"52,73",1675,26,"98,47",1525,"47,27",504,1021,"31,65"
261040,PARNAMIRIM,PE,09/2022,3942,2569,"65,17",2541,28,"98,91",1373,"34,83",46,1327,"33,66"
261040,PARNAMIRIM,PE,11/2022,3896,2666,"68,43",2637,29,"98,91",1230,"31,57",10,1220,"31,31"
261040,PARNAMIRIM,PE,07/2022,3955,2578,"65,18",2564,14,"99,46",1377,"34,82",47,1330,"33,63"
261050,PASSIRA,PE,07/2022,5424,3358,"61,91",3354,4,"99,88",2066,"38,09",19,2047,"37,74"
261050,PASSIRA,PE,09/2022,5472,3332,"60,89",3328,4,"99,88",2140,"39,11",19,2121,"38,76"
261050,PASSIRA,PE,11/2022,5404,3086,"57,11",3081,5,"99,84",2318,"42,89",11,2307,"42,69"
261060,PAUDALHO,PE,09/2022,11533,6936,"60,14",6817,119,"98,28",4597,"39,86",204,4393,"38,09"
261060,PAUDALHO,PE,11/2022,11417,7229,"63,32",7170,59,"99,18",4188,"36,68",157,4031,"35,31"
261060,PAUDALHO,PE,07/2022,11404,6679,"58,57",6549,130,"98,05",4725,"41,43",181,4544,"39,85"
261070,PAULISTA,PE,07/2022,38277,19026,"49,71",18887,139,"99,27",19251,"50,29",872,18379,"48,02"
261070,PAULISTA,PE,11/2022,40017,21135,"52,82",20990,145,"99,31",18882,"47,18",572,18310,"45,76"
261070,PAULISTA,PE,09/2022,40245,19851,"49,33",19732,119,"99,40",20394,"50,67",938,19456,"48,34"
261080,PEDRA,PE,11/2022,4580,3108,"67,86",3082,26,"99,16",1472,"32,14",5,1467,"32,03"
261080,PEDRA,PE,09/2022,4814,3296,"68,47",3052,244,"92,60",1518,"31,53",31,1487,"30,89"
261080,PEDRA,PE,07/2022,4913,3862,"78,61",2940,922,"76,13",1051,"21,39",54,997,"20,29"
261090,PESQUEIRA,PE,07/2022,13285,11012,"82,89",10968,44,"99,60",2273,"17,11",114,2159,"16,25"
261090,PESQUEIRA,PE,09/2022,13225,10978,"83,01",10976,2,"99,98",2247,"16,99",115,2132,"16,12"
261090,PESQUEIRA,PE,11/2022,12853,10759,"83,71",10746,13,"99,88",2094,"16,29",75,2019,"15,71"
261100,PETROLÂNDIA,PE,11/2022,7570,5628,"74,35",5628,0,"100,00",1942,"25,65",113,1829,"24,16"
261100,PETROLÂNDIA,PE,09/2022,7580,4726,"62,35",4708,18,"99,62",2854,"37,65",884,1970,"25,99"
261100,PETROLÂNDIA,PE,07/2022,7491,5503,"73,46",5502,1,"99,98",1988,"26,54",48,1940,"25,90"
261110,PETROLINA,PE,07/2022,55318,42024,"75,97",39348,2676,"93,63",13294,"24,03",112,13182,"23,83"
261110,PETROLINA,PE,09/2022,57620,46285,"80,33",43748,2537,"94,52",11335,"19,67",163,11172,"19,39"
261110,PETROLINA,PE,11/2022,56660,46484,"82,04",45131,1353,"97,09",10176,"17,96",90,10086,"17,80"
261120,POÇÃO,PE,09/2022,2429,1767,"72,75",1713,54,"96,94",662,"27,25",10,652,"26,84"
261120,POÇÃO,PE,11/2022,2343,1822,"77,76",1778,44,"97,59",521,"22,24",12,509,"21,72"
261120,POÇÃO,PE,07/2022,2436,1827,"75,00",1794,33,"98,19",609,"25,00",7,602,"24,71"
261130,POMBOS,PE,07/2022,5021,3025,"60,25",2970,55,"98,18",1996,"39,75",367,1629,"32,44"
261130,POMBOS,PE,09/2022,5023,3168,"63,07",3092,76,"97,60",1855,"36,93",105,1750,"34,84"
261130,POMBOS,PE,11/2022,4986,3493,"70,06",3459,34,"99,03",1493,"29,94",11,1482,"29,72"
261140,PRIMAVERA,PE,11/2022,2203,1743,"79,12",1721,22,"98,74",460,"20,88",25,435,"19,75"
261140,PRIMAVERA,PE,09/2022,2329,1695,"72,78",1608,87,"94,87",634,"27,22",125,509,"21,85"
261140,PRIMAVERA,PE,07/2022,2348,1775,"75,60",1680,95,"94,65",573,"24,40",27,546,"23,25"
261150,QUIPAPÁ,PE,07/2022,4339,0,"0,00",0,0,,4339,"100,00",3592,747,"17,22"
261150,QUIPAPÁ,PE,11/2022,4263,3605,"84,56",3449,156,"95,67",658,"15,44",7,651,"15,27"
261150,QUIPAPÁ,PE,09/2022,4267,47,"1,10",47,0,"100,00",4220,"98,90",3487,733,"17,18"
261153,QUIXABA,PE,09/2022,1855,1639,"88,36",1638,1,"99,94",216,"11,64",4,212,"11,43"
261153,QUIXABA,PE,11/2022,1866,1691,"90,62",1691,0,"100,00",175,"9,38",1,174,"9,32"
261153,QUIXABA,PE,07/2022,1834,1626,"88,66",1565,61,"96,25",208,"11,34",3,205,"11,18"
261160,RECIFE,PE,07/2022,140375,75154,"53,54",70892,4262,"94,33",65221,"46,46",6595,58626,"41,76"
261160,RECIFE,PE,09/2022,142210,81260,"57,14",75606,5654,"93,04",60950,"42,86",6144,54806,"38,54"
261160,RECIFE,PE,11/2022,140018,87484,"62,48",84033,3451,"96,06",52534,"37,52",780,51754,"36,96"
261170,RIACHO DAS ALMAS,PE,09/2022,3982,2616,"65,70",2497,119,"95,45",1366,"34,30",337,1029,"25,84"
261170,RIACHO DAS ALMAS,PE,11/2022,3943,2792,"70,81",2676,116,"95,85",1151,"29,19",166,985,"24,98"
261170,RIACHO DAS ALMAS,PE,07/2022,3873,2627,"67,83",2468,159,"93,95",1246,"32,17",284,962,"24,84"
261180,RIBEIRÃO,PE,07/2022,6873,4409,"64,15",4359,50,"98,87",2464,"35,85",52,2412,"35,09"
261180,RIBEIRÃO,PE,11/2022,6790,4189,"61,69",4128,61,"98,54",2601,"38,31",19,2582,"38,03"
261180,RIBEIRÃO,PE,09/2022,6643,784,"11,80",778,6,"99,23",5859,"88,20",3268,2591,"39,00"
261190,RIO FORMOSO,PE,11/2022,4290,3176,"74,03",3148,28,"99,12",1114,"25,97",12,1102,"25,69"
261190,RIO FORMOSO,PE,09/2022,4374,3299,"75,42",3296,3,"99,91",1075,"24,58",16,1059,"24,21"
261190,RIO FORMOSO,PE,07/2022,4386,2815,"64,18",2815,0,"100,00",1571,"35,82",10,1561,"35,59"
261200,SAIRÉ,PE,07/2022,1932,1446,"74,84",1436,10,"99,31",486,"25,16",13,473,"24,48"
261200,SAIRÉ,PE,11/2022,1956,1309,"66,92",1291,18,"98,62",647,"33,08",23,624,"31,90"
261200,SAIRÉ,PE,09/2022,1976,1397,"70,70",1379,18,"98,71",579,"29,30",51,528,"26,72"
261210,SALGADINHO,PE,09/2022,1108,928,"83,75",839,89,"90,41",180,"16,25",12,168,"15,16"
261210,SALGADINHO,PE,11/2022,1049,870,"82,94",848,22,"97,47",179,"17,06",3,176,"16,78"
261210,SALGADINHO,PE,07/2022,1093,935,"85,54",832,103,"88,98",158,"14,46",6,152,"13,91"
261220,SALGUEIRO,PE,07/2022,10687,7391,"69,16",6807,584,"92,10",3296,"30,84",96,3200,"29,94"
261220,SALGUEIRO,PE,11/2022,10426,7258,"69,61",6951,307,"95,77",3168,"30,39",61,3107,"29,80"
261220,SALGUEIRO,PE,09/2022,10954,7582,"69,22",6899,683,"90,99",3372,"30,78",75,3297,"30,10"
261230,SALOÁ,PE,09/2022,3286,355,"10,80",353,2,"99,44",2931,"89,20",2287,644,"19,60"
261230,SALOÁ,PE,11/2022,3331,2874,"86,28",2850,24,"99,16",457,"13,72",56,401,"12,04"
261230,SALOÁ,PE,07/2022,3298,364,"11,04",364,0,"100,00",2934,"88,96",2288,646,"19,59"
261240,SANHARÓ,PE,07/2022,3628,2756,"75,96",2702,54,"98,04",872,"24,04",94,778,"21,44"
261240,SANHARÓ,PE,11/2022,3472,2863,"82,46",2826,37,"98,71",609,"17,54",7,602,"17,34"
261240,SANHARÓ,PE,09/2022,3635,2883,"79,31",2673,210,"92,72",752,"20,69",99,653,"17,96"
261245,SANTA CRUZ,PE,09/2022,2588,1645,"63,56",1495,150,"90,88",943,"36,44",11,932,"36,01"
261245,SANTA CRUZ,PE,11/2022,2460,1537,"62,48",1483,54,"96,49",923,"37,52",13,910,"36,99"
261245,SANTA CRUZ,PE,07/2022,2630,1639,"62,32",1459,180,"89,02",991,"37,68",64,927,"35,25"
261247,SANTA CRUZ DA BAIXA VERDE,PE,07/2022,2145,1734,"80,84",1590,144,"91,70",411,"19,16",14,397,"18,51"
261247,SANTA CRUZ DA BAIXA VERDE,PE,09/2022,2140,1913,"89,39",1674,239,"87,51",227,"10,61",6,221,"10,33"
261247,SANTA CRUZ DA BAIXA VERDE,PE,11/2022,1938,1722,"88,85",1652,70,"95,93",216,"11,15",7,209,"10,78"
261250,SANTA CRUZ DO CAPIBARIBE,PE,09/2022,17351,6934,"39,96",6425,509,"92,66",10417,"60,04",1567,8850,"51,01"
261250,SANTA CRUZ DO CAPIBARIBE,PE,11/2022,17464,7442,"42,61",7159,283,"96,20",10022,"57,39",1222,8800,"50,39"
261250,SANTA CRUZ DO CAPIBARIBE,PE,07/2022,16000,5974,"37,34",5689,285,"95,23",10026,"62,66",2194,7832,"48,95"
261255,SANTA FILOMENA,PE,07/2022,2814,1634,"58,07",1634,0,"100,00",1180,"41,93",619,561,"19,94"
261255,SANTA FILOMENA,PE,11/2022,2772,1648,"59,45",1592,56,"96,60",1124,"40,55",383,741,"26,73"
261255,SANTA FILOMENA,PE,09/2022,2764,1688,"61,07",1688,0,"100,00",1076,"38,93",506,570,"20,62"
261260,SANTA MARIA DA BOA VISTA,PE,09/2022,10698,7520,"70,29",7519,1,"99,99",3178,"29,71",79,3099,"28,97"
261260,SANTA MARIA DA BOA VISTA,PE,11/2022,10584,7742,"73,15",7742,0,"100,00",2842,"26,85",73,2769,"26,16"
261260,SANTA MARIA DA BOA VISTA,PE,07/2022,10461,7379,"70,54",7368,11,"99,85",3082,"29,46",111,2971,"28,40"
261270,SANTA MARIA DO CAMBUCÁ,PE,07/2022,2708,2052,"75,78",1951,101,"95,08",656,"24,22",12,644,"23,78"
261270,SANTA MARIA DO CAMBUCÁ,PE,11/2022,2637,2008,"76,15",2004,4,"99,80",629,"23,85",4,625,"23,70"
261270,SANTA MARIA DO CAMBUCÁ,PE,09/2022,2794,2133,"76,34",2032,101,"95,26",661,"23,66",7,654,"23,41"
261280,SANTA TEREZINHA,PE,11/2022,1914,1387,"72,47",1295,92,"93,37",527,"27,53",5,522,"27,27"
261280,SANTA TEREZINHA,PE,09/2022,2024,1509,"74,56",1451,58,"96,16",515,"25,44",5,510,"25,20"
261280,SANTA TEREZINHA,PE,07/2022,2020,1492,"73,86",1366,126,"91,55",528,"26,14",4,524,"25,94"
261290,SÃO BENEDITO DO SUL,PE,07/2022,2247,1360,"60,53",1360,0,"100,00",887,"39,47",308,579,"25,77"
261290,SÃO BENEDITO DO SUL,PE,09/2022,2225,1395,"62,70",1394,1,"99,93",830,"37,30",260,570,"25,62"
261290,SÃO BENEDITO DO SUL,PE,11/2022,2163,1477,"68,28",1452,25,"98,31",686,"31,72",33,653,"30,19"
261300,SÃO BENTO DO UNA,PE,11/2022,9303,6291,"67,62",6105,186,"97,04",3012,"32,38",69,2943,"31,63"
261300,SÃO BENTO DO UNA,PE,09/2022,9687,6219,"64,20",5891,328,"94,73",3468,"35,80",363,3105,"32,05"
261300,SÃO BENTO DO UNA,PE,07/2022,9761,6578,"67,39",6194,384,"94,16",3183,"32,61",70,3113,"31,89"
261310,SÃO CAITANO,PE,07/2022,6392,3460,"54,13",3401,59,"98,29",2932,"45,87",12,2920,"45,68"
261310,SÃO CAITANO,PE,09/2022,6559,4293,"65,45",4203,90,"97,90",2266,"34,55",23,2243,"34,20"
261310,SÃO CAITANO,PE,11/2022,6524,4675,"71,66",4473,202,"95,68",1849,"28,34",5,1844,"28,26"
261320,SÃO JOÃO,PE,09/2022,4458,3698,"82,95",3414,284,"92,32",760,"17,05",34,726,"16,29"
261320,SÃO JOÃO,PE,11/2022,4227,3715,"87,89",3511,204,"94,51",512,"12,11",20,492,"11,64"
261320,SÃO JOÃO,PE,07/2022,4520,3300,"73,01",3132,168,"94,91",1220,"26,99",48,1172,"25,93"
261330,SÃO JOAQUIM DO MONTE,PE,07/2022,4017,2703,"67,29",2581,122,"95,49",1314,"32,71",24,1290,"32,11"
261330,SÃO JOAQUIM DO MONTE,PE,11/2022,3906,2588,"66,26",2474,114,"95,60",1318,"33,74",28,1290,"33,03"
261330,SÃO JOAQUIM DO MONTE,PE,09/2022,4096,2745,"67,02",2565,180,"93,44",1351,"32,98",47,1304,"31,84"
261340,SÃO JOSÉ DA COROA GRANDE,PE,09/2022,4240,3477,"82,00",3404,73,"97,90",763,"18,00",96,667,"15,73"
261340,SÃO JOSÉ DA COROA GRANDE,PE,11/2022,4124,3484,"84,48",3391,93,"97,33",640,"15,52",28,612,"14,84"
261340,SÃO JOSÉ DA COROA GRANDE,PE,07/2022,4192,3429,"81,80",3384,45,"98,69",763,"18,20",19,744,"17,75"
261350,SÃO JOSÉ DO BELMONTE,PE,07/2022,7325,5541,"75,65",5518,23,"99,58",1784,"24,35",47,1737,"23,71"
261350,SÃO JOSÉ DO BELMONTE,PE,09/2022,7352,5828,"79,27",5740,88,"98,49",1524,"20,73",60,1464,"19,91"
261350,SÃO JOSÉ DO BELMONTE,PE,11/2022,7214,5890,"81,65",5735,155,"97,37",1324,"18,35",29,1295,"17,95"
261360,SÃO JOSÉ DO EGITO,PE,09/2022,5048,4523,"89,60",4342,181,"96,00",525,"10,40",31,494,"9,79"
261360,SÃO JOSÉ DO EGITO,PE,11/2022,4848,4552,"93,89",4323,229,"94,97",296,"6,11",11,285,"5,88"
261360,SÃO JOSÉ DO EGITO,PE,07/2022,5176,4273,"82,55",4033,240,"94,38",903,"17,45",49,854,"16,50"
261370,SÃO LOURENÇO DA MATA,PE,07/2022,17367,5864,"33,77",5752,112,"98,09",11503,"66,23",2178,9325,"53,69"
261370,SÃO LOURENÇO DA MATA,PE,11/2022,17035,4761,"27,95",4669,92,"98,07",12274,"72,05",2117,10157,"59,62"
261370,SÃO LOURENÇO DA MATA,PE,09/2022,17446,5281,"30,27",5062,219,"95,85",12165,"69,73",1965,10200,"58,47"
261380,SÃO VICENTE FERRER,PE,09/2022,3253,1920,"59,02",1870,50,"97,40",1333,"40,98",7,1326,"40,76"
261380,SÃO VICENTE FERRER,PE,11/2022,3261,2023,"62,04",1998,25,"98,76",1238,"37,96",10,1228,"37,66"
261380,SÃO VICENTE FERRER,PE,07/2022,3284,1908,"58,10",1899,9,"99,53",1376,"41,90",8,1368,"41,66"
261390,SERRA TALHADA,PE,07/2022,13330,8597,"64,49",8276,321,"96,27",4733,"35,51",234,4499,"33,75"
261390,SERRA TALHADA,PE,11/2022,13124,8685,"66,18",8551,134,"98,46",4439,"33,82",7,4432,"33,77"
261390,SERRA TALHADA,PE,09/2022,13354,8495,"63,61",8325,170,"98,00",4859,"36,39",46,4813,"36,04"
261400,SERRITA,PE,11/2022,3447,2889,"83,81",2832,57,"98,03",558,"16,19",70,488,"14,16"
261400,SERRITA,PE,09/2022,3572,2934,"82,14",2810,124,"95,77",638,"17,86",97,541,"15,15"
261400,SERRITA,PE,07/2022,3589,2894,"80,64",2855,39,"98,65",695,"19,36",102,593,"16,52"
261410,SERTÂNIA,PE,07/2022,6268,5023,"80,14",4697,326,"93,51",1245,"19,86",59,1186,"18,92"
261410,SERTÂNIA,PE,11/2022,6050,4735,"78,26",4704,31,"99,35",1315,"21,74",28,1287,"21,27"
261410,SERTÂNIA,PE,09/2022,6342,5035,"79,39",4961,74,"98,53",1307,"20,61",13,1294,"20,40"
261420,SIRINHAÉM,PE,09/2022,7745,3345,"43,19",3309,36,"98,92",4400,"56,81",170,4230,"54,62"
261420,SIRINHAÉM,PE,11/2022,7777,3791,"48,75",3768,23,"99,39",3986,"51,25",132,3854,"49,56"
261420,SIRINHAÉM,PE,07/2022,7642,3398,"44,46",3365,33,"99,03",4244,"55,54",160,4084,"53,44"
261430,MOREILÂNDIA,PE,07/2022,2637,1845,"69,97",1781,64,"96,53",792,"30,03",46,746,"28,29"
261430,MOREILÂNDIA,PE,09/2022,2682,1852,"69,05",1794,58,"96,87",830,"30,95",54,776,"28,93"
261430,MOREILÂNDIA,PE,11/2022,2472,1757,"71,08",1734,23,"98,69",715,"28,92",35,680,"27,51"
261440,SOLIDÃO,PE,11/2022,992,914,"92,14",898,16,"98,25",78,"7,86",0,78,"7,86"
261440,SOLIDÃO,PE,09/2022,1046,928,"88,72",872,56,"93,97",118,"11,28",0,118,"11,28"
261440,SOLIDÃO,PE,07/2022,1045,861,"82,39",850,11,"98,72",184,"17,61",1,183,"17,51"
261450,SURUBIM,PE,07/2022,11125,5113,"45,96",4740,373,"92,70",6012,"54,04",51,5961,"53,58"
261450,SURUBIM,PE,09/2022,11249,4560,"40,54",4160,400,"91,23",6689,"59,46",18,6671,"59,30"
261450,SURUBIM,PE,11/2022,10878,4799,"44,12",4732,67,"98,60",6079,"55,88",26,6053,"55,64"
261460,TABIRA,PE,11/2022,5338,3916,"73,36",3866,50,"98,72",1422,"26,64",8,1414,"26,49"
261460,TABIRA,PE,09/2022,5507,2947,"53,51",2766,181,"93,86",2560,"46,49",8,2552,"46,34"
261460,TABIRA,PE,07/2022,5517,2983,"54,07",2757,226,"92,42",2534,"45,93",13,2521,"45,70"
261470,TACAIMBÓ,PE,07/2022,2602,1718,"66,03",1716,2,"99,88",884,"33,97",18,866,"33,28"
261470,TACAIMBÓ,PE,11/2022,2515,1856,"73,80",1854,2,"99,89",659,"26,20",13,646,"25,69"
261470,TACAIMBÓ,PE,09/2022,2606,1636,"62,78",1603,33,"97,98",970,"37,22",30,940,"36,07"
261480,TACARATU,PE,11/2022,4409,2524,"57,25",2467,57,"97,74",1885,"42,75",61,1824,"41,37"
261480,TACARATU,PE,09/2022,4579,2576,"56,26",2481,95,"96,31",2003,"43,74",139,1864,"40,71"
261480,TACARATU,PE,07/2022,4552,2659,"58,41",2541,118,"95,56",1893,"41,59",89,1804,"39,63"
261485,TAMANDARÉ,PE,07/2022,4684,1608,"34,33",1590,18,"98,88",3076,"65,67",1349,1727,"36,87"
261485,TAMANDARÉ,PE,11/2022,4715,1925,"40,83",1844,81,"95,79",2790,"59,17",1803,987,"20,93"
261485,TAMANDARÉ,PE,09/2022,4687,1445,"30,83",1412,33,"97,72",3242,"69,17",2142,1100,"23,47"
261500,TAQUARITINGA DO NORTE,PE,09/2022,4437,3144,"70,86",3144,0,"100,00",1293,"29,14",56,1237,"27,88"
261500,TAQUARITINGA DO NORTE,PE,11/2022,4412,3161,"71,65",3065,96,"96,96",1251,"28,35",32,1219,"27,63"
261500,TAQUARITINGA DO NORTE,PE,07/2022,4255,3115,"73,21",3006,109,"96,50",1140,"26,79",77,1063,"24,98"
261510,TEREZINHA,PE,07/2022,1549,1156,"74,63",1145,11,"99,05",393,"25,37",32,361,"23,31"
261510,TEREZINHA,PE,11/2022,1516,1217,"80,28",1216,1,"99,92",299,"19,72",40,259,"17,08"
261510,TEREZINHA,PE,09/2022,1562,1165,"74,58",1158,7,"99,40",397,"25,42",27,370,"23,69"
261520,TERRA NOVA,PE,09/2022,1683,1567,"93,11",1284,283,"81,94",116,"6,89",10,106,"6,30"
261520,TERRA NOVA,PE,11/2022,1485,1387,"93,40",1373,14,"98,99",98,"6,60",3,95,"6,40"
261520,TERRA NOVA,PE,07/2022,1678,1347,"80,27",1311,36,"97,33",331,"19,73",13,318,"18,95"
261530,TIMBAÚBA,PE,07/2022,7884,5755,"73,00",5749,6,"99,90",2129,"27,00",103,2026,"25,70"
261530,TIMBAÚBA,PE,09/2022,7976,5634,"70,64",5631,3,"99,95",2342,"29,36",157,2185,"27,39"
261530,TIMBAÚBA,PE,11/2022,8102,6278,"77,49",6276,2,"99,97",1824,"22,51",94,1730,"21,35"
261540,TORITAMA,PE,09/2022,7506,2373,"31,61",2236,137,"94,23",5133,"68,39",1502,3631,"48,37"
261540,TORITAMA,PE,11/2022,7974,4786,"60,02",4710,76,"98,41",3188,"39,98",80,3108,"38,98"
261540,TORITAMA,PE,07/2022,7001,3496,"49,94",3363,133,"96,20",3505,"50,06",130,3375,"48,21"
261550,TRACUNHAÉM,PE,07/2022,2734,1905,"69,68",1899,6,"99,69",829,"30,32",49,780,"28,53"
261550,TRACUNHAÉM,PE,11/2022,2651,2228,"84,04",2092,136,"93,90",423,"15,96",37,386,"14,56"
261550,TRACUNHAÉM,PE,09/2022,2756,1880,"68,21",1878,2,"99,89",876,"31,79",63,813,"29,50"
261560,TRINDADE,PE,09/2022,7109,2398,"33,73",2366,32,"98,67",4711,"66,27",2637,2074,"29,17"
261560,TRINDADE,PE,11/2022,7161,4312,"60,22",4171,141,"96,73",2849,"39,78",170,2679,"37,41"
261560,TRINDADE,PE,07/2022,7216,5412,"75,00",5410,2,"99,96",1804,"25,00",89,1715,"23,77"
261570,TRIUNFO,PE,07/2022,2371,1745,"73,60",1545,200,"88,54",626,"26,40",12,614,"25,90"
261570,TRIUNFO,PE,09/2022,2387,1743,"73,02",1549,194,"88,87",644,"26,98",10,634,"26,56"
261570,TRIUNFO,PE,11/2022,2238,1750,"78,19",1714,36,"97,94",488,"21,81",2,486,"21,72"
261580,TUPANATINGA,PE,09/2022,5583,2455,"43,97",2451,4,"99,84",3128,"56,03",227,2901,"51,96"
261580,TUPANATINGA,PE,11/2022,5465,2580,"47,21",2576,4,"99,84",2885,"52,79",189,2696,"49,33"
261580,TUPANATINGA,PE,07/2022,5568,2731,"49,05",2725,6,"99,78",2837,"50,95",234,2603,"46,75"
261590,TUPARETAMA,PE,07/2022,1637,1035,"63,23",1004,31,"97,00",602,"36,77",272,330,"20,16"
261590,TUPARETAMA,PE,11/2022,1681,1361,"80,96",1334,27,"98,02",320,"19,04",7,313,"18,62"
261590,TUPARETAMA,PE,09/2022,1675,1281,"76,48",1254,27,"97,89",394,"23,52",5,389,"23,22"
261600,VENTUROSA,PE,11/2022,3313,2315,"69,88",2185,130,"94,38",998,"30,12",2,996,"30,06"
261600,VENTUROSA,PE,09/2022,3476,2446,"70,37",2142,304,"87,57",1030,"29,63",7,1023,"29,43"
261600,VENTUROSA,PE,07/2022,3472,2448,"70,51",2168,280,"88,56",1024,"29,49",34,990,"28,51"
261610,VERDEJANTE,PE,07/2022,1581,925,"58,51",923,2,"99,78",656,"41,49",291,365,"23,09"
261610,VERDEJANTE,PE,11/2022,1558,940,"60,33",940,0,"100,00",618,"39,67",244,374,"24,01"
261610,VERDEJANTE,PE,09/2022,1554,548,"35,26",547,1,"99,82",1006,"64,74",616,390,"25,10"
261618,VERTENTE DO LÉRIO,PE,09/2022,1432,1275,"89,04",1141,134,"89,49",157,"10,96",20,137,"9,57"
261618,VERTENTE DO LÉRIO,PE,11/2022,1357,1131,"83,35",1045,86,"92,40",226,"16,65",5,221,"16,29"
261618,VERTENTE DO LÉRIO,PE,07/2022,1416,1162,"82,06",1148,14,"98,80",254,"17,94",32,222,"15,68"
261620,VERTENTES,PE,07/2022,3564,2116,"59,37",2090,26,"98,77",1448,"40,63",17,1431,"40,15"
261620,VERTENTES,PE,11/2022,3689,2221,"60,21",2193,28,"98,74",1468,"39,79",12,1456,"39,47"
261620,VERTENTES,PE,09/2022,3662,2122,"57,95",2075,47,"97,79",1540,"42,05",71,1469,"40,11"
261630,VICÊNCIA,PE,11/2022,4412,3647,"82,66",3647,0,"100,00",765,"17,34",5,760,"17,23"
261630,VICÊNCIA,PE,09/2022,4536,3751,"82,69",3751,0,"100,00",785,"17,31",17,768,"16,93"
261630,VICÊNCIA,PE,07/2022,4513,3761,"83,34",3761,0,"100,00",752,"16,66",10,742,"16,44"
261640,VITÓRIA DE SANTO ANTÃO,PE,07/2022,23364,13254,"56,73",13227,27,"99,80",10110,"43,27",89,10021,"42,89"
261640,VITÓRIA DE SANTO ANTÃO,PE,11/2022,23195,13709,"59,10",13669,40,"99,71",9486,"40,90",97,9389,"40,48"
261640,VITÓRIA DE SANTO ANTÃO,PE,09/2022,23626,13151,"55,66",12876,275,"97,91",10475,"44,34",91,10384,"43,95"
261650,XEXÉU,PE,11/2022,2690,2184,"81,19",2053,131,"94,00",506,"18,81",19,487,"18,10"
261650,XEXÉU,PE,09/2022,2731,2217,"81,18",2005,212,"90,44",514,"18,82",36,478,"17,50"
261650,XEXÉU,PE,07/2022,2762,2185,"79,11",2140,45,"97,94",577,"20,89",61,516,"18,68"
220005,ACAUÃ,PI,09/2022,1091,899,"82,40",855,44,"95,11",192,"17,60",10,182,"16,68"
220005,ACAUÃ,PI,11/2022,1033,858,"83,06",837,21,"97,55",175,"16,94",3,172,"16,65"
220005,ACAUÃ,PI,07/2022,1099,910,"82,80",859,51,"94,40",189,"17,20",10,179,"16,29"
220010,AGRICOLÂNDIA,PI,07/2022,1041,858,"82,42",850,8,"99,07",183,"17,58",3,180,"17,29"
220010,AGRICOLÂNDIA,PI,11/2022,1017,915,"89,97",914,1,"99,89",102,"10,03",41,61,"6,00"
220010,AGRICOLÂNDIA,PI,09/2022,1021,948,"92,85",942,6,"99,37",73,"7,15",23,50,"4,90"
220020,ÁGUA BRANCA,PI,09/2022,3270,2636,"80,61",2612,24,"99,09",634,"19,39",70,564,"17,25"
220020,ÁGUA BRANCA,PI,11/2022,3213,2790,"86,83",2502,288,"89,68",423,"13,17",262,161,"5,01"
220020,ÁGUA BRANCA,PI,07/2022,3279,3098,"94,48",3027,71,"97,71",181,"5,52",68,113,"3,45"
220025,ALAGOINHA DO PIAUÍ,PI,07/2022,1136,836,"73,59",836,0,"100,00",300,"26,41",86,214,"18,84"
220025,ALAGOINHA DO PIAUÍ,PI,11/2022,1143,913,"79,88",913,0,"100,00",230,"20,12",14,216,"18,90"
220025,ALAGOINHA DO PIAUÍ,PI,09/2022,1138,893,"78,47",887,6,"99,33",245,"21,53",28,217,"19,07"
220027,ALEGRETE DO PIAUÍ,PI,09/2022,964,801,"83,09",801,0,"100,00",163,"16,91",13,150,"15,56"
220027,ALEGRETE DO PIAUÍ,PI,11/2022,930,843,"90,65",842,1,"99,88",87,"9,35",5,82,"8,82"
220027,ALEGRETE DO PIAUÍ,PI,07/2022,948,683,"72,05",682,1,"99,85",265,"27,95",120,145,"15,30"
220030,ALTO LONGÁ,PI,07/2022,2173,1057,"48,64",1052,5,"99,53",1116,"51,36",22,1094,"50,35"
220030,ALTO LONGÁ,PI,11/2022,2068,1582,"76,50",1561,21,"98,67",486,"23,50",8,478,"23,11"
220030,ALTO LONGÁ,PI,09/2022,2099,1607,"76,56",1583,24,"98,51",492,"23,44",25,467,"22,25"
220040,ALTOS,PI,09/2022,6838,5643,"82,52",5568,75,"98,67",1195,"17,48",40,1155,"16,89"
220040,ALTOS,PI,11/2022,6655,5657,"85,00",5593,64,"98,87",998,"15,00",8,990,"14,88"
220040,ALTOS,PI,07/2022,6797,5429,"79,87",5254,175,"96,78",1368,"20,13",17,1351,"19,88"
220045,ALVORADA DO GURGUÉIA,PI,07/2022,1282,923,"72,00",758,165,"82,12",359,"28,00",14,345,"26,91"
220045,ALVORADA DO GURGUÉIA,PI,11/2022,1244,905,"72,75",813,92,"89,83",339,"27,25",41,298,"23,95"
220045,ALVORADA DO GURGUÉIA,PI,09/2022,1300,930,"71,54",795,135,"85,48",370,"28,46",50,320,"24,62"
220050,AMARANTE,PI,09/2022,3835,3337,"87,01",3317,20,"99,40",498,"12,99",63,435,"11,34"
220050,AMARANTE,PI,11/2022,3795,3001,"79,08",2991,10,"99,67",794,"20,92",353,441,"11,62"
220050,AMARANTE,PI,07/2022,3934,3209,"81,57",3191,18,"99,44",725,"18,43",45,680,"17,29"
220060,ANGICAL DO PIAUÍ,PI,07/2022,1603,1068,"66,63",985,83,"92,23",535,"33,37",4,531,"33,13"
220060,ANGICAL DO PIAUÍ,PI,11/2022,1554,1157,"74,45",1096,61,"94,73",397,"25,55",1,396,"25,48"
220060,ANGICAL DO PIAUÍ,PI,09/2022,1634,1105,"67,63",1020,85,"92,31",529,"32,37",2,527,"32,25"
220070,ANÍSIO DE ABREU,PI,09/2022,1745,1257,"72,03",1237,20,"98,41",488,"27,97",11,477,"27,34"
220070,ANÍSIO DE ABREU,PI,11/2022,1710,1307,"76,43",1284,23,"98,24",403,"23,57",1,402,"23,51"
220070,ANÍSIO DE ABREU,PI,07/2022,1740,1297,"74,54",1235,62,"95,22",443,"25,46",12,431,"24,77"
220080,ANTÔNIO ALMEIDA,PI,07/2022,592,425,"71,79",395,30,"92,94",167,"28,21",9,158,"26,69"
220080,ANTÔNIO ALMEIDA,PI,11/2022,543,444,"81,77",422,22,"95,05",99,"18,23",4,95,"17,50"
220080,ANTÔNIO ALMEIDA,PI,09/2022,584,492,"84,25",453,39,"92,07",92,"15,75",9,83,"14,21"
220090,AROAZES,PI,09/2022,1104,831,"75,27",831,0,"100,00",273,"24,73",15,258,"23,37"
220090,AROAZES,PI,11/2022,1065,967,"90,80",894,73,"92,45",98,"9,20",8,90,"8,45"
220090,AROAZES,PI,07/2022,1118,1014,"90,70",1014,0,"100,00",104,"9,30",9,95,"8,50"
220095,AROEIRAS DO ITAIM,PI,07/2022,455,345,"75,82",345,0,"100,00",110,"24,18",6,104,"22,86"
220095,AROEIRAS DO ITAIM,PI,11/2022,439,385,"87,70",385,0,"100,00",54,"12,30",1,53,"12,07"
220095,AROEIRAS DO ITAIM,PI,09/2022,437,0,"0,00",0,0,,437,"100,00",331,106,"24,26"
220100,ARRAIAL,PI,09/2022,875,758,"86,63",756,2,"99,74",117,"13,37",32,85,"9,71"
220100,ARRAIAL,PI,11/2022,836,759,"90,79",755,4,"99,47",77,"9,21",5,72,"8,61"
220100,ARRAIAL,PI,07/2022,909,767,"84,38",724,43,"94,39",142,"15,62",51,91,"10,01"
220105,ASSUNÇÃO DO PIAUÍ,PI,07/2022,1847,1662,"89,98",1662,0,"100,00",185,"10,02",0,185,"10,02"
220105,ASSUNÇÃO DO PIAUÍ,PI,11/2022,1829,1625,"88,85",1548,77,"95,26",204,"11,15",0,204,"11,15"
220105,ASSUNÇÃO DO PIAUÍ,PI,09/2022,1840,1650,"89,67",1645,5,"99,70",190,"10,33",1,189,"10,27"
220110,AVELINO LOPES,PI,09/2022,2700,1940,"71,85",1940,0,"100,00",760,"28,15",146,614,"22,74"
220110,AVELINO LOPES,PI,11/2022,2653,1984,"74,78",1984,0,"100,00",669,"25,22",25,644,"24,27"
220110,AVELINO LOPES,PI,07/2022,2677,1451,"54,20",1449,2,"99,86",1226,"45,80",726,500,"18,68"
220115,BAIXA GRANDE DO RIBEIRO,PI,07/2022,2973,2492,"83,82",2492,0,"100,00",481,"16,18",16,465,"15,64"
220115,BAIXA GRANDE DO RIBEIRO,PI,11/2022,3033,1485,"48,96",1483,2,"99,87",1548,"51,04",1103,445,"14,67"
220115,BAIXA GRANDE DO RIBEIRO,PI,09/2022,2885,2,"0,07",0,2,"0,00",2883,"99,93",2400,483,"16,74"
220117,BARRA D´ALCÂNTARA,PI,09/2022,781,557,"71,32",557,0,"100,00",224,"28,68",0,224,"28,68"
220117,BARRA D´ALCÂNTARA,PI,11/2022,783,634,"80,97",634,0,"100,00",149,"19,03",0,149,"19,03"
220117,BARRA D´ALCÂNTARA,PI,07/2022,777,576,"74,13",576,0,"100,00",201,"25,87",3,198,"25,48"
220120,BARRAS,PI,07/2022,11465,6013,"52,45",5985,28,"99,53",5452,"47,55",912,4540,"39,60"
220120,BARRAS,PI,11/2022,10962,6457,"58,90",6402,55,"99,15",4505,"41,10",457,4048,"36,93"
220120,BARRAS,PI,09/2022,11410,6468,"56,69",6403,65,"99,00",4942,"43,31",319,4623,"40,52"
220130,BARREIRAS DO PIAUÍ,PI,09/2022,809,0,"0,00",0,0,,809,"100,00",652,157,"19,41"
220130,BARREIRAS DO PIAUÍ,PI,11/2022,792,1,"0,13",1,0,"100,00",791,"99,87",643,148,"18,69"
220130,BARREIRAS DO PIAUÍ,PI,07/2022,810,0,"0,00",0,0,,810,"100,00",652,158,"19,51"
220140,BARRO DURO,PI,07/2022,1371,855,"62,36",855,0,"100,00",516,"37,64",345,171,"12,47"
220140,BARRO DURO,PI,11/2022,1400,838,"59,86",836,2,"99,76",562,"40,14",378,184,"13,14"
220140,BARRO DURO,PI,09/2022,1392,850,"61,06",850,0,"100,00",542,"38,94",363,179,"12,86"
220150,BATALHA,PI,09/2022,5209,4420,"84,85",4418,2,"99,95",789,"15,15",70,719,"13,80"
220150,BATALHA,PI,11/2022,5077,4005,"78,89",3932,73,"98,18",1072,"21,11",76,996,"19,62"
220150,BATALHA,PI,07/2022,5214,3666,"70,31",3586,80,"97,82",1548,"29,69",149,1399,"26,83"
220155,BELA VISTA DO PIAUÍ,PI,07/2022,683,580,"84,92",577,3,"99,48",103,"15,08",1,102,"14,93"
220155,BELA VISTA DO PIAUÍ,PI,11/2022,654,633,"96,79",579,54,"91,47",21,"3,21",0,21,"3,21"
220155,BELA VISTA DO PIAUÍ,PI,09/2022,689,616,"89,40",578,38,"93,83",73,"10,60",2,71,"10,30"
220157,BELÉM DO PIAUÍ,PI,09/2022,606,531,"87,62",516,15,"97,18",75,"12,38",17,58,"9,57"
220157,BELÉM DO PIAUÍ,PI,11/2022,545,509,"93,39",505,4,"99,21",36,"6,61",5,31,"5,69"
220157,BELÉM DO PIAUÍ,PI,07/2022,622,565,"90,84",522,43,"92,39",57,"9,16",9,48,"7,72"
220160,BENEDITINOS,PI,07/2022,2070,1847,"89,23",1843,4,"99,78",223,"10,77",8,215,"10,39"
220160,BENEDITINOS,PI,11/2022,2070,1863,"90,00",1832,31,"98,34",207,"10,00",3,204,"9,86"
220160,BENEDITINOS,PI,09/2022,2104,1879,"89,31",1869,10,"99,47",225,"10,69",6,219,"10,41"
220170,BERTOLÍNIA,PI,09/2022,1237,0,"0,00",0,0,,1237,"100,00",1095,142,"11,48"
220170,BERTOLÍNIA,PI,11/2022,1255,885,"70,52",885,0,"100,00",370,"29,48",234,136,"10,84"
220170,BERTOLÍNIA,PI,07/2022,1210,0,"0,00",0,0,,1210,"100,00",1077,133,"10,99"
220173,BETÂNIA DO PIAUÍ,PI,07/2022,1345,1187,"88,25",1119,68,"94,27",158,"11,75",23,135,"10,04"
220173,BETÂNIA DO PIAUÍ,PI,11/2022,1273,1135,"89,16",1121,14,"98,77",138,"10,84",0,138,"10,84"
220173,BETÂNIA DO PIAUÍ,PI,09/2022,1333,1175,"88,15",1106,69,"94,13",158,"11,85",18,140,"10,50"
220177,BOA HORA,PI,09/2022,1917,1355,"70,68",1355,0,"100,00",562,"29,32",291,271,"14,14"
220177,BOA HORA,PI,11/2022,1831,732,"39,98",731,1,"99,86",1099,"60,02",832,267,"14,58"
220177,BOA HORA,PI,07/2022,1889,1587,"84,01",1586,1,"99,94",302,"15,99",41,261,"13,82"
220180,BOCAINA,PI,07/2022,508,428,"84,25",388,40,"90,65",80,"15,75",1,79,"15,55"
220180,BOCAINA,PI,11/2022,481,399,"82,95",399,0,"100,00",82,"17,05",1,81,"16,84"
220180,BOCAINA,PI,09/2022,489,160,"32,72",157,3,"98,13",329,"67,28",220,109,"22,29"
220190,BOM JESUS,PI,09/2022,5527,2357,"42,65",2220,137,"94,19",3170,"57,35",299,2871,"51,94"
220190,BOM JESUS,PI,11/2022,5340,2162,"40,49",2099,63,"97,09",3178,"59,51",317,2861,"53,58"
220190,BOM JESUS,PI,07/2022,5399,2329,"43,14",2190,139,"94,03",3070,"56,86",409,2661,"49,29"
220191,BOM PRINCÍPIO DO PIAUÍ,PI,07/2022,1199,1089,"90,83",1089,0,"100,00",110,"9,17",13,97,"8,09"
220191,BOM PRINCÍPIO DO PIAUÍ,PI,11/2022,1208,1114,"92,22",1114,0,"100,00",94,"7,78",6,88,"7,28"
220191,BOM PRINCÍPIO DO PIAUÍ,PI,09/2022,1235,1095,"88,66",1095,0,"100,00",140,"11,34",36,104,"8,42"
220192,BONFIM DO PIAUÍ,PI,09/2022,1142,1032,"90,37",982,50,"95,16",110,"9,63",17,93,"8,14"
220192,BONFIM DO PIAUÍ,PI,11/2022,1078,988,"91,65",988,0,"100,00",90,"8,35",7,83,"7,70"
220192,BONFIM DO PIAUÍ,PI,07/2022,1178,1058,"89,81",1042,16,"98,49",120,"10,19",13,107,"9,08"
220194,BOQUEIRÃO DO PIAUÍ,PI,07/2022,1400,1275,"91,07",1275,0,"100,00",125,"8,93",16,109,"7,79"
220194,BOQUEIRÃO DO PIAUÍ,PI,11/2022,1351,1202,"88,97",1188,14,"98,84",149,"11,03",51,98,"7,25"
220194,BOQUEIRÃO DO PIAUÍ,PI,09/2022,1387,1241,"89,47",1191,50,"95,97",146,"10,53",24,122,"8,80"
220196,BRASILEIRA,PI,09/2022,1439,393,"27,31",389,4,"98,98",1046,"72,69",921,125,"8,69"
220196,BRASILEIRA,PI,11/2022,1468,1182,"80,52",1180,2,"99,83",286,"19,48",158,128,"8,72"
220196,BRASILEIRA,PI,07/2022,1485,1205,"81,14",1204,1,"99,92",280,"18,86",3,277,"18,65"
220198,BREJO DO PIAUÍ,PI,07/2022,892,655,"73,43",655,0,"100,00",237,"26,57",22,215,"24,10"
220198,BREJO DO PIAUÍ,PI,11/2022,869,661,"76,06",660,1,"99,85",208,"23,94",8,200,"23,01"
220198,BREJO DO PIAUÍ,PI,09/2022,875,644,"73,60",644,0,"100,00",231,"26,40",13,218,"24,91"
220200,BURITI DOS LOPES,PI,09/2022,4691,3847,"82,01",3552,295,"92,33",844,"17,99",303,541,"11,53"
220200,BURITI DOS LOPES,PI,11/2022,4434,3752,"84,62",3520,232,"93,82",682,"15,38",159,523,"11,80"
220200,BURITI DOS LOPES,PI,07/2022,4681,3590,"76,69",3359,231,"93,57",1091,"23,31",220,871,"18,61"
220202,BURITI DOS MONTES,PI,07/2022,1447,1024,"70,77",942,82,"91,99",423,"29,23",235,188,"12,99"
220202,BURITI DOS MONTES,PI,11/2022,1386,1149,"82,90",1095,54,"95,30",237,"17,10",8,229,"16,52"
220202,BURITI DOS MONTES,PI,09/2022,1490,1215,"81,54",1165,50,"95,88",275,"18,46",53,222,"14,90"
220205,CABECEIRAS DO PIAUÍ,PI,09/2022,1916,1393,"72,70",1346,47,"96,63",523,"27,30",31,492,"25,68"
220205,CABECEIRAS DO PIAUÍ,PI,11/2022,1870,1431,"76,52",1387,44,"96,93",439,"23,48",20,419,"22,41"
220205,CABECEIRAS DO PIAUÍ,PI,07/2022,1910,1395,"73,04",1345,50,"96,42",515,"26,96",44,471,"24,66"
220207,CAJAZEIRAS DO PIAUÍ,PI,07/2022,559,384,"68,69",345,39,"89,84",175,"31,31",10,165,"29,52"
220207,CAJAZEIRAS DO PIAUÍ,PI,11/2022,534,364,"68,16",360,4,"98,90",170,"31,84",11,159,"29,78"
220207,CAJAZEIRAS DO PIAUÍ,PI,09/2022,568,401,"70,60",365,36,"91,02",167,"29,40",6,161,"28,35"
220208,CAJUEIRO DA PRAIA,PI,09/2022,1182,0,"0,00",0,0,,1182,"100,00",1118,64,"5,41"
220208,CAJUEIRO DA PRAIA,PI,11/2022,1214,1161,"95,63",1145,16,"98,62",53,"4,37",2,51,"4,20"
220208,CAJUEIRO DA PRAIA,PI,07/2022,1249,1178,"94,32",1164,14,"98,81",71,"5,68",6,65,"5,20"
220209,CALDEIRÃO GRANDE DO PIAUÍ,PI,07/2022,1036,749,"72,30",644,105,"85,98",287,"27,70",71,216,"20,85"
220209,CALDEIRÃO GRANDE DO PIAUÍ,PI,11/2022,924,754,"81,60",720,34,"95,49",170,"18,40",75,95,"10,28"
220209,CALDEIRÃO GRANDE DO PIAUÍ,PI,09/2022,1053,530,"50,33",510,20,"96,23",523,"49,67",305,218,"20,70"
220210,CAMPINAS DO PIAUÍ,PI,09/2022,892,871,"97,65",775,96,"88,98",21,"2,35",13,8,"0,90"
220210,CAMPINAS DO PIAUÍ,PI,11/2022,794,774,"97,48",769,5,"99,35",20,"2,52",13,7,"0,88"
220210,CAMPINAS DO PIAUÍ,PI,07/2022,916,896,"97,82",800,96,"89,29",20,"2,18",16,4,"0,44"
220211,CAMPO ALEGRE DO FIDALGO,PI,07/2022,1016,872,"85,83",843,29,"96,67",144,"14,17",2,142,"13,98"
220211,CAMPO ALEGRE DO FIDALGO,PI,11/2022,920,856,"93,04",848,8,"99,07",64,"6,96",8,56,"6,09"
220211,CAMPO ALEGRE DO FIDALGO,PI,09/2022,958,871,"90,92",856,15,"98,28",87,"9,08",5,82,"8,56"
220213,CAMPO GRANDE DO PIAUÍ,PI,09/2022,1017,678,"66,67",642,36,"94,69",339,"33,33",37,302,"29,70"
220213,CAMPO GRANDE DO PIAUÍ,PI,11/2022,990,657,"66,36",650,7,"98,93",333,"33,64",7,326,"32,93"
220213,CAMPO GRANDE DO PIAUÍ,PI,07/2022,1013,679,"67,03",647,32,"95,29",334,"32,97",48,286,"28,23"
220217,CAMPO LARGO DO PIAUÍ,PI,07/2022,2104,1052,"50,00",1049,3,"99,71",1052,"50,00",564,488,"23,19"
220217,CAMPO LARGO DO PIAUÍ,PI,11/2022,2085,1816,"87,10",1805,11,"99,39",269,"12,90",70,199,"9,54"
220217,CAMPO LARGO DO PIAUÍ,PI,09/2022,2162,1482,"68,55",1481,1,"99,93",680,"31,45",518,162,"7,49"
220220,CAMPO MAIOR,PI,09/2022,7121,4124,"57,91",4093,31,"99,25",2997,"42,09",1299,1698,"23,84"
220220,CAMPO MAIOR,PI,11/2022,7074,4124,"58,30",4122,2,"99,95",2950,"41,70",1366,1584,"22,39"
220220,CAMPO MAIOR,PI,07/2022,7048,4393,"62,33",4211,182,"95,86",2655,"37,67",1408,1247,"17,69"
220225,CANAVIEIRA,PI,07/2022,792,523,"66,04",513,10,"98,09",269,"33,96",165,104,"13,13"
220225,CANAVIEIRA,PI,11/2022,742,667,"89,89",635,32,"95,20",75,"10,11",21,54,"7,28"
220225,CANAVIEIRA,PI,09/2022,794,440,"55,42",440,0,"100,00",354,"44,58",238,116,"14,61"
220230,CANTO DO BURITI,PI,09/2022,3943,2028,"51,43",1982,46,"97,73",1915,"48,57",960,955,"24,22"
220230,CANTO DO BURITI,PI,11/2022,3875,2706,"69,83",1883,823,"69,59",1169,"30,17",23,1146,"29,57"
220230,CANTO DO BURITI,PI,07/2022,3946,1931,"48,94",1930,1,"99,95",2015,"51,06",1225,790,"20,02"
220240,CAPITÃO DE CAMPOS,PI,07/2022,2556,2266,"88,65",2264,2,"99,91",290,"11,35",10,280,"10,95"
220240,CAPITÃO DE CAMPOS,PI,11/2022,2588,2324,"89,80",2324,0,"100,00",264,"10,20",4,260,"10,05"
220240,CAPITÃO DE CAMPOS,PI,09/2022,2600,2304,"88,62",2304,0,"100,00",296,"11,38",8,288,"11,08"
220245,CAPITÃO GERVÁSIO OLIVEIRA,PI,09/2022,1009,653,"64,72",652,1,"99,85",356,"35,28",35,321,"31,81"
220245,CAPITÃO GERVÁSIO OLIVEIRA,PI,11/2022,961,555,"57,75",550,5,"99,10",406,"42,25",103,303,"31,53"
220245,CAPITÃO GERVÁSIO OLIVEIRA,PI,07/2022,990,618,"62,42",596,22,"96,44",372,"37,58",54,318,"32,12"
220250,CARACOL,PI,07/2022,2565,1935,"75,44",1933,2,"99,90",630,"24,56",21,609,"23,74"
220250,CARACOL,PI,11/2022,2518,1734,"68,86",1727,7,"99,60",784,"31,14",13,771,"30,62"
220250,CARACOL,PI,09/2022,2583,1950,"75,49",1949,1,"99,95",633,"24,51",24,609,"23,58"
220253,CARAÚBAS DO PIAUÍ,PI,09/2022,1220,1068,"87,54",1010,58,"94,57",152,"12,46",83,69,"5,66"
220253,CARAÚBAS DO PIAUÍ,PI,11/2022,1121,1036,"92,42",994,42,"95,95",85,"7,58",7,78,"6,96"
220253,CARAÚBAS DO PIAUÍ,PI,07/2022,1223,1073,"87,74",1022,51,"95,25",150,"12,26",55,95,"7,77"
220255,CARIDADE DO PIAUÍ,PI,07/2022,1125,905,"80,44",891,14,"98,45",220,"19,56",21,199,"17,69"
220255,CARIDADE DO PIAUÍ,PI,11/2022,1133,924,"81,55",920,4,"99,57",209,"18,45",2,207,"18,27"
220255,CARIDADE DO PIAUÍ,PI,09/2022,1167,922,"79,01",887,35,"96,20",245,"20,99",29,216,"18,51"
220260,CASTELO DO PIAUÍ,PI,09/2022,4134,2,"0,05",0,2,"0,00",4132,"99,95",3593,539,"13,04"
220260,CASTELO DO PIAUÍ,PI,11/2022,4288,3585,"83,61",3585,0,"100,00",703,"16,39",158,545,"12,71"
220260,CASTELO DO PIAUÍ,PI,07/2022,4144,3501,"84,48",3500,1,"99,97",643,"15,52",121,522,"12,60"
220265,CAXINGÓ,PI,07/2022,1289,956,"74,17",902,54,"94,35",333,"25,83",34,299,"23,20"
220265,CAXINGÓ,PI,11/2022,1246,914,"73,35",877,37,"95,95",332,"26,65",26,306,"24,56"
220265,CAXINGÓ,PI,09/2022,1337,954,"71,35",896,58,"93,92",383,"28,65",67,316,"23,64"
220270,COCAL,PI,09/2022,6123,2824,"46,12",2824,0,"100,00",3299,"53,88",2423,876,"14,31"
220270,COCAL,PI,11/2022,6134,3907,"63,69",3906,1,"99,97",2227,"36,31",890,1337,"21,80"
220270,COCAL,PI,07/2022,6187,4362,"70,50",4361,1,"99,98",1825,"29,50",931,894,"14,45"
220271,COCAL DE TELHA,PI,07/2022,1153,971,"84,22",872,99,"89,80",182,"15,78",4,178,"15,44"
220271,COCAL DE TELHA,PI,11/2022,995,889,"89,35",887,2,"99,78",106,"10,65",6,100,"10,05"
220271,COCAL DE TELHA,PI,09/2022,1141,1005,"88,08",888,117,"88,36",136,"11,92",25,111,"9,73"
220272,COCAL DOS ALVES,PI,09/2022,1163,0,"0,00",0,0,,1163,"100,00",959,204,"17,54"
220272,COCAL DOS ALVES,PI,11/2022,1138,962,"84,53",962,0,"100,00",176,"15,47",6,170,"14,94"
220272,COCAL DOS ALVES,PI,07/2022,1158,0,"0,00",0,0,,1158,"100,00",956,202,"17,44"
220273,COIVARAS,PI,07/2022,953,823,"86,36",771,52,"93,68",130,"13,64",5,125,"13,12"
220273,COIVARAS,PI,11/2022,904,774,"85,62",735,39,"94,96",130,"14,38",8,122,"13,50"
220273,COIVARAS,PI,09/2022,978,811,"82,92",798,13,"98,40",167,"17,08",39,128,"13,09"
220275,COLÔNIA DO GURGUÉIA,PI,09/2022,1495,1,"0,07",0,1,"0,00",1494,"99,93",1146,348,"23,28"
220275,COLÔNIA DO GURGUÉIA,PI,11/2022,1441,1,"0,07",0,1,"0,00",1440,"99,93",1096,344,"23,87"
220275,COLÔNIA DO GURGUÉIA,PI,07/2022,1540,1150,"74,68",1150,0,"100,00",390,"25,32",56,334,"21,69"
220277,COLÔNIA DO PIAUÍ,PI,07/2022,1354,1072,"79,17",1071,1,"99,91",282,"20,83",28,254,"18,76"
220277,COLÔNIA DO PIAUÍ,PI,11/2022,1351,1073,"79,42",1073,0,"100,00",278,"20,58",16,262,"19,39"
220277,COLÔNIA DO PIAUÍ,PI,09/2022,1364,1081,"79,25",1080,1,"99,91",283,"20,75",19,264,"19,35"
220280,CONCEIÇÃO DO CANINDÉ,PI,09/2022,993,783,"78,85",775,8,"98,98",210,"21,15",1,209,"21,05"
220280,CONCEIÇÃO DO CANINDÉ,PI,11/2022,972,771,"79,32",767,4,"99,48",201,"20,68",1,200,"20,58"
220280,CONCEIÇÃO DO CANINDÉ,PI,07/2022,963,769,"79,85",763,6,"99,22",194,"20,15",3,191,"19,83"
220285,CORONEL JOSÉ DIAS,PI,07/2022,941,448,"47,61",369,79,"82,37",493,"52,39",265,228,"24,23"
220285,CORONEL JOSÉ DIAS,PI,11/2022,867,626,"72,20",618,8,"98,72",241,"27,80",13,228,"26,30"
220285,CORONEL JOSÉ DIAS,PI,09/2022,936,685,"73,18",623,62,"90,95",251,"26,82",22,229,"24,47"
220290,CORRENTE,PI,09/2022,5396,3717,"68,88",3708,9,"99,76",1679,"31,12",45,1634,"30,28"
220290,CORRENTE,PI,11/2022,5242,3504,"66,84",3477,27,"99,23",1738,"33,16",17,1721,"32,83"
220290,CORRENTE,PI,07/2022,5324,3491,"65,57",3430,61,"98,25",1833,"34,43",31,1802,"33,85"
220300,CRISTALÂNDIA DO PIAUÍ,PI,07/2022,1637,1104,"67,44",1096,8,"99,28",533,"32,56",232,301,"18,39"
220300,CRISTALÂNDIA DO PIAUÍ,PI,11/2022,1647,1406,"85,37",1390,16,"98,86",241,"14,63",37,204,"12,39"
220300,CRISTALÂNDIA DO PIAUÍ,PI,09/2022,1627,1329,"81,68",1329,0,"100,00",298,"18,32",7,291,"17,89"
220310,CRISTINO CASTRO,PI,09/2022,2588,2565,"99,11",2564,1,"99,96",23,"0,89",22,1,"0,04"
220310,CRISTINO CASTRO,PI,11/2022,2551,2523,"98,90",2459,64,"97,46",28,"1,10",16,12,"0,47"
220310,CRISTINO CASTRO,PI,07/2022,2527,2038,"80,65",2038,0,"100,00",489,"19,35",31,458,"18,12"
220320,CURIMATÁ,PI,07/2022,2288,634,"27,71",634,0,"100,00",1654,"72,29",1332,322,"14,07"
220320,CURIMATÁ,PI,11/2022,2291,1399,"61,07",1398,1,"99,93",892,"38,93",624,268,"11,70"
220320,CURIMATÁ,PI,09/2022,2265,647,"28,57",647,0,"100,00",1618,"71,43",1289,329,"14,53"
220323,CURRAIS,PI,09/2022,1338,0,"0,00",0,0,,1338,"100,00",875,463,"34,60"
220323,CURRAIS,PI,11/2022,1283,0,"0,00",0,0,,1283,"100,00",824,459,"35,78"
220323,CURRAIS,PI,07/2022,1277,0,"0,00",0,0,,1277,"100,00",838,439,"34,38"
220325,CURRALINHOS,PI,07/2022,961,711,"73,99",631,80,"88,75",250,"26,01",22,228,"23,73"
220325,CURRALINHOS,PI,11/2022,874,767,"87,76",761,6,"99,22",107,"12,24",12,95,"10,87"
220325,CURRALINHOS,PI,09/2022,959,727,"75,81",727,0,"100,00",232,"24,19",5,227,"23,67"
220327,CURRAL NOVO DO PIAUÍ,PI,09/2022,1207,970,"80,36",970,0,"100,00",237,"19,64",4,233,"19,30"
220327,CURRAL NOVO DO PIAUÍ,PI,11/2022,1190,1012,"85,04",1012,0,"100,00",178,"14,96",2,176,"14,79"
220327,CURRAL NOVO DO PIAUÍ,PI,07/2022,1157,881,"76,15",878,3,"99,66",276,"23,85",51,225,"19,45"
220330,DEMERVAL LOBÃO,PI,07/2022,3222,1956,"60,71",1948,8,"99,59",1266,"39,29",709,557,"17,29"
220330,DEMERVAL LOBÃO,PI,11/2022,3116,1569,"50,35",1560,9,"99,43",1547,"49,65",1182,365,"11,71"
220330,DEMERVAL LOBÃO,PI,09/2022,3269,2718,"83,14",2715,3,"99,89",551,"16,86",120,431,"13,18"
220335,DIRCEU ARCOVERDE,PI,09/2022,1447,713,"49,27",687,26,"96,35",734,"50,73",10,724,"50,03"
220335,DIRCEU ARCOVERDE,PI,11/2022,1399,684,"48,89",679,5,"99,27",715,"51,11",8,707,"50,54"
220335,DIRCEU ARCOVERDE,PI,07/2022,1407,722,"51,31",721,1,"99,86",685,"48,69",3,682,"48,47"
220340,DOM EXPEDITO LOPES,PI,07/2022,1029,806,"78,33",706,100,"87,59",223,"21,67",14,209,"20,31"
220340,DOM EXPEDITO LOPES,PI,11/2022,989,801,"80,99",784,17,"97,88",188,"19,01",2,186,"18,81"
220340,DOM EXPEDITO LOPES,PI,09/2022,1050,852,"81,14",787,65,"92,37",198,"18,86",1,197,"18,76"
220342,DOMINGOS MOURÃO,PI,09/2022,1065,699,"65,63",646,53,"92,42",366,"34,37",145,221,"20,75"
220342,DOMINGOS MOURÃO,PI,11/2022,1055,838,"79,43",824,14,"98,33",217,"20,57",7,210,"19,91"
220342,DOMINGOS MOURÃO,PI,07/2022,1064,710,"66,73",691,19,"97,32",354,"33,27",132,222,"20,86"
220345,DOM INOCÊNCIO,PI,07/2022,1586,1408,"88,78",1233,175,"87,57",178,"11,22",7,171,"10,78"
220345,DOM INOCÊNCIO,PI,11/2022,1323,1291,"97,58",1283,8,"99,38",32,"2,42",12,20,"1,51"
220345,DOM INOCÊNCIO,PI,09/2022,1516,1461,"96,37",1345,116,"92,06",55,"3,63",9,46,"3,03"
220350,ELESBÃO VELOSO,PI,09/2022,1961,315,"16,06",222,93,"70,48",1646,"83,94",1124,522,"26,62"
220350,ELESBÃO VELOSO,PI,11/2022,1849,511,"27,64",509,2,"99,61",1338,"72,36",835,503,"27,20"
220350,ELESBÃO VELOSO,PI,07/2022,1979,695,"35,12",605,90,"87,05",1284,"64,88",767,517,"26,12"
220360,ELISEU MARTINS,PI,07/2022,769,508,"66,06",450,58,"88,58",261,"33,94",11,250,"32,51"
220360,ELISEU MARTINS,PI,11/2022,760,500,"65,79",500,0,"100,00",260,"34,21",18,242,"31,84"
220360,ELISEU MARTINS,PI,09/2022,799,498,"62,33",498,0,"100,00",301,"37,67",46,255,"31,91"
220370,ESPERANTINA,PI,09/2022,8417,3728,"44,29",3470,258,"93,08",4689,"55,71",1567,3122,"37,09"
220370,ESPERANTINA,PI,11/2022,8232,3530,"42,88",3391,139,"96,06",4702,"57,12",1094,3608,"43,83"
220370,ESPERANTINA,PI,07/2022,8186,0,"0,00",0,0,,8186,"100,00",6482,1704,"20,82"
220375,FARTURA DO PIAUÍ,PI,07/2022,1341,390,"29,08",380,10,"97,44",951,"70,92",536,415,"30,95"
220375,FARTURA DO PIAUÍ,PI,11/2022,1306,0,"0,00",0,0,,1306,"100,00",885,421,"32,24"
220375,FARTURA DO PIAUÍ,PI,09/2022,1332,1,"0,08",0,1,"0,00",1331,"99,92",900,431,"32,36"
220380,FLORES DO PIAUÍ,PI,09/2022,951,663,"69,72",585,78,"88,24",288,"30,28",6,282,"29,65"
220380,FLORES DO PIAUÍ,PI,11/2022,916,631,"68,89",586,45,"92,87",285,"31,11",1,284,"31,00"
220380,FLORES DO PIAUÍ,PI,07/2022,942,684,"72,61",615,69,"89,91",258,"27,39",8,250,"26,54"
220385,FLORESTA DO PIAUÍ,PI,07/2022,478,462,"96,65",462,0,"100,00",16,"3,35",6,10,"2,09"
220385,FLORESTA DO PIAUÍ,PI,11/2022,468,457,"97,65",457,0,"100,00",11,"2,35",0,11,"2,35"
220385,FLORESTA DO PIAUÍ,PI,09/2022,479,463,"96,66",463,0,"100,00",16,"3,34",7,9,"1,88"
220390,FLORIANO,PI,09/2022,7701,5982,"77,68",5929,53,"99,11",1719,"22,32",277,1442,"18,72"
220390,FLORIANO,PI,11/2022,7817,6191,"79,20",6159,32,"99,48",1626,"20,80",220,1406,"17,99"
220390,FLORIANO,PI,07/2022,7596,5018,"66,06",4987,31,"99,38",2578,"33,94",1024,1554,"20,46"
220400,FRANCINÓPOLIS,PI,07/2022,750,609,"81,20",608,1,"99,84",141,"18,80",7,134,"17,87"
220400,FRANCINÓPOLIS,PI,11/2022,736,631,"85,73",629,2,"99,68",105,"14,27",7,98,"13,32"
220400,FRANCINÓPOLIS,PI,09/2022,746,619,"82,98",619,0,"100,00",127,"17,02",6,121,"16,22"
220410,FRANCISCO AYRES,PI,09/2022,856,639,"74,65",639,0,"100,00",217,"25,35",56,161,"18,81"
220410,FRANCISCO AYRES,PI,11/2022,849,641,"75,50",641,0,"100,00",208,"24,50",56,152,"17,90"
220410,FRANCISCO AYRES,PI,07/2022,831,617,"74,25",617,0,"100,00",214,"25,75",60,154,"18,53"
220415,FRANCISCO MACEDO,PI,07/2022,480,380,"79,17",219,161,"57,63",100,"20,83",6,94,"19,58"
220415,FRANCISCO MACEDO,PI,11/2022,456,355,"77,85",340,15,"95,77",101,"22,15",6,95,"20,83"
220415,FRANCISCO MACEDO,PI,09/2022,508,383,"75,39",341,42,"89,03",125,"24,61",19,106,"20,87"
220420,FRANCISCO SANTOS,PI,09/2022,1224,948,"77,45",948,0,"100,00",276,"22,55",26,250,"20,42"
220420,FRANCISCO SANTOS,PI,11/2022,1214,978,"80,56",978,0,"100,00",236,"19,44",7,229,"18,86"
220420,FRANCISCO SANTOS,PI,07/2022,1248,1015,"81,33",1015,0,"100,00",233,"18,67",9,224,"17,95"
220430,FRONTEIRAS,PI,07/2022,1809,1097,"60,64",1097,0,"100,00",712,"39,36",38,674,"37,26"
220430,FRONTEIRAS,PI,11/2022,1844,1142,"61,93",1142,0,"100,00",702,"38,07",11,691,"37,47"
220430,FRONTEIRAS,PI,09/2022,1839,1104,"60,03",1100,4,"99,64",735,"39,97",38,697,"37,90"
220435,GEMINIANO,PI,09/2022,1191,689,"57,85",617,72,"89,55",502,"42,15",2,500,"41,98"
220435,GEMINIANO,PI,11/2022,1114,622,"55,83",613,9,"98,55",492,"44,17",0,492,"44,17"
220435,GEMINIANO,PI,07/2022,1186,743,"62,65",741,2,"99,73",443,"37,35",4,439,"37,02"
220440,GILBUÉS,PI,07/2022,2738,2231,"81,48",2230,1,"99,96",507,"18,52",309,198,"7,23"
220440,GILBUÉS,PI,11/2022,2650,2530,"95,47",2228,302,"88,06",120,"4,53",30,90,"3,40"
220440,GILBUÉS,PI,09/2022,2710,2426,"89,52",2412,14,"99,42",284,"10,48",211,73,"2,69"
220450,GUADALUPE,PI,09/2022,2058,853,"41,45",853,0,"100,00",1205,"58,55",42,1163,"56,51"
220450,GUADALUPE,PI,11/2022,2047,893,"43,62",893,0,"100,00",1154,"56,38",27,1127,"55,06"
220450,GUADALUPE,PI,07/2022,1972,767,"38,89",767,0,"100,00",1205,"61,11",30,1175,"59,58"
220455,GUARIBAS,PI,07/2022,1151,979,"85,06",979,0,"100,00",172,"14,94",13,159,"13,81"
220455,GUARIBAS,PI,11/2022,1144,998,"87,24",998,0,"100,00",146,"12,76",5,141,"12,33"
220455,GUARIBAS,PI,09/2022,1171,1000,"85,40",999,1,"99,90",171,"14,60",14,157,"13,41"
220460,HUGO NAPOLEÃO,PI,09/2022,717,595,"82,98",595,0,"100,00",122,"17,02",4,118,"16,46"
220460,HUGO NAPOLEÃO,PI,11/2022,691,593,"85,82",573,20,"96,63",98,"14,18",7,91,"13,17"
220460,HUGO NAPOLEÃO,PI,07/2022,698,583,"83,52",582,1,"99,83",115,"16,48",5,110,"15,76"
220465,ILHA GRANDE,PI,07/2022,2209,1598,"72,34",1598,0,"100,00",611,"27,66",119,492,"22,27"
220465,ILHA GRANDE,PI,11/2022,2176,1593,"73,21",1592,1,"99,94",583,"26,79",91,492,"22,61"
220465,ILHA GRANDE,PI,09/2022,2357,1570,"66,61",1570,0,"100,00",787,"33,39",283,504,"21,38"
220470,INHUMA,PI,09/2022,2536,1715,"67,63",1709,6,"99,65",821,"32,37",100,721,"28,43"
220470,INHUMA,PI,11/2022,2455,1717,"69,94",1689,28,"98,37",738,"30,06",46,692,"28,19"
220470,INHUMA,PI,07/2022,2537,1782,"70,24",1747,35,"98,04",755,"29,76",130,625,"24,64"
220480,IPIRANGA DO PIAUÍ,PI,07/2022,1681,1312,"78,05",1238,74,"94,36",369,"21,95",0,369,"21,95"
220480,IPIRANGA DO PIAUÍ,PI,11/2022,1512,1287,"85,12",1262,25,"98,06",225,"14,88",0,225,"14,88"
220480,IPIRANGA DO PIAUÍ,PI,09/2022,1678,1439,"85,76",1271,168,"88,33",239,"14,24",2,237,"14,12"
220490,ISAÍAS COELHO,PI,09/2022,1790,1505,"84,08",1499,6,"99,60",285,"15,92",16,269,"15,03"
220490,ISAÍAS COELHO,PI,11/2022,1767,1454,"82,29",1422,32,"97,80",313,"17,71",7,306,"17,32"
220490,ISAÍAS COELHO,PI,07/2022,1815,1431,"78,84",1431,0,"100,00",384,"21,16",5,379,"20,88"
220500,ITAINÓPOLIS,PI,07/2022,1631,1055,"64,68",1000,55,"94,79",576,"35,32",88,488,"29,92"
220500,ITAINÓPOLIS,PI,11/2022,1546,1207,"78,07",1176,31,"97,43",339,"21,93",4,335,"21,67"
220500,ITAINÓPOLIS,PI,09/2022,1647,1070,"64,97",1045,25,"97,66",577,"35,03",67,510,"30,97"
220510,ITAUEIRA,PI,09/2022,1795,706,"39,33",704,2,"99,72",1089,"60,67",645,444,"24,74"
220510,ITAUEIRA,PI,11/2022,1810,1390,"76,80",1296,94,"93,24",420,"23,20",11,409,"22,60"
220510,ITAUEIRA,PI,07/2022,1812,734,"40,51",720,14,"98,09",1078,"59,49",842,236,"13,02"
220515,JACOBINA DO PIAUÍ,PI,07/2022,1001,696,"69,53",691,5,"99,28",305,"30,47",71,234,"23,38"
220515,JACOBINA DO PIAUÍ,PI,11/2022,987,779,"78,93",777,2,"99,74",208,"21,07",2,206,"20,87"
220515,JACOBINA DO PIAUÍ,PI,09/2022,1017,764,"75,12",750,14,"98,17",253,"24,88",10,243,"23,89"
220520,JAICÓS,PI,09/2022,3578,1500,"41,92",1391,109,"92,73",2078,"58,08",75,2003,"55,98"
220520,JAICÓS,PI,11/2022,3528,1864,"52,83",1813,51,"97,26",1664,"47,17",2,1662,"47,11"
220520,JAICÓS,PI,07/2022,3602,1530,"42,48",1408,122,"92,03",2072,"57,52",122,1950,"54,14"
220525,JARDIM DO MULATO,PI,07/2022,938,651,"69,40",627,24,"96,31",287,"30,60",21,266,"28,36"
220525,JARDIM DO MULATO,PI,11/2022,893,653,"73,12",636,17,"97,40",240,"26,88",32,208,"23,29"
220525,JARDIM DO MULATO,PI,09/2022,931,611,"65,63",599,12,"98,04",320,"34,37",26,294,"31,58"
220527,JATOBÁ DO PIAUÍ,PI,09/2022,1265,1075,"84,98",1075,0,"100,00",190,"15,02",69,121,"9,57"
220527,JATOBÁ DO PIAUÍ,PI,11/2022,1232,878,"71,27",877,1,"99,89",354,"28,73",235,119,"9,66"
220527,JATOBÁ DO PIAUÍ,PI,07/2022,1188,959,"80,72",959,0,"100,00",229,"19,28",116,113,"9,51"
220530,JERUMENHA,PI,07/2022,1055,730,"69,19",730,0,"100,00",325,"30,81",22,303,"28,72"
220530,JERUMENHA,PI,11/2022,1047,767,"73,26",766,1,"99,87",280,"26,74",39,241,"23,02"
220530,JERUMENHA,PI,09/2022,1041,0,"0,00",0,0,,1041,"100,00",735,306,"29,39"
220535,JOÃO COSTA,PI,09/2022,513,457,"89,08",418,39,"91,47",56,"10,92",3,53,"10,33"
220535,JOÃO COSTA,PI,11/2022,509,451,"88,61",434,17,"96,23",58,"11,39",2,56,"11,00"
220535,JOÃO COSTA,PI,07/2022,514,456,"88,72",437,19,"95,83",58,"11,28",3,55,"10,70"
220540,JOAQUIM PIRES,PI,07/2022,3057,1873,"61,27",1770,103,"94,50",1184,"38,73",65,1119,"36,60"
220540,JOAQUIM PIRES,PI,11/2022,2981,1870,"62,73",1761,109,"94,17",1111,"37,27",24,1087,"36,46"
220540,JOAQUIM PIRES,PI,09/2022,3031,1824,"60,18",1675,149,"91,83",1207,"39,82",52,1155,"38,11"
220545,JOCA MARQUES,PI,09/2022,1262,1117,"88,51",1117,0,"100,00",145,"11,49",6,139,"11,01"
220545,JOCA MARQUES,PI,11/2022,1236,1126,"91,10",1125,1,"99,91",110,"8,90",1,109,"8,82"
220545,JOCA MARQUES,PI,07/2022,1255,1122,"89,40",1053,69,"93,85",133,"10,60",10,123,"9,80"
220550,JOSÉ DE FREITAS,PI,07/2022,7479,4402,"58,86",4393,9,"99,80",3077,"41,14",57,3020,"40,38"
220550,JOSÉ DE FREITAS,PI,11/2022,7552,5114,"67,72",5031,83,"98,38",2438,"32,28",36,2402,"31,81"
220550,JOSÉ DE FREITAS,PI,09/2022,7569,4685,"61,90",4658,27,"99,42",2884,"38,10",37,2847,"37,61"
220551,JUAZEIRO DO PIAUÍ,PI,09/2022,944,1,"0,11",0,1,"0,00",943,"99,89",840,103,"10,91"
220551,JUAZEIRO DO PIAUÍ,PI,11/2022,898,1,"0,11",0,1,"0,00",897,"99,89",803,94,"10,47"
220551,JUAZEIRO DO PIAUÍ,PI,07/2022,1076,920,"85,50",897,23,"97,50",156,"14,50",55,101,"9,39"
220552,JÚLIO BORGES,PI,07/2022,1149,901,"78,42",901,0,"100,00",248,"21,58",32,216,"18,80"
220552,JÚLIO BORGES,PI,11/2022,1123,894,"79,61",891,3,"99,66",229,"20,39",14,215,"19,15"
220552,JÚLIO BORGES,PI,09/2022,1154,903,"78,25",898,5,"99,45",251,"21,75",28,223,"19,32"
220553,JUREMA,PI,09/2022,1051,0,"0,00",0,0,,1051,"100,00",882,169,"16,08"
220553,JUREMA,PI,11/2022,1025,938,"91,51",938,0,"100,00",87,"8,49",0,87,"8,49"
220553,JUREMA,PI,07/2022,1067,7,"0,66",0,7,"0,00",1060,"99,34",891,169,"15,84"
220554,LAGOINHA DO PIAUÍ,PI,07/2022,525,410,"78,10",357,53,"87,07",115,"21,90",8,107,"20,38"
220554,LAGOINHA DO PIAUÍ,PI,11/2022,510,359,"70,39",326,33,"90,81",151,"29,61",2,149,"29,22"
220554,LAGOINHA DO PIAUÍ,PI,09/2022,519,358,"68,98",325,33,"90,78",161,"31,02",15,146,"28,13"
220555,LAGOA ALEGRE,PI,09/2022,1979,1309,"66,14",1225,84,"93,58",670,"33,86",203,467,"23,60"
220555,LAGOA ALEGRE,PI,11/2022,1824,1382,"75,77",1369,13,"99,06",442,"24,23",15,427,"23,41"
220555,LAGOA ALEGRE,PI,07/2022,2019,1454,"72,02",1359,95,"93,47",565,"27,98",102,463,"22,93"
220556,LAGOA DO BARRO DO PIAUÍ,PI,07/2022,869,614,"70,66",565,49,"92,02",255,"29,34",0,255,"29,34"
220556,LAGOA DO BARRO DO PIAUÍ,PI,11/2022,816,718,"87,99",678,40,"94,43",98,"12,01",1,97,"11,89"
220556,LAGOA DO BARRO DO PIAUÍ,PI,09/2022,852,691,"81,10",626,65,"90,59",161,"18,90",3,158,"18,54"
220557,LAGOA DE SÃO FRANCISCO,PI,09/2022,1226,960,"78,30",952,8,"99,17",266,"21,70",6,260,"21,21"
220557,LAGOA DE SÃO FRANCISCO,PI,11/2022,1216,1017,"83,63",1013,4,"99,61",199,"16,37",3,196,"16,12"
220557,LAGOA DE SÃO FRANCISCO,PI,07/2022,1208,950,"78,64",942,8,"99,16",258,"21,36",11,247,"20,45"
220558,LAGOA DO PIAUÍ,PI,07/2022,945,724,"76,61",724,0,"100,00",221,"23,39",23,198,"20,95"
220558,LAGOA DO PIAUÍ,PI,11/2022,990,764,"77,17",762,2,"99,74",226,"22,83",43,183,"18,48"
220558,LAGOA DO PIAUÍ,PI,09/2022,932,1,"0,11",0,1,"0,00",931,"99,89",727,204,"21,89"
220559,LAGOA DO SÍTIO,PI,09/2022,1002,639,"63,77",639,0,"100,00",363,"36,23",4,359,"35,83"
220559,LAGOA DO SÍTIO,PI,11/2022,972,746,"76,75",746,0,"100,00",226,"23,25",7,219,"22,53"
220559,LAGOA DO SÍTIO,PI,07/2022,990,632,"63,84",632,0,"100,00",358,"36,16",9,349,"35,25"
220560,LANDRI SALES,PI,07/2022,1223,674,"55,11",673,1,"99,85",549,"44,89",319,230,"18,81"
220560,LANDRI SALES,PI,11/2022,1186,659,"55,56",659,0,"100,00",527,"44,44",302,225,"18,97"
220560,LANDRI SALES,PI,09/2022,1220,668,"54,75",668,0,"100,00",552,"45,25",318,234,"19,18"
220570,LUÍS CORREIA,PI,09/2022,6879,3148,"45,76",3148,0,"100,00",3731,"54,24",2946,785,"11,41"
220570,LUÍS CORREIA,PI,11/2022,6726,5909,"87,85",5909,0,"100,00",817,"12,15",51,766,"11,39"
220570,LUÍS CORREIA,PI,07/2022,6717,5816,"86,59",5816,0,"100,00",901,"13,41",133,768,"11,43"
220580,LUZILÂNDIA,PI,07/2022,5733,4314,"75,25",4283,31,"99,28",1419,"24,75",94,1325,"23,11"
220580,LUZILÂNDIA,PI,11/2022,5499,4080,"74,20",4070,10,"99,75",1419,"25,80",7,1412,"25,68"
220580,LUZILÂNDIA,PI,09/2022,5689,4062,"71,40",3905,157,"96,13",1627,"28,60",56,1571,"27,61"
220585,MADEIRO,PI,09/2022,1847,1648,"89,23",1648,0,"100,00",199,"10,77",8,191,"10,34"
220585,MADEIRO,PI,11/2022,1872,1684,"89,96",1680,4,"99,76",188,"10,04",2,186,"9,94"
220585,MADEIRO,PI,07/2022,1874,1669,"89,06",1667,2,"99,88",205,"10,94",12,193,"10,30"
220590,MANOEL EMÍDIO,PI,07/2022,976,1,"0,10",0,1,"0,00",975,"99,90",843,132,"13,52"
220590,MANOEL EMÍDIO,PI,11/2022,975,0,"0,00",0,0,,975,"100,00",852,123,"12,62"
220590,MANOEL EMÍDIO,PI,09/2022,988,0,"0,00",0,0,,988,"100,00",856,132,"13,36"
220595,MARCOLÂNDIA,PI,09/2022,2112,0,"0,00",0,0,,2112,"100,00",1769,343,"16,24"
220595,MARCOLÂNDIA,PI,11/2022,2563,2028,"79,13",2027,1,"99,95",535,"20,87",324,211,"8,23"
220595,MARCOLÂNDIA,PI,07/2022,2490,1698,"68,19",1698,0,"100,00",792,"31,81",467,325,"13,05"
220600,MARCOS PARENTE,PI,07/2022,923,0,"0,00",0,0,,923,"100,00",792,131,"14,19"
220600,MARCOS PARENTE,PI,11/2022,900,0,"0,00",0,0,,900,"100,00",765,135,"15,00"
220600,MARCOS PARENTE,PI,09/2022,938,0,"0,00",0,0,,938,"100,00",801,137,"14,61"
220605,MASSAPÊ DO PIAUÍ,PI,09/2022,1085,833,"76,77",831,2,"99,76",252,"23,23",67,185,"17,05"
220605,MASSAPÊ DO PIAUÍ,PI,11/2022,1054,903,"85,67",903,0,"100,00",151,"14,33",0,151,"14,33"
220605,MASSAPÊ DO PIAUÍ,PI,07/2022,1075,82,"7,63",82,0,"100,00",993,"92,37",778,215,"20,00"
220610,MATIAS OLÍMPIO,PI,07/2022,2877,2331,"81,02",2331,0,"100,00",546,"18,98",181,365,"12,69"
220610,MATIAS OLÍMPIO,PI,11/2022,2826,2453,"86,80",2450,3,"99,88",373,"13,20",16,357,"12,63"
220610,MATIAS OLÍMPIO,PI,09/2022,2906,2451,"84,34",2451,0,"100,00",455,"15,66",48,407,"14,01"
220620,MIGUEL ALVES,PI,09/2022,8405,2624,"31,22",2620,4,"99,85",5781,"68,78",4781,1000,"11,90"
220620,MIGUEL ALVES,PI,11/2022,8316,7026,"84,49",7024,2,"99,97",1290,"15,51",335,955,"11,48"
220620,MIGUEL ALVES,PI,07/2022,8282,4,"0,05",0,4,"0,00",8278,"99,95",7301,977,"11,80"
220630,MIGUEL LEÃO,PI,07/2022,263,160,"60,84",157,3,"98,13",103,"39,16",78,25,"9,51"
220630,MIGUEL LEÃO,PI,11/2022,270,184,"68,15",176,8,"95,65",86,"31,85",58,28,"10,37"
220630,MIGUEL LEÃO,PI,09/2022,266,176,"66,17",153,23,"86,93",90,"33,83",60,30,"11,28"
220635,MILTON BRANDÃO,PI,09/2022,1227,947,"77,18",922,25,"97,36",280,"22,82",197,83,"6,76"
220635,MILTON BRANDÃO,PI,11/2022,1206,928,"76,95",928,0,"100,00",278,"23,05",188,90,"7,46"
220635,MILTON BRANDÃO,PI,07/2022,1261,981,"77,80",953,28,"97,15",280,"22,20",177,103,"8,17"
220640,MONSENHOR GIL,PI,07/2022,1948,1404,"72,07",1369,35,"97,51",544,"27,93",203,341,"17,51"
220640,MONSENHOR GIL,PI,11/2022,1863,1267,"68,01",1175,92,"92,74",596,"31,99",12,584,"31,35"
220640,MONSENHOR GIL,PI,09/2022,1904,936,"49,16",874,62,"93,38",968,"50,84",358,610,"32,04"
220650,MONSENHOR HIPÓLITO,PI,09/2022,1596,1200,"75,19",1200,0,"100,00",396,"24,81",3,393,"24,62"
220650,MONSENHOR HIPÓLITO,PI,11/2022,1572,1333,"84,80",1333,0,"100,00",239,"15,20",3,236,"15,01"
220650,MONSENHOR HIPÓLITO,PI,07/2022,1564,1156,"73,91",1156,0,"100,00",408,"26,09",1,407,"26,02"
220660,MONTE ALEGRE DO PIAUÍ,PI,07/2022,2585,0,"0,00",0,0,,2585,"100,00",2262,323,"12,50"
220660,MONTE ALEGRE DO PIAUÍ,PI,11/2022,2675,2338,"87,40",2334,4,"99,83",337,"12,60",19,318,"11,89"
220660,MONTE ALEGRE DO PIAUÍ,PI,09/2022,2567,0,"0,00",0,0,,2567,"100,00",2248,319,"12,43"
220665,MORRO CABEÇA NO TEMPO,PI,09/2022,1064,700,"65,79",699,1,"99,86",364,"34,21",32,332,"31,20"
220665,MORRO CABEÇA NO TEMPO,PI,11/2022,1051,709,"67,46",709,0,"100,00",342,"32,54",13,329,"31,30"
220665,MORRO CABEÇA NO TEMPO,PI,07/2022,1034,681,"65,86",680,1,"99,85",353,"34,14",40,313,"30,27"
220667,MORRO DO CHAPÉU DO PIAUÍ,PI,07/2022,1592,1314,"82,54",1314,0,"100,00",278,"17,46",56,222,"13,94"
220667,MORRO DO CHAPÉU DO PIAUÍ,PI,11/2022,1588,1340,"84,38",1334,6,"99,55",248,"15,62",12,236,"14,86"
220667,MORRO DO CHAPÉU DO PIAUÍ,PI,09/2022,1563,1312,"83,94",1312,0,"100,00",251,"16,06",23,228,"14,59"
220669,MURICI DOS PORTELAS,PI,09/2022,1600,1064,"66,50",1031,33,"96,90",536,"33,50",262,274,"17,13"
220669,MURICI DOS PORTELAS,PI,11/2022,1528,1063,"69,57",1063,0,"100,00",465,"30,43",217,248,"16,23"
220669,MURICI DOS PORTELAS,PI,07/2022,1638,1071,"65,38",928,143,"86,65",567,"34,62",230,337,"20,57"
220670,NAZARÉ DO PIAUÍ,PI,07/2022,1398,0,"0,00",0,0,,1398,"100,00",1168,230,"16,45"
220670,NAZARÉ DO PIAUÍ,PI,11/2022,1394,647,"46,41",647,0,"100,00",747,"53,59",29,718,"51,51"
220670,NAZARÉ DO PIAUÍ,PI,09/2022,1405,0,"0,00",0,0,,1405,"100,00",1170,235,"16,73"
220672,NAZÁRIA,PI,09/2022,2324,1321,"56,84",1311,10,"99,24",1003,"43,16",244,759,"32,66"
220672,NAZÁRIA,PI,11/2022,2302,1462,"63,51",1455,7,"99,52",840,"36,49",138,702,"30,50"
220672,NAZÁRIA,PI,07/2022,2385,1093,"45,83",1077,16,"98,54",1292,"54,17",376,916,"38,41"
220675,NOSSA SENHORA DE NAZARÉ,PI,07/2022,955,818,"85,65",818,0,"100,00",137,"14,35",15,122,"12,77"
220675,NOSSA SENHORA DE NAZARÉ,PI,11/2022,962,818,"85,03",818,0,"100,00",144,"14,97",15,129,"13,41"
220675,NOSSA SENHORA DE NAZARÉ,PI,09/2022,979,827,"84,47",827,0,"100,00",152,"15,53",19,133,"13,59"
220680,NOSSA SENHORA DOS REMÉDIOS,PI,09/2022,2390,27,"1,13",24,3,"88,89",2363,"98,87",1932,431,"18,03"
220680,NOSSA SENHORA DOS REMÉDIOS,PI,11/2022,2457,1681,"68,42",1680,1,"99,94",776,"31,58",388,388,"15,79"
220680,NOSSA SENHORA DOS REMÉDIOS,PI,07/2022,2538,1927,"75,93",1888,39,"97,98",611,"24,07",182,429,"16,90"
220690,NOVO ORIENTE DO PIAUÍ,PI,07/2022,1034,353,"34,14",353,0,"100,00",681,"65,86",192,489,"47,29"
220690,NOVO ORIENTE DO PIAUÍ,PI,11/2022,1011,747,"73,89",744,3,"99,60",264,"26,11",9,255,"25,22"
220690,NOVO ORIENTE DO PIAUÍ,PI,09/2022,1041,483,"46,40",480,3,"99,38",558,"53,60",7,551,"52,93"
220695,NOVO SANTO ANTÔNIO,PI,09/2022,691,566,"81,91",565,1,"99,82",125,"18,09",33,92,"13,31"
220695,NOVO SANTO ANTÔNIO,PI,11/2022,663,525,"79,19",502,23,"95,62",138,"20,81",17,121,"18,25"
220695,NOVO SANTO ANTÔNIO,PI,07/2022,673,567,"84,25",537,30,"94,71",106,"15,75",13,93,"13,82"
220700,OEIRAS,PI,07/2022,6340,3684,"58,11",3676,8,"99,78",2656,"41,89",82,2574,"40,60"
220700,OEIRAS,PI,11/2022,6447,4851,"75,24",4842,9,"99,81",1596,"24,76",14,1582,"24,54"
220700,OEIRAS,PI,09/2022,6527,3935,"60,29",3935,0,"100,00",2592,"39,71",326,2266,"34,72"
220710,OLHO D´ÁGUA DO PIAUÍ,PI,09/2022,528,470,"89,02",470,0,"100,00",58,"10,98",9,49,"9,28"
220710,OLHO D´ÁGUA DO PIAUÍ,PI,11/2022,527,230,"43,64",216,14,"93,91",297,"56,36",228,69,"13,09"
220710,OLHO D´ÁGUA DO PIAUÍ,PI,07/2022,509,444,"87,23",430,14,"96,85",65,"12,77",10,55,"10,81"
220720,PADRE MARCOS,PI,07/2022,1365,1123,"82,27",1122,1,"99,91",242,"17,73",14,228,"16,70"
220720,PADRE MARCOS,PI,11/2022,1343,1120,"83,40",1120,0,"100,00",223,"16,60",11,212,"15,79"
220720,PADRE MARCOS,PI,09/2022,1386,1128,"81,39",1128,0,"100,00",258,"18,61",29,229,"16,52"
220730,PAES LANDIM,PI,09/2022,886,764,"86,23",723,41,"94,63",122,"13,77",8,114,"12,87"
220730,PAES LANDIM,PI,11/2022,851,739,"86,84",683,56,"92,42",112,"13,16",4,108,"12,69"
220730,PAES LANDIM,PI,07/2022,900,760,"84,44",715,45,"94,08",140,"15,56",8,132,"14,67"
220735,PAJEÚ DO PIAUÍ,PI,07/2022,484,442,"91,32",442,0,"100,00",42,"8,68",11,31,"6,40"
220735,PAJEÚ DO PIAUÍ,PI,11/2022,441,375,"85,03",372,3,"99,20",66,"14,97",18,48,"10,88"
220735,PAJEÚ DO PIAUÍ,PI,09/2022,487,424,"87,06",377,47,"88,92",63,"12,94",14,49,"10,06"
220740,PALMEIRA DO PIAUÍ,PI,09/2022,1086,774,"71,27",774,0,"100,00",312,"28,73",34,278,"25,60"
220740,PALMEIRA DO PIAUÍ,PI,11/2022,1060,882,"83,21",882,0,"100,00",178,"16,79",29,149,"14,06"
220740,PALMEIRA DO PIAUÍ,PI,07/2022,1081,777,"71,88",770,7,"99,10",304,"28,12",26,278,"25,72"
220750,PALMEIRAIS,PI,07/2022,3281,2745,"83,66",2744,1,"99,96",536,"16,34",63,473,"14,42"
220750,PALMEIRAIS,PI,11/2022,3119,2951,"94,61",2950,1,"99,97",168,"5,39",31,137,"4,39"
220750,PALMEIRAIS,PI,09/2022,3070,1,"0,03",0,1,"0,00",3069,"99,97",2907,162,"5,28"
220755,PAQUETÁ,PI,09/2022,635,386,"60,79",380,6,"98,45",249,"39,21",15,234,"36,85"
220755,PAQUETÁ,PI,11/2022,629,418,"66,45",384,34,"91,87",211,"33,55",29,182,"28,93"
220755,PAQUETÁ,PI,07/2022,630,371,"58,89",363,8,"97,84",259,"41,11",29,230,"36,51"
220760,PARNAGUÁ,PI,07/2022,2713,1756,"64,73",1750,6,"99,66",957,"35,27",115,842,"31,04"
220760,PARNAGUÁ,PI,11/2022,2637,1764,"66,89",1757,7,"99,60",873,"33,11",83,790,"29,96"
220760,PARNAGUÁ,PI,09/2022,2692,1573,"58,43",1573,0,"100,00",1119,"41,57",283,836,"31,05"
220770,PARNAÍBA,PI,09/2022,20007,0,"0,00",0,0,,20007,"100,00",15819,4188,"20,93"
220770,PARNAÍBA,PI,11/2022,21150,16867,"79,75",16867,0,"100,00",4283,"20,25",67,4216,"19,93"
220770,PARNAÍBA,PI,07/2022,20557,14515,"70,61",14515,0,"100,00",6042,"29,39",1926,4116,"20,02"
220775,PASSAGEM FRANCA DO PIAUÍ,PI,07/2022,1058,452,"42,72",445,7,"98,45",606,"57,28",335,271,"25,61"
220775,PASSAGEM FRANCA DO PIAUÍ,PI,11/2022,1094,633,"57,86",592,41,"93,52",461,"42,14",183,278,"25,41"
220775,PASSAGEM FRANCA DO PIAUÍ,PI,09/2022,1099,403,"36,67",371,32,"92,06",696,"63,33",402,294,"26,75"
220777,PATOS DO PIAUÍ,PI,09/2022,858,713,"83,10",665,48,"93,27",145,"16,90",1,144,"16,78"
220777,PATOS DO PIAUÍ,PI,11/2022,821,692,"84,29",664,28,"95,95",129,"15,71",0,129,"15,71"
220777,PATOS DO PIAUÍ,PI,07/2022,872,728,"83,49",681,47,"93,54",144,"16,51",1,143,"16,40"
220779,PAU D´ARCO DO PIAUÍ,PI,07/2022,797,682,"85,57",682,0,"100,00",115,"14,43",2,113,"14,18"
220779,PAU D´ARCO DO PIAUÍ,PI,11/2022,765,552,"72,16",552,0,"100,00",213,"27,84",131,82,"10,72"
220779,PAU D´ARCO DO PIAUÍ,PI,09/2022,784,671,"85,59",671,0,"100,00",113,"14,41",2,111,"14,16"
220780,PAULISTANA,PI,09/2022,3906,3438,"88,02",3223,215,"93,75",468,"11,98",31,437,"11,19"
220780,PAULISTANA,PI,11/2022,3776,3302,"87,45",3149,153,"95,37",474,"12,55",7,467,"12,37"
220780,PAULISTANA,PI,07/2022,4023,2952,"73,38",2864,88,"97,02",1071,"26,62",19,1052,"26,15"
220785,PAVUSSU,PI,07/2022,814,650,"79,85",650,0,"100,00",164,"20,15",10,154,"18,92"
220785,PAVUSSU,PI,11/2022,737,561,"76,12",561,0,"100,00",176,"23,88",3,173,"23,47"
220785,PAVUSSU,PI,09/2022,795,626,"78,74",578,48,"92,33",169,"21,26",12,157,"19,75"
220790,PEDRO II,PI,09/2022,8818,5272,"59,79",5153,119,"97,74",3546,"40,21",834,2712,"30,76"
220790,PEDRO II,PI,11/2022,8568,5949,"69,43",5910,39,"99,34",2619,"30,57",112,2507,"29,26"
220790,PEDRO II,PI,07/2022,8756,6677,"76,26",6532,145,"97,83",2079,"23,74",76,2003,"22,88"
220793,PEDRO LAURENTINO,PI,07/2022,480,349,"72,71",345,4,"98,85",131,"27,29",38,93,"19,38"
220793,PEDRO LAURENTINO,PI,11/2022,459,380,"82,79",377,3,"99,21",79,"17,21",10,69,"15,03"
220793,PEDRO LAURENTINO,PI,09/2022,485,381,"78,56",359,22,"94,23",104,"21,44",11,93,"19,18"
220795,NOVA SANTA RITA,PI,09/2022,889,825,"92,80",764,61,"92,61",64,"7,20",14,50,"5,62"
220795,NOVA SANTA RITA,PI,11/2022,850,789,"92,82",774,15,"98,10",61,"7,18",10,51,"6,00"
220795,NOVA SANTA RITA,PI,07/2022,898,780,"86,86",768,12,"98,46",118,"13,14",12,106,"11,80"
220800,PICOS,PI,07/2022,10737,8409,"78,32",8398,11,"99,87",2328,"21,68",209,2119,"19,74"
220800,PICOS,PI,11/2022,11078,10264,"92,65",10245,19,"99,81",814,"7,35",34,780,"7,04"
220800,PICOS,PI,09/2022,11147,10322,"92,60",10273,49,"99,53",825,"7,40",104,721,"6,47"
220810,PIMENTEIRAS,PI,09/2022,2042,1517,"74,29",1453,64,"95,78",525,"25,71",120,405,"19,83"
220810,PIMENTEIRAS,PI,11/2022,1952,1556,"79,71",1518,38,"97,56",396,"20,29",37,359,"18,39"
220810,PIMENTEIRAS,PI,07/2022,2039,1234,"60,52",1130,104,"91,57",805,"39,48",47,758,"37,18"
220820,PIO IX,PI,07/2022,3338,3129,"93,74",3121,8,"99,74",209,"6,26",15,194,"5,81"
220820,PIO IX,PI,11/2022,3249,2354,"72,45",2354,0,"100,00",895,"27,55",635,260,"8,00"
220820,PIO IX,PI,09/2022,3339,3091,"92,57",3030,61,"98,03",248,"7,43",31,217,"6,50"
220830,PIRACURUCA,PI,09/2022,5517,2856,"51,77",2773,83,"97,09",2661,"48,23",302,2359,"42,76"
220830,PIRACURUCA,PI,11/2022,5383,3148,"58,48",3059,89,"97,17",2235,"41,52",13,2222,"41,28"
220830,PIRACURUCA,PI,07/2022,5488,3105,"56,58",3097,8,"99,74",2383,"43,42",24,2359,"42,98"
220840,PIRIPIRI,PI,07/2022,9834,8155,"82,93",7783,372,"95,44",1679,"17,07",47,1632,"16,60"
220840,PIRIPIRI,PI,11/2022,9720,8637,"88,86",8446,191,"97,79",1083,"11,14",24,1059,"10,90"
220840,PIRIPIRI,PI,09/2022,9867,8708,"88,25",8273,435,"95,00",1159,"11,75",77,1082,"10,97"
220850,PORTO,PI,09/2022,3429,0,"0,00",0,0,,3429,"100,00",3216,213,"6,21"
220850,PORTO,PI,11/2022,3352,216,"6,44",212,4,"98,15",3136,"93,56",2923,213,"6,35"
220850,PORTO,PI,07/2022,3460,1,"0,03",0,1,"0,00",3459,"99,97",3253,206,"5,95"
220855,PORTO ALEGRE DO PIAUÍ,PI,07/2022,547,322,"58,87",322,0,"100,00",225,"41,13",49,176,"32,18"
220855,PORTO ALEGRE DO PIAUÍ,PI,11/2022,532,320,"60,15",320,0,"100,00",212,"39,85",43,169,"31,77"
220855,PORTO ALEGRE DO PIAUÍ,PI,09/2022,543,321,"59,12",321,0,"100,00",222,"40,88",49,173,"31,86"
220860,PRATA DO PIAUÍ,PI,09/2022,773,629,"81,37",589,40,"93,64",144,"18,63",2,142,"18,37"
220860,PRATA DO PIAUÍ,PI,11/2022,725,608,"83,86",597,11,"98,19",117,"16,14",25,92,"12,69"
220860,PRATA DO PIAUÍ,PI,07/2022,781,517,"66,20",511,6,"98,84",264,"33,80",97,167,"21,38"
220865,QUEIMADA NOVA,PI,07/2022,1288,1091,"84,70",1064,27,"97,53",197,"15,30",3,194,"15,06"
220865,QUEIMADA NOVA,PI,11/2022,1294,1138,"87,94",1112,26,"97,72",156,"12,06",0,156,"12,06"
220865,QUEIMADA NOVA,PI,09/2022,1310,1141,"87,10",1115,26,"97,72",169,"12,90",1,168,"12,82"
220870,REDENÇÃO DO GURGUÉIA,PI,09/2022,2526,1972,"78,07",1972,0,"100,00",554,"21,93",40,514,"20,35"
220870,REDENÇÃO DO GURGUÉIA,PI,11/2022,2366,1879,"79,42",1878,1,"99,95",487,"20,58",17,470,"19,86"
220870,REDENÇÃO DO GURGUÉIA,PI,07/2022,2503,1943,"77,63",1835,108,"94,44",560,"22,37",45,515,"20,58"
220880,REGENERAÇÃO,PI,07/2022,3905,2555,"65,43",2451,104,"95,93",1350,"34,57",828,522,"13,37"
220880,REGENERAÇÃO,PI,11/2022,3832,2852,"74,43",2724,128,"95,51",980,"25,57",486,494,"12,89"
220880,REGENERAÇÃO,PI,09/2022,3961,2951,"74,50",2843,108,"96,34",1010,"25,50",476,534,"13,48"
220885,RIACHO FRIO,PI,09/2022,1218,0,"0,00",0,0,,1218,"100,00",1043,175,"14,37"
220885,RIACHO FRIO,PI,11/2022,1220,916,"75,08",909,7,"99,24",304,"24,92",26,278,"22,79"
220885,RIACHO FRIO,PI,07/2022,1205,3,"0,25",0,3,"0,00",1202,"99,75",1043,159,"13,20"
220887,RIBEIRA DO PIAUÍ,PI,07/2022,941,781,"83,00",781,0,"100,00",160,"17,00",32,128,"13,60"
220887,RIBEIRA DO PIAUÍ,PI,11/2022,915,481,"52,57",481,0,"100,00",434,"47,43",324,110,"12,02"
220887,RIBEIRA DO PIAUÍ,PI,09/2022,950,813,"85,58",813,0,"100,00",137,"14,42",27,110,"11,58"
220890,RIBEIRO GONÇALVES,PI,09/2022,1393,1079,"77,46",1051,28,"97,41",314,"22,54",90,224,"16,08"
220890,RIBEIRO GONÇALVES,PI,11/2022,1346,1067,"79,27",1065,2,"99,81",279,"20,73",55,224,"16,64"
220890,RIBEIRO GONÇALVES,PI,07/2022,1347,1075,"79,81",1073,2,"99,81",272,"20,19",53,219,"16,26"
220900,RIO GRANDE DO PIAUÍ,PI,07/2022,1210,813,"67,19",813,0,"100,00",397,"32,81",13,384,"31,74"
220900,RIO GRANDE DO PIAUÍ,PI,11/2022,1184,608,"51,35",607,1,"99,84",576,"48,65",5,571,"48,23"
220900,RIO GRANDE DO PIAUÍ,PI,09/2022,1220,713,"58,44",713,0,"100,00",507,"41,56",18,489,"40,08"
220910,SANTA CRUZ DO PIAUÍ,PI,09/2022,1125,724,"64,36",717,7,"99,03",401,"35,64",9,392,"34,84"
220910,SANTA CRUZ DO PIAUÍ,PI,11/2022,1123,751,"66,87",737,14,"98,14",372,"33,13",5,367,"32,68"
220910,SANTA CRUZ DO PIAUÍ,PI,07/2022,1121,783,"69,85",773,10,"98,72",338,"30,15",13,325,"28,99"
220915,SANTA CRUZ DOS MILAGRES,PI,07/2022,548,441,"80,47",441,0,"100,00",107,"19,53",2,105,"19,16"
220915,SANTA CRUZ DOS MILAGRES,PI,11/2022,500,401,"80,20",401,0,"100,00",99,"19,80",1,98,"19,60"
220915,SANTA CRUZ DOS MILAGRES,PI,09/2022,535,423,"79,07",423,0,"100,00",112,"20,93",1,111,"20,75"
220920,SANTA FILOMENA,PI,09/2022,1578,1253,"79,40",1251,2,"99,84",325,"20,60",49,276,"17,49"
220920,SANTA FILOMENA,PI,11/2022,1613,1290,"79,98",1290,0,"100,00",323,"20,02",46,277,"17,17"
220920,SANTA FILOMENA,PI,07/2022,1586,1250,"78,81",1250,0,"100,00",336,"21,19",76,260,"16,39"
220930,SANTA LUZ,PI,07/2022,1388,0,"0,00",0,0,,1388,"100,00",1081,307,"22,12"
220930,SANTA LUZ,PI,11/2022,1358,0,"0,00",0,0,,1358,"100,00",1052,306,"22,53"
220930,SANTA LUZ,PI,09/2022,1377,0,"0,00",0,0,,1377,"100,00",1072,305,"22,15"
220935,SANTANA DO PIAUÍ,PI,09/2022,607,463,"76,28",462,1,"99,78",144,"23,72",59,85,"14,00"
220935,SANTANA DO PIAUÍ,PI,11/2022,610,545,"89,34",544,1,"99,82",65,"10,66",0,65,"10,66"
220935,SANTANA DO PIAUÍ,PI,07/2022,597,503,"84,25",503,0,"100,00",94,"15,75",4,90,"15,08"
220937,SANTA ROSA DO PIAUÍ,PI,07/2022,987,800,"81,05",800,0,"100,00",187,"18,95",18,169,"17,12"
220937,SANTA ROSA DO PIAUÍ,PI,11/2022,793,760,"95,84",760,0,"100,00",33,"4,16",3,30,"3,78"
220937,SANTA ROSA DO PIAUÍ,PI,09/2022,890,829,"93,15",726,103,"87,58",61,"6,85",35,26,"2,92"
220940,SANTO ANTÔNIO DE LISBOA,PI,09/2022,1071,767,"71,62",745,22,"97,13",304,"28,38",7,297,"27,73"
220940,SANTO ANTÔNIO DE LISBOA,PI,11/2022,1057,882,"83,44",807,75,"91,50",175,"16,56",5,170,"16,08"
220940,SANTO ANTÔNIO DE LISBOA,PI,07/2022,1057,744,"70,39",738,6,"99,19",313,"29,61",10,303,"28,67"
220945,SANTO ANTÔNIO DOS MILAGRES,PI,07/2022,422,334,"79,15",326,8,"97,60",88,"20,85",6,82,"19,43"
220945,SANTO ANTÔNIO DOS MILAGRES,PI,11/2022,416,342,"82,21",341,1,"99,71",74,"17,79",3,71,"17,07"
220945,SANTO ANTÔNIO DOS MILAGRES,PI,09/2022,418,337,"80,62",323,14,"95,85",81,"19,38",5,76,"18,18"
220950,SANTO INÁCIO DO PIAUÍ,PI,09/2022,656,523,"79,73",523,0,"100,00",133,"20,27",8,125,"19,05"
220950,SANTO INÁCIO DO PIAUÍ,PI,11/2022,637,555,"87,13",524,31,"94,41",82,"12,87",5,77,"12,09"
220950,SANTO INÁCIO DO PIAUÍ,PI,07/2022,614,3,"0,49",0,3,"0,00",611,"99,51",512,99,"16,12"
220955,SÃO BRAZ DO PIAUÍ,PI,07/2022,937,2,"0,21",0,2,"0,00",935,"99,79",746,189,"20,17"
220955,SÃO BRAZ DO PIAUÍ,PI,11/2022,950,764,"80,42",762,2,"99,74",186,"19,58",14,172,"18,11"
220955,SÃO BRAZ DO PIAUÍ,PI,09/2022,932,0,"0,00",0,0,,932,"100,00",738,194,"20,82"
220960,SÃO FÉLIX DO PIAUÍ,PI,09/2022,391,337,"86,19",330,7,"97,92",54,"13,81",3,51,"13,04"
220960,SÃO FÉLIX DO PIAUÍ,PI,11/2022,376,324,"86,17",324,0,"100,00",52,"13,83",0,52,"13,83"
220960,SÃO FÉLIX DO PIAUÍ,PI,07/2022,381,311,"81,63",306,5,"98,39",70,"18,37",6,64,"16,80"
220965,SÃO FRANCISCO DE ASSIS DO PIAUÍ,PI,07/2022,1263,1019,"80,68",962,57,"94,41",244,"19,32",8,236,"18,69"
220965,SÃO FRANCISCO DE ASSIS DO PIAUÍ,PI,11/2022,1152,1020,"88,54",990,30,"97,06",132,"11,46",10,122,"10,59"
220965,SÃO FRANCISCO DE ASSIS DO PIAUÍ,PI,09/2022,1237,1100,"88,92",1001,99,"91,00",137,"11,08",16,121,"9,78"
220970,SÃO FRANCISCO DO PIAUÍ,PI,09/2022,1067,703,"65,89",701,2,"99,72",364,"34,11",58,306,"28,68"
220970,SÃO FRANCISCO DO PIAUÍ,PI,11/2022,1049,709,"67,59",708,1,"99,86",340,"32,41",46,294,"28,03"
220970,SÃO FRANCISCO DO PIAUÍ,PI,07/2022,1087,715,"65,78",702,13,"98,18",372,"34,22",67,305,"28,06"
220975,SÃO GONÇALO DO GURGUÉIA,PI,07/2022,618,360,"58,25",358,2,"99,44",258,"41,75",7,251,"40,61"
220975,SÃO GONÇALO DO GURGUÉIA,PI,11/2022,625,345,"55,20",341,4,"98,84",280,"44,80",5,275,"44,00"
220975,SÃO GONÇALO DO GURGUÉIA,PI,09/2022,628,333,"53,03",333,0,"100,00",295,"46,97",8,287,"45,70"
220980,SÃO GONÇALO DO PIAUÍ,PI,09/2022,1013,889,"87,76",887,2,"99,78",124,"12,24",0,124,"12,24"
220980,SÃO GONÇALO DO PIAUÍ,PI,11/2022,1003,896,"89,33",863,33,"96,32",107,"10,67",2,105,"10,47"
220980,SÃO GONÇALO DO PIAUÍ,PI,07/2022,1013,889,"87,76",889,0,"100,00",124,"12,24",6,118,"11,65"
220985,SÃO JOÃO DA CANABRAVA,PI,07/2022,847,582,"68,71",532,50,"91,41",265,"31,29",35,230,"27,15"
220985,SÃO JOÃO DA CANABRAVA,PI,11/2022,752,616,"81,91",608,8,"98,70",136,"18,09",15,121,"16,09"
220985,SÃO JOÃO DA CANABRAVA,PI,09/2022,815,673,"82,58",638,35,"94,80",142,"17,42",40,102,"12,52"
220987,SÃO JOÃO DA FRONTEIRA,PI,09/2022,1199,983,"81,98",905,78,"92,07",216,"18,02",12,204,"17,01"
220987,SÃO JOÃO DA FRONTEIRA,PI,11/2022,1103,918,"83,23",910,8,"99,13",185,"16,77",2,183,"16,59"
220987,SÃO JOÃO DA FRONTEIRA,PI,07/2022,1203,977,"81,21",948,29,"97,03",226,"18,79",7,219,"18,20"
220990,SÃO JOÃO DA SERRA,PI,07/2022,1198,731,"61,02",646,85,"88,37",467,"38,98",117,350,"29,22"
220990,SÃO JOÃO DA SERRA,PI,11/2022,1123,789,"70,26",745,44,"94,42",334,"29,74",3,331,"29,47"
220990,SÃO JOÃO DA SERRA,PI,09/2022,1230,851,"69,19",764,87,"89,78",379,"30,81",21,358,"29,11"
220995,SÃO JOÃO DA VARJOTA,PI,09/2022,921,441,"47,88",410,31,"92,97",480,"52,12",229,251,"27,25"
220995,SÃO JOÃO DA VARJOTA,PI,11/2022,895,620,"69,27",611,9,"98,55",275,"30,73",3,272,"30,39"
220995,SÃO JOÃO DA VARJOTA,PI,07/2022,966,738,"76,40",738,0,"100,00",228,"23,60",8,220,"22,77"
220997,SÃO JOÃO DO ARRAIAL,PI,07/2022,2337,1676,"71,72",1676,0,"100,00",661,"28,28",339,322,"13,78"
220997,SÃO JOÃO DO ARRAIAL,PI,11/2022,2214,1680,"75,88",1625,55,"96,73",534,"24,12",180,354,"15,99"
220997,SÃO JOÃO DO ARRAIAL,PI,09/2022,2217,975,"43,98",954,21,"97,85",1242,"56,02",864,378,"17,05"
221000,SÃO JOÃO DO PIAUÍ,PI,09/2022,4486,3755,"83,70",3755,0,"100,00",731,"16,30",126,605,"13,49"
221000,SÃO JOÃO DO PIAUÍ,PI,11/2022,4404,3730,"84,70",3730,0,"100,00",674,"15,30",123,551,"12,51"
221000,SÃO JOÃO DO PIAUÍ,PI,07/2022,4409,3668,"83,19",3663,5,"99,86",741,"16,81",128,613,"13,90"
221005,SÃO JOSÉ DO DIVINO,PI,07/2022,992,843,"84,98",812,31,"96,32",149,"15,02",15,134,"13,51"
221005,SÃO JOSÉ DO DIVINO,PI,11/2022,966,839,"86,85",839,0,"100,00",127,"13,15",9,118,"12,22"
221005,SÃO JOSÉ DO DIVINO,PI,09/2022,999,815,"81,58",815,0,"100,00",184,"18,42",11,173,"17,32"
221010,SÃO JOSÉ DO PEIXE,PI,09/2022,663,579,"87,33",535,44,"92,40",84,"12,67",22,62,"9,35"
221010,SÃO JOSÉ DO PEIXE,PI,11/2022,600,532,"88,67",519,13,"97,56",68,"11,33",4,64,"10,67"
221010,SÃO JOSÉ DO PEIXE,PI,07/2022,669,563,"84,16",525,38,"93,25",106,"15,84",23,83,"12,41"
221020,SÃO JOSÉ DO PIAUÍ,PI,07/2022,1168,861,"73,72",816,45,"94,77",307,"26,28",1,306,"26,20"
221020,SÃO JOSÉ DO PIAUÍ,PI,11/2022,1110,1036,"93,33",1001,35,"96,62",74,"6,67",2,72,"6,49"
221020,SÃO JOSÉ DO PIAUÍ,PI,09/2022,1156,814,"70,42",791,23,"97,17",342,"29,58",5,337,"29,15"
221030,SÃO JULIÃO,PI,09/2022,1067,798,"74,79",751,47,"94,11",269,"25,21",5,264,"24,74"
221030,SÃO JULIÃO,PI,11/2022,1001,702,"70,13",689,13,"98,15",299,"29,87",23,276,"27,57"
221030,SÃO JULIÃO,PI,07/2022,1076,894,"83,09",894,0,"100,00",182,"16,91",3,179,"16,64"
221035,SÃO LOURENÇO DO PIAUÍ,PI,07/2022,1053,982,"93,26",908,74,"92,46",71,"6,74",5,66,"6,27"
221035,SÃO LOURENÇO DO PIAUÍ,PI,11/2022,956,951,"99,48",951,0,"100,00",5,"0,52",4,1,"0,10"
221035,SÃO LOURENÇO DO PIAUÍ,PI,09/2022,1061,1048,"98,77",963,85,"91,89",13,"1,23",9,4,"0,38"
221037,SÃO LUIS DO PIAUÍ,PI,09/2022,382,334,"87,43",313,21,"93,71",48,"12,57",10,38,"9,95"
221037,SÃO LUIS DO PIAUÍ,PI,11/2022,350,323,"92,29",314,9,"97,21",27,"7,71",8,19,"5,43"
221037,SÃO LUIS DO PIAUÍ,PI,07/2022,375,305,"81,33",295,10,"96,72",70,"18,67",9,61,"16,27"
221038,SÃO MIGUEL DA BAIXA GRANDE,PI,07/2022,363,289,"79,61",264,25,"91,35",74,"20,39",0,74,"20,39"
221038,SÃO MIGUEL DA BAIXA GRANDE,PI,11/2022,352,284,"80,68",260,24,"91,55",68,"19,32",0,68,"19,32"
221038,SÃO MIGUEL DA BAIXA GRANDE,PI,09/2022,362,284,"78,45",251,33,"88,38",78,"21,55",0,78,"21,55"
221039,SÃO MIGUEL DO FIDALGO,PI,09/2022,577,441,"76,43",434,7,"98,41",136,"23,57",0,136,"23,57"
221039,SÃO MIGUEL DO FIDALGO,PI,11/2022,574,467,"81,36",437,30,"93,58",107,"18,64",0,107,"18,64"
221039,SÃO MIGUEL DO FIDALGO,PI,07/2022,581,443,"76,25",438,5,"98,87",138,"23,75",4,134,"23,06"
221040,SÃO MIGUEL DO TAPUIO,PI,07/2022,3434,2400,"69,89",2245,155,"93,54",1034,"30,11",14,1020,"29,70"
221040,SÃO MIGUEL DO TAPUIO,PI,11/2022,2984,2581,"86,49",2547,34,"98,68",403,"13,51",11,392,"13,14"
221040,SÃO MIGUEL DO TAPUIO,PI,09/2022,3361,2908,"86,52",2521,387,"86,69",453,"13,48",57,396,"11,78"
221050,SÃO PEDRO DO PIAUÍ,PI,09/2022,2894,2756,"95,23",2741,15,"99,46",138,"4,77",21,117,"4,04"
221050,SÃO PEDRO DO PIAUÍ,PI,11/2022,2811,2629,"93,53",2468,161,"93,88",182,"6,47",10,172,"6,12"
221050,SÃO PEDRO DO PIAUÍ,PI,07/2022,2948,2777,"94,20",2777,0,"100,00",171,"5,80",6,165,"5,60"
221060,SÃO RAIMUNDO NONATO,PI,07/2022,6916,4967,"71,82",4950,17,"99,66",1949,"28,18",10,1939,"28,04"
221060,SÃO RAIMUNDO NONATO,PI,11/2022,7071,5194,"73,45",5194,0,"100,00",1877,"26,55",17,1860,"26,30"
221060,SÃO RAIMUNDO NONATO,PI,09/2022,7096,5147,"72,53",5147,0,"100,00",1949,"27,47",18,1931,"27,21"
221062,SEBASTIÃO BARROS,PI,09/2022,1132,634,"56,01",634,0,"100,00",498,"43,99",291,207,"18,29"
221062,SEBASTIÃO BARROS,PI,11/2022,1088,71,"6,53",64,7,"90,14",1017,"93,47",811,206,"18,93"
221062,SEBASTIÃO BARROS,PI,07/2022,1136,763,"67,17",763,0,"100,00",373,"32,83",184,189,"16,64"
221063,SEBASTIÃO LEAL,PI,07/2022,876,670,"76,48",664,6,"99,10",206,"23,52",44,162,"18,49"
221063,SEBASTIÃO LEAL,PI,11/2022,868,670,"77,19",669,1,"99,85",198,"22,81",30,168,"19,35"
221063,SEBASTIÃO LEAL,PI,09/2022,881,663,"75,26",663,0,"100,00",218,"24,74",44,174,"19,75"
221065,SIGEFREDO PACHECO,PI,09/2022,1832,1606,"87,66",1606,0,"100,00",226,"12,34",61,165,"9,01"
221065,SIGEFREDO PACHECO,PI,11/2022,1795,1593,"88,75",1593,0,"100,00",202,"11,25",52,150,"8,36"
221065,SIGEFREDO PACHECO,PI,07/2022,1747,868,"49,69",860,8,"99,08",879,"50,31",730,149,"8,53"
221070,SIMÕES,PI,07/2022,2917,2489,"85,33",2477,12,"99,52",428,"14,67",28,400,"13,71"
221070,SIMÕES,PI,11/2022,2804,2316,"82,60",2247,69,"97,02",488,"17,40",18,470,"16,76"
221070,SIMÕES,PI,09/2022,2891,2382,"82,39",2316,66,"97,23",509,"17,61",50,459,"15,88"
221080,SIMPLÍCIO MENDES,PI,09/2022,2164,1988,"91,87",1892,96,"95,17",176,"8,13",14,162,"7,49"
221080,SIMPLÍCIO MENDES,PI,11/2022,2046,1875,"91,64",1860,15,"99,20",171,"8,36",7,164,"8,02"
221080,SIMPLÍCIO MENDES,PI,07/2022,2140,1952,"91,21",1823,129,"93,39",188,"8,79",13,175,"8,18"
221090,SOCORRO DO PIAUÍ,PI,07/2022,796,642,"80,65",622,20,"96,88",154,"19,35",7,147,"18,47"
221090,SOCORRO DO PIAUÍ,PI,11/2022,688,645,"93,75",612,33,"94,88",43,"6,25",7,36,"5,23"
221090,SOCORRO DO PIAUÍ,PI,09/2022,763,667,"87,42",613,54,"91,90",96,"12,58",7,89,"11,66"
221093,SUSSUAPARA,PI,09/2022,869,759,"87,34",757,2,"99,74",110,"12,66",5,105,"12,08"
221093,SUSSUAPARA,PI,11/2022,859,756,"88,01",736,20,"97,35",103,"11,99",0,103,"11,99"
221093,SUSSUAPARA,PI,07/2022,939,639,"68,05",631,8,"98,75",300,"31,95",2,298,"31,74"
221095,TAMBORIL DO PIAUÍ,PI,07/2022,566,516,"91,17",472,44,"91,47",50,"8,83",7,43,"7,60"
221095,TAMBORIL DO PIAUÍ,PI,11/2022,521,474,"90,98",474,0,"100,00",47,"9,02",1,46,"8,83"
221095,TAMBORIL DO PIAUÍ,PI,09/2022,575,522,"90,78",479,43,"91,76",53,"9,22",3,50,"8,70"
221097,TANQUE DO PIAUÍ,PI,09/2022,459,411,"89,54",410,1,"99,76",48,"10,46",4,44,"9,59"
221097,TANQUE DO PIAUÍ,PI,11/2022,444,380,"85,59",377,3,"99,21",64,"14,41",2,62,"13,96"
221097,TANQUE DO PIAUÍ,PI,07/2022,474,374,"78,90",367,7,"98,13",100,"21,10",8,92,"19,41"
221100,TERESINA,PI,07/2022,95769,66454,"69,39",65773,681,"98,98",29315,"30,61",1312,28003,"29,24"
221100,TERESINA,PI,11/2022,98856,69958,"70,77",68297,1661,"97,63",28898,"29,23",761,28137,"28,46"
221100,TERESINA,PI,09/2022,98899,68282,"69,04",67643,639,"99,06",30617,"30,96",1244,29373,"29,70"
221110,UNIÃO,PI,09/2022,10631,6710,"63,12",6704,6,"99,91",3921,"36,88",2313,1608,"15,13"
221110,UNIÃO,PI,11/2022,10670,9035,"84,68",9032,3,"99,97",1635,"15,32",55,1580,"14,81"
221110,UNIÃO,PI,07/2022,10340,6,"0,06",0,6,"0,00",10334,"99,94",8752,1582,"15,30"
221120,URUÇUÍ,PI,07/2022,4842,2354,"48,62",2204,150,"93,63",2488,"51,38",16,2472,"51,05"
221120,URUÇUÍ,PI,11/2022,4819,2686,"55,74",2660,26,"99,03",2133,"44,26",18,2115,"43,89"
221120,URUÇUÍ,PI,09/2022,4996,2669,"53,42",2540,129,"95,17",2327,"46,58",40,2287,"45,78"
221130,VALENÇA DO PIAUÍ,PI,09/2022,3301,1914,"57,98",1855,59,"96,92",1387,"42,02",48,1339,"40,56"
221130,VALENÇA DO PIAUÍ,PI,11/2022,3242,1871,"57,71",1848,23,"98,77",1371,"42,29",49,1322,"40,78"
221130,VALENÇA DO PIAUÍ,PI,07/2022,3320,2326,"70,06",2295,31,"98,67",994,"29,94",76,918,"27,65"
221135,VÁRZEA BRANCA,PI,07/2022,1283,967,"75,37",957,10,"98,97",316,"24,63",17,299,"23,30"
221135,VÁRZEA BRANCA,PI,11/2022,1200,903,"75,25",863,40,"95,57",297,"24,75",19,278,"23,17"
221135,VÁRZEA BRANCA,PI,09/2022,1269,966,"76,12",927,39,"95,96",303,"23,88",20,283,"22,30"
221140,VÁRZEA GRANDE,PI,09/2022,831,641,"77,14",641,0,"100,00",190,"22,86",29,161,"19,37"
221140,VÁRZEA GRANDE,PI,11/2022,806,639,"79,28",639,0,"100,00",167,"20,72",17,150,"18,61"
221140,VÁRZEA GRANDE,PI,07/2022,828,639,"77,17",638,1,"99,84",189,"22,83",29,160,"19,32"
221150,VERA MENDES,PI,07/2022,527,402,"76,28",384,18,"95,52",125,"23,72",3,122,"23,15"
221150,VERA MENDES,PI,11/2022,504,370,"73,41",354,16,"95,68",134,"26,59",2,132,"26,19"
221150,VERA MENDES,PI,09/2022,528,386,"73,11",347,39,"89,90",142,"26,89",2,140,"26,52"
221160,VILA NOVA DO PIAUÍ,PI,09/2022,430,252,"58,60",251,1,"99,60",178,"41,40",3,175,"40,70"
221160,VILA NOVA DO PIAUÍ,PI,11/2022,412,273,"66,26",263,10,"96,34",139,"33,74",2,137,"33,25"
221160,VILA NOVA DO PIAUÍ,PI,07/2022,425,257,"60,47",251,6,"97,67",168,"39,53",2,166,"39,06"
221170,WALL FERRAZ,PI,07/2022,741,460,"62,08",460,0,"100,00",281,"37,92",184,97,"13,09"
221170,WALL FERRAZ,PI,11/2022,751,644,"85,75",644,0,"100,00",107,"14,25",3,104,"13,85"
221170,WALL FERRAZ,PI,09/2022,736,451,"61,28",451,0,"100,00",285,"38,72",178,107,"14,54"
410010,ABATIÁ,PR,07/2022,555,456,"82,16",456,0,"100,00",99,"17,84",11,88,"15,86"
410010,ABATIÁ,PR,11/2022,561,436,"77,72",436,0,"100,00",125,"22,28",41,84,"14,97"
410010,ABATIÁ,PR,09/2022,560,396,"70,71",396,0,"100,00",164,"29,29",78,86,"15,36"
410020,ADRIANÓPOLIS,PR,11/2022,528,495,"93,75",475,20,"95,96",33,"6,25",3,30,"5,68"
410020,ADRIANÓPOLIS,PR,09/2022,587,544,"92,67",474,70,"87,13",43,"7,33",4,39,"6,64"
410020,ADRIANÓPOLIS,PR,07/2022,593,477,"80,44",412,65,"86,37",116,"19,56",4,112,"18,89"
410030,AGUDOS DO SUL,PR,07/2022,1029,663,"64,43",621,42,"93,67",366,"35,57",31,335,"32,56"
410030,AGUDOS DO SUL,PR,09/2022,1023,980,"95,80",836,144,"85,31",43,"4,20",12,31,"3,03"
410030,AGUDOS DO SUL,PR,11/2022,977,925,"94,68",802,123,"86,70",52,"5,32",17,35,"3,58"
410040,ALMIRANTE TAMANDARÉ,PR,09/2022,7576,4428,"58,45",4025,403,"90,90",3148,"41,55",1407,1741,"22,98"
410040,ALMIRANTE TAMANDARÉ,PR,11/2022,7621,6015,"78,93",5665,350,"94,18",1606,"21,07",71,1535,"20,14"
410040,ALMIRANTE TAMANDARÉ,PR,07/2022,6874,2698,"39,25",2479,219,"91,88",4176,"60,75",2503,1673,"24,34"
410045,ALTAMIRA DO PARANÁ,PR,07/2022,304,265,"87,17",252,13,"95,09",39,"12,83",1,38,"12,50"
410045,ALTAMIRA DO PARANÁ,PR,11/2022,302,262,"86,75",231,31,"88,17",40,"13,25",0,40,"13,25"
410045,ALTAMIRA DO PARANÁ,PR,09/2022,308,259,"84,09",226,33,"87,26",49,"15,91",3,46,"14,94"
410050,ALTÔNIA,PR,11/2022,883,707,"80,07",704,3,"99,58",176,"19,93",1,175,"19,82"
410050,ALTÔNIA,PR,09/2022,882,689,"78,12",686,3,"99,56",193,"21,88",3,190,"21,54"
410050,ALTÔNIA,PR,07/2022,878,692,"78,82",692,0,"100,00",186,"21,18",4,182,"20,73"
410060,ALTO PARANÁ,PR,07/2022,1227,982,"80,03",924,58,"94,09",245,"19,97",29,216,"17,60"
410060,ALTO PARANÁ,PR,11/2022,1183,915,"77,35",877,38,"95,85",268,"22,65",16,252,"21,30"
410060,ALTO PARANÁ,PR,09/2022,1190,385,"32,35",345,40,"89,61",805,"67,65",588,217,"18,24"
410070,ALTO PIQUIRI,PR,09/2022,835,570,"68,26",530,40,"92,98",265,"31,74",5,260,"31,14"
410070,ALTO PIQUIRI,PR,11/2022,832,575,"69,11",564,11,"98,09",257,"30,89",4,253,"30,41"
410070,ALTO PIQUIRI,PR,07/2022,820,538,"65,61",536,2,"99,63",282,"34,39",19,263,"32,07"
410080,ALVORADA DO SUL,PR,07/2022,649,566,"87,21",482,84,"85,16",83,"12,79",2,81,"12,48"
410080,ALVORADA DO SUL,PR,11/2022,626,589,"94,09",536,53,"91,00",37,"5,91",2,35,"5,59"
410080,ALVORADA DO SUL,PR,09/2022,649,577,"88,91",464,113,"80,42",72,"11,09",1,71,"10,94"
410090,AMAPORÃ,PR,11/2022,551,365,"66,24",340,25,"93,15",186,"33,76",6,180,"32,67"
410090,AMAPORÃ,PR,09/2022,579,378,"65,28",324,54,"85,71",201,"34,72",12,189,"32,64"
410090,AMAPORÃ,PR,07/2022,581,386,"66,44",331,55,"85,75",195,"33,56",3,192,"33,05"
410100,AMPÉRE,PR,07/2022,682,495,"72,58",478,17,"96,57",187,"27,42",47,140,"20,53"
410100,AMPÉRE,PR,09/2022,689,532,"77,21",505,27,"94,92",157,"22,79",16,141,"20,46"
410100,AMPÉRE,PR,11/2022,698,604,"86,53",561,43,"92,88",94,"13,47",19,75,"10,74"
410105,ANAHY,PR,09/2022,171,158,"92,40",147,11,"93,04",13,"7,60",4,9,"5,26"
410105,ANAHY,PR,11/2022,166,154,"92,77",148,6,"96,10",12,"7,23",2,10,"6,02"
410105,ANAHY,PR,07/2022,172,147,"85,47",144,3,"97,96",25,"14,53",13,12,"6,98"
410110,ANDIRÁ,PR,07/2022,1498,1252,"83,58",1215,37,"97,04",246,"16,42",8,238,"15,89"
410110,ANDIRÁ,PR,11/2022,1511,1279,"84,65",1279,0,"100,00",232,"15,35",6,226,"14,96"
410110,ANDIRÁ,PR,09/2022,1554,1299,"83,59",1298,1,"99,92",255,"16,41",9,246,"15,83"
410115,ÂNGULO,PR,11/2022,226,201,"88,94",176,25,"87,56",25,"11,06",7,18,"7,96"
410115,ÂNGULO,PR,09/2022,224,190,"84,82",153,37,"80,53",34,"15,18",4,30,"13,39"
410115,ÂNGULO,PR,07/2022,210,174,"82,86",158,16,"90,80",36,"17,14",9,27,"12,86"
410120,ANTONINA,PR,07/2022,2170,1204,"55,48",1139,65,"94,60",966,"44,52",198,768,"35,39"
410120,ANTONINA,PR,09/2022,2200,1644,"74,73",1516,128,"92,21",556,"25,27",37,519,"23,59"
410120,ANTONINA,PR,11/2022,2156,1785,"82,79",1680,105,"94,12",371,"17,21",12,359,"16,65"
410130,ANTÔNIO OLINTO,PR,11/2022,681,653,"95,89",626,27,"95,87",28,"4,11",5,23,"3,38"
410130,ANTÔNIO OLINTO,PR,09/2022,718,673,"93,73",616,57,"91,53",45,"6,27",5,40,"5,57"
410130,ANTÔNIO OLINTO,PR,07/2022,718,690,"96,10",612,78,"88,70",28,"3,90",7,21,"2,92"
410140,APUCARANA,PR,07/2022,5854,4153,"70,94",3777,376,"90,95",1701,"29,06",16,1685,"28,78"
410140,APUCARANA,PR,11/2022,6461,5506,"85,22",5211,295,"94,64",955,"14,78",15,940,"14,55"
410140,APUCARANA,PR,09/2022,6342,5044,"79,53",4618,426,"91,55",1298,"20,47",22,1276,"20,12"
410150,ARAPONGAS,PR,09/2022,4458,3985,"89,39",3686,299,"92,50",473,"10,61",34,439,"9,85"
410150,ARAPONGAS,PR,11/2022,4456,4033,"90,51",3944,89,"97,79",423,"9,49",26,397,"8,91"
410150,ARAPONGAS,PR,07/2022,4229,3814,"90,19",3558,256,"93,29",415,"9,81",40,375,"8,87"
410160,ARAPOTI,PR,07/2022,2048,1467,"71,63",1315,152,"89,64",581,"28,37",6,575,"28,08"
410160,ARAPOTI,PR,09/2022,2042,1441,"70,57",1287,154,"89,31",601,"29,43",3,598,"29,29"
410160,ARAPOTI,PR,11/2022,1964,1729,"88,03",1677,52,"96,99",235,"11,97",49,186,"9,47"
410165,ARAPUÃ,PR,09/2022,361,288,"79,78",255,33,"88,54",73,"20,22",14,59,"16,34"
410165,ARAPUÃ,PR,11/2022,350,276,"78,86",255,21,"92,39",74,"21,14",16,58,"16,57"
410165,ARAPUÃ,PR,07/2022,389,261,"67,10",234,27,"89,66",128,"32,90",23,105,"26,99"
410170,ARARUNA,PR,07/2022,775,676,"87,23",642,34,"94,97",99,"12,77",16,83,"10,71"
410170,ARARUNA,PR,11/2022,779,720,"92,43",709,11,"98,47",59,"7,57",8,51,"6,55"
410170,ARARUNA,PR,09/2022,776,692,"89,18",648,44,"93,64",84,"10,82",24,60,"7,73"
410180,ARAUCÁRIA,PR,09/2022,9340,8321,"89,09",7386,935,"88,76",1019,"10,91",170,849,"9,09"
410180,ARAUCÁRIA,PR,11/2022,9099,8639,"94,94",7751,888,"89,72",460,"5,06",107,353,"3,88"
410180,ARAUCÁRIA,PR,07/2022,8398,5070,"60,37",4806,264,"94,79",3328,"39,63",225,3103,"36,95"
410185,ARIRANHA DO IVAÍ,PR,07/2022,176,137,"77,84",121,16,"88,32",39,"22,16",9,30,"17,05"
410185,ARIRANHA DO IVAÍ,PR,11/2022,182,139,"76,37",129,10,"92,81",43,"23,63",6,37,"20,33"
410185,ARIRANHA DO IVAÍ,PR,09/2022,185,147,"79,46",130,17,"88,44",38,"20,54",5,33,"17,84"
410190,ASSAÍ,PR,11/2022,876,712,"81,28",648,64,"91,01",164,"18,72",52,112,"12,79"
410190,ASSAÍ,PR,09/2022,900,628,"69,78",564,64,"89,81",272,"30,22",65,207,"23,00"
410190,ASSAÍ,PR,07/2022,901,628,"69,70",584,44,"92,99",273,"30,30",70,203,"22,53"
410200,ASSIS CHATEAUBRIAND,PR,07/2022,1466,1088,"74,22",1013,75,"93,11",378,"25,78",27,351,"23,94"
410200,ASSIS CHATEAUBRIAND,PR,09/2022,1486,1215,"81,76",1077,138,"88,64",271,"18,24",71,200,"13,46"
410200,ASSIS CHATEAUBRIAND,PR,11/2022,1506,1284,"85,26",1184,100,"92,21",222,"14,74",16,206,"13,68"
410210,ASTORGA,PR,11/2022,1090,890,"81,65",799,91,"89,78",200,"18,35",32,168,"15,41"
410210,ASTORGA,PR,09/2022,1132,932,"82,33",736,196,"78,97",200,"17,67",11,189,"16,70"
410210,ASTORGA,PR,07/2022,1076,775,"72,03",632,143,"81,55",301,"27,97",116,185,"17,19"
410220,ATALAIA,PR,07/2022,168,115,"68,45",105,10,"91,30",53,"31,55",3,50,"29,76"
410220,ATALAIA,PR,11/2022,182,131,"71,98",131,0,"100,00",51,"28,02",0,51,"28,02"
410220,ATALAIA,PR,09/2022,169,112,"66,27",112,0,"100,00",57,"33,73",1,56,"33,14"
410230,BALSA NOVA,PR,09/2022,962,877,"91,16",827,50,"94,30",85,"8,84",20,65,"6,76"
410230,BALSA NOVA,PR,11/2022,912,839,"92,00",808,31,"96,31",73,"8,00",12,61,"6,69"
410230,BALSA NOVA,PR,07/2022,970,878,"90,52",800,78,"91,12",92,"9,48",15,77,"7,94"
410240,BANDEIRANTES,PR,07/2022,1828,1258,"68,82",1211,47,"96,26",570,"31,18",133,437,"23,91"
410240,BANDEIRANTES,PR,11/2022,1815,1392,"76,69",1335,57,"95,91",423,"23,31",39,384,"21,16"
410240,BANDEIRANTES,PR,09/2022,1863,1313,"70,48",1258,55,"95,81",550,"29,52",102,448,"24,05"
410250,BARBOSA FERRAZ,PR,11/2022,884,841,"95,14",799,42,"95,01",43,"4,86",0,43,"4,86"
410250,BARBOSA FERRAZ,PR,09/2022,948,901,"95,04",776,125,"86,13",47,"4,96",6,41,"4,32"
410250,BARBOSA FERRAZ,PR,07/2022,989,813,"82,20",778,35,"95,69",176,"17,80",14,162,"16,38"
410260,BARRACÃO,PR,07/2022,826,623,"75,42",617,6,"99,04",203,"24,58",12,191,"23,12"
410260,BARRACÃO,PR,11/2022,788,646,"81,98",630,16,"97,52",142,"18,02",40,102,"12,94"
410260,BARRACÃO,PR,09/2022,857,640,"74,68",600,40,"93,75",217,"25,32",20,197,"22,99"
410270,BARRA DO JACARÉ,PR,09/2022,183,152,"83,06",133,19,"87,50",31,"16,94",2,29,"15,85"
410270,BARRA DO JACARÉ,PR,11/2022,187,159,"85,03",150,9,"94,34",28,"14,97",3,25,"13,37"
410270,BARRA DO JACARÉ,PR,07/2022,182,145,"79,67",135,10,"93,10",37,"20,33",4,33,"18,13"
410275,BELA VISTA DA CAROBA,PR,07/2022,249,197,"79,12",185,12,"93,91",52,"20,88",2,50,"20,08"
410275,BELA VISTA DA CAROBA,PR,11/2022,232,187,"80,60",184,3,"98,40",45,"19,40",1,44,"18,97"
410275,BELA VISTA DA CAROBA,PR,09/2022,253,198,"78,26",190,8,"95,96",55,"21,74",3,52,"20,55"
410280,BELA VISTA DO PARAÍSO,PR,11/2022,948,823,"86,81",706,117,"85,78",125,"13,19",1,124,"13,08"
410280,BELA VISTA DO PARAÍSO,PR,09/2022,962,838,"87,11",703,135,"83,89",124,"12,89",0,124,"12,89"
410280,BELA VISTA DO PARAÍSO,PR,07/2022,929,725,"78,04",674,51,"92,97",204,"21,96",3,201,"21,64"
410290,BITURUNA,PR,07/2022,1581,1313,"83,05",1217,96,"92,69",268,"16,95",17,251,"15,88"
410290,BITURUNA,PR,09/2022,1548,1325,"85,59",1183,142,"89,28",223,"14,41",7,216,"13,95"
410290,BITURUNA,PR,11/2022,1555,1337,"85,98",1267,70,"94,76",218,"14,02",6,212,"13,63"
410300,BOA ESPERANÇA,PR,09/2022,309,287,"92,88",245,42,"85,37",22,"7,12",0,22,"7,12"
410300,BOA ESPERANÇA,PR,11/2022,289,272,"94,12",249,23,"91,54",17,"5,88",0,17,"5,88"
410300,BOA ESPERANÇA,PR,07/2022,300,279,"93,00",234,45,"83,87",21,"7,00",0,21,"7,00"
410302,BOA ESPERANÇA DO IGUAÇU,PR,07/2022,122,80,"65,57",80,0,"100,00",42,"34,43",10,32,"26,23"
410302,BOA ESPERANÇA DO IGUAÇU,PR,11/2022,117,90,"76,92",90,0,"100,00",27,"23,08",0,27,"23,08"
410302,BOA ESPERANÇA DO IGUAÇU,PR,09/2022,125,89,"71,20",87,2,"97,75",36,"28,80",6,30,"24,00"
410304,BOA VENTURA DE SÃO ROQUE,PR,11/2022,711,602,"84,67",571,31,"94,85",109,"15,33",3,106,"14,91"
410304,BOA VENTURA DE SÃO ROQUE,PR,09/2022,734,420,"57,22",352,68,"83,81",314,"42,78",45,269,"36,65"
410304,BOA VENTURA DE SÃO ROQUE,PR,07/2022,713,417,"58,49",350,67,"83,93",296,"41,51",8,288,"40,39"
410305,BOA VISTA DA APARECIDA,PR,07/2022,915,796,"86,99",711,85,"89,32",119,"13,01",6,113,"12,35"
410305,BOA VISTA DA APARECIDA,PR,09/2022,929,811,"87,30",736,75,"90,75",118,"12,70",4,114,"12,27"
410305,BOA VISTA DA APARECIDA,PR,11/2022,888,780,"87,84",773,7,"99,10",108,"12,16",1,107,"12,05"
410310,BOCAIÚVA DO SUL,PR,11/2022,1733,1200,"69,24",1187,13,"98,92",533,"30,76",10,523,"30,18"
410310,BOCAIÚVA DO SUL,PR,09/2022,1717,1159,"67,50",1142,17,"98,53",558,"32,50",7,551,"32,09"
410310,BOCAIÚVA DO SUL,PR,07/2022,1588,1133,"71,35",1062,71,"93,73",455,"28,65",12,443,"27,90"
410315,BOM JESUS DO SUL,PR,07/2022,252,213,"84,52",200,13,"93,90",39,"15,48",7,32,"12,70"
410315,BOM JESUS DO SUL,PR,11/2022,243,216,"88,89",204,12,"94,44",27,"11,11",3,24,"9,88"
410315,BOM JESUS DO SUL,PR,09/2022,254,221,"87,01",215,6,"97,29",33,"12,99",4,29,"11,42"
410320,BOM SUCESSO,PR,11/2022,317,294,"92,74",262,32,"89,12",23,"7,26",0,23,"7,26"
410320,BOM SUCESSO,PR,09/2022,346,324,"93,64",282,42,"87,04",22,"6,36",1,21,"6,07"
410320,BOM SUCESSO,PR,07/2022,341,320,"93,84",307,13,"95,94",21,"6,16",0,21,"6,16"
410322,BOM SUCESSO DO SUL,PR,07/2022,169,125,"73,96",125,0,"100,00",44,"26,04",5,39,"23,08"
410322,BOM SUCESSO DO SUL,PR,09/2022,178,130,"73,03",130,0,"100,00",48,"26,97",3,45,"25,28"
410322,BOM SUCESSO DO SUL,PR,11/2022,178,125,"70,22",125,0,"100,00",53,"29,78",6,47,"26,40"
410330,BORRAZÓPOLIS,PR,11/2022,486,461,"94,86",451,10,"97,83",25,"5,14",0,25,"5,14"
410330,BORRAZÓPOLIS,PR,09/2022,518,491,"94,79",463,28,"94,30",27,"5,21",1,26,"5,02"
410330,BORRAZÓPOLIS,PR,07/2022,522,493,"94,44",464,29,"94,12",29,"5,56",5,24,"4,60"
410335,BRAGANEY,PR,07/2022,371,293,"78,98",264,29,"90,10",78,"21,02",4,74,"19,95"
410335,BRAGANEY,PR,09/2022,368,294,"79,89",260,34,"88,44",74,"20,11",2,72,"19,57"
410335,BRAGANEY,PR,11/2022,351,274,"78,06",269,5,"98,18",77,"21,94",0,77,"21,94"
410337,BRASILÂNDIA DO SUL,PR,11/2022,218,186,"85,32",177,9,"95,16",32,"14,68",1,31,"14,22"
410337,BRASILÂNDIA DO SUL,PR,09/2022,234,201,"85,90",180,21,"89,55",33,"14,10",1,32,"13,68"
410337,BRASILÂNDIA DO SUL,PR,07/2022,231,179,"77,49",162,17,"90,50",52,"22,51",1,51,"22,08"
410340,CAFEARA,PR,07/2022,134,127,"94,78",127,0,"100,00",7,"5,22",0,7,"5,22"
410340,CAFEARA,PR,11/2022,155,132,"85,16",117,15,"88,64",23,"14,84",1,22,"14,19"
410340,CAFEARA,PR,09/2022,155,138,"89,03",138,0,"100,00",17,"10,97",1,16,"10,32"
410345,CAFELÂNDIA,PR,09/2022,887,825,"93,01",769,56,"93,21",62,"6,99",11,51,"5,75"
410345,CAFELÂNDIA,PR,11/2022,886,816,"92,10",763,53,"93,50",70,"7,90",6,64,"7,22"
410345,CAFELÂNDIA,PR,07/2022,751,704,"93,74",607,97,"86,22",47,"6,26",8,39,"5,19"
410347,CAFEZAL DO SUL,PR,07/2022,242,152,"62,81",152,0,"100,00",90,"37,19",8,82,"33,88"
410347,CAFEZAL DO SUL,PR,09/2022,245,150,"61,22",150,0,"100,00",95,"38,78",13,82,"33,47"
410347,CAFEZAL DO SUL,PR,11/2022,246,161,"65,45",143,18,"88,82",85,"34,55",2,83,"33,74"
410350,CALIFÓRNIA,PR,09/2022,676,626,"92,60",571,55,"91,21",50,"7,40",3,47,"6,95"
410350,CALIFÓRNIA,PR,11/2022,690,636,"92,17",592,44,"93,08",54,"7,83",2,52,"7,54"
410350,CALIFÓRNIA,PR,07/2022,646,603,"93,34",590,13,"97,84",43,"6,66",4,39,"6,04"
410360,CAMBARÁ,PR,07/2022,2084,1479,"70,97",1365,114,"92,29",605,"29,03",47,558,"26,78"
410360,CAMBARÁ,PR,09/2022,2103,1465,"69,66",1368,97,"93,38",638,"30,34",65,573,"27,25"
410360,CAMBARÁ,PR,11/2022,1985,1402,"70,63",1353,49,"96,50",583,"29,37",49,534,"26,90"
410370,CAMBÉ,PR,11/2022,4859,4099,"84,36",3728,371,"90,95",760,"15,64",97,663,"13,64"
410370,CAMBÉ,PR,09/2022,4996,4059,"81,24",3589,470,"88,42",937,"18,76",19,918,"18,37"
410370,CAMBÉ,PR,07/2022,4678,3790,"81,02",3537,253,"93,32",888,"18,98",30,858,"18,34"
410380,CAMBIRA,PR,07/2022,529,322,"60,87",302,20,"93,79",207,"39,13",9,198,"37,43"
410380,CAMBIRA,PR,11/2022,619,449,"72,54",418,31,"93,10",170,"27,46",1,169,"27,30"
410380,CAMBIRA,PR,09/2022,606,423,"69,80",393,30,"92,91",183,"30,20",3,180,"29,70"
410390,CAMPINA DA LAGOA,PR,09/2022,1197,891,"74,44",801,90,"89,90",306,"25,56",64,242,"20,22"
410390,CAMPINA DA LAGOA,PR,11/2022,1164,895,"76,89",839,56,"93,74",269,"23,11",62,207,"17,78"
410390,CAMPINA DA LAGOA,PR,07/2022,1180,878,"74,41",787,91,"89,64",302,"25,59",66,236,"20,00"
410395,CAMPINA DO SIMÃO,PR,07/2022,483,444,"91,93",408,36,"91,89",39,"8,07",5,34,"7,04"
410395,CAMPINA DO SIMÃO,PR,09/2022,485,447,"92,16",369,78,"82,55",38,"7,84",0,38,"7,84"
410395,CAMPINA DO SIMÃO,PR,11/2022,463,431,"93,09",401,30,"93,04",32,"6,91",1,31,"6,70"
410400,CAMPINA GRANDE DO SUL,PR,11/2022,3713,2860,"77,03",2806,54,"98,11",853,"22,97",66,787,"21,20"
410400,CAMPINA GRANDE DO SUL,PR,09/2022,3815,2785,"73,00",2618,167,"94,00",1030,"27,00",73,957,"25,09"
410400,CAMPINA GRANDE DO SUL,PR,07/2022,3413,2195,"64,31",2177,18,"99,18",1218,"35,69",46,1172,"34,34"
410405,CAMPO BONITO,PR,07/2022,352,248,"70,45",248,0,"100,00",104,"29,55",32,72,"20,45"
410405,CAMPO BONITO,PR,09/2022,371,304,"81,94",304,0,"100,00",67,"18,06",1,66,"17,79"
410405,CAMPO BONITO,PR,11/2022,371,309,"83,29",302,7,"97,73",62,"16,71",0,62,"16,71"
410410,CAMPO DO TENENTE,PR,11/2022,1034,899,"86,94",858,41,"95,44",135,"13,06",38,97,"9,38"
410410,CAMPO DO TENENTE,PR,09/2022,1073,968,"90,21",871,97,"89,98",105,"9,79",6,99,"9,23"
410410,CAMPO DO TENENTE,PR,07/2022,989,814,"82,31",757,57,"93,00",175,"17,69",9,166,"16,78"
410420,CAMPO LARGO,PR,07/2022,5857,3768,"64,33",3404,364,"90,34",2089,"35,67",621,1468,"25,06"
410420,CAMPO LARGO,PR,09/2022,5991,3815,"63,68",3567,248,"93,50",2176,"36,32",654,1522,"25,40"
410420,CAMPO LARGO,PR,11/2022,5996,4118,"68,68",3863,255,"93,81",1878,"31,32",427,1451,"24,20"
410425,CAMPO MAGRO,PR,09/2022,1719,1547,"89,99",1378,169,"89,08",172,"10,01",46,126,"7,33"
410425,CAMPO MAGRO,PR,11/2022,1737,1544,"88,89",1418,126,"91,84",193,"11,11",48,145,"8,35"
410425,CAMPO MAGRO,PR,07/2022,1688,1486,"88,03",1349,137,"90,78",202,"11,97",70,132,"7,82"
410430,CAMPO MOURÃO,PR,07/2022,4970,2639,"53,10",2493,146,"94,47",2331,"46,90",933,1398,"28,13"
410430,CAMPO MOURÃO,PR,11/2022,5309,3440,"64,80",3319,121,"96,48",1869,"35,20",414,1455,"27,41"
410430,CAMPO MOURÃO,PR,09/2022,5244,2458,"46,87",2279,179,"92,72",2786,"53,13",1357,1429,"27,25"
410440,CÂNDIDO DE ABREU,PR,09/2022,1637,1092,"66,71",1005,87,"92,03",545,"33,29",284,261,"15,94"
410440,CÂNDIDO DE ABREU,PR,11/2022,1627,1362,"83,71",1358,4,"99,71",265,"16,29",4,261,"16,04"
410440,CÂNDIDO DE ABREU,PR,07/2022,1658,1394,"84,08",1302,92,"93,40",264,"15,92",3,261,"15,74"
410442,CANDÓI,PR,07/2022,1498,1373,"91,66",1328,45,"96,72",125,"8,34",54,71,"4,74"
410442,CANDÓI,PR,09/2022,1487,1150,"77,34",1020,130,"88,70",337,"22,66",186,151,"10,15"
410442,CANDÓI,PR,11/2022,1430,1174,"82,10",1068,106,"90,97",256,"17,90",134,122,"8,53"
410445,CANTAGALO,PR,11/2022,1051,771,"73,36",745,26,"96,63",280,"26,64",9,271,"25,78"
410445,CANTAGALO,PR,09/2022,1074,780,"72,63",732,48,"93,85",294,"27,37",10,284,"26,44"
410445,CANTAGALO,PR,07/2022,1057,763,"72,19",728,35,"95,41",294,"27,81",18,276,"26,11"
410450,CAPANEMA,PR,07/2022,660,401,"60,76",365,36,"91,02",259,"39,24",105,154,"23,33"
410450,CAPANEMA,PR,11/2022,671,603,"89,87",551,52,"91,38",68,"10,13",7,61,"9,09"
410450,CAPANEMA,PR,09/2022,677,511,"75,48",458,53,"89,63",166,"24,52",14,152,"22,45"
410460,CAPITÃO LEÔNIDAS MARQUES,PR,11/2022,961,922,"95,94",908,14,"98,48",39,"4,06",6,33,"3,43"
410460,CAPITÃO LEÔNIDAS MARQUES,PR,09/2022,961,894,"93,03",866,28,"96,87",67,"6,97",9,58,"6,04"
410460,CAPITÃO LEÔNIDAS MARQUES,PR,07/2022,928,876,"94,40",845,31,"96,46",52,"5,60",8,44,"4,74"
410465,CARAMBEÍ,PR,07/2022,1517,1228,"80,95",1001,227,"81,51",289,"19,05",10,279,"18,39"
410465,CARAMBEÍ,PR,11/2022,1478,1348,"91,20",1225,123,"90,88",130,"8,80",1,129,"8,73"
410465,CARAMBEÍ,PR,09/2022,1563,1352,"86,50",1213,139,"89,72",211,"13,50",5,206,"13,18"
410470,CARLÓPOLIS,PR,11/2022,1131,744,"65,78",744,0,"100,00",387,"34,22",196,191,"16,89"
410470,CARLÓPOLIS,PR,09/2022,1139,929,"81,56",929,0,"100,00",210,"18,44",7,203,"17,82"
410470,CARLÓPOLIS,PR,07/2022,1085,837,"77,14",835,2,"99,76",248,"22,86",46,202,"18,62"
410480,CASCAVEL,PR,07/2022,11663,10217,"87,60",9834,383,"96,25",1446,"12,40",258,1188,"10,19"
410480,CASCAVEL,PR,11/2022,11921,11094,"93,06",10513,581,"94,76",827,"6,94",145,682,"5,72"
410480,CASCAVEL,PR,09/2022,11943,11017,"92,25",9783,1234,"88,80",926,"7,75",203,723,"6,05"
410490,CASTRO,PR,09/2022,6187,5557,"89,82",5024,533,"90,41",630,"10,18",53,577,"9,33"
410490,CASTRO,PR,11/2022,6144,5721,"93,12",5307,414,"92,76",423,"6,88",12,411,"6,69"
410490,CASTRO,PR,07/2022,6151,5659,"92,00",4819,840,"85,16",492,"8,00",14,478,"7,77"
410500,CATANDUVAS,PR,07/2022,682,471,"69,06",440,31,"93,42",211,"30,94",66,145,"21,26"
410500,CATANDUVAS,PR,09/2022,665,506,"76,09",480,26,"94,86",159,"23,91",12,147,"22,11"
410500,CATANDUVAS,PR,11/2022,652,523,"80,21",507,16,"96,94",129,"19,79",11,118,"18,10"
410510,CENTENÁRIO DO SUL,PR,11/2022,704,646,"91,76",594,52,"91,95",58,"8,24",7,51,"7,24"
410510,CENTENÁRIO DO SUL,PR,09/2022,725,651,"89,79",565,86,"86,79",74,"10,21",18,56,"7,72"
410510,CENTENÁRIO DO SUL,PR,07/2022,705,628,"89,08",567,61,"90,29",77,"10,92",7,70,"9,93"
410520,CERRO AZUL,PR,07/2022,2358,1711,"72,56",1705,6,"99,65",647,"27,44",187,460,"19,51"
410520,CERRO AZUL,PR,11/2022,2253,1723,"76,48",1672,51,"97,04",530,"23,52",34,496,"22,02"
410520,CERRO AZUL,PR,09/2022,2296,1202,"52,35",1003,199,"83,44",1094,"47,65",550,544,"23,69"
410530,CÉU AZUL,PR,11/2022,274,246,"89,78",243,3,"98,78",28,"10,22",1,27,"9,85"
410530,CÉU AZUL,PR,09/2022,293,258,"88,05",249,9,"96,51",35,"11,95",6,29,"9,90"
410530,CÉU AZUL,PR,07/2022,279,239,"85,66",231,8,"96,65",40,"14,34",5,35,"12,54"
410540,CHOPINZINHO,PR,07/2022,1395,1184,"84,87",1051,133,"88,77",211,"15,13",9,202,"14,48"
410540,CHOPINZINHO,PR,09/2022,1397,1198,"85,76",1070,128,"89,32",199,"14,24",15,184,"13,17"
410540,CHOPINZINHO,PR,11/2022,1374,1183,"86,10",1079,104,"91,21",191,"13,90",9,182,"13,25"
410550,CIANORTE,PR,11/2022,2708,2507,"92,58",2368,139,"94,46",201,"7,42",8,193,"7,13"
410550,CIANORTE,PR,09/2022,2770,2182,"78,77",2039,143,"93,45",588,"21,23",14,574,"20,72"
410550,CIANORTE,PR,07/2022,2617,2004,"76,58",1846,158,"92,12",613,"23,42",21,592,"22,62"
410560,CIDADE GAÚCHA,PR,07/2022,657,513,"78,08",462,51,"90,06",144,"21,92",2,142,"21,61"
410560,CIDADE GAÚCHA,PR,11/2022,697,558,"80,06",533,25,"95,52",139,"19,94",0,139,"19,94"
410560,CIDADE GAÚCHA,PR,09/2022,701,555,"79,17",507,48,"91,35",146,"20,83",2,144,"20,54"
410570,CLEVELÂNDIA,PR,11/2022,1457,1223,"83,94",1168,55,"95,50",234,"16,06",4,230,"15,79"
410570,CLEVELÂNDIA,PR,09/2022,1464,1195,"81,63",1106,89,"92,55",269,"18,37",18,251,"17,14"
410570,CLEVELÂNDIA,PR,07/2022,1405,993,"70,68",958,35,"96,48",412,"29,32",195,217,"15,44"
410580,COLOMBO,PR,07/2022,14754,7257,"49,19",6972,285,"96,07",7497,"50,81",223,7274,"49,30"
410580,COLOMBO,PR,09/2022,15660,11511,"73,51",10636,875,"92,40",4149,"26,49",299,3850,"24,58"
410580,COLOMBO,PR,11/2022,15781,11985,"75,95",11169,816,"93,19",3796,"24,05",186,3610,"22,88"
410590,COLORADO,PR,11/2022,588,479,"81,46",479,0,"100,00",109,"18,54",1,108,"18,37"
410590,COLORADO,PR,09/2022,614,502,"81,76",465,37,"92,63",112,"18,24",2,110,"17,92"
410590,COLORADO,PR,07/2022,616,527,"85,55",486,41,"92,22",89,"14,45",3,86,"13,96"
410600,CONGONHINHAS,PR,07/2022,936,462,"49,36",455,7,"98,48",474,"50,64",60,414,"44,23"
410600,CONGONHINHAS,PR,09/2022,969,494,"50,98",494,0,"100,00",475,"49,02",70,405,"41,80"
410600,CONGONHINHAS,PR,11/2022,982,588,"59,88",588,0,"100,00",394,"40,12",2,392,"39,92"
410610,CONSELHEIRO MAIRINCK,PR,11/2022,310,258,"83,23",251,7,"97,29",52,"16,77",2,50,"16,13"
410610,CONSELHEIRO MAIRINCK,PR,09/2022,318,259,"81,45",246,13,"94,98",59,"18,55",3,56,"17,61"
410610,CONSELHEIRO MAIRINCK,PR,07/2022,319,256,"80,25",236,20,"92,19",63,"19,75",3,60,"18,81"
410620,CONTENDA,PR,07/2022,1186,971,"81,87",895,76,"92,17",215,"18,13",15,200,"16,86"
410620,CONTENDA,PR,09/2022,1227,952,"77,59",895,57,"94,01",275,"22,41",48,227,"18,50"
410620,CONTENDA,PR,11/2022,1292,1032,"79,88",968,64,"93,80",260,"20,12",6,254,"19,66"
410630,CORBÉLIA,PR,09/2022,828,624,"75,36",564,60,"90,38",204,"24,64",6,198,"23,91"
410630,CORBÉLIA,PR,11/2022,821,630,"76,74",590,40,"93,65",191,"23,26",1,190,"23,14"
410630,CORBÉLIA,PR,07/2022,819,610,"74,48",581,29,"95,25",209,"25,52",7,202,"24,66"
410640,CORNÉLIO PROCÓPIO,PR,07/2022,1560,1131,"72,50",1032,99,"91,25",429,"27,50",234,195,"12,50"
410640,CORNÉLIO PROCÓPIO,PR,11/2022,1618,1433,"88,57",1332,101,"92,95",185,"11,43",9,176,"10,88"
410640,CORNÉLIO PROCÓPIO,PR,09/2022,1596,1380,"86,47",1246,134,"90,29",216,"13,53",50,166,"10,40"
410645,CORONEL DOMINGOS SOARES,PR,11/2022,1080,582,"53,89",581,1,"99,83",498,"46,11",18,480,"44,44"
410645,CORONEL DOMINGOS SOARES,PR,09/2022,1049,574,"54,72",572,2,"99,65",475,"45,28",40,435,"41,47"
410645,CORONEL DOMINGOS SOARES,PR,07/2022,976,137,"14,04",136,1,"99,27",839,"85,96",421,418,"42,83"
410650,CORONEL VIVIDA,PR,07/2022,1169,698,"59,71",684,14,"97,99",471,"40,29",195,276,"23,61"
410650,CORONEL VIVIDA,PR,11/2022,1256,981,"78,11",908,73,"92,56",275,"21,89",3,272,"21,66"
410650,CORONEL VIVIDA,PR,09/2022,1227,927,"75,55",852,75,"91,91",300,"24,45",15,285,"23,23"
410655,CORUMBATAÍ DO SUL,PR,09/2022,301,212,"70,43",208,4,"98,11",89,"29,57",0,89,"29,57"
410655,CORUMBATAÍ DO SUL,PR,11/2022,300,218,"72,67",204,14,"93,58",82,"27,33",0,82,"27,33"
410655,CORUMBATAÍ DO SUL,PR,07/2022,305,214,"70,16",208,6,"97,20",91,"29,84",0,91,"29,84"
410657,CRUZEIRO DO IGUAÇU,PR,07/2022,210,177,"84,29",167,10,"94,35",33,"15,71",20,13,"6,19"
410657,CRUZEIRO DO IGUAÇU,PR,09/2022,219,146,"66,67",134,12,"91,78",73,"33,33",55,18,"8,22"
410657,CRUZEIRO DO IGUAÇU,PR,11/2022,204,160,"78,43",151,9,"94,38",44,"21,57",29,15,"7,35"
410660,CRUZEIRO DO OESTE,PR,11/2022,1258,1056,"83,94",1050,6,"99,43",202,"16,06",1,201,"15,98"
410660,CRUZEIRO DO OESTE,PR,09/2022,1256,1035,"82,40",1027,8,"99,23",221,"17,60",1,220,"17,52"
410660,CRUZEIRO DO OESTE,PR,07/2022,1252,1043,"83,31",1021,22,"97,89",209,"16,69",2,207,"16,53"
410670,CRUZEIRO DO SUL,PR,07/2022,321,218,"67,91",201,17,"92,20",103,"32,09",7,96,"29,91"
410670,CRUZEIRO DO SUL,PR,09/2022,327,223,"68,20",195,28,"87,44",104,"31,80",11,93,"28,44"
410670,CRUZEIRO DO SUL,PR,11/2022,304,221,"72,70",206,15,"93,21",83,"27,30",3,80,"26,32"
410680,CRUZ MACHADO,PR,11/2022,1031,873,"84,68",823,50,"94,27",158,"15,32",1,157,"15,23"
410680,CRUZ MACHADO,PR,09/2022,1059,895,"84,51",812,83,"90,73",164,"15,49",3,161,"15,20"
410680,CRUZ MACHADO,PR,07/2022,1109,914,"82,42",826,88,"90,37",195,"17,58",11,184,"16,59"
410685,CRUZMALTINA,PR,07/2022,235,221,"94,04",205,16,"92,76",14,"5,96",3,11,"4,68"
410685,CRUZMALTINA,PR,09/2022,243,230,"94,65",216,14,"93,91",13,"5,35",0,13,"5,35"
410685,CRUZMALTINA,PR,11/2022,238,222,"93,28",222,0,"100,00",16,"6,72",0,16,"6,72"
410690,CURITIBA,PR,11/2022,56998,38823,"68,11",36002,2821,"92,73",18175,"31,89",6695,11480,"20,14"
410690,CURITIBA,PR,09/2022,57228,36343,"63,51",32857,3486,"90,41",20885,"36,49",5454,15431,"26,96"
410690,CURITIBA,PR,07/2022,55506,34134,"61,50",30749,3385,"90,08",21372,"38,50",4910,16462,"29,66"
410700,CURIÚVA,PR,07/2022,1301,1215,"93,39",1097,118,"90,29",86,"6,61",7,79,"6,07"
410700,CURIÚVA,PR,09/2022,1312,1059,"80,72",1023,36,"96,60",253,"19,28",73,180,"13,72"
410700,CURIÚVA,PR,11/2022,1207,1142,"94,61",1092,50,"95,62",65,"5,39",2,63,"5,22"
410710,DIAMANTE DO NORTE,PR,09/2022,415,388,"93,49",324,64,"83,51",27,"6,51",0,27,"6,51"
410710,DIAMANTE DO NORTE,PR,11/2022,383,364,"95,04",336,28,"92,31",19,"4,96",0,19,"4,96"
410710,DIAMANTE DO NORTE,PR,07/2022,402,379,"94,28",317,62,"83,64",23,"5,72",2,21,"5,22"
410712,DIAMANTE DO SUL,PR,07/2022,366,337,"92,08",305,32,"90,50",29,"7,92",8,21,"5,74"
410712,DIAMANTE DO SUL,PR,09/2022,358,311,"86,87",310,1,"99,68",47,"13,13",22,25,"6,98"
410712,DIAMANTE DO SUL,PR,11/2022,345,323,"93,62",316,7,"97,83",22,"6,38",1,21,"6,09"
410715,DIAMANTE D´OESTE,PR,09/2022,358,322,"89,94",303,19,"94,10",36,"10,06",5,31,"8,66"
410715,DIAMANTE D´OESTE,PR,11/2022,352,323,"91,76",313,10,"96,90",29,"8,24",3,26,"7,39"
410715,DIAMANTE D´OESTE,PR,07/2022,383,298,"77,81",296,2,"99,33",85,"22,19",0,85,"22,19"
410720,DOIS VIZINHOS,PR,07/2022,1615,1112,"68,85",1051,61,"94,51",503,"31,15",63,440,"27,24"
410720,DOIS VIZINHOS,PR,11/2022,1682,1232,"73,25",1198,34,"97,24",450,"26,75",13,437,"25,98"
410720,DOIS VIZINHOS,PR,09/2022,1647,875,"53,13",825,50,"94,29",772,"46,87",320,452,"27,44"
410725,DOURADINA,PR,11/2022,350,333,"95,14",327,6,"98,20",17,"4,86",0,17,"4,86"
410725,DOURADINA,PR,09/2022,358,342,"95,53",328,14,"95,91",16,"4,47",0,16,"4,47"
410725,DOURADINA,PR,07/2022,337,309,"91,69",300,9,"97,09",28,"8,31",0,28,"8,31"
410730,DOUTOR CAMARGO,PR,07/2022,287,205,"71,43",188,17,"91,71",82,"28,57",2,80,"27,87"
410730,DOUTOR CAMARGO,PR,09/2022,281,200,"71,17",181,19,"90,50",81,"28,83",3,78,"27,76"
410730,DOUTOR CAMARGO,PR,11/2022,262,191,"72,90",177,14,"92,67",71,"27,10",1,70,"26,72"
410740,ENÉAS MARQUES,PR,09/2022,448,272,"60,71",264,8,"97,06",176,"39,29",2,174,"38,84"
410740,ENÉAS MARQUES,PR,11/2022,452,285,"63,05",275,10,"96,49",167,"36,95",3,164,"36,28"
410740,ENÉAS MARQUES,PR,07/2022,436,258,"59,17",249,9,"96,51",178,"40,83",6,172,"39,45"
410750,ENGENHEIRO BELTRÃO,PR,07/2022,867,712,"82,12",656,56,"92,13",155,"17,88",18,137,"15,80"
410750,ENGENHEIRO BELTRÃO,PR,09/2022,924,719,"77,81",662,57,"92,07",205,"22,19",49,156,"16,88"
410750,ENGENHEIRO BELTRÃO,PR,11/2022,898,716,"79,73",680,36,"94,97",182,"20,27",22,160,"17,82"
410752,ESPERANÇA NOVA,PR,09/2022,137,104,"75,91",103,1,"99,04",33,"24,09",0,33,"24,09"
410752,ESPERANÇA NOVA,PR,11/2022,123,91,"73,98",91,0,"100,00",32,"26,02",0,32,"26,02"
410752,ESPERANÇA NOVA,PR,07/2022,138,101,"73,19",101,0,"100,00",37,"26,81",0,37,"26,81"
410753,ENTRE RIOS DO OESTE,PR,07/2022,128,78,"60,94",72,6,"92,31",50,"39,06",14,36,"28,13"
410753,ENTRE RIOS DO OESTE,PR,11/2022,155,102,"65,81",99,3,"97,06",53,"34,19",6,47,"30,32"
410753,ENTRE RIOS DO OESTE,PR,09/2022,152,105,"69,08",98,7,"93,33",47,"30,92",1,46,"30,26"
410754,ESPIGÃO ALTO DO IGUAÇU,PR,09/2022,756,428,"56,61",428,0,"100,00",328,"43,39",13,315,"41,67"
410754,ESPIGÃO ALTO DO IGUAÇU,PR,11/2022,740,535,"72,30",523,12,"97,76",205,"27,70",14,191,"25,81"
410754,ESPIGÃO ALTO DO IGUAÇU,PR,07/2022,729,394,"54,05",384,10,"97,46",335,"45,95",16,319,"43,76"
410755,FAROL,PR,07/2022,210,171,"81,43",157,14,"91,81",39,"18,57",13,26,"12,38"
410755,FAROL,PR,09/2022,217,158,"72,81",146,12,"92,41",59,"27,19",19,40,"18,43"
410755,FAROL,PR,11/2022,204,159,"77,94",153,6,"96,23",45,"22,06",9,36,"17,65"
410760,FAXINAL,PR,11/2022,1630,1564,"95,95",1473,91,"94,18",66,"4,05",1,65,"3,99"
410760,FAXINAL,PR,09/2022,1657,1571,"94,81",1393,178,"88,67",86,"5,19",19,67,"4,04"
410760,FAXINAL,PR,07/2022,1592,1457,"91,52",1302,155,"89,36",135,"8,48",18,117,"7,35"
410765,FAZENDA RIO GRANDE,PR,07/2022,7268,4620,"63,57",4059,561,"87,86",2648,"36,43",185,2463,"33,89"
410765,FAZENDA RIO GRANDE,PR,11/2022,8625,5470,"63,42",5093,377,"93,11",3155,"36,58",368,2787,"32,31"
410765,FAZENDA RIO GRANDE,PR,09/2022,8410,5371,"63,86",4851,520,"90,32",3039,"36,14",300,2739,"32,57"
410770,FÊNIX,PR,11/2022,365,340,"93,15",324,16,"95,29",25,"6,85",9,16,"4,38"
410770,FÊNIX,PR,09/2022,402,326,"81,09",313,13,"96,01",76,"18,91",11,65,"16,17"
410770,FÊNIX,PR,07/2022,409,308,"75,31",268,40,"87,01",101,"24,69",62,39,"9,54"
410773,FERNANDES PINHEIRO,PR,07/2022,753,594,"78,88",503,91,"84,68",159,"21,12",33,126,"16,73"
410773,FERNANDES PINHEIRO,PR,09/2022,737,721,"97,83",614,107,"85,16",16,"2,17",9,7,"0,95"
410773,FERNANDES PINHEIRO,PR,11/2022,696,680,"97,70",644,36,"94,71",16,"2,30",4,12,"1,72"
410775,FIGUEIRA,PR,11/2022,832,495,"59,50",486,9,"98,18",337,"40,50",4,333,"40,02"
410775,FIGUEIRA,PR,09/2022,816,462,"56,62",459,3,"99,35",354,"43,38",8,346,"42,40"
410775,FIGUEIRA,PR,07/2022,788,442,"56,09",435,7,"98,42",346,"43,91",1,345,"43,78"
410780,FLORAÍ,PR,07/2022,193,165,"85,49",162,3,"98,18",28,"14,51",3,25,"12,95"
410780,FLORAÍ,PR,09/2022,191,174,"91,10",162,12,"93,10",17,"8,90",5,12,"6,28"
410780,FLORAÍ,PR,11/2022,188,173,"92,02",158,15,"91,33",15,"7,98",2,13,"6,91"
410785,FLOR DA SERRA DO SUL,PR,11/2022,333,302,"90,69",294,8,"97,35",31,"9,31",0,31,"9,31"
410785,FLOR DA SERRA DO SUL,PR,09/2022,343,302,"88,05",302,0,"100,00",41,"11,95",1,40,"11,66"
410785,FLOR DA SERRA DO SUL,PR,07/2022,327,267,"81,65",266,1,"99,63",60,"18,35",12,48,"14,68"
410790,FLORESTA,PR,07/2022,457,385,"84,25",366,19,"95,06",72,"15,75",10,62,"13,57"
410790,FLORESTA,PR,11/2022,544,496,"91,18",466,30,"93,95",48,"8,82",3,45,"8,27"
410790,FLORESTA,PR,09/2022,528,476,"90,15",447,29,"93,91",52,"9,85",14,38,"7,20"
410800,FLORESTÓPOLIS,PR,11/2022,1162,1041,"89,59",967,74,"92,89",121,"10,41",2,119,"10,24"
410800,FLORESTÓPOLIS,PR,09/2022,1281,862,"67,29",812,50,"94,20",419,"32,71",16,403,"31,46"
410800,FLORESTÓPOLIS,PR,07/2022,1273,997,"78,32",901,96,"90,37",276,"21,68",21,255,"20,03"
410810,FLÓRIDA,PR,07/2022,141,0,"0,00",0,0,,141,"100,00",115,26,"18,44"
410810,FLÓRIDA,PR,09/2022,178,133,"74,72",133,0,"100,00",45,"25,28",4,41,"23,03"
410810,FLÓRIDA,PR,11/2022,188,163,"86,70",161,2,"98,77",25,"13,30",2,23,"12,23"
410820,FORMOSA DO OESTE,PR,11/2022,245,184,"75,10",159,25,"86,41",61,"24,90",28,33,"13,47"
410820,FORMOSA DO OESTE,PR,09/2022,238,157,"65,97",141,16,"89,81",81,"34,03",19,62,"26,05"
410820,FORMOSA DO OESTE,PR,07/2022,235,151,"64,26",149,2,"98,68",84,"35,74",19,65,"27,66"
410830,FOZ DO IGUAÇU,PR,07/2022,19173,12780,"66,66",11770,1010,"92,10",6393,"33,34",3439,2954,"15,41"
410830,FOZ DO IGUAÇU,PR,11/2022,19855,16498,"83,09",15613,885,"94,64",3357,"16,91",891,2466,"12,42"
410830,FOZ DO IGUAÇU,PR,09/2022,19745,14574,"73,81",13073,1501,"89,70",5171,"26,19",2986,2185,"11,07"
410832,FRANCISCO ALVES,PR,09/2022,661,542,"82,00",542,0,"100,00",119,"18,00",11,108,"16,34"
410832,FRANCISCO ALVES,PR,11/2022,636,538,"84,59",538,0,"100,00",98,"15,41",1,97,"15,25"
410832,FRANCISCO ALVES,PR,07/2022,659,457,"69,35",457,0,"100,00",202,"30,65",5,197,"29,89"
410840,FRANCISCO BELTRÃO,PR,07/2022,3338,3083,"92,36",2858,225,"92,70",255,"7,64",14,241,"7,22"
410840,FRANCISCO BELTRÃO,PR,09/2022,3438,3156,"91,80",3035,121,"96,17",282,"8,20",15,267,"7,77"
410840,FRANCISCO BELTRÃO,PR,11/2022,3444,3168,"91,99",2963,205,"93,53",276,"8,01",7,269,"7,81"
410845,FOZ DO JORDÃO,PR,09/2022,513,367,"71,54",361,6,"98,37",146,"28,46",23,123,"23,98"
410845,FOZ DO JORDÃO,PR,11/2022,548,406,"74,09",402,4,"99,01",142,"25,91",33,109,"19,89"
410845,FOZ DO JORDÃO,PR,07/2022,528,382,"72,35",376,6,"98,43",146,"27,65",3,143,"27,08"
410850,GENERAL CARNEIRO,PR,07/2022,1542,993,"64,40",892,101,"89,83",549,"35,60",42,507,"32,88"
410850,GENERAL CARNEIRO,PR,11/2022,1509,1132,"75,02",1044,88,"92,23",377,"24,98",5,372,"24,65"
410850,GENERAL CARNEIRO,PR,09/2022,1536,1113,"72,46",990,123,"88,95",423,"27,54",26,397,"25,85"
410855,GODOY MOREIRA,PR,09/2022,258,206,"79,84",202,4,"98,06",52,"20,16",2,50,"19,38"
410855,GODOY MOREIRA,PR,11/2022,251,188,"74,90",187,1,"99,47",63,"25,10",15,48,"19,12"
410855,GODOY MOREIRA,PR,07/2022,259,205,"79,15",193,12,"94,15",54,"20,85",1,53,"20,46"
410860,GOIOERÊ,PR,07/2022,2106,1785,"84,76",1545,240,"86,55",321,"15,24",12,309,"14,67"
410860,GOIOERÊ,PR,11/2022,2195,1915,"87,24",1797,118,"93,84",280,"12,76",7,273,"12,44"
410860,GOIOERÊ,PR,09/2022,2231,1907,"85,48",1604,303,"84,11",324,"14,52",20,304,"13,63"
410865,GOIOXIM,PR,09/2022,996,692,"69,48",692,0,"100,00",304,"30,52",8,296,"29,72"
410865,GOIOXIM,PR,11/2022,974,716,"73,51",657,59,"91,76",258,"26,49",49,209,"21,46"
410865,GOIOXIM,PR,07/2022,1021,673,"65,92",673,0,"100,00",348,"34,08",5,343,"33,59"
410870,GRANDES RIOS,PR,07/2022,722,507,"70,22",494,13,"97,44",215,"29,78",22,193,"26,73"
410870,GRANDES RIOS,PR,11/2022,674,471,"69,88",457,14,"97,03",203,"30,12",11,192,"28,49"
410870,GRANDES RIOS,PR,09/2022,702,471,"67,09",452,19,"95,97",231,"32,91",32,199,"28,35"
410880,GUAÍRA,PR,09/2022,1822,1163,"63,83",1116,47,"95,96",659,"36,17",8,651,"35,73"
410880,GUAÍRA,PR,11/2022,1810,1520,"83,98",1456,64,"95,79",290,"16,02",8,282,"15,58"
410880,GUAÍRA,PR,07/2022,1811,1023,"56,49",989,34,"96,68",788,"43,51",166,622,"34,35"
410890,GUAIRAÇÁ,PR,07/2022,487,418,"85,83",406,12,"97,13",69,"14,17",2,67,"13,76"
410890,GUAIRAÇÁ,PR,09/2022,545,455,"83,49",441,14,"96,92",90,"16,51",15,75,"13,76"
410890,GUAIRAÇÁ,PR,11/2022,551,473,"85,84",466,7,"98,52",78,"14,16",3,75,"13,61"
410895,GUAMIRANGA,PR,11/2022,628,600,"95,54",572,28,"95,33",28,"4,46",1,27,"4,30"
410895,GUAMIRANGA,PR,09/2022,663,623,"93,97",555,68,"89,09",40,"6,03",1,39,"5,88"
410895,GUAMIRANGA,PR,07/2022,668,636,"95,21",545,91,"85,69",32,"4,79",6,26,"3,89"
410900,GUAPIRAMA,PR,07/2022,310,237,"76,45",216,21,"91,14",73,"23,55",1,72,"23,23"
410900,GUAPIRAMA,PR,11/2022,284,211,"74,30",199,12,"94,31",73,"25,70",2,71,"25,00"
410900,GUAPIRAMA,PR,09/2022,299,216,"72,24",188,28,"87,04",83,"27,76",5,78,"26,09"
410910,GUAPOREMA,PR,09/2022,136,116,"85,29",89,27,"76,72",20,"14,71",8,12,"8,82"
410910,GUAPOREMA,PR,11/2022,133,119,"89,47",107,12,"89,92",14,"10,53",6,8,"6,02"
410910,GUAPOREMA,PR,07/2022,137,107,"78,10",100,7,"93,46",30,"21,90",8,22,"16,06"
410920,GUARACI,PR,07/2022,333,204,"61,26",184,20,"90,20",129,"38,74",10,119,"35,74"
410920,GUARACI,PR,11/2022,350,203,"58,00",160,43,"78,82",147,"42,00",13,134,"38,29"
410920,GUARACI,PR,09/2022,369,212,"57,45",190,22,"89,62",157,"42,55",14,143,"38,75"
410930,GUARANIAÇU,PR,11/2022,711,604,"84,95",586,18,"97,02",107,"15,05",1,106,"14,91"
410930,GUARANIAÇU,PR,09/2022,717,607,"84,66",557,50,"91,76",110,"15,34",4,106,"14,78"
410930,GUARANIAÇU,PR,07/2022,743,577,"77,66",555,22,"96,19",166,"22,34",5,161,"21,67"
410940,GUARAPUAVA,PR,07/2022,12864,9196,"71,49",9177,19,"99,79",3668,"28,51",60,3608,"28,05"
410940,GUARAPUAVA,PR,11/2022,13353,9670,"72,42",8708,962,"90,05",3683,"27,58",161,3522,"26,38"
410940,GUARAPUAVA,PR,09/2022,13114,9393,"71,63",9200,193,"97,95",3721,"28,37",52,3669,"27,98"
410950,GUARAQUEÇABA,PR,09/2022,1436,270,"18,80",248,22,"91,85",1166,"81,20",716,450,"31,34"
410950,GUARAQUEÇABA,PR,11/2022,1406,1017,"72,33",998,19,"98,13",389,"27,67",179,210,"14,94"
410950,GUARAQUEÇABA,PR,07/2022,1427,575,"40,29",548,27,"95,30",852,"59,71",405,447,"31,32"
410960,GUARATUBA,PR,07/2022,4078,2611,"64,03",2498,113,"95,67",1467,"35,97",57,1410,"34,58"
410960,GUARATUBA,PR,11/2022,4398,3588,"81,58",3380,208,"94,20",810,"18,42",92,718,"16,33"
410960,GUARATUBA,PR,09/2022,4283,2549,"59,51",2366,183,"92,82",1734,"40,49",684,1050,"24,52"
410965,HONÓRIO SERPA,PR,09/2022,514,402,"78,21",401,1,"99,75",112,"21,79",7,105,"20,43"
410965,HONÓRIO SERPA,PR,11/2022,502,437,"87,05",436,1,"99,77",65,"12,95",6,59,"11,75"
410965,HONÓRIO SERPA,PR,07/2022,522,384,"73,56",384,0,"100,00",138,"26,44",31,107,"20,50"
410970,IBAITI,PR,07/2022,1517,1393,"91,83",1332,61,"95,62",124,"8,17",10,114,"7,51"
410970,IBAITI,PR,11/2022,1505,1399,"92,96",1367,32,"97,71",106,"7,04",3,103,"6,84"
410970,IBAITI,PR,09/2022,1531,1369,"89,42",1252,117,"91,45",162,"10,58",33,129,"8,43"
410975,IBEMA,PR,11/2022,653,587,"89,89",563,24,"95,91",66,"10,11",1,65,"9,95"
410975,IBEMA,PR,09/2022,667,507,"76,01",485,22,"95,66",160,"23,99",4,156,"23,39"
410975,IBEMA,PR,07/2022,634,467,"73,66",456,11,"97,64",167,"26,34",5,162,"25,55"
410980,IBIPORÃ,PR,07/2022,3332,2512,"75,39",2289,223,"91,12",820,"24,61",281,539,"16,18"
410980,IBIPORÃ,PR,09/2022,3376,2630,"77,90",2490,140,"94,68",746,"22,10",217,529,"15,67"
410980,IBIPORÃ,PR,11/2022,3381,3022,"89,38",2862,160,"94,71",359,"10,62",3,356,"10,53"
410990,ICARAÍMA,PR,11/2022,702,508,"72,36",463,45,"91,14",194,"27,64",3,191,"27,21"
410990,ICARAÍMA,PR,09/2022,691,490,"70,91",411,79,"83,88",201,"29,09",2,199,"28,80"
410990,ICARAÍMA,PR,07/2022,692,483,"69,80",418,65,"86,54",209,"30,20",2,207,"29,91"
411000,IGUARAÇU,PR,07/2022,283,247,"87,28",247,0,"100,00",36,"12,72",2,34,"12,01"
411000,IGUARAÇU,PR,11/2022,329,292,"88,75",292,0,"100,00",37,"11,25",0,37,"11,25"
411000,IGUARAÇU,PR,09/2022,314,273,"86,94",273,0,"100,00",41,"13,06",1,40,"12,74"
411005,IGUATU,PR,11/2022,119,82,"68,91",78,4,"95,12",37,"31,09",9,28,"23,53"
411005,IGUATU,PR,09/2022,113,77,"68,14",75,2,"97,40",36,"31,86",9,27,"23,89"
411005,IGUATU,PR,07/2022,109,81,"74,31",80,1,"98,77",28,"25,69",1,27,"24,77"
411007,IMBAÚ,PR,07/2022,1271,1146,"90,17",1015,131,"88,57",125,"9,83",7,118,"9,28"
411007,IMBAÚ,PR,09/2022,1269,1097,"86,45",1000,97,"91,16",172,"13,55",23,149,"11,74"
411007,IMBAÚ,PR,11/2022,1219,1093,"89,66",1050,43,"96,07",126,"10,34",1,125,"10,25"
411010,IMBITUVA,PR,11/2022,1988,1719,"86,47",1664,55,"96,80",269,"13,53",77,192,"9,66"
411010,IMBITUVA,PR,09/2022,1994,1260,"63,19",1130,130,"89,68",734,"36,81",134,600,"30,09"
411010,IMBITUVA,PR,07/2022,1908,1044,"54,72",1015,29,"97,22",864,"45,28",186,678,"35,53"
411020,INÁCIO MARTINS,PR,07/2022,1432,911,"63,62",785,126,"86,17",521,"36,38",13,508,"35,47"
411020,INÁCIO MARTINS,PR,09/2022,1435,902,"62,86",779,123,"86,36",533,"37,14",23,510,"35,54"
411020,INÁCIO MARTINS,PR,11/2022,1390,1110,"79,86",1041,69,"93,78",280,"20,14",15,265,"19,06"
411030,INAJÁ,PR,09/2022,238,171,"71,85",168,3,"98,25",67,"28,15",3,64,"26,89"
411030,INAJÁ,PR,11/2022,227,211,"92,95",191,20,"90,52",16,"7,05",3,13,"5,73"
411030,INAJÁ,PR,07/2022,229,161,"70,31",161,0,"100,00",68,"29,69",1,67,"29,26"
411040,INDIANÓPOLIS,PR,07/2022,226,176,"77,88",176,0,"100,00",50,"22,12",9,41,"18,14"
411040,INDIANÓPOLIS,PR,09/2022,263,189,"71,86",189,0,"100,00",74,"28,14",31,43,"16,35"
411040,INDIANÓPOLIS,PR,11/2022,259,240,"92,66",240,0,"100,00",19,"7,34",10,9,"3,47"
411050,IPIRANGA,PR,09/2022,925,884,"95,57",849,35,"96,04",41,"4,43",5,36,"3,89"
411050,IPIRANGA,PR,11/2022,887,854,"96,28",819,35,"95,90",33,"3,72",5,28,"3,16"
411050,IPIRANGA,PR,07/2022,942,870,"92,36",843,27,"96,90",72,"7,64",13,59,"6,26"
411060,IPORÃ,PR,07/2022,760,628,"82,63",596,32,"94,90",132,"17,37",5,127,"16,71"
411060,IPORÃ,PR,09/2022,799,662,"82,85",601,61,"90,79",137,"17,15",7,130,"16,27"
411060,IPORÃ,PR,11/2022,794,699,"88,04",663,36,"94,85",95,"11,96",2,93,"11,71"
411065,IRACEMA DO OESTE,PR,11/2022,136,110,"80,88",102,8,"92,73",26,"19,12",1,25,"18,38"
411065,IRACEMA DO OESTE,PR,09/2022,143,113,"79,02",105,8,"92,92",30,"20,98",21,9,"6,29"
411065,IRACEMA DO OESTE,PR,07/2022,145,131,"90,34",131,0,"100,00",14,"9,66",1,13,"8,97"
411070,IRATI,PR,07/2022,3861,3339,"86,48",3113,226,"93,23",522,"13,52",209,313,"8,11"
411070,IRATI,PR,11/2022,4048,3672,"90,71",3556,116,"96,84",376,"9,29",32,344,"8,50"
411070,IRATI,PR,09/2022,4099,3657,"89,22",3464,193,"94,72",442,"10,78",63,379,"9,25"
411080,IRETAMA,PR,11/2022,931,880,"94,52",864,16,"98,18",51,"5,48",13,38,"4,08"
411080,IRETAMA,PR,09/2022,954,910,"95,39",875,35,"96,15",44,"4,61",19,25,"2,62"
411080,IRETAMA,PR,07/2022,986,938,"95,13",911,27,"97,12",48,"4,87",16,32,"3,25"
411090,ITAGUAJÉ,PR,07/2022,249,159,"63,86",146,13,"91,82",90,"36,14",1,89,"35,74"
411090,ITAGUAJÉ,PR,09/2022,265,166,"62,64",139,27,"83,73",99,"37,36",3,96,"36,23"
411090,ITAGUAJÉ,PR,11/2022,240,197,"82,08",183,14,"92,89",43,"17,92",0,43,"17,92"
411095,ITAIPULÂNDIA,PR,09/2022,483,407,"84,27",386,21,"94,84",76,"15,73",8,68,"14,08"
411095,ITAIPULÂNDIA,PR,11/2022,477,431,"90,36",406,25,"94,20",46,"9,64",1,45,"9,43"
411095,ITAIPULÂNDIA,PR,07/2022,446,375,"84,08",358,17,"95,47",71,"15,92",4,67,"15,02"
411100,ITAMBARACÁ,PR,07/2022,446,243,"54,48",215,28,"88,48",203,"45,52",128,75,"16,82"
411100,ITAMBARACÁ,PR,11/2022,423,378,"89,36",350,28,"92,59",45,"10,64",17,28,"6,62"
411100,ITAMBARACÁ,PR,09/2022,465,379,"81,51",343,36,"90,50",86,"18,49",5,81,"17,42"
411110,ITAMBÉ,PR,11/2022,98,78,"79,59",76,2,"97,44",20,"20,41",3,17,"17,35"
411110,ITAMBÉ,PR,09/2022,89,53,"59,55",50,3,"94,34",36,"40,45",20,16,"17,98"
411110,ITAMBÉ,PR,07/2022,93,74,"79,57",73,1,"98,65",19,"20,43",2,17,"18,28"
411120,ITAPEJARA D´OESTE,PR,07/2022,779,656,"84,21",600,56,"91,46",123,"15,79",31,92,"11,81"
411120,ITAPEJARA D´OESTE,PR,09/2022,802,697,"86,91",633,64,"90,82",105,"13,09",15,90,"11,22"
411120,ITAPEJARA D´OESTE,PR,11/2022,822,709,"86,25",677,32,"95,49",113,"13,75",25,88,"10,71"
411125,ITAPERUÇU,PR,09/2022,3688,3519,"95,42",3020,499,"85,82",169,"4,58",36,133,"3,61"
411125,ITAPERUÇU,PR,11/2022,3545,3371,"95,09",3007,364,"89,20",174,"4,91",50,124,"3,50"
411125,ITAPERUÇU,PR,07/2022,3536,3357,"94,94",2893,464,"86,18",179,"5,06",73,106,"3,00"
411130,ITAÚNA DO SUL,PR,07/2022,336,271,"80,65",256,15,"94,46",65,"19,35",9,56,"16,67"
411130,ITAÚNA DO SUL,PR,09/2022,339,274,"80,83",235,39,"85,77",65,"19,17",11,54,"15,93"
411130,ITAÚNA DO SUL,PR,11/2022,318,282,"88,68",263,19,"93,26",36,"11,32",1,35,"11,01"
411140,IVAÍ,PR,11/2022,1309,1245,"95,11",1209,36,"97,11",64,"4,89",9,55,"4,20"
411140,IVAÍ,PR,09/2022,1439,1416,"98,40",1238,178,"87,43",23,"1,60",6,17,"1,18"
411140,IVAÍ,PR,07/2022,1448,1348,"93,09",1245,103,"92,36",100,"6,91",11,89,"6,15"
411150,IVAIPORÃ,PR,07/2022,1092,998,"91,39",942,56,"94,39",94,"8,61",19,75,"6,87"
411150,IVAIPORÃ,PR,11/2022,1101,982,"89,19",924,58,"94,09",119,"10,81",53,66,"5,99"
411150,IVAIPORÃ,PR,09/2022,1138,1051,"92,36",977,74,"92,96",87,"7,64",17,70,"6,15"
411155,IVATÉ,PR,09/2022,389,349,"89,72",320,29,"91,69",40,"10,28",2,38,"9,77"
411155,IVATÉ,PR,11/2022,383,361,"94,26",339,22,"93,91",22,"5,74",0,22,"5,74"
411155,IVATÉ,PR,07/2022,395,337,"85,32",320,17,"94,96",58,"14,68",0,58,"14,68"
411160,IVATUBA,PR,07/2022,113,106,"93,81",106,0,"100,00",7,"6,19",3,4,"3,54"
411160,IVATUBA,PR,09/2022,120,117,"97,50",117,0,"100,00",3,"2,50",0,3,"2,50"
411160,IVATUBA,PR,11/2022,119,114,"95,80",114,0,"100,00",5,"4,20",0,5,"4,20"
411170,JABOTI,PR,11/2022,439,394,"89,75",373,21,"94,67",45,"10,25",9,36,"8,20"
411170,JABOTI,PR,09/2022,454,355,"78,19",321,34,"90,42",99,"21,81",27,72,"15,86"
411170,JABOTI,PR,07/2022,427,356,"83,37",323,33,"90,73",71,"16,63",8,63,"14,75"
411180,JACAREZINHO,PR,07/2022,3113,2830,"90,91",2570,260,"90,81",283,"9,09",11,272,"8,74"
411180,JACAREZINHO,PR,11/2022,3216,2930,"91,11",2774,156,"94,68",286,"8,89",10,276,"8,58"
411180,JACAREZINHO,PR,09/2022,3275,2976,"90,87",2724,252,"91,53",299,"9,13",6,293,"8,95"
411190,JAGUAPITÃ,PR,09/2022,870,463,"53,22",419,44,"90,50",407,"46,78",100,307,"35,29"
411190,JAGUAPITÃ,PR,11/2022,908,585,"64,43",537,48,"91,79",323,"35,57",10,313,"34,47"
411190,JAGUAPITÃ,PR,07/2022,776,479,"61,73",428,51,"89,35",297,"38,27",33,264,"34,02"
411200,JAGUARIAÍVA,PR,07/2022,2493,1628,"65,30",1526,102,"93,73",865,"34,70",4,861,"34,54"
411200,JAGUARIAÍVA,PR,09/2022,2502,2103,"84,05",1867,236,"88,78",399,"15,95",3,396,"15,83"
411200,JAGUARIAÍVA,PR,11/2022,2418,1996,"82,55",1872,124,"93,79",422,"17,45",2,420,"17,37"
411210,JANDAIA DO SUL,PR,11/2022,1149,1013,"88,16",976,37,"96,35",136,"11,84",5,131,"11,40"
411210,JANDAIA DO SUL,PR,09/2022,1187,1051,"88,54",980,71,"93,24",136,"11,46",5,131,"11,04"
411210,JANDAIA DO SUL,PR,07/2022,1040,935,"89,90",882,53,"94,33",105,"10,10",3,102,"9,81"
411220,JANIÓPOLIS,PR,07/2022,332,312,"93,98",259,53,"83,01",20,"6,02",2,18,"5,42"
411220,JANIÓPOLIS,PR,09/2022,333,313,"93,99",258,55,"82,43",20,"6,01",2,18,"5,41"
411220,JANIÓPOLIS,PR,11/2022,308,294,"95,45",269,25,"91,50",14,"4,55",1,13,"4,22"
411230,JAPIRA,PR,09/2022,404,258,"63,86",248,10,"96,12",146,"36,14",6,140,"34,65"
411230,JAPIRA,PR,11/2022,370,245,"66,22",238,7,"97,14",125,"33,78",2,123,"33,24"
411230,JAPIRA,PR,07/2022,401,271,"67,58",251,20,"92,62",130,"32,42",4,126,"31,42"
411240,JAPURÁ,PR,07/2022,538,364,"67,66",351,13,"96,43",174,"32,34",18,156,"29,00"
411240,JAPURÁ,PR,11/2022,541,372,"68,76",333,39,"89,52",169,"31,24",96,73,"13,49"
411240,JAPURÁ,PR,09/2022,549,401,"73,04",348,53,"86,78",148,"26,96",70,78,"14,21"
411250,JARDIM ALEGRE,PR,11/2022,947,609,"64,31",592,17,"97,21",338,"35,69",136,202,"21,33"
411250,JARDIM ALEGRE,PR,09/2022,981,762,"77,68",690,72,"90,55",219,"22,32",14,205,"20,90"
411250,JARDIM ALEGRE,PR,07/2022,977,671,"68,68",621,50,"92,55",306,"31,32",99,207,"21,19"
411260,JARDIM OLINDA,PR,07/2022,105,95,"90,48",92,3,"96,84",10,"9,52",1,9,"8,57"
411260,JARDIM OLINDA,PR,11/2022,104,99,"95,19",97,2,"97,98",5,"4,81",0,5,"4,81"
411260,JARDIM OLINDA,PR,09/2022,109,102,"93,58",97,5,"95,10",7,"6,42",1,6,"5,50"
411270,JATAIZINHO,PR,09/2022,1029,813,"79,01",762,51,"93,73",216,"20,99",4,212,"20,60"
411270,JATAIZINHO,PR,11/2022,964,837,"86,83",796,41,"95,10",127,"13,17",0,127,"13,17"
411270,JATAIZINHO,PR,07/2022,1021,810,"79,33",752,58,"92,84",211,"20,67",6,205,"20,08"
411275,JESUÍTAS,PR,07/2022,592,511,"86,32",485,26,"94,91",81,"13,68",20,61,"10,30"
411275,JESUÍTAS,PR,11/2022,560,522,"93,21",520,2,"99,62",38,"6,79",4,34,"6,07"
411275,JESUÍTAS,PR,09/2022,604,533,"88,25",487,46,"91,37",71,"11,75",34,37,"6,13"
411280,JOAQUIM TÁVORA,PR,09/2022,651,436,"66,97",423,13,"97,02",215,"33,03",104,111,"17,05"
411280,JOAQUIM TÁVORA,PR,11/2022,690,589,"85,36",575,14,"97,62",101,"14,64",38,63,"9,13"
411280,JOAQUIM TÁVORA,PR,07/2022,646,508,"78,64",506,2,"99,61",138,"21,36",1,137,"21,21"
411290,JUNDIAÍ DO SUL,PR,07/2022,346,265,"76,59",261,4,"98,49",81,"23,41",5,76,"21,97"
411290,JUNDIAÍ DO SUL,PR,09/2022,348,262,"75,29",260,2,"99,24",86,"24,71",6,80,"22,99"
411290,JUNDIAÍ DO SUL,PR,11/2022,351,279,"79,49",278,1,"99,64",72,"20,51",0,72,"20,51"
411295,JURANDA,PR,09/2022,501,430,"85,83",337,93,"78,37",71,"14,17",7,64,"12,77"
411295,JURANDA,PR,11/2022,498,425,"85,34",391,34,"92,00",73,"14,66",3,70,"14,06"
411295,JURANDA,PR,07/2022,493,420,"85,19",339,81,"80,71",73,"14,81",6,67,"13,59"
411300,JUSSARA,PR,07/2022,328,240,"73,17",198,42,"82,50",88,"26,83",1,87,"26,52"
411300,JUSSARA,PR,11/2022,311,286,"91,96",256,30,"89,51",25,"8,04",0,25,"8,04"
411300,JUSSARA,PR,09/2022,336,246,"73,21",189,57,"76,83",90,"26,79",2,88,"26,19"
411310,KALORÉ,PR,09/2022,363,331,"91,18",315,16,"95,17",32,"8,82",2,30,"8,26"
411310,KALORÉ,PR,11/2022,360,326,"90,56",319,7,"97,85",34,"9,44",0,34,"9,44"
411310,KALORÉ,PR,07/2022,335,306,"91,34",288,18,"94,12",29,"8,66",2,27,"8,06"
411320,LAPA,PR,07/2022,2603,2351,"90,32",2033,318,"86,47",252,"9,68",25,227,"8,72"
411320,LAPA,PR,11/2022,2642,2433,"92,09",2220,213,"91,25",209,"7,91",36,173,"6,55"
411320,LAPA,PR,09/2022,2624,2397,"91,35",2032,365,"84,77",227,"8,65",37,190,"7,24"
411325,LARANJAL,PR,09/2022,968,734,"75,83",730,4,"99,46",234,"24,17",6,228,"23,55"
411325,LARANJAL,PR,11/2022,929,783,"84,28",723,60,"92,34",146,"15,72",78,68,"7,32"
411325,LARANJAL,PR,07/2022,982,756,"76,99",756,0,"100,00",226,"23,01",5,221,"22,51"
411330,LARANJEIRAS DO SUL,PR,07/2022,1910,1748,"91,52",1592,156,"91,08",162,"8,48",7,155,"8,12"
411330,LARANJEIRAS DO SUL,PR,09/2022,1924,1890,"98,23",1583,307,"83,76",34,"1,77",8,26,"1,35"
411330,LARANJEIRAS DO SUL,PR,11/2022,1830,1716,"93,77",1582,134,"92,19",114,"6,23",3,111,"6,07"
411340,LEÓPOLIS,PR,11/2022,230,182,"79,13",169,13,"92,86",48,"20,87",0,48,"20,87"
411340,LEÓPOLIS,PR,09/2022,253,190,"75,10",176,14,"92,63",63,"24,90",2,61,"24,11"
411340,LEÓPOLIS,PR,07/2022,240,179,"74,58",171,8,"95,53",61,"25,42",0,61,"25,42"
411342,LIDIANÓPOLIS,PR,07/2022,342,218,"63,74",199,19,"91,28",124,"36,26",37,87,"25,44"
411342,LIDIANÓPOLIS,PR,09/2022,346,212,"61,27",194,18,"91,51",134,"38,73",36,98,"28,32"
411342,LIDIANÓPOLIS,PR,11/2022,325,218,"67,08",218,0,"100,00",107,"32,92",11,96,"29,54"
411345,LINDOESTE,PR,11/2022,579,490,"84,63",476,14,"97,14",89,"15,37",8,81,"13,99"
411345,LINDOESTE,PR,09/2022,609,507,"83,25",479,28,"94,48",102,"16,75",9,93,"15,27"
411345,LINDOESTE,PR,07/2022,623,458,"73,52",455,3,"99,34",165,"26,48",61,104,"16,69"
411350,LOANDA,PR,07/2022,1140,940,"82,46",880,60,"93,62",200,"17,54",13,187,"16,40"
411350,LOANDA,PR,09/2022,1151,952,"82,71",896,56,"94,12",199,"17,29",12,187,"16,25"
411350,LOANDA,PR,11/2022,1156,1013,"87,63",957,56,"94,47",143,"12,37",4,139,"12,02"
411360,LOBATO,PR,11/2022,292,228,"78,08",222,6,"97,37",64,"21,92",10,54,"18,49"
411360,LOBATO,PR,09/2022,289,218,"75,43",195,23,"89,45",71,"24,57",13,58,"20,07"
411360,LOBATO,PR,07/2022,241,176,"73,03",162,14,"92,05",65,"26,97",16,49,"20,33"
411370,LONDRINA,PR,07/2022,27369,24498,"89,51",22818,1680,"93,14",2871,"10,49",314,2557,"9,34"
411370,LONDRINA,PR,11/2022,28749,25654,"89,23",23579,2075,"91,91",3095,"10,77",250,2845,"9,90"
411370,LONDRINA,PR,09/2022,29307,25662,"87,56",22996,2666,"89,61",3645,"12,44",522,3123,"10,66"
411373,LUIZIANA,PR,11/2022,744,691,"92,88",679,12,"98,26",53,"7,12",4,49,"6,59"
411373,LUIZIANA,PR,09/2022,765,700,"91,50",674,26,"96,29",65,"8,50",13,52,"6,80"
411373,LUIZIANA,PR,07/2022,741,673,"90,82",663,10,"98,51",68,"9,18",14,54,"7,29"
411375,LUNARDELLI,PR,07/2022,396,339,"85,61",327,12,"96,46",57,"14,39",6,51,"12,88"
411375,LUNARDELLI,PR,09/2022,406,330,"81,28",329,1,"99,70",76,"18,72",24,52,"12,81"
411375,LUNARDELLI,PR,11/2022,406,345,"84,98",313,32,"90,72",61,"15,02",1,60,"14,78"
411380,LUPIONÓPOLIS,PR,11/2022,386,332,"86,01",324,8,"97,59",54,"13,99",3,51,"13,21"
411380,LUPIONÓPOLIS,PR,09/2022,377,325,"86,21",322,3,"99,08",52,"13,79",3,49,"13,00"
411380,LUPIONÓPOLIS,PR,07/2022,353,298,"84,42",285,13,"95,64",55,"15,58",3,52,"14,73"
411390,MALLET,PR,07/2022,666,619,"92,94",549,70,"88,69",47,"7,06",4,43,"6,46"
411390,MALLET,PR,11/2022,650,640,"98,46",594,46,"92,81",10,"1,54",3,7,"1,08"
411390,MALLET,PR,09/2022,660,600,"90,91",562,38,"93,67",60,"9,09",4,56,"8,48"
411400,MAMBORÊ,PR,11/2022,1047,815,"77,84",777,38,"95,34",232,"22,16",49,183,"17,48"
411400,MAMBORÊ,PR,09/2022,1028,558,"54,28",485,73,"86,92",470,"45,72",276,194,"18,87"
411400,MAMBORÊ,PR,07/2022,1022,782,"76,52",766,16,"97,95",240,"23,48",47,193,"18,88"
411410,MANDAGUAÇU,PR,07/2022,1187,766,"64,53",673,93,"87,86",421,"35,47",120,301,"25,36"
411410,MANDAGUAÇU,PR,11/2022,1327,982,"74,00",933,49,"95,01",345,"26,00",16,329,"24,79"
411410,MANDAGUAÇU,PR,09/2022,1292,831,"64,32",759,72,"91,34",461,"35,68",133,328,"25,39"
411420,MANDAGUARI,PR,09/2022,998,659,"66,03",596,63,"90,44",339,"33,97",98,241,"24,15"
411420,MANDAGUARI,PR,11/2022,963,726,"75,39",674,52,"92,84",237,"24,61",23,214,"22,22"
411420,MANDAGUARI,PR,07/2022,1000,692,"69,20",657,35,"94,94",308,"30,80",65,243,"24,30"
411430,MANDIRITUBA,PR,07/2022,1870,1390,"74,33",1286,104,"92,52",480,"25,67",48,432,"23,10"
411430,MANDIRITUBA,PR,09/2022,1870,1263,"67,54",1196,67,"94,70",607,"32,46",165,442,"23,64"
411430,MANDIRITUBA,PR,11/2022,1889,1452,"76,87",1409,43,"97,04",437,"23,13",16,421,"22,29"
411435,MANFRINÓPOLIS,PR,11/2022,132,118,"89,39",115,3,"97,46",14,"10,61",1,13,"9,85"
411435,MANFRINÓPOLIS,PR,09/2022,138,122,"88,41",122,0,"100,00",16,"11,59",1,15,"10,87"
411435,MANFRINÓPOLIS,PR,07/2022,157,122,"77,71",122,0,"100,00",35,"22,29",12,23,"14,65"
411440,MANGUEIRINHA,PR,07/2022,1425,1309,"91,86",1143,166,"87,32",116,"8,14",61,55,"3,86"
411440,MANGUEIRINHA,PR,09/2022,1425,1296,"90,95",1200,96,"92,59",129,"9,05",8,121,"8,49"
411440,MANGUEIRINHA,PR,11/2022,1344,1251,"93,08",1197,54,"95,68",93,"6,92",3,90,"6,70"
411450,MANOEL RIBAS,PR,11/2022,1571,1234,"78,55",1197,37,"97,00",337,"21,45",11,326,"20,75"
411450,MANOEL RIBAS,PR,09/2022,1654,1305,"78,90",1252,53,"95,94",349,"21,10",22,327,"19,77"
411450,MANOEL RIBAS,PR,07/2022,1631,1312,"80,44",1281,31,"97,64",319,"19,56",14,305,"18,70"
411460,MARECHAL CÂNDIDO RONDON,PR,07/2022,1358,1184,"87,19",1070,114,"90,37",174,"12,81",48,126,"9,28"
411460,MARECHAL CÂNDIDO RONDON,PR,09/2022,1414,1267,"89,60",1146,121,"90,45",147,"10,40",24,123,"8,70"
411460,MARECHAL CÂNDIDO RONDON,PR,11/2022,1423,1390,"97,68",1179,211,"84,82",33,"2,32",15,18,"1,26"
411470,MARIA HELENA,PR,11/2022,393,319,"81,17",292,27,"91,54",74,"18,83",4,70,"17,81"
411470,MARIA HELENA,PR,09/2022,394,316,"80,20",279,37,"88,29",78,"19,80",3,75,"19,04"
411470,MARIA HELENA,PR,07/2022,369,290,"78,59",255,35,"87,93",79,"21,41",6,73,"19,78"
411480,MARIALVA,PR,07/2022,2166,1712,"79,04",1712,0,"100,00",454,"20,96",7,447,"20,64"
411480,MARIALVA,PR,09/2022,2378,1912,"80,40",1911,1,"99,95",466,"19,60",6,460,"19,34"
411480,MARIALVA,PR,11/2022,2408,1956,"81,23",1956,0,"100,00",452,"18,77",2,450,"18,69"
411490,MARILÂNDIA DO SUL,PR,11/2022,720,572,"79,44",514,58,"89,86",148,"20,56",5,143,"19,86"
411490,MARILÂNDIA DO SUL,PR,09/2022,731,588,"80,44",521,67,"88,61",143,"19,56",2,141,"19,29"
411490,MARILÂNDIA DO SUL,PR,07/2022,749,499,"66,62",482,17,"96,59",250,"33,38",3,247,"32,98"
411500,MARILENA,PR,07/2022,416,368,"88,46",317,51,"86,14",48,"11,54",2,46,"11,06"
411500,MARILENA,PR,09/2022,429,380,"88,58",341,39,"89,74",49,"11,42",5,44,"10,26"
411500,MARILENA,PR,11/2022,415,384,"92,53",354,30,"92,19",31,"7,47",1,30,"7,23"
411510,MARILUZ,PR,11/2022,932,829,"88,95",811,18,"97,83",103,"11,05",4,99,"10,62"
411510,MARILUZ,PR,09/2022,952,739,"77,63",701,38,"94,86",213,"22,37",1,212,"22,27"
411510,MARILUZ,PR,07/2022,948,727,"76,69",693,34,"95,32",221,"23,31",2,219,"23,10"
411520,MARINGÁ,PR,07/2022,10037,9364,"93,29",8358,1006,"89,26",673,"6,71",111,562,"5,60"
411520,MARINGÁ,PR,09/2022,11064,10468,"94,61",8883,1585,"84,86",596,"5,39",142,454,"4,10"
411520,MARINGÁ,PR,11/2022,11050,10498,"95,00",9165,1333,"87,30",552,"5,00",86,466,"4,22"
411530,MARIÓPOLIS,PR,09/2022,276,260,"94,20",228,32,"87,69",16,"5,80",1,15,"5,43"
411530,MARIÓPOLIS,PR,11/2022,279,260,"93,19",239,21,"91,92",19,"6,81",1,18,"6,45"
411530,MARIÓPOLIS,PR,07/2022,286,268,"93,71",245,23,"91,42",18,"6,29",7,11,"3,85"
411535,MARIPÁ,PR,07/2022,170,113,"66,47",99,14,"87,61",57,"33,53",6,51,"30,00"
411535,MARIPÁ,PR,11/2022,164,145,"88,41",138,7,"95,17",19,"11,59",1,18,"10,98"
411535,MARIPÁ,PR,09/2022,163,132,"80,98",118,14,"89,39",31,"19,02",2,29,"17,79"
411540,MARMELEIRO,PR,09/2022,1143,967,"84,60",896,71,"92,66",176,"15,40",18,158,"13,82"
411540,MARMELEIRO,PR,11/2022,1125,984,"87,47",953,31,"96,85",141,"12,53",9,132,"11,73"
411540,MARMELEIRO,PR,07/2022,1086,893,"82,23",835,58,"93,51",193,"17,77",28,165,"15,19"
411545,MARQUINHO,PR,07/2022,566,499,"88,16",460,39,"92,18",67,"11,84",8,59,"10,42"
411545,MARQUINHO,PR,11/2022,526,473,"89,92",451,22,"95,35",53,"10,08",2,51,"9,70"
411545,MARQUINHO,PR,09/2022,559,505,"90,34",438,67,"86,73",54,"9,66",5,49,"8,77"
411550,MARUMBI,PR,11/2022,262,253,"96,56",227,26,"89,72",9,"3,44",7,2,"0,76"
411550,MARUMBI,PR,09/2022,268,250,"93,28",217,33,"86,80",18,"6,72",8,10,"3,73"
411550,MARUMBI,PR,07/2022,249,231,"92,77",217,14,"93,94",18,"7,23",7,11,"4,42"
411560,MATELÂNDIA,PR,07/2022,488,422,"86,48",400,22,"94,79",66,"13,52",5,61,"12,50"
411560,MATELÂNDIA,PR,11/2022,495,419,"84,65",393,26,"93,79",76,"15,35",2,74,"14,95"
411560,MATELÂNDIA,PR,09/2022,507,431,"85,01",384,47,"89,10",76,"14,99",7,69,"13,61"
411570,MATINHOS,PR,09/2022,3071,2205,"71,80",1923,282,"87,21",866,"28,20",29,837,"27,25"
411570,MATINHOS,PR,11/2022,3145,2279,"72,46",1998,281,"87,67",866,"27,54",12,854,"27,15"
411570,MATINHOS,PR,07/2022,2747,1883,"68,55",1680,203,"89,22",864,"31,45",122,742,"27,01"
411573,MATO RICO,PR,07/2022,357,255,"71,43",218,37,"85,49",102,"28,57",8,94,"26,33"
411573,MATO RICO,PR,09/2022,366,241,"65,85",226,15,"93,78",125,"34,15",4,121,"33,06"
411573,MATO RICO,PR,11/2022,341,234,"68,62",222,12,"94,87",107,"31,38",11,96,"28,15"
411575,MAUÁ DA SERRA,PR,11/2022,916,727,"79,37",691,36,"95,05",189,"20,63",12,177,"19,32"
411575,MAUÁ DA SERRA,PR,09/2022,917,588,"64,12",537,51,"91,33",329,"35,88",16,313,"34,13"
411575,MAUÁ DA SERRA,PR,07/2022,901,558,"61,93",519,39,"93,01",343,"38,07",39,304,"33,74"
411580,MEDIANEIRA,PR,07/2022,1460,1328,"90,96",1226,102,"92,32",132,"9,04",16,116,"7,95"
411580,MEDIANEIRA,PR,09/2022,1456,1355,"93,06",1198,157,"88,41",101,"6,94",36,65,"4,46"
411580,MEDIANEIRA,PR,11/2022,1422,1305,"91,77",1245,60,"95,40",117,"8,23",15,102,"7,17"
411585,MERCEDES,PR,11/2022,188,137,"72,87",135,2,"98,54",51,"27,13",2,49,"26,06"
411585,MERCEDES,PR,09/2022,181,133,"73,48",131,2,"98,50",48,"26,52",1,47,"25,97"
411585,MERCEDES,PR,07/2022,180,132,"73,33",132,0,"100,00",48,"26,67",4,44,"24,44"
411590,MIRADOR,PR,07/2022,194,170,"87,63",168,2,"98,82",24,"12,37",2,22,"11,34"
411590,MIRADOR,PR,09/2022,187,154,"82,35",140,14,"90,91",33,"17,65",14,19,"10,16"
411590,MIRADOR,PR,11/2022,202,166,"82,18",158,8,"95,18",36,"17,82",7,29,"14,36"
411600,MIRASELVA,PR,11/2022,132,124,"93,94",117,7,"94,35",8,"6,06",0,8,"6,06"
411600,MIRASELVA,PR,09/2022,134,124,"92,54",105,19,"84,68",10,"7,46",2,8,"5,97"
411600,MIRASELVA,PR,07/2022,136,124,"91,18",109,15,"87,90",12,"8,82",2,10,"7,35"
411605,MISSAL,PR,07/2022,634,472,"74,45",419,53,"88,77",162,"25,55",97,65,"10,25"
411605,MISSAL,PR,11/2022,608,539,"88,65",509,30,"94,43",69,"11,35",1,68,"11,18"
411605,MISSAL,PR,09/2022,635,561,"88,35",513,48,"91,44",74,"11,65",11,63,"9,92"
411610,MOREIRA SALES,PR,09/2022,1107,941,"85,00",917,24,"97,45",166,"15,00",3,163,"14,72"
411610,MOREIRA SALES,PR,11/2022,1047,892,"85,20",860,32,"96,41",155,"14,80",1,154,"14,71"
411610,MOREIRA SALES,PR,07/2022,1078,880,"81,63",762,118,"86,59",198,"18,37",3,195,"18,09"
411620,MORRETES,PR,07/2022,1858,1034,"55,65",933,101,"90,23",824,"44,35",215,609,"32,78"
411620,MORRETES,PR,11/2022,1867,1316,"70,49",1257,59,"95,52",551,"29,51",2,549,"29,41"
411620,MORRETES,PR,09/2022,1880,1259,"66,97",1145,114,"90,95",621,"33,03",35,586,"31,17"
411630,MUNHOZ DE MELO,PR,11/2022,299,214,"71,57",197,17,"92,06",85,"28,43",4,81,"27,09"
411630,MUNHOZ DE MELO,PR,09/2022,290,205,"70,69",194,11,"94,63",85,"29,31",2,83,"28,62"
411630,MUNHOZ DE MELO,PR,07/2022,242,172,"71,07",170,2,"98,84",70,"28,93",0,70,"28,93"
411640,NOSSA SENHORA DAS GRAÇAS,PR,07/2022,154,103,"66,88",97,6,"94,17",51,"33,12",1,50,"32,47"
411640,NOSSA SENHORA DAS GRAÇAS,PR,11/2022,150,101,"67,33",82,19,"81,19",49,"32,67",0,49,"32,67"
411640,NOSSA SENHORA DAS GRAÇAS,PR,09/2022,160,112,"70,00",98,14,"87,50",48,"30,00",0,48,"30,00"
411650,NOVA ALIANÇA DO IVAÍ,PR,09/2022,75,62,"82,67",54,8,"87,10",13,"17,33",5,8,"10,67"
411650,NOVA ALIANÇA DO IVAÍ,PR,11/2022,78,67,"85,90",61,6,"91,04",11,"14,10",3,8,"10,26"
411650,NOVA ALIANÇA DO IVAÍ,PR,07/2022,73,56,"76,71",51,5,"91,07",17,"23,29",1,16,"21,92"
411660,NOVA AMÉRICA DA COLINA,PR,07/2022,318,275,"86,48",270,5,"98,18",43,"13,52",1,42,"13,21"
411660,NOVA AMÉRICA DA COLINA,PR,11/2022,329,288,"87,54",288,0,"100,00",41,"12,46",0,41,"12,46"
411660,NOVA AMÉRICA DA COLINA,PR,09/2022,333,289,"86,79",276,13,"95,50",44,"13,21",2,42,"12,61"
411670,NOVA AURORA,PR,11/2022,551,407,"73,87",361,46,"88,70",144,"26,13",46,98,"17,79"
411670,NOVA AURORA,PR,09/2022,568,444,"78,17",391,53,"88,06",124,"21,83",22,102,"17,96"
411670,NOVA AURORA,PR,07/2022,550,427,"77,64",388,39,"90,87",123,"22,36",26,97,"17,64"
411680,NOVA CANTU,PR,07/2022,748,267,"35,70",253,14,"94,76",481,"64,30",297,184,"24,60"
411680,NOVA CANTU,PR,11/2022,738,546,"73,98",544,2,"99,63",192,"26,02",33,159,"21,54"
411680,NOVA CANTU,PR,09/2022,741,269,"36,30",265,4,"98,51",472,"63,70",303,169,"22,81"
411690,NOVA ESPERANÇA,PR,09/2022,1751,1095,"62,54",1075,20,"98,17",656,"37,46",226,430,"24,56"
411690,NOVA ESPERANÇA,PR,11/2022,1750,1149,"65,66",1105,44,"96,17",601,"34,34",169,432,"24,69"
411690,NOVA ESPERANÇA,PR,07/2022,1671,1015,"60,74",996,19,"98,13",656,"39,26",216,440,"26,33"
411695,NOVA ESPERANÇA DO SUDOESTE,PR,07/2022,274,240,"87,59",231,9,"96,25",34,"12,41",20,14,"5,11"
411695,NOVA ESPERANÇA DO SUDOESTE,PR,09/2022,281,255,"90,75",255,0,"100,00",26,"9,25",18,8,"2,85"
411695,NOVA ESPERANÇA DO SUDOESTE,PR,11/2022,280,270,"96,43",270,0,"100,00",10,"3,57",4,6,"2,14"
411700,NOVA FÁTIMA,PR,11/2022,531,426,"80,23",394,32,"92,49",105,"19,77",6,99,"18,64"
411700,NOVA FÁTIMA,PR,09/2022,516,422,"81,78",380,42,"90,05",94,"18,22",7,87,"16,86"
411700,NOVA FÁTIMA,PR,07/2022,522,390,"74,71",363,27,"93,08",132,"25,29",10,122,"23,37"
411705,NOVA LARANJEIRAS,PR,07/2022,1822,1186,"65,09",1000,186,"84,32",636,"34,91",13,623,"34,19"
411705,NOVA LARANJEIRAS,PR,11/2022,1716,1185,"69,06",1093,92,"92,24",531,"30,94",5,526,"30,65"
411705,NOVA LARANJEIRAS,PR,09/2022,1799,1220,"67,82",1103,117,"90,41",579,"32,18",27,552,"30,68"
411710,NOVA LONDRINA,PR,11/2022,798,655,"82,08",652,3,"99,54",143,"17,92",4,139,"17,42"
411710,NOVA LONDRINA,PR,09/2022,801,633,"79,03",619,14,"97,79",168,"20,97",6,162,"20,22"
411710,NOVA LONDRINA,PR,07/2022,776,608,"78,35",607,1,"99,84",168,"21,65",3,165,"21,26"
411720,NOVA OLÍMPIA,PR,07/2022,360,321,"89,17",282,39,"87,85",39,"10,83",0,39,"10,83"
411720,NOVA OLÍMPIA,PR,09/2022,368,265,"72,01",264,1,"99,62",103,"27,99",2,101,"27,45"
411720,NOVA OLÍMPIA,PR,11/2022,320,261,"81,56",261,0,"100,00",59,"18,44",0,59,"18,44"
411721,NOVA SANTA BÁRBARA,PR,09/2022,377,272,"72,15",272,0,"100,00",105,"27,85",29,76,"20,16"
411721,NOVA SANTA BÁRBARA,PR,11/2022,375,292,"77,87",291,1,"99,66",83,"22,13",1,82,"21,87"
411721,NOVA SANTA BÁRBARA,PR,07/2022,364,216,"59,34",214,2,"99,07",148,"40,66",82,66,"18,13"
411722,NOVA SANTA ROSA,PR,07/2022,289,252,"87,20",216,36,"85,71",37,"12,80",14,23,"7,96"
411722,NOVA SANTA ROSA,PR,11/2022,291,263,"90,38",241,22,"91,63",28,"9,62",1,27,"9,28"
411722,NOVA SANTA ROSA,PR,09/2022,300,275,"91,67",235,40,"85,45",25,"8,33",3,22,"7,33"
411725,NOVA PRATA DO IGUAÇU,PR,11/2022,595,511,"85,88",495,16,"96,87",84,"14,12",3,81,"13,61"
411725,NOVA PRATA DO IGUAÇU,PR,09/2022,591,510,"86,29",478,32,"93,73",81,"13,71",11,70,"11,84"
411725,NOVA PRATA DO IGUAÇU,PR,07/2022,563,499,"88,63",457,42,"91,58",64,"11,37",5,59,"10,48"
411727,NOVA TEBAS,PR,07/2022,490,382,"77,96",353,29,"92,41",108,"22,04",10,98,"20,00"
411727,NOVA TEBAS,PR,11/2022,483,400,"82,82",382,18,"95,50",83,"17,18",4,79,"16,36"
411727,NOVA TEBAS,PR,09/2022,491,392,"79,84",364,28,"92,86",99,"20,16",4,95,"19,35"
411729,NOVO ITACOLOMI,PR,11/2022,155,151,"97,42",146,5,"96,69",4,"2,58",0,4,"2,58"
411729,NOVO ITACOLOMI,PR,09/2022,155,148,"95,48",132,16,"89,19",7,"4,52",0,7,"4,52"
411729,NOVO ITACOLOMI,PR,07/2022,151,149,"98,68",141,8,"94,63",2,"1,32",0,2,"1,32"
411730,ORTIGUEIRA,PR,07/2022,3054,2409,"78,88",2203,206,"91,45",645,"21,12",26,619,"20,27"
411730,ORTIGUEIRA,PR,09/2022,3070,2460,"80,13",2319,141,"94,27",610,"19,87",18,592,"19,28"
411730,ORTIGUEIRA,PR,11/2022,2995,2391,"79,83",2297,94,"96,07",604,"20,17",14,590,"19,70"
411740,OURIZONA,PR,11/2022,121,77,"63,64",76,1,"98,70",44,"36,36",17,27,"22,31"
411740,OURIZONA,PR,09/2022,125,76,"60,80",69,7,"90,79",49,"39,20",25,24,"19,20"
411740,OURIZONA,PR,07/2022,122,36,"29,51",34,2,"94,44",86,"70,49",63,23,"18,85"
411745,OURO VERDE DO OESTE,PR,07/2022,237,189,"79,75",176,13,"93,12",48,"20,25",4,44,"18,57"
411745,OURO VERDE DO OESTE,PR,09/2022,228,186,"81,58",159,27,"85,48",42,"18,42",2,40,"17,54"
411745,OURO VERDE DO OESTE,PR,11/2022,224,175,"78,13",158,17,"90,29",49,"21,88",8,41,"18,30"
411750,PAIÇANDU,PR,11/2022,2929,1800,"61,45",1660,140,"92,22",1129,"38,55",245,884,"30,18"
411750,PAIÇANDU,PR,09/2022,2838,1496,"52,71",1372,124,"91,71",1342,"47,29",374,968,"34,11"
411750,PAIÇANDU,PR,07/2022,2500,1531,"61,24",1380,151,"90,14",969,"38,76",68,901,"36,04"
411760,PALMAS,PR,07/2022,4513,3604,"79,86",3309,295,"91,81",909,"20,14",209,700,"15,51"
411760,PALMAS,PR,09/2022,4447,3611,"81,20",3269,342,"90,53",836,"18,80",113,723,"16,26"
411760,PALMAS,PR,11/2022,4363,3792,"86,91",3480,312,"91,77",571,"13,09",52,519,"11,90"
411770,PALMEIRA,PR,09/2022,1507,1162,"77,11",1013,149,"87,18",345,"22,89",4,341,"22,63"
411770,PALMEIRA,PR,11/2022,1484,1185,"79,85",1057,128,"89,20",299,"20,15",9,290,"19,54"
411770,PALMEIRA,PR,07/2022,1478,1130,"76,45",947,183,"83,81",348,"23,55",3,345,"23,34"
411780,PALMITAL,PR,07/2022,1757,1308,"74,45",1153,155,"88,15",449,"25,55",24,425,"24,19"
411780,PALMITAL,PR,11/2022,1647,1470,"89,25",1392,78,"94,69",177,"10,75",5,172,"10,44"
411780,PALMITAL,PR,09/2022,1768,1333,"75,40",1283,50,"96,25",435,"24,60",14,421,"23,81"
411790,PALOTINA,PR,11/2022,987,941,"95,34",873,68,"92,77",46,"4,66",6,40,"4,05"
411790,PALOTINA,PR,09/2022,1004,714,"71,12",671,43,"93,98",290,"28,88",59,231,"23,01"
411790,PALOTINA,PR,07/2022,996,660,"66,27",626,34,"94,85",336,"33,73",95,241,"24,20"
411800,PARAÍSO DO NORTE,PR,07/2022,459,335,"72,98",300,35,"89,55",124,"27,02",1,123,"26,80"
411800,PARAÍSO DO NORTE,PR,09/2022,475,278,"58,53",241,37,"86,69",197,"41,47",64,133,"28,00"
411800,PARAÍSO DO NORTE,PR,11/2022,494,422,"85,43",401,21,"95,02",72,"14,57",1,71,"14,37"
411810,PARANACITY,PR,09/2022,664,473,"71,23",415,58,"87,74",191,"28,77",53,138,"20,78"
411810,PARANACITY,PR,11/2022,629,498,"79,17",426,72,"85,54",131,"20,83",2,129,"20,51"
411810,PARANACITY,PR,07/2022,649,491,"75,65",459,32,"93,48",158,"24,35",7,151,"23,27"
411820,PARANAGUÁ,PR,07/2022,10249,2944,"28,72",2457,487,"83,46",7305,"71,28",4368,2937,"28,66"
411820,PARANAGUÁ,PR,09/2022,10627,8031,"75,57",7178,853,"89,38",2596,"24,43",1339,1257,"11,83"
411820,PARANAGUÁ,PR,11/2022,10922,9957,"91,16",9179,778,"92,19",965,"8,84",157,808,"7,40"
411830,PARANAPOEMA,PR,11/2022,206,192,"93,20",192,0,"100,00",14,"6,80",0,14,"6,80"
411830,PARANAPOEMA,PR,09/2022,221,203,"91,86",203,0,"100,00",18,"8,14",0,18,"8,14"
411830,PARANAPOEMA,PR,07/2022,218,198,"90,83",196,2,"98,99",20,"9,17",0,20,"9,17"
411840,PARANAVAÍ,PR,07/2022,4810,3362,"69,90",3096,266,"92,09",1448,"30,10",30,1418,"29,48"
411840,PARANAVAÍ,PR,09/2022,5165,3623,"70,15",3383,240,"93,38",1542,"29,85",50,1492,"28,89"
411840,PARANAVAÍ,PR,11/2022,5239,4561,"87,06",3845,716,"84,30",678,"12,94",242,436,"8,32"
411845,PATO BRAGADO,PR,11/2022,230,167,"72,61",163,4,"97,60",63,"27,39",8,55,"23,91"
411845,PATO BRAGADO,PR,09/2022,218,162,"74,31",151,11,"93,21",56,"25,69",7,49,"22,48"
411845,PATO BRAGADO,PR,07/2022,201,142,"70,65",134,8,"94,37",59,"29,35",14,45,"22,39"
411850,PATO BRANCO,PR,07/2022,3266,2849,"87,23",2605,244,"91,44",417,"12,77",111,306,"9,37"
411850,PATO BRANCO,PR,09/2022,3251,2806,"86,31",2514,292,"89,59",445,"13,69",130,315,"9,69"
411850,PATO BRANCO,PR,11/2022,3227,2877,"89,15",2700,177,"93,85",350,"10,85",39,311,"9,64"
411860,PAULA FREITAS,PR,11/2022,267,231,"86,52",224,7,"96,97",36,"13,48",0,36,"13,48"
411860,PAULA FREITAS,PR,09/2022,285,229,"80,35",218,11,"95,20",56,"19,65",1,55,"19,30"
411860,PAULA FREITAS,PR,07/2022,281,227,"80,78",222,5,"97,80",54,"19,22",2,52,"18,51"
411870,PAULO FRONTIN,PR,07/2022,262,253,"96,56",236,17,"93,28",9,"3,44",2,7,"2,67"
411870,PAULO FRONTIN,PR,09/2022,278,270,"97,12",246,24,"91,11",8,"2,88",1,7,"2,52"
411870,PAULO FRONTIN,PR,11/2022,261,256,"98,08",238,18,"92,97",5,"1,92",0,5,"1,92"
411880,PEABIRU,PR,09/2022,994,900,"90,54",783,117,"87,00",94,"9,46",19,75,"7,55"
411880,PEABIRU,PR,11/2022,967,871,"90,07",831,40,"95,41",96,"9,93",5,91,"9,41"
411880,PEABIRU,PR,07/2022,980,935,"95,41",847,88,"90,59",45,"4,59",5,40,"4,08"
411885,PEROBAL,PR,07/2022,393,217,"55,22",176,41,"81,11",176,"44,78",92,84,"21,37"
411885,PEROBAL,PR,09/2022,430,367,"85,35",320,47,"87,19",63,"14,65",3,60,"13,95"
411885,PEROBAL,PR,11/2022,389,332,"85,35",298,34,"89,76",57,"14,65",32,25,"6,43"
411890,PÉROLA,PR,09/2022,427,305,"71,43",272,33,"89,18",122,"28,57",6,116,"27,17"
411890,PÉROLA,PR,11/2022,448,357,"79,69",332,25,"93,00",91,"20,31",5,86,"19,20"
411890,PÉROLA,PR,07/2022,425,307,"72,24",267,40,"86,97",118,"27,76",2,116,"27,29"
411900,PÉROLA D´OESTE,PR,07/2022,258,237,"91,86",205,32,"86,50",21,"8,14",2,19,"7,36"
411900,PÉROLA D´OESTE,PR,09/2022,263,236,"89,73",209,27,"88,56",27,"10,27",5,22,"8,37"
411900,PÉROLA D´OESTE,PR,11/2022,255,235,"92,16",213,22,"90,64",20,"7,84",2,18,"7,06"
411910,PIÊN,PR,09/2022,624,544,"87,18",510,34,"93,75",80,"12,82",11,69,"11,06"
411910,PIÊN,PR,11/2022,615,523,"85,04",489,34,"93,50",92,"14,96",20,72,"11,71"
411910,PIÊN,PR,07/2022,612,490,"80,07",446,44,"91,02",122,"19,93",9,113,"18,46"
411915,PINHAIS,PR,07/2022,6406,5351,"83,53",5346,5,"99,91",1055,"16,47",127,928,"14,49"
411915,PINHAIS,PR,09/2022,6624,6055,"91,41",5708,347,"94,27",569,"8,59",127,442,"6,67"
411915,PINHAIS,PR,11/2022,6656,6054,"90,96",5671,383,"93,67",602,"9,04",74,528,"7,93"
411920,PINHALÃO,PR,11/2022,696,571,"82,04",571,0,"100,00",125,"17,96",0,125,"17,96"
411920,PINHALÃO,PR,09/2022,701,565,"80,60",565,0,"100,00",136,"19,40",2,134,"19,12"
411920,PINHALÃO,PR,07/2022,680,545,"80,15",545,0,"100,00",135,"19,85",2,133,"19,56"
411925,PINHAL DE SÃO BENTO,PR,07/2022,178,158,"88,76",149,9,"94,30",20,"11,24",2,18,"10,11"
411925,PINHAL DE SÃO BENTO,PR,09/2022,184,168,"91,30",152,16,"90,48",16,"8,70",4,12,"6,52"
411925,PINHAL DE SÃO BENTO,PR,11/2022,184,172,"93,48",164,8,"95,35",12,"6,52",2,10,"5,43"
411930,PINHÃO,PR,09/2022,3624,2358,"65,07",2133,225,"90,46",1266,"34,93",324,942,"25,99"
411930,PINHÃO,PR,11/2022,3617,2526,"69,84",2394,132,"94,77",1091,"30,16",180,911,"25,19"
411930,PINHÃO,PR,07/2022,3527,2401,"68,07",2171,230,"90,42",1126,"31,93",199,927,"26,28"
411940,PIRAÍ DO SUL,PR,07/2022,1934,1449,"74,92",1230,219,"84,89",485,"25,08",10,475,"24,56"
411940,PIRAÍ DO SUL,PR,11/2022,1906,1374,"72,09",1275,99,"92,79",532,"27,91",1,531,"27,86"
411940,PIRAÍ DO SUL,PR,09/2022,1944,1406,"72,33",1253,153,"89,12",538,"27,67",10,528,"27,16"
411950,PIRAQUARA,PR,11/2022,9868,7554,"76,55",7157,397,"94,74",2314,"23,45",80,2234,"22,64"
411950,PIRAQUARA,PR,09/2022,10125,7083,"69,96",6652,431,"93,92",3042,"30,04",111,2931,"28,95"
411950,PIRAQUARA,PR,07/2022,9646,5584,"57,89",5278,306,"94,52",4062,"42,11",95,3967,"41,13"
411960,PITANGA,PR,07/2022,3053,2294,"75,14",2141,153,"93,33",759,"24,86",110,649,"21,26"
411960,PITANGA,PR,11/2022,2974,2342,"78,75",2166,176,"92,49",632,"21,25",14,618,"20,78"
411960,PITANGA,PR,09/2022,3083,2384,"77,33",2047,337,"85,86",699,"22,67",43,656,"21,28"
411965,PITANGUEIRAS,PR,09/2022,192,156,"81,25",135,21,"86,54",36,"18,75",10,26,"13,54"
411965,PITANGUEIRAS,PR,11/2022,194,182,"93,81",159,23,"87,36",12,"6,19",2,10,"5,15"
411965,PITANGUEIRAS,PR,07/2022,171,138,"80,70",118,20,"85,51",33,"19,30",0,33,"19,30"
411970,PLANALTINA DO PARANÁ,PR,07/2022,395,364,"92,15",325,39,"89,29",31,"7,85",1,30,"7,59"
411970,PLANALTINA DO PARANÁ,PR,11/2022,416,395,"94,95",358,37,"90,63",21,"5,05",3,18,"4,33"
411970,PLANALTINA DO PARANÁ,PR,09/2022,434,389,"89,63",342,47,"87,92",45,"10,37",9,36,"8,29"
411980,PLANALTO,PR,09/2022,598,502,"83,95",497,5,"99,00",96,"16,05",6,90,"15,05"
411980,PLANALTO,PR,11/2022,588,507,"86,22",499,8,"98,42",81,"13,78",4,77,"13,10"
411980,PLANALTO,PR,07/2022,582,486,"83,51",478,8,"98,35",96,"16,49",6,90,"15,46"
411990,PONTA GROSSA,PR,07/2022,20720,15746,"75,99",14843,903,"94,27",4974,"24,01",171,4803,"23,18"
411990,PONTA GROSSA,PR,09/2022,21267,16456,"77,38",15318,1138,"93,08",4811,"22,62",65,4746,"22,32"
411990,PONTA GROSSA,PR,11/2022,21061,17799,"84,51",16415,1384,"92,22",3262,"15,49",52,3210,"15,24"
411995,PONTAL DO PARANÁ,PR,09/2022,2278,1505,"66,07",1417,88,"94,15",773,"33,93",121,652,"28,62"
411995,PONTAL DO PARANÁ,PR,11/2022,2485,1777,"71,51",1673,104,"94,15",708,"28,49",13,695,"27,97"
411995,PONTAL DO PARANÁ,PR,07/2022,2051,1090,"53,14",1008,82,"92,48",961,"46,86",338,623,"30,38"
412000,PORECATU,PR,07/2022,774,660,"85,27",578,82,"87,58",114,"14,73",54,60,"7,75"
412000,PORECATU,PR,09/2022,870,736,"84,60",648,88,"88,04",134,"15,40",22,112,"12,87"
412000,PORECATU,PR,11/2022,849,752,"88,57",733,19,"97,47",97,"11,43",1,96,"11,31"
412010,PORTO AMAZONAS,PR,11/2022,222,156,"70,27",141,15,"90,38",66,"29,73",14,52,"23,42"
412010,PORTO AMAZONAS,PR,09/2022,225,152,"67,56",133,19,"87,50",73,"32,44",22,51,"22,67"
412010,PORTO AMAZONAS,PR,07/2022,212,120,"56,60",102,18,"85,00",92,"43,40",24,68,"32,08"
412015,PORTO BARREIRO,PR,07/2022,256,193,"75,39",159,34,"82,38",63,"24,61",6,57,"22,27"
412015,PORTO BARREIRO,PR,09/2022,267,200,"74,91",169,31,"84,50",67,"25,09",10,57,"21,35"
412015,PORTO BARREIRO,PR,11/2022,258,228,"88,37",219,9,"96,05",30,"11,63",0,30,"11,63"
412020,PORTO RICO,PR,11/2022,218,187,"85,78",172,15,"91,98",31,"14,22",1,30,"13,76"
412020,PORTO RICO,PR,09/2022,211,166,"78,67",146,20,"87,95",45,"21,33",2,43,"20,38"
412020,PORTO RICO,PR,07/2022,218,168,"77,06",152,16,"90,48",50,"22,94",5,45,"20,64"
412030,PORTO VITÓRIA,PR,07/2022,276,253,"91,67",240,13,"94,86",23,"8,33",0,23,"8,33"
412030,PORTO VITÓRIA,PR,09/2022,285,270,"94,74",251,19,"92,96",15,"5,26",0,15,"5,26"
412030,PORTO VITÓRIA,PR,11/2022,280,264,"94,29",259,5,"98,11",16,"5,71",0,16,"5,71"
412033,PRADO FERREIRA,PR,11/2022,274,260,"94,89",234,26,"90,00",14,"5,11",0,14,"5,11"
412033,PRADO FERREIRA,PR,09/2022,262,230,"87,79",223,7,"96,96",32,"12,21",12,20,"7,63"
412033,PRADO FERREIRA,PR,07/2022,251,246,"98,01",227,19,"92,28",5,"1,99",3,2,"0,80"
412035,PRANCHITA,PR,07/2022,372,331,"88,98",310,21,"93,66",41,"11,02",3,38,"10,22"
412035,PRANCHITA,PR,09/2022,372,345,"92,74",291,54,"84,35",27,"7,26",3,24,"6,45"
412035,PRANCHITA,PR,11/2022,327,310,"94,80",287,23,"92,58",17,"5,20",2,15,"4,59"
412040,PRESIDENTE CASTELO BRANCO,PR,09/2022,141,127,"90,07",112,15,"88,19",14,"9,93",1,13,"9,22"
412040,PRESIDENTE CASTELO BRANCO,PR,11/2022,157,143,"91,08",130,13,"90,91",14,"8,92",0,14,"8,92"
412040,PRESIDENTE CASTELO BRANCO,PR,07/2022,139,117,"84,17",104,13,"88,89",22,"15,83",1,21,"15,11"
412050,PRIMEIRO DE MAIO,PR,07/2022,609,493,"80,95",432,61,"87,63",116,"19,05",19,97,"15,93"
412050,PRIMEIRO DE MAIO,PR,11/2022,597,497,"83,25",477,20,"95,98",100,"16,75",20,80,"13,40"
412050,PRIMEIRO DE MAIO,PR,09/2022,603,394,"65,34",373,21,"94,67",209,"34,66",59,150,"24,88"
412060,PRUDENTÓPOLIS,PR,11/2022,3857,3746,"97,12",3317,429,"88,55",111,"2,88",71,40,"1,04"
412060,PRUDENTÓPOLIS,PR,09/2022,4149,3792,"91,40",3206,586,"84,55",357,"8,60",55,302,"7,28"
412060,PRUDENTÓPOLIS,PR,07/2022,4203,3621,"86,15",3132,489,"86,50",582,"13,85",102,480,"11,42"
412065,QUARTO CENTENÁRIO,PR,07/2022,285,237,"83,16",211,26,"89,03",48,"16,84",0,48,"16,84"
412065,QUARTO CENTENÁRIO,PR,09/2022,284,234,"82,39",205,29,"87,61",50,"17,61",5,45,"15,85"
412065,QUARTO CENTENÁRIO,PR,11/2022,270,229,"84,81",211,18,"92,14",41,"15,19",0,41,"15,19"
412070,QUATIGUÁ,PR,09/2022,504,455,"90,28",413,42,"90,77",49,"9,72",14,35,"6,94"
412070,QUATIGUÁ,PR,11/2022,483,441,"91,30",421,20,"95,46",42,"8,70",9,33,"6,83"
412070,QUATIGUÁ,PR,07/2022,482,290,"60,17",268,22,"92,41",192,"39,83",43,149,"30,91"
412080,QUATRO BARRAS,PR,07/2022,972,497,"51,13",469,28,"94,37",475,"48,87",329,146,"15,02"
412080,QUATRO BARRAS,PR,11/2022,1140,975,"85,53",920,55,"94,36",165,"14,47",4,161,"14,12"
412080,QUATRO BARRAS,PR,09/2022,1033,648,"62,73",616,32,"95,06",385,"37,27",246,139,"13,46"
412085,QUATRO PONTES,PR,09/2022,45,35,"77,78",33,2,"94,29",10,"22,22",2,8,"17,78"
412085,QUATRO PONTES,PR,11/2022,46,35,"76,09",35,0,"100,00",11,"23,91",1,10,"21,74"
412085,QUATRO PONTES,PR,07/2022,54,43,"79,63",41,2,"95,35",11,"20,37",2,9,"16,67"
412090,QUEDAS DO IGUAÇU,PR,07/2022,3298,2936,"89,02",2863,73,"97,51",362,"10,98",30,332,"10,07"
412090,QUEDAS DO IGUAÇU,PR,09/2022,3315,2836,"85,55",2719,117,"95,87",479,"14,45",34,445,"13,42"
412090,QUEDAS DO IGUAÇU,PR,11/2022,3192,2813,"88,13",2729,84,"97,01",379,"11,87",18,361,"11,31"
412100,QUERÊNCIA DO NORTE,PR,09/2022,1020,780,"76,47",661,119,"84,74",240,"23,53",8,232,"22,75"
412100,QUERÊNCIA DO NORTE,PR,11/2022,972,866,"89,09",784,82,"90,53",106,"10,91",2,104,"10,70"
412100,QUERÊNCIA DO NORTE,PR,07/2022,1022,813,"79,55",813,0,"100,00",209,"20,45",4,205,"20,06"
412110,QUINTA DO SOL,PR,07/2022,329,249,"75,68",228,21,"91,57",80,"24,32",19,61,"18,54"
412110,QUINTA DO SOL,PR,09/2022,328,263,"80,18",227,36,"86,31",65,"19,82",7,58,"17,68"
412110,QUINTA DO SOL,PR,11/2022,298,236,"79,19",209,27,"88,56",62,"20,81",5,57,"19,13"
412120,QUITANDINHA,PR,09/2022,1023,901,"88,07",824,77,"91,45",122,"11,93",5,117,"11,44"
412120,QUITANDINHA,PR,11/2022,991,879,"88,70",855,24,"97,27",112,"11,30",7,105,"10,60"
412120,QUITANDINHA,PR,07/2022,987,880,"89,16",777,103,"88,30",107,"10,84",7,100,"10,13"
412125,RAMILÂNDIA,PR,07/2022,315,252,"80,00",215,37,"85,32",63,"20,00",1,62,"19,68"
412125,RAMILÂNDIA,PR,09/2022,311,246,"79,10",246,0,"100,00",65,"20,90",1,64,"20,58"
412125,RAMILÂNDIA,PR,11/2022,284,198,"69,72",197,1,"99,49",86,"30,28",0,86,"30,28"
412130,RANCHO ALEGRE,PR,11/2022,259,211,"81,47",196,15,"92,89",48,"18,53",4,44,"16,99"
412130,RANCHO ALEGRE,PR,09/2022,258,207,"80,23",190,17,"91,79",51,"19,77",1,50,"19,38"
412130,RANCHO ALEGRE,PR,07/2022,254,174,"68,50",171,3,"98,28",80,"31,50",33,47,"18,50"
412135,RANCHO ALEGRE D´OESTE,PR,07/2022,170,138,"81,18",131,7,"94,93",32,"18,82",1,31,"18,24"
412135,RANCHO ALEGRE D´OESTE,PR,11/2022,158,147,"93,04",146,1,"99,32",11,"6,96",0,11,"6,96"
412135,RANCHO ALEGRE D´OESTE,PR,09/2022,175,160,"91,43",142,18,"88,75",15,"8,57",1,14,"8,00"
412140,REALEZA,PR,11/2022,724,593,"81,91",573,20,"96,63",131,"18,09",53,78,"10,77"
412140,REALEZA,PR,09/2022,716,551,"76,96",526,25,"95,46",165,"23,04",5,160,"22,35"
412140,REALEZA,PR,07/2022,698,464,"66,48",444,20,"95,69",234,"33,52",65,169,"24,21"
412150,REBOUÇAS,PR,07/2022,1517,1398,"92,16",1246,152,"89,13",119,"7,84",4,115,"7,58"
412150,REBOUÇAS,PR,11/2022,1431,1329,"92,87",1250,79,"94,06",102,"7,13",4,98,"6,85"
412150,REBOUÇAS,PR,09/2022,1515,1406,"92,81",1230,176,"87,48",109,"7,19",10,99,"6,53"
412160,RENASCENÇA,PR,11/2022,216,196,"90,74",185,11,"94,39",20,"9,26",2,18,"8,33"
412160,RENASCENÇA,PR,09/2022,238,215,"90,34",201,14,"93,49",23,"9,66",0,23,"9,66"
412160,RENASCENÇA,PR,07/2022,241,225,"93,36",197,28,"87,56",16,"6,64",4,12,"4,98"
412170,RESERVA,PR,07/2022,2718,2582,"95,00",2347,235,"90,90",136,"5,00",18,118,"4,34"
412170,RESERVA,PR,11/2022,2644,2528,"95,61",2335,193,"92,37",116,"4,39",27,89,"3,37"
412170,RESERVA,PR,09/2022,2742,2624,"95,70",2315,309,"88,22",118,"4,30",11,107,"3,90"
412175,RESERVA DO IGUAÇU,PR,09/2022,869,477,"54,89",410,67,"85,95",392,"45,11",196,196,"22,55"
412175,RESERVA DO IGUAÇU,PR,11/2022,837,612,"73,12",575,37,"93,95",225,"26,88",35,190,"22,70"
412175,RESERVA DO IGUAÇU,PR,07/2022,905,717,"79,23",715,2,"99,72",188,"20,77",10,178,"19,67"
412180,RIBEIRÃO CLARO,PR,07/2022,823,582,"70,72",554,28,"95,19",241,"29,28",11,230,"27,95"
412180,RIBEIRÃO CLARO,PR,09/2022,839,586,"69,85",560,26,"95,56",253,"30,15",18,235,"28,01"
412180,RIBEIRÃO CLARO,PR,11/2022,801,573,"71,54",541,32,"94,42",228,"28,46",13,215,"26,84"
412190,RIBEIRÃO DO PINHAL,PR,11/2022,1323,1242,"93,88",1204,38,"96,94",81,"6,12",10,71,"5,37"
412190,RIBEIRÃO DO PINHAL,PR,09/2022,1357,1245,"91,75",1227,18,"98,55",112,"8,25",3,109,"8,03"
412190,RIBEIRÃO DO PINHAL,PR,07/2022,1366,1274,"93,27",1194,80,"93,72",92,"6,73",10,82,"6,00"
412200,RIO AZUL,PR,07/2022,774,740,"95,61",693,47,"93,65",34,"4,39",4,30,"3,88"
412200,RIO AZUL,PR,11/2022,772,744,"96,37",696,48,"93,55",28,"3,63",2,26,"3,37"
412200,RIO AZUL,PR,09/2022,787,748,"95,04",700,48,"93,58",39,"4,96",3,36,"4,57"
412210,RIO BOM,PR,09/2022,205,170,"82,93",139,31,"81,76",35,"17,07",4,31,"15,12"
412210,RIO BOM,PR,11/2022,210,175,"83,33",154,21,"88,00",35,"16,67",2,33,"15,71"
412210,RIO BOM,PR,07/2022,197,140,"71,07",130,10,"92,86",57,"28,93",1,56,"28,43"
412215,RIO BONITO DO IGUAÇU,PR,07/2022,2004,1686,"84,13",1647,39,"97,69",318,"15,87",19,299,"14,92"
412215,RIO BONITO DO IGUAÇU,PR,09/2022,1961,1721,"87,76",1566,155,"90,99",240,"12,24",14,226,"11,52"
412215,RIO BONITO DO IGUAÇU,PR,11/2022,1911,1690,"88,44",1667,23,"98,64",221,"11,56",6,215,"11,25"
412217,RIO BRANCO DO IVAÍ,PR,09/2022,523,460,"87,95",405,55,"88,04",63,"12,05",17,46,"8,80"
412217,RIO BRANCO DO IVAÍ,PR,11/2022,481,428,"88,98",417,11,"97,43",53,"11,02",1,52,"10,81"
412217,RIO BRANCO DO IVAÍ,PR,07/2022,500,445,"89,00",417,28,"93,71",55,"11,00",9,46,"9,20"
412220,RIO BRANCO DO SUL,PR,07/2022,4116,2854,"69,34",2699,155,"94,57",1262,"30,66",398,864,"20,99"
412220,RIO BRANCO DO SUL,PR,09/2022,4239,3272,"77,19",3153,119,"96,36",967,"22,81",42,925,"21,82"
412220,RIO BRANCO DO SUL,PR,11/2022,4030,3028,"75,14",2803,225,"92,57",1002,"24,86",254,748,"18,56"
412230,RIO NEGRO,PR,11/2022,1176,1021,"86,82",976,45,"95,59",155,"13,18",3,152,"12,93"
412230,RIO NEGRO,PR,09/2022,1241,1056,"85,09",996,60,"94,32",185,"14,91",9,176,"14,18"
412230,RIO NEGRO,PR,07/2022,1230,1027,"83,50",927,100,"90,26",203,"16,50",13,190,"15,45"
412240,ROLÂNDIA,PR,07/2022,2826,2382,"84,29",2145,237,"90,05",444,"15,71",51,393,"13,91"
412240,ROLÂNDIA,PR,09/2022,2851,1891,"66,33",1590,301,"84,08",960,"33,67",525,435,"15,26"
412240,ROLÂNDIA,PR,11/2022,2861,2492,"87,10",2217,275,"88,96",369,"12,90",13,356,"12,44"
412250,RONCADOR,PR,11/2022,700,641,"91,57",593,48,"92,51",59,"8,43",8,51,"7,29"
412250,RONCADOR,PR,09/2022,759,687,"90,51",605,82,"88,06",72,"9,49",14,58,"7,64"
412250,RONCADOR,PR,07/2022,762,652,"85,56",582,70,"89,26",110,"14,44",18,92,"12,07"
412260,RONDON,PR,07/2022,488,220,"45,08",180,40,"81,82",268,"54,92",54,214,"43,85"
412260,RONDON,PR,09/2022,564,303,"53,72",269,34,"88,78",261,"46,28",33,228,"40,43"
412260,RONDON,PR,11/2022,550,317,"57,64",295,22,"93,06",233,"42,36",30,203,"36,91"
412265,ROSÁRIO DO IVAÍ,PR,11/2022,559,379,"67,80",374,5,"98,68",180,"32,20",2,178,"31,84"
412265,ROSÁRIO DO IVAÍ,PR,09/2022,547,346,"63,25",336,10,"97,11",201,"36,75",17,184,"33,64"
412265,ROSÁRIO DO IVAÍ,PR,07/2022,553,348,"62,93",337,11,"96,84",205,"37,07",19,186,"33,63"
412270,SABÁUDIA,PR,07/2022,399,280,"70,18",263,17,"93,93",119,"29,82",33,86,"21,55"
412270,SABÁUDIA,PR,11/2022,389,371,"95,37",355,16,"95,69",18,"4,63",1,17,"4,37"
412270,SABÁUDIA,PR,09/2022,404,327,"80,94",310,17,"94,80",77,"19,06",3,74,"18,32"
412280,SALGADO FILHO,PR,09/2022,185,170,"91,89",149,21,"87,65",15,"8,11",3,12,"6,49"
412280,SALGADO FILHO,PR,11/2022,169,159,"94,08",148,11,"93,08",10,"5,92",0,10,"5,92"
412280,SALGADO FILHO,PR,07/2022,183,170,"92,90",152,18,"89,41",13,"7,10",3,10,"5,46"
412290,SALTO DO ITARARÉ,PR,07/2022,406,319,"78,57",286,33,"89,66",87,"21,43",4,83,"20,44"
412290,SALTO DO ITARARÉ,PR,11/2022,374,338,"90,37",335,3,"99,11",36,"9,63",4,32,"8,56"
412290,SALTO DO ITARARÉ,PR,09/2022,406,337,"83,00",313,24,"92,88",69,"17,00",3,66,"16,26"
412300,SALTO DO LONTRA,PR,09/2022,767,415,"54,11",406,9,"97,83",352,"45,89",93,259,"33,77"
412300,SALTO DO LONTRA,PR,11/2022,784,450,"57,40",448,2,"99,56",334,"42,60",92,242,"30,87"
412300,SALTO DO LONTRA,PR,07/2022,748,401,"53,61",399,2,"99,50",347,"46,39",91,256,"34,22"
412310,SANTA AMÉLIA,PR,07/2022,376,288,"76,60",260,28,"90,28",88,"23,40",15,73,"19,41"
412310,SANTA AMÉLIA,PR,09/2022,377,289,"76,66",272,17,"94,12",88,"23,34",10,78,"20,69"
412310,SANTA AMÉLIA,PR,11/2022,339,286,"84,37",275,11,"96,15",53,"15,63",14,39,"11,50"
412320,SANTA CECÍLIA DO PAVÃO,PR,09/2022,237,211,"89,03",204,7,"96,68",26,"10,97",5,21,"8,86"
412320,SANTA CECÍLIA DO PAVÃO,PR,11/2022,229,226,"98,69",214,12,"94,69",3,"1,31",2,1,"0,44"
412320,SANTA CECÍLIA DO PAVÃO,PR,07/2022,239,210,"87,87",205,5,"97,62",29,"12,13",2,27,"11,30"
412330,SANTA CRUZ DE MONTE CASTELO,PR,07/2022,699,525,"75,11",462,63,"88,00",174,"24,89",2,172,"24,61"
412330,SANTA CRUZ DE MONTE CASTELO,PR,09/2022,730,531,"72,74",495,36,"93,22",199,"27,26",2,197,"26,99"
412330,SANTA CRUZ DE MONTE CASTELO,PR,11/2022,702,566,"80,63",538,28,"95,05",136,"19,37",0,136,"19,37"
412340,SANTA FÉ,PR,11/2022,402,306,"76,12",292,14,"95,42",96,"23,88",4,92,"22,89"
412340,SANTA FÉ,PR,09/2022,406,308,"75,86",301,7,"97,73",98,"24,14",4,94,"23,15"
412340,SANTA FÉ,PR,07/2022,386,251,"65,03",242,9,"96,41",135,"34,97",54,81,"20,98"
412350,SANTA HELENA,PR,07/2022,1032,825,"79,94",789,36,"95,64",207,"20,06",70,137,"13,28"
412350,SANTA HELENA,PR,11/2022,1131,941,"83,20",887,54,"94,26",190,"16,80",51,139,"12,29"
412350,SANTA HELENA,PR,09/2022,1076,821,"76,30",745,76,"90,74",255,"23,70",106,149,"13,85"
412360,SANTA INÊS,PR,09/2022,140,104,"74,29",102,2,"98,08",36,"25,71",0,36,"25,71"
412360,SANTA INÊS,PR,11/2022,137,107,"78,10",107,0,"100,00",30,"21,90",0,30,"21,90"
412360,SANTA INÊS,PR,07/2022,120,47,"39,17",41,6,"87,23",73,"60,83",39,34,"28,33"
412370,SANTA ISABEL DO IVAÍ,PR,07/2022,392,278,"70,92",259,19,"93,17",114,"29,08",10,104,"26,53"
412370,SANTA ISABEL DO IVAÍ,PR,11/2022,477,438,"91,82",376,62,"85,84",39,"8,18",1,38,"7,97"
412370,SANTA ISABEL DO IVAÍ,PR,09/2022,449,323,"71,94",283,40,"87,62",126,"28,06",14,112,"24,94"
412380,SANTA IZABEL DO OESTE,PR,11/2022,566,398,"70,32",370,28,"92,96",168,"29,68",14,154,"27,21"
412380,SANTA IZABEL DO OESTE,PR,09/2022,588,403,"68,54",362,41,"89,83",185,"31,46",21,164,"27,89"
412380,SANTA IZABEL DO OESTE,PR,07/2022,591,410,"69,37",357,53,"87,07",181,"30,63",23,158,"26,73"
412382,SANTA LÚCIA,PR,07/2022,200,177,"88,50",171,6,"96,61",23,"11,50",1,22,"11,00"
412382,SANTA LÚCIA,PR,09/2022,216,203,"93,98",180,23,"88,67",13,"6,02",2,11,"5,09"
412382,SANTA LÚCIA,PR,11/2022,196,185,"94,39",180,5,"97,30",11,"5,61",3,8,"4,08"
412385,SANTA MARIA DO OESTE,PR,09/2022,1212,1075,"88,70",952,123,"88,56",137,"11,30",10,127,"10,48"
412385,SANTA MARIA DO OESTE,PR,11/2022,1143,1020,"89,24",975,45,"95,59",123,"10,76",8,115,"10,06"
412385,SANTA MARIA DO OESTE,PR,07/2022,1252,1100,"87,86",965,135,"87,73",152,"12,14",9,143,"11,42"
412390,SANTA MARIANA,PR,07/2022,1030,687,"66,70",625,62,"90,98",343,"33,30",38,305,"29,61"
412390,SANTA MARIANA,PR,09/2022,1050,707,"67,33",633,74,"89,53",343,"32,67",36,307,"29,24"
412390,SANTA MARIANA,PR,11/2022,1040,706,"67,88",668,38,"94,62",334,"32,12",24,310,"29,81"
412395,SANTA MÔNICA,PR,11/2022,289,273,"94,46",240,33,"87,91",16,"5,54",2,14,"4,84"
412395,SANTA MÔNICA,PR,09/2022,314,254,"80,89",230,24,"90,55",60,"19,11",9,51,"16,24"
412395,SANTA MÔNICA,PR,07/2022,305,265,"86,89",242,23,"91,32",40,"13,11",0,40,"13,11"
412400,SANTANA DO ITARARÉ,PR,07/2022,417,338,"81,06",331,7,"97,93",79,"18,94",2,77,"18,47"
412400,SANTANA DO ITARARÉ,PR,09/2022,416,341,"81,97",322,19,"94,43",75,"18,03",2,73,"17,55"
412400,SANTANA DO ITARARÉ,PR,11/2022,400,364,"91,00",364,0,"100,00",36,"9,00",8,28,"7,00"
412402,SANTA TEREZA DO OESTE,PR,11/2022,942,728,"77,28",721,7,"99,04",214,"22,72",9,205,"21,76"
412402,SANTA TEREZA DO OESTE,PR,09/2022,959,744,"77,58",742,2,"99,73",215,"22,42",12,203,"21,17"
412402,SANTA TEREZA DO OESTE,PR,07/2022,886,445,"50,23",439,6,"98,65",441,"49,77",237,204,"23,02"
412405,SANTA TEREZINHA DE ITAIPU,PR,07/2022,1026,866,"84,41",829,37,"95,73",160,"15,59",67,93,"9,06"
412405,SANTA TEREZINHA DE ITAIPU,PR,09/2022,1078,1009,"93,60",941,68,"93,26",69,"6,40",7,62,"5,75"
412405,SANTA TEREZINHA DE ITAIPU,PR,11/2022,1028,882,"85,80",853,29,"96,71",146,"14,20",74,72,"7,00"
412410,SANTO ANTÔNIO DA PLATINA,PR,11/2022,3294,2536,"76,99",2536,0,"100,00",758,"23,01",5,753,"22,86"
412410,SANTO ANTÔNIO DA PLATINA,PR,09/2022,3308,2509,"75,85",2509,0,"100,00",799,"24,15",5,794,"24,00"
412410,SANTO ANTÔNIO DA PLATINA,PR,07/2022,3251,2468,"75,92",2468,0,"100,00",783,"24,08",7,776,"23,87"
412420,SANTO ANTÔNIO DO CAIUÁ,PR,07/2022,164,143,"87,20",138,5,"96,50",21,"12,80",7,14,"8,54"
412420,SANTO ANTÔNIO DO CAIUÁ,PR,09/2022,159,144,"90,57",134,10,"93,06",15,"9,43",1,14,"8,81"
412420,SANTO ANTÔNIO DO CAIUÁ,PR,11/2022,155,143,"92,26",142,1,"99,30",12,"7,74",0,12,"7,74"
412430,SANTO ANTÔNIO DO PARAÍSO,PR,11/2022,148,141,"95,27",129,12,"91,49",7,"4,73",0,7,"4,73"
412430,SANTO ANTÔNIO DO PARAÍSO,PR,09/2022,151,111,"73,51",109,2,"98,20",40,"26,49",2,38,"25,17"
412430,SANTO ANTÔNIO DO PARAÍSO,PR,07/2022,156,111,"71,15",111,0,"100,00",45,"28,85",6,39,"25,00"
412440,SANTO ANTÔNIO DO SUDOESTE,PR,07/2022,1215,716,"58,93",680,36,"94,97",499,"41,07",4,495,"40,74"
412440,SANTO ANTÔNIO DO SUDOESTE,PR,09/2022,1249,739,"59,17",711,28,"96,21",510,"40,83",8,502,"40,19"
412440,SANTO ANTÔNIO DO SUDOESTE,PR,11/2022,1281,814,"63,54",781,33,"95,95",467,"36,46",5,462,"36,07"
412450,SANTO INÁCIO,PR,11/2022,132,99,"75,00",92,7,"92,93",33,"25,00",4,29,"21,97"
412450,SANTO INÁCIO,PR,09/2022,133,98,"73,68",91,7,"92,86",35,"26,32",3,32,"24,06"
412450,SANTO INÁCIO,PR,07/2022,134,89,"66,42",81,8,"91,01",45,"33,58",13,32,"23,88"
412460,SÃO CARLOS DO IVAÍ,PR,07/2022,505,466,"92,28",415,51,"89,06",39,"7,72",6,33,"6,53"
412460,SÃO CARLOS DO IVAÍ,PR,09/2022,537,495,"92,18",423,72,"85,45",42,"7,82",7,35,"6,52"
412460,SÃO CARLOS DO IVAÍ,PR,11/2022,520,478,"91,92",453,25,"94,77",42,"8,08",5,37,"7,12"
412470,SÃO JERÔNIMO DA SERRA,PR,11/2022,977,933,"95,50",887,46,"95,07",44,"4,50",2,42,"4,30"
412470,SÃO JERÔNIMO DA SERRA,PR,09/2022,1004,896,"89,24",862,34,"96,21",108,"10,76",2,106,"10,56"
412470,SÃO JERÔNIMO DA SERRA,PR,07/2022,997,851,"85,36",786,65,"92,36",146,"14,64",43,103,"10,33"
412480,SÃO JOÃO,PR,07/2022,451,350,"77,61",343,7,"98,00",101,"22,39",26,75,"16,63"
412480,SÃO JOÃO,PR,11/2022,460,368,"80,00",364,4,"98,91",92,"20,00",15,77,"16,74"
412480,SÃO JOÃO,PR,09/2022,461,366,"79,39",362,4,"98,91",95,"20,61",20,75,"16,27"
412490,SÃO JOÃO DO CAIUÁ,PR,09/2022,547,493,"90,13",450,43,"91,28",54,"9,87",2,52,"9,51"
412490,SÃO JOÃO DO CAIUÁ,PR,11/2022,542,514,"94,83",468,46,"91,05",28,"5,17",2,26,"4,80"
412490,SÃO JOÃO DO CAIUÁ,PR,07/2022,512,473,"92,38",418,55,"88,37",39,"7,62",2,37,"7,23"
412500,SÃO JOÃO DO IVAÍ,PR,07/2022,762,542,"71,13",519,23,"95,76",220,"28,87",100,120,"15,75"
412500,SÃO JOÃO DO IVAÍ,PR,11/2022,761,513,"67,41",481,32,"93,76",248,"32,59",84,164,"21,55"
412500,SÃO JOÃO DO IVAÍ,PR,09/2022,761,551,"72,40",471,80,"85,48",210,"27,60",50,160,"21,02"
412510,SÃO JOÃO DO TRIUNFO,PR,11/2022,794,637,"80,23",624,13,"97,96",157,"19,77",4,153,"19,27"
412510,SÃO JOÃO DO TRIUNFO,PR,09/2022,791,624,"78,89",610,14,"97,76",167,"21,11",1,166,"20,99"
412510,SÃO JOÃO DO TRIUNFO,PR,07/2022,778,605,"77,76",602,3,"99,50",173,"22,24",3,170,"21,85"
412520,SÃO JORGE D´OESTE,PR,07/2022,343,222,"64,72",218,4,"98,20",121,"35,28",1,120,"34,99"
412520,SÃO JORGE D´OESTE,PR,09/2022,361,240,"66,48",237,3,"98,75",121,"33,52",2,119,"32,96"
412520,SÃO JORGE D´OESTE,PR,11/2022,359,244,"67,97",236,8,"96,72",115,"32,03",1,114,"31,75"
412530,SÃO JORGE DO IVAÍ,PR,09/2022,217,114,"52,53",113,1,"99,12",103,"47,47",0,103,"47,47"
412530,SÃO JORGE DO IVAÍ,PR,11/2022,233,125,"53,65",124,1,"99,20",108,"46,35",0,108,"46,35"
412530,SÃO JORGE DO IVAÍ,PR,07/2022,206,104,"50,49",104,0,"100,00",102,"49,51",3,99,"48,06"
412535,SÃO JORGE DO PATROCÍNIO,PR,07/2022,192,191,"99,48",172,19,"90,05",1,"0,52",1,0,"0,00"
412535,SÃO JORGE DO PATROCÍNIO,PR,11/2022,179,178,"99,44",168,10,"94,38",1,"0,56",0,1,"0,56"
412535,SÃO JORGE DO PATROCÍNIO,PR,09/2022,186,185,"99,46",165,20,"89,19",1,"0,54",0,1,"0,54"
412540,SÃO JOSÉ DA BOA VISTA,PR,11/2022,452,402,"88,94",387,15,"96,27",50,"11,06",0,50,"11,06"
412540,SÃO JOSÉ DA BOA VISTA,PR,09/2022,475,430,"90,53",376,54,"87,44",45,"9,47",1,44,"9,26"
412540,SÃO JOSÉ DA BOA VISTA,PR,07/2022,477,422,"88,47",386,36,"91,47",55,"11,53",1,54,"11,32"
412545,SÃO JOSÉ DAS PALMEIRAS,PR,07/2022,264,170,"64,39",167,3,"98,24",94,"35,61",4,90,"34,09"
412545,SÃO JOSÉ DAS PALMEIRAS,PR,11/2022,285,267,"93,68",267,0,"100,00",18,"6,32",3,15,"5,26"
412545,SÃO JOSÉ DAS PALMEIRAS,PR,09/2022,282,175,"62,06",172,3,"98,29",107,"37,94",6,101,"35,82"
412550,SÃO JOSÉ DOS PINHAIS,PR,11/2022,17355,11950,"68,86",10756,1194,"90,01",5405,"31,14",283,5122,"29,51"
412550,SÃO JOSÉ DOS PINHAIS,PR,09/2022,17334,10867,"62,69",9672,1195,"89,00",6467,"37,31",657,5810,"33,52"
412550,SÃO JOSÉ DOS PINHAIS,PR,07/2022,15326,9550,"62,31",8668,882,"90,76",5776,"37,69",334,5442,"35,51"
412555,SÃO MANOEL DO PARANÁ,PR,07/2022,61,48,"78,69",40,8,"83,33",13,"21,31",1,12,"19,67"
412555,SÃO MANOEL DO PARANÁ,PR,09/2022,66,55,"83,33",49,6,"89,09",11,"16,67",4,7,"10,61"
412555,SÃO MANOEL DO PARANÁ,PR,11/2022,65,56,"86,15",51,5,"91,07",9,"13,85",1,8,"12,31"
412560,SÃO MATEUS DO SUL,PR,11/2022,2490,2099,"84,30",1926,173,"91,76",391,"15,70",2,389,"15,62"
412560,SÃO MATEUS DO SUL,PR,09/2022,2515,1940,"77,14",1771,169,"91,29",575,"22,86",14,561,"22,31"
412560,SÃO MATEUS DO SUL,PR,07/2022,2479,1915,"77,25",1825,90,"95,30",564,"22,75",12,552,"22,27"
412570,SÃO MIGUEL DO IGUAÇU,PR,07/2022,1442,1323,"91,75",1299,24,"98,19",119,"8,25",30,89,"6,17"
412570,SÃO MIGUEL DO IGUAÇU,PR,11/2022,1432,1324,"92,46",1303,21,"98,41",108,"7,54",7,101,"7,05"
412570,SÃO MIGUEL DO IGUAÇU,PR,09/2022,1420,1308,"92,11",1284,24,"98,17",112,"7,89",10,102,"7,18"
412575,SÃO PEDRO DO IGUAÇU,PR,09/2022,530,341,"64,34",335,6,"98,24",189,"35,66",29,160,"30,19"
412575,SÃO PEDRO DO IGUAÇU,PR,11/2022,538,355,"65,99",346,9,"97,46",183,"34,01",29,154,"28,62"
412575,SÃO PEDRO DO IGUAÇU,PR,07/2022,530,304,"57,36",304,0,"100,00",226,"42,64",104,122,"23,02"
412580,SÃO PEDRO DO IVAÍ,PR,07/2022,675,446,"66,07",428,18,"95,96",229,"33,93",68,161,"23,85"
412580,SÃO PEDRO DO IVAÍ,PR,11/2022,743,580,"78,06",517,63,"89,14",163,"21,94",6,157,"21,13"
412580,SÃO PEDRO DO IVAÍ,PR,09/2022,726,415,"57,16",363,52,"87,47",311,"42,84",159,152,"20,94"
412590,SÃO PEDRO DO PARANÁ,PR,11/2022,117,110,"94,02",102,8,"92,73",7,"5,98",0,7,"5,98"
412590,SÃO PEDRO DO PARANÁ,PR,09/2022,125,108,"86,40",97,11,"89,81",17,"13,60",0,17,"13,60"
412590,SÃO PEDRO DO PARANÁ,PR,07/2022,122,102,"83,61",96,6,"94,12",20,"16,39",0,20,"16,39"
412600,SÃO SEBASTIÃO DA AMOREIRA,PR,07/2022,759,390,"51,38",379,11,"97,18",369,"48,62",143,226,"29,78"
412600,SÃO SEBASTIÃO DA AMOREIRA,PR,11/2022,802,545,"67,96",520,25,"95,41",257,"32,04",73,184,"22,94"
412600,SÃO SEBASTIÃO DA AMOREIRA,PR,09/2022,824,567,"68,81",548,19,"96,65",257,"31,19",19,238,"28,88"
412610,SÃO TOMÉ,PR,09/2022,355,238,"67,04",236,2,"99,16",117,"32,96",7,110,"30,99"
412610,SÃO TOMÉ,PR,11/2022,351,242,"68,95",238,4,"98,35",109,"31,05",3,106,"30,20"
412610,SÃO TOMÉ,PR,07/2022,303,166,"54,79",164,2,"98,80",137,"45,21",45,92,"30,36"
412620,SAPOPEMA,PR,07/2022,641,558,"87,05",552,6,"98,92",83,"12,95",10,73,"11,39"
412620,SAPOPEMA,PR,11/2022,634,599,"94,48",537,62,"89,65",35,"5,52",1,34,"5,36"
412620,SAPOPEMA,PR,09/2022,640,569,"88,91",521,48,"91,56",71,"11,09",8,63,"9,84"
412625,SARANDI,PR,09/2022,2832,2002,"70,69",1698,304,"84,82",830,"29,31",83,747,"26,38"
412625,SARANDI,PR,11/2022,2995,2107,"70,35",1845,262,"87,57",888,"29,65",106,782,"26,11"
412625,SARANDI,PR,07/2022,2695,1891,"70,17",1639,252,"86,67",804,"29,83",85,719,"26,68"
412627,SAUDADE DO IGUAÇU,PR,07/2022,527,444,"84,25",408,36,"91,89",83,"15,75",0,83,"15,75"
412627,SAUDADE DO IGUAÇU,PR,11/2022,499,443,"88,78",424,19,"95,71",56,"11,22",2,54,"10,82"
412627,SAUDADE DO IGUAÇU,PR,09/2022,544,450,"82,72",406,44,"90,22",94,"17,28",3,91,"16,73"
412630,SENGÉS,PR,11/2022,1351,1130,"83,64",1111,19,"98,32",221,"16,36",2,219,"16,21"
412630,SENGÉS,PR,09/2022,1390,1098,"78,99",1074,24,"97,81",292,"21,01",0,292,"21,01"
412630,SENGÉS,PR,07/2022,1395,1102,"79,00",1083,19,"98,28",293,"21,00",0,293,"21,00"
412635,SERRANÓPOLIS DO IGUAÇU,PR,07/2022,123,81,"65,85",79,2,"97,53",42,"34,15",6,36,"29,27"
412635,SERRANÓPOLIS DO IGUAÇU,PR,11/2022,133,120,"90,23",112,8,"93,33",13,"9,77",1,12,"9,02"
412635,SERRANÓPOLIS DO IGUAÇU,PR,09/2022,129,101,"78,29",99,2,"98,02",28,"21,71",3,25,"19,38"
412640,SERTANEJA,PR,09/2022,263,249,"94,68",249,0,"100,00",14,"5,32",0,14,"5,32"
412640,SERTANEJA,PR,11/2022,270,255,"94,44",255,0,"100,00",15,"5,56",0,15,"5,56"
412640,SERTANEJA,PR,07/2022,250,239,"95,60",232,7,"97,07",11,"4,40",0,11,"4,40"
412650,SERTANÓPOLIS,PR,07/2022,803,650,"80,95",650,0,"100,00",153,"19,05",2,151,"18,80"
412650,SERTANÓPOLIS,PR,11/2022,845,730,"86,39",716,14,"98,08",115,"13,61",0,115,"13,61"
412650,SERTANÓPOLIS,PR,09/2022,824,699,"84,83",699,0,"100,00",125,"15,17",1,124,"15,05"
412660,SIQUEIRA CAMPOS,PR,09/2022,1025,897,"87,51",791,106,"88,18",128,"12,49",2,126,"12,29"
412660,SIQUEIRA CAMPOS,PR,11/2022,1004,926,"92,23",838,88,"90,50",78,"7,77",1,77,"7,67"
412660,SIQUEIRA CAMPOS,PR,07/2022,1029,877,"85,23",794,83,"90,54",152,"14,77",8,144,"13,99"
412665,SULINA,PR,07/2022,170,137,"80,59",133,4,"97,08",33,"19,41",3,30,"17,65"
412665,SULINA,PR,09/2022,176,139,"78,98",125,14,"89,93",37,"21,02",2,35,"19,89"
412665,SULINA,PR,11/2022,178,144,"80,90",138,6,"95,83",34,"19,10",1,33,"18,54"
412667,TAMARANA,PR,09/2022,1091,954,"87,44",821,133,"86,06",137,"12,56",3,134,"12,28"
412667,TAMARANA,PR,11/2022,1042,933,"89,54",840,93,"90,03",109,"10,46",6,103,"9,88"
412667,TAMARANA,PR,07/2022,1090,949,"87,06",863,86,"90,94",141,"12,94",2,139,"12,75"
412670,TAMBOARA,PR,07/2022,270,197,"72,96",187,10,"94,92",73,"27,04",1,72,"26,67"
412670,TAMBOARA,PR,09/2022,299,224,"74,92",211,13,"94,20",75,"25,08",1,74,"24,75"
412670,TAMBOARA,PR,11/2022,297,282,"94,95",264,18,"93,62",15,"5,05",1,14,"4,71"
412680,TAPEJARA,PR,09/2022,697,644,"92,40",555,89,"86,18",53,"7,60",15,38,"5,45"
412680,TAPEJARA,PR,11/2022,657,624,"94,98",561,63,"89,90",33,"5,02",4,29,"4,41"
412680,TAPEJARA,PR,07/2022,697,634,"90,96",556,78,"87,70",63,"9,04",13,50,"7,17"
412690,TAPIRA,PR,07/2022,371,327,"88,14",291,36,"88,99",44,"11,86",1,43,"11,59"
412690,TAPIRA,PR,09/2022,401,353,"88,03",308,45,"87,25",48,"11,97",2,46,"11,47"
412690,TAPIRA,PR,11/2022,402,365,"90,80",358,7,"98,08",37,"9,20",2,35,"8,71"
412700,TEIXEIRA SOARES,PR,09/2022,1038,863,"83,14",779,84,"90,27",175,"16,86",72,103,"9,92"
412700,TEIXEIRA SOARES,PR,11/2022,960,863,"89,90",820,43,"95,02",97,"10,10",11,86,"8,96"
412700,TEIXEIRA SOARES,PR,07/2022,1044,752,"72,03",703,49,"93,48",292,"27,97",48,244,"23,37"
412710,TELÊMACO BORBA,PR,07/2022,2856,2617,"91,63",2492,125,"95,22",239,"8,37",19,220,"7,70"
412710,TELÊMACO BORBA,PR,09/2022,2840,2564,"90,28",2331,233,"90,91",276,"9,72",27,249,"8,77"
412710,TELÊMACO BORBA,PR,11/2022,2684,2456,"91,51",2306,150,"93,89",228,"8,49",30,198,"7,38"
412720,TERRA BOA,PR,09/2022,531,438,"82,49",418,20,"95,43",93,"17,51",6,87,"16,38"
412720,TERRA BOA,PR,11/2022,550,486,"88,36",466,20,"95,88",64,"11,64",5,59,"10,73"
412720,TERRA BOA,PR,07/2022,506,391,"77,27",378,13,"96,68",115,"22,73",23,92,"18,18"
412730,TERRA RICA,PR,07/2022,989,864,"87,36",775,89,"89,70",125,"12,64",6,119,"12,03"
412730,TERRA RICA,PR,11/2022,1105,943,"85,34",892,51,"94,59",162,"14,66",2,160,"14,48"
412730,TERRA RICA,PR,09/2022,1088,914,"84,01",798,116,"87,31",174,"15,99",49,125,"11,49"
412740,TERRA ROXA,PR,09/2022,770,574,"74,55",504,70,"87,80",196,"25,45",10,186,"24,16"
412740,TERRA ROXA,PR,11/2022,743,577,"77,66",536,41,"92,89",166,"22,34",2,164,"22,07"
412740,TERRA ROXA,PR,07/2022,768,540,"70,31",495,45,"91,67",228,"29,69",41,187,"24,35"
412750,TIBAGI,PR,07/2022,2396,1272,"53,09",1134,138,"89,15",1124,"46,91",495,629,"26,25"
412750,TIBAGI,PR,09/2022,2492,1824,"73,19",1679,145,"92,05",668,"26,81",18,650,"26,08"
412750,TIBAGI,PR,11/2022,2399,1594,"66,44",1512,82,"94,86",805,"33,56",190,615,"25,64"
412760,TIJUCAS DO SUL,PR,11/2022,1792,1640,"91,52",1618,22,"98,66",152,"8,48",12,140,"7,81"
412760,TIJUCAS DO SUL,PR,09/2022,1850,1695,"91,62",1643,52,"96,93",155,"8,38",26,129,"6,97"
412760,TIJUCAS DO SUL,PR,07/2022,1775,1499,"84,45",1369,130,"91,33",276,"15,55",26,250,"14,08"
412770,TOLEDO,PR,07/2022,3114,2493,"80,06",2326,167,"93,30",621,"19,94",104,517,"16,60"
412770,TOLEDO,PR,09/2022,3280,2967,"90,46",2712,255,"91,41",313,"9,54",46,267,"8,14"
412770,TOLEDO,PR,11/2022,3367,3055,"90,73",2873,182,"94,04",312,"9,27",21,291,"8,64"
412780,TOMAZINA,PR,11/2022,562,499,"88,79",495,4,"99,20",63,"11,21",8,55,"9,79"
412780,TOMAZINA,PR,09/2022,575,416,"72,35",391,25,"93,99",159,"27,65",40,119,"20,70"
412780,TOMAZINA,PR,07/2022,576,439,"76,22",394,45,"89,75",137,"23,78",30,107,"18,58"
412785,TRÊS BARRAS DO PARANÁ,PR,07/2022,1040,968,"93,08",824,144,"85,12",72,"6,92",8,64,"6,15"
412785,TRÊS BARRAS DO PARANÁ,PR,11/2022,955,892,"93,40",815,77,"91,37",63,"6,60",4,59,"6,18"
412785,TRÊS BARRAS DO PARANÁ,PR,09/2022,1040,960,"92,31",798,162,"83,13",80,"7,69",13,67,"6,44"
412788,TUNAS DO PARANÁ,PR,09/2022,1027,715,"69,62",715,0,"100,00",312,"30,38",2,310,"30,19"
412788,TUNAS DO PARANÁ,PR,11/2022,1034,725,"70,12",725,0,"100,00",309,"29,88",1,308,"29,79"
412788,TUNAS DO PARANÁ,PR,07/2022,1018,707,"69,45",707,0,"100,00",311,"30,55",1,310,"30,45"
412790,TUNEIRAS DO OESTE,PR,07/2022,434,166,"38,25",165,1,"99,40",268,"61,75",116,152,"35,02"
412790,TUNEIRAS DO OESTE,PR,09/2022,470,187,"39,79",182,5,"97,33",283,"60,21",119,164,"34,89"
412790,TUNEIRAS DO OESTE,PR,11/2022,507,349,"68,84",341,8,"97,71",158,"31,16",7,151,"29,78"
412795,TUPÃSSI,PR,09/2022,303,207,"68,32",180,27,"86,96",96,"31,68",15,81,"26,73"
412795,TUPÃSSI,PR,11/2022,297,209,"70,37",186,23,"89,00",88,"29,63",13,75,"25,25"
412795,TUPÃSSI,PR,07/2022,306,206,"67,32",182,24,"88,35",100,"32,68",11,89,"29,08"
412796,TURVO,PR,07/2022,1232,844,"68,51",791,53,"93,72",388,"31,49",9,379,"30,76"
412796,TURVO,PR,09/2022,1198,853,"71,20",726,127,"85,11",345,"28,80",71,274,"22,87"
412796,TURVO,PR,11/2022,1137,1014,"89,18",955,59,"94,18",123,"10,82",4,119,"10,47"
412800,UBIRATÃ,PR,09/2022,1529,1154,"75,47",1089,65,"94,37",375,"24,53",136,239,"15,63"
412800,UBIRATÃ,PR,11/2022,1553,1234,"79,46",1178,56,"95,46",319,"20,54",8,311,"20,03"
412800,UBIRATÃ,PR,07/2022,1468,893,"60,83",833,60,"93,28",575,"39,17",370,205,"13,96"
412810,UMUARAMA,PR,07/2022,4583,4138,"90,29",3489,649,"84,32",445,"9,71",39,406,"8,86"
412810,UMUARAMA,PR,09/2022,4661,4197,"90,05",3618,579,"86,20",464,"9,95",20,444,"9,53"
412810,UMUARAMA,PR,11/2022,4544,4095,"90,12",3810,285,"93,04",449,"9,88",13,436,"9,60"
412820,UNIÃO DA VITÓRIA,PR,11/2022,3091,2839,"91,85",2658,181,"93,62",252,"8,15",10,242,"7,83"
412820,UNIÃO DA VITÓRIA,PR,09/2022,3254,2962,"91,03",2653,309,"89,57",292,"8,97",17,275,"8,45"
412820,UNIÃO DA VITÓRIA,PR,07/2022,3238,2927,"90,40",2653,274,"90,64",311,"9,60",44,267,"8,25"
412830,UNIFLOR,PR,07/2022,100,63,"63,00",62,1,"98,41",37,"37,00",3,34,"34,00"
412830,UNIFLOR,PR,09/2022,109,67,"61,47",66,1,"98,51",42,"38,53",3,39,"35,78"
412830,UNIFLOR,PR,11/2022,107,72,"67,29",70,2,"97,22",35,"32,71",0,35,"32,71"
412840,URAÍ,PR,09/2022,731,507,"69,36",487,20,"96,06",224,"30,64",3,221,"30,23"
412840,URAÍ,PR,11/2022,745,587,"78,79",584,3,"99,49",158,"21,21",2,156,"20,94"
412840,URAÍ,PR,07/2022,733,504,"68,76",480,24,"95,24",229,"31,24",4,225,"30,70"
412850,WENCESLAU BRAZ,PR,07/2022,1382,1250,"90,45",1154,96,"92,32",132,"9,55",2,130,"9,41"
412850,WENCESLAU BRAZ,PR,11/2022,1341,1181,"88,07",1120,61,"94,83",160,"11,93",6,154,"11,48"
412850,WENCESLAU BRAZ,PR,09/2022,1405,1250,"88,97",1129,121,"90,32",155,"11,03",7,148,"10,53"
412853,VENTANIA,PR,09/2022,706,497,"70,40",455,42,"91,55",209,"29,60",7,202,"28,61"
412853,VENTANIA,PR,11/2022,676,607,"89,79",563,44,"92,75",69,"10,21",4,65,"9,62"
412853,VENTANIA,PR,07/2022,701,485,"69,19",472,13,"97,32",216,"30,81",6,210,"29,96"
412855,VERA CRUZ DO OESTE,PR,07/2022,423,367,"86,76",325,42,"88,56",56,"13,24",1,55,"13,00"
412855,VERA CRUZ DO OESTE,PR,11/2022,387,338,"87,34",317,21,"93,79",49,"12,66",5,44,"11,37"
412855,VERA CRUZ DO OESTE,PR,09/2022,420,352,"83,81",307,45,"87,22",68,"16,19",0,68,"16,19"
412860,VERÊ,PR,11/2022,337,326,"96,74",315,11,"96,63",11,"3,26",1,10,"2,97"
412860,VERÊ,PR,09/2022,339,187,"55,16",180,7,"96,26",152,"44,84",141,11,"3,24"
412860,VERÊ,PR,07/2022,345,187,"54,20",187,0,"100,00",158,"45,80",143,15,"4,35"
412862,ALTO PARAÍSO,PR,07/2022,282,237,"84,04",224,13,"94,51",45,"15,96",2,43,"15,25"
412862,ALTO PARAÍSO,PR,11/2022,273,246,"90,11",236,10,"95,93",27,"9,89",1,26,"9,52"
412862,ALTO PARAÍSO,PR,09/2022,275,248,"90,18",229,19,"92,34",27,"9,82",0,27,"9,82"
412863,DOUTOR ULYSSES,PR,09/2022,955,842,"88,17",835,7,"99,17",113,"11,83",10,103,"10,79"
412863,DOUTOR ULYSSES,PR,11/2022,942,842,"89,38",842,0,"100,00",100,"10,62",0,100,"10,62"
412863,DOUTOR ULYSSES,PR,07/2022,953,768,"80,59",765,3,"99,61",185,"19,41",6,179,"18,78"
412865,VIRMOND,PR,07/2022,249,198,"79,52",177,21,"89,39",51,"20,48",2,49,"19,68"
412865,VIRMOND,PR,09/2022,258,205,"79,46",198,7,"96,59",53,"20,54",9,44,"17,05"
412865,VIRMOND,PR,11/2022,248,212,"85,48",206,6,"97,17",36,"14,52",2,34,"13,71"
412870,VITORINO,PR,11/2022,499,410,"82,16",407,3,"99,27",89,"17,84",14,75,"15,03"
412870,VITORINO,PR,09/2022,522,451,"86,40",448,3,"99,33",71,"13,60",12,59,"11,30"
412870,VITORINO,PR,07/2022,483,189,"39,13",173,16,"91,53",294,"60,87",239,55,"11,39"
412880,XAMBRÊ,PR,07/2022,350,290,"82,86",270,20,"93,10",60,"17,14",2,58,"16,57"
412880,XAMBRÊ,PR,09/2022,361,293,"81,16",266,27,"90,78",68,"18,84",1,67,"18,56"
412880,XAMBRÊ,PR,11/2022,357,293,"82,07",272,21,"92,83",64,"17,93",2,62,"17,37"
330010,ANGRA DOS REIS,RJ,09/2022,18320,9307,"50,80",8506,801,"91,39",9013,"49,20",1039,7974,"43,53"
330010,ANGRA DOS REIS,RJ,07/2022,16830,8222,"48,85",7449,773,"90,60",8608,"51,15",811,7797,"46,33"
330010,ANGRA DOS REIS,RJ,11/2022,18136,11355,"62,61",10527,828,"92,71",6781,"37,39",505,6276,"34,61"
330015,APERIBÉ,RJ,11/2022,788,654,"82,99",651,3,"99,54",134,"17,01",12,122,"15,48"
330015,APERIBÉ,RJ,07/2022,765,679,"88,76",679,0,"100,00",86,"11,24",11,75,"9,80"
330015,APERIBÉ,RJ,09/2022,796,699,"87,81",687,12,"98,28",97,"12,19",18,79,"9,92"
330020,ARARUAMA,RJ,09/2022,15268,6259,"40,99",6256,3,"99,95",9009,"59,01",1990,7019,"45,97"
330020,ARARUAMA,RJ,07/2022,14504,3893,"26,84",3840,53,"98,64",10611,"73,16",3804,6807,"46,93"
330020,ARARUAMA,RJ,11/2022,15291,5670,"37,08",5615,55,"99,03",9621,"62,92",2801,6820,"44,60"
330022,AREAL,RJ,11/2022,1144,968,"84,62",890,78,"91,94",176,"15,38",17,159,"13,90"
330022,AREAL,RJ,09/2022,1223,832,"68,03",741,91,"89,06",391,"31,97",219,172,"14,06"
330022,AREAL,RJ,07/2022,1209,1030,"85,19",963,67,"93,50",179,"14,81",20,159,"13,15"
330023,ARMAÇÃO DOS BÚZIOS,RJ,09/2022,3778,3242,"85,81",2979,263,"91,89",536,"14,19",13,523,"13,84"
330023,ARMAÇÃO DOS BÚZIOS,RJ,07/2022,3210,2730,"85,05",2503,227,"91,68",480,"14,95",9,471,"14,67"
330023,ARMAÇÃO DOS BÚZIOS,RJ,11/2022,3797,3246,"85,49",3078,168,"94,82",551,"14,51",6,545,"14,35"
330025,ARRAIAL DO CABO,RJ,11/2022,2881,2362,"81,99",2297,65,"97,25",519,"18,01",20,499,"17,32"
330025,ARRAIAL DO CABO,RJ,09/2022,2708,2164,"79,91",2016,148,"93,16",544,"20,09",62,482,"17,80"
330025,ARRAIAL DO CABO,RJ,07/2022,2555,1753,"68,61",1583,170,"90,30",802,"31,39",24,778,"30,45"
330030,BARRA DO PIRAÍ,RJ,07/2022,7348,4758,"64,75",3927,831,"82,53",2590,"35,25",78,2512,"34,19"
330030,BARRA DO PIRAÍ,RJ,09/2022,7355,5651,"76,83",4932,719,"87,28",1704,"23,17",94,1610,"21,89"
330030,BARRA DO PIRAÍ,RJ,11/2022,7140,5624,"78,77",5011,613,"89,10",1516,"21,23",74,1442,"20,20"
330040,BARRA MANSA,RJ,11/2022,11950,10593,"88,64",8704,1889,"82,17",1357,"11,36",227,1130,"9,46"
330040,BARRA MANSA,RJ,07/2022,11507,9225,"80,17",7396,1829,"80,17",2282,"19,83",251,2031,"17,65"
330040,BARRA MANSA,RJ,09/2022,11873,9623,"81,05",7651,1972,"79,51",2250,"18,95",203,2047,"17,24"
330045,BELFORD ROXO,RJ,09/2022,65150,16261,"24,96",15285,976,"94,00",48889,"75,04",21678,27211,"41,77"
330045,BELFORD ROXO,RJ,07/2022,62886,32252,"51,29",31226,1026,"96,82",30634,"48,71",4172,26462,"42,08"
330045,BELFORD ROXO,RJ,11/2022,66678,38723,"58,07",37836,887,"97,71",27955,"41,93",2741,25214,"37,81"
330050,BOM JARDIM,RJ,11/2022,1870,1588,"84,92",1481,107,"93,26",282,"15,08",2,280,"14,97"
330050,BOM JARDIM,RJ,07/2022,1802,1399,"77,64",1315,84,"94,00",403,"22,36",60,343,"19,03"
330050,BOM JARDIM,RJ,09/2022,1814,1524,"84,01",1405,119,"92,19",290,"15,99",44,246,"13,56"
330060,BOM JESUS DO ITABAPOANA,RJ,07/2022,2982,0,"0,00",0,0,,2982,"100,00",2223,759,"25,45"
330060,BOM JESUS DO ITABAPOANA,RJ,09/2022,3538,2537,"71,71",2537,0,"100,00",1001,"28,29",240,761,"21,51"
330060,BOM JESUS DO ITABAPOANA,RJ,11/2022,3561,2639,"74,11",2638,1,"99,96",922,"25,89",196,726,"20,39"
330070,CABO FRIO,RJ,11/2022,21080,16802,"79,71",16800,2,"99,99",4278,"20,29",277,4001,"18,98"
330070,CABO FRIO,RJ,07/2022,18400,15093,"82,03",15078,15,"99,90",3307,"17,97",249,3058,"16,62"
330070,CABO FRIO,RJ,09/2022,20347,16485,"81,02",16472,13,"99,92",3862,"18,98",97,3765,"18,50"
330080,CACHOEIRAS DE MACACU,RJ,09/2022,6535,3059,"46,81",2942,117,"96,18",3476,"53,19",15,3461,"52,96"
330080,CACHOEIRAS DE MACACU,RJ,07/2022,6106,3047,"49,90",2959,88,"97,11",3059,"50,10",11,3048,"49,92"
330080,CACHOEIRAS DE MACACU,RJ,11/2022,6643,3218,"48,44",3138,80,"97,51",3425,"51,56",17,3408,"51,30"
330090,CAMBUCI,RJ,11/2022,1549,1137,"73,40",1137,0,"100,00",412,"26,60",60,352,"22,72"
330090,CAMBUCI,RJ,09/2022,1553,1006,"64,78",993,13,"98,71",547,"35,22",69,478,"30,78"
330090,CAMBUCI,RJ,07/2022,1499,1068,"71,25",1068,0,"100,00",431,"28,75",14,417,"27,82"
330093,CARAPEBUS,RJ,09/2022,1601,1176,"73,45",1173,3,"99,74",425,"26,55",25,400,"24,98"
330093,CARAPEBUS,RJ,07/2022,1443,933,"64,66",931,2,"99,79",510,"35,34",9,501,"34,72"
330093,CARAPEBUS,RJ,11/2022,1588,1242,"78,21",1222,20,"98,39",346,"21,79",8,338,"21,28"
330095,COMENDADOR LEVY GASPARIAN,RJ,11/2022,929,824,"88,70",805,19,"97,69",105,"11,30",4,101,"10,87"
330095,COMENDADOR LEVY GASPARIAN,RJ,09/2022,941,856,"90,97",838,18,"97,90",85,"9,03",12,73,"7,76"
330095,COMENDADOR LEVY GASPARIAN,RJ,07/2022,916,785,"85,70",785,0,"100,00",131,"14,30",2,129,"14,08"
330100,CAMPOS DOS GOYTACAZES,RJ,09/2022,58731,32557,"55,43",30347,2210,"93,21",26174,"44,57",544,25630,"43,64"
330100,CAMPOS DOS GOYTACAZES,RJ,07/2022,57353,31380,"54,71",29257,2123,"93,23",25973,"45,29",889,25084,"43,74"
330100,CAMPOS DOS GOYTACAZES,RJ,11/2022,57649,32752,"56,81",32217,535,"98,37",24897,"43,19",232,24665,"42,78"
330110,CANTAGALO,RJ,11/2022,1774,1149,"64,77",1115,34,"97,04",625,"35,23",12,613,"34,55"
330110,CANTAGALO,RJ,07/2022,1759,1134,"64,47",1092,42,"96,30",625,"35,53",134,491,"27,91"
330110,CANTAGALO,RJ,09/2022,1764,1112,"63,04",1010,102,"90,83",652,"36,96",18,634,"35,94"
330115,CARDOSO MOREIRA,RJ,09/2022,1645,1447,"87,96",1446,1,"99,93",198,"12,04",41,157,"9,54"
330115,CARDOSO MOREIRA,RJ,07/2022,1591,1381,"86,80",1381,0,"100,00",210,"13,20",21,189,"11,88"
330115,CARDOSO MOREIRA,RJ,11/2022,1693,1307,"77,20",1287,20,"98,47",386,"22,80",3,383,"22,62"
330120,CARMO,RJ,11/2022,1895,1375,"72,56",1357,18,"98,69",520,"27,44",38,482,"25,44"
330120,CARMO,RJ,07/2022,1850,1234,"66,70",1096,138,"88,82",616,"33,30",48,568,"30,70"
330120,CARMO,RJ,09/2022,1911,1156,"60,49",1138,18,"98,44",755,"39,51",44,711,"37,21"
330130,CASIMIRO DE ABREU,RJ,07/2022,3226,2850,"88,34",2508,342,"88,00",376,"11,66",81,295,"9,14"
330130,CASIMIRO DE ABREU,RJ,09/2022,3743,3374,"90,14",3081,293,"91,32",369,"9,86",109,260,"6,95"
330130,CASIMIRO DE ABREU,RJ,11/2022,3697,3260,"88,18",3038,222,"93,19",437,"11,82",32,405,"10,95"
330140,CONCEIÇÃO DE MACABU,RJ,11/2022,2651,2111,"79,63",2111,0,"100,00",540,"20,37",10,530,"19,99"
330140,CONCEIÇÃO DE MACABU,RJ,09/2022,2732,2117,"77,49",2078,39,"98,16",615,"22,51",33,582,"21,30"
330140,CONCEIÇÃO DE MACABU,RJ,07/2022,2572,1766,"68,66",1707,59,"96,66",806,"31,34",12,794,"30,87"
330150,CORDEIRO,RJ,07/2022,1610,1010,"62,73",926,84,"91,68",600,"37,27",121,479,"29,75"
330150,CORDEIRO,RJ,09/2022,1796,1181,"65,76",1036,145,"87,72",615,"34,24",90,525,"29,23"
330150,CORDEIRO,RJ,11/2022,1797,1225,"68,17",1160,65,"94,69",572,"31,83",54,518,"28,83"
330160,DUAS BARRAS,RJ,11/2022,1122,746,"66,49",689,57,"92,36",376,"33,51",39,337,"30,04"
330160,DUAS BARRAS,RJ,09/2022,1100,671,"61,00",601,70,"89,57",429,"39,00",101,328,"29,82"
330160,DUAS BARRAS,RJ,07/2022,1077,648,"60,17",556,92,"85,80",429,"39,83",126,303,"28,13"
330170,DUQUE DE CAXIAS,RJ,09/2022,100761,58936,"58,49",58342,594,"98,99",41825,"41,51",1900,39925,"39,62"
330170,DUQUE DE CAXIAS,RJ,07/2022,93191,54342,"58,31",52098,2244,"95,87",38849,"41,69",1673,37176,"39,89"
330170,DUQUE DE CAXIAS,RJ,11/2022,101911,60532,"59,40",58656,1876,"96,90",41379,"40,60",1824,39555,"38,81"
330180,ENGENHEIRO PAULO DE FRONTIN,RJ,11/2022,1213,1020,"84,09",985,35,"96,57",193,"15,91",15,178,"14,67"
330180,ENGENHEIRO PAULO DE FRONTIN,RJ,09/2022,1173,946,"80,65",896,50,"94,71",227,"19,35",22,205,"17,48"
330180,ENGENHEIRO PAULO DE FRONTIN,RJ,07/2022,1134,871,"76,81",839,32,"96,33",263,"23,19",9,254,"22,40"
330185,GUAPIMIRIM,RJ,09/2022,7555,5505,"72,87",5501,4,"99,93",2050,"27,13",20,2030,"26,87"
330185,GUAPIMIRIM,RJ,07/2022,6892,4751,"68,93",4598,153,"96,78",2141,"31,07",83,2058,"29,86"
330185,GUAPIMIRIM,RJ,11/2022,7481,5657,"75,62",5656,1,"99,98",1824,"24,38",413,1411,"18,86"
330187,IGUABA GRANDE,RJ,11/2022,3272,2442,"74,63",2393,49,"97,99",830,"25,37",520,310,"9,47"
330187,IGUABA GRANDE,RJ,09/2022,3138,2401,"76,51",2281,120,"95,00",737,"23,49",461,276,"8,80"
330187,IGUABA GRANDE,RJ,07/2022,2866,2413,"84,19",2308,105,"95,65",453,"15,81",203,250,"8,72"
330190,ITABORAÍ,RJ,09/2022,28208,15820,"56,08",12594,3226,"79,61",12388,"43,92",2044,10344,"36,67"
330190,ITABORAÍ,RJ,07/2022,26298,18474,"70,25",18464,10,"99,95",7824,"29,75",925,6899,"26,23"
330190,ITABORAÍ,RJ,11/2022,27461,21591,"78,62",19449,2142,"90,08",5870,"21,38",2465,3405,"12,40"
330200,ITAGUAÍ,RJ,11/2022,14907,10320,"69,23",9447,873,"91,54",4587,"30,77",52,4535,"30,42"
330200,ITAGUAÍ,RJ,07/2022,14311,8233,"57,53",7371,862,"89,53",6078,"42,47",266,5812,"40,61"
330200,ITAGUAÍ,RJ,09/2022,14998,7967,"53,12",7145,822,"89,68",7031,"46,88",449,6582,"43,89"
330205,ITALVA,RJ,07/2022,1128,865,"76,68",789,76,"91,21",263,"23,32",3,260,"23,05"
330205,ITALVA,RJ,09/2022,1161,877,"75,54",792,85,"90,31",284,"24,46",6,278,"23,94"
330205,ITALVA,RJ,11/2022,1125,889,"79,02",824,65,"92,69",236,"20,98",2,234,"20,80"
330210,ITAOCARA,RJ,11/2022,1656,1106,"66,79",1022,84,"92,41",550,"33,21",17,533,"32,19"
330210,ITAOCARA,RJ,09/2022,1667,1257,"75,40",1192,65,"94,83",410,"24,60",19,391,"23,46"
330210,ITAOCARA,RJ,07/2022,1672,1265,"75,66",1186,79,"93,75",407,"24,34",17,390,"23,33"
330220,ITAPERUNA,RJ,09/2022,6566,4592,"69,94",4481,111,"97,58",1974,"30,06",1412,562,"8,56"
330220,ITAPERUNA,RJ,07/2022,6554,5174,"78,94",5040,134,"97,41",1380,"21,06",57,1323,"20,19"
330220,ITAPERUNA,RJ,11/2022,6697,5829,"87,04",5656,173,"97,03",868,"12,96",18,850,"12,69"
330225,ITATIAIA,RJ,11/2022,2675,2356,"88,07",2186,170,"92,78",319,"11,93",17,302,"11,29"
330225,ITATIAIA,RJ,07/2022,2539,2195,"86,45",1920,275,"87,47",344,"13,55",10,334,"13,15"
330225,ITATIAIA,RJ,09/2022,2680,2394,"89,33",2199,195,"91,85",286,"10,67",27,259,"9,66"
330227,JAPERI,RJ,07/2022,13534,4773,"35,27",4298,475,"90,05",8761,"64,73",1244,7517,"55,54"
330227,JAPERI,RJ,09/2022,14206,5078,"35,75",4844,234,"95,39",9128,"64,25",1681,7447,"52,42"
330227,JAPERI,RJ,11/2022,14013,6535,"46,64",5996,539,"91,75",7478,"53,36",416,7062,"50,40"
330230,LAJE DO MURIAÉ,RJ,11/2022,837,732,"87,46",690,42,"94,26",105,"12,54",7,98,"11,71"
330230,LAJE DO MURIAÉ,RJ,07/2022,883,703,"79,61",688,15,"97,87",180,"20,39",3,177,"20,05"
330230,LAJE DO MURIAÉ,RJ,09/2022,874,724,"82,84",696,28,"96,13",150,"17,16",8,142,"16,25"
330240,MACAÉ,RJ,09/2022,20816,11923,"57,28",10962,961,"91,94",8893,"42,72",1669,7224,"34,70"
330240,MACAÉ,RJ,07/2022,19154,11483,"59,95",10751,732,"93,63",7671,"40,05",1037,6634,"34,64"
330240,MACAÉ,RJ,11/2022,21115,12770,"60,48",11760,1010,"92,09",8345,"39,52",1010,7335,"34,74"
330245,MACUCO,RJ,11/2022,849,678,"79,86",647,31,"95,43",171,"20,14",8,163,"19,20"
330245,MACUCO,RJ,09/2022,839,663,"79,02",637,26,"96,08",176,"20,98",14,162,"19,31"
330245,MACUCO,RJ,07/2022,804,659,"81,97",590,69,"89,53",145,"18,03",12,133,"16,54"
330250,MAGÉ,RJ,09/2022,33105,17938,"54,19",16795,1143,"93,63",15167,"45,81",367,14800,"44,71"
330250,MAGÉ,RJ,07/2022,30870,16842,"54,56",15704,1138,"93,24",14028,"45,44",614,13414,"43,45"
330250,MAGÉ,RJ,11/2022,33360,18721,"56,12",17762,959,"94,88",14639,"43,88",359,14280,"42,81"
330260,MANGARATIBA,RJ,11/2022,4136,3240,"78,34",3240,0,"100,00",896,"21,66",13,883,"21,35"
330260,MANGARATIBA,RJ,09/2022,3875,2998,"77,37",2998,0,"100,00",877,"22,63",19,858,"22,14"
330260,MANGARATIBA,RJ,07/2022,3475,2679,"77,09",2679,0,"100,00",796,"22,91",38,758,"21,81"
330270,MARICÁ,RJ,09/2022,13658,11443,"83,78",9983,1460,"87,24",2215,"16,22",82,2133,"15,62"
330270,MARICÁ,RJ,07/2022,12201,10392,"85,17",9174,1218,"88,28",1809,"14,83",135,1674,"13,72"
330270,MARICÁ,RJ,11/2022,14172,11658,"82,26",10665,993,"91,48",2514,"17,74",97,2417,"17,05"
330280,MENDES,RJ,11/2022,1613,1405,"87,10",1264,141,"89,96",208,"12,90",6,202,"12,52"
330280,MENDES,RJ,07/2022,1484,1267,"85,38",1062,205,"83,82",217,"14,62",9,208,"14,02"
330280,MENDES,RJ,09/2022,1579,1377,"87,21",1275,102,"92,59",202,"12,79",11,191,"12,10"
330285,MESQUITA,RJ,07/2022,17233,12853,"74,58",12668,185,"98,56",4380,"25,42",488,3892,"22,58"
330285,MESQUITA,RJ,09/2022,18220,13018,"71,45",12320,698,"94,64",5202,"28,55",1980,3222,"17,68"
330285,MESQUITA,RJ,11/2022,17712,14020,"79,16",13969,51,"99,64",3692,"20,84",489,3203,"18,08"
330290,MIGUEL PEREIRA,RJ,11/2022,2662,506,"19,01",506,0,"100,00",2156,"80,99",1734,422,"15,85"
330290,MIGUEL PEREIRA,RJ,09/2022,2624,0,"0,00",0,0,,2624,"100,00",2188,436,"16,62"
330290,MIGUEL PEREIRA,RJ,07/2022,2440,0,"0,00",0,0,,2440,"100,00",2054,386,"15,82"
330300,MIRACEMA,RJ,07/2022,3163,2538,"80,24",2356,182,"92,83",625,"19,76",18,607,"19,19"
330300,MIRACEMA,RJ,09/2022,3338,2692,"80,65",2596,96,"96,43",646,"19,35",15,631,"18,90"
330300,MIRACEMA,RJ,11/2022,3309,2764,"83,53",2655,109,"96,06",545,"16,47",15,530,"16,02"
330310,NATIVIDADE,RJ,11/2022,1601,1386,"86,57",1355,31,"97,76",215,"13,43",0,215,"13,43"
330310,NATIVIDADE,RJ,07/2022,1598,1412,"88,36",1403,9,"99,36",186,"11,64",0,186,"11,64"
330310,NATIVIDADE,RJ,09/2022,1658,1121,"67,61",1045,76,"93,22",537,"32,39",339,198,"11,94"
330320,NILÓPOLIS,RJ,07/2022,13338,8194,"61,43",8192,2,"99,98",5144,"38,57",1363,3781,"28,35"
330320,NILÓPOLIS,RJ,09/2022,12707,5924,"46,62",5917,7,"99,88",6783,"53,38",3917,2866,"22,55"
330320,NILÓPOLIS,RJ,11/2022,12868,6237,"48,47",5823,414,"93,36",6631,"51,53",2802,3829,"29,76"
330330,NITERÓI,RJ,11/2022,30163,16628,"55,13",15256,1372,"91,75",13535,"44,87",158,13377,"44,35"
330330,NITERÓI,RJ,09/2022,29399,15361,"52,25",13418,1943,"87,35",14038,"47,75",148,13890,"47,25"
330330,NITERÓI,RJ,07/2022,26150,12639,"48,33",11228,1411,"88,84",13511,"51,67",92,13419,"51,32"
330340,NOVA FRIBURGO,RJ,09/2022,10347,7623,"73,67",6962,661,"91,33",2724,"26,33",80,2644,"25,55"
330340,NOVA FRIBURGO,RJ,07/2022,9572,7042,"73,57",6345,697,"90,10",2530,"26,43",45,2485,"25,96"
330340,NOVA FRIBURGO,RJ,11/2022,10427,8068,"77,38",7270,798,"90,11",2359,"22,62",66,2293,"21,99"
330350,NOVA IGUAÇU,RJ,11/2022,113898,61301,"53,82",60566,735,"98,80",52597,"46,18",727,51870,"45,54"
330350,NOVA IGUAÇU,RJ,09/2022,114097,59422,"52,08",58751,671,"98,87",54675,"47,92",1655,53020,"46,47"
330350,NOVA IGUAÇU,RJ,07/2022,106987,55148,"51,55",54418,730,"98,68",51839,"48,45",1055,50784,"47,47"
330360,PARACAMBI,RJ,07/2022,4795,3939,"82,15",3698,241,"93,88",856,"17,85",66,790,"16,48"
330360,PARACAMBI,RJ,09/2022,5079,4376,"86,16",4173,203,"95,36",703,"13,84",88,615,"12,11"
330360,PARACAMBI,RJ,11/2022,4806,4126,"85,85",4036,90,"97,82",680,"14,15",32,648,"13,48"
330370,PARAÍBA DO SUL,RJ,11/2022,4175,3598,"86,18",3345,253,"92,97",577,"13,82",20,557,"13,34"
330370,PARAÍBA DO SUL,RJ,07/2022,4147,3101,"74,78",2953,148,"95,23",1046,"25,22",15,1031,"24,86"
330370,PARAÍBA DO SUL,RJ,09/2022,4178,3495,"83,65",3100,395,"88,70",683,"16,35",164,519,"12,42"
330380,PARATI,RJ,09/2022,4023,986,"24,51",935,51,"94,83",3037,"75,49",1686,1351,"33,58"
330380,PARATI,RJ,07/2022,3755,2333,"62,13",2318,15,"99,36",1422,"37,87",232,1190,"31,69"
330380,PARATI,RJ,11/2022,4430,2916,"65,82",2913,3,"99,90",1514,"34,18",154,1360,"30,70"
330385,PATY DO ALFERES,RJ,11/2022,3300,2388,"72,36",2381,7,"99,71",912,"27,64",541,371,"11,24"
330385,PATY DO ALFERES,RJ,07/2022,3315,2739,"82,62",2705,34,"98,76",576,"17,38",312,264,"7,96"
330385,PATY DO ALFERES,RJ,09/2022,3316,1952,"58,87",1911,41,"97,90",1364,"41,13",755,609,"18,37"
330390,PETRÓPOLIS,RJ,09/2022,21581,18085,"83,80",15857,2228,"87,68",3496,"16,20",103,3393,"15,72"
330390,PETRÓPOLIS,RJ,07/2022,20157,14247,"70,68",12626,1621,"88,62",5910,"29,32",1962,3948,"19,59"
330390,PETRÓPOLIS,RJ,11/2022,21804,19155,"87,85",17128,2027,"89,42",2649,"12,15",89,2560,"11,74"
330395,PINHEIRAL,RJ,11/2022,2574,1952,"75,84",1932,20,"98,98",622,"24,16",21,601,"23,35"
330395,PINHEIRAL,RJ,07/2022,2469,1416,"57,35",1214,202,"85,73",1053,"42,65",17,1036,"41,96"
330395,PINHEIRAL,RJ,09/2022,2668,1785,"66,90",1606,179,"89,97",883,"33,10",25,858,"32,16"
330400,PIRAÍ,RJ,07/2022,2528,1945,"76,94",1758,187,"90,39",583,"23,06",321,262,"10,36"
330400,PIRAÍ,RJ,09/2022,2694,2435,"90,39",2273,162,"93,35",259,"9,61",42,217,"8,05"
330400,PIRAÍ,RJ,11/2022,2655,2272,"85,57",2172,100,"95,60",383,"14,43",24,359,"13,52"
330410,PORCIÚNCULA,RJ,11/2022,2002,1339,"66,88",1253,86,"93,58",663,"33,12",10,653,"32,62"
330410,PORCIÚNCULA,RJ,09/2022,2040,1344,"65,88",1241,103,"92,34",696,"34,12",34,662,"32,45"
330410,PORCIÚNCULA,RJ,07/2022,1993,1311,"65,78",1202,109,"91,69",682,"34,22",16,666,"33,42"
330411,PORTO REAL,RJ,09/2022,1978,1253,"63,35",1165,88,"92,98",725,"36,65",204,521,"26,34"
330411,PORTO REAL,RJ,07/2022,1881,1355,"72,04",1236,119,"91,22",526,"27,96",8,518,"27,54"
330411,PORTO REAL,RJ,11/2022,1970,1506,"76,45",1430,76,"94,95",464,"23,55",4,460,"23,35"
330412,QUATIS,RJ,11/2022,1247,1070,"85,81",1015,55,"94,86",177,"14,19",2,175,"14,03"
330412,QUATIS,RJ,07/2022,1234,975,"79,01",867,108,"88,92",259,"20,99",97,162,"13,13"
330412,QUATIS,RJ,09/2022,1276,1064,"83,39",952,112,"89,47",212,"16,61",23,189,"14,81"
330414,QUEIMADOS,RJ,07/2022,18443,6866,"37,23",6336,530,"92,28",11577,"62,77",3002,8575,"46,49"
330414,QUEIMADOS,RJ,09/2022,19635,8146,"41,49",7557,589,"92,77",11489,"58,51",2443,9046,"46,07"
330414,QUEIMADOS,RJ,11/2022,19393,7752,"39,97",7465,287,"96,30",11641,"60,03",2674,8967,"46,24"
330415,QUISSAMÃ,RJ,11/2022,2919,2207,"75,61",2035,172,"92,21",712,"24,39",8,704,"24,12"
330415,QUISSAMÃ,RJ,07/2022,2922,2577,"88,19",2453,124,"95,19",345,"11,81",17,328,"11,23"
330415,QUISSAMÃ,RJ,09/2022,3017,2645,"87,67",2401,244,"90,78",372,"12,33",56,316,"10,47"
330420,RESENDE,RJ,07/2022,7312,4187,"57,26",3467,720,"82,80",3125,"42,74",41,3084,"42,18"
330420,RESENDE,RJ,09/2022,7687,6722,"87,45",6055,667,"90,08",965,"12,55",55,910,"11,84"
330420,RESENDE,RJ,11/2022,7622,6707,"88,00",6123,584,"91,29",915,"12,00",48,867,"11,37"
330430,RIO BONITO,RJ,11/2022,6259,5512,"88,07",5205,307,"94,43",747,"11,93",28,719,"11,49"
330430,RIO BONITO,RJ,07/2022,6011,5307,"88,29",4871,436,"91,78",704,"11,71",72,632,"10,51"
330430,RIO BONITO,RJ,09/2022,6435,5761,"89,53",5257,504,"91,25",674,"10,47",47,627,"9,74"
330440,RIO CLARO,RJ,09/2022,1741,1414,"81,22",1281,133,"90,59",327,"18,78",14,313,"17,98"
330440,RIO CLARO,RJ,07/2022,1651,1359,"82,31",1245,114,"91,61",292,"17,69",17,275,"16,66"
330440,RIO CLARO,RJ,11/2022,1686,1397,"82,86",1350,47,"96,64",289,"17,14",9,280,"16,61"
330450,RIO DAS FLORES,RJ,11/2022,1053,709,"67,33",662,47,"93,37",344,"32,67",15,329,"31,24"
330450,RIO DAS FLORES,RJ,09/2022,1053,711,"67,52",631,80,"88,75",342,"32,48",23,319,"30,29"
330450,RIO DAS FLORES,RJ,07/2022,1055,674,"63,89",584,90,"86,65",381,"36,11",61,320,"30,33"
330452,RIO DAS OSTRAS,RJ,09/2022,12856,8149,"63,39",7541,608,"92,54",4707,"36,61",1620,3087,"24,01"
330452,RIO DAS OSTRAS,RJ,07/2022,11584,7282,"62,86",6700,582,"92,01",4302,"37,14",1222,3080,"26,59"
330452,RIO DAS OSTRAS,RJ,11/2022,13466,9760,"72,48",8969,791,"91,90",3706,"27,52",539,3167,"23,52"
330455,RIO DE JANEIRO,RJ,11/2022,464780,294156,"63,29",284806,9350,"96,82",170624,"36,71",33709,136915,"29,46"
330455,RIO DE JANEIRO,RJ,09/2022,459683,256926,"55,89",246245,10681,"95,84",202757,"44,11",54394,148363,"32,28"
330455,RIO DE JANEIRO,RJ,07/2022,422274,240290,"56,90",229516,10774,"95,52",181984,"43,10",42964,139020,"32,92"
330460,SANTA MARIA MADALENA,RJ,09/2022,910,700,"76,92",629,71,"89,86",210,"23,08",6,204,"22,42"
330460,SANTA MARIA MADALENA,RJ,07/2022,904,703,"77,77",640,63,"91,04",201,"22,23",2,199,"22,01"
330460,SANTA MARIA MADALENA,RJ,11/2022,900,702,"78,00",639,63,"91,03",198,"22,00",1,197,"21,89"
330470,SANTO ANTÔNIO DE PÁDUA,RJ,11/2022,3260,1847,"56,66",1765,82,"95,56",1413,"43,34",342,1071,"32,85"
330470,SANTO ANTÔNIO DE PÁDUA,RJ,09/2022,3201,1765,"55,14",1682,83,"95,30",1436,"44,86",348,1088,"33,99"
330470,SANTO ANTÔNIO DE PÁDUA,RJ,07/2022,3111,1676,"53,87",1602,74,"95,58",1435,"46,13",365,1070,"34,39"
330475,SÃO FRANCISCO DE ITABAPOANA,RJ,07/2022,6958,5072,"72,89",4689,383,"92,45",1886,"27,11",69,1817,"26,11"
330475,SÃO FRANCISCO DE ITABAPOANA,RJ,09/2022,6997,5105,"72,96",4471,634,"87,58",1892,"27,04",28,1864,"26,64"
330475,SÃO FRANCISCO DE ITABAPOANA,RJ,11/2022,6839,5088,"74,40",4539,549,"89,21",1751,"25,60",5,1746,"25,53"
330480,SÃO FIDÉLIS,RJ,11/2022,3836,3100,"80,81",2997,103,"96,68",736,"19,19",9,727,"18,95"
330480,SÃO FIDÉLIS,RJ,09/2022,3950,3136,"79,39",2981,155,"95,06",814,"20,61",8,806,"20,41"
330480,SÃO FIDÉLIS,RJ,07/2022,3841,3173,"82,61",2920,253,"92,03",668,"17,39",5,663,"17,26"
330490,SÃO GONÇALO,RJ,07/2022,72893,23559,"32,32",19138,4421,"81,23",49334,"67,68",404,48930,"67,13"
330490,SÃO GONÇALO,RJ,09/2022,76387,28678,"37,54",23168,5510,"80,79",47709,"62,46",394,47315,"61,94"
330490,SÃO GONÇALO,RJ,11/2022,76921,32315,"42,01",29480,2835,"91,23",44606,"57,99",329,44277,"57,56"
330500,SÃO JOÃO DA BARRA,RJ,11/2022,5793,4304,"74,30",4298,6,"99,86",1489,"25,70",6,1483,"25,60"
330500,SÃO JOÃO DA BARRA,RJ,07/2022,5137,3732,"72,65",3664,68,"98,18",1405,"27,35",17,1388,"27,02"
330500,SÃO JOÃO DA BARRA,RJ,09/2022,5614,3681,"65,57",3676,5,"99,86",1933,"34,43",384,1549,"27,59"
330510,SÃO JOÃO DE MERITI,RJ,09/2022,34226,15414,"45,04",13936,1478,"90,41",18812,"54,96",1836,16976,"49,60"
330510,SÃO JOÃO DE MERITI,RJ,07/2022,32286,13472,"41,73",11864,1608,"88,06",18814,"58,27",2629,16185,"50,13"
330510,SÃO JOÃO DE MERITI,RJ,11/2022,34782,17082,"49,11",16302,780,"95,43",17700,"50,89",828,16872,"48,51"
330513,SÃO JOSÉ DE UBÁ,RJ,11/2022,800,685,"85,63",669,16,"97,66",115,"14,38",8,107,"13,38"
330513,SÃO JOSÉ DE UBÁ,RJ,09/2022,800,341,"42,63",316,25,"92,67",459,"57,38",343,116,"14,50"
330513,SÃO JOSÉ DE UBÁ,RJ,07/2022,774,348,"44,96",340,8,"97,70",426,"55,04",327,99,"12,79"
330515,SÃO JOSÉ DO VALE DO RIO PRETO,RJ,07/2022,1922,1268,"65,97",1084,184,"85,49",654,"34,03",166,488,"25,39"
330515,SÃO JOSÉ DO VALE DO RIO PRETO,RJ,09/2022,1984,1223,"61,64",1042,181,"85,20",761,"38,36",384,377,"19,00"
330515,SÃO JOSÉ DO VALE DO RIO PRETO,RJ,11/2022,1956,1397,"71,42",1259,138,"90,12",559,"28,58",209,350,"17,89"
330520,SÃO PEDRO DA ALDEIA,RJ,11/2022,10073,6224,"61,79",6138,86,"98,62",3849,"38,21",56,3793,"37,66"
330520,SÃO PEDRO DA ALDEIA,RJ,09/2022,9847,5871,"59,62",5679,192,"96,73",3976,"40,38",103,3873,"39,33"
330520,SÃO PEDRO DA ALDEIA,RJ,07/2022,8998,5354,"59,50",5094,260,"95,14",3644,"40,50",65,3579,"39,78"
330530,SÃO SEBASTIÃO DO ALTO,RJ,07/2022,867,399,"46,02",339,60,"84,96",468,"53,98",324,144,"16,61"
330530,SÃO SEBASTIÃO DO ALTO,RJ,09/2022,874,548,"62,70",472,76,"86,13",326,"37,30",127,199,"22,77"
330530,SÃO SEBASTIÃO DO ALTO,RJ,11/2022,830,546,"65,78",517,29,"94,69",284,"34,22",41,243,"29,28"
330540,SAPUCAIA,RJ,11/2022,1899,1387,"73,04",1351,36,"97,40",512,"26,96",10,502,"26,43"
330540,SAPUCAIA,RJ,09/2022,1871,1344,"71,83",1286,58,"95,68",527,"28,17",8,519,"27,74"
330540,SAPUCAIA,RJ,07/2022,1868,1334,"71,41",1167,167,"87,48",534,"28,59",19,515,"27,57"
330550,SAQUAREMA,RJ,07/2022,7243,3574,"49,34",3354,220,"93,84",3669,"50,66",154,3515,"48,53"
330550,SAQUAREMA,RJ,09/2022,8228,4349,"52,86",3970,379,"91,29",3879,"47,14",299,3580,"43,51"
330550,SAQUAREMA,RJ,11/2022,8456,5844,"69,11",5793,51,"99,13",2612,"30,89",167,2445,"28,91"
330555,SEROPÉDICA,RJ,11/2022,12323,9330,"75,71",9172,158,"98,31",2993,"24,29",59,2934,"23,81"
330555,SEROPÉDICA,RJ,07/2022,11356,7791,"68,61",7791,0,"100,00",3565,"31,39",1152,2413,"21,25"
330555,SEROPÉDICA,RJ,09/2022,11486,3101,"27,00",3084,17,"99,45",8385,"73,00",5748,2637,"22,96"
330560,SILVA JARDIM,RJ,07/2022,2832,2510,"88,63",2443,67,"97,33",322,"11,37",42,280,"9,89"
330560,SILVA JARDIM,RJ,09/2022,2825,2489,"88,11",2364,125,"94,98",336,"11,89",37,299,"10,58"
330560,SILVA JARDIM,RJ,11/2022,2776,2495,"89,88",2393,102,"95,91",281,"10,12",22,259,"9,33"
330570,SUMIDOURO,RJ,11/2022,1968,1202,"61,08",1197,5,"99,58",766,"38,92",84,682,"34,65"
330570,SUMIDOURO,RJ,07/2022,1865,1177,"63,11",1175,2,"99,83",688,"36,89",36,652,"34,96"
330570,SUMIDOURO,RJ,09/2022,1951,1153,"59,10",1150,3,"99,74",798,"40,90",109,689,"35,32"
330575,TANGUÁ,RJ,09/2022,4436,3412,"76,92",3258,154,"95,49",1024,"23,08",12,1012,"22,81"
330575,TANGUÁ,RJ,07/2022,4162,3284,"78,90",3142,142,"95,68",878,"21,10",4,874,"21,00"
330575,TANGUÁ,RJ,11/2022,4345,3231,"74,36",3181,50,"98,45",1114,"25,64",26,1088,"25,04"
330580,TERESÓPOLIS,RJ,11/2022,13966,10088,"72,23",9613,475,"95,29",3878,"27,77",2903,975,"6,98"
330580,TERESÓPOLIS,RJ,07/2022,12211,8067,"66,06",7487,580,"92,81",4144,"33,94",3299,845,"6,92"
330580,TERESÓPOLIS,RJ,09/2022,13504,7940,"58,80",7326,614,"92,27",5564,"41,20",4721,843,"6,24"
330590,TRAJANO DE MORAIS,RJ,09/2022,1176,668,"56,80",623,45,"93,26",508,"43,20",43,465,"39,54"
330590,TRAJANO DE MORAIS,RJ,07/2022,1157,722,"62,40",702,20,"97,23",435,"37,60",16,419,"36,21"
330590,TRAJANO DE MORAIS,RJ,11/2022,1171,673,"57,47",640,33,"95,10",498,"42,53",14,484,"41,33"
330600,TRÊS RIOS,RJ,11/2022,8839,7489,"84,73",7124,365,"95,13",1350,"15,27",24,1326,"15,00"
330600,TRÊS RIOS,RJ,09/2022,8762,6093,"69,54",5596,497,"91,84",2669,"30,46",527,2142,"24,45"
330600,TRÊS RIOS,RJ,07/2022,8264,6313,"76,39",5914,399,"93,68",1951,"23,61",31,1920,"23,23"
330610,VALENÇA,RJ,07/2022,7465,702,"9,40",646,56,"92,02",6763,"90,60",4691,2072,"27,76"
330610,VALENÇA,RJ,09/2022,7667,2259,"29,46",2134,125,"94,47",5408,"70,54",2321,3087,"40,26"
330610,VALENÇA,RJ,11/2022,7729,3604,"46,63",3351,253,"92,98",4125,"53,37",704,3421,"44,26"
330615,VARRE-SAI,RJ,11/2022,1580,1378,"87,22",1290,88,"93,61",202,"12,78",131,71,"4,49"
330615,VARRE-SAI,RJ,07/2022,1594,1225,"76,85",1199,26,"97,88",369,"23,15",29,340,"21,33"
330615,VARRE-SAI,RJ,09/2022,1618,1230,"76,02",1230,0,"100,00",388,"23,98",28,360,"22,25"
330620,VASSOURAS,RJ,07/2022,2987,2144,"71,78",2061,83,"96,13",843,"28,22",12,831,"27,82"
330620,VASSOURAS,RJ,09/2022,3035,2646,"87,18",2603,43,"98,37",389,"12,82",23,366,"12,06"
330620,VASSOURAS,RJ,11/2022,3088,2674,"86,59",2549,125,"95,33",414,"13,41",28,386,"12,50"
330630,VOLTA REDONDA,RJ,11/2022,18785,12037,"64,08",11087,950,"92,11",6748,"35,92",2793,3955,"21,05"
330630,VOLTA REDONDA,RJ,09/2022,18518,9649,"52,11",8744,905,"90,62",8869,"47,89",4830,4039,"21,81"
330630,VOLTA REDONDA,RJ,07/2022,17353,10284,"59,26",9021,1263,"87,72",7069,"40,74",2942,4127,"23,78"
240010,ACARI,RN,11/2022,1336,1225,"91,69",1195,30,"97,55",111,"8,31",70,41,"3,07"
240010,ACARI,RN,07/2022,1392,1225,"88,00",1219,6,"99,51",167,"12,00",50,117,"8,41"
240010,ACARI,RN,09/2022,1380,1173,"85,00",1170,3,"99,74",207,"15,00",87,120,"8,70"
240020,AÇU,RN,07/2022,8811,7248,"82,26",7248,0,"100,00",1563,"17,74",25,1538,"17,46"
240020,AÇU,RN,09/2022,8678,2,"0,02",0,2,"0,00",8676,"99,98",7111,1565,"18,03"
240020,AÇU,RN,11/2022,9075,7296,"80,40",7262,34,"99,53",1779,"19,60",180,1599,"17,62"
240030,AFONSO BEZERRA,RN,11/2022,1981,1388,"70,07",1358,30,"97,84",593,"29,93",9,584,"29,48"
240030,AFONSO BEZERRA,RN,09/2022,2027,1218,"60,09",1218,0,"100,00",809,"39,91",22,787,"38,83"
240030,AFONSO BEZERRA,RN,07/2022,1974,1199,"60,74",1195,4,"99,67",775,"39,26",16,759,"38,45"
240040,ÁGUA NOVA,RN,09/2022,516,142,"27,52",130,12,"91,55",374,"72,48",289,85,"16,47"
240040,ÁGUA NOVA,RN,07/2022,536,456,"85,07",428,28,"93,86",80,"14,93",2,78,"14,55"
240040,ÁGUA NOVA,RN,11/2022,479,430,"89,77",403,27,"93,72",49,"10,23",27,22,"4,59"
240050,ALEXANDRIA,RN,11/2022,1890,1570,"83,07",1570,0,"100,00",320,"16,93",2,318,"16,83"
240050,ALEXANDRIA,RN,09/2022,1965,1597,"81,27",1572,25,"98,43",368,"18,73",7,361,"18,37"
240050,ALEXANDRIA,RN,07/2022,1973,1482,"75,11",1383,99,"93,32",491,"24,89",21,470,"23,82"
240060,ALMINO AFONSO,RN,07/2022,815,700,"85,89",700,0,"100,00",115,"14,11",25,90,"11,04"
240060,ALMINO AFONSO,RN,09/2022,837,734,"87,69",733,1,"99,86",103,"12,31",10,93,"11,11"
240060,ALMINO AFONSO,RN,11/2022,833,731,"87,76",730,1,"99,86",102,"12,24",10,92,"11,04"
240070,ALTO DO RODRIGUES,RN,11/2022,1731,1491,"86,14",1262,229,"84,64",240,"13,86",4,236,"13,63"
240070,ALTO DO RODRIGUES,RN,09/2022,1757,1517,"86,34",1229,288,"81,02",240,"13,66",9,231,"13,15"
240070,ALTO DO RODRIGUES,RN,07/2022,1730,1269,"73,35",1076,193,"84,79",461,"26,65",3,458,"26,47"
240080,ANGICOS,RN,07/2022,1708,1029,"60,25",751,278,"72,98",679,"39,75",518,161,"9,43"
240080,ANGICOS,RN,09/2022,1704,1114,"65,38",869,245,"78,01",590,"34,62",463,127,"7,45"
240080,ANGICOS,RN,11/2022,1638,1396,"85,23",1282,114,"91,83",242,"14,77",112,130,"7,94"
240090,ANTÔNIO MARTINS,RN,11/2022,1052,925,"87,93",837,88,"90,49",127,"12,07",5,122,"11,60"
240090,ANTÔNIO MARTINS,RN,09/2022,1127,903,"80,12",839,64,"92,91",224,"19,88",19,205,"18,19"
240090,ANTÔNIO MARTINS,RN,07/2022,1125,951,"84,53",873,78,"91,80",174,"15,47",10,164,"14,58"
240100,APODI,RN,09/2022,5283,3761,"71,19",3634,127,"96,62",1522,"28,81",56,1466,"27,75"
240100,APODI,RN,07/2022,5160,3707,"71,84",3544,163,"95,60",1453,"28,16",44,1409,"27,31"
240100,APODI,RN,11/2022,5177,4078,"78,77",3999,79,"98,06",1099,"21,23",28,1071,"20,69"
240110,AREIA BRANCA,RN,11/2022,3428,1375,"40,11",1278,97,"92,95",2053,"59,89",159,1894,"55,25"
240110,AREIA BRANCA,RN,07/2022,3392,1142,"33,67",1132,10,"99,12",2250,"66,33",440,1810,"53,36"
240110,AREIA BRANCA,RN,09/2022,3444,1270,"36,88",1217,53,"95,83",2174,"63,12",278,1896,"55,05"
240120,ARÊS,RN,09/2022,2468,1999,"81,00",1934,65,"96,75",469,"19,00",31,438,"17,75"
240120,ARÊS,RN,07/2022,2442,2005,"82,10",1919,86,"95,71",437,"17,90",37,400,"16,38"
240120,ARÊS,RN,11/2022,2433,1868,"76,78",1817,51,"97,27",565,"23,22",124,441,"18,13"
240130,AUGUSTO SEVERO,RN,11/2022,1623,1313,"80,90",1299,14,"98,93",310,"19,10",15,295,"18,18"
240130,AUGUSTO SEVERO,RN,07/2022,1725,1366,"79,19",1358,8,"99,41",359,"20,81",24,335,"19,42"
240130,AUGUSTO SEVERO,RN,09/2022,1712,253,"14,78",244,9,"96,44",1459,"85,22",1121,338,"19,74"
240140,BAÍA FORMOSA,RN,09/2022,1453,1037,"71,37",1037,0,"100,00",416,"28,63",241,175,"12,04"
240140,BAÍA FORMOSA,RN,07/2022,1418,1012,"71,37",1012,0,"100,00",406,"28,63",235,171,"12,06"
240140,BAÍA FORMOSA,RN,11/2022,1448,1071,"73,96",1011,60,"94,40",377,"26,04",35,342,"23,62"
240145,BARAÚNA,RN,11/2022,5036,3672,"72,92",3605,67,"98,18",1364,"27,08",204,1160,"23,03"
240145,BARAÚNA,RN,07/2022,5042,2790,"55,34",2713,77,"97,24",2252,"44,66",356,1896,"37,60"
240145,BARAÚNA,RN,09/2022,5030,2466,"49,03",2334,132,"94,65",2564,"50,97",1003,1561,"31,03"
240150,BARCELONA,RN,07/2022,652,536,"82,21",495,41,"92,35",116,"17,79",23,93,"14,26"
240150,BARCELONA,RN,09/2022,631,569,"90,17",492,77,"86,47",62,"9,83",8,54,"8,56"
240150,BARCELONA,RN,11/2022,591,473,"80,03",406,67,"85,84",118,"19,97",61,57,"9,64"
240160,BENTO FERNANDES,RN,11/2022,973,852,"87,56",832,20,"97,65",121,"12,44",7,114,"11,72"
240160,BENTO FERNANDES,RN,09/2022,1007,865,"85,90",828,37,"95,72",142,"14,10",14,128,"12,71"
240160,BENTO FERNANDES,RN,07/2022,1008,873,"86,61",867,6,"99,31",135,"13,39",9,126,"12,50"
240165,BODÓ,RN,07/2022,647,494,"76,35",490,4,"99,19",153,"23,65",4,149,"23,03"
240165,BODÓ,RN,09/2022,571,157,"27,50",157,0,"100,00",414,"72,50",308,106,"18,56"
240165,BODÓ,RN,11/2022,626,513,"81,95",513,0,"100,00",113,"18,05",10,103,"16,45"
240170,BOM JESUS,RN,11/2022,1759,881,"50,09",838,43,"95,12",878,"49,91",428,450,"25,58"
240170,BOM JESUS,RN,07/2022,1748,584,"33,41",566,18,"96,92",1164,"66,59",971,193,"11,04"
240170,BOM JESUS,RN,09/2022,1755,307,"17,49",262,45,"85,34",1448,"82,51",1245,203,"11,57"
240180,BREJINHO,RN,09/2022,2163,1885,"87,15",1880,5,"99,73",278,"12,85",19,259,"11,97"
240180,BREJINHO,RN,07/2022,2158,1831,"84,85",1819,12,"99,34",327,"15,15",23,304,"14,09"
240180,BREJINHO,RN,11/2022,2128,1851,"86,98",1802,49,"97,35",277,"13,02",7,270,"12,69"
240185,CAIÇARA DO NORTE,RN,11/2022,1130,565,"50,00",540,25,"95,58",565,"50,00",72,493,"43,63"
240185,CAIÇARA DO NORTE,RN,09/2022,1137,555,"48,81",539,16,"97,12",582,"51,19",140,442,"38,87"
240185,CAIÇARA DO NORTE,RN,07/2022,1129,690,"61,12",686,4,"99,42",439,"38,88",42,397,"35,16"
240190,CAIÇARA DO RIO DO VENTO,RN,07/2022,813,654,"80,44",654,0,"100,00",159,"19,56",7,152,"18,70"
240190,CAIÇARA DO RIO DO VENTO,RN,09/2022,795,564,"70,94",483,81,"85,64",231,"29,06",8,223,"28,05"
240190,CAIÇARA DO RIO DO VENTO,RN,11/2022,737,485,"65,81",435,50,"89,69",252,"34,19",7,245,"33,24"
240200,CAICÓ,RN,11/2022,6562,2770,"42,21",2646,124,"95,52",3792,"57,79",1001,2791,"42,53"
240200,CAICÓ,RN,09/2022,6626,2322,"35,04",2138,184,"92,08",4304,"64,96",1722,2582,"38,97"
240200,CAICÓ,RN,07/2022,6307,2369,"37,56",2219,150,"93,67",3938,"62,44",1467,2471,"39,18"
240210,CAMPO REDONDO,RN,07/2022,1632,1513,"92,71",1436,77,"94,91",119,"7,29",17,102,"6,25"
240210,CAMPO REDONDO,RN,09/2022,1642,1507,"91,78",1367,140,"90,71",135,"8,22",19,116,"7,06"
240210,CAMPO REDONDO,RN,11/2022,1539,1415,"91,94",1338,77,"94,56",124,"8,06",6,118,"7,67"
240220,CANGUARETAMA,RN,11/2022,7134,4850,"67,98",4688,162,"96,66",2284,"32,02",126,2158,"30,25"
240220,CANGUARETAMA,RN,07/2022,7184,5545,"77,19",5410,135,"97,57",1639,"22,81",154,1485,"20,67"
240220,CANGUARETAMA,RN,09/2022,7229,5359,"74,13",5267,92,"98,28",1870,"25,87",269,1601,"22,15"
240230,CARAÚBAS,RN,09/2022,3652,3126,"85,60",3126,0,"100,00",526,"14,40",23,503,"13,77"
240230,CARAÚBAS,RN,07/2022,3626,3110,"85,77",3110,0,"100,00",516,"14,23",20,496,"13,68"
240230,CARAÚBAS,RN,11/2022,3643,3115,"85,51",3115,0,"100,00",528,"14,49",17,511,"14,03"
240240,CARNAÚBA DOS DANTAS,RN,11/2022,627,448,"71,45",425,23,"94,87",179,"28,55",85,94,"14,99"
240240,CARNAÚBA DOS DANTAS,RN,09/2022,656,527,"80,34",483,44,"91,65",129,"19,66",26,103,"15,70"
240240,CARNAÚBA DOS DANTAS,RN,07/2022,646,514,"79,57",475,39,"92,41",132,"20,43",33,99,"15,33"
240250,CARNAUBAIS,RN,07/2022,2001,643,"32,13",605,38,"94,09",1358,"67,87",606,752,"37,58"
240250,CARNAUBAIS,RN,09/2022,2073,367,"17,70",354,13,"96,46",1706,"82,30",953,753,"36,32"
240250,CARNAUBAIS,RN,11/2022,2008,957,"47,66",913,44,"95,40",1051,"52,34",231,820,"40,84"
240260,CEARÁ-MIRIM,RN,11/2022,13797,11759,"85,23",11606,153,"98,70",2038,"14,77",22,2016,"14,61"
240260,CEARÁ-MIRIM,RN,09/2022,13723,11622,"84,69",11550,72,"99,38",2101,"15,31",131,1970,"14,36"
240260,CEARÁ-MIRIM,RN,07/2022,13412,11517,"85,87",11428,89,"99,23",1895,"14,13",154,1741,"12,98"
240270,CERRO CORÁ,RN,09/2022,2024,1445,"71,39",1433,12,"99,17",579,"28,61",135,444,"21,94"
240270,CERRO CORÁ,RN,07/2022,2055,1574,"76,59",1556,18,"98,86",481,"23,41",28,453,"22,04"
240270,CERRO CORÁ,RN,11/2022,1975,1226,"62,08",1226,0,"100,00",749,"37,92",310,439,"22,23"
240280,CORONEL EZEQUIEL,RN,11/2022,918,706,"76,91",700,6,"99,15",212,"23,09",38,174,"18,95"
240280,CORONEL EZEQUIEL,RN,09/2022,905,554,"61,22",554,0,"100,00",351,"38,78",73,278,"30,72"
240280,CORONEL EZEQUIEL,RN,07/2022,894,518,"57,94",513,5,"99,03",376,"42,06",98,278,"31,10"
240290,CORONEL JOÃO PESSOA,RN,07/2022,680,584,"85,88",584,0,"100,00",96,"14,12",2,94,"13,82"
240290,CORONEL JOÃO PESSOA,RN,09/2022,664,575,"86,60",575,0,"100,00",89,"13,40",0,89,"13,40"
240290,CORONEL JOÃO PESSOA,RN,11/2022,639,526,"82,32",466,60,"88,59",113,"17,68",3,110,"17,21"
240300,CRUZETA,RN,11/2022,914,620,"67,83",612,8,"98,71",294,"32,17",153,141,"15,43"
240300,CRUZETA,RN,09/2022,996,713,"71,59",633,80,"88,78",283,"28,41",142,141,"14,16"
240300,CRUZETA,RN,07/2022,996,717,"71,99",618,99,"86,19",279,"28,01",140,139,"13,96"
240310,CURRAIS NOVOS,RN,09/2022,4771,4255,"89,18",3674,581,"86,35",516,"10,82",22,494,"10,35"
240310,CURRAIS NOVOS,RN,07/2022,4756,4162,"87,51",3800,362,"91,30",594,"12,49",21,573,"12,05"
240310,CURRAIS NOVOS,RN,11/2022,4548,3994,"87,82",3632,362,"90,94",554,"12,18",17,537,"11,81"
240320,DOUTOR SEVERIANO,RN,11/2022,939,900,"95,85",857,43,"95,22",39,"4,15",5,34,"3,62"
240320,DOUTOR SEVERIANO,RN,09/2022,1035,997,"96,33",851,146,"85,36",38,"3,67",8,30,"2,90"
240320,DOUTOR SEVERIANO,RN,07/2022,1038,1004,"96,72",843,161,"83,96",34,"3,28",4,30,"2,89"
240325,PARNAMIRIM,RN,09/2022,21314,10658,"50,00",9619,1039,"90,25",10656,"50,00",1089,9567,"44,89"
240325,PARNAMIRIM,RN,07/2022,20058,8663,"43,19",7608,1055,"87,82",11395,"56,81",1342,10053,"50,12"
240325,PARNAMIRIM,RN,11/2022,21302,11924,"55,98",11019,905,"92,41",9378,"44,02",1161,8217,"38,57"
240330,ENCANTO,RN,11/2022,916,777,"84,83",740,37,"95,24",139,"15,17",9,130,"14,19"
240330,ENCANTO,RN,07/2022,920,779,"84,67",737,42,"94,61",141,"15,33",9,132,"14,35"
240330,ENCANTO,RN,09/2022,934,778,"83,30",703,75,"90,36",156,"16,70",9,147,"15,74"
240340,EQUADOR,RN,09/2022,1058,530,"50,09",529,1,"99,81",528,"49,91",312,216,"20,42"
240340,EQUADOR,RN,07/2022,1028,501,"48,74",501,0,"100,00",527,"51,26",312,215,"20,91"
240340,EQUADOR,RN,11/2022,1084,876,"80,81",876,0,"100,00",208,"19,19",5,203,"18,73"
240350,ESPÍRITO SANTO,RN,11/2022,1759,746,"42,41",700,46,"93,83",1013,"57,59",645,368,"20,92"
240350,ESPÍRITO SANTO,RN,07/2022,1831,710,"38,78",686,24,"96,62",1121,"61,22",736,385,"21,03"
240350,ESPÍRITO SANTO,RN,09/2022,1825,1002,"54,90",955,47,"95,31",823,"45,10",436,387,"21,21"
240360,EXTREMOZ,RN,09/2022,8596,4519,"52,57",4263,256,"94,34",4077,"47,43",101,3976,"46,25"
240360,EXTREMOZ,RN,07/2022,7875,3909,"49,64",3344,565,"85,55",3966,"50,36",121,3845,"48,83"
240360,EXTREMOZ,RN,11/2022,8614,4430,"51,43",4122,308,"93,05",4184,"48,57",69,4115,"47,77"
240370,FELIPE GUERRA,RN,11/2022,1052,875,"83,17",868,7,"99,20",177,"16,83",3,174,"16,54"
240370,FELIPE GUERRA,RN,07/2022,1028,837,"81,42",837,0,"100,00",191,"18,58",0,191,"18,58"
240370,FELIPE GUERRA,RN,09/2022,1047,852,"81,38",844,8,"99,06",195,"18,62",1,194,"18,53"
240375,FERNANDO PEDROZA,RN,07/2022,500,296,"59,20",250,46,"84,46",204,"40,80",83,121,"24,20"
240375,FERNANDO PEDROZA,RN,09/2022,490,229,"46,73",210,19,"91,70",261,"53,27",135,126,"25,71"
240375,FERNANDO PEDROZA,RN,11/2022,475,286,"60,21",249,37,"87,06",189,"39,79",71,118,"24,84"
240380,FLORÂNIA,RN,11/2022,1147,865,"75,41",851,14,"98,38",282,"24,59",121,161,"14,04"
240380,FLORÂNIA,RN,07/2022,1174,839,"71,47",771,68,"91,90",335,"28,53",237,98,"8,35"
240380,FLORÂNIA,RN,09/2022,1146,273,"23,82",268,5,"98,17",873,"76,18",746,127,"11,08"
240390,FRANCISCO DANTAS,RN,07/2022,377,214,"56,76",209,5,"97,66",163,"43,24",67,96,"25,46"
240390,FRANCISCO DANTAS,RN,09/2022,383,280,"73,11",280,0,"100,00",103,"26,89",5,98,"25,59"
240390,FRANCISCO DANTAS,RN,11/2022,382,208,"54,45",208,0,"100,00",174,"45,55",77,97,"25,39"
240400,FRUTUOSO GOMES,RN,11/2022,599,489,"81,64",470,19,"96,11",110,"18,36",8,102,"17,03"
240400,FRUTUOSO GOMES,RN,09/2022,610,406,"66,56",377,29,"92,86",204,"33,44",120,84,"13,77"
240400,FRUTUOSO GOMES,RN,07/2022,613,532,"86,79",490,42,"92,11",81,"13,21",9,72,"11,75"
240410,GALINHOS,RN,07/2022,397,152,"38,29",142,10,"93,42",245,"61,71",175,70,"17,63"
240410,GALINHOS,RN,09/2022,419,291,"69,45",291,0,"100,00",128,"30,55",42,86,"20,53"
240410,GALINHOS,RN,11/2022,408,218,"53,43",204,14,"93,58",190,"46,57",102,88,"21,57"
240420,GOIANINHA,RN,11/2022,5049,3779,"74,85",3419,360,"90,47",1270,"25,15",358,912,"18,06"
240420,GOIANINHA,RN,07/2022,4839,2653,"54,83",2494,159,"94,01",2186,"45,17",947,1239,"25,60"
240420,GOIANINHA,RN,09/2022,4992,3442,"68,95",3268,174,"94,94",1550,"31,05",588,962,"19,27"
240430,GOVERNADOR DIX-SEPT ROSADO,RN,09/2022,1839,1553,"84,45",1361,192,"87,64",286,"15,55",158,128,"6,96"
240430,GOVERNADOR DIX-SEPT ROSADO,RN,07/2022,1818,1637,"90,04",1473,164,"89,98",181,"9,96",12,169,"9,30"
240430,GOVERNADOR DIX-SEPT ROSADO,RN,11/2022,1805,1636,"90,64",1502,134,"91,81",169,"9,36",36,133,"7,37"
240440,GROSSOS,RN,11/2022,1620,1303,"80,43",1295,8,"99,39",317,"19,57",6,311,"19,20"
240440,GROSSOS,RN,09/2022,1612,1302,"80,77",1302,0,"100,00",310,"19,23",4,306,"18,98"
240440,GROSSOS,RN,07/2022,1552,1037,"66,82",1037,0,"100,00",515,"33,18",216,299,"19,27"
240450,GUAMARÉ,RN,09/2022,2675,2298,"85,91",2298,0,"100,00",377,"14,09",30,347,"12,97"
240450,GUAMARÉ,RN,07/2022,2523,0,"0,00",0,0,,2523,"100,00",2202,321,"12,72"
240450,GUAMARÉ,RN,11/2022,2570,1901,"73,97",1701,200,"89,48",669,"26,03",26,643,"25,02"
240460,IELMO MARINHO,RN,11/2022,2768,1932,"69,80",1932,0,"100,00",836,"30,20",306,530,"19,15"
240460,IELMO MARINHO,RN,07/2022,2604,1735,"66,63",1733,2,"99,88",869,"33,37",332,537,"20,62"
240460,IELMO MARINHO,RN,09/2022,2620,1751,"66,83",1745,6,"99,66",869,"33,17",333,536,"20,46"
240470,IPANGUAÇU,RN,09/2022,2781,2021,"72,67",2021,0,"100,00",760,"27,33",51,709,"25,49"
240470,IPANGUAÇU,RN,07/2022,2705,2108,"77,93",2105,3,"99,86",597,"22,07",8,589,"21,77"
240470,IPANGUAÇU,RN,11/2022,2635,1929,"73,21",1848,81,"95,80",706,"26,79",7,699,"26,53"
240480,IPUEIRA,RN,11/2022,196,176,"89,80",163,13,"92,61",20,"10,20",1,19,"9,69"
240480,IPUEIRA,RN,07/2022,208,190,"91,35",171,19,"90,00",18,"8,65",2,16,"7,69"
240480,IPUEIRA,RN,09/2022,204,180,"88,24",156,24,"86,67",24,"11,76",5,19,"9,31"
240485,ITAJÁ,RN,07/2022,1455,1056,"72,58",991,65,"93,84",399,"27,42",11,388,"26,67"
240485,ITAJÁ,RN,09/2022,1523,1027,"67,43",997,30,"97,08",496,"32,57",54,442,"29,02"
240485,ITAJÁ,RN,11/2022,1407,1006,"71,50",939,67,"93,34",401,"28,50",2,399,"28,36"
240490,ITAÚ,RN,11/2022,815,497,"60,98",478,19,"96,18",318,"39,02",157,161,"19,75"
240490,ITAÚ,RN,07/2022,892,634,"71,08",563,71,"88,80",258,"28,92",91,167,"18,72"
240490,ITAÚ,RN,09/2022,874,593,"67,85",551,42,"92,92",281,"32,15",82,199,"22,77"
240500,JAÇANÃ,RN,09/2022,1408,1189,"84,45",1129,60,"94,95",219,"15,55",50,169,"12,00"
240500,JAÇANÃ,RN,07/2022,1452,999,"68,80",923,76,"92,39",453,"31,20",39,414,"28,51"
240500,JAÇANÃ,RN,11/2022,1262,1002,"79,40",930,72,"92,81",260,"20,60",38,222,"17,59"
240510,JANDAÍRA,RN,11/2022,1303,1016,"77,97",1002,14,"98,62",287,"22,03",26,261,"20,03"
240510,JANDAÍRA,RN,07/2022,1323,684,"51,70",633,51,"92,54",639,"48,30",382,257,"19,43"
240510,JANDAÍRA,RN,09/2022,1293,198,"15,31",168,30,"84,85",1095,"84,69",834,261,"20,19"
240520,JANDUÍS,RN,07/2022,930,576,"61,94",521,55,"90,45",354,"38,06",121,233,"25,05"
240520,JANDUÍS,RN,09/2022,913,396,"43,37",363,33,"91,67",517,"56,63",284,233,"25,52"
240520,JANDUÍS,RN,11/2022,894,645,"72,15",645,0,"100,00",249,"27,85",18,231,"25,84"
240530,JANUÁRIO CICCO,RN,11/2022,1645,715,"43,47",693,22,"96,92",930,"56,53",26,904,"54,95"
240530,JANUÁRIO CICCO,RN,09/2022,1699,687,"40,44",659,28,"95,92",1012,"59,56",69,943,"55,50"
240530,JANUÁRIO CICCO,RN,07/2022,1722,732,"42,51",630,102,"86,07",990,"57,49",41,949,"55,11"
240540,JAPI,RN,07/2022,1337,1226,"91,70",1225,1,"99,92",111,"8,30",18,93,"6,96"
240540,JAPI,RN,09/2022,1358,1212,"89,25",1212,0,"100,00",146,"10,75",27,119,"8,76"
240540,JAPI,RN,11/2022,1305,1096,"83,98",1057,39,"96,44",209,"16,02",6,203,"15,56"
240550,JARDIM DE ANGICOS,RN,11/2022,488,398,"81,56",331,67,"83,17",90,"18,44",66,24,"4,92"
240550,JARDIM DE ANGICOS,RN,09/2022,513,346,"67,45",274,72,"79,19",167,"32,55",141,26,"5,07"
240550,JARDIM DE ANGICOS,RN,07/2022,535,395,"73,83",381,14,"96,46",140,"26,17",26,114,"21,31"
240560,JARDIM DE PIRANHAS,RN,09/2022,2358,1250,"53,01",1121,129,"89,68",1108,"46,99",704,404,"17,13"
240560,JARDIM DE PIRANHAS,RN,07/2022,2220,240,"10,81",138,102,"57,50",1980,"89,19",1597,383,"17,25"
240560,JARDIM DE PIRANHAS,RN,11/2022,2285,1152,"50,42",1103,49,"95,75",1133,"49,58",749,384,"16,81"
240570,JARDIM DO SERIDÓ,RN,11/2022,827,751,"90,81",656,95,"87,35",76,"9,19",15,61,"7,38"
240570,JARDIM DO SERIDÓ,RN,07/2022,876,674,"76,94",605,69,"89,76",202,"23,06",11,191,"21,80"
240570,JARDIM DO SERIDÓ,RN,09/2022,881,536,"60,84",488,48,"91,04",345,"39,16",172,173,"19,64"
240580,JOÃO CÂMARA,RN,07/2022,7485,6437,"86,00",6131,306,"95,25",1048,"14,00",124,924,"12,34"
240580,JOÃO CÂMARA,RN,09/2022,7640,6463,"84,59",6283,180,"97,21",1177,"15,41",202,975,"12,76"
240580,JOÃO CÂMARA,RN,11/2022,7454,6164,"82,69",5957,207,"96,64",1290,"17,31",309,981,"13,16"
240590,JOÃO DIAS,RN,11/2022,358,319,"89,11",295,24,"92,48",39,"10,89",12,27,"7,54"
240590,JOÃO DIAS,RN,07/2022,365,329,"90,14",303,26,"92,10",36,"9,86",1,35,"9,59"
240590,JOÃO DIAS,RN,09/2022,364,337,"92,58",296,41,"87,83",27,"7,42",6,21,"5,77"
240600,JOSÉ DA PENHA,RN,09/2022,826,648,"78,45",613,35,"94,60",178,"21,55",35,143,"17,31"
240600,JOSÉ DA PENHA,RN,07/2022,846,549,"64,89",535,14,"97,45",297,"35,11",61,236,"27,90"
240600,JOSÉ DA PENHA,RN,11/2022,806,651,"80,77",630,21,"96,77",155,"19,23",21,134,"16,63"
240610,JUCURUTU,RN,11/2022,2429,2326,"95,76",2153,173,"92,56",103,"4,24",32,71,"2,92"
240610,JUCURUTU,RN,09/2022,2682,2413,"89,97",2173,240,"90,05",269,"10,03",29,240,"8,95"
240610,JUCURUTU,RN,07/2022,2677,2507,"93,65",2267,240,"90,43",170,"6,35",22,148,"5,53"
240615,JUNDIÁ,RN,09/2022,673,404,"60,03",398,6,"98,51",269,"39,97",2,267,"39,67"
240615,JUNDIÁ,RN,07/2022,655,395,"60,31",389,6,"98,48",260,"39,69",5,255,"38,93"
240615,JUNDIÁ,RN,11/2022,668,408,"61,08",394,14,"96,57",260,"38,92",4,256,"38,32"
240620,LAGOA D´ANTA,RN,11/2022,1427,1194,"83,67",1193,1,"99,92",233,"16,33",9,224,"15,70"
240620,LAGOA D´ANTA,RN,09/2022,1446,1197,"82,78",1197,0,"100,00",249,"17,22",10,239,"16,53"
240620,LAGOA D´ANTA,RN,07/2022,1434,1196,"83,40",1185,11,"99,08",238,"16,60",16,222,"15,48"
240630,LAGOA DE PEDRAS,RN,07/2022,1541,1158,"75,15",1157,1,"99,91",383,"24,85",76,307,"19,92"
240630,LAGOA DE PEDRAS,RN,09/2022,1523,1136,"74,59",1071,65,"94,28",387,"25,41",77,310,"20,35"
240630,LAGOA DE PEDRAS,RN,11/2022,1417,978,"69,02",978,0,"100,00",439,"30,98",76,363,"25,62"
240640,LAGOA DE VELHOS,RN,11/2022,567,478,"84,30",478,0,"100,00",89,"15,70",3,86,"15,17"
240640,LAGOA DE VELHOS,RN,07/2022,577,493,"85,44",491,2,"99,59",84,"14,56",4,80,"13,86"
240640,LAGOA DE VELHOS,RN,09/2022,583,496,"85,08",496,0,"100,00",87,"14,92",4,83,"14,24"
240650,LAGOA NOVA,RN,07/2022,2802,2540,"90,65",2436,104,"95,91",262,"9,35",12,250,"8,92"
240650,LAGOA NOVA,RN,09/2022,2913,2563,"87,98",2485,78,"96,96",350,"12,02",69,281,"9,65"
240650,LAGOA NOVA,RN,11/2022,2812,2539,"90,29",2435,104,"95,90",273,"9,71",10,263,"9,35"
240660,LAGOA SALGADA,RN,11/2022,2358,1768,"74,98",1768,0,"100,00",590,"25,02",23,567,"24,05"
240660,LAGOA SALGADA,RN,07/2022,2318,5,"0,22",5,0,"100,00",2313,"99,78",1706,607,"26,19"
240660,LAGOA SALGADA,RN,09/2022,2345,6,"0,26",4,2,"66,67",2339,"99,74",1720,619,"26,40"
240670,LAJES,RN,09/2022,1536,1447,"94,21",1393,54,"96,27",89,"5,79",22,67,"4,36"
240670,LAJES,RN,07/2022,1528,1435,"93,91",1349,86,"94,01",93,"6,09",29,64,"4,19"
240670,LAJES,RN,11/2022,1548,1452,"93,80",1338,114,"92,15",96,"6,20",14,82,"5,30"
240680,LAJES PINTADAS,RN,11/2022,851,789,"92,71",744,45,"94,30",62,"7,29",12,50,"5,88"
240680,LAJES PINTADAS,RN,09/2022,883,819,"92,75",788,31,"96,21",64,"7,25",24,40,"4,53"
240680,LAJES PINTADAS,RN,07/2022,887,779,"87,82",774,5,"99,36",108,"12,18",15,93,"10,48"
240690,LUCRÉCIA,RN,07/2022,623,572,"91,81",572,0,"100,00",51,"8,19",1,50,"8,03"
240690,LUCRÉCIA,RN,09/2022,643,586,"91,14",586,0,"100,00",57,"8,86",2,55,"8,55"
240690,LUCRÉCIA,RN,11/2022,639,584,"91,39",584,0,"100,00",55,"8,61",2,53,"8,29"
240700,LUÍS GOMES,RN,11/2022,1848,1767,"95,62",1709,58,"96,72",81,"4,38",9,72,"3,90"
240700,LUÍS GOMES,RN,09/2022,1850,1777,"96,05",1727,50,"97,19",73,"3,95",10,63,"3,41"
240700,LUÍS GOMES,RN,07/2022,1901,1680,"88,37",1680,0,"100,00",221,"11,63",22,199,"10,47"
240710,MACAÍBA,RN,09/2022,12209,7913,"64,81",7775,138,"98,26",4296,"35,19",116,4180,"34,24"
240710,MACAÍBA,RN,07/2022,11631,7255,"62,38",7055,200,"97,24",4376,"37,62",402,3974,"34,17"
240710,MACAÍBA,RN,11/2022,12075,7870,"65,18",7847,23,"99,71",4205,"34,82",64,4141,"34,29"
240720,MACAU,RN,11/2022,3716,2593,"69,78",2563,30,"98,84",1123,"30,22",130,993,"26,72"
240720,MACAU,RN,07/2022,3819,2578,"67,50",2561,17,"99,34",1241,"32,50",571,670,"17,54"
240720,MACAU,RN,09/2022,3795,2699,"71,12",2557,142,"94,74",1096,"28,88",126,970,"25,56"
240725,MAJOR SALES,RN,09/2022,666,597,"89,64",581,16,"97,32",69,"10,36",9,60,"9,01"
240725,MAJOR SALES,RN,07/2022,646,0,"0,00",0,0,,646,"100,00",582,64,"9,91"
240725,MAJOR SALES,RN,11/2022,636,560,"88,05",508,52,"90,71",76,"11,95",21,55,"8,65"
240730,MARCELINO VIEIRA,RN,11/2022,1322,911,"68,91",896,15,"98,35",411,"31,09",249,162,"12,25"
240730,MARCELINO VIEIRA,RN,07/2022,1361,1183,"86,92",1168,15,"98,73",178,"13,08",7,171,"12,56"
240730,MARCELINO VIEIRA,RN,09/2022,1333,471,"35,33",462,9,"98,09",862,"64,67",691,171,"12,83"
240740,MARTINS,RN,09/2022,1061,771,"72,67",717,54,"93,00",290,"27,33",54,236,"22,24"
240740,MARTINS,RN,07/2022,1052,740,"70,34",677,63,"91,49",312,"29,66",88,224,"21,29"
240740,MARTINS,RN,11/2022,1044,763,"73,08",688,75,"90,17",281,"26,92",48,233,"22,32"
240750,MAXARANGUAPE,RN,11/2022,1681,1453,"86,44",1317,136,"90,64",228,"13,56",11,217,"12,91"
240750,MAXARANGUAPE,RN,09/2022,1735,1504,"86,69",1347,157,"89,56",231,"13,31",16,215,"12,39"
240750,MAXARANGUAPE,RN,07/2022,1749,1480,"84,62",1341,139,"90,61",269,"15,38",30,239,"13,66"
240760,MESSIAS TARGINO,RN,09/2022,775,592,"76,39",505,87,"85,30",183,"23,61",74,109,"14,06"
240760,MESSIAS TARGINO,RN,07/2022,804,703,"87,44",685,18,"97,44",101,"12,56",28,73,"9,08"
240760,MESSIAS TARGINO,RN,11/2022,714,376,"52,66",348,28,"92,55",338,"47,34",207,131,"18,35"
240770,MONTANHAS,RN,11/2022,2383,1926,"80,82",1925,1,"99,95",457,"19,18",27,430,"18,04"
240770,MONTANHAS,RN,07/2022,2492,1733,"69,54",1733,0,"100,00",759,"30,46",46,713,"28,61"
240770,MONTANHAS,RN,09/2022,2429,1987,"81,80",1986,1,"99,95",442,"18,20",54,388,"15,97"
240780,MONTE ALEGRE,RN,09/2022,3532,3014,"85,33",2663,351,"88,35",518,"14,67",123,395,"11,18"
240780,MONTE ALEGRE,RN,07/2022,3580,2968,"82,91",2671,297,"89,99",612,"17,09",125,487,"13,60"
240780,MONTE ALEGRE,RN,11/2022,3427,3009,"87,80",2641,368,"87,77",418,"12,20",25,393,"11,47"
240790,MONTE DAS GAMELEIRAS,RN,11/2022,448,422,"94,20",362,60,"85,78",26,"5,80",3,23,"5,13"
240790,MONTE DAS GAMELEIRAS,RN,09/2022,459,422,"91,94",345,77,"81,75",37,"8,06",4,33,"7,19"
240790,MONTE DAS GAMELEIRAS,RN,07/2022,452,415,"91,81",363,52,"87,47",37,"8,19",4,33,"7,30"
240800,MOSSORÓ,RN,09/2022,29689,26028,"87,67",25415,613,"97,64",3661,"12,33",243,3418,"11,51"
240800,MOSSORÓ,RN,07/2022,28385,25114,"88,48",24908,206,"99,18",3271,"11,52",164,3107,"10,95"
240800,MOSSORÓ,RN,11/2022,29449,21449,"72,83",21069,380,"98,23",8000,"27,17",4330,3670,"12,46"
240810,NATAL,RN,11/2022,73873,46716,"63,24",45440,1276,"97,27",27157,"36,76",3046,24111,"32,64"
240810,NATAL,RN,09/2022,73487,43673,"59,43",42639,1034,"97,63",29814,"40,57",4658,25156,"34,23"
240810,NATAL,RN,07/2022,72004,43255,"60,07",42145,1110,"97,43",28749,"39,93",5091,23658,"32,86"
240820,NÍSIA FLORESTA,RN,09/2022,4649,2,"0,04",0,2,"0,00",4647,"99,96",3772,875,"18,82"
240820,NÍSIA FLORESTA,RN,07/2022,4518,201,"4,45",201,0,"100,00",4317,"95,55",3474,843,"18,66"
240820,NÍSIA FLORESTA,RN,11/2022,5380,4699,"87,34",4699,0,"100,00",681,"12,66",96,585,"10,87"
240830,NOVA CRUZ,RN,11/2022,6833,2736,"40,04",2705,31,"98,87",4097,"59,96",1690,2407,"35,23"
240830,NOVA CRUZ,RN,07/2022,6891,1783,"25,87",1763,20,"98,88",5108,"74,13",3388,1720,"24,96"
240830,NOVA CRUZ,RN,09/2022,7065,2753,"38,97",2674,79,"97,13",4312,"61,03",2179,2133,"30,19"
240840,OLHO-D´ÁGUA DO BORGES,RN,07/2022,532,433,"81,39",407,26,"94,00",99,"18,61",46,53,"9,96"
240840,OLHO-D´ÁGUA DO BORGES,RN,09/2022,544,444,"81,62",444,0,"100,00",100,"18,38",33,67,"12,32"
240840,OLHO-D´ÁGUA DO BORGES,RN,11/2022,493,413,"83,77",402,11,"97,34",80,"16,23",11,69,"14,00"
240850,OURO BRANCO,RN,11/2022,546,522,"95,60",471,51,"90,23",24,"4,40",2,22,"4,03"
240850,OURO BRANCO,RN,09/2022,585,560,"95,73",455,105,"81,25",25,"4,27",2,23,"3,93"
240850,OURO BRANCO,RN,07/2022,576,547,"94,97",450,97,"82,27",29,"5,03",8,21,"3,65"
240860,PARANÁ,RN,09/2022,718,294,"40,95",287,7,"97,62",424,"59,05",354,70,"9,75"
240860,PARANÁ,RN,07/2022,725,198,"27,31",198,0,"100,00",527,"72,69",453,74,"10,21"
240860,PARANÁ,RN,11/2022,737,649,"88,06",615,34,"94,76",88,"11,94",18,70,"9,50"
240870,PARAÚ,RN,11/2022,520,432,"83,08",432,0,"100,00",88,"16,92",1,87,"16,73"
240870,PARAÚ,RN,09/2022,563,474,"84,19",417,57,"87,97",89,"15,81",11,78,"13,85"
240870,PARAÚ,RN,07/2022,567,509,"89,77",505,4,"99,21",58,"10,23",23,35,"6,17"
240880,PARAZINHO,RN,09/2022,1136,505,"44,45",478,27,"94,65",631,"55,55",357,274,"24,12"
240880,PARAZINHO,RN,07/2022,1139,369,"32,40",342,27,"92,68",770,"67,60",336,434,"38,10"
240880,PARAZINHO,RN,11/2022,1145,528,"46,11",494,34,"93,56",617,"53,89",345,272,"23,76"
240890,PARELHAS,RN,11/2022,2656,2444,"92,02",2278,166,"93,21",212,"7,98",41,171,"6,44"
240890,PARELHAS,RN,07/2022,2783,2428,"87,24",2197,231,"90,49",355,"12,76",30,325,"11,68"
240890,PARELHAS,RN,09/2022,2753,2418,"87,83",2207,211,"91,27",335,"12,17",91,244,"8,86"
240895,RIO DO FOGO,RN,09/2022,2570,2374,"92,37",2091,283,"88,08",196,"7,63",29,167,"6,50"
240895,RIO DO FOGO,RN,07/2022,2578,1999,"77,54",1871,128,"93,60",579,"22,46",229,350,"13,58"
240895,RIO DO FOGO,RN,11/2022,2449,2177,"88,89",1997,180,"91,73",272,"11,11",58,214,"8,74"
240910,PASSA E FICA,RN,11/2022,2214,2013,"90,92",1988,25,"98,76",201,"9,08",36,165,"7,45"
240910,PASSA E FICA,RN,09/2022,2275,2078,"91,34",1992,86,"95,86",197,"8,66",32,165,"7,25"
240910,PASSA E FICA,RN,07/2022,2270,1898,"83,61",1810,88,"95,36",372,"16,39",69,303,"13,35"
240920,PASSAGEM,RN,07/2022,504,408,"80,95",398,10,"97,55",96,"19,05",11,85,"16,87"
240920,PASSAGEM,RN,09/2022,508,435,"85,63",404,31,"92,87",73,"14,37",8,65,"12,80"
240920,PASSAGEM,RN,11/2022,490,420,"85,71",394,26,"93,81",70,"14,29",5,65,"13,27"
240930,PATU,RN,11/2022,2064,1739,"84,25",1613,126,"92,75",325,"15,75",12,313,"15,16"
240930,PATU,RN,09/2022,2190,1740,"79,45",1653,87,"95,00",450,"20,55",130,320,"14,61"
240930,PATU,RN,07/2022,2155,1668,"77,40",1454,214,"87,17",487,"22,60",168,319,"14,80"
240933,SANTA MARIA,RN,07/2022,1162,997,"85,80",996,1,"99,90",165,"14,20",1,164,"14,11"
240933,SANTA MARIA,RN,09/2022,1162,992,"85,37",989,3,"99,70",170,"14,63",1,169,"14,54"
240933,SANTA MARIA,RN,11/2022,1135,966,"85,11",966,0,"100,00",169,"14,89",1,168,"14,80"
240940,PAU DOS FERROS,RN,11/2022,3743,2209,"59,02",2125,84,"96,20",1534,"40,98",317,1217,"32,51"
240940,PAU DOS FERROS,RN,07/2022,3609,2327,"64,48",2217,110,"95,27",1282,"35,52",14,1268,"35,13"
240940,PAU DOS FERROS,RN,09/2022,3761,2208,"58,71",2084,124,"94,38",1553,"41,29",255,1298,"34,51"
240950,PEDRA GRANDE,RN,07/2022,816,501,"61,40",481,20,"96,01",315,"38,60",20,295,"36,15"
240950,PEDRA GRANDE,RN,09/2022,806,179,"22,21",172,7,"96,09",627,"77,79",331,296,"36,72"
240950,PEDRA GRANDE,RN,11/2022,819,518,"63,25",440,78,"84,94",301,"36,75",7,294,"35,90"
240960,PEDRA PRETA,RN,11/2022,460,381,"82,83",373,8,"97,90",79,"17,17",1,78,"16,96"
240960,PEDRA PRETA,RN,09/2022,472,377,"79,87",377,0,"100,00",95,"20,13",9,86,"18,22"
240960,PEDRA PRETA,RN,07/2022,468,373,"79,70",343,30,"91,96",95,"20,30",6,89,"19,02"
240970,PEDRO AVELINO,RN,09/2022,1245,1029,"82,65",1000,29,"97,18",216,"17,35",58,158,"12,69"
240970,PEDRO AVELINO,RN,07/2022,1257,1008,"80,19",1003,5,"99,50",249,"19,81",92,157,"12,49"
240970,PEDRO AVELINO,RN,11/2022,1247,1064,"85,32",1026,38,"96,43",183,"14,68",14,169,"13,55"
240980,PEDRO VELHO,RN,11/2022,2879,2690,"93,44",2687,3,"99,89",189,"6,56",15,174,"6,04"
240980,PEDRO VELHO,RN,09/2022,2919,2562,"87,77",2562,0,"100,00",357,"12,23",17,340,"11,65"
240980,PEDRO VELHO,RN,07/2022,2898,1834,"63,29",1803,31,"98,31",1064,"36,71",700,364,"12,56"
240990,PENDÊNCIAS,RN,07/2022,1938,1451,"74,87",1348,103,"92,90",487,"25,13",18,469,"24,20"
240990,PENDÊNCIAS,RN,09/2022,1899,1580,"83,20",1392,188,"88,10",319,"16,80",13,306,"16,11"
240990,PENDÊNCIAS,RN,11/2022,1820,1497,"82,25",1406,91,"93,92",323,"17,75",2,321,"17,64"
241000,PILÕES,RN,11/2022,507,369,"72,78",369,0,"100,00",138,"27,22",1,137,"27,02"
241000,PILÕES,RN,09/2022,502,113,"22,51",90,23,"79,65",389,"77,49",254,135,"26,89"
241000,PILÕES,RN,07/2022,518,405,"78,19",391,14,"96,54",113,"21,81",7,106,"20,46"
241010,POÇO BRANCO,RN,07/2022,2601,1173,"45,10",1013,160,"86,36",1428,"54,90",718,710,"27,30"
241010,POÇO BRANCO,RN,09/2022,2594,1340,"51,66",1183,157,"88,28",1254,"48,34",319,935,"36,04"
241010,POÇO BRANCO,RN,11/2022,2424,1399,"57,71",1301,98,"92,99",1025,"42,29",73,952,"39,27"
241020,PORTALEGRE,RN,11/2022,1121,922,"82,25",893,29,"96,85",199,"17,75",3,196,"17,48"
241020,PORTALEGRE,RN,07/2022,1142,893,"78,20",832,61,"93,17",249,"21,80",70,179,"15,67"
241020,PORTALEGRE,RN,09/2022,1146,953,"83,16",891,62,"93,49",193,"16,84",14,179,"15,62"
241025,PORTO DO MANGUE,RN,07/2022,1091,726,"66,54",709,17,"97,66",365,"33,46",18,347,"31,81"
241025,PORTO DO MANGUE,RN,09/2022,1082,726,"67,10",696,30,"95,87",356,"32,90",15,341,"31,52"
241025,PORTO DO MANGUE,RN,11/2022,1043,726,"69,61",697,29,"96,01",317,"30,39",6,311,"29,82"
241030,PRESIDENTE JUSCELINO,RN,11/2022,1858,1645,"88,54",1399,246,"85,05",213,"11,46",27,186,"10,01"
241030,PRESIDENTE JUSCELINO,RN,07/2022,1883,1678,"89,11",1509,169,"89,93",205,"10,89",34,171,"9,08"
241030,PRESIDENTE JUSCELINO,RN,09/2022,1875,1597,"85,17",1434,163,"89,79",278,"14,83",98,180,"9,60"
241040,PUREZA,RN,09/2022,2003,1818,"90,76",1799,19,"98,95",185,"9,24",3,182,"9,09"
241040,PUREZA,RN,07/2022,1999,1796,"89,84",1770,26,"98,55",203,"10,16",8,195,"9,75"
241040,PUREZA,RN,11/2022,1977,1792,"90,64",1788,4,"99,78",185,"9,36",2,183,"9,26"
241050,RAFAEL FERNANDES,RN,11/2022,749,541,"72,23",509,32,"94,09",208,"27,77",9,199,"26,57"
241050,RAFAEL FERNANDES,RN,07/2022,753,543,"72,11",501,42,"92,27",210,"27,89",11,199,"26,43"
241050,RAFAEL FERNANDES,RN,09/2022,781,550,"70,42",519,31,"94,36",231,"29,58",21,210,"26,89"
241060,RAFAEL GODEIRO,RN,09/2022,472,385,"81,57",354,31,"91,95",87,"18,43",23,64,"13,56"
241060,RAFAEL GODEIRO,RN,07/2022,477,377,"79,04",347,30,"92,04",100,"20,96",17,83,"17,40"
241060,RAFAEL GODEIRO,RN,11/2022,429,388,"90,44",373,15,"96,13",41,"9,56",11,30,"6,99"
241070,RIACHO DA CRUZ,RN,11/2022,416,365,"87,74",348,17,"95,34",51,"12,26",10,41,"9,86"
241070,RIACHO DA CRUZ,RN,09/2022,435,397,"91,26",351,46,"88,41",38,"8,74",2,36,"8,28"
241070,RIACHO DA CRUZ,RN,07/2022,432,372,"86,11",321,51,"86,29",60,"13,89",13,47,"10,88"
241080,RIACHO DE SANTANA,RN,09/2022,698,549,"78,65",483,66,"87,98",149,"21,35",16,133,"19,05"
241080,RIACHO DE SANTANA,RN,07/2022,687,551,"80,20",544,7,"98,73",136,"19,80",25,111,"16,16"
241080,RIACHO DE SANTANA,RN,11/2022,659,521,"79,06",484,37,"92,90",138,"20,94",7,131,"19,88"
241090,RIACHUELO,RN,11/2022,1429,1214,"84,95",1214,0,"100,00",215,"15,05",6,209,"14,63"
241090,RIACHUELO,RN,09/2022,1429,1202,"84,11",1201,1,"99,92",227,"15,89",5,222,"15,54"
241090,RIACHUELO,RN,07/2022,1389,712,"51,26",711,1,"99,86",677,"48,74",470,207,"14,90"
241100,RODOLFO FERNANDES,RN,09/2022,636,509,"80,03",509,0,"100,00",127,"19,97",4,123,"19,34"
241100,RODOLFO FERNANDES,RN,07/2022,636,516,"81,13",482,34,"93,41",120,"18,87",4,116,"18,24"
241100,RODOLFO FERNANDES,RN,11/2022,622,505,"81,19",424,81,"83,96",117,"18,81",2,115,"18,49"
241105,TIBAU,RN,11/2022,814,711,"87,35",710,1,"99,86",103,"12,65",7,96,"11,79"
241105,TIBAU,RN,09/2022,764,670,"87,70",670,0,"100,00",94,"12,30",2,92,"12,04"
241105,TIBAU,RN,07/2022,749,653,"87,18",653,0,"100,00",96,"12,82",3,93,"12,42"
241110,RUY BARBOSA,RN,09/2022,429,377,"87,88",339,38,"89,92",52,"12,12",9,43,"10,02"
241110,RUY BARBOSA,RN,07/2022,438,365,"83,33",342,23,"93,70",73,"16,67",9,64,"14,61"
241110,RUY BARBOSA,RN,11/2022,399,349,"87,47",335,14,"95,99",50,"12,53",2,48,"12,03"
241120,SANTA CRUZ,RN,11/2022,6080,5224,"85,92",5103,121,"97,68",856,"14,08",664,192,"3,16"
241120,SANTA CRUZ,RN,07/2022,6266,5856,"93,46",5647,209,"96,43",410,"6,54",117,293,"4,68"
241120,SANTA CRUZ,RN,09/2022,6206,5376,"86,63",5241,135,"97,49",830,"13,37",682,148,"2,38"
241140,SANTANA DO MATOS,RN,07/2022,1657,992,"59,87",932,60,"93,95",665,"40,13",349,316,"19,07"
241140,SANTANA DO MATOS,RN,09/2022,1647,1089,"66,12",1019,70,"93,57",558,"33,88",299,259,"15,73"
241140,SANTANA DO MATOS,RN,11/2022,1622,1111,"68,50",1058,53,"95,23",511,"31,50",258,253,"15,60"
241142,SANTANA DO SERIDÓ,RN,11/2022,264,254,"96,21",234,20,"92,13",10,"3,79",4,6,"2,27"
241142,SANTANA DO SERIDÓ,RN,09/2022,308,239,"77,60",226,13,"94,56",69,"22,40",24,45,"14,61"
241142,SANTANA DO SERIDÓ,RN,07/2022,278,259,"93,17",233,26,"89,96",19,"6,83",5,14,"5,04"
241150,SANTO ANTÔNIO,RN,07/2022,4051,2855,"70,48",2853,2,"99,93",1196,"29,52",47,1149,"28,36"
241150,SANTO ANTÔNIO,RN,09/2022,4014,2858,"71,20",2856,2,"99,93",1156,"28,80",24,1132,"28,20"
241150,SANTO ANTÔNIO,RN,11/2022,4012,2893,"72,11",2892,1,"99,97",1119,"27,89",51,1068,"26,62"
241160,SÃO BENTO DO NORTE,RN,11/2022,729,485,"66,53",468,17,"96,49",244,"33,47",49,195,"26,75"
241160,SÃO BENTO DO NORTE,RN,09/2022,747,514,"68,81",500,14,"97,28",233,"31,19",36,197,"26,37"
241160,SÃO BENTO DO NORTE,RN,07/2022,746,444,"59,52",444,0,"100,00",302,"40,48",85,217,"29,09"
241170,SÃO BENTO DO TRAIRÍ,RN,09/2022,849,585,"68,90",585,0,"100,00",264,"31,10",15,249,"29,33"
241170,SÃO BENTO DO TRAIRÍ,RN,07/2022,837,567,"67,74",566,1,"99,82",270,"32,26",17,253,"30,23"
241170,SÃO BENTO DO TRAIRÍ,RN,11/2022,840,606,"72,14",601,5,"99,17",234,"27,86",10,224,"26,67"
241180,SÃO FERNANDO,RN,11/2022,418,348,"83,25",281,67,"80,75",70,"16,75",18,52,"12,44"
241180,SÃO FERNANDO,RN,09/2022,424,354,"83,49",278,76,"78,53",70,"16,51",21,49,"11,56"
241180,SÃO FERNANDO,RN,07/2022,423,349,"82,51",290,59,"83,09",74,"17,49",27,47,"11,11"
241190,SÃO FRANCISCO DO OESTE,RN,09/2022,575,556,"96,70",472,84,"84,89",19,"3,30",13,6,"1,04"
241190,SÃO FRANCISCO DO OESTE,RN,07/2022,554,532,"96,03",442,90,"83,08",22,"3,97",9,13,"2,35"
241190,SÃO FRANCISCO DO OESTE,RN,11/2022,525,512,"97,52",455,57,"88,87",13,"2,48",6,7,"1,33"
241200,SÃO GONÇALO DO AMARANTE,RN,11/2022,14639,12872,"87,93",12652,220,"98,29",1767,"12,07",185,1582,"10,81"
241200,SÃO GONÇALO DO AMARANTE,RN,09/2022,15388,13613,"88,47",13612,1,"99,99",1775,"11,53",296,1479,"9,61"
241200,SÃO GONÇALO DO AMARANTE,RN,07/2022,14821,11640,"78,54",11608,32,"99,73",3181,"21,46",449,2732,"18,43"
241210,SÃO JOÃO DO SABUGI,RN,07/2022,766,641,"83,68",550,91,"85,80",125,"16,32",6,119,"15,54"
241210,SÃO JOÃO DO SABUGI,RN,09/2022,760,660,"86,84",609,51,"92,27",100,"13,16",14,86,"11,32"
241210,SÃO JOÃO DO SABUGI,RN,11/2022,711,662,"93,11",656,6,"99,09",49,"6,89",2,47,"6,61"
241220,SÃO JOSÉ DE MIPIBU,RN,11/2022,7401,4939,"66,73",4652,287,"94,19",2462,"33,27",25,2437,"32,93"
241220,SÃO JOSÉ DE MIPIBU,RN,07/2022,7697,4319,"56,11",3936,383,"91,13",3378,"43,89",339,3039,"39,48"
241220,SÃO JOSÉ DE MIPIBU,RN,09/2022,7765,4728,"60,89",4435,293,"93,80",3037,"39,11",358,2679,"34,50"
241230,SÃO JOSÉ DO CAMPESTRE,RN,09/2022,2149,1747,"81,29",1635,112,"93,59",402,"18,71",23,379,"17,64"
241230,SÃO JOSÉ DO CAMPESTRE,RN,07/2022,2214,1600,"72,27",1461,139,"91,31",614,"27,73",7,607,"27,42"
241230,SÃO JOSÉ DO CAMPESTRE,RN,11/2022,1991,1569,"78,80",1554,15,"99,04",422,"21,20",26,396,"19,89"
241240,SÃO JOSÉ DO SERIDÓ,RN,11/2022,500,415,"83,00",404,11,"97,35",85,"17,00",17,68,"13,60"
241240,SÃO JOSÉ DO SERIDÓ,RN,09/2022,465,0,"0,00",0,0,,465,"100,00",406,59,"12,69"
241240,SÃO JOSÉ DO SERIDÓ,RN,07/2022,458,0,"0,00",0,0,,458,"100,00",403,55,"12,01"
241250,SÃO MIGUEL,RN,07/2022,3563,2964,"83,19",2890,74,"97,50",599,"16,81",170,429,"12,04"
241250,SÃO MIGUEL,RN,09/2022,3553,3214,"90,46",3055,159,"95,05",339,"9,54",13,326,"9,18"
241250,SÃO MIGUEL,RN,11/2022,3447,2990,"86,74",2940,50,"98,33",457,"13,26",29,428,"12,42"
241255,SÃO MIGUEL DO GOSTOSO,RN,11/2022,1955,1688,"86,34",1562,126,"92,54",267,"13,66",30,237,"12,12"
241255,SÃO MIGUEL DO GOSTOSO,RN,09/2022,1930,1551,"80,36",1452,99,"93,62",379,"19,64",185,194,"10,05"
241255,SÃO MIGUEL DO GOSTOSO,RN,07/2022,1938,1570,"81,01",1518,52,"96,69",368,"18,99",32,336,"17,34"
241260,SÃO PAULO DO POTENGI,RN,07/2022,3270,2302,"70,40",2301,1,"99,96",968,"29,60",11,957,"29,27"
241260,SÃO PAULO DO POTENGI,RN,09/2022,3259,2688,"82,48",2507,181,"93,27",571,"17,52",29,542,"16,63"
241260,SÃO PAULO DO POTENGI,RN,11/2022,3010,2593,"86,15",2571,22,"99,15",417,"13,85",42,375,"12,46"
241270,SÃO PEDRO,RN,11/2022,1169,734,"62,79",675,59,"91,96",435,"37,21",7,428,"36,61"
241270,SÃO PEDRO,RN,09/2022,1218,1034,"84,89",1033,1,"99,90",184,"15,11",7,177,"14,53"
241270,SÃO PEDRO,RN,07/2022,1204,999,"82,97",999,0,"100,00",205,"17,03",25,180,"14,95"
241280,SÃO RAFAEL,RN,09/2022,1324,897,"67,75",844,53,"94,09",427,"32,25",29,398,"30,06"
241280,SÃO RAFAEL,RN,07/2022,1276,892,"69,91",823,69,"92,26",384,"30,09",8,376,"29,47"
241280,SÃO RAFAEL,RN,11/2022,1267,871,"68,75",711,160,"81,63",396,"31,25",7,389,"30,70"
241290,SÃO TOMÉ,RN,11/2022,1649,1048,"63,55",1038,10,"99,05",601,"36,45",527,74,"4,49"
241290,SÃO TOMÉ,RN,09/2022,1713,832,"48,57",758,74,"91,11",881,"51,43",817,64,"3,74"
241290,SÃO TOMÉ,RN,07/2022,1714,837,"48,83",825,12,"98,57",877,"51,17",805,72,"4,20"
241300,SÃO VICENTE,RN,09/2022,759,706,"93,02",644,62,"91,22",53,"6,98",13,40,"5,27"
241300,SÃO VICENTE,RN,07/2022,756,618,"81,75",568,50,"91,91",138,"18,25",58,80,"10,58"
241300,SÃO VICENTE,RN,11/2022,733,675,"92,09",646,29,"95,70",58,"7,91",7,51,"6,96"
241310,SENADOR ELÓI DE SOUZA,RN,11/2022,1352,1072,"79,29",1045,27,"97,48",280,"20,71",32,248,"18,34"
241310,SENADOR ELÓI DE SOUZA,RN,07/2022,1356,963,"71,02",945,18,"98,13",393,"28,98",71,322,"23,75"
241310,SENADOR ELÓI DE SOUZA,RN,09/2022,1368,972,"71,05",959,13,"98,66",396,"28,95",36,360,"26,32"
241320,SENADOR GEORGINO AVELINO,RN,07/2022,858,748,"87,18",747,1,"99,87",110,"12,82",3,107,"12,47"
241320,SENADOR GEORGINO AVELINO,RN,09/2022,861,750,"87,11",750,0,"100,00",111,"12,89",4,107,"12,43"
241320,SENADOR GEORGINO AVELINO,RN,11/2022,857,745,"86,93",731,14,"98,12",112,"13,07",1,111,"12,95"
241330,SERRA DE SÃO BENTO,RN,11/2022,1078,933,"86,55",922,11,"98,82",145,"13,45",26,119,"11,04"
241330,SERRA DE SÃO BENTO,RN,07/2022,1110,947,"85,32",892,55,"94,19",163,"14,68",38,125,"11,26"
241330,SERRA DE SÃO BENTO,RN,09/2022,1108,929,"83,84",918,11,"98,82",179,"16,16",12,167,"15,07"
241335,SERRA DO MEL,RN,09/2022,2600,2422,"93,15",2411,11,"99,55",178,"6,85",35,143,"5,50"
241335,SERRA DO MEL,RN,07/2022,2593,2454,"94,64",2454,0,"100,00",139,"5,36",11,128,"4,94"
241335,SERRA DO MEL,RN,11/2022,2622,2418,"92,22",2418,0,"100,00",204,"7,78",34,170,"6,48"
241340,SERRA NEGRA DO NORTE,RN,11/2022,825,607,"73,58",556,51,"91,60",218,"26,42",3,215,"26,06"
241340,SERRA NEGRA DO NORTE,RN,07/2022,842,545,"64,73",485,60,"88,99",297,"35,27",53,244,"28,98"
241340,SERRA NEGRA DO NORTE,RN,09/2022,842,616,"73,16",556,60,"90,26",226,"26,84",26,200,"23,75"
241350,SERRINHA,RN,07/2022,1477,1228,"83,14",1226,2,"99,84",249,"16,86",11,238,"16,11"
241350,SERRINHA,RN,09/2022,1478,1231,"83,29",1217,14,"98,86",247,"16,71",6,241,"16,31"
241350,SERRINHA,RN,11/2022,1492,1231,"82,51",1223,8,"99,35",261,"17,49",17,244,"16,35"
241355,SERRINHA DOS PINTOS,RN,11/2022,700,537,"76,71",460,77,"85,66",163,"23,29",3,160,"22,86"
241355,SERRINHA DOS PINTOS,RN,07/2022,725,629,"86,76",593,36,"94,28",96,"13,24",1,95,"13,10"
241355,SERRINHA DOS PINTOS,RN,09/2022,730,579,"79,32",538,41,"92,92",151,"20,68",4,147,"20,14"
241360,SEVERIANO MELO,RN,09/2022,895,606,"67,71",586,20,"96,70",289,"32,29",154,135,"15,08"
241360,SEVERIANO MELO,RN,07/2022,888,753,"84,80",737,16,"97,88",135,"15,20",7,128,"14,41"
241360,SEVERIANO MELO,RN,11/2022,904,802,"88,72",750,52,"93,52",102,"11,28",6,96,"10,62"
241370,SÍTIO NOVO,RN,11/2022,721,469,"65,05",443,26,"94,46",252,"34,95",72,180,"24,97"
241370,SÍTIO NOVO,RN,09/2022,715,459,"64,20",431,28,"93,90",256,"35,80",73,183,"25,59"
241370,SÍTIO NOVO,RN,07/2022,721,447,"62,00",432,15,"96,64",274,"38,00",88,186,"25,80"
241380,TABOLEIRO GRANDE,RN,07/2022,381,345,"90,55",345,0,"100,00",36,"9,45",5,31,"8,14"
241380,TABOLEIRO GRANDE,RN,09/2022,382,347,"90,84",347,0,"100,00",35,"9,16",3,32,"8,38"
241380,TABOLEIRO GRANDE,RN,11/2022,380,347,"91,32",345,2,"99,42",33,"8,68",4,29,"7,63"
241390,TAIPU,RN,11/2022,2386,1863,"78,08",1863,0,"100,00",523,"21,92",17,506,"21,21"
241390,TAIPU,RN,09/2022,2390,1847,"77,28",1847,0,"100,00",543,"22,72",18,525,"21,97"
241390,TAIPU,RN,07/2022,2415,1625,"67,29",1625,0,"100,00",790,"32,71",255,535,"22,15"
241400,TANGARÁ,RN,07/2022,2756,1610,"58,42",1539,71,"95,59",1146,"41,58",24,1122,"40,71"
241400,TANGARÁ,RN,09/2022,2774,1527,"55,05",1412,115,"92,47",1247,"44,95",16,1231,"44,38"
241400,TANGARÁ,RN,11/2022,2751,1508,"54,82",1385,123,"91,84",1243,"45,18",24,1219,"44,31"
241410,TENENTE ANANIAS,RN,11/2022,1567,1333,"85,07",1301,32,"97,60",234,"14,93",16,218,"13,91"
241410,TENENTE ANANIAS,RN,09/2022,1561,1333,"85,39",1302,31,"97,67",228,"14,61",9,219,"14,03"
241410,TENENTE ANANIAS,RN,07/2022,1546,1318,"85,25",1297,21,"98,41",228,"14,75",12,216,"13,97"
241415,TENENTE LAURENTINO CRUZ,RN,07/2022,1227,1035,"84,35",1002,33,"96,81",192,"15,65",33,159,"12,96"
241415,TENENTE LAURENTINO CRUZ,RN,09/2022,1255,1013,"80,72",949,64,"93,68",242,"19,28",42,200,"15,94"
241415,TENENTE LAURENTINO CRUZ,RN,11/2022,1204,970,"80,56",967,3,"99,69",234,"19,44",24,210,"17,44"
241420,TIBAU DO SUL,RN,11/2022,2490,2175,"87,35",2034,141,"93,52",315,"12,65",16,299,"12,01"
241420,TIBAU DO SUL,RN,07/2022,2449,1841,"75,17",1841,0,"100,00",608,"24,83",24,584,"23,85"
241420,TIBAU DO SUL,RN,09/2022,2459,2216,"90,12",2168,48,"97,83",243,"9,88",32,211,"8,58"
241430,TIMBAÚBA DOS BATISTAS,RN,07/2022,283,227,"80,21",226,1,"99,56",56,"19,79",9,47,"16,61"
241430,TIMBAÚBA DOS BATISTAS,RN,09/2022,291,235,"80,76",235,0,"100,00",56,"19,24",8,48,"16,49"
241430,TIMBAÚBA DOS BATISTAS,RN,11/2022,294,234,"79,59",234,0,"100,00",60,"20,41",7,53,"18,03"
241440,TOUROS,RN,11/2022,6632,4146,"62,52",4015,131,"96,84",2486,"37,48",43,2443,"36,84"
241440,TOUROS,RN,07/2022,6801,2975,"43,74",2864,111,"96,27",3826,"56,26",68,3758,"55,26"
241440,TOUROS,RN,09/2022,6821,4365,"63,99",4176,189,"95,67",2456,"36,01",43,2413,"35,38"
241445,TRIUNFO POTIGUAR,RN,07/2022,990,871,"87,98",871,0,"100,00",119,"12,02",5,114,"11,52"
241445,TRIUNFO POTIGUAR,RN,09/2022,1013,884,"87,27",884,0,"100,00",129,"12,73",16,113,"11,15"
241445,TRIUNFO POTIGUAR,RN,11/2022,979,865,"88,36",771,94,"89,13",114,"11,64",3,111,"11,34"
241450,UMARIZAL,RN,11/2022,1591,858,"53,93",835,23,"97,32",733,"46,07",176,557,"35,01"
241450,UMARIZAL,RN,09/2022,1565,203,"12,97",197,6,"97,04",1362,"87,03",897,465,"29,71"
241450,UMARIZAL,RN,07/2022,1587,379,"23,88",367,12,"96,83",1208,"76,12",744,464,"29,24"
241460,UPANEMA,RN,07/2022,2102,1888,"89,82",1867,21,"98,89",214,"10,18",52,162,"7,71"
241460,UPANEMA,RN,09/2022,2101,1798,"85,58",1710,88,"95,11",303,"14,42",144,159,"7,57"
241460,UPANEMA,RN,11/2022,2037,1220,"59,89",1112,108,"91,15",817,"40,11",668,149,"7,31"
241470,VÁRZEA,RN,11/2022,998,778,"77,96",761,17,"97,81",220,"22,04",22,198,"19,84"
241470,VÁRZEA,RN,07/2022,1004,531,"52,89",499,32,"93,97",473,"47,11",99,374,"37,25"
241470,VÁRZEA,RN,09/2022,1003,583,"58,13",554,29,"95,03",420,"41,87",14,406,"40,48"
241475,VENHA-VER,RN,07/2022,593,504,"84,99",450,54,"89,29",89,"15,01",14,75,"12,65"
241475,VENHA-VER,RN,09/2022,575,522,"90,78",445,77,"85,25",53,"9,22",6,47,"8,17"
241475,VENHA-VER,RN,11/2022,552,461,"83,51",436,25,"94,58",91,"16,49",0,91,"16,49"
241480,VERA CRUZ,RN,11/2022,2148,1834,"85,38",1834,0,"100,00",314,"14,62",21,293,"13,64"
241480,VERA CRUZ,RN,07/2022,2124,1803,"84,89",1803,0,"100,00",321,"15,11",20,301,"14,17"
241480,VERA CRUZ,RN,09/2022,2131,1800,"84,47",1800,0,"100,00",331,"15,53",23,308,"14,45"
241490,VIÇOSA,RN,07/2022,324,274,"84,57",255,19,"93,07",50,"15,43",2,48,"14,81"
241490,VIÇOSA,RN,09/2022,329,281,"85,41",267,14,"95,02",48,"14,59",1,47,"14,29"
241490,VIÇOSA,RN,11/2022,321,272,"84,74",272,0,"100,00",49,"15,26",2,47,"14,64"
241500,VILA FLOR,RN,11/2022,781,685,"87,71",631,54,"92,12",96,"12,29",10,86,"11,01"
241500,VILA FLOR,RN,09/2022,806,722,"89,58",714,8,"98,89",84,"10,42",5,79,"9,80"
241500,VILA FLOR,RN,07/2022,792,741,"93,56",741,0,"100,00",51,"6,44",4,47,"5,93"
110001,ALTA FLORESTA D´OESTE,RO,11/2022,2139,2008,"93,88",1963,45,"97,76",131,"6,12",10,121,"5,66"
110001,ALTA FLORESTA D´OESTE,RO,07/2022,2195,1827,"83,23",1733,94,"94,85",368,"16,77",24,344,"15,67"
110001,ALTA FLORESTA D´OESTE,RO,09/2022,2171,1867,"86,00",1775,92,"95,07",304,"14,00",14,290,"13,36"
110002,ARIQUEMES,RO,07/2022,7257,5897,"81,26",5626,271,"95,40",1360,"18,74",127,1233,"16,99"
110002,ARIQUEMES,RO,09/2022,7182,6191,"86,20",5679,512,"91,73",991,"13,80",32,959,"13,35"
110002,ARIQUEMES,RO,11/2022,7131,6084,"85,32",5820,264,"95,66",1047,"14,68",55,992,"13,91"
110003,CABIXI,RO,11/2022,413,241,"58,35",232,9,"96,27",172,"41,65",4,168,"40,68"
110003,CABIXI,RO,09/2022,427,248,"58,08",247,1,"99,60",179,"41,92",11,168,"39,34"
110003,CABIXI,RO,07/2022,426,249,"58,45",247,2,"99,20",177,"41,55",18,159,"37,32"
110004,CACOAL,RO,07/2022,5998,4597,"76,64",4388,209,"95,45",1401,"23,36",690,711,"11,85"
110004,CACOAL,RO,09/2022,6152,5521,"89,74",5226,295,"94,66",631,"10,26",95,536,"8,71"
110004,CACOAL,RO,11/2022,6131,5575,"90,93",5323,252,"95,48",556,"9,07",61,495,"8,07"
110005,CEREJEIRAS,RO,11/2022,1208,1034,"85,60",917,117,"88,68",174,"14,40",53,121,"10,02"
110005,CEREJEIRAS,RO,09/2022,1203,987,"82,04",956,31,"96,86",216,"17,96",22,194,"16,13"
110005,CEREJEIRAS,RO,07/2022,1233,989,"80,21",975,14,"98,58",244,"19,79",43,201,"16,30"
110006,COLORADO DO OESTE,RO,07/2022,632,499,"78,96",467,32,"93,59",133,"21,04",80,53,"8,39"
110006,COLORADO DO OESTE,RO,09/2022,633,557,"87,99",527,30,"94,61",76,"12,01",33,43,"6,79"
110006,COLORADO DO OESTE,RO,11/2022,626,545,"87,06",512,33,"93,94",81,"12,94",33,48,"7,67"
110007,CORUMBIARA,RO,11/2022,620,504,"81,29",477,27,"94,64",116,"18,71",3,113,"18,23"
110007,CORUMBIARA,RO,07/2022,707,529,"74,82",513,16,"96,98",178,"25,18",23,155,"21,92"
110007,CORUMBIARA,RO,09/2022,662,558,"84,29",513,45,"91,94",104,"15,71",4,100,"15,11"
110008,COSTA MARQUES,RO,07/2022,2641,1204,"45,59",1127,77,"93,60",1437,"54,41",62,1375,"52,06"
110008,COSTA MARQUES,RO,09/2022,2600,1233,"47,42",1173,60,"95,13",1367,"52,58",47,1320,"50,77"
110008,COSTA MARQUES,RO,11/2022,2551,1853,"72,64",1778,75,"95,95",698,"27,36",59,639,"25,05"
110009,ESPIGÃO D´OESTE,RO,11/2022,2724,1921,"70,52",1873,48,"97,50",803,"29,48",3,800,"29,37"
110009,ESPIGÃO D´OESTE,RO,07/2022,2677,1664,"62,16",1636,28,"98,32",1013,"37,84",208,805,"30,07"
110009,ESPIGÃO D´OESTE,RO,09/2022,2681,1643,"61,28",1610,33,"97,99",1038,"38,72",177,861,"32,11"
110010,GUAJARÁ-MIRIM,RO,07/2022,7405,5973,"80,66",5837,136,"97,72",1432,"19,34",45,1387,"18,73"
110010,GUAJARÁ-MIRIM,RO,09/2022,7243,6525,"90,09",6213,312,"95,22",718,"9,91",30,688,"9,50"
110010,GUAJARÁ-MIRIM,RO,11/2022,7195,6471,"89,94",6319,152,"97,65",724,"10,06",43,681,"9,46"
110011,JARU,RO,11/2022,3560,3012,"84,61",2861,151,"94,99",548,"15,39",39,509,"14,30"
110011,JARU,RO,07/2022,3621,3051,"84,26",2834,217,"92,89",570,"15,74",49,521,"14,39"
110011,JARU,RO,09/2022,3514,2914,"82,93",2670,244,"91,63",600,"17,07",158,442,"12,58"
110012,JI-PARANÁ,RO,09/2022,6498,4900,"75,41",4728,172,"96,49",1598,"24,59",128,1470,"22,62"
110012,JI-PARANÁ,RO,07/2022,6147,4007,"65,19",3901,106,"97,35",2140,"34,81",112,2028,"32,99"
110012,JI-PARANÁ,RO,11/2022,6817,5809,"85,21",5616,193,"96,68",1008,"14,79",85,923,"13,54"
110013,MACHADINHO D´OESTE,RO,11/2022,3777,3420,"90,55",3271,149,"95,64",357,"9,45",138,219,"5,80"
110013,MACHADINHO D´OESTE,RO,07/2022,3736,2522,"67,51",2504,18,"99,29",1214,"32,49",10,1204,"32,23"
110013,MACHADINHO D´OESTE,RO,09/2022,3685,3470,"94,17",3362,108,"96,89",215,"5,83",12,203,"5,51"
110014,NOVA BRASILÂNDIA D´OESTE,RO,09/2022,1847,1478,"80,02",1403,75,"94,93",369,"19,98",12,357,"19,33"
110014,NOVA BRASILÂNDIA D´OESTE,RO,07/2022,1825,1198,"65,64",1143,55,"95,41",627,"34,36",283,344,"18,85"
110014,NOVA BRASILÂNDIA D´OESTE,RO,11/2022,1833,1480,"80,74",1444,36,"97,57",353,"19,26",5,348,"18,99"
110015,OURO PRETO DO OESTE,RO,11/2022,2381,1536,"64,51",1424,112,"92,71",845,"35,49",28,817,"34,31"
110015,OURO PRETO DO OESTE,RO,09/2022,2331,1421,"60,96",1293,128,"90,99",910,"39,04",21,889,"38,14"
110015,OURO PRETO DO OESTE,RO,07/2022,2228,1042,"46,77",967,75,"92,80",1186,"53,23",178,1008,"45,24"
110018,PIMENTA BUENO,RO,09/2022,1774,1322,"74,52",1250,72,"94,55",452,"25,48",21,431,"24,30"
110018,PIMENTA BUENO,RO,07/2022,1732,1069,"61,72",875,194,"81,85",663,"38,28",18,645,"37,24"
110018,PIMENTA BUENO,RO,11/2022,1736,1357,"78,17",1204,153,"88,73",379,"21,83",9,370,"21,31"
110020,PORTO VELHO,RO,11/2022,54383,31062,"57,12",30038,1024,"96,70",23321,"42,88",4934,18387,"33,81"
110020,PORTO VELHO,RO,07/2022,48485,18491,"38,14",17549,942,"94,91",29994,"61,86",10608,19386,"39,98"
110020,PORTO VELHO,RO,09/2022,53514,34162,"63,84",32936,1226,"96,41",19352,"36,16",851,18501,"34,57"
110025,PRESIDENTE MÉDICI,RO,09/2022,2160,1723,"79,77",1531,192,"88,86",437,"20,23",18,419,"19,40"
110025,PRESIDENTE MÉDICI,RO,07/2022,2166,1557,"71,88",1512,45,"97,11",609,"28,12",42,567,"26,18"
110025,PRESIDENTE MÉDICI,RO,11/2022,2115,1677,"79,29",1538,139,"91,71",438,"20,71",40,398,"18,82"
110026,RIO CRESPO,RO,11/2022,349,209,"59,89",206,3,"98,56",140,"40,11",13,127,"36,39"
110026,RIO CRESPO,RO,09/2022,355,228,"64,23",224,4,"98,25",127,"35,77",0,127,"35,77"
110026,RIO CRESPO,RO,07/2022,363,232,"63,91",231,1,"99,57",131,"36,09",6,125,"34,44"
110028,ROLIM DE MOURA,RO,07/2022,2847,2137,"75,06",1957,180,"91,58",710,"24,94",24,686,"24,10"
110028,ROLIM DE MOURA,RO,09/2022,2844,2337,"82,17",2202,135,"94,22",507,"17,83",10,497,"17,48"
110028,ROLIM DE MOURA,RO,11/2022,2750,2369,"86,15",2195,174,"92,66",381,"13,85",9,372,"13,53"
110029,SANTA LUZIA D´OESTE,RO,11/2022,659,589,"89,38",589,0,"100,00",70,"10,62",2,68,"10,32"
110029,SANTA LUZIA D´OESTE,RO,09/2022,690,511,"74,06",499,12,"97,65",179,"25,94",10,169,"24,49"
110029,SANTA LUZIA D´OESTE,RO,07/2022,678,479,"70,65",478,1,"99,79",199,"29,35",27,172,"25,37"
110030,VILHENA,RO,09/2022,5736,3928,"68,48",3646,282,"92,82",1808,"31,52",20,1788,"31,17"
110030,VILHENA,RO,07/2022,5721,3290,"57,51",3157,133,"95,96",2431,"42,49",55,2376,"41,53"
110030,VILHENA,RO,11/2022,5640,3996,"70,85",3611,385,"90,37",1644,"29,15",14,1630,"28,90"
110032,SÃO MIGUEL DO GUAPORÉ,RO,11/2022,1552,1232,"79,38",1193,39,"96,83",320,"20,62",6,314,"20,23"
110032,SÃO MIGUEL DO GUAPORÉ,RO,09/2022,1516,1145,"75,53",1102,43,"96,24",371,"24,47",8,363,"23,94"
110032,SÃO MIGUEL DO GUAPORÉ,RO,07/2022,1489,1102,"74,01",1077,25,"97,73",387,"25,99",44,343,"23,04"
110033,NOVA MAMORÉ,RO,07/2022,3054,2409,"78,88",2279,130,"94,60",645,"21,12",146,499,"16,34"
110033,NOVA MAMORÉ,RO,09/2022,3158,2721,"86,16",2482,239,"91,22",437,"13,84",21,416,"13,17"
110033,NOVA MAMORÉ,RO,11/2022,3243,2887,"89,02",2715,172,"94,04",356,"10,98",57,299,"9,22"
110034,ALVORADA D´OESTE,RO,11/2022,1546,1268,"82,02",1212,56,"95,58",278,"17,98",44,234,"15,14"
110034,ALVORADA D´OESTE,RO,09/2022,1569,1294,"82,47",1227,67,"94,82",275,"17,53",28,247,"15,74"
110034,ALVORADA D´OESTE,RO,07/2022,1591,1251,"78,63",1179,72,"94,24",340,"21,37",42,298,"18,73"
110037,ALTO ALEGRE DOS PARECIS,RO,09/2022,1106,991,"89,60",908,83,"91,62",115,"10,40",6,109,"9,86"
110037,ALTO ALEGRE DOS PARECIS,RO,07/2022,1163,975,"83,83",893,82,"91,59",188,"16,17",18,170,"14,62"
110037,ALTO ALEGRE DOS PARECIS,RO,11/2022,1073,947,"88,26",906,41,"95,67",126,"11,74",3,123,"11,46"
110040,ALTO PARAÍSO,RO,11/2022,1814,1241,"68,41",1241,0,"100,00",573,"31,59",16,557,"30,71"
110040,ALTO PARAÍSO,RO,07/2022,1781,1232,"69,17",1232,0,"100,00",549,"30,83",13,536,"30,10"
110040,ALTO PARAÍSO,RO,09/2022,1771,1209,"68,27",1208,1,"99,92",562,"31,73",2,560,"31,62"
110045,BURITIS,RO,07/2022,2943,2333,"79,27",2154,179,"92,33",610,"20,73",117,493,"16,75"
110045,BURITIS,RO,09/2022,2852,2455,"86,08",2158,297,"87,90",397,"13,92",25,372,"13,04"
110045,BURITIS,RO,11/2022,2862,2494,"87,14",2270,224,"91,02",368,"12,86",55,313,"10,94"
110050,NOVO HORIZONTE DO OESTE,RO,11/2022,735,690,"93,88",656,34,"95,07",45,"6,12",3,42,"5,71"
110050,NOVO HORIZONTE DO OESTE,RO,09/2022,787,769,"97,71",701,68,"91,16",18,"2,29",0,18,"2,29"
110050,NOVO HORIZONTE DO OESTE,RO,07/2022,825,688,"83,39",596,92,"86,63",137,"16,61",10,127,"15,39"
110060,CACAULÂNDIA,RO,09/2022,427,353,"82,67",313,40,"88,67",74,"17,33",11,63,"14,75"
110060,CACAULÂNDIA,RO,07/2022,459,362,"78,87",362,0,"100,00",97,"21,13",15,82,"17,86"
110060,CACAULÂNDIA,RO,11/2022,402,299,"74,38",259,40,"86,62",103,"25,62",26,77,"19,15"
110070,CAMPO NOVO DE RONDÔNIA,RO,11/2022,922,692,"75,05",686,6,"99,13",230,"24,95",17,213,"23,10"
110070,CAMPO NOVO DE RONDÔNIA,RO,07/2022,899,268,"29,81",260,8,"97,01",631,"70,19",377,254,"28,25"
110070,CAMPO NOVO DE RONDÔNIA,RO,09/2022,900,672,"74,67",663,9,"98,66",228,"25,33",18,210,"23,33"
110080,CANDEIAS DO JAMARI,RO,07/2022,4129,2705,"65,51",2559,146,"94,60",1424,"34,49",501,923,"22,35"
110080,CANDEIAS DO JAMARI,RO,09/2022,3900,3227,"82,74",2884,343,"89,37",673,"17,26",179,494,"12,67"
110080,CANDEIAS DO JAMARI,RO,11/2022,3854,3218,"83,50",2938,280,"91,30",636,"16,50",85,551,"14,30"
110090,CASTANHEIRAS,RO,11/2022,297,266,"89,56",255,11,"95,86",31,"10,44",2,29,"9,76"
110090,CASTANHEIRAS,RO,07/2022,328,268,"81,71",261,7,"97,39",60,"18,29",2,58,"17,68"
110090,CASTANHEIRAS,RO,09/2022,319,303,"94,98",275,28,"90,76",16,"5,02",0,16,"5,02"
110092,CHUPINGUAIA,RO,09/2022,1100,976,"88,73",976,0,"100,00",124,"11,27",1,123,"11,18"
110092,CHUPINGUAIA,RO,07/2022,956,197,"20,61",197,0,"100,00",759,"79,39",514,245,"25,63"
110092,CHUPINGUAIA,RO,11/2022,1123,971,"86,46",971,0,"100,00",152,"13,54",40,112,"9,97"
110094,CUJUBIM,RO,11/2022,2035,1628,"80,00",1512,116,"92,87",407,"20,00",13,394,"19,36"
110094,CUJUBIM,RO,09/2022,2030,1639,"80,74",1582,57,"96,52",391,"19,26",7,384,"18,92"
110094,CUJUBIM,RO,07/2022,2043,1443,"70,63",1369,74,"94,87",600,"29,37",98,502,"24,57"
110100,GOVERNADOR JORGE TEIXEIRA,RO,07/2022,1081,815,"75,39",768,47,"94,23",266,"24,61",67,199,"18,41"
110100,GOVERNADOR JORGE TEIXEIRA,RO,09/2022,1061,848,"79,92",813,35,"95,87",213,"20,08",19,194,"18,28"
110100,GOVERNADOR JORGE TEIXEIRA,RO,11/2022,1074,836,"77,84",823,13,"98,44",238,"22,16",26,212,"19,74"
110110,ITAPUÃ DO OESTE,RO,11/2022,1119,966,"86,33",890,76,"92,13",153,"13,67",42,111,"9,92"
110110,ITAPUÃ DO OESTE,RO,07/2022,1094,967,"88,39",803,164,"83,04",127,"11,61",24,103,"9,41"
110110,ITAPUÃ DO OESTE,RO,09/2022,1093,1002,"91,67",889,113,"88,72",91,"8,33",8,83,"7,59"
110120,MINISTRO ANDREAZZA,RO,09/2022,655,546,"83,36",498,48,"91,21",109,"16,64",1,108,"16,49"
110120,MINISTRO ANDREAZZA,RO,07/2022,693,523,"75,47",511,12,"97,71",170,"24,53",17,153,"22,08"
110120,MINISTRO ANDREAZZA,RO,11/2022,634,558,"88,01",547,11,"98,03",76,"11,99",0,76,"11,99"
110130,MIRANTE DA SERRA,RO,11/2022,858,738,"86,01",681,57,"92,28",120,"13,99",15,105,"12,24"
110130,MIRANTE DA SERRA,RO,07/2022,946,570,"60,25",489,81,"85,79",376,"39,75",141,235,"24,84"
110130,MIRANTE DA SERRA,RO,09/2022,878,751,"85,54",665,86,"88,55",127,"14,46",10,117,"13,33"
110140,MONTE NEGRO,RO,09/2022,1368,981,"71,71",951,30,"96,94",387,"28,29",17,370,"27,05"
110140,MONTE NEGRO,RO,07/2022,1324,643,"48,56",634,9,"98,60",681,"51,44",242,439,"33,16"
110140,MONTE NEGRO,RO,11/2022,1447,1007,"69,59",986,21,"97,91",440,"30,41",88,352,"24,33"
110143,NOVA UNIÃO,RO,11/2022,631,503,"79,71",469,34,"93,24",128,"20,29",1,127,"20,13"
110143,NOVA UNIÃO,RO,09/2022,587,475,"80,92",454,21,"95,58",112,"19,08",3,109,"18,57"
110143,NOVA UNIÃO,RO,07/2022,649,480,"73,96",462,18,"96,25",169,"26,04",5,164,"25,27"
110145,PARECIS,RO,09/2022,400,359,"89,75",338,21,"94,15",41,"10,25",3,38,"9,50"
110145,PARECIS,RO,07/2022,407,317,"77,89",298,19,"94,01",90,"22,11",16,74,"18,18"
110145,PARECIS,RO,11/2022,381,342,"89,76",323,19,"94,44",39,"10,24",6,33,"8,66"
110146,PIMENTEIRAS DO OESTE,RO,11/2022,320,199,"62,19",193,6,"96,98",121,"37,81",1,120,"37,50"
110146,PIMENTEIRAS DO OESTE,RO,07/2022,332,231,"69,58",226,5,"97,84",101,"30,42",4,97,"29,22"
110146,PIMENTEIRAS DO OESTE,RO,09/2022,329,210,"63,83",207,3,"98,57",119,"36,17",1,118,"35,87"
110147,PRIMAVERA DE RONDÔNIA,RO,09/2022,274,151,"55,11",146,5,"96,69",123,"44,89",1,122,"44,53"
110147,PRIMAVERA DE RONDÔNIA,RO,07/2022,287,134,"46,69",128,6,"95,52",153,"53,31",13,140,"48,78"
110147,PRIMAVERA DE RONDÔNIA,RO,11/2022,287,206,"71,78",201,5,"97,57",81,"28,22",7,74,"25,78"
110148,SÃO FELIPE D´OESTE,RO,11/2022,278,179,"64,39",132,47,"73,74",99,"35,61",19,80,"28,78"
110148,SÃO FELIPE D´OESTE,RO,07/2022,308,215,"69,81",207,8,"96,28",93,"30,19",3,90,"29,22"
110148,SÃO FELIPE D´OESTE,RO,09/2022,288,174,"60,42",172,2,"98,85",114,"39,58",24,90,"31,25"
110149,SÃO FRANCISCO DO GUAPORÉ,RO,07/2022,1849,775,"41,91",755,20,"97,42",1074,"58,09",33,1041,"56,30"
110149,SÃO FRANCISCO DO GUAPORÉ,RO,09/2022,1808,1359,"75,17",1219,140,"89,70",449,"24,83",29,420,"23,23"
110149,SÃO FRANCISCO DO GUAPORÉ,RO,11/2022,1813,1419,"78,27",1369,50,"96,48",394,"21,73",69,325,"17,93"
110150,SERINGUEIRAS,RO,11/2022,1228,1219,"99,27",1209,10,"99,18",9,"0,73",4,5,"0,41"
110150,SERINGUEIRAS,RO,07/2022,1323,894,"67,57",892,2,"99,78",429,"32,43",13,416,"31,44"
110150,SERINGUEIRAS,RO,09/2022,1280,1092,"85,31",1088,4,"99,63",188,"14,69",7,181,"14,14"
110155,TEIXEIRÓPOLIS,RO,09/2022,383,310,"80,94",296,14,"95,48",73,"19,06",1,72,"18,80"
110155,TEIXEIRÓPOLIS,RO,07/2022,369,258,"69,92",237,21,"91,86",111,"30,08",19,92,"24,93"
110155,TEIXEIRÓPOLIS,RO,11/2022,387,302,"78,04",289,13,"95,70",85,"21,96",2,83,"21,45"
110160,THEOBROMA,RO,11/2022,865,576,"66,59",569,7,"98,78",289,"33,41",1,288,"33,29"
110160,THEOBROMA,RO,09/2022,879,592,"67,35",583,9,"98,48",287,"32,65",1,286,"32,54"
110160,THEOBROMA,RO,07/2022,898,573,"63,81",572,1,"99,83",325,"36,19",2,323,"35,97"
110170,URUPÁ,RO,07/2022,1043,839,"80,44",821,18,"97,85",204,"19,56",13,191,"18,31"
110170,URUPÁ,RO,09/2022,1011,859,"84,97",805,54,"93,71",152,"15,03",22,130,"12,86"
110170,URUPÁ,RO,11/2022,1002,833,"83,13",789,44,"94,72",169,"16,87",8,161,"16,07"
110175,VALE DO ANARI,RO,11/2022,985,834,"84,67",822,12,"98,56",151,"15,33",4,147,"14,92"
110175,VALE DO ANARI,RO,09/2022,947,798,"84,27",798,0,"100,00",149,"15,73",5,144,"15,21"
110175,VALE DO ANARI,RO,07/2022,979,745,"76,10",743,2,"99,73",234,"23,90",19,215,"21,96"
110180,VALE DO PARAÍSO,RO,09/2022,615,516,"83,90",513,3,"99,42",99,"16,10",3,96,"15,61"
110180,VALE DO PARAÍSO,RO,07/2022,624,542,"86,86",507,35,"93,54",82,"13,14",11,71,"11,38"
110180,VALE DO PARAÍSO,RO,11/2022,572,492,"86,01",490,2,"99,59",80,"13,99",3,77,"13,46"
140002,AMAJARI,RR,11/2022,2834,1579,"55,72",1506,73,"95,38",1255,"44,28",165,1090,"38,46"
140002,AMAJARI,RR,07/2022,2867,1409,"49,15",1271,138,"90,21",1458,"50,85",292,1166,"40,67"
140002,AMAJARI,RR,09/2022,2855,1713,"60,00",1602,111,"93,52",1142,"40,00",89,1053,"36,88"
140005,ALTO ALEGRE,RR,07/2022,3636,1988,"54,68",1976,12,"99,40",1648,"45,32",201,1447,"39,80"
140005,ALTO ALEGRE,RR,09/2022,3633,1939,"53,37",1929,10,"99,48",1694,"46,63",191,1503,"41,37"
140005,ALTO ALEGRE,RR,11/2022,3652,1829,"50,08",1706,123,"93,28",1823,"49,92",292,1531,"41,92"
140010,BOA VISTA,RR,11/2022,39239,26088,"66,48",25954,134,"99,49",13151,"33,52",1517,11634,"29,65"
140010,BOA VISTA,RR,09/2022,38942,26204,"67,29",26183,21,"99,92",12738,"32,71",1309,11429,"29,35"
140010,BOA VISTA,RR,07/2022,38996,22553,"57,83",22438,115,"99,49",16443,"42,17",1659,14784,"37,91"
140015,BONFIM,RR,07/2022,4750,0,"0,00",0,0,,4750,"100,00",3518,1232,"25,94"
140015,BONFIM,RR,09/2022,4796,1674,"34,90",1674,0,"100,00",3122,"65,10",1841,1281,"26,71"
140015,BONFIM,RR,11/2022,4767,0,"0,00",0,0,,4767,"100,00",3447,1320,"27,69"
140017,CANTÁ,RR,11/2022,4908,2728,"55,58",2728,0,"100,00",2180,"44,42",35,2145,"43,70"
140017,CANTÁ,RR,07/2022,4667,2541,"54,45",2375,166,"93,47",2126,"45,55",156,1970,"42,21"
140017,CANTÁ,RR,09/2022,4899,2689,"54,89",2660,29,"98,92",2210,"45,11",25,2185,"44,60"
140020,CARACARAÍ,RR,09/2022,5313,560,"10,54",559,1,"99,82",4753,"89,46",2147,2606,"49,05"
140020,CARACARAÍ,RR,07/2022,4982,766,"15,38",684,82,"89,30",4216,"84,62",1604,2612,"52,43"
140020,CARACARAÍ,RR,11/2022,5466,2736,"50,05",2734,2,"99,93",2730,"49,95",151,2579,"47,18"
140023,CAROEBE,RR,11/2022,2281,1843,"80,80",1830,13,"99,29",438,"19,20",11,427,"18,72"
140023,CAROEBE,RR,07/2022,2180,1248,"57,25",1223,25,"98,00",932,"42,75",452,480,"22,02"
140023,CAROEBE,RR,09/2022,2292,1856,"80,98",1801,55,"97,04",436,"19,02",25,411,"17,93"
140028,IRACEMA,RR,07/2022,1652,1213,"73,43",1008,205,"83,10",439,"26,57",75,364,"22,03"
140028,IRACEMA,RR,09/2022,1685,1169,"69,38",1063,106,"90,93",516,"30,62",17,499,"29,61"
140028,IRACEMA,RR,11/2022,1663,1140,"68,55",1077,63,"94,47",523,"31,45",12,511,"30,73"
140030,MUCAJAÍ,RR,11/2022,4877,2939,"60,26",2933,6,"99,80",1938,"39,74",49,1889,"38,73"
140030,MUCAJAÍ,RR,07/2022,4589,2667,"58,12",2659,8,"99,70",1922,"41,88",88,1834,"39,97"
140030,MUCAJAÍ,RR,09/2022,4784,2815,"58,84",2815,0,"100,00",1969,"41,16",45,1924,"40,22"
140040,NORMANDIA,RR,07/2022,5091,3456,"67,88",3456,0,"100,00",1635,"32,12",107,1528,"30,01"
140040,NORMANDIA,RR,09/2022,5217,3519,"67,45",3518,1,"99,97",1698,"32,55",114,1584,"30,36"
140040,NORMANDIA,RR,11/2022,5279,3599,"68,18",3599,0,"100,00",1680,"31,82",76,1604,"30,38"
140045,PACARAIMA,RR,11/2022,4504,4172,"92,63",4097,75,"98,20",332,"7,37",7,325,"7,22"
140045,PACARAIMA,RR,09/2022,4246,3705,"87,26",3705,0,"100,00",541,"12,74",66,475,"11,19"
140045,PACARAIMA,RR,07/2022,3753,3318,"88,41",3318,0,"100,00",435,"11,59",35,400,"10,66"
140047,RORAINÓPOLIS,RR,07/2022,5932,3046,"51,35",2788,258,"91,53",2886,"48,65",60,2826,"47,64"
140047,RORAINÓPOLIS,RR,09/2022,5929,3351,"56,52",2983,368,"89,02",2578,"43,48",86,2492,"42,03"
140047,RORAINÓPOLIS,RR,11/2022,5653,3202,"56,64",3104,98,"96,94",2451,"43,36",27,2424,"42,88"
140050,SÃO JOÃO DA BALIZA,RR,11/2022,1524,1086,"71,26",1085,1,"99,91",438,"28,74",24,414,"27,17"
140050,SÃO JOÃO DA BALIZA,RR,07/2022,1512,850,"56,22",846,4,"99,53",662,"43,78",44,618,"40,87"
140050,SÃO JOÃO DA BALIZA,RR,09/2022,1510,1139,"75,43",1139,0,"100,00",371,"24,57",30,341,"22,58"
140060,SÃO LUIZ,RR,07/2022,1516,930,"61,35",897,33,"96,45",586,"38,65",35,551,"36,35"
140060,SÃO LUIZ,RR,09/2022,1518,973,"64,10",938,35,"96,40",545,"35,90",44,501,"33,00"
140060,SÃO LUIZ,RR,11/2022,1470,964,"65,58",963,1,"99,90",506,"34,42",7,499,"33,95"
140070,UIRAMUTÃ,RR,11/2022,5533,3830,"69,22",3744,86,"97,75",1703,"30,78",101,1602,"28,95"
140070,UIRAMUTÃ,RR,09/2022,5214,0,"0,00",0,0,,5214,"100,00",3722,1492,"28,62"
140070,UIRAMUTÃ,RR,07/2022,5134,0,"0,00",0,0,,5134,"100,00",3518,1616,"31,48"
430003,ACEGUÁ,RS,09/2022,308,209,"67,86",187,22,"89,47",99,"32,14",15,84,"27,27"
430003,ACEGUÁ,RS,07/2022,308,214,"69,48",189,25,"88,32",94,"30,52",9,85,"27,60"
430003,ACEGUÁ,RS,11/2022,326,249,"76,38",240,9,"96,39",77,"23,62",2,75,"23,01"
430005,ÁGUA SANTA,RS,11/2022,194,176,"90,72",162,14,"92,05",18,"9,28",1,17,"8,76"
430005,ÁGUA SANTA,RS,07/2022,171,114,"66,67",100,14,"87,72",57,"33,33",9,48,"28,07"
430005,ÁGUA SANTA,RS,09/2022,195,170,"87,18",145,25,"85,29",25,"12,82",10,15,"7,69"
430010,AGUDO,RS,09/2022,982,894,"91,04",817,77,"91,39",88,"8,96",31,57,"5,80"
430010,AGUDO,RS,07/2022,1003,821,"81,85",757,64,"92,20",182,"18,15",20,162,"16,15"
430010,AGUDO,RS,11/2022,953,873,"91,61",841,32,"96,33",80,"8,39",16,64,"6,72"
430020,AJURICABA,RS,11/2022,278,262,"94,24",238,24,"90,84",16,"5,76",3,13,"4,68"
430020,AJURICABA,RS,07/2022,292,274,"93,84",246,28,"89,78",18,"6,16",7,11,"3,77"
430020,AJURICABA,RS,09/2022,287,270,"94,08",238,32,"88,15",17,"5,92",4,13,"4,53"
430030,ALECRIM,RS,09/2022,362,278,"76,80",255,23,"91,73",84,"23,20",2,82,"22,65"
430030,ALECRIM,RS,07/2022,330,249,"75,45",226,23,"90,76",81,"24,55",1,80,"24,24"
430030,ALECRIM,RS,11/2022,364,325,"89,29",296,29,"91,08",39,"10,71",2,37,"10,16"
430040,ALEGRETE,RS,11/2022,3826,2430,"63,51",2223,207,"91,48",1396,"36,49",132,1264,"33,04"
430040,ALEGRETE,RS,07/2022,3747,2188,"58,39",1954,234,"89,31",1559,"41,61",270,1289,"34,40"
430040,ALEGRETE,RS,09/2022,3841,2157,"56,16",1933,224,"89,62",1684,"43,84",382,1302,"33,90"
430045,ALEGRIA,RS,07/2022,252,229,"90,87",200,29,"87,34",23,"9,13",10,13,"5,16"
430045,ALEGRIA,RS,09/2022,259,206,"79,54",176,30,"85,44",53,"20,46",40,13,"5,02"
430045,ALEGRIA,RS,11/2022,247,236,"95,55",225,11,"95,34",11,"4,45",3,8,"3,24"
430047,ALMIRANTE TAMANDARÉ DO SUL,RS,11/2022,43,37,"86,05",37,0,"100,00",6,"13,95",5,1,"2,33"
430047,ALMIRANTE TAMANDARÉ DO SUL,RS,07/2022,49,39,"79,59",37,2,"94,87",10,"20,41",2,8,"16,33"
430047,ALMIRANTE TAMANDARÉ DO SUL,RS,09/2022,53,41,"77,36",40,1,"97,56",12,"22,64",4,8,"15,09"
430050,ALPESTRE,RS,07/2022,323,147,"45,51",142,5,"96,60",176,"54,49",27,149,"46,13"
430050,ALPESTRE,RS,09/2022,322,246,"76,40",228,18,"92,68",76,"23,60",16,60,"18,63"
430050,ALPESTRE,RS,11/2022,316,223,"70,57",223,0,"100,00",93,"29,43",19,74,"23,42"
430055,ALTO ALEGRE,RS,11/2022,60,52,"86,67",50,2,"96,15",8,"13,33",0,8,"13,33"
430055,ALTO ALEGRE,RS,09/2022,63,51,"80,95",50,1,"98,04",12,"19,05",1,11,"17,46"
430055,ALTO ALEGRE,RS,07/2022,71,65,"91,55",56,9,"86,15",6,"8,45",0,6,"8,45"
430057,ALTO FELIZ,RS,09/2022,36,29,"80,56",27,2,"93,10",7,"19,44",4,3,"8,33"
430057,ALTO FELIZ,RS,07/2022,23,9,"39,13",9,0,"100,00",14,"60,87",12,2,"8,70"
430057,ALTO FELIZ,RS,11/2022,41,37,"90,24",35,2,"94,59",4,"9,76",1,3,"7,32"
430060,ALVORADA,RS,11/2022,15455,13275,"85,89",10353,2922,"77,99",2180,"14,11",24,2156,"13,95"
430060,ALVORADA,RS,07/2022,14553,9869,"67,81",8081,1788,"81,88",4684,"32,19",47,4637,"31,86"
430060,ALVORADA,RS,09/2022,15233,11170,"73,33",9074,2096,"81,24",4063,"26,67",33,4030,"26,46"
430063,AMARAL FERRADOR,RS,09/2022,522,395,"75,67",346,49,"87,59",127,"24,33",27,100,"19,16"
430063,AMARAL FERRADOR,RS,07/2022,522,359,"68,77",311,48,"86,63",163,"31,23",46,117,"22,41"
430063,AMARAL FERRADOR,RS,11/2022,506,313,"61,86",289,24,"92,33",193,"38,14",94,99,"19,57"
430064,AMETISTA DO SUL,RS,11/2022,604,156,"25,83",155,1,"99,36",448,"74,17",329,119,"19,70"
430064,AMETISTA DO SUL,RS,07/2022,614,477,"77,69",449,28,"94,13",137,"22,31",7,130,"21,17"
430064,AMETISTA DO SUL,RS,09/2022,624,490,"78,53",474,16,"96,73",134,"21,47",7,127,"20,35"
430066,ANDRÉ DA ROCHA,RS,07/2022,58,25,"43,10",24,1,"96,00",33,"56,90",8,25,"43,10"
430066,ANDRÉ DA ROCHA,RS,09/2022,61,30,"49,18",25,5,"83,33",31,"50,82",4,27,"44,26"
430066,ANDRÉ DA ROCHA,RS,11/2022,63,27,"42,86",23,4,"85,19",36,"57,14",9,27,"42,86"
430070,ANTA GORDA,RS,11/2022,93,87,"93,55",84,3,"96,55",6,"6,45",0,6,"6,45"
430070,ANTA GORDA,RS,09/2022,94,83,"88,30",79,4,"95,18",11,"11,70",1,10,"10,64"
430070,ANTA GORDA,RS,07/2022,83,73,"87,95",68,5,"93,15",10,"12,05",1,9,"10,84"
430080,ANTÔNIO PRADO,RS,07/2022,331,241,"72,81",192,49,"79,67",90,"27,19",1,89,"26,89"
430080,ANTÔNIO PRADO,RS,09/2022,369,268,"72,63",234,34,"87,31",101,"27,37",0,101,"27,37"
430080,ANTÔNIO PRADO,RS,11/2022,367,265,"72,21",232,33,"87,55",102,"27,79",0,102,"27,79"
430085,ARAMBARÉ,RS,11/2022,354,339,"95,76",302,37,"89,09",15,"4,24",3,12,"3,39"
430085,ARAMBARÉ,RS,07/2022,349,311,"89,11",258,53,"82,96",38,"10,89",7,31,"8,88"
430085,ARAMBARÉ,RS,09/2022,359,314,"87,47",256,58,"81,53",45,"12,53",12,33,"9,19"
430087,ARARICÁ,RS,07/2022,471,295,"62,63",282,13,"95,59",176,"37,37",10,166,"35,24"
430087,ARARICÁ,RS,09/2022,528,333,"63,07",326,7,"97,90",195,"36,93",8,187,"35,42"
430087,ARARICÁ,RS,11/2022,551,331,"60,07",311,20,"93,96",220,"39,93",13,207,"37,57"
430090,ARATIBA,RS,11/2022,96,78,"81,25",73,5,"93,59",18,"18,75",2,16,"16,67"
430090,ARATIBA,RS,09/2022,105,76,"72,38",68,8,"89,47",29,"27,62",4,25,"23,81"
430090,ARATIBA,RS,07/2022,98,74,"75,51",66,8,"89,19",24,"24,49",4,20,"20,41"
430100,ARROIO DO MEIO,RS,09/2022,338,250,"73,96",216,34,"86,40",88,"26,04",45,43,"12,72"
430100,ARROIO DO MEIO,RS,07/2022,330,248,"75,15",217,31,"87,50",82,"24,85",27,55,"16,67"
430100,ARROIO DO MEIO,RS,11/2022,312,276,"88,46",244,32,"88,41",36,"11,54",7,29,"9,29"
430105,ARROIO DO SAL,RS,11/2022,765,709,"92,68",628,81,"88,58",56,"7,32",8,48,"6,27"
430105,ARROIO DO SAL,RS,07/2022,729,632,"86,69",523,109,"82,75",97,"13,31",31,66,"9,05"
430105,ARROIO DO SAL,RS,09/2022,764,690,"90,31",613,77,"88,84",74,"9,69",13,61,"7,98"
430107,ARROIO DO PADRE,RS,07/2022,52,42,"80,77",34,8,"80,95",10,"19,23",0,10,"19,23"
430107,ARROIO DO PADRE,RS,09/2022,58,48,"82,76",40,8,"83,33",10,"17,24",0,10,"17,24"
430107,ARROIO DO PADRE,RS,11/2022,55,47,"85,45",41,6,"87,23",8,"14,55",0,8,"14,55"
430110,ARROIO DOS RATOS,RS,11/2022,1230,1069,"86,91",1033,36,"96,63",161,"13,09",8,153,"12,44"
430110,ARROIO DOS RATOS,RS,09/2022,1256,1089,"86,70",1078,11,"98,99",167,"13,30",6,161,"12,82"
430110,ARROIO DOS RATOS,RS,07/2022,1258,1015,"80,68",935,80,"92,12",243,"19,32",13,230,"18,28"
430120,ARROIO DO TIGRE,RS,07/2022,605,487,"80,50",447,40,"91,79",118,"19,50",14,104,"17,19"
430120,ARROIO DO TIGRE,RS,09/2022,610,505,"82,79",464,41,"91,88",105,"17,21",11,94,"15,41"
430120,ARROIO DO TIGRE,RS,11/2022,584,494,"84,59",458,36,"92,71",90,"15,41",24,66,"11,30"
430130,ARROIO GRANDE,RS,11/2022,1630,899,"55,15",856,43,"95,22",731,"44,85",109,622,"38,16"
430130,ARROIO GRANDE,RS,07/2022,1598,682,"42,68",639,43,"93,70",916,"57,32",337,579,"36,23"
430130,ARROIO GRANDE,RS,09/2022,1586,769,"48,49",728,41,"94,67",817,"51,51",178,639,"40,29"
430140,ARVOREZINHA,RS,07/2022,557,456,"81,87",400,56,"87,72",101,"18,13",35,66,"11,85"
430140,ARVOREZINHA,RS,09/2022,555,199,"35,86",187,12,"93,97",356,"64,14",281,75,"13,51"
430140,ARVOREZINHA,RS,11/2022,532,430,"80,83",394,36,"91,63",102,"19,17",30,72,"13,53"
430150,AUGUSTO PESTANA,RS,11/2022,208,184,"88,46",171,13,"92,93",24,"11,54",6,18,"8,65"
430150,AUGUSTO PESTANA,RS,07/2022,209,182,"87,08",153,29,"84,07",27,"12,92",2,25,"11,96"
430150,AUGUSTO PESTANA,RS,09/2022,202,180,"89,11",165,15,"91,67",22,"10,89",2,20,"9,90"
430155,ÁUREA,RS,09/2022,37,26,"70,27",21,5,"80,77",11,"29,73",8,3,"8,11"
430155,ÁUREA,RS,07/2022,53,45,"84,91",39,6,"86,67",8,"15,09",3,5,"9,43"
430155,ÁUREA,RS,11/2022,40,34,"85,00",29,5,"85,29",6,"15,00",4,2,"5,00"
430160,BAGÉ,RS,11/2022,11930,8006,"67,11",7988,18,"99,78",3924,"32,89",17,3907,"32,75"
430160,BAGÉ,RS,07/2022,11166,6982,"62,53",6976,6,"99,91",4184,"37,47",231,3953,"35,40"
430160,BAGÉ,RS,09/2022,11728,7655,"65,27",7631,24,"99,69",4073,"34,73",22,4051,"34,54"
430163,BALNEÁRIO PINHAL,RS,07/2022,1542,0,"0,00",0,0,,1542,"100,00",1158,384,"24,90"
430163,BALNEÁRIO PINHAL,RS,09/2022,1769,1117,"63,14",990,127,"88,63",652,"36,86",143,509,"28,77"
430163,BALNEÁRIO PINHAL,RS,11/2022,1667,359,"21,54",309,50,"86,07",1308,"78,46",804,504,"30,23"
430165,BARÃO,RS,11/2022,30,27,"90,00",27,0,"100,00",3,"10,00",0,3,"10,00"
430165,BARÃO,RS,07/2022,21,13,"61,90",13,0,"100,00",8,"38,10",5,3,"14,29"
430165,BARÃO,RS,09/2022,30,26,"86,67",26,0,"100,00",4,"13,33",1,3,"10,00"
430170,BARÃO DE COTEGIPE,RS,09/2022,183,171,"93,44",149,22,"87,13",12,"6,56",2,10,"5,46"
430170,BARÃO DE COTEGIPE,RS,07/2022,176,164,"93,18",137,27,"83,54",12,"6,82",1,11,"6,25"
430170,BARÃO DE COTEGIPE,RS,11/2022,181,177,"97,79",158,19,"89,27",4,"2,21",0,4,"2,21"
430175,BARÃO DO TRIUNFO,RS,11/2022,430,370,"86,05",322,48,"87,03",60,"13,95",6,54,"12,56"
430175,BARÃO DO TRIUNFO,RS,07/2022,469,266,"56,72",213,53,"80,08",203,"43,28",14,189,"40,30"
430175,BARÃO DO TRIUNFO,RS,09/2022,457,370,"80,96",308,62,"83,24",87,"19,04",20,67,"14,66"
430180,BARRACÃO,RS,07/2022,350,2,"0,57",0,2,"0,00",348,"99,43",223,125,"35,71"
430180,BARRACÃO,RS,09/2022,355,85,"23,94",80,5,"94,12",270,"76,06",58,212,"59,72"
430180,BARRACÃO,RS,11/2022,332,267,"80,42",236,31,"88,39",65,"19,58",14,51,"15,36"
430185,BARRA DO GUARITA,RS,11/2022,168,69,"41,07",62,7,"89,86",99,"58,93",45,54,"32,14"
430185,BARRA DO GUARITA,RS,07/2022,157,86,"54,78",81,5,"94,19",71,"45,22",16,55,"35,03"
430185,BARRA DO GUARITA,RS,09/2022,159,63,"39,62",60,3,"95,24",96,"60,38",38,58,"36,48"
430187,BARRA DO QUARAÍ,RS,07/2022,445,338,"75,96",328,10,"97,04",107,"24,04",8,99,"22,25"
430187,BARRA DO QUARAÍ,RS,09/2022,439,0,"0,00",0,0,,439,"100,00",340,99,"22,55"
430187,BARRA DO QUARAÍ,RS,11/2022,457,356,"77,90",354,2,"99,44",101,"22,10",6,95,"20,79"
430190,BARRA DO RIBEIRO,RS,11/2022,854,434,"50,82",375,59,"86,41",420,"49,18",40,380,"44,50"
430190,BARRA DO RIBEIRO,RS,09/2022,843,302,"35,82",259,43,"85,76",541,"64,18",175,366,"43,42"
430190,BARRA DO RIBEIRO,RS,07/2022,831,1,"0,12",1,0,"100,00",830,"99,88",460,370,"44,52"
430192,BARRA DO RIO AZUL,RS,09/2022,23,18,"78,26",18,0,"100,00",5,"21,74",0,5,"21,74"
430192,BARRA DO RIO AZUL,RS,07/2022,20,16,"80,00",14,2,"87,50",4,"20,00",0,4,"20,00"
430192,BARRA DO RIO AZUL,RS,11/2022,18,16,"88,89",16,0,"100,00",2,"11,11",0,2,"11,11"
430195,BARRA FUNDA,RS,11/2022,28,17,"60,71",14,3,"82,35",11,"39,29",8,3,"10,71"
430195,BARRA FUNDA,RS,09/2022,34,18,"52,94",18,0,"100,00",16,"47,06",11,5,"14,71"
430195,BARRA FUNDA,RS,07/2022,29,14,"48,28",13,1,"92,86",15,"51,72",12,3,"10,34"
430200,BARROS CASSAL,RS,07/2022,707,541,"76,52",539,2,"99,63",166,"23,48",28,138,"19,52"
430200,BARROS CASSAL,RS,09/2022,708,538,"75,99",518,20,"96,28",170,"24,01",31,139,"19,63"
430200,BARROS CASSAL,RS,11/2022,704,502,"71,31",502,0,"100,00",202,"28,69",69,133,"18,89"
430205,BENJAMIN CONSTANT DO SUL,RS,11/2022,340,303,"89,12",286,17,"94,39",37,"10,88",12,25,"7,35"
430205,BENJAMIN CONSTANT DO SUL,RS,09/2022,373,275,"73,73",235,40,"85,45",98,"26,27",8,90,"24,13"
430205,BENJAMIN CONSTANT DO SUL,RS,07/2022,380,283,"74,47",263,20,"92,93",97,"25,53",5,92,"24,21"
430210,BENTO GONÇALVES,RS,09/2022,2246,1683,"74,93",1444,239,"85,80",563,"25,07",21,542,"24,13"
430210,BENTO GONÇALVES,RS,07/2022,2184,1576,"72,16",1337,239,"84,84",608,"27,84",30,578,"26,47"
430210,BENTO GONÇALVES,RS,11/2022,2248,1720,"76,51",1520,200,"88,37",528,"23,49",22,506,"22,51"
430215,BOA VISTA DAS MISSÕES,RS,11/2022,147,116,"78,91",112,4,"96,55",31,"21,09",3,28,"19,05"
430215,BOA VISTA DAS MISSÕES,RS,07/2022,139,97,"69,78",92,5,"94,85",42,"30,22",3,39,"28,06"
430215,BOA VISTA DAS MISSÕES,RS,09/2022,140,94,"67,14",90,4,"95,74",46,"32,86",4,42,"30,00"
430220,BOA VISTA DO BURICÁ,RS,07/2022,113,105,"92,92",99,6,"94,29",8,"7,08",0,8,"7,08"
430220,BOA VISTA DO BURICÁ,RS,09/2022,123,117,"95,12",112,5,"95,73",6,"4,88",1,5,"4,07"
430220,BOA VISTA DO BURICÁ,RS,11/2022,133,129,"96,99",117,12,"90,70",4,"3,01",1,3,"2,26"
430222,BOA VISTA DO CADEADO,RS,11/2022,87,71,"81,61",66,5,"92,96",16,"18,39",10,6,"6,90"
430222,BOA VISTA DO CADEADO,RS,09/2022,89,70,"78,65",60,10,"85,71",19,"21,35",9,10,"11,24"
430222,BOA VISTA DO CADEADO,RS,07/2022,97,61,"62,89",55,6,"90,16",36,"37,11",16,20,"20,62"
430223,BOA VISTA DO INCRA,RS,09/2022,164,120,"73,17",120,0,"100,00",44,"26,83",0,44,"26,83"
430223,BOA VISTA DO INCRA,RS,07/2022,153,107,"69,93",107,0,"100,00",46,"30,07",3,43,"28,10"
430223,BOA VISTA DO INCRA,RS,11/2022,168,123,"73,21",121,2,"98,37",45,"26,79",0,45,"26,79"
430225,BOA VISTA DO SUL,RS,09/2022,12,6,"50,00",6,0,"100,00",6,"50,00",1,5,"41,67"
430225,BOA VISTA DO SUL,RS,11/2022,13,7,"53,85",6,1,"85,71",6,"46,15",0,6,"46,15"
430225,BOA VISTA DO SUL,RS,07/2022,9,7,"77,78",6,1,"85,71",2,"22,22",0,2,"22,22"
430230,BOM JESUS,RS,09/2022,1674,1372,"81,96",1368,4,"99,71",302,"18,04",12,290,"17,32"
430230,BOM JESUS,RS,07/2022,1587,1265,"79,71",1262,3,"99,76",322,"20,29",27,295,"18,59"
430230,BOM JESUS,RS,11/2022,1662,1391,"83,69",1389,2,"99,86",271,"16,31",16,255,"15,34"
430235,BOM PRINCÍPIO,RS,11/2022,134,72,"53,73",67,5,"93,06",62,"46,27",5,57,"42,54"
430235,BOM PRINCÍPIO,RS,09/2022,132,60,"45,45",55,5,"91,67",72,"54,55",5,67,"50,76"
430235,BOM PRINCÍPIO,RS,07/2022,147,65,"44,22",61,4,"93,85",82,"55,78",12,70,"47,62"
430237,BOM PROGRESSO,RS,07/2022,228,0,"0,00",0,0,,228,"100,00",147,81,"35,53"
430237,BOM PROGRESSO,RS,09/2022,260,169,"65,00",132,37,"78,11",91,"35,00",12,79,"30,38"
430237,BOM PROGRESSO,RS,11/2022,224,0,"0,00",0,0,,224,"100,00",150,74,"33,04"
430240,BOM RETIRO DO SUL,RS,11/2022,466,158,"33,91",155,3,"98,10",308,"66,09",150,158,"33,91"
430240,BOM RETIRO DO SUL,RS,07/2022,436,0,"0,00",0,0,,436,"100,00",320,116,"26,61"
430240,BOM RETIRO DO SUL,RS,09/2022,471,190,"40,34",190,0,"100,00",281,"59,66",150,131,"27,81"
430245,BOQUEIRÃO DO LEÃO,RS,07/2022,524,372,"70,99",349,23,"93,82",152,"29,01",9,143,"27,29"
430245,BOQUEIRÃO DO LEÃO,RS,09/2022,523,382,"73,04",362,20,"94,76",141,"26,96",5,136,"26,00"
430245,BOQUEIRÃO DO LEÃO,RS,11/2022,529,461,"87,15",427,34,"92,62",68,"12,85",0,68,"12,85"
430250,BOSSOROCA,RS,11/2022,505,405,"80,20",393,12,"97,04",100,"19,80",14,86,"17,03"
430250,BOSSOROCA,RS,07/2022,459,338,"73,64",327,11,"96,75",121,"26,36",32,89,"19,39"
430250,BOSSOROCA,RS,09/2022,461,274,"59,44",272,2,"99,27",187,"40,56",112,75,"16,27"
430258,BOZANO,RS,09/2022,59,54,"91,53",53,1,"98,15",5,"8,47",0,5,"8,47"
430258,BOZANO,RS,07/2022,58,52,"89,66",50,2,"96,15",6,"10,34",0,6,"10,34"
430258,BOZANO,RS,11/2022,61,55,"90,16",55,0,"100,00",6,"9,84",0,6,"9,84"
430260,BRAGA,RS,11/2022,324,305,"94,14",266,39,"87,21",19,"5,86",7,12,"3,70"
430260,BRAGA,RS,07/2022,336,297,"88,39",280,17,"94,28",39,"11,61",6,33,"9,82"
430260,BRAGA,RS,09/2022,341,328,"96,19",288,40,"87,80",13,"3,81",8,5,"1,47"
430265,BROCHIER,RS,09/2022,143,125,"87,41",108,17,"86,40",18,"12,59",2,16,"11,19"
430265,BROCHIER,RS,07/2022,144,118,"81,94",88,30,"74,58",26,"18,06",6,20,"13,89"
430265,BROCHIER,RS,11/2022,149,138,"92,62",122,16,"88,41",11,"7,38",2,9,"6,04"
430270,BUTIÁ,RS,11/2022,2034,1594,"78,37",1318,276,"82,69",440,"21,63",295,145,"7,13"
430270,BUTIÁ,RS,07/2022,1956,1043,"53,32",817,226,"78,33",913,"46,68",396,517,"26,43"
430270,BUTIÁ,RS,09/2022,2020,1469,"72,72",1148,321,"78,15",551,"27,28",417,134,"6,63"
430280,CAÇAPAVA DO SUL,RS,07/2022,2515,1845,"73,36",1811,34,"98,16",670,"26,64",7,663,"26,36"
430280,CAÇAPAVA DO SUL,RS,09/2022,2517,1999,"79,42",1966,33,"98,35",518,"20,58",7,511,"20,30"
430280,CAÇAPAVA DO SUL,RS,11/2022,2494,2097,"84,08",2046,51,"97,57",397,"15,92",1,396,"15,88"
430290,CACEQUI,RS,11/2022,1271,654,"51,46",634,20,"96,94",617,"48,54",110,507,"39,89"
430290,CACEQUI,RS,07/2022,1373,631,"45,96",556,75,"88,11",742,"54,04",204,538,"39,18"
430290,CACEQUI,RS,09/2022,1346,697,"51,78",621,76,"89,10",649,"48,22",118,531,"39,45"
430300,CACHOEIRA DO SUL,RS,09/2022,5931,5324,"89,77",5007,317,"94,05",607,"10,23",162,445,"7,50"
430300,CACHOEIRA DO SUL,RS,07/2022,5928,5242,"88,43",4978,264,"94,96",686,"11,57",187,499,"8,42"
430300,CACHOEIRA DO SUL,RS,11/2022,5837,5304,"90,87",5059,245,"95,38",533,"9,13",88,445,"7,62"
430310,CACHOEIRINHA,RS,11/2022,6596,5559,"84,28",4946,613,"88,97",1037,"15,72",29,1008,"15,28"
430310,CACHOEIRINHA,RS,09/2022,6415,5178,"80,72",4515,663,"87,20",1237,"19,28",92,1145,"17,85"
430310,CACHOEIRINHA,RS,07/2022,5957,4147,"69,62",3678,469,"88,69",1810,"30,38",47,1763,"29,60"
430320,CACIQUE DOBLE,RS,09/2022,456,358,"78,51",317,41,"88,55",98,"21,49",8,90,"19,74"
430320,CACIQUE DOBLE,RS,07/2022,466,356,"76,39",318,38,"89,33",110,"23,61",18,92,"19,74"
430320,CACIQUE DOBLE,RS,11/2022,424,209,"49,29",203,6,"97,13",215,"50,71",143,72,"16,98"
430330,CAIBATÉ,RS,11/2022,207,203,"98,07",184,19,"90,64",4,"1,93",4,0,"0,00"
430330,CAIBATÉ,RS,09/2022,219,201,"91,78",182,19,"90,55",18,"8,22",8,10,"4,57"
430330,CAIBATÉ,RS,07/2022,225,210,"93,33",173,37,"82,38",15,"6,67",15,0,"0,00"
430340,CAIÇARA,RS,07/2022,285,181,"63,51",169,12,"93,37",104,"36,49",6,98,"34,39"
430340,CAIÇARA,RS,09/2022,292,196,"67,12",178,18,"90,82",96,"32,88",4,92,"31,51"
430340,CAIÇARA,RS,11/2022,284,186,"65,49",179,7,"96,24",98,"34,51",5,93,"32,75"
430350,CAMAQUÃ,RS,11/2022,4519,3666,"81,12",3328,338,"90,78",853,"18,88",9,844,"18,68"
430350,CAMAQUÃ,RS,07/2022,4653,2867,"61,62",2492,375,"86,92",1786,"38,38",15,1771,"38,06"
430350,CAMAQUÃ,RS,09/2022,4518,3689,"81,65",3280,409,"88,91",829,"18,35",33,796,"17,62"
430355,CAMARGO,RS,07/2022,54,45,"83,33",42,3,"93,33",9,"16,67",1,8,"14,81"
430355,CAMARGO,RS,09/2022,52,38,"73,08",31,7,"81,58",14,"26,92",4,10,"19,23"
430355,CAMARGO,RS,11/2022,50,32,"64,00",30,2,"93,75",18,"36,00",7,11,"22,00"
430360,CAMBARÁ DO SUL,RS,11/2022,317,256,"80,76",214,42,"83,59",61,"19,24",16,45,"14,20"
430360,CAMBARÁ DO SUL,RS,07/2022,317,163,"51,42",130,33,"79,75",154,"48,58",105,49,"15,46"
430360,CAMBARÁ DO SUL,RS,09/2022,332,274,"82,53",230,44,"83,94",58,"17,47",7,51,"15,36"
430367,CAMPESTRE DA SERRA,RS,09/2022,136,20,"14,71",19,1,"95,00",116,"85,29",47,69,"50,74"
430367,CAMPESTRE DA SERRA,RS,07/2022,123,49,"39,84",49,0,"100,00",74,"60,16",11,63,"51,22"
430367,CAMPESTRE DA SERRA,RS,11/2022,142,65,"45,77",62,3,"95,38",77,"54,23",4,73,"51,41"
430370,CAMPINA DAS MISSÕES,RS,11/2022,90,89,"98,89",85,4,"95,51",1,"1,11",0,1,"1,11"
430370,CAMPINA DAS MISSÕES,RS,07/2022,98,93,"94,90",84,9,"90,32",5,"5,10",2,3,"3,06"
430370,CAMPINA DAS MISSÕES,RS,09/2022,96,91,"94,79",83,8,"91,21",5,"5,21",1,4,"4,17"
430380,CAMPINAS DO SUL,RS,09/2022,192,71,"36,98",71,0,"100,00",121,"63,02",43,78,"40,63"
430380,CAMPINAS DO SUL,RS,07/2022,191,30,"15,71",29,1,"96,67",161,"84,29",86,75,"39,27"
430380,CAMPINAS DO SUL,RS,11/2022,187,93,"49,73",90,3,"96,77",94,"50,27",23,71,"37,97"
430390,CAMPO BOM,RS,11/2022,1017,945,"92,92",807,138,"85,40",72,"7,08",13,59,"5,80"
430390,CAMPO BOM,RS,09/2022,1042,961,"92,23",774,187,"80,54",81,"7,77",27,54,"5,18"
430390,CAMPO BOM,RS,07/2022,1005,906,"90,15",761,145,"84,00",99,"9,85",21,78,"7,76"
430400,CAMPO NOVO,RS,07/2022,363,319,"87,88",258,61,"80,88",44,"12,12",7,37,"10,19"
430400,CAMPO NOVO,RS,09/2022,362,330,"91,16",270,60,"81,82",32,"8,84",4,28,"7,73"
430400,CAMPO NOVO,RS,11/2022,367,326,"88,83",307,19,"94,17",41,"11,17",4,37,"10,08"
430410,CAMPOS BORGES,RS,11/2022,253,172,"67,98",167,5,"97,09",81,"32,02",4,77,"30,43"
430410,CAMPOS BORGES,RS,07/2022,270,187,"69,26",166,21,"88,77",83,"30,74",4,79,"29,26"
430410,CAMPOS BORGES,RS,09/2022,270,187,"69,26",165,22,"88,24",83,"30,74",4,79,"29,26"
430420,CANDELÁRIA,RS,07/2022,1555,1424,"91,58",1165,259,"81,81",131,"8,42",99,32,"2,06"
430420,CANDELÁRIA,RS,09/2022,1534,1302,"84,88",1190,112,"91,40",232,"15,12",84,148,"9,65"
430420,CANDELÁRIA,RS,11/2022,1525,1501,"98,43",1284,217,"85,54",24,"1,57",8,16,"1,05"
430430,CÂNDIDO GODÓI,RS,11/2022,116,115,"99,14",104,11,"90,43",1,"0,86",0,1,"0,86"
430430,CÂNDIDO GODÓI,RS,07/2022,127,112,"88,19",102,10,"91,07",15,"11,81",4,11,"8,66"
430430,CÂNDIDO GODÓI,RS,09/2022,123,118,"95,93",104,14,"88,14",5,"4,07",1,4,"3,25"
430435,CANDIOTA,RS,07/2022,900,513,"57,00",426,87,"83,04",387,"43,00",31,356,"39,56"
430435,CANDIOTA,RS,09/2022,998,610,"61,12",526,84,"86,23",388,"38,88",21,367,"36,77"
430435,CANDIOTA,RS,11/2022,1020,688,"67,45",688,0,"100,00",332,"32,55",2,330,"32,35"
430440,CANELA,RS,11/2022,2558,2411,"94,25",1899,512,"78,76",147,"5,75",27,120,"4,69"
430440,CANELA,RS,09/2022,2447,2126,"86,88",1828,298,"85,98",321,"13,12",31,290,"11,85"
430440,CANELA,RS,07/2022,2231,2118,"94,94",1673,445,"78,99",113,"5,06",36,77,"3,45"
430450,CANGUÇU,RS,07/2022,3556,2918,"82,06",2644,274,"90,61",638,"17,94",41,597,"16,79"
430450,CANGUÇU,RS,09/2022,3538,3092,"87,39",2816,276,"91,07",446,"12,61",46,400,"11,31"
430450,CANGUÇU,RS,11/2022,3543,3120,"88,06",2894,226,"92,76",423,"11,94",26,397,"11,21"
430460,CANOAS,RS,11/2022,23908,15843,"66,27",15688,155,"99,02",8065,"33,73",86,7979,"33,37"
430460,CANOAS,RS,09/2022,23536,14938,"63,47",14737,201,"98,65",8598,"36,53",86,8512,"36,17"
430460,CANOAS,RS,07/2022,21706,13357,"61,54",13253,104,"99,22",8349,"38,46",280,8069,"37,17"
430461,CANUDOS DO VALE,RS,07/2022,41,41,"100,00",37,4,"90,24",0,"0,00",0,0,"0,00"
430461,CANUDOS DO VALE,RS,09/2022,41,41,"100,00",39,2,"95,12",0,"0,00",0,0,"0,00"
430461,CANUDOS DO VALE,RS,11/2022,41,41,"100,00",41,0,"100,00",0,"0,00",0,0,"0,00"
430462,CAPÃO BONITO DO SUL,RS,11/2022,90,89,"98,89",80,9,"89,89",1,"1,11",1,0,"0,00"
430462,CAPÃO BONITO DO SUL,RS,07/2022,96,92,"95,83",76,16,"82,61",4,"4,17",1,3,"3,13"
430462,CAPÃO BONITO DO SUL,RS,09/2022,94,93,"98,94",85,8,"91,40",1,"1,06",0,1,"1,06"
430463,CAPÃO DA CANOA,RS,09/2022,4340,3044,"70,14",3044,0,"100,00",1296,"29,86",12,1284,"29,59"
430463,CAPÃO DA CANOA,RS,07/2022,3880,2652,"68,35",2652,0,"100,00",1228,"31,65",25,1203,"31,01"
430463,CAPÃO DA CANOA,RS,11/2022,4474,3180,"71,08",3180,0,"100,00",1294,"28,92",8,1286,"28,74"
430465,CAPÃO DO CIPÓ,RS,11/2022,268,240,"89,55",218,22,"90,83",28,"10,45",1,27,"10,07"
430465,CAPÃO DO CIPÓ,RS,09/2022,271,170,"62,73",160,10,"94,12",101,"37,27",3,98,"36,16"
430465,CAPÃO DO CIPÓ,RS,07/2022,275,173,"62,91",164,9,"94,80",102,"37,09",1,101,"36,73"
430466,CAPÃO DO LEÃO,RS,09/2022,3007,1716,"57,07",1569,147,"91,43",1291,"42,93",56,1235,"41,07"
430466,CAPÃO DO LEÃO,RS,07/2022,2936,1804,"61,44",1687,117,"93,51",1132,"38,56",40,1092,"37,19"
430466,CAPÃO DO LEÃO,RS,11/2022,2980,2106,"70,67",2001,105,"95,01",874,"29,33",13,861,"28,89"
430467,CAPIVARI DO SUL,RS,11/2022,270,166,"61,48",151,15,"90,96",104,"38,52",30,74,"27,41"
430467,CAPIVARI DO SUL,RS,07/2022,244,39,"15,98",39,0,"100,00",205,"84,02",167,38,"15,57"
430467,CAPIVARI DO SUL,RS,09/2022,264,137,"51,89",118,19,"86,13",127,"48,11",58,69,"26,14"
430468,CAPELA DE SANTANA,RS,09/2022,1008,681,"67,56",681,0,"100,00",327,"32,44",6,321,"31,85"
430468,CAPELA DE SANTANA,RS,07/2022,950,628,"66,11",628,0,"100,00",322,"33,89",18,304,"32,00"
430468,CAPELA DE SANTANA,RS,11/2022,996,676,"67,87",675,1,"99,85",320,"32,13",11,309,"31,02"
430469,CAPITÃO,RS,11/2022,43,35,"81,40",32,3,"91,43",8,"18,60",3,5,"11,63"
430469,CAPITÃO,RS,09/2022,26,0,"0,00",0,0,,26,"100,00",23,3,"11,54"
430469,CAPITÃO,RS,07/2022,37,34,"91,89",34,0,"100,00",3,"8,11",1,2,"5,41"
430470,CARAZINHO,RS,07/2022,2764,2449,"88,60",2011,438,"82,12",315,"11,40",70,245,"8,86"
430470,CARAZINHO,RS,09/2022,2774,2493,"89,87",2106,387,"84,48",281,"10,13",67,214,"7,71"
430470,CARAZINHO,RS,11/2022,2761,2528,"91,56",2171,357,"85,88",233,"8,44",32,201,"7,28"
430471,CARAÁ,RS,11/2022,442,409,"92,53",378,31,"92,42",33,"7,47",4,29,"6,56"
430471,CARAÁ,RS,07/2022,438,335,"76,48",308,27,"91,94",103,"23,52",4,99,"22,60"
430471,CARAÁ,RS,09/2022,439,394,"89,75",359,35,"91,12",45,"10,25",12,33,"7,52"
430480,CARLOS BARBOSA,RS,07/2022,163,22,"13,50",21,1,"95,45",141,"86,50",98,43,"26,38"
430480,CARLOS BARBOSA,RS,09/2022,183,24,"13,11",22,2,"91,67",159,"86,89",113,46,"25,14"
430480,CARLOS BARBOSA,RS,11/2022,226,164,"72,57",149,15,"90,85",62,"27,43",48,14,"6,19"
430485,CARLOS GOMES,RS,11/2022,30,21,"70,00",21,0,"100,00",9,"30,00",0,9,"30,00"
430485,CARLOS GOMES,RS,09/2022,31,21,"67,74",20,1,"95,24",10,"32,26",0,10,"32,26"
430485,CARLOS GOMES,RS,07/2022,31,20,"64,52",20,0,"100,00",11,"35,48",1,10,"32,26"
430490,CASCA,RS,09/2022,152,58,"38,16",56,2,"96,55",94,"61,84",53,41,"26,97"
430490,CASCA,RS,07/2022,157,101,"64,33",94,7,"93,07",56,"35,67",9,47,"29,94"
430490,CASCA,RS,11/2022,153,106,"69,28",104,2,"98,11",47,"30,72",5,42,"27,45"
430495,CASEIROS,RS,11/2022,194,150,"77,32",141,9,"94,00",44,"22,68",1,43,"22,16"
430495,CASEIROS,RS,07/2022,186,150,"80,65",138,12,"92,00",36,"19,35",0,36,"19,35"
430495,CASEIROS,RS,09/2022,190,146,"76,84",130,16,"89,04",44,"23,16",6,38,"20,00"
430500,CATUÍPE,RS,07/2022,534,382,"71,54",374,8,"97,91",152,"28,46",12,140,"26,22"
430500,CATUÍPE,RS,09/2022,546,407,"74,54",389,18,"95,58",139,"25,46",5,134,"24,54"
430500,CATUÍPE,RS,11/2022,534,435,"81,46",435,0,"100,00",99,"18,54",4,95,"17,79"
430510,CAXIAS DO SUL,RS,11/2022,14827,10967,"73,97",9459,1508,"86,25",3860,"26,03",1841,2019,"13,62"
430510,CAXIAS DO SUL,RS,09/2022,14901,11607,"77,89",9959,1648,"85,80",3294,"22,11",1445,1849,"12,41"
430510,CAXIAS DO SUL,RS,07/2022,13804,10456,"75,75",8536,1920,"81,64",3348,"24,25",1408,1940,"14,05"
430511,CENTENÁRIO,RS,07/2022,32,25,"78,13",24,1,"96,00",7,"21,88",2,5,"15,63"
430511,CENTENÁRIO,RS,09/2022,34,26,"76,47",23,3,"88,46",8,"23,53",2,6,"17,65"
430511,CENTENÁRIO,RS,11/2022,33,28,"84,85",27,1,"96,43",5,"15,15",1,4,"12,12"
430512,CERRITO,RS,11/2022,453,426,"94,04",395,31,"92,72",27,"5,96",3,24,"5,30"
430512,CERRITO,RS,09/2022,447,421,"94,18",378,43,"89,79",26,"5,82",4,22,"4,92"
430512,CERRITO,RS,07/2022,446,414,"92,83",377,37,"91,06",32,"7,17",8,24,"5,38"
430513,CERRO BRANCO,RS,07/2022,236,209,"88,56",209,0,"100,00",27,"11,44",2,25,"10,59"
430513,CERRO BRANCO,RS,09/2022,235,211,"89,79",211,0,"100,00",24,"10,21",2,22,"9,36"
430513,CERRO BRANCO,RS,11/2022,231,199,"86,15",199,0,"100,00",32,"13,85",0,32,"13,85"
430515,CERRO GRANDE,RS,11/2022,187,68,"36,36",64,4,"94,12",119,"63,64",73,46,"24,60"
430515,CERRO GRANDE,RS,07/2022,197,130,"65,99",124,6,"95,38",67,"34,01",16,51,"25,89"
430515,CERRO GRANDE,RS,09/2022,197,132,"67,01",126,6,"95,45",65,"32,99",18,47,"23,86"
430517,CERRO GRANDE DO SUL,RS,09/2022,908,626,"68,94",548,78,"87,54",282,"31,06",18,264,"29,07"
430517,CERRO GRANDE DO SUL,RS,07/2022,874,596,"68,19",515,81,"86,41",278,"31,81",19,259,"29,63"
430517,CERRO GRANDE DO SUL,RS,11/2022,899,652,"72,53",574,78,"88,04",247,"27,47",12,235,"26,14"
430520,CERRO LARGO,RS,11/2022,392,339,"86,48",316,23,"93,22",53,"13,52",11,42,"10,71"
430520,CERRO LARGO,RS,07/2022,383,335,"87,47",299,36,"89,25",48,"12,53",10,38,"9,92"
430520,CERRO LARGO,RS,09/2022,375,327,"87,20",282,45,"86,24",48,"12,80",7,41,"10,93"
430530,CHAPADA,RS,07/2022,204,101,"49,51",95,6,"94,06",103,"50,49",32,71,"34,80"
430530,CHAPADA,RS,09/2022,215,125,"58,14",118,7,"94,40",90,"41,86",22,68,"31,63"
430530,CHAPADA,RS,11/2022,224,166,"74,11",160,6,"96,39",58,"25,89",32,26,"11,61"
430535,CHARQUEADAS,RS,11/2022,1906,1573,"82,53",1435,138,"91,23",333,"17,47",5,328,"17,21"
430535,CHARQUEADAS,RS,09/2022,1922,1468,"76,38",1342,126,"91,42",454,"23,62",40,414,"21,54"
430535,CHARQUEADAS,RS,07/2022,1903,1487,"78,14",1366,121,"91,86",416,"21,86",7,409,"21,49"
430537,CHARRUA,RS,09/2022,342,285,"83,33",262,23,"91,93",57,"16,67",5,52,"15,20"
430537,CHARRUA,RS,07/2022,358,291,"81,28",265,26,"91,07",67,"18,72",11,56,"15,64"
430537,CHARRUA,RS,11/2022,326,282,"86,50",253,29,"89,72",44,"13,50",6,38,"11,66"
430540,CHIAPETTA,RS,11/2022,276,241,"87,32",224,17,"92,95",35,"12,68",5,30,"10,87"
430540,CHIAPETTA,RS,09/2022,272,204,"75,00",178,26,"87,25",68,"25,00",2,66,"24,26"
430540,CHIAPETTA,RS,07/2022,259,193,"74,52",164,29,"84,97",66,"25,48",3,63,"24,32"
430543,CHUÍ,RS,09/2022,274,155,"56,57",138,17,"89,03",119,"43,43",2,117,"42,70"
430543,CHUÍ,RS,07/2022,278,152,"54,68",127,25,"83,55",126,"45,32",8,118,"42,45"
430543,CHUÍ,RS,11/2022,289,162,"56,06",145,17,"89,51",127,"43,94",5,122,"42,21"
430544,CHUVISCA,RS,11/2022,358,315,"87,99",299,16,"94,92",43,"12,01",1,42,"11,73"
430544,CHUVISCA,RS,07/2022,342,297,"86,84",269,28,"90,57",45,"13,16",2,43,"12,57"
430544,CHUVISCA,RS,09/2022,361,303,"83,93",289,14,"95,38",58,"16,07",3,55,"15,24"
430545,CIDREIRA,RS,07/2022,1517,847,"55,83",717,130,"84,65",670,"44,17",108,562,"37,05"
430545,CIDREIRA,RS,09/2022,1537,538,"35,00",487,51,"90,52",999,"65,00",416,583,"37,93"
430545,CIDREIRA,RS,11/2022,1594,931,"58,41",833,98,"89,47",663,"41,59",90,573,"35,95"
430550,CIRÍACO,RS,11/2022,149,100,"67,11",95,5,"95,00",49,"32,89",9,40,"26,85"
430550,CIRÍACO,RS,09/2022,166,108,"65,06",96,12,"88,89",58,"34,94",12,46,"27,71"
430550,CIRÍACO,RS,07/2022,165,68,"41,21",68,0,"100,00",97,"58,79",51,46,"27,88"
430558,COLINAS,RS,07/2022,33,16,"48,48",16,0,"100,00",17,"51,52",12,5,"15,15"
430558,COLINAS,RS,09/2022,35,19,"54,29",19,0,"100,00",16,"45,71",11,5,"14,29"
430558,COLINAS,RS,11/2022,36,0,"0,00",0,0,,36,"100,00",31,5,"13,89"
430560,COLORADO,RS,11/2022,79,68,"86,08",60,8,"88,24",11,"13,92",2,9,"11,39"
430560,COLORADO,RS,07/2022,78,55,"70,51",50,5,"90,91",23,"29,49",0,23,"29,49"
430560,COLORADO,RS,09/2022,86,73,"84,88",63,10,"86,30",13,"15,12",1,12,"13,95"
430570,CONDOR,RS,07/2022,350,309,"88,29",268,41,"86,73",41,"11,71",4,37,"10,57"
430570,CONDOR,RS,09/2022,354,307,"86,72",273,34,"88,93",47,"13,28",14,33,"9,32"
430570,CONDOR,RS,11/2022,364,327,"89,84",284,43,"86,85",37,"10,16",4,33,"9,07"
430580,CONSTANTINA,RS,11/2022,516,435,"84,30",397,38,"91,26",81,"15,70",16,65,"12,60"
430580,CONSTANTINA,RS,09/2022,537,452,"84,17",403,49,"89,16",85,"15,83",6,79,"14,71"
430580,CONSTANTINA,RS,07/2022,541,443,"81,89",385,58,"86,91",98,"18,11",9,89,"16,45"
430583,COQUEIRO BAIXO,RS,07/2022,10,10,"100,00",10,0,"100,00",0,"0,00",0,0,"0,00"
430583,COQUEIRO BAIXO,RS,09/2022,11,11,"100,00",11,0,"100,00",0,"0,00",0,0,"0,00"
430583,COQUEIRO BAIXO,RS,11/2022,12,12,"100,00",12,0,"100,00",0,"0,00",0,0,"0,00"
430585,COQUEIROS DO SUL,RS,11/2022,43,37,"86,05",32,5,"86,49",6,"13,95",1,5,"11,63"
430585,COQUEIROS DO SUL,RS,07/2022,58,51,"87,93",42,9,"82,35",7,"12,07",6,1,"1,72"
430585,COQUEIROS DO SUL,RS,09/2022,45,40,"88,89",33,7,"82,50",5,"11,11",1,4,"8,89"
430587,CORONEL BARROS,RS,07/2022,81,51,"62,96",45,6,"88,24",30,"37,04",1,29,"35,80"
430587,CORONEL BARROS,RS,09/2022,88,55,"62,50",47,8,"85,45",33,"37,50",1,32,"36,36"
430587,CORONEL BARROS,RS,11/2022,82,53,"64,63",50,3,"94,34",29,"35,37",0,29,"35,37"
430590,CORONEL BICACO,RS,11/2022,866,462,"53,35",430,32,"93,07",404,"46,65",9,395,"45,61"
430590,CORONEL BICACO,RS,09/2022,938,425,"45,31",376,49,"88,47",513,"54,69",109,404,"43,07"
430590,CORONEL BICACO,RS,07/2022,928,6,"0,65",6,0,"100,00",922,"99,35",725,197,"21,23"
430593,CORONEL PILAR,RS,07/2022,5,3,"60,00",0,3,"0,00",2,"40,00",2,0,"0,00"
430593,CORONEL PILAR,RS,09/2022,12,10,"83,33",7,3,"70,00",2,"16,67",0,2,"16,67"
430593,CORONEL PILAR,RS,11/2022,9,1,"11,11",0,1,"0,00",8,"88,89",2,6,"66,67"
430595,COTIPORÃ,RS,11/2022,41,30,"73,17",24,6,"80,00",11,"26,83",2,9,"21,95"
430595,COTIPORÃ,RS,07/2022,38,31,"81,58",27,4,"87,10",7,"18,42",1,6,"15,79"
430595,COTIPORÃ,RS,09/2022,41,34,"82,93",29,5,"85,29",7,"17,07",1,6,"14,63"
430597,COXILHA,RS,09/2022,87,79,"90,80",73,6,"92,41",8,"9,20",1,7,"8,05"
430597,COXILHA,RS,07/2022,82,69,"84,15",61,8,"88,41",13,"15,85",6,7,"8,54"
430597,COXILHA,RS,11/2022,89,79,"88,76",77,2,"97,47",10,"11,24",3,7,"7,87"
430600,CRISSIUMAL,RS,11/2022,295,282,"95,59",255,27,"90,43",13,"4,41",0,13,"4,41"
430600,CRISSIUMAL,RS,09/2022,368,346,"94,02",313,33,"90,46",22,"5,98",2,20,"5,43"
430600,CRISSIUMAL,RS,07/2022,343,323,"94,17",305,18,"94,43",20,"5,83",3,17,"4,96"
430605,CRISTAL,RS,09/2022,647,580,"89,64",470,110,"81,03",67,"10,36",13,54,"8,35"
430605,CRISTAL,RS,07/2022,628,381,"60,67",319,62,"83,73",247,"39,33",49,198,"31,53"
430605,CRISTAL,RS,11/2022,634,572,"90,22",504,68,"88,11",62,"9,78",13,49,"7,73"
430607,CRISTAL DO SUL,RS,11/2022,249,203,"81,53",203,0,"100,00",46,"18,47",5,41,"16,47"
430607,CRISTAL DO SUL,RS,09/2022,254,202,"79,53",202,0,"100,00",52,"20,47",3,49,"19,29"
430607,CRISTAL DO SUL,RS,07/2022,237,177,"74,68",177,0,"100,00",60,"25,32",2,58,"24,47"
430610,CRUZ ALTA,RS,09/2022,2911,1776,"61,01",1515,261,"85,30",1135,"38,99",251,884,"30,37"
430610,CRUZ ALTA,RS,07/2022,2787,1524,"54,68",1323,201,"86,81",1263,"45,32",394,869,"31,18"
430610,CRUZ ALTA,RS,11/2022,3057,1894,"61,96",1708,186,"90,18",1163,"38,04",508,655,"21,43"
430613,CRUZALTENSE,RS,11/2022,23,18,"78,26",17,1,"94,44",5,"21,74",3,2,"8,70"
430613,CRUZALTENSE,RS,07/2022,26,17,"65,38",16,1,"94,12",9,"34,62",6,3,"11,54"
430613,CRUZALTENSE,RS,09/2022,22,11,"50,00",11,0,"100,00",11,"50,00",9,2,"9,09"
430620,CRUZEIRO DO SUL,RS,09/2022,357,263,"73,67",241,22,"91,63",94,"26,33",27,67,"18,77"
430620,CRUZEIRO DO SUL,RS,07/2022,344,270,"78,49",245,25,"90,74",74,"21,51",10,64,"18,60"
430620,CRUZEIRO DO SUL,RS,11/2022,362,254,"70,17",236,18,"92,91",108,"29,83",42,66,"18,23"
430630,DAVID CANABARRO,RS,11/2022,60,52,"86,67",50,2,"96,15",8,"13,33",1,7,"11,67"
430630,DAVID CANABARRO,RS,07/2022,62,50,"80,65",48,2,"96,00",12,"19,35",3,9,"14,52"
430630,DAVID CANABARRO,RS,09/2022,57,47,"82,46",44,3,"93,62",10,"17,54",4,6,"10,53"
430632,DERRUBADAS,RS,09/2022,110,91,"82,73",82,9,"90,11",19,"17,27",1,18,"16,36"
430632,DERRUBADAS,RS,07/2022,117,97,"82,91",89,8,"91,75",20,"17,09",3,17,"14,53"
430632,DERRUBADAS,RS,11/2022,112,92,"82,14",86,6,"93,48",20,"17,86",2,18,"16,07"
430635,DEZESSEIS DE NOVEMBRO,RS,11/2022,242,205,"84,71",197,8,"96,10",37,"15,29",3,34,"14,05"
430635,DEZESSEIS DE NOVEMBRO,RS,07/2022,252,203,"80,56",194,9,"95,57",49,"19,44",3,46,"18,25"
430635,DEZESSEIS DE NOVEMBRO,RS,09/2022,254,203,"79,92",195,8,"96,06",51,"20,08",5,46,"18,11"
430637,DILERMANDO DE AGUIAR,RS,07/2022,269,0,"0,00",0,0,,269,"100,00",203,66,"24,54"
430637,DILERMANDO DE AGUIAR,RS,09/2022,271,0,"0,00",0,0,,271,"100,00",204,67,"24,72"
430637,DILERMANDO DE AGUIAR,RS,11/2022,275,0,"0,00",0,0,,275,"100,00",206,69,"25,09"
430640,DOIS IRMÃOS,RS,11/2022,455,352,"77,36",310,42,"88,07",103,"22,64",5,98,"21,54"
430640,DOIS IRMÃOS,RS,07/2022,409,283,"69,19",237,46,"83,75",126,"30,81",3,123,"30,07"
430640,DOIS IRMÃOS,RS,09/2022,461,325,"70,50",276,49,"84,92",136,"29,50",8,128,"27,77"
430642,DOIS IRMÃOS DAS MISSÕES,RS,09/2022,145,133,"91,72",131,2,"98,50",12,"8,28",2,10,"6,90"
430642,DOIS IRMÃOS DAS MISSÕES,RS,07/2022,153,138,"90,20",138,0,"100,00",15,"9,80",5,10,"6,54"
430642,DOIS IRMÃOS DAS MISSÕES,RS,11/2022,150,138,"92,00",136,2,"98,55",12,"8,00",0,12,"8,00"
430645,DOIS LAJEADOS,RS,11/2022,37,25,"67,57",25,0,"100,00",12,"32,43",1,11,"29,73"
430645,DOIS LAJEADOS,RS,09/2022,35,23,"65,71",20,3,"86,96",12,"34,29",1,11,"31,43"
430645,DOIS LAJEADOS,RS,07/2022,33,22,"66,67",20,2,"90,91",11,"33,33",0,11,"33,33"
430650,DOM FELICIANO,RS,07/2022,1277,820,"64,21",725,95,"88,41",457,"35,79",113,344,"26,94"
430650,DOM FELICIANO,RS,09/2022,1257,890,"70,80",777,113,"87,30",367,"29,20",22,345,"27,45"
430650,DOM FELICIANO,RS,11/2022,1246,913,"73,27",809,104,"88,61",333,"26,73",12,321,"25,76"
430655,DOM PEDRO DE ALCÂNTARA,RS,11/2022,96,86,"89,58",72,14,"83,72",10,"10,42",0,10,"10,42"
430655,DOM PEDRO DE ALCÂNTARA,RS,09/2022,101,86,"85,15",71,15,"82,56",15,"14,85",2,13,"12,87"
430655,DOM PEDRO DE ALCÂNTARA,RS,07/2022,101,86,"85,15",69,17,"80,23",15,"14,85",3,12,"11,88"
430660,DOM PEDRITO,RS,07/2022,3049,2487,"81,57",2273,214,"91,40",562,"18,43",42,520,"17,05"
430660,DOM PEDRITO,RS,09/2022,3047,2476,"81,26",2296,180,"92,73",571,"18,74",20,551,"18,08"
430660,DOM PEDRITO,RS,11/2022,3054,2512,"82,25",2369,143,"94,31",542,"17,75",3,539,"17,65"
430670,DONA FRANCISCA,RS,11/2022,220,180,"81,82",168,12,"93,33",40,"18,18",8,32,"14,55"
430670,DONA FRANCISCA,RS,07/2022,245,0,"0,00",0,0,,245,"100,00",195,50,"20,41"
430670,DONA FRANCISCA,RS,09/2022,231,196,"84,85",184,12,"93,88",35,"15,15",13,22,"9,52"
430673,DOUTOR MAURÍCIO CARDOSO,RS,09/2022,136,105,"77,21",104,1,"99,05",31,"22,79",0,31,"22,79"
430673,DOUTOR MAURÍCIO CARDOSO,RS,07/2022,130,115,"88,46",115,0,"100,00",15,"11,54",0,15,"11,54"
430673,DOUTOR MAURÍCIO CARDOSO,RS,11/2022,131,107,"81,68",106,1,"99,07",24,"18,32",0,24,"18,32"
430675,DOUTOR RICARDO,RS,11/2022,31,27,"87,10",22,5,"81,48",4,"12,90",3,1,"3,23"
430675,DOUTOR RICARDO,RS,07/2022,35,15,"42,86",15,0,"100,00",20,"57,14",19,1,"2,86"
430675,DOUTOR RICARDO,RS,09/2022,36,27,"75,00",24,3,"88,89",9,"25,00",8,1,"2,78"
430676,ELDORADO DO SUL,RS,07/2022,3360,1868,"55,60",1722,146,"92,18",1492,"44,40",80,1412,"42,02"
430676,ELDORADO DO SUL,RS,09/2022,3704,2321,"62,66",2122,199,"91,43",1383,"37,34",75,1308,"35,31"
430676,ELDORADO DO SUL,RS,11/2022,3747,2644,"70,56",2452,192,"92,74",1103,"29,44",61,1042,"27,81"
430680,ENCANTADO,RS,11/2022,527,203,"38,52",172,31,"84,73",324,"61,48",112,212,"40,23"
430680,ENCANTADO,RS,07/2022,470,100,"21,28",83,17,"83,00",370,"78,72",170,200,"42,55"
430680,ENCANTADO,RS,09/2022,490,41,"8,37",25,16,"60,98",449,"91,63",243,206,"42,04"
430690,ENCRUZILHADA DO SUL,RS,07/2022,2003,1322,"66,00",1149,173,"86,91",681,"34,00",214,467,"23,32"
430690,ENCRUZILHADA DO SUL,RS,09/2022,1970,920,"46,70",770,150,"83,70",1050,"53,30",571,479,"24,31"
430690,ENCRUZILHADA DO SUL,RS,11/2022,1967,1411,"71,73",1228,183,"87,03",556,"28,27",144,412,"20,95"
430692,ENGENHO VELHO,RS,11/2022,191,182,"95,29",154,28,"84,62",9,"4,71",5,4,"2,09"
430692,ENGENHO VELHO,RS,09/2022,194,188,"96,91",150,38,"79,79",6,"3,09",2,4,"2,06"
430692,ENGENHO VELHO,RS,07/2022,193,180,"93,26",137,43,"76,11",13,"6,74",6,7,"3,63"
430693,ENTRE-IJUÍS,RS,07/2022,350,289,"82,57",278,11,"96,19",61,"17,43",10,51,"14,57"
430693,ENTRE-IJUÍS,RS,09/2022,330,271,"82,12",256,15,"94,46",59,"17,88",17,42,"12,73"
430693,ENTRE-IJUÍS,RS,11/2022,354,298,"84,18",282,16,"94,63",56,"15,82",9,47,"13,28"
430695,ENTRE RIOS DO SUL,RS,11/2022,139,136,"97,84",136,0,"100,00",3,"2,16",0,3,"2,16"
430695,ENTRE RIOS DO SUL,RS,07/2022,163,64,"39,26",64,0,"100,00",99,"60,74",53,46,"28,22"
430695,ENTRE RIOS DO SUL,RS,09/2022,154,130,"84,42",114,16,"87,69",24,"15,58",1,23,"14,94"
430697,EREBANGO,RS,07/2022,284,146,"51,41",146,0,"100,00",138,"48,59",81,57,"20,07"
430697,EREBANGO,RS,09/2022,289,133,"46,02",110,23,"82,71",156,"53,98",98,58,"20,07"
430697,EREBANGO,RS,11/2022,287,219,"76,31",219,0,"100,00",68,"23,69",0,68,"23,69"
430700,ERECHIM,RS,11/2022,2847,2123,"74,57",1874,249,"88,27",724,"25,43",142,582,"20,44"
430700,ERECHIM,RS,09/2022,2794,1835,"65,68",1506,329,"82,07",959,"34,32",163,796,"28,49"
430700,ERECHIM,RS,07/2022,2697,1675,"62,11",1461,214,"87,22",1022,"37,89",283,739,"27,40"
430705,ERNESTINA,RS,09/2022,106,80,"75,47",80,0,"100,00",26,"24,53",12,14,"13,21"
430705,ERNESTINA,RS,07/2022,103,81,"78,64",80,1,"98,77",22,"21,36",7,15,"14,56"
430705,ERNESTINA,RS,11/2022,104,87,"83,65",85,2,"97,70",17,"16,35",4,13,"12,50"
430710,HERVAL,RS,11/2022,698,611,"87,54",558,53,"91,33",87,"12,46",22,65,"9,31"
430710,HERVAL,RS,09/2022,724,590,"81,49",530,60,"89,83",134,"18,51",70,64,"8,84"
430710,HERVAL,RS,07/2022,746,608,"81,50",554,54,"91,12",138,"18,50",45,93,"12,47"
430720,ERVAL GRANDE,RS,07/2022,317,214,"67,51",187,27,"87,38",103,"32,49",38,65,"20,50"
430720,ERVAL GRANDE,RS,09/2022,317,255,"80,44",211,44,"82,75",62,"19,56",39,23,"7,26"
430720,ERVAL GRANDE,RS,11/2022,297,265,"89,23",241,24,"90,94",32,"10,77",2,30,"10,10"
430730,ERVAL SECO,RS,11/2022,437,307,"70,25",307,0,"100,00",130,"29,75",9,121,"27,69"
430730,ERVAL SECO,RS,07/2022,480,333,"69,38",333,0,"100,00",147,"30,63",11,136,"28,33"
430730,ERVAL SECO,RS,09/2022,453,274,"60,49",274,0,"100,00",179,"39,51",50,129,"28,48"
430740,ESMERALDA,RS,07/2022,228,167,"73,25",152,15,"91,02",61,"26,75",9,52,"22,81"
430740,ESMERALDA,RS,09/2022,225,166,"73,78",150,16,"90,36",59,"26,22",9,50,"22,22"
430740,ESMERALDA,RS,11/2022,216,166,"76,85",155,11,"93,37",50,"23,15",5,45,"20,83"
430745,ESPERANÇA DO SUL,RS,11/2022,182,121,"66,48",113,8,"93,39",61,"33,52",6,55,"30,22"
430745,ESPERANÇA DO SUL,RS,07/2022,177,121,"68,36",111,10,"91,74",56,"31,64",7,49,"27,68"
430745,ESPERANÇA DO SUL,RS,09/2022,170,116,"68,24",106,10,"91,38",54,"31,76",5,49,"28,82"
430750,ESPUMOSO,RS,07/2022,810,597,"73,70",527,70,"88,27",213,"26,30",21,192,"23,70"
430750,ESPUMOSO,RS,09/2022,790,694,"87,85",623,71,"89,77",96,"12,15",26,70,"8,86"
430750,ESPUMOSO,RS,11/2022,773,686,"88,75",632,54,"92,13",87,"11,25",13,74,"9,57"
430755,ESTAÇÃO,RS,11/2022,161,139,"86,34",125,14,"89,93",22,"13,66",6,16,"9,94"
430755,ESTAÇÃO,RS,09/2022,157,135,"85,99",115,20,"85,19",22,"14,01",1,21,"13,38"
430755,ESTAÇÃO,RS,07/2022,147,122,"82,99",105,17,"86,07",25,"17,01",2,23,"15,65"
430760,ESTÂNCIA VELHA,RS,09/2022,1346,565,"41,98",496,69,"87,79",781,"58,02",208,573,"42,57"
430760,ESTÂNCIA VELHA,RS,07/2022,1317,713,"54,14",657,56,"92,15",604,"45,86",66,538,"40,85"
430760,ESTÂNCIA VELHA,RS,11/2022,1342,552,"41,13",514,38,"93,12",790,"58,87",259,531,"39,57"
430770,ESTEIO,RS,11/2022,4592,4016,"87,46",3534,482,"88,00",576,"12,54",42,534,"11,63"
430770,ESTEIO,RS,09/2022,4560,3857,"84,58",3276,581,"84,94",703,"15,42",104,599,"13,14"
430770,ESTEIO,RS,07/2022,4293,3622,"84,37",3056,566,"84,37",671,"15,63",138,533,"12,42"
430780,ESTRELA,RS,09/2022,1008,823,"81,65",715,108,"86,88",185,"18,35",38,147,"14,58"
430780,ESTRELA,RS,07/2022,948,656,"69,20",550,106,"83,84",292,"30,80",18,274,"28,90"
430780,ESTRELA,RS,11/2022,1029,818,"79,49",687,131,"83,99",211,"20,51",45,166,"16,13"
430781,ESTRELA VELHA,RS,11/2022,204,167,"81,86",167,0,"100,00",37,"18,14",3,34,"16,67"
430781,ESTRELA VELHA,RS,07/2022,179,145,"81,01",135,10,"93,10",34,"18,99",5,29,"16,20"
430781,ESTRELA VELHA,RS,09/2022,192,135,"70,31",132,3,"97,78",57,"29,69",21,36,"18,75"
430783,EUGÊNIO DE CASTRO,RS,07/2022,153,94,"61,44",84,10,"89,36",59,"38,56",15,44,"28,76"
430783,EUGÊNIO DE CASTRO,RS,09/2022,153,101,"66,01",91,10,"90,10",52,"33,99",1,51,"33,33"
430783,EUGÊNIO DE CASTRO,RS,11/2022,140,122,"87,14",110,12,"90,16",18,"12,86",3,15,"10,71"
430786,FAGUNDES VARELA,RS,11/2022,25,25,"100,00",20,5,"80,00",0,"0,00",0,0,"0,00"
430786,FAGUNDES VARELA,RS,09/2022,18,18,"100,00",15,3,"83,33",0,"0,00",0,0,"0,00"
430786,FAGUNDES VARELA,RS,07/2022,15,14,"93,33",13,1,"92,86",1,"6,67",1,0,"0,00"
430790,FARROUPILHA,RS,09/2022,2296,845,"36,80",824,21,"97,51",1451,"63,20",563,888,"38,68"
430790,FARROUPILHA,RS,07/2022,2135,1029,"48,20",976,53,"94,85",1106,"51,80",316,790,"37,00"
430790,FARROUPILHA,RS,11/2022,2294,862,"37,58",828,34,"96,06",1432,"62,42",510,922,"40,19"
430800,FAXINAL DO SOTURNO,RS,11/2022,410,352,"85,85",276,76,"78,41",58,"14,15",4,54,"13,17"
430800,FAXINAL DO SOTURNO,RS,09/2022,434,328,"75,58",328,0,"100,00",106,"24,42",0,106,"24,42"
430800,FAXINAL DO SOTURNO,RS,07/2022,401,301,"75,06",301,0,"100,00",100,"24,94",2,98,"24,44"
430805,FAXINALZINHO,RS,09/2022,185,158,"85,41",138,20,"87,34",27,"14,59",2,25,"13,51"
430805,FAXINALZINHO,RS,07/2022,177,145,"81,92",133,12,"91,72",32,"18,08",1,31,"17,51"
430805,FAXINALZINHO,RS,11/2022,184,164,"89,13",139,25,"84,76",20,"10,87",4,16,"8,70"
430807,FAZENDA VILANOVA,RS,11/2022,245,104,"42,45",100,4,"96,15",141,"57,55",27,114,"46,53"
430807,FAZENDA VILANOVA,RS,07/2022,213,68,"31,92",63,5,"92,65",145,"68,08",34,111,"52,11"
430807,FAZENDA VILANOVA,RS,09/2022,226,0,"0,00",0,0,,226,"100,00",116,110,"48,67"
430810,FELIZ,RS,07/2022,168,112,"66,67",110,2,"98,21",56,"33,33",13,43,"25,60"
430810,FELIZ,RS,09/2022,189,159,"84,13",153,6,"96,23",30,"15,87",5,25,"13,23"
430810,FELIZ,RS,11/2022,197,169,"85,79",159,10,"94,08",28,"14,21",5,23,"11,68"
430820,FLORES DA CUNHA,RS,11/2022,516,462,"89,53",425,37,"91,99",54,"10,47",14,40,"7,75"
430820,FLORES DA CUNHA,RS,07/2022,506,449,"88,74",399,50,"88,86",57,"11,26",13,44,"8,70"
430820,FLORES DA CUNHA,RS,09/2022,519,467,"89,98",412,55,"88,22",52,"10,02",9,43,"8,29"
430825,FLORIANO PEIXOTO,RS,09/2022,34,30,"88,24",29,1,"96,67",4,"11,76",2,2,"5,88"
430825,FLORIANO PEIXOTO,RS,07/2022,36,31,"86,11",31,0,"100,00",5,"13,89",0,5,"13,89"
430825,FLORIANO PEIXOTO,RS,11/2022,33,31,"93,94",31,0,"100,00",2,"6,06",2,0,"0,00"
430830,FONTOURA XAVIER,RS,11/2022,1077,986,"91,55",929,57,"94,22",91,"8,45",3,88,"8,17"
430830,FONTOURA XAVIER,RS,07/2022,1071,825,"77,03",775,50,"93,94",246,"22,97",15,231,"21,57"
430830,FONTOURA XAVIER,RS,09/2022,1083,899,"83,01",859,40,"95,55",184,"16,99",15,169,"15,60"
430840,FORMIGUEIRO,RS,09/2022,550,116,"21,09",96,20,"82,76",434,"78,91",289,145,"26,36"
430840,FORMIGUEIRO,RS,07/2022,578,435,"75,26",435,0,"100,00",143,"24,74",0,143,"24,74"
430840,FORMIGUEIRO,RS,11/2022,562,421,"74,91",402,19,"95,49",141,"25,09",0,141,"25,09"
430843,FORQUETINHA,RS,11/2022,40,0,"0,00",0,0,,40,"100,00",31,9,"22,50"
430843,FORQUETINHA,RS,09/2022,39,21,"53,85",21,0,"100,00",18,"46,15",7,11,"28,21"
430843,FORQUETINHA,RS,07/2022,39,29,"74,36",29,0,"100,00",10,"25,64",0,10,"25,64"
430845,FORTALEZA DOS VALOS,RS,07/2022,197,167,"84,77",156,11,"93,41",30,"15,23",5,25,"12,69"
430845,FORTALEZA DOS VALOS,RS,09/2022,199,182,"91,46",169,13,"92,86",17,"8,54",4,13,"6,53"
430845,FORTALEZA DOS VALOS,RS,11/2022,211,191,"90,52",182,9,"95,29",20,"9,48",4,16,"7,58"
430850,FREDERICO WESTPHALEN,RS,11/2022,1234,673,"54,54",613,60,"91,08",561,"45,46",80,481,"38,98"
430850,FREDERICO WESTPHALEN,RS,07/2022,1238,651,"52,58",591,60,"90,78",587,"47,42",104,483,"39,01"
430850,FREDERICO WESTPHALEN,RS,09/2022,1259,647,"51,39",594,53,"91,81",612,"48,61",121,491,"39,00"
430860,GARIBALDI,RS,07/2022,345,264,"76,52",229,35,"86,74",81,"23,48",12,69,"20,00"
430860,GARIBALDI,RS,09/2022,354,262,"74,01",230,32,"87,79",92,"25,99",7,85,"24,01"
430860,GARIBALDI,RS,11/2022,361,264,"73,13",233,31,"88,26",97,"26,87",2,95,"26,32"
430865,GARRUCHOS,RS,11/2022,256,0,"0,00",0,0,,256,"100,00",208,48,"18,75"
430865,GARRUCHOS,RS,09/2022,259,0,"0,00",0,0,,259,"100,00",212,47,"18,15"
430865,GARRUCHOS,RS,07/2022,252,1,"0,40",0,1,"0,00",251,"99,60",211,40,"15,87"
430870,GAURAMA,RS,07/2022,142,122,"85,92",103,19,"84,43",20,"14,08",0,20,"14,08"
430870,GAURAMA,RS,09/2022,141,138,"97,87",104,34,"75,36",3,"2,13",0,3,"2,13"
430870,GAURAMA,RS,11/2022,133,131,"98,50",116,15,"88,55",2,"1,50",0,2,"1,50"
430880,GENERAL CÂMARA,RS,11/2022,654,565,"86,39",494,71,"87,43",89,"13,61",2,87,"13,30"
430880,GENERAL CÂMARA,RS,09/2022,669,564,"84,30",488,76,"86,52",105,"15,70",6,99,"14,80"
430880,GENERAL CÂMARA,RS,07/2022,654,536,"81,96",467,69,"87,13",118,"18,04",5,113,"17,28"
430885,GENTIL,RS,09/2022,84,67,"79,76",65,2,"97,01",17,"20,24",6,11,"13,10"
430885,GENTIL,RS,07/2022,78,67,"85,90",55,12,"82,09",11,"14,10",4,7,"8,97"
430885,GENTIL,RS,11/2022,79,73,"92,41",68,5,"93,15",6,"7,59",1,5,"6,33"
430890,GETÚLIO VARGAS,RS,11/2022,338,308,"91,12",281,27,"91,23",30,"8,88",3,27,"7,99"
430890,GETÚLIO VARGAS,RS,09/2022,321,278,"86,60",249,29,"89,57",43,"13,40",1,42,"13,08"
430890,GETÚLIO VARGAS,RS,07/2022,320,270,"84,38",234,36,"86,67",50,"15,63",4,46,"14,38"
430900,GIRUÁ,RS,09/2022,1219,1132,"92,86",1010,122,"89,22",87,"7,14",13,74,"6,07"
430900,GIRUÁ,RS,07/2022,1221,1085,"88,86",948,137,"87,37",136,"11,14",32,104,"8,52"
430900,GIRUÁ,RS,11/2022,1165,1103,"94,68",1032,71,"93,56",62,"5,32",14,48,"4,12"
430905,GLORINHA,RS,11/2022,412,302,"73,30",230,72,"76,16",110,"26,70",76,34,"8,25"
430905,GLORINHA,RS,09/2022,393,266,"67,68",212,54,"79,70",127,"32,32",75,52,"13,23"
430905,GLORINHA,RS,07/2022,387,237,"61,24",174,63,"73,42",150,"38,76",28,122,"31,52"
430910,GRAMADO,RS,07/2022,1003,477,"47,56",450,27,"94,34",526,"52,44",107,419,"41,77"
430910,GRAMADO,RS,09/2022,1091,475,"43,54",446,29,"93,89",616,"56,46",182,434,"39,78"
430910,GRAMADO,RS,11/2022,1144,555,"48,51",524,31,"94,41",589,"51,49",171,418,"36,54"
430912,GRAMADO DOS LOUREIROS,RS,11/2022,306,233,"76,14",205,28,"87,98",73,"23,86",1,72,"23,53"
430912,GRAMADO DOS LOUREIROS,RS,09/2022,307,235,"76,55",203,32,"86,38",72,"23,45",3,69,"22,48"
430912,GRAMADO DOS LOUREIROS,RS,07/2022,310,240,"77,42",213,27,"88,75",70,"22,58",2,68,"21,94"
430915,GRAMADO XAVIER,RS,07/2022,285,189,"66,32",149,40,"78,84",96,"33,68",11,85,"29,82"
430915,GRAMADO XAVIER,RS,09/2022,278,169,"60,79",134,35,"79,29",109,"39,21",27,82,"29,50"
430915,GRAMADO XAVIER,RS,11/2022,259,179,"69,11",144,35,"80,45",80,"30,89",10,70,"27,03"
430920,GRAVATAÍ,RS,11/2022,17570,14963,"85,16",13189,1774,"88,14",2607,"14,84",289,2318,"13,19"
430920,GRAVATAÍ,RS,09/2022,17497,12852,"73,45",11329,1523,"88,15",4645,"26,55",1286,3359,"19,20"
430920,GRAVATAÍ,RS,07/2022,16849,9257,"54,94",8108,1149,"87,59",7592,"45,06",2534,5058,"30,02"
430925,GUABIJU,RS,09/2022,24,18,"75,00",16,2,"88,89",6,"25,00",0,6,"25,00"
430925,GUABIJU,RS,07/2022,19,13,"68,42",12,1,"92,31",6,"31,58",0,6,"31,58"
430925,GUABIJU,RS,11/2022,25,18,"72,00",17,1,"94,44",7,"28,00",1,6,"24,00"
430930,GUAÍBA,RS,11/2022,6210,4150,"66,83",3687,463,"88,84",2060,"33,17",20,2040,"32,85"
430930,GUAÍBA,RS,09/2022,6056,3934,"64,96",3352,582,"85,21",2122,"35,04",20,2102,"34,71"
430930,GUAÍBA,RS,07/2022,5866,3676,"62,67",3075,601,"83,65",2190,"37,33",36,2154,"36,72"
430940,GUAPORÉ,RS,09/2022,510,445,"87,25",386,59,"86,74",65,"12,75",7,58,"11,37"
430940,GUAPORÉ,RS,07/2022,444,380,"85,59",348,32,"91,58",64,"14,41",16,48,"10,81"
430940,GUAPORÉ,RS,11/2022,527,485,"92,03",406,79,"83,71",42,"7,97",7,35,"6,64"
430950,GUARANI DAS MISSÕES,RS,11/2022,389,320,"82,26",313,7,"97,81",69,"17,74",4,65,"16,71"
430950,GUARANI DAS MISSÕES,RS,07/2022,363,284,"78,24",273,11,"96,13",79,"21,76",5,74,"20,39"
430950,GUARANI DAS MISSÕES,RS,09/2022,381,307,"80,58",305,2,"99,35",74,"19,42",2,72,"18,90"
430955,HARMONIA,RS,09/2022,51,0,"0,00",0,0,,51,"100,00",37,14,"27,45"
430955,HARMONIA,RS,07/2022,63,44,"69,84",32,12,"72,73",19,"30,16",4,15,"23,81"
430955,HARMONIA,RS,11/2022,66,44,"66,67",38,6,"86,36",22,"33,33",0,22,"33,33"
430957,HERVEIRAS,RS,11/2022,181,134,"74,03",119,15,"88,81",47,"25,97",12,35,"19,34"
430957,HERVEIRAS,RS,09/2022,198,158,"79,80",125,33,"79,11",40,"20,20",4,36,"18,18"
430957,HERVEIRAS,RS,07/2022,199,159,"79,90",131,28,"82,39",40,"20,10",6,34,"17,09"
430960,HORIZONTINA,RS,07/2022,560,484,"86,43",414,70,"85,54",76,"13,57",10,66,"11,79"
430960,HORIZONTINA,RS,09/2022,544,501,"92,10",437,64,"87,23",43,"7,90",2,41,"7,54"
430960,HORIZONTINA,RS,11/2022,512,470,"91,80",423,47,"90,00",42,"8,20",4,38,"7,42"
430965,HULHA NEGRA,RS,11/2022,911,621,"68,17",599,22,"96,46",290,"31,83",153,137,"15,04"
430965,HULHA NEGRA,RS,07/2022,897,349,"38,91",303,46,"86,82",548,"61,09",430,118,"13,15"
430965,HULHA NEGRA,RS,09/2022,929,346,"37,24",335,11,"96,82",583,"62,76",463,120,"12,92"
430970,HUMAITÁ,RS,09/2022,140,104,"74,29",103,1,"99,04",36,"25,71",4,32,"22,86"
430970,HUMAITÁ,RS,07/2022,136,96,"70,59",96,0,"100,00",40,"29,41",5,35,"25,74"
430970,HUMAITÁ,RS,11/2022,132,125,"94,70",119,6,"95,20",7,"5,30",3,4,"3,03"
430975,IBARAMA,RS,11/2022,260,206,"79,23",183,23,"88,83",54,"20,77",5,49,"18,85"
430975,IBARAMA,RS,07/2022,275,218,"79,27",188,30,"86,24",57,"20,73",6,51,"18,55"
430975,IBARAMA,RS,09/2022,272,215,"79,04",191,24,"88,84",57,"20,96",4,53,"19,49"
430980,IBIAÇÁ,RS,09/2022,117,93,"79,49",84,9,"90,32",24,"20,51",2,22,"18,80"
430980,IBIAÇÁ,RS,07/2022,119,88,"73,95",82,6,"93,18",31,"26,05",5,26,"21,85"
430980,IBIAÇÁ,RS,11/2022,122,98,"80,33",92,6,"93,88",24,"19,67",3,21,"17,21"
430990,IBIRAIARAS,RS,11/2022,294,275,"93,54",249,26,"90,55",19,"6,46",7,12,"4,08"
430990,IBIRAIARAS,RS,07/2022,288,212,"73,61",196,16,"92,45",76,"26,39",1,75,"26,04"
430990,IBIRAIARAS,RS,09/2022,294,244,"82,99",224,20,"91,80",50,"17,01",1,49,"16,67"
430995,IBIRAPUITÃ,RS,09/2022,282,0,"0,00",0,0,,282,"100,00",223,59,"20,92"
430995,IBIRAPUITÃ,RS,07/2022,292,0,"0,00",0,0,,292,"100,00",233,59,"20,21"
430995,IBIRAPUITÃ,RS,11/2022,271,1,"0,37",0,1,"0,00",270,"99,63",217,53,"19,56"
431000,IBIRUBÁ,RS,11/2022,256,150,"58,59",132,18,"88,00",106,"41,41",49,57,"22,27"
431000,IBIRUBÁ,RS,07/2022,253,163,"64,43",145,18,"88,96",90,"35,57",28,62,"24,51"
431000,IBIRUBÁ,RS,09/2022,271,186,"68,63",153,33,"82,26",85,"31,37",22,63,"23,25"
431010,IGREJINHA,RS,09/2022,1191,759,"63,73",641,118,"84,45",432,"36,27",76,356,"29,89"
431010,IGREJINHA,RS,07/2022,1049,556,"53,00",438,118,"78,78",493,"47,00",149,344,"32,79"
431010,IGREJINHA,RS,11/2022,1185,786,"66,33",685,101,"87,15",399,"33,67",71,328,"27,68"
431020,IJUÍ,RS,11/2022,3130,2784,"88,95",2422,362,"87,00",346,"11,05",22,324,"10,35"
431020,IJUÍ,RS,07/2022,3127,2279,"72,88",1912,367,"83,90",848,"27,12",157,691,"22,10"
431020,IJUÍ,RS,09/2022,3117,2601,"83,45",2187,414,"84,08",516,"16,55",144,372,"11,93"
431030,ILÓPOLIS,RS,07/2022,107,98,"91,59",79,19,"80,61",9,"8,41",0,9,"8,41"
431030,ILÓPOLIS,RS,09/2022,110,99,"90,00",81,18,"81,82",11,"10,00",4,7,"6,36"
431030,ILÓPOLIS,RS,11/2022,114,105,"92,11",84,21,"80,00",9,"7,89",2,7,"6,14"
431033,IMBÉ,RS,11/2022,1797,1322,"73,57",1157,165,"87,52",475,"26,43",39,436,"24,26"
431033,IMBÉ,RS,09/2022,1799,1414,"78,60",1352,62,"95,62",385,"21,40",49,336,"18,68"
431033,IMBÉ,RS,07/2022,1736,1272,"73,27",1251,21,"98,35",464,"26,73",91,373,"21,49"
431036,IMIGRANTE,RS,09/2022,23,6,"26,09",6,0,"100,00",17,"73,91",13,4,"17,39"
431036,IMIGRANTE,RS,07/2022,28,23,"82,14",21,2,"91,30",5,"17,86",0,5,"17,86"
431036,IMIGRANTE,RS,11/2022,27,14,"51,85",12,2,"85,71",13,"48,15",9,4,"14,81"
431040,INDEPENDÊNCIA,RS,11/2022,371,345,"92,99",295,50,"85,51",26,"7,01",22,4,"1,08"
431040,INDEPENDÊNCIA,RS,07/2022,400,301,"75,25",269,32,"89,37",99,"24,75",28,71,"17,75"
431040,INDEPENDÊNCIA,RS,09/2022,405,366,"90,37",301,65,"82,24",39,"9,63",11,28,"6,91"
431041,INHACORÁ,RS,09/2022,150,143,"95,33",111,32,"77,62",7,"4,67",3,4,"2,67"
431041,INHACORÁ,RS,07/2022,163,134,"82,21",111,23,"82,84",29,"17,79",11,18,"11,04"
431041,INHACORÁ,RS,11/2022,150,140,"93,33",117,23,"83,57",10,"6,67",4,6,"4,00"
431043,IPÊ,RS,11/2022,185,107,"57,84",101,6,"94,39",78,"42,16",3,75,"40,54"
431043,IPÊ,RS,07/2022,152,81,"53,29",71,10,"87,65",71,"46,71",8,63,"41,45"
431043,IPÊ,RS,09/2022,173,105,"60,69",95,10,"90,48",68,"39,31",3,65,"37,57"
431046,IPIRANGA DO SUL,RS,07/2022,29,22,"75,86",15,7,"68,18",7,"24,14",0,7,"24,14"
431046,IPIRANGA DO SUL,RS,09/2022,28,25,"89,29",25,0,"100,00",3,"10,71",0,3,"10,71"
431046,IPIRANGA DO SUL,RS,11/2022,37,30,"81,08",26,4,"86,67",7,"18,92",0,7,"18,92"
431050,IRAÍ,RS,11/2022,634,545,"85,96",525,20,"96,33",89,"14,04",33,56,"8,83"
431050,IRAÍ,RS,09/2022,650,543,"83,54",520,23,"95,76",107,"16,46",43,64,"9,85"
431050,IRAÍ,RS,07/2022,688,543,"78,92",511,32,"94,11",145,"21,08",39,106,"15,41"
431053,ITAARA,RS,07/2022,280,221,"78,93",221,0,"100,00",59,"21,07",22,37,"13,21"
431053,ITAARA,RS,09/2022,294,237,"80,61",230,7,"97,05",57,"19,39",17,40,"13,61"
431053,ITAARA,RS,11/2022,301,246,"81,73",246,0,"100,00",55,"18,27",13,42,"13,95"
431055,ITACURUBI,RS,11/2022,358,210,"58,66",201,9,"95,71",148,"41,34",9,139,"38,83"
431055,ITACURUBI,RS,07/2022,351,181,"51,57",169,12,"93,37",170,"48,43",25,145,"41,31"
431055,ITACURUBI,RS,09/2022,346,56,"16,18",56,0,"100,00",290,"83,82",149,141,"40,75"
431057,ITAPUCA,RS,07/2022,80,37,"46,25",37,0,"100,00",43,"53,75",30,13,"16,25"
431057,ITAPUCA,RS,09/2022,85,0,"0,00",0,0,,85,"100,00",71,14,"16,47"
431057,ITAPUCA,RS,11/2022,80,51,"63,75",51,0,"100,00",29,"36,25",16,13,"16,25"
431060,ITAQUI,RS,11/2022,2928,730,"24,93",730,0,"100,00",2198,"75,07",1745,453,"15,47"
431060,ITAQUI,RS,09/2022,2861,0,"0,00",0,0,,2861,"100,00",2390,471,"16,46"
431060,ITAQUI,RS,07/2022,2854,0,"0,00",0,0,,2854,"100,00",2371,483,"16,92"
431065,ITATI,RS,07/2022,199,160,"80,40",143,17,"89,38",39,"19,60",1,38,"19,10"
431065,ITATI,RS,09/2022,208,171,"82,21",148,23,"86,55",37,"17,79",0,37,"17,79"
431065,ITATI,RS,11/2022,206,166,"80,58",151,15,"90,96",40,"19,42",2,38,"18,45"
431070,ITATIBA DO SUL,RS,11/2022,138,97,"70,29",91,6,"93,81",41,"29,71",12,29,"21,01"
431070,ITATIBA DO SUL,RS,07/2022,129,88,"68,22",82,6,"93,18",41,"31,78",19,22,"17,05"
431070,ITATIBA DO SUL,RS,09/2022,136,96,"70,59",89,7,"92,71",40,"29,41",18,22,"16,18"
431075,IVORÁ,RS,09/2022,101,87,"86,14",70,17,"80,46",14,"13,86",0,14,"13,86"
431075,IVORÁ,RS,07/2022,93,87,"93,55",63,24,"72,41",6,"6,45",0,6,"6,45"
431075,IVORÁ,RS,11/2022,96,89,"92,71",75,14,"84,27",7,"7,29",0,7,"7,29"
431080,IVOTI,RS,11/2022,226,140,"61,95",121,19,"86,43",86,"38,05",13,73,"32,30"
431080,IVOTI,RS,07/2022,215,68,"31,63",50,18,"73,53",147,"68,37",74,73,"33,95"
431080,IVOTI,RS,09/2022,219,132,"60,27",118,14,"89,39",87,"39,73",9,78,"35,62"
431085,JABOTICABA,RS,09/2022,237,203,"85,65",188,15,"92,61",34,"14,35",1,33,"13,92"
431085,JABOTICABA,RS,07/2022,244,204,"83,61",192,12,"94,12",40,"16,39",1,39,"15,98"
431085,JABOTICABA,RS,11/2022,236,203,"86,02",192,11,"94,58",33,"13,98",2,31,"13,14"
431087,JACUIZINHO,RS,11/2022,235,192,"81,70",192,0,"100,00",43,"18,30",1,42,"17,87"
431087,JACUIZINHO,RS,07/2022,237,201,"84,81",188,13,"93,53",36,"15,19",2,34,"14,35"
431087,JACUIZINHO,RS,09/2022,241,182,"75,52",168,14,"92,31",59,"24,48",16,43,"17,84"
431090,JACUTINGA,RS,07/2022,98,77,"78,57",68,9,"88,31",21,"21,43",8,13,"13,27"
431090,JACUTINGA,RS,09/2022,95,79,"83,16",70,9,"88,61",16,"16,84",5,11,"11,58"
431090,JACUTINGA,RS,11/2022,89,82,"92,13",70,12,"85,37",7,"7,87",3,4,"4,49"
431100,JAGUARÃO,RS,11/2022,2059,1541,"74,84",1465,76,"95,07",518,"25,16",20,498,"24,19"
431100,JAGUARÃO,RS,07/2022,1941,1383,"71,25",1260,123,"91,11",558,"28,75",17,541,"27,87"
431100,JAGUARÃO,RS,09/2022,1981,1456,"73,50",1362,94,"93,54",525,"26,50",23,502,"25,34"
431110,JAGUARI,RS,07/2022,515,455,"88,35",412,43,"90,55",60,"11,65",5,55,"10,68"
431110,JAGUARI,RS,09/2022,535,468,"87,48",430,38,"91,88",67,"12,52",7,60,"11,21"
431110,JAGUARI,RS,11/2022,528,473,"89,58",441,32,"93,23",55,"10,42",3,52,"9,85"
431112,JAQUIRANA,RS,11/2022,463,0,"0,00",0,0,,463,"100,00",366,97,"20,95"
431112,JAQUIRANA,RS,07/2022,449,0,"0,00",0,0,,449,"100,00",356,93,"20,71"
431112,JAQUIRANA,RS,09/2022,452,0,"0,00",0,0,,452,"100,00",356,96,"21,24"
431113,JARI,RS,09/2022,253,198,"78,26",184,14,"92,93",55,"21,74",1,54,"21,34"
431113,JARI,RS,07/2022,249,186,"74,70",171,15,"91,94",63,"25,30",10,53,"21,29"
431113,JARI,RS,11/2022,263,228,"86,69",215,13,"94,30",35,"13,31",2,33,"12,55"
431115,JÓIA,RS,11/2022,699,627,"89,70",627,0,"100,00",72,"10,30",5,67,"9,59"
431115,JÓIA,RS,07/2022,660,546,"82,73",545,1,"99,82",114,"17,27",10,104,"15,76"
431115,JÓIA,RS,09/2022,683,576,"84,33",576,0,"100,00",107,"15,67",1,106,"15,52"
431120,JÚLIO DE CASTILHOS,RS,09/2022,1319,1189,"90,14",1059,130,"89,07",130,"9,86",21,109,"8,26"
431120,JÚLIO DE CASTILHOS,RS,07/2022,1309,1142,"87,24",1005,137,"88,00",167,"12,76",21,146,"11,15"
431120,JÚLIO DE CASTILHOS,RS,11/2022,1337,1196,"89,45",1094,102,"91,47",141,"10,55",25,116,"8,68"
431123,LAGOA BONITA DO SUL,RS,11/2022,156,126,"80,77",121,5,"96,03",30,"19,23",1,29,"18,59"
431123,LAGOA BONITA DO SUL,RS,09/2022,163,130,"79,75",121,9,"93,08",33,"20,25",2,31,"19,02"
431123,LAGOA BONITA DO SUL,RS,07/2022,170,131,"77,06",120,11,"91,60",39,"22,94",5,34,"20,00"
431125,LAGOÃO,RS,07/2022,648,0,"0,00",0,0,,648,"100,00",526,122,"18,83"
431125,LAGOÃO,RS,09/2022,659,469,"71,17",439,30,"93,60",190,"28,83",117,73,"11,08"
431125,LAGOÃO,RS,11/2022,639,541,"84,66",473,68,"87,43",98,"15,34",30,68,"10,64"
431127,LAGOA DOS TRÊS CANTOS,RS,11/2022,24,22,"91,67",22,0,"100,00",2,"8,33",0,2,"8,33"
431127,LAGOA DOS TRÊS CANTOS,RS,09/2022,25,10,"40,00",10,0,"100,00",15,"60,00",1,14,"56,00"
431127,LAGOA DOS TRÊS CANTOS,RS,07/2022,24,0,"0,00",0,0,,24,"100,00",8,16,"66,67"
431130,LAGOA VERMELHA,RS,09/2022,1896,1409,"74,31",1350,59,"95,81",487,"25,69",74,413,"21,78"
431130,LAGOA VERMELHA,RS,07/2022,1912,1005,"52,56",907,98,"90,25",907,"47,44",126,781,"40,85"
431130,LAGOA VERMELHA,RS,11/2022,1911,1429,"74,78",1372,57,"96,01",482,"25,22",61,421,"22,03"
431140,LAJEADO,RS,11/2022,1846,1620,"87,76",1367,253,"84,38",226,"12,24",27,199,"10,78"
431140,LAJEADO,RS,09/2022,1850,1612,"87,14",1364,248,"84,62",238,"12,86",45,193,"10,43"
431140,LAJEADO,RS,07/2022,1696,1456,"85,85",1198,258,"82,28",240,"14,15",44,196,"11,56"
431142,LAJEADO DO BUGRE,RS,07/2022,310,229,"73,87",216,13,"94,32",81,"26,13",11,70,"22,58"
431142,LAJEADO DO BUGRE,RS,09/2022,313,291,"92,97",273,18,"93,81",22,"7,03",10,12,"3,83"
431142,LAJEADO DO BUGRE,RS,11/2022,323,297,"91,95",281,16,"94,61",26,"8,05",18,8,"2,48"
431150,LAVRAS DO SUL,RS,11/2022,568,465,"81,87",430,35,"92,47",103,"18,13",0,103,"18,13"
431150,LAVRAS DO SUL,RS,07/2022,568,448,"78,87",374,74,"83,48",120,"21,13",3,117,"20,60"
431150,LAVRAS DO SUL,RS,09/2022,564,447,"79,26",393,54,"87,92",117,"20,74",3,114,"20,21"
431160,LIBERATO SALZANO,RS,07/2022,275,157,"57,09",155,2,"98,73",118,"42,91",20,98,"35,64"
431160,LIBERATO SALZANO,RS,09/2022,283,167,"59,01",162,5,"97,01",116,"40,99",20,96,"33,92"
431160,LIBERATO SALZANO,RS,11/2022,278,181,"65,11",175,6,"96,69",97,"34,89",8,89,"32,01"
431162,LINDOLFO COLLOR,RS,11/2022,248,152,"61,29",150,2,"98,68",96,"38,71",2,94,"37,90"
431162,LINDOLFO COLLOR,RS,09/2022,259,112,"43,24",108,4,"96,43",147,"56,76",51,96,"37,07"
431162,LINDOLFO COLLOR,RS,07/2022,240,148,"61,67",142,6,"95,95",92,"38,33",6,86,"35,83"
431164,LINHA NOVA,RS,09/2022,18,13,"72,22",12,1,"92,31",5,"27,78",3,2,"11,11"
431164,LINHA NOVA,RS,07/2022,18,14,"77,78",14,0,"100,00",4,"22,22",3,1,"5,56"
431164,LINHA NOVA,RS,11/2022,11,10,"90,91",10,0,"100,00",1,"9,09",1,0,"0,00"
431170,MACHADINHO,RS,11/2022,228,221,"96,93",173,48,"78,28",7,"3,07",1,6,"2,63"
431170,MACHADINHO,RS,09/2022,222,198,"89,19",162,36,"81,82",24,"10,81",1,23,"10,36"
431170,MACHADINHO,RS,07/2022,221,181,"81,90",152,29,"83,98",40,"18,10",9,31,"14,03"
431171,MAÇAMBARA,RS,07/2022,484,0,"0,00",0,0,,484,"100,00",330,154,"31,82"
431171,MAÇAMBARA,RS,09/2022,526,2,"0,38",0,2,"0,00",524,"99,62",363,161,"30,61"
431171,MAÇAMBARA,RS,11/2022,560,185,"33,04",185,0,"100,00",375,"66,96",211,164,"29,29"
431173,MAMPITUBA,RS,11/2022,278,199,"71,58",195,4,"97,99",79,"28,42",2,77,"27,70"
431173,MAMPITUBA,RS,09/2022,282,198,"70,21",198,0,"100,00",84,"29,79",1,83,"29,43"
431173,MAMPITUBA,RS,07/2022,281,206,"73,31",206,0,"100,00",75,"26,69",2,73,"25,98"
431175,MANOEL VIANA,RS,09/2022,440,354,"80,45",339,15,"95,76",86,"19,55",6,80,"18,18"
431175,MANOEL VIANA,RS,07/2022,437,336,"76,89",310,26,"92,26",101,"23,11",6,95,"21,74"
431175,MANOEL VIANA,RS,11/2022,437,372,"85,13",358,14,"96,24",65,"14,87",2,63,"14,42"
431177,MAQUINÉ,RS,11/2022,588,456,"77,55",414,42,"90,79",132,"22,45",86,46,"7,82"
431177,MAQUINÉ,RS,09/2022,611,444,"72,67",417,27,"93,92",167,"27,33",42,125,"20,46"
431177,MAQUINÉ,RS,07/2022,572,319,"55,77",288,31,"90,28",253,"44,23",100,153,"26,75"
431179,MARATÁ,RS,09/2022,49,14,"28,57",12,2,"85,71",35,"71,43",20,15,"30,61"
431179,MARATÁ,RS,07/2022,54,37,"68,52",33,4,"89,19",17,"31,48",3,14,"25,93"
431179,MARATÁ,RS,11/2022,59,44,"74,58",36,8,"81,82",15,"25,42",0,15,"25,42"
431180,MARAU,RS,11/2022,868,728,"83,87",717,11,"98,49",140,"16,13",7,133,"15,32"
431180,MARAU,RS,07/2022,927,691,"74,54",691,0,"100,00",236,"25,46",45,191,"20,60"
431180,MARAU,RS,09/2022,947,792,"83,63",771,21,"97,35",155,"16,37",11,144,"15,21"
431190,MARCELINO RAMOS,RS,09/2022,98,94,"95,92",78,16,"82,98",4,"4,08",2,2,"2,04"
431190,MARCELINO RAMOS,RS,07/2022,97,87,"89,69",78,9,"89,66",10,"10,31",5,5,"5,15"
431190,MARCELINO RAMOS,RS,11/2022,91,87,"95,60",84,3,"96,55",4,"4,40",0,4,"4,40"
431198,MARIANA PIMENTEL,RS,11/2022,314,261,"83,12",248,13,"95,02",53,"16,88",4,49,"15,61"
431198,MARIANA PIMENTEL,RS,07/2022,328,273,"83,23",228,45,"83,52",55,"16,77",3,52,"15,85"
431198,MARIANA PIMENTEL,RS,09/2022,333,274,"82,28",232,42,"84,67",59,"17,72",3,56,"16,82"
431200,MARIANO MORO,RS,09/2022,28,21,"75,00",20,1,"95,24",7,"25,00",3,4,"14,29"
431200,MARIANO MORO,RS,07/2022,28,20,"71,43",19,1,"95,00",8,"28,57",4,4,"14,29"
431200,MARIANO MORO,RS,11/2022,26,20,"76,92",19,1,"95,00",6,"23,08",2,4,"15,38"
431205,MARQUES DE SOUZA,RS,11/2022,78,56,"71,79",53,3,"94,64",22,"28,21",8,14,"17,95"
431205,MARQUES DE SOUZA,RS,07/2022,80,50,"62,50",49,1,"98,00",30,"37,50",6,24,"30,00"
431205,MARQUES DE SOUZA,RS,09/2022,82,57,"69,51",55,2,"96,49",25,"30,49",5,20,"24,39"
431210,MATA,RS,09/2022,301,133,"44,19",108,25,"81,20",168,"55,81",126,42,"13,95"
431210,MATA,RS,07/2022,321,263,"81,93",213,50,"80,99",58,"18,07",15,43,"13,40"
431210,MATA,RS,11/2022,302,261,"86,42",244,17,"93,49",41,"13,58",2,39,"12,91"
431213,MATO CASTELHANO,RS,11/2022,109,86,"78,90",74,12,"86,05",23,"21,10",5,18,"16,51"
431213,MATO CASTELHANO,RS,09/2022,104,72,"69,23",69,3,"95,83",32,"30,77",14,18,"17,31"
431213,MATO CASTELHANO,RS,07/2022,100,66,"66,00",63,3,"95,45",34,"34,00",8,26,"26,00"
431215,MATO LEITÃO,RS,07/2022,173,133,"76,88",111,22,"83,46",40,"23,12",11,29,"16,76"
431215,MATO LEITÃO,RS,09/2022,204,169,"82,84",144,25,"85,21",35,"17,16",3,32,"15,69"
431215,MATO LEITÃO,RS,11/2022,199,164,"82,41",145,19,"88,41",35,"17,59",5,30,"15,08"
431217,MATO QUEIMADO,RS,11/2022,72,62,"86,11",59,3,"95,16",10,"13,89",6,4,"5,56"
431217,MATO QUEIMADO,RS,07/2022,71,69,"97,18",60,9,"86,96",2,"2,82",1,1,"1,41"
431217,MATO QUEIMADO,RS,09/2022,72,63,"87,50",61,2,"96,83",9,"12,50",3,6,"8,33"
431220,MAXIMILIANO DE ALMEIDA,RS,07/2022,205,157,"76,59",146,11,"92,99",48,"23,41",3,45,"21,95"
431220,MAXIMILIANO DE ALMEIDA,RS,09/2022,204,192,"94,12",165,27,"85,94",12,"5,88",5,7,"3,43"
431220,MAXIMILIANO DE ALMEIDA,RS,11/2022,208,193,"92,79",179,14,"92,75",15,"7,21",2,13,"6,25"
431225,MINAS DO LEÃO,RS,11/2022,829,772,"93,12",698,74,"90,41",57,"6,88",14,43,"5,19"
431225,MINAS DO LEÃO,RS,09/2022,871,793,"91,04",684,109,"86,25",78,"8,96",27,51,"5,86"
431225,MINAS DO LEÃO,RS,07/2022,852,744,"87,32",625,119,"84,01",108,"12,68",23,85,"9,98"
431230,MIRAGUAÍ,RS,07/2022,439,318,"72,44",266,52,"83,65",121,"27,56",44,77,"17,54"
431230,MIRAGUAÍ,RS,09/2022,442,363,"82,13",314,49,"86,50",79,"17,87",6,73,"16,52"
431230,MIRAGUAÍ,RS,11/2022,418,340,"81,34",318,22,"93,53",78,"18,66",4,74,"17,70"
431235,MONTAURI,RS,11/2022,7,6,"85,71",6,0,"100,00",1,"14,29",0,1,"14,29"
431235,MONTAURI,RS,07/2022,11,8,"72,73",8,0,"100,00",3,"27,27",2,1,"9,09"
431235,MONTAURI,RS,09/2022,11,2,"18,18",2,0,"100,00",9,"81,82",8,1,"9,09"
431237,MONTE ALEGRE DOS CAMPOS,RS,07/2022,224,174,"77,68",161,13,"92,53",50,"22,32",10,40,"17,86"
431237,MONTE ALEGRE DOS CAMPOS,RS,09/2022,226,178,"78,76",167,11,"93,82",48,"21,24",6,42,"18,58"
431237,MONTE ALEGRE DOS CAMPOS,RS,11/2022,234,182,"77,78",165,17,"90,66",52,"22,22",6,46,"19,66"
431238,MONTE BELO DO SUL,RS,11/2022,25,21,"84,00",20,1,"95,24",4,"16,00",0,4,"16,00"
431238,MONTE BELO DO SUL,RS,09/2022,27,23,"85,19",23,0,"100,00",4,"14,81",0,4,"14,81"
431238,MONTE BELO DO SUL,RS,07/2022,26,21,"80,77",20,1,"95,24",5,"19,23",0,5,"19,23"
431240,MONTENEGRO,RS,07/2022,2853,1618,"56,71",1454,164,"89,86",1235,"43,29",187,1048,"36,73"
431240,MONTENEGRO,RS,09/2022,3048,1906,"62,53",1709,197,"89,66",1142,"37,47",90,1052,"34,51"
431240,MONTENEGRO,RS,11/2022,2997,1946,"64,93",1788,158,"91,88",1051,"35,07",51,1000,"33,37"
431242,MORMAÇO,RS,11/2022,159,134,"84,28",130,4,"97,01",25,"15,72",2,23,"14,47"
431242,MORMAÇO,RS,09/2022,168,141,"83,93",135,6,"95,74",27,"16,07",2,25,"14,88"
431242,MORMAÇO,RS,07/2022,167,137,"82,04",133,4,"97,08",30,"17,96",1,29,"17,37"
431244,MORRINHOS DO SUL,RS,07/2022,87,65,"74,71",63,2,"96,92",22,"25,29",0,22,"25,29"
431244,MORRINHOS DO SUL,RS,09/2022,83,2,"2,41",2,0,"100,00",81,"97,59",61,20,"24,10"
431244,MORRINHOS DO SUL,RS,11/2022,95,84,"88,42",80,4,"95,24",11,"11,58",1,10,"10,53"
431245,MORRO REDONDO,RS,11/2022,438,304,"69,41",304,0,"100,00",134,"30,59",16,118,"26,94"
431245,MORRO REDONDO,RS,07/2022,414,270,"65,22",258,12,"95,56",144,"34,78",31,113,"27,29"
431245,MORRO REDONDO,RS,09/2022,433,292,"67,44",274,18,"93,84",141,"32,56",23,118,"27,25"
431247,MORRO REUTER,RS,07/2022,80,50,"62,50",47,3,"94,00",30,"37,50",1,29,"36,25"
431247,MORRO REUTER,RS,09/2022,80,51,"63,75",51,0,"100,00",29,"36,25",0,29,"36,25"
431247,MORRO REUTER,RS,11/2022,84,52,"61,90",51,1,"98,08",32,"38,10",2,30,"35,71"
431250,MOSTARDAS,RS,11/2022,1103,990,"89,76",794,196,"80,20",113,"10,24",28,85,"7,71"
431250,MOSTARDAS,RS,09/2022,1146,803,"70,07",658,145,"81,94",343,"29,93",16,327,"28,53"
431250,MOSTARDAS,RS,07/2022,1136,761,"66,99",577,184,"75,82",375,"33,01",60,315,"27,73"
431260,MUÇUM,RS,07/2022,138,112,"81,16",102,10,"91,07",26,"18,84",5,21,"15,22"
431260,MUÇUM,RS,09/2022,143,118,"82,52",97,21,"82,20",25,"17,48",15,10,"6,99"
431260,MUÇUM,RS,11/2022,139,123,"88,49",106,17,"86,18",16,"11,51",8,8,"5,76"
431261,MUITOS CAPÕES,RS,11/2022,203,164,"80,79",145,19,"88,41",39,"19,21",10,29,"14,29"
431261,MUITOS CAPÕES,RS,09/2022,204,129,"63,24",113,16,"87,60",75,"36,76",6,69,"33,82"
431261,MUITOS CAPÕES,RS,07/2022,193,118,"61,14",105,13,"88,98",75,"38,86",6,69,"35,75"
431262,MULITERNO,RS,09/2022,135,127,"94,07",108,19,"85,04",8,"5,93",1,7,"5,19"
431262,MULITERNO,RS,07/2022,129,91,"70,54",75,16,"82,42",38,"29,46",1,37,"28,68"
431262,MULITERNO,RS,11/2022,144,138,"95,83",115,23,"83,33",6,"4,17",2,4,"2,78"
431265,NÃO-ME-TOQUE,RS,11/2022,355,266,"74,93",233,33,"87,59",89,"25,07",49,40,"11,27"
431265,NÃO-ME-TOQUE,RS,09/2022,362,266,"73,48",233,33,"87,59",96,"26,52",51,45,"12,43"
431265,NÃO-ME-TOQUE,RS,07/2022,349,216,"61,89",182,34,"84,26",133,"38,11",43,90,"25,79"
431267,NICOLAU VERGUEIRO,RS,07/2022,97,77,"79,38",72,5,"93,51",20,"20,62",6,14,"14,43"
431267,NICOLAU VERGUEIRO,RS,09/2022,102,65,"63,73",56,9,"86,15",37,"36,27",29,8,"7,84"
431267,NICOLAU VERGUEIRO,RS,11/2022,104,88,"84,62",87,1,"98,86",16,"15,38",9,7,"6,73"
431270,NONOAI,RS,11/2022,917,582,"63,47",526,56,"90,38",335,"36,53",15,320,"34,90"
431270,NONOAI,RS,09/2022,923,545,"59,05",488,57,"89,54",378,"40,95",47,331,"35,86"
431270,NONOAI,RS,07/2022,910,586,"64,40",508,78,"86,69",324,"35,60",20,304,"33,41"
431275,NOVA ALVORADA,RS,09/2022,59,43,"72,88",38,5,"88,37",16,"27,12",3,13,"22,03"
431275,NOVA ALVORADA,RS,07/2022,54,41,"75,93",35,6,"85,37",13,"24,07",4,9,"16,67"
431275,NOVA ALVORADA,RS,11/2022,59,43,"72,88",39,4,"90,70",16,"27,12",0,16,"27,12"
431280,NOVA ARAÇÁ,RS,11/2022,51,43,"84,31",41,2,"95,35",8,"15,69",4,4,"7,84"
431280,NOVA ARAÇÁ,RS,09/2022,48,35,"72,92",31,4,"88,57",13,"27,08",1,12,"25,00"
431280,NOVA ARAÇÁ,RS,07/2022,35,24,"68,57",19,5,"79,17",11,"31,43",1,10,"28,57"
431290,NOVA BASSANO,RS,07/2022,100,85,"85,00",73,12,"85,88",15,"15,00",0,15,"15,00"
431290,NOVA BASSANO,RS,09/2022,130,118,"90,77",106,12,"89,83",12,"9,23",0,12,"9,23"
431290,NOVA BASSANO,RS,11/2022,137,125,"91,24",113,12,"90,40",12,"8,76",2,10,"7,30"
431295,NOVA BOA VISTA,RS,11/2022,22,16,"72,73",16,0,"100,00",6,"27,27",2,4,"18,18"
431295,NOVA BOA VISTA,RS,07/2022,9,0,"0,00",0,0,,9,"100,00",7,2,"22,22"
431295,NOVA BOA VISTA,RS,09/2022,9,0,"0,00",0,0,,9,"100,00",7,2,"22,22"
431300,NOVA BRÉSCIA,RS,07/2022,39,27,"69,23",23,4,"85,19",12,"30,77",5,7,"17,95"
431300,NOVA BRÉSCIA,RS,09/2022,40,26,"65,00",25,1,"96,15",14,"35,00",4,10,"25,00"
431300,NOVA BRÉSCIA,RS,11/2022,34,30,"88,24",29,1,"96,67",4,"11,76",2,2,"5,88"
431301,NOVA CANDELÁRIA,RS,11/2022,23,22,"95,65",22,0,"100,00",1,"4,35",1,0,"0,00"
431301,NOVA CANDELÁRIA,RS,09/2022,27,27,"100,00",27,0,"100,00",0,"0,00",0,0,"0,00"
431301,NOVA CANDELÁRIA,RS,07/2022,28,27,"96,43",22,5,"81,48",1,"3,57",1,0,"0,00"
431303,NOVA ESPERANÇA DO SUL,RS,07/2022,179,117,"65,36",109,8,"93,16",62,"34,64",10,52,"29,05"
431303,NOVA ESPERANÇA DO SUL,RS,09/2022,189,127,"67,20",121,6,"95,28",62,"32,80",18,44,"23,28"
431303,NOVA ESPERANÇA DO SUL,RS,11/2022,188,130,"69,15",127,3,"97,69",58,"30,85",29,29,"15,43"
431306,NOVA HARTZ,RS,11/2022,784,619,"78,95",576,43,"93,05",165,"21,05",24,141,"17,98"
431306,NOVA HARTZ,RS,09/2022,816,643,"78,80",604,39,"93,93",173,"21,20",12,161,"19,73"
431306,NOVA HARTZ,RS,07/2022,779,457,"58,66",424,33,"92,78",322,"41,34",61,261,"33,50"
431308,NOVA PÁDUA,RS,09/2022,32,19,"59,38",16,3,"84,21",13,"40,63",0,13,"40,63"
431308,NOVA PÁDUA,RS,07/2022,31,18,"58,06",15,3,"83,33",13,"41,94",0,13,"41,94"
431308,NOVA PÁDUA,RS,11/2022,29,18,"62,07",16,2,"88,89",11,"37,93",0,11,"37,93"
431310,NOVA PALMA,RS,11/2022,211,171,"81,04",158,13,"92,40",40,"18,96",7,33,"15,64"
431310,NOVA PALMA,RS,09/2022,218,124,"56,88",115,9,"92,74",94,"43,12",2,92,"42,20"
431310,NOVA PALMA,RS,07/2022,224,128,"57,14",115,13,"89,84",96,"42,86",4,92,"41,07"
431320,NOVA PETRÓPOLIS,RS,09/2022,227,40,"17,62",38,2,"95,00",187,"82,38",144,43,"18,94"
431320,NOVA PETRÓPOLIS,RS,07/2022,218,70,"32,11",56,14,"80,00",148,"67,89",101,47,"21,56"
431320,NOVA PETRÓPOLIS,RS,11/2022,246,171,"69,51",154,17,"90,06",75,"30,49",32,43,"17,48"
431330,NOVA PRATA,RS,11/2022,637,530,"83,20",451,79,"85,09",107,"16,80",15,92,"14,44"
431330,NOVA PRATA,RS,07/2022,621,485,"78,10",403,82,"83,09",136,"21,90",33,103,"16,59"
431330,NOVA PRATA,RS,09/2022,647,520,"80,37",438,82,"84,23",127,"19,63",10,117,"18,08"
431333,NOVA RAMADA,RS,07/2022,56,45,"80,36",42,3,"93,33",11,"19,64",0,11,"19,64"
431333,NOVA RAMADA,RS,09/2022,58,48,"82,76",45,3,"93,75",10,"17,24",2,8,"13,79"
431333,NOVA RAMADA,RS,11/2022,57,49,"85,96",46,3,"93,88",8,"14,04",2,6,"10,53"
431335,NOVA ROMA DO SUL,RS,11/2022,12,9,"75,00",9,0,"100,00",3,"25,00",1,2,"16,67"
431335,NOVA ROMA DO SUL,RS,09/2022,11,9,"81,82",9,0,"100,00",2,"18,18",0,2,"18,18"
431335,NOVA ROMA DO SUL,RS,07/2022,11,8,"72,73",8,0,"100,00",3,"27,27",1,2,"18,18"
431337,NOVA SANTA RITA,RS,09/2022,2266,1080,"47,66",1032,48,"95,56",1186,"52,34",169,1017,"44,88"
431337,NOVA SANTA RITA,RS,07/2022,1959,700,"35,73",670,30,"95,71",1259,"64,27",307,952,"48,60"
431337,NOVA SANTA RITA,RS,11/2022,2405,779,"32,39",759,20,"97,43",1626,"67,61",626,1000,"41,58"
431339,NOVO CABRAIS,RS,11/2022,203,166,"81,77",158,8,"95,18",37,"18,23",3,34,"16,75"
431339,NOVO CABRAIS,RS,09/2022,201,160,"79,60",150,10,"93,75",41,"20,40",5,36,"17,91"
431339,NOVO CABRAIS,RS,07/2022,189,134,"70,90",123,11,"91,79",55,"29,10",15,40,"21,16"
431340,NOVO HAMBURGO,RS,07/2022,9442,6519,"69,04",5301,1218,"81,32",2923,"30,96",168,2755,"29,18"
431340,NOVO HAMBURGO,RS,09/2022,9531,8139,"85,40",6775,1364,"83,24",1392,"14,60",146,1246,"13,07"
431340,NOVO HAMBURGO,RS,11/2022,9413,8219,"87,32",6980,1239,"84,93",1194,"12,68",97,1097,"11,65"
431342,NOVO MACHADO,RS,11/2022,160,158,"98,75",132,26,"83,54",2,"1,25",2,0,"0,00"
431342,NOVO MACHADO,RS,07/2022,165,133,"80,61",130,3,"97,74",32,"19,39",3,29,"17,58"
431342,NOVO MACHADO,RS,09/2022,161,153,"95,03",133,20,"86,93",8,"4,97",1,7,"4,35"
431344,NOVO TIRADENTES,RS,07/2022,160,92,"57,50",92,0,"100,00",68,"42,50",13,55,"34,38"
431344,NOVO TIRADENTES,RS,09/2022,152,86,"56,58",86,0,"100,00",66,"43,42",11,55,"36,18"
431344,NOVO TIRADENTES,RS,11/2022,167,114,"68,26",113,1,"99,12",53,"31,74",3,50,"29,94"
431346,NOVO XINGU,RS,11/2022,49,41,"83,67",40,1,"97,56",8,"16,33",0,8,"16,33"
431346,NOVO XINGU,RS,09/2022,51,44,"86,27",40,4,"90,91",7,"13,73",0,7,"13,73"
431346,NOVO XINGU,RS,07/2022,50,45,"90,00",39,6,"86,67",5,"10,00",0,5,"10,00"
431349,NOVO BARREIRO,RS,09/2022,329,226,"68,69",216,10,"95,58",103,"31,31",3,100,"30,40"
431349,NOVO BARREIRO,RS,07/2022,305,198,"64,92",190,8,"95,96",107,"35,08",13,94,"30,82"
431349,NOVO BARREIRO,RS,11/2022,347,252,"72,62",242,10,"96,03",95,"27,38",7,88,"25,36"
431350,OSÓRIO,RS,11/2022,2843,1600,"56,28",1304,296,"81,50",1243,"43,72",28,1215,"42,74"
431350,OSÓRIO,RS,07/2022,2550,1321,"51,80",1005,316,"76,08",1229,"48,20",76,1153,"45,22"
431350,OSÓRIO,RS,09/2022,2780,1494,"53,74",1184,310,"79,25",1286,"46,26",33,1253,"45,07"
431360,PAIM FILHO,RS,09/2022,161,99,"61,49",85,14,"85,86",62,"38,51",5,57,"35,40"
431360,PAIM FILHO,RS,07/2022,154,100,"64,94",82,18,"82,00",54,"35,06",3,51,"33,12"
431360,PAIM FILHO,RS,11/2022,155,116,"74,84",113,3,"97,41",39,"25,16",2,37,"23,87"
431365,PALMARES DO SUL,RS,11/2022,1364,845,"61,95",722,123,"85,44",519,"38,05",47,472,"34,60"
431365,PALMARES DO SUL,RS,07/2022,1282,777,"60,61",635,142,"81,72",505,"39,39",31,474,"36,97"
431365,PALMARES DO SUL,RS,09/2022,1343,784,"58,38",649,135,"82,78",559,"41,62",15,544,"40,51"
431370,PALMEIRA DAS MISSÕES,RS,09/2022,2776,1641,"59,11",1527,114,"93,05",1135,"40,89",251,884,"31,84"
431370,PALMEIRA DAS MISSÕES,RS,07/2022,2743,1241,"45,24",1151,90,"92,75",1502,"54,76",622,880,"32,08"
431370,PALMEIRA DAS MISSÕES,RS,11/2022,2743,1670,"60,88",1587,83,"95,03",1073,"39,12",245,828,"30,19"
431380,PALMITINHO,RS,11/2022,630,363,"57,62",346,17,"95,32",267,"42,38",9,258,"40,95"
431380,PALMITINHO,RS,07/2022,595,342,"57,48",306,36,"89,47",253,"42,52",10,243,"40,84"
431380,PALMITINHO,RS,09/2022,632,365,"57,75",327,38,"89,59",267,"42,25",17,250,"39,56"
431390,PANAMBI,RS,07/2022,1061,980,"92,37",798,182,"81,43",81,"7,63",22,59,"5,56"
431390,PANAMBI,RS,09/2022,1088,1032,"94,85",878,154,"85,08",56,"5,15",13,43,"3,95"
431390,PANAMBI,RS,11/2022,1083,1016,"93,81",860,156,"84,65",67,"6,19",16,51,"4,71"
431395,PANTANO GRANDE,RS,11/2022,997,821,"82,35",782,39,"95,25",176,"17,65",11,165,"16,55"
431395,PANTANO GRANDE,RS,07/2022,929,602,"64,80",529,73,"87,87",327,"35,20",144,183,"19,70"
431395,PANTANO GRANDE,RS,09/2022,951,584,"61,41",554,30,"94,86",367,"38,59",194,173,"18,19"
431400,PARAÍ,RS,09/2022,78,63,"80,77",56,7,"88,89",15,"19,23",2,13,"16,67"
431400,PARAÍ,RS,07/2022,78,54,"69,23",52,2,"96,30",24,"30,77",3,21,"26,92"
431400,PARAÍ,RS,11/2022,75,62,"82,67",56,6,"90,32",13,"17,33",2,11,"14,67"
431402,PARAÍSO DO SUL,RS,11/2022,401,242,"60,35",234,8,"96,69",159,"39,65",27,132,"32,92"
431402,PARAÍSO DO SUL,RS,07/2022,394,235,"59,64",229,6,"97,45",159,"40,36",28,131,"33,25"
431402,PARAÍSO DO SUL,RS,09/2022,392,233,"59,44",223,10,"95,71",159,"40,56",25,134,"34,18"
431403,PARECI NOVO,RS,09/2022,107,80,"74,77",76,4,"95,00",27,"25,23",6,21,"19,63"
431403,PARECI NOVO,RS,07/2022,97,30,"30,93",28,2,"93,33",67,"69,07",37,30,"30,93"
431403,PARECI NOVO,RS,11/2022,102,41,"40,20",37,4,"90,24",61,"59,80",42,19,"18,63"
431405,PAROBÉ,RS,11/2022,3076,2678,"87,06",2407,271,"89,88",398,"12,94",29,369,"12,00"
431405,PAROBÉ,RS,09/2022,3065,2673,"87,21",2366,307,"88,51",392,"12,79",40,352,"11,48"
431405,PAROBÉ,RS,07/2022,2833,2321,"81,93",2037,284,"87,76",512,"18,07",95,417,"14,72"
431406,PASSA SETE,RS,09/2022,260,184,"70,77",171,13,"92,93",76,"29,23",1,75,"28,85"
431406,PASSA SETE,RS,07/2022,248,168,"67,74",143,25,"85,12",80,"32,26",20,60,"24,19"
431406,PASSA SETE,RS,11/2022,242,183,"75,62",171,12,"93,44",59,"24,38",0,59,"24,38"
431407,PASSO DO SOBRADO,RS,11/2022,280,247,"88,21",232,15,"93,93",33,"11,79",9,24,"8,57"
431407,PASSO DO SOBRADO,RS,09/2022,301,261,"86,71",250,11,"95,79",40,"13,29",16,24,"7,97"
431407,PASSO DO SOBRADO,RS,07/2022,315,277,"87,94",261,16,"94,22",38,"12,06",15,23,"7,30"
431410,PASSO FUNDO,RS,07/2022,9153,5313,"58,05",4594,719,"86,47",3840,"41,95",1072,2768,"30,24"
431410,PASSO FUNDO,RS,09/2022,9809,5874,"59,88",4927,947,"83,88",3935,"40,12",1082,2853,"29,09"
431410,PASSO FUNDO,RS,11/2022,9929,6693,"67,41",5889,804,"87,99",3236,"32,59",199,3037,"30,59"
431413,PAULO BENTO,RS,11/2022,25,11,"44,00",11,0,"100,00",14,"56,00",5,9,"36,00"
431413,PAULO BENTO,RS,09/2022,28,11,"39,29",11,0,"100,00",17,"60,71",5,12,"42,86"
431413,PAULO BENTO,RS,07/2022,21,8,"38,10",8,0,"100,00",13,"61,90",3,10,"47,62"
431415,PAVERAMA,RS,09/2022,287,135,"47,04",123,12,"91,11",152,"52,96",111,41,"14,29"
431415,PAVERAMA,RS,07/2022,278,174,"62,59",161,13,"92,53",104,"37,41",68,36,"12,95"
431415,PAVERAMA,RS,11/2022,284,237,"83,45",216,21,"91,14",47,"16,55",7,40,"14,08"
431417,PEDRAS ALTAS,RS,11/2022,216,157,"72,69",149,8,"94,90",59,"27,31",0,59,"27,31"
431417,PEDRAS ALTAS,RS,09/2022,216,118,"54,63",111,7,"94,07",98,"45,37",5,93,"43,06"
431417,PEDRAS ALTAS,RS,07/2022,217,109,"50,23",104,5,"95,41",108,"49,77",6,102,"47,00"
431420,PEDRO OSÓRIO,RS,07/2022,876,499,"56,96",452,47,"90,58",377,"43,04",7,370,"42,24"
431420,PEDRO OSÓRIO,RS,09/2022,915,515,"56,28",470,45,"91,26",400,"43,72",24,376,"41,09"
431420,PEDRO OSÓRIO,RS,11/2022,929,543,"58,45",493,50,"90,79",386,"41,55",17,369,"39,72"
431430,PEJUÇARA,RS,11/2022,155,107,"69,03",97,10,"90,65",48,"30,97",3,45,"29,03"
431430,PEJUÇARA,RS,09/2022,149,105,"70,47",89,16,"84,76",44,"29,53",1,43,"28,86"
431430,PEJUÇARA,RS,07/2022,146,99,"67,81",90,9,"90,91",47,"32,19",9,38,"26,03"
431440,PELOTAS,RS,07/2022,15709,8343,"53,11",6803,1540,"81,54",7366,"46,89",1464,5902,"37,57"
431440,PELOTAS,RS,09/2022,16463,9262,"56,26",7842,1420,"84,67",7201,"43,74",1358,5843,"35,49"
431440,PELOTAS,RS,11/2022,17348,11382,"65,61",10127,1255,"88,97",5966,"34,39",584,5382,"31,02"
431442,PICADA CAFÉ,RS,11/2022,37,29,"78,38",26,3,"89,66",8,"21,62",0,8,"21,62"
431442,PICADA CAFÉ,RS,07/2022,38,23,"60,53",19,4,"82,61",15,"39,47",2,13,"34,21"
431442,PICADA CAFÉ,RS,09/2022,40,25,"62,50",22,3,"88,00",15,"37,50",3,12,"30,00"
431445,PINHAL,RS,09/2022,54,53,"98,15",48,5,"90,57",1,"1,85",1,0,"0,00"
431445,PINHAL,RS,07/2022,48,43,"89,58",41,2,"95,35",5,"10,42",0,5,"10,42"
431445,PINHAL,RS,11/2022,51,49,"96,08",48,1,"97,96",2,"3,92",0,2,"3,92"
431446,PINHAL DA SERRA,RS,11/2022,153,126,"82,35",121,5,"96,03",27,"17,65",3,24,"15,69"
431446,PINHAL DA SERRA,RS,09/2022,152,122,"80,26",115,7,"94,26",30,"19,74",2,28,"18,42"
431446,PINHAL DA SERRA,RS,07/2022,146,118,"80,82",118,0,"100,00",28,"19,18",1,27,"18,49"
431447,PINHAL GRANDE,RS,07/2022,259,258,"99,61",219,39,"84,88",1,"0,39",1,0,"0,00"
431447,PINHAL GRANDE,RS,09/2022,257,238,"92,61",214,24,"89,92",19,"7,39",2,17,"6,61"
431447,PINHAL GRANDE,RS,11/2022,235,229,"97,45",210,19,"91,70",6,"2,55",1,5,"2,13"
431449,PINHEIRINHO DO VALE,RS,11/2022,313,219,"69,97",201,18,"91,78",94,"30,03",7,87,"27,80"
431449,PINHEIRINHO DO VALE,RS,07/2022,318,226,"71,07",203,23,"89,82",92,"28,93",5,87,"27,36"
431449,PINHEIRINHO DO VALE,RS,09/2022,328,230,"70,12",204,26,"88,70",98,"29,88",6,92,"28,05"
431450,PINHEIRO MACHADO,RS,09/2022,1032,924,"89,53",755,169,"81,71",108,"10,47",75,33,"3,20"
431450,PINHEIRO MACHADO,RS,07/2022,1072,913,"85,17",764,149,"83,68",159,"14,83",37,122,"11,38"
431450,PINHEIRO MACHADO,RS,11/2022,972,919,"94,55",829,90,"90,21",53,"5,45",15,38,"3,91"
431454,PINTO BANDEIRA,RS,07/2022,28,25,"89,29",25,0,"100,00",3,"10,71",0,3,"10,71"
431454,PINTO BANDEIRA,RS,11/2022,35,33,"94,29",32,1,"96,97",2,"5,71",0,2,"5,71"
431454,PINTO BANDEIRA,RS,09/2022,40,36,"90,00",33,3,"91,67",4,"10,00",2,2,"5,00"
431455,PIRAPÓ,RS,09/2022,143,137,"95,80",123,14,"89,78",6,"4,20",5,1,"0,70"
431455,PIRAPÓ,RS,07/2022,141,91,"64,54",91,0,"100,00",50,"35,46",10,40,"28,37"
431455,PIRAPÓ,RS,11/2022,134,130,"97,01",123,7,"94,62",4,"2,99",2,2,"1,49"
431460,PIRATINI,RS,11/2022,1243,836,"67,26",780,56,"93,30",407,"32,74",4,403,"32,42"
431460,PIRATINI,RS,07/2022,1227,799,"65,12",720,79,"90,11",428,"34,88",11,417,"33,99"
431460,PIRATINI,RS,09/2022,1254,824,"65,71",739,85,"89,68",430,"34,29",12,418,"33,33"
431470,PLANALTO,RS,09/2022,749,312,"41,66",285,27,"91,35",437,"58,34",221,216,"28,84"
431470,PLANALTO,RS,07/2022,750,502,"66,93",474,28,"94,42",248,"33,07",22,226,"30,13"
431470,PLANALTO,RS,11/2022,744,527,"70,83",515,12,"97,72",217,"29,17",11,206,"27,69"
431475,POÇO DAS ANTAS,RS,11/2022,19,15,"78,95",14,1,"93,33",4,"21,05",1,3,"15,79"
431475,POÇO DAS ANTAS,RS,09/2022,19,15,"78,95",14,1,"93,33",4,"21,05",1,3,"15,79"
431475,POÇO DAS ANTAS,RS,07/2022,16,15,"93,75",14,1,"93,33",1,"6,25",1,0,"0,00"
431477,PONTÃO,RS,07/2022,147,83,"56,46",81,2,"97,59",64,"43,54",21,43,"29,25"
431477,PONTÃO,RS,09/2022,158,103,"65,19",97,6,"94,17",55,"34,81",15,40,"25,32"
431477,PONTÃO,RS,11/2022,153,101,"66,01",101,0,"100,00",52,"33,99",13,39,"25,49"
431478,PONTE PRETA,RS,11/2022,19,17,"89,47",16,1,"94,12",2,"10,53",0,2,"10,53"
431478,PONTE PRETA,RS,07/2022,21,19,"90,48",18,1,"94,74",2,"9,52",0,2,"9,52"
431478,PONTE PRETA,RS,09/2022,20,19,"95,00",19,0,"100,00",1,"5,00",0,1,"5,00"
431480,PORTÃO,RS,07/2022,2064,998,"48,35",867,131,"86,87",1066,"51,65",529,537,"26,02"
431480,PORTÃO,RS,09/2022,2027,1329,"65,56",1207,122,"90,82",698,"34,44",446,252,"12,43"
431480,PORTÃO,RS,11/2022,1990,1686,"84,72",1495,191,"88,67",304,"15,28",33,271,"13,62"
431490,PORTO ALEGRE,RS,11/2022,75811,69077,"91,12",58267,10810,"84,35",6734,"8,88",129,6605,"8,71"
431490,PORTO ALEGRE,RS,09/2022,74973,60467,"80,65",53700,6767,"88,81",14506,"19,35",155,14351,"19,14"
431490,PORTO ALEGRE,RS,07/2022,70723,55113,"77,93",49666,5447,"90,12",15610,"22,07",222,15388,"21,76"
431500,PORTO LUCENA,RS,09/2022,213,175,"82,16",167,8,"95,43",38,"17,84",3,35,"16,43"
431500,PORTO LUCENA,RS,07/2022,214,175,"81,78",161,14,"92,00",39,"18,22",1,38,"17,76"
431500,PORTO LUCENA,RS,11/2022,204,170,"83,33",162,8,"95,29",34,"16,67",3,31,"15,20"
431505,PORTO MAUÁ,RS,11/2022,126,108,"85,71",92,16,"85,19",18,"14,29",9,9,"7,14"
431505,PORTO MAUÁ,RS,07/2022,128,95,"74,22",81,14,"85,26",33,"25,78",22,11,"8,59"
431505,PORTO MAUÁ,RS,09/2022,129,105,"81,40",92,13,"87,62",24,"18,60",10,14,"10,85"
431507,PORTO VERA CRUZ,RS,07/2022,89,75,"84,27",71,4,"94,67",14,"15,73",0,14,"15,73"
431507,PORTO VERA CRUZ,RS,09/2022,90,74,"82,22",74,0,"100,00",16,"17,78",0,16,"17,78"
431507,PORTO VERA CRUZ,RS,11/2022,89,82,"92,13",82,0,"100,00",7,"7,87",0,7,"7,87"
431510,PORTO XAVIER,RS,11/2022,638,618,"96,87",554,64,"89,64",20,"3,13",5,15,"2,35"
431510,PORTO XAVIER,RS,09/2022,677,657,"97,05",530,127,"80,67",20,"2,95",7,13,"1,92"
431510,PORTO XAVIER,RS,07/2022,677,658,"97,19",551,107,"83,74",19,"2,81",6,13,"1,92"
431513,POUSO NOVO,RS,09/2022,55,0,"0,00",0,0,,55,"100,00",50,5,"9,09"
431513,POUSO NOVO,RS,07/2022,63,54,"85,71",50,4,"92,59",9,"14,29",4,5,"7,94"
431513,POUSO NOVO,RS,11/2022,57,55,"96,49",49,6,"89,09",2,"3,51",1,1,"1,75"
431514,PRESIDENTE LUCENA,RS,11/2022,64,40,"62,50",38,2,"95,00",24,"37,50",4,20,"31,25"
431514,PRESIDENTE LUCENA,RS,09/2022,61,40,"65,57",38,2,"95,00",21,"34,43",3,18,"29,51"
431514,PRESIDENTE LUCENA,RS,07/2022,54,33,"61,11",32,1,"96,97",21,"38,89",4,17,"31,48"
431515,PROGRESSO,RS,09/2022,277,185,"66,79",160,25,"86,49",92,"33,21",17,75,"27,08"
431515,PROGRESSO,RS,07/2022,270,191,"70,74",176,15,"92,15",79,"29,26",3,76,"28,15"
431515,PROGRESSO,RS,11/2022,276,207,"75,00",187,20,"90,34",69,"25,00",1,68,"24,64"
431517,PROTÁSIO ALVES,RS,11/2022,43,43,"100,00",41,2,"95,35",0,"0,00",0,0,"0,00"
431517,PROTÁSIO ALVES,RS,07/2022,34,32,"94,12",30,2,"93,75",2,"5,88",1,1,"2,94"
431517,PROTÁSIO ALVES,RS,09/2022,45,44,"97,78",43,1,"97,73",1,"2,22",0,1,"2,22"
431520,PUTINGA,RS,09/2022,107,94,"87,85",80,14,"85,11",13,"12,15",2,11,"10,28"
431520,PUTINGA,RS,07/2022,104,90,"86,54",75,15,"83,33",14,"13,46",2,12,"11,54"
431520,PUTINGA,RS,11/2022,111,105,"94,59",99,6,"94,29",6,"5,41",1,5,"4,50"
431530,QUARAÍ,RS,11/2022,2003,1795,"89,62",1671,124,"93,09",208,"10,38",30,178,"8,89"
431530,QUARAÍ,RS,09/2022,2023,1818,"89,87",1684,134,"92,63",205,"10,13",40,165,"8,16"
431530,QUARAÍ,RS,07/2022,1989,1679,"84,41",1546,133,"92,08",310,"15,59",56,254,"12,77"
431531,QUATRO IRMÃOS,RS,09/2022,64,56,"87,50",54,2,"96,43",8,"12,50",3,5,"7,81"
431531,QUATRO IRMÃOS,RS,07/2022,56,41,"73,21",36,5,"87,80",15,"26,79",10,5,"8,93"
431531,QUATRO IRMÃOS,RS,11/2022,60,45,"75,00",40,5,"88,89",15,"25,00",9,6,"10,00"
431532,QUEVEDOS,RS,11/2022,223,180,"80,72",162,18,"90,00",43,"19,28",0,43,"19,28"
431532,QUEVEDOS,RS,09/2022,221,177,"80,09",159,18,"89,83",44,"19,91",2,42,"19,00"
431532,QUEVEDOS,RS,07/2022,216,174,"80,56",155,19,"89,08",42,"19,44",17,25,"11,57"
431535,QUINZE DE NOVEMBRO,RS,09/2022,56,54,"96,43",45,9,"83,33",2,"3,57",2,0,"0,00"
431535,QUINZE DE NOVEMBRO,RS,07/2022,53,51,"96,23",39,12,"76,47",2,"3,77",2,0,"0,00"
431535,QUINZE DE NOVEMBRO,RS,11/2022,57,53,"92,98",45,8,"84,91",4,"7,02",4,0,"0,00"
431540,REDENTORA,RS,11/2022,1858,649,"34,93",649,0,"100,00",1209,"65,07",637,572,"30,79"
431540,REDENTORA,RS,07/2022,1937,1116,"57,61",1116,0,"100,00",821,"42,39",196,625,"32,27"
431540,REDENTORA,RS,09/2022,1931,742,"38,43",742,0,"100,00",1189,"61,57",561,628,"32,52"
431545,RELVADO,RS,09/2022,33,31,"93,94",27,4,"87,10",2,"6,06",1,1,"3,03"
431545,RELVADO,RS,07/2022,29,27,"93,10",23,4,"85,19",2,"6,90",1,1,"3,45"
431545,RELVADO,RS,11/2022,36,33,"91,67",29,4,"87,88",3,"8,33",1,2,"5,56"
431550,RESTINGA SECA,RS,11/2022,1040,918,"88,27",803,115,"87,47",122,"11,73",15,107,"10,29"
431550,RESTINGA SECA,RS,07/2022,1071,673,"62,84",554,119,"82,32",398,"37,16",160,238,"22,22"
431550,RESTINGA SECA,RS,09/2022,1077,939,"87,19",789,150,"84,03",138,"12,81",26,112,"10,40"
431555,RIO DOS ÍNDIOS,RS,07/2022,257,146,"56,81",143,3,"97,95",111,"43,19",29,82,"31,91"
431555,RIO DOS ÍNDIOS,RS,09/2022,245,0,"0,00",0,0,,245,"100,00",163,82,"33,47"
431555,RIO DOS ÍNDIOS,RS,11/2022,245,136,"55,51",136,0,"100,00",109,"44,49",27,82,"33,47"
431560,RIO GRANDE,RS,11/2022,11745,9155,"77,95",7855,1300,"85,80",2590,"22,05",19,2571,"21,89"
431560,RIO GRANDE,RS,09/2022,11791,8742,"74,14",7190,1552,"82,25",3049,"25,86",98,2951,"25,03"
431560,RIO GRANDE,RS,07/2022,11593,8795,"75,86",7405,1390,"84,20",2798,"24,14",56,2742,"23,65"
431570,RIO PARDO,RS,09/2022,3043,2631,"86,46",2315,316,"87,99",412,"13,54",17,395,"12,98"
431570,RIO PARDO,RS,07/2022,2984,2571,"86,16",2228,343,"86,66",413,"13,84",28,385,"12,90"
431570,RIO PARDO,RS,11/2022,3041,2643,"86,91",2420,223,"91,56",398,"13,09",22,376,"12,36"
431575,RIOZINHO,RS,11/2022,183,152,"83,06",149,3,"98,03",31,"16,94",10,21,"11,48"
431575,RIOZINHO,RS,09/2022,190,158,"83,16",155,3,"98,10",32,"16,84",0,32,"16,84"
431575,RIOZINHO,RS,07/2022,180,111,"61,67",107,4,"96,40",69,"38,33",39,30,"16,67"
431580,ROCA SALES,RS,09/2022,267,0,"0,00",0,0,,267,"100,00",197,70,"26,22"
431580,ROCA SALES,RS,07/2022,292,193,"66,10",193,0,"100,00",99,"33,90",27,72,"24,66"
431580,ROCA SALES,RS,11/2022,312,217,"69,55",217,0,"100,00",95,"30,45",28,67,"21,47"
431590,RODEIO BONITO,RS,11/2022,334,247,"73,95",241,6,"97,57",87,"26,05",12,75,"22,46"
431590,RODEIO BONITO,RS,07/2022,323,151,"46,75",130,21,"86,09",172,"53,25",63,109,"33,75"
431590,RODEIO BONITO,RS,09/2022,332,230,"69,28",223,7,"96,96",102,"30,72",29,73,"21,99"
431595,ROLADOR,RS,09/2022,142,136,"95,77",124,12,"91,18",6,"4,23",2,4,"2,82"
431595,ROLADOR,RS,07/2022,136,113,"83,09",112,1,"99,12",23,"16,91",6,17,"12,50"
431595,ROLADOR,RS,11/2022,141,131,"92,91",131,0,"100,00",10,"7,09",1,9,"6,38"
431600,ROLANTE,RS,11/2022,827,752,"90,93",659,93,"87,63",75,"9,07",3,72,"8,71"
431600,ROLANTE,RS,09/2022,815,726,"89,08",657,69,"90,50",89,"10,92",2,87,"10,67"
431600,ROLANTE,RS,07/2022,779,679,"87,16",599,80,"88,22",100,"12,84",10,90,"11,55"
431610,RONDA ALTA,RS,07/2022,634,435,"68,61",371,64,"85,29",199,"31,39",29,170,"26,81"
431610,RONDA ALTA,RS,09/2022,630,516,"81,90",453,63,"87,79",114,"18,10",9,105,"16,67"
431610,RONDA ALTA,RS,11/2022,594,478,"80,47",445,33,"93,10",116,"19,53",16,100,"16,84"
431620,RONDINHA,RS,11/2022,174,137,"78,74",134,3,"97,81",37,"21,26",10,27,"15,52"
431620,RONDINHA,RS,07/2022,166,123,"74,10",120,3,"97,56",43,"25,90",14,29,"17,47"
431620,RONDINHA,RS,09/2022,168,127,"75,60",124,3,"97,64",41,"24,40",10,31,"18,45"
431630,ROQUE GONZALES,RS,07/2022,329,233,"70,82",222,11,"95,28",96,"29,18",23,73,"22,19"
431630,ROQUE GONZALES,RS,09/2022,345,259,"75,07",255,4,"98,46",86,"24,93",9,77,"22,32"
431630,ROQUE GONZALES,RS,11/2022,351,271,"77,21",263,8,"97,05",80,"22,79",6,74,"21,08"
431640,ROSÁRIO DO SUL,RS,11/2022,4127,3007,"72,86",3006,1,"99,97",1120,"27,14",49,1071,"25,95"
431640,ROSÁRIO DO SUL,RS,07/2022,4039,3049,"75,49",3021,28,"99,08",990,"24,51",80,910,"22,53"
431640,ROSÁRIO DO SUL,RS,09/2022,4217,3129,"74,20",3129,0,"100,00",1088,"25,80",44,1044,"24,76"
431642,SAGRADA FAMÍLIA,RS,07/2022,166,157,"94,58",140,17,"89,17",9,"5,42",5,4,"2,41"
431642,SAGRADA FAMÍLIA,RS,09/2022,174,159,"91,38",150,9,"94,34",15,"8,62",6,9,"5,17"
431642,SAGRADA FAMÍLIA,RS,11/2022,169,159,"94,08",148,11,"93,08",10,"5,92",3,7,"4,14"
431643,SALDANHA MARINHO,RS,11/2022,64,36,"56,25",36,0,"100,00",28,"43,75",17,11,"17,19"
431643,SALDANHA MARINHO,RS,09/2022,62,47,"75,81",47,0,"100,00",15,"24,19",4,11,"17,74"
431643,SALDANHA MARINHO,RS,07/2022,60,47,"78,33",47,0,"100,00",13,"21,67",1,12,"20,00"
431645,SALTO DO JACUÍ,RS,09/2022,1050,701,"66,76",585,116,"83,45",349,"33,24",69,280,"26,67"
431645,SALTO DO JACUÍ,RS,07/2022,1010,681,"67,43",548,133,"80,47",329,"32,57",54,275,"27,23"
431645,SALTO DO JACUÍ,RS,11/2022,1022,736,"72,02",637,99,"86,55",286,"27,98",8,278,"27,20"
431647,SALVADOR DAS MISSÕES,RS,11/2022,55,53,"96,36",52,1,"98,11",2,"3,64",0,2,"3,64"
431647,SALVADOR DAS MISSÕES,RS,07/2022,48,38,"79,17",36,2,"94,74",10,"20,83",0,10,"20,83"
431647,SALVADOR DAS MISSÕES,RS,09/2022,44,29,"65,91",29,0,"100,00",15,"34,09",5,10,"22,73"
431650,SALVADOR DO SUL,RS,07/2022,71,66,"92,96",61,5,"92,42",5,"7,04",1,4,"5,63"
431650,SALVADOR DO SUL,RS,09/2022,76,68,"89,47",64,4,"94,12",8,"10,53",6,2,"2,63"
431650,SALVADOR DO SUL,RS,11/2022,79,73,"92,41",66,7,"90,41",6,"7,59",3,3,"3,80"
431660,SANANDUVA,RS,11/2022,231,197,"85,28",185,12,"93,91",34,"14,72",15,19,"8,23"
431660,SANANDUVA,RS,09/2022,248,197,"79,44",181,16,"91,88",51,"20,56",14,37,"14,92"
431660,SANANDUVA,RS,07/2022,240,191,"79,58",181,10,"94,76",49,"20,42",12,37,"15,42"
431670,SANTA BÁRBARA DO SUL,RS,09/2022,463,312,"67,39",285,27,"91,35",151,"32,61",51,100,"21,60"
431670,SANTA BÁRBARA DO SUL,RS,07/2022,455,261,"57,36",234,27,"89,66",194,"42,64",72,122,"26,81"
431670,SANTA BÁRBARA DO SUL,RS,11/2022,455,363,"79,78",352,11,"96,97",92,"20,22",7,85,"18,68"
431673,SANTA CECÍLIA DO SUL,RS,11/2022,47,36,"76,60",35,1,"97,22",11,"23,40",2,9,"19,15"
431673,SANTA CECÍLIA DO SUL,RS,07/2022,42,38,"90,48",37,1,"97,37",4,"9,52",1,3,"7,14"
431673,SANTA CECÍLIA DO SUL,RS,09/2022,43,36,"83,72",35,1,"97,22",7,"16,28",2,5,"11,63"
431675,SANTA CLARA DO SUL,RS,09/2022,64,56,"87,50",51,5,"91,07",8,"12,50",3,5,"7,81"
431675,SANTA CLARA DO SUL,RS,07/2022,63,59,"93,65",52,7,"88,14",4,"6,35",0,4,"6,35"
431675,SANTA CLARA DO SUL,RS,11/2022,61,50,"81,97",43,7,"86,00",11,"18,03",7,4,"6,56"
431680,SANTA CRUZ DO SUL,RS,11/2022,5230,4358,"83,33",3864,494,"88,66",872,"16,67",48,824,"15,76"
431680,SANTA CRUZ DO SUL,RS,09/2022,5179,3492,"67,43",3015,477,"86,34",1687,"32,57",115,1572,"30,35"
431680,SANTA CRUZ DO SUL,RS,07/2022,5060,3144,"62,13",2664,480,"84,73",1916,"37,87",246,1670,"33,00"
431690,SANTA MARIA,RS,09/2022,14343,10153,"70,79",9333,820,"91,92",4190,"29,21",46,4144,"28,89"
431690,SANTA MARIA,RS,07/2022,13990,9762,"69,78",9094,668,"93,16",4228,"30,22",104,4124,"29,48"
431690,SANTA MARIA,RS,11/2022,14493,10740,"74,10",10060,680,"93,67",3753,"25,90",38,3715,"25,63"
431695,SANTA MARIA DO HERVAL,RS,11/2022,69,51,"73,91",51,0,"100,00",18,"26,09",0,18,"26,09"
431695,SANTA MARIA DO HERVAL,RS,09/2022,68,50,"73,53",50,0,"100,00",18,"26,47",0,18,"26,47"
431695,SANTA MARIA DO HERVAL,RS,07/2022,66,48,"72,73",48,0,"100,00",18,"27,27",0,18,"27,27"
431697,SANTA MARGARIDA DO SUL,RS,09/2022,236,144,"61,02",138,6,"95,83",92,"38,98",5,87,"36,86"
431697,SANTA MARGARIDA DO SUL,RS,07/2022,230,130,"56,52",124,6,"95,38",100,"43,48",6,94,"40,87"
431697,SANTA MARGARIDA DO SUL,RS,11/2022,231,165,"71,43",152,13,"92,12",66,"28,57",1,65,"28,14"
431700,SANTANA DA BOA VISTA,RS,11/2022,727,552,"75,93",552,0,"100,00",175,"24,07",27,148,"20,36"
431700,SANTANA DA BOA VISTA,RS,07/2022,732,0,"0,00",0,0,,732,"100,00",578,154,"21,04"
431700,SANTANA DA BOA VISTA,RS,09/2022,728,0,"0,00",0,0,,728,"100,00",574,154,"21,15"
431710,SANTANA DO LIVRAMENTO,RS,09/2022,8051,5280,"65,58",5271,9,"99,83",2771,"34,42",38,2733,"33,95"
431710,SANTANA DO LIVRAMENTO,RS,07/2022,7945,5353,"67,38",5189,164,"96,94",2592,"32,62",31,2561,"32,23"
431710,SANTANA DO LIVRAMENTO,RS,11/2022,8173,5414,"66,24",5305,109,"97,99",2759,"33,76",27,2732,"33,43"
431720,SANTA ROSA,RS,11/2022,2313,2266,"97,97",2042,224,"90,11",47,"2,03",11,36,"1,56"
431720,SANTA ROSA,RS,09/2022,2347,2248,"95,78",2082,166,"92,62",99,"4,22",15,84,"3,58"
431720,SANTA ROSA,RS,07/2022,2326,1869,"80,35",1803,66,"96,47",457,"19,65",159,298,"12,81"
431725,SANTA TEREZA,RS,09/2022,28,28,"100,00",28,0,"100,00",0,"0,00",0,0,"0,00"
431725,SANTA TEREZA,RS,07/2022,29,26,"89,66",24,2,"92,31",3,"10,34",1,2,"6,90"
431725,SANTA TEREZA,RS,11/2022,29,29,"100,00",29,0,"100,00",0,"0,00",0,0,"0,00"
431730,SANTA VITÓRIA DO PALMAR,RS,11/2022,2341,1852,"79,11",1781,71,"96,17",489,"20,89",6,483,"20,63"
431730,SANTA VITÓRIA DO PALMAR,RS,09/2022,2278,1775,"77,92",1645,130,"92,68",503,"22,08",9,494,"21,69"
431730,SANTA VITÓRIA DO PALMAR,RS,07/2022,2233,1799,"80,56",1613,186,"89,66",434,"19,44",8,426,"19,08"
431740,SANTIAGO,RS,07/2022,2177,1694,"77,81",1468,226,"86,66",483,"22,19",67,416,"19,11"
431740,SANTIAGO,RS,09/2022,2216,1785,"80,55",1544,241,"86,50",431,"19,45",27,404,"18,23"
431740,SANTIAGO,RS,11/2022,2148,1645,"76,58",1513,132,"91,98",503,"23,42",168,335,"15,60"
431750,SANTO ÂNGELO,RS,11/2022,4483,3363,"75,02",3035,328,"90,25",1120,"24,98",12,1108,"24,72"
431750,SANTO ÂNGELO,RS,07/2022,4528,3226,"71,25",2836,390,"87,91",1302,"28,75",26,1276,"28,18"
431750,SANTO ÂNGELO,RS,09/2022,4611,3440,"74,60",3020,420,"87,79",1171,"25,40",19,1152,"24,98"
431755,SANTO ANTÔNIO DO PALMA,RS,09/2022,32,29,"90,63",29,0,"100,00",3,"9,38",2,1,"3,13"
431755,SANTO ANTÔNIO DO PALMA,RS,07/2022,27,25,"92,59",25,0,"100,00",2,"7,41",0,2,"7,41"
431755,SANTO ANTÔNIO DO PALMA,RS,11/2022,41,40,"97,56",37,3,"92,50",1,"2,44",0,1,"2,44"
431760,SANTO ANTÔNIO DA PATRULHA,RS,11/2022,2317,2078,"89,68",1883,195,"90,62",239,"10,32",5,234,"10,10"
431760,SANTO ANTÔNIO DA PATRULHA,RS,07/2022,2334,1933,"82,82",1656,277,"85,67",401,"17,18",22,379,"16,24"
431760,SANTO ANTÔNIO DA PATRULHA,RS,09/2022,2377,2101,"88,39",1861,240,"88,58",276,"11,61",17,259,"10,90"
431770,SANTO ANTÔNIO DAS MISSÕES,RS,07/2022,1056,846,"80,11",742,104,"87,71",210,"19,89",49,161,"15,25"
431770,SANTO ANTÔNIO DAS MISSÕES,RS,09/2022,1085,897,"82,67",798,99,"88,96",188,"17,33",37,151,"13,92"
431770,SANTO ANTÔNIO DAS MISSÕES,RS,11/2022,1048,865,"82,54",769,96,"88,90",183,"17,46",38,145,"13,84"
431775,SANTO ANTÔNIO DO PLANALTO,RS,11/2022,62,54,"87,10",49,5,"90,74",8,"12,90",1,7,"11,29"
431775,SANTO ANTÔNIO DO PLANALTO,RS,07/2022,53,46,"86,79",41,5,"89,13",7,"13,21",1,6,"11,32"
431775,SANTO ANTÔNIO DO PLANALTO,RS,09/2022,60,52,"86,67",50,2,"96,15",8,"13,33",2,6,"10,00"
431780,SANTO AUGUSTO,RS,07/2022,814,516,"63,39",448,68,"86,82",298,"36,61",138,160,"19,66"
431780,SANTO AUGUSTO,RS,09/2022,814,570,"70,02",482,88,"84,56",244,"29,98",114,130,"15,97"
431780,SANTO AUGUSTO,RS,11/2022,768,612,"79,69",566,46,"92,48",156,"20,31",34,122,"15,89"
431790,SANTO CRISTO,RS,11/2022,404,404,"100,00",361,43,"89,36",0,"0,00",0,0,"0,00"
431790,SANTO CRISTO,RS,07/2022,385,375,"97,40",320,55,"85,33",10,"2,60",3,7,"1,82"
431790,SANTO CRISTO,RS,09/2022,385,384,"99,74",326,58,"84,90",1,"0,26",1,0,"0,00"
431795,SANTO EXPEDITO DO SUL,RS,09/2022,67,62,"92,54",58,4,"93,55",5,"7,46",0,5,"7,46"
431795,SANTO EXPEDITO DO SUL,RS,07/2022,68,63,"92,65",59,4,"93,65",5,"7,35",0,5,"7,35"
431795,SANTO EXPEDITO DO SUL,RS,11/2022,60,56,"93,33",53,3,"94,64",4,"6,67",0,4,"6,67"
431800,SÃO BORJA,RS,11/2022,2986,2136,"71,53",1960,176,"91,76",850,"28,47",30,820,"27,46"
431800,SÃO BORJA,RS,07/2022,2965,2139,"72,14",2042,97,"95,47",826,"27,86",43,783,"26,41"
431800,SÃO BORJA,RS,09/2022,3016,2144,"71,09",1929,215,"89,97",872,"28,91",39,833,"27,62"
431805,SÃO DOMINGOS DO SUL,RS,09/2022,22,10,"45,45",10,0,"100,00",12,"54,55",4,8,"36,36"
431805,SÃO DOMINGOS DO SUL,RS,07/2022,19,11,"57,89",10,1,"90,91",8,"42,11",1,7,"36,84"
431805,SÃO DOMINGOS DO SUL,RS,11/2022,23,11,"47,83",11,0,"100,00",12,"52,17",4,8,"34,78"
431810,SÃO FRANCISCO DE ASSIS,RS,11/2022,1299,1124,"86,53",1086,38,"96,62",175,"13,47",5,170,"13,09"
431810,SÃO FRANCISCO DE ASSIS,RS,07/2022,1327,1125,"84,78",1011,114,"89,87",202,"15,22",13,189,"14,24"
431810,SÃO FRANCISCO DE ASSIS,RS,09/2022,1317,1127,"85,57",1020,107,"90,51",190,"14,43",6,184,"13,97"
431820,SÃO FRANCISCO DE PAULA,RS,07/2022,1591,1054,"66,25",879,175,"83,40",537,"33,75",41,496,"31,18"
431820,SÃO FRANCISCO DE PAULA,RS,09/2022,1573,1039,"66,05",836,203,"80,46",534,"33,95",24,510,"32,42"
431820,SÃO FRANCISCO DE PAULA,RS,11/2022,1540,1097,"71,23",920,177,"83,87",443,"28,77",17,426,"27,66"
431830,SÃO GABRIEL,RS,11/2022,4272,2208,"51,69",2112,96,"95,65",2064,"48,31",3,2061,"48,24"
431830,SÃO GABRIEL,RS,07/2022,4303,2282,"53,03",2209,73,"96,80",2021,"46,97",182,1839,"42,74"
431830,SÃO GABRIEL,RS,09/2022,4304,2490,"57,85",2489,1,"99,96",1814,"42,15",3,1811,"42,08"
431840,SÃO JERÔNIMO,RS,09/2022,1926,1194,"61,99",1010,184,"84,59",732,"38,01",6,726,"37,69"
431840,SÃO JERÔNIMO,RS,07/2022,1922,1207,"62,80",946,261,"78,38",715,"37,20",8,707,"36,78"
431840,SÃO JERÔNIMO,RS,11/2022,1892,1166,"61,63",1019,147,"87,39",726,"38,37",5,721,"38,11"
431842,SÃO JOÃO DA URTIGA,RS,11/2022,83,72,"86,75",69,3,"95,83",11,"13,25",0,11,"13,25"
431842,SÃO JOÃO DA URTIGA,RS,07/2022,88,82,"93,18",71,11,"86,59",6,"6,82",0,6,"6,82"
431842,SÃO JOÃO DA URTIGA,RS,09/2022,89,75,"84,27",71,4,"94,67",14,"15,73",2,12,"13,48"
431843,SÃO JOÃO DO POLÊSINE,RS,09/2022,142,131,"92,25",129,2,"98,47",11,"7,75",2,9,"6,34"
431843,SÃO JOÃO DO POLÊSINE,RS,07/2022,141,124,"87,94",122,2,"98,39",17,"12,06",3,14,"9,93"
431843,SÃO JOÃO DO POLÊSINE,RS,11/2022,139,129,"92,81",120,9,"93,02",10,"7,19",0,10,"7,19"
431844,SÃO JORGE,RS,11/2022,44,42,"95,45",40,2,"95,24",2,"4,55",1,1,"2,27"
431844,SÃO JORGE,RS,09/2022,46,36,"78,26",36,0,"100,00",10,"21,74",8,2,"4,35"
431844,SÃO JORGE,RS,07/2022,53,29,"54,72",29,0,"100,00",24,"45,28",8,16,"30,19"
431845,SÃO JOSÉ DAS MISSÕES,RS,09/2022,233,177,"75,97",171,6,"96,61",56,"24,03",6,50,"21,46"
431845,SÃO JOSÉ DAS MISSÕES,RS,07/2022,232,176,"75,86",171,5,"97,16",56,"24,14",4,52,"22,41"
431845,SÃO JOSÉ DAS MISSÕES,RS,11/2022,228,214,"93,86",195,19,"91,12",14,"6,14",2,12,"5,26"
431846,SÃO JOSÉ DO HERVAL,RS,11/2022,228,154,"67,54",151,3,"98,05",74,"32,46",0,74,"32,46"
431846,SÃO JOSÉ DO HERVAL,RS,09/2022,226,146,"64,60",143,3,"97,95",80,"35,40",3,77,"34,07"
431846,SÃO JOSÉ DO HERVAL,RS,07/2022,225,147,"65,33",144,3,"97,96",78,"34,67",2,76,"33,78"
431848,SÃO JOSÉ DO HORTÊNCIO,RS,09/2022,42,34,"80,95",33,1,"97,06",8,"19,05",4,4,"9,52"
431848,SÃO JOSÉ DO HORTÊNCIO,RS,07/2022,38,23,"60,53",22,1,"95,65",15,"39,47",11,4,"10,53"
431848,SÃO JOSÉ DO HORTÊNCIO,RS,11/2022,45,38,"84,44",36,2,"94,74",7,"15,56",0,7,"15,56"
431849,SÃO JOSÉ DO INHACORÁ,RS,11/2022,22,21,"95,45",21,0,"100,00",1,"4,55",1,0,"0,00"
431849,SÃO JOSÉ DO INHACORÁ,RS,09/2022,27,23,"85,19",22,1,"95,65",4,"14,81",2,2,"7,41"
431849,SÃO JOSÉ DO INHACORÁ,RS,07/2022,18,12,"66,67",9,3,"75,00",6,"33,33",6,0,"0,00"
431850,SÃO JOSÉ DO NORTE,RS,09/2022,2116,1195,"56,47",1061,134,"88,79",921,"43,53",690,231,"10,92"
431850,SÃO JOSÉ DO NORTE,RS,07/2022,2096,1894,"90,36",1732,162,"91,45",202,"9,64",7,195,"9,30"
431850,SÃO JOSÉ DO NORTE,RS,11/2022,2101,1860,"88,53",1737,123,"93,39",241,"11,47",1,240,"11,42"
431860,SÃO JOSÉ DO OURO,RS,11/2022,262,137,"52,29",130,7,"94,89",125,"47,71",42,83,"31,68"
431860,SÃO JOSÉ DO OURO,RS,07/2022,251,95,"37,85",84,11,"88,42",156,"62,15",79,77,"30,68"
431860,SÃO JOSÉ DO OURO,RS,09/2022,257,104,"40,47",86,18,"82,69",153,"59,53",66,87,"33,85"
431861,SÃO JOSÉ DO SUL,RS,07/2022,35,31,"88,57",29,2,"93,55",4,"11,43",0,4,"11,43"
431861,SÃO JOSÉ DO SUL,RS,09/2022,45,40,"88,89",39,1,"97,50",5,"11,11",0,5,"11,11"
431861,SÃO JOSÉ DO SUL,RS,11/2022,47,40,"85,11",39,1,"97,50",7,"14,89",1,6,"12,77"
431862,SÃO JOSÉ DOS AUSENTES,RS,11/2022,397,262,"65,99",246,16,"93,89",135,"34,01",5,130,"32,75"
431862,SÃO JOSÉ DOS AUSENTES,RS,07/2022,395,247,"62,53",226,21,"91,50",148,"37,47",11,137,"34,68"
431862,SÃO JOSÉ DOS AUSENTES,RS,09/2022,395,246,"62,28",224,22,"91,06",149,"37,72",8,141,"35,70"
431870,SÃO LEOPOLDO,RS,07/2022,13713,7437,"54,23",6667,770,"89,65",6276,"45,77",427,5849,"42,65"
431870,SÃO LEOPOLDO,RS,09/2022,14448,9383,"64,94",8502,881,"90,61",5065,"35,06",261,4804,"33,25"
431870,SÃO LEOPOLDO,RS,11/2022,14555,9867,"67,79",8892,975,"90,12",4688,"32,21",68,4620,"31,74"
431880,SÃO LOURENÇO DO SUL,RS,11/2022,2115,1561,"73,81",1328,233,"85,07",554,"26,19",6,548,"25,91"
431880,SÃO LOURENÇO DO SUL,RS,07/2022,2074,1499,"72,28",1178,321,"78,59",575,"27,72",15,560,"27,00"
431880,SÃO LOURENÇO DO SUL,RS,09/2022,2096,1531,"73,04",1233,298,"80,54",565,"26,96",9,556,"26,53"
431890,SÃO LUIZ GONZAGA,RS,07/2022,2012,1415,"70,33",1315,100,"92,93",597,"29,67",87,510,"25,35"
431890,SÃO LUIZ GONZAGA,RS,09/2022,2017,1577,"78,19",1420,157,"90,04",440,"21,81",198,242,"12,00"
431890,SÃO LUIZ GONZAGA,RS,11/2022,2015,1661,"82,43",1542,119,"92,84",354,"17,57",86,268,"13,30"
431900,SÃO MARCOS,RS,11/2022,484,237,"48,97",219,18,"92,41",247,"51,03",66,181,"37,40"
431900,SÃO MARCOS,RS,09/2022,530,307,"57,92",290,17,"94,46",223,"42,08",18,205,"38,68"
431900,SÃO MARCOS,RS,07/2022,497,268,"53,92",247,21,"92,16",229,"46,08",21,208,"41,85"
431910,SÃO MARTINHO,RS,07/2022,130,118,"90,77",118,0,"100,00",12,"9,23",9,3,"2,31"
431910,SÃO MARTINHO,RS,09/2022,123,115,"93,50",115,0,"100,00",8,"6,50",4,4,"3,25"
431910,SÃO MARTINHO,RS,11/2022,126,123,"97,62",105,18,"85,37",3,"2,38",1,2,"1,59"
431912,SÃO MARTINHO DA SERRA,RS,11/2022,319,0,"0,00",0,0,,319,"100,00",245,74,"23,20"
431912,SÃO MARTINHO DA SERRA,RS,09/2022,325,0,"0,00",0,0,,325,"100,00",247,78,"24,00"
431912,SÃO MARTINHO DA SERRA,RS,07/2022,324,0,"0,00",0,0,,324,"100,00",255,69,"21,30"
431915,SÃO MIGUEL DAS MISSÕES,RS,07/2022,631,412,"65,29",403,9,"97,82",219,"34,71",44,175,"27,73"
431915,SÃO MIGUEL DAS MISSÕES,RS,09/2022,640,447,"69,84",430,17,"96,20",193,"30,16",13,180,"28,13"
431915,SÃO MIGUEL DAS MISSÕES,RS,11/2022,631,435,"68,94",415,20,"95,40",196,"31,06",17,179,"28,37"
431920,SÃO NICOLAU,RS,11/2022,666,586,"87,99",544,42,"92,83",80,"12,01",13,67,"10,06"
431920,SÃO NICOLAU,RS,07/2022,681,588,"86,34",518,70,"88,10",93,"13,66",23,70,"10,28"
431920,SÃO NICOLAU,RS,09/2022,696,640,"91,95",527,113,"82,34",56,"8,05",20,36,"5,17"
431930,SÃO PAULO DAS MISSÕES,RS,09/2022,336,319,"94,94",286,33,"89,66",17,"5,06",5,12,"3,57"
431930,SÃO PAULO DAS MISSÕES,RS,07/2022,340,325,"95,59",283,42,"87,08",15,"4,41",8,7,"2,06"
431930,SÃO PAULO DAS MISSÕES,RS,11/2022,318,294,"92,45",279,15,"94,90",24,"7,55",4,20,"6,29"
431935,SÃO PEDRO DA SERRA,RS,07/2022,23,18,"78,26",15,3,"83,33",5,"21,74",1,4,"17,39"
431935,SÃO PEDRO DA SERRA,RS,09/2022,21,16,"76,19",16,0,"100,00",5,"23,81",3,2,"9,52"
431935,SÃO PEDRO DA SERRA,RS,11/2022,17,15,"88,24",14,1,"93,33",2,"11,76",0,2,"11,76"
431936,SÃO PEDRO DAS MISSÕES,RS,11/2022,121,73,"60,33",68,5,"93,15",48,"39,67",0,48,"39,67"
431936,SÃO PEDRO DAS MISSÕES,RS,09/2022,119,27,"22,69",20,7,"74,07",92,"77,31",40,52,"43,70"
431936,SÃO PEDRO DAS MISSÕES,RS,07/2022,119,63,"52,94",61,2,"96,83",56,"47,06",3,53,"44,54"
431937,SÃO PEDRO DO BUTIÁ,RS,09/2022,72,68,"94,44",62,6,"91,18",4,"5,56",0,4,"5,56"
431937,SÃO PEDRO DO BUTIÁ,RS,07/2022,79,71,"89,87",68,3,"95,77",8,"10,13",3,5,"6,33"
431937,SÃO PEDRO DO BUTIÁ,RS,11/2022,69,67,"97,10",63,4,"94,03",2,"2,90",0,2,"2,90"
431940,SÃO PEDRO DO SUL,RS,11/2022,1089,1067,"97,98",1061,6,"99,44",22,"2,02",9,13,"1,19"
431940,SÃO PEDRO DO SUL,RS,07/2022,1166,1149,"98,54",1027,122,"89,38",17,"1,46",12,5,"0,43"
431940,SÃO PEDRO DO SUL,RS,09/2022,1178,1158,"98,30",1040,118,"89,81",20,"1,70",9,11,"0,93"
431950,SÃO SEBASTIÃO DO CAÍ,RS,07/2022,1249,801,"64,13",737,64,"92,01",448,"35,87",208,240,"19,22"
431950,SÃO SEBASTIÃO DO CAÍ,RS,09/2022,1393,1123,"80,62",1038,85,"92,43",270,"19,38",27,243,"17,44"
431950,SÃO SEBASTIÃO DO CAÍ,RS,11/2022,1381,1122,"81,25",1039,83,"92,60",259,"18,75",16,243,"17,60"
431960,SÃO SEPÉ,RS,11/2022,1377,1144,"83,08",1007,137,"88,02",233,"16,92",56,177,"12,85"
431960,SÃO SEPÉ,RS,07/2022,1394,1070,"76,76",865,205,"80,84",324,"23,24",108,216,"15,49"
431960,SÃO SEPÉ,RS,09/2022,1413,1182,"83,65",1133,49,"95,85",231,"16,35",13,218,"15,43"
431970,SÃO VALENTIM,RS,09/2022,94,90,"95,74",77,13,"85,56",4,"4,26",4,0,"0,00"
431970,SÃO VALENTIM,RS,07/2022,95,80,"84,21",70,10,"87,50",15,"15,79",2,13,"13,68"
431970,SÃO VALENTIM,RS,11/2022,96,95,"98,96",88,7,"92,63",1,"1,04",1,0,"0,00"
431971,SÃO VALENTIM DO SUL,RS,11/2022,22,8,"36,36",8,0,"100,00",14,"63,64",5,9,"40,91"
431971,SÃO VALENTIM DO SUL,RS,07/2022,13,8,"61,54",8,0,"100,00",5,"38,46",0,5,"38,46"
431971,SÃO VALENTIM DO SUL,RS,09/2022,20,16,"80,00",15,1,"93,75",4,"20,00",2,2,"10,00"
431973,SÃO VALÉRIO DO SUL,RS,09/2022,454,416,"91,63",380,36,"91,35",38,"8,37",1,37,"8,15"
431973,SÃO VALÉRIO DO SUL,RS,07/2022,460,361,"78,48",328,33,"90,86",99,"21,52",3,96,"20,87"
431973,SÃO VALÉRIO DO SUL,RS,11/2022,454,418,"92,07",402,16,"96,17",36,"7,93",2,34,"7,49"
431975,SÃO VENDELINO,RS,11/2022,20,19,"95,00",18,1,"94,74",1,"5,00",0,1,"5,00"
431975,SÃO VENDELINO,RS,07/2022,17,14,"82,35",13,1,"92,86",3,"17,65",3,0,"0,00"
431975,SÃO VENDELINO,RS,09/2022,23,21,"91,30",20,1,"95,24",2,"8,70",1,1,"4,35"
431980,SÃO VICENTE DO SUL,RS,09/2022,737,574,"77,88",535,39,"93,21",163,"22,12",31,132,"17,91"
431980,SÃO VICENTE DO SUL,RS,07/2022,707,549,"77,65",524,25,"95,45",158,"22,35",22,136,"19,24"
431980,SÃO VICENTE DO SUL,RS,11/2022,746,595,"79,76",562,33,"94,45",151,"20,24",18,133,"17,83"
431990,SAPIRANGA,RS,11/2022,3601,2512,"69,76",2369,143,"94,31",1089,"30,24",90,999,"27,74"
431990,SAPIRANGA,RS,07/2022,3360,2100,"62,50",1813,287,"86,33",1260,"37,50",229,1031,"30,68"
431990,SAPIRANGA,RS,09/2022,3504,2378,"67,87",2134,244,"89,74",1126,"32,13",157,969,"27,65"
432000,SAPUCAIA DO SUL,RS,09/2022,7767,7136,"91,88",5899,1237,"82,67",631,"8,12",59,572,"7,36"
432000,SAPUCAIA DO SUL,RS,07/2022,7242,6590,"91,00",5358,1232,"81,31",652,"9,00",52,600,"8,29"
432000,SAPUCAIA DO SUL,RS,11/2022,7988,7353,"92,05",6247,1106,"84,96",635,"7,95",27,608,"7,61"
432010,SARANDI,RS,11/2022,1093,915,"83,71",865,50,"94,54",178,"16,29",36,142,"12,99"
432010,SARANDI,RS,07/2022,1117,784,"70,19",723,61,"92,22",333,"29,81",44,289,"25,87"
432010,SARANDI,RS,09/2022,1143,873,"76,38",786,87,"90,03",270,"23,62",40,230,"20,12"
432020,SEBERI,RS,09/2022,685,608,"88,76",534,74,"87,83",77,"11,24",11,66,"9,64"
432020,SEBERI,RS,07/2022,679,594,"87,48",522,72,"87,88",85,"12,52",21,64,"9,43"
432020,SEBERI,RS,11/2022,618,556,"89,97",502,54,"90,29",62,"10,03",17,45,"7,28"
432023,SEDE NOVA,RS,11/2022,121,88,"72,73",76,12,"86,36",33,"27,27",2,31,"25,62"
432023,SEDE NOVA,RS,07/2022,136,97,"71,32",77,20,"79,38",39,"28,68",5,34,"25,00"
432023,SEDE NOVA,RS,09/2022,128,87,"67,97",69,18,"79,31",41,"32,03",5,36,"28,13"
432026,SEGREDO,RS,09/2022,542,471,"86,90",450,21,"95,54",71,"13,10",5,66,"12,18"
432026,SEGREDO,RS,07/2022,554,495,"89,35",451,44,"91,11",59,"10,65",20,39,"7,04"
432026,SEGREDO,RS,11/2022,527,461,"87,48",446,15,"96,75",66,"12,52",4,62,"11,76"
432030,SELBACH,RS,11/2022,150,125,"83,33",119,6,"95,20",25,"16,67",2,23,"15,33"
432030,SELBACH,RS,09/2022,135,114,"84,44",108,6,"94,74",21,"15,56",0,21,"15,56"
432030,SELBACH,RS,07/2022,130,103,"79,23",99,4,"96,12",27,"20,77",9,18,"13,85"
432032,SENADOR SALGADO FILHO,RS,09/2022,125,118,"94,40",110,8,"93,22",7,"5,60",0,7,"5,60"
432032,SENADOR SALGADO FILHO,RS,07/2022,125,119,"95,20",107,12,"89,92",6,"4,80",2,4,"3,20"
432032,SENADOR SALGADO FILHO,RS,11/2022,128,121,"94,53",112,9,"92,56",7,"5,47",0,7,"5,47"
432035,SENTINELA DO SUL,RS,11/2022,500,340,"68,00",336,4,"98,82",160,"32,00",6,154,"30,80"
432035,SENTINELA DO SUL,RS,07/2022,490,294,"60,00",274,20,"93,20",196,"40,00",39,157,"32,04"
432035,SENTINELA DO SUL,RS,09/2022,497,325,"65,39",313,12,"96,31",172,"34,61",14,158,"31,79"
432040,SERAFINA CORRÊA,RS,09/2022,322,235,"72,98",225,10,"95,74",87,"27,02",12,75,"23,29"
432040,SERAFINA CORRÊA,RS,07/2022,278,193,"69,42",185,8,"95,85",85,"30,58",18,67,"24,10"
432040,SERAFINA CORRÊA,RS,11/2022,305,234,"76,72",220,14,"94,02",71,"23,28",7,64,"20,98"
432045,SÉRIO,RS,11/2022,73,51,"69,86",49,2,"96,08",22,"30,14",2,20,"27,40"
432045,SÉRIO,RS,07/2022,69,20,"28,99",20,0,"100,00",49,"71,01",31,18,"26,09"
432045,SÉRIO,RS,09/2022,69,39,"56,52",39,0,"100,00",30,"43,48",14,16,"23,19"
432050,SERTÃO,RS,09/2022,279,192,"68,82",177,15,"92,19",87,"31,18",21,66,"23,66"
432050,SERTÃO,RS,07/2022,267,182,"68,16",169,13,"92,86",85,"31,84",20,65,"24,34"
432050,SERTÃO,RS,11/2022,289,217,"75,09",192,25,"88,48",72,"24,91",14,58,"20,07"
432055,SERTÃO SANTANA,RS,11/2022,337,184,"54,60",166,18,"90,22",153,"45,40",10,143,"42,43"
432055,SERTÃO SANTANA,RS,09/2022,345,174,"50,43",149,25,"85,63",171,"49,57",27,144,"41,74"
432055,SERTÃO SANTANA,RS,07/2022,352,166,"47,16",134,32,"80,72",186,"52,84",42,144,"40,91"
432057,SETE DE SETEMBRO,RS,07/2022,77,56,"72,73",47,9,"83,93",21,"27,27",0,21,"27,27"
432057,SETE DE SETEMBRO,RS,09/2022,80,60,"75,00",54,6,"90,00",20,"25,00",0,20,"25,00"
432057,SETE DE SETEMBRO,RS,11/2022,79,59,"74,68",56,3,"94,92",20,"25,32",0,20,"25,32"
432060,SEVERIANO DE ALMEIDA,RS,11/2022,81,66,"81,48",66,0,"100,00",15,"18,52",0,15,"18,52"
432060,SEVERIANO DE ALMEIDA,RS,07/2022,79,14,"17,72",14,0,"100,00",65,"82,28",44,21,"26,58"
432060,SEVERIANO DE ALMEIDA,RS,09/2022,71,0,"0,00",0,0,,71,"100,00",52,19,"26,76"
432065,SILVEIRA MARTINS,RS,09/2022,124,87,"70,16",71,16,"81,61",37,"29,84",0,37,"29,84"
432065,SILVEIRA MARTINS,RS,07/2022,120,87,"72,50",87,0,"100,00",33,"27,50",0,33,"27,50"
432065,SILVEIRA MARTINS,RS,11/2022,126,89,"70,63",74,15,"83,15",37,"29,37",0,37,"29,37"
432067,SINIMBU,RS,11/2022,482,450,"93,36",406,44,"90,22",32,"6,64",5,27,"5,60"
432067,SINIMBU,RS,07/2022,508,455,"89,57",395,60,"86,81",53,"10,43",28,25,"4,92"
432067,SINIMBU,RS,09/2022,491,463,"94,30",407,56,"87,90",28,"5,70",9,19,"3,87"
432070,SOBRADINHO,RS,09/2022,754,641,"85,01",582,59,"90,80",113,"14,99",31,82,"10,88"
432070,SOBRADINHO,RS,07/2022,758,630,"83,11",562,68,"89,21",128,"16,89",24,104,"13,72"
432070,SOBRADINHO,RS,11/2022,718,654,"91,09",606,48,"92,66",64,"8,91",24,40,"5,57"
432080,SOLEDADE,RS,11/2022,2241,1555,"69,39",1397,158,"89,84",686,"30,61",20,666,"29,72"
432080,SOLEDADE,RS,09/2022,2278,1396,"61,28",1203,193,"86,17",882,"38,72",190,692,"30,38"
432080,SOLEDADE,RS,07/2022,2224,1454,"65,38",1244,210,"85,56",770,"34,62",45,725,"32,60"
432085,TABAÍ,RS,09/2022,273,139,"50,92",120,19,"86,33",134,"49,08",14,120,"43,96"
432085,TABAÍ,RS,07/2022,271,136,"50,18",118,18,"86,76",135,"49,82",18,117,"43,17"
432085,TABAÍ,RS,11/2022,249,189,"75,90",168,21,"88,89",60,"24,10",7,53,"21,29"
432090,TAPEJARA,RS,11/2022,987,865,"87,64",699,166,"80,81",122,"12,36",23,99,"10,03"
432090,TAPEJARA,RS,09/2022,980,797,"81,33",662,135,"83,06",183,"18,67",29,154,"15,71"
432090,TAPEJARA,RS,07/2022,812,614,"75,62",522,92,"85,02",198,"24,38",26,172,"21,18"
432100,TAPERA,RS,07/2022,264,168,"63,64",139,29,"82,74",96,"36,36",30,66,"25,00"
432100,TAPERA,RS,09/2022,290,194,"66,90",170,24,"87,63",96,"33,10",23,73,"25,17"
432100,TAPERA,RS,11/2022,296,225,"76,01",208,17,"92,44",71,"23,99",8,63,"21,28"
432110,TAPES,RS,11/2022,898,813,"90,53",729,84,"89,67",85,"9,47",1,84,"9,35"
432110,TAPES,RS,09/2022,876,798,"91,10",691,107,"86,59",78,"8,90",5,73,"8,33"
432110,TAPES,RS,07/2022,895,635,"70,95",492,143,"77,48",260,"29,05",5,255,"28,49"
432120,TAQUARA,RS,09/2022,2365,2120,"89,64",1843,277,"86,93",245,"10,36",33,212,"8,96"
432120,TAQUARA,RS,07/2022,2371,1900,"80,13",1642,258,"86,42",471,"19,87",96,375,"15,82"
432120,TAQUARA,RS,11/2022,2421,2237,"92,40",1931,306,"86,32",184,"7,60",21,163,"6,73"
432130,TAQUARI,RS,11/2022,1836,858,"46,73",824,34,"96,04",978,"53,27",403,575,"31,32"
432130,TAQUARI,RS,07/2022,1867,681,"36,48",618,63,"90,75",1186,"63,52",549,637,"34,12"
432130,TAQUARI,RS,09/2022,1864,421,"22,59",405,16,"96,20",1443,"77,41",809,634,"34,01"
432132,TAQUARUÇU DO SUL,RS,07/2022,101,91,"90,10",85,6,"93,41",10,"9,90",1,9,"8,91"
432132,TAQUARUÇU DO SUL,RS,09/2022,105,90,"85,71",85,5,"94,44",15,"14,29",1,14,"13,33"
432132,TAQUARUÇU DO SUL,RS,11/2022,105,89,"84,76",83,6,"93,26",16,"15,24",4,12,"11,43"
432135,TAVARES,RS,09/2022,460,411,"89,35",321,90,"78,10",49,"10,65",10,39,"8,48"
432135,TAVARES,RS,07/2022,453,403,"88,96",297,106,"73,70",50,"11,04",5,45,"9,93"
432135,TAVARES,RS,11/2022,433,397,"91,69",334,63,"84,13",36,"8,31",4,32,"7,39"
432140,TENENTE PORTELA,RS,11/2022,1459,1286,"88,14",1227,59,"95,41",173,"11,86",22,151,"10,35"
432140,TENENTE PORTELA,RS,09/2022,1452,1259,"86,71",1252,7,"99,44",193,"13,29",20,173,"11,91"
432140,TENENTE PORTELA,RS,07/2022,1437,1232,"85,73",1229,3,"99,76",205,"14,27",14,191,"13,29"
432143,TERRA DE AREIA,RS,07/2022,902,679,"75,28",622,57,"91,61",223,"24,72",10,213,"23,61"
432143,TERRA DE AREIA,RS,09/2022,903,712,"78,85",653,59,"91,71",191,"21,15",4,187,"20,71"
432143,TERRA DE AREIA,RS,11/2022,919,835,"90,86",752,83,"90,06",84,"9,14",7,77,"8,38"
432145,TEUTÔNIA,RS,11/2022,625,447,"71,52",419,28,"93,74",178,"28,48",16,162,"25,92"
432145,TEUTÔNIA,RS,07/2022,543,376,"69,24",354,22,"94,15",167,"30,76",19,148,"27,26"
432145,TEUTÔNIA,RS,09/2022,610,439,"71,97",412,27,"93,85",171,"28,03",12,159,"26,07"
432146,TIO HUGO,RS,07/2022,74,51,"68,92",46,5,"90,20",23,"31,08",4,19,"25,68"
432146,TIO HUGO,RS,09/2022,81,54,"66,67",49,5,"90,74",27,"33,33",6,21,"25,93"
432146,TIO HUGO,RS,11/2022,86,60,"69,77",55,5,"91,67",26,"30,23",5,21,"24,42"
432147,TIRADENTES DO SUL,RS,11/2022,207,153,"73,91",146,7,"95,42",54,"26,09",2,52,"25,12"
432147,TIRADENTES DO SUL,RS,09/2022,204,145,"71,08",138,7,"95,17",59,"28,92",4,55,"26,96"
432147,TIRADENTES DO SUL,RS,07/2022,209,156,"74,64",147,9,"94,23",53,"25,36",3,50,"23,92"
432149,TOROPI,RS,07/2022,97,0,"0,00",0,0,,97,"100,00",86,11,"11,34"
432149,TOROPI,RS,09/2022,113,102,"90,27",99,3,"97,06",11,"9,73",1,10,"8,85"
432149,TOROPI,RS,11/2022,118,115,"97,46",101,14,"87,83",3,"2,54",1,2,"1,69"
432150,TORRES,RS,11/2022,2044,1811,"88,60",1635,176,"90,28",233,"11,40",11,222,"10,86"
432150,TORRES,RS,07/2022,1911,1219,"63,79",1051,168,"86,22",692,"36,21",297,395,"20,67"
432150,TORRES,RS,09/2022,1958,1729,"88,30",1519,210,"87,85",229,"11,70",25,204,"10,42"
432160,TRAMANDAÍ,RS,09/2022,3809,2279,"59,83",2126,153,"93,29",1530,"40,17",7,1523,"39,98"
432160,TRAMANDAÍ,RS,07/2022,3660,2209,"60,36",2091,118,"94,66",1451,"39,64",8,1443,"39,43"
432160,TRAMANDAÍ,RS,11/2022,3882,2358,"60,74",2159,199,"91,56",1524,"39,26",10,1514,"39,00"
432162,TRAVESSEIRO,RS,11/2022,25,24,"96,00",23,1,"95,83",1,"4,00",0,1,"4,00"
432162,TRAVESSEIRO,RS,09/2022,27,24,"88,89",24,0,"100,00",3,"11,11",0,3,"11,11"
432162,TRAVESSEIRO,RS,07/2022,19,16,"84,21",16,0,"100,00",3,"15,79",0,3,"15,79"
432163,TRÊS ARROIOS,RS,07/2022,4,4,"100,00",3,1,"75,00",0,"0,00",0,0,"0,00"
432163,TRÊS ARROIOS,RS,09/2022,0,0,,0,0,,0,,0,0,
432163,TRÊS ARROIOS,RS,11/2022,3,3,"100,00",3,0,"100,00",0,"0,00",0,0,"0,00"
432166,TRÊS CACHOEIRAS,RS,11/2022,341,246,"72,14",233,13,"94,72",95,"27,86",10,85,"24,93"
432166,TRÊS CACHOEIRAS,RS,09/2022,323,180,"55,73",165,15,"91,67",143,"44,27",59,84,"26,01"
432166,TRÊS CACHOEIRAS,RS,07/2022,304,188,"61,84",175,13,"93,09",116,"38,16",35,81,"26,64"
432170,TRÊS COROAS,RS,09/2022,749,450,"60,08",376,74,"83,56",299,"39,92",188,111,"14,82"
432170,TRÊS COROAS,RS,07/2022,718,507,"70,61",443,64,"87,38",211,"29,39",115,96,"13,37"
432170,TRÊS COROAS,RS,11/2022,748,544,"72,73",481,63,"88,42",204,"27,27",96,108,"14,44"
432180,TRÊS DE MAIO,RS,11/2022,971,855,"88,05",744,111,"87,02",116,"11,95",8,108,"11,12"
432180,TRÊS DE MAIO,RS,07/2022,942,813,"86,31",681,132,"83,76",129,"13,69",15,114,"12,10"
432180,TRÊS DE MAIO,RS,09/2022,963,845,"87,75",701,144,"82,96",118,"12,25",8,110,"11,42"
432183,TRÊS FORQUILHAS,RS,09/2022,210,112,"53,33",100,12,"89,29",98,"46,67",1,97,"46,19"
432183,TRÊS FORQUILHAS,RS,07/2022,192,101,"52,60",94,7,"93,07",91,"47,40",5,86,"44,79"
432183,TRÊS FORQUILHAS,RS,11/2022,207,179,"86,47",163,16,"91,06",28,"13,53",8,20,"9,66"
432185,TRÊS PALMEIRAS,RS,11/2022,387,276,"71,32",267,9,"96,74",111,"28,68",11,100,"25,84"
432185,TRÊS PALMEIRAS,RS,09/2022,395,282,"71,39",266,16,"94,33",113,"28,61",10,103,"26,08"
432185,TRÊS PALMEIRAS,RS,07/2022,387,279,"72,09",255,24,"91,40",108,"27,91",8,100,"25,84"
432190,TRÊS PASSOS,RS,09/2022,1025,660,"64,39",606,54,"91,82",365,"35,61",111,254,"24,78"
432190,TRÊS PASSOS,RS,07/2022,1011,609,"60,24",565,44,"92,78",402,"39,76",151,251,"24,83"
432190,TRÊS PASSOS,RS,11/2022,1046,742,"70,94",702,40,"94,61",304,"29,06",63,241,"23,04"
432195,TRINDADE DO SUL,RS,11/2022,461,311,"67,46",269,42,"86,50",150,"32,54",17,133,"28,85"
432195,TRINDADE DO SUL,RS,07/2022,450,296,"65,78",263,33,"88,85",154,"34,22",7,147,"32,67"
432195,TRINDADE DO SUL,RS,09/2022,456,305,"66,89",254,51,"83,28",151,"33,11",10,141,"30,92"
432200,TRIUNFO,RS,09/2022,2207,1830,"82,92",1656,174,"90,49",377,"17,08",15,362,"16,40"
432200,TRIUNFO,RS,11/2022,2216,1864,"84,12",1698,166,"91,09",352,"15,88",20,332,"14,98"
432200,TRIUNFO,RS,07/2022,2079,1649,"79,32",1438,211,"87,20",430,"20,68",47,383,"18,42"
432210,TUCUNDUVA,RS,11/2022,194,164,"84,54",149,15,"90,85",30,"15,46",5,25,"12,89"
432210,TUCUNDUVA,RS,07/2022,188,103,"54,79",95,8,"92,23",85,"45,21",3,82,"43,62"
432210,TUCUNDUVA,RS,09/2022,192,113,"58,85",105,8,"92,92",79,"41,15",1,78,"40,63"
432215,TUNAS,RS,07/2022,444,337,"75,90",320,17,"94,96",107,"24,10",39,68,"15,32"
432215,TUNAS,RS,09/2022,429,362,"84,38",350,12,"96,69",67,"15,62",7,60,"13,99"
432215,TUNAS,RS,11/2022,411,357,"86,86",344,13,"96,36",54,"13,14",11,43,"10,46"
432218,TUPANCI DO SUL,RS,11/2022,50,43,"86,00",40,3,"93,02",7,"14,00",2,5,"10,00"
432218,TUPANCI DO SUL,RS,09/2022,48,29,"60,42",26,3,"89,66",19,"39,58",15,4,"8,33"
432218,TUPANCI DO SUL,RS,07/2022,48,28,"58,33",26,2,"92,86",20,"41,67",17,3,"6,25"
432220,TUPANCIRETÃ,RS,09/2022,2012,1496,"74,35",1360,136,"90,91",516,"25,65",108,408,"20,28"
432220,TUPANCIRETÃ,RS,07/2022,2039,1546,"75,82",1424,122,"92,11",493,"24,18",107,386,"18,93"
432220,TUPANCIRETÃ,RS,11/2022,1965,1540,"78,37",1466,74,"95,19",425,"21,63",107,318,"16,18"
432225,TUPANDI,RS,11/2022,63,41,"65,08",39,2,"95,12",22,"34,92",7,15,"23,81"
432225,TUPANDI,RS,09/2022,62,46,"74,19",45,1,"97,83",16,"25,81",1,15,"24,19"
432225,TUPANDI,RS,07/2022,52,35,"67,31",34,1,"97,14",17,"32,69",3,14,"26,92"
432230,TUPARENDI,RS,09/2022,214,206,"96,26",179,27,"86,89",8,"3,74",3,5,"2,34"
432230,TUPARENDI,RS,07/2022,199,181,"90,95",171,10,"94,48",18,"9,05",8,10,"5,03"
432230,TUPARENDI,RS,11/2022,208,195,"93,75",179,16,"91,79",13,"6,25",7,6,"2,88"
432232,TURUÇU,RS,11/2022,212,164,"77,36",141,23,"85,98",48,"22,64",26,22,"10,38"
432232,TURUÇU,RS,07/2022,199,124,"62,31",112,12,"90,32",75,"37,69",58,17,"8,54"
432232,TURUÇU,RS,09/2022,201,140,"69,65",118,22,"84,29",61,"30,35",43,18,"8,96"
432234,UBIRETAMA,RS,09/2022,53,35,"66,04",32,3,"91,43",18,"33,96",0,18,"33,96"
432234,UBIRETAMA,RS,07/2022,54,33,"61,11",31,2,"93,94",21,"38,89",2,19,"35,19"
432234,UBIRETAMA,RS,11/2022,56,50,"89,29",43,7,"86,00",6,"10,71",5,1,"1,79"
432235,UNIÃO DA SERRA,RS,11/2022,19,16,"84,21",15,1,"93,75",3,"15,79",2,1,"5,26"
432235,UNIÃO DA SERRA,RS,07/2022,22,21,"95,45",18,3,"85,71",1,"4,55",0,1,"4,55"
432235,UNIÃO DA SERRA,RS,09/2022,20,17,"85,00",15,2,"88,24",3,"15,00",2,1,"5,00"
432237,UNISTALDA,RS,09/2022,217,200,"92,17",165,35,"82,50",17,"7,83",13,4,"1,84"
432237,UNISTALDA,RS,07/2022,221,206,"93,21",168,38,"81,55",15,"6,79",12,3,"1,36"
432237,UNISTALDA,RS,11/2022,183,176,"96,17",168,8,"95,45",7,"3,83",5,2,"1,09"
432240,URUGUAIANA,RS,11/2022,11155,5080,"45,54",4659,421,"91,71",6075,"54,46",1717,4358,"39,07"
432240,URUGUAIANA,RS,07/2022,11247,4661,"41,44",4106,555,"88,09",6586,"58,56",2356,4230,"37,61"
432240,URUGUAIANA,RS,09/2022,11276,4176,"37,03",3683,493,"88,19",7100,"62,97",2912,4188,"37,14"
432250,VACARIA,RS,07/2022,4206,1855,"44,10",1555,300,"83,83",2351,"55,90",462,1889,"44,91"
432250,VACARIA,RS,09/2022,4319,1826,"42,28",1552,274,"84,99",2493,"57,72",613,1880,"43,53"
432250,VACARIA,RS,11/2022,4388,2520,"57,43",2178,342,"86,43",1868,"42,57",252,1616,"36,83"
432252,VALE VERDE,RS,11/2022,169,93,"55,03",88,5,"94,62",76,"44,97",3,73,"43,20"
432252,VALE VERDE,RS,09/2022,160,72,"45,00",67,5,"93,06",88,"55,00",13,75,"46,88"
432252,VALE VERDE,RS,07/2022,160,58,"36,25",56,2,"96,55",102,"63,75",24,78,"48,75"
432253,VALE DO SOL,RS,07/2022,343,320,"93,29",278,42,"86,88",23,"6,71",3,20,"5,83"
432253,VALE DO SOL,RS,09/2022,358,352,"98,32",296,56,"84,09",6,"1,68",2,4,"1,12"
432253,VALE DO SOL,RS,11/2022,379,361,"95,25",325,36,"90,03",18,"4,75",1,17,"4,49"
432254,VALE REAL,RS,11/2022,57,41,"71,93",38,3,"92,68",16,"28,07",1,15,"26,32"
432254,VALE REAL,RS,09/2022,60,38,"63,33",35,3,"92,11",22,"36,67",0,22,"36,67"
432254,VALE REAL,RS,07/2022,55,29,"52,73",29,0,"100,00",26,"47,27",3,23,"41,82"
432255,VANINI,RS,09/2022,32,18,"56,25",16,2,"88,89",14,"43,75",2,12,"37,50"
432255,VANINI,RS,07/2022,26,0,"0,00",0,0,,26,"100,00",16,10,"38,46"
432255,VANINI,RS,11/2022,28,26,"92,86",24,2,"92,31",2,"7,14",0,2,"7,14"
432260,VENÂNCIO AIRES,RS,11/2022,2914,1759,"60,36",1604,155,"91,19",1155,"39,64",74,1081,"37,10"
432260,VENÂNCIO AIRES,RS,07/2022,2868,1418,"49,44",1225,193,"86,39",1450,"50,56",332,1118,"38,98"
432260,VENÂNCIO AIRES,RS,09/2022,2911,1448,"49,74",1276,172,"88,12",1463,"50,26",331,1132,"38,89"
432270,VERA CRUZ,RS,09/2022,1331,1091,"81,97",1006,85,"92,21",240,"18,03",7,233,"17,51"
432270,VERA CRUZ,RS,07/2022,1310,1057,"80,69",945,112,"89,40",253,"19,31",6,247,"18,85"
432270,VERA CRUZ,RS,11/2022,1346,1154,"85,74",1066,88,"92,37",192,"14,26",2,190,"14,12"
432280,VERANÓPOLIS,RS,11/2022,416,368,"88,46",317,51,"86,14",48,"11,54",3,45,"10,82"
432280,VERANÓPOLIS,RS,07/2022,441,341,"77,32",319,22,"93,55",100,"22,68",12,88,"19,95"
432280,VERANÓPOLIS,RS,09/2022,430,346,"80,47",313,33,"90,46",84,"19,53",6,78,"18,14"
432285,VESPASIANO CORREA,RS,07/2022,8,4,"50,00",3,1,"75,00",4,"50,00",3,1,"12,50"
432285,VESPASIANO CORREA,RS,09/2022,11,0,"0,00",0,0,,11,"100,00",8,3,"27,27"
432285,VESPASIANO CORREA,RS,11/2022,14,8,"57,14",8,0,"100,00",6,"42,86",2,4,"28,57"
432290,VIADUTOS,RS,11/2022,97,75,"77,32",68,7,"90,67",22,"22,68",0,22,"22,68"
432290,VIADUTOS,RS,07/2022,104,80,"76,92",70,10,"87,50",24,"23,08",0,24,"23,08"
432290,VIADUTOS,RS,09/2022,100,74,"74,00",64,10,"86,49",26,"26,00",0,26,"26,00"
432300,VIAMÃO,RS,09/2022,18173,17609,"96,90",13113,4496,"74,47",564,"3,10",175,389,"2,14"
432300,VIAMÃO,RS,07/2022,17784,12723,"71,54",10307,2416,"81,01",5061,"28,46",244,4817,"27,09"
432300,VIAMÃO,RS,11/2022,18423,16108,"87,43",13715,2393,"85,14",2315,"12,57",135,2180,"11,83"
432310,VICENTE DUTRA,RS,11/2022,597,405,"67,84",404,1,"99,75",192,"32,16",5,187,"31,32"
432310,VICENTE DUTRA,RS,09/2022,582,388,"66,67",386,2,"99,48",194,"33,33",6,188,"32,30"
432310,VICENTE DUTRA,RS,07/2022,576,387,"67,19",382,5,"98,71",189,"32,81",7,182,"31,60"
432320,VICTOR GRAEFF,RS,09/2022,44,20,"45,45",17,3,"85,00",24,"54,55",10,14,"31,82"
432320,VICTOR GRAEFF,RS,07/2022,41,17,"41,46",13,4,"76,47",24,"58,54",11,13,"31,71"
432320,VICTOR GRAEFF,RS,11/2022,44,24,"54,55",21,3,"87,50",20,"45,45",5,15,"34,09"
432330,VILA FLORES,RS,11/2022,35,7,"20,00",7,0,"100,00",28,"80,00",15,13,"37,14"
432330,VILA FLORES,RS,07/2022,32,19,"59,38",19,0,"100,00",13,"40,63",1,12,"37,50"
432330,VILA FLORES,RS,09/2022,35,23,"65,71",23,0,"100,00",12,"34,29",0,12,"34,29"
432335,VILA LÂNGARO,RS,07/2022,28,12,"42,86",12,0,"100,00",16,"57,14",1,15,"53,57"
432335,VILA LÂNGARO,RS,09/2022,27,0,"0,00",0,0,,27,"100,00",11,16,"59,26"
432335,VILA LÂNGARO,RS,11/2022,30,14,"46,67",14,0,"100,00",16,"53,33",0,16,"53,33"
432340,VILA MARIA,RS,11/2022,92,77,"83,70",75,2,"97,40",15,"16,30",2,13,"14,13"
432340,VILA MARIA,RS,07/2022,63,53,"84,13",53,0,"100,00",10,"15,87",2,8,"12,70"
432340,VILA MARIA,RS,09/2022,75,67,"89,33",65,2,"97,01",8,"10,67",2,6,"8,00"
432345,VILA NOVA DO SUL,RS,09/2022,409,151,"36,92",151,0,"100,00",258,"63,08",164,94,"22,98"
432345,VILA NOVA DO SUL,RS,07/2022,401,147,"36,66",147,0,"100,00",254,"63,34",161,93,"23,19"
432345,VILA NOVA DO SUL,RS,11/2022,420,284,"67,62",260,24,"91,55",136,"32,38",8,128,"30,48"
432350,VISTA ALEGRE,RS,11/2022,95,72,"75,79",71,1,"98,61",23,"24,21",1,22,"23,16"
432350,VISTA ALEGRE,RS,07/2022,99,71,"71,72",70,1,"98,59",28,"28,28",1,27,"27,27"
432350,VISTA ALEGRE,RS,09/2022,91,69,"75,82",69,0,"100,00",22,"24,18",0,22,"24,18"
432360,VISTA ALEGRE DO PRATA,RS,09/2022,23,22,"95,65",21,1,"95,45",1,"4,35",0,1,"4,35"
432360,VISTA ALEGRE DO PRATA,RS,07/2022,21,17,"80,95",15,2,"88,24",4,"19,05",0,4,"19,05"
432360,VISTA ALEGRE DO PRATA,RS,11/2022,30,25,"83,33",21,4,"84,00",5,"16,67",1,4,"13,33"
432370,VISTA GAÚCHA,RS,11/2022,151,136,"90,07",131,5,"96,32",15,"9,93",3,12,"7,95"
432370,VISTA GAÚCHA,RS,07/2022,152,115,"75,66",113,2,"98,26",37,"24,34",13,24,"15,79"
432370,VISTA GAÚCHA,RS,09/2022,148,122,"82,43",110,12,"90,16",26,"17,57",3,23,"15,54"
432375,VITÓRIA DAS MISSÕES,RS,07/2022,218,166,"76,15",166,0,"100,00",52,"23,85",3,49,"22,48"
432375,VITÓRIA DAS MISSÕES,RS,09/2022,216,163,"75,46",163,0,"100,00",53,"24,54",6,47,"21,76"
432375,VITÓRIA DAS MISSÕES,RS,11/2022,216,182,"84,26",181,1,"99,45",34,"15,74",5,29,"13,43"
432377,WESTFALIA,RS,11/2022,16,16,"100,00",16,0,"100,00",0,"0,00",0,0,"0,00"
432377,WESTFALIA,RS,07/2022,16,15,"93,75",13,2,"86,67",1,"6,25",1,0,"0,00"
432377,WESTFALIA,RS,09/2022,15,15,"100,00",15,0,"100,00",0,"0,00",0,0,"0,00"
432380,XANGRI-LÁ,RS,07/2022,1051,516,"49,10",404,112,"78,29",535,"50,90",39,496,"47,19"
432380,XANGRI-LÁ,RS,09/2022,1149,645,"56,14",554,91,"85,89",504,"43,86",37,467,"40,64"
432380,XANGRI-LÁ,RS,11/2022,1195,705,"59,00",570,135,"80,85",490,"41,00",32,458,"38,33"
420005,ABDON BATISTA,SC,07/2022,193,174,"90,16",170,4,"97,70",19,"9,84",2,17,"8,81"
420005,ABDON BATISTA,SC,09/2022,191,173,"90,58",171,2,"98,84",18,"9,42",1,17,"8,90"
420005,ABDON BATISTA,SC,11/2022,195,178,"91,28",176,2,"98,88",17,"8,72",1,16,"8,21"
420010,ABELARDO LUZ,SC,11/2022,1744,1676,"96,10",1534,142,"91,53",68,"3,90",27,41,"2,35"
420010,ABELARDO LUZ,SC,09/2022,1801,1712,"95,06",1503,209,"87,79",89,"4,94",48,41,"2,28"
420010,ABELARDO LUZ,SC,07/2022,1850,1680,"90,81",1495,185,"88,99",170,"9,19",69,101,"5,46"
420020,AGROLÂNDIA,SC,07/2022,191,124,"64,92",119,5,"95,97",67,"35,08",13,54,"28,27"
420020,AGROLÂNDIA,SC,11/2022,244,210,"86,07",199,11,"94,76",34,"13,93",6,28,"11,48"
420020,AGROLÂNDIA,SC,09/2022,203,129,"63,55",122,7,"94,57",74,"36,45",6,68,"33,50"
420030,AGRONÔMICA,SC,11/2022,110,104,"94,55",92,12,"88,46",6,"5,45",2,4,"3,64"
420030,AGRONÔMICA,SC,09/2022,121,103,"85,12",91,12,"88,35",18,"14,88",2,16,"13,22"
420030,AGRONÔMICA,SC,07/2022,101,84,"83,17",70,14,"83,33",17,"16,83",4,13,"12,87"
420040,ÁGUA DOCE,SC,07/2022,227,177,"77,97",170,7,"96,05",50,"22,03",3,47,"20,70"
420040,ÁGUA DOCE,SC,11/2022,226,222,"98,23",209,13,"94,14",4,"1,77",0,4,"1,77"
420040,ÁGUA DOCE,SC,09/2022,239,219,"91,63",211,8,"96,35",20,"8,37",2,18,"7,53"
420050,ÁGUAS DE CHAPECÓ,SC,11/2022,316,308,"97,47",308,0,"100,00",8,"2,53",0,8,"2,53"
420050,ÁGUAS DE CHAPECÓ,SC,09/2022,301,218,"72,43",197,21,"90,37",83,"27,57",7,76,"25,25"
420050,ÁGUAS DE CHAPECÓ,SC,07/2022,313,228,"72,84",206,22,"90,35",85,"27,16",10,75,"23,96"
420055,ÁGUAS FRIAS,SC,07/2022,77,44,"57,14",38,6,"86,36",33,"42,86",15,18,"23,38"
420055,ÁGUAS FRIAS,SC,09/2022,79,47,"59,49",45,2,"95,74",32,"40,51",8,24,"30,38"
420055,ÁGUAS FRIAS,SC,11/2022,80,57,"71,25",57,0,"100,00",23,"28,75",0,23,"28,75"
420060,ÁGUAS MORNAS,SC,11/2022,109,94,"86,24",85,9,"90,43",15,"13,76",1,14,"12,84"
420060,ÁGUAS MORNAS,SC,09/2022,106,91,"85,85",85,6,"93,41",15,"14,15",1,14,"13,21"
420060,ÁGUAS MORNAS,SC,07/2022,89,78,"87,64",69,9,"88,46",11,"12,36",1,10,"11,24"
420070,ALFREDO WAGNER,SC,07/2022,565,445,"78,76",445,0,"100,00",120,"21,24",13,107,"18,94"
420070,ALFREDO WAGNER,SC,09/2022,577,449,"77,82",442,7,"98,44",128,"22,18",2,126,"21,84"
420070,ALFREDO WAGNER,SC,11/2022,602,570,"94,68",531,39,"93,16",32,"5,32",3,29,"4,82"
420075,ALTO BELA VISTA,SC,09/2022,24,21,"87,50",19,2,"90,48",3,"12,50",1,2,"8,33"
420075,ALTO BELA VISTA,SC,11/2022,22,20,"90,91",20,0,"100,00",2,"9,09",0,2,"9,09"
420075,ALTO BELA VISTA,SC,07/2022,20,18,"90,00",17,1,"94,44",2,"10,00",1,1,"5,00"
420080,ANCHIETA,SC,07/2022,253,205,"81,03",205,0,"100,00",48,"18,97",20,28,"11,07"
420080,ANCHIETA,SC,11/2022,241,204,"84,65",199,5,"97,55",37,"15,35",3,34,"14,11"
420080,ANCHIETA,SC,09/2022,245,203,"82,86",197,6,"97,04",42,"17,14",4,38,"15,51"
420090,ANGELINA,SC,09/2022,187,164,"87,70",160,4,"97,56",23,"12,30",2,21,"11,23"
420090,ANGELINA,SC,11/2022,183,164,"89,62",160,4,"97,56",19,"10,38",0,19,"10,38"
420090,ANGELINA,SC,07/2022,191,172,"90,05",158,14,"91,86",19,"9,95",5,14,"7,33"
420100,ANITA GARIBALDI,SC,07/2022,885,622,"70,28",558,64,"89,71",263,"29,72",50,213,"24,07"
420100,ANITA GARIBALDI,SC,11/2022,839,636,"75,80",612,24,"96,23",203,"24,20",14,189,"22,53"
420100,ANITA GARIBALDI,SC,09/2022,898,623,"69,38",559,64,"89,73",275,"30,62",81,194,"21,60"
420110,ANITÁPOLIS,SC,09/2022,200,126,"63,00",122,4,"96,83",74,"37,00",9,65,"32,50"
420110,ANITÁPOLIS,SC,11/2022,207,128,"61,84",124,4,"96,88",79,"38,16",16,63,"30,43"
420110,ANITÁPOLIS,SC,07/2022,192,112,"58,33",110,2,"98,21",80,"41,67",11,69,"35,94"
420120,ANTÔNIO CARLOS,SC,07/2022,257,198,"77,04",189,9,"95,45",59,"22,96",6,53,"20,62"
420120,ANTÔNIO CARLOS,SC,11/2022,271,237,"87,45",223,14,"94,09",34,"12,55",12,22,"8,12"
420120,ANTÔNIO CARLOS,SC,09/2022,279,244,"87,46",224,20,"91,80",35,"12,54",11,24,"8,60"
420125,APIÚNA,SC,11/2022,245,207,"84,49",207,0,"100,00",38,"15,51",11,27,"11,02"
420125,APIÚNA,SC,09/2022,238,209,"87,82",209,0,"100,00",29,"12,18",4,25,"10,50"
420125,APIÚNA,SC,07/2022,233,196,"84,12",196,0,"100,00",37,"15,88",12,25,"10,73"
420127,ARABUTÃ,SC,07/2022,75,46,"61,33",45,1,"97,83",29,"38,67",23,6,"8,00"
420127,ARABUTÃ,SC,09/2022,89,81,"91,01",71,10,"87,65",8,"8,99",7,1,"1,12"
420127,ARABUTÃ,SC,11/2022,84,82,"97,62",76,6,"92,68",2,"2,38",2,0,"0,00"
420130,ARAQUARI,SC,09/2022,2763,1870,"67,68",1737,133,"92,89",893,"32,32",68,825,"29,86"
420130,ARAQUARI,SC,11/2022,2732,2199,"80,49",2033,166,"92,45",533,"19,51",70,463,"16,95"
420130,ARAQUARI,SC,07/2022,2407,1292,"53,68",1192,100,"92,26",1115,"46,32",418,697,"28,96"
420140,ARARANGUÁ,SC,07/2022,2402,2298,"95,67",2134,164,"92,86",104,"4,33",13,91,"3,79"
420140,ARARANGUÁ,SC,09/2022,2561,2517,"98,28",2295,222,"91,18",44,"1,72",14,30,"1,17"
420140,ARARANGUÁ,SC,11/2022,2560,2497,"97,54",2362,135,"94,59",63,"2,46",6,57,"2,23"
420150,ARMAZÉM,SC,11/2022,336,266,"79,17",266,0,"100,00",70,"20,83",13,57,"16,96"
420150,ARMAZÉM,SC,09/2022,336,235,"69,94",235,0,"100,00",101,"30,06",32,69,"20,54"
420150,ARMAZÉM,SC,07/2022,302,205,"67,88",205,0,"100,00",97,"32,12",25,72,"23,84"
420160,ARROIO TRINTA,SC,07/2022,59,24,"40,68",21,3,"87,50",35,"59,32",16,19,"32,20"
420160,ARROIO TRINTA,SC,09/2022,53,30,"56,60",29,1,"96,67",23,"43,40",6,17,"32,08"
420160,ARROIO TRINTA,SC,11/2022,46,24,"52,17",21,3,"87,50",22,"47,83",7,15,"32,61"
420165,ARVOREDO,SC,09/2022,70,63,"90,00",58,5,"92,06",7,"10,00",1,6,"8,57"
420165,ARVOREDO,SC,11/2022,64,58,"90,63",56,2,"96,55",6,"9,38",0,6,"9,38"
420165,ARVOREDO,SC,07/2022,65,53,"81,54",50,3,"94,34",12,"18,46",1,11,"16,92"
420170,ASCURRA,SC,07/2022,147,82,"55,78",79,3,"96,34",65,"44,22",17,48,"32,65"
420170,ASCURRA,SC,11/2022,191,134,"70,16",128,6,"95,52",57,"29,84",2,55,"28,80"
420170,ASCURRA,SC,09/2022,162,104,"64,20",96,8,"92,31",58,"35,80",8,50,"30,86"
420180,ATALANTA,SC,11/2022,64,55,"85,94",55,0,"100,00",9,"14,06",1,8,"12,50"
420180,ATALANTA,SC,09/2022,63,53,"84,13",50,3,"94,34",10,"15,87",2,8,"12,70"
420180,ATALANTA,SC,07/2022,65,41,"63,08",41,0,"100,00",24,"36,92",9,15,"23,08"
420190,AURORA,SC,07/2022,116,110,"94,83",104,6,"94,55",6,"5,17",2,4,"3,45"
420190,AURORA,SC,09/2022,117,103,"88,03",101,2,"98,06",14,"11,97",9,5,"4,27"
420190,AURORA,SC,11/2022,108,105,"97,22",104,1,"99,05",3,"2,78",0,3,"2,78"
420195,BALNEÁRIO ARROIO DO SILVA,SC,09/2022,1021,847,"82,96",793,54,"93,62",174,"17,04",11,163,"15,96"
420195,BALNEÁRIO ARROIO DO SILVA,SC,11/2022,1054,979,"92,88",942,37,"96,22",75,"7,12",9,66,"6,26"
420195,BALNEÁRIO ARROIO DO SILVA,SC,07/2022,905,642,"70,94",608,34,"94,70",263,"29,06",16,247,"27,29"
420200,BALNEÁRIO CAMBORIÚ,SC,07/2022,2228,1437,"64,50",1396,41,"97,15",791,"35,50",28,763,"34,25"
420200,BALNEÁRIO CAMBORIÚ,SC,09/2022,2535,1650,"65,09",1603,47,"97,15",885,"34,91",35,850,"33,53"
420200,BALNEÁRIO CAMBORIÚ,SC,11/2022,2731,1836,"67,23",1774,62,"96,62",895,"32,77",19,876,"32,08"
420205,BALNEÁRIO BARRA DO SUL,SC,09/2022,1035,905,"87,44",846,59,"93,48",130,"12,56",27,103,"9,95"
420205,BALNEÁRIO BARRA DO SUL,SC,11/2022,1053,931,"88,41",912,19,"97,96",122,"11,59",14,108,"10,26"
420205,BALNEÁRIO BARRA DO SUL,SC,07/2022,998,782,"78,36",770,12,"98,47",216,"21,64",68,148,"14,83"
420207,BALNEÁRIO GAIVOTA,SC,07/2022,860,750,"87,21",728,22,"97,07",110,"12,79",5,105,"12,21"
420207,BALNEÁRIO GAIVOTA,SC,11/2022,942,854,"90,66",835,19,"97,78",88,"9,34",4,84,"8,92"
420207,BALNEÁRIO GAIVOTA,SC,09/2022,966,839,"86,85",818,21,"97,50",127,"13,15",6,121,"12,53"
420208,BANDEIRANTE,SC,11/2022,173,135,"78,03",121,14,"89,63",38,"21,97",28,10,"5,78"
420208,BANDEIRANTE,SC,09/2022,171,104,"60,82",96,8,"92,31",67,"39,18",37,30,"17,54"
420208,BANDEIRANTE,SC,07/2022,170,99,"58,24",97,2,"97,98",71,"41,76",40,31,"18,24"
420209,BARRA BONITA,SC,07/2022,81,63,"77,78",63,0,"100,00",18,"22,22",5,13,"16,05"
420209,BARRA BONITA,SC,09/2022,81,64,"79,01",64,0,"100,00",17,"20,99",3,14,"17,28"
420209,BARRA BONITA,SC,11/2022,87,66,"75,86",66,0,"100,00",21,"24,14",5,16,"18,39"
420210,BARRA VELHA,SC,11/2022,2219,1876,"84,54",1833,43,"97,71",343,"15,46",76,267,"12,03"
420210,BARRA VELHA,SC,09/2022,2113,1757,"83,15",1627,130,"92,60",356,"16,85",141,215,"10,18"
420210,BARRA VELHA,SC,07/2022,1761,1407,"79,90",1318,89,"93,67",354,"20,10",173,181,"10,28"
420213,BELA VISTA DO TOLDO,SC,07/2022,549,475,"86,52",463,12,"97,47",74,"13,48",11,63,"11,48"
420213,BELA VISTA DO TOLDO,SC,11/2022,533,520,"97,56",467,53,"89,81",13,"2,44",4,9,"1,69"
420213,BELA VISTA DO TOLDO,SC,09/2022,526,111,"21,10",111,0,"100,00",415,"78,90",345,70,"13,31"
420215,BELMONTE,SC,11/2022,129,124,"96,12",121,3,"97,58",5,"3,88",1,4,"3,10"
420215,BELMONTE,SC,09/2022,129,116,"89,92",113,3,"97,41",13,"10,08",5,8,"6,20"
420215,BELMONTE,SC,07/2022,117,104,"88,89",98,6,"94,23",13,"11,11",6,7,"5,98"
420220,BENEDITO NOVO,SC,07/2022,205,161,"78,54",136,25,"84,47",44,"21,46",0,44,"21,46"
420220,BENEDITO NOVO,SC,11/2022,217,188,"86,64",165,23,"87,77",29,"13,36",14,15,"6,91"
420220,BENEDITO NOVO,SC,09/2022,212,178,"83,96",156,22,"87,64",34,"16,04",6,28,"13,21"
420230,BIGUAÇU,SC,09/2022,3564,2223,"62,37",1983,240,"89,20",1341,"37,63",202,1139,"31,96"
420230,BIGUAÇU,SC,11/2022,3594,2552,"71,01",2346,206,"91,93",1042,"28,99",164,878,"24,43"
420230,BIGUAÇU,SC,07/2022,3181,1917,"60,26",1681,236,"87,69",1264,"39,74",221,1043,"32,79"
420240,BLUMENAU,SC,07/2022,6560,4321,"65,87",3958,363,"91,60",2239,"34,13",655,1584,"24,15"
420240,BLUMENAU,SC,11/2022,7188,4879,"67,88",4594,285,"94,16",2309,"32,12",588,1721,"23,94"
420240,BLUMENAU,SC,09/2022,7299,5411,"74,13",5027,384,"92,90",1888,"25,87",144,1744,"23,89"
420243,BOCAINA DO SUL,SC,11/2022,347,308,"88,76",287,21,"93,18",39,"11,24",2,37,"10,66"
420243,BOCAINA DO SUL,SC,09/2022,340,295,"86,76",275,20,"93,22",45,"13,24",4,41,"12,06"
420243,BOCAINA DO SUL,SC,07/2022,327,288,"88,07",243,45,"84,38",39,"11,93",0,39,"11,93"
420245,BOMBINHAS,SC,07/2022,780,682,"87,44",626,56,"91,79",98,"12,56",24,74,"9,49"
420245,BOMBINHAS,SC,11/2022,961,837,"87,10",796,41,"95,10",124,"12,90",16,108,"11,24"
420245,BOMBINHAS,SC,09/2022,922,825,"89,48",770,55,"93,33",97,"10,52",20,77,"8,35"
420250,BOM JARDIM DA SERRA,SC,11/2022,426,296,"69,48",282,14,"95,27",130,"30,52",4,126,"29,58"
420250,BOM JARDIM DA SERRA,SC,09/2022,422,289,"68,48",255,34,"88,24",133,"31,52",3,130,"30,81"
420250,BOM JARDIM DA SERRA,SC,07/2022,402,275,"68,41",271,4,"98,55",127,"31,59",7,120,"29,85"
420253,BOM JESUS,SC,07/2022,236,186,"78,81",186,0,"100,00",50,"21,19",10,40,"16,95"
420253,BOM JESUS,SC,11/2022,269,225,"83,64",225,0,"100,00",44,"16,36",5,39,"14,50"
420253,BOM JESUS,SC,09/2022,253,205,"81,03",204,1,"99,51",48,"18,97",5,43,"17,00"
420257,BOM JESUS DO OESTE,SC,11/2022,94,84,"89,36",84,0,"100,00",10,"10,64",1,9,"9,57"
420257,BOM JESUS DO OESTE,SC,09/2022,97,92,"94,85",77,15,"83,70",5,"5,15",3,2,"2,06"
420257,BOM JESUS DO OESTE,SC,07/2022,90,77,"85,56",68,9,"88,31",13,"14,44",2,11,"12,22"
420260,BOM RETIRO,SC,07/2022,823,785,"95,38",728,57,"92,74",38,"4,62",4,34,"4,13"
420260,BOM RETIRO,SC,09/2022,863,776,"89,92",753,23,"97,04",87,"10,08",5,82,"9,50"
420260,BOM RETIRO,SC,11/2022,850,796,"93,65",759,37,"95,35",54,"6,35",5,49,"5,76"
420270,BOTUVERÁ,SC,11/2022,117,90,"76,92",82,8,"91,11",27,"23,08",18,9,"7,69"
420270,BOTUVERÁ,SC,09/2022,127,99,"77,95",94,5,"94,95",28,"22,05",11,17,"13,39"
420270,BOTUVERÁ,SC,07/2022,114,51,"44,74",50,1,"98,04",63,"55,26",21,42,"36,84"
420280,BRAÇO DO NORTE,SC,07/2022,864,514,"59,49",491,23,"95,53",350,"40,51",108,242,"28,01"
420280,BRAÇO DO NORTE,SC,09/2022,981,645,"65,75",627,18,"97,21",336,"34,25",81,255,"25,99"
420280,BRAÇO DO NORTE,SC,11/2022,1003,659,"65,70",638,21,"96,81",344,"34,30",86,258,"25,72"
420285,BRAÇO DO TROMBUDO,SC,11/2022,62,60,"96,77",58,2,"96,67",2,"3,23",1,1,"1,61"
420285,BRAÇO DO TROMBUDO,SC,09/2022,67,58,"86,57",57,1,"98,28",9,"13,43",0,9,"13,43"
420285,BRAÇO DO TROMBUDO,SC,07/2022,52,41,"78,85",41,0,"100,00",11,"21,15",0,11,"21,15"
420287,BRUNÓPOLIS,SC,07/2022,191,134,"70,16",131,3,"97,76",57,"29,84",12,45,"23,56"
420287,BRUNÓPOLIS,SC,09/2022,189,137,"72,49",118,19,"86,13",52,"27,51",6,46,"24,34"
420287,BRUNÓPOLIS,SC,11/2022,181,134,"74,03",134,0,"100,00",47,"25,97",0,47,"25,97"
420290,BRUSQUE,SC,11/2022,3636,2053,"56,46",1992,61,"97,03",1583,"43,54",367,1216,"33,44"
420290,BRUSQUE,SC,09/2022,3694,1895,"51,30",1832,63,"96,68",1799,"48,70",514,1285,"34,79"
420290,BRUSQUE,SC,07/2022,3196,1161,"36,33",1124,37,"96,81",2035,"63,67",896,1139,"35,64"
420300,CAÇADOR,SC,07/2022,3054,1652,"54,09",1515,137,"91,71",1402,"45,91",218,1184,"38,77"
420300,CAÇADOR,SC,09/2022,3077,1976,"64,22",1841,135,"93,17",1101,"35,78",410,691,"22,46"
420300,CAÇADOR,SC,11/2022,3137,2913,"92,86",2609,304,"89,56",224,"7,14",25,199,"6,34"
420310,CAIBI,SC,09/2022,298,272,"91,28",268,4,"98,53",26,"8,72",10,16,"5,37"
420310,CAIBI,SC,11/2022,300,286,"95,33",266,20,"93,01",14,"4,67",12,2,"0,67"
420310,CAIBI,SC,07/2022,259,65,"25,10",61,4,"93,85",194,"74,90",105,89,"34,36"
420315,CALMON,SC,07/2022,438,286,"65,30",238,48,"83,22",152,"34,70",14,138,"31,51"
420315,CALMON,SC,11/2022,425,399,"93,88",339,60,"84,96",26,"6,12",2,24,"5,65"
420315,CALMON,SC,09/2022,417,367,"88,01",312,55,"85,01",50,"11,99",16,34,"8,15"
420320,CAMBORIÚ,SC,11/2022,3762,2585,"68,71",2543,42,"98,38",1177,"31,29",43,1134,"30,14"
420320,CAMBORIÚ,SC,09/2022,3558,1869,"52,53",1830,39,"97,91",1689,"47,47",569,1120,"31,48"
420320,CAMBORIÚ,SC,07/2022,3111,1721,"55,32",1685,36,"97,91",1390,"44,68",443,947,"30,44"
420325,CAPÃO ALTO,SC,07/2022,147,82,"55,78",80,2,"97,56",65,"44,22",10,55,"37,41"
420325,CAPÃO ALTO,SC,11/2022,155,136,"87,74",123,13,"90,44",19,"12,26",10,9,"5,81"
420325,CAPÃO ALTO,SC,09/2022,163,134,"82,21",127,7,"94,78",29,"17,79",14,15,"9,20"
420330,CAMPO ALEGRE,SC,09/2022,473,362,"76,53",343,19,"94,75",111,"23,47",92,19,"4,02"
420330,CAMPO ALEGRE,SC,11/2022,447,381,"85,23",373,8,"97,90",66,"14,77",56,10,"2,24"
420330,CAMPO ALEGRE,SC,07/2022,482,381,"79,05",338,43,"88,71",101,"20,95",79,22,"4,56"
420340,CAMPO BELO DO SUL,SC,07/2022,516,284,"55,04",249,35,"87,68",232,"44,96",90,142,"27,52"
420340,CAMPO BELO DO SUL,SC,11/2022,529,270,"51,04",244,26,"90,37",259,"48,96",147,112,"21,17"
420340,CAMPO BELO DO SUL,SC,09/2022,524,257,"49,05",247,10,"96,11",267,"50,95",150,117,"22,33"
420350,CAMPO ERÊ,SC,09/2022,763,618,"81,00",571,47,"92,39",145,"19,00",52,93,"12,19"
420350,CAMPO ERÊ,SC,11/2022,711,573,"80,59",573,0,"100,00",138,"19,41",27,111,"15,61"
420350,CAMPO ERÊ,SC,07/2022,772,571,"73,96",542,29,"94,92",201,"26,04",30,171,"22,15"
420360,CAMPOS NOVOS,SC,07/2022,883,743,"84,14",741,2,"99,73",140,"15,86",9,131,"14,84"
420360,CAMPOS NOVOS,SC,09/2022,868,786,"90,55",736,50,"93,64",82,"9,45",5,77,"8,87"
420360,CAMPOS NOVOS,SC,11/2022,861,726,"84,32",665,61,"91,60",135,"15,68",5,130,"15,10"
420370,CANELINHA,SC,09/2022,989,675,"68,25",645,30,"95,56",314,"31,75",20,294,"29,73"
420370,CANELINHA,SC,11/2022,992,687,"69,25",665,22,"96,80",305,"30,75",21,284,"28,63"
420370,CANELINHA,SC,07/2022,944,613,"64,94",584,29,"95,27",331,"35,06",39,292,"30,93"
420380,CANOINHAS,SC,07/2022,2456,2226,"90,64",2059,167,"92,50",230,"9,36",96,134,"5,46"
420380,CANOINHAS,SC,11/2022,2389,2228,"93,26",2094,134,"93,99",161,"6,74",39,122,"5,11"
420380,CANOINHAS,SC,09/2022,2480,2226,"89,76",2022,204,"90,84",254,"10,24",130,124,"5,00"
420390,CAPINZAL,SC,09/2022,413,310,"75,06",290,20,"93,55",103,"24,94",1,102,"24,70"
420390,CAPINZAL,SC,11/2022,400,378,"94,50",339,39,"89,68",22,"5,50",8,14,"3,50"
420390,CAPINZAL,SC,07/2022,384,284,"73,96",267,17,"94,01",100,"26,04",3,97,"25,26"
420395,CAPIVARI DE BAIXO,SC,07/2022,475,419,"88,21",411,8,"98,09",56,"11,79",14,42,"8,84"
420395,CAPIVARI DE BAIXO,SC,11/2022,490,386,"78,78",375,11,"97,15",104,"21,22",56,48,"9,80"
420395,CAPIVARI DE BAIXO,SC,09/2022,496,442,"89,11",433,9,"97,96",54,"10,89",7,47,"9,48"
420400,CATANDUVAS,SC,09/2022,572,486,"84,97",472,14,"97,12",86,"15,03",20,66,"11,54"
420400,CATANDUVAS,SC,11/2022,554,520,"93,86",497,23,"95,58",34,"6,14",3,31,"5,60"
420400,CATANDUVAS,SC,07/2022,543,389,"71,64",370,19,"95,12",154,"28,36",11,143,"26,34"
420410,CAXAMBU DO SUL,SC,07/2022,327,132,"40,37",127,5,"96,21",195,"59,63",118,77,"23,55"
420410,CAXAMBU DO SUL,SC,11/2022,325,229,"70,46",223,6,"97,38",96,"29,54",6,90,"27,69"
420410,CAXAMBU DO SUL,SC,09/2022,326,227,"69,63",219,8,"96,48",99,"30,37",17,82,"25,15"
420415,CELSO RAMOS,SC,09/2022,220,178,"80,91",172,6,"96,63",42,"19,09",6,36,"16,36"
420415,CELSO RAMOS,SC,11/2022,210,171,"81,43",171,0,"100,00",39,"18,57",3,36,"17,14"
420415,CELSO RAMOS,SC,07/2022,212,176,"83,02",176,0,"100,00",36,"16,98",2,34,"16,04"
420417,CERRO NEGRO,SC,07/2022,354,114,"32,20",106,8,"92,98",240,"67,80",148,92,"25,99"
420417,CERRO NEGRO,SC,11/2022,353,110,"31,16",110,0,"100,00",243,"68,84",150,93,"26,35"
420417,CERRO NEGRO,SC,09/2022,358,54,"15,08",54,0,"100,00",304,"84,92",205,99,"27,65"
420419,CHAPADÃO DO LAGEADO,SC,09/2022,99,92,"92,93",91,1,"98,91",7,"7,07",2,5,"5,05"
420419,CHAPADÃO DO LAGEADO,SC,11/2022,90,86,"95,56",84,2,"97,67",4,"4,44",2,2,"2,22"
420419,CHAPADÃO DO LAGEADO,SC,07/2022,95,94,"98,95",86,8,"91,49",1,"1,05",0,1,"1,05"
420420,CHAPECÓ,SC,07/2022,7149,5210,"72,88",4791,419,"91,96",1939,"27,12",732,1207,"16,88"
420420,CHAPECÓ,SC,11/2022,7778,6775,"87,10",6163,612,"90,97",1003,"12,90",151,852,"10,95"
420420,CHAPECÓ,SC,09/2022,7427,4660,"62,74",4223,437,"90,62",2767,"37,26",1446,1321,"17,79"
420425,COCAL DO SUL,SC,11/2022,311,223,"71,70",202,21,"90,58",88,"28,30",1,87,"27,97"
420425,COCAL DO SUL,SC,09/2022,330,229,"69,39",199,30,"86,90",101,"30,61",8,93,"28,18"
420425,COCAL DO SUL,SC,07/2022,326,233,"71,47",206,27,"88,41",93,"28,53",6,87,"26,69"
420430,CONCÓRDIA,SC,07/2022,1433,971,"67,76",847,124,"87,23",462,"32,24",57,405,"28,26"
420430,CONCÓRDIA,SC,09/2022,1489,1345,"90,33",1257,88,"93,46",144,"9,67",24,120,"8,06"
420430,CONCÓRDIA,SC,11/2022,1504,1341,"89,16",1245,96,"92,84",163,"10,84",25,138,"9,18"
420435,CORDILHEIRA ALTA,SC,09/2022,135,28,"20,74",28,0,"100,00",107,"79,26",67,40,"29,63"
420435,CORDILHEIRA ALTA,SC,11/2022,132,82,"62,12",82,0,"100,00",50,"37,88",8,42,"31,82"
420435,CORDILHEIRA ALTA,SC,07/2022,113,20,"17,70",20,0,"100,00",93,"82,30",65,28,"24,78"
420440,CORONEL FREITAS,SC,07/2022,354,203,"57,34",158,45,"77,83",151,"42,66",61,90,"25,42"
420440,CORONEL FREITAS,SC,11/2022,421,244,"57,96",233,11,"95,49",177,"42,04",56,121,"28,74"
420440,CORONEL FREITAS,SC,09/2022,382,209,"54,71",175,34,"83,73",173,"45,29",67,106,"27,75"
420445,CORONEL MARTINS,SC,11/2022,75,67,"89,33",66,1,"98,51",8,"10,67",4,4,"5,33"
420445,CORONEL MARTINS,SC,09/2022,81,70,"86,42",66,4,"94,29",11,"13,58",5,6,"7,41"
420445,CORONEL MARTINS,SC,07/2022,83,48,"57,83",45,3,"93,75",35,"42,17",29,6,"7,23"
420450,CORUPÁ,SC,07/2022,401,183,"45,64",180,3,"98,36",218,"54,36",74,144,"35,91"
420450,CORUPÁ,SC,11/2022,424,277,"65,33",258,19,"93,14",147,"34,67",11,136,"32,08"
420450,CORUPÁ,SC,09/2022,445,286,"64,27",266,20,"93,01",159,"35,73",4,155,"34,83"
420455,CORREIA PINTO,SC,09/2022,1158,689,"59,50",658,31,"95,50",469,"40,50",210,259,"22,37"
420455,CORREIA PINTO,SC,11/2022,1177,960,"81,56",937,23,"97,60",217,"18,44",66,151,"12,83"
420455,CORREIA PINTO,SC,07/2022,1145,780,"68,12",743,37,"95,26",365,"31,88",105,260,"22,71"
420460,CRICIÚMA,SC,07/2022,6043,5712,"94,52",5026,686,"87,99",331,"5,48",33,298,"4,93"
420460,CRICIÚMA,SC,09/2022,6389,6065,"94,93",5345,720,"88,13",324,"5,07",25,299,"4,68"
420460,CRICIÚMA,SC,11/2022,6236,5892,"94,48",5242,650,"88,97",344,"5,52",31,313,"5,02"
420470,CUNHA PORÃ,SC,09/2022,178,130,"73,03",118,12,"90,77",48,"26,97",4,44,"24,72"
420470,CUNHA PORÃ,SC,11/2022,177,131,"74,01",127,4,"96,95",46,"25,99",2,44,"24,86"
420470,CUNHA PORÃ,SC,07/2022,177,130,"73,45",130,0,"100,00",47,"26,55",4,43,"24,29"
420475,CUNHATAÍ,SC,07/2022,12,8,"66,67",8,0,"100,00",4,"33,33",2,2,"16,67"
420475,CUNHATAÍ,SC,11/2022,18,18,"100,00",17,1,"94,44",0,"0,00",0,0,"0,00"
420475,CUNHATAÍ,SC,09/2022,14,11,"78,57",11,0,"100,00",3,"21,43",2,1,"7,14"
420480,CURITIBANOS,SC,11/2022,2796,2472,"88,41",2431,41,"98,34",324,"11,59",18,306,"10,94"
420480,CURITIBANOS,SC,09/2022,2854,2247,"78,73",2185,62,"97,24",607,"21,27",74,533,"18,68"
420480,CURITIBANOS,SC,07/2022,2762,2130,"77,12",2024,106,"95,02",632,"22,88",81,551,"19,95"
420490,DESCANSO,SC,07/2022,202,150,"74,26",142,8,"94,67",52,"25,74",11,41,"20,30"
420490,DESCANSO,SC,11/2022,205,155,"75,61",148,7,"95,48",50,"24,39",6,44,"21,46"
420490,DESCANSO,SC,09/2022,203,111,"54,68",103,8,"92,79",92,"45,32",51,41,"20,20"
420500,DIONÍSIO CERQUEIRA,SC,11/2022,783,502,"64,11",495,7,"98,61",281,"35,89",21,260,"33,21"
420500,DIONÍSIO CERQUEIRA,SC,09/2022,804,510,"63,43",496,14,"97,25",294,"36,57",19,275,"34,20"
420500,DIONÍSIO CERQUEIRA,SC,07/2022,811,511,"63,01",484,27,"94,72",300,"36,99",25,275,"33,91"
420510,DONA EMMA,SC,07/2022,54,53,"98,15",51,2,"96,23",1,"1,85",0,1,"1,85"
420510,DONA EMMA,SC,09/2022,56,55,"98,21",54,1,"98,18",1,"1,79",1,0,"0,00"
420510,DONA EMMA,SC,11/2022,59,59,"100,00",59,0,"100,00",0,"0,00",0,0,"0,00"
420515,DOUTOR PEDRINHO,SC,09/2022,44,37,"84,09",34,3,"91,89",7,"15,91",3,4,"9,09"
420515,DOUTOR PEDRINHO,SC,11/2022,34,32,"94,12",29,3,"90,63",2,"5,88",1,1,"2,94"
420515,DOUTOR PEDRINHO,SC,07/2022,47,36,"76,60",34,2,"94,44",11,"23,40",2,9,"19,15"
420517,ENTRE RIOS,SC,07/2022,506,282,"55,73",257,25,"91,13",224,"44,27",39,185,"36,56"
420517,ENTRE RIOS,SC,09/2022,505,327,"64,75",301,26,"92,05",178,"35,25",28,150,"29,70"
420517,ENTRE RIOS,SC,11/2022,474,303,"63,92",291,12,"96,04",171,"36,08",32,139,"29,32"
420519,ERMO,SC,11/2022,161,158,"98,14",157,1,"99,37",3,"1,86",1,2,"1,24"
420519,ERMO,SC,09/2022,174,172,"98,85",157,15,"91,28",2,"1,15",1,1,"0,57"
420519,ERMO,SC,07/2022,161,141,"87,58",140,1,"99,29",20,"12,42",0,20,"12,42"
420520,ERVAL VELHO,SC,07/2022,70,53,"75,71",44,9,"83,02",17,"24,29",0,17,"24,29"
420520,ERVAL VELHO,SC,09/2022,66,64,"96,97",51,13,"79,69",2,"3,03",0,2,"3,03"
420520,ERVAL VELHO,SC,11/2022,69,62,"89,86",60,2,"96,77",7,"10,14",0,7,"10,14"
420530,FAXINAL DOS GUEDES,SC,09/2022,370,189,"51,08",186,3,"98,41",181,"48,92",152,29,"7,84"
420530,FAXINAL DOS GUEDES,SC,11/2022,365,312,"85,48",300,12,"96,15",53,"14,52",30,23,"6,30"
420530,FAXINAL DOS GUEDES,SC,07/2022,365,218,"59,73",214,4,"98,17",147,"40,27",65,82,"22,47"
420535,FLOR DO SERTÃO,SC,07/2022,64,47,"73,44",46,1,"97,87",17,"26,56",3,14,"21,88"
420535,FLOR DO SERTÃO,SC,09/2022,60,43,"71,67",42,1,"97,67",17,"28,33",3,14,"23,33"
420535,FLOR DO SERTÃO,SC,11/2022,52,37,"71,15",36,1,"97,30",15,"28,85",5,10,"19,23"
420540,FLORIANÓPOLIS,SC,09/2022,15529,9173,"59,07",8785,388,"95,77",6356,"40,93",295,6061,"39,03"
420540,FLORIANÓPOLIS,SC,11/2022,15905,9662,"60,75",9000,662,"93,15",6243,"39,25",178,6065,"38,13"
420540,FLORIANÓPOLIS,SC,07/2022,13576,6975,"51,38",6451,524,"92,49",6601,"48,62",1084,5517,"40,64"
420543,FORMOSA DO SUL,SC,07/2022,151,113,"74,83",112,1,"99,12",38,"25,17",2,36,"23,84"
420543,FORMOSA DO SUL,SC,09/2022,158,115,"72,78",114,1,"99,13",43,"27,22",1,42,"26,58"
420543,FORMOSA DO SUL,SC,11/2022,150,110,"73,33",108,2,"98,18",40,"26,67",1,39,"26,00"
420545,FORQUILHINHA,SC,11/2022,810,677,"83,58",669,8,"98,82",133,"16,42",32,101,"12,47"
420545,FORQUILHINHA,SC,09/2022,780,643,"82,44",621,22,"96,58",137,"17,56",50,87,"11,15"
420545,FORQUILHINHA,SC,07/2022,729,619,"84,91",587,32,"94,83",110,"15,09",70,40,"5,49"
420550,FRAIBURGO,SC,07/2022,1989,1330,"66,87",1242,88,"93,38",659,"33,13",14,645,"32,43"
420550,FRAIBURGO,SC,11/2022,2066,1621,"78,46",1499,122,"92,47",445,"21,54",25,420,"20,33"
420550,FRAIBURGO,SC,09/2022,2078,1391,"66,94",1300,91,"93,46",687,"33,06",38,649,"31,23"
420555,FREI ROGÉRIO,SC,11/2022,228,161,"70,61",158,3,"98,14",67,"29,39",2,65,"28,51"
420555,FREI ROGÉRIO,SC,09/2022,206,66,"32,04",66,0,"100,00",140,"67,96",70,70,"33,98"
420555,FREI ROGÉRIO,SC,07/2022,226,157,"69,47",152,5,"96,82",69,"30,53",1,68,"30,09"
420560,GALVÃO,SC,07/2022,234,183,"78,21",183,0,"100,00",51,"21,79",4,47,"20,09"
420560,GALVÃO,SC,11/2022,214,161,"75,23",156,5,"96,89",53,"24,77",5,48,"22,43"
420560,GALVÃO,SC,09/2022,234,178,"76,07",161,17,"90,45",56,"23,93",8,48,"20,51"
420570,GAROPABA,SC,11/2022,1473,1277,"86,69",1272,5,"99,61",196,"13,31",8,188,"12,76"
420570,GAROPABA,SC,09/2022,1412,1197,"84,77",1188,9,"99,25",215,"15,23",38,177,"12,54"
420570,GAROPABA,SC,07/2022,1240,798,"64,35",786,12,"98,50",442,"35,65",270,172,"13,87"
420580,GARUVA,SC,07/2022,904,758,"83,85",660,98,"87,07",146,"16,15",12,134,"14,82"
420580,GARUVA,SC,11/2022,899,704,"78,31",653,51,"92,76",195,"21,69",11,184,"20,47"
420580,GARUVA,SC,09/2022,914,680,"74,40",623,57,"91,62",234,"25,60",64,170,"18,60"
420590,GASPAR,SC,09/2022,1256,973,"77,47",934,39,"95,99",283,"22,53",21,262,"20,86"
420590,GASPAR,SC,11/2022,1213,949,"78,24",915,34,"96,42",264,"21,76",12,252,"20,77"
420590,GASPAR,SC,07/2022,1164,787,"67,61",749,38,"95,17",377,"32,39",40,337,"28,95"
420600,GOVERNADOR CELSO RAMOS,SC,07/2022,648,384,"59,26",362,22,"94,27",264,"40,74",20,244,"37,65"
420600,GOVERNADOR CELSO RAMOS,SC,09/2022,728,453,"62,23",437,16,"96,47",275,"37,77",9,266,"36,54"
420600,GOVERNADOR CELSO RAMOS,SC,11/2022,781,496,"63,51",469,27,"94,56",285,"36,49",19,266,"34,06"
420610,GRÃO PARÁ,SC,11/2022,291,254,"87,29",247,7,"97,24",37,"12,71",26,11,"3,78"
420610,GRÃO PARÁ,SC,09/2022,264,231,"87,50",220,11,"95,24",33,"12,50",20,13,"4,92"
420610,GRÃO PARÁ,SC,07/2022,217,201,"92,63",188,13,"93,53",16,"7,37",6,10,"4,61"
420620,GRAVATAL,SC,07/2022,396,279,"70,45",255,24,"91,40",117,"29,55",35,82,"20,71"
420620,GRAVATAL,SC,11/2022,407,265,"65,11",256,9,"96,60",142,"34,89",47,95,"23,34"
420620,GRAVATAL,SC,09/2022,396,244,"61,62",241,3,"98,77",152,"38,38",65,87,"21,97"
420630,GUABIRUBA,SC,09/2022,715,447,"62,52",419,28,"93,74",268,"37,48",126,142,"19,86"
420630,GUABIRUBA,SC,11/2022,732,509,"69,54",491,18,"96,46",223,"30,46",76,147,"20,08"
420630,GUABIRUBA,SC,07/2022,670,264,"39,40",259,5,"98,11",406,"60,60",294,112,"16,72"
420640,GUARACIABA,SC,07/2022,214,157,"73,36",154,3,"98,09",57,"26,64",28,29,"13,55"
420640,GUARACIABA,SC,11/2022,193,153,"79,27",141,12,"92,16",40,"20,73",33,7,"3,63"
420640,GUARACIABA,SC,09/2022,210,160,"76,19",157,3,"98,13",50,"23,81",19,31,"14,76"
420650,GUARAMIRIM,SC,11/2022,1794,1564,"87,18",1563,1,"99,94",230,"12,82",26,204,"11,37"
420650,GUARAMIRIM,SC,09/2022,1785,1568,"87,84",1504,64,"95,92",217,"12,16",20,197,"11,04"
420650,GUARAMIRIM,SC,07/2022,1665,1383,"83,06",1347,36,"97,40",282,"16,94",29,253,"15,20"
420660,GUARUJÁ DO SUL,SC,07/2022,142,112,"78,87",97,15,"86,61",30,"21,13",1,29,"20,42"
420660,GUARUJÁ DO SUL,SC,11/2022,125,120,"96,00",109,11,"90,83",5,"4,00",1,4,"3,20"
420660,GUARUJÁ DO SUL,SC,09/2022,133,106,"79,70",96,10,"90,57",27,"20,30",2,25,"18,80"
420665,GUATAMBÚ,SC,09/2022,348,278,"79,89",264,14,"94,96",70,"20,11",9,61,"17,53"
420665,GUATAMBÚ,SC,11/2022,318,289,"90,88",278,11,"96,19",29,"9,12",2,27,"8,49"
420665,GUATAMBÚ,SC,07/2022,314,249,"79,30",244,5,"97,99",65,"20,70",9,56,"17,83"
420670,HERVAL D´OESTE,SC,07/2022,515,449,"87,18",418,31,"93,10",66,"12,82",13,53,"10,29"
420670,HERVAL D´OESTE,SC,09/2022,513,449,"87,52",431,18,"95,99",64,"12,48",7,57,"11,11"
420670,HERVAL D´OESTE,SC,11/2022,372,352,"94,62",334,18,"94,89",20,"5,38",3,17,"4,57"
420675,IBIAM,SC,09/2022,131,86,"65,65",83,3,"96,51",45,"34,35",3,42,"32,06"
420675,IBIAM,SC,11/2022,118,76,"64,41",74,2,"97,37",42,"35,59",1,41,"34,75"
420675,IBIAM,SC,07/2022,107,59,"55,14",59,0,"100,00",48,"44,86",9,39,"36,45"
420680,IBICARÉ,SC,07/2022,88,81,"92,05",76,5,"93,83",7,"7,95",5,2,"2,27"
420680,IBICARÉ,SC,09/2022,94,89,"94,68",85,4,"95,51",5,"5,32",4,1,"1,06"
420680,IBICARÉ,SC,11/2022,84,82,"97,62",79,3,"96,34",2,"2,38",1,1,"1,19"
420690,IBIRAMA,SC,09/2022,388,367,"94,59",337,30,"91,83",21,"5,41",6,15,"3,87"
420690,IBIRAMA,SC,11/2022,381,362,"95,01",327,35,"90,33",19,"4,99",4,15,"3,94"
420690,IBIRAMA,SC,07/2022,364,345,"94,78",319,26,"92,46",19,"5,22",3,16,"4,40"
420700,IÇARA,SC,07/2022,1979,1684,"85,09",1471,213,"87,35",295,"14,91",19,276,"13,95"
420700,IÇARA,SC,11/2022,2063,1946,"94,33",1786,160,"91,78",117,"5,67",20,97,"4,70"
420700,IÇARA,SC,09/2022,2069,1927,"93,14",1755,172,"91,07",142,"6,86",30,112,"5,41"
420710,ILHOTA,SC,09/2022,738,653,"88,48",609,44,"93,26",85,"11,52",23,62,"8,40"
420710,ILHOTA,SC,11/2022,749,678,"90,52",647,31,"95,43",71,"9,48",13,58,"7,74"
420710,ILHOTA,SC,07/2022,690,597,"86,52",564,33,"94,47",93,"13,48",26,67,"9,71"
420720,IMARUÍ,SC,07/2022,880,305,"34,66",305,0,"100,00",575,"65,34",313,262,"29,77"
420720,IMARUÍ,SC,11/2022,903,271,"30,01",266,5,"98,15",632,"69,99",309,323,"35,77"
420720,IMARUÍ,SC,09/2022,879,138,"15,70",137,1,"99,28",741,"84,30",483,258,"29,35"
420730,IMBITUBA,SC,11/2022,2371,1980,"83,51",1965,15,"99,24",391,"16,49",11,380,"16,03"
420730,IMBITUBA,SC,09/2022,2250,1074,"47,73",1039,35,"96,74",1176,"52,27",819,357,"15,87"
420730,IMBITUBA,SC,07/2022,2160,1055,"48,84",1023,32,"96,97",1105,"51,16",766,339,"15,69"
420740,IMBUIA,SC,07/2022,187,163,"87,17",155,8,"95,09",24,"12,83",2,22,"11,76"
420740,IMBUIA,SC,11/2022,179,157,"87,71",157,0,"100,00",22,"12,29",1,21,"11,73"
420740,IMBUIA,SC,09/2022,187,157,"83,96",153,4,"97,45",30,"16,04",6,24,"12,83"
420750,INDAIAL,SC,11/2022,1156,1059,"91,61",896,163,"84,61",97,"8,39",44,53,"4,58"
420750,INDAIAL,SC,09/2022,1199,948,"79,07",872,76,"91,98",251,"20,93",54,197,"16,43"
420750,INDAIAL,SC,07/2022,1145,912,"79,65",832,80,"91,23",233,"20,35",63,170,"14,85"
420757,IOMERÊ,SC,07/2022,36,26,"72,22",26,0,"100,00",10,"27,78",1,9,"25,00"
420757,IOMERÊ,SC,09/2022,47,38,"80,85",38,0,"100,00",9,"19,15",0,9,"19,15"
420757,IOMERÊ,SC,11/2022,45,33,"73,33",31,2,"93,94",12,"26,67",2,10,"22,22"
420760,IPIRA,SC,11/2022,100,95,"95,00",90,5,"94,74",5,"5,00",3,2,"2,00"
420760,IPIRA,SC,09/2022,99,96,"96,97",89,7,"92,71",3,"3,03",1,2,"2,02"
420760,IPIRA,SC,07/2022,94,83,"88,30",79,4,"95,18",11,"11,70",5,6,"6,38"
420765,IPORÃ DO OESTE,SC,07/2022,222,194,"87,39",176,18,"90,72",28,"12,61",15,13,"5,86"
420765,IPORÃ DO OESTE,SC,09/2022,232,207,"89,22",197,10,"95,17",25,"10,78",10,15,"6,47"
420765,IPORÃ DO OESTE,SC,11/2022,232,219,"94,40",207,12,"94,52",13,"5,60",5,8,"3,45"
420768,IPUAÇU,SC,09/2022,1264,910,"71,99",826,84,"90,77",354,"28,01",37,317,"25,08"
420768,IPUAÇU,SC,11/2022,1191,796,"66,83",735,61,"92,34",395,"33,17",84,311,"26,11"
420768,IPUAÇU,SC,07/2022,1281,835,"65,18",720,115,"86,23",446,"34,82",138,308,"24,04"
420770,IPUMIRIM,SC,07/2022,149,138,"92,62",123,15,"89,13",11,"7,38",2,9,"6,04"
420770,IPUMIRIM,SC,09/2022,144,138,"95,83",123,15,"89,13",6,"4,17",0,6,"4,17"
420770,IPUMIRIM,SC,11/2022,129,117,"90,70",114,3,"97,44",12,"9,30",5,7,"5,43"
420775,IRACEMINHA,SC,11/2022,120,108,"90,00",100,8,"92,59",12,"10,00",9,3,"2,50"
420775,IRACEMINHA,SC,09/2022,122,108,"88,52",101,7,"93,52",14,"11,48",9,5,"4,10"
420775,IRACEMINHA,SC,07/2022,123,104,"84,55",98,6,"94,23",19,"15,45",13,6,"4,88"
420780,IRANI,SC,07/2022,307,235,"76,55",227,8,"96,60",72,"23,45",4,68,"22,15"
420780,IRANI,SC,11/2022,310,292,"94,19",266,26,"91,10",18,"5,81",2,16,"5,16"
420780,IRANI,SC,09/2022,310,275,"88,71",246,29,"89,45",35,"11,29",5,30,"9,68"
420785,IRATI,SC,11/2022,74,67,"90,54",62,5,"92,54",7,"9,46",2,5,"6,76"
420785,IRATI,SC,09/2022,70,62,"88,57",62,0,"100,00",8,"11,43",2,6,"8,57"
420785,IRATI,SC,07/2022,80,71,"88,75",70,1,"98,59",9,"11,25",3,6,"7,50"
420790,IRINEÓPOLIS,SC,07/2022,752,549,"73,01",503,46,"91,62",203,"26,99",43,160,"21,28"
420790,IRINEÓPOLIS,SC,11/2022,721,465,"64,49",462,3,"99,35",256,"35,51",111,145,"20,11"
420790,IRINEÓPOLIS,SC,09/2022,738,454,"61,52",427,27,"94,05",284,"38,48",121,163,"22,09"
420800,ITÁ,SC,09/2022,297,276,"92,93",245,31,"88,77",21,"7,07",11,10,"3,37"
420800,ITÁ,SC,11/2022,298,278,"93,29",249,29,"89,57",20,"6,71",7,13,"4,36"
420800,ITÁ,SC,07/2022,268,246,"91,79",213,33,"86,59",22,"8,21",8,14,"5,22"
420810,ITAIÓPOLIS,SC,07/2022,1099,740,"67,33",701,39,"94,73",359,"32,67",94,265,"24,11"
420810,ITAIÓPOLIS,SC,11/2022,1109,785,"70,78",766,19,"97,58",324,"29,22",69,255,"22,99"
420810,ITAIÓPOLIS,SC,09/2022,1115,739,"66,28",713,26,"96,48",376,"33,72",110,266,"23,86"
420820,ITAJAÍ,SC,09/2022,7595,7005,"92,23",6557,448,"93,60",590,"7,77",76,514,"6,77"
420820,ITAJAÍ,SC,11/2022,7429,6834,"91,99",6489,345,"94,95",595,"8,01",46,549,"7,39"
420820,ITAJAÍ,SC,07/2022,6808,6111,"89,76",5715,396,"93,52",697,"10,24",53,644,"9,46"
420830,ITAPEMA,SC,07/2022,2495,992,"39,76",967,25,"97,48",1503,"60,24",360,1143,"45,81"
420830,ITAPEMA,SC,11/2022,2869,1627,"56,71",1516,111,"93,18",1242,"43,29",185,1057,"36,84"
420830,ITAPEMA,SC,09/2022,2664,1043,"39,15",1001,42,"95,97",1621,"60,85",526,1095,"41,10"
420840,ITAPIRANGA,SC,09/2022,197,167,"84,77",159,8,"95,21",30,"15,23",8,22,"11,17"
420840,ITAPIRANGA,SC,11/2022,206,183,"88,83",168,15,"91,80",23,"11,17",12,11,"5,34"
420840,ITAPIRANGA,SC,07/2022,185,133,"71,89",125,8,"93,98",52,"28,11",30,22,"11,89"
420845,ITAPOÁ,SC,07/2022,1410,1015,"71,99",968,47,"95,37",395,"28,01",83,312,"22,13"
420845,ITAPOÁ,SC,09/2022,1566,1096,"69,99",956,140,"87,23",470,"30,01",51,419,"26,76"
420845,ITAPOÁ,SC,11/2022,1570,1088,"69,30",957,131,"87,96",482,"30,70",39,443,"28,22"
420850,ITUPORANGA,SC,11/2022,621,494,"79,55",479,15,"96,96",127,"20,45",6,121,"19,48"
420850,ITUPORANGA,SC,09/2022,592,429,"72,47",413,16,"96,27",163,"27,53",6,157,"26,52"
420850,ITUPORANGA,SC,07/2022,601,445,"74,04",433,12,"97,30",156,"25,96",11,145,"24,13"
420860,JABORÁ,SC,07/2022,141,109,"77,30",102,7,"93,58",32,"22,70",3,29,"20,57"
420860,JABORÁ,SC,09/2022,144,135,"93,75",124,11,"91,85",9,"6,25",5,4,"2,78"
420860,JABORÁ,SC,11/2022,141,136,"96,45",127,9,"93,38",5,"3,55",1,4,"2,84"
420870,JACINTO MACHADO,SC,11/2022,454,446,"98,24",420,26,"94,17",8,"1,76",1,7,"1,54"
420870,JACINTO MACHADO,SC,09/2022,482,449,"93,15",426,23,"94,88",33,"6,85",5,28,"5,81"
420870,JACINTO MACHADO,SC,07/2022,481,362,"75,26",353,9,"97,51",119,"24,74",3,116,"24,12"
420880,JAGUARUNA,SC,07/2022,820,564,"68,78",499,65,"88,48",256,"31,22",28,228,"27,80"
420880,JAGUARUNA,SC,09/2022,868,587,"67,63",509,78,"86,71",281,"32,37",43,238,"27,42"
420880,JAGUARUNA,SC,11/2022,855,747,"87,37",630,117,"84,34",108,"12,63",23,85,"9,94"
420890,JARAGUÁ DO SUL,SC,09/2022,3354,2960,"88,25",2825,135,"95,44",394,"11,75",205,189,"5,64"
420890,JARAGUÁ DO SUL,SC,11/2022,3434,2935,"85,47",2797,138,"95,30",499,"14,53",295,204,"5,94"
420890,JARAGUÁ DO SUL,SC,07/2022,3255,2848,"87,50",2707,141,"95,05",407,"12,50",40,367,"11,27"
420895,JARDINÓPOLIS,SC,07/2022,80,57,"71,25",56,1,"98,25",23,"28,75",10,13,"16,25"
420895,JARDINÓPOLIS,SC,11/2022,83,80,"96,39",74,6,"92,50",3,"3,61",1,2,"2,41"
420895,JARDINÓPOLIS,SC,09/2022,81,20,"24,69",19,1,"95,00",61,"75,31",45,16,"19,75"
420900,JOAÇABA,SC,11/2022,661,640,"96,82",588,52,"91,88",21,"3,18",2,19,"2,87"
420900,JOAÇABA,SC,09/2022,700,684,"97,71",614,70,"89,77",16,"2,29",5,11,"1,57"
420900,JOAÇABA,SC,07/2022,679,633,"93,23",585,48,"92,42",46,"6,77",17,29,"4,27"
420910,JOINVILLE,SC,07/2022,14232,9538,"67,02",8733,805,"91,56",4694,"32,98",2874,1820,"12,79"
420910,JOINVILLE,SC,09/2022,15962,13322,"83,46",12384,938,"92,96",2640,"16,54",733,1907,"11,95"
420910,JOINVILLE,SC,11/2022,16502,14484,"87,77",13636,848,"94,15",2018,"12,23",332,1686,"10,22"
420915,JOSÉ BOITEUX,SC,11/2022,642,584,"90,97",540,44,"92,47",58,"9,03",2,56,"8,72"
420915,JOSÉ BOITEUX,SC,09/2022,635,580,"91,34",559,21,"96,38",55,"8,66",0,55,"8,66"
420915,JOSÉ BOITEUX,SC,07/2022,638,586,"91,85",541,45,"92,32",52,"8,15",4,48,"7,52"
420917,JUPIÁ,SC,07/2022,120,103,"85,83",88,15,"85,44",17,"14,17",3,14,"11,67"
420917,JUPIÁ,SC,11/2022,125,106,"84,80",93,13,"87,74",19,"15,20",1,18,"14,40"
420917,JUPIÁ,SC,09/2022,130,110,"84,62",99,11,"90,00",20,"15,38",2,18,"13,85"
420920,LACERDÓPOLIS,SC,11/2022,19,19,"100,00",19,0,"100,00",0,"0,00",0,0,"0,00"
420920,LACERDÓPOLIS,SC,09/2022,25,22,"88,00",22,0,"100,00",3,"12,00",2,1,"4,00"
420920,LACERDÓPOLIS,SC,07/2022,28,18,"64,29",17,1,"94,44",10,"35,71",1,9,"32,14"
420930,LAGES,SC,07/2022,10287,8618,"83,78",8394,224,"97,40",1669,"16,22",154,1515,"14,73"
420930,LAGES,SC,09/2022,10360,9446,"91,18",8863,583,"93,83",914,"8,82",218,696,"6,72"
420930,LAGES,SC,11/2022,10438,9892,"94,77",8974,918,"90,72",546,"5,23",120,426,"4,08"
420940,LAGUNA,SC,09/2022,1257,856,"68,10",799,57,"93,34",401,"31,90",90,311,"24,74"
420940,LAGUNA,SC,11/2022,1315,990,"75,29",956,34,"96,57",325,"24,71",9,316,"24,03"
420940,LAGUNA,SC,07/2022,1232,708,"57,47",641,67,"90,54",524,"42,53",234,290,"23,54"
420945,LAJEADO GRANDE,SC,07/2022,77,62,"80,52",61,1,"98,39",15,"19,48",6,9,"11,69"
420945,LAJEADO GRANDE,SC,09/2022,90,70,"77,78",68,2,"97,14",20,"22,22",10,10,"11,11"
420945,LAJEADO GRANDE,SC,11/2022,88,71,"80,68",68,3,"95,77",17,"19,32",7,10,"11,36"
420950,LAURENTINO,SC,09/2022,128,115,"89,84",112,3,"97,39",13,"10,16",6,7,"5,47"
420950,LAURENTINO,SC,11/2022,137,129,"94,16",120,9,"93,02",8,"5,84",2,6,"4,38"
420950,LAURENTINO,SC,07/2022,107,83,"77,57",79,4,"95,18",24,"22,43",8,16,"14,95"
420960,LAURO MULLER,SC,07/2022,539,377,"69,94",370,7,"98,14",162,"30,06",8,154,"28,57"
420960,LAURO MULLER,SC,09/2022,531,368,"69,30",354,14,"96,20",163,"30,70",16,147,"27,68"
420960,LAURO MULLER,SC,11/2022,529,396,"74,86",380,16,"95,96",133,"25,14",2,131,"24,76"
420970,LEBON RÉGIS,SC,09/2022,1298,737,"56,78",719,18,"97,56",561,"43,22",147,414,"31,90"
420970,LEBON RÉGIS,SC,11/2022,1314,1148,"87,37",1117,31,"97,30",166,"12,63",64,102,"7,76"
420970,LEBON RÉGIS,SC,07/2022,1256,739,"58,84",725,14,"98,11",517,"41,16",145,372,"29,62"
420980,LEOBERTO LEAL,SC,07/2022,266,191,"71,80",186,5,"97,38",75,"28,20",17,58,"21,80"
420980,LEOBERTO LEAL,SC,09/2022,269,203,"75,46",201,2,"99,01",66,"24,54",5,61,"22,68"
420980,LEOBERTO LEAL,SC,11/2022,261,200,"76,63",196,4,"98,00",61,"23,37",8,53,"20,31"
420985,LINDÓIA DO SUL,SC,09/2022,128,114,"89,06",102,12,"89,47",14,"10,94",3,11,"8,59"
420985,LINDÓIA DO SUL,SC,11/2022,122,117,"95,90",110,7,"94,02",5,"4,10",0,5,"4,10"
420985,LINDÓIA DO SUL,SC,07/2022,131,85,"64,89",80,5,"94,12",46,"35,11",10,36,"27,48"
420990,LONTRAS,SC,07/2022,160,133,"83,13",129,4,"96,99",27,"16,88",1,26,"16,25"
420990,LONTRAS,SC,11/2022,178,156,"87,64",148,8,"94,87",22,"12,36",0,22,"12,36"
420990,LONTRAS,SC,09/2022,176,152,"86,36",144,8,"94,74",24,"13,64",0,24,"13,64"
421000,LUIZ ALVES,SC,09/2022,321,270,"84,11",258,12,"95,56",51,"15,89",5,46,"14,33"
421000,LUIZ ALVES,SC,11/2022,317,268,"84,54",250,18,"93,28",49,"15,46",4,45,"14,20"
421000,LUIZ ALVES,SC,07/2022,262,78,"29,77",77,1,"98,72",184,"70,23",154,30,"11,45"
421003,LUZERNA,SC,07/2022,41,34,"82,93",29,5,"85,29",7,"17,07",0,7,"17,07"
421003,LUZERNA,SC,11/2022,62,61,"98,39",53,8,"86,89",1,"1,61",1,0,"0,00"
421003,LUZERNA,SC,09/2022,57,57,"100,00",51,6,"89,47",0,"0,00",0,0,"0,00"
421005,MACIEIRA,SC,09/2022,64,47,"73,44",46,1,"97,87",17,"26,56",0,17,"26,56"
421005,MACIEIRA,SC,11/2022,68,58,"85,29",56,2,"96,55",10,"14,71",4,6,"8,82"
421005,MACIEIRA,SC,07/2022,59,41,"69,49",41,0,"100,00",18,"30,51",1,17,"28,81"
421010,MAFRA,SC,07/2022,1748,1143,"65,39",1005,138,"87,93",605,"34,61",162,443,"25,34"
421010,MAFRA,SC,09/2022,1783,1206,"67,64",1072,134,"88,89",577,"32,36",122,455,"25,52"
421010,MAFRA,SC,11/2022,1761,1436,"81,54",1314,122,"91,50",325,"18,46",36,289,"16,41"
421020,MAJOR GERCINO,SC,11/2022,293,221,"75,43",221,0,"100,00",72,"24,57",2,70,"23,89"
421020,MAJOR GERCINO,SC,09/2022,296,218,"73,65",207,11,"94,95",78,"26,35",4,74,"25,00"
421020,MAJOR GERCINO,SC,07/2022,267,188,"70,41",181,7,"96,28",79,"29,59",9,70,"26,22"
421030,MAJOR VIEIRA,SC,07/2022,573,459,"80,10",428,31,"93,25",114,"19,90",10,104,"18,15"
421030,MAJOR VIEIRA,SC,11/2022,555,447,"80,54",445,2,"99,55",108,"19,46",8,100,"18,02"
421030,MAJOR VIEIRA,SC,09/2022,579,442,"76,34",437,5,"98,87",137,"23,66",14,123,"21,24"
421040,MARACAJÁ,SC,09/2022,332,319,"96,08",301,18,"94,36",13,"3,92",1,12,"3,61"
421040,MARACAJÁ,SC,11/2022,328,318,"96,95",307,11,"96,54",10,"3,05",0,10,"3,05"
421040,MARACAJÁ,SC,07/2022,331,312,"94,26",288,24,"92,31",19,"5,74",0,19,"5,74"
421050,MARAVILHA,SC,07/2022,511,296,"57,93",290,6,"97,97",215,"42,07",86,129,"25,24"
421050,MARAVILHA,SC,09/2022,530,329,"62,08",323,6,"98,18",201,"37,92",74,127,"23,96"
421050,MARAVILHA,SC,11/2022,523,392,"74,95",385,7,"98,21",131,"25,05",8,123,"23,52"
421055,MAREMA,SC,09/2022,62,45,"72,58",44,1,"97,78",17,"27,42",1,16,"25,81"
421055,MAREMA,SC,11/2022,57,42,"73,68",41,1,"97,62",15,"26,32",2,13,"22,81"
421055,MAREMA,SC,07/2022,61,35,"57,38",33,2,"94,29",26,"42,62",12,14,"22,95"
421060,MASSARANDUBA,SC,07/2022,355,119,"33,52",113,6,"94,96",236,"66,48",118,118,"33,24"
421060,MASSARANDUBA,SC,09/2022,407,328,"80,59",315,13,"96,04",79,"19,41",2,77,"18,92"
421060,MASSARANDUBA,SC,11/2022,416,301,"72,36",298,3,"99,00",115,"27,64",39,76,"18,27"
421070,MATOS COSTA,SC,09/2022,238,191,"80,25",169,22,"88,48",47,"19,75",9,38,"15,97"
421070,MATOS COSTA,SC,11/2022,237,195,"82,28",175,20,"89,74",42,"17,72",1,41,"17,30"
421070,MATOS COSTA,SC,07/2022,248,195,"78,63",177,18,"90,77",53,"21,37",7,46,"18,55"
421080,MELEIRO,SC,07/2022,361,336,"93,07",288,48,"85,71",25,"6,93",6,19,"5,26"
421080,MELEIRO,SC,11/2022,336,313,"93,15",291,22,"92,97",23,"6,85",9,14,"4,17"
421080,MELEIRO,SC,09/2022,359,333,"92,76",296,37,"88,89",26,"7,24",8,18,"5,01"
421085,MIRIM DOCE,SC,09/2022,64,45,"70,31",45,0,"100,00",19,"29,69",2,17,"26,56"
421085,MIRIM DOCE,SC,11/2022,66,49,"74,24",49,0,"100,00",17,"25,76",1,16,"24,24"
421085,MIRIM DOCE,SC,07/2022,54,22,"40,74",22,0,"100,00",32,"59,26",16,16,"29,63"
421090,MODELO,SC,07/2022,80,42,"52,50",37,5,"88,10",38,"47,50",33,5,"6,25"
421090,MODELO,SC,11/2022,80,68,"85,00",60,8,"88,24",12,"15,00",4,8,"10,00"
421090,MODELO,SC,09/2022,91,77,"84,62",63,14,"81,82",14,"15,38",8,6,"6,59"
421100,MONDAÍ,SC,11/2022,216,164,"75,93",161,3,"98,17",52,"24,07",6,46,"21,30"
421100,MONDAÍ,SC,09/2022,216,159,"73,61",157,2,"98,74",57,"26,39",15,42,"19,44"
421100,MONDAÍ,SC,07/2022,216,107,"49,54",107,0,"100,00",109,"50,46",71,38,"17,59"
421105,MONTE CARLO,SC,07/2022,878,658,"74,94",620,38,"94,22",220,"25,06",8,212,"24,15"
421105,MONTE CARLO,SC,09/2022,877,652,"74,34",620,32,"95,09",225,"25,66",6,219,"24,97"
421105,MONTE CARLO,SC,11/2022,821,606,"73,81",591,15,"97,52",215,"26,19",6,209,"25,46"
421110,MONTE CASTELO,SC,11/2022,877,711,"81,07",711,0,"100,00",166,"18,93",2,164,"18,70"
421110,MONTE CASTELO,SC,09/2022,882,580,"65,76",579,1,"99,83",302,"34,24",19,283,"32,09"
421110,MONTE CASTELO,SC,07/2022,859,565,"65,77",559,6,"98,94",294,"34,23",9,285,"33,18"
421120,MORRO DA FUMAÇA,SC,07/2022,566,434,"76,68",404,30,"93,09",132,"23,32",26,106,"18,73"
421120,MORRO DA FUMAÇA,SC,11/2022,603,494,"81,92",460,34,"93,12",109,"18,08",3,106,"17,58"
421120,MORRO DA FUMAÇA,SC,09/2022,610,490,"80,33",463,27,"94,49",120,"19,67",8,112,"18,36"
421125,MORRO GRANDE,SC,11/2022,179,171,"95,53",170,1,"99,42",8,"4,47",1,7,"3,91"
421125,MORRO GRANDE,SC,09/2022,182,178,"97,80",161,17,"90,45",4,"2,20",4,0,"0,00"
421125,MORRO GRANDE,SC,07/2022,172,168,"97,67",156,12,"92,86",4,"2,33",2,2,"1,16"
421130,NAVEGANTES,SC,07/2022,4433,2969,"66,97",2938,31,"98,96",1464,"33,03",94,1370,"30,90"
421130,NAVEGANTES,SC,11/2022,4837,3429,"70,89",3429,0,"100,00",1408,"29,11",11,1397,"28,88"
421130,NAVEGANTES,SC,09/2022,4865,3403,"69,95",3403,0,"100,00",1462,"30,05",23,1439,"29,58"
421140,NOVA ERECHIM,SC,11/2022,145,95,"65,52",89,6,"93,68",50,"34,48",15,35,"24,14"
421140,NOVA ERECHIM,SC,09/2022,129,34,"26,36",34,0,"100,00",95,"73,64",64,31,"24,03"
421140,NOVA ERECHIM,SC,07/2022,115,41,"35,65",41,0,"100,00",74,"64,35",39,35,"30,43"
421145,NOVA ITABERABA,SC,07/2022,196,24,"12,24",24,0,"100,00",172,"87,76",145,27,"13,78"
421145,NOVA ITABERABA,SC,11/2022,202,159,"78,71",155,4,"97,48",43,"21,29",3,40,"19,80"
421145,NOVA ITABERABA,SC,09/2022,194,153,"78,87",145,8,"94,77",41,"21,13",11,30,"15,46"
421150,NOVA TRENTO,SC,09/2022,404,345,"85,40",319,26,"92,46",59,"14,60",11,48,"11,88"
421150,NOVA TRENTO,SC,11/2022,360,316,"87,78",301,15,"95,25",44,"12,22",6,38,"10,56"
421150,NOVA TRENTO,SC,07/2022,396,312,"78,79",291,21,"93,27",84,"21,21",8,76,"19,19"
421160,NOVA VENEZA,SC,07/2022,361,297,"82,27",281,16,"94,61",64,"17,73",9,55,"15,24"
421160,NOVA VENEZA,SC,11/2022,361,311,"86,15",294,17,"94,53",50,"13,85",5,45,"12,47"
421160,NOVA VENEZA,SC,09/2022,379,328,"86,54",312,16,"95,12",51,"13,46",6,45,"11,87"
421165,NOVO HORIZONTE,SC,11/2022,99,91,"91,92",84,7,"92,31",8,"8,08",4,4,"4,04"
421165,NOVO HORIZONTE,SC,09/2022,111,106,"95,50",106,0,"100,00",5,"4,50",1,4,"3,60"
421165,NOVO HORIZONTE,SC,07/2022,95,0,"0,00",0,0,,95,"100,00",90,5,"5,26"
421170,ORLEANS,SC,07/2022,873,786,"90,03",727,59,"92,49",87,"9,97",16,71,"8,13"
421170,ORLEANS,SC,11/2022,838,814,"97,14",735,79,"90,29",24,"2,86",11,13,"1,55"
421170,ORLEANS,SC,09/2022,892,868,"97,31",768,100,"88,48",24,"2,69",16,8,"0,90"
421175,OTACÍLIO COSTA,SC,09/2022,656,521,"79,42",497,24,"95,39",135,"20,58",18,117,"17,84"
421175,OTACÍLIO COSTA,SC,11/2022,640,518,"80,94",499,19,"96,33",122,"19,06",20,102,"15,94"
421175,OTACÍLIO COSTA,SC,07/2022,629,473,"75,20",449,24,"94,93",156,"24,80",27,129,"20,51"
421180,OURO,SC,07/2022,135,95,"70,37",89,6,"93,68",40,"29,63",4,36,"26,67"
421180,OURO,SC,09/2022,141,96,"68,09",93,3,"96,88",45,"31,91",4,41,"29,08"
421180,OURO,SC,11/2022,143,137,"95,80",130,7,"94,89",6,"4,20",4,2,"1,40"
421185,OURO VERDE,SC,11/2022,173,146,"84,39",125,21,"85,62",27,"15,61",12,15,"8,67"
421185,OURO VERDE,SC,09/2022,173,153,"88,44",121,32,"79,08",20,"11,56",4,16,"9,25"
421185,OURO VERDE,SC,07/2022,170,121,"71,18",98,23,"80,99",49,"28,82",30,19,"11,18"
421187,PAIAL,SC,09/2022,103,86,"83,50",80,6,"93,02",17,"16,50",14,3,"2,91"
421187,PAIAL,SC,07/2022,107,87,"81,31",80,7,"91,95",20,"18,69",17,3,"2,80"
421187,PAIAL,SC,11/2022,91,87,"95,60",86,1,"98,85",4,"4,40",2,2,"2,20"
421189,PAINEL,SC,11/2022,196,148,"75,51",147,1,"99,32",48,"24,49",7,41,"20,92"
421189,PAINEL,SC,07/2022,202,91,"45,05",90,1,"98,90",111,"54,95",69,42,"20,79"
421189,PAINEL,SC,09/2022,207,151,"72,95",151,0,"100,00",56,"27,05",11,45,"21,74"
421190,PALHOÇA,SC,09/2022,6855,5803,"84,65",5205,598,"89,69",1052,"15,35",143,909,"13,26"
421190,PALHOÇA,SC,07/2022,5898,4868,"82,54",4443,425,"91,27",1030,"17,46",170,860,"14,58"
421190,PALHOÇA,SC,11/2022,7237,6202,"85,70",5715,487,"92,15",1035,"14,30",41,994,"13,73"
421200,PALMA SOLA,SC,11/2022,442,328,"74,21",301,27,"91,77",114,"25,79",4,110,"24,89"
421200,PALMA SOLA,SC,07/2022,448,285,"63,62",263,22,"92,28",163,"36,38",29,134,"29,91"
421200,PALMA SOLA,SC,09/2022,462,317,"68,61",300,17,"94,64",145,"31,39",30,115,"24,89"
421205,PALMEIRA,SC,09/2022,124,80,"64,52",80,0,"100,00",44,"35,48",1,43,"34,68"
421205,PALMEIRA,SC,07/2022,110,61,"55,45",61,0,"100,00",49,"44,55",6,43,"39,09"
421205,PALMEIRA,SC,11/2022,133,89,"66,92",89,0,"100,00",44,"33,08",1,43,"32,33"
421210,PALMITOS,SC,11/2022,542,478,"88,19",419,59,"87,66",64,"11,81",5,59,"10,89"
421210,PALMITOS,SC,09/2022,537,454,"84,54",439,15,"96,70",83,"15,46",31,52,"9,68"
421210,PALMITOS,SC,07/2022,545,342,"62,75",318,24,"92,98",203,"37,25",33,170,"31,19"
421220,PAPANDUVA,SC,07/2022,957,771,"80,56",692,79,"89,75",186,"19,44",26,160,"16,72"
421220,PAPANDUVA,SC,09/2022,970,738,"76,08",676,62,"91,60",232,"23,92",69,163,"16,80"
421220,PAPANDUVA,SC,11/2022,946,776,"82,03",732,44,"94,33",170,"17,97",19,151,"15,96"
421223,PARAÍSO,SC,11/2022,230,177,"76,96",98,79,"55,37",53,"23,04",18,35,"15,22"
421223,PARAÍSO,SC,07/2022,214,150,"70,09",143,7,"95,33",64,"29,91",33,31,"14,49"
421223,PARAÍSO,SC,09/2022,223,164,"73,54",160,4,"97,56",59,"26,46",25,34,"15,25"
421225,PASSO DE TORRES,SC,09/2022,851,830,"97,53",742,88,"89,40",21,"2,47",12,9,"1,06"
421225,PASSO DE TORRES,SC,07/2022,743,520,"69,99",506,14,"97,31",223,"30,01",8,215,"28,94"
421225,PASSO DE TORRES,SC,11/2022,860,810,"94,19",768,42,"94,81",50,"5,81",5,45,"5,23"
421227,PASSOS MAIA,SC,11/2022,361,313,"86,70",296,17,"94,57",48,"13,30",15,33,"9,14"
421227,PASSOS MAIA,SC,07/2022,396,317,"80,05",289,28,"91,17",79,"19,95",32,47,"11,87"
421227,PASSOS MAIA,SC,09/2022,378,313,"82,80",288,25,"92,01",65,"17,20",25,40,"10,58"
421230,PAULO LOPES,SC,09/2022,343,308,"89,80",292,16,"94,81",35,"10,20",13,22,"6,41"
421230,PAULO LOPES,SC,07/2022,334,294,"88,02",266,28,"90,48",40,"11,98",17,23,"6,89"
421230,PAULO LOPES,SC,11/2022,334,309,"92,51",298,11,"96,44",25,"7,49",3,22,"6,59"
421240,PEDRAS GRANDES,SC,11/2022,92,87,"94,57",79,8,"90,80",5,"5,43",0,5,"5,43"
421240,PEDRAS GRANDES,SC,07/2022,87,82,"94,25",74,8,"90,24",5,"5,75",4,1,"1,15"
421240,PEDRAS GRANDES,SC,09/2022,89,84,"94,38",77,7,"91,67",5,"5,62",2,3,"3,37"
421250,PENHA,SC,09/2022,1306,834,"63,86",756,78,"90,65",472,"36,14",42,430,"32,92"
421250,PENHA,SC,07/2022,1139,717,"62,95",667,50,"93,03",422,"37,05",10,412,"36,17"
421250,PENHA,SC,11/2022,1399,915,"65,40",871,44,"95,19",484,"34,60",36,448,"32,02"
421260,PERITIBA,SC,11/2022,28,23,"82,14",22,1,"95,65",5,"17,86",1,4,"14,29"
421260,PERITIBA,SC,07/2022,36,27,"75,00",24,3,"88,89",9,"25,00",3,6,"16,67"
421260,PERITIBA,SC,09/2022,37,29,"78,38",25,4,"86,21",8,"21,62",2,6,"16,22"
421265,PESCARIA BRAVA,SC,07/2022,623,191,"30,66",191,0,"100,00",432,"69,34",10,422,"67,74"
421265,PESCARIA BRAVA,SC,09/2022,674,234,"34,72",233,1,"99,57",440,"65,28",13,427,"63,35"
421265,PESCARIA BRAVA,SC,11/2022,683,368,"53,88",368,0,"100,00",315,"46,12",71,244,"35,72"
421270,PETROLÂNDIA,SC,11/2022,188,174,"92,55",174,0,"100,00",14,"7,45",3,11,"5,85"
421270,PETROLÂNDIA,SC,07/2022,166,147,"88,55",147,0,"100,00",19,"11,45",4,15,"9,04"
421270,PETROLÂNDIA,SC,09/2022,179,122,"68,16",122,0,"100,00",57,"31,84",42,15,"8,38"
421280,BALNEÁRIO PIÇARRAS,SC,09/2022,1374,486,"35,37",448,38,"92,18",888,"64,63",459,429,"31,22"
421280,BALNEÁRIO PIÇARRAS,SC,07/2022,1209,622,"51,45",586,36,"94,21",587,"48,55",192,395,"32,67"
421280,BALNEÁRIO PIÇARRAS,SC,11/2022,1415,858,"60,64",824,34,"96,04",557,"39,36",124,433,"30,60"
421290,PINHALZINHO,SC,11/2022,288,264,"91,67",227,37,"85,98",24,"8,33",4,20,"6,94"
421290,PINHALZINHO,SC,07/2022,297,196,"65,99",148,48,"75,51",101,"34,01",65,36,"12,12"
421290,PINHALZINHO,SC,09/2022,297,250,"84,18",218,32,"87,20",47,"15,82",10,37,"12,46"
421300,PINHEIRO PRETO,SC,07/2022,96,78,"81,25",78,0,"100,00",18,"18,75",2,16,"16,67"
421300,PINHEIRO PRETO,SC,09/2022,113,90,"79,65",90,0,"100,00",23,"20,35",4,19,"16,81"
421300,PINHEIRO PRETO,SC,11/2022,114,91,"79,82",91,0,"100,00",23,"20,18",4,19,"16,67"
421310,PIRATUBA,SC,11/2022,154,147,"95,45",146,1,"99,32",7,"4,55",2,5,"3,25"
421310,PIRATUBA,SC,07/2022,150,125,"83,33",115,10,"92,00",25,"16,67",3,22,"14,67"
421310,PIRATUBA,SC,09/2022,157,124,"78,98",110,14,"88,71",33,"21,02",12,21,"13,38"
421315,PLANALTO ALEGRE,SC,09/2022,121,83,"68,60",75,8,"90,36",38,"31,40",6,32,"26,45"
421315,PLANALTO ALEGRE,SC,07/2022,121,89,"73,55",82,7,"92,13",32,"26,45",2,30,"24,79"
421315,PLANALTO ALEGRE,SC,11/2022,120,112,"93,33",106,6,"94,64",8,"6,67",2,6,"5,00"
421320,POMERODE,SC,11/2022,130,123,"94,62",110,13,"89,43",7,"5,38",0,7,"5,38"
421320,POMERODE,SC,07/2022,130,112,"86,15",99,13,"88,39",18,"13,85",0,18,"13,85"
421320,POMERODE,SC,09/2022,155,140,"90,32",128,12,"91,43",15,"9,68",0,15,"9,68"
421330,PONTE ALTA,SC,09/2022,292,92,"31,51",82,10,"89,13",200,"68,49",158,42,"14,38"
421330,PONTE ALTA,SC,07/2022,293,89,"30,38",81,8,"91,01",204,"69,62",160,44,"15,02"
421330,PONTE ALTA,SC,11/2022,287,97,"33,80",90,7,"92,78",190,"66,20",150,40,"13,94"
421335,PONTE ALTA DO NORTE,SC,11/2022,319,295,"92,48",295,0,"100,00",24,"7,52",1,23,"7,21"
421335,PONTE ALTA DO NORTE,SC,09/2022,296,0,"0,00",0,0,,296,"100,00",240,56,"18,92"
421335,PONTE ALTA DO NORTE,SC,07/2022,281,88,"31,32",88,0,"100,00",193,"68,68",137,56,"19,93"
421340,PONTE SERRADA,SC,07/2022,865,701,"81,04",663,38,"94,58",164,"18,96",43,121,"13,99"
421340,PONTE SERRADA,SC,09/2022,863,706,"81,81",674,32,"95,47",157,"18,19",38,119,"13,79"
421340,PONTE SERRADA,SC,11/2022,847,704,"83,12",680,24,"96,59",143,"16,88",55,88,"10,39"
421350,PORTO BELO,SC,11/2022,876,559,"63,81",559,0,"100,00",317,"36,19",4,313,"35,73"
421350,PORTO BELO,SC,09/2022,850,503,"59,18",491,12,"97,61",347,"40,82",3,344,"40,47"
421350,PORTO BELO,SC,07/2022,780,487,"62,44",486,1,"99,79",293,"37,56",23,270,"34,62"
421360,PORTO UNIÃO,SC,07/2022,1203,978,"81,30",945,33,"96,63",225,"18,70",11,214,"17,79"
421360,PORTO UNIÃO,SC,09/2022,1195,1030,"86,19",995,35,"96,60",165,"13,81",7,158,"13,22"
421360,PORTO UNIÃO,SC,11/2022,1160,1027,"88,53",961,66,"93,57",133,"11,47",1,132,"11,38"
421370,POUSO REDONDO,SC,11/2022,422,273,"64,69",269,4,"98,53",149,"35,31",71,78,"18,48"
421370,POUSO REDONDO,SC,09/2022,406,252,"62,07",249,3,"98,81",154,"37,93",82,72,"17,73"
421370,POUSO REDONDO,SC,07/2022,369,221,"59,89",212,9,"95,93",148,"40,11",81,67,"18,16"
421380,PRAIA GRANDE,SC,07/2022,529,448,"84,69",439,9,"97,99",81,"15,31",5,76,"14,37"
421380,PRAIA GRANDE,SC,09/2022,519,508,"97,88",460,48,"90,55",11,"2,12",3,8,"1,54"
421380,PRAIA GRANDE,SC,11/2022,495,460,"92,93",457,3,"99,35",35,"7,07",5,30,"6,06"
421390,PRESIDENTE CASTELO BRANCO,SC,11/2022,49,49,"100,00",46,3,"93,88",0,"0,00",0,0,"0,00"
421390,PRESIDENTE CASTELO BRANCO,SC,07/2022,38,37,"97,37",35,2,"94,59",1,"2,63",1,0,"0,00"
421390,PRESIDENTE CASTELO BRANCO,SC,09/2022,46,44,"95,65",38,6,"86,36",2,"4,35",1,1,"2,17"
421400,PRESIDENTE GETÚLIO,SC,07/2022,312,242,"77,56",241,1,"99,59",70,"22,44",5,65,"20,83"
421400,PRESIDENTE GETÚLIO,SC,09/2022,337,262,"77,74",259,3,"98,85",75,"22,26",4,71,"21,07"
421400,PRESIDENTE GETÚLIO,SC,11/2022,329,249,"75,68",245,4,"98,39",80,"24,32",5,75,"22,80"
421410,PRESIDENTE NEREU,SC,11/2022,67,64,"95,52",61,3,"95,31",3,"4,48",0,3,"4,48"
421410,PRESIDENTE NEREU,SC,09/2022,67,61,"91,04",60,1,"98,36",6,"8,96",1,5,"7,46"
421410,PRESIDENTE NEREU,SC,07/2022,61,56,"91,80",54,2,"96,43",5,"8,20",1,4,"6,56"
421415,PRINCESA,SC,09/2022,79,59,"74,68",59,0,"100,00",20,"25,32",1,19,"24,05"
421415,PRINCESA,SC,07/2022,72,55,"76,39",55,0,"100,00",17,"23,61",1,16,"22,22"
421415,PRINCESA,SC,11/2022,76,60,"78,95",60,0,"100,00",16,"21,05",0,16,"21,05"
421420,QUILOMBO,SC,11/2022,391,293,"74,94",271,22,"92,49",98,"25,06",5,93,"23,79"
421420,QUILOMBO,SC,07/2022,361,246,"68,14",228,18,"92,68",115,"31,86",35,80,"22,16"
421420,QUILOMBO,SC,09/2022,384,292,"76,04",266,26,"91,10",92,"23,96",8,84,"21,88"
421430,RANCHO QUEIMADO,SC,09/2022,38,36,"94,74",36,0,"100,00",2,"5,26",0,2,"5,26"
421430,RANCHO QUEIMADO,SC,07/2022,38,36,"94,74",35,1,"97,22",2,"5,26",0,2,"5,26"
421430,RANCHO QUEIMADO,SC,11/2022,41,39,"95,12",33,6,"84,62",2,"4,88",0,2,"4,88"
421440,RIO DAS ANTAS,SC,11/2022,339,309,"91,15",287,22,"92,88",30,"8,85",2,28,"8,26"
421440,RIO DAS ANTAS,SC,07/2022,305,256,"83,93",246,10,"96,09",49,"16,07",12,37,"12,13"
421440,RIO DAS ANTAS,SC,09/2022,314,250,"79,62",246,4,"98,40",64,"20,38",31,33,"10,51"
421450,RIO DO CAMPO,SC,07/2022,161,81,"50,31",74,7,"91,36",80,"49,69",53,27,"16,77"
421450,RIO DO CAMPO,SC,09/2022,168,71,"42,26",65,6,"91,55",97,"57,74",66,31,"18,45"
421450,RIO DO CAMPO,SC,11/2022,164,127,"77,44",123,4,"96,85",37,"22,56",6,31,"18,90"
421460,RIO DO OESTE,SC,11/2022,78,71,"91,03",71,0,"100,00",7,"8,97",2,5,"6,41"
421460,RIO DO OESTE,SC,09/2022,93,85,"91,40",81,4,"95,29",8,"8,60",1,7,"7,53"
421460,RIO DO OESTE,SC,07/2022,89,79,"88,76",78,1,"98,73",10,"11,24",1,9,"10,11"
421470,RIO DOS CEDROS,SC,09/2022,160,93,"58,13",76,17,"81,72",67,"41,88",28,39,"24,38"
421470,RIO DOS CEDROS,SC,07/2022,166,116,"69,88",95,21,"81,90",50,"30,12",13,37,"22,29"
421470,RIO DOS CEDROS,SC,11/2022,177,159,"89,83",143,16,"89,94",18,"10,17",2,16,"9,04"
421480,RIO DO SUL,SC,11/2022,1507,1396,"92,63",1258,138,"90,11",111,"7,37",9,102,"6,77"
421480,RIO DO SUL,SC,09/2022,1478,1315,"88,97",1192,123,"90,65",163,"11,03",47,116,"7,85"
421480,RIO DO SUL,SC,07/2022,1443,1264,"87,60",1138,126,"90,03",179,"12,40",21,158,"10,95"
421490,RIO FORTUNA,SC,09/2022,68,53,"77,94",52,1,"98,11",15,"22,06",2,13,"19,12"
421490,RIO FORTUNA,SC,07/2022,65,52,"80,00",50,2,"96,15",13,"20,00",2,11,"16,92"
421490,RIO FORTUNA,SC,11/2022,68,55,"80,88",52,3,"94,55",13,"19,12",0,13,"19,12"
421500,RIO NEGRINHO,SC,11/2022,1203,1136,"94,43",1052,84,"92,61",67,"5,57",27,40,"3,33"
421500,RIO NEGRINHO,SC,09/2022,1226,1156,"94,29",1007,149,"87,11",70,"5,71",28,42,"3,43"
421500,RIO NEGRINHO,SC,07/2022,1202,1092,"90,85",968,124,"88,64",110,"9,15",27,83,"6,91"
421505,RIO RUFINO,SC,07/2022,216,157,"72,69",143,14,"91,08",59,"27,31",0,59,"27,31"
421505,RIO RUFINO,SC,09/2022,218,156,"71,56",138,18,"88,46",62,"28,44",1,61,"27,98"
421505,RIO RUFINO,SC,11/2022,223,159,"71,30",143,16,"89,94",64,"28,70",2,62,"27,80"
421507,RIQUEZA,SC,11/2022,186,171,"91,94",162,9,"94,74",15,"8,06",7,8,"4,30"
421507,RIQUEZA,SC,09/2022,204,193,"94,61",172,21,"89,12",11,"5,39",8,3,"1,47"
421507,RIQUEZA,SC,07/2022,183,88,"48,09",80,8,"90,91",95,"51,91",72,23,"12,57"
421510,RODEIO,SC,07/2022,161,148,"91,93",136,12,"91,89",13,"8,07",9,4,"2,48"
421510,RODEIO,SC,09/2022,171,159,"92,98",154,5,"96,86",12,"7,02",8,4,"2,34"
421510,RODEIO,SC,11/2022,175,167,"95,43",158,9,"94,61",8,"4,57",3,5,"2,86"
421520,ROMELÂNDIA,SC,11/2022,163,152,"93,25",149,3,"98,03",11,"6,75",5,6,"3,68"
421520,ROMELÂNDIA,SC,09/2022,165,146,"88,48",143,3,"97,95",19,"11,52",5,14,"8,48"
421520,ROMELÂNDIA,SC,07/2022,168,133,"79,17",127,6,"95,49",35,"20,83",13,22,"13,10"
421530,SALETE,SC,09/2022,153,147,"96,08",141,6,"95,92",6,"3,92",2,4,"2,61"
421530,SALETE,SC,07/2022,150,144,"96,00",135,9,"93,75",6,"4,00",4,2,"1,33"
421530,SALETE,SC,11/2022,157,153,"97,45",143,10,"93,46",4,"2,55",3,1,"0,64"
421535,SALTINHO,SC,11/2022,194,172,"88,66",168,4,"97,67",22,"11,34",6,16,"8,25"
421535,SALTINHO,SC,07/2022,208,169,"81,25",169,0,"100,00",39,"18,75",12,27,"12,98"
421535,SALTINHO,SC,09/2022,210,183,"87,14",165,18,"90,16",27,"12,86",12,15,"7,14"
421540,SALTO VELOSO,SC,07/2022,105,81,"77,14",74,7,"91,36",24,"22,86",7,17,"16,19"
421540,SALTO VELOSO,SC,09/2022,112,93,"83,04",89,4,"95,70",19,"16,96",4,15,"13,39"
421540,SALTO VELOSO,SC,11/2022,127,103,"81,10",94,9,"91,26",24,"18,90",5,19,"14,96"
421545,SANGÃO,SC,11/2022,493,244,"49,49",237,7,"97,13",249,"50,51",129,120,"24,34"
421545,SANGÃO,SC,07/2022,498,228,"45,78",216,12,"94,74",270,"54,22",138,132,"26,51"
421545,SANGÃO,SC,09/2022,500,158,"31,60",149,9,"94,30",342,"68,40",208,134,"26,80"
421550,SANTA CECÍLIA,SC,09/2022,1537,963,"62,65",902,61,"93,67",574,"37,35",357,217,"14,12"
421550,SANTA CECÍLIA,SC,07/2022,1582,959,"60,62",924,35,"96,35",623,"39,38",57,566,"35,78"
421550,SANTA CECÍLIA,SC,11/2022,1532,1344,"87,73",1312,32,"97,62",188,"12,27",10,178,"11,62"
421555,SANTA HELENA,SC,11/2022,35,30,"85,71",29,1,"96,67",5,"14,29",1,4,"11,43"
421555,SANTA HELENA,SC,07/2022,37,22,"59,46",22,0,"100,00",15,"40,54",0,15,"40,54"
421555,SANTA HELENA,SC,09/2022,27,19,"70,37",17,2,"89,47",8,"29,63",1,7,"25,93"
421560,SANTA ROSA DE LIMA,SC,07/2022,37,20,"54,05",20,0,"100,00",17,"45,95",13,4,"10,81"
421560,SANTA ROSA DE LIMA,SC,09/2022,34,13,"38,24",12,1,"92,31",21,"61,76",17,4,"11,76"
421560,SANTA ROSA DE LIMA,SC,11/2022,42,33,"78,57",32,1,"96,97",9,"21,43",1,8,"19,05"
421565,SANTA ROSA DO SUL,SC,11/2022,616,542,"87,99",530,12,"97,79",74,"12,01",4,70,"11,36"
421565,SANTA ROSA DO SUL,SC,07/2022,538,380,"70,63",380,0,"100,00",158,"29,37",1,157,"29,18"
421565,SANTA ROSA DO SUL,SC,09/2022,596,474,"79,53",470,4,"99,16",122,"20,47",20,102,"17,11"
421567,SANTA TEREZINHA,SC,09/2022,242,78,"32,23",74,4,"94,87",164,"67,77",104,60,"24,79"
421567,SANTA TEREZINHA,SC,07/2022,253,175,"69,17",169,6,"96,57",78,"30,83",16,62,"24,51"
421567,SANTA TEREZINHA,SC,11/2022,269,196,"72,86",188,8,"95,92",73,"27,14",4,69,"25,65"
421568,SANTA TEREZINHA DO PROGRESSO,SC,11/2022,147,139,"94,56",137,2,"98,56",8,"5,44",1,7,"4,76"
421568,SANTA TEREZINHA DO PROGRESSO,SC,07/2022,166,140,"84,34",135,5,"96,43",26,"15,66",3,23,"13,86"
421568,SANTA TEREZINHA DO PROGRESSO,SC,09/2022,158,132,"83,54",129,3,"97,73",26,"16,46",4,22,"13,92"
421569,SANTIAGO DO SUL,SC,09/2022,64,52,"81,25",50,2,"96,15",12,"18,75",2,10,"15,63"
421569,SANTIAGO DO SUL,SC,07/2022,67,56,"83,58",56,0,"100,00",11,"16,42",2,9,"13,43"
421569,SANTIAGO DO SUL,SC,11/2022,64,52,"81,25",52,0,"100,00",12,"18,75",1,11,"17,19"
421570,SANTO AMARO DA IMPERATRIZ,SC,11/2022,749,614,"81,98",545,69,"88,76",135,"18,02",38,97,"12,95"
421570,SANTO AMARO DA IMPERATRIZ,SC,07/2022,680,421,"61,91",395,26,"93,82",259,"38,09",64,195,"28,68"
421570,SANTO AMARO DA IMPERATRIZ,SC,09/2022,733,486,"66,30",462,24,"95,06",247,"33,70",108,139,"18,96"
421575,SÃO BERNARDINO,SC,09/2022,178,163,"91,57",149,14,"91,41",15,"8,43",1,14,"7,87"
421575,SÃO BERNARDINO,SC,07/2022,174,139,"79,89",136,3,"97,84",35,"20,11",4,31,"17,82"
421575,SÃO BERNARDINO,SC,11/2022,148,139,"93,92",136,3,"97,84",9,"6,08",3,6,"4,05"
421580,SÃO BENTO DO SUL,SC,11/2022,1968,1336,"67,89",1219,117,"91,24",632,"32,11",108,524,"26,63"
421580,SÃO BENTO DO SUL,SC,07/2022,1888,1151,"60,96",1097,54,"95,31",737,"39,04",232,505,"26,75"
421580,SÃO BENTO DO SUL,SC,09/2022,1957,1150,"58,76",1080,70,"93,91",807,"41,24",281,526,"26,88"
421590,SÃO BONIFÁCIO,SC,09/2022,104,90,"86,54",81,9,"90,00",14,"13,46",1,13,"12,50"
421590,SÃO BONIFÁCIO,SC,07/2022,97,84,"86,60",76,8,"90,48",13,"13,40",1,12,"12,37"
421590,SÃO BONIFÁCIO,SC,11/2022,94,83,"88,30",83,0,"100,00",11,"11,70",0,11,"11,70"
421600,SÃO CARLOS,SC,11/2022,252,216,"85,71",212,4,"98,15",36,"14,29",2,34,"13,49"
421600,SÃO CARLOS,SC,07/2022,235,156,"66,38",145,11,"92,95",79,"33,62",18,61,"25,96"
421600,SÃO CARLOS,SC,09/2022,264,196,"74,24",172,24,"87,76",68,"25,76",5,63,"23,86"
421605,SÃO CRISTOVÃO DO SUL,SC,07/2022,392,147,"37,50",144,3,"97,96",245,"62,50",106,139,"35,46"
421605,SÃO CRISTOVÃO DO SUL,SC,09/2022,391,245,"62,66",241,4,"98,37",146,"37,34",11,135,"34,53"
421605,SÃO CRISTOVÃO DO SUL,SC,11/2022,387,146,"37,73",143,3,"97,95",241,"62,27",110,131,"33,85"
421610,SÃO DOMINGOS,SC,11/2022,465,335,"72,04",331,4,"98,81",130,"27,96",4,126,"27,10"
421610,SÃO DOMINGOS,SC,09/2022,455,329,"72,31",316,13,"96,05",126,"27,69",8,118,"25,93"
421610,SÃO DOMINGOS,SC,07/2022,440,314,"71,36",310,4,"98,73",126,"28,64",13,113,"25,68"
421620,SÃO FRANCISCO DO SUL,SC,07/2022,2089,1627,"77,88",1529,98,"93,98",462,"22,12",78,384,"18,38"
421620,SÃO FRANCISCO DO SUL,SC,09/2022,2183,1990,"91,16",1841,149,"92,51",193,"8,84",40,153,"7,01"
421620,SÃO FRANCISCO DO SUL,SC,11/2022,2156,1993,"92,44",1840,153,"92,32",163,"7,56",18,145,"6,73"
421625,SÃO JOÃO DO OESTE,SC,11/2022,46,40,"86,96",37,3,"92,50",6,"13,04",2,4,"8,70"
421625,SÃO JOÃO DO OESTE,SC,07/2022,41,6,"14,63",6,0,"100,00",35,"85,37",14,21,"51,22"
421625,SÃO JOÃO DO OESTE,SC,09/2022,40,0,"0,00",0,0,,40,"100,00",19,21,"52,50"
421630,SÃO JOÃO BATISTA,SC,09/2022,1166,694,"59,52",666,28,"95,97",472,"40,48",95,377,"32,33"
421630,SÃO JOÃO BATISTA,SC,07/2022,943,474,"50,27",448,26,"94,51",469,"49,73",144,325,"34,46"
421630,SÃO JOÃO BATISTA,SC,11/2022,1179,775,"65,73",746,29,"96,26",404,"34,27",48,356,"30,20"
421635,SÃO JOÃO DO ITAPERIÚ,SC,11/2022,191,170,"89,01",153,17,"90,00",21,"10,99",2,19,"9,95"
421635,SÃO JOÃO DO ITAPERIÚ,SC,07/2022,164,134,"81,71",114,20,"85,07",30,"18,29",6,24,"14,63"
421635,SÃO JOÃO DO ITAPERIÚ,SC,09/2022,193,174,"90,16",153,21,"87,93",19,"9,84",1,18,"9,33"
421640,SÃO JOÃO DO SUL,SC,09/2022,439,416,"94,76",382,34,"91,83",23,"5,24",8,15,"3,42"
421640,SÃO JOÃO DO SUL,SC,07/2022,416,369,"88,70",346,23,"93,77",47,"11,30",17,30,"7,21"
421640,SÃO JOÃO DO SUL,SC,11/2022,435,423,"97,24",396,27,"93,62",12,"2,76",3,9,"2,07"
421650,SÃO JOAQUIM,SC,11/2022,1463,1299,"88,79",1287,12,"99,08",164,"11,21",12,152,"10,39"
421650,SÃO JOAQUIM,SC,09/2022,1406,1277,"90,83",1247,30,"97,65",129,"9,17",8,121,"8,61"
421650,SÃO JOAQUIM,SC,07/2022,1396,1012,"72,49",1000,12,"98,81",384,"27,51",14,370,"26,50"
421660,SÃO JOSÉ,SC,09/2022,6966,5616,"80,62",5043,573,"89,80",1350,"19,38",158,1192,"17,11"
421660,SÃO JOSÉ,SC,07/2022,6484,5017,"77,38",4482,535,"89,34",1467,"22,62",438,1029,"15,87"
421660,SÃO JOSÉ,SC,11/2022,7199,5814,"80,76",5298,516,"91,12",1385,"19,24",57,1328,"18,45"
421670,SÃO JOSÉ DO CEDRO,SC,11/2022,439,336,"76,54",326,10,"97,02",103,"23,46",47,56,"12,76"
421670,SÃO JOSÉ DO CEDRO,SC,07/2022,437,353,"80,78",334,19,"94,62",84,"19,22",39,45,"10,30"
421670,SÃO JOSÉ DO CEDRO,SC,09/2022,439,379,"86,33",357,22,"94,20",60,"13,67",13,47,"10,71"
421680,SÃO JOSÉ DO CERRITO,SC,07/2022,879,746,"84,87",732,14,"98,12",133,"15,13",60,73,"8,30"
421680,SÃO JOSÉ DO CERRITO,SC,09/2022,911,792,"86,94",780,12,"98,48",119,"13,06",39,80,"8,78"
421680,SÃO JOSÉ DO CERRITO,SC,11/2022,932,833,"89,38",828,5,"99,40",99,"10,62",6,93,"9,98"
421690,SÃO LOURENÇO DO OESTE,SC,11/2022,744,655,"88,04",626,29,"95,57",89,"11,96",35,54,"7,26"
421690,SÃO LOURENÇO DO OESTE,SC,09/2022,735,665,"90,48",615,50,"92,48",70,"9,52",36,34,"4,63"
421690,SÃO LOURENÇO DO OESTE,SC,07/2022,745,574,"77,05",550,24,"95,82",171,"22,95",110,61,"8,19"
421700,SÃO LUDGERO,SC,07/2022,321,263,"81,93",247,16,"93,92",58,"18,07",12,46,"14,33"
421700,SÃO LUDGERO,SC,09/2022,349,309,"88,54",297,12,"96,12",40,"11,46",13,27,"7,74"
421700,SÃO LUDGERO,SC,11/2022,334,297,"88,92",296,1,"99,66",37,"11,08",6,31,"9,28"
421710,SÃO MARTINHO,SC,11/2022,73,63,"86,30",59,4,"93,65",10,"13,70",1,9,"12,33"
421710,SÃO MARTINHO,SC,09/2022,72,61,"84,72",57,4,"93,44",11,"15,28",3,8,"11,11"
421710,SÃO MARTINHO,SC,07/2022,69,62,"89,86",57,5,"91,94",7,"10,14",3,4,"5,80"
421715,SÃO MIGUEL DA BOA VISTA,SC,07/2022,76,64,"84,21",59,5,"92,19",12,"15,79",6,6,"7,89"
421715,SÃO MIGUEL DA BOA VISTA,SC,09/2022,72,34,"47,22",29,5,"85,29",38,"52,78",32,6,"8,33"
421715,SÃO MIGUEL DA BOA VISTA,SC,11/2022,63,58,"92,06",58,0,"100,00",5,"7,94",0,5,"7,94"
421720,SÃO MIGUEL DO OESTE,SC,11/2022,937,551,"58,80",541,10,"98,19",386,"41,20",164,222,"23,69"
421720,SÃO MIGUEL DO OESTE,SC,09/2022,940,581,"61,81",543,38,"93,46",359,"38,19",139,220,"23,40"
421720,SÃO MIGUEL DO OESTE,SC,07/2022,904,424,"46,90",398,26,"93,87",480,"53,10",273,207,"22,90"
421725,SÃO PEDRO DE ALCÂNTARA,SC,09/2022,88,79,"89,77",79,0,"100,00",9,"10,23",1,8,"9,09"
421725,SÃO PEDRO DE ALCÂNTARA,SC,07/2022,87,70,"80,46",69,1,"98,57",17,"19,54",1,16,"18,39"
421725,SÃO PEDRO DE ALCÂNTARA,SC,11/2022,94,83,"88,30",83,0,"100,00",11,"11,70",0,11,"11,70"
421730,SAUDADES,SC,11/2022,231,180,"77,92",175,5,"97,22",51,"22,08",36,15,"6,49"
421730,SAUDADES,SC,09/2022,219,172,"78,54",161,11,"93,60",47,"21,46",36,11,"5,02"
421730,SAUDADES,SC,07/2022,191,156,"81,68",142,14,"91,03",35,"18,32",23,12,"6,28"
421740,SCHROEDER,SC,09/2022,377,357,"94,69",341,16,"95,52",20,"5,31",6,14,"3,71"
421740,SCHROEDER,SC,07/2022,340,311,"91,47",293,18,"94,21",29,"8,53",14,15,"4,41"
421740,SCHROEDER,SC,11/2022,363,339,"93,39",324,15,"95,58",24,"6,61",10,14,"3,86"
421750,SEARA,SC,11/2022,375,345,"92,00",329,16,"95,36",30,"8,00",11,19,"5,07"
421750,SEARA,SC,07/2022,309,249,"80,58",240,9,"96,39",60,"19,42",28,32,"10,36"
421750,SEARA,SC,09/2022,351,202,"57,55",192,10,"95,05",149,"42,45",133,16,"4,56"
421755,SERRA ALTA,SC,09/2022,58,0,"0,00",0,0,,58,"100,00",25,33,"56,90"
421755,SERRA ALTA,SC,07/2022,59,25,"42,37",25,0,"100,00",34,"57,63",1,33,"55,93"
421755,SERRA ALTA,SC,11/2022,56,56,"100,00",53,3,"94,64",0,"0,00",0,0,"0,00"
421760,SIDERÓPOLIS,SC,11/2022,420,403,"95,95",366,37,"90,82",17,"4,05",3,14,"3,33"
421760,SIDERÓPOLIS,SC,07/2022,408,370,"90,69",336,34,"90,81",38,"9,31",3,35,"8,58"
421760,SIDERÓPOLIS,SC,09/2022,428,414,"96,73",379,35,"91,55",14,"3,27",1,13,"3,04"
421770,SOMBRIO,SC,09/2022,1562,1418,"90,78",1405,13,"99,08",144,"9,22",22,122,"7,81"
421770,SOMBRIO,SC,07/2022,1488,1009,"67,81",970,39,"96,13",479,"32,19",28,451,"30,31"
421770,SOMBRIO,SC,11/2022,1525,1420,"93,11",1396,24,"98,31",105,"6,89",18,87,"5,70"
421775,SUL BRASIL,SC,11/2022,85,82,"96,47",82,0,"100,00",3,"3,53",2,1,"1,18"
421775,SUL BRASIL,SC,07/2022,92,87,"94,57",83,4,"95,40",5,"5,43",4,1,"1,09"
421775,SUL BRASIL,SC,09/2022,93,89,"95,70",85,4,"95,51",4,"4,30",3,1,"1,08"
421780,TAIÓ,SC,09/2022,494,364,"73,68",329,35,"90,38",130,"26,32",10,120,"24,29"
421780,TAIÓ,SC,07/2022,487,294,"60,37",282,12,"95,92",193,"39,63",75,118,"24,23"
421780,TAIÓ,SC,11/2022,483,359,"74,33",340,19,"94,71",124,"25,67",6,118,"24,43"
421790,TANGARÁ,SC,11/2022,362,167,"46,13",160,7,"95,81",195,"53,87",96,99,"27,35"
421790,TANGARÁ,SC,07/2022,361,186,"51,52",186,0,"100,00",175,"48,48",91,84,"23,27"
421790,TANGARÁ,SC,09/2022,361,150,"41,55",149,1,"99,33",211,"58,45",121,90,"24,93"
421795,TIGRINHOS,SC,07/2022,82,72,"87,80",66,6,"91,67",10,"12,20",3,7,"8,54"
421795,TIGRINHOS,SC,09/2022,83,72,"86,75",68,4,"94,44",11,"13,25",5,6,"7,23"
421795,TIGRINHOS,SC,11/2022,85,79,"92,94",75,4,"94,94",6,"7,06",2,4,"4,71"
421800,TIJUCAS,SC,11/2022,2175,1429,"65,70",1386,43,"96,99",746,"34,30",30,716,"32,92"
421800,TIJUCAS,SC,07/2022,1899,1121,"59,03",1014,107,"90,45",778,"40,97",95,683,"35,97"
421800,TIJUCAS,SC,09/2022,2187,1363,"62,32",1324,39,"97,14",824,"37,68",69,755,"34,52"
421810,TIMBÉ DO SUL,SC,09/2022,301,282,"93,69",252,30,"89,36",19,"6,31",4,15,"4,98"
421810,TIMBÉ DO SUL,SC,07/2022,319,242,"75,86",223,19,"92,15",77,"24,14",6,71,"22,26"
421810,TIMBÉ DO SUL,SC,11/2022,279,271,"97,13",244,27,"90,04",8,"2,87",1,7,"2,51"
421820,TIMBÓ,SC,11/2022,486,313,"64,40",292,21,"93,29",173,"35,60",10,163,"33,54"
421820,TIMBÓ,SC,09/2022,482,284,"58,92",260,24,"91,55",198,"41,08",19,179,"37,14"
421820,TIMBÓ,SC,07/2022,455,273,"60,00",247,26,"90,48",182,"40,00",12,170,"37,36"
421825,TIMBÓ GRANDE,SC,09/2022,1117,83,"7,43",83,0,"100,00",1034,"92,57",674,360,"32,23"
421825,TIMBÓ GRANDE,SC,07/2022,1051,653,"62,13",647,6,"99,08",398,"37,87",21,377,"35,87"
421825,TIMBÓ GRANDE,SC,11/2022,1146,762,"66,49",738,24,"96,85",384,"33,51",23,361,"31,50"
421830,TRÊS BARRAS,SC,11/2022,1157,1005,"86,86",859,146,"85,47",152,"13,14",19,133,"11,50"
421830,TRÊS BARRAS,SC,09/2022,1202,743,"61,81",678,65,"91,25",459,"38,19",315,144,"11,98"
421830,TRÊS BARRAS,SC,07/2022,1180,591,"50,08",513,78,"86,80",589,"49,92",436,153,"12,97"
421835,TREVISO,SC,07/2022,91,84,"92,31",75,9,"89,29",7,"7,69",1,6,"6,59"
421835,TREVISO,SC,09/2022,113,102,"90,27",94,8,"92,16",11,"9,73",0,11,"9,73"
421835,TREVISO,SC,11/2022,112,99,"88,39",95,4,"95,96",13,"11,61",1,12,"10,71"
421840,TREZE DE MAIO,SC,11/2022,192,134,"69,79",124,10,"92,54",58,"30,21",5,53,"27,60"
421840,TREZE DE MAIO,SC,09/2022,169,110,"65,09",99,11,"90,00",59,"34,91",10,49,"28,99"
421840,TREZE DE MAIO,SC,07/2022,121,80,"66,12",67,13,"83,75",41,"33,88",2,39,"32,23"
421850,TREZE TÍLIAS,SC,07/2022,163,157,"96,32",148,9,"94,27",6,"3,68",2,4,"2,45"
421850,TREZE TÍLIAS,SC,09/2022,165,163,"98,79",154,9,"94,48",2,"1,21",1,1,"0,61"
421850,TREZE TÍLIAS,SC,11/2022,171,169,"98,83",159,10,"94,08",2,"1,17",2,0,"0,00"
421860,TROMBUDO CENTRAL,SC,11/2022,131,115,"87,79",102,13,"88,70",16,"12,21",13,3,"2,29"
421860,TROMBUDO CENTRAL,SC,09/2022,142,135,"95,07",118,17,"87,41",7,"4,93",4,3,"2,11"
421860,TROMBUDO CENTRAL,SC,07/2022,141,126,"89,36",112,14,"88,89",15,"10,64",11,4,"2,84"
421870,TUBARÃO,SC,09/2022,2591,2415,"93,21",2303,112,"95,36",176,"6,79",35,141,"5,44"
421870,TUBARÃO,SC,07/2022,2437,2226,"91,34",2115,111,"95,01",211,"8,66",48,163,"6,69"
421870,TUBARÃO,SC,11/2022,2668,2496,"93,55",2389,107,"95,71",172,"6,45",25,147,"5,51"
421875,TUNÁPOLIS,SC,11/2022,62,44,"70,97",43,1,"97,73",18,"29,03",6,12,"19,35"
421875,TUNÁPOLIS,SC,07/2022,70,45,"64,29",45,0,"100,00",25,"35,71",13,12,"17,14"
421875,TUNÁPOLIS,SC,09/2022,66,47,"71,21",47,0,"100,00",19,"28,79",7,12,"18,18"
421880,TURVO,SC,09/2022,323,305,"94,43",266,39,"87,21",18,"5,57",3,15,"4,64"
421880,TURVO,SC,07/2022,330,301,"91,21",276,25,"91,69",29,"8,79",4,25,"7,58"
421880,TURVO,SC,11/2022,308,303,"98,38",275,28,"90,76",5,"1,62",2,3,"0,97"
421885,UNIÃO DO OESTE,SC,11/2022,103,74,"71,84",72,2,"97,30",29,"28,16",4,25,"24,27"
421885,UNIÃO DO OESTE,SC,07/2022,102,70,"68,63",65,5,"92,86",32,"31,37",2,30,"29,41"
421885,UNIÃO DO OESTE,SC,09/2022,103,71,"68,93",68,3,"95,77",32,"31,07",4,28,"27,18"
421890,URUBICI,SC,09/2022,715,650,"90,91",598,52,"92,00",65,"9,09",4,61,"8,53"
421890,URUBICI,SC,07/2022,695,617,"88,78",573,44,"92,87",78,"11,22",11,67,"9,64"
421890,URUBICI,SC,11/2022,715,653,"91,33",611,42,"93,57",62,"8,67",4,58,"8,11"
421895,URUPEMA,SC,11/2022,324,254,"78,40",254,0,"100,00",70,"21,60",0,70,"21,60"
421895,URUPEMA,SC,07/2022,302,214,"70,86",214,0,"100,00",88,"29,14",7,81,"26,82"
421895,URUPEMA,SC,09/2022,326,232,"71,17",232,0,"100,00",94,"28,83",6,88,"26,99"
421900,URUSSANGA,SC,09/2022,477,425,"89,10",408,17,"96,00",52,"10,90",15,37,"7,76"
421900,URUSSANGA,SC,07/2022,461,363,"78,74",357,6,"98,35",98,"21,26",0,98,"21,26"
421900,URUSSANGA,SC,11/2022,430,392,"91,16",382,10,"97,45",38,"8,84",2,36,"8,37"
421910,VARGEÃO,SC,11/2022,117,97,"82,91",92,5,"94,85",20,"17,09",0,20,"17,09"
421910,VARGEÃO,SC,07/2022,115,99,"86,09",90,9,"90,91",16,"13,91",0,16,"13,91"
421910,VARGEÃO,SC,09/2022,122,97,"79,51",93,4,"95,88",25,"20,49",4,21,"17,21"
421915,VARGEM,SC,09/2022,122,99,"81,15",95,4,"95,96",23,"18,85",0,23,"18,85"
421915,VARGEM,SC,07/2022,123,89,"72,36",89,0,"100,00",34,"27,64",2,32,"26,02"
421915,VARGEM,SC,11/2022,123,103,"83,74",103,0,"100,00",20,"16,26",0,20,"16,26"
421917,VARGEM BONITA,SC,11/2022,285,217,"76,14",204,13,"94,01",68,"23,86",2,66,"23,16"
421917,VARGEM BONITA,SC,07/2022,281,190,"67,62",188,2,"98,95",91,"32,38",6,85,"30,25"
421917,VARGEM BONITA,SC,09/2022,279,187,"67,03",175,12,"93,58",92,"32,97",3,89,"31,90"
421920,VIDAL RAMOS,SC,09/2022,221,164,"74,21",145,19,"88,41",57,"25,79",4,53,"23,98"
421920,VIDAL RAMOS,SC,07/2022,230,154,"66,96",138,16,"89,61",76,"33,04",24,52,"22,61"
421920,VIDAL RAMOS,SC,11/2022,197,145,"73,60",140,5,"96,55",52,"26,40",0,52,"26,40"
421930,VIDEIRA,SC,11/2022,1230,726,"59,02",694,32,"95,59",504,"40,98",174,330,"26,83"
421930,VIDEIRA,SC,07/2022,1176,633,"53,83",578,55,"91,31",543,"46,17",243,300,"25,51"
421930,VIDEIRA,SC,09/2022,1234,757,"61,35",702,55,"92,73",477,"38,65",125,352,"28,53"
421935,VITOR MEIRELES,SC,09/2022,274,216,"78,83",193,23,"89,35",58,"21,17",4,54,"19,71"
421935,VITOR MEIRELES,SC,07/2022,276,225,"81,52",181,44,"80,44",51,"18,48",3,48,"17,39"
421935,VITOR MEIRELES,SC,11/2022,267,217,"81,27",202,15,"93,09",50,"18,73",1,49,"18,35"
421940,WITMARSUM,SC,11/2022,92,86,"93,48",80,6,"93,02",6,"6,52",2,4,"4,35"
421940,WITMARSUM,SC,09/2022,87,81,"93,10",78,3,"96,30",6,"6,90",1,5,"5,75"
421940,WITMARSUM,SC,07/2022,76,72,"94,74",66,6,"91,67",4,"5,26",1,3,"3,95"
421950,XANXERÊ,SC,09/2022,1234,755,"61,18",683,72,"90,46",479,"38,82",198,281,"22,77"
421950,XANXERÊ,SC,07/2022,1182,750,"63,45",703,47,"93,73",432,"36,55",169,263,"22,25"
421950,XANXERÊ,SC,11/2022,1239,760,"61,34",688,72,"90,53",479,"38,66",186,293,"23,65"
421960,XAVANTINA,SC,11/2022,38,32,"84,21",32,0,"100,00",6,"15,79",5,1,"2,63"
421960,XAVANTINA,SC,07/2022,49,42,"85,71",42,0,"100,00",7,"14,29",2,5,"10,20"
421960,XAVANTINA,SC,09/2022,46,40,"86,96",40,0,"100,00",6,"13,04",1,5,"10,87"
421970,XAXIM,SC,07/2022,838,668,"79,71",625,43,"93,56",170,"20,29",65,105,"12,53"
421970,XAXIM,SC,09/2022,906,737,"81,35",677,60,"91,86",169,"18,65",57,112,"12,36"
421970,XAXIM,SC,11/2022,911,774,"84,96",708,66,"91,47",137,"15,04",35,102,"11,20"
421985,ZORTÉA,SC,11/2022,152,123,"80,92",123,0,"100,00",29,"19,08",2,27,"17,76"
421985,ZORTÉA,SC,07/2022,115,91,"79,13",89,2,"97,80",24,"20,87",3,21,"18,26"
421985,ZORTÉA,SC,09/2022,149,117,"78,52",117,0,"100,00",32,"21,48",5,27,"18,12"
422000,BALNEÁRIO RINCÃO,SC,07/2022,1258,457,"36,33",453,4,"99,12",801,"63,67",20,781,"62,08"
422000,BALNEÁRIO RINCÃO,SC,09/2022,1379,573,"41,55",565,8,"98,60",806,"58,45",1,805,"58,38"
422000,BALNEÁRIO RINCÃO,SC,11/2022,1305,575,"44,06",548,27,"95,30",730,"55,94",16,714,"54,71"
280010,AMPARO DE SÃO FRANCISCO,SE,11/2022,347,307,"88,47",267,40,"86,97",40,"11,53",4,36,"10,37"
280010,AMPARO DE SÃO FRANCISCO,SE,09/2022,358,325,"90,78",270,55,"83,08",33,"9,22",4,29,"8,10"
280010,AMPARO DE SÃO FRANCISCO,SE,07/2022,379,311,"82,06",299,12,"96,14",68,"17,94",8,60,"15,83"
280020,AQUIDABÃ,SE,07/2022,3418,1183,"34,61",1178,5,"99,58",2235,"65,39",1569,666,"19,49"
280020,AQUIDABÃ,SE,09/2022,3576,2869,"80,23",2869,0,"100,00",707,"19,77",34,673,"18,82"
280020,AQUIDABÃ,SE,11/2022,3545,2830,"79,83",2830,0,"100,00",715,"20,17",51,664,"18,73"
280030,ARACAJU,SE,11/2022,54039,37379,"69,17",33002,4377,"88,29",16660,"30,83",576,16084,"29,76"
280030,ARACAJU,SE,09/2022,53903,35495,"65,85",25021,10474,"70,49",18408,"34,15",732,17676,"32,79"
280030,ARACAJU,SE,07/2022,51576,21634,"41,95",20885,749,"96,54",29942,"58,05",3952,25990,"50,39"
280040,ARAUÁ,SE,07/2022,2121,1376,"64,88",1264,112,"91,86",745,"35,12",17,728,"34,32"
280040,ARAUÁ,SE,11/2022,1989,1720,"86,48",1568,152,"91,16",269,"13,52",10,259,"13,02"
280040,ARAUÁ,SE,09/2022,2076,1731,"83,38",1569,162,"90,64",345,"16,62",15,330,"15,90"
280050,AREIA BRANCA,SE,09/2022,3064,2752,"89,82",2603,149,"94,59",312,"10,18",48,264,"8,62"
280050,AREIA BRANCA,SE,11/2022,3006,2613,"86,93",2546,67,"97,44",393,"13,07",23,370,"12,31"
280050,AREIA BRANCA,SE,07/2022,3202,2637,"82,35",2440,197,"92,53",565,"17,65",106,459,"14,33"
280060,BARRA DOS COQUEIROS,SE,07/2022,4414,2563,"58,07",2562,1,"99,96",1851,"41,93",699,1152,"26,10"
280060,BARRA DOS COQUEIROS,SE,09/2022,4594,3051,"66,41",3048,3,"99,90",1543,"33,59",321,1222,"26,60"
280060,BARRA DOS COQUEIROS,SE,11/2022,4627,2528,"54,64",2521,7,"99,72",2099,"45,36",821,1278,"27,62"
280067,BOQUIM,SE,09/2022,4240,2656,"62,64",2556,100,"96,23",1584,"37,36",72,1512,"35,66"
280067,BOQUIM,SE,11/2022,4160,2595,"62,38",2530,65,"97,50",1565,"37,62",102,1463,"35,17"
280067,BOQUIM,SE,07/2022,4212,2659,"63,13",2634,25,"99,06",1553,"36,87",80,1473,"34,97"
280070,BREJO GRANDE,SE,07/2022,1923,946,"49,19",946,0,"100,00",977,"50,81",592,385,"20,02"
280070,BREJO GRANDE,SE,11/2022,1813,908,"50,08",908,0,"100,00",905,"49,92",724,181,"9,98"
280070,BREJO GRANDE,SE,09/2022,1890,1356,"71,75",1343,13,"99,04",534,"28,25",262,272,"14,39"
280100,CAMPO DO BRITO,SE,09/2022,2856,2239,"78,40",2060,179,"92,01",617,"21,60",11,606,"21,22"
280100,CAMPO DO BRITO,SE,11/2022,2800,2197,"78,46",2100,97,"95,58",603,"21,54",5,598,"21,36"
280100,CAMPO DO BRITO,SE,07/2022,2887,2199,"76,17",2074,125,"94,32",688,"23,83",10,678,"23,48"
280110,CANHOBA,SE,07/2022,1021,399,"39,08",399,0,"100,00",622,"60,92",465,157,"15,38"
280110,CANHOBA,SE,11/2022,930,595,"63,98",594,1,"99,83",335,"36,02",103,232,"24,95"
280110,CANHOBA,SE,09/2022,937,654,"69,80",654,0,"100,00",283,"30,20",109,174,"18,57"
280120,CANINDÉ DE SÃO FRANCISCO,SE,11/2022,6719,4199,"62,49",3909,290,"93,09",2520,"37,51",320,2200,"32,74"
280120,CANINDÉ DE SÃO FRANCISCO,SE,09/2022,6829,4556,"66,72",4199,357,"92,16",2273,"33,28",87,2186,"32,01"
280120,CANINDÉ DE SÃO FRANCISCO,SE,07/2022,6945,5721,"82,38",4495,1226,"78,57",1224,"17,62",85,1139,"16,40"
280130,CAPELA,SE,07/2022,6532,4778,"73,15",4514,264,"94,47",1754,"26,85",63,1691,"25,89"
280130,CAPELA,SE,09/2022,6523,5123,"78,54",4805,318,"93,79",1400,"21,46",47,1353,"20,74"
280130,CAPELA,SE,11/2022,6206,4989,"80,39",4797,192,"96,15",1217,"19,61",35,1182,"19,05"
280140,CARIRA,SE,09/2022,3717,2217,"59,64",2185,32,"98,56",1500,"40,36",47,1453,"39,09"
280140,CARIRA,SE,11/2022,3593,2212,"61,56",2169,43,"98,06",1381,"38,44",12,1369,"38,10"
280140,CARIRA,SE,07/2022,3730,2191,"58,74",2120,71,"96,76",1539,"41,26",160,1379,"36,97"
280150,CARMÓPOLIS,SE,07/2022,3226,1596,"49,47",1503,93,"94,17",1630,"50,53",1060,570,"17,67"
280150,CARMÓPOLIS,SE,09/2022,3225,1626,"50,42",1551,75,"95,39",1599,"49,58",1216,383,"11,88"
280150,CARMÓPOLIS,SE,11/2022,3151,1776,"56,36",1714,62,"96,51",1375,"43,64",1010,365,"11,58"
280160,CEDRO DE SÃO JOÃO,SE,11/2022,825,697,"84,48",666,31,"95,55",128,"15,52",9,119,"14,42"
280160,CEDRO DE SÃO JOÃO,SE,09/2022,856,714,"83,41",627,87,"87,82",142,"16,59",4,138,"16,12"
280160,CEDRO DE SÃO JOÃO,SE,07/2022,854,712,"83,37",655,57,"91,99",142,"16,63",10,132,"15,46"
280170,CRISTINÁPOLIS,SE,07/2022,3893,3628,"93,19",3102,526,"85,50",265,"6,81",21,244,"6,27"
280170,CRISTINÁPOLIS,SE,11/2022,3814,3792,"99,42",3210,582,"84,65",22,"0,58",8,14,"0,37"
280170,CRISTINÁPOLIS,SE,09/2022,3900,3507,"89,92",3252,255,"92,73",393,"10,08",23,370,"9,49"
280190,CUMBE,SE,11/2022,666,0,"0,00",0,0,,666,"100,00",478,188,"28,23"
280190,CUMBE,SE,09/2022,717,477,"66,53",477,0,"100,00",240,"33,47",53,187,"26,08"
280190,CUMBE,SE,07/2022,697,0,"0,00",0,0,,697,"100,00",516,181,"25,97"
280200,DIVINA PASTORA,SE,07/2022,926,516,"55,72",491,25,"95,16",410,"44,28",218,192,"20,73"
280200,DIVINA PASTORA,SE,11/2022,952,711,"74,68",638,73,"89,73",241,"25,32",12,229,"24,05"
280200,DIVINA PASTORA,SE,09/2022,914,550,"60,18",525,25,"95,45",364,"39,82",158,206,"22,54"
280210,ESTÂNCIA,SE,11/2022,11270,8294,"73,59",8163,131,"98,42",2976,"26,41",47,2929,"25,99"
280210,ESTÂNCIA,SE,09/2022,11399,8648,"75,87",8448,200,"97,69",2751,"24,13",51,2700,"23,69"
280210,ESTÂNCIA,SE,07/2022,11294,8080,"71,54",7970,110,"98,64",3214,"28,46",82,3132,"27,73"
280220,FEIRA NOVA,SE,07/2022,1363,893,"65,52",875,18,"97,98",470,"34,48",162,308,"22,60"
280220,FEIRA NOVA,SE,11/2022,1281,1166,"91,02",1160,6,"99,49",115,"8,98",6,109,"8,51"
280220,FEIRA NOVA,SE,09/2022,1305,1181,"90,50",1158,23,"98,05",124,"9,50",11,113,"8,66"
280230,FREI PAULO,SE,09/2022,2506,2077,"82,88",2036,41,"98,03",429,"17,12",47,382,"15,24"
280230,FREI PAULO,SE,11/2022,2479,2086,"84,15",2052,34,"98,37",393,"15,85",13,380,"15,33"
280230,FREI PAULO,SE,07/2022,2511,2010,"80,05",1982,28,"98,61",501,"19,95",34,467,"18,60"
280240,GARARU,SE,07/2022,2169,1606,"74,04",1479,127,"92,09",563,"25,96",7,556,"25,63"
280240,GARARU,SE,11/2022,2108,1784,"84,63",1562,222,"87,56",324,"15,37",2,322,"15,28"
280240,GARARU,SE,09/2022,2187,1587,"72,57",1419,168,"89,41",600,"27,43",6,594,"27,16"
280250,GENERAL MAYNARD,SE,09/2022,479,393,"82,05",346,47,"88,04",86,"17,95",20,66,"13,78"
280250,GENERAL MAYNARD,SE,11/2022,444,394,"88,74",315,79,"79,95",50,"11,26",16,34,"7,66"
280250,GENERAL MAYNARD,SE,07/2022,453,370,"81,68",346,24,"93,51",83,"18,32",22,61,"13,47"
280260,GRACHO CARDOSO,SE,07/2022,1337,867,"64,85",765,102,"88,24",470,"35,15",37,433,"32,39"
280260,GRACHO CARDOSO,SE,09/2022,1267,859,"67,80",819,40,"95,34",408,"32,20",15,393,"31,02"
280260,GRACHO CARDOSO,SE,11/2022,1231,836,"67,91",794,42,"94,98",395,"32,09",5,390,"31,68"
280270,ILHA DAS FLORES,SE,09/2022,1950,1488,"76,31",1472,16,"98,92",462,"23,69",32,430,"22,05"
280270,ILHA DAS FLORES,SE,11/2022,1966,1486,"75,58",1484,2,"99,87",480,"24,42",50,430,"21,87"
280270,ILHA DAS FLORES,SE,07/2022,2072,1184,"57,14",1166,18,"98,48",888,"42,86",33,855,"41,26"
280280,INDIAROBA,SE,07/2022,3808,3282,"86,19",2861,421,"87,17",526,"13,81",26,500,"13,13"
280280,INDIAROBA,SE,09/2022,3813,3308,"86,76",3086,222,"93,29",505,"13,24",33,472,"12,38"
280280,INDIAROBA,SE,11/2022,3658,3376,"92,29",3158,218,"93,54",282,"7,71",7,275,"7,52"
280290,ITABAIANA,SE,11/2022,14323,8943,"62,44",8615,328,"96,33",5380,"37,56",581,4799,"33,51"
280290,ITABAIANA,SE,09/2022,14430,8995,"62,34",8570,425,"95,28",5435,"37,66",613,4822,"33,42"
280290,ITABAIANA,SE,07/2022,14056,7810,"55,56",7576,234,"97,00",6246,"44,44",1233,5013,"35,66"
280300,ITABAIANINHA,SE,07/2022,9226,6748,"73,14",6717,31,"99,54",2478,"26,86",1737,741,"8,03"
280300,ITABAIANINHA,SE,11/2022,8920,8146,"91,32",8141,5,"99,94",774,"8,68",11,763,"8,55"
280300,ITABAIANINHA,SE,09/2022,9161,8320,"90,82",8311,9,"99,89",841,"9,18",16,825,"9,01"
280310,ITABI,SE,11/2022,817,798,"97,67",788,10,"98,75",19,"2,33",3,16,"1,96"
280310,ITABI,SE,09/2022,861,799,"92,80",769,30,"96,25",62,"7,20",6,56,"6,50"
280310,ITABI,SE,07/2022,860,806,"93,72",779,27,"96,65",54,"6,28",7,47,"5,47"
280320,ITAPORANGA D´AJUDA,SE,07/2022,6413,4069,"63,45",3718,351,"91,37",2344,"36,55",32,2312,"36,05"
280320,ITAPORANGA D´AJUDA,SE,09/2022,6521,4485,"68,78",4080,405,"90,97",2036,"31,22",7,2029,"31,11"
280320,ITAPORANGA D´AJUDA,SE,11/2022,6377,4507,"70,68",4181,326,"92,77",1870,"29,32",17,1853,"29,06"
280330,JAPARATUBA,SE,11/2022,3130,2055,"65,65",2032,23,"98,88",1075,"34,35",41,1034,"33,04"
280330,JAPARATUBA,SE,09/2022,3111,1678,"53,94",1634,44,"97,38",1433,"46,06",198,1235,"39,70"
280330,JAPARATUBA,SE,07/2022,3134,1167,"37,24",1159,8,"99,31",1967,"62,76",690,1277,"40,75"
280340,JAPOATÃ,SE,07/2022,3269,0,"0,00",0,0,,3269,"100,00",2172,1097,"33,56"
280340,JAPOATÃ,SE,11/2022,3244,2029,"62,55",1970,59,"97,09",1215,"37,45",284,931,"28,70"
280340,JAPOATÃ,SE,09/2022,3286,817,"24,86",799,18,"97,80",2469,"75,14",956,1513,"46,04"
280350,LAGARTO,SE,09/2022,16631,14191,"85,33",14088,103,"99,27",2440,"14,67",200,2240,"13,47"
280350,LAGARTO,SE,11/2022,16220,13593,"83,80",13540,53,"99,61",2627,"16,20",179,2448,"15,09"
280350,LAGARTO,SE,07/2022,16431,12443,"75,73",12412,31,"99,75",3988,"24,27",595,3393,"20,65"
280360,LARANJEIRAS,SE,07/2022,4616,1797,"38,93",1474,323,"82,03",2819,"61,07",504,2315,"50,15"
280360,LARANJEIRAS,SE,09/2022,4662,2085,"44,72",2017,68,"96,74",2577,"55,28",266,2311,"49,57"
280360,LARANJEIRAS,SE,11/2022,4645,2248,"48,40",2035,213,"90,52",2397,"51,60",296,2101,"45,23"
280370,MACAMBIRA,SE,11/2022,1183,1058,"89,43",1038,20,"98,11",125,"10,57",9,116,"9,81"
280370,MACAMBIRA,SE,09/2022,1218,1094,"89,82",1019,75,"93,14",124,"10,18",23,101,"8,29"
280370,MACAMBIRA,SE,07/2022,1254,966,"77,03",930,36,"96,27",288,"22,97",10,278,"22,17"
280380,MALHADA DOS BOIS,SE,07/2022,682,502,"73,61",468,34,"93,23",180,"26,39",45,135,"19,79"
280380,MALHADA DOS BOIS,SE,09/2022,660,532,"80,61",502,30,"94,36",128,"19,39",42,86,"13,03"
280380,MALHADA DOS BOIS,SE,11/2022,656,544,"82,93",510,34,"93,75",112,"17,07",8,104,"15,85"
280390,MALHADOR,SE,11/2022,2138,1765,"82,55",1736,29,"98,36",373,"17,45",14,359,"16,79"
280390,MALHADOR,SE,09/2022,2185,1785,"81,69",1708,77,"95,69",400,"18,31",17,383,"17,53"
280390,MALHADOR,SE,07/2022,2203,1761,"79,94",1709,52,"97,05",442,"20,06",27,415,"18,84"
280400,MARUIM,SE,07/2022,2891,2682,"92,77",2570,112,"95,82",209,"7,23",44,165,"5,71"
280400,MARUIM,SE,11/2022,2783,2577,"92,60",2544,33,"98,72",206,"7,40",24,182,"6,54"
280400,MARUIM,SE,09/2022,2892,2639,"91,25",2535,104,"96,06",253,"8,75",29,224,"7,75"
280410,MOITA BONITA,SE,11/2022,1439,1298,"90,20",1220,78,"93,99",141,"9,80",43,98,"6,81"
280410,MOITA BONITA,SE,09/2022,1472,1300,"88,32",1194,106,"91,85",172,"11,68",61,111,"7,54"
280410,MOITA BONITA,SE,07/2022,1463,1284,"87,76",1206,78,"93,93",179,"12,24",78,101,"6,90"
280420,MONTE ALEGRE DE SERGIPE,SE,07/2022,3387,2297,"67,82",1998,299,"86,98",1090,"32,18",12,1078,"31,83"
280420,MONTE ALEGRE DE SERGIPE,SE,09/2022,3332,2717,"81,54",2465,252,"90,73",615,"18,46",26,589,"17,68"
280420,MONTE ALEGRE DE SERGIPE,SE,11/2022,3252,2655,"81,64",2504,151,"94,31",597,"18,36",12,585,"17,99"
280430,MURIBECA,SE,09/2022,1631,1166,"71,49",1156,10,"99,14",465,"28,51",15,450,"27,59"
280430,MURIBECA,SE,11/2022,1634,1163,"71,18",1130,33,"97,16",471,"28,82",33,438,"26,81"
280430,MURIBECA,SE,07/2022,1606,1247,"77,65",1114,133,"89,33",359,"22,35",51,308,"19,18"
280440,NEÓPOLIS,SE,07/2022,3811,2078,"54,53",2075,3,"99,86",1733,"45,47",79,1654,"43,40"
280440,NEÓPOLIS,SE,09/2022,3852,2066,"53,63",2036,30,"98,55",1786,"46,37",88,1698,"44,08"
280440,NEÓPOLIS,SE,11/2022,3634,1870,"51,46",1867,3,"99,84",1764,"48,54",150,1614,"44,41"
280445,NOSSA SENHORA APARECIDA,SE,11/2022,1361,1107,"81,34",1089,18,"98,37",254,"18,66",66,188,"13,81"
280445,NOSSA SENHORA APARECIDA,SE,09/2022,1375,1047,"76,15",972,75,"92,84",328,"23,85",127,201,"14,62"
280445,NOSSA SENHORA APARECIDA,SE,07/2022,1355,1030,"76,01",947,83,"91,94",325,"23,99",128,197,"14,54"
280450,NOSSA SENHORA DA GLÓRIA,SE,07/2022,6770,4540,"67,06",4069,471,"89,63",2230,"32,94",90,2140,"31,61"
280450,NOSSA SENHORA DA GLÓRIA,SE,09/2022,6826,5061,"74,14",4794,267,"94,72",1765,"25,86",396,1369,"20,06"
280450,NOSSA SENHORA DA GLÓRIA,SE,11/2022,6731,5686,"84,47",5407,279,"95,09",1045,"15,53",67,978,"14,53"
280460,NOSSA SENHORA DAS DORES,SE,09/2022,5066,4096,"80,85",4096,0,"100,00",970,"19,15",6,964,"19,03"
280460,NOSSA SENHORA DAS DORES,SE,11/2022,5050,4341,"85,96",4338,3,"99,93",709,"14,04",4,705,"13,96"
280460,NOSSA SENHORA DAS DORES,SE,07/2022,4996,4015,"80,36",4015,0,"100,00",981,"19,64",28,953,"19,08"
280470,NOSSA SENHORA DE LOURDES,SE,07/2022,1267,828,"65,35",761,67,"91,91",439,"34,65",17,422,"33,31"
280470,NOSSA SENHORA DE LOURDES,SE,09/2022,1253,838,"66,88",723,115,"86,28",415,"33,12",4,411,"32,80"
280470,NOSSA SENHORA DE LOURDES,SE,11/2022,1165,942,"80,86",938,4,"99,58",223,"19,14",3,220,"18,88"
280480,NOSSA SENHORA DO SOCORRO,SE,11/2022,30776,13110,"42,60",12624,486,"96,29",17666,"57,40",3023,14643,"47,58"
280480,NOSSA SENHORA DO SOCORRO,SE,09/2022,30819,13319,"43,22",12471,848,"93,63",17500,"56,78",2620,14880,"48,28"
280480,NOSSA SENHORA DO SOCORRO,SE,07/2022,29881,8018,"26,83",6357,1661,"79,28",21863,"73,17",4257,17606,"58,92"
280490,PACATUBA,SE,07/2022,2821,1570,"55,65",1568,2,"99,87",1251,"44,35",293,958,"33,96"
280490,PACATUBA,SE,09/2022,2808,1686,"60,04",1686,0,"100,00",1122,"39,96",143,979,"34,86"
280490,PACATUBA,SE,11/2022,2778,1723,"62,02",1714,9,"99,48",1055,"37,98",91,964,"34,70"
280500,PEDRA MOLE,SE,11/2022,610,450,"73,77",439,11,"97,56",160,"26,23",1,159,"26,07"
280500,PEDRA MOLE,SE,09/2022,642,477,"74,30",452,25,"94,76",165,"25,70",3,162,"25,23"
280500,PEDRA MOLE,SE,07/2022,642,516,"80,37",483,33,"93,60",126,"19,63",5,121,"18,85"
280510,PEDRINHAS,SE,07/2022,1707,1208,"70,77",1207,1,"99,92",499,"29,23",9,490,"28,71"
280510,PEDRINHAS,SE,11/2022,1658,1181,"71,23",1176,5,"99,58",477,"28,77",2,475,"28,65"
280510,PEDRINHAS,SE,09/2022,1777,1265,"71,19",1263,2,"99,84",512,"28,81",4,508,"28,59"
280520,PINHÃO,SE,09/2022,1114,984,"88,33",917,67,"93,19",130,"11,67",5,125,"11,22"
280520,PINHÃO,SE,11/2022,1074,930,"86,59",883,47,"94,95",144,"13,41",6,138,"12,85"
280520,PINHÃO,SE,07/2022,1116,972,"87,10",926,46,"95,27",144,"12,90",13,131,"11,74"
280530,PIRAMBU,SE,07/2022,1809,1147,"63,41",1101,46,"95,99",662,"36,59",240,422,"23,33"
280530,PIRAMBU,SE,11/2022,1724,1222,"70,88",1152,70,"94,27",502,"29,12",96,406,"23,55"
280530,PIRAMBU,SE,09/2022,1812,1326,"73,18",1190,136,"89,74",486,"26,82",46,440,"24,28"
280540,POÇO REDONDO,SE,09/2022,7605,5943,"78,15",5933,10,"99,83",1662,"21,85",13,1649,"21,68"
280540,POÇO REDONDO,SE,11/2022,7408,5935,"80,12",5929,6,"99,90",1473,"19,88",73,1400,"18,90"
280540,POÇO REDONDO,SE,07/2022,7519,5763,"76,65",5763,0,"100,00",1756,"23,35",20,1736,"23,09"
280550,POÇO VERDE,SE,07/2022,3790,2577,"67,99",2497,80,"96,90",1213,"32,01",307,906,"23,91"
280550,POÇO VERDE,SE,11/2022,3730,3071,"82,33",2968,103,"96,65",659,"17,67",72,587,"15,74"
280550,POÇO VERDE,SE,09/2022,3794,3047,"80,31",2953,94,"96,91",747,"19,69",83,664,"17,50"
280560,PORTO DA FOLHA,SE,09/2022,5903,4394,"74,44",4215,179,"95,93",1509,"25,56",10,1499,"25,39"
280560,PORTO DA FOLHA,SE,11/2022,5738,4406,"76,79",4162,244,"94,46",1332,"23,21",13,1319,"22,99"
280560,PORTO DA FOLHA,SE,07/2022,5863,4385,"74,79",4148,237,"94,60",1478,"25,21",21,1457,"24,85"
280570,PROPRIÁ,SE,07/2022,4580,1947,"42,51",1614,333,"82,90",2633,"57,49",359,2274,"49,65"
280570,PROPRIÁ,SE,09/2022,4516,2175,"48,16",1865,310,"85,75",2341,"51,84",7,2334,"51,68"
280570,PROPRIÁ,SE,11/2022,4311,3152,"73,12",3083,69,"97,81",1159,"26,88",7,1152,"26,72"
280580,RIACHÃO DO DANTAS,SE,11/2022,3712,3494,"94,13",3491,3,"99,91",218,"5,87",23,195,"5,25"
280580,RIACHÃO DO DANTAS,SE,09/2022,3853,3640,"94,47",3497,143,"96,07",213,"5,53",43,170,"4,41"
280580,RIACHÃO DO DANTAS,SE,07/2022,3888,3615,"92,98",3595,20,"99,45",273,"7,02",56,217,"5,58"
280590,RIACHUELO,SE,07/2022,1852,764,"41,25",698,66,"91,36",1088,"58,75",340,748,"40,39"
280590,RIACHUELO,SE,11/2022,1802,989,"54,88",974,15,"98,48",813,"45,12",186,627,"34,79"
280590,RIACHUELO,SE,09/2022,1861,775,"41,64",666,109,"85,94",1086,"58,36",343,743,"39,92"
280600,RIBEIRÓPOLIS,SE,09/2022,2532,1339,"52,88",1310,29,"97,83",1193,"47,12",556,637,"25,16"
280600,RIBEIRÓPOLIS,SE,11/2022,2559,1587,"62,02",1538,49,"96,91",972,"37,98",391,581,"22,70"
280600,RIBEIRÓPOLIS,SE,07/2022,2532,1345,"53,12",1330,15,"98,88",1187,"46,88",548,639,"25,24"
280610,ROSÁRIO DO CATETE,SE,07/2022,1973,1460,"74,00",1431,29,"98,01",513,"26,00",37,476,"24,13"
280610,ROSÁRIO DO CATETE,SE,11/2022,1932,1252,"64,80",1251,1,"99,92",680,"35,20",168,512,"26,50"
280610,ROSÁRIO DO CATETE,SE,09/2022,1971,1472,"74,68",1445,27,"98,17",499,"25,32",28,471,"23,90"
280620,SALGADO,SE,11/2022,3817,2487,"65,16",2447,40,"98,39",1330,"34,84",36,1294,"33,90"
280620,SALGADO,SE,09/2022,3862,2423,"62,74",2344,79,"96,74",1439,"37,26",46,1393,"36,07"
280620,SALGADO,SE,07/2022,3776,2062,"54,61",2048,14,"99,32",1714,"45,39",228,1486,"39,35"
280630,SANTA LUZIA DO ITANHY,SE,07/2022,3148,1744,"55,40",1686,58,"96,67",1404,"44,60",288,1116,"35,45"
280630,SANTA LUZIA DO ITANHY,SE,11/2022,3102,1923,"61,99",1760,163,"91,52",1179,"38,01",37,1142,"36,81"
280630,SANTA LUZIA DO ITANHY,SE,09/2022,3171,1717,"54,15",1593,124,"92,78",1454,"45,85",305,1149,"36,23"
280640,SANTANA DO SÃO FRANCISCO,SE,11/2022,1791,1331,"74,32",1311,20,"98,50",460,"25,68",63,397,"22,17"
280640,SANTANA DO SÃO FRANCISCO,SE,09/2022,1844,1359,"73,70",1339,20,"98,53",485,"26,30",21,464,"25,16"
280640,SANTANA DO SÃO FRANCISCO,SE,07/2022,1921,1181,"61,48",1181,0,"100,00",740,"38,52",9,731,"38,05"
280650,SANTA ROSA DE LIMA,SE,07/2022,907,774,"85,34",774,0,"100,00",133,"14,66",7,126,"13,89"
280650,SANTA ROSA DE LIMA,SE,11/2022,908,853,"93,94",853,0,"100,00",55,"6,06",3,52,"5,73"
280650,SANTA ROSA DE LIMA,SE,09/2022,918,854,"93,03",853,1,"99,88",64,"6,97",4,60,"6,54"
280660,SANTO AMARO DAS BROTAS,SE,09/2022,2529,876,"34,64",872,4,"99,54",1653,"65,36",1319,334,"13,21"
280660,SANTO AMARO DAS BROTAS,SE,11/2022,2522,356,"14,12",356,0,"100,00",2166,"85,88",1827,339,"13,44"
280660,SANTO AMARO DAS BROTAS,SE,07/2022,2488,44,"1,77",43,1,"97,73",2444,"98,23",1949,495,"19,90"
280670,SÃO CRISTÓVÃO,SE,07/2022,13647,6851,"50,20",6412,439,"93,59",6796,"49,80",89,6707,"49,15"
280670,SÃO CRISTÓVÃO,SE,11/2022,13319,8243,"61,89",7744,499,"93,95",5076,"38,11",33,5043,"37,86"
280670,SÃO CRISTÓVÃO,SE,09/2022,13768,8038,"58,38",7585,453,"94,36",5730,"41,62",50,5680,"41,26"
280680,SÃO DOMINGOS,SE,09/2022,1847,947,"51,27",897,50,"94,72",900,"48,73",1,899,"48,67"
280680,SÃO DOMINGOS,SE,11/2022,1767,1438,"81,38",1358,80,"94,44",329,"18,62",2,327,"18,51"
280680,SÃO DOMINGOS,SE,07/2022,1844,1023,"55,48",919,104,"89,83",821,"44,52",3,818,"44,36"
280690,SÃO FRANCISCO,SE,07/2022,624,437,"70,03",434,3,"99,31",187,"29,97",23,164,"26,28"
280690,SÃO FRANCISCO,SE,11/2022,588,391,"66,50",391,0,"100,00",197,"33,50",3,194,"32,99"
280690,SÃO FRANCISCO,SE,09/2022,613,406,"66,23",397,9,"97,78",207,"33,77",10,197,"32,14"
280700,SÃO MIGUEL DO ALEIXO,SE,11/2022,592,485,"81,93",442,43,"91,13",107,"18,07",16,91,"15,37"
280700,SÃO MIGUEL DO ALEIXO,SE,09/2022,635,459,"72,28",445,14,"96,95",176,"27,72",13,163,"25,67"
280700,SÃO MIGUEL DO ALEIXO,SE,07/2022,644,461,"71,58",442,19,"95,88",183,"28,42",20,163,"25,31"
280710,SIMÃO DIAS,SE,07/2022,8815,5169,"58,64",4796,373,"92,78",3646,"41,36",1513,2133,"24,20"
280710,SIMÃO DIAS,SE,09/2022,8635,6945,"80,43",6676,269,"96,13",1690,"19,57",502,1188,"13,76"
280710,SIMÃO DIAS,SE,11/2022,8256,6726,"81,47",6573,153,"97,73",1530,"18,53",358,1172,"14,20"
280720,SIRIRI,SE,09/2022,1640,1371,"83,60",1371,0,"100,00",269,"16,40",11,258,"15,73"
280720,SIRIRI,SE,11/2022,1618,1350,"83,44",1350,0,"100,00",268,"16,56",12,256,"15,82"
280720,SIRIRI,SE,07/2022,1625,1357,"83,51",1356,1,"99,93",268,"16,49",14,254,"15,63"
280730,TELHA,SE,07/2022,691,434,"62,81",434,0,"100,00",257,"37,19",8,249,"36,03"
280730,TELHA,SE,09/2022,688,432,"62,79",432,0,"100,00",256,"37,21",0,256,"37,21"
280730,TELHA,SE,11/2022,675,427,"63,26",421,6,"98,59",248,"36,74",0,248,"36,74"
280740,TOBIAS BARRETO,SE,11/2022,8385,6827,"81,42",6645,182,"97,33",1558,"18,58",89,1469,"17,52"
280740,TOBIAS BARRETO,SE,09/2022,8479,6583,"77,64",6286,297,"95,49",1896,"22,36",179,1717,"20,25"
280740,TOBIAS BARRETO,SE,07/2022,8280,5041,"60,88",4830,211,"95,81",3239,"39,12",114,3125,"37,74"
280750,TOMAR DO GERU,SE,07/2022,2493,1743,"69,92",1727,16,"99,08",750,"30,08",72,678,"27,20"
280750,TOMAR DO GERU,SE,09/2022,2468,1772,"71,80",1700,72,"95,94",696,"28,20",17,679,"27,51"
280750,TOMAR DO GERU,SE,11/2022,2410,1753,"72,74",1694,59,"96,63",657,"27,26",14,643,"26,68"
280760,UMBAÚBA,SE,11/2022,4669,4395,"94,13",3966,429,"90,24",274,"5,87",14,260,"5,57"
280760,UMBAÚBA,SE,09/2022,4835,4481,"92,68",3914,567,"87,35",354,"7,32",34,320,"6,62"
280760,UMBAÚBA,SE,07/2022,4961,3896,"78,53",3674,222,"94,30",1065,"21,47",28,1037,"20,90"
350010,ADAMANTINA,SP,09/2022,863,817,"94,67",659,158,"80,66",46,"5,33",2,44,"5,10"
350010,ADAMANTINA,SP,07/2022,847,811,"95,75",725,86,"89,40",36,"4,25",6,30,"3,54"
350010,ADAMANTINA,SP,11/2022,827,808,"97,70",795,13,"98,39",19,"2,30",4,15,"1,81"
350020,ADOLFO,SP,11/2022,240,163,"67,92",141,22,"86,50",77,"32,08",3,74,"30,83"
350020,ADOLFO,SP,07/2022,228,145,"63,60",129,16,"88,97",83,"36,40",6,77,"33,77"
350020,ADOLFO,SP,09/2022,247,163,"65,99",149,14,"91,41",84,"34,01",4,80,"32,39"
350030,AGUAÍ,SP,07/2022,2518,2262,"89,83",2173,89,"96,07",256,"10,17",19,237,"9,41"
350030,AGUAÍ,SP,09/2022,2574,2232,"86,71",1899,333,"85,08",342,"13,29",21,321,"12,47"
350030,AGUAÍ,SP,11/2022,2501,2173,"86,89",1869,304,"86,01",328,"13,11",4,324,"12,95"
350040,ÁGUAS DA PRATA,SP,11/2022,302,230,"76,16",230,0,"100,00",72,"23,84",0,72,"23,84"
350040,ÁGUAS DA PRATA,SP,07/2022,272,206,"75,74",206,0,"100,00",66,"24,26",1,65,"23,90"
350040,ÁGUAS DA PRATA,SP,09/2022,278,210,"75,54",210,0,"100,00",68,"24,46",2,66,"23,74"
350050,ÁGUAS DE LINDÓIA,SP,09/2022,596,457,"76,68",456,1,"99,78",139,"23,32",6,133,"22,32"
350050,ÁGUAS DE LINDÓIA,SP,07/2022,586,444,"75,77",444,0,"100,00",142,"24,23",2,140,"23,89"
350050,ÁGUAS DE LINDÓIA,SP,11/2022,595,474,"79,66",474,0,"100,00",121,"20,34",1,120,"20,17"
350055,ÁGUAS DE SANTA BÁRBARA,SP,11/2022,515,291,"56,50",276,15,"94,85",224,"43,50",17,207,"40,19"
350055,ÁGUAS DE SANTA BÁRBARA,SP,09/2022,568,448,"78,87",448,0,"100,00",120,"21,13",6,114,"20,07"
350055,ÁGUAS DE SANTA BÁRBARA,SP,07/2022,518,190,"36,68",185,5,"97,37",328,"63,32",216,112,"21,62"
350060,ÁGUAS DE SÃO PEDRO,SP,07/2022,123,100,"81,30",93,7,"93,00",23,"18,70",7,16,"13,01"
350060,ÁGUAS DE SÃO PEDRO,SP,09/2022,121,102,"84,30",80,22,"78,43",19,"15,70",3,16,"13,22"
350060,ÁGUAS DE SÃO PEDRO,SP,11/2022,121,106,"87,60",101,5,"95,28",15,"12,40",1,14,"11,57"
350070,AGUDOS,SP,11/2022,1763,1754,"99,49",1562,192,"89,05",9,"0,51",3,6,"0,34"
350070,AGUDOS,SP,07/2022,1666,1568,"94,12",1520,48,"96,94",98,"5,88",31,67,"4,02"
350070,AGUDOS,SP,09/2022,1703,1591,"93,42",1511,80,"94,97",112,"6,58",29,83,"4,87"
350075,ALAMBARI,SP,07/2022,346,116,"33,53",113,3,"97,41",230,"66,47",176,54,"15,61"
350075,ALAMBARI,SP,09/2022,353,137,"38,81",127,10,"92,70",216,"61,19",157,59,"16,71"
350075,ALAMBARI,SP,11/2022,357,67,"18,77",62,5,"92,54",290,"81,23",230,60,"16,81"
350080,ALFREDO MARCONDES,SP,11/2022,264,134,"50,76",98,36,"73,13",130,"49,24",57,73,"27,65"
350080,ALFREDO MARCONDES,SP,07/2022,248,117,"47,18",89,28,"76,07",131,"52,82",53,78,"31,45"
350080,ALFREDO MARCONDES,SP,09/2022,269,132,"49,07",108,24,"81,82",137,"50,93",56,81,"30,11"
350090,ALTAIR,SP,07/2022,216,20,"9,26",20,0,"100,00",196,"90,74",142,54,"25,00"
350090,ALTAIR,SP,09/2022,270,209,"77,41",208,1,"99,52",61,"22,59",5,56,"20,74"
350090,ALTAIR,SP,11/2022,299,240,"80,27",213,27,"88,75",59,"19,73",2,57,"19,06"
350100,ALTINÓPOLIS,SP,11/2022,1372,1007,"73,40",945,62,"93,84",365,"26,60",16,349,"25,44"
350100,ALTINÓPOLIS,SP,07/2022,1268,873,"68,85",801,72,"91,75",395,"31,15",71,324,"25,55"
350100,ALTINÓPOLIS,SP,09/2022,1397,1018,"72,87",908,110,"89,19",379,"27,13",11,368,"26,34"
350110,ALTO ALEGRE,SP,09/2022,245,192,"78,37",145,47,"75,52",53,"21,63",0,53,"21,63"
350110,ALTO ALEGRE,SP,07/2022,238,188,"78,99",173,15,"92,02",50,"21,01",2,48,"20,17"
350110,ALTO ALEGRE,SP,11/2022,230,202,"87,83",199,3,"98,51",28,"12,17",0,28,"12,17"
350115,ALUMÍNIO,SP,11/2022,847,661,"78,04",550,111,"83,21",186,"21,96",3,183,"21,61"
350115,ALUMÍNIO,SP,07/2022,888,683,"76,91",616,67,"90,19",205,"23,09",2,203,"22,86"
350115,ALUMÍNIO,SP,09/2022,896,699,"78,01",595,104,"85,12",197,"21,99",3,194,"21,65"
350120,ÁLVARES FLORENCE,SP,07/2022,182,159,"87,36",140,19,"88,05",23,"12,64",2,21,"11,54"
350120,ÁLVARES FLORENCE,SP,09/2022,183,165,"90,16",152,13,"92,12",18,"9,84",1,17,"9,29"
350120,ÁLVARES FLORENCE,SP,11/2022,183,166,"90,71",165,1,"99,40",17,"9,29",1,16,"8,74"
350130,ÁLVARES MACHADO,SP,11/2022,1815,1757,"96,80",1555,202,"88,50",58,"3,20",36,22,"1,21"
350130,ÁLVARES MACHADO,SP,09/2022,1867,1583,"84,79",1444,139,"91,22",284,"15,21",47,237,"12,69"
350130,ÁLVARES MACHADO,SP,07/2022,1789,1238,"69,20",1166,72,"94,18",551,"30,80",31,520,"29,07"
350140,ÁLVARO DE CARVALHO,SP,09/2022,340,279,"82,06",191,88,"68,46",61,"17,94",5,56,"16,47"
350140,ÁLVARO DE CARVALHO,SP,07/2022,321,265,"82,55",216,49,"81,51",56,"17,45",5,51,"15,89"
350140,ÁLVARO DE CARVALHO,SP,11/2022,327,269,"82,26",197,72,"73,23",58,"17,74",3,55,"16,82"
350150,ALVINLÂNDIA,SP,11/2022,221,203,"91,86",203,0,"100,00",18,"8,14",3,15,"6,79"
350150,ALVINLÂNDIA,SP,09/2022,231,215,"93,07",202,13,"93,95",16,"6,93",2,14,"6,06"
350150,ALVINLÂNDIA,SP,07/2022,217,187,"86,18",183,4,"97,86",30,"13,82",2,28,"12,90"
350160,AMERICANA,SP,07/2022,6392,5617,"87,88",5269,348,"93,80",775,"12,12",38,737,"11,53"
350160,AMERICANA,SP,09/2022,6916,5998,"86,73",5138,860,"85,66",918,"13,27",64,854,"12,35"
350160,AMERICANA,SP,11/2022,6909,5976,"86,50",5426,550,"90,80",933,"13,50",40,893,"12,93"
350170,AMÉRICO BRASILIENSE,SP,11/2022,1585,1510,"95,27",1448,62,"95,89",75,"4,73",7,68,"4,29"
350170,AMÉRICO BRASILIENSE,SP,09/2022,1634,1330,"81,40",1132,198,"85,11",304,"18,60",233,71,"4,35"
350170,AMÉRICO BRASILIENSE,SP,07/2022,1569,1396,"88,97",1257,139,"90,04",173,"11,03",47,126,"8,03"
350180,AMÉRICO DE CAMPOS,SP,09/2022,374,260,"69,52",238,22,"91,54",114,"30,48",1,113,"30,21"
350180,AMÉRICO DE CAMPOS,SP,07/2022,362,263,"72,65",230,33,"87,45",99,"27,35",2,97,"26,80"
350180,AMÉRICO DE CAMPOS,SP,11/2022,372,261,"70,16",259,2,"99,23",111,"29,84",2,109,"29,30"
350190,AMPARO,SP,11/2022,2027,1608,"79,33",1498,110,"93,16",419,"20,67",99,320,"15,79"
350190,AMPARO,SP,09/2022,1915,1330,"69,45",1233,97,"92,71",585,"30,55",278,307,"16,03"
350190,AMPARO,SP,07/2022,1761,1131,"64,22",1022,109,"90,36",630,"35,78",344,286,"16,24"
350200,ANALÂNDIA,SP,07/2022,289,218,"75,43",218,0,"100,00",71,"24,57",5,66,"22,84"
350200,ANALÂNDIA,SP,09/2022,300,227,"75,67",224,3,"98,68",73,"24,33",7,66,"22,00"
350200,ANALÂNDIA,SP,11/2022,291,243,"83,51",243,0,"100,00",48,"16,49",6,42,"14,43"
350210,ANDRADINA,SP,11/2022,3266,2198,"67,30",2137,61,"97,22",1068,"32,70",15,1053,"32,24"
350210,ANDRADINA,SP,07/2022,3132,1866,"59,58",1770,96,"94,86",1266,"40,42",32,1234,"39,40"
350210,ANDRADINA,SP,09/2022,3379,2139,"63,30",2034,105,"95,09",1240,"36,70",38,1202,"35,57"
350220,ANGATUBA,SP,09/2022,1402,1365,"97,36",1136,229,"83,22",37,"2,64",7,30,"2,14"
350220,ANGATUBA,SP,07/2022,1362,1326,"97,36",1192,134,"89,89",36,"2,64",12,24,"1,76"
350220,ANGATUBA,SP,11/2022,1405,1367,"97,30",1192,175,"87,20",38,"2,70",14,24,"1,71"
350230,ANHEMBI,SP,11/2022,645,353,"54,73",345,8,"97,73",292,"45,27",117,175,"27,13"
350230,ANHEMBI,SP,07/2022,623,457,"73,35",453,4,"99,12",166,"26,65",18,148,"23,76"
350230,ANHEMBI,SP,09/2022,650,236,"36,31",235,1,"99,58",414,"63,69",268,146,"22,46"
350240,ANHUMAS,SP,09/2022,199,165,"82,91",147,18,"89,09",34,"17,09",7,27,"13,57"
350240,ANHUMAS,SP,07/2022,194,119,"61,34",117,2,"98,32",75,"38,66",34,41,"21,13"
350240,ANHUMAS,SP,11/2022,198,175,"88,38",148,27,"84,57",23,"11,62",6,17,"8,59"
350250,APARECIDA,SP,11/2022,2191,1692,"77,23",1523,169,"90,01",499,"22,77",38,461,"21,04"
350250,APARECIDA,SP,09/2022,2194,1693,"77,16",1506,187,"88,95",501,"22,84",43,458,"20,88"
350250,APARECIDA,SP,07/2022,2167,1696,"78,26",1631,65,"96,17",471,"21,74",73,398,"18,37"
350260,APARECIDA D´OESTE,SP,09/2022,369,0,"0,00",0,0,,369,"100,00",306,63,"17,07"
350260,APARECIDA D´OESTE,SP,07/2022,365,0,"0,00",0,0,,365,"100,00",304,61,"16,71"
350260,APARECIDA D´OESTE,SP,11/2022,350,248,"70,86",193,55,"77,82",102,"29,14",29,73,"20,86"
350270,APIAÍ,SP,11/2022,2511,2321,"92,43",2059,262,"88,71",190,"7,57",60,130,"5,18"
350270,APIAÍ,SP,09/2022,2577,1814,"70,39",1605,209,"88,48",763,"29,61",182,581,"22,55"
350270,APIAÍ,SP,07/2022,2574,1992,"77,39",1846,146,"92,67",582,"22,61",25,557,"21,64"
350275,ARAÇARIGUAMA,SP,07/2022,1671,1182,"70,74",1010,172,"85,45",489,"29,26",12,477,"28,55"
350275,ARAÇARIGUAMA,SP,09/2022,1948,1388,"71,25",1169,219,"84,22",560,"28,75",16,544,"27,93"
350275,ARAÇARIGUAMA,SP,11/2022,1976,1418,"71,76",1275,143,"89,92",558,"28,24",13,545,"27,58"
350280,ARAÇATUBA,SP,11/2022,8079,7339,"90,84",6498,841,"88,54",740,"9,16",289,451,"5,58"
350280,ARAÇATUBA,SP,07/2022,8026,7344,"91,50",6292,1052,"85,68",682,"8,50",142,540,"6,73"
350280,ARAÇATUBA,SP,09/2022,8229,7332,"89,10",6320,1012,"86,20",897,"10,90",183,714,"8,68"
350290,ARAÇOIABA DA SERRA,SP,09/2022,1945,1239,"63,70",1039,200,"83,86",706,"36,30",131,575,"29,56"
350290,ARAÇOIABA DA SERRA,SP,07/2022,1822,1147,"62,95",1089,58,"94,94",675,"37,05",197,478,"26,23"
350290,ARAÇOIABA DA SERRA,SP,11/2022,1903,1671,"87,81",1502,169,"89,89",232,"12,19",114,118,"6,20"
350300,ARAMINA,SP,11/2022,425,304,"71,53",259,45,"85,20",121,"28,47",51,70,"16,47"
350300,ARAMINA,SP,07/2022,386,278,"72,02",278,0,"100,00",108,"27,98",41,67,"17,36"
350300,ARAMINA,SP,09/2022,374,0,"0,00",0,0,,374,"100,00",309,65,"17,38"
350310,ARANDU,SP,09/2022,517,360,"69,63",329,31,"91,39",157,"30,37",4,153,"29,59"
350310,ARANDU,SP,07/2022,484,331,"68,39",314,17,"94,86",153,"31,61",4,149,"30,79"
350310,ARANDU,SP,11/2022,513,361,"70,37",344,17,"95,29",152,"29,63",2,150,"29,24"
350315,ARAPEÍ,SP,11/2022,250,204,"81,60",187,17,"91,67",46,"18,40",3,43,"17,20"
350315,ARAPEÍ,SP,07/2022,256,214,"83,59",190,24,"88,79",42,"16,41",11,31,"12,11"
350315,ARAPEÍ,SP,09/2022,255,1,"0,39",0,1,"0,00",254,"99,61",219,35,"13,73"
350320,ARARAQUARA,SP,09/2022,9552,7288,"76,30",6044,1244,"82,93",2264,"23,70",706,1558,"16,31"
350320,ARARAQUARA,SP,07/2022,8821,7547,"85,56",6864,683,"90,95",1274,"14,44",148,1126,"12,76"
350320,ARARAQUARA,SP,11/2022,9230,8530,"92,42",8110,420,"95,08",700,"7,58",18,682,"7,39"
350330,ARARAS,SP,11/2022,7150,5373,"75,15",4962,411,"92,35",1777,"24,85",393,1384,"19,36"
350330,ARARAS,SP,07/2022,6641,4351,"65,52",3745,606,"86,07",2290,"34,48",1138,1152,"17,35"
350330,ARARAS,SP,09/2022,7329,4822,"65,79",4397,425,"91,19",2507,"34,21",1046,1461,"19,93"
350335,ARCO-ÍRIS,SP,09/2022,208,174,"83,65",150,24,"86,21",34,"16,35",5,29,"13,94"
350335,ARCO-ÍRIS,SP,07/2022,189,159,"84,13",148,11,"93,08",30,"15,87",2,28,"14,81"
350335,ARCO-ÍRIS,SP,11/2022,189,165,"87,30",154,11,"93,33",24,"12,70",0,24,"12,70"
350340,AREALVA,SP,11/2022,541,364,"67,28",348,16,"95,60",177,"32,72",2,175,"32,35"
350340,AREALVA,SP,07/2022,479,118,"24,63",113,5,"95,76",361,"75,37",140,221,"46,14"
350340,AREALVA,SP,09/2022,527,307,"58,25",271,36,"88,27",220,"41,75",5,215,"40,80"
350350,AREIAS,SP,09/2022,457,418,"91,47",334,84,"79,90",39,"8,53",8,31,"6,78"
350350,AREIAS,SP,07/2022,472,342,"72,46",271,71,"79,24",130,"27,54",13,117,"24,79"
350350,AREIAS,SP,11/2022,422,384,"91,00",384,0,"100,00",38,"9,00",2,36,"8,53"
350360,AREIÓPOLIS,SP,11/2022,771,485,"62,91",463,22,"95,46",286,"37,09",1,285,"36,96"
350360,AREIÓPOLIS,SP,07/2022,712,430,"60,39",378,52,"87,91",282,"39,61",6,276,"38,76"
350360,AREIÓPOLIS,SP,09/2022,748,443,"59,22",411,32,"92,78",305,"40,78",4,301,"40,24"
350370,ARIRANHA,SP,09/2022,349,295,"84,53",265,30,"89,83",54,"15,47",2,52,"14,90"
350370,ARIRANHA,SP,07/2022,328,270,"82,32",233,37,"86,30",58,"17,68",2,56,"17,07"
350370,ARIRANHA,SP,11/2022,335,288,"85,97",275,13,"95,49",47,"14,03",0,47,"14,03"
350380,ARTUR NOGUEIRA,SP,11/2022,2609,2325,"89,11",2260,65,"97,20",284,"10,89",11,273,"10,46"
350380,ARTUR NOGUEIRA,SP,07/2022,2439,2217,"90,90",2119,98,"95,58",222,"9,10",13,209,"8,57"
350380,ARTUR NOGUEIRA,SP,09/2022,2643,2325,"87,97",2151,174,"92,52",318,"12,03",26,292,"11,05"
350390,ARUJÁ,SP,09/2022,7521,2123,"28,23",1927,196,"90,77",5398,"71,77",3369,2029,"26,98"
350390,ARUJÁ,SP,07/2022,6876,1450,"21,09",1309,141,"90,28",5426,"78,91",3522,1904,"27,69"
350390,ARUJÁ,SP,11/2022,7556,5023,"66,48",4475,548,"89,09",2533,"33,52",1176,1357,"17,96"
350395,ASPÁSIA,SP,11/2022,98,77,"78,57",67,10,"87,01",21,"21,43",14,7,"7,14"
350395,ASPÁSIA,SP,07/2022,106,94,"88,68",78,16,"82,98",12,"11,32",5,7,"6,60"
350395,ASPÁSIA,SP,09/2022,108,88,"81,48",78,10,"88,64",20,"18,52",3,17,"15,74"
350400,ASSIS,SP,09/2022,4437,4159,"93,73",3256,903,"78,29",278,"6,27",115,163,"3,67"
350400,ASSIS,SP,07/2022,4356,3853,"88,45",3303,550,"85,73",503,"11,55",203,300,"6,89"
350400,ASSIS,SP,11/2022,4249,3737,"87,95",3263,474,"87,32",512,"12,05",315,197,"4,64"
350410,ATIBAIA,SP,11/2022,6917,6438,"93,08",5521,917,"85,76",479,"6,92",79,400,"5,78"
350410,ATIBAIA,SP,07/2022,6884,6104,"88,67",4770,1334,"78,15",780,"11,33",245,535,"7,77"
350410,ATIBAIA,SP,09/2022,7074,6255,"88,42",4952,1303,"79,17",819,"11,58",230,589,"8,33"
350420,AURIFLAMA,SP,09/2022,376,353,"93,88",297,56,"84,14",23,"6,12",7,16,"4,26"
350420,AURIFLAMA,SP,07/2022,379,230,"60,69",183,47,"79,57",149,"39,31",1,148,"39,05"
350420,AURIFLAMA,SP,11/2022,372,357,"95,97",318,39,"89,08",15,"4,03",2,13,"3,49"
350430,AVAÍ,SP,11/2022,386,364,"94,30",363,1,"99,73",22,"5,70",2,20,"5,18"
350430,AVAÍ,SP,07/2022,416,330,"79,33",311,19,"94,24",86,"20,67",10,76,"18,27"
350430,AVAÍ,SP,09/2022,406,330,"81,28",318,12,"96,36",76,"18,72",47,29,"7,14"
350440,AVANHANDAVA,SP,09/2022,1305,923,"70,73",908,15,"98,37",382,"29,27",7,375,"28,74"
350440,AVANHANDAVA,SP,07/2022,1241,872,"70,27",872,0,"100,00",369,"29,73",9,360,"29,01"
350440,AVANHANDAVA,SP,11/2022,1297,918,"70,78",841,77,"91,61",379,"29,22",8,371,"28,60"
350450,AVARÉ,SP,11/2022,4964,4518,"91,02",4150,368,"91,85",446,"8,98",112,334,"6,73"
350450,AVARÉ,SP,07/2022,4679,3896,"83,27",3768,128,"96,71",783,"16,73",17,766,"16,37"
350450,AVARÉ,SP,09/2022,4974,4782,"96,14",3859,923,"80,70",192,"3,86",26,166,"3,34"
350460,BADY BASSITT,SP,09/2022,916,804,"87,77",650,154,"80,85",112,"12,23",34,78,"8,52"
350460,BADY BASSITT,SP,07/2022,729,617,"84,64",457,160,"74,07",112,"15,36",20,92,"12,62"
350460,BADY BASSITT,SP,11/2022,959,837,"87,28",729,108,"87,10",122,"12,72",25,97,"10,11"
350470,BALBINOS,SP,11/2022,134,126,"94,03",115,11,"91,27",8,"5,97",3,5,"3,73"
350470,BALBINOS,SP,07/2022,130,107,"82,31",107,0,"100,00",23,"17,69",3,20,"15,38"
350470,BALBINOS,SP,09/2022,135,116,"85,93",116,0,"100,00",19,"14,07",4,15,"11,11"
350480,BÁLSAMO,SP,09/2022,406,367,"90,39",367,0,"100,00",39,"9,61",3,36,"8,87"
350480,BÁLSAMO,SP,07/2022,364,328,"90,11",328,0,"100,00",36,"9,89",2,34,"9,34"
350480,BÁLSAMO,SP,11/2022,413,368,"89,10",351,17,"95,38",45,"10,90",1,44,"10,65"
350490,BANANAL,SP,11/2022,930,483,"51,94",450,33,"93,17",447,"48,06",274,173,"18,60"
350490,BANANAL,SP,07/2022,954,717,"75,16",645,72,"89,96",237,"24,84",97,140,"14,68"
350490,BANANAL,SP,09/2022,981,623,"63,51",545,78,"87,48",358,"36,49",191,167,"17,02"
350500,BARÃO DE ANTONINA,SP,09/2022,281,276,"98,22",204,72,"73,91",5,"1,78",1,4,"1,42"
350500,BARÃO DE ANTONINA,SP,07/2022,284,276,"97,18",234,42,"84,78",8,"2,82",5,3,"1,06"
350500,BARÃO DE ANTONINA,SP,11/2022,255,248,"97,25",188,60,"75,81",7,"2,75",6,1,"0,39"
350510,BARBOSA,SP,11/2022,616,493,"80,03",478,15,"96,96",123,"19,97",1,122,"19,81"
350510,BARBOSA,SP,07/2022,565,448,"79,29",411,37,"91,74",117,"20,71",4,113,"20,00"
350510,BARBOSA,SP,09/2022,623,497,"79,78",465,32,"93,56",126,"20,22",1,125,"20,06"
350520,BARIRI,SP,09/2022,1536,701,"45,64",618,83,"88,16",835,"54,36",493,342,"22,27"
350520,BARIRI,SP,07/2022,1485,958,"64,51",846,112,"88,31",527,"35,49",180,347,"23,37"
350520,BARIRI,SP,11/2022,1553,1292,"83,19",1188,104,"91,95",261,"16,81",30,231,"14,87"
350530,BARRA BONITA,SP,11/2022,1596,1394,"87,34",1343,51,"96,34",202,"12,66",17,185,"11,59"
350530,BARRA BONITA,SP,07/2022,1620,1283,"79,20",1179,104,"91,89",337,"20,80",94,243,"15,00"
350530,BARRA BONITA,SP,09/2022,1701,1379,"81,07",1291,88,"93,62",322,"18,93",18,304,"17,87"
350535,BARRA DO CHAPÉU,SP,09/2022,965,797,"82,59",797,0,"100,00",168,"17,41",2,166,"17,20"
350535,BARRA DO CHAPÉU,SP,07/2022,901,743,"82,46",743,0,"100,00",158,"17,54",2,156,"17,31"
350535,BARRA DO CHAPÉU,SP,11/2022,982,820,"83,50",820,0,"100,00",162,"16,50",1,161,"16,40"
350540,BARRA DO TURVO,SP,11/2022,1022,718,"70,25",654,64,"91,09",304,"29,75",2,302,"29,55"
350540,BARRA DO TURVO,SP,07/2022,1051,716,"68,13",642,74,"89,66",335,"31,87",49,286,"27,21"
350540,BARRA DO TURVO,SP,09/2022,1074,764,"71,14",665,99,"87,04",310,"28,86",25,285,"26,54"
350550,BARRETOS,SP,09/2022,5089,3568,"70,11",2770,798,"77,63",1521,"29,89",633,888,"17,45"
350550,BARRETOS,SP,07/2022,4790,3869,"80,77",3185,684,"82,32",921,"19,23",112,809,"16,89"
350550,BARRETOS,SP,11/2022,5116,4171,"81,53",3739,432,"89,64",945,"18,47",98,847,"16,56"
350560,BARRINHA,SP,11/2022,3108,2310,"74,32",2229,81,"96,49",798,"25,68",46,752,"24,20"
350560,BARRINHA,SP,07/2022,2688,2037,"75,78",1840,197,"90,33",651,"24,22",33,618,"22,99"
350560,BARRINHA,SP,09/2022,3128,2301,"73,56",2058,243,"89,44",827,"26,44",83,744,"23,79"
350570,BARUERI,SP,09/2022,22174,13102,"59,09",11786,1316,"89,96",9072,"40,91",1187,7885,"35,56"
350570,BARUERI,SP,07/2022,20337,12981,"63,83",12297,684,"94,73",7356,"36,17",131,7225,"35,53"
350570,BARUERI,SP,11/2022,22239,14277,"64,20",13693,584,"95,91",7962,"35,80",114,7848,"35,29"
350580,BASTOS,SP,11/2022,810,687,"84,81",586,101,"85,30",123,"15,19",2,121,"14,94"
350580,BASTOS,SP,07/2022,791,626,"79,14",450,176,"71,88",165,"20,86",5,160,"20,23"
350580,BASTOS,SP,09/2022,831,665,"80,02",483,182,"72,63",166,"19,98",5,161,"19,37"
350590,BATATAIS,SP,09/2022,3173,2661,"83,86",2267,394,"85,19",512,"16,14",160,352,"11,09"
350590,BATATAIS,SP,07/2022,3026,2182,"72,11",1997,185,"91,52",844,"27,89",507,337,"11,14"
350590,BATATAIS,SP,11/2022,3038,2500,"82,29",2275,225,"91,00",538,"17,71",168,370,"12,18"
350600,BAURU,SP,11/2022,15218,14871,"97,72",13864,1007,"93,23",347,"2,28",34,313,"2,06"
350600,BAURU,SP,07/2022,15526,14589,"93,96",13294,1295,"91,12",937,"6,04",354,583,"3,75"
350600,BAURU,SP,09/2022,16026,15687,"97,88",14428,1259,"91,97",339,"2,12",77,262,"1,63"
350610,BEBEDOURO,SP,09/2022,4171,3513,"84,22",2786,727,"79,31",658,"15,78",376,282,"6,76"
350610,BEBEDOURO,SP,07/2022,3989,3307,"82,90",2738,569,"82,79",682,"17,10",29,653,"16,37"
350610,BEBEDOURO,SP,11/2022,3964,3600,"90,82",2970,630,"82,50",364,"9,18",77,287,"7,24"
350620,BENTO DE ABREU,SP,11/2022,217,172,"79,26",133,39,"77,33",45,"20,74",11,34,"15,67"
350620,BENTO DE ABREU,SP,07/2022,177,147,"83,05",127,20,"86,39",30,"16,95",7,23,"12,99"
350620,BENTO DE ABREU,SP,09/2022,190,155,"81,58",104,51,"67,10",35,"18,42",13,22,"11,58"
350630,BERNARDINO DE CAMPOS,SP,09/2022,841,766,"91,08",552,214,"72,06",75,"8,92",10,65,"7,73"
350630,BERNARDINO DE CAMPOS,SP,07/2022,749,676,"90,25",545,131,"80,62",73,"9,75",14,59,"7,88"
350630,BERNARDINO DE CAMPOS,SP,11/2022,823,760,"92,35",642,118,"84,47",63,"7,65",5,58,"7,05"
350635,BERTIOGA,SP,11/2022,6962,4254,"61,10",3393,861,"79,76",2708,"38,90",106,2602,"37,37"
350635,BERTIOGA,SP,07/2022,6130,3551,"57,93",2798,753,"78,79",2579,"42,07",119,2460,"40,13"
350635,BERTIOGA,SP,09/2022,6799,4050,"59,57",3105,945,"76,67",2749,"40,43",155,2594,"38,15"
350640,BILAC,SP,09/2022,276,229,"82,97",211,18,"92,14",47,"17,03",4,43,"15,58"
350640,BILAC,SP,07/2022,267,230,"86,14",216,14,"93,91",37,"13,86",3,34,"12,73"
350640,BILAC,SP,11/2022,283,245,"86,57",234,11,"95,51",38,"13,43",0,38,"13,43"
350650,BIRIGUI,SP,11/2022,4803,4359,"90,76",3932,427,"90,20",444,"9,24",16,428,"8,91"
350650,BIRIGUI,SP,07/2022,4603,4248,"92,29",3440,808,"80,98",355,"7,71",35,320,"6,95"
350650,BIRIGUI,SP,09/2022,4925,4490,"91,17",3852,638,"85,79",435,"8,83",22,413,"8,39"
350660,BIRITIBA-MIRIM,SP,09/2022,3131,2709,"86,52",2599,110,"95,94",422,"13,48",117,305,"9,74"
350660,BIRITIBA-MIRIM,SP,07/2022,2949,2155,"73,08",1973,182,"91,55",794,"26,92",236,558,"18,92"
350660,BIRITIBA-MIRIM,SP,11/2022,3075,2675,"86,99",2551,124,"95,36",400,"13,01",118,282,"9,17"
350670,BOA ESPERANÇA DO SUL,SP,11/2022,1137,650,"57,17",625,25,"96,15",487,"42,83",164,323,"28,41"
350670,BOA ESPERANÇA DO SUL,SP,07/2022,1124,776,"69,04",749,27,"96,52",348,"30,96",12,336,"29,89"
350670,BOA ESPERANÇA DO SUL,SP,09/2022,1213,855,"70,49",776,79,"90,76",358,"29,51",16,342,"28,19"
350680,BOCAINA,SP,09/2022,577,541,"93,76",348,193,"64,33",36,"6,24",3,33,"5,72"
350680,BOCAINA,SP,07/2022,547,515,"94,15",433,82,"84,08",32,"5,85",6,26,"4,75"
350680,BOCAINA,SP,11/2022,567,545,"96,12",404,141,"74,13",22,"3,88",1,21,"3,70"
350690,BOFETE,SP,11/2022,856,721,"84,23",721,0,"100,00",135,"15,77",20,115,"13,43"
350690,BOFETE,SP,07/2022,760,58,"7,63",58,0,"100,00",702,"92,37",438,264,"34,74"
350690,BOFETE,SP,09/2022,847,674,"79,57",674,0,"100,00",173,"20,43",19,154,"18,18"
350700,BOITUVA,SP,09/2022,3434,2485,"72,36",2326,159,"93,60",949,"27,64",12,937,"27,29"
350700,BOITUVA,SP,07/2022,3184,2256,"70,85",2139,117,"94,81",928,"29,15",15,913,"28,67"
350700,BOITUVA,SP,11/2022,3430,2508,"73,12",2228,280,"88,84",922,"26,88",11,911,"26,56"
350710,BOM JESUS DOS PERDÕES,SP,11/2022,2073,836,"40,33",754,82,"90,19",1237,"59,67",700,537,"25,90"
350710,BOM JESUS DOS PERDÕES,SP,07/2022,2025,587,"28,99",437,150,"74,45",1438,"71,01",854,584,"28,84"
350710,BOM JESUS DOS PERDÕES,SP,09/2022,2140,786,"36,73",596,190,"75,83",1354,"63,27",799,555,"25,93"
350715,BOM SUCESSO DE ITARARÉ,SP,09/2022,500,423,"84,60",325,98,"76,83",77,"15,40",3,74,"14,80"
350715,BOM SUCESSO DE ITARARÉ,SP,07/2022,503,329,"65,41",287,42,"87,23",174,"34,59",6,168,"33,40"
350715,BOM SUCESSO DE ITARARÉ,SP,11/2022,472,430,"91,10",383,47,"89,07",42,"8,90",0,42,"8,90"
350720,BORÁ,SP,11/2022,67,58,"86,57",58,0,"100,00",9,"13,43",0,9,"13,43"
350720,BORÁ,SP,07/2022,59,32,"54,24",32,0,"100,00",27,"45,76",12,15,"25,42"
350720,BORÁ,SP,09/2022,66,55,"83,33",54,1,"98,18",11,"16,67",0,11,"16,67"
350730,BORACÉIA,SP,09/2022,394,307,"77,92",300,7,"97,72",87,"22,08",4,83,"21,07"
350730,BORACÉIA,SP,07/2022,390,295,"75,64",286,9,"96,95",95,"24,36",8,87,"22,31"
350730,BORACÉIA,SP,11/2022,401,323,"80,55",323,0,"100,00",78,"19,45",1,77,"19,20"
350740,BORBOREMA,SP,11/2022,667,658,"98,65",611,47,"92,86",9,"1,35",3,6,"0,90"
350740,BORBOREMA,SP,07/2022,690,661,"95,80",539,122,"81,54",29,"4,20",7,22,"3,19"
350740,BORBOREMA,SP,09/2022,726,700,"96,42",574,126,"82,00",26,"3,58",14,12,"1,65"
350745,BOREBI,SP,09/2022,241,211,"87,55",182,29,"86,26",30,"12,45",0,30,"12,45"
350745,BOREBI,SP,07/2022,211,181,"85,78",171,10,"94,48",30,"14,22",3,27,"12,80"
350745,BOREBI,SP,11/2022,236,206,"87,29",185,21,"89,81",30,"12,71",0,30,"12,71"
350750,BOTUCATU,SP,11/2022,6655,3748,"56,32",3339,409,"89,09",2907,"43,68",2557,350,"5,26"
350750,BOTUCATU,SP,07/2022,6556,3831,"58,44",3485,346,"90,97",2725,"41,56",2036,689,"10,51"
350750,BOTUCATU,SP,09/2022,6714,4062,"60,50",3434,628,"84,54",2652,"39,50",1911,741,"11,04"
350760,BRAGANÇA PAULISTA,SP,09/2022,8556,8267,"96,62",6338,1929,"76,67",289,"3,38",58,231,"2,70"
350760,BRAGANÇA PAULISTA,SP,07/2022,7724,7407,"95,90",5914,1493,"79,84",317,"4,10",50,267,"3,46"
350760,BRAGANÇA PAULISTA,SP,11/2022,8478,8134,"95,94",7160,974,"88,03",344,"4,06",113,231,"2,72"
350770,BRAÚNA,SP,11/2022,512,390,"76,17",338,52,"86,67",122,"23,83",1,121,"23,63"
350770,BRAÚNA,SP,07/2022,492,364,"73,98",305,59,"83,79",128,"26,02",17,111,"22,56"
350770,BRAÚNA,SP,09/2022,507,374,"73,77",297,77,"79,41",133,"26,23",1,132,"26,04"
350775,BREJO ALEGRE,SP,09/2022,281,237,"84,34",184,53,"77,64",44,"15,66",4,40,"14,23"
350775,BREJO ALEGRE,SP,07/2022,273,233,"85,35",200,33,"85,84",40,"14,65",3,37,"13,55"
350775,BREJO ALEGRE,SP,11/2022,265,254,"95,85",213,41,"83,86",11,"4,15",6,5,"1,89"
350780,BRODOWSKI,SP,11/2022,1414,1337,"94,55",1184,153,"88,56",77,"5,45",4,73,"5,16"
350780,BRODOWSKI,SP,07/2022,1327,1238,"93,29",1106,132,"89,34",89,"6,71",11,78,"5,88"
350780,BRODOWSKI,SP,09/2022,1454,1409,"96,91",1117,292,"79,28",45,"3,09",18,27,"1,86"
350790,BROTAS,SP,09/2022,906,846,"93,38",672,174,"79,43",60,"6,62",46,14,"1,55"
350790,BROTAS,SP,07/2022,923,661,"71,61",627,34,"94,86",262,"28,39",23,239,"25,89"
350790,BROTAS,SP,11/2022,895,793,"88,60",718,75,"90,54",102,"11,40",20,82,"9,16"
350800,BURI,SP,11/2022,2617,2438,"93,16",1904,534,"78,10",179,"6,84",11,168,"6,42"
350800,BURI,SP,07/2022,2706,2341,"86,51",1892,449,"80,82",365,"13,49",18,347,"12,82"
350800,BURI,SP,09/2022,2747,2421,"88,13",1838,583,"75,92",326,"11,87",18,308,"11,21"
350810,BURITAMA,SP,09/2022,1584,1181,"74,56",1075,106,"91,02",403,"25,44",37,366,"23,11"
350810,BURITAMA,SP,07/2022,1477,1114,"75,42",986,128,"88,51",363,"24,58",33,330,"22,34"
350810,BURITAMA,SP,11/2022,1561,1250,"80,08",1182,68,"94,56",311,"19,92",26,285,"18,26"
350820,BURITIZAL,SP,11/2022,314,240,"76,43",225,15,"93,75",74,"23,57",0,74,"23,57"
350820,BURITIZAL,SP,07/2022,283,220,"77,74",175,45,"79,55",63,"22,26",3,60,"21,20"
350820,BURITIZAL,SP,09/2022,301,226,"75,08",209,17,"92,48",75,"24,92",5,70,"23,26"
350830,CABRÁLIA PAULISTA,SP,09/2022,290,272,"93,79",261,11,"95,96",18,"6,21",2,16,"5,52"
350830,CABRÁLIA PAULISTA,SP,07/2022,284,264,"92,96",240,24,"90,91",20,"7,04",3,17,"5,99"
350830,CABRÁLIA PAULISTA,SP,11/2022,301,282,"93,69",260,22,"92,20",19,"6,31",0,19,"6,31"
350840,CABREÚVA,SP,11/2022,2396,2041,"85,18",1852,189,"90,74",355,"14,82",45,310,"12,94"
350840,CABREÚVA,SP,07/2022,2312,1916,"82,87",1720,196,"89,77",396,"17,13",44,352,"15,22"
350840,CABREÚVA,SP,09/2022,2430,1920,"79,01",1612,308,"83,96",510,"20,99",249,261,"10,74"
350850,CAÇAPAVA,SP,09/2022,5818,3855,"66,26",3855,0,"100,00",1963,"33,74",276,1687,"29,00"
350850,CAÇAPAVA,SP,07/2022,5580,3882,"69,57",3882,0,"100,00",1698,"30,43",46,1652,"29,61"
350850,CAÇAPAVA,SP,11/2022,5773,4113,"71,25",4113,0,"100,00",1660,"28,75",42,1618,"28,03"
350860,CACHOEIRA PAULISTA,SP,11/2022,3031,2508,"82,74",2508,0,"100,00",523,"17,26",7,516,"17,02"
350860,CACHOEIRA PAULISTA,SP,07/2022,2934,2415,"82,31",2415,0,"100,00",519,"17,69",10,509,"17,35"
350860,CACHOEIRA PAULISTA,SP,09/2022,3029,2480,"81,88",2480,0,"100,00",549,"18,12",23,526,"17,37"
350870,CACONDE,SP,09/2022,1740,551,"31,67",390,161,"70,78",1189,"68,33",864,325,"18,68"
350870,CACONDE,SP,07/2022,1755,1428,"81,37",1427,1,"99,93",327,"18,63",10,317,"18,06"
350870,CACONDE,SP,11/2022,1666,1043,"62,61",993,50,"95,21",623,"37,39",269,354,"21,25"
350880,CAFELÂNDIA,SP,11/2022,882,830,"94,10",702,128,"84,58",52,"5,90",13,39,"4,42"
350880,CAFELÂNDIA,SP,07/2022,851,819,"96,24",567,252,"69,23",32,"3,76",15,17,"2,00"
350880,CAFELÂNDIA,SP,09/2022,904,862,"95,35",702,160,"81,44",42,"4,65",20,22,"2,43"
350890,CAIABU,SP,09/2022,164,133,"81,10",129,4,"96,99",31,"18,90",5,26,"15,85"
350890,CAIABU,SP,07/2022,166,84,"50,60",64,20,"76,19",82,"49,40",46,36,"21,69"
350890,CAIABU,SP,11/2022,168,135,"80,36",125,10,"92,59",33,"19,64",5,28,"16,67"
350900,CAIEIRAS,SP,11/2022,5629,5497,"97,66",5439,58,"98,94",132,"2,34",32,100,"1,78"
350900,CAIEIRAS,SP,07/2022,5079,4468,"87,97",4468,0,"100,00",611,"12,03",22,589,"11,60"
350900,CAIEIRAS,SP,09/2022,5649,5478,"96,97",5289,189,"96,55",171,"3,03",38,133,"2,35"
350910,CAIUÁ,SP,09/2022,567,410,"72,31",410,0,"100,00",157,"27,69",8,149,"26,28"
350910,CAIUÁ,SP,07/2022,506,369,"72,92",365,4,"98,92",137,"27,08",4,133,"26,28"
350910,CAIUÁ,SP,11/2022,560,421,"75,18",421,0,"100,00",139,"24,82",100,39,"6,96"
350920,CAJAMAR,SP,11/2022,8250,6136,"74,38",5388,748,"87,81",2114,"25,62",141,1973,"23,92"
350920,CAJAMAR,SP,07/2022,7786,4846,"62,24",4413,433,"91,06",2940,"37,76",1046,1894,"24,33"
350920,CAJAMAR,SP,09/2022,8512,5666,"66,56",4861,805,"85,79",2846,"33,44",831,2015,"23,67"
350925,CAJATI,SP,09/2022,2577,1977,"76,72",1743,234,"88,16",600,"23,28",110,490,"19,01"
350925,CAJATI,SP,07/2022,2524,1695,"67,16",1684,11,"99,35",829,"32,84",421,408,"16,16"
350925,CAJATI,SP,11/2022,2601,1979,"76,09",1824,155,"92,17",622,"23,91",107,515,"19,80"
350930,CAJOBI,SP,11/2022,638,548,"85,89",492,56,"89,78",90,"14,11",43,47,"7,37"
350930,CAJOBI,SP,07/2022,602,340,"56,48",332,8,"97,65",262,"43,52",13,249,"41,36"
350930,CAJOBI,SP,09/2022,650,401,"61,69",390,11,"97,26",249,"38,31",16,233,"35,85"
350940,CAJURU,SP,09/2022,1745,1355,"77,65",1094,261,"80,74",390,"22,35",27,363,"20,80"
350940,CAJURU,SP,07/2022,1623,1245,"76,71",1051,194,"84,42",378,"23,29",36,342,"21,07"
350940,CAJURU,SP,11/2022,1730,1548,"89,48",1313,235,"84,82",182,"10,52",14,168,"9,71"
350945,CAMPINA DO MONTE ALEGRE,SP,11/2022,490,354,"72,24",283,71,"79,94",136,"27,76",38,98,"20,00"
350945,CAMPINA DO MONTE ALEGRE,SP,07/2022,512,368,"71,88",253,115,"68,75",144,"28,13",41,103,"20,12"
350945,CAMPINA DO MONTE ALEGRE,SP,09/2022,529,401,"75,80",312,89,"77,81",128,"24,20",24,104,"19,66"
350950,CAMPINAS,SP,09/2022,59586,48605,"81,57",40927,7678,"84,20",10981,"18,43",10493,488,"0,82"
350950,CAMPINAS,SP,07/2022,57735,57270,"99,19",52073,5197,"90,93",465,"0,81",282,183,"0,32"
350950,CAMPINAS,SP,11/2022,57097,56632,"99,19",51997,4635,"91,82",465,"0,81",177,288,"0,50"
350960,CAMPO LIMPO PAULISTA,SP,11/2022,4800,4576,"95,33",4576,0,"100,00",224,"4,67",55,169,"3,52"
350960,CAMPO LIMPO PAULISTA,SP,07/2022,4634,4462,"96,29",4462,0,"100,00",172,"3,71",23,149,"3,22"
350960,CAMPO LIMPO PAULISTA,SP,09/2022,4949,4791,"96,81",4791,0,"100,00",158,"3,19",56,102,"2,06"
350970,CAMPOS DO JORDÃO,SP,09/2022,2096,1881,"89,74",1376,505,"73,15",215,"10,26",19,196,"9,35"
350970,CAMPOS DO JORDÃO,SP,07/2022,2007,1826,"90,98",1678,148,"91,89",181,"9,02",10,171,"8,52"
350970,CAMPOS DO JORDÃO,SP,11/2022,2073,1879,"90,64",1516,363,"80,68",194,"9,36",10,184,"8,88"
350980,CAMPOS NOVOS PAULISTA,SP,11/2022,483,382,"79,09",307,75,"80,37",101,"20,91",28,73,"15,11"
350980,CAMPOS NOVOS PAULISTA,SP,07/2022,445,127,"28,54",127,0,"100,00",318,"71,46",202,116,"26,07"
350980,CAMPOS NOVOS PAULISTA,SP,09/2022,478,190,"39,75",158,32,"83,16",288,"60,25",162,126,"26,36"
350990,CANANÉIA,SP,09/2022,1232,916,"74,35",634,282,"69,21",316,"25,65",17,299,"24,27"
350990,CANANÉIA,SP,07/2022,1235,916,"74,17",732,184,"79,91",319,"25,83",19,300,"24,29"
350990,CANANÉIA,SP,11/2022,1245,935,"75,10",684,251,"73,16",310,"24,90",12,298,"23,94"
350995,CANAS,SP,11/2022,639,526,"82,32",462,64,"87,83",113,"17,68",40,73,"11,42"
350995,CANAS,SP,07/2022,604,390,"64,57",301,89,"77,18",214,"35,43",36,178,"29,47"
350995,CANAS,SP,09/2022,668,447,"66,92",355,92,"79,42",221,"33,08",31,190,"28,44"
351000,CÂNDIDO MOTA,SP,09/2022,1468,1156,"78,75",1045,111,"90,40",312,"21,25",132,180,"12,26"
351000,CÂNDIDO MOTA,SP,07/2022,1477,1143,"77,39",1025,118,"89,68",334,"22,61",11,323,"21,87"
351000,CÂNDIDO MOTA,SP,11/2022,1467,1398,"95,30",1204,194,"86,12",69,"4,70",10,59,"4,02"
351010,CÂNDIDO RODRIGUES,SP,11/2022,148,144,"97,30",138,6,"95,83",4,"2,70",1,3,"2,03"
351010,CÂNDIDO RODRIGUES,SP,07/2022,136,126,"92,65",115,11,"91,27",10,"7,35",4,6,"4,41"
351010,CÂNDIDO RODRIGUES,SP,09/2022,151,142,"94,04",126,16,"88,73",9,"5,96",0,9,"5,96"
351015,CANITAR,SP,09/2022,606,410,"67,66",375,35,"91,46",196,"32,34",155,41,"6,77"
351015,CANITAR,SP,07/2022,533,339,"63,60",313,26,"92,33",194,"36,40",154,40,"7,50"
351015,CANITAR,SP,11/2022,613,408,"66,56",385,23,"94,36",205,"33,44",160,45,"7,34"
351020,CAPÃO BONITO,SP,11/2022,5154,4487,"87,06",4214,273,"93,92",667,"12,94",190,477,"9,25"
351020,CAPÃO BONITO,SP,07/2022,5349,4235,"79,17",3582,653,"84,58",1114,"20,83",138,976,"18,25"
351020,CAPÃO BONITO,SP,09/2022,5360,4200,"78,36",3769,431,"89,74",1160,"21,64",133,1027,"19,16"
351030,CAPELA DO ALTO,SP,09/2022,2132,2073,"97,23",1883,190,"90,83",59,"2,77",9,50,"2,35"
351030,CAPELA DO ALTO,SP,07/2022,2020,1161,"57,48",1154,7,"99,40",859,"42,52",396,463,"22,92"
351030,CAPELA DO ALTO,SP,11/2022,2140,2054,"95,98",1756,298,"85,49",86,"4,02",5,81,"3,79"
351040,CAPIVARI,SP,11/2022,3445,3164,"91,84",2653,511,"83,85",281,"8,16",11,270,"7,84"
351040,CAPIVARI,SP,07/2022,3366,3090,"91,80",2684,406,"86,86",276,"8,20",14,262,"7,78"
351040,CAPIVARI,SP,09/2022,3621,3333,"92,05",2471,862,"74,14",288,"7,95",16,272,"7,51"
351050,CARAGUATATUBA,SP,09/2022,10598,9974,"94,11",9561,413,"95,86",624,"5,89",110,514,"4,85"
351050,CARAGUATATUBA,SP,07/2022,9584,3531,"36,84",3223,308,"91,28",6053,"63,16",2944,3109,"32,44"
351050,CARAGUATATUBA,SP,11/2022,10749,9123,"84,87",8504,619,"93,21",1626,"15,13",974,652,"6,07"
351060,CARAPICUÍBA,SP,11/2022,32593,16765,"51,44",15335,1430,"91,47",15828,"48,56",338,15490,"47,53"
351060,CARAPICUÍBA,SP,07/2022,33264,14869,"44,70",13202,1667,"88,79",18395,"55,30",1079,17316,"52,06"
351060,CARAPICUÍBA,SP,09/2022,34052,16183,"47,52",14286,1897,"88,28",17869,"52,48",626,17243,"50,64"
351070,CARDOSO,SP,09/2022,541,399,"73,75",384,15,"96,24",142,"26,25",4,138,"25,51"
351070,CARDOSO,SP,07/2022,499,258,"51,70",249,9,"96,51",241,"48,30",115,126,"25,25"
351070,CARDOSO,SP,11/2022,544,414,"76,10",391,23,"94,44",130,"23,90",2,128,"23,53"
351080,CASA BRANCA,SP,11/2022,1909,1522,"79,73",1332,190,"87,52",387,"20,27",25,362,"18,96"
351080,CASA BRANCA,SP,07/2022,1838,854,"46,46",722,132,"84,54",984,"53,54",638,346,"18,82"
351080,CASA BRANCA,SP,09/2022,1831,959,"52,38",802,157,"83,63",872,"47,62",508,364,"19,88"
351090,CÁSSIA DOS COQUEIROS,SP,09/2022,191,158,"82,72",149,9,"94,30",33,"17,28",8,25,"13,09"
351090,CÁSSIA DOS COQUEIROS,SP,07/2022,191,156,"81,68",136,20,"87,18",35,"18,32",5,30,"15,71"
351090,CÁSSIA DOS COQUEIROS,SP,11/2022,174,162,"93,10",143,19,"88,27",12,"6,90",1,11,"6,32"
351100,CASTILHO,SP,11/2022,1286,947,"73,64",884,63,"93,35",339,"26,36",5,334,"25,97"
351100,CASTILHO,SP,07/2022,1307,927,"70,93",875,52,"94,39",380,"29,07",33,347,"26,55"
351100,CASTILHO,SP,09/2022,1350,952,"70,52",884,68,"92,86",398,"29,48",7,391,"28,96"
351110,CATANDUVA,SP,09/2022,3602,3228,"89,62",2690,538,"83,33",374,"10,38",25,349,"9,69"
351110,CATANDUVA,SP,07/2022,3537,2751,"77,78",2263,488,"82,26",786,"22,22",24,762,"21,54"
351110,CATANDUVA,SP,11/2022,3540,3331,"94,10",2667,664,"80,07",209,"5,90",11,198,"5,59"
351120,CATIGUÁ,SP,11/2022,297,280,"94,28",232,48,"82,86",17,"5,72",3,14,"4,71"
351120,CATIGUÁ,SP,07/2022,289,274,"94,81",242,32,"88,32",15,"5,19",3,12,"4,15"
351120,CATIGUÁ,SP,09/2022,310,295,"95,16",236,59,"80,00",15,"4,84",3,12,"3,87"
351130,CEDRAL,SP,09/2022,375,294,"78,40",215,79,"73,13",81,"21,60",10,71,"18,93"
351130,CEDRAL,SP,07/2022,340,273,"80,29",205,68,"75,09",67,"19,71",7,60,"17,65"
351130,CEDRAL,SP,11/2022,340,257,"75,59",222,35,"86,38",83,"24,41",6,77,"22,65"
351140,CERQUEIRA CÉSAR,SP,11/2022,1328,1249,"94,05",1131,118,"90,55",79,"5,95",20,59,"4,44"
351140,CERQUEIRA CÉSAR,SP,07/2022,1319,1000,"75,82",885,115,"88,50",319,"24,18",27,292,"22,14"
351140,CERQUEIRA CÉSAR,SP,09/2022,1381,1071,"77,55",890,181,"83,10",310,"22,45",10,300,"21,72"
351150,CERQUILHO,SP,09/2022,1447,1186,"81,96",1013,173,"85,41",261,"18,04",73,188,"12,99"
351150,CERQUILHO,SP,07/2022,1272,1057,"83,10",814,243,"77,01",215,"16,90",52,163,"12,81"
351150,CERQUILHO,SP,11/2022,1475,1259,"85,36",1112,147,"88,32",216,"14,64",30,186,"12,61"
351160,CESÁRIO LANGE,SP,11/2022,726,575,"79,20",523,52,"90,96",151,"20,80",8,143,"19,70"
351160,CESÁRIO LANGE,SP,07/2022,660,517,"78,33",498,19,"96,32",143,"21,67",1,142,"21,52"
351160,CESÁRIO LANGE,SP,09/2022,705,525,"74,47",491,34,"93,52",180,"25,53",35,145,"20,57"
351170,CHARQUEADA,SP,09/2022,1128,979,"86,79",818,161,"83,55",149,"13,21",4,145,"12,85"
351170,CHARQUEADA,SP,07/2022,1026,947,"92,30",664,283,"70,12",79,"7,70",3,76,"7,41"
351170,CHARQUEADA,SP,11/2022,1046,955,"91,30",837,118,"87,64",91,"8,70",3,88,"8,41"
351190,CLEMENTINA,SP,11/2022,552,513,"92,93",502,11,"97,86",39,"7,07",0,39,"7,07"
351190,CLEMENTINA,SP,07/2022,509,473,"92,93",471,2,"99,58",36,"7,07",5,31,"6,09"
351190,CLEMENTINA,SP,09/2022,526,493,"93,73",472,21,"95,74",33,"6,27",0,33,"6,27"
351200,COLINA,SP,09/2022,1055,570,"54,03",462,108,"81,05",485,"45,97",224,261,"24,74"
351200,COLINA,SP,07/2022,1006,605,"60,14",548,57,"90,58",401,"39,86",145,256,"25,45"
351200,COLINA,SP,11/2022,1005,750,"74,63",750,0,"100,00",255,"25,37",21,234,"23,28"
351210,COLÔMBIA,SP,11/2022,652,528,"80,98",521,7,"98,67",124,"19,02",4,120,"18,40"
351210,COLÔMBIA,SP,07/2022,636,317,"49,84",317,0,"100,00",319,"50,16",47,272,"42,77"
351210,COLÔMBIA,SP,09/2022,670,404,"60,30",404,0,"100,00",266,"39,70",57,209,"31,19"
351220,CONCHAL,SP,09/2022,2579,2338,"90,66",1898,440,"81,18",241,"9,34",33,208,"8,07"
351220,CONCHAL,SP,07/2022,2386,2124,"89,02",1855,269,"87,34",262,"10,98",65,197,"8,26"
351220,CONCHAL,SP,11/2022,2464,2226,"90,34",1965,261,"88,27",238,"9,66",10,228,"9,25"
351230,CONCHAS,SP,11/2022,1311,933,"71,17",933,0,"100,00",378,"28,83",94,284,"21,66"
351230,CONCHAS,SP,07/2022,1183,679,"57,40",679,0,"100,00",504,"42,60",229,275,"23,25"
351230,CONCHAS,SP,09/2022,1231,386,"31,36",386,0,"100,00",845,"68,64",562,283,"22,99"
351240,CORDEIRÓPOLIS,SP,09/2022,939,889,"94,68",798,91,"89,76",50,"5,32",17,33,"3,51"
351240,CORDEIRÓPOLIS,SP,07/2022,893,835,"93,51",745,90,"89,22",58,"6,49",13,45,"5,04"
351240,CORDEIRÓPOLIS,SP,11/2022,883,865,"97,96",816,49,"94,34",18,"2,04",8,10,"1,13"
351250,COROADOS,SP,11/2022,368,358,"97,28",335,23,"93,58",10,"2,72",2,8,"2,17"
351250,COROADOS,SP,07/2022,371,348,"93,80",345,3,"99,14",23,"6,20",2,21,"5,66"
351250,COROADOS,SP,09/2022,396,377,"95,20",327,50,"86,74",19,"4,80",5,14,"3,54"
351260,CORONEL MACEDO,SP,09/2022,331,253,"76,44",218,35,"86,17",78,"23,56",6,72,"21,75"
351260,CORONEL MACEDO,SP,07/2022,338,257,"76,04",248,9,"96,50",81,"23,96",8,73,"21,60"
351260,CORONEL MACEDO,SP,11/2022,326,251,"76,99",209,42,"83,27",75,"23,01",5,70,"21,47"
351270,CORUMBATAÍ,SP,11/2022,262,222,"84,73",149,73,"67,12",40,"15,27",0,40,"15,27"
351270,CORUMBATAÍ,SP,07/2022,237,197,"83,12",162,35,"82,23",40,"16,88",6,34,"14,35"
351270,CORUMBATAÍ,SP,09/2022,252,213,"84,52",169,44,"79,34",39,"15,48",0,39,"15,48"
351280,COSMÓPOLIS,SP,09/2022,2227,1990,"89,36",1759,231,"88,39",237,"10,64",11,226,"10,15"
351280,COSMÓPOLIS,SP,07/2022,2180,2031,"93,17",1933,98,"95,17",149,"6,83",8,141,"6,47"
351280,COSMÓPOLIS,SP,11/2022,2077,1937,"93,26",1718,219,"88,69",140,"6,74",5,135,"6,50"
351290,COSMORAMA,SP,11/2022,678,562,"82,89",503,59,"89,50",116,"17,11",13,103,"15,19"
351290,COSMORAMA,SP,07/2022,618,434,"70,23",390,44,"89,86",184,"29,77",115,69,"11,17"
351290,COSMORAMA,SP,09/2022,672,553,"82,29",511,42,"92,41",119,"17,71",12,107,"15,92"
351300,COTIA,SP,09/2022,13937,9382,"67,32",8495,887,"90,55",4555,"32,68",133,4422,"31,73"
351300,COTIA,SP,07/2022,13375,9204,"68,81",8905,299,"96,75",4171,"31,19",98,4073,"30,45"
351300,COTIA,SP,11/2022,13912,9729,"69,93",8625,1104,"88,65",4183,"30,07",113,4070,"29,26"
351310,CRAVINHOS,SP,11/2022,2222,2097,"94,37",1897,200,"90,46",125,"5,63",7,118,"5,31"
351310,CRAVINHOS,SP,07/2022,2045,1919,"93,84",1509,410,"78,63",126,"6,16",54,72,"3,52"
351310,CRAVINHOS,SP,09/2022,2260,2046,"90,53",1698,348,"82,99",214,"9,47",107,107,"4,73"
351320,CRISTAIS PAULISTA,SP,09/2022,451,373,"82,71",353,20,"94,64",78,"17,29",6,72,"15,96"
351320,CRISTAIS PAULISTA,SP,07/2022,421,383,"90,97",350,33,"91,38",38,"9,03",5,33,"7,84"
351320,CRISTAIS PAULISTA,SP,11/2022,380,337,"88,68",337,0,"100,00",43,"11,32",4,39,"10,26"
351330,CRUZÁLIA,SP,11/2022,102,83,"81,37",60,23,"72,29",19,"18,63",8,11,"10,78"
351330,CRUZÁLIA,SP,07/2022,120,64,"53,33",41,23,"64,06",56,"46,67",7,49,"40,83"
351330,CRUZÁLIA,SP,09/2022,117,67,"57,26",47,20,"70,15",50,"42,74",4,46,"39,32"
351340,CRUZEIRO,SP,09/2022,5103,182,"3,57",147,35,"80,77",4921,"96,43",3537,1384,"27,12"
351340,CRUZEIRO,SP,07/2022,5150,3615,"70,19",3550,65,"98,20",1535,"29,81",161,1374,"26,68"
351340,CRUZEIRO,SP,11/2022,5361,4158,"77,56",4079,79,"98,10",1203,"22,44",53,1150,"21,45"
351350,CUBATÃO,SP,11/2022,9003,8459,"93,96",7394,1065,"87,41",544,"6,04",33,511,"5,68"
351350,CUBATÃO,SP,07/2022,9004,7993,"88,77",7223,770,"90,37",1011,"11,23",54,957,"10,63"
351350,CUBATÃO,SP,09/2022,9417,8051,"85,49",7402,649,"91,94",1366,"14,51",351,1015,"10,78"
351360,CUNHA,SP,09/2022,2142,1174,"54,81",1092,82,"93,02",968,"45,19",47,921,"43,00"
351360,CUNHA,SP,07/2022,2146,1156,"53,87",1097,59,"94,90",990,"46,13",62,928,"43,24"
351360,CUNHA,SP,11/2022,2127,1148,"53,97",1108,40,"96,52",979,"46,03",81,898,"42,22"
351370,DESCALVADO,SP,11/2022,1072,971,"90,58",782,189,"80,54",101,"9,42",14,87,"8,12"
351370,DESCALVADO,SP,07/2022,1068,935,"87,55",708,227,"75,72",133,"12,45",18,115,"10,77"
351370,DESCALVADO,SP,09/2022,1084,945,"87,18",758,187,"80,21",139,"12,82",19,120,"11,07"
351380,DIADEMA,SP,09/2022,29066,20414,"70,23",20265,149,"99,27",8652,"29,77",541,8111,"27,91"
351380,DIADEMA,SP,07/2022,27807,13056,"46,95",10937,2119,"83,77",14751,"53,05",7033,7718,"27,76"
351380,DIADEMA,SP,11/2022,28535,20634,"72,31",20618,16,"99,92",7901,"27,69",431,7470,"26,18"
351385,DIRCE REIS,SP,11/2022,94,73,"77,66",73,0,"100,00",21,"22,34",0,21,"22,34"
351385,DIRCE REIS,SP,07/2022,78,57,"73,08",57,0,"100,00",21,"26,92",2,19,"24,36"
351385,DIRCE REIS,SP,09/2022,80,0,"0,00",0,0,,80,"100,00",60,20,"25,00"
351390,DIVINOLÂNDIA,SP,09/2022,755,0,"0,00",0,0,,755,"100,00",599,156,"20,66"
351390,DIVINOLÂNDIA,SP,07/2022,708,549,"77,54",549,0,"100,00",159,"22,46",14,145,"20,48"
351390,DIVINOLÂNDIA,SP,11/2022,813,679,"83,52",679,0,"100,00",134,"16,48",22,112,"13,78"
351400,DOBRADA,SP,11/2022,758,693,"91,42",692,1,"99,86",65,"8,58",42,23,"3,03"
351400,DOBRADA,SP,07/2022,678,605,"89,23",584,21,"96,53",73,"10,77",57,16,"2,36"
351400,DOBRADA,SP,09/2022,748,663,"88,64",627,36,"94,57",85,"11,36",62,23,"3,07"
351410,DOIS CÓRREGOS,SP,09/2022,1676,1655,"98,75",1397,258,"84,41",21,"1,25",10,11,"0,66"
351410,DOIS CÓRREGOS,SP,07/2022,1676,1528,"91,17",1465,63,"95,88",148,"8,83",18,130,"7,76"
351410,DOIS CÓRREGOS,SP,11/2022,1593,1564,"98,18",1432,132,"91,56",29,"1,82",7,22,"1,38"
351420,DOLCINÓPOLIS,SP,11/2022,186,134,"72,04",118,16,"88,06",52,"27,96",21,31,"16,67"
351420,DOLCINÓPOLIS,SP,07/2022,169,135,"79,88",120,15,"88,89",34,"20,12",6,28,"16,57"
351420,DOLCINÓPOLIS,SP,09/2022,193,146,"75,65",125,21,"85,62",47,"24,35",18,29,"15,03"
351430,DOURADO,SP,09/2022,649,537,"82,74",437,100,"81,38",112,"17,26",5,107,"16,49"
351430,DOURADO,SP,07/2022,580,472,"81,38",339,133,"71,82",108,"18,62",11,97,"16,72"
351430,DOURADO,SP,11/2022,602,494,"82,06",457,37,"92,51",108,"17,94",7,101,"16,78"
351440,DRACENA,SP,11/2022,1383,1296,"93,71",1148,148,"88,58",87,"6,29",13,74,"5,35"
351440,DRACENA,SP,07/2022,1389,1183,"85,17",1046,137,"88,42",206,"14,83",68,138,"9,94"
351440,DRACENA,SP,09/2022,1406,1353,"96,23",1037,316,"76,64",53,"3,77",8,45,"3,20"
351450,DUARTINA,SP,09/2022,605,575,"95,04",420,155,"73,04",30,"4,96",11,19,"3,14"
351450,DUARTINA,SP,07/2022,517,499,"96,52",391,108,"78,36",18,"3,48",3,15,"2,90"
351450,DUARTINA,SP,11/2022,572,557,"97,38",459,98,"82,41",15,"2,62",1,14,"2,45"
351460,DUMONT,SP,11/2022,660,577,"87,42",548,29,"94,97",83,"12,58",4,79,"11,97"
351460,DUMONT,SP,07/2022,608,520,"85,53",481,39,"92,50",88,"14,47",8,80,"13,16"
351460,DUMONT,SP,09/2022,685,590,"86,13",496,94,"84,07",95,"13,87",19,76,"11,09"
351470,ECHAPORÃ,SP,09/2022,576,460,"79,86",404,56,"87,83",116,"20,14",10,106,"18,40"
351470,ECHAPORÃ,SP,07/2022,554,419,"75,63",380,39,"90,69",135,"24,37",26,109,"19,68"
351470,ECHAPORÃ,SP,11/2022,596,490,"82,21",448,42,"91,43",106,"17,79",5,101,"16,95"
351480,ELDORADO,SP,11/2022,1736,1419,"81,74",1407,12,"99,15",317,"18,26",93,224,"12,90"
351480,ELDORADO,SP,07/2022,1710,1370,"80,12",1295,75,"94,53",340,"19,88",90,250,"14,62"
351480,ELDORADO,SP,09/2022,1747,1405,"80,42",1342,63,"95,52",342,"19,58",71,271,"15,51"
351490,ELIAS FAUSTO,SP,09/2022,1653,1504,"90,99",1504,0,"100,00",149,"9,01",12,137,"8,29"
351490,ELIAS FAUSTO,SP,07/2022,1476,1357,"91,94",1349,8,"99,41",119,"8,06",13,106,"7,18"
351490,ELIAS FAUSTO,SP,11/2022,1659,1562,"94,15",1558,4,"99,74",97,"5,85",8,89,"5,36"
351492,ELISIÁRIO,SP,11/2022,204,140,"68,63",120,20,"85,71",64,"31,37",7,57,"27,94"
351492,ELISIÁRIO,SP,07/2022,182,124,"68,13",121,3,"97,58",58,"31,87",1,57,"31,32"
351492,ELISIÁRIO,SP,09/2022,209,141,"67,46",120,21,"85,11",68,"32,54",3,65,"31,10"
351495,EMBAÚBA,SP,09/2022,102,0,"0,00",0,0,,102,"100,00",77,25,"24,51"
351495,EMBAÚBA,SP,07/2022,103,80,"77,67",80,0,"100,00",23,"22,33",1,22,"21,36"
351495,EMBAÚBA,SP,11/2022,111,80,"72,07",76,4,"95,00",31,"27,93",2,29,"26,13"
351500,EMBU,SP,11/2022,25990,19116,"73,55",17663,1453,"92,40",6874,"26,45",3952,2922,"11,24"
351500,EMBU,SP,07/2022,24340,12901,"53,00",11946,955,"92,60",11439,"47,00",5020,6419,"26,37"
351500,EMBU,SP,09/2022,25866,14196,"54,88",12754,1442,"89,84",11670,"45,12",7116,4554,"17,61"
351510,EMBU-GUAÇU,SP,09/2022,7909,5097,"64,45",4910,187,"96,33",2812,"35,55",1304,1508,"19,07"
351510,EMBU-GUAÇU,SP,07/2022,7340,5623,"76,61",5328,295,"94,75",1717,"23,39",309,1408,"19,18"
351510,EMBU-GUAÇU,SP,11/2022,7848,7003,"89,23",6119,884,"87,38",845,"10,77",98,747,"9,52"
351512,EMILIANÓPOLIS,SP,11/2022,172,151,"87,79",135,16,"89,40",21,"12,21",6,15,"8,72"
351512,EMILIANÓPOLIS,SP,07/2022,167,137,"82,04",125,12,"91,24",30,"17,96",13,17,"10,18"
351512,EMILIANÓPOLIS,SP,09/2022,165,146,"88,48",123,23,"84,25",19,"11,52",4,15,"9,09"
351515,ENGENHEIRO COELHO,SP,09/2022,1223,810,"66,23",676,134,"83,46",413,"33,77",17,396,"32,38"
351515,ENGENHEIRO COELHO,SP,07/2022,1129,743,"65,81",686,57,"92,33",386,"34,19",12,374,"33,13"
351515,ENGENHEIRO COELHO,SP,11/2022,1193,793,"66,47",692,101,"87,26",400,"33,53",10,390,"32,69"
351518,ESPÍRITO SANTO DO PINHAL,SP,11/2022,1268,1152,"90,85",1142,10,"99,13",116,"9,15",8,108,"8,52"
351518,ESPÍRITO SANTO DO PINHAL,SP,07/2022,1313,1142,"86,98",1137,5,"99,56",171,"13,02",41,130,"9,90"
351518,ESPÍRITO SANTO DO PINHAL,SP,09/2022,1311,1185,"90,39",1169,16,"98,65",126,"9,61",9,117,"8,92"
351519,ESPÍRITO SANTO DO TURVO,SP,09/2022,232,191,"82,33",189,2,"98,95",41,"17,67",7,34,"14,66"
351519,ESPÍRITO SANTO DO TURVO,SP,07/2022,217,181,"83,41",164,17,"90,61",36,"16,59",6,30,"13,82"
351519,ESPÍRITO SANTO DO TURVO,SP,11/2022,229,184,"80,35",180,4,"97,83",45,"19,65",6,39,"17,03"
351520,ESTRELA D´OESTE,SP,11/2022,393,373,"94,91",294,79,"78,82",20,"5,09",0,20,"5,09"
351520,ESTRELA D´OESTE,SP,07/2022,336,0,"0,00",0,0,,336,"100,00",307,29,"8,63"
351520,ESTRELA D´OESTE,SP,09/2022,396,383,"96,72",279,104,"72,85",13,"3,28",2,11,"2,78"
351530,ESTRELA DO NORTE,SP,09/2022,118,96,"81,36",80,16,"83,33",22,"18,64",3,19,"16,10"
351530,ESTRELA DO NORTE,SP,07/2022,117,20,"17,09",19,1,"95,00",97,"82,91",79,18,"15,38"
351530,ESTRELA DO NORTE,SP,11/2022,107,89,"83,18",84,5,"94,38",18,"16,82",1,17,"15,89"
351535,EUCLIDES DA CUNHA PAULISTA,SP,11/2022,796,728,"91,46",727,1,"99,86",68,"8,54",7,61,"7,66"
351535,EUCLIDES DA CUNHA PAULISTA,SP,07/2022,896,664,"74,11",664,0,"100,00",232,"25,89",7,225,"25,11"
351535,EUCLIDES DA CUNHA PAULISTA,SP,09/2022,846,824,"97,40",737,87,"89,44",22,"2,60",3,19,"2,25"
351540,FARTURA,SP,09/2022,1129,1056,"93,53",899,157,"85,13",73,"6,47",8,65,"5,76"
351540,FARTURA,SP,07/2022,1040,939,"90,29",785,154,"83,60",101,"9,71",10,91,"8,75"
351540,FARTURA,SP,11/2022,1073,1001,"93,29",973,28,"97,20",72,"6,71",3,69,"6,43"
351550,FERNANDÓPOLIS,SP,11/2022,3230,3057,"94,64",2509,548,"82,07",173,"5,36",25,148,"4,58"
351550,FERNANDÓPOLIS,SP,07/2022,3025,2640,"87,27",2288,352,"86,67",385,"12,73",52,333,"11,01"
351550,FERNANDÓPOLIS,SP,09/2022,3291,2847,"86,51",2547,300,"89,46",444,"13,49",54,390,"11,85"
351560,FERNANDO PRESTES,SP,09/2022,299,220,"73,58",212,8,"96,36",79,"26,42",16,63,"21,07"
351560,FERNANDO PRESTES,SP,07/2022,268,202,"75,37",180,22,"89,11",66,"24,63",6,60,"22,39"
351560,FERNANDO PRESTES,SP,11/2022,304,236,"77,63",227,9,"96,19",68,"22,37",5,63,"20,72"
351565,FERNÃO,SP,11/2022,142,119,"83,80",119,0,"100,00",23,"16,20",1,22,"15,49"
351565,FERNÃO,SP,07/2022,132,114,"86,36",114,0,"100,00",18,"13,64",1,17,"12,88"
351565,FERNÃO,SP,09/2022,126,0,"0,00",0,0,,126,"100,00",107,19,"15,08"
351570,FERRAZ DE VASCONCELOS,SP,09/2022,15152,8544,"56,39",7652,892,"89,56",6608,"43,61",2528,4080,"26,93"
351570,FERRAZ DE VASCONCELOS,SP,07/2022,14364,9249,"64,39",8870,379,"95,90",5115,"35,61",1170,3945,"27,46"
351570,FERRAZ DE VASCONCELOS,SP,11/2022,15098,9686,"64,15",8912,774,"92,01",5412,"35,85",1538,3874,"25,66"
351580,FLORA RICA,SP,11/2022,103,96,"93,20",96,0,"100,00",7,"6,80",1,6,"5,83"
351580,FLORA RICA,SP,07/2022,101,84,"83,17",62,22,"73,81",17,"16,83",0,17,"16,83"
351580,FLORA RICA,SP,09/2022,114,97,"85,09",85,12,"87,63",17,"14,91",1,16,"14,04"
351590,FLOREAL,SP,09/2022,149,124,"83,22",90,34,"72,58",25,"16,78",2,23,"15,44"
351590,FLOREAL,SP,07/2022,144,117,"81,25",106,11,"90,60",27,"18,75",5,22,"15,28"
351590,FLOREAL,SP,11/2022,144,121,"84,03",105,16,"86,78",23,"15,97",2,21,"14,58"
351600,FLÓRIDA PAULISTA,SP,11/2022,737,615,"83,45",536,79,"87,15",122,"16,55",12,110,"14,93"
351600,FLÓRIDA PAULISTA,SP,07/2022,765,522,"68,24",403,119,"77,20",243,"31,76",11,232,"30,33"
351600,FLÓRIDA PAULISTA,SP,09/2022,766,518,"67,62",448,70,"86,49",248,"32,38",11,237,"30,94"
351610,FLORÍNIA,SP,09/2022,250,191,"76,40",166,25,"86,91",59,"23,60",11,48,"19,20"
351610,FLORÍNIA,SP,11/2022,230,187,"81,30",174,13,"93,05",43,"18,70",0,43,"18,70"
351610,FLORÍNIA,SP,07/2022,246,193,"78,46",172,21,"89,12",53,"21,54",2,51,"20,73"
351620,FRANCA,SP,07/2022,14061,13158,"93,58",12787,371,"97,18",903,"6,42",26,877,"6,24"
351620,FRANCA,SP,11/2022,13537,12808,"94,61",12237,571,"95,54",729,"5,39",8,721,"5,33"
351620,FRANCA,SP,09/2022,14455,13736,"95,03",12496,1240,"90,97",719,"4,97",27,692,"4,79"
351630,FRANCISCO MORATO,SP,09/2022,19974,12431,"62,24",11364,1067,"91,42",7543,"37,76",4652,2891,"14,47"
351630,FRANCISCO MORATO,SP,11/2022,19300,17216,"89,20",16552,664,"96,14",2084,"10,80",847,1237,"6,41"
351630,FRANCISCO MORATO,SP,07/2022,19515,16202,"83,02",15013,1189,"92,66",3313,"16,98",547,2766,"14,17"
351640,FRANCO DA ROCHA,SP,07/2022,12181,9580,"78,65",8673,907,"90,53",2601,"21,35",973,1628,"13,37"
351640,FRANCO DA ROCHA,SP,11/2022,13128,11673,"88,92",10834,839,"92,81",1455,"11,08",163,1292,"9,84"
351640,FRANCO DA ROCHA,SP,09/2022,13401,11230,"83,80",10276,954,"91,50",2171,"16,20",823,1348,"10,06"
351650,GABRIEL MONTEIRO,SP,09/2022,112,94,"83,93",94,0,"100,00",18,"16,07",5,13,"11,61"
351650,GABRIEL MONTEIRO,SP,11/2022,115,104,"90,43",99,5,"95,19",11,"9,57",1,10,"8,70"
351650,GABRIEL MONTEIRO,SP,07/2022,106,90,"84,91",90,0,"100,00",16,"15,09",1,15,"14,15"
351660,GÁLIA,SP,07/2022,278,203,"73,02",176,27,"86,70",75,"26,98",31,44,"15,83"
351660,GÁLIA,SP,11/2022,270,177,"65,56",159,18,"89,83",93,"34,44",51,42,"15,56"
351660,GÁLIA,SP,09/2022,300,241,"80,33",209,32,"86,72",59,"19,67",15,44,"14,67"
351670,GARÇA,SP,09/2022,2830,2470,"87,28",2447,23,"99,07",360,"12,72",35,325,"11,48"
351670,GARÇA,SP,11/2022,2704,2393,"88,50",2380,13,"99,46",311,"11,50",70,241,"8,91"
351670,GARÇA,SP,07/2022,2810,2287,"81,39",2172,115,"94,97",523,"18,61",116,407,"14,48"
351680,GASTÃO VIDIGAL,SP,07/2022,131,112,"85,50",95,17,"84,82",19,"14,50",0,19,"14,50"
351680,GASTÃO VIDIGAL,SP,11/2022,146,122,"83,56",105,17,"86,07",24,"16,44",1,23,"15,75"
351680,GASTÃO VIDIGAL,SP,09/2022,146,122,"83,56",96,26,"78,69",24,"16,44",2,22,"15,07"
351685,GAVIÃO PEIXOTO,SP,09/2022,332,315,"94,88",301,14,"95,56",17,"5,12",2,15,"4,52"
351685,GAVIÃO PEIXOTO,SP,11/2022,315,293,"93,02",281,12,"95,90",22,"6,98",2,20,"6,35"
351685,GAVIÃO PEIXOTO,SP,07/2022,307,291,"94,79",285,6,"97,94",16,"5,21",2,14,"4,56"
351690,GENERAL SALGADO,SP,07/2022,469,410,"87,42",368,42,"89,76",59,"12,58",2,57,"12,15"
351690,GENERAL SALGADO,SP,11/2022,455,393,"86,37",380,13,"96,69",62,"13,63",2,60,"13,19"
351690,GENERAL SALGADO,SP,09/2022,487,418,"85,83",373,45,"89,23",69,"14,17",9,60,"12,32"
351700,GETULINA,SP,09/2022,714,691,"96,78",579,112,"83,79",23,"3,22",18,5,"0,70"
351700,GETULINA,SP,11/2022,676,661,"97,78",634,27,"95,92",15,"2,22",5,10,"1,48"
351700,GETULINA,SP,07/2022,693,550,"79,37",549,1,"99,82",143,"20,63",5,138,"19,91"
351710,GLICÉRIO,SP,07/2022,319,232,"72,73",219,13,"94,40",87,"27,27",6,81,"25,39"
351710,GLICÉRIO,SP,11/2022,338,267,"78,99",267,0,"100,00",71,"21,01",1,70,"20,71"
351710,GLICÉRIO,SP,09/2022,363,268,"73,83",252,16,"94,03",95,"26,17",2,93,"25,62"
351720,GUAIÇARA,SP,09/2022,848,463,"54,60",366,97,"79,05",385,"45,40",57,328,"38,68"
351720,GUAIÇARA,SP,11/2022,823,439,"53,34",394,45,"89,75",384,"46,66",78,306,"37,18"
351720,GUAIÇARA,SP,07/2022,709,334,"47,11",175,159,"52,40",375,"52,89",65,310,"43,72"
351730,GUAIMBÊ,SP,07/2022,497,391,"78,67",374,17,"95,65",106,"21,33",3,103,"20,72"
351730,GUAIMBÊ,SP,11/2022,543,504,"92,82",502,2,"99,60",39,"7,18",0,39,"7,18"
351730,GUAIMBÊ,SP,09/2022,528,213,"40,34",207,6,"97,18",315,"59,66",194,121,"22,92"
351740,GUAÍRA,SP,09/2022,2186,1925,"88,06",1925,0,"100,00",261,"11,94",3,258,"11,80"
351740,GUAÍRA,SP,11/2022,2104,1820,"86,50",1819,1,"99,95",284,"13,50",0,284,"13,50"
351740,GUAÍRA,SP,07/2022,2112,1847,"87,45",1737,110,"94,04",265,"12,55",2,263,"12,45"
351750,GUAPIAÇU,SP,07/2022,809,719,"88,88",691,28,"96,11",90,"11,12",15,75,"9,27"
351750,GUAPIAÇU,SP,11/2022,775,688,"88,77",608,80,"88,37",87,"11,23",11,76,"9,81"
351750,GUAPIAÇU,SP,09/2022,827,749,"90,57",568,181,"75,83",78,"9,43",22,56,"6,77"
351760,GUAPIARA,SP,09/2022,1750,1393,"79,60",1237,156,"88,80",357,"20,40",55,302,"17,26"
351760,GUAPIARA,SP,11/2022,1731,1485,"85,79",1435,50,"96,63",246,"14,21",23,223,"12,88"
351760,GUAPIARA,SP,07/2022,1746,1044,"59,79",996,48,"95,40",702,"40,21",251,451,"25,83"
351770,GUARÁ,SP,07/2022,1616,1455,"90,04",1045,410,"71,82",161,"9,96",14,147,"9,10"
351770,GUARÁ,SP,11/2022,1473,1371,"93,08",1145,226,"83,52",102,"6,92",6,96,"6,52"
351770,GUARÁ,SP,09/2022,1603,1477,"92,14",1117,360,"75,63",126,"7,86",26,100,"6,24"
351780,GUARAÇAÍ,SP,09/2022,411,316,"76,89",298,18,"94,30",95,"23,11",3,92,"22,38"
351780,GUARAÇAÍ,SP,11/2022,406,314,"77,34",298,16,"94,90",92,"22,66",2,90,"22,17"
351780,GUARAÇAÍ,SP,07/2022,420,287,"68,33",285,2,"99,30",133,"31,67",39,94,"22,38"
351790,GUARACI,SP,07/2022,851,673,"79,08",581,92,"86,33",178,"20,92",16,162,"19,04"
351790,GUARACI,SP,11/2022,903,729,"80,73",624,105,"85,60",174,"19,27",7,167,"18,49"
351790,GUARACI,SP,09/2022,929,716,"77,07",625,91,"87,29",213,"22,93",19,194,"20,88"
351800,GUARANI D´OESTE,SP,09/2022,112,94,"83,93",85,9,"90,43",18,"16,07",5,13,"11,61"
351800,GUARANI D´OESTE,SP,11/2022,112,93,"83,04",90,3,"96,77",19,"16,96",8,11,"9,82"
351800,GUARANI D´OESTE,SP,07/2022,109,91,"83,49",75,16,"82,42",18,"16,51",6,12,"11,01"
351810,GUARANTÃ,SP,07/2022,690,559,"81,01",559,0,"100,00",131,"18,99",6,125,"18,12"
351810,GUARANTÃ,SP,11/2022,683,550,"80,53",548,2,"99,64",133,"19,47",3,130,"19,03"
351810,GUARANTÃ,SP,09/2022,703,560,"79,66",525,35,"93,75",143,"20,34",6,137,"19,49"
351820,GUARARAPES,SP,09/2022,1619,1466,"90,55",1267,199,"86,43",153,"9,45",22,131,"8,09"
351820,GUARARAPES,SP,11/2022,1584,1465,"92,49",1343,122,"91,67",119,"7,51",16,103,"6,50"
351820,GUARARAPES,SP,07/2022,1560,1333,"85,45",1125,208,"84,40",227,"14,55",22,205,"13,14"
351830,GUARAREMA,SP,07/2022,2680,1693,"63,17",1327,366,"78,38",987,"36,83",25,962,"35,90"
351830,GUARAREMA,SP,11/2022,2854,1757,"61,56",1678,79,"95,50",1097,"38,44",20,1077,"37,74"
351830,GUARAREMA,SP,09/2022,2892,1796,"62,10",1381,415,"76,89",1096,"37,90",33,1063,"36,76"
351840,GUARATINGUETÁ,SP,09/2022,6024,3869,"64,23",3454,415,"89,27",2155,"35,77",636,1519,"25,22"
351840,GUARATINGUETÁ,SP,11/2022,6014,4010,"66,68",3680,330,"91,77",2004,"33,32",516,1488,"24,74"
351840,GUARATINGUETÁ,SP,07/2022,5876,3825,"65,10",3502,323,"91,56",2051,"34,90",566,1485,"25,27"
351850,GUAREÍ,SP,07/2022,661,553,"83,66",553,0,"100,00",108,"16,34",22,86,"13,01"
351850,GUAREÍ,SP,11/2022,656,551,"83,99",551,0,"100,00",105,"16,01",24,81,"12,35"
351850,GUAREÍ,SP,09/2022,667,576,"86,36",576,0,"100,00",91,"13,64",6,85,"12,74"
351860,GUARIBA,SP,09/2022,2239,1970,"87,99",1688,282,"85,69",269,"12,01",16,253,"11,30"
351860,GUARIBA,SP,11/2022,2234,1981,"88,68",1725,256,"87,08",253,"11,32",2,251,"11,24"
351860,GUARIBA,SP,07/2022,2178,1885,"86,55",1663,222,"88,22",293,"13,45",15,278,"12,76"
351870,GUARUJÁ,SP,07/2022,17747,12849,"72,40",11713,1136,"91,16",4898,"27,60",18,4880,"27,50"
351870,GUARUJÁ,SP,11/2022,17975,15372,"85,52",13890,1482,"90,36",2603,"14,48",22,2581,"14,36"
351870,GUARUJÁ,SP,09/2022,18246,13566,"74,35",11758,1808,"86,67",4680,"25,65",28,4652,"25,50"
351880,GUARULHOS,SP,09/2022,101215,62945,"62,19",50134,12811,"79,65",38270,"37,81",12731,25539,"25,23"
351880,GUARULHOS,SP,11/2022,102609,73447,"71,58",61441,12006,"83,65",29162,"28,42",6101,23061,"22,47"
351880,GUARULHOS,SP,07/2022,93506,61137,"65,38",50840,10297,"83,16",32369,"34,62",6087,26282,"28,11"
351885,GUATAPARÁ,SP,07/2022,696,522,"75,00",460,62,"88,12",174,"25,00",13,161,"23,13"
351885,GUATAPARÁ,SP,11/2022,666,659,"98,95",522,137,"79,21",7,"1,05",2,5,"0,75"
351885,GUATAPARÁ,SP,09/2022,735,576,"78,37",471,105,"81,77",159,"21,63",3,156,"21,22"
351890,GUZOLÂNDIA,SP,09/2022,282,180,"63,83",138,42,"76,67",102,"36,17",5,97,"34,40"
351890,GUZOLÂNDIA,SP,11/2022,256,160,"62,50",153,7,"95,63",96,"37,50",1,95,"37,11"
351890,GUZOLÂNDIA,SP,07/2022,282,191,"67,73",154,37,"80,63",91,"32,27",4,87,"30,85"
351900,HERCULÂNDIA,SP,07/2022,781,494,"63,25",468,26,"94,74",287,"36,75",203,84,"10,76"
351900,HERCULÂNDIA,SP,11/2022,771,575,"74,58",557,18,"96,87",196,"25,42",116,80,"10,38"
351900,HERCULÂNDIA,SP,09/2022,783,269,"34,36",203,66,"75,46",514,"65,64",433,81,"10,34"
351905,HOLAMBRA,SP,09/2022,270,206,"76,30",172,34,"83,50",64,"23,70",8,56,"20,74"
351905,HOLAMBRA,SP,11/2022,271,249,"91,88",202,47,"81,12",22,"8,12",8,14,"5,17"
351905,HOLAMBRA,SP,07/2022,228,167,"73,25",119,48,"71,26",61,"26,75",10,51,"22,37"
351907,HORTOLÂNDIA,SP,07/2022,14006,8951,"63,91",8047,904,"89,90",5055,"36,09",287,4768,"34,04"
351907,HORTOLÂNDIA,SP,11/2022,14055,12386,"88,13",10974,1412,"88,60",1669,"11,87",93,1576,"11,21"
351907,HORTOLÂNDIA,SP,09/2022,15023,10049,"66,89",8766,1283,"87,23",4974,"33,11",264,4710,"31,35"
351910,IACANGA,SP,09/2022,718,618,"86,07",580,38,"93,85",100,"13,93",11,89,"12,40"
351910,IACANGA,SP,11/2022,716,637,"88,97",612,25,"96,08",79,"11,03",5,74,"10,34"
351910,IACANGA,SP,07/2022,657,565,"86,00",497,68,"87,96",92,"14,00",23,69,"10,50"
351920,IACRI,SP,07/2022,389,340,"87,40",340,0,"100,00",49,"12,60",3,46,"11,83"
351920,IACRI,SP,11/2022,387,337,"87,08",337,0,"100,00",50,"12,92",1,49,"12,66"
351920,IACRI,SP,09/2022,389,343,"88,17",343,0,"100,00",46,"11,83",2,44,"11,31"
351925,IARAS,SP,09/2022,549,334,"60,84",253,81,"75,75",215,"39,16",8,207,"37,70"
351925,IARAS,SP,11/2022,545,335,"61,47",275,60,"82,09",210,"38,53",1,209,"38,35"
351925,IARAS,SP,07/2022,532,320,"60,15",311,9,"97,19",212,"39,85",9,203,"38,16"
351930,IBATÉ,SP,07/2022,3043,1943,"63,85",1809,134,"93,10",1100,"36,15",62,1038,"34,11"
351930,IBATÉ,SP,11/2022,3247,2187,"67,35",2053,134,"93,87",1060,"32,65",17,1043,"32,12"
351930,IBATÉ,SP,09/2022,3314,2134,"64,39",1909,225,"89,46",1180,"35,61",66,1114,"33,61"
351940,IBIRÁ,SP,09/2022,706,596,"84,42",493,103,"82,72",110,"15,58",7,103,"14,59"
351940,IBIRÁ,SP,11/2022,671,604,"90,01",556,48,"92,05",67,"9,99",6,61,"9,09"
351940,IBIRÁ,SP,07/2022,698,578,"82,81",507,71,"87,72",120,"17,19",8,112,"16,05"
351950,IBIRAREMA,SP,07/2022,812,465,"57,27",465,0,"100,00",347,"42,73",7,340,"41,87"
351950,IBIRAREMA,SP,11/2022,795,592,"74,47",531,61,"89,70",203,"25,53",5,198,"24,91"
351950,IBIRAREMA,SP,09/2022,817,463,"56,67",371,92,"80,13",354,"43,33",5,349,"42,72"
351960,IBITINGA,SP,09/2022,3102,2913,"93,91",2888,25,"99,14",189,"6,09",24,165,"5,32"
351960,IBITINGA,SP,11/2022,2960,2765,"93,41",2567,198,"92,84",195,"6,59",18,177,"5,98"
351960,IBITINGA,SP,07/2022,2863,2116,"73,91",1989,127,"94,00",747,"26,09",567,180,"6,29"
351970,IBIÚNA,SP,07/2022,6355,5257,"82,72",4327,930,"82,31",1098,"17,28",42,1056,"16,62"
351970,IBIÚNA,SP,11/2022,6685,6314,"94,45",4822,1492,"76,37",371,"5,55",27,344,"5,15"
351970,IBIÚNA,SP,09/2022,6667,5926,"88,89",4717,1209,"79,60",741,"11,11",45,696,"10,44"
351980,ICÉM,SP,09/2022,499,336,"67,33",314,22,"93,45",163,"32,67",15,148,"29,66"
351980,ICÉM,SP,11/2022,490,337,"68,78",336,1,"99,70",153,"31,22",4,149,"30,41"
351980,ICÉM,SP,07/2022,464,314,"67,67",295,19,"93,95",150,"32,33",14,136,"29,31"
351990,IEPÊ,SP,07/2022,504,338,"67,06",306,32,"90,53",166,"32,94",21,145,"28,77"
351990,IEPÊ,SP,11/2022,531,376,"70,81",316,60,"84,04",155,"29,19",4,151,"28,44"
351990,IEPÊ,SP,09/2022,538,386,"71,75",325,61,"84,20",152,"28,25",1,151,"28,07"
352000,IGARAÇU DO TIETÊ,SP,09/2022,1952,1741,"89,19",1300,441,"74,67",211,"10,81",46,165,"8,45"
352000,IGARAÇU DO TIETÊ,SP,11/2022,1820,1596,"87,69",1412,184,"88,47",224,"12,31",46,178,"9,78"
352000,IGARAÇU DO TIETÊ,SP,07/2022,1826,1230,"67,36",993,237,"80,73",596,"32,64",58,538,"29,46"
352010,IGARAPAVA,SP,07/2022,1421,1199,"84,38",1120,79,"93,41",222,"15,62",56,166,"11,68"
352010,IGARAPAVA,SP,11/2022,1463,1237,"84,55",1237,0,"100,00",226,"15,45",7,219,"14,97"
352010,IGARAPAVA,SP,09/2022,1529,1291,"84,43",1110,181,"85,98",238,"15,57",37,201,"13,15"
352020,IGARATÁ,SP,09/2022,935,890,"95,19",714,176,"80,22",45,"4,81",21,24,"2,57"
352020,IGARATÁ,SP,11/2022,940,914,"97,23",796,118,"87,09",26,"2,77",6,20,"2,13"
352020,IGARATÁ,SP,07/2022,853,760,"89,10",550,210,"72,37",93,"10,90",63,30,"3,52"
352030,IGUAPE,SP,07/2022,3769,2138,"56,73",2020,118,"94,48",1631,"43,27",1006,625,"16,58"
352030,IGUAPE,SP,11/2022,3683,3116,"84,60",2493,623,"80,01",567,"15,40",255,312,"8,47"
352030,IGUAPE,SP,09/2022,3934,3545,"90,11",2969,576,"83,75",389,"9,89",107,282,"7,17"
352040,ILHABELA,SP,09/2022,1807,1429,"79,08",1170,259,"81,88",378,"20,92",23,355,"19,65"
352040,ILHABELA,SP,11/2022,1814,1481,"81,64",1216,265,"82,11",333,"18,36",36,297,"16,37"
352040,ILHABELA,SP,07/2022,1662,1267,"76,23",1066,201,"84,14",395,"23,77",91,304,"18,29"
352042,ILHA COMPRIDA,SP,07/2022,1518,1223,"80,57",1213,10,"99,18",295,"19,43",160,135,"8,89"
352042,ILHA COMPRIDA,SP,11/2022,1800,1731,"96,17",1724,7,"99,60",69,"3,83",17,52,"2,89"
352042,ILHA COMPRIDA,SP,09/2022,1697,1676,"98,76",1625,51,"96,96",21,"1,24",11,10,"0,59"
352044,ILHA SOLTEIRA,SP,09/2022,746,577,"77,35",546,31,"94,63",169,"22,65",27,142,"19,03"
352044,ILHA SOLTEIRA,SP,11/2022,758,710,"93,67",686,24,"96,62",48,"6,33",7,41,"5,41"
352044,ILHA SOLTEIRA,SP,07/2022,733,477,"65,08",461,16,"96,65",256,"34,92",113,143,"19,51"
352050,INDAIATUBA,SP,07/2022,5972,4783,"80,09",3946,837,"82,50",1189,"19,91",155,1034,"17,31"
352050,INDAIATUBA,SP,11/2022,6254,4880,"78,03",4187,693,"85,80",1374,"21,97",150,1224,"19,57"
352050,INDAIATUBA,SP,09/2022,6195,4828,"77,93",3958,870,"81,98",1367,"22,07",214,1153,"18,61"
352060,INDIANA,SP,09/2022,347,245,"70,61",207,38,"84,49",102,"29,39",7,95,"27,38"
352060,INDIANA,SP,11/2022,351,252,"71,79",228,24,"90,48",99,"28,21",9,90,"25,64"
352060,INDIANA,SP,07/2022,319,222,"69,59",200,22,"90,09",97,"30,41",1,96,"30,09"
352070,INDIAPORÃ,SP,07/2022,262,190,"72,52",190,0,"100,00",72,"27,48",25,47,"17,94"
352070,INDIAPORÃ,SP,11/2022,296,224,"75,68",224,0,"100,00",72,"24,32",22,50,"16,89"
352070,INDIAPORÃ,SP,09/2022,288,213,"73,96",213,0,"100,00",75,"26,04",25,50,"17,36"
352080,INÚBIA PAULISTA,SP,09/2022,137,114,"83,21",110,4,"96,49",23,"16,79",1,22,"16,06"
352080,INÚBIA PAULISTA,SP,11/2022,121,108,"89,26",103,5,"95,37",13,"10,74",0,13,"10,74"
352080,INÚBIA PAULISTA,SP,07/2022,132,116,"87,88",107,9,"92,24",16,"12,12",0,16,"12,12"
352090,IPAUSSU,SP,07/2022,938,888,"94,67",787,101,"88,63",50,"5,33",11,39,"4,16"
352090,IPAUSSU,SP,11/2022,941,896,"95,22",804,92,"89,73",45,"4,78",6,39,"4,14"
352090,IPAUSSU,SP,09/2022,985,934,"94,82",707,227,"75,70",51,"5,18",8,43,"4,37"
352100,IPERÓ,SP,09/2022,2585,1975,"76,40",1613,362,"81,67",610,"23,60",8,602,"23,29"
352100,IPERÓ,SP,11/2022,2488,1905,"76,57",1699,206,"89,19",583,"23,43",6,577,"23,19"
352100,IPERÓ,SP,07/2022,2411,1730,"71,75",1472,258,"85,09",681,"28,25",85,596,"24,72"
352110,IPEÚNA,SP,07/2022,373,352,"94,37",302,50,"85,80",21,"5,63",6,15,"4,02"
352110,IPEÚNA,SP,11/2022,353,330,"93,48",290,40,"87,88",23,"6,52",6,17,"4,82"
352110,IPEÚNA,SP,09/2022,386,342,"88,60",266,76,"77,78",44,"11,40",9,35,"9,07"
352115,IPIGUÁ,SP,09/2022,417,351,"84,17",311,40,"88,60",66,"15,83",16,50,"11,99"
352115,IPIGUÁ,SP,11/2022,399,340,"85,21",290,50,"85,29",59,"14,79",13,46,"11,53"
352115,IPIGUÁ,SP,07/2022,357,311,"87,11",263,48,"84,57",46,"12,89",14,32,"8,96"
352120,IPORANGA,SP,07/2022,565,404,"71,50",396,8,"98,02",161,"28,50",12,149,"26,37"
352120,IPORANGA,SP,11/2022,500,442,"88,40",351,91,"79,41",58,"11,60",46,12,"2,40"
352120,IPORANGA,SP,09/2022,532,507,"95,30",477,30,"94,08",25,"4,70",8,17,"3,20"
352130,IPUÃ,SP,09/2022,914,794,"86,87",656,138,"82,62",120,"13,13",9,111,"12,14"
352130,IPUÃ,SP,11/2022,878,784,"89,29",675,109,"86,10",94,"10,71",2,92,"10,48"
352130,IPUÃ,SP,07/2022,873,758,"86,83",697,61,"91,95",115,"13,17",3,112,"12,83"
352140,IRACEMÁPOLIS,SP,07/2022,728,674,"92,58",653,21,"96,88",54,"7,42",20,34,"4,67"
352140,IRACEMÁPOLIS,SP,11/2022,756,667,"88,23",667,0,"100,00",89,"11,77",50,39,"5,16"
352140,IRACEMÁPOLIS,SP,09/2022,748,642,"85,83",630,12,"98,13",106,"14,17",54,52,"6,95"
352150,IRAPUÃ,SP,09/2022,586,290,"49,49",274,16,"94,48",296,"50,51",66,230,"39,25"
352150,IRAPUÃ,SP,11/2022,590,313,"53,05",311,2,"99,36",277,"46,95",49,228,"38,64"
352150,IRAPUÃ,SP,07/2022,552,254,"46,01",252,2,"99,21",298,"53,99",79,219,"39,67"
352160,IRAPURU,SP,07/2022,497,403,"81,09",356,47,"88,34",94,"18,91",17,77,"15,49"
352160,IRAPURU,SP,11/2022,440,423,"96,14",392,31,"92,67",17,"3,86",0,17,"3,86"
352160,IRAPURU,SP,09/2022,474,467,"98,52",388,79,"83,08",7,"1,48",6,1,"0,21"
352170,ITABERÁ,SP,09/2022,1709,1564,"91,52",1305,259,"83,44",145,"8,48",10,135,"7,90"
352170,ITABERÁ,SP,11/2022,1543,1511,"97,93",1326,185,"87,76",32,"2,07",7,25,"1,62"
352170,ITABERÁ,SP,07/2022,1739,1334,"76,71",1293,41,"96,93",405,"23,29",10,395,"22,71"
352180,ITAÍ,SP,07/2022,1442,1335,"92,58",1155,180,"86,52",107,"7,42",17,90,"6,24"
352180,ITAÍ,SP,11/2022,1479,1371,"92,70",1234,137,"90,01",108,"7,30",7,101,"6,83"
352180,ITAÍ,SP,09/2022,1459,1356,"92,94",1086,270,"80,09",103,"7,06",7,96,"6,58"
352190,ITAJOBI,SP,09/2022,951,821,"86,33",736,85,"89,65",130,"13,67",8,122,"12,83"
352190,ITAJOBI,SP,11/2022,963,817,"84,84",765,52,"93,64",146,"15,16",3,143,"14,85"
352190,ITAJOBI,SP,07/2022,844,732,"86,73",727,5,"99,32",112,"13,27",1,111,"13,15"
352200,ITAJU,SP,07/2022,210,161,"76,67",160,1,"99,38",49,"23,33",7,42,"20,00"
352200,ITAJU,SP,11/2022,232,189,"81,47",189,0,"100,00",43,"18,53",0,43,"18,53"
352200,ITAJU,SP,09/2022,223,176,"78,92",170,6,"96,59",47,"21,08",4,43,"19,28"
352210,ITANHAÉM,SP,09/2022,14212,10263,"72,21",9404,859,"91,63",3949,"27,79",211,3738,"26,30"
352210,ITANHAÉM,SP,11/2022,14039,10671,"76,01",9637,1034,"90,31",3368,"23,99",144,3224,"22,96"
352210,ITANHAÉM,SP,07/2022,13305,9396,"70,62",9059,337,"96,41",3909,"29,38",166,3743,"28,13"
352215,ITAÓCA,SP,07/2022,434,398,"91,71",368,30,"92,46",36,"8,29",4,32,"7,37"
352215,ITAÓCA,SP,11/2022,374,364,"97,33",354,10,"97,25",10,"2,67",0,10,"2,67"
352215,ITAÓCA,SP,09/2022,418,380,"90,91",344,36,"90,53",38,"9,09",1,37,"8,85"
352220,ITAPECERICA DA SERRA,SP,09/2022,14844,9712,"65,43",8363,1349,"86,11",5132,"34,57",3428,1704,"11,48"
352220,ITAPECERICA DA SERRA,SP,11/2022,14966,10851,"72,50",9948,903,"91,68",4115,"27,50",2295,1820,"12,16"
352220,ITAPECERICA DA SERRA,SP,07/2022,13270,9362,"70,55",8425,937,"89,99",3908,"29,45",2248,1660,"12,51"
352230,ITAPETININGA,SP,07/2022,10288,8218,"79,88",7961,257,"96,87",2070,"20,12",27,2043,"19,86"
352230,ITAPETININGA,SP,11/2022,10486,7690,"73,34",6929,761,"90,10",2796,"26,66",413,2383,"22,73"
352230,ITAPETININGA,SP,09/2022,10575,8382,"79,26",8378,4,"99,95",2193,"20,74",47,2146,"20,29"
352240,ITAPEVA,SP,09/2022,6598,6067,"91,95",5132,935,"84,59",531,"8,05",17,514,"7,79"
352240,ITAPEVA,SP,11/2022,6203,6036,"97,31",5559,477,"92,10",167,"2,69",9,158,"2,55"
352240,ITAPEVA,SP,07/2022,6452,5101,"79,06",4428,673,"86,81",1351,"20,94",171,1180,"18,29"
352250,ITAPEVI,SP,07/2022,19700,9026,"45,82",7334,1692,"81,25",10674,"54,18",9324,1350,"6,85"
352250,ITAPEVI,SP,11/2022,20392,14436,"70,79",12216,2220,"84,62",5956,"29,21",5131,825,"4,05"
352250,ITAPEVI,SP,09/2022,20523,12360,"60,23",10748,1612,"86,96",8163,"39,77",6522,1641,"8,00"
352260,ITAPIRA,SP,09/2022,2619,2096,"80,03",1970,126,"93,99",523,"19,97",204,319,"12,18"
352260,ITAPIRA,SP,11/2022,2558,2211,"86,43",2065,146,"93,40",347,"13,57",23,324,"12,67"
352260,ITAPIRA,SP,07/2022,2577,2267,"87,97",2063,204,"91,00",310,"12,03",17,293,"11,37"
352265,ITAPIRAPUÃ PAULISTA,SP,07/2022,673,454,"67,46",360,94,"79,30",219,"32,54",68,151,"22,44"
352265,ITAPIRAPUÃ PAULISTA,SP,11/2022,639,560,"87,64",455,105,"81,25",79,"12,36",16,63,"9,86"
352265,ITAPIRAPUÃ PAULISTA,SP,09/2022,673,476,"70,73",423,53,"88,87",197,"29,27",83,114,"16,94"
352270,ITÁPOLIS,SP,09/2022,1221,301,"24,65",301,0,"100,00",920,"75,35",694,226,"18,51"
352270,ITÁPOLIS,SP,11/2022,1351,1169,"86,53",1168,1,"99,91",182,"13,47",18,164,"12,14"
352270,ITÁPOLIS,SP,07/2022,1203,599,"49,79",597,2,"99,67",604,"50,21",385,219,"18,20"
352280,ITAPORANGA,SP,07/2022,1368,435,"31,80",412,23,"94,71",933,"68,20",745,188,"13,74"
352280,ITAPORANGA,SP,11/2022,1386,496,"35,79",486,10,"97,98",890,"64,21",710,180,"12,99"
352280,ITAPORANGA,SP,09/2022,1380,455,"32,97",441,14,"96,92",925,"67,03",743,182,"13,19"
352290,ITAPUÍ,SP,09/2022,839,639,"76,16",463,176,"72,46",200,"23,84",53,147,"17,52"
352290,ITAPUÍ,SP,11/2022,790,719,"91,01",643,76,"89,43",71,"8,99",51,20,"2,53"
352290,ITAPUÍ,SP,07/2022,744,247,"33,20",225,22,"91,09",497,"66,80",293,204,"27,42"
352300,ITAPURA,SP,07/2022,400,300,"75,00",279,21,"93,00",100,"25,00",5,95,"23,75"
352300,ITAPURA,SP,11/2022,349,253,"72,49",188,65,"74,31",96,"27,51",0,96,"27,51"
352300,ITAPURA,SP,09/2022,385,265,"68,83",196,69,"73,96",120,"31,17",8,112,"29,09"
352310,ITAQUAQUECETUBA,SP,09/2022,31620,16690,"52,78",14601,2089,"87,48",14930,"47,22",6072,8858,"28,01"
352310,ITAQUAQUECETUBA,SP,11/2022,30497,21979,"72,07",20402,1577,"92,82",8518,"27,93",4148,4370,"14,33"
352310,ITAQUAQUECETUBA,SP,07/2022,31379,17759,"56,60",16005,1754,"90,12",13620,"43,40",4417,9203,"29,33"
352320,ITARARÉ,SP,07/2022,3668,3276,"89,31",2922,354,"89,19",392,"10,69",7,385,"10,50"
352320,ITARARÉ,SP,11/2022,3732,3295,"88,29",3103,192,"94,17",437,"11,71",4,433,"11,60"
352320,ITARARÉ,SP,09/2022,3705,3249,"87,69",2886,363,"88,83",456,"12,31",36,420,"11,34"
352330,ITARIRI,SP,09/2022,1718,269,"15,66",254,15,"94,42",1449,"84,34",1027,422,"24,56"
352330,ITARIRI,SP,11/2022,1779,566,"31,82",526,40,"92,93",1213,"68,18",996,217,"12,20"
352330,ITARIRI,SP,07/2022,1829,425,"23,24",409,16,"96,24",1404,"76,76",989,415,"22,69"
352340,ITATIBA,SP,07/2022,3756,3416,"90,95",3300,116,"96,60",340,"9,05",18,322,"8,57"
352340,ITATIBA,SP,11/2022,4004,3731,"93,18",3121,610,"83,65",273,"6,82",5,268,"6,69"
352340,ITATIBA,SP,09/2022,4141,3801,"91,79",2862,939,"75,30",340,"8,21",23,317,"7,66"
352350,ITATINGA,SP,09/2022,1555,1282,"82,44",990,292,"77,22",273,"17,56",18,255,"16,40"
352350,ITATINGA,SP,11/2022,1514,1250,"82,56",975,275,"78,00",264,"17,44",17,247,"16,31"
352350,ITATINGA,SP,07/2022,1420,1157,"81,48",924,233,"79,86",263,"18,52",21,242,"17,04"
352360,ITIRAPINA,SP,07/2022,950,868,"91,37",802,66,"92,40",82,"8,63",49,33,"3,47"
352360,ITIRAPINA,SP,11/2022,957,876,"91,54",795,81,"90,75",81,"8,46",20,61,"6,37"
352360,ITIRAPINA,SP,09/2022,1034,902,"87,23",815,87,"90,35",132,"12,77",31,101,"9,77"
352370,ITIRAPUÃ,SP,09/2022,856,631,"73,71",606,25,"96,04",225,"26,29",6,219,"25,58"
352370,ITIRAPUÃ,SP,11/2022,806,621,"77,05",592,29,"95,33",185,"22,95",10,175,"21,71"
352370,ITIRAPUÃ,SP,07/2022,837,592,"70,73",503,89,"84,97",245,"29,27",38,207,"24,73"
352380,ITOBI,SP,07/2022,486,334,"68,72",270,64,"80,84",152,"31,28",16,136,"27,98"
352380,ITOBI,SP,11/2022,480,335,"69,79",266,69,"79,40",145,"30,21",7,138,"28,75"
352380,ITOBI,SP,09/2022,507,349,"68,84",243,106,"69,63",158,"31,16",14,144,"28,40"
352390,ITU,SP,09/2022,8400,7628,"90,81",6098,1530,"79,94",772,"9,19",63,709,"8,44"
352390,ITU,SP,11/2022,8101,7154,"88,31",5977,1177,"83,55",947,"11,69",88,859,"10,60"
352390,ITU,SP,07/2022,7944,6949,"87,47",5786,1163,"83,26",995,"12,53",77,918,"11,56"
352400,ITUPEVA,SP,07/2022,2681,630,"23,50",479,151,"76,03",2051,"76,50",1195,856,"31,93"
352400,ITUPEVA,SP,11/2022,2380,1046,"43,95",959,87,"91,68",1334,"56,05",888,446,"18,74"
352400,ITUPEVA,SP,09/2022,2696,577,"21,40",502,75,"87,00",2119,"78,60",1279,840,"31,16"
352410,ITUVERAVA,SP,09/2022,2253,1381,"61,30",1268,113,"91,82",872,"38,70",310,562,"24,94"
352410,ITUVERAVA,SP,11/2022,2194,1544,"70,37",1372,172,"88,86",650,"29,63",104,546,"24,89"
352410,ITUVERAVA,SP,07/2022,2073,1356,"65,41",1256,100,"92,63",717,"34,59",181,536,"25,86"
352420,JABORANDI,SP,07/2022,365,319,"87,40",297,22,"93,10",46,"12,60",11,35,"9,59"
352420,JABORANDI,SP,11/2022,340,301,"88,53",289,12,"96,01",39,"11,47",4,35,"10,29"
352420,JABORANDI,SP,09/2022,365,321,"87,95",286,35,"89,10",44,"12,05",11,33,"9,04"
352430,JABOTICABAL,SP,09/2022,4603,3007,"65,33",2460,547,"81,81",1596,"34,67",252,1344,"29,20"
352430,JABOTICABAL,SP,11/2022,4611,3300,"71,57",2980,320,"90,30",1311,"28,43",7,1304,"28,28"
352430,JABOTICABAL,SP,07/2022,4287,2684,"62,61",2404,280,"89,57",1603,"37,39",293,1310,"30,56"
352440,JACAREÍ,SP,07/2022,12199,9911,"81,24",8579,1332,"86,56",2288,"18,76",84,2204,"18,07"
352440,JACAREÍ,SP,11/2022,11929,9511,"79,73",8269,1242,"86,94",2418,"20,27",30,2388,"20,02"
352440,JACAREÍ,SP,09/2022,12398,9608,"77,50",7323,2285,"76,22",2790,"22,50",38,2752,"22,20"
352450,JACI,SP,09/2022,313,223,"71,25",205,18,"91,93",90,"28,75",1,89,"28,43"
352450,JACI,SP,11/2022,305,223,"73,11",205,18,"91,93",82,"26,89",1,81,"26,56"
352450,JACI,SP,07/2022,307,223,"72,64",223,0,"100,00",84,"27,36",1,83,"27,04"
352460,JACUPIRANGA,SP,07/2022,1736,704,"40,55",623,81,"88,49",1032,"59,45",284,748,"43,09"
352460,JACUPIRANGA,SP,11/2022,1676,1148,"68,50",1082,66,"94,25",528,"31,50",9,519,"30,97"
352460,JACUPIRANGA,SP,09/2022,1761,757,"42,99",612,145,"80,85",1004,"57,01",86,918,"52,13"
352470,JAGUARIÚNA,SP,09/2022,1974,1012,"51,27",851,161,"84,09",962,"48,73",803,159,"8,05"
352470,JAGUARIÚNA,SP,11/2022,1962,1767,"90,06",1637,130,"92,64",195,"9,94",13,182,"9,28"
352470,JAGUARIÚNA,SP,07/2022,1945,1616,"83,08",453,1163,"28,03",329,"16,92",189,140,"7,20"
352480,JALES,SP,07/2022,1762,1603,"90,98",1464,139,"91,33",159,"9,02",39,120,"6,81"
352480,JALES,SP,11/2022,1741,1554,"89,26",1456,98,"93,69",187,"10,74",65,122,"7,01"
352480,JALES,SP,09/2022,1789,1631,"91,17",1478,153,"90,62",158,"8,83",43,115,"6,43"
352490,JAMBEIRO,SP,09/2022,441,216,"48,98",195,21,"90,28",225,"51,02",70,155,"35,15"
352490,JAMBEIRO,SP,11/2022,451,230,"51,00",214,16,"93,04",221,"49,00",73,148,"32,82"
352490,JAMBEIRO,SP,07/2022,427,206,"48,24",203,3,"98,54",221,"51,76",70,151,"35,36"
352500,JANDIRA,SP,07/2022,5920,860,"14,53",817,43,"95,00",5060,"85,47",14,5046,"85,24"
352500,JANDIRA,SP,11/2022,5679,3421,"60,24",3421,0,"100,00",2258,"39,76",50,2208,"38,88"
352500,JANDIRA,SP,09/2022,6050,926,"15,31",812,114,"87,69",5124,"84,69",11,5113,"84,51"
352510,JARDINÓPOLIS,SP,09/2022,2948,2636,"89,42",2103,533,"79,78",312,"10,58",71,241,"8,18"
352510,JARDINÓPOLIS,SP,11/2022,2872,2637,"91,82",2265,372,"85,89",235,"8,18",3,232,"8,08"
352510,JARDINÓPOLIS,SP,07/2022,2750,2493,"90,65",2219,274,"89,01",257,"9,35",49,208,"7,56"
352520,JARINU,SP,07/2022,1893,1399,"73,90",1115,284,"79,70",494,"26,10",68,426,"22,50"
352520,JARINU,SP,11/2022,1894,1738,"91,76",1530,208,"88,03",156,"8,24",86,70,"3,70"
352520,JARINU,SP,09/2022,1931,1154,"59,76",935,219,"81,02",777,"40,24",341,436,"22,58"
352530,JAÚ,SP,09/2022,5372,4326,"80,53",3474,852,"80,31",1046,"19,47",36,1010,"18,80"
352530,JAÚ,SP,11/2022,5278,4240,"80,33",3605,635,"85,02",1038,"19,67",52,986,"18,68"
352530,JAÚ,SP,07/2022,5029,3866,"76,87",3362,504,"86,96",1163,"23,13",71,1092,"21,71"
352540,JERIQUARA,SP,07/2022,305,281,"92,13",259,22,"92,17",24,"7,87",0,24,"7,87"
352540,JERIQUARA,SP,11/2022,308,277,"89,94",261,16,"94,22",31,"10,06",1,30,"9,74"
352540,JERIQUARA,SP,09/2022,328,297,"90,55",271,26,"91,25",31,"9,45",3,28,"8,54"
352550,JOANÓPOLIS,SP,09/2022,573,380,"66,32",367,13,"96,58",193,"33,68",83,110,"19,20"
352550,JOANÓPOLIS,SP,11/2022,599,445,"74,29",429,16,"96,40",154,"25,71",83,71,"11,85"
352550,JOANÓPOLIS,SP,07/2022,573,381,"66,49",358,23,"93,96",192,"33,51",86,106,"18,50"
352560,JOÃO RAMALHO,SP,07/2022,357,312,"87,39",291,21,"93,27",45,"12,61",5,40,"11,20"
352560,JOÃO RAMALHO,SP,11/2022,419,371,"88,54",309,62,"83,29",48,"11,46",4,44,"10,50"
352560,JOÃO RAMALHO,SP,09/2022,417,365,"87,53",294,71,"80,55",52,"12,47",5,47,"11,27"
352570,JOSÉ BONIFÁCIO,SP,09/2022,1094,1014,"92,69",849,165,"83,73",80,"7,31",19,61,"5,58"
352570,JOSÉ BONIFÁCIO,SP,11/2022,1032,963,"93,31",842,121,"87,44",69,"6,69",7,62,"6,01"
352570,JOSÉ BONIFÁCIO,SP,07/2022,1086,975,"89,78",863,112,"88,51",111,"10,22",7,104,"9,58"
352580,JÚLIO MESQUITA,SP,07/2022,406,283,"69,70",250,33,"88,34",123,"30,30",3,120,"29,56"
352580,JÚLIO MESQUITA,SP,11/2022,429,306,"71,33",296,10,"96,73",123,"28,67",1,122,"28,44"
352580,JÚLIO MESQUITA,SP,09/2022,423,299,"70,69",270,29,"90,30",124,"29,31",2,122,"28,84"
352585,JUMIRIM,SP,11/2022,175,160,"91,43",160,0,"100,00",15,"8,57",5,10,"5,71"
352585,JUMIRIM,SP,07/2022,187,163,"87,17",156,7,"95,71",24,"12,83",7,17,"9,09"
352585,JUMIRIM,SP,09/2022,213,179,"84,04",166,13,"92,74",34,"15,96",14,20,"9,39"
352590,JUNDIAÍ,SP,07/2022,9060,8355,"92,22",7845,510,"93,90",705,"7,78",297,408,"4,50"
352590,JUNDIAÍ,SP,11/2022,8765,8094,"92,34",7235,859,"89,39",671,"7,66",90,581,"6,63"
352590,JUNDIAÍ,SP,09/2022,9426,8593,"91,16",7817,776,"90,97",833,"8,84",159,674,"7,15"
352600,JUNQUEIRÓPOLIS,SP,09/2022,1253,1102,"87,95",882,220,"80,04",151,"12,05",8,143,"11,41"
352600,JUNQUEIRÓPOLIS,SP,11/2022,1276,1130,"88,56",959,171,"84,87",146,"11,44",8,138,"10,82"
352600,JUNQUEIRÓPOLIS,SP,07/2022,1134,969,"85,45",912,57,"94,12",165,"14,55",13,152,"13,40"
352610,JUQUIÁ,SP,07/2022,1912,1250,"65,38",1215,35,"97,20",662,"34,62",31,631,"33,00"
352610,JUQUIÁ,SP,11/2022,1933,1348,"69,74",1255,93,"93,10",585,"30,26",17,568,"29,38"
352610,JUQUIÁ,SP,09/2022,1964,1329,"67,67",1246,83,"93,75",635,"32,33",47,588,"29,94"
352620,JUQUITIBA,SP,09/2022,3848,2199,"57,15",2064,135,"93,86",1649,"42,85",816,833,"21,65"
352620,JUQUITIBA,SP,11/2022,3759,2179,"57,97",2018,161,"92,61",1580,"42,03",840,740,"19,69"
352620,JUQUITIBA,SP,07/2022,3728,1921,"51,53",1762,159,"91,72",1807,"48,47",1005,802,"21,51"
352630,LAGOINHA,SP,07/2022,428,269,"62,85",254,15,"94,42",159,"37,15",7,152,"35,51"
352630,LAGOINHA,SP,11/2022,438,316,"72,15",315,1,"99,68",122,"27,85",1,121,"27,63"
352630,LAGOINHA,SP,09/2022,422,265,"62,80",258,7,"97,36",157,"37,20",4,153,"36,26"
352640,LARANJAL PAULISTA,SP,09/2022,1826,1481,"81,11",1378,103,"93,05",345,"18,89",28,317,"17,36"
352640,LARANJAL PAULISTA,SP,11/2022,1780,1444,"81,12",1420,24,"98,34",336,"18,88",15,321,"18,03"
352640,LARANJAL PAULISTA,SP,07/2022,1628,1200,"73,71",1118,82,"93,17",428,"26,29",172,256,"15,72"
352650,LAVÍNIA,SP,07/2022,259,0,"0,00",0,0,,259,"100,00",195,64,"24,71"
352650,LAVÍNIA,SP,11/2022,266,244,"91,73",216,28,"88,52",22,"8,27",0,22,"8,27"
352650,LAVÍNIA,SP,09/2022,279,203,"72,76",189,14,"93,10",76,"27,24",4,72,"25,81"
352660,LAVRINHAS,SP,09/2022,799,503,"62,95",396,107,"78,73",296,"37,05",57,239,"29,91"
352660,LAVRINHAS,SP,11/2022,672,597,"88,84",541,56,"90,62",75,"11,16",2,73,"10,86"
352660,LAVRINHAS,SP,07/2022,745,469,"62,95",376,93,"80,17",276,"37,05",38,238,"31,95"
352670,LEME,SP,07/2022,5241,4762,"90,86",4582,180,"96,22",479,"9,14",29,450,"8,59"
352670,LEME,SP,11/2022,5874,5546,"94,42",5154,392,"92,93",328,"5,58",30,298,"5,07"
352670,LEME,SP,09/2022,5753,5223,"90,79",4754,469,"91,02",530,"9,21",32,498,"8,66"
352680,LENÇÓIS PAULISTA,SP,09/2022,2229,2206,"98,97",1682,524,"76,25",23,"1,03",9,14,"0,63"
352680,LENÇÓIS PAULISTA,SP,11/2022,2175,2111,"97,06",1780,331,"84,32",64,"2,94",4,60,"2,76"
352680,LENÇÓIS PAULISTA,SP,07/2022,2156,2076,"96,29",1715,361,"82,61",80,"3,71",14,66,"3,06"
352690,LIMEIRA,SP,07/2022,15714,10856,"69,08",9867,989,"90,89",4858,"30,92",1212,3646,"23,20"
352690,LIMEIRA,SP,11/2022,16074,11575,"72,01",10101,1474,"87,27",4499,"27,99",816,3683,"22,91"
352690,LIMEIRA,SP,09/2022,16670,12206,"73,22",10034,2172,"82,21",4464,"26,78",565,3899,"23,39"
352700,LINDÓIA,SP,09/2022,401,239,"59,60",213,26,"89,12",162,"40,40",5,157,"39,15"
352700,LINDÓIA,SP,11/2022,398,237,"59,55",207,30,"87,34",161,"40,45",3,158,"39,70"
352700,LINDÓIA,SP,07/2022,390,248,"63,59",240,8,"96,77",142,"36,41",7,135,"34,62"
352710,LINS,SP,07/2022,2996,2875,"95,96",2704,171,"94,05",121,"4,04",34,87,"2,90"
352710,LINS,SP,11/2022,3022,2960,"97,95",2527,433,"85,37",62,"2,05",21,41,"1,36"
352710,LINS,SP,09/2022,3174,3007,"94,74",2344,663,"77,95",167,"5,26",90,77,"2,43"
352720,LORENA,SP,09/2022,5864,2998,"51,13",2169,829,"72,35",2866,"48,87",1848,1018,"17,36"
352720,LORENA,SP,11/2022,6029,4998,"82,90",3988,1010,"79,79",1031,"17,10",28,1003,"16,64"
352720,LORENA,SP,07/2022,5764,2894,"50,21",2227,667,"76,95",2870,"49,79",1274,1596,"27,69"
352725,LOURDES,SP,07/2022,139,110,"79,14",109,1,"99,09",29,"20,86",4,25,"17,99"
352725,LOURDES,SP,11/2022,159,129,"81,13",129,0,"100,00",30,"18,87",4,26,"16,35"
352725,LOURDES,SP,09/2022,158,126,"79,75",125,1,"99,21",32,"20,25",5,27,"17,09"
352730,LOUVEIRA,SP,09/2022,2540,2019,"79,49",1762,257,"87,27",521,"20,51",38,483,"19,02"
352730,LOUVEIRA,SP,11/2022,2420,1936,"80,00",1798,138,"92,87",484,"20,00",49,435,"17,98"
352730,LOUVEIRA,SP,07/2022,2294,1810,"78,90",1475,335,"81,49",484,"21,10",20,464,"20,23"
352740,LUCÉLIA,SP,07/2022,1158,960,"82,90",818,142,"85,21",198,"17,10",15,183,"15,80"
352740,LUCÉLIA,SP,11/2022,1119,917,"81,95",837,80,"91,28",202,"18,05",20,182,"16,26"
352740,LUCÉLIA,SP,09/2022,1187,987,"83,15",792,195,"80,24",200,"16,85",12,188,"15,84"
352750,LUCIANÓPOLIS,SP,09/2022,153,136,"88,89",125,11,"91,91",17,"11,11",10,7,"4,58"
352750,LUCIANÓPOLIS,SP,11/2022,134,130,"97,01",130,0,"100,00",4,"2,99",0,4,"2,99"
352750,LUCIANÓPOLIS,SP,07/2022,129,97,"75,19",96,1,"98,97",32,"24,81",6,26,"20,16"
352760,LUÍS ANTÔNIO,SP,07/2022,926,597,"64,47",556,41,"93,13",329,"35,53",90,239,"25,81"
352760,LUÍS ANTÔNIO,SP,11/2022,1001,698,"69,73",672,26,"96,28",303,"30,27",19,284,"28,37"
352760,LUÍS ANTÔNIO,SP,09/2022,998,634,"63,53",579,55,"91,32",364,"36,47",102,262,"26,25"
352770,LUIZIÂNIA,SP,09/2022,493,406,"82,35",406,0,"100,00",87,"17,65",16,71,"14,40"
352770,LUIZIÂNIA,SP,11/2022,509,419,"82,32",419,0,"100,00",90,"17,68",12,78,"15,32"
352770,LUIZIÂNIA,SP,07/2022,441,391,"88,66",391,0,"100,00",50,"11,34",16,34,"7,71"
352780,LUPÉRCIO,SP,07/2022,260,217,"83,46",217,0,"100,00",43,"16,54",3,40,"15,38"
352780,LUPÉRCIO,SP,11/2022,280,259,"92,50",202,57,"77,99",21,"7,50",3,18,"6,43"
352780,LUPÉRCIO,SP,09/2022,260,190,"73,08",137,53,"72,11",70,"26,92",49,21,"8,08"
352790,LUTÉCIA,SP,09/2022,158,50,"31,65",42,8,"84,00",108,"68,35",62,46,"29,11"
352790,LUTÉCIA,SP,11/2022,174,129,"74,14",114,15,"88,37",45,"25,86",5,40,"22,99"
352790,LUTÉCIA,SP,07/2022,156,107,"68,59",104,3,"97,20",49,"31,41",4,45,"28,85"
352800,MACATUBA,SP,07/2022,603,275,"45,61",238,37,"86,55",328,"54,39",197,131,"21,72"
352800,MACATUBA,SP,11/2022,592,572,"96,62",501,71,"87,59",20,"3,38",0,20,"3,38"
352800,MACATUBA,SP,09/2022,617,572,"92,71",487,85,"85,14",45,"7,29",30,15,"2,43"
352810,MACAUBAL,SP,09/2022,512,429,"83,79",287,142,"66,90",83,"16,21",24,59,"11,52"
352810,MACAUBAL,SP,11/2022,464,399,"85,99",269,130,"67,42",65,"14,01",9,56,"12,07"
352810,MACAUBAL,SP,07/2022,460,388,"84,35",348,40,"89,69",72,"15,65",24,48,"10,43"
352820,MACEDÔNIA,SP,07/2022,209,177,"84,69",157,20,"88,70",32,"15,31",1,31,"14,83"
352820,MACEDÔNIA,SP,11/2022,190,158,"83,16",133,25,"84,18",32,"16,84",1,31,"16,32"
352820,MACEDÔNIA,SP,09/2022,202,167,"82,67",130,37,"77,84",35,"17,33",2,33,"16,34"
352830,MAGDA,SP,09/2022,127,118,"92,91",113,5,"95,76",9,"7,09",0,9,"7,09"
352830,MAGDA,SP,11/2022,133,124,"93,23",122,2,"98,39",9,"6,77",0,9,"6,77"
352830,MAGDA,SP,07/2022,133,123,"92,48",121,2,"98,37",10,"7,52",0,10,"7,52"
352840,MAIRINQUE,SP,07/2022,3087,2810,"91,03",2737,73,"97,40",277,"8,97",26,251,"8,13"
352840,MAIRINQUE,SP,11/2022,3043,2798,"91,95",2623,175,"93,75",245,"8,05",21,224,"7,36"
352840,MAIRINQUE,SP,09/2022,3139,2836,"90,35",2559,277,"90,23",303,"9,65",32,271,"8,63"
352850,MAIRIPORÃ,SP,09/2022,6466,3817,"59,03",3302,515,"86,51",2649,"40,97",68,2581,"39,92"
352850,MAIRIPORÃ,SP,11/2022,6683,4042,"60,48",3713,329,"91,86",2641,"39,52",43,2598,"38,87"
352850,MAIRIPORÃ,SP,07/2022,5880,3380,"57,48",3084,296,"91,24",2500,"42,52",53,2447,"41,62"
352860,MANDURI,SP,07/2022,555,484,"87,21",458,26,"94,63",71,"12,79",10,61,"10,99"
352860,MANDURI,SP,11/2022,574,509,"88,68",484,25,"95,09",65,"11,32",3,62,"10,80"
352860,MANDURI,SP,09/2022,587,519,"88,42",461,58,"88,82",68,"11,58",3,65,"11,07"
352870,MARABÁ PAULISTA,SP,09/2022,351,143,"40,74",134,9,"93,71",208,"59,26",139,69,"19,66"
352870,MARABÁ PAULISTA,SP,11/2022,337,225,"66,77",209,16,"92,89",112,"33,23",48,64,"18,99"
352870,MARABÁ PAULISTA,SP,07/2022,320,3,"0,94",0,3,"0,00",317,"99,06",260,57,"17,81"
352880,MARACAÍ,SP,07/2022,704,537,"76,28",505,32,"94,04",167,"23,72",3,164,"23,30"
352880,MARACAÍ,SP,11/2022,718,573,"79,81",519,54,"90,58",145,"20,19",1,144,"20,06"
352880,MARACAÍ,SP,09/2022,720,557,"77,36",519,38,"93,18",163,"22,64",2,161,"22,36"
352885,MARAPOAMA,SP,09/2022,194,158,"81,44",143,15,"90,51",36,"18,56",11,25,"12,89"
352885,MARAPOAMA,SP,11/2022,191,164,"85,86",151,13,"92,07",27,"14,14",4,23,"12,04"
352885,MARAPOAMA,SP,07/2022,168,146,"86,90",145,1,"99,32",22,"13,10",2,20,"11,90"
352890,MARIÁPOLIS,SP,07/2022,223,0,"0,00",0,0,,223,"100,00",202,21,"9,42"
352890,MARIÁPOLIS,SP,11/2022,239,206,"86,19",149,57,"72,33",33,"13,81",3,30,"12,55"
352890,MARIÁPOLIS,SP,09/2022,233,184,"78,97",130,54,"70,65",49,"21,03",6,43,"18,45"
352900,MARÍLIA,SP,09/2022,9924,8340,"84,04",8233,107,"98,72",1584,"15,96",55,1529,"15,41"
352900,MARÍLIA,SP,11/2022,9942,8720,"87,71",8639,81,"99,07",1222,"12,29",28,1194,"12,01"
352900,MARÍLIA,SP,07/2022,9739,7631,"78,36",7244,387,"94,93",2108,"21,64",148,1960,"20,13"
352910,MARINÓPOLIS,SP,07/2022,87,72,"82,76",65,7,"90,28",15,"17,24",1,14,"16,09"
352910,MARINÓPOLIS,SP,11/2022,91,74,"81,32",74,0,"100,00",17,"18,68",0,17,"18,68"
352910,MARINÓPOLIS,SP,09/2022,94,76,"80,85",70,6,"92,11",18,"19,15",1,17,"18,09"
352920,MARTINÓPOLIS,SP,09/2022,1627,1427,"87,71",1347,80,"94,39",200,"12,29",20,180,"11,06"
352920,MARTINÓPOLIS,SP,11/2022,1619,1421,"87,77",1281,140,"90,15",198,"12,23",24,174,"10,75"
352920,MARTINÓPOLIS,SP,07/2022,1596,1299,"81,39",1144,155,"88,07",297,"18,61",44,253,"15,85"
352930,MATÃO,SP,07/2022,3557,2742,"77,09",2481,261,"90,48",815,"22,91",105,710,"19,96"
352930,MATÃO,SP,11/2022,3402,2993,"87,98",2672,321,"89,27",409,"12,02",8,401,"11,79"
352930,MATÃO,SP,09/2022,3648,2996,"82,13",2533,463,"84,55",652,"17,87",82,570,"15,63"
352940,MAUÁ,SP,09/2022,17039,14094,"82,72",11097,2997,"78,74",2945,"17,28",1901,1044,"6,13"
352940,MAUÁ,SP,11/2022,17441,16453,"94,34",13959,2494,"84,84",988,"5,66",312,676,"3,88"
352940,MAUÁ,SP,07/2022,16250,15017,"92,41",13765,1252,"91,66",1233,"7,59",291,942,"5,80"
352950,MENDONÇA,SP,07/2022,228,203,"89,04",189,14,"93,10",25,"10,96",4,21,"9,21"
352950,MENDONÇA,SP,11/2022,237,225,"94,94",210,15,"93,33",12,"5,06",3,9,"3,80"
352950,MENDONÇA,SP,09/2022,242,239,"98,76",185,54,"77,41",3,"1,24",3,0,"0,00"
352960,MERIDIANO,SP,09/2022,207,171,"82,61",158,13,"92,40",36,"17,39",2,34,"16,43"
352960,MERIDIANO,SP,11/2022,211,170,"80,57",157,13,"92,35",41,"19,43",5,36,"17,06"
352960,MERIDIANO,SP,07/2022,196,161,"82,14",117,44,"72,67",35,"17,86",2,33,"16,84"
352965,MESÓPOLIS,SP,07/2022,121,108,"89,26",100,8,"92,59",13,"10,74",1,12,"9,92"
352965,MESÓPOLIS,SP,11/2022,120,107,"89,17",99,8,"92,52",13,"10,83",1,12,"10,00"
352965,MESÓPOLIS,SP,09/2022,119,109,"91,60",99,10,"90,83",10,"8,40",0,10,"8,40"
352970,MIGUELÓPOLIS,SP,09/2022,2098,1711,"81,55",1711,0,"100,00",387,"18,45",7,380,"18,11"
352970,MIGUELÓPOLIS,SP,11/2022,2168,1765,"81,41",1763,2,"99,89",403,"18,59",7,396,"18,27"
352970,MIGUELÓPOLIS,SP,07/2022,1865,1516,"81,29",1516,0,"100,00",349,"18,71",5,344,"18,45"
352980,MINEIROS DO TIETÊ,SP,07/2022,921,477,"51,79",283,194,"59,33",444,"48,21",193,251,"27,25"
352980,MINEIROS DO TIETÊ,SP,11/2022,985,610,"61,93",532,78,"87,21",375,"38,07",46,329,"33,40"
352980,MINEIROS DO TIETÊ,SP,09/2022,993,399,"40,18",292,107,"73,18",594,"59,82",174,420,"42,30"
352990,MIRACATU,SP,09/2022,2911,2021,"69,43",1839,182,"90,99",890,"30,57",148,742,"25,49"
352990,MIRACATU,SP,11/2022,2788,1817,"65,17",1667,150,"91,74",971,"34,83",185,786,"28,19"
352990,MIRACATU,SP,07/2022,2951,2356,"79,84",2356,0,"100,00",595,"20,16",79,516,"17,49"
353000,MIRA ESTRELA,SP,07/2022,129,105,"81,40",93,12,"88,57",24,"18,60",1,23,"17,83"
353000,MIRA ESTRELA,SP,11/2022,137,129,"94,16",123,6,"95,35",8,"5,84",2,6,"4,38"
353000,MIRA ESTRELA,SP,09/2022,123,0,"0,00",0,0,,123,"100,00",97,26,"21,14"
353010,MIRANDÓPOLIS,SP,09/2022,1267,1159,"91,48",919,240,"79,29",108,"8,52",20,88,"6,95"
353010,MIRANDÓPOLIS,SP,11/2022,1170,1070,"91,45",879,191,"82,15",100,"8,55",11,89,"7,61"
353010,MIRANDÓPOLIS,SP,07/2022,1254,1033,"82,38",873,160,"84,51",221,"17,62",23,198,"15,79"
353020,MIRANTE DO PARANAPANEMA,SP,07/2022,1266,1021,"80,65",876,145,"85,80",245,"19,35",72,173,"13,67"
353020,MIRANTE DO PARANAPANEMA,SP,11/2022,1157,1110,"95,94",1072,38,"96,58",47,"4,06",14,33,"2,85"
353020,MIRANTE DO PARANAPANEMA,SP,09/2022,1275,1191,"93,41",998,193,"83,80",84,"6,59",25,59,"4,63"
353030,MIRASSOL,SP,09/2022,2402,2062,"85,85",2005,57,"97,24",340,"14,15",33,307,"12,78"
353030,MIRASSOL,SP,11/2022,2341,2123,"90,69",1931,192,"90,96",218,"9,31",21,197,"8,42"
353030,MIRASSOL,SP,07/2022,2332,1907,"81,78",1696,211,"88,94",425,"18,22",31,394,"16,90"
353040,MIRASSOLÂNDIA,SP,07/2022,257,156,"60,70",150,6,"96,15",101,"39,30",6,95,"36,96"
353040,MIRASSOLÂNDIA,SP,11/2022,340,323,"95,00",299,24,"92,57",17,"5,00",5,12,"3,53"
353040,MIRASSOLÂNDIA,SP,09/2022,284,0,"0,00",0,0,,284,"100,00",184,100,"35,21"
353050,MOCOCA,SP,09/2022,3695,2818,"76,27",2657,161,"94,29",877,"23,73",63,814,"22,03"
353050,MOCOCA,SP,11/2022,3636,2907,"79,95",2888,19,"99,35",729,"20,05",24,705,"19,39"
353050,MOCOCA,SP,07/2022,3686,2978,"80,79",2839,139,"95,33",708,"19,21",20,688,"18,67"
353060,MOGI DAS CRUZES,SP,07/2022,35697,22247,"62,32",19362,2885,"87,03",13450,"37,68",2063,11387,"31,90"
353060,MOGI DAS CRUZES,SP,11/2022,36237,28639,"79,03",25957,2682,"90,64",7598,"20,97",1456,6142,"16,95"
353060,MOGI DAS CRUZES,SP,09/2022,37279,21250,"57,00",17947,3303,"84,46",16029,"43,00",4104,11925,"31,99"
353070,MOGI GUAÇU,SP,09/2022,6338,5669,"89,44",4869,800,"85,89",669,"10,56",57,612,"9,66"
353070,MOGI GUAÇU,SP,11/2022,6247,5967,"95,52",5195,772,"87,06",280,"4,48",49,231,"3,70"
353070,MOGI GUAÇU,SP,07/2022,6028,5357,"88,87",4628,729,"86,39",671,"11,13",89,582,"9,65"
353080,MOGI MIRIM,SP,07/2022,2461,789,"32,06",682,107,"86,44",1672,"67,94",1203,469,"19,06"
353080,MOGI MIRIM,SP,11/2022,2721,2085,"76,63",1873,212,"89,83",636,"23,37",38,598,"21,98"
353080,MOGI MIRIM,SP,09/2022,2691,2010,"74,69",1802,208,"89,65",681,"25,31",76,605,"22,48"
353090,MOMBUCA,SP,09/2022,431,299,"69,37",269,30,"89,97",132,"30,63",5,127,"29,47"
353090,MOMBUCA,SP,11/2022,415,300,"72,29",274,26,"91,33",115,"27,71",1,114,"27,47"
353090,MOMBUCA,SP,07/2022,410,280,"68,29",265,15,"94,64",130,"31,71",5,125,"30,49"
353100,MONÇÕES,SP,07/2022,71,64,"90,14",62,2,"96,88",7,"9,86",3,4,"5,63"
353100,MONÇÕES,SP,11/2022,71,64,"90,14",48,16,"75,00",7,"9,86",0,7,"9,86"
353100,MONÇÕES,SP,09/2022,72,65,"90,28",53,12,"81,54",7,"9,72",2,5,"6,94"
353110,MONGAGUÁ,SP,09/2022,6573,4124,"62,74",3431,693,"83,20",2449,"37,26",1069,1380,"20,99"
353110,MONGAGUÁ,SP,11/2022,6496,4971,"76,52",4440,531,"89,32",1525,"23,48",73,1452,"22,35"
353110,MONGAGUÁ,SP,07/2022,6088,3073,"50,48",2630,443,"85,58",3015,"49,52",1719,1296,"21,29"
353120,MONTE ALEGRE DO SUL,SP,07/2022,203,153,"75,37",142,11,"92,81",50,"24,63",6,44,"21,67"
353120,MONTE ALEGRE DO SUL,SP,09/2022,222,174,"78,38",165,9,"94,83",48,"21,62",6,42,"18,92"
353120,MONTE ALEGRE DO SUL,SP,11/2022,210,125,"59,52",124,1,"99,20",85,"40,48",41,44,"20,95"
353130,MONTE ALTO,SP,11/2022,1214,1019,"83,94",985,34,"96,66",195,"16,06",137,58,"4,78"
353130,MONTE ALTO,SP,07/2022,1220,1170,"95,90",1098,72,"93,85",50,"4,10",3,47,"3,85"
353130,MONTE ALTO,SP,09/2022,1282,1182,"92,20",1075,107,"90,95",100,"7,80",11,89,"6,94"
353140,MONTE APRAZÍVEL,SP,09/2022,1655,1323,"79,94",1251,72,"94,56",332,"20,06",19,313,"18,91"
353140,MONTE APRAZÍVEL,SP,07/2022,1467,1217,"82,96",1104,113,"90,71",250,"17,04",26,224,"15,27"
353140,MONTE APRAZÍVEL,SP,11/2022,1590,1302,"81,89",1299,3,"99,77",288,"18,11",7,281,"17,67"
353150,MONTE AZUL PAULISTA,SP,11/2022,794,538,"67,76",384,154,"71,38",256,"32,24",5,251,"31,61"
353150,MONTE AZUL PAULISTA,SP,07/2022,799,520,"65,08",371,149,"71,35",279,"34,92",10,269,"33,67"
353150,MONTE AZUL PAULISTA,SP,09/2022,805,519,"64,47",369,150,"71,10",286,"35,53",13,273,"33,91"
353160,MONTE CASTELO,SP,09/2022,286,276,"96,50",186,90,"67,39",10,"3,50",2,8,"2,80"
353160,MONTE CASTELO,SP,07/2022,272,247,"90,81",168,79,"68,02",25,"9,19",3,22,"8,09"
353160,MONTE CASTELO,SP,11/2022,258,237,"91,86",206,31,"86,92",21,"8,14",3,18,"6,98"
353170,MONTEIRO LOBATO,SP,11/2022,402,337,"83,83",324,13,"96,14",65,"16,17",13,52,"12,94"
353170,MONTEIRO LOBATO,SP,07/2022,402,345,"85,82",335,10,"97,10",57,"14,18",11,46,"11,44"
353170,MONTEIRO LOBATO,SP,09/2022,372,201,"54,03",167,34,"83,08",171,"45,97",125,46,"12,37"
353180,MONTE MOR,SP,09/2022,6272,3246,"51,75",2729,517,"84,07",3026,"48,25",1136,1890,"30,13"
353180,MONTE MOR,SP,07/2022,5877,3088,"52,54",2785,303,"90,19",2789,"47,46",932,1857,"31,60"
353180,MONTE MOR,SP,11/2022,6068,3614,"59,56",3314,300,"91,70",2454,"40,44",868,1586,"26,14"
353190,MORRO AGUDO,SP,11/2022,2049,1871,"91,31",1796,75,"95,99",178,"8,69",3,175,"8,54"
353190,MORRO AGUDO,SP,07/2022,2042,1755,"85,95",1701,54,"96,92",287,"14,05",11,276,"13,52"
353190,MORRO AGUDO,SP,09/2022,2137,1941,"90,83",1790,151,"92,22",196,"9,17",13,183,"8,56"
353200,MORUNGABA,SP,09/2022,715,451,"63,08",410,41,"90,91",264,"36,92",4,260,"36,36"
353200,MORUNGABA,SP,07/2022,697,433,"62,12",413,20,"95,38",264,"37,88",4,260,"37,30"
353200,MORUNGABA,SP,11/2022,672,645,"95,98",568,77,"88,06",27,"4,02",3,24,"3,57"
353205,MOTUCA,SP,11/2022,268,259,"96,64",253,6,"97,68",9,"3,36",0,9,"3,36"
353205,MOTUCA,SP,07/2022,275,268,"97,45",243,25,"90,67",7,"2,55",0,7,"2,55"
353205,MOTUCA,SP,09/2022,282,272,"96,45",248,24,"91,18",10,"3,55",3,7,"2,48"
353210,MURUTINGA DO SUL,SP,09/2022,337,214,"63,50",183,31,"85,51",123,"36,50",2,121,"35,91"
353210,MURUTINGA DO SUL,SP,07/2022,335,211,"62,99",187,24,"88,63",124,"37,01",2,122,"36,42"
353210,MURUTINGA DO SUL,SP,11/2022,336,219,"65,18",181,38,"82,65",117,"34,82",0,117,"34,82"
353215,NANTES,SP,11/2022,192,150,"78,13",150,0,"100,00",42,"21,88",3,39,"20,31"
353215,NANTES,SP,07/2022,178,39,"21,91",12,27,"30,77",139,"78,09",106,33,"18,54"
353215,NANTES,SP,09/2022,187,143,"76,47",143,0,"100,00",44,"23,53",2,42,"22,46"
353220,NARANDIBA,SP,09/2022,283,241,"85,16",202,39,"83,82",42,"14,84",4,38,"13,43"
353220,NARANDIBA,SP,07/2022,269,231,"85,87",183,48,"79,22",38,"14,13",4,34,"12,64"
353220,NARANDIBA,SP,11/2022,283,251,"88,69",229,22,"91,24",32,"11,31",1,31,"10,95"
353230,NATIVIDADE DA SERRA,SP,11/2022,546,464,"84,98",432,32,"93,10",82,"15,02",4,78,"14,29"
353230,NATIVIDADE DA SERRA,SP,07/2022,526,433,"82,32",423,10,"97,69",93,"17,68",21,72,"13,69"
353230,NATIVIDADE DA SERRA,SP,09/2022,528,437,"82,77",417,20,"95,42",91,"17,23",22,69,"13,07"
353240,NAZARÉ PAULISTA,SP,09/2022,1474,832,"56,45",758,74,"91,11",642,"43,55",486,156,"10,58"
353240,NAZARÉ PAULISTA,SP,07/2022,1418,744,"52,47",643,101,"86,42",674,"47,53",523,151,"10,65"
353240,NAZARÉ PAULISTA,SP,11/2022,1563,1336,"85,48",1268,68,"94,91",227,"14,52",53,174,"11,13"
353250,NEVES PAULISTA,SP,11/2022,540,499,"92,41",471,28,"94,39",41,"7,59",6,35,"6,48"
353250,NEVES PAULISTA,SP,07/2022,463,403,"87,04",369,34,"91,56",60,"12,96",8,52,"11,23"
353250,NEVES PAULISTA,SP,09/2022,552,496,"89,86",443,53,"89,31",56,"10,14",5,51,"9,24"
353260,NHANDEARA,SP,09/2022,419,381,"90,93",289,92,"75,85",38,"9,07",9,29,"6,92"
353260,NHANDEARA,SP,07/2022,428,380,"88,79",234,146,"61,58",48,"11,21",7,41,"9,58"
353260,NHANDEARA,SP,11/2022,401,367,"91,52",289,78,"78,75",34,"8,48",5,29,"7,23"
353270,NIPOÃ,SP,11/2022,512,396,"77,34",337,59,"85,10",116,"22,66",1,115,"22,46"
353270,NIPOÃ,SP,07/2022,467,363,"77,73",298,65,"82,09",104,"22,27",1,103,"22,06"
353270,NIPOÃ,SP,09/2022,516,398,"77,13",310,88,"77,89",118,"22,87",2,116,"22,48"
353280,NOVA ALIANÇA,SP,09/2022,345,293,"84,93",258,35,"88,05",52,"15,07",12,40,"11,59"
353280,NOVA ALIANÇA,SP,07/2022,310,271,"87,42",251,20,"92,62",39,"12,58",5,34,"10,97"
353280,NOVA ALIANÇA,SP,11/2022,357,307,"85,99",288,19,"93,81",50,"14,01",7,43,"12,04"
353282,NOVA CAMPINA,SP,11/2022,1068,977,"91,48",811,166,"83,01",91,"8,52",10,81,"7,58"
353282,NOVA CAMPINA,SP,07/2022,1158,582,"50,26",577,5,"99,14",576,"49,74",339,237,"20,47"
353282,NOVA CAMPINA,SP,09/2022,1167,865,"74,12",733,132,"84,74",302,"25,88",34,268,"22,96"
353284,NOVA CANAÃ PAULISTA,SP,09/2022,95,0,"0,00",0,0,,95,"100,00",88,7,"7,37"
353284,NOVA CANAÃ PAULISTA,SP,07/2022,99,60,"60,61",43,17,"71,67",39,"39,39",29,10,"10,10"
353284,NOVA CANAÃ PAULISTA,SP,11/2022,99,88,"88,89",82,6,"93,18",11,"11,11",6,5,"5,05"
353286,NOVA CASTILHO,SP,11/2022,66,57,"86,36",57,0,"100,00",9,"13,64",0,9,"13,64"
353286,NOVA CASTILHO,SP,07/2022,66,56,"84,85",54,2,"96,43",10,"15,15",2,8,"12,12"
353286,NOVA CASTILHO,SP,09/2022,63,54,"85,71",50,4,"92,59",9,"14,29",0,9,"14,29"
353290,NOVA EUROPA,SP,09/2022,541,417,"77,08",352,65,"84,41",124,"22,92",26,98,"18,11"
353290,NOVA EUROPA,SP,07/2022,546,449,"82,23",448,1,"99,78",97,"17,77",20,77,"14,10"
353290,NOVA EUROPA,SP,11/2022,483,380,"78,67",380,0,"100,00",103,"21,33",14,89,"18,43"
353300,NOVA GRANADA,SP,11/2022,1058,997,"94,23",962,35,"96,49",61,"5,77",9,52,"4,91"
353300,NOVA GRANADA,SP,07/2022,1092,960,"87,91",927,33,"96,56",132,"12,09",9,123,"11,26"
353300,NOVA GRANADA,SP,09/2022,1137,1049,"92,26",966,83,"92,09",88,"7,74",22,66,"5,80"
353310,NOVA GUATAPORANGA,SP,09/2022,188,168,"89,36",166,2,"98,81",20,"10,64",0,20,"10,64"
353310,NOVA GUATAPORANGA,SP,07/2022,183,162,"88,52",159,3,"98,15",21,"11,48",3,18,"9,84"
353310,NOVA GUATAPORANGA,SP,11/2022,192,165,"85,94",146,19,"88,48",27,"14,06",0,27,"14,06"
353320,NOVA INDEPENDÊNCIA,SP,11/2022,441,340,"77,10",309,31,"90,88",101,"22,90",21,80,"18,14"
353320,NOVA INDEPENDÊNCIA,SP,07/2022,444,336,"75,68",290,46,"86,31",108,"24,32",40,68,"15,32"
353320,NOVA INDEPENDÊNCIA,SP,09/2022,477,372,"77,99",294,78,"79,03",105,"22,01",26,79,"16,56"
353325,NOVAIS,SP,09/2022,359,287,"79,94",231,56,"80,49",72,"20,06",4,68,"18,94"
353325,NOVAIS,SP,07/2022,314,249,"79,30",231,18,"92,77",65,"20,70",2,63,"20,06"
353325,NOVAIS,SP,11/2022,342,276,"80,70",255,21,"92,39",66,"19,30",4,62,"18,13"
353330,NOVA LUZITÂNIA,SP,11/2022,245,136,"55,51",132,4,"97,06",109,"44,49",38,71,"28,98"
353330,NOVA LUZITÂNIA,SP,07/2022,221,131,"59,28",115,16,"87,79",90,"40,72",32,58,"26,24"
353330,NOVA LUZITÂNIA,SP,09/2022,243,135,"55,56",118,17,"87,41",108,"44,44",38,70,"28,81"
353340,NOVA ODESSA,SP,09/2022,1994,1853,"92,93",1514,339,"81,71",141,"7,07",40,101,"5,07"
353340,NOVA ODESSA,SP,07/2022,1942,1826,"94,03",1531,295,"83,84",116,"5,97",27,89,"4,58"
353340,NOVA ODESSA,SP,11/2022,1914,1780,"93,00",1590,190,"89,33",134,"7,00",18,116,"6,06"
353350,NOVO HORIZONTE,SP,11/2022,1785,1660,"93,00",1412,248,"85,06",125,"7,00",12,113,"6,33"
353350,NOVO HORIZONTE,SP,07/2022,1731,1623,"93,76",1184,439,"72,95",108,"6,24",7,101,"5,83"
353350,NOVO HORIZONTE,SP,09/2022,1867,1733,"92,82",1347,386,"77,73",134,"7,18",17,117,"6,27"
353360,NUPORANGA,SP,09/2022,422,318,"75,36",257,61,"80,82",104,"24,64",9,95,"22,51"
353360,NUPORANGA,SP,07/2022,396,305,"77,02",301,4,"98,69",91,"22,98",5,86,"21,72"
353360,NUPORANGA,SP,11/2022,453,352,"77,70",352,0,"100,00",101,"22,30",0,101,"22,30"
353370,OCAUÇU,SP,11/2022,381,235,"61,68",202,33,"85,96",146,"38,32",96,50,"13,12"
353370,OCAUÇU,SP,07/2022,365,265,"72,60",223,42,"84,15",100,"27,40",3,97,"26,58"
353370,OCAUÇU,SP,09/2022,377,321,"85,15",243,78,"75,70",56,"14,85",8,48,"12,73"
353380,ÓLEO,SP,09/2022,185,131,"70,81",110,21,"83,97",54,"29,19",2,52,"28,11"
353380,ÓLEO,SP,07/2022,179,128,"71,51",123,5,"96,09",51,"28,49",2,49,"27,37"
353380,ÓLEO,SP,11/2022,182,132,"72,53",113,19,"85,61",50,"27,47",1,49,"26,92"
353390,OLÍMPIA,SP,11/2022,3357,2934,"87,40",2855,79,"97,31",423,"12,60",12,411,"12,24"
353390,OLÍMPIA,SP,07/2022,3231,2410,"74,59",2328,82,"96,60",821,"25,41",69,752,"23,27"
353390,OLÍMPIA,SP,09/2022,3461,2556,"73,85",2526,30,"98,83",905,"26,15",30,875,"25,28"
353400,ONDA VERDE,SP,09/2022,251,201,"80,08",201,0,"100,00",50,"19,92",2,48,"19,12"
353400,ONDA VERDE,SP,07/2022,221,173,"78,28",173,0,"100,00",48,"21,72",2,46,"20,81"
353400,ONDA VERDE,SP,11/2022,245,203,"82,86",203,0,"100,00",42,"17,14",2,40,"16,33"
353410,ORIENTE,SP,11/2022,310,303,"97,74",303,0,"100,00",7,"2,26",0,7,"2,26"
353410,ORIENTE,SP,07/2022,278,152,"54,68",152,0,"100,00",126,"45,32",122,4,"1,44"
353410,ORIENTE,SP,09/2022,301,293,"97,34",293,0,"100,00",8,"2,66",2,6,"1,99"
353420,ORINDIÚVA,SP,09/2022,152,90,"59,21",90,0,"100,00",62,"40,79",7,55,"36,18"
353420,ORINDIÚVA,SP,07/2022,135,80,"59,26",80,0,"100,00",55,"40,74",7,48,"35,56"
353420,ORINDIÚVA,SP,11/2022,164,130,"79,27",128,2,"98,46",34,"20,73",3,31,"18,90"
353430,ORLÂNDIA,SP,11/2022,1632,1316,"80,64",1231,85,"93,54",316,"19,36",4,312,"19,12"
353430,ORLÂNDIA,SP,07/2022,1667,1275,"76,48",1172,103,"91,92",392,"23,52",86,306,"18,36"
353430,ORLÂNDIA,SP,09/2022,1681,1353,"80,49",1136,217,"83,96",328,"19,51",19,309,"18,38"
353440,OSASCO,SP,09/2022,46689,40514,"86,77",36472,4042,"90,02",6175,"13,23",1108,5067,"10,85"
353440,OSASCO,SP,07/2022,45276,36392,"80,38",32512,3880,"89,34",8884,"19,62",612,8272,"18,27"
353440,OSASCO,SP,11/2022,45038,41679,"92,54",39003,2676,"93,58",3359,"7,46",807,2552,"5,67"
353450,OSCAR BRESSANE,SP,11/2022,178,145,"81,46",142,3,"97,93",33,"18,54",0,33,"18,54"
353450,OSCAR BRESSANE,SP,07/2022,162,121,"74,69",118,3,"97,52",41,"25,31",0,41,"25,31"
353450,OSCAR BRESSANE,SP,09/2022,175,133,"76,00",120,13,"90,23",42,"24,00",0,42,"24,00"
353460,OSVALDO CRUZ,SP,09/2022,1634,1390,"85,07",1276,114,"91,80",244,"14,93",6,238,"14,57"
353460,OSVALDO CRUZ,SP,07/2022,1612,1390,"86,23",1298,92,"93,38",222,"13,77",15,207,"12,84"
353460,OSVALDO CRUZ,SP,11/2022,1580,1375,"87,03",1360,15,"98,91",205,"12,97",11,194,"12,28"
353470,OURINHOS,SP,11/2022,5061,4277,"84,51",3989,288,"93,27",784,"15,49",38,746,"14,74"
353470,OURINHOS,SP,07/2022,4989,4009,"80,36",3583,426,"89,37",980,"19,64",180,800,"16,04"
353470,OURINHOS,SP,09/2022,5111,4294,"84,01",3689,605,"85,91",817,"15,99",37,780,"15,26"
353475,OUROESTE,SP,09/2022,704,576,"81,82",536,40,"93,06",128,"18,18",13,115,"16,34"
353475,OUROESTE,SP,07/2022,634,517,"81,55",508,9,"98,26",117,"18,45",13,104,"16,40"
353475,OUROESTE,SP,11/2022,692,568,"82,08",534,34,"94,01",124,"17,92",10,114,"16,47"
353480,OURO VERDE,SP,11/2022,834,800,"95,92",663,137,"82,88",34,"4,08",5,29,"3,48"
353480,OURO VERDE,SP,07/2022,993,798,"80,36",797,1,"99,87",195,"19,64",2,193,"19,44"
353480,OURO VERDE,SP,09/2022,962,906,"94,18",730,176,"80,57",56,"5,82",14,42,"4,37"
353490,PACAEMBU,SP,09/2022,511,505,"98,83",370,135,"73,27",6,"1,17",1,5,"0,98"
353490,PACAEMBU,SP,07/2022,506,417,"82,41",306,111,"73,38",89,"17,59",8,81,"16,01"
353490,PACAEMBU,SP,11/2022,477,468,"98,11",372,96,"79,49",9,"1,89",1,8,"1,68"
353500,PALESTINA,SP,11/2022,692,511,"73,84",499,12,"97,65",181,"26,16",2,179,"25,87"
353500,PALESTINA,SP,07/2022,689,508,"73,73",508,0,"100,00",181,"26,27",1,180,"26,12"
353500,PALESTINA,SP,09/2022,709,532,"75,04",496,36,"93,23",177,"24,96",2,175,"24,68"
353510,PALMARES PAULISTA,SP,09/2022,501,354,"70,66",285,69,"80,51",147,"29,34",0,147,"29,34"
353510,PALMARES PAULISTA,SP,07/2022,445,311,"69,89",281,30,"90,35",134,"30,11",1,133,"29,89"
353510,PALMARES PAULISTA,SP,11/2022,484,345,"71,28",323,22,"93,62",139,"28,72",0,139,"28,72"
353520,PALMEIRA D´OESTE,SP,11/2022,458,343,"74,89",342,1,"99,71",115,"25,11",6,109,"23,80"
353520,PALMEIRA D´OESTE,SP,07/2022,441,325,"73,70",305,20,"93,85",116,"26,30",18,98,"22,22"
353520,PALMEIRA D´OESTE,SP,09/2022,440,277,"62,95",272,5,"98,19",163,"37,05",58,105,"23,86"
353530,PALMITAL,SP,09/2022,1477,1419,"96,07",1257,162,"88,58",58,"3,93",7,51,"3,45"
353530,PALMITAL,SP,07/2022,1402,1324,"94,44",1208,116,"91,24",78,"5,56",11,67,"4,78"
353530,PALMITAL,SP,11/2022,1378,1335,"96,88",1296,39,"97,08",43,"3,12",5,38,"2,76"
353540,PANORAMA,SP,11/2022,1382,1281,"92,69",1084,197,"84,62",101,"7,31",9,92,"6,66"
353540,PANORAMA,SP,07/2022,1463,1326,"90,64",966,360,"72,85",137,"9,36",30,107,"7,31"
353540,PANORAMA,SP,09/2022,1514,1336,"88,24",985,351,"73,73",178,"11,76",15,163,"10,77"
353550,PARAGUAÇU PAULISTA,SP,09/2022,3648,3284,"90,02",2516,768,"76,61",364,"9,98",25,339,"9,29"
353550,PARAGUAÇU PAULISTA,SP,07/2022,3399,3111,"91,53",2446,665,"78,62",288,"8,47",35,253,"7,44"
353550,PARAGUAÇU PAULISTA,SP,11/2022,3455,3272,"94,70",2715,557,"82,98",183,"5,30",25,158,"4,57"
353560,PARAIBUNA,SP,11/2022,1276,995,"77,98",887,108,"89,15",281,"22,02",8,273,"21,39"
353560,PARAIBUNA,SP,07/2022,1277,1002,"78,47",851,151,"84,93",275,"21,53",18,257,"20,13"
353560,PARAIBUNA,SP,09/2022,1298,956,"73,65",842,114,"88,08",342,"26,35",20,322,"24,81"
353570,PARAÍSO,SP,09/2022,282,158,"56,03",145,13,"91,77",124,"43,97",21,103,"36,52"
353570,PARAÍSO,SP,07/2022,278,168,"60,43",162,6,"96,43",110,"39,57",4,106,"38,13"
353570,PARAÍSO,SP,11/2022,267,179,"67,04",168,11,"93,85",88,"32,96",7,81,"30,34"
353580,PARANAPANEMA,SP,11/2022,1397,714,"51,11",696,18,"97,48",683,"48,89",298,385,"27,56"
353580,PARANAPANEMA,SP,07/2022,1285,421,"32,76",407,14,"96,67",864,"67,24",465,399,"31,05"
353580,PARANAPANEMA,SP,09/2022,1340,635,"47,39",581,54,"91,50",705,"52,61",307,398,"29,70"
353590,PARANAPUÃ,SP,09/2022,350,305,"87,14",296,9,"97,05",45,"12,86",2,43,"12,29"
353590,PARANAPUÃ,SP,07/2022,309,273,"88,35",273,0,"100,00",36,"11,65",2,34,"11,00"
353590,PARANAPUÃ,SP,11/2022,347,155,"44,67",155,0,"100,00",192,"55,33",154,38,"10,95"
353600,PARAPUÃ,SP,11/2022,703,611,"86,91",516,95,"84,45",92,"13,09",11,81,"11,52"
353600,PARAPUÃ,SP,07/2022,749,500,"66,76",329,171,"65,80",249,"33,24",203,46,"6,14"
353600,PARAPUÃ,SP,09/2022,753,556,"73,84",409,147,"73,56",197,"26,16",136,61,"8,10"
353610,PARDINHO,SP,09/2022,441,418,"94,78",367,51,"87,80",23,"5,22",10,13,"2,95"
353610,PARDINHO,SP,07/2022,377,348,"92,31",318,30,"91,38",29,"7,69",14,15,"3,98"
353610,PARDINHO,SP,11/2022,418,406,"97,13",355,51,"87,44",12,"2,87",5,7,"1,67"
353620,PARIQUERA-AÇU,SP,11/2022,1397,1207,"86,40",1140,67,"94,45",190,"13,60",7,183,"13,10"
353620,PARIQUERA-AÇU,SP,07/2022,1456,1113,"76,44",998,115,"89,67",343,"23,56",9,334,"22,94"
353620,PARIQUERA-AÇU,SP,09/2022,1446,1214,"83,96",1157,57,"95,30",232,"16,04",28,204,"14,11"
353625,PARISI,SP,09/2022,250,156,"62,40",138,18,"88,46",94,"37,60",3,91,"36,40"
353625,PARISI,SP,07/2022,216,123,"56,94",109,14,"88,62",93,"43,06",2,91,"42,13"
353625,PARISI,SP,11/2022,236,152,"64,41",141,11,"92,76",84,"35,59",2,82,"34,75"
353630,PATROCÍNIO PAULISTA,SP,11/2022,1105,826,"74,75",813,13,"98,43",279,"25,25",4,275,"24,89"
353630,PATROCÍNIO PAULISTA,SP,07/2022,981,737,"75,13",669,68,"90,77",244,"24,87",1,243,"24,77"
353630,PATROCÍNIO PAULISTA,SP,09/2022,1105,835,"75,57",783,52,"93,77",270,"24,43",3,267,"24,16"
353640,PAULICÉIA,SP,09/2022,817,753,"92,17",668,85,"88,71",64,"7,83",12,52,"6,36"
353640,PAULICÉIA,SP,07/2022,790,242,"30,63",180,62,"74,38",548,"69,37",323,225,"28,48"
353640,PAULICÉIA,SP,11/2022,838,772,"92,12",734,38,"95,08",66,"7,88",9,57,"6,80"
353650,PAULÍNIA,SP,11/2022,4253,4231,"99,48",3734,497,"88,25",22,"0,52",10,12,"0,28"
353650,PAULÍNIA,SP,07/2022,4215,4005,"95,02",3755,250,"93,76",210,"4,98",41,169,"4,01"
353650,PAULÍNIA,SP,09/2022,4490,4189,"93,30",3459,730,"82,57",301,"6,70",117,184,"4,10"
353657,PAULISTÂNIA,SP,09/2022,140,113,"80,71",91,22,"80,53",27,"19,29",1,26,"18,57"
353657,PAULISTÂNIA,SP,07/2022,133,107,"80,45",96,11,"89,72",26,"19,55",1,25,"18,80"
353657,PAULISTÂNIA,SP,11/2022,122,101,"82,79",93,8,"92,08",21,"17,21",0,21,"17,21"
353660,PAULO DE FARIA,SP,11/2022,656,400,"60,98",366,34,"91,50",256,"39,02",1,255,"38,87"
353660,PAULO DE FARIA,SP,07/2022,633,386,"60,98",336,50,"87,05",247,"39,02",2,245,"38,70"
353660,PAULO DE FARIA,SP,09/2022,653,387,"59,26",358,29,"92,51",266,"40,74",16,250,"38,28"
353670,PEDERNEIRAS,SP,09/2022,2687,2452,"91,25",2180,272,"88,91",235,"8,75",25,210,"7,82"
353670,PEDERNEIRAS,SP,07/2022,2457,2206,"89,78",2206,0,"100,00",251,"10,22",34,217,"8,83"
353670,PEDERNEIRAS,SP,11/2022,2603,2423,"93,08",2372,51,"97,90",180,"6,92",18,162,"6,22"
353680,PEDRA BELA,SP,11/2022,406,299,"73,65",293,6,"97,99",107,"26,35",5,102,"25,12"
353680,PEDRA BELA,SP,07/2022,392,289,"73,72",268,21,"92,73",103,"26,28",9,94,"23,98"
353680,PEDRA BELA,SP,09/2022,418,307,"73,44",234,73,"76,22",111,"26,56",15,96,"22,97"
353690,PEDRANÓPOLIS,SP,09/2022,86,0,"0,00",0,0,,86,"100,00",68,18,"20,93"
353690,PEDRANÓPOLIS,SP,07/2022,98,76,"77,55",76,0,"100,00",22,"22,45",2,20,"20,41"
353690,PEDRANÓPOLIS,SP,11/2022,111,95,"85,59",89,6,"93,68",16,"14,41",0,16,"14,41"
353700,PEDREGULHO,SP,11/2022,1388,1274,"91,79",1079,195,"84,69",114,"8,21",5,109,"7,85"
353700,PEDREGULHO,SP,07/2022,1387,1279,"92,21",1097,182,"85,77",108,"7,79",13,95,"6,85"
353700,PEDREGULHO,SP,09/2022,1486,1373,"92,40",1207,166,"87,91",113,"7,60",7,106,"7,13"
353710,PEDREIRA,SP,09/2022,1745,1285,"73,64",1095,190,"85,21",460,"26,36",52,408,"23,38"
353710,PEDREIRA,SP,07/2022,1554,939,"60,42",868,71,"92,44",615,"39,58",252,363,"23,36"
353710,PEDREIRA,SP,11/2022,1708,1143,"66,92",1018,125,"89,06",565,"33,08",172,393,"23,01"
353715,PEDRINHAS PAULISTA,SP,11/2022,141,98,"69,50",92,6,"93,88",43,"30,50",2,41,"29,08"
353715,PEDRINHAS PAULISTA,SP,07/2022,125,84,"67,20",53,31,"63,10",41,"32,80",2,39,"31,20"
353715,PEDRINHAS PAULISTA,SP,09/2022,136,89,"65,44",73,16,"82,02",47,"34,56",8,39,"28,68"
353720,PEDRO DE TOLEDO,SP,09/2022,1374,858,"62,45",706,152,"82,28",516,"37,55",31,485,"35,30"
353720,PEDRO DE TOLEDO,SP,07/2022,1346,598,"44,43",597,1,"99,83",748,"55,57",396,352,"26,15"
353720,PEDRO DE TOLEDO,SP,11/2022,1339,852,"63,63",705,147,"82,75",487,"36,37",20,467,"34,88"
353730,PENÁPOLIS,SP,11/2022,3437,2235,"65,03",2089,146,"93,47",1202,"34,97",5,1197,"34,83"
353730,PENÁPOLIS,SP,07/2022,3120,1862,"59,68",1733,129,"93,07",1258,"40,32",94,1164,"37,31"
353730,PENÁPOLIS,SP,09/2022,3398,2142,"63,04",1929,213,"90,06",1256,"36,96",28,1228,"36,14"
353740,PEREIRA BARRETO,SP,09/2022,1147,1053,"91,80",922,131,"87,56",94,"8,20",14,80,"6,97"
353740,PEREIRA BARRETO,SP,07/2022,1148,1003,"87,37",924,79,"92,12",145,"12,63",10,135,"11,76"
353740,PEREIRA BARRETO,SP,11/2022,1087,992,"91,26",955,37,"96,27",95,"8,74",5,90,"8,28"
353750,PEREIRAS,SP,11/2022,553,534,"96,56",467,67,"87,45",19,"3,44",5,14,"2,53"
353750,PEREIRAS,SP,07/2022,556,319,"57,37",306,13,"95,92",237,"42,63",5,232,"41,73"
353750,PEREIRAS,SP,09/2022,540,10,"1,85",10,0,"100,00",530,"98,15",491,39,"7,22"
353760,PERUÍBE,SP,09/2022,8216,7208,"87,73",6045,1163,"83,87",1008,"12,27",383,625,"7,61"
353760,PERUÍBE,SP,07/2022,7407,5923,"79,96",5578,345,"94,18",1484,"20,04",317,1167,"15,76"
353760,PERUÍBE,SP,11/2022,7973,7068,"88,65",6477,591,"91,64",905,"11,35",295,610,"7,65"
353770,PIACATU,SP,11/2022,187,178,"95,19",154,24,"86,52",9,"4,81",0,9,"4,81"
353770,PIACATU,SP,07/2022,198,179,"90,40",145,34,"81,01",19,"9,60",1,18,"9,09"
353770,PIACATU,SP,09/2022,201,190,"94,53",142,48,"74,74",11,"5,47",2,9,"4,48"
353780,PIEDADE,SP,09/2022,3926,3807,"96,97",3263,544,"85,71",119,"3,03",46,73,"1,86"
353780,PIEDADE,SP,07/2022,3660,3403,"92,98",2820,583,"82,87",257,"7,02",61,196,"5,36"
353780,PIEDADE,SP,11/2022,3743,3604,"96,29",3284,320,"91,12",139,"3,71",27,112,"2,99"
353790,PILAR DO SUL,SP,11/2022,1375,995,"72,36",860,135,"86,43",380,"27,64",14,366,"26,62"
353790,PILAR DO SUL,SP,07/2022,1445,1032,"71,42",811,221,"78,59",413,"28,58",39,374,"25,88"
353790,PILAR DO SUL,SP,09/2022,1461,1054,"72,14",814,240,"77,23",407,"27,86",21,386,"26,42"
353800,PINDAMONHANGABA,SP,09/2022,11662,5016,"43,01",4199,817,"83,71",6646,"56,99",3704,2942,"25,23"
353800,PINDAMONHANGABA,SP,07/2022,11062,5191,"46,93",4377,814,"84,32",5871,"53,07",2585,3286,"29,71"
353800,PINDAMONHANGABA,SP,11/2022,11334,8177,"72,15",7315,862,"89,46",3157,"27,85",1315,1842,"16,25"
353810,PINDORAMA,SP,11/2022,611,497,"81,34",497,0,"100,00",114,"18,66",2,112,"18,33"
353810,PINDORAMA,SP,07/2022,618,501,"81,07",497,4,"99,20",117,"18,93",1,116,"18,77"
353810,PINDORAMA,SP,09/2022,637,504,"79,12",428,76,"84,92",133,"20,88",6,127,"19,94"
353820,PINHALZINHO,SP,09/2022,832,629,"75,60",547,82,"86,96",203,"24,40",32,171,"20,55"
353820,PINHALZINHO,SP,07/2022,828,582,"70,29",498,84,"85,57",246,"29,71",53,193,"23,31"
353820,PINHALZINHO,SP,11/2022,825,642,"77,82",595,47,"92,68",183,"22,18",55,128,"15,52"
353830,PIQUEROBI,SP,11/2022,280,193,"68,93",175,18,"90,67",87,"31,07",12,75,"26,79"
353830,PIQUEROBI,SP,07/2022,277,200,"72,20",169,31,"84,50",77,"27,80",2,75,"27,08"
353830,PIQUEROBI,SP,09/2022,306,211,"68,95",180,31,"85,31",95,"31,05",19,76,"24,84"
353850,PIQUETE,SP,09/2022,890,547,"61,46",435,112,"79,52",343,"38,54",102,241,"27,08"
353850,PIQUETE,SP,07/2022,880,627,"71,25",526,101,"83,89",253,"28,75",14,239,"27,16"
353850,PIQUETE,SP,11/2022,814,602,"73,96",481,121,"79,90",212,"26,04",2,210,"25,80"
353860,PIRACAIA,SP,11/2022,1943,1897,"97,63",1896,1,"99,95",46,"2,37",5,41,"2,11"
353860,PIRACAIA,SP,07/2022,1855,1546,"83,34",1544,2,"99,87",309,"16,66",8,301,"16,23"
353860,PIRACAIA,SP,09/2022,1852,1,"0,05",0,1,"0,00",1851,"99,95",1569,282,"15,23"
353870,PIRACICABA,SP,09/2022,17568,13458,"76,61",10993,2465,"81,68",4110,"23,39",80,4030,"22,94"
353870,PIRACICABA,SP,07/2022,16814,12588,"74,87",10468,2120,"83,16",4226,"25,13",234,3992,"23,74"
353870,PIRACICABA,SP,11/2022,16569,14177,"85,56",12534,1643,"88,41",2392,"14,44",78,2314,"13,97"
353880,PIRAJU,SP,11/2022,1998,1788,"89,49",1515,273,"84,73",210,"10,51",23,187,"9,36"
353880,PIRAJU,SP,07/2022,1895,1684,"88,87",1500,184,"89,07",211,"11,13",23,188,"9,92"
353880,PIRAJU,SP,09/2022,2012,1765,"87,72",1473,292,"83,46",247,"12,28",60,187,"9,29"
353890,PIRAJUÍ,SP,09/2022,1351,964,"71,35",763,201,"79,15",387,"28,65",19,368,"27,24"
353890,PIRAJUÍ,SP,07/2022,1287,898,"69,77",866,32,"96,44",389,"30,23",16,373,"28,98"
353890,PIRAJUÍ,SP,11/2022,1326,978,"73,76",876,102,"89,57",348,"26,24",2,346,"26,09"
353900,PIRANGI,SP,11/2022,360,342,"95,00",314,28,"91,81",18,"5,00",2,16,"4,44"
353900,PIRANGI,SP,07/2022,368,328,"89,13",287,41,"87,50",40,"10,87",1,39,"10,60"
353900,PIRANGI,SP,09/2022,390,324,"83,08",285,39,"87,96",66,"16,92",0,66,"16,92"
353910,PIRAPORA DO BOM JESUS,SP,09/2022,2122,892,"42,04",782,110,"87,67",1230,"57,96",25,1205,"56,79"
353910,PIRAPORA DO BOM JESUS,SP,07/2022,1959,829,"42,32",684,145,"82,51",1130,"57,68",48,1082,"55,23"
353910,PIRAPORA DO BOM JESUS,SP,11/2022,2175,908,"41,75",834,74,"91,85",1267,"58,25",14,1253,"57,61"
353920,PIRAPOZINHO,SP,11/2022,960,776,"80,83",662,114,"85,31",184,"19,17",40,144,"15,00"
353920,PIRAPOZINHO,SP,07/2022,908,569,"62,67",487,82,"85,59",339,"37,33",126,213,"23,46"
353920,PIRAPOZINHO,SP,09/2022,950,743,"78,21",640,103,"86,14",207,"21,79",59,148,"15,58"
353930,PIRASSUNUNGA,SP,09/2022,2855,2314,"81,05",2017,297,"87,17",541,"18,95",273,268,"9,39"
353930,PIRASSUNUNGA,SP,07/2022,2824,2581,"91,40",2348,233,"90,97",243,"8,60",43,200,"7,08"
353930,PIRASSUNUNGA,SP,11/2022,2913,2589,"88,88",2377,212,"91,81",324,"11,12",17,307,"10,54"
353940,PIRATININGA,SP,11/2022,592,438,"73,99",383,55,"87,44",154,"26,01",29,125,"21,11"
353940,PIRATININGA,SP,07/2022,551,415,"75,32",390,25,"93,98",136,"24,68",23,113,"20,51"
353940,PIRATININGA,SP,09/2022,597,431,"72,19",418,13,"96,98",166,"27,81",50,116,"19,43"
353950,PITANGUEIRAS,SP,09/2022,2298,2157,"93,86",2114,43,"98,01",141,"6,14",22,119,"5,18"
353950,PITANGUEIRAS,SP,07/2022,2311,1654,"71,57",1654,0,"100,00",657,"28,43",131,526,"22,76"
353950,PITANGUEIRAS,SP,11/2022,2272,2113,"93,00",1999,114,"94,60",159,"7,00",4,155,"6,82"
353960,PLANALTO,SP,11/2022,286,256,"89,51",210,46,"82,03",30,"10,49",3,27,"9,44"
353960,PLANALTO,SP,07/2022,306,266,"86,93",187,79,"70,30",40,"13,07",11,29,"9,48"
353960,PLANALTO,SP,09/2022,309,260,"84,14",187,73,"71,92",49,"15,86",11,38,"12,30"
353970,PLATINA,SP,09/2022,337,324,"96,14",311,13,"95,99",13,"3,86",5,8,"2,37"
353970,PLATINA,SP,07/2022,334,284,"85,03",278,6,"97,89",50,"14,97",41,9,"2,69"
353970,PLATINA,SP,11/2022,330,320,"96,97",272,48,"85,00",10,"3,03",7,3,"0,91"
353980,POÁ,SP,11/2022,9632,9250,"96,03",7869,1381,"85,07",382,"3,97",161,221,"2,29"
353980,POÁ,SP,07/2022,9536,6994,"73,34",6657,337,"95,18",2542,"26,66",208,2334,"24,48"
353980,POÁ,SP,09/2022,10053,8514,"84,69",7295,1219,"85,68",1539,"15,31",271,1268,"12,61"
353990,POLONI,SP,09/2022,452,386,"85,40",353,33,"91,45",66,"14,60",16,50,"11,06"
353990,POLONI,SP,07/2022,414,325,"78,50",310,15,"95,38",89,"21,50",7,82,"19,81"
353990,POLONI,SP,11/2022,474,408,"86,08",396,12,"97,06",66,"13,92",7,59,"12,45"
354000,POMPÉIA,SP,11/2022,761,719,"94,48",645,74,"89,71",42,"5,52",3,39,"5,12"
354000,POMPÉIA,SP,07/2022,754,581,"77,06",496,85,"85,37",173,"22,94",6,167,"22,15"
354000,POMPÉIA,SP,09/2022,767,586,"76,40",516,70,"88,05",181,"23,60",9,172,"22,43"
354010,PONGAÍ,SP,09/2022,238,87,"36,55",87,0,"100,00",151,"63,45",118,33,"13,87"
354010,PONGAÍ,SP,07/2022,261,211,"80,84",211,0,"100,00",50,"19,16",2,48,"18,39"
354010,PONGAÍ,SP,11/2022,229,0,"0,00",0,0,,229,"100,00",195,34,"14,85"
354020,PONTAL,SP,11/2022,2374,2156,"90,82",1934,222,"89,70",218,"9,18",0,218,"9,18"
354020,PONTAL,SP,07/2022,2432,2184,"89,80",1850,334,"84,71",248,"10,20",21,227,"9,33"
354020,PONTAL,SP,09/2022,2538,2168,"85,42",1829,339,"84,36",370,"14,58",18,352,"13,87"
354025,PONTALINDA,SP,09/2022,285,210,"73,68",168,42,"80,00",75,"26,32",1,74,"25,96"
354025,PONTALINDA,SP,07/2022,270,172,"63,70",144,28,"83,72",98,"36,30",32,66,"24,44"
354025,PONTALINDA,SP,11/2022,279,212,"75,99",172,40,"81,13",67,"24,01",2,65,"23,30"
354030,PONTES GESTAL,SP,11/2022,143,104,"72,73",96,8,"92,31",39,"27,27",0,39,"27,27"
354030,PONTES GESTAL,SP,07/2022,139,105,"75,54",77,28,"73,33",34,"24,46",1,33,"23,74"
354030,PONTES GESTAL,SP,09/2022,154,118,"76,62",88,30,"74,58",36,"23,38",2,34,"22,08"
354040,POPULINA,SP,09/2022,374,284,"75,94",251,33,"88,38",90,"24,06",36,54,"14,44"
354040,POPULINA,SP,07/2022,345,244,"70,72",227,17,"93,03",101,"29,28",42,59,"17,10"
354040,POPULINA,SP,11/2022,387,308,"79,59",261,47,"84,74",79,"20,41",29,50,"12,92"
354050,PORANGABA,SP,11/2022,578,529,"91,52",518,11,"97,92",49,"8,48",2,47,"8,13"
354050,PORANGABA,SP,07/2022,592,423,"71,45",412,11,"97,40",169,"28,55",3,166,"28,04"
354050,PORANGABA,SP,09/2022,568,201,"35,39",173,28,"86,07",367,"64,61",325,42,"7,39"
354060,PORTO FELIZ,SP,09/2022,2267,2136,"94,22",1606,530,"75,19",131,"5,78",71,60,"2,65"
354060,PORTO FELIZ,SP,07/2022,2130,1836,"86,20",1658,178,"90,31",294,"13,80",91,203,"9,53"
354060,PORTO FELIZ,SP,11/2022,2194,1978,"90,15",1723,255,"87,11",216,"9,85",68,148,"6,75"
354070,PORTO FERREIRA,SP,11/2022,2048,1000,"48,83",737,263,"73,70",1048,"51,17",641,407,"19,87"
354070,PORTO FERREIRA,SP,07/2022,2021,854,"42,26",742,112,"86,89",1167,"57,74",679,488,"24,15"
354070,PORTO FERREIRA,SP,09/2022,2018,761,"37,71",541,220,"71,09",1257,"62,29",801,456,"22,60"
354075,POTIM,SP,09/2022,1890,797,"42,17",771,26,"96,74",1093,"57,83",453,640,"33,86"
354075,POTIM,SP,07/2022,1808,870,"48,12",835,35,"95,98",938,"51,88",323,615,"34,02"
354075,POTIM,SP,11/2022,1899,1194,"62,88",1165,29,"97,57",705,"37,12",61,644,"33,91"
354080,POTIRENDABA,SP,11/2022,712,680,"95,51",556,124,"81,76",32,"4,49",6,26,"3,65"
354080,POTIRENDABA,SP,07/2022,668,649,"97,16",580,69,"89,37",19,"2,84",6,13,"1,95"
354080,POTIRENDABA,SP,09/2022,712,686,"96,35",548,138,"79,88",26,"3,65",9,17,"2,39"
354085,PRACINHA,SP,09/2022,175,137,"78,29",102,35,"74,45",38,"21,71",1,37,"21,14"
354085,PRACINHA,SP,07/2022,173,130,"75,14",60,70,"46,15",43,"24,86",3,40,"23,12"
354085,PRACINHA,SP,11/2022,141,133,"94,33",110,23,"82,71",8,"5,67",1,7,"4,96"
354090,PRADÓPOLIS,SP,11/2022,1274,1222,"95,92",1052,170,"86,09",52,"4,08",4,48,"3,77"
354090,PRADÓPOLIS,SP,07/2022,1284,1196,"93,15",1135,61,"94,90",88,"6,85",19,69,"5,37"
354090,PRADÓPOLIS,SP,09/2022,1333,1272,"95,42",989,283,"77,75",61,"4,58",19,42,"3,15"
354100,PRAIA GRANDE,SP,09/2022,16357,11890,"72,69",10155,1735,"85,41",4467,"27,31",994,3473,"21,23"
354100,PRAIA GRANDE,SP,07/2022,15396,9873,"64,13",9167,706,"92,85",5523,"35,87",2096,3427,"22,26"
354100,PRAIA GRANDE,SP,11/2022,16945,13087,"77,23",11728,1359,"89,62",3858,"22,77",288,3570,"21,07"
354105,PRATÂNIA,SP,11/2022,656,546,"83,23",539,7,"98,72",110,"16,77",9,101,"15,40"
354105,PRATÂNIA,SP,07/2022,631,398,"63,07",398,0,"100,00",233,"36,93",4,229,"36,29"
354105,PRATÂNIA,SP,09/2022,687,532,"77,44",503,29,"94,55",155,"22,56",7,148,"21,54"
354110,PRESIDENTE ALVES,SP,09/2022,261,0,"0,00",0,0,,261,"100,00",185,76,"29,12"
354110,PRESIDENTE ALVES,SP,07/2022,266,189,"71,05",189,0,"100,00",77,"28,95",1,76,"28,57"
354110,PRESIDENTE ALVES,SP,11/2022,284,204,"71,83",178,26,"87,25",80,"28,17",1,79,"27,82"
354120,PRESIDENTE BERNARDES,SP,11/2022,540,324,"60,00",310,14,"95,68",216,"40,00",111,105,"19,44"
354120,PRESIDENTE BERNARDES,SP,07/2022,538,376,"69,89",326,50,"86,70",162,"30,11",66,96,"17,84"
354120,PRESIDENTE BERNARDES,SP,09/2022,545,384,"70,46",326,58,"84,90",161,"29,54",59,102,"18,72"
354130,PRESIDENTE EPITÁCIO,SP,09/2022,2060,1753,"85,10",1613,140,"92,01",307,"14,90",25,282,"13,69"
354130,PRESIDENTE EPITÁCIO,SP,07/2022,2009,1601,"79,69",1397,204,"87,26",408,"20,31",26,382,"19,01"
354130,PRESIDENTE EPITÁCIO,SP,11/2022,2127,1899,"89,28",1824,75,"96,05",228,"10,72",16,212,"9,97"
354140,PRESIDENTE PRUDENTE,SP,11/2022,9397,6662,"70,89",6224,438,"93,43",2735,"29,11",993,1742,"18,54"
354140,PRESIDENTE PRUDENTE,SP,07/2022,8874,4977,"56,09",4562,415,"91,66",3897,"43,91",1933,1964,"22,13"
354140,PRESIDENTE PRUDENTE,SP,09/2022,9566,7095,"74,17",6330,765,"89,22",2471,"25,83",483,1988,"20,78"
354150,PRESIDENTE VENCESLAU,SP,09/2022,1429,33,"2,31",29,4,"87,88",1396,"97,69",1197,199,"13,93"
354150,PRESIDENTE VENCESLAU,SP,07/2022,1558,1382,"88,70",1214,168,"87,84",176,"11,30",56,120,"7,70"
354150,PRESIDENTE VENCESLAU,SP,11/2022,1425,1179,"82,74",1108,71,"93,98",246,"17,26",121,125,"8,77"
354160,PROMISSÃO,SP,11/2022,1830,1661,"90,77",1586,75,"95,48",169,"9,23",13,156,"8,52"
354160,PROMISSÃO,SP,07/2022,1821,1653,"90,77",1518,135,"91,83",168,"9,23",31,137,"7,52"
354160,PROMISSÃO,SP,09/2022,1901,1693,"89,06",1562,131,"92,26",208,"10,94",12,196,"10,31"
354165,QUADRA,SP,09/2022,397,373,"93,95",319,54,"85,52",24,"6,05",5,19,"4,79"
354165,QUADRA,SP,07/2022,370,316,"85,41",316,0,"100,00",54,"14,59",4,50,"13,51"
354165,QUADRA,SP,11/2022,392,356,"90,82",356,0,"100,00",36,"9,18",5,31,"7,91"
354170,QUATÁ,SP,11/2022,987,935,"94,73",798,137,"85,35",52,"5,27",4,48,"4,86"
354170,QUATÁ,SP,07/2022,1001,916,"91,51",717,199,"78,28",85,"8,49",19,66,"6,59"
354170,QUATÁ,SP,09/2022,1068,1000,"93,63",707,293,"70,70",68,"6,37",10,58,"5,43"
354180,QUEIROZ,SP,09/2022,215,211,"98,14",149,62,"70,62",4,"1,86",3,1,"0,47"
354180,QUEIROZ,SP,07/2022,222,215,"96,85",196,19,"91,16",7,"3,15",2,5,"2,25"
354180,QUEIROZ,SP,11/2022,236,228,"96,61",189,39,"82,89",8,"3,39",1,7,"2,97"
354190,QUELUZ,SP,11/2022,650,591,"90,92",542,49,"91,71",59,"9,08",1,58,"8,92"
354190,QUELUZ,SP,07/2022,699,604,"86,41",513,91,"84,93",95,"13,59",5,90,"12,88"
354190,QUELUZ,SP,09/2022,731,640,"87,55",540,100,"84,38",91,"12,45",25,66,"9,03"
354200,QUINTANA,SP,09/2022,520,332,"63,85",290,42,"87,35",188,"36,15",22,166,"31,92"
354200,QUINTANA,SP,07/2022,491,316,"64,36",315,1,"99,68",175,"35,64",22,153,"31,16"
354200,QUINTANA,SP,11/2022,524,360,"68,70",337,23,"93,61",164,"31,30",2,162,"30,92"
354210,RAFARD,SP,11/2022,688,651,"94,62",591,60,"90,78",37,"5,38",4,33,"4,80"
354210,RAFARD,SP,07/2022,633,594,"93,84",533,61,"89,73",39,"6,16",16,23,"3,63"
354210,RAFARD,SP,09/2022,717,669,"93,31",552,117,"82,51",48,"6,69",18,30,"4,18"
354220,RANCHARIA,SP,09/2022,1924,1820,"94,59",1497,323,"82,25",104,"5,41",11,93,"4,83"
354220,RANCHARIA,SP,07/2022,1925,1685,"87,53",1521,164,"90,27",240,"12,47",14,226,"11,74"
354220,RANCHARIA,SP,11/2022,1736,1706,"98,27",1594,112,"93,43",30,"1,73",10,20,"1,15"
354230,REDENÇÃO DA SERRA,SP,11/2022,521,379,"72,74",374,5,"98,68",142,"27,26",0,142,"27,26"
354230,REDENÇÃO DA SERRA,SP,07/2022,524,375,"71,56",335,40,"89,33",149,"28,44",10,139,"26,53"
354230,REDENÇÃO DA SERRA,SP,09/2022,538,374,"69,52",362,12,"96,79",164,"30,48",14,150,"27,88"
354240,REGENTE FEIJÓ,SP,09/2022,816,636,"77,94",501,135,"78,77",180,"22,06",9,171,"20,96"
354240,REGENTE FEIJÓ,SP,07/2022,773,580,"75,03",474,106,"81,72",193,"24,97",14,179,"23,16"
354240,REGENTE FEIJÓ,SP,11/2022,787,669,"85,01",587,82,"87,74",118,"14,99",13,105,"13,34"
354250,REGINÓPOLIS,SP,11/2022,260,259,"99,62",259,0,"100,00",1,"0,38",0,1,"0,38"
354250,REGINÓPOLIS,SP,07/2022,260,211,"81,15",211,0,"100,00",49,"18,85",5,44,"16,92"
354250,REGINÓPOLIS,SP,09/2022,265,256,"96,60",252,4,"98,44",9,"3,40",8,1,"0,38"
354260,REGISTRO,SP,09/2022,5221,3843,"73,61",3351,492,"87,20",1378,"26,39",231,1147,"21,97"
354260,REGISTRO,SP,07/2022,4982,3311,"66,46",2921,390,"88,22",1671,"33,54",281,1390,"27,90"
354260,REGISTRO,SP,11/2022,5252,4157,"79,15",3608,549,"86,79",1095,"20,85",150,945,"17,99"
354270,RESTINGA,SP,11/2022,604,569,"94,21",540,29,"94,90",35,"5,79",0,35,"5,79"
354270,RESTINGA,SP,07/2022,565,532,"94,16",484,48,"90,98",33,"5,84",15,18,"3,19"
354270,RESTINGA,SP,09/2022,606,575,"94,88",527,48,"91,65",31,"5,12",0,31,"5,12"
354280,RIBEIRA,SP,09/2022,488,345,"70,70",324,21,"93,91",143,"29,30",3,140,"28,69"
354280,RIBEIRA,SP,07/2022,473,323,"68,29",303,20,"93,81",150,"31,71",13,137,"28,96"
354280,RIBEIRA,SP,11/2022,449,399,"88,86",394,5,"98,75",50,"11,14",8,42,"9,35"
354290,RIBEIRÃO BONITO,SP,11/2022,742,720,"97,04",627,93,"87,08",22,"2,96",15,7,"0,94"
354290,RIBEIRÃO BONITO,SP,07/2022,794,733,"92,32",679,54,"92,63",61,"7,68",18,43,"5,42"
354290,RIBEIRÃO BONITO,SP,09/2022,798,768,"96,24",601,167,"78,26",30,"3,76",27,3,"0,38"
354300,RIBEIRÃO BRANCO,SP,09/2022,2363,1759,"74,44",1508,251,"85,73",604,"25,56",241,363,"15,36"
354300,RIBEIRÃO BRANCO,SP,07/2022,2320,1179,"50,82",988,191,"83,80",1141,"49,18",635,506,"21,81"
354300,RIBEIRÃO BRANCO,SP,11/2022,2344,1978,"84,39",1686,292,"85,24",366,"15,61",5,361,"15,40"
354310,RIBEIRÃO CORRENTE,SP,11/2022,504,483,"95,83",426,57,"88,20",21,"4,17",1,20,"3,97"
354310,RIBEIRÃO CORRENTE,SP,07/2022,472,445,"94,28",389,56,"87,42",27,"5,72",1,26,"5,51"
354310,RIBEIRÃO CORRENTE,SP,09/2022,535,501,"93,64",438,63,"87,43",34,"6,36",4,30,"5,61"
354320,RIBEIRÃO DO SUL,SP,09/2022,341,321,"94,13",227,94,"70,72",20,"5,87",3,17,"4,99"
354320,RIBEIRÃO DO SUL,SP,07/2022,299,277,"92,64",244,33,"88,09",22,"7,36",3,19,"6,35"
354320,RIBEIRÃO DO SUL,SP,11/2022,316,296,"93,67",253,43,"85,47",20,"6,33",0,20,"6,33"
354323,RIBEIRÃO DOS ÍNDIOS,SP,11/2022,173,125,"72,25",121,4,"96,80",48,"27,75",2,46,"26,59"
354323,RIBEIRÃO DOS ÍNDIOS,SP,07/2022,174,126,"72,41",125,1,"99,21",48,"27,59",4,44,"25,29"
354323,RIBEIRÃO DOS ÍNDIOS,SP,09/2022,170,52,"30,59",52,0,"100,00",118,"69,41",75,43,"25,29"
354325,RIBEIRÃO GRANDE,SP,09/2022,617,467,"75,69",399,68,"85,44",150,"24,31",14,136,"22,04"
354325,RIBEIRÃO GRANDE,SP,07/2022,596,454,"76,17",424,30,"93,39",142,"23,83",14,128,"21,48"
354325,RIBEIRÃO GRANDE,SP,11/2022,607,471,"77,59",428,43,"90,87",136,"22,41",7,129,"21,25"
354330,RIBEIRÃO PIRES,SP,11/2022,5542,4297,"77,54",4016,281,"93,46",1245,"22,46",135,1110,"20,03"
354330,RIBEIRÃO PIRES,SP,07/2022,5338,3416,"63,99",3208,208,"93,91",1922,"36,01",534,1388,"26,00"
354330,RIBEIRÃO PIRES,SP,09/2022,5713,4065,"71,15",3652,413,"89,84",1648,"28,85",208,1440,"25,21"
354340,RIBEIRÃO PRETO,SP,09/2022,23871,11696,"49,00",9720,1976,"83,11",12175,"51,00",8709,3466,"14,52"
354340,RIBEIRÃO PRETO,SP,07/2022,23048,12083,"52,43",10521,1562,"87,07",10965,"47,57",7493,3472,"15,06"
354340,RIBEIRÃO PRETO,SP,11/2022,24319,21718,"89,30",19713,2005,"90,77",2601,"10,70",119,2482,"10,21"
354350,RIVERSUL,SP,11/2022,592,542,"91,55",441,101,"81,37",50,"8,45",21,29,"4,90"
354350,RIVERSUL,SP,07/2022,662,528,"79,76",504,24,"95,45",134,"20,24",12,122,"18,43"
354350,RIVERSUL,SP,09/2022,662,591,"89,27",443,148,"74,96",71,"10,73",24,47,"7,10"
354360,RIFAINA,SP,09/2022,226,203,"89,82",142,61,"69,95",23,"10,18",2,21,"9,29"
354360,RIFAINA,SP,07/2022,239,206,"86,19",185,21,"89,81",33,"13,81",6,27,"11,30"
354360,RIFAINA,SP,11/2022,240,220,"91,67",186,34,"84,55",20,"8,33",1,19,"7,92"
354370,RINCÃO,SP,11/2022,740,671,"90,68",575,96,"85,69",69,"9,32",2,67,"9,05"
354370,RINCÃO,SP,07/2022,747,668,"89,42",556,112,"83,23",79,"10,58",14,65,"8,70"
354370,RINCÃO,SP,09/2022,781,675,"86,43",563,112,"83,41",106,"13,57",31,75,"9,60"
354380,RINÓPOLIS,SP,09/2022,345,271,"78,55",212,59,"78,23",74,"21,45",2,72,"20,87"
354380,RINÓPOLIS,SP,07/2022,329,258,"78,42",168,90,"65,12",71,"21,58",4,67,"20,36"
354380,RINÓPOLIS,SP,11/2022,314,254,"80,89",211,43,"83,07",60,"19,11",2,58,"18,47"
354390,RIO CLARO,SP,11/2022,7180,6693,"93,22",5670,1023,"84,72",487,"6,78",119,368,"5,13"
354390,RIO CLARO,SP,07/2022,6659,6200,"93,11",4761,1439,"76,79",459,"6,89",163,296,"4,45"
354390,RIO CLARO,SP,09/2022,7206,6700,"92,98",5196,1504,"77,55",506,"7,02",168,338,"4,69"
354400,RIO DAS PEDRAS,SP,09/2022,1207,929,"76,97",775,154,"83,42",278,"23,03",38,240,"19,88"
354400,RIO DAS PEDRAS,SP,07/2022,1164,873,"75,00",771,102,"88,32",291,"25,00",63,228,"19,59"
354400,RIO DAS PEDRAS,SP,11/2022,1163,894,"76,87",779,115,"87,14",269,"23,13",32,237,"20,38"
354410,RIO GRANDE DA SERRA,SP,11/2022,3646,3090,"84,75",2838,252,"91,84",556,"15,25",42,514,"14,10"
354410,RIO GRANDE DA SERRA,SP,07/2022,3612,2865,"79,32",2589,276,"90,37",747,"20,68",93,654,"18,11"
354410,RIO GRANDE DA SERRA,SP,09/2022,3771,3160,"83,80",2805,355,"88,77",611,"16,20",84,527,"13,98"
354420,RIOLÂNDIA,SP,09/2022,855,651,"76,14",596,55,"91,55",204,"23,86",6,198,"23,16"
354420,RIOLÂNDIA,SP,07/2022,808,593,"73,39",569,24,"95,95",215,"26,61",13,202,"25,00"
354420,RIOLÂNDIA,SP,11/2022,831,638,"76,77",561,77,"87,93",193,"23,23",14,179,"21,54"
354425,ROSANA,SP,11/2022,1263,1154,"91,37",1008,146,"87,35",109,"8,63",9,100,"7,92"
354425,ROSANA,SP,07/2022,1318,959,"72,76",692,267,"72,16",359,"27,24",68,291,"22,08"
354425,ROSANA,SP,09/2022,1359,1080,"79,47",897,183,"83,06",279,"20,53",75,204,"15,01"
354430,ROSEIRA,SP,09/2022,987,413,"41,84",390,23,"94,43",574,"58,16",322,252,"25,53"
354430,ROSEIRA,SP,07/2022,900,381,"42,33",369,12,"96,85",519,"57,67",273,246,"27,33"
354430,ROSEIRA,SP,11/2022,985,515,"52,28",500,15,"97,09",470,"47,72",220,250,"25,38"
354440,RUBIÁCEA,SP,11/2022,213,147,"69,01",123,24,"83,67",66,"30,99",5,61,"28,64"
354440,RUBIÁCEA,SP,07/2022,209,142,"67,94",125,17,"88,03",67,"32,06",5,62,"29,67"
354440,RUBIÁCEA,SP,09/2022,229,159,"69,43",142,17,"89,31",70,"30,57",7,63,"27,51"
354450,RUBINÉIA,SP,09/2022,163,58,"35,58",55,3,"94,83",105,"64,42",71,34,"20,86"
354450,RUBINÉIA,SP,07/2022,158,109,"68,99",81,28,"74,31",49,"31,01",19,30,"18,99"
354450,RUBINÉIA,SP,11/2022,160,123,"76,88",103,20,"83,74",37,"23,13",3,34,"21,25"
354460,SABINO,SP,11/2022,377,359,"95,23",344,15,"95,82",18,"4,77",0,18,"4,77"
354460,SABINO,SP,07/2022,411,398,"96,84",377,21,"94,72",13,"3,16",0,13,"3,16"
354460,SABINO,SP,09/2022,410,382,"93,17",351,31,"91,88",28,"6,83",4,24,"5,85"
354470,SAGRES,SP,09/2022,163,128,"78,53",110,18,"85,94",35,"21,47",2,33,"20,25"
354470,SAGRES,SP,07/2022,160,127,"79,38",109,18,"85,83",33,"20,63",2,31,"19,38"
354470,SAGRES,SP,11/2022,149,117,"78,52",103,14,"88,03",32,"21,48",3,29,"19,46"
354480,SALES,SP,11/2022,550,365,"66,36",356,9,"97,53",185,"33,64",1,184,"33,45"
354480,SALES,SP,07/2022,505,318,"62,97",292,26,"91,82",187,"37,03",13,174,"34,46"
354480,SALES,SP,09/2022,556,365,"65,65",329,36,"90,14",191,"34,35",9,182,"32,73"
354490,SALES OLIVEIRA,SP,09/2022,490,462,"94,29",460,2,"99,57",28,"5,71",5,23,"4,69"
354490,SALES OLIVEIRA,SP,07/2022,454,439,"96,70",402,37,"91,57",15,"3,30",5,10,"2,20"
354490,SALES OLIVEIRA,SP,11/2022,459,434,"94,55",394,40,"90,78",25,"5,45",5,20,"4,36"
354500,SALESÓPOLIS,SP,11/2022,1438,1126,"78,30",1046,80,"92,90",312,"21,70",60,252,"17,52"
354500,SALESÓPOLIS,SP,07/2022,1367,901,"65,91",852,49,"94,56",466,"34,09",112,354,"25,90"
354500,SALESÓPOLIS,SP,09/2022,1445,912,"63,11",824,88,"90,35",533,"36,89",177,356,"24,64"
354510,SALMOURÃO,SP,09/2022,409,300,"73,35",235,65,"78,33",109,"26,65",3,106,"25,92"
354510,SALMOURÃO,SP,07/2022,365,268,"73,42",215,53,"80,22",97,"26,58",3,94,"25,75"
354510,SALMOURÃO,SP,11/2022,372,261,"70,16",239,22,"91,57",111,"29,84",3,108,"29,03"
354515,SALTINHO,SP,11/2022,213,201,"94,37",187,14,"93,03",12,"5,63",2,10,"4,69"
354515,SALTINHO,SP,07/2022,182,167,"91,76",138,29,"82,63",15,"8,24",1,14,"7,69"
354515,SALTINHO,SP,09/2022,213,193,"90,61",179,14,"92,75",20,"9,39",10,10,"4,69"
354520,SALTO,SP,09/2022,4611,3572,"77,47",2931,641,"82,05",1039,"22,53",256,783,"16,98"
354520,SALTO,SP,07/2022,4225,3214,"76,07",2619,595,"81,49",1011,"23,93",321,690,"16,33"
354520,SALTO,SP,11/2022,4553,3731,"81,95",3333,398,"89,33",822,"18,05",42,780,"17,13"
354530,SALTO DE PIRAPORA,SP,11/2022,2964,2028,"68,42",2015,13,"99,36",936,"31,58",9,927,"31,28"
354530,SALTO DE PIRAPORA,SP,07/2022,2919,1842,"63,10",1782,60,"96,74",1077,"36,90",132,945,"32,37"
354530,SALTO DE PIRAPORA,SP,09/2022,2968,1736,"58,49",1720,16,"99,08",1232,"41,51",222,1010,"34,03"
354540,SALTO GRANDE,SP,09/2022,678,607,"89,53",508,99,"83,69",71,"10,47",23,48,"7,08"
354540,SALTO GRANDE,SP,07/2022,709,513,"72,36",513,0,"100,00",196,"27,64",42,154,"21,72"
354540,SALTO GRANDE,SP,11/2022,629,536,"85,21",501,35,"93,47",93,"14,79",30,63,"10,02"
354550,SANDOVALINA,SP,11/2022,354,255,"72,03",255,0,"100,00",99,"27,97",47,52,"14,69"
354550,SANDOVALINA,SP,07/2022,334,253,"75,75",253,0,"100,00",81,"24,25",36,45,"13,47"
354550,SANDOVALINA,SP,09/2022,347,283,"81,56",283,0,"100,00",64,"18,44",14,50,"14,41"
354560,SANTA ADÉLIA,SP,09/2022,787,618,"78,53",610,8,"98,71",169,"21,47",9,160,"20,33"
354560,SANTA ADÉLIA,SP,07/2022,697,577,"82,78",573,4,"99,31",120,"17,22",1,119,"17,07"
354560,SANTA ADÉLIA,SP,11/2022,798,643,"80,58",642,1,"99,84",155,"19,42",0,155,"19,42"
354570,SANTA ALBERTINA,SP,11/2022,201,156,"77,61",128,28,"82,05",45,"22,39",4,41,"20,40"
354570,SANTA ALBERTINA,SP,07/2022,235,189,"80,43",94,95,"49,74",46,"19,57",0,46,"19,57"
354570,SANTA ALBERTINA,SP,09/2022,235,170,"72,34",140,30,"82,35",65,"27,66",2,63,"26,81"
354580,SANTA BÁRBARA D´OESTE,SP,09/2022,5435,5138,"94,54",4137,1001,"80,52",297,"5,46",29,268,"4,93"
354580,SANTA BÁRBARA D´OESTE,SP,07/2022,5270,4940,"93,74",4822,118,"97,61",330,"6,26",13,317,"6,02"
354580,SANTA BÁRBARA D´OESTE,SP,11/2022,5250,4937,"94,04",4101,836,"83,07",313,"5,96",11,302,"5,75"
354600,SANTA BRANCA,SP,11/2022,1292,911,"70,51",877,34,"96,27",381,"29,49",6,375,"29,02"
354600,SANTA BRANCA,SP,07/2022,1220,887,"72,70",866,21,"97,63",333,"27,30",7,326,"26,72"
354600,SANTA BRANCA,SP,09/2022,1265,878,"69,41",836,42,"95,22",387,"30,59",16,371,"29,33"
354610,SANTA CLARA D´OESTE,SP,09/2022,150,132,"88,00",104,28,"78,79",18,"12,00",4,14,"9,33"
354610,SANTA CLARA D´OESTE,SP,07/2022,128,114,"89,06",88,26,"77,19",14,"10,94",4,10,"7,81"
354610,SANTA CLARA D´OESTE,SP,11/2022,141,124,"87,94",104,20,"83,87",17,"12,06",3,14,"9,93"
354620,SANTA CRUZ DA CONCEIÇÃO,SP,11/2022,196,59,"30,10",59,0,"100,00",137,"69,90",119,18,"9,18"
354620,SANTA CRUZ DA CONCEIÇÃO,SP,07/2022,213,185,"86,85",170,15,"91,89",28,"13,15",11,17,"7,98"
354620,SANTA CRUZ DA CONCEIÇÃO,SP,09/2022,232,204,"87,93",176,28,"86,27",28,"12,07",10,18,"7,76"
354625,SANTA CRUZ DA ESPERANÇA,SP,09/2022,112,71,"63,39",70,1,"98,59",41,"36,61",23,18,"16,07"
354625,SANTA CRUZ DA ESPERANÇA,SP,07/2022,103,61,"59,22",58,3,"95,08",42,"40,78",24,18,"17,48"
354625,SANTA CRUZ DA ESPERANÇA,SP,11/2022,108,65,"60,19",65,0,"100,00",43,"39,81",24,19,"17,59"
354630,SANTA CRUZ DAS PALMEIRAS,SP,11/2022,1607,1464,"91,10",1365,99,"93,24",143,"8,90",9,134,"8,34"
354630,SANTA CRUZ DAS PALMEIRAS,SP,07/2022,1541,1410,"91,50",1376,34,"97,59",131,"8,50",15,116,"7,53"
354630,SANTA CRUZ DAS PALMEIRAS,SP,09/2022,1578,1067,"67,62",902,165,"84,54",511,"32,38",377,134,"8,49"
354640,SANTA CRUZ DO RIO PARDO,SP,09/2022,2349,1457,"62,03",1288,169,"88,40",892,"37,97",780,112,"4,77"
354640,SANTA CRUZ DO RIO PARDO,SP,07/2022,2171,1556,"71,67",1284,272,"82,52",615,"28,33",513,102,"4,70"
354640,SANTA CRUZ DO RIO PARDO,SP,11/2022,2407,1884,"78,27",1644,240,"87,26",523,"21,73",376,147,"6,11"
354650,SANTA ERNESTINA,SP,11/2022,418,386,"92,34",384,2,"99,48",32,"7,66",3,29,"6,94"
354650,SANTA ERNESTINA,SP,07/2022,435,401,"92,18",359,42,"89,53",34,"7,82",2,32,"7,36"
354650,SANTA ERNESTINA,SP,09/2022,455,389,"85,49",386,3,"99,23",66,"14,51",5,61,"13,41"
354660,SANTA FÉ DO SUL,SP,09/2022,1389,938,"67,53",812,126,"86,57",451,"32,47",80,371,"26,71"
354660,SANTA FÉ DO SUL,SP,07/2022,1310,900,"68,70",900,0,"100,00",410,"31,30",31,379,"28,93"
354660,SANTA FÉ DO SUL,SP,11/2022,1348,968,"71,81",817,151,"84,40",380,"28,19",6,374,"27,74"
354670,SANTA GERTRUDES,SP,11/2022,663,630,"95,02",572,58,"90,79",33,"4,98",6,27,"4,07"
354670,SANTA GERTRUDES,SP,07/2022,665,598,"89,92",546,52,"91,30",67,"10,08",10,57,"8,57"
354670,SANTA GERTRUDES,SP,09/2022,688,630,"91,57",574,56,"91,11",58,"8,43",6,52,"7,56"
354680,SANTA ISABEL,SP,09/2022,3770,3426,"90,88",2844,582,"83,01",344,"9,12",70,274,"7,27"
354680,SANTA ISABEL,SP,07/2022,3715,3129,"84,23",2793,336,"89,26",586,"15,77",321,265,"7,13"
354680,SANTA ISABEL,SP,11/2022,3621,3573,"98,67",2928,645,"81,95",48,"1,33",31,17,"0,47"
354690,SANTA LÚCIA,SP,11/2022,305,290,"95,08",264,26,"91,03",15,"4,92",0,15,"4,92"
354690,SANTA LÚCIA,SP,07/2022,298,268,"89,93",249,19,"92,91",30,"10,07",3,27,"9,06"
354690,SANTA LÚCIA,SP,09/2022,320,305,"95,31",250,55,"81,97",15,"4,69",2,13,"4,06"
354700,SANTA MARIA DA SERRA,SP,09/2022,475,438,"92,21",390,48,"89,04",37,"7,79",6,31,"6,53"
354700,SANTA MARIA DA SERRA,SP,07/2022,481,442,"91,89",420,22,"95,02",39,"8,11",5,34,"7,07"
354700,SANTA MARIA DA SERRA,SP,11/2022,491,461,"93,89",434,27,"94,14",30,"6,11",4,26,"5,30"
354710,SANTA MERCEDES,SP,11/2022,184,168,"91,30",155,13,"92,26",16,"8,70",5,11,"5,98"
354710,SANTA MERCEDES,SP,07/2022,193,132,"68,39",99,33,"75,00",61,"31,61",16,45,"23,32"
354710,SANTA MERCEDES,SP,09/2022,199,176,"88,44",146,30,"82,95",23,"11,56",7,16,"8,04"
354720,SANTANA DA PONTE PENSA,SP,09/2022,96,95,"98,96",85,10,"89,47",1,"1,04",0,1,"1,04"
354720,SANTANA DA PONTE PENSA,SP,07/2022,88,85,"96,59",58,27,"68,24",3,"3,41",2,1,"1,14"
354720,SANTANA DA PONTE PENSA,SP,11/2022,95,93,"97,89",92,1,"98,92",2,"2,11",1,1,"1,05"
354730,SANTANA DE PARNAÍBA,SP,11/2022,7833,7626,"97,36",7145,481,"93,69",207,"2,64",109,98,"1,25"
354730,SANTANA DE PARNAÍBA,SP,07/2022,8019,7783,"97,06",7075,708,"90,90",236,"2,94",80,156,"1,95"
354730,SANTANA DE PARNAÍBA,SP,09/2022,8133,6972,"85,72",6046,926,"86,72",1161,"14,28",949,212,"2,61"
354740,SANTA RITA D´OESTE,SP,09/2022,61,46,"75,41",38,8,"82,61",15,"24,59",0,15,"24,59"
354740,SANTA RITA D´OESTE,SP,07/2022,66,53,"80,30",48,5,"90,57",13,"19,70",0,13,"19,70"
354740,SANTA RITA D´OESTE,SP,11/2022,52,43,"82,69",36,7,"83,72",9,"17,31",0,9,"17,31"
354750,SANTA RITA DO PASSA QUATRO,SP,11/2022,1157,961,"83,06",896,65,"93,24",196,"16,94",14,182,"15,73"
354750,SANTA RITA DO PASSA QUATRO,SP,07/2022,1098,779,"70,95",731,48,"93,84",319,"29,05",51,268,"24,41"
354750,SANTA RITA DO PASSA QUATRO,SP,09/2022,1192,849,"71,22",801,48,"94,35",343,"28,78",65,278,"23,32"
354760,SANTA ROSA DE VITERBO,SP,09/2022,1124,1023,"91,01",803,220,"78,49",101,"8,99",16,85,"7,56"
354760,SANTA ROSA DE VITERBO,SP,07/2022,1077,962,"89,32",797,165,"82,85",115,"10,68",45,70,"6,50"
354760,SANTA ROSA DE VITERBO,SP,11/2022,1099,1008,"91,72",781,227,"77,48",91,"8,28",9,82,"7,46"
354765,SANTA SALETE,SP,11/2022,88,77,"87,50",71,6,"92,21",11,"12,50",0,11,"12,50"
354765,SANTA SALETE,SP,07/2022,77,65,"84,42",60,5,"92,31",12,"15,58",2,10,"12,99"
354765,SANTA SALETE,SP,09/2022,82,70,"85,37",62,8,"88,57",12,"14,63",1,11,"13,41"
354770,SANTO ANASTÁCIO,SP,09/2022,1196,836,"69,90",763,73,"91,27",360,"30,10",209,151,"12,63"
354770,SANTO ANASTÁCIO,SP,07/2022,1166,999,"85,68",823,176,"82,38",167,"14,32",13,154,"13,21"
354770,SANTO ANASTÁCIO,SP,11/2022,1157,1055,"91,18",933,122,"88,44",102,"8,82",10,92,"7,95"
354780,SANTO ANDRÉ,SP,11/2022,34991,28112,"80,34",24746,3366,"88,03",6879,"19,66",997,5882,"16,81"
354780,SANTO ANDRÉ,SP,07/2022,34938,25202,"72,13",23992,1210,"95,20",9736,"27,87",1074,8662,"24,79"
354780,SANTO ANDRÉ,SP,09/2022,36370,23971,"65,91",19841,4130,"82,77",12399,"34,09",2621,9778,"26,88"
354790,SANTO ANTÔNIO DA ALEGRIA,SP,09/2022,654,360,"55,05",329,31,"91,39",294,"44,95",91,203,"31,04"
354790,SANTO ANTÔNIO DA ALEGRIA,SP,07/2022,616,435,"70,62",435,0,"100,00",181,"29,38",1,180,"29,22"
354790,SANTO ANTÔNIO DA ALEGRIA,SP,11/2022,596,544,"91,28",544,0,"100,00",52,"8,72",3,49,"8,22"
354800,SANTO ANTÔNIO DE POSSE,SP,11/2022,1462,1375,"94,05",1302,73,"94,69",87,"5,95",9,78,"5,34"
354800,SANTO ANTÔNIO DE POSSE,SP,07/2022,1474,1145,"77,68",1056,89,"92,23",329,"22,32",15,314,"21,30"
354800,SANTO ANTÔNIO DE POSSE,SP,09/2022,1544,1425,"92,29",1260,165,"88,42",119,"7,71",45,74,"4,79"
354805,SANTO ANTÔNIO DO ARACANGUÁ,SP,09/2022,578,513,"88,75",457,56,"89,08",65,"11,25",12,53,"9,17"
354805,SANTO ANTÔNIO DO ARACANGUÁ,SP,07/2022,491,435,"88,59",369,66,"84,83",56,"11,41",11,45,"9,16"
354805,SANTO ANTÔNIO DO ARACANGUÁ,SP,11/2022,614,551,"89,74",530,21,"96,19",63,"10,26",4,59,"9,61"
354810,SANTO ANTÔNIO DO JARDIM,SP,11/2022,283,230,"81,27",197,33,"85,65",53,"18,73",3,50,"17,67"
354810,SANTO ANTÔNIO DO JARDIM,SP,07/2022,293,243,"82,94",183,60,"75,31",50,"17,06",0,50,"17,06"
354810,SANTO ANTÔNIO DO JARDIM,SP,09/2022,289,236,"81,66",178,58,"75,42",53,"18,34",2,51,"17,65"
354820,SANTO ANTÔNIO DO PINHAL,SP,09/2022,482,403,"83,61",330,73,"81,89",79,"16,39",17,62,"12,86"
354820,SANTO ANTÔNIO DO PINHAL,SP,07/2022,483,364,"75,36",311,53,"85,44",119,"24,64",41,78,"16,15"
354820,SANTO ANTÔNIO DO PINHAL,SP,11/2022,480,402,"83,75",394,8,"98,01",78,"16,25",11,67,"13,96"
354830,SANTO EXPEDITO,SP,11/2022,190,146,"76,84",140,6,"95,89",44,"23,16",6,38,"20,00"
354830,SANTO EXPEDITO,SP,07/2022,190,80,"42,11",71,9,"88,75",110,"57,89",67,43,"22,63"
354830,SANTO EXPEDITO,SP,09/2022,199,125,"62,81",118,7,"94,40",74,"37,19",27,47,"23,62"
354840,SANTÓPOLIS DO AGUAPEÍ,SP,09/2022,358,273,"76,26",273,0,"100,00",85,"23,74",31,54,"15,08"
354840,SANTÓPOLIS DO AGUAPEÍ,SP,07/2022,341,256,"75,07",256,0,"100,00",85,"24,93",30,55,"16,13"
354840,SANTÓPOLIS DO AGUAPEÍ,SP,11/2022,370,287,"77,57",287,0,"100,00",83,"22,43",28,55,"14,86"
354850,SANTOS,SP,11/2022,13714,12609,"91,94",11288,1321,"89,52",1105,"8,06",86,1019,"7,43"
354850,SANTOS,SP,07/2022,13835,12026,"86,92",10611,1415,"88,23",1809,"13,08",162,1647,"11,90"
354850,SANTOS,SP,09/2022,14146,12785,"90,38",10142,2643,"79,33",1361,"9,62",320,1041,"7,36"
354860,SÃO BENTO DO SAPUCAÍ,SP,09/2022,634,510,"80,44",510,0,"100,00",124,"19,56",49,75,"11,83"
354860,SÃO BENTO DO SAPUCAÍ,SP,07/2022,638,471,"73,82",471,0,"100,00",167,"26,18",41,126,"19,75"
354860,SÃO BENTO DO SAPUCAÍ,SP,11/2022,627,510,"81,34",509,1,"99,80",117,"18,66",43,74,"11,80"
354870,SÃO BERNARDO DO CAMPO,SP,11/2022,40092,27133,"67,68",23780,3353,"87,64",12959,"32,32",5730,7229,"18,03"
354870,SÃO BERNARDO DO CAMPO,SP,07/2022,38458,23122,"60,12",18858,4264,"81,56",15336,"39,88",7031,8305,"21,59"
354870,SÃO BERNARDO DO CAMPO,SP,09/2022,40938,24660,"60,24",20781,3879,"84,27",16278,"39,76",8803,7475,"18,26"
354880,SÃO CAETANO DO SUL,SP,09/2022,2311,2008,"86,89",1715,293,"85,41",303,"13,11",151,152,"6,58"
354880,SÃO CAETANO DO SUL,SP,07/2022,2272,2041,"89,83",1701,340,"83,34",231,"10,17",102,129,"5,68"
354880,SÃO CAETANO DO SUL,SP,11/2022,2645,2427,"91,76",2193,234,"90,36",218,"8,24",47,171,"6,47"
354890,SÃO CARLOS,SP,11/2022,11224,5116,"45,58",5009,107,"97,91",6108,"54,42",2327,3781,"33,69"
354890,SÃO CARLOS,SP,07/2022,10158,3285,"32,34",3260,25,"99,24",6873,"67,66",3761,3112,"30,64"
354890,SÃO CARLOS,SP,09/2022,10968,3797,"34,62",3764,33,"99,13",7171,"65,38",3898,3273,"29,84"
354900,SÃO FRANCISCO,SP,09/2022,139,114,"82,01",114,0,"100,00",25,"17,99",2,23,"16,55"
354900,SÃO FRANCISCO,SP,07/2022,137,111,"81,02",111,0,"100,00",26,"18,98",1,25,"18,25"
354900,SÃO FRANCISCO,SP,11/2022,153,130,"84,97",130,0,"100,00",23,"15,03",0,23,"15,03"
354910,SÃO JOÃO DA BOA VISTA,SP,11/2022,2411,1691,"70,14",1341,350,"79,30",720,"29,86",3,717,"29,74"
354910,SÃO JOÃO DA BOA VISTA,SP,07/2022,2348,1581,"67,33",1421,160,"89,88",767,"32,67",8,759,"32,33"
354910,SÃO JOÃO DA BOA VISTA,SP,09/2022,2385,1623,"68,05",1423,200,"87,68",762,"31,95",3,759,"31,82"
354920,SÃO JOÃO DAS DUAS PONTES,SP,09/2022,140,133,"95,00",118,15,"88,72",7,"5,00",2,5,"3,57"
354920,SÃO JOÃO DAS DUAS PONTES,SP,07/2022,141,118,"83,69",112,6,"94,92",23,"16,31",4,19,"13,48"
354920,SÃO JOÃO DAS DUAS PONTES,SP,11/2022,116,112,"96,55",101,11,"90,18",4,"3,45",2,2,"1,72"
354925,SÃO JOÃO DE IRACEMA,SP,11/2022,76,51,"67,11",50,1,"98,04",25,"32,89",10,15,"19,74"
354925,SÃO JOÃO DE IRACEMA,SP,07/2022,80,56,"70,00",43,13,"76,79",24,"30,00",11,13,"16,25"
354925,SÃO JOÃO DE IRACEMA,SP,09/2022,82,57,"69,51",53,4,"92,98",25,"30,49",12,13,"15,85"
354930,SÃO JOÃO DO PAU D´ALHO,SP,09/2022,142,114,"80,28",99,15,"86,84",28,"19,72",7,21,"14,79"
354930,SÃO JOÃO DO PAU D´ALHO,SP,07/2022,134,54,"40,30",45,9,"83,33",80,"59,70",67,13,"9,70"
354930,SÃO JOÃO DO PAU D´ALHO,SP,11/2022,131,65,"49,62",52,13,"80,00",66,"50,38",46,20,"15,27"
354940,SÃO JOAQUIM DA BARRA,SP,11/2022,1772,1607,"90,69",1508,99,"93,84",165,"9,31",15,150,"8,47"
354940,SÃO JOAQUIM DA BARRA,SP,07/2022,1788,1674,"93,62",1464,210,"87,46",114,"6,38",6,108,"6,04"
354940,SÃO JOAQUIM DA BARRA,SP,09/2022,1861,1714,"92,10",1541,173,"89,91",147,"7,90",11,136,"7,31"
354950,SÃO JOSÉ DA BELA VISTA,SP,09/2022,1096,671,"61,22",670,1,"99,85",425,"38,78",4,421,"38,41"
354950,SÃO JOSÉ DA BELA VISTA,SP,07/2022,1019,596,"58,49",594,2,"99,66",423,"41,51",0,423,"41,51"
354950,SÃO JOSÉ DA BELA VISTA,SP,11/2022,1070,689,"64,39",676,13,"98,11",381,"35,61",1,380,"35,51"
354960,SÃO JOSÉ DO BARREIRO,SP,07/2022,485,410,"84,54",387,23,"94,39",75,"15,46",11,64,"13,20"
354960,SÃO JOSÉ DO BARREIRO,SP,11/2022,454,387,"85,24",354,33,"91,47",67,"14,76",0,67,"14,76"
354960,SÃO JOSÉ DO BARREIRO,SP,09/2022,482,394,"81,74",388,6,"98,48",88,"18,26",5,83,"17,22"
354970,SÃO JOSÉ DO RIO PARDO,SP,11/2022,3317,2307,"69,55",2050,257,"88,86",1010,"30,45",145,865,"26,08"
354970,SÃO JOSÉ DO RIO PARDO,SP,09/2022,3475,2392,"68,83",2031,361,"84,91",1083,"31,17",195,888,"25,55"
354970,SÃO JOSÉ DO RIO PARDO,SP,07/2022,3357,79,"2,35",72,7,"91,14",3278,"97,65",2609,669,"19,93"
354980,SÃO JOSÉ DO RIO PRETO,SP,07/2022,16840,5915,"35,12",5209,706,"88,06",10925,"64,88",6735,4190,"24,88"
354980,SÃO JOSÉ DO RIO PRETO,SP,09/2022,18356,6921,"37,70",6036,885,"87,21",11435,"62,30",7171,4264,"23,23"
354980,SÃO JOSÉ DO RIO PRETO,SP,11/2022,18642,10965,"58,82",10126,839,"92,35",7677,"41,18",3556,4121,"22,11"
354990,SÃO JOSÉ DOS CAMPOS,SP,09/2022,40455,37095,"91,69",31045,6050,"83,69",3360,"8,31",377,2983,"7,37"
354990,SÃO JOSÉ DOS CAMPOS,SP,11/2022,39668,36944,"93,13",32979,3965,"89,27",2724,"6,87",276,2448,"6,17"
354990,SÃO JOSÉ DOS CAMPOS,SP,07/2022,36606,33259,"90,86",29350,3909,"88,25",3347,"9,14",440,2907,"7,94"
354995,SÃO LOURENÇO DA SERRA,SP,07/2022,1599,1055,"65,98",1054,1,"99,91",544,"34,02",184,360,"22,51"
354995,SÃO LOURENÇO DA SERRA,SP,09/2022,1654,17,"1,03",15,2,"88,24",1637,"98,97",1257,380,"22,97"
354995,SÃO LOURENÇO DA SERRA,SP,11/2022,1807,1377,"76,20",1365,12,"99,13",430,"23,80",70,360,"19,92"
355000,SÃO LUÍS DO PARAITINGA,SP,11/2022,754,686,"90,98",654,32,"95,34",68,"9,02",6,62,"8,22"
355000,SÃO LUÍS DO PARAITINGA,SP,09/2022,741,601,"81,11",524,77,"87,19",140,"18,89",80,60,"8,10"
355000,SÃO LUÍS DO PARAITINGA,SP,07/2022,743,675,"90,85",611,64,"90,52",68,"9,15",10,58,"7,81"
355010,SÃO MANUEL,SP,07/2022,1952,1555,"79,66",1317,238,"84,69",397,"20,34",18,379,"19,42"
355010,SÃO MANUEL,SP,11/2022,1976,1587,"80,31",1566,21,"98,68",389,"19,69",17,372,"18,83"
355010,SÃO MANUEL,SP,09/2022,1993,1326,"66,53",1116,210,"84,16",667,"33,47",260,407,"20,42"
355020,SÃO MIGUEL ARCANJO,SP,09/2022,2335,1328,"56,87",1068,260,"80,42",1007,"43,13",421,586,"25,10"
355020,SÃO MIGUEL ARCANJO,SP,11/2022,2263,1714,"75,74",1381,333,"80,57",549,"24,26",7,542,"23,95"
355020,SÃO MIGUEL ARCANJO,SP,07/2022,2357,1794,"76,11",1594,200,"88,85",563,"23,89",15,548,"23,25"
355030,SÃO PAULO,SP,07/2022,695815,566019,"81,35",505440,60579,"89,30",129796,"18,65",8187,121609,"17,48"
355030,SÃO PAULO,SP,09/2022,716024,598463,"83,58",509516,88947,"85,14",117561,"16,42",44168,73393,"10,25"
355030,SÃO PAULO,SP,11/2022,705355,571482,"81,02",486504,84978,"85,13",133873,"18,98",58855,75018,"10,64"
355040,SÃO PEDRO,SP,11/2022,2246,2022,"90,03",1793,229,"88,67",224,"9,97",26,198,"8,82"
355040,SÃO PEDRO,SP,09/2022,2296,2016,"87,80",1720,296,"85,32",280,"12,20",42,238,"10,37"
355040,SÃO PEDRO,SP,07/2022,2190,1965,"89,73",1651,314,"84,02",225,"10,27",88,137,"6,26"
355050,SÃO PEDRO DO TURVO,SP,07/2022,515,489,"94,95",451,38,"92,23",26,"5,05",10,16,"3,11"
355050,SÃO PEDRO DO TURVO,SP,09/2022,546,529,"96,89",473,56,"89,41",17,"3,11",11,6,"1,10"
355050,SÃO PEDRO DO TURVO,SP,11/2022,531,519,"97,74",479,40,"92,29",12,"2,26",6,6,"1,13"
355060,SÃO ROQUE,SP,11/2022,3978,3560,"89,49",3480,80,"97,75",418,"10,51",23,395,"9,93"
355060,SÃO ROQUE,SP,09/2022,3925,3100,"78,98",2525,575,"81,45",825,"21,02",430,395,"10,06"
355060,SÃO ROQUE,SP,07/2022,3760,3175,"84,44",2923,252,"92,06",585,"15,56",234,351,"9,34"
355070,SÃO SEBASTIÃO,SP,07/2022,5580,833,"14,93",821,12,"98,56",4747,"85,07",4198,549,"9,84"
355070,SÃO SEBASTIÃO,SP,09/2022,6272,3955,"63,06",3505,450,"88,62",2317,"36,94",1619,698,"11,13"
355070,SÃO SEBASTIÃO,SP,11/2022,6241,3654,"58,55",3405,249,"93,19",2587,"41,45",1810,777,"12,45"
355080,SÃO SEBASTIÃO DA GRAMA,SP,09/2022,393,346,"88,04",244,102,"70,52",47,"11,96",8,39,"9,92"
355080,SÃO SEBASTIÃO DA GRAMA,SP,11/2022,374,327,"87,43",257,70,"78,59",47,"12,57",8,39,"10,43"
355080,SÃO SEBASTIÃO DA GRAMA,SP,07/2022,380,339,"89,21",306,33,"90,27",41,"10,79",8,33,"8,68"
355090,SÃO SIMÃO,SP,07/2022,818,767,"93,77",657,110,"85,66",51,"6,23",9,42,"5,13"
355090,SÃO SIMÃO,SP,09/2022,883,819,"92,75",683,136,"83,39",64,"7,25",17,47,"5,32"
355090,SÃO SIMÃO,SP,11/2022,839,779,"92,85",636,143,"81,64",60,"7,15",9,51,"6,08"
355100,SÃO VICENTE,SP,09/2022,19731,13439,"68,11",11606,1833,"86,36",6292,"31,89",944,5348,"27,10"
355100,SÃO VICENTE,SP,11/2022,20056,14471,"72,15",13035,1436,"90,08",5585,"27,85",969,4616,"23,02"
355100,SÃO VICENTE,SP,07/2022,18758,12620,"67,28",11200,1420,"88,75",6138,"32,72",1073,5065,"27,00"
355110,SARAPUÍ,SP,07/2022,459,164,"35,73",150,14,"91,46",295,"64,27",204,91,"19,83"
355110,SARAPUÍ,SP,11/2022,456,345,"75,66",341,4,"98,84",111,"24,34",13,98,"21,49"
355110,SARAPUÍ,SP,09/2022,439,162,"36,90",148,14,"91,36",277,"63,10",186,91,"20,73"
355120,SARUTAIÁ,SP,09/2022,373,318,"85,25",314,4,"98,74",55,"14,75",4,51,"13,67"
355120,SARUTAIÁ,SP,11/2022,370,309,"83,51",309,0,"100,00",61,"16,49",9,52,"14,05"
355120,SARUTAIÁ,SP,07/2022,374,331,"88,50",331,0,"100,00",43,"11,50",3,40,"10,70"
355130,SEBASTIANÓPOLIS DO SUL,SP,07/2022,215,189,"87,91",178,11,"94,18",26,"12,09",3,23,"10,70"
355130,SEBASTIANÓPOLIS DO SUL,SP,09/2022,229,198,"86,46",181,17,"91,41",31,"13,54",5,26,"11,35"
355130,SEBASTIANÓPOLIS DO SUL,SP,11/2022,223,192,"86,10",180,12,"93,75",31,"13,90",6,25,"11,21"
355140,SERRA AZUL,SP,11/2022,1234,1190,"96,43",1189,1,"99,92",44,"3,57",5,39,"3,16"
355140,SERRA AZUL,SP,09/2022,1286,1212,"94,25",1061,151,"87,54",74,"5,75",35,39,"3,03"
355140,SERRA AZUL,SP,07/2022,1188,1128,"94,95",1079,49,"95,66",60,"5,05",24,36,"3,03"
355150,SERRANA,SP,07/2022,2986,2359,"79,00",2279,80,"96,61",627,"21,00",49,578,"19,36"
355150,SERRANA,SP,09/2022,3357,2669,"79,51",2282,387,"85,50",688,"20,49",39,649,"19,33"
355150,SERRANA,SP,11/2022,3324,2583,"77,71",2313,270,"89,55",741,"22,29",10,731,"21,99"
355160,SERRA NEGRA,SP,09/2022,1128,1032,"91,49",1006,26,"97,48",96,"8,51",34,62,"5,50"
355160,SERRA NEGRA,SP,11/2022,1094,1025,"93,69",1010,15,"98,54",69,"6,31",19,50,"4,57"
355160,SERRA NEGRA,SP,07/2022,1115,970,"87,00",943,27,"97,22",145,"13,00",26,119,"10,67"
355170,SERTÃOZINHO,SP,07/2022,6807,4736,"69,58",3917,819,"82,71",2071,"30,42",139,1932,"28,38"
355170,SERTÃOZINHO,SP,11/2022,7400,5605,"75,74",5043,562,"89,97",1795,"24,26",22,1773,"23,96"
355170,SERTÃOZINHO,SP,09/2022,7528,5434,"72,18",4635,799,"85,30",2094,"27,82",74,2020,"26,83"
355180,SETE BARRAS,SP,11/2022,1685,1242,"73,71",1176,66,"94,69",443,"26,29",8,435,"25,82"
355180,SETE BARRAS,SP,09/2022,1690,1214,"71,83",1153,61,"94,98",476,"28,17",9,467,"27,63"
355180,SETE BARRAS,SP,07/2022,1685,1156,"68,61",1044,112,"90,31",529,"31,39",73,456,"27,06"
355190,SEVERÍNIA,SP,07/2022,1127,942,"83,58",924,18,"98,09",185,"16,42",9,176,"15,62"
355190,SEVERÍNIA,SP,09/2022,1282,1060,"82,68",1043,17,"98,40",222,"17,32",18,204,"15,91"
355190,SEVERÍNIA,SP,11/2022,1239,1037,"83,70",1008,29,"97,20",202,"16,30",6,196,"15,82"
355200,SILVEIRAS,SP,09/2022,696,640,"91,95",570,70,"89,06",56,"8,05",17,39,"5,60"
355200,SILVEIRAS,SP,11/2022,615,578,"93,98",564,14,"97,58",37,"6,02",0,37,"6,02"
355200,SILVEIRAS,SP,07/2022,674,638,"94,66",473,165,"74,14",36,"5,34",6,30,"4,45"
355210,SOCORRO,SP,07/2022,1832,1589,"86,74",1380,209,"86,85",243,"13,26",37,206,"11,24"
355210,SOCORRO,SP,09/2022,1800,1456,"80,89",1282,174,"88,05",344,"19,11",191,153,"8,50"
355210,SOCORRO,SP,11/2022,1689,1501,"88,87",1411,90,"94,00",188,"11,13",61,127,"7,52"
355220,SOROCABA,SP,11/2022,30697,28768,"93,72",25269,3499,"87,84",1929,"6,28",161,1768,"5,76"
355220,SOROCABA,SP,09/2022,31353,26564,"84,73",22164,4400,"83,44",4789,"15,27",146,4643,"14,81"
355220,SOROCABA,SP,07/2022,28969,24217,"83,60",20361,3856,"84,08",4752,"16,40",131,4621,"15,95"
355230,SUD MENNUCCI,SP,07/2022,339,141,"41,59",101,40,"71,63",198,"58,41",73,125,"36,87"
355230,SUD MENNUCCI,SP,09/2022,390,257,"65,90",221,36,"85,99",133,"34,10",4,129,"33,08"
355230,SUD MENNUCCI,SP,11/2022,366,256,"69,95",225,31,"87,89",110,"30,05",2,108,"29,51"
355240,SUMARÉ,SP,09/2022,14940,7756,"51,91",7208,548,"92,93",7184,"48,09",3226,3958,"26,49"
355240,SUMARÉ,SP,11/2022,14861,10297,"69,29",9843,454,"95,59",4564,"30,71",719,3845,"25,87"
355240,SUMARÉ,SP,07/2022,13856,6905,"49,83",6603,302,"95,63",6951,"50,17",3224,3727,"26,90"
355250,SUZANO,SP,07/2022,23716,18559,"78,26",16440,2119,"88,58",5157,"21,74",2959,2198,"9,27"
355250,SUZANO,SP,11/2022,24844,23070,"92,86",20535,2535,"89,01",1774,"7,14",198,1576,"6,34"
355250,SUZANO,SP,09/2022,25566,21247,"83,11",18283,2964,"86,05",4319,"16,89",1934,2385,"9,33"
355255,SUZANÁPOLIS,SP,09/2022,187,138,"73,80",119,19,"86,23",49,"26,20",5,44,"23,53"
355255,SUZANÁPOLIS,SP,11/2022,170,130,"76,47",122,8,"93,85",40,"23,53",0,40,"23,53"
355255,SUZANÁPOLIS,SP,07/2022,178,78,"43,82",74,4,"94,87",100,"56,18",54,46,"25,84"
355260,TABAPUÃ,SP,07/2022,764,708,"92,67",706,2,"99,72",56,"7,33",5,51,"6,68"
355260,TABAPUÃ,SP,09/2022,852,782,"91,78",717,65,"91,69",70,"8,22",17,53,"6,22"
355260,TABAPUÃ,SP,11/2022,807,727,"90,09",695,32,"95,60",80,"9,91",8,72,"8,92"
355270,TABATINGA,SP,09/2022,853,809,"94,84",749,60,"92,58",44,"5,16",15,29,"3,40"
355270,TABATINGA,SP,11/2022,831,806,"96,99",710,96,"88,09",25,"3,01",2,23,"2,77"
355270,TABATINGA,SP,07/2022,814,757,"93,00",647,110,"85,47",57,"7,00",18,39,"4,79"
355280,TABOÃO DA SERRA,SP,07/2022,16078,7032,"43,74",5952,1080,"84,64",9046,"56,26",4408,4638,"28,85"
355280,TABOÃO DA SERRA,SP,11/2022,17659,9984,"56,54",8849,1135,"88,63",7675,"43,46",2836,4839,"27,40"
355280,TABOÃO DA SERRA,SP,09/2022,17555,8750,"49,84",7311,1439,"83,55",8805,"50,16",3865,4940,"28,14"
355290,TACIBA,SP,09/2022,520,160,"30,77",142,18,"88,75",360,"69,23",259,101,"19,42"
355290,TACIBA,SP,11/2022,537,395,"73,56",377,18,"95,44",142,"26,44",50,92,"17,13"
355290,TACIBA,SP,07/2022,485,136,"28,04",131,5,"96,32",349,"71,96",264,85,"17,53"
355300,TAGUAÍ,SP,07/2022,710,648,"91,27",507,141,"78,24",62,"8,73",5,57,"8,03"
355300,TAGUAÍ,SP,09/2022,780,728,"93,33",573,155,"78,71",52,"6,67",3,49,"6,28"
355300,TAGUAÍ,SP,11/2022,774,703,"90,83",605,98,"86,06",71,"9,17",7,64,"8,27"
355310,TAIAÇU,SP,09/2022,530,371,"70,00",265,106,"71,43",159,"30,00",46,113,"21,32"
355310,TAIAÇU,SP,11/2022,494,466,"94,33",357,109,"76,61",28,"5,67",5,23,"4,66"
355310,TAIAÇU,SP,07/2022,529,237,"44,80",186,51,"78,48",292,"55,20",109,183,"34,59"
355320,TAIÚVA,SP,07/2022,230,157,"68,26",134,23,"85,35",73,"31,74",7,66,"28,70"
355320,TAIÚVA,SP,09/2022,255,176,"69,02",163,13,"92,61",79,"30,98",5,74,"29,02"
355320,TAIÚVA,SP,11/2022,257,181,"70,43",155,26,"85,64",76,"29,57",2,74,"28,79"
355330,TAMBAÚ,SP,11/2022,1873,1437,"76,72",1437,0,"100,00",436,"23,28",10,426,"22,74"
355330,TAMBAÚ,SP,09/2022,1838,1383,"75,24",1382,1,"99,93",455,"24,76",37,418,"22,74"
355330,TAMBAÚ,SP,07/2022,1706,1313,"76,96",1313,0,"100,00",393,"23,04",22,371,"21,75"
355340,TANABI,SP,07/2022,2031,1789,"88,08",1538,251,"85,97",242,"11,92",34,208,"10,24"
355340,TANABI,SP,09/2022,2111,1933,"91,57",1650,283,"85,36",178,"8,43",30,148,"7,01"
355340,TANABI,SP,11/2022,1920,1764,"91,88",1693,71,"95,98",156,"8,13",12,144,"7,50"
355350,TAPIRAÍ,SP,11/2022,789,677,"85,80",629,48,"92,91",112,"14,20",6,106,"13,43"
355350,TAPIRAÍ,SP,09/2022,770,654,"84,94",562,92,"85,93",116,"15,06",10,106,"13,77"
355350,TAPIRAÍ,SP,07/2022,768,638,"83,07",595,43,"93,26",130,"16,93",15,115,"14,97"
355360,TAPIRATIBA,SP,07/2022,796,681,"85,55",677,4,"99,41",115,"14,45",11,104,"13,07"
355360,TAPIRATIBA,SP,11/2022,802,0,"0,00",0,0,,802,"100,00",698,104,"12,97"
355360,TAPIRATIBA,SP,09/2022,857,730,"85,18",729,1,"99,86",127,"14,82",11,116,"13,54"
355365,TAQUARAL,SP,11/2022,98,72,"73,47",71,1,"98,61",26,"26,53",0,26,"26,53"
355365,TAQUARAL,SP,09/2022,98,67,"68,37",64,3,"95,52",31,"31,63",1,30,"30,61"
355365,TAQUARAL,SP,07/2022,99,67,"67,68",63,4,"94,03",32,"32,32",2,30,"30,30"
355370,TAQUARITINGA,SP,07/2022,3833,3610,"94,18",3532,78,"97,84",223,"5,82",33,190,"4,96"
355370,TAQUARITINGA,SP,11/2022,3725,3487,"93,61",3318,169,"95,15",238,"6,39",4,234,"6,28"
355370,TAQUARITINGA,SP,09/2022,3958,3735,"94,37",3438,297,"92,05",223,"5,63",20,203,"5,13"
355380,TAQUARITUBA,SP,11/2022,1396,1171,"83,88",1094,77,"93,42",225,"16,12",35,190,"13,61"
355380,TAQUARITUBA,SP,09/2022,1374,1168,"85,01",1153,15,"98,72",206,"14,99",10,196,"14,26"
355380,TAQUARITUBA,SP,07/2022,1314,1118,"85,08",1118,0,"100,00",196,"14,92",1,195,"14,84"
355385,TAQUARIVAÍ,SP,07/2022,606,565,"93,23",498,67,"88,14",41,"6,77",9,32,"5,28"
355385,TAQUARIVAÍ,SP,09/2022,639,601,"94,05",481,120,"80,03",38,"5,95",7,31,"4,85"
355385,TAQUARIVAÍ,SP,11/2022,609,580,"95,24",521,59,"89,83",29,"4,76",1,28,"4,60"
355390,TARABAI,SP,11/2022,386,369,"95,60",338,31,"91,60",17,"4,40",16,1,"0,26"
355390,TARABAI,SP,09/2022,414,397,"95,89",329,68,"82,87",17,"4,11",15,2,"0,48"
355390,TARABAI,SP,07/2022,417,235,"56,35",231,4,"98,30",182,"43,65",108,74,"17,75"
355395,TARUMÃ,SP,07/2022,890,810,"91,01",766,44,"94,57",80,"8,99",9,71,"7,98"
355395,TARUMÃ,SP,09/2022,939,830,"88,39",731,99,"88,07",109,"11,61",33,76,"8,09"
355395,TARUMÃ,SP,11/2022,889,770,"86,61",674,96,"87,53",119,"13,39",45,74,"8,32"
355400,TATUÍ,SP,11/2022,6264,4357,"69,56",3732,625,"85,66",1907,"30,44",244,1663,"26,55"
355400,TATUÍ,SP,09/2022,6603,4550,"68,91",3645,905,"80,11",2053,"31,09",33,2020,"30,59"
355400,TATUÍ,SP,07/2022,6477,4265,"65,85",3843,422,"90,11",2212,"34,15",41,2171,"33,52"
355410,TAUBATÉ,SP,07/2022,12218,9252,"75,72",8501,751,"91,88",2966,"24,28",182,2784,"22,79"
355410,TAUBATÉ,SP,11/2022,12997,10285,"79,13",8697,1588,"84,56",2712,"20,87",51,2661,"20,47"
355410,TAUBATÉ,SP,09/2022,12476,7869,"63,07",6360,1509,"80,82",4607,"36,93",1703,2904,"23,28"
355420,TEJUPÁ,SP,11/2022,438,345,"78,77",301,44,"87,25",93,"21,23",9,84,"19,18"
355420,TEJUPÁ,SP,09/2022,432,336,"77,78",294,42,"87,50",96,"22,22",7,89,"20,60"
355420,TEJUPÁ,SP,07/2022,434,339,"78,11",309,30,"91,15",95,"21,89",2,93,"21,43"
355430,TEODORO SAMPAIO,SP,07/2022,2002,1391,"69,48",1259,132,"90,51",611,"30,52",27,584,"29,17"
355430,TEODORO SAMPAIO,SP,09/2022,1977,1821,"92,11",1526,295,"83,80",156,"7,89",45,111,"5,61"
355430,TEODORO SAMPAIO,SP,11/2022,1778,1639,"92,18",1492,147,"91,03",139,"7,82",17,122,"6,86"
355440,TERRA ROXA,SP,09/2022,296,247,"83,45",223,24,"90,28",49,"16,55",11,38,"12,84"
355440,TERRA ROXA,SP,11/2022,291,259,"89,00",233,26,"89,96",32,"11,00",0,32,"11,00"
355440,TERRA ROXA,SP,07/2022,289,221,"76,47",202,19,"91,40",68,"23,53",5,63,"21,80"
355450,TIETÊ,SP,07/2022,1532,755,"49,28",734,21,"97,22",777,"50,72",460,317,"20,69"
355450,TIETÊ,SP,09/2022,1633,191,"11,70",190,1,"99,48",1442,"88,30",1108,334,"20,45"
355450,TIETÊ,SP,11/2022,1700,1108,"65,18",1071,37,"96,66",592,"34,82",251,341,"20,06"
355460,TIMBURI,SP,09/2022,196,178,"90,82",165,13,"92,70",18,"9,18",2,16,"8,16"
355460,TIMBURI,SP,11/2022,199,198,"99,50",160,38,"80,81",1,"0,50",0,1,"0,50"
355460,TIMBURI,SP,07/2022,194,176,"90,72",151,25,"85,80",18,"9,28",1,17,"8,76"
355465,TORRE DE PEDRA,SP,07/2022,267,172,"64,42",172,0,"100,00",95,"35,58",0,95,"35,58"
355465,TORRE DE PEDRA,SP,09/2022,282,187,"66,31",164,23,"87,70",95,"33,69",0,95,"33,69"
355465,TORRE DE PEDRA,SP,11/2022,281,192,"68,33",175,17,"91,15",89,"31,67",1,88,"31,32"
355470,TORRINHA,SP,11/2022,501,405,"80,84",372,33,"91,85",96,"19,16",59,37,"7,39"
355470,TORRINHA,SP,09/2022,512,382,"74,61",302,80,"79,06",130,"25,39",8,122,"23,83"
355470,TORRINHA,SP,07/2022,470,339,"72,13",289,50,"85,25",131,"27,87",32,99,"21,06"
355475,TRABIJU,SP,07/2022,193,159,"82,38",159,0,"100,00",34,"17,62",6,28,"14,51"
355475,TRABIJU,SP,09/2022,194,168,"86,60",168,0,"100,00",26,"13,40",1,25,"12,89"
355475,TRABIJU,SP,11/2022,184,159,"86,41",159,0,"100,00",25,"13,59",3,22,"11,96"
355480,TREMEMBÉ,SP,11/2022,2940,2651,"90,17",2320,331,"87,51",289,"9,83",36,253,"8,61"
355480,TREMEMBÉ,SP,09/2022,3063,2338,"76,33",1781,557,"76,18",725,"23,67",468,257,"8,39"
355480,TREMEMBÉ,SP,07/2022,2948,2473,"83,89",1908,565,"77,15",475,"16,11",88,387,"13,13"
355490,TRÊS FRONTEIRAS,SP,07/2022,333,256,"76,88",240,16,"93,75",77,"23,12",2,75,"22,52"
355490,TRÊS FRONTEIRAS,SP,11/2022,318,231,"72,64",231,0,"100,00",87,"27,36",2,85,"26,73"
355490,TRÊS FRONTEIRAS,SP,09/2022,347,257,"74,06",257,0,"100,00",90,"25,94",6,84,"24,21"
355495,TUIUTI,SP,09/2022,411,347,"84,43",277,70,"79,83",64,"15,57",16,48,"11,68"
355495,TUIUTI,SP,11/2022,423,371,"87,71",331,40,"89,22",52,"12,29",0,52,"12,29"
355495,TUIUTI,SP,07/2022,380,320,"84,21",261,59,"81,56",60,"15,79",17,43,"11,32"
355500,TUPÃ,SP,07/2022,2892,2485,"85,93",2077,408,"83,58",407,"14,07",45,362,"12,52"
355500,TUPÃ,SP,09/2022,2944,2627,"89,23",2262,365,"86,11",317,"10,77",123,194,"6,59"
355500,TUPÃ,SP,11/2022,2918,2699,"92,49",2415,284,"89,48",219,"7,51",16,203,"6,96"
355510,TUPI PAULISTA,SP,09/2022,590,514,"87,12",489,25,"95,14",76,"12,88",7,69,"11,69"
355510,TUPI PAULISTA,SP,11/2022,584,515,"88,18",502,13,"97,48",69,"11,82",3,66,"11,30"
355510,TUPI PAULISTA,SP,07/2022,541,479,"88,54",454,25,"94,78",62,"11,46",4,58,"10,72"
355520,TURIÚBA,SP,07/2022,113,88,"77,88",56,32,"63,64",25,"22,12",5,20,"17,70"
355520,TURIÚBA,SP,11/2022,105,81,"77,14",77,4,"95,06",24,"22,86",3,21,"20,00"
355520,TURIÚBA,SP,09/2022,110,84,"76,36",60,24,"71,43",26,"23,64",3,23,"20,91"
355530,TURMALINA,SP,09/2022,84,46,"54,76",46,0,"100,00",38,"45,24",21,17,"20,24"
355530,TURMALINA,SP,11/2022,86,55,"63,95",54,1,"98,18",31,"36,05",12,19,"22,09"
355530,TURMALINA,SP,07/2022,74,0,"0,00",0,0,,74,"100,00",59,15,"20,27"
355535,UBARANA,SP,07/2022,338,297,"87,87",246,51,"82,83",41,"12,13",24,17,"5,03"
355535,UBARANA,SP,09/2022,357,329,"92,16",275,54,"83,59",28,"7,84",5,23,"6,44"
355535,UBARANA,SP,11/2022,337,299,"88,72",255,44,"85,28",38,"11,28",2,36,"10,68"
355540,UBATUBA,SP,09/2022,8256,4453,"53,94",3632,821,"81,56",3803,"46,06",141,3662,"44,36"
355540,UBATUBA,SP,11/2022,8426,4758,"56,47",4319,439,"90,77",3668,"43,53",36,3632,"43,10"
355540,UBATUBA,SP,07/2022,7607,3601,"47,34",3075,526,"85,39",4006,"52,66",468,3538,"46,51"
355550,UBIRAJARA,SP,07/2022,457,353,"77,24",353,0,"100,00",104,"22,76",1,103,"22,54"
355550,UBIRAJARA,SP,11/2022,516,422,"81,78",422,0,"100,00",94,"18,22",0,94,"18,22"
355550,UBIRAJARA,SP,09/2022,447,1,"0,22",0,1,"0,00",446,"99,78",340,106,"23,71"
355560,UCHOA,SP,11/2022,273,263,"96,34",234,29,"88,97",10,"3,66",4,6,"2,20"
355560,UCHOA,SP,09/2022,295,269,"91,19",234,35,"86,99",26,"8,81",14,12,"4,07"
355560,UCHOA,SP,07/2022,293,278,"94,88",247,31,"88,85",15,"5,12",5,10,"3,41"
355570,UNIÃO PAULISTA,SP,07/2022,88,62,"70,45",62,0,"100,00",26,"29,55",0,26,"29,55"
355570,UNIÃO PAULISTA,SP,09/2022,95,60,"63,16",51,9,"85,00",35,"36,84",11,24,"25,26"
355570,UNIÃO PAULISTA,SP,11/2022,101,61,"60,40",55,6,"90,16",40,"39,60",10,30,"29,70"
355580,URÂNIA,SP,11/2022,424,315,"74,29",283,32,"89,84",109,"25,71",20,89,"20,99"
355580,URÂNIA,SP,09/2022,448,251,"56,03",188,63,"74,90",197,"43,97",102,95,"21,21"
355580,URÂNIA,SP,07/2022,460,341,"74,13",310,31,"90,91",119,"25,87",27,92,"20,00"
355590,URU,SP,07/2022,86,0,"0,00",0,0,,86,"100,00",86,0,"0,00"
355590,URU,SP,09/2022,83,0,"0,00",0,0,,83,"100,00",82,1,"1,20"
355590,URU,SP,11/2022,113,107,"94,69",107,0,"100,00",6,"5,31",3,3,"2,65"
355600,URUPÊS,SP,11/2022,573,471,"82,20",420,51,"89,17",102,"17,80",1,101,"17,63"
355600,URUPÊS,SP,09/2022,634,512,"80,76",444,68,"86,72",122,"19,24",2,120,"18,93"
355600,URUPÊS,SP,07/2022,588,480,"81,63",380,100,"79,17",108,"18,37",2,106,"18,03"
355610,VALENTIM GENTIL,SP,07/2022,728,561,"77,06",546,15,"97,33",167,"22,94",3,164,"22,53"
355610,VALENTIM GENTIL,SP,09/2022,832,721,"86,66",703,18,"97,50",111,"13,34",12,99,"11,90"
355610,VALENTIM GENTIL,SP,11/2022,816,711,"87,13",709,2,"99,72",105,"12,87",3,102,"12,50"
355620,VALINHOS,SP,11/2022,2968,2624,"88,41",2451,173,"93,41",344,"11,59",33,311,"10,48"
355620,VALINHOS,SP,09/2022,2908,1709,"58,77",1512,197,"88,47",1199,"41,23",935,264,"9,08"
355620,VALINHOS,SP,07/2022,2857,2554,"89,39",2237,317,"87,59",303,"10,61",79,224,"7,84"
355630,VALPARAÍSO,SP,07/2022,1599,1363,"85,24",1314,49,"96,40",236,"14,76",18,218,"13,63"
355630,VALPARAÍSO,SP,11/2022,1635,1045,"63,91",1041,4,"99,62",590,"36,09",342,248,"15,17"
355630,VALPARAÍSO,SP,09/2022,1643,743,"45,22",668,75,"89,91",900,"54,78",618,282,"17,16"
355635,VARGEM,SP,11/2022,479,318,"66,39",299,19,"94,03",161,"33,61",49,112,"23,38"
355635,VARGEM,SP,09/2022,509,372,"73,08",311,61,"83,60",137,"26,92",5,132,"25,93"
355635,VARGEM,SP,07/2022,478,282,"59,00",280,2,"99,29",196,"41,00",65,131,"27,41"
355640,VARGEM GRANDE DO SUL,SP,07/2022,1786,1429,"80,01",1196,233,"83,69",357,"19,99",197,160,"8,96"
355640,VARGEM GRANDE DO SUL,SP,09/2022,1782,1546,"86,76",1343,203,"86,87",236,"13,24",85,151,"8,47"
355640,VARGEM GRANDE DO SUL,SP,11/2022,1738,1336,"76,87",1192,144,"89,22",402,"23,13",267,135,"7,77"
355645,VARGEM GRANDE PAULISTA,SP,09/2022,2831,2007,"70,89",1607,400,"80,07",824,"29,11",12,812,"28,68"
355645,VARGEM GRANDE PAULISTA,SP,11/2022,2590,1825,"70,46",1640,185,"89,86",765,"29,54",11,754,"29,11"
355645,VARGEM GRANDE PAULISTA,SP,07/2022,2742,1735,"63,27",1363,372,"78,56",1007,"36,73",189,818,"29,83"
355650,VÁRZEA PAULISTA,SP,07/2022,4177,2298,"55,02",2139,159,"93,08",1879,"44,98",503,1376,"32,94"
355650,VÁRZEA PAULISTA,SP,11/2022,4497,2738,"60,89",2580,158,"94,23",1759,"39,11",442,1317,"29,29"
355650,VÁRZEA PAULISTA,SP,09/2022,4393,2448,"55,73",2229,219,"91,05",1945,"44,27",540,1405,"31,98"
355660,VERA CRUZ,SP,09/2022,493,463,"93,91",342,121,"73,87",30,"6,09",9,21,"4,26"
355660,VERA CRUZ,SP,11/2022,446,420,"94,17",375,45,"89,29",26,"5,83",1,25,"5,61"
355660,VERA CRUZ,SP,07/2022,505,297,"58,81",272,25,"91,58",208,"41,19",95,113,"22,38"
355670,VINHEDO,SP,07/2022,1852,1037,"55,99",946,91,"91,22",815,"44,01",12,803,"43,36"
355670,VINHEDO,SP,11/2022,2070,1550,"74,88",1438,112,"92,77",520,"25,12",18,502,"24,25"
355670,VINHEDO,SP,09/2022,2075,1272,"61,30",1119,153,"87,97",803,"38,70",42,761,"36,67"
355680,VIRADOURO,SP,09/2022,778,614,"78,92",541,73,"88,11",164,"21,08",10,154,"19,79"
355680,VIRADOURO,SP,11/2022,800,641,"80,13",583,58,"90,95",159,"19,88",14,145,"18,13"
355680,VIRADOURO,SP,07/2022,758,590,"77,84",452,138,"76,61",168,"22,16",14,154,"20,32"
355690,VISTA ALEGRE DO ALTO,SP,07/2022,310,250,"80,65",247,3,"98,80",60,"19,35",0,60,"19,35"
355690,VISTA ALEGRE DO ALTO,SP,11/2022,330,268,"81,21",268,0,"100,00",62,"18,79",1,61,"18,48"
355690,VISTA ALEGRE DO ALTO,SP,09/2022,322,255,"79,19",245,10,"96,08",67,"20,81",8,59,"18,32"
355695,VITÓRIA BRASIL,SP,09/2022,58,0,"0,00",0,0,,58,"100,00",53,5,"8,62"
355695,VITÓRIA BRASIL,SP,11/2022,88,83,"94,32",81,2,"97,59",5,"5,68",0,5,"5,68"
355695,VITÓRIA BRASIL,SP,07/2022,74,69,"93,24",69,0,"100,00",5,"6,76",0,5,"6,76"
355700,VOTORANTIM,SP,07/2022,5587,3991,"71,43",3544,447,"88,80",1596,"28,57",35,1561,"27,94"
355700,VOTORANTIM,SP,09/2022,5860,4111,"70,15",3453,658,"83,99",1749,"29,85",37,1712,"29,22"
355700,VOTORANTIM,SP,11/2022,5554,3881,"69,88",3265,616,"84,13",1673,"30,12",32,1641,"29,55"
355710,VOTUPORANGA,SP,09/2022,4270,3387,"79,32",2940,447,"86,80",883,"20,68",46,837,"19,60"
355710,VOTUPORANGA,SP,11/2022,4083,3223,"78,94",2882,341,"89,42",860,"21,06",40,820,"20,08"
355710,VOTUPORANGA,SP,07/2022,3800,3021,"79,50",2663,358,"88,15",779,"20,50",45,734,"19,32"
355715,ZACARIAS,SP,07/2022,132,99,"75,00",75,24,"75,76",33,"25,00",8,25,"18,94"
355715,ZACARIAS,SP,11/2022,131,103,"78,63",103,0,"100,00",28,"21,37",5,23,"17,56"
355715,ZACARIAS,SP,09/2022,128,103,"80,47",82,21,"79,61",25,"19,53",3,22,"17,19"
355720,CHAVANTES,SP,11/2022,1024,791,"77,25",703,88,"88,87",233,"22,75",21,212,"20,70"
355720,CHAVANTES,SP,09/2022,1035,789,"76,23",789,0,"100,00",246,"23,77",23,223,"21,55"
355720,CHAVANTES,SP,07/2022,984,740,"75,20",696,44,"94,05",244,"24,80",28,216,"21,95"
355730,ESTIVA GERBI,SP,07/2022,532,249,"46,80",249,0,"100,00",283,"53,20",180,103,"19,36"
355730,ESTIVA GERBI,SP,11/2022,659,546,"82,85",546,0,"100,00",113,"17,15",2,111,"16,84"
355730,ESTIVA GERBI,SP,09/2022,607,289,"47,61",289,0,"100,00",318,"52,39",207,111,"18,29"
170025,ABREULÂNDIA,TO,09/2022,337,268,"79,53",234,34,"87,31",69,"20,47",6,63,"18,69"
170025,ABREULÂNDIA,TO,07/2022,346,267,"77,17",233,34,"87,27",79,"22,83",0,79,"22,83"
170025,ABREULÂNDIA,TO,11/2022,326,269,"82,52",250,19,"92,94",57,"17,48",0,57,"17,48"
170030,AGUIARNÓPOLIS,TO,11/2022,819,528,"64,47",523,5,"99,05",291,"35,53",21,270,"32,97"
170030,AGUIARNÓPOLIS,TO,07/2022,825,545,"66,06",539,6,"98,90",280,"33,94",33,247,"29,94"
170030,AGUIARNÓPOLIS,TO,09/2022,808,520,"64,36",517,3,"99,42",288,"35,64",22,266,"32,92"
170035,ALIANÇA DO TOCANTINS,TO,07/2022,832,392,"47,12",344,48,"87,76",440,"52,88",166,274,"32,93"
170035,ALIANÇA DO TOCANTINS,TO,09/2022,799,504,"63,08",418,86,"82,94",295,"36,92",133,162,"20,28"
170035,ALIANÇA DO TOCANTINS,TO,11/2022,703,433,"61,59",429,4,"99,08",270,"38,41",141,129,"18,35"
170040,ALMAS,TO,11/2022,1365,1209,"88,57",1172,37,"96,94",156,"11,43",5,151,"11,06"
170040,ALMAS,TO,09/2022,1477,1055,"71,43",957,98,"90,71",422,"28,57",11,411,"27,83"
170040,ALMAS,TO,07/2022,1502,1021,"67,98",977,44,"95,69",481,"32,02",50,431,"28,70"
170070,ALVORADA,TO,07/2022,1014,812,"80,08",762,50,"93,84",202,"19,92",19,183,"18,05"
170070,ALVORADA,TO,09/2022,1059,832,"78,56",761,71,"91,47",227,"21,44",18,209,"19,74"
170070,ALVORADA,TO,11/2022,1036,827,"79,83",805,22,"97,34",209,"20,17",2,207,"19,98"
170100,ANANÁS,TO,11/2022,1690,1467,"86,80",1402,65,"95,57",223,"13,20",8,215,"12,72"
170100,ANANÁS,TO,09/2022,1816,1411,"77,70",1370,41,"97,09",405,"22,30",82,323,"17,79"
170100,ANANÁS,TO,07/2022,1886,1407,"74,60",1279,128,"90,90",479,"25,40",61,418,"22,16"
170105,ANGICO,TO,07/2022,371,333,"89,76",333,0,"100,00",38,"10,24",9,29,"7,82"
170105,ANGICO,TO,09/2022,353,331,"93,77",331,0,"100,00",22,"6,23",7,15,"4,25"
170105,ANGICO,TO,11/2022,357,337,"94,40",337,0,"100,00",20,"5,60",4,16,"4,48"
170110,APARECIDA DO RIO NEGRO,TO,11/2022,763,536,"70,25",536,0,"100,00",227,"29,75",3,224,"29,36"
170110,APARECIDA DO RIO NEGRO,TO,09/2022,760,527,"69,34",526,1,"99,81",233,"30,66",6,227,"29,87"
170110,APARECIDA DO RIO NEGRO,TO,07/2022,742,536,"72,24",534,2,"99,63",206,"27,76",7,199,"26,82"
170130,ARAGOMINAS,TO,07/2022,897,737,"82,16",672,65,"91,18",160,"17,84",45,115,"12,82"
170130,ARAGOMINAS,TO,09/2022,880,730,"82,95",655,75,"89,73",150,"17,05",12,138,"15,68"
170130,ARAGOMINAS,TO,11/2022,856,715,"83,53",672,43,"93,99",141,"16,47",24,117,"13,67"
170190,ARAGUACEMA,TO,11/2022,893,749,"83,87",725,24,"96,80",144,"16,13",9,135,"15,12"
170190,ARAGUACEMA,TO,07/2022,978,669,"68,40",619,50,"92,53",309,"31,60",113,196,"20,04"
170190,ARAGUACEMA,TO,09/2022,970,813,"83,81",720,93,"88,56",157,"16,19",17,140,"14,43"
170200,ARAGUAÇU,TO,07/2022,833,576,"69,15",572,4,"99,31",257,"30,85",15,242,"29,05"
170200,ARAGUAÇU,TO,09/2022,819,526,"64,22",508,18,"96,58",293,"35,78",24,269,"32,84"
170200,ARAGUAÇU,TO,11/2022,836,579,"69,26",576,3,"99,48",257,"30,74",12,245,"29,31"
170210,ARAGUAÍNA,TO,11/2022,16118,14462,"89,73",14138,324,"97,76",1656,"10,27",69,1587,"9,85"
170210,ARAGUAÍNA,TO,09/2022,16370,14611,"89,25",14243,368,"97,48",1759,"10,75",82,1677,"10,24"
170210,ARAGUAÍNA,TO,07/2022,16660,14064,"84,42",13657,407,"97,11",2596,"15,58",527,2069,"12,42"
170215,ARAGUANÃ,TO,07/2022,905,671,"74,14",654,17,"97,47",234,"25,86",49,185,"20,44"
170215,ARAGUANÃ,TO,09/2022,879,725,"82,48",682,43,"94,07",154,"17,52",43,111,"12,63"
170215,ARAGUANÃ,TO,11/2022,856,721,"84,23",692,29,"95,98",135,"15,77",27,108,"12,62"
170220,ARAGUATINS,TO,11/2022,5072,3568,"70,35",3466,102,"97,14",1504,"29,65",199,1305,"25,73"
170220,ARAGUATINS,TO,07/2022,5224,3687,"70,58",3558,129,"96,50",1537,"29,42",311,1226,"23,47"
170220,ARAGUATINS,TO,09/2022,5268,3833,"72,76",3694,139,"96,37",1435,"27,24",184,1251,"23,75"
170230,ARAPOEMA,TO,09/2022,737,498,"67,57",495,3,"99,40",239,"32,43",39,200,"27,14"
170230,ARAPOEMA,TO,07/2022,710,195,"27,46",195,0,"100,00",515,"72,54",132,383,"53,94"
170230,ARAPOEMA,TO,11/2022,750,559,"74,53",525,34,"93,92",191,"25,47",3,188,"25,07"
170240,ARRAIAS,TO,11/2022,1974,1347,"68,24",1307,40,"97,03",627,"31,76",14,613,"31,05"
170240,ARRAIAS,TO,07/2022,1977,1425,"72,08",1331,94,"93,40",552,"27,92",21,531,"26,86"
170240,ARRAIAS,TO,09/2022,2020,1410,"69,80",1324,86,"93,90",610,"30,20",17,593,"29,36"
170255,AUGUSTINÓPOLIS,TO,09/2022,2682,2080,"77,55",2005,75,"96,39",602,"22,45",193,409,"15,25"
170255,AUGUSTINÓPOLIS,TO,07/2022,2648,1377,"52,00",1375,2,"99,85",1271,"48,00",748,523,"19,75"
170255,AUGUSTINÓPOLIS,TO,11/2022,2655,2137,"80,49",2105,32,"98,50",518,"19,51",8,510,"19,21"
170270,AURORA DO TOCANTINS,TO,11/2022,393,334,"84,99",308,26,"92,22",59,"15,01",1,58,"14,76"
170270,AURORA DO TOCANTINS,TO,09/2022,427,357,"83,61",319,38,"89,36",70,"16,39",8,62,"14,52"
170270,AURORA DO TOCANTINS,TO,07/2022,426,366,"85,92",341,25,"93,17",60,"14,08",3,57,"13,38"
170290,AXIXÁ DO TOCANTINS,TO,09/2022,2888,1857,"64,30",1835,22,"98,82",1031,"35,70",123,908,"31,44"
170290,AXIXÁ DO TOCANTINS,TO,07/2022,2845,1823,"64,08",1823,0,"100,00",1022,"35,92",205,817,"28,72"
170290,AXIXÁ DO TOCANTINS,TO,11/2022,2848,1989,"69,84",1978,11,"99,45",859,"30,16",103,756,"26,54"
170300,BABAÇULÂNDIA,TO,11/2022,1418,1152,"81,24",1109,43,"96,27",266,"18,76",0,266,"18,76"
170300,BABAÇULÂNDIA,TO,07/2022,1497,1220,"81,50",1207,13,"98,93",277,"18,50",41,236,"15,76"
170300,BABAÇULÂNDIA,TO,09/2022,1498,1200,"80,11",1159,41,"96,58",298,"19,89",4,294,"19,63"
170305,BANDEIRANTES DO TOCANTINS,TO,09/2022,434,215,"49,54",214,1,"99,53",219,"50,46",8,211,"48,62"
170305,BANDEIRANTES DO TOCANTINS,TO,07/2022,422,211,"50,00",210,1,"99,53",211,"50,00",9,202,"47,87"
170305,BANDEIRANTES DO TOCANTINS,TO,11/2022,422,265,"62,80",260,5,"98,11",157,"37,20",12,145,"34,36"
170307,BARRA DO OURO,TO,11/2022,891,761,"85,41",669,92,"87,91",130,"14,59",38,92,"10,33"
170307,BARRA DO OURO,TO,09/2022,941,706,"75,03",619,87,"87,68",235,"24,97",12,223,"23,70"
170307,BARRA DO OURO,TO,07/2022,909,509,"56,00",440,69,"86,44",400,"44,00",164,236,"25,96"
170310,BARROLÂNDIA,TO,07/2022,853,550,"64,48",522,28,"94,91",303,"35,52",17,286,"33,53"
170310,BARROLÂNDIA,TO,09/2022,820,545,"66,46",541,4,"99,27",275,"33,54",7,268,"32,68"
170310,BARROLÂNDIA,TO,11/2022,791,593,"74,97",585,8,"98,65",198,"25,03",2,196,"24,78"
170320,BERNARDO SAYÃO,TO,11/2022,603,472,"78,28",464,8,"98,31",131,"21,72",55,76,"12,60"
170320,BERNARDO SAYÃO,TO,07/2022,625,525,"84,00",505,20,"96,19",100,"16,00",20,80,"12,80"
170320,BERNARDO SAYÃO,TO,09/2022,620,532,"85,81",500,32,"93,98",88,"14,19",13,75,"12,10"
170330,BOM JESUS DO TOCANTINS,TO,09/2022,921,749,"81,32",655,94,"87,45",172,"18,68",2,170,"18,46"
170330,BOM JESUS DO TOCANTINS,TO,07/2022,839,642,"76,52",577,65,"89,88",197,"23,48",6,191,"22,77"
170330,BOM JESUS DO TOCANTINS,TO,11/2022,848,664,"78,30",620,44,"93,37",184,"21,70",3,181,"21,34"
170360,BRASILÂNDIA DO TOCANTINS,TO,11/2022,294,139,"47,28",126,13,"90,65",155,"52,72",104,51,"17,35"
170360,BRASILÂNDIA DO TOCANTINS,TO,09/2022,311,246,"79,10",226,20,"91,87",65,"20,90",15,50,"16,08"
170360,BRASILÂNDIA DO TOCANTINS,TO,07/2022,304,250,"82,24",232,18,"92,80",54,"17,76",13,41,"13,49"
170370,BREJINHO DE NAZARÉ,TO,09/2022,711,559,"78,62",547,12,"97,85",152,"21,38",10,142,"19,97"
170370,BREJINHO DE NAZARÉ,TO,07/2022,737,536,"72,73",536,0,"100,00",201,"27,27",3,198,"26,87"
170370,BREJINHO DE NAZARÉ,TO,11/2022,708,557,"78,67",542,15,"97,31",151,"21,33",2,149,"21,05"
170380,BURITI DO TOCANTINS,TO,11/2022,1389,1164,"83,80",1146,18,"98,45",225,"16,20",3,222,"15,98"
170380,BURITI DO TOCANTINS,TO,07/2022,1459,1188,"81,43",1157,31,"97,39",271,"18,57",4,267,"18,30"
170380,BURITI DO TOCANTINS,TO,09/2022,1425,1172,"82,25",1125,47,"95,99",253,"17,75",3,250,"17,54"
170382,CACHOEIRINHA,TO,07/2022,388,247,"63,66",230,17,"93,12",141,"36,34",11,130,"33,51"
170382,CACHOEIRINHA,TO,09/2022,378,254,"67,20",237,17,"93,31",124,"32,80",0,124,"32,80"
170382,CACHOEIRINHA,TO,11/2022,358,226,"63,13",221,5,"97,79",132,"36,87",12,120,"33,52"
170384,CAMPOS LINDOS,TO,11/2022,1707,1548,"90,69",1525,23,"98,51",159,"9,31",3,156,"9,14"
170384,CAMPOS LINDOS,TO,09/2022,1756,1594,"90,77",1590,4,"99,75",162,"9,23",4,158,"9,00"
170384,CAMPOS LINDOS,TO,07/2022,1749,1583,"90,51",1547,36,"97,73",166,"9,49",12,154,"8,81"
170386,CARIRI DO TOCANTINS,TO,09/2022,370,327,"88,38",310,17,"94,80",43,"11,62",10,33,"8,92"
170386,CARIRI DO TOCANTINS,TO,07/2022,377,332,"88,06",315,17,"94,88",45,"11,94",7,38,"10,08"
170386,CARIRI DO TOCANTINS,TO,11/2022,356,310,"87,08",294,16,"94,84",46,"12,92",6,40,"11,24"
170388,CARMOLÂNDIA,TO,11/2022,390,261,"66,92",259,2,"99,23",129,"33,08",1,128,"32,82"
170388,CARMOLÂNDIA,TO,09/2022,400,259,"64,75",240,19,"92,66",141,"35,25",12,129,"32,25"
170388,CARMOLÂNDIA,TO,07/2022,384,258,"67,19",243,15,"94,19",126,"32,81",4,122,"31,77"
170389,CARRASCO BONITO,TO,07/2022,760,570,"75,00",515,55,"90,35",190,"25,00",39,151,"19,87"
170389,CARRASCO BONITO,TO,09/2022,720,506,"70,28",497,9,"98,22",214,"29,72",22,192,"26,67"
170389,CARRASCO BONITO,TO,11/2022,645,493,"76,43",487,6,"98,78",152,"23,57",1,151,"23,41"
170390,CASEARA,TO,11/2022,1091,621,"56,92",621,0,"100,00",470,"43,08",20,450,"41,25"
170390,CASEARA,TO,09/2022,1113,622,"55,88",601,21,"96,62",491,"44,12",24,467,"41,96"
170390,CASEARA,TO,07/2022,1094,641,"58,59",641,0,"100,00",453,"41,41",20,433,"39,58"
170410,CENTENÁRIO,TO,09/2022,328,285,"86,89",254,31,"89,12",43,"13,11",2,41,"12,50"
170410,CENTENÁRIO,TO,07/2022,330,252,"76,36",228,24,"90,48",78,"23,64",46,32,"9,70"
170410,CENTENÁRIO,TO,11/2022,296,260,"87,84",231,29,"88,85",36,"12,16",2,34,"11,49"
170460,CHAPADA DE AREIA,TO,11/2022,254,170,"66,93",166,4,"97,65",84,"33,07",4,80,"31,50"
170460,CHAPADA DE AREIA,TO,09/2022,283,180,"63,60",163,17,"90,56",103,"36,40",2,101,"35,69"
170460,CHAPADA DE AREIA,TO,07/2022,286,199,"69,58",182,17,"91,46",87,"30,42",2,85,"29,72"
170510,CHAPADA DA NATIVIDADE,TO,07/2022,575,488,"84,87",457,31,"93,65",87,"15,13",6,81,"14,09"
170510,CHAPADA DA NATIVIDADE,TO,09/2022,571,491,"85,99",441,50,"89,82",80,"14,01",4,76,"13,31"
170510,CHAPADA DA NATIVIDADE,TO,11/2022,542,466,"85,98",450,16,"96,57",76,"14,02",6,70,"12,92"
170550,COLINAS DO TOCANTINS,TO,11/2022,4155,1844,"44,38",1815,29,"98,43",2311,"55,62",581,1730,"41,64"
170550,COLINAS DO TOCANTINS,TO,09/2022,4114,1653,"40,18",1637,16,"99,03",2461,"59,82",883,1578,"38,36"
170550,COLINAS DO TOCANTINS,TO,07/2022,4065,1270,"31,24",1251,19,"98,50",2795,"68,76",1270,1525,"37,52"
170555,COMBINADO,TO,09/2022,738,627,"84,96",560,67,"89,31",111,"15,04",16,95,"12,87"
170555,COMBINADO,TO,07/2022,745,612,"82,15",565,47,"92,32",133,"17,85",62,71,"9,53"
170555,COMBINADO,TO,11/2022,696,611,"87,79",573,38,"93,78",85,"12,21",7,78,"11,21"
170560,CONCEIÇÃO DO TOCANTINS,TO,11/2022,747,540,"72,29",523,17,"96,85",207,"27,71",24,183,"24,50"
170560,CONCEIÇÃO DO TOCANTINS,TO,09/2022,797,552,"69,26",526,26,"95,29",245,"30,74",45,200,"25,09"
170560,CONCEIÇÃO DO TOCANTINS,TO,07/2022,799,567,"70,96",562,5,"99,12",232,"29,04",38,194,"24,28"
170600,COUTO DE MAGALHÃES,TO,07/2022,936,524,"55,98",524,0,"100,00",412,"44,02",50,362,"38,68"
170600,COUTO DE MAGALHÃES,TO,09/2022,928,463,"49,89",441,22,"95,25",465,"50,11",103,362,"39,01"
170600,COUTO DE MAGALHÃES,TO,11/2022,918,434,"47,28",434,0,"100,00",484,"52,72",129,355,"38,67"
170610,CRISTALÂNDIA,TO,11/2022,943,625,"66,28",578,47,"92,48",318,"33,72",15,303,"32,13"
170610,CRISTALÂNDIA,TO,09/2022,954,530,"55,56",477,53,"90,00",424,"44,44",17,407,"42,66"
170610,CRISTALÂNDIA,TO,07/2022,959,411,"42,86",410,1,"99,76",548,"57,14",231,317,"33,06"
170625,CRIXÁS DO TOCANTINS,TO,07/2022,148,103,"69,59",101,2,"98,06",45,"30,41",7,38,"25,68"
170625,CRIXÁS DO TOCANTINS,TO,09/2022,148,129,"87,16",109,20,"84,50",19,"12,84",7,12,"8,11"
170625,CRIXÁS DO TOCANTINS,TO,11/2022,143,113,"79,02",106,7,"93,81",30,"20,98",5,25,"17,48"
170650,DARCINÓPOLIS,TO,11/2022,1068,725,"67,88",725,0,"100,00",343,"32,12",3,340,"31,84"
170650,DARCINÓPOLIS,TO,09/2022,1060,697,"65,75",695,2,"99,71",363,"34,25",2,361,"34,06"
170650,DARCINÓPOLIS,TO,07/2022,1058,740,"69,94",740,0,"100,00",318,"30,06",6,312,"29,49"
170700,DIANÓPOLIS,TO,09/2022,2464,2131,"86,49",2075,56,"97,37",333,"13,51",23,310,"12,58"
170700,DIANÓPOLIS,TO,07/2022,2533,1979,"78,13",1979,0,"100,00",554,"21,87",14,540,"21,32"
170700,DIANÓPOLIS,TO,11/2022,2458,2068,"84,13",2014,54,"97,39",390,"15,87",7,383,"15,58"
170710,DIVINÓPOLIS DO TOCANTINS,TO,11/2022,969,634,"65,43",633,1,"99,84",335,"34,57",5,330,"34,06"
170710,DIVINÓPOLIS DO TOCANTINS,TO,07/2022,1008,667,"66,17",664,3,"99,55",341,"33,83",17,324,"32,14"
170710,DIVINÓPOLIS DO TOCANTINS,TO,09/2022,1005,647,"64,38",594,53,"91,81",358,"35,62",6,352,"35,02"
170720,DOIS IRMÃOS DO TOCANTINS,TO,09/2022,966,932,"96,48",905,27,"97,10",34,"3,52",6,28,"2,90"
170720,DOIS IRMÃOS DO TOCANTINS,TO,07/2022,982,922,"93,89",921,1,"99,89",60,"6,11",7,53,"5,40"
170720,DOIS IRMÃOS DO TOCANTINS,TO,11/2022,942,915,"97,13",889,26,"97,16",27,"2,87",5,22,"2,34"
170730,DUERÉ,TO,11/2022,655,462,"70,53",452,10,"97,84",193,"29,47",25,168,"25,65"
170730,DUERÉ,TO,09/2022,663,485,"73,15",466,19,"96,08",178,"26,85",18,160,"24,13"
170730,DUERÉ,TO,07/2022,667,499,"74,81",479,20,"95,99",168,"25,19",10,158,"23,69"
170740,ESPERANTINA,TO,07/2022,2126,1670,"78,55",1515,155,"90,72",456,"21,45",182,274,"12,89"
170740,ESPERANTINA,TO,09/2022,2076,1705,"82,13",1542,163,"90,44",371,"17,87",130,241,"11,61"
170740,ESPERANTINA,TO,11/2022,1995,1605,"80,45",1553,52,"96,76",390,"19,55",130,260,"13,03"
170755,FÁTIMA,TO,11/2022,454,408,"89,87",406,2,"99,51",46,"10,13",16,30,"6,61"
170755,FÁTIMA,TO,09/2022,464,409,"88,15",382,27,"93,40",55,"11,85",28,27,"5,82"
170755,FÁTIMA,TO,07/2022,470,388,"82,55",368,20,"94,85",82,"17,45",32,50,"10,64"
170765,FIGUEIRÓPOLIS,TO,07/2022,629,258,"41,02",239,19,"92,64",371,"58,98",211,160,"25,44"
170765,FIGUEIRÓPOLIS,TO,09/2022,634,197,"31,07",154,43,"78,17",437,"68,93",290,147,"23,19"
170765,FIGUEIRÓPOLIS,TO,11/2022,617,498,"80,71",486,12,"97,59",119,"19,29",4,115,"18,64"
170770,FILADÉLFIA,TO,11/2022,1563,1232,"78,82",1232,0,"100,00",331,"21,18",5,326,"20,86"
170770,FILADÉLFIA,TO,07/2022,1520,1198,"78,82",1198,0,"100,00",322,"21,18",5,317,"20,86"
170770,FILADÉLFIA,TO,09/2022,1554,1223,"78,70",1208,15,"98,77",331,"21,30",7,324,"20,85"
170820,FORMOSO DO ARAGUAIA,TO,09/2022,2838,2002,"70,54",1969,33,"98,35",836,"29,46",38,798,"28,12"
170820,FORMOSO DO ARAGUAIA,TO,07/2022,2829,1873,"66,21",1857,16,"99,15",956,"33,79",109,847,"29,94"
170820,FORMOSO DO ARAGUAIA,TO,11/2022,2809,1865,"66,39",1859,6,"99,68",944,"33,61",37,907,"32,29"
170825,FORTALEZA DO TABOCÃO,TO,11/2022,599,432,"72,12",428,4,"99,07",167,"27,88",22,145,"24,21"
170825,FORTALEZA DO TABOCÃO,TO,09/2022,626,468,"74,76",460,8,"98,29",158,"25,24",22,136,"21,73"
170825,FORTALEZA DO TABOCÃO,TO,07/2022,593,421,"70,99",421,0,"100,00",172,"29,01",23,149,"25,13"
170830,GOIANORTE,TO,09/2022,779,417,"53,53",411,6,"98,56",362,"46,47",45,317,"40,69"
170830,GOIANORTE,TO,07/2022,794,400,"50,38",400,0,"100,00",394,"49,62",132,262,"33,00"
170830,GOIANORTE,TO,11/2022,780,592,"75,90",587,5,"99,16",188,"24,10",9,179,"22,95"
170900,GOIATINS,TO,11/2022,3082,2510,"81,44",2493,17,"99,32",572,"18,56",36,536,"17,39"
170900,GOIATINS,TO,07/2022,3195,2591,"81,10",2540,51,"98,03",604,"18,90",61,543,"17,00"
170900,GOIATINS,TO,09/2022,3104,2610,"84,09",2576,34,"98,70",494,"15,91",42,452,"14,56"
170930,GUARAÍ,TO,07/2022,2416,1931,"79,93",1931,0,"100,00",485,"20,07",130,355,"14,69"
170930,GUARAÍ,TO,09/2022,2455,1961,"79,88",1961,0,"100,00",494,"20,12",131,363,"14,79"
170930,GUARAÍ,TO,11/2022,2546,2102,"82,56",2102,0,"100,00",444,"17,44",59,385,"15,12"
170950,GURUPI,TO,11/2022,5644,3930,"69,63",3617,313,"92,04",1714,"30,37",58,1656,"29,34"
170950,GURUPI,TO,07/2022,5663,3935,"69,49",3652,283,"92,81",1728,"30,51",67,1661,"29,33"
170950,GURUPI,TO,09/2022,5764,3989,"69,21",3631,358,"91,03",1775,"30,79",35,1740,"30,19"
170980,IPUEIRAS,TO,09/2022,233,160,"68,67",141,19,"88,13",73,"31,33",5,68,"29,18"
170980,IPUEIRAS,TO,07/2022,247,138,"55,87",127,11,"92,03",109,"44,13",10,99,"40,08"
170980,IPUEIRAS,TO,11/2022,226,178,"78,76",172,6,"96,63",48,"21,24",4,44,"19,47"
171050,ITACAJÁ,TO,11/2022,1616,966,"59,78",956,10,"98,96",650,"40,22",12,638,"39,48"
171050,ITACAJÁ,TO,09/2022,1685,992,"58,87",922,70,"92,94",693,"41,13",82,611,"36,26"
171050,ITACAJÁ,TO,07/2022,1681,973,"57,88",966,7,"99,28",708,"42,12",9,699,"41,58"
171070,ITAGUATINS,TO,09/2022,1039,807,"77,67",777,30,"96,28",232,"22,33",15,217,"20,89"
171070,ITAGUATINS,TO,07/2022,1038,800,"77,07",780,20,"97,50",238,"22,93",28,210,"20,23"
171070,ITAGUATINS,TO,11/2022,1010,819,"81,09",819,0,"100,00",191,"18,91",22,169,"16,73"
171090,ITAPIRATINS,TO,11/2022,530,457,"86,23",426,31,"93,22",73,"13,77",20,53,"10,00"
171090,ITAPIRATINS,TO,09/2022,595,539,"90,59",436,103,"80,89",56,"9,41",15,41,"6,89"
171090,ITAPIRATINS,TO,07/2022,617,503,"81,52",454,49,"90,26",114,"18,48",19,95,"15,40"
171110,ITAPORÃ DO TOCANTINS,TO,07/2022,247,189,"76,52",181,8,"95,77",58,"23,48",7,51,"20,65"
171110,ITAPORÃ DO TOCANTINS,TO,09/2022,253,205,"81,03",180,25,"87,80",48,"18,97",8,40,"15,81"
171110,ITAPORÃ DO TOCANTINS,TO,11/2022,240,195,"81,25",187,8,"95,90",45,"18,75",5,40,"16,67"
171150,JAÚ DO TOCANTINS,TO,11/2022,522,433,"82,95",433,0,"100,00",89,"17,05",3,86,"16,48"
171150,JAÚ DO TOCANTINS,TO,07/2022,528,438,"82,95",438,0,"100,00",90,"17,05",4,86,"16,29"
171150,JAÚ DO TOCANTINS,TO,09/2022,529,433,"81,85",433,0,"100,00",96,"18,15",11,85,"16,07"
171180,JUARINA,TO,07/2022,378,204,"53,97",202,2,"99,02",174,"46,03",9,165,"43,65"
171180,JUARINA,TO,09/2022,362,185,"51,10",178,7,"96,22",177,"48,90",4,173,"47,79"
171180,JUARINA,TO,11/2022,380,240,"63,16",220,20,"91,67",140,"36,84",4,136,"35,79"
171190,LAGOA DA CONFUSÃO,TO,11/2022,2099,1447,"68,94",1402,45,"96,89",652,"31,06",66,586,"27,92"
171190,LAGOA DA CONFUSÃO,TO,07/2022,2334,625,"26,78",625,0,"100,00",1709,"73,22",922,787,"33,72"
171190,LAGOA DA CONFUSÃO,TO,09/2022,2349,1558,"66,33",1519,39,"97,50",791,"33,67",34,757,"32,23"
171195,LAGOA DO TOCANTINS,TO,09/2022,760,699,"91,97",685,14,"98,00",61,"8,03",2,59,"7,76"
171195,LAGOA DO TOCANTINS,TO,07/2022,768,735,"95,70",708,27,"96,33",33,"4,30",3,30,"3,91"
171195,LAGOA DO TOCANTINS,TO,11/2022,710,653,"91,97",637,16,"97,55",57,"8,03",0,57,"8,03"
171200,LAJEADO,TO,11/2022,408,321,"78,68",321,0,"100,00",87,"21,32",3,84,"20,59"
171200,LAJEADO,TO,07/2022,424,337,"79,48",334,3,"99,11",87,"20,52",3,84,"19,81"
171200,LAJEADO,TO,09/2022,414,324,"78,26",317,7,"97,84",90,"21,74",4,86,"20,77"
171215,LAVANDEIRA,TO,09/2022,271,191,"70,48",178,13,"93,19",80,"29,52",4,76,"28,04"
171215,LAVANDEIRA,TO,07/2022,264,185,"70,08",172,13,"92,97",79,"29,92",16,63,"23,86"
171215,LAVANDEIRA,TO,11/2022,247,195,"78,95",186,9,"95,38",52,"21,05",1,51,"20,65"
171240,LIZARDA,TO,11/2022,649,497,"76,58",497,0,"100,00",152,"23,42",11,141,"21,73"
171240,LIZARDA,TO,09/2022,633,472,"74,57",471,1,"99,79",161,"25,43",6,155,"24,49"
171240,LIZARDA,TO,07/2022,654,521,"79,66",521,0,"100,00",133,"20,34",8,125,"19,11"
171245,LUZINÓPOLIS,TO,07/2022,504,402,"79,76",379,23,"94,28",102,"20,24",3,99,"19,64"
171245,LUZINÓPOLIS,TO,09/2022,519,407,"78,42",357,50,"87,71",112,"21,58",3,109,"21,00"
171245,LUZINÓPOLIS,TO,11/2022,477,391,"81,97",365,26,"93,35",86,"18,03",4,82,"17,19"
171250,MARIANÓPOLIS DO TOCANTINS,TO,11/2022,605,414,"68,43",402,12,"97,10",191,"31,57",3,188,"31,07"
171250,MARIANÓPOLIS DO TOCANTINS,TO,07/2022,641,454,"70,83",432,22,"95,15",187,"29,17",9,178,"27,77"
171250,MARIANÓPOLIS DO TOCANTINS,TO,09/2022,631,446,"70,68",370,76,"82,96",185,"29,32",7,178,"28,21"
171270,MATEIROS,TO,09/2022,451,54,"11,97",53,1,"98,15",397,"88,03",298,99,"21,95"
171270,MATEIROS,TO,07/2022,451,51,"11,31",51,0,"100,00",400,"88,69",299,101,"22,39"
171270,MATEIROS,TO,11/2022,452,281,"62,17",281,0,"100,00",171,"37,83",50,121,"26,77"
171280,MAURILÂNDIA DO TOCANTINS,TO,11/2022,575,518,"90,09",513,5,"99,03",57,"9,91",21,36,"6,26"
171280,MAURILÂNDIA DO TOCANTINS,TO,09/2022,639,561,"87,79",498,63,"88,77",78,"12,21",37,41,"6,42"
171280,MAURILÂNDIA DO TOCANTINS,TO,07/2022,662,529,"79,91",497,32,"93,95",133,"20,09",47,86,"12,99"
171320,MIRACEMA DO TOCANTINS,TO,07/2022,2359,1573,"66,68",1488,85,"94,60",786,"33,32",26,760,"32,22"
171320,MIRACEMA DO TOCANTINS,TO,09/2022,2348,1496,"63,71",1307,189,"87,37",852,"36,29",30,822,"35,01"
171320,MIRACEMA DO TOCANTINS,TO,11/2022,2275,1418,"62,33",1330,88,"93,79",857,"37,67",20,837,"36,79"
171330,MIRANORTE,TO,11/2022,1726,1497,"86,73",1435,62,"95,86",229,"13,27",3,226,"13,09"
171330,MIRANORTE,TO,09/2022,1812,1580,"87,20",1479,101,"93,61",232,"12,80",8,224,"12,36"
171330,MIRANORTE,TO,07/2022,1806,1501,"83,11",1485,16,"98,93",305,"16,89",10,295,"16,33"
171360,MONTE DO CARMO,TO,09/2022,1093,690,"63,13",658,32,"95,36",403,"36,87",124,279,"25,53"
171360,MONTE DO CARMO,TO,07/2022,1101,587,"53,32",555,32,"94,55",514,"46,68",289,225,"20,44"
171360,MONTE DO CARMO,TO,11/2022,1085,782,"72,07",780,2,"99,74",303,"27,93",90,213,"19,63"
171370,MONTE SANTO DO TOCANTINS,TO,11/2022,323,256,"79,26",254,2,"99,22",67,"20,74",1,66,"20,43"
171370,MONTE SANTO DO TOCANTINS,TO,09/2022,325,259,"79,69",258,1,"99,61",66,"20,31",1,65,"20,00"
171370,MONTE SANTO DO TOCANTINS,TO,07/2022,324,262,"80,86",262,0,"100,00",62,"19,14",3,59,"18,21"
171380,PALMEIRAS DO TOCANTINS,TO,07/2022,1120,949,"84,73",949,0,"100,00",171,"15,27",16,155,"13,84"
171380,PALMEIRAS DO TOCANTINS,TO,09/2022,1137,963,"84,70",963,0,"100,00",174,"15,30",14,160,"14,07"
171380,PALMEIRAS DO TOCANTINS,TO,11/2022,1132,963,"85,07",962,1,"99,90",169,"14,93",5,164,"14,49"
171395,MURICILÂNDIA,TO,11/2022,493,363,"73,63",363,0,"100,00",130,"26,37",84,46,"9,33"
171395,MURICILÂNDIA,TO,09/2022,554,462,"83,39",414,48,"89,61",92,"16,61",40,52,"9,39"
171395,MURICILÂNDIA,TO,07/2022,563,305,"54,17",289,16,"94,75",258,"45,83",171,87,"15,45"
171420,NATIVIDADE,TO,07/2022,1322,1258,"95,16",1047,211,"83,23",64,"4,84",33,31,"2,34"
171420,NATIVIDADE,TO,09/2022,1321,1080,"81,76",1064,16,"98,52",241,"18,24",7,234,"17,71"
171420,NATIVIDADE,TO,11/2022,1271,1090,"85,76",1073,17,"98,44",181,"14,24",16,165,"12,98"
171430,NAZARÉ,TO,11/2022,654,571,"87,31",534,37,"93,52",83,"12,69",1,82,"12,54"
171430,NAZARÉ,TO,07/2022,703,617,"87,77",521,96,"84,44",86,"12,23",4,82,"11,66"
171430,NAZARÉ,TO,09/2022,696,615,"88,36",541,74,"87,97",81,"11,64",4,77,"11,06"
171488,NOVA OLINDA,TO,09/2022,1919,1433,"74,67",1373,60,"95,81",486,"25,33",73,413,"21,52"
171488,NOVA OLINDA,TO,07/2022,1906,1220,"64,01",1211,9,"99,26",686,"35,99",72,614,"32,21"
171488,NOVA OLINDA,TO,11/2022,1825,1044,"57,21",1040,4,"99,62",781,"42,79",392,389,"21,32"
171500,NOVA ROSALÂNDIA,TO,11/2022,471,382,"81,10",367,15,"96,07",89,"18,90",3,86,"18,26"
171500,NOVA ROSALÂNDIA,TO,07/2022,489,385,"78,73",355,30,"92,21",104,"21,27",3,101,"20,65"
171500,NOVA ROSALÂNDIA,TO,09/2022,480,376,"78,33",351,25,"93,35",104,"21,67",6,98,"20,42"
171510,NOVO ACORDO,TO,09/2022,755,725,"96,03",709,16,"97,79",30,"3,97",7,23,"3,05"
171510,NOVO ACORDO,TO,11/2022,743,717,"96,50",710,7,"99,02",26,"3,50",1,25,"3,36"
171510,NOVO ACORDO,TO,07/2022,760,681,"89,61",674,7,"98,97",79,"10,39",16,63,"8,29"
171515,NOVO ALEGRE,TO,07/2022,273,234,"85,71",234,0,"100,00",39,"14,29",0,39,"14,29"
171515,NOVO ALEGRE,TO,11/2022,276,234,"84,78",234,0,"100,00",42,"15,22",2,40,"14,49"
171515,NOVO ALEGRE,TO,09/2022,273,233,"85,35",233,0,"100,00",40,"14,65",3,37,"13,55"
171525,NOVO JARDIM,TO,09/2022,453,304,"67,11",302,2,"99,34",149,"32,89",1,148,"32,67"
171525,NOVO JARDIM,TO,11/2022,456,303,"66,45",303,0,"100,00",153,"33,55",1,152,"33,33"
171525,NOVO JARDIM,TO,07/2022,452,305,"67,48",305,0,"100,00",147,"32,52",1,146,"32,30"
171550,OLIVEIRA DE FÁTIMA,TO,07/2022,278,204,"73,38",182,22,"89,22",74,"26,62",2,72,"25,90"
171550,OLIVEIRA DE FÁTIMA,TO,11/2022,250,175,"70,00",171,4,"97,71",75,"30,00",5,70,"28,00"
171550,OLIVEIRA DE FÁTIMA,TO,09/2022,279,198,"70,97",179,19,"90,40",81,"29,03",23,58,"20,79"
171570,PALMEIRANTE,TO,09/2022,839,417,"49,70",414,3,"99,28",422,"50,30",18,404,"48,15"
171570,PALMEIRANTE,TO,11/2022,803,425,"52,93",425,0,"100,00",378,"47,07",14,364,"45,33"
171570,PALMEIRANTE,TO,07/2022,848,423,"49,88",420,3,"99,29",425,"50,12",26,399,"47,05"
171575,PALMEIRÓPOLIS,TO,07/2022,782,642,"82,10",597,45,"92,99",140,"17,90",30,110,"14,07"
171575,PALMEIRÓPOLIS,TO,11/2022,705,619,"87,80",600,19,"96,93",86,"12,20",3,83,"11,77"
171575,PALMEIRÓPOLIS,TO,09/2022,768,629,"81,90",593,36,"94,28",139,"18,10",27,112,"14,58"
171610,PARAÍSO DO TOCANTINS,TO,09/2022,3632,3338,"91,91",3037,301,"90,98",294,"8,09",45,249,"6,86"
171610,PARAÍSO DO TOCANTINS,TO,11/2022,3467,3148,"90,80",2986,162,"94,85",319,"9,20",21,298,"8,60"
171610,PARAÍSO DO TOCANTINS,TO,07/2022,3625,3280,"90,48",2989,291,"91,13",345,"9,52",73,272,"7,50"
171620,PARANÃ,TO,07/2022,2366,1577,"66,65",1570,7,"99,56",789,"33,35",59,730,"30,85"
171620,PARANÃ,TO,11/2022,2242,1499,"66,86",1486,13,"99,13",743,"33,14",17,726,"32,38"
171620,PARANÃ,TO,09/2022,2362,1580,"66,89",1492,88,"94,43",782,"33,11",49,733,"31,03"
171630,PAU D´ARCO,TO,07/2022,768,636,"82,81",636,0,"100,00",132,"17,19",17,115,"14,97"
171630,PAU D´ARCO,TO,09/2022,753,572,"75,96",539,33,"94,23",181,"24,04",13,168,"22,31"
171630,PAU D´ARCO,TO,11/2022,730,552,"75,62",529,23,"95,83",178,"24,38",15,163,"22,33"
171650,PEDRO AFONSO,TO,11/2022,1416,933,"65,89",902,31,"96,68",483,"34,11",6,477,"33,69"
171650,PEDRO AFONSO,TO,09/2022,1555,1097,"70,55",989,108,"90,15",458,"29,45",24,434,"27,91"
171650,PEDRO AFONSO,TO,07/2022,1628,1176,"72,24",1107,69,"94,13",452,"27,76",70,382,"23,46"
171660,PEIXE,TO,07/2022,1247,709,"56,86",705,4,"99,44",538,"43,14",161,377,"30,23"
171660,PEIXE,TO,09/2022,1246,726,"58,27",641,85,"88,29",520,"41,73",156,364,"29,21"
171660,PEIXE,TO,11/2022,1194,722,"60,47",679,43,"94,04",472,"39,53",128,344,"28,81"
171665,PEQUIZEIRO,TO,11/2022,846,542,"64,07",539,3,"99,45",304,"35,93",78,226,"26,71"
171665,PEQUIZEIRO,TO,09/2022,852,584,"68,54",583,1,"99,83",268,"31,46",14,254,"29,81"
171665,PEQUIZEIRO,TO,07/2022,866,388,"44,80",388,0,"100,00",478,"55,20",286,192,"22,17"
171670,COLMÉIA,TO,07/2022,1050,495,"47,14",480,15,"96,97",555,"52,86",71,484,"46,10"
171670,COLMÉIA,TO,09/2022,1028,339,"32,98",305,34,"89,97",689,"67,02",199,490,"47,67"
171670,COLMÉIA,TO,11/2022,1010,504,"49,90",495,9,"98,21",506,"50,10",35,471,"46,63"
171700,PINDORAMA DO TOCANTINS,TO,11/2022,680,501,"73,68",501,0,"100,00",179,"26,32",4,175,"25,74"
171700,PINDORAMA DO TOCANTINS,TO,09/2022,744,520,"69,89",476,44,"91,54",224,"30,11",28,196,"26,34"
171700,PINDORAMA DO TOCANTINS,TO,07/2022,740,546,"73,78",516,30,"94,51",194,"26,22",15,179,"24,19"
171720,PIRAQUÊ,TO,07/2022,504,326,"64,68",301,25,"92,33",178,"35,32",11,167,"33,13"
171720,PIRAQUÊ,TO,09/2022,496,364,"73,39",319,45,"87,64",132,"26,61",10,122,"24,60"
171720,PIRAQUÊ,TO,11/2022,457,360,"78,77",355,5,"98,61",97,"21,23",4,93,"20,35"
171750,PIUM,TO,11/2022,939,493,"52,50",492,1,"99,80",446,"47,50",303,143,"15,23"
171750,PIUM,TO,09/2022,745,480,"64,43",480,0,"100,00",265,"35,57",87,178,"23,89"
171750,PIUM,TO,07/2022,638,469,"73,51",469,0,"100,00",169,"26,49",75,94,"14,73"
171780,PONTE ALTA DO BOM JESUS,TO,07/2022,720,507,"70,42",469,38,"92,50",213,"29,58",142,71,"9,86"
171780,PONTE ALTA DO BOM JESUS,TO,09/2022,730,683,"93,56",603,80,"88,29",47,"6,44",13,34,"4,66"
171780,PONTE ALTA DO BOM JESUS,TO,11/2022,661,634,"95,92",576,58,"90,85",27,"4,08",1,26,"3,93"
171790,PONTE ALTA DO TOCANTINS,TO,11/2022,1192,861,"72,23",860,1,"99,88",331,"27,77",14,317,"26,59"
171790,PONTE ALTA DO TOCANTINS,TO,09/2022,1188,858,"72,22",857,1,"99,88",330,"27,78",12,318,"26,77"
171790,PONTE ALTA DO TOCANTINS,TO,07/2022,1168,839,"71,83",839,0,"100,00",329,"28,17",15,314,"26,88"
171800,PORTO ALEGRE DO TOCANTINS,TO,07/2022,513,426,"83,04",379,47,"88,97",87,"16,96",12,75,"14,62"
171800,PORTO ALEGRE DO TOCANTINS,TO,09/2022,509,491,"96,46",433,58,"88,19",18,"3,54",0,18,"3,54"
171800,PORTO ALEGRE DO TOCANTINS,TO,11/2022,486,464,"95,47",419,45,"90,30",22,"4,53",1,21,"4,32"
171820,PORTO NACIONAL,TO,11/2022,7504,6223,"82,93",5990,233,"96,26",1281,"17,07",36,1245,"16,59"
171820,PORTO NACIONAL,TO,09/2022,7665,5967,"77,85",5882,85,"98,58",1698,"22,15",57,1641,"21,41"
171820,PORTO NACIONAL,TO,07/2022,7698,5383,"69,93",5365,18,"99,67",2315,"30,07",43,2272,"29,51"
171830,PRAIA NORTE,TO,07/2022,1436,742,"51,67",741,1,"99,87",694,"48,33",573,121,"8,43"
171830,PRAIA NORTE,TO,09/2022,1407,1129,"80,24",1077,52,"95,39",278,"19,76",11,267,"18,98"
171830,PRAIA NORTE,TO,11/2022,1368,1089,"79,61",1089,0,"100,00",279,"20,39",14,265,"19,37"
171840,PRESIDENTE KENNEDY,TO,11/2022,360,280,"77,78",280,0,"100,00",80,"22,22",21,59,"16,39"
171840,PRESIDENTE KENNEDY,TO,09/2022,397,280,"70,53",276,4,"98,57",117,"29,47",25,92,"23,17"
171840,PRESIDENTE KENNEDY,TO,07/2022,398,268,"67,34",267,1,"99,63",130,"32,66",38,92,"23,12"
171845,PUGMIL,TO,07/2022,392,278,"70,92",278,0,"100,00",114,"29,08",32,82,"20,92"
171845,PUGMIL,TO,09/2022,372,0,"0,00",0,0,,372,"100,00",289,83,"22,31"
171845,PUGMIL,TO,11/2022,400,282,"70,50",282,0,"100,00",118,"29,50",2,116,"29,00"
171850,RECURSOLÂNDIA,TO,11/2022,855,701,"81,99",585,116,"83,45",154,"18,01",7,147,"17,19"
171850,RECURSOLÂNDIA,TO,09/2022,851,623,"73,21",600,23,"96,31",228,"26,79",1,227,"26,67"
171850,RECURSOLÂNDIA,TO,07/2022,853,633,"74,21",629,4,"99,37",220,"25,79",5,215,"25,21"
171855,RIACHINHO,TO,07/2022,710,553,"77,89",517,36,"93,49",157,"22,11",1,156,"21,97"
171855,RIACHINHO,TO,09/2022,708,418,"59,04",418,0,"100,00",290,"40,96",123,167,"23,59"
171855,RIACHINHO,TO,11/2022,700,595,"85,00",584,11,"98,15",105,"15,00",0,105,"15,00"
171865,RIO DA CONCEIÇÃO,TO,11/2022,292,274,"93,84",243,31,"88,69",18,"6,16",1,17,"5,82"
171865,RIO DA CONCEIÇÃO,TO,09/2022,318,297,"93,40",236,61,"79,46",21,"6,60",2,19,"5,97"
171865,RIO DA CONCEIÇÃO,TO,07/2022,319,282,"88,40",267,15,"94,68",37,"11,60",0,37,"11,60"
171870,RIO DOS BOIS,TO,07/2022,400,297,"74,25",297,0,"100,00",103,"25,75",48,55,"13,75"
171870,RIO DOS BOIS,TO,09/2022,408,330,"80,88",303,27,"91,82",78,"19,12",4,74,"18,14"
171870,RIO DOS BOIS,TO,11/2022,402,358,"89,05",304,54,"84,92",44,"10,95",5,39,"9,70"
171875,RIO SONO,TO,11/2022,903,890,"98,56",767,123,"86,18",13,"1,44",4,9,"1,00"
171875,RIO SONO,TO,09/2022,919,908,"98,80",755,153,"83,15",11,"1,20",7,4,"0,44"
171875,RIO SONO,TO,07/2022,961,660,"68,68",659,1,"99,85",301,"31,32",6,295,"30,70"
171880,SAMPAIO,TO,07/2022,1185,529,"44,64",514,15,"97,16",656,"55,36",29,627,"52,91"
171880,SAMPAIO,TO,09/2022,1205,538,"44,65",509,29,"94,61",667,"55,35",17,650,"53,94"
171880,SAMPAIO,TO,11/2022,1170,532,"45,47",504,28,"94,74",638,"54,53",7,631,"53,93"
171884,SANDOLÂNDIA,TO,11/2022,609,489,"80,30",472,17,"96,52",120,"19,70",37,83,"13,63"
171884,SANDOLÂNDIA,TO,09/2022,644,580,"90,06",501,79,"86,38",64,"9,94",14,50,"7,76"
171884,SANDOLÂNDIA,TO,07/2022,603,222,"36,82",217,5,"97,75",381,"63,18",302,79,"13,10"
171886,SANTA FÉ DO ARAGUAIA,TO,07/2022,894,281,"31,43",258,23,"91,81",613,"68,57",337,276,"30,87"
171886,SANTA FÉ DO ARAGUAIA,TO,09/2022,936,589,"62,93",581,8,"98,64",347,"37,07",37,310,"33,12"
171886,SANTA FÉ DO ARAGUAIA,TO,11/2022,917,433,"47,22",433,0,"100,00",484,"52,78",192,292,"31,84"
171888,SANTA MARIA DO TOCANTINS,TO,11/2022,382,363,"95,03",343,20,"94,49",19,"4,97",3,16,"4,19"
171888,SANTA MARIA DO TOCANTINS,TO,09/2022,394,367,"93,15",354,13,"96,46",27,"6,85",0,27,"6,85"
171888,SANTA MARIA DO TOCANTINS,TO,07/2022,405,361,"89,14",345,16,"95,57",44,"10,86",5,39,"9,63"
171889,SANTA RITA DO TOCANTINS,TO,07/2022,248,134,"54,03",134,0,"100,00",114,"45,97",29,85,"34,27"
171889,SANTA RITA DO TOCANTINS,TO,09/2022,254,138,"54,33",133,5,"96,38",116,"45,67",26,90,"35,43"
171889,SANTA RITA DO TOCANTINS,TO,11/2022,259,109,"42,08",109,0,"100,00",150,"57,92",56,94,"36,29"
171890,SANTA ROSA DO TOCANTINS,TO,11/2022,877,698,"79,59",694,4,"99,43",179,"20,41",4,175,"19,95"
171890,SANTA ROSA DO TOCANTINS,TO,09/2022,920,725,"78,80",685,40,"94,48",195,"21,20",7,188,"20,43"
171890,SANTA ROSA DO TOCANTINS,TO,07/2022,937,668,"71,29",631,37,"94,46",269,"28,71",4,265,"28,28"
171900,SANTA TEREZA DO TOCANTINS,TO,07/2022,406,379,"93,35",350,29,"92,35",27,"6,65",6,21,"5,17"
171900,SANTA TEREZA DO TOCANTINS,TO,09/2022,390,354,"90,77",328,26,"92,66",36,"9,23",2,34,"8,72"
171900,SANTA TEREZA DO TOCANTINS,TO,11/2022,371,355,"95,69",345,10,"97,18",16,"4,31",0,16,"4,31"
172000,SANTA TEREZINHA DO TOCANTINS,TO,11/2022,274,252,"91,97",236,16,"93,65",22,"8,03",0,22,"8,03"
172000,SANTA TEREZINHA DO TOCANTINS,TO,09/2022,294,277,"94,22",247,30,"89,17",17,"5,78",2,15,"5,10"
172000,SANTA TEREZINHA DO TOCANTINS,TO,07/2022,311,256,"82,32",240,16,"93,75",55,"17,68",4,51,"16,40"
172010,SÃO BENTO DO TOCANTINS,TO,07/2022,1045,548,"52,44",548,0,"100,00",497,"47,56",5,492,"47,08"
172010,SÃO BENTO DO TOCANTINS,TO,09/2022,1057,533,"50,43",528,5,"99,06",524,"49,57",1,523,"49,48"
172010,SÃO BENTO DO TOCANTINS,TO,11/2022,1052,528,"50,19",523,5,"99,05",524,"49,81",0,524,"49,81"
172015,SÃO FÉLIX DO TOCANTINS,TO,11/2022,318,264,"83,02",221,43,"83,71",54,"16,98",13,41,"12,89"
172015,SÃO FÉLIX DO TOCANTINS,TO,09/2022,323,253,"78,33",203,50,"80,24",70,"21,67",36,34,"10,53"
172015,SÃO FÉLIX DO TOCANTINS,TO,07/2022,341,284,"83,28",251,33,"88,38",57,"16,72",19,38,"11,14"
172020,SÃO MIGUEL DO TOCANTINS,TO,07/2022,2504,1521,"60,74",1521,0,"100,00",983,"39,26",284,699,"27,92"
172020,SÃO MIGUEL DO TOCANTINS,TO,09/2022,2496,1519,"60,86",1501,18,"98,82",977,"39,14",246,731,"29,29"
172020,SÃO MIGUEL DO TOCANTINS,TO,11/2022,2485,1571,"63,22",1562,9,"99,43",914,"36,78",182,732,"29,46"
172025,SÃO SALVADOR DO TOCANTINS,TO,11/2022,578,490,"84,78",486,4,"99,18",88,"15,22",3,85,"14,71"
172025,SÃO SALVADOR DO TOCANTINS,TO,09/2022,485,265,"54,64",262,3,"98,87",220,"45,36",139,81,"16,70"
172025,SÃO SALVADOR DO TOCANTINS,TO,07/2022,476,348,"73,11",345,3,"99,14",128,"26,89",46,82,"17,23"
172030,SÃO SEBASTIÃO DO TOCANTINS,TO,07/2022,947,798,"84,27",678,120,"84,96",149,"15,73",15,134,"14,15"
172030,SÃO SEBASTIÃO DO TOCANTINS,TO,09/2022,934,782,"83,73",664,118,"84,91",152,"16,27",12,140,"14,99"
172030,SÃO SEBASTIÃO DO TOCANTINS,TO,11/2022,733,671,"91,54",662,9,"98,66",62,"8,46",9,53,"7,23"
172049,SÃO VALÉRIO DA NATIVIDADE,TO,11/2022,721,406,"56,31",388,18,"95,57",315,"43,69",111,204,"28,29"
172049,SÃO VALÉRIO DA NATIVIDADE,TO,09/2022,758,513,"67,68",466,47,"90,84",245,"32,32",43,202,"26,65"
172049,SÃO VALÉRIO DA NATIVIDADE,TO,07/2022,746,282,"37,80",281,1,"99,65",464,"62,20",246,218,"29,22"
172065,SILVANÓPOLIS,TO,07/2022,1126,903,"80,20",861,42,"95,35",223,"19,80",13,210,"18,65"
172065,SILVANÓPOLIS,TO,09/2022,1121,978,"87,24",909,69,"92,94",143,"12,76",21,122,"10,88"
172065,SILVANÓPOLIS,TO,11/2022,1007,909,"90,27",908,1,"99,89",98,"9,73",11,87,"8,64"
172080,SÍTIO NOVO DO TOCANTINS,TO,11/2022,1724,1106,"64,15",1079,27,"97,56",618,"35,85",10,608,"35,27"
172080,SÍTIO NOVO DO TOCANTINS,TO,09/2022,1790,1149,"64,19",1096,53,"95,39",641,"35,81",9,632,"35,31"
172080,SÍTIO NOVO DO TOCANTINS,TO,07/2022,1809,1153,"63,74",1102,51,"95,58",656,"36,26",23,633,"34,99"
172085,SUCUPIRA,TO,07/2022,211,155,"73,46",155,0,"100,00",56,"26,54",2,54,"25,59"
172085,SUCUPIRA,TO,09/2022,205,160,"78,05",141,19,"88,13",45,"21,95",0,45,"21,95"
172085,SUCUPIRA,TO,11/2022,198,156,"78,79",145,11,"92,95",42,"21,21",1,41,"20,71"
172090,TAGUATINGA,TO,11/2022,2679,2230,"83,24",2149,81,"96,37",449,"16,76",4,445,"16,61"
172090,TAGUATINGA,TO,09/2022,2754,1610,"58,46",1562,48,"97,02",1144,"41,54",74,1070,"38,85"
172090,TAGUATINGA,TO,07/2022,2752,1681,"61,08",1679,2,"99,88",1071,"38,92",69,1002,"36,41"
172093,TAIPAS DO TOCANTINS,TO,07/2022,303,0,"0,00",0,0,,303,"100,00",250,53,"17,49"
172093,TAIPAS DO TOCANTINS,TO,09/2022,317,301,"94,95",281,20,"93,36",16,"5,05",4,12,"3,79"
172093,TAIPAS DO TOCANTINS,TO,11/2022,299,282,"94,31",257,25,"91,13",17,"5,69",1,16,"5,35"
172097,TALISMÃ,TO,11/2022,247,223,"90,28",216,7,"96,86",24,"9,72",0,24,"9,72"
172097,TALISMÃ,TO,09/2022,276,226,"81,88",206,20,"91,15",50,"18,12",16,34,"12,32"
172097,TALISMÃ,TO,07/2022,280,233,"83,21",214,19,"91,85",47,"16,79",13,34,"12,14"
172100,PALMAS,TO,07/2022,24692,23110,"93,59",22631,479,"97,93",1582,"6,41",1522,60,"0,24"
172100,PALMAS,TO,09/2022,26158,24557,"93,88",23990,567,"97,69",1601,"6,12",1158,443,"1,69"
172100,PALMAS,TO,11/2022,26233,25840,"98,50",24853,987,"96,18",393,"1,50",308,85,"0,32"
172110,TOCANTÍNIA,TO,11/2022,2157,1381,"64,02",1364,17,"98,77",776,"35,98",19,757,"35,10"
172110,TOCANTÍNIA,TO,09/2022,2214,1427,"64,45",1378,49,"96,57",787,"35,55",35,752,"33,97"
172110,TOCANTÍNIA,TO,07/2022,2176,0,"0,00",0,0,,2176,"100,00",1617,559,"25,69"
172120,TOCANTINÓPOLIS,TO,07/2022,4228,2837,"67,10",2769,68,"97,60",1391,"32,90",500,891,"21,07"
172120,TOCANTINÓPOLIS,TO,09/2022,4226,3232,"76,48",3078,154,"95,24",994,"23,52",93,901,"21,32"
172120,TOCANTINÓPOLIS,TO,11/2022,4104,3404,"82,94",3259,145,"95,74",700,"17,06",45,655,"15,96"
172125,TUPIRAMA,TO,11/2022,207,157,"75,85",149,8,"94,90",50,"24,15",4,46,"22,22"
172125,TUPIRAMA,TO,09/2022,208,162,"77,88",157,5,"96,91",46,"22,12",0,46,"22,12"
172125,TUPIRAMA,TO,07/2022,206,163,"79,13",159,4,"97,55",43,"20,87",0,43,"20,87"
172130,TUPIRATINS,TO,07/2022,257,198,"77,04",184,14,"92,93",59,"22,96",12,47,"18,29"
172130,TUPIRATINS,TO,09/2022,255,201,"78,82",182,19,"90,55",54,"21,18",7,47,"18,43"
172130,TUPIRATINS,TO,11/2022,240,209,"87,08",197,12,"94,26",31,"12,92",7,24,"10,00"
172208,WANDERLÂNDIA,TO,11/2022,1715,1298,"75,69",1261,37,"97,15",417,"24,31",20,397,"23,15"
172208,WANDERLÂNDIA,TO,09/2022,1709,1000,"58,51",998,2,"99,80",709,"41,49",302,407,"23,82"
172208,WANDERLÂNDIA,TO,07/2022,1689,934,"55,30",933,1,"99,89",755,"44,70",320,435,"25,75"
172210,XAMBIOÁ,TO,07/2022,1909,1313,"68,78",1311,2,"99,85",596,"31,22",68,528,"27,66"
172210,XAMBIOÁ,TO,09/2022,1916,1305,"68,11",1283,22,"98,31",611,"31,89",59,552,"28,81"
172210,XAMBIOÁ,TO,11/2022,1920,1310,"68,23",1310,0,"100,00",610,"31,77",25,585,"30,47"