Código,Unidade Territorial,UF,Referência,Total de beneficiários com perfil educação (16 e 17 anos) - BCA,Total de beneficiários acompanhados pela educação (16 e 17 anos) - BCA,Percentual de beneficiários acompanhados pela educação (16 e 17 anos) - BCA,Total de beneficiários acompanhados com frequência acima da exigida (16 a 17 anos - 75%) - BCA,Total de Beneficiários acompanhados com frequência abaixo da exigida (16 a 17 anos - 75%) - BCA,Percentual de beneficiários acompanhados com frequência acima da exigida (16 a 17 anos - 75%) - BCA,Total de beneficiários sem informação de frequência escolar (16 a 17 anos) - BCA,Percentual de beneficiários sem informação de frequência escolar (16 a 17 anos) - BCA,Total de beneficiários localizados no acompanhamento pela educação mas sem informação de frequência (16 a 17 anos) - BCA,Total de beneficiários não localizados no acompanhamento pela educação (16 e 17 anos) - BCA,Percentual de beneficiários não localizados no acompanhamento pela educação (16 e 17 anos) - BCA
120001,ACRELÂNDIA,AC,11/2022,356,272,"76,40",260,12,"95,59",84,"23,60",1,83,"23,31"
120001,ACRELÂNDIA,AC,07/2022,352,268,"76,14",267,1,"99,63",84,"23,86",0,84,"23,86"
120001,ACRELÂNDIA,AC,09/2022,368,283,"76,90",282,1,"99,65",85,"23,10",0,85,"23,10"
120005,ASSIS BRASIL,AC,09/2022,362,253,"69,89",253,0,"100,00",109,"30,11",4,105,"29,01"
120005,ASSIS BRASIL,AC,11/2022,357,266,"74,51",266,0,"100,00",91,"25,49",2,89,"24,93"
120005,ASSIS BRASIL,AC,07/2022,350,236,"67,43",236,0,"100,00",114,"32,57",0,114,"32,57"
120010,BRASILÉIA,AC,07/2022,574,358,"62,37",357,1,"99,72",216,"37,63",0,216,"37,63"
120010,BRASILÉIA,AC,11/2022,611,378,"61,87",370,8,"97,88",233,"38,13",0,233,"38,13"
120010,BRASILÉIA,AC,09/2022,612,392,"64,05",392,0,"100,00",220,"35,95",1,219,"35,78"
120013,BUJARI,AC,09/2022,409,343,"83,86",343,0,"100,00",66,"16,14",13,53,"12,96"
120013,BUJARI,AC,11/2022,400,338,"84,50",338,0,"100,00",62,"15,50",6,56,"14,00"
120013,BUJARI,AC,07/2022,396,304,"76,77",304,0,"100,00",92,"23,23",9,83,"20,96"
120017,CAPIXABA,AC,11/2022,324,226,"69,75",169,57,"74,78",98,"30,25",4,94,"29,01"
120017,CAPIXABA,AC,07/2022,320,221,"69,06",207,14,"93,67",99,"30,94",14,85,"26,56"
120017,CAPIXABA,AC,09/2022,319,181,"56,74",162,19,"89,50",138,"43,26",51,87,"27,27"
120020,CRUZEIRO DO SUL,AC,09/2022,3051,1993,"65,32",1920,73,"96,34",1058,"34,68",15,1043,"34,19"
120020,CRUZEIRO DO SUL,AC,11/2022,2894,1478,"51,07",1433,45,"96,96",1416,"48,93",473,943,"32,58"
120020,CRUZEIRO DO SUL,AC,07/2022,2908,1698,"58,39",1592,106,"93,76",1210,"41,61",209,1001,"34,42"
120025,EPITACIOLÂNDIA,AC,11/2022,357,212,"59,38",209,3,"98,58",145,"40,62",1,144,"40,34"
120025,EPITACIOLÂNDIA,AC,07/2022,353,237,"67,14",237,0,"100,00",116,"32,86",2,114,"32,29"
120025,EPITACIOLÂNDIA,AC,09/2022,363,207,"57,02",206,1,"99,52",156,"42,98",0,156,"42,98"
120030,FEIJÓ,AC,09/2022,1176,658,"55,95",647,11,"98,33",518,"44,05",2,516,"43,88"
120030,FEIJÓ,AC,07/2022,1144,475,"41,52",436,39,"91,79",669,"58,48",16,653,"57,08"
120030,FEIJÓ,AC,11/2022,1154,720,"62,39",711,9,"98,75",434,"37,61",12,422,"36,57"
120032,JORDÃO,AC,07/2022,390,323,"82,82",323,0,"100,00",67,"17,18",14,53,"13,59"
120032,JORDÃO,AC,11/2022,377,247,"65,52",247,0,"100,00",130,"34,48",69,61,"16,18"
120032,JORDÃO,AC,09/2022,393,271,"68,96",271,0,"100,00",122,"31,04",67,55,"13,99"
120033,MÂNCIO LIMA,AC,09/2022,723,611,"84,51",610,1,"99,84",112,"15,49",7,105,"14,52"
120033,MÂNCIO LIMA,AC,11/2022,693,586,"84,56",586,0,"100,00",107,"15,44",8,99,"14,29"
120033,MÂNCIO LIMA,AC,07/2022,704,599,"85,09",599,0,"100,00",105,"14,91",5,100,"14,20"
120034,MANOEL URBANO,AC,07/2022,434,257,"59,22",212,45,"82,49",177,"40,78",4,173,"39,86"
120034,MANOEL URBANO,AC,11/2022,421,321,"76,25",268,53,"83,49",100,"23,75",2,98,"23,28"
120034,MANOEL URBANO,AC,09/2022,461,348,"75,49",264,84,"75,86",113,"24,51",3,110,"23,86"
120035,MARECHAL THAUMATURGO,AC,09/2022,872,634,"72,71",634,0,"100,00",238,"27,29",116,122,"13,99"
120035,MARECHAL THAUMATURGO,AC,11/2022,848,606,"71,46",606,0,"100,00",242,"28,54",127,115,"13,56"
120035,MARECHAL THAUMATURGO,AC,07/2022,833,0,"0,00",0,0,,833,"100,00",717,116,"13,93"
120038,PLÁCIDO DE CASTRO,AC,07/2022,367,215,"58,58",207,8,"96,28",152,"41,42",16,136,"37,06"
120038,PLÁCIDO DE CASTRO,AC,11/2022,370,323,"87,30",271,52,"83,90",47,"12,70",5,42,"11,35"
120038,PLÁCIDO DE CASTRO,AC,09/2022,377,260,"68,97",231,29,"88,85",117,"31,03",2,115,"30,50"
120039,PORTO WALTER,AC,09/2022,472,421,"89,19",421,0,"100,00",51,"10,81",1,50,"10,59"
120039,PORTO WALTER,AC,11/2022,454,401,"88,33",401,0,"100,00",53,"11,67",4,49,"10,79"
120039,PORTO WALTER,AC,07/2022,452,402,"88,94",402,0,"100,00",50,"11,06",1,49,"10,84"
120040,RIO BRANCO,AC,07/2022,6104,2304,"37,75",2261,43,"98,13",3800,"62,25",971,2829,"46,35"
120040,RIO BRANCO,AC,11/2022,6608,3393,"51,35",3192,201,"94,08",3215,"48,65",157,3058,"46,28"
120040,RIO BRANCO,AC,09/2022,6653,3216,"48,34",3111,105,"96,74",3437,"51,66",260,3177,"47,75"
120042,RODRIGUES ALVES,AC,09/2022,569,439,"77,15",431,8,"98,18",130,"22,85",1,129,"22,67"
120042,RODRIGUES ALVES,AC,11/2022,565,432,"76,46",428,4,"99,07",133,"23,54",7,126,"22,30"
120042,RODRIGUES ALVES,AC,07/2022,551,431,"78,22",382,49,"88,63",120,"21,78",2,118,"21,42"
120043,SANTA ROSA DO PURUS,AC,07/2022,282,59,"20,92",53,6,"89,83",223,"79,08",36,187,"66,31"
120043,SANTA ROSA DO PURUS,AC,11/2022,284,89,"31,34",85,4,"95,51",195,"68,66",8,187,"65,85"
120043,SANTA ROSA DO PURUS,AC,09/2022,287,84,"29,27",74,10,"88,10",203,"70,73",19,184,"64,11"
120045,SENADOR GUIOMARD,AC,09/2022,720,590,"81,94",588,2,"99,66",130,"18,06",8,122,"16,94"
120045,SENADOR GUIOMARD,AC,11/2022,668,484,"72,46",473,11,"97,73",184,"27,54",48,136,"20,36"
120045,SENADOR GUIOMARD,AC,07/2022,645,322,"49,92",322,0,"100,00",323,"50,08",207,116,"17,98"
120050,SENA MADUREIRA,AC,11/2022,1532,852,"55,61",841,11,"98,71",680,"44,39",9,671,"43,80"
120050,SENA MADUREIRA,AC,07/2022,1438,664,"46,18",657,7,"98,95",774,"53,82",74,700,"48,68"
120050,SENA MADUREIRA,AC,09/2022,1546,824,"53,30",822,2,"99,76",722,"46,70",7,715,"46,25"
120060,TARAUACÁ,AC,09/2022,2060,1274,"61,84",1265,9,"99,29",786,"38,16",82,704,"34,17"
120060,TARAUACÁ,AC,07/2022,1964,1123,"57,18",1121,2,"99,82",841,"42,82",183,658,"33,50"
120060,TARAUACÁ,AC,11/2022,2035,1139,"55,97",1138,1,"99,91",896,"44,03",221,675,"33,17"
120070,XAPURI,AC,11/2022,467,377,"80,73",331,46,"87,80",90,"19,27",8,82,"17,56"
120070,XAPURI,AC,07/2022,474,323,"68,14",297,26,"91,95",151,"31,86",45,106,"22,36"
120070,XAPURI,AC,09/2022,469,385,"82,09",348,37,"90,39",84,"17,91",6,78,"16,63"
120080,PORTO ACRE,AC,09/2022,682,544,"79,77",533,11,"97,98",138,"20,23",10,128,"18,77"
120080,PORTO ACRE,AC,11/2022,681,550,"80,76",540,10,"98,18",131,"19,24",11,120,"17,62"
120080,PORTO ACRE,AC,07/2022,642,507,"78,97",497,10,"98,03",135,"21,03",14,121,"18,85"
270010,ÁGUA BRANCA,AL,09/2022,649,432,"66,56",421,11,"97,45",217,"33,44",0,217,"33,44"
270010,ÁGUA BRANCA,AL,07/2022,618,408,"66,02",396,12,"97,06",210,"33,98",5,205,"33,17"
270010,ÁGUA BRANCA,AL,11/2022,641,437,"68,17",429,8,"98,17",204,"31,83",6,198,"30,89"
270020,ANADIA,AL,11/2022,356,294,"82,58",294,0,"100,00",62,"17,42",31,31,"8,71"
270020,ANADIA,AL,09/2022,380,314,"82,63",314,0,"100,00",66,"17,37",34,32,"8,42"
270020,ANADIA,AL,07/2022,364,231,"63,46",231,0,"100,00",133,"36,54",97,36,"9,89"
270030,ARAPIRACA,AL,07/2022,3720,1291,"34,70",1049,242,"81,25",2429,"65,30",420,2009,"54,01"
270030,ARAPIRACA,AL,11/2022,3738,1559,"41,71",1526,33,"97,88",2179,"58,29",152,2027,"54,23"
270030,ARAPIRACA,AL,09/2022,3901,1600,"41,02",1586,14,"99,13",2301,"58,98",161,2140,"54,86"
270040,ATALAIA,AL,09/2022,1193,225,"18,86",217,8,"96,44",968,"81,14",778,190,"15,93"
270040,ATALAIA,AL,11/2022,1156,258,"22,32",251,7,"97,29",898,"77,68",727,171,"14,79"
270040,ATALAIA,AL,07/2022,1207,178,"14,75",174,4,"97,75",1029,"85,25",564,465,"38,53"
270050,BARRA DE SANTO ANTÔNIO,AL,09/2022,525,388,"73,90",383,5,"98,71",137,"26,10",5,132,"25,14"
270050,BARRA DE SANTO ANTÔNIO,AL,11/2022,469,390,"83,16",384,6,"98,46",79,"16,84",2,77,"16,42"
270050,BARRA DE SANTO ANTÔNIO,AL,07/2022,508,378,"74,41",373,5,"98,68",130,"25,59",17,113,"22,24"
270060,BARRA DE SÃO MIGUEL,AL,07/2022,227,172,"75,77",169,3,"98,26",55,"24,23",13,42,"18,50"
270060,BARRA DE SÃO MIGUEL,AL,11/2022,214,176,"82,24",175,1,"99,43",38,"17,76",6,32,"14,95"
270060,BARRA DE SÃO MIGUEL,AL,09/2022,230,192,"83,48",189,3,"98,44",38,"16,52",4,34,"14,78"
270070,BATALHA,AL,09/2022,545,297,"54,50",293,4,"98,65",248,"45,50",0,248,"45,50"
270070,BATALHA,AL,07/2022,533,304,"57,04",295,9,"97,04",229,"42,96",1,228,"42,78"
270070,BATALHA,AL,11/2022,524,247,"47,14",226,21,"91,50",277,"52,86",1,276,"52,67"
270080,BELÉM,AL,11/2022,116,96,"82,76",95,1,"98,96",20,"17,24",2,18,"15,52"
270080,BELÉM,AL,09/2022,120,93,"77,50",89,4,"95,70",27,"22,50",2,25,"20,83"
270080,BELÉM,AL,07/2022,111,94,"84,68",94,0,"100,00",17,"15,32",2,15,"13,51"
270090,BELO MONTE,AL,09/2022,161,64,"39,75",64,0,"100,00",97,"60,25",84,13,"8,07"
270090,BELO MONTE,AL,07/2022,160,145,"90,63",145,0,"100,00",15,"9,38",6,9,"5,63"
270090,BELO MONTE,AL,11/2022,161,140,"86,96",140,0,"100,00",21,"13,04",1,20,"12,42"
270100,BOCA DA MATA,AL,09/2022,615,525,"85,37",515,10,"98,10",90,"14,63",4,86,"13,98"
270100,BOCA DA MATA,AL,07/2022,588,507,"86,22",504,3,"99,41",81,"13,78",11,70,"11,90"
270100,BOCA DA MATA,AL,11/2022,592,511,"86,32",492,19,"96,28",81,"13,68",4,77,"13,01"
270110,BRANQUINHA,AL,11/2022,349,324,"92,84",324,0,"100,00",25,"7,16",0,25,"7,16"
270110,BRANQUINHA,AL,09/2022,366,331,"90,44",331,0,"100,00",35,"9,56",0,35,"9,56"
270110,BRANQUINHA,AL,07/2022,353,315,"89,24",315,0,"100,00",38,"10,76",0,38,"10,76"
270120,CACIMBINHAS,AL,07/2022,332,299,"90,06",299,0,"100,00",33,"9,94",0,33,"9,94"
270120,CACIMBINHAS,AL,09/2022,363,325,"89,53",325,0,"100,00",38,"10,47",0,38,"10,47"
270120,CACIMBINHAS,AL,11/2022,354,305,"86,16",305,0,"100,00",49,"13,84",12,37,"10,45"
270130,CAJUEIRO,AL,11/2022,564,513,"90,96",513,0,"100,00",51,"9,04",2,49,"8,69"
270130,CAJUEIRO,AL,09/2022,586,538,"91,81",538,0,"100,00",48,"8,19",1,47,"8,02"
270130,CAJUEIRO,AL,07/2022,564,417,"73,94",417,0,"100,00",147,"26,06",104,43,"7,62"
270135,CAMPESTRE,AL,07/2022,228,205,"89,91",205,0,"100,00",23,"10,09",9,14,"6,14"
270135,CAMPESTRE,AL,11/2022,204,191,"93,63",191,0,"100,00",13,"6,37",0,13,"6,37"
270135,CAMPESTRE,AL,09/2022,229,204,"89,08",204,0,"100,00",25,"10,92",11,14,"6,11"
270140,CAMPO ALEGRE,AL,11/2022,796,641,"80,53",630,11,"98,28",155,"19,47",18,137,"17,21"
270140,CAMPO ALEGRE,AL,07/2022,826,612,"74,09",597,15,"97,55",214,"25,91",61,153,"18,52"
270140,CAMPO ALEGRE,AL,09/2022,846,713,"84,28",630,83,"88,36",133,"15,72",25,108,"12,77"
270150,CAMPO GRANDE,AL,07/2022,294,217,"73,81",217,0,"100,00",77,"26,19",28,49,"16,67"
270150,CAMPO GRANDE,AL,11/2022,276,176,"63,77",173,3,"98,30",100,"36,23",3,97,"35,14"
270150,CAMPO GRANDE,AL,09/2022,286,175,"61,19",174,1,"99,43",111,"38,81",10,101,"35,31"
270160,CANAPI,AL,07/2022,636,324,"50,94",249,75,"76,85",312,"49,06",133,179,"28,14"
270160,CANAPI,AL,09/2022,647,206,"31,84",166,40,"80,58",441,"68,16",249,192,"29,68"
270160,CANAPI,AL,11/2022,635,375,"59,06",321,54,"85,60",260,"40,94",73,187,"29,45"
270170,CAPELA,AL,11/2022,381,296,"77,69",264,32,"89,19",85,"22,31",19,66,"17,32"
270170,CAPELA,AL,07/2022,376,182,"48,40",163,19,"89,56",194,"51,60",23,171,"45,48"
270170,CAPELA,AL,09/2022,391,274,"70,08",250,24,"91,24",117,"29,92",46,71,"18,16"
270180,CARNEIROS,AL,07/2022,344,303,"88,08",303,0,"100,00",41,"11,92",3,38,"11,05"
270180,CARNEIROS,AL,11/2022,337,305,"90,50",305,0,"100,00",32,"9,50",1,31,"9,20"
270180,CARNEIROS,AL,09/2022,354,317,"89,55",317,0,"100,00",37,"10,45",4,33,"9,32"
270190,CHÃ PRETA,AL,07/2022,216,143,"66,20",143,0,"100,00",73,"33,80",0,73,"33,80"
270190,CHÃ PRETA,AL,11/2022,235,169,"71,91",169,0,"100,00",66,"28,09",2,64,"27,23"
270190,CHÃ PRETA,AL,09/2022,235,165,"70,21",165,0,"100,00",70,"29,79",2,68,"28,94"
270200,COITÉ DO NÓIA,AL,09/2022,242,192,"79,34",191,1,"99,48",50,"20,66",1,49,"20,25"
270200,COITÉ DO NÓIA,AL,11/2022,247,198,"80,16",194,4,"97,98",49,"19,84",1,48,"19,43"
270200,COITÉ DO NÓIA,AL,07/2022,233,192,"82,40",188,4,"97,92",41,"17,60",1,40,"17,17"
270210,COLÔNIA LEOPOLDINA,AL,11/2022,596,423,"70,97",423,0,"100,00",173,"29,03",98,75,"12,58"
270210,COLÔNIA LEOPOLDINA,AL,09/2022,625,439,"70,24",439,0,"100,00",186,"29,76",114,72,"11,52"
270210,COLÔNIA LEOPOLDINA,AL,07/2022,609,541,"88,83",541,0,"100,00",68,"11,17",3,65,"10,67"
270220,COQUEIRO SECO,AL,11/2022,138,93,"67,39",93,0,"100,00",45,"32,61",0,45,"32,61"
270220,COQUEIRO SECO,AL,09/2022,151,106,"70,20",98,8,"92,45",45,"29,80",1,44,"29,14"
270220,COQUEIRO SECO,AL,07/2022,140,98,"70,00",88,10,"89,80",42,"30,00",2,40,"28,57"
270230,CORURIPE,AL,07/2022,1176,1015,"86,31",1015,0,"100,00",161,"13,69",5,156,"13,27"
270230,CORURIPE,AL,09/2022,1220,1049,"85,98",1049,0,"100,00",171,"14,02",5,166,"13,61"
270230,CORURIPE,AL,11/2022,1205,1023,"84,90",976,47,"95,41",182,"15,10",7,175,"14,52"
270235,CRAÍBAS,AL,07/2022,632,421,"66,61",397,24,"94,30",211,"33,39",18,193,"30,54"
270235,CRAÍBAS,AL,09/2022,652,526,"80,67",517,9,"98,29",126,"19,33",10,116,"17,79"
270235,CRAÍBAS,AL,11/2022,612,522,"85,29",502,20,"96,17",90,"14,71",6,84,"13,73"
270240,DELMIRO GOUVEIA,AL,07/2022,1149,403,"35,07",399,4,"99,01",746,"64,93",58,688,"59,88"
270240,DELMIRO GOUVEIA,AL,09/2022,1212,419,"34,57",367,52,"87,59",793,"65,43",11,782,"64,52"
270240,DELMIRO GOUVEIA,AL,11/2022,1175,386,"32,85",361,25,"93,52",789,"67,15",19,770,"65,53"
270250,DOIS RIACHOS,AL,09/2022,307,227,"73,94",206,21,"90,75",80,"26,06",1,79,"25,73"
270250,DOIS RIACHOS,AL,07/2022,304,254,"83,55",254,0,"100,00",50,"16,45",1,49,"16,12"
270250,DOIS RIACHOS,AL,11/2022,283,196,"69,26",179,17,"91,33",87,"30,74",1,86,"30,39"
270255,ESTRELA DE ALAGOAS,AL,07/2022,364,119,"32,69",117,2,"98,32",245,"67,31",2,243,"66,76"
270255,ESTRELA DE ALAGOAS,AL,11/2022,390,122,"31,28",119,3,"97,54",268,"68,72",3,265,"67,95"
270255,ESTRELA DE ALAGOAS,AL,09/2022,395,129,"32,66",124,5,"96,12",266,"67,34",3,263,"66,58"
270260,FEIRA GRANDE,AL,07/2022,649,553,"85,21",553,0,"100,00",96,"14,79",2,94,"14,48"
270260,FEIRA GRANDE,AL,11/2022,639,543,"84,98",543,0,"100,00",96,"15,02",2,94,"14,71"
270260,FEIRA GRANDE,AL,09/2022,679,575,"84,68",575,0,"100,00",104,"15,32",4,100,"14,73"
270270,FELIZ DESERTO,AL,09/2022,108,90,"83,33",90,0,"100,00",18,"16,67",2,16,"14,81"
270270,FELIZ DESERTO,AL,11/2022,107,88,"82,24",88,0,"100,00",19,"17,76",1,18,"16,82"
270270,FELIZ DESERTO,AL,07/2022,105,88,"83,81",88,0,"100,00",17,"16,19",1,16,"15,24"
270280,FLEXEIRAS,AL,07/2022,205,58,"28,29",58,0,"100,00",147,"71,71",15,132,"64,39"
270280,FLEXEIRAS,AL,09/2022,140,73,"52,14",64,9,"87,67",67,"47,86",5,62,"44,29"
270280,FLEXEIRAS,AL,11/2022,142,81,"57,04",81,0,"100,00",61,"42,96",0,61,"42,96"
270290,GIRAU DO PONCIANO,AL,11/2022,1183,1144,"96,70",1141,3,"99,74",39,"3,30",2,37,"3,13"
270290,GIRAU DO PONCIANO,AL,09/2022,1233,1193,"96,76",1193,0,"100,00",40,"3,24",6,34,"2,76"
270290,GIRAU DO PONCIANO,AL,07/2022,1157,1123,"97,06",1123,0,"100,00",34,"2,94",10,24,"2,07"
270300,IBATEGUARA,AL,07/2022,426,394,"92,49",394,0,"100,00",32,"7,51",0,32,"7,51"
270300,IBATEGUARA,AL,11/2022,451,421,"93,35",421,0,"100,00",30,"6,65",0,30,"6,65"
270300,IBATEGUARA,AL,09/2022,452,420,"92,92",420,0,"100,00",32,"7,08",0,32,"7,08"
270310,IGACI,AL,09/2022,620,466,"75,16",454,12,"97,42",154,"24,84",7,147,"23,71"
270310,IGACI,AL,11/2022,616,462,"75,00",456,6,"98,70",154,"25,00",5,149,"24,19"
270310,IGACI,AL,07/2022,579,433,"74,78",422,11,"97,46",146,"25,22",7,139,"24,01"
270320,IGREJA NOVA,AL,09/2022,578,431,"74,57",418,13,"96,98",147,"25,43",0,147,"25,43"
270320,IGREJA NOVA,AL,07/2022,578,344,"59,52",340,4,"98,84",234,"40,48",2,232,"40,14"
270320,IGREJA NOVA,AL,11/2022,547,410,"74,95",410,0,"100,00",137,"25,05",0,137,"25,05"
270330,INHAPI,AL,09/2022,544,122,"22,43",114,8,"93,44",422,"77,57",10,412,"75,74"
270330,INHAPI,AL,07/2022,528,99,"18,75",92,7,"92,93",429,"81,25",65,364,"68,94"
270330,INHAPI,AL,11/2022,543,129,"23,76",125,4,"96,90",414,"76,24",15,399,"73,48"
270340,JACARÉ DOS HOMENS,AL,11/2022,153,144,"94,12",144,0,"100,00",9,"5,88",0,9,"5,88"
270340,JACARÉ DOS HOMENS,AL,09/2022,156,144,"92,31",143,1,"99,31",12,"7,69",1,11,"7,05"
270340,JACARÉ DOS HOMENS,AL,07/2022,143,77,"53,85",77,0,"100,00",66,"46,15",53,13,"9,09"
270350,JACUÍPE,AL,09/2022,194,162,"83,51",162,0,"100,00",32,"16,49",1,31,"15,98"
270350,JACUÍPE,AL,07/2022,185,158,"85,41",158,0,"100,00",27,"14,59",0,27,"14,59"
270350,JACUÍPE,AL,11/2022,168,141,"83,93",141,0,"100,00",27,"16,07",0,27,"16,07"
270360,JAPARATINGA,AL,07/2022,286,160,"55,94",147,13,"91,88",126,"44,06",64,62,"21,68"
270360,JAPARATINGA,AL,09/2022,308,116,"37,66",98,18,"84,48",192,"62,34",128,64,"20,78"
270360,JAPARATINGA,AL,11/2022,296,149,"50,34",137,12,"91,95",147,"49,66",61,86,"29,05"
270370,JARAMATAIA,AL,11/2022,186,174,"93,55",174,0,"100,00",12,"6,45",0,12,"6,45"
270370,JARAMATAIA,AL,07/2022,178,89,"50,00",89,0,"100,00",89,"50,00",70,19,"10,67"
270370,JARAMATAIA,AL,09/2022,195,180,"92,31",179,1,"99,44",15,"7,69",1,14,"7,18"
270375,JEQUIÁ DA PRAIA,AL,11/2022,165,22,"13,33",22,0,"100,00",143,"86,67",40,103,"62,42"
270375,JEQUIÁ DA PRAIA,AL,09/2022,178,68,"38,20",68,0,"100,00",110,"61,80",0,110,"61,80"
270375,JEQUIÁ DA PRAIA,AL,07/2022,172,81,"47,09",81,0,"100,00",91,"52,91",4,87,"50,58"
270380,JOAQUIM GOMES,AL,07/2022,702,513,"73,08",496,17,"96,69",189,"26,92",5,184,"26,21"
270380,JOAQUIM GOMES,AL,09/2022,691,138,"19,97",138,0,"100,00",553,"80,03",398,155,"22,43"
270380,JOAQUIM GOMES,AL,11/2022,683,510,"74,67",506,4,"99,22",173,"25,33",8,165,"24,16"
270390,JUNDIÁ,AL,11/2022,129,118,"91,47",118,0,"100,00",11,"8,53",0,11,"8,53"
270390,JUNDIÁ,AL,07/2022,134,122,"91,04",122,0,"100,00",12,"8,96",0,12,"8,96"
270390,JUNDIÁ,AL,09/2022,143,130,"90,91",130,0,"100,00",13,"9,09",0,13,"9,09"
270400,JUNQUEIRO,AL,07/2022,637,444,"69,70",444,0,"100,00",193,"30,30",12,181,"28,41"
270400,JUNQUEIRO,AL,09/2022,692,460,"66,47",458,2,"99,57",232,"33,53",12,220,"31,79"
270400,JUNQUEIRO,AL,11/2022,665,448,"67,37",445,3,"99,33",217,"32,63",4,213,"32,03"
270410,LAGOA DA CANOA,AL,11/2022,467,362,"77,52",362,0,"100,00",105,"22,48",5,100,"21,41"
270410,LAGOA DA CANOA,AL,09/2022,479,383,"79,96",383,0,"100,00",96,"20,04",8,88,"18,37"
270410,LAGOA DA CANOA,AL,07/2022,442,350,"79,19",350,0,"100,00",92,"20,81",11,81,"18,33"
270420,LIMOEIRO DE ANADIA,AL,07/2022,715,585,"81,82",585,0,"100,00",130,"18,18",18,112,"15,66"
270420,LIMOEIRO DE ANADIA,AL,11/2022,702,547,"77,92",544,3,"99,45",155,"22,08",7,148,"21,08"
270420,LIMOEIRO DE ANADIA,AL,09/2022,737,619,"83,99",576,43,"93,05",118,"16,01",19,99,"13,43"
270430,MACEIÓ,AL,09/2022,11794,6447,"54,66",6011,436,"93,24",5347,"45,34",156,5191,"44,01"
270430,MACEIÓ,AL,07/2022,11107,6184,"55,68",5693,491,"92,06",4923,"44,32",554,4369,"39,34"
270430,MACEIÓ,AL,11/2022,11423,6372,"55,78",6086,286,"95,51",5051,"44,22",172,4879,"42,71"
270440,MAJOR ISIDORO,AL,07/2022,460,154,"33,48",151,3,"98,05",306,"66,52",35,271,"58,91"
270440,MAJOR ISIDORO,AL,09/2022,484,193,"39,88",193,0,"100,00",291,"60,12",0,291,"60,12"
270440,MAJOR ISIDORO,AL,11/2022,473,182,"38,48",181,1,"99,45",291,"61,52",4,287,"60,68"
270450,MARAGOGI,AL,09/2022,921,496,"53,85",376,120,"75,81",425,"46,15",116,309,"33,55"
270450,MARAGOGI,AL,07/2022,852,439,"51,53",356,83,"81,09",413,"48,47",151,262,"30,75"
270450,MARAGOGI,AL,11/2022,915,527,"57,60",430,97,"81,59",388,"42,40",99,289,"31,58"
270460,MARAVILHA,AL,07/2022,307,104,"33,88",103,1,"99,04",203,"66,12",0,203,"66,12"
270460,MARAVILHA,AL,11/2022,333,115,"34,53",104,11,"90,43",218,"65,47",1,217,"65,17"
270460,MARAVILHA,AL,09/2022,331,114,"34,44",96,18,"84,21",217,"65,56",0,217,"65,56"
270470,MARECHAL DEODORO,AL,07/2022,1266,263,"20,77",247,16,"93,92",1003,"79,23",16,987,"77,96"
270470,MARECHAL DEODORO,AL,09/2022,1331,649,"48,76",634,15,"97,69",682,"51,24",159,523,"39,29"
270470,MARECHAL DEODORO,AL,11/2022,1272,723,"56,84",696,27,"96,27",549,"43,16",12,537,"42,22"
270480,MARIBONDO,AL,09/2022,283,247,"87,28",230,17,"93,12",36,"12,72",3,33,"11,66"
270480,MARIBONDO,AL,07/2022,270,227,"84,07",226,1,"99,56",43,"15,93",3,40,"14,81"
270480,MARIBONDO,AL,11/2022,277,249,"89,89",231,18,"92,77",28,"10,11",1,27,"9,75"
270490,MAR VERMELHO,AL,09/2022,96,75,"78,13",75,0,"100,00",21,"21,88",1,20,"20,83"
270490,MAR VERMELHO,AL,11/2022,98,80,"81,63",80,0,"100,00",18,"18,37",1,17,"17,35"
270490,MAR VERMELHO,AL,07/2022,91,71,"78,02",70,1,"98,59",20,"21,98",3,17,"18,68"
270500,MATA GRANDE,AL,07/2022,649,524,"80,74",524,0,"100,00",125,"19,26",12,113,"17,41"
270500,MATA GRANDE,AL,11/2022,664,554,"83,43",554,0,"100,00",110,"16,57",11,99,"14,91"
270500,MATA GRANDE,AL,09/2022,682,553,"81,09",553,0,"100,00",129,"18,91",17,112,"16,42"
270510,MATRIZ DE CAMARAGIBE,AL,07/2022,573,423,"73,82",423,0,"100,00",150,"26,18",7,143,"24,96"
270510,MATRIZ DE CAMARAGIBE,AL,09/2022,561,471,"83,96",471,0,"100,00",90,"16,04",4,86,"15,33"
270510,MATRIZ DE CAMARAGIBE,AL,11/2022,528,458,"86,74",457,1,"99,78",70,"13,26",2,68,"12,88"
270520,MESSIAS,AL,07/2022,520,473,"90,96",473,0,"100,00",47,"9,04",7,40,"7,69"
270520,MESSIAS,AL,09/2022,632,587,"92,88",587,0,"100,00",45,"7,12",1,44,"6,96"
270520,MESSIAS,AL,11/2022,596,548,"91,95",548,0,"100,00",48,"8,05",1,47,"7,89"
270530,MINADOR DO NEGRÃO,AL,11/2022,126,97,"76,98",96,1,"98,97",29,"23,02",1,28,"22,22"
270530,MINADOR DO NEGRÃO,AL,07/2022,132,48,"36,36",47,1,"97,92",84,"63,64",1,83,"62,88"
270530,MINADOR DO NEGRÃO,AL,09/2022,131,97,"74,05",96,1,"98,97",34,"25,95",1,33,"25,19"
270540,MONTEIRÓPOLIS,AL,11/2022,235,170,"72,34",159,11,"93,53",65,"27,66",2,63,"26,81"
270540,MONTEIRÓPOLIS,AL,07/2022,254,140,"55,12",131,9,"93,57",114,"44,88",3,111,"43,70"
270540,MONTEIRÓPOLIS,AL,09/2022,260,60,"23,08",57,3,"95,00",200,"76,92",93,107,"41,15"
270550,MURICI,AL,11/2022,732,654,"89,34",654,0,"100,00",78,"10,66",1,77,"10,52"
270550,MURICI,AL,09/2022,768,695,"90,49",695,0,"100,00",73,"9,51",1,72,"9,38"
270550,MURICI,AL,07/2022,724,656,"90,61",656,0,"100,00",68,"9,39",3,65,"8,98"
270560,NOVO LINO,AL,09/2022,288,238,"82,64",238,0,"100,00",50,"17,36",4,46,"15,97"
270560,NOVO LINO,AL,07/2022,279,230,"82,44",230,0,"100,00",49,"17,56",3,46,"16,49"
270560,NOVO LINO,AL,11/2022,280,236,"84,29",236,0,"100,00",44,"15,71",3,41,"14,64"
270570,OLHO D´ÁGUA DAS FLORES,AL,07/2022,445,228,"51,24",228,0,"100,00",217,"48,76",11,206,"46,29"
270570,OLHO D´ÁGUA DAS FLORES,AL,11/2022,450,232,"51,56",207,25,"89,22",218,"48,44",17,201,"44,67"
270570,OLHO D´ÁGUA DAS FLORES,AL,09/2022,442,65,"14,71",34,31,"52,31",377,"85,29",165,212,"47,96"
270580,OLHO D´ÁGUA DO CASADO,AL,07/2022,281,255,"90,75",255,0,"100,00",26,"9,25",2,24,"8,54"
270580,OLHO D´ÁGUA DO CASADO,AL,11/2022,293,272,"92,83",271,1,"99,63",21,"7,17",1,20,"6,83"
270580,OLHO D´ÁGUA DO CASADO,AL,09/2022,301,274,"91,03",274,0,"100,00",27,"8,97",4,23,"7,64"
270590,OLHO D´ÁGUA GRANDE,AL,09/2022,225,126,"56,00",117,9,"92,86",99,"44,00",5,94,"41,78"
270590,OLHO D´ÁGUA GRANDE,AL,11/2022,226,148,"65,49",139,9,"93,92",78,"34,51",0,78,"34,51"
270590,OLHO D´ÁGUA GRANDE,AL,07/2022,208,109,"52,40",109,0,"100,00",99,"47,60",8,91,"43,75"
270600,OLIVENÇA,AL,07/2022,288,200,"69,44",200,0,"100,00",88,"30,56",1,87,"30,21"
270600,OLIVENÇA,AL,11/2022,270,201,"74,44",169,32,"84,08",69,"25,56",0,69,"25,56"
270600,OLIVENÇA,AL,09/2022,280,204,"72,86",180,24,"88,24",76,"27,14",2,74,"26,43"
270610,OURO BRANCO,AL,07/2022,396,207,"52,27",207,0,"100,00",189,"47,73",1,188,"47,47"
270610,OURO BRANCO,AL,09/2022,414,330,"79,71",317,13,"96,06",84,"20,29",1,83,"20,05"
270610,OURO BRANCO,AL,11/2022,405,334,"82,47",322,12,"96,41",71,"17,53",1,70,"17,28"
270620,PALESTINA,AL,11/2022,159,117,"73,58",114,3,"97,44",42,"26,42",7,35,"22,01"
270620,PALESTINA,AL,07/2022,158,17,"10,76",17,0,"100,00",141,"89,24",99,42,"26,58"
270620,PALESTINA,AL,09/2022,161,123,"76,40",123,0,"100,00",38,"23,60",3,35,"21,74"
270630,PALMEIRA DOS ÍNDIOS,AL,11/2022,1826,946,"51,81",935,11,"98,84",880,"48,19",8,872,"47,75"
270630,PALMEIRA DOS ÍNDIOS,AL,07/2022,1779,930,"52,28",920,10,"98,92",849,"47,72",6,843,"47,39"
270630,PALMEIRA DOS ÍNDIOS,AL,09/2022,1883,946,"50,24",945,1,"99,89",937,"49,76",9,928,"49,28"
270640,PÃO DE AÇÚCAR,AL,11/2022,579,212,"36,61",209,3,"98,58",367,"63,39",3,364,"62,87"
270640,PÃO DE AÇÚCAR,AL,09/2022,599,226,"37,73",225,1,"99,56",373,"62,27",2,371,"61,94"
270640,PÃO DE AÇÚCAR,AL,07/2022,591,232,"39,26",220,12,"94,83",359,"60,74",15,344,"58,21"
270642,PARICONHA,AL,11/2022,331,240,"72,51",239,1,"99,58",91,"27,49",0,91,"27,49"
270642,PARICONHA,AL,09/2022,343,250,"72,89",239,11,"95,60",93,"27,11",0,93,"27,11"
270642,PARICONHA,AL,07/2022,336,313,"93,15",313,0,"100,00",23,"6,85",1,22,"6,55"
270644,PARIPUEIRA,AL,09/2022,402,170,"42,29",151,19,"88,82",232,"57,71",5,227,"56,47"
270644,PARIPUEIRA,AL,11/2022,397,196,"49,37",178,18,"90,82",201,"50,63",3,198,"49,87"
270644,PARIPUEIRA,AL,07/2022,362,148,"40,88",137,11,"92,57",214,"59,12",13,201,"55,52"
270650,PASSO DE CAMARAGIBE,AL,07/2022,447,402,"89,93",402,0,"100,00",45,"10,07",5,40,"8,95"
270650,PASSO DE CAMARAGIBE,AL,11/2022,477,475,"99,58",475,0,"100,00",2,"0,42",2,0,"0,00"
270650,PASSO DE CAMARAGIBE,AL,09/2022,483,480,"99,38",480,0,"100,00",3,"0,62",2,1,"0,21"
270660,PAULO JACINTO,AL,11/2022,196,118,"60,20",118,0,"100,00",78,"39,80",1,77,"39,29"
270660,PAULO JACINTO,AL,09/2022,205,155,"75,61",155,0,"100,00",50,"24,39",7,43,"20,98"
270660,PAULO JACINTO,AL,07/2022,194,45,"23,20",45,0,"100,00",149,"76,80",111,38,"19,59"
270670,PENEDO,AL,09/2022,1384,768,"55,49",747,21,"97,27",616,"44,51",45,571,"41,26"
270670,PENEDO,AL,07/2022,1298,757,"58,32",738,19,"97,49",541,"41,68",45,496,"38,21"
270670,PENEDO,AL,11/2022,1384,787,"56,86",776,11,"98,60",597,"43,14",49,548,"39,60"
270680,PIAÇABUÇU,AL,07/2022,514,284,"55,25",284,0,"100,00",230,"44,75",6,224,"43,58"
270680,PIAÇABUÇU,AL,11/2022,532,339,"63,72",339,0,"100,00",193,"36,28",5,188,"35,34"
270680,PIAÇABUÇU,AL,09/2022,549,321,"58,47",321,0,"100,00",228,"41,53",2,226,"41,17"
270690,PILAR,AL,07/2022,915,647,"70,71",626,21,"96,75",268,"29,29",5,263,"28,74"
270690,PILAR,AL,09/2022,976,656,"67,21",632,24,"96,34",320,"32,79",4,316,"32,38"
270690,PILAR,AL,11/2022,911,631,"69,26",620,11,"98,26",280,"30,74",5,275,"30,19"
270700,PINDOBA,AL,11/2022,59,6,"10,17",5,1,"83,33",53,"89,83",46,7,"11,86"
270700,PINDOBA,AL,09/2022,62,7,"11,29",5,2,"71,43",55,"88,71",45,10,"16,13"
270700,PINDOBA,AL,07/2022,66,46,"69,70",44,2,"95,65",20,"30,30",8,12,"18,18"
270710,PIRANHAS,AL,07/2022,745,574,"77,05",567,7,"98,78",171,"22,95",1,170,"22,82"
270710,PIRANHAS,AL,09/2022,775,436,"56,26",411,25,"94,27",339,"43,74",113,226,"29,16"
270710,PIRANHAS,AL,11/2022,746,525,"70,38",518,7,"98,67",221,"29,62",0,221,"29,62"
270720,POÇO DAS TRINCHEIRAS,AL,11/2022,430,309,"71,86",309,0,"100,00",121,"28,14",83,38,"8,84"
270720,POÇO DAS TRINCHEIRAS,AL,07/2022,434,391,"90,09",0,391,"0,00",43,"9,91",5,38,"8,76"
270720,POÇO DAS TRINCHEIRAS,AL,09/2022,448,407,"90,85",5,402,"1,23",41,"9,15",2,39,"8,71"
270730,PORTO CALVO,AL,11/2022,734,583,"79,43",582,1,"99,83",151,"20,57",7,144,"19,62"
270730,PORTO CALVO,AL,09/2022,781,614,"78,62",596,18,"97,07",167,"21,38",10,157,"20,10"
270730,PORTO CALVO,AL,07/2022,809,403,"49,81",385,18,"95,53",406,"50,19",52,354,"43,76"
270740,PORTO DE PEDRAS,AL,07/2022,224,196,"87,50",158,38,"80,61",28,"12,50",3,25,"11,16"
270740,PORTO DE PEDRAS,AL,11/2022,225,185,"82,22",185,0,"100,00",40,"17,78",4,36,"16,00"
270740,PORTO DE PEDRAS,AL,09/2022,239,202,"84,52",200,2,"99,01",37,"15,48",2,35,"14,64"
270750,PORTO REAL DO COLÉGIO,AL,09/2022,631,536,"84,94",536,0,"100,00",95,"15,06",2,93,"14,74"
270750,PORTO REAL DO COLÉGIO,AL,11/2022,602,508,"84,39",496,12,"97,64",94,"15,61",2,92,"15,28"
270750,PORTO REAL DO COLÉGIO,AL,07/2022,591,509,"86,13",509,0,"100,00",82,"13,87",3,79,"13,37"
270760,QUEBRANGULO,AL,09/2022,318,262,"82,39",262,0,"100,00",56,"17,61",3,53,"16,67"
270760,QUEBRANGULO,AL,07/2022,296,248,"83,78",248,0,"100,00",48,"16,22",3,45,"15,20"
270760,QUEBRANGULO,AL,11/2022,320,264,"82,50",264,0,"100,00",56,"17,50",5,51,"15,94"
270770,RIO LARGO,AL,07/2022,2010,1033,"51,39",905,128,"87,61",977,"48,61",590,387,"19,25"
270770,RIO LARGO,AL,09/2022,2201,1665,"75,65",1493,172,"89,67",536,"24,35",7,529,"24,03"
270770,RIO LARGO,AL,11/2022,2107,1563,"74,18",1556,7,"99,55",544,"25,82",11,533,"25,30"
270780,ROTEIRO,AL,09/2022,159,87,"54,72",78,9,"89,66",72,"45,28",1,71,"44,65"
270780,ROTEIRO,AL,07/2022,257,91,"35,41",91,0,"100,00",166,"64,59",101,65,"25,29"
270780,ROTEIRO,AL,11/2022,264,70,"26,52",62,8,"88,57",194,"73,48",116,78,"29,55"
270790,SANTA LUZIA DO NORTE,AL,09/2022,198,187,"94,44",186,1,"99,47",11,"5,56",0,11,"5,56"
270790,SANTA LUZIA DO NORTE,AL,07/2022,184,172,"93,48",170,2,"98,84",12,"6,52",1,11,"5,98"
270790,SANTA LUZIA DO NORTE,AL,11/2022,190,179,"94,21",178,1,"99,44",11,"5,79",0,11,"5,79"
270800,SANTANA DO IPANEMA,AL,11/2022,1294,754,"58,27",743,11,"98,54",540,"41,73",29,511,"39,49"
270800,SANTANA DO IPANEMA,AL,09/2022,1372,862,"62,83",861,1,"99,88",510,"37,17",28,482,"35,13"
270800,SANTANA DO IPANEMA,AL,07/2022,1297,571,"44,02",561,10,"98,25",726,"55,98",214,512,"39,48"
270810,SANTANA DO MUNDAÚ,AL,11/2022,311,180,"57,88",180,0,"100,00",131,"42,12",8,123,"39,55"
270810,SANTANA DO MUNDAÚ,AL,07/2022,316,305,"96,52",301,4,"98,69",11,"3,48",3,8,"2,53"
270810,SANTANA DO MUNDAÚ,AL,09/2022,324,221,"68,21",217,4,"98,19",103,"31,79",4,99,"30,56"
270820,SÃO BRÁS,AL,11/2022,183,150,"81,97",141,9,"94,00",33,"18,03",0,33,"18,03"
270820,SÃO BRÁS,AL,09/2022,181,145,"80,11",136,9,"93,79",36,"19,89",0,36,"19,89"
270820,SÃO BRÁS,AL,07/2022,171,134,"78,36",132,2,"98,51",37,"21,64",0,37,"21,64"
270830,SÃO JOSÉ DA LAJE,AL,11/2022,500,453,"90,60",438,15,"96,69",47,"9,40",2,45,"9,00"
270830,SÃO JOSÉ DA LAJE,AL,07/2022,492,450,"91,46",436,14,"96,89",42,"8,54",4,38,"7,72"
270830,SÃO JOSÉ DA LAJE,AL,09/2022,517,472,"91,30",469,3,"99,36",45,"8,70",7,38,"7,35"
270840,SÃO JOSÉ DA TAPERA,AL,07/2022,1051,816,"77,64",771,45,"94,49",235,"22,36",2,233,"22,17"
270840,SÃO JOSÉ DA TAPERA,AL,09/2022,1087,798,"73,41",778,20,"97,49",289,"26,59",10,279,"25,67"
270840,SÃO JOSÉ DA TAPERA,AL,11/2022,1042,781,"74,95",768,13,"98,34",261,"25,05",0,261,"25,05"
270850,SÃO LUÍS DO QUITUNDE,AL,09/2022,1050,536,"51,05",532,4,"99,25",514,"48,95",9,505,"48,10"
270850,SÃO LUÍS DO QUITUNDE,AL,11/2022,984,536,"54,47",529,7,"98,69",448,"45,53",8,440,"44,72"
270850,SÃO LUÍS DO QUITUNDE,AL,07/2022,958,109,"11,38",107,2,"98,17",849,"88,62",330,519,"54,18"
270860,SÃO MIGUEL DOS CAMPOS,AL,11/2022,1289,163,"12,65",156,7,"95,71",1126,"87,35",614,512,"39,72"
270860,SÃO MIGUEL DOS CAMPOS,AL,07/2022,1265,204,"16,13",171,33,"83,82",1061,"83,87",556,505,"39,92"
270860,SÃO MIGUEL DOS CAMPOS,AL,09/2022,1424,561,"39,40",555,6,"98,93",863,"60,60",325,538,"37,78"
270870,SÃO MIGUEL DOS MILAGRES,AL,11/2022,208,176,"84,62",176,0,"100,00",32,"15,38",2,30,"14,42"
270870,SÃO MIGUEL DOS MILAGRES,AL,07/2022,194,162,"83,51",162,0,"100,00",32,"16,49",3,29,"14,95"
270870,SÃO MIGUEL DOS MILAGRES,AL,09/2022,207,176,"85,02",175,1,"99,43",31,"14,98",2,29,"14,01"
270880,SÃO SEBASTIÃO,AL,11/2022,880,735,"83,52",735,0,"100,00",145,"16,48",2,143,"16,25"
270880,SÃO SEBASTIÃO,AL,07/2022,858,691,"80,54",660,31,"95,51",167,"19,46",10,157,"18,30"
270880,SÃO SEBASTIÃO,AL,09/2022,905,741,"81,88",717,24,"96,76",164,"18,12",8,156,"17,24"
270890,SATUBA,AL,11/2022,286,242,"84,62",224,18,"92,56",44,"15,38",2,42,"14,69"
270890,SATUBA,AL,09/2022,284,247,"86,97",213,34,"86,23",37,"13,03",3,34,"11,97"
270890,SATUBA,AL,07/2022,315,225,"71,43",215,10,"95,56",90,"28,57",43,47,"14,92"
270895,SENADOR RUI PALMEIRA,AL,07/2022,439,345,"78,59",345,0,"100,00",94,"21,41",2,92,"20,96"
270895,SENADOR RUI PALMEIRA,AL,09/2022,456,344,"75,44",337,7,"97,97",112,"24,56",4,108,"23,68"
270895,SENADOR RUI PALMEIRA,AL,11/2022,441,319,"72,34",313,6,"98,12",122,"27,66",3,119,"26,98"
270900,TANQUE D´ARCA,AL,07/2022,101,93,"92,08",89,4,"95,70",8,"7,92",0,8,"7,92"
270900,TANQUE D´ARCA,AL,11/2022,104,95,"91,35",95,0,"100,00",9,"8,65",0,9,"8,65"
270900,TANQUE D´ARCA,AL,09/2022,112,102,"91,07",102,0,"100,00",10,"8,93",1,9,"8,04"
270910,TAQUARANA,AL,09/2022,478,424,"88,70",420,4,"99,06",54,"11,30",8,46,"9,62"
270910,TAQUARANA,AL,11/2022,448,407,"90,85",407,0,"100,00",41,"9,15",1,40,"8,93"
270910,TAQUARANA,AL,07/2022,474,368,"77,64",363,5,"98,64",106,"22,36",1,105,"22,15"
270915,TEOTÔNIO VILELA,AL,07/2022,962,746,"77,55",728,18,"97,59",216,"22,45",7,209,"21,73"
270915,TEOTÔNIO VILELA,AL,09/2022,1023,878,"85,83",853,25,"97,15",145,"14,17",5,140,"13,69"
270915,TEOTÔNIO VILELA,AL,11/2022,1007,947,"94,04",880,67,"92,93",60,"5,96",8,52,"5,16"
270920,TRAIPU,AL,09/2022,659,614,"93,17",612,2,"99,67",45,"6,83",5,40,"6,07"
270920,TRAIPU,AL,07/2022,662,603,"91,09",595,8,"98,67",59,"8,91",4,55,"8,31"
270920,TRAIPU,AL,11/2022,640,600,"93,75",600,0,"100,00",40,"6,25",1,39,"6,09"
270930,UNIÃO DOS PALMARES,AL,07/2022,1570,1467,"93,44",1467,0,"100,00",103,"6,56",4,99,"6,31"
270930,UNIÃO DOS PALMARES,AL,09/2022,1699,1591,"93,64",1591,0,"100,00",108,"6,36",2,106,"6,24"
270930,UNIÃO DOS PALMARES,AL,11/2022,1588,1492,"93,95",1492,0,"100,00",96,"6,05",1,95,"5,98"
270940,VIÇOSA,AL,09/2022,718,564,"78,55",560,4,"99,29",154,"21,45",1,153,"21,31"
270940,VIÇOSA,AL,11/2022,692,516,"74,57",514,2,"99,61",176,"25,43",3,173,"25,00"
270940,VIÇOSA,AL,07/2022,707,567,"80,20",562,5,"99,12",140,"19,80",3,137,"19,38"
130002,ALVARÃES,AM,11/2022,680,537,"78,97",528,9,"98,32",143,"21,03",9,134,"19,71"
130002,ALVARÃES,AM,07/2022,678,210,"30,97",204,6,"97,14",468,"69,03",360,108,"15,93"
130002,ALVARÃES,AM,09/2022,703,507,"72,12",497,10,"98,03",196,"27,88",23,173,"24,61"
130006,AMATURÁ,AM,09/2022,334,246,"73,65",228,18,"92,68",88,"26,35",5,83,"24,85"
130006,AMATURÁ,AM,11/2022,345,239,"69,28",215,24,"89,96",106,"30,72",25,81,"23,48"
130006,AMATURÁ,AM,07/2022,313,228,"72,84",215,13,"94,30",85,"27,16",7,78,"24,92"
130008,ANAMÃ,AM,07/2022,415,300,"72,29",296,4,"98,67",115,"27,71",45,70,"16,87"
130008,ANAMÃ,AM,11/2022,416,307,"73,80",300,7,"97,72",109,"26,20",14,95,"22,84"
130008,ANAMÃ,AM,09/2022,433,346,"79,91",346,0,"100,00",87,"20,09",16,71,"16,40"
130010,ANORI,AM,09/2022,545,121,"22,20",112,9,"92,56",424,"77,80",310,114,"20,92"
130010,ANORI,AM,11/2022,556,440,"79,14",406,34,"92,27",116,"20,86",2,114,"20,50"
130010,ANORI,AM,07/2022,514,14,"2,72",11,3,"78,57",500,"97,28",414,86,"16,73"
130014,APUÍ,AM,07/2022,326,138,"42,33",124,14,"89,86",188,"57,67",83,105,"32,21"
130014,APUÍ,AM,11/2022,337,155,"45,99",127,28,"81,94",182,"54,01",9,173,"51,34"
130014,APUÍ,AM,09/2022,321,144,"44,86",130,14,"90,28",177,"55,14",77,100,"31,15"
130020,ATALAIA DO NORTE,AM,09/2022,576,353,"61,28",345,8,"97,73",223,"38,72",59,164,"28,47"
130020,ATALAIA DO NORTE,AM,07/2022,566,303,"53,53",303,0,"100,00",263,"46,47",84,179,"31,63"
130020,ATALAIA DO NORTE,AM,11/2022,591,279,"47,21",271,8,"97,13",312,"52,79",124,188,"31,81"
130030,AUTAZES,AM,07/2022,1623,1422,"87,62",1379,43,"96,98",201,"12,38",16,185,"11,40"
130030,AUTAZES,AM,11/2022,1615,1228,"76,04",1175,53,"95,68",387,"23,96",116,271,"16,78"
130030,AUTAZES,AM,09/2022,1665,1457,"87,51",1409,48,"96,71",208,"12,49",17,191,"11,47"
130040,BARCELOS,AM,09/2022,504,350,"69,44",350,0,"100,00",154,"30,56",91,63,"12,50"
130040,BARCELOS,AM,07/2022,475,289,"60,84",289,0,"100,00",186,"39,16",124,62,"13,05"
130040,BARCELOS,AM,11/2022,502,357,"71,12",357,0,"100,00",145,"28,88",68,77,"15,34"
130050,BARREIRINHA,AM,07/2022,1435,998,"69,55",905,93,"90,68",437,"30,45",217,220,"15,33"
130050,BARREIRINHA,AM,11/2022,1445,1143,"79,10",1055,88,"92,30",302,"20,90",281,21,"1,45"
130050,BARREIRINHA,AM,09/2022,1522,978,"64,26",890,88,"91,00",544,"35,74",331,213,"13,99"
130060,BENJAMIN CONSTANT,AM,09/2022,1522,1277,"83,90",1276,1,"99,92",245,"16,10",6,239,"15,70"
130060,BENJAMIN CONSTANT,AM,07/2022,1460,1219,"83,49",1219,0,"100,00",241,"16,51",2,239,"16,37"
130060,BENJAMIN CONSTANT,AM,11/2022,1532,1313,"85,70",1312,1,"99,92",219,"14,30",5,214,"13,97"
130063,BERURI,AM,11/2022,1060,795,"75,00",740,55,"93,08",265,"25,00",11,254,"23,96"
130063,BERURI,AM,07/2022,1091,797,"73,05",754,43,"94,60",294,"26,95",18,276,"25,30"
130063,BERURI,AM,09/2022,1113,844,"75,83",784,60,"92,89",269,"24,17",7,262,"23,54"
130068,BOA VISTA DO RAMOS,AM,09/2022,590,506,"85,76",442,64,"87,35",84,"14,24",14,70,"11,86"
130068,BOA VISTA DO RAMOS,AM,11/2022,556,505,"90,83",465,40,"92,08",51,"9,17",7,44,"7,91"
130068,BOA VISTA DO RAMOS,AM,07/2022,603,486,"80,60",451,35,"92,80",117,"19,40",8,109,"18,08"
130070,BOCA DO ACRE,AM,11/2022,1138,874,"76,80",871,3,"99,66",264,"23,20",31,233,"20,47"
130070,BOCA DO ACRE,AM,07/2022,1091,870,"79,74",851,19,"97,82",221,"20,26",23,198,"18,15"
130070,BOCA DO ACRE,AM,09/2022,1165,865,"74,25",852,13,"98,50",300,"25,75",75,225,"19,31"
130080,BORBA,AM,09/2022,1514,648,"42,80",573,75,"88,43",866,"57,20",17,849,"56,08"
130080,BORBA,AM,07/2022,1438,593,"41,24",550,43,"92,75",845,"58,76",37,808,"56,19"
130080,BORBA,AM,11/2022,1473,905,"61,44",846,59,"93,48",568,"38,56",8,560,"38,02"
130083,CAAPIRANGA,AM,11/2022,486,340,"69,96",328,12,"96,47",146,"30,04",104,42,"8,64"
130083,CAAPIRANGA,AM,07/2022,469,83,"17,70",74,9,"89,16",386,"82,30",329,57,"12,15"
130083,CAAPIRANGA,AM,09/2022,505,398,"78,81",390,8,"97,99",107,"21,19",32,75,"14,85"
130090,CANUTAMA,AM,09/2022,516,416,"80,62",416,0,"100,00",100,"19,38",28,72,"13,95"
130090,CANUTAMA,AM,11/2022,496,404,"81,45",403,1,"99,75",92,"18,55",8,84,"16,94"
130090,CANUTAMA,AM,07/2022,500,307,"61,40",307,0,"100,00",193,"38,60",131,62,"12,40"
130100,CARAUARI,AM,07/2022,1202,556,"46,26",531,25,"95,50",646,"53,74",95,551,"45,84"
130100,CARAUARI,AM,11/2022,1246,700,"56,18",661,39,"94,43",546,"43,82",5,541,"43,42"
130100,CARAUARI,AM,09/2022,1256,607,"48,33",595,12,"98,02",649,"51,67",23,626,"49,84"
130110,CAREIRO,AM,09/2022,1116,812,"72,76",795,17,"97,91",304,"27,24",3,301,"26,97"
130110,CAREIRO,AM,11/2022,1119,831,"74,26",821,10,"98,80",288,"25,74",1,287,"25,65"
130110,CAREIRO,AM,07/2022,1025,461,"44,98",352,109,"76,36",564,"55,02",291,273,"26,63"
130115,CAREIRO DA VÁRZEA,AM,11/2022,711,508,"71,45",507,1,"99,80",203,"28,55",4,199,"27,99"
130115,CAREIRO DA VÁRZEA,AM,07/2022,713,492,"69,00",480,12,"97,56",221,"31,00",21,200,"28,05"
130115,CAREIRO DA VÁRZEA,AM,09/2022,733,505,"68,89",502,3,"99,41",228,"31,11",19,209,"28,51"
130120,COARI,AM,09/2022,2842,2141,"75,33",2134,7,"99,67",701,"24,67",73,628,"22,10"
130120,COARI,AM,11/2022,2836,2017,"71,12",1986,31,"98,46",819,"28,88",198,621,"21,90"
130120,COARI,AM,07/2022,2640,1014,"38,41",1003,11,"98,92",1626,"61,59",1057,569,"21,55"
130130,CODAJÁS,AM,11/2022,882,792,"89,80",792,0,"100,00",90,"10,20",0,90,"10,20"
130130,CODAJÁS,AM,07/2022,830,692,"83,37",692,0,"100,00",138,"16,63",6,132,"15,90"
130130,CODAJÁS,AM,09/2022,887,760,"85,68",760,0,"100,00",127,"14,32",2,125,"14,09"
130140,EIRUNEPÉ,AM,09/2022,1552,1061,"68,36",1061,0,"100,00",491,"31,64",353,138,"8,89"
130140,EIRUNEPÉ,AM,07/2022,1492,1264,"84,72",1264,0,"100,00",228,"15,28",97,131,"8,78"
130140,EIRUNEPÉ,AM,11/2022,1549,1415,"91,35",1415,0,"100,00",134,"8,65",1,133,"8,59"
130150,ENVIRA,AM,11/2022,714,386,"54,06",369,17,"95,60",328,"45,94",239,89,"12,46"
130150,ENVIRA,AM,07/2022,680,214,"31,47",195,19,"91,12",466,"68,53",382,84,"12,35"
130150,ENVIRA,AM,09/2022,709,325,"45,84",301,24,"92,62",384,"54,16",290,94,"13,26"
130160,FONTE BOA,AM,09/2022,1005,925,"92,04",925,0,"100,00",80,"7,96",42,38,"3,78"
130160,FONTE BOA,AM,07/2022,954,909,"95,28",908,1,"99,89",45,"4,72",10,35,"3,67"
130160,FONTE BOA,AM,11/2022,978,927,"94,79",927,0,"100,00",51,"5,21",18,33,"3,37"
130165,GUAJARÁ,AM,07/2022,658,438,"66,57",403,35,"92,01",220,"33,43",18,202,"30,70"
130165,GUAJARÁ,AM,11/2022,683,438,"64,13",408,30,"93,15",245,"35,87",24,221,"32,36"
130165,GUAJARÁ,AM,09/2022,692,433,"62,57",397,36,"91,69",259,"37,43",27,232,"33,53"
130170,HUMAITÁ,AM,09/2022,1724,1157,"67,11",1112,45,"96,11",567,"32,89",161,406,"23,55"
130170,HUMAITÁ,AM,07/2022,1650,1062,"64,36",996,66,"93,79",588,"35,64",110,478,"28,97"
130170,HUMAITÁ,AM,11/2022,1656,1184,"71,50",1140,44,"96,28",472,"28,50",85,387,"23,37"
130180,IPIXUNA,AM,07/2022,750,612,"81,60",612,0,"100,00",138,"18,40",20,118,"15,73"
130180,IPIXUNA,AM,11/2022,815,684,"83,93",674,10,"98,54",131,"16,07",8,123,"15,09"
130180,IPIXUNA,AM,09/2022,797,661,"82,94",661,0,"100,00",136,"17,06",3,133,"16,69"
130185,IRANDUBA,AM,09/2022,2221,1807,"81,36",1789,18,"99,00",414,"18,64",103,311,"14,00"
130185,IRANDUBA,AM,11/2022,2190,1821,"83,15",1798,23,"98,74",369,"16,85",43,326,"14,89"
130185,IRANDUBA,AM,07/2022,2098,1686,"80,36",1682,4,"99,76",412,"19,64",173,239,"11,39"
130190,ITACOATIARA,AM,07/2022,2999,1767,"58,92",1747,20,"98,87",1232,"41,08",102,1130,"37,68"
130190,ITACOATIARA,AM,11/2022,3162,1740,"55,03",1723,17,"99,02",1422,"44,97",15,1407,"44,50"
130190,ITACOATIARA,AM,09/2022,3210,1888,"58,82",1884,4,"99,79",1322,"41,18",23,1299,"40,47"
130195,ITAMARATI,AM,09/2022,473,432,"91,33",432,0,"100,00",41,"8,67",4,37,"7,82"
130195,ITAMARATI,AM,07/2022,460,355,"77,17",355,0,"100,00",105,"22,83",66,39,"8,48"
130195,ITAMARATI,AM,11/2022,472,427,"90,47",427,0,"100,00",45,"9,53",3,42,"8,90"
130200,ITAPIRANGA,AM,11/2022,357,202,"56,58",202,0,"100,00",155,"43,42",102,53,"14,85"
130200,ITAPIRANGA,AM,07/2022,326,0,"0,00",0,0,,326,"100,00",282,44,"13,50"
130200,ITAPIRANGA,AM,09/2022,350,208,"59,43",207,1,"99,52",142,"40,57",89,53,"15,14"
130210,JAPURÁ,AM,09/2022,300,272,"90,67",272,0,"100,00",28,"9,33",12,16,"5,33"
130210,JAPURÁ,AM,11/2022,301,278,"92,36",278,0,"100,00",23,"7,64",4,19,"6,31"
130210,JAPURÁ,AM,07/2022,275,223,"81,09",223,0,"100,00",52,"18,91",39,13,"4,73"
130220,JURUÁ,AM,11/2022,441,387,"87,76",387,0,"100,00",54,"12,24",3,51,"11,56"
130220,JURUÁ,AM,07/2022,450,372,"82,67",346,26,"93,01",78,"17,33",16,62,"13,78"
130220,JURUÁ,AM,09/2022,456,42,"9,21",42,0,"100,00",414,"90,79",347,67,"14,69"
130230,JUTAÍ,AM,09/2022,1165,772,"66,27",633,139,"81,99",393,"33,73",42,351,"30,13"
130230,JUTAÍ,AM,07/2022,1116,728,"65,23",693,35,"95,19",388,"34,77",87,301,"26,97"
130230,JUTAÍ,AM,11/2022,1135,822,"72,42",685,137,"83,33",313,"27,58",17,296,"26,08"
130240,LÁBREA,AM,11/2022,1573,932,"59,25",920,12,"98,71",641,"40,75",65,576,"36,62"
130240,LÁBREA,AM,07/2022,1621,424,"26,16",421,3,"99,29",1197,"73,84",826,371,"22,89"
130240,LÁBREA,AM,09/2022,1618,548,"33,87",547,1,"99,82",1070,"66,13",505,565,"34,92"
130250,MANACAPURU,AM,09/2022,4054,3367,"83,05",3334,33,"99,02",687,"16,95",213,474,"11,69"
130250,MANACAPURU,AM,11/2022,3954,3117,"78,83",3086,31,"99,01",837,"21,17",367,470,"11,89"
130250,MANACAPURU,AM,07/2022,3828,2428,"63,43",2399,29,"98,81",1400,"36,57",961,439,"11,47"
130255,MANAQUIRI,AM,07/2022,560,491,"87,68",491,0,"100,00",69,"12,32",15,54,"9,64"
130255,MANAQUIRI,AM,11/2022,578,533,"92,21",531,2,"99,62",45,"7,79",1,44,"7,61"
130255,MANAQUIRI,AM,09/2022,598,535,"89,46",533,2,"99,63",63,"10,54",6,57,"9,53"
130260,MANAUS,AM,09/2022,34285,23148,"67,52",22065,1083,"95,32",11137,"32,48",661,10476,"30,56"
130260,MANAUS,AM,11/2022,35035,24297,"69,35",23244,1053,"95,67",10738,"30,65",178,10560,"30,14"
130260,MANAUS,AM,07/2022,31155,20572,"66,03",19518,1054,"94,88",10583,"33,97",1020,9563,"30,69"
130270,MANICORÉ,AM,11/2022,1684,837,"49,70",795,42,"94,98",847,"50,30",40,807,"47,92"
130270,MANICORÉ,AM,07/2022,1635,614,"37,55",571,43,"93,00",1021,"62,45",412,609,"37,25"
130270,MANICORÉ,AM,09/2022,1690,827,"48,93",782,45,"94,56",863,"51,07",53,810,"47,93"
130280,MARAÃ,AM,09/2022,861,680,"78,98",679,1,"99,85",181,"21,02",103,78,"9,06"
130280,MARAÃ,AM,11/2022,828,733,"88,53",727,6,"99,18",95,"11,47",7,88,"10,63"
130280,MARAÃ,AM,07/2022,851,702,"82,49",702,0,"100,00",149,"17,51",75,74,"8,70"
130290,MAUÉS,AM,11/2022,2405,1414,"58,79",1397,17,"98,80",991,"41,21",421,570,"23,70"
130290,MAUÉS,AM,07/2022,2330,1027,"44,08",995,32,"96,88",1303,"55,92",751,552,"23,69"
130290,MAUÉS,AM,09/2022,2444,1132,"46,32",1101,31,"97,26",1312,"53,68",705,607,"24,84"
130300,NHAMUNDÁ,AM,09/2022,788,743,"94,29",736,7,"99,06",45,"5,71",7,38,"4,82"
130300,NHAMUNDÁ,AM,11/2022,774,731,"94,44",730,1,"99,86",43,"5,56",2,41,"5,30"
130300,NHAMUNDÁ,AM,07/2022,741,695,"93,79",694,1,"99,86",46,"6,21",6,40,"5,40"
130310,NOVA OLINDA DO NORTE,AM,11/2022,1122,574,"51,16",572,2,"99,65",548,"48,84",4,544,"48,48"
130310,NOVA OLINDA DO NORTE,AM,07/2022,1020,247,"24,22",214,33,"86,64",773,"75,78",270,503,"49,31"
130310,NOVA OLINDA DO NORTE,AM,09/2022,1113,318,"28,57",289,29,"90,88",795,"71,43",130,665,"59,75"
130320,NOVO AIRÃO,AM,09/2022,547,408,"74,59",407,1,"99,75",139,"25,41",13,126,"23,03"
130320,NOVO AIRÃO,AM,11/2022,547,430,"78,61",429,1,"99,77",117,"21,39",0,117,"21,39"
130320,NOVO AIRÃO,AM,07/2022,527,402,"76,28",402,0,"100,00",125,"23,72",54,71,"13,47"
130330,NOVO ARIPUANÃ,AM,11/2022,789,313,"39,67",313,0,"100,00",476,"60,33",351,125,"15,84"
130330,NOVO ARIPUANÃ,AM,07/2022,775,178,"22,97",177,1,"99,44",597,"77,03",454,143,"18,45"
130330,NOVO ARIPUANÃ,AM,09/2022,818,616,"75,31",616,0,"100,00",202,"24,69",65,137,"16,75"
130340,PARINTINS,AM,09/2022,4019,3378,"84,05",3331,47,"98,61",641,"15,95",53,588,"14,63"
130340,PARINTINS,AM,11/2022,3865,3169,"81,99",3157,12,"99,62",696,"18,01",71,625,"16,17"
130340,PARINTINS,AM,07/2022,3918,3500,"89,33",3500,0,"100,00",418,"10,67",118,300,"7,66"
130350,PAUINI,AM,07/2022,698,562,"80,52",562,0,"100,00",136,"19,48",26,110,"15,76"
130350,PAUINI,AM,11/2022,780,648,"83,08",643,5,"99,23",132,"16,92",21,111,"14,23"
130350,PAUINI,AM,09/2022,782,622,"79,54",622,0,"100,00",160,"20,46",25,135,"17,26"
130353,PRESIDENTE FIGUEIREDO,AM,09/2022,898,338,"37,64",301,37,"89,05",560,"62,36",6,554,"61,69"
130353,PRESIDENTE FIGUEIREDO,AM,11/2022,897,376,"41,92",345,31,"91,76",521,"58,08",18,503,"56,08"
130353,PRESIDENTE FIGUEIREDO,AM,07/2022,824,270,"32,77",248,22,"91,85",554,"67,23",54,500,"60,68"
130356,RIO PRETO DA EVA,AM,07/2022,726,360,"49,59",359,1,"99,72",366,"50,41",195,171,"23,55"
130356,RIO PRETO DA EVA,AM,11/2022,747,280,"37,48",280,0,"100,00",467,"62,52",233,234,"31,33"
130356,RIO PRETO DA EVA,AM,09/2022,747,277,"37,08",250,27,"90,25",470,"62,92",220,250,"33,47"
130360,SANTA ISABEL DO RIO NEGRO,AM,09/2022,522,317,"60,73",315,2,"99,37",205,"39,27",10,195,"37,36"
130360,SANTA ISABEL DO RIO NEGRO,AM,11/2022,523,352,"67,30",351,1,"99,72",171,"32,70",7,164,"31,36"
130360,SANTA ISABEL DO RIO NEGRO,AM,07/2022,507,315,"62,13",307,8,"97,46",192,"37,87",15,177,"34,91"
130370,SANTO ANTÔNIO DO IÇÁ,AM,11/2022,1106,406,"36,71",404,2,"99,51",700,"63,29",620,80,"7,23"
130370,SANTO ANTÔNIO DO IÇÁ,AM,07/2022,1072,35,"3,26",29,6,"82,86",1037,"96,74",956,81,"7,56"
130370,SANTO ANTÔNIO DO IÇÁ,AM,09/2022,1126,385,"34,19",382,3,"99,22",741,"65,81",660,81,"7,19"
130380,SÃO GABRIEL DA CACHOEIRA,AM,09/2022,1687,957,"56,73",605,352,"63,22",730,"43,27",196,534,"31,65"
130380,SÃO GABRIEL DA CACHOEIRA,AM,11/2022,1749,616,"35,22",445,171,"72,24",1133,"64,78",624,509,"29,10"
130380,SÃO GABRIEL DA CACHOEIRA,AM,07/2022,1617,783,"48,42",528,255,"67,43",834,"51,58",338,496,"30,67"
130390,SÃO PAULO DE OLIVENÇA,AM,07/2022,1186,110,"9,27",102,8,"92,73",1076,"90,73",751,325,"27,40"
130390,SÃO PAULO DE OLIVENÇA,AM,11/2022,1241,809,"65,19",795,14,"98,27",432,"34,81",31,401,"32,31"
130390,SÃO PAULO DE OLIVENÇA,AM,09/2022,1251,822,"65,71",768,54,"93,43",429,"34,29",11,418,"33,41"
130395,SÃO SEBASTIÃO DO UATUMÃ,AM,09/2022,301,170,"56,48",162,8,"95,29",131,"43,52",15,116,"38,54"
130395,SÃO SEBASTIÃO DO UATUMÃ,AM,11/2022,304,206,"67,76",200,6,"97,09",98,"32,24",3,95,"31,25"
130395,SÃO SEBASTIÃO DO UATUMÃ,AM,07/2022,279,128,"45,88",104,24,"81,25",151,"54,12",68,83,"29,75"
130400,SILVES,AM,07/2022,394,330,"83,76",330,0,"100,00",64,"16,24",13,51,"12,94"
130400,SILVES,AM,11/2022,399,309,"77,44",309,0,"100,00",90,"22,56",2,88,"22,06"
130400,SILVES,AM,09/2022,411,311,"75,67",311,0,"100,00",100,"24,33",12,88,"21,41"
130406,TABATINGA,AM,09/2022,1930,989,"51,24",942,47,"95,25",941,"48,76",5,936,"48,50"
130406,TABATINGA,AM,11/2022,1898,906,"47,73",877,29,"96,80",992,"52,27",5,987,"52,00"
130406,TABATINGA,AM,07/2022,1845,996,"53,98",983,13,"98,69",849,"46,02",21,828,"44,88"
130410,TAPAUÁ,AM,07/2022,695,608,"87,48",603,5,"99,18",87,"12,52",12,75,"10,79"
130410,TAPAUÁ,AM,11/2022,730,630,"86,30",621,9,"98,57",100,"13,70",15,85,"11,64"
130410,TAPAUÁ,AM,09/2022,729,633,"86,83",631,2,"99,68",96,"13,17",10,86,"11,80"
130420,TEFÉ,AM,09/2022,2728,703,"25,77",574,129,"81,65",2025,"74,23",1451,574,"21,04"
130420,TEFÉ,AM,11/2022,2736,1894,"69,23",1728,166,"91,24",842,"30,77",94,748,"27,34"
130420,TEFÉ,AM,07/2022,2574,545,"21,17",408,137,"74,86",2029,"78,83",1484,545,"21,17"
130423,TONANTINS,AM,11/2022,709,415,"58,53",408,7,"98,31",294,"41,47",142,152,"21,44"
130423,TONANTINS,AM,07/2022,718,96,"13,37",92,4,"95,83",622,"86,63",551,71,"9,89"
130423,TONANTINS,AM,09/2022,745,317,"42,55",284,33,"89,59",428,"57,45",337,91,"12,21"
130426,UARINI,AM,09/2022,726,589,"81,13",585,4,"99,32",137,"18,87",12,125,"17,22"
130426,UARINI,AM,11/2022,717,607,"84,66",601,6,"99,01",110,"15,34",1,109,"15,20"
130426,UARINI,AM,07/2022,684,543,"79,39",542,1,"99,82",141,"20,61",20,121,"17,69"
130430,URUCARÁ,AM,11/2022,571,518,"90,72",518,0,"100,00",53,"9,28",16,37,"6,48"
130430,URUCARÁ,AM,07/2022,554,489,"88,27",489,0,"100,00",65,"11,73",27,38,"6,86"
130430,URUCARÁ,AM,09/2022,599,533,"88,98",533,0,"100,00",66,"11,02",22,44,"7,35"
130440,URUCURITUBA,AM,09/2022,709,513,"72,36",497,16,"96,88",196,"27,64",22,174,"24,54"
130440,URUCURITUBA,AM,07/2022,686,215,"31,34",202,13,"93,95",471,"68,66",319,152,"22,16"
130440,URUCURITUBA,AM,11/2022,693,510,"73,59",494,16,"96,86",183,"26,41",17,166,"23,95"
160005,SERRA DO NAVIO,AP,07/2022,127,79,"62,20",79,0,"100,00",48,"37,80",4,44,"34,65"
160005,SERRA DO NAVIO,AP,11/2022,139,80,"57,55",80,0,"100,00",59,"42,45",27,32,"23,02"
160005,SERRA DO NAVIO,AP,09/2022,138,0,"0,00",0,0,,138,"100,00",94,44,"31,88"
160010,AMAPÁ,AP,11/2022,304,187,"61,51",174,13,"93,05",117,"38,49",19,98,"32,24"
160010,AMAPÁ,AP,09/2022,324,69,"21,30",62,7,"89,86",255,"78,70",155,100,"30,86"
160010,AMAPÁ,AP,07/2022,300,103,"34,33",3,100,"2,91",197,"65,67",119,78,"26,00"
160015,PEDRA BRANCA DO AMAPARI,AP,07/2022,435,353,"81,15",353,0,"100,00",82,"18,85",5,77,"17,70"
160015,PEDRA BRANCA DO AMAPARI,AP,09/2022,457,365,"79,87",363,2,"99,45",92,"20,13",7,85,"18,60"
160015,PEDRA BRANCA DO AMAPARI,AP,11/2022,427,375,"87,82",374,1,"99,73",52,"12,18",5,47,"11,01"
160020,CALÇOENE,AP,09/2022,355,99,"27,89",99,0,"100,00",256,"72,11",222,34,"9,58"
160020,CALÇOENE,AP,11/2022,362,297,"82,04",297,0,"100,00",65,"17,96",2,63,"17,40"
160020,CALÇOENE,AP,07/2022,314,143,"45,54",143,0,"100,00",171,"54,46",149,22,"7,01"
160021,CUTIAS,AP,07/2022,188,0,"0,00",0,0,,188,"100,00",150,38,"20,21"
160021,CUTIAS,AP,11/2022,197,23,"11,68",23,0,"100,00",174,"88,32",132,42,"21,32"
160021,CUTIAS,AP,09/2022,213,0,"0,00",0,0,,213,"100,00",170,43,"20,19"
160023,FERREIRA GOMES,AP,09/2022,213,37,"17,37",36,1,"97,30",176,"82,63",172,4,"1,88"
160023,FERREIRA GOMES,AP,11/2022,203,95,"46,80",49,46,"51,58",108,"53,20",22,86,"42,36"
160023,FERREIRA GOMES,AP,07/2022,221,212,"95,93",67,145,"31,60",9,"4,07",8,1,"0,45"
160025,ITAUBAL,AP,07/2022,258,0,"0,00",0,0,,258,"100,00",211,47,"18,22"
160025,ITAUBAL,AP,09/2022,268,0,"0,00",0,0,,268,"100,00",218,50,"18,66"
160025,ITAUBAL,AP,11/2022,293,237,"80,89",237,0,"100,00",56,"19,11",5,51,"17,41"
160027,LARANJAL DO JARI,AP,11/2022,1116,948,"84,95",937,11,"98,84",168,"15,05",22,146,"13,08"
160027,LARANJAL DO JARI,AP,09/2022,1156,819,"70,85",780,39,"95,24",337,"29,15",180,157,"13,58"
160027,LARANJAL DO JARI,AP,07/2022,1089,676,"62,08",107,569,"15,83",413,"37,92",198,215,"19,74"
160030,MACAPÁ,AP,07/2022,8614,4447,"51,63",3150,1297,"70,83",4167,"48,37",666,3501,"40,64"
160030,MACAPÁ,AP,11/2022,9484,4599,"48,49",4450,149,"96,76",4885,"51,51",891,3994,"42,11"
160030,MACAPÁ,AP,09/2022,9388,2354,"25,07",2244,110,"95,33",7034,"74,93",3199,3835,"40,85"
160040,MAZAGÃO,AP,09/2022,1043,30,"2,88",30,0,"100,00",1013,"97,12",884,129,"12,37"
160040,MAZAGÃO,AP,11/2022,1005,50,"4,98",50,0,"100,00",955,"95,02",811,144,"14,33"
160040,MAZAGÃO,AP,07/2022,981,151,"15,39",148,3,"98,01",830,"84,61",714,116,"11,82"
160050,OIAPOQUE,AP,07/2022,608,565,"92,93",565,0,"100,00",43,"7,07",14,29,"4,77"
160050,OIAPOQUE,AP,09/2022,675,648,"96,00",648,0,"100,00",27,"4,00",19,8,"1,19"
160050,OIAPOQUE,AP,11/2022,683,669,"97,95",669,0,"100,00",14,"2,05",3,11,"1,61"
160053,PORTO GRANDE,AP,11/2022,642,513,"79,91",510,3,"99,42",129,"20,09",12,117,"18,22"
160053,PORTO GRANDE,AP,09/2022,626,130,"20,77",125,5,"96,15",496,"79,23",448,48,"7,67"
160053,PORTO GRANDE,AP,07/2022,577,0,"0,00",0,0,,577,"100,00",543,34,"5,89"
160055,PRACUÚBA,AP,07/2022,142,0,"0,00",0,0,,142,"100,00",127,15,"10,56"
160055,PRACUÚBA,AP,11/2022,146,0,"0,00",0,0,,146,"100,00",125,21,"14,38"
160055,PRACUÚBA,AP,09/2022,152,0,"0,00",0,0,,152,"100,00",133,19,"12,50"
160060,SANTANA,AP,09/2022,3229,397,"12,29",396,1,"99,75",2832,"87,71",2248,584,"18,09"
160060,SANTANA,AP,11/2022,3192,846,"26,50",822,24,"97,16",2346,"73,50",1590,756,"23,68"
160060,SANTANA,AP,07/2022,2942,709,"24,10",283,426,"39,92",2233,"75,90",1760,473,"16,08"
160070,TARTARUGALZINHO,AP,07/2022,513,278,"54,19",258,20,"92,81",235,"45,81",64,171,"33,33"
160070,TARTARUGALZINHO,AP,09/2022,553,246,"44,48",229,17,"93,09",307,"55,52",150,157,"28,39"
160070,TARTARUGALZINHO,AP,11/2022,525,347,"66,10",312,35,"89,91",178,"33,90",30,148,"28,19"
160080,VITÓRIA DO JARI,AP,09/2022,472,4,"0,85",4,0,"100,00",468,"99,15",443,25,"5,30"
160080,VITÓRIA DO JARI,AP,11/2022,471,445,"94,48",443,2,"99,55",26,"5,52",0,26,"5,52"
160080,VITÓRIA DO JARI,AP,07/2022,452,424,"93,81",424,0,"100,00",28,"6,19",3,25,"5,53"
290010,ABAÍRA,BA,07/2022,162,142,"87,65",142,0,"100,00",20,"12,35",0,20,"12,35"
290010,ABAÍRA,BA,11/2022,156,135,"86,54",135,0,"100,00",21,"13,46",0,21,"13,46"
290010,ABAÍRA,BA,09/2022,159,84,"52,83",79,5,"94,05",75,"47,17",50,25,"15,72"
290020,ABARÉ,BA,09/2022,623,501,"80,42",501,0,"100,00",122,"19,58",16,106,"17,01"
290020,ABARÉ,BA,11/2022,569,362,"63,62",357,5,"98,62",207,"36,38",49,158,"27,77"
290020,ABARÉ,BA,07/2022,607,125,"20,59",125,0,"100,00",482,"79,41",405,77,"12,69"
290030,ACAJUTIBA,BA,07/2022,430,297,"69,07",294,3,"98,99",133,"30,93",0,133,"30,93"
290030,ACAJUTIBA,BA,11/2022,416,297,"71,39",294,3,"98,99",119,"28,61",0,119,"28,61"
290030,ACAJUTIBA,BA,09/2022,444,297,"66,89",296,1,"99,66",147,"33,11",2,145,"32,66"
290035,ADUSTINA,BA,11/2022,360,285,"79,17",281,4,"98,60",75,"20,83",1,74,"20,56"
290035,ADUSTINA,BA,07/2022,358,284,"79,33",261,23,"91,90",74,"20,67",3,71,"19,83"
290035,ADUSTINA,BA,09/2022,367,284,"77,38",277,7,"97,54",83,"22,62",1,82,"22,34"
290040,ÁGUA FRIA,BA,07/2022,353,279,"79,04",279,0,"100,00",74,"20,96",36,38,"10,76"
290040,ÁGUA FRIA,BA,11/2022,369,324,"87,80",324,0,"100,00",45,"12,20",2,43,"11,65"
290040,ÁGUA FRIA,BA,09/2022,371,329,"88,68",306,23,"93,01",42,"11,32",3,39,"10,51"
290050,ÉRICO CARDOSO,BA,07/2022,230,220,"95,65",183,37,"83,18",10,"4,35",1,9,"3,91"
290050,ÉRICO CARDOSO,BA,11/2022,215,208,"96,74",172,36,"82,69",7,"3,26",2,5,"2,33"
290050,ÉRICO CARDOSO,BA,09/2022,229,217,"94,76",179,38,"82,49",12,"5,24",7,5,"2,18"
290060,AIQUARA,BA,09/2022,123,93,"75,61",84,9,"90,32",30,"24,39",0,30,"24,39"
290060,AIQUARA,BA,07/2022,119,91,"76,47",86,5,"94,51",28,"23,53",0,28,"23,53"
290060,AIQUARA,BA,11/2022,122,90,"73,77",77,13,"85,56",32,"26,23",0,32,"26,23"
290070,ALAGOINHAS,BA,07/2022,2719,1738,"63,92",1729,9,"99,48",981,"36,08",15,966,"35,53"
290070,ALAGOINHAS,BA,09/2022,2856,577,"20,20",569,8,"98,61",2279,"79,80",1303,976,"34,17"
290070,ALAGOINHAS,BA,11/2022,2855,1761,"61,68",1723,38,"97,84",1094,"38,32",21,1073,"37,58"
290080,ALCOBAÇA,BA,09/2022,636,491,"77,20",467,24,"95,11",145,"22,80",25,120,"18,87"
290080,ALCOBAÇA,BA,07/2022,613,214,"34,91",205,9,"95,79",399,"65,09",239,160,"26,10"
290080,ALCOBAÇA,BA,11/2022,578,266,"46,02",238,28,"89,47",312,"53,98",215,97,"16,78"
290090,ALMADINA,BA,07/2022,120,85,"70,83",85,0,"100,00",35,"29,17",31,4,"3,33"
290090,ALMADINA,BA,11/2022,119,85,"71,43",85,0,"100,00",34,"28,57",29,5,"4,20"
290090,ALMADINA,BA,09/2022,123,117,"95,12",117,0,"100,00",6,"4,88",1,5,"4,07"
290100,AMARGOSA,BA,09/2022,837,545,"65,11",534,11,"97,98",292,"34,89",4,288,"34,41"
290100,AMARGOSA,BA,07/2022,807,526,"65,18",514,12,"97,72",281,"34,82",3,278,"34,45"
290100,AMARGOSA,BA,11/2022,802,700,"87,28",688,12,"98,29",102,"12,72",2,100,"12,47"
290110,AMÉLIA RODRIGUES,BA,07/2022,538,439,"81,60",438,1,"99,77",99,"18,40",1,98,"18,22"
290110,AMÉLIA RODRIGUES,BA,11/2022,524,479,"91,41",462,17,"96,45",45,"8,59",6,39,"7,44"
290110,AMÉLIA RODRIGUES,BA,09/2022,538,487,"90,52",474,13,"97,33",51,"9,48",5,46,"8,55"
290115,AMÉRICA DOURADA,BA,11/2022,457,393,"86,00",373,20,"94,91",64,"14,00",35,29,"6,35"
290115,AMÉRICA DOURADA,BA,09/2022,459,435,"94,77",384,51,"88,28",24,"5,23",3,21,"4,58"
290115,AMÉRICA DOURADA,BA,07/2022,454,397,"87,44",349,48,"87,91",57,"12,56",9,48,"10,57"
290120,ANAGÉ,BA,07/2022,578,527,"91,18",527,0,"100,00",51,"8,82",4,47,"8,13"
290120,ANAGÉ,BA,09/2022,607,554,"91,27",554,0,"100,00",53,"8,73",2,51,"8,40"
290120,ANAGÉ,BA,11/2022,610,556,"91,15",556,0,"100,00",54,"8,85",1,53,"8,69"
290130,ANDARAÍ,BA,07/2022,369,269,"72,90",259,10,"96,28",100,"27,10",14,86,"23,31"
290130,ANDARAÍ,BA,11/2022,374,216,"57,75",207,9,"95,83",158,"42,25",75,83,"22,19"
290130,ANDARAÍ,BA,09/2022,392,230,"58,67",220,10,"95,65",162,"41,33",72,90,"22,96"
290135,ANDORINHA,BA,11/2022,305,227,"74,43",213,14,"93,83",78,"25,57",7,71,"23,28"
290135,ANDORINHA,BA,07/2022,322,233,"72,36",222,11,"95,28",89,"27,64",36,53,"16,46"
290135,ANDORINHA,BA,09/2022,323,207,"64,09",191,16,"92,27",116,"35,91",38,78,"24,15"
290140,ANGICAL,BA,11/2022,389,329,"84,58",319,10,"96,96",60,"15,42",0,60,"15,42"
290140,ANGICAL,BA,09/2022,416,345,"82,93",326,19,"94,49",71,"17,07",0,71,"17,07"
290140,ANGICAL,BA,07/2022,400,276,"69,00",270,6,"97,83",124,"31,00",48,76,"19,00"
290150,ANGUERA,BA,07/2022,237,173,"73,00",173,0,"100,00",64,"27,00",25,39,"16,46"
290150,ANGUERA,BA,09/2022,246,216,"87,80",216,0,"100,00",30,"12,20",4,26,"10,57"
290150,ANGUERA,BA,11/2022,235,214,"91,06",192,22,"89,72",21,"8,94",0,21,"8,94"
290160,ANTAS,BA,11/2022,308,244,"79,22",244,0,"100,00",64,"20,78",0,64,"20,78"
290160,ANTAS,BA,07/2022,324,261,"80,56",259,2,"99,23",63,"19,44",10,53,"16,36"
290160,ANTAS,BA,09/2022,328,265,"80,79",264,1,"99,62",63,"19,21",1,62,"18,90"
290170,ANTÔNIO CARDOSO,BA,09/2022,356,277,"77,81",277,0,"100,00",79,"22,19",17,62,"17,42"
290170,ANTÔNIO CARDOSO,BA,11/2022,350,228,"65,14",228,0,"100,00",122,"34,86",64,58,"16,57"
290170,ANTÔNIO CARDOSO,BA,07/2022,349,0,"0,00",0,0,,349,"100,00",287,62,"17,77"
290180,ANTÔNIO GONÇALVES,BA,11/2022,267,167,"62,55",159,8,"95,21",100,"37,45",0,100,"37,45"
290180,ANTÔNIO GONÇALVES,BA,09/2022,279,158,"56,63",157,1,"99,37",121,"43,37",1,120,"43,01"
290180,ANTÔNIO GONÇALVES,BA,07/2022,264,149,"56,44",139,10,"93,29",115,"43,56",1,114,"43,18"
290190,APORÁ,BA,09/2022,532,467,"87,78",467,0,"100,00",65,"12,22",33,32,"6,02"
290190,APORÁ,BA,11/2022,513,460,"89,67",460,0,"100,00",53,"10,33",27,26,"5,07"
290190,APORÁ,BA,07/2022,522,451,"86,40",451,0,"100,00",71,"13,60",38,33,"6,32"
290195,APUAREMA,BA,07/2022,229,38,"16,59",25,13,"65,79",191,"83,41",93,98,"42,79"
290195,APUAREMA,BA,09/2022,242,136,"56,20",135,1,"99,26",106,"43,80",8,98,"40,50"
290195,APUAREMA,BA,11/2022,210,106,"50,48",87,19,"82,08",104,"49,52",4,100,"47,62"
290200,ARACATU,BA,09/2022,373,87,"23,32",77,10,"88,51",286,"76,68",246,40,"10,72"
290200,ARACATU,BA,07/2022,344,75,"21,80",43,32,"57,33",269,"78,20",235,34,"9,88"
290200,ARACATU,BA,11/2022,360,93,"25,83",86,7,"92,47",267,"74,17",190,77,"21,39"
290205,ARAÇAS,BA,09/2022,349,316,"90,54",301,15,"95,25",33,"9,46",25,8,"2,29"
290205,ARAÇAS,BA,07/2022,312,303,"97,12",303,0,"100,00",9,"2,88",1,8,"2,56"
290205,ARAÇAS,BA,11/2022,320,319,"99,69",293,26,"91,85",1,"0,31",0,1,"0,31"
290210,ARACI,BA,09/2022,1559,1189,"76,27",1122,67,"94,37",370,"23,73",187,183,"11,74"
290210,ARACI,BA,11/2022,1487,1179,"79,29",1101,78,"93,38",308,"20,71",164,144,"9,68"
290210,ARACI,BA,07/2022,1476,1086,"73,58",1049,37,"96,59",390,"26,42",89,301,"20,39"
290220,ARAMARI,BA,09/2022,292,222,"76,03",222,0,"100,00",70,"23,97",11,59,"20,21"
290220,ARAMARI,BA,11/2022,255,50,"19,61",50,0,"100,00",205,"80,39",153,52,"20,39"
290220,ARAMARI,BA,07/2022,265,2,"0,75",2,0,"100,00",263,"99,25",206,57,"21,51"
290225,ARATACA,BA,07/2022,285,88,"30,88",81,7,"92,05",197,"69,12",65,132,"46,32"
290225,ARATACA,BA,11/2022,258,186,"72,09",186,0,"100,00",72,"27,91",0,72,"27,91"
290225,ARATACA,BA,09/2022,282,141,"50,00",135,6,"95,74",141,"50,00",3,138,"48,94"
290230,ARATUÍPE,BA,09/2022,277,250,"90,25",241,9,"96,40",27,"9,75",1,26,"9,39"
290230,ARATUÍPE,BA,11/2022,271,236,"87,08",234,2,"99,15",35,"12,92",10,25,"9,23"
290230,ARATUÍPE,BA,07/2022,270,243,"90,00",238,5,"97,94",27,"10,00",8,19,"7,04"
290240,AURELINO LEAL,BA,11/2022,363,67,"18,46",67,0,"100,00",296,"81,54",274,22,"6,06"
290240,AURELINO LEAL,BA,09/2022,398,374,"93,97",374,0,"100,00",24,"6,03",2,22,"5,53"
290240,AURELINO LEAL,BA,07/2022,381,218,"57,22",218,0,"100,00",163,"42,78",147,16,"4,20"
290250,BAIANÓPOLIS,BA,11/2022,383,292,"76,24",277,15,"94,86",91,"23,76",2,89,"23,24"
290250,BAIANÓPOLIS,BA,07/2022,369,241,"65,31",207,34,"85,89",128,"34,69",7,121,"32,79"
290250,BAIANÓPOLIS,BA,09/2022,393,242,"61,58",229,13,"94,63",151,"38,42",4,147,"37,40"
290260,BAIXA GRANDE,BA,11/2022,503,407,"80,91",372,35,"91,40",96,"19,09",20,76,"15,11"
290260,BAIXA GRANDE,BA,09/2022,523,284,"54,30",259,25,"91,20",239,"45,70",73,166,"31,74"
290260,BAIXA GRANDE,BA,07/2022,499,338,"67,74",319,19,"94,38",161,"32,26",2,159,"31,86"
290265,BANZAÊ,BA,07/2022,318,288,"90,57",282,6,"97,92",30,"9,43",5,25,"7,86"
290265,BANZAÊ,BA,09/2022,315,282,"89,52",273,9,"96,81",33,"10,48",9,24,"7,62"
290265,BANZAÊ,BA,11/2022,282,106,"37,59",95,11,"89,62",176,"62,41",157,19,"6,74"
290270,BARRA,BA,11/2022,1730,1212,"70,06",1212,0,"100,00",518,"29,94",38,480,"27,75"
290270,BARRA,BA,09/2022,1755,1030,"58,69",1030,0,"100,00",725,"41,31",34,691,"39,37"
290270,BARRA,BA,07/2022,1707,1082,"63,39",1054,28,"97,41",625,"36,61",65,560,"32,81"
290280,BARRA DA ESTIVA,BA,09/2022,577,436,"75,56",411,25,"94,27",141,"24,44",2,139,"24,09"
290280,BARRA DA ESTIVA,BA,11/2022,542,487,"89,85",478,9,"98,15",55,"10,15",1,54,"9,96"
290280,BARRA DA ESTIVA,BA,07/2022,559,434,"77,64",407,27,"93,78",125,"22,36",7,118,"21,11"
290290,BARRA DO CHOÇA,BA,09/2022,972,501,"51,54",494,7,"98,60",471,"48,46",150,321,"33,02"
290290,BARRA DO CHOÇA,BA,11/2022,938,721,"76,87",708,13,"98,20",217,"23,13",3,214,"22,81"
290290,BARRA DO CHOÇA,BA,07/2022,932,156,"16,74",156,0,"100,00",776,"83,26",557,219,"23,50"
290300,BARRA DO MENDES,BA,09/2022,296,248,"83,78",214,34,"86,29",48,"16,22",4,44,"14,86"
290300,BARRA DO MENDES,BA,11/2022,300,264,"88,00",229,35,"86,74",36,"12,00",4,32,"10,67"
290300,BARRA DO MENDES,BA,07/2022,349,241,"69,05",218,23,"90,46",108,"30,95",65,43,"12,32"
290310,BARRA DO ROCHA,BA,11/2022,176,149,"84,66",149,0,"100,00",27,"15,34",1,26,"14,77"
290310,BARRA DO ROCHA,BA,09/2022,195,160,"82,05",160,0,"100,00",35,"17,95",4,31,"15,90"
290310,BARRA DO ROCHA,BA,07/2022,172,121,"70,35",121,0,"100,00",51,"29,65",20,31,"18,02"
290320,BARREIRAS,BA,11/2022,3096,2475,"79,94",2393,82,"96,69",621,"20,06",43,578,"18,67"
290320,BARREIRAS,BA,07/2022,2865,2142,"74,76",2069,73,"96,59",723,"25,24",168,555,"19,37"
290320,BARREIRAS,BA,09/2022,3120,2323,"74,46",2233,90,"96,13",797,"25,54",89,708,"22,69"
290323,BARRO ALTO,BA,11/2022,352,7,"1,99",6,1,"85,71",345,"98,01",312,33,"9,38"
290323,BARRO ALTO,BA,09/2022,383,347,"90,60",347,0,"100,00",36,"9,40",1,35,"9,14"
290323,BARRO ALTO,BA,07/2022,357,0,"0,00",0,0,,357,"100,00",323,34,"9,52"
290327,BARROCAS,BA,09/2022,388,370,"95,36",359,11,"97,03",18,"4,64",4,14,"3,61"
290327,BARROCAS,BA,07/2022,376,347,"92,29",339,8,"97,69",29,"7,71",4,25,"6,65"
290327,BARROCAS,BA,11/2022,383,354,"92,43",344,10,"97,18",29,"7,57",2,27,"7,05"
290330,BARRO PRETO,BA,07/2022,167,148,"88,62",123,25,"83,11",19,"11,38",0,19,"11,38"
290330,BARRO PRETO,BA,09/2022,170,154,"90,59",128,26,"83,12",16,"9,41",0,16,"9,41"
290330,BARRO PRETO,BA,11/2022,153,148,"96,73",128,20,"86,49",5,"3,27",0,5,"3,27"
290340,BELMONTE,BA,07/2022,555,504,"90,81",503,1,"99,80",51,"9,19",3,48,"8,65"
290340,BELMONTE,BA,09/2022,581,415,"71,43",412,3,"99,28",166,"28,57",114,52,"8,95"
290340,BELMONTE,BA,11/2022,550,365,"66,36",363,2,"99,45",185,"33,64",127,58,"10,55"
290350,BELO CAMPO,BA,11/2022,511,445,"87,08",427,18,"95,96",66,"12,92",3,63,"12,33"
290350,BELO CAMPO,BA,07/2022,471,194,"41,19",178,16,"91,75",277,"58,81",219,58,"12,31"
290350,BELO CAMPO,BA,09/2022,492,120,"24,39",103,17,"85,83",372,"75,61",311,61,"12,40"
290360,BIRITINGA,BA,09/2022,442,352,"79,64",318,34,"90,34",90,"20,36",24,66,"14,93"
290360,BIRITINGA,BA,11/2022,411,335,"81,51",312,23,"93,13",76,"18,49",18,58,"14,11"
290360,BIRITINGA,BA,07/2022,440,334,"75,91",307,27,"91,92",106,"24,09",5,101,"22,95"
290370,BOA NOVA,BA,07/2022,384,64,"16,67",56,8,"87,50",320,"83,33",295,25,"6,51"
290370,BOA NOVA,BA,11/2022,363,168,"46,28",164,4,"97,62",195,"53,72",172,23,"6,34"
290370,BOA NOVA,BA,09/2022,386,311,"80,57",281,30,"90,35",75,"19,43",50,25,"6,48"
290380,BOA VISTA DO TUPIM,BA,07/2022,520,0,"0,00",0,0,,520,"100,00",486,34,"6,54"
290380,BOA VISTA DO TUPIM,BA,11/2022,580,530,"91,38",492,38,"92,83",50,"8,62",13,37,"6,38"
290380,BOA VISTA DO TUPIM,BA,09/2022,585,547,"93,50",527,20,"96,34",38,"6,50",2,36,"6,15"
290390,BOM JESUS DA LAPA,BA,07/2022,1851,1186,"64,07",1139,47,"96,04",665,"35,93",41,624,"33,71"
290390,BOM JESUS DA LAPA,BA,09/2022,2043,1754,"85,85",1699,55,"96,86",289,"14,15",59,230,"11,26"
290390,BOM JESUS DA LAPA,BA,11/2022,1990,1700,"85,43",1649,51,"97,00",290,"14,57",64,226,"11,36"
290395,BOM JESUS DA SERRA,BA,07/2022,310,201,"64,84",194,7,"96,52",109,"35,16",18,91,"29,35"
290395,BOM JESUS DA SERRA,BA,11/2022,295,201,"68,14",194,7,"96,52",94,"31,86",39,55,"18,64"
290395,BOM JESUS DA SERRA,BA,09/2022,315,208,"66,03",201,7,"96,63",107,"33,97",9,98,"31,11"
290400,BONINAL,BA,07/2022,361,334,"92,52",327,7,"97,90",27,"7,48",11,16,"4,43"
290400,BONINAL,BA,11/2022,356,346,"97,19",346,0,"100,00",10,"2,81",3,7,"1,97"
290400,BONINAL,BA,09/2022,378,363,"96,03",363,0,"100,00",15,"3,97",3,12,"3,17"
290405,BONITO,BA,07/2022,433,320,"73,90",316,4,"98,75",113,"26,10",74,39,"9,01"
290405,BONITO,BA,09/2022,446,330,"73,99",310,20,"93,94",116,"26,01",2,114,"25,56"
290405,BONITO,BA,11/2022,447,274,"61,30",259,15,"94,53",173,"38,70",2,171,"38,26"
290410,BOQUIRA,BA,09/2022,478,361,"75,52",357,4,"98,89",117,"24,48",13,104,"21,76"
290410,BOQUIRA,BA,11/2022,474,391,"82,49",381,10,"97,44",83,"17,51",1,82,"17,30"
290410,BOQUIRA,BA,07/2022,459,387,"84,31",385,2,"99,48",72,"15,69",4,68,"14,81"
290420,BOTUPORÃ,BA,09/2022,300,285,"95,00",250,35,"87,72",15,"5,00",6,9,"3,00"
290420,BOTUPORÃ,BA,11/2022,278,245,"88,13",219,26,"89,39",33,"11,87",6,27,"9,71"
290420,BOTUPORÃ,BA,07/2022,296,165,"55,74",158,7,"95,76",131,"44,26",7,124,"41,89"
290430,BREJÕES,BA,07/2022,439,347,"79,04",314,33,"90,49",92,"20,96",1,91,"20,73"
290430,BREJÕES,BA,11/2022,406,326,"80,30",300,26,"92,02",80,"19,70",0,80,"19,70"
290430,BREJÕES,BA,09/2022,450,352,"78,22",325,27,"92,33",98,"21,78",1,97,"21,56"
290440,BREJOLÂNDIA,BA,07/2022,216,181,"83,80",148,33,"81,77",35,"16,20",2,33,"15,28"
290440,BREJOLÂNDIA,BA,11/2022,188,56,"29,79",56,0,"100,00",132,"70,21",103,29,"15,43"
290440,BREJOLÂNDIA,BA,09/2022,218,157,"72,02",157,0,"100,00",61,"27,98",1,60,"27,52"
290450,BROTAS DE MACAÚBAS,BA,09/2022,310,285,"91,94",252,33,"88,42",25,"8,06",6,19,"6,13"
290450,BROTAS DE MACAÚBAS,BA,11/2022,294,274,"93,20",249,25,"90,88",20,"6,80",8,12,"4,08"
290450,BROTAS DE MACAÚBAS,BA,07/2022,290,263,"90,69",237,26,"90,11",27,"9,31",5,22,"7,59"
290460,BRUMADO,BA,07/2022,962,789,"82,02",789,0,"100,00",173,"17,98",11,162,"16,84"
290460,BRUMADO,BA,11/2022,1010,896,"88,71",896,0,"100,00",114,"11,29",2,112,"11,09"
290460,BRUMADO,BA,09/2022,1041,876,"84,15",876,0,"100,00",165,"15,85",2,163,"15,66"
290470,BUERAREMA,BA,09/2022,365,281,"76,99",251,30,"89,32",84,"23,01",0,84,"23,01"
290470,BUERAREMA,BA,11/2022,347,271,"78,10",265,6,"97,79",76,"21,90",0,76,"21,90"
290470,BUERAREMA,BA,07/2022,354,282,"79,66",268,14,"95,04",72,"20,34",0,72,"20,34"
290475,BURITIRAMA,BA,11/2022,416,104,"25,00",90,14,"86,54",312,"75,00",239,73,"17,55"
290475,BURITIRAMA,BA,07/2022,431,301,"69,84",286,15,"95,02",130,"30,16",27,103,"23,90"
290475,BURITIRAMA,BA,09/2022,454,328,"72,25",306,22,"93,29",126,"27,75",8,118,"25,99"
290480,CAATIBA,BA,09/2022,145,129,"88,97",116,13,"89,92",16,"11,03",6,10,"6,90"
290480,CAATIBA,BA,07/2022,140,129,"92,14",129,0,"100,00",11,"7,86",4,7,"5,00"
290480,CAATIBA,BA,11/2022,133,115,"86,47",106,9,"92,17",18,"13,53",0,18,"13,53"
290485,CABACEIRAS DO PARAGUAÇU,BA,07/2022,578,552,"95,50",552,0,"100,00",26,"4,50",3,23,"3,98"
290485,CABACEIRAS DO PARAGUAÇU,BA,11/2022,577,553,"95,84",553,0,"100,00",24,"4,16",1,23,"3,99"
290485,CABACEIRAS DO PARAGUAÇU,BA,09/2022,598,571,"95,48",571,0,"100,00",27,"4,52",5,22,"3,68"
290490,CACHOEIRA,BA,11/2022,755,593,"78,54",582,11,"98,15",162,"21,46",33,129,"17,09"
290490,CACHOEIRA,BA,09/2022,809,569,"70,33",554,15,"97,36",240,"29,67",23,217,"26,82"
290490,CACHOEIRA,BA,07/2022,777,401,"51,61",374,27,"93,27",376,"48,39",30,346,"44,53"
290500,CACULÉ,BA,09/2022,412,343,"83,25",321,22,"93,59",69,"16,75",10,59,"14,32"
290500,CACULÉ,BA,11/2022,419,353,"84,25",326,27,"92,35",66,"15,75",13,53,"12,65"
290500,CACULÉ,BA,07/2022,381,310,"81,36",296,14,"95,48",71,"18,64",5,66,"17,32"
290510,CAÉM,BA,09/2022,382,328,"85,86",328,0,"100,00",54,"14,14",5,49,"12,83"
290510,CAÉM,BA,07/2022,357,57,"15,97",56,1,"98,25",300,"84,03",250,50,"14,01"
290510,CAÉM,BA,11/2022,383,335,"87,47",335,0,"100,00",48,"12,53",5,43,"11,23"
290515,CAETANOS,BA,07/2022,414,373,"90,10",351,22,"94,10",41,"9,90",6,35,"8,45"
290515,CAETANOS,BA,11/2022,376,352,"93,62",352,0,"100,00",24,"6,38",0,24,"6,38"
290515,CAETANOS,BA,09/2022,411,374,"91,00",344,30,"91,98",37,"9,00",0,37,"9,00"
290520,CAETITÉ,BA,07/2022,929,697,"75,03",626,71,"89,81",232,"24,97",72,160,"17,22"
290520,CAETITÉ,BA,09/2022,982,842,"85,74",753,89,"89,43",140,"14,26",57,83,"8,45"
290520,CAETITÉ,BA,11/2022,984,875,"88,92",784,91,"89,60",109,"11,08",5,104,"10,57"
290530,CAFARNAUM,BA,11/2022,509,365,"71,71",352,13,"96,44",144,"28,29",4,140,"27,50"
290530,CAFARNAUM,BA,09/2022,525,369,"70,29",360,9,"97,56",156,"29,71",1,155,"29,52"
290530,CAFARNAUM,BA,07/2022,516,395,"76,55",386,9,"97,72",121,"23,45",22,99,"19,19"
290540,CAIRU,BA,07/2022,402,0,"0,00",0,0,,402,"100,00",326,76,"18,91"
290540,CAIRU,BA,11/2022,449,416,"92,65",416,0,"100,00",33,"7,35",4,29,"6,46"
290540,CAIRU,BA,09/2022,462,379,"82,03",379,0,"100,00",83,"17,97",4,79,"17,10"
290550,CALDEIRÃO GRANDE,BA,09/2022,470,382,"81,28",380,2,"99,48",88,"18,72",8,80,"17,02"
290550,CALDEIRÃO GRANDE,BA,07/2022,462,124,"26,84",112,12,"90,32",338,"73,16",217,121,"26,19"
290550,CALDEIRÃO GRANDE,BA,11/2022,431,358,"83,06",333,25,"93,02",73,"16,94",9,64,"14,85"
290560,CAMACAN,BA,07/2022,550,191,"34,73",163,28,"85,34",359,"65,27",56,303,"55,09"
290560,CAMACAN,BA,09/2022,563,258,"45,83",227,31,"87,98",305,"54,17",2,303,"53,82"
290560,CAMACAN,BA,11/2022,538,302,"56,13",276,26,"91,39",236,"43,87",8,228,"42,38"
290570,CAMAÇARI,BA,11/2022,5178,3883,"74,99",3799,84,"97,84",1295,"25,01",75,1220,"23,56"
290570,CAMAÇARI,BA,09/2022,5103,2826,"55,38",2748,78,"97,24",2277,"44,62",153,2124,"41,62"
290570,CAMAÇARI,BA,07/2022,4558,2406,"52,79",2354,52,"97,84",2152,"47,21",295,1857,"40,74"
290580,CAMAMU,BA,11/2022,894,724,"80,98",642,82,"88,67",170,"19,02",8,162,"18,12"
290580,CAMAMU,BA,07/2022,959,841,"87,70",654,187,"77,76",118,"12,30",13,105,"10,95"
290580,CAMAMU,BA,09/2022,952,685,"71,95",589,96,"85,99",267,"28,05",9,258,"27,10"
290590,CAMPO ALEGRE DE LOURDES,BA,09/2022,839,614,"73,18",600,14,"97,72",225,"26,82",39,186,"22,17"
290590,CAMPO ALEGRE DE LOURDES,BA,11/2022,805,614,"76,27",613,1,"99,84",191,"23,73",56,135,"16,77"
290590,CAMPO ALEGRE DE LOURDES,BA,07/2022,785,640,"81,53",618,22,"96,56",145,"18,47",1,144,"18,34"
290600,CAMPO FORMOSO,BA,09/2022,1938,969,"50,00",910,59,"93,91",969,"50,00",37,932,"48,09"
290600,CAMPO FORMOSO,BA,07/2022,1878,825,"43,93",775,50,"93,94",1053,"56,07",42,1011,"53,83"
290600,CAMPO FORMOSO,BA,11/2022,1813,1286,"70,93",1213,73,"94,32",527,"29,07",4,523,"28,85"
290610,CANÁPOLIS,BA,09/2022,233,195,"83,69",186,9,"95,38",38,"16,31",1,37,"15,88"
290610,CANÁPOLIS,BA,11/2022,230,190,"82,61",190,0,"100,00",40,"17,39",3,37,"16,09"
290610,CANÁPOLIS,BA,07/2022,217,187,"86,18",187,0,"100,00",30,"13,82",2,28,"12,90"
290620,CANARANA,BA,11/2022,583,69,"11,84",65,4,"94,20",514,"88,16",279,235,"40,31"
290620,CANARANA,BA,09/2022,634,381,"60,09",361,20,"94,75",253,"39,91",5,248,"39,12"
290620,CANARANA,BA,07/2022,698,392,"56,16",374,18,"95,41",306,"43,84",89,217,"31,09"
290630,CANAVIEIRAS,BA,09/2022,832,664,"79,81",664,0,"100,00",168,"20,19",12,156,"18,75"
290630,CANAVIEIRAS,BA,11/2022,802,664,"82,79",592,72,"89,16",138,"17,21",9,129,"16,08"
290630,CANAVIEIRAS,BA,07/2022,821,266,"32,40",257,9,"96,62",555,"67,60",219,336,"40,93"
290640,CANDEAL,BA,09/2022,172,147,"85,47",139,8,"94,56",25,"14,53",4,21,"12,21"
290640,CANDEAL,BA,11/2022,167,140,"83,83",136,4,"97,14",27,"16,17",5,22,"13,17"
290640,CANDEAL,BA,07/2022,181,146,"80,66",140,6,"95,89",35,"19,34",4,31,"17,13"
290650,CANDEIAS,BA,11/2022,1554,1259,"81,02",1259,0,"100,00",295,"18,98",83,212,"13,64"
290650,CANDEIAS,BA,07/2022,1383,1047,"75,70",1023,24,"97,71",336,"24,30",150,186,"13,45"
290650,CANDEIAS,BA,09/2022,1455,881,"60,55",881,0,"100,00",574,"39,45",368,206,"14,16"
290660,CANDIBA,BA,07/2022,295,248,"84,07",215,33,"86,69",47,"15,93",0,47,"15,93"
290660,CANDIBA,BA,09/2022,320,265,"82,81",229,36,"86,42",55,"17,19",1,54,"16,88"
290660,CANDIBA,BA,11/2022,308,262,"85,06",231,31,"88,17",46,"14,94",1,45,"14,61"
290670,CÂNDIDO SALES,BA,09/2022,759,411,"54,15",411,0,"100,00",348,"45,85",42,306,"40,32"
290670,CÂNDIDO SALES,BA,07/2022,730,455,"62,33",454,1,"99,78",275,"37,67",1,274,"37,53"
290670,CÂNDIDO SALES,BA,11/2022,747,477,"63,86",477,0,"100,00",270,"36,14",1,269,"36,01"
290680,CANSANÇÃO,BA,07/2022,1060,740,"69,81",670,70,"90,54",320,"30,19",19,301,"28,40"
290680,CANSANÇÃO,BA,09/2022,1065,853,"80,09",757,96,"88,75",212,"19,91",20,192,"18,03"
290680,CANSANÇÃO,BA,11/2022,965,823,"85,28",729,94,"88,58",142,"14,72",18,124,"12,85"
290682,CANUDOS,BA,09/2022,409,71,"17,36",63,8,"88,73",338,"82,64",151,187,"45,72"
290682,CANUDOS,BA,11/2022,387,75,"19,38",70,5,"93,33",312,"80,62",143,169,"43,67"
290682,CANUDOS,BA,07/2022,392,60,"15,31",51,9,"85,00",332,"84,69",156,176,"44,90"
290685,CAPELA DO ALTO ALEGRE,BA,11/2022,211,167,"79,15",139,28,"83,23",44,"20,85",3,41,"19,43"
290685,CAPELA DO ALTO ALEGRE,BA,09/2022,217,168,"77,42",139,29,"82,74",49,"22,58",5,44,"20,28"
290685,CAPELA DO ALTO ALEGRE,BA,07/2022,207,164,"79,23",131,33,"79,88",43,"20,77",4,39,"18,84"
290687,CAPIM GROSSO,BA,09/2022,692,484,"69,94",434,50,"89,67",208,"30,06",1,207,"29,91"
290687,CAPIM GROSSO,BA,07/2022,673,421,"62,56",386,35,"91,69",252,"37,44",4,248,"36,85"
290687,CAPIM GROSSO,BA,11/2022,689,589,"85,49",535,54,"90,83",100,"14,51",2,98,"14,22"
290689,CARAÍBAS,BA,11/2022,242,185,"76,45",180,5,"97,30",57,"23,55",2,55,"22,73"
290689,CARAÍBAS,BA,07/2022,253,83,"32,81",80,3,"96,39",170,"67,19",11,159,"62,85"
290689,CARAÍBAS,BA,09/2022,256,62,"24,22",59,3,"95,16",194,"75,78",30,164,"64,06"
290690,CARAVELAS,BA,07/2022,499,18,"3,61",17,1,"94,44",481,"96,39",394,87,"17,43"
290690,CARAVELAS,BA,09/2022,542,386,"71,22",374,12,"96,89",156,"28,78",9,147,"27,12"
290690,CARAVELAS,BA,11/2022,497,384,"77,26",366,18,"95,31",113,"22,74",1,112,"22,54"
290700,CARDEAL DA SILVA,BA,11/2022,266,214,"80,45",214,0,"100,00",52,"19,55",2,50,"18,80"
290700,CARDEAL DA SILVA,BA,07/2022,271,232,"85,61",232,0,"100,00",39,"14,39",1,38,"14,02"
290700,CARDEAL DA SILVA,BA,09/2022,279,211,"75,63",211,0,"100,00",68,"24,37",6,62,"22,22"
290710,CARINHANHA,BA,11/2022,827,582,"70,37",564,18,"96,91",245,"29,63",37,208,"25,15"
290710,CARINHANHA,BA,07/2022,836,452,"54,07",442,10,"97,79",384,"45,93",22,362,"43,30"
290710,CARINHANHA,BA,09/2022,830,502,"60,48",482,20,"96,02",328,"39,52",3,325,"39,16"
290720,CASA NOVA,BA,07/2022,1991,1417,"71,17",1417,0,"100,00",574,"28,83",420,154,"7,73"
290720,CASA NOVA,BA,09/2022,2093,1334,"63,74",1331,3,"99,78",759,"36,26",587,172,"8,22"
290720,CASA NOVA,BA,11/2022,2033,1519,"74,72",1517,2,"99,87",514,"25,28",353,161,"7,92"
290730,CASTRO ALVES,BA,07/2022,598,326,"54,52",322,4,"98,77",272,"45,48",2,270,"45,15"
290730,CASTRO ALVES,BA,09/2022,625,243,"38,88",237,6,"97,53",382,"61,12",31,351,"56,16"
290730,CASTRO ALVES,BA,11/2022,623,296,"47,51",296,0,"100,00",327,"52,49",3,324,"52,01"
290740,CATOLÂNDIA,BA,09/2022,97,48,"49,48",40,8,"83,33",49,"50,52",1,48,"49,48"
290740,CATOLÂNDIA,BA,11/2022,85,56,"65,88",46,10,"82,14",29,"34,12",0,29,"34,12"
290740,CATOLÂNDIA,BA,07/2022,93,50,"53,76",38,12,"76,00",43,"46,24",0,43,"46,24"
290750,CATU,BA,09/2022,988,694,"70,24",659,35,"94,96",294,"29,76",46,248,"25,10"
290750,CATU,BA,11/2022,959,707,"73,72",660,47,"93,35",252,"26,28",21,231,"24,09"
290750,CATU,BA,07/2022,937,665,"70,97",641,24,"96,39",272,"29,03",30,242,"25,83"
290755,CATURAMA,BA,09/2022,137,129,"94,16",125,4,"96,90",8,"5,84",2,6,"4,38"
290755,CATURAMA,BA,07/2022,139,121,"87,05",115,6,"95,04",18,"12,95",0,18,"12,95"
290755,CATURAMA,BA,11/2022,126,124,"98,41",117,7,"94,35",2,"1,59",0,2,"1,59"
290760,CENTRAL,BA,09/2022,353,301,"85,27",282,19,"93,69",52,"14,73",1,51,"14,45"
290760,CENTRAL,BA,11/2022,326,295,"90,49",254,41,"86,10",31,"9,51",0,31,"9,51"
290760,CENTRAL,BA,07/2022,353,298,"84,42",276,22,"92,62",55,"15,58",12,43,"12,18"
290770,CHORROCHÓ,BA,11/2022,323,296,"91,64",296,0,"100,00",27,"8,36",1,26,"8,05"
290770,CHORROCHÓ,BA,07/2022,302,0,"0,00",0,0,,302,"100,00",285,17,"5,63"
290770,CHORROCHÓ,BA,09/2022,325,215,"66,15",215,0,"100,00",110,"33,85",92,18,"5,54"
290780,CÍCERO DANTAS,BA,07/2022,708,367,"51,84",347,20,"94,55",341,"48,16",2,339,"47,88"
290780,CÍCERO DANTAS,BA,11/2022,723,398,"55,05",397,1,"99,75",325,"44,95",5,320,"44,26"
290780,CÍCERO DANTAS,BA,09/2022,744,377,"50,67",351,26,"93,10",367,"49,33",2,365,"49,06"
290790,CIPÓ,BA,07/2022,536,420,"78,36",420,0,"100,00",116,"21,64",3,113,"21,08"
290790,CIPÓ,BA,11/2022,511,457,"89,43",451,6,"98,69",54,"10,57",2,52,"10,18"
290790,CIPÓ,BA,09/2022,532,458,"86,09",452,6,"98,69",74,"13,91",4,70,"13,16"
290800,COARACI,BA,11/2022,455,436,"95,82",436,0,"100,00",19,"4,18",1,18,"3,96"
290800,COARACI,BA,09/2022,483,458,"94,82",458,0,"100,00",25,"5,18",0,25,"5,18"
290800,COARACI,BA,07/2022,480,457,"95,21",457,0,"100,00",23,"4,79",1,22,"4,58"
290810,COCOS,BA,11/2022,465,442,"95,05",442,0,"100,00",23,"4,95",5,18,"3,87"
290810,COCOS,BA,07/2022,489,452,"92,43",452,0,"100,00",37,"7,57",18,19,"3,89"
290810,COCOS,BA,09/2022,478,455,"95,19",455,0,"100,00",23,"4,81",5,18,"3,77"
290820,CONCEIÇÃO DA FEIRA,BA,07/2022,531,268,"50,47",258,10,"96,27",263,"49,53",11,252,"47,46"
290820,CONCEIÇÃO DA FEIRA,BA,11/2022,550,316,"57,45",298,18,"94,30",234,"42,55",9,225,"40,91"
290820,CONCEIÇÃO DA FEIRA,BA,09/2022,553,312,"56,42",278,34,"89,10",241,"43,58",12,229,"41,41"
290830,CONCEIÇÃO DO ALMEIDA,BA,07/2022,315,232,"73,65",220,12,"94,83",83,"26,35",18,65,"20,63"
290830,CONCEIÇÃO DO ALMEIDA,BA,09/2022,293,260,"88,74",260,0,"100,00",33,"11,26",3,30,"10,24"
290830,CONCEIÇÃO DO ALMEIDA,BA,11/2022,270,237,"87,78",237,0,"100,00",33,"12,22",14,19,"7,04"
290840,CONCEIÇÃO DO COITÉ,BA,11/2022,1636,1526,"93,28",1526,0,"100,00",110,"6,72",6,104,"6,36"
290840,CONCEIÇÃO DO COITÉ,BA,09/2022,1682,1496,"88,94",1495,1,"99,93",186,"11,06",7,179,"10,64"
290840,CONCEIÇÃO DO COITÉ,BA,07/2022,1589,1417,"89,18",1417,0,"100,00",172,"10,82",6,166,"10,45"
290850,CONCEIÇÃO DO JACUÍPE,BA,09/2022,778,709,"91,13",706,3,"99,58",69,"8,87",13,56,"7,20"
290850,CONCEIÇÃO DO JACUÍPE,BA,11/2022,746,643,"86,19",643,0,"100,00",103,"13,81",10,93,"12,47"
290850,CONCEIÇÃO DO JACUÍPE,BA,07/2022,720,675,"93,75",675,0,"100,00",45,"6,25",4,41,"5,69"
290860,CONDE,BA,09/2022,799,563,"70,46",563,0,"100,00",236,"29,54",216,20,"2,50"
290860,CONDE,BA,07/2022,780,683,"87,56",683,0,"100,00",97,"12,44",74,23,"2,95"
290860,CONDE,BA,11/2022,767,663,"86,44",663,0,"100,00",104,"13,56",48,56,"7,30"
290870,CONDEÚBA,BA,09/2022,451,351,"77,83",351,0,"100,00",100,"22,17",49,51,"11,31"
290870,CONDEÚBA,BA,07/2022,420,307,"73,10",307,0,"100,00",113,"26,90",64,49,"11,67"
290870,CONDEÚBA,BA,11/2022,414,334,"80,68",334,0,"100,00",80,"19,32",29,51,"12,32"
290880,CONTENDAS DO SINCORÁ,BA,09/2022,108,99,"91,67",86,13,"86,87",9,"8,33",1,8,"7,41"
290880,CONTENDAS DO SINCORÁ,BA,07/2022,108,99,"91,67",84,15,"84,85",9,"8,33",1,8,"7,41"
290880,CONTENDAS DO SINCORÁ,BA,11/2022,104,102,"98,08",88,14,"86,27",2,"1,92",0,2,"1,92"
290890,CORAÇÃO DE MARIA,BA,07/2022,768,628,"81,77",622,6,"99,04",140,"18,23",31,109,"14,19"
290890,CORAÇÃO DE MARIA,BA,09/2022,782,636,"81,33",635,1,"99,84",146,"18,67",30,116,"14,83"
290890,CORAÇÃO DE MARIA,BA,11/2022,735,605,"82,31",577,28,"95,37",130,"17,69",19,111,"15,10"
290900,CORDEIROS,BA,07/2022,148,138,"93,24",138,0,"100,00",10,"6,76",0,10,"6,76"
290900,CORDEIROS,BA,11/2022,166,153,"92,17",153,0,"100,00",13,"7,83",0,13,"7,83"
290900,CORDEIROS,BA,09/2022,160,33,"20,63",33,0,"100,00",127,"79,38",114,13,"8,13"
290910,CORIBE,BA,11/2022,362,298,"82,32",295,3,"98,99",64,"17,68",7,57,"15,75"
290910,CORIBE,BA,09/2022,369,266,"72,09",262,4,"98,50",103,"27,91",7,96,"26,02"
290910,CORIBE,BA,07/2022,343,258,"75,22",253,5,"98,06",85,"24,78",3,82,"23,91"
290920,CORONEL JOÃO SÁ,BA,09/2022,593,556,"93,76",555,1,"99,82",37,"6,24",5,32,"5,40"
290920,CORONEL JOÃO SÁ,BA,11/2022,565,536,"94,87",536,0,"100,00",29,"5,13",2,27,"4,78"
290920,CORONEL JOÃO SÁ,BA,07/2022,562,530,"94,31",530,0,"100,00",32,"5,69",8,24,"4,27"
290930,CORRENTINA,BA,07/2022,724,599,"82,73",597,2,"99,67",125,"17,27",16,109,"15,06"
290930,CORRENTINA,BA,09/2022,755,611,"80,93",610,1,"99,84",144,"19,07",36,108,"14,30"
290930,CORRENTINA,BA,11/2022,741,623,"84,08",623,0,"100,00",118,"15,92",27,91,"12,28"
290940,COTEGIPE,BA,11/2022,409,392,"95,84",392,0,"100,00",17,"4,16",0,17,"4,16"
290940,COTEGIPE,BA,09/2022,427,404,"94,61",404,0,"100,00",23,"5,39",1,22,"5,15"
290940,COTEGIPE,BA,07/2022,419,386,"92,12",386,0,"100,00",33,"7,88",1,32,"7,64"
290950,CRAVOLÂNDIA,BA,11/2022,146,146,"100,00",137,9,"93,84",0,"0,00",0,0,"0,00"
290950,CRAVOLÂNDIA,BA,09/2022,147,133,"90,48",127,6,"95,49",14,"9,52",1,13,"8,84"
290950,CRAVOLÂNDIA,BA,07/2022,139,129,"92,81",123,6,"95,35",10,"7,19",0,10,"7,19"
290960,CRISÓPOLIS,BA,07/2022,558,523,"93,73",523,0,"100,00",35,"6,27",1,34,"6,09"
290960,CRISÓPOLIS,BA,11/2022,538,493,"91,64",488,5,"98,99",45,"8,36",1,44,"8,18"
290960,CRISÓPOLIS,BA,09/2022,564,528,"93,62",528,0,"100,00",36,"6,38",3,33,"5,85"
290970,CRISTÓPOLIS,BA,11/2022,283,251,"88,69",251,0,"100,00",32,"11,31",0,32,"11,31"
290970,CRISTÓPOLIS,BA,07/2022,296,246,"83,11",246,0,"100,00",50,"16,89",12,38,"12,84"
290970,CRISTÓPOLIS,BA,09/2022,310,260,"83,87",260,0,"100,00",50,"16,13",0,50,"16,13"
290980,CRUZ DAS ALMAS,BA,07/2022,1045,640,"61,24",637,3,"99,53",405,"38,76",2,403,"38,56"
290980,CRUZ DAS ALMAS,BA,11/2022,1089,869,"79,80",833,36,"95,86",220,"20,20",4,216,"19,83"
290980,CRUZ DAS ALMAS,BA,09/2022,1108,647,"58,39",626,21,"96,75",461,"41,61",2,459,"41,43"
290990,CURAÇÁ,BA,11/2022,946,632,"66,81",591,41,"93,51",314,"33,19",133,181,"19,13"
290990,CURAÇÁ,BA,07/2022,904,253,"27,99",226,27,"89,33",651,"72,01",343,308,"34,07"
290990,CURAÇÁ,BA,09/2022,973,622,"63,93",565,57,"90,84",351,"36,07",9,342,"35,15"
291000,DÁRIO MEIRA,BA,07/2022,340,281,"82,65",281,0,"100,00",59,"17,35",14,45,"13,24"
291000,DÁRIO MEIRA,BA,11/2022,334,300,"89,82",300,0,"100,00",34,"10,18",6,28,"8,38"
291000,DÁRIO MEIRA,BA,09/2022,356,305,"85,67",305,0,"100,00",51,"14,33",8,43,"12,08"
291005,DIAS D´ÁVILA,BA,07/2022,1416,714,"50,42",706,8,"98,88",702,"49,58",21,681,"48,09"
291005,DIAS D´ÁVILA,BA,09/2022,1470,1223,"83,20",1216,7,"99,43",247,"16,80",21,226,"15,37"
291005,DIAS D´ÁVILA,BA,11/2022,1491,1094,"73,37",1081,13,"98,81",397,"26,63",169,228,"15,29"
291010,DOM BASÍLIO,BA,11/2022,246,241,"97,97",236,5,"97,93",5,"2,03",1,4,"1,63"
291010,DOM BASÍLIO,BA,07/2022,260,249,"95,77",235,14,"94,38",11,"4,23",4,7,"2,69"
291010,DOM BASÍLIO,BA,09/2022,266,258,"96,99",237,21,"91,86",8,"3,01",1,7,"2,63"
291020,DOM MACEDO COSTA,BA,11/2022,95,84,"88,42",84,0,"100,00",11,"11,58",9,2,"2,11"
291020,DOM MACEDO COSTA,BA,09/2022,90,85,"94,44",78,7,"91,76",5,"5,56",1,4,"4,44"
291020,DOM MACEDO COSTA,BA,07/2022,97,62,"63,92",62,0,"100,00",35,"36,08",11,24,"24,74"
291030,ELÍSIO MEDRADO,BA,07/2022,142,124,"87,32",95,29,"76,61",18,"12,68",0,18,"12,68"
291030,ELÍSIO MEDRADO,BA,11/2022,136,129,"94,85",117,12,"90,70",7,"5,15",0,7,"5,15"
291030,ELÍSIO MEDRADO,BA,09/2022,142,135,"95,07",118,17,"87,41",7,"4,93",2,5,"3,52"
291040,ENCRUZILHADA,BA,09/2022,486,153,"31,48",153,0,"100,00",333,"68,52",260,73,"15,02"
291040,ENCRUZILHADA,BA,07/2022,492,429,"87,20",426,3,"99,30",63,"12,80",3,60,"12,20"
291040,ENCRUZILHADA,BA,11/2022,461,388,"84,16",379,9,"97,68",73,"15,84",6,67,"14,53"
291050,ENTRE RIOS,BA,11/2022,957,817,"85,37",817,0,"100,00",140,"14,63",31,109,"11,39"
291050,ENTRE RIOS,BA,09/2022,947,494,"52,16",494,0,"100,00",453,"47,84",333,120,"12,67"
291050,ENTRE RIOS,BA,07/2022,959,626,"65,28",626,0,"100,00",333,"34,72",218,115,"11,99"
291060,ESPLANADA,BA,09/2022,960,780,"81,25",780,0,"100,00",180,"18,75",19,161,"16,77"
291060,ESPLANADA,BA,07/2022,886,757,"85,44",757,0,"100,00",129,"14,56",7,122,"13,77"
291060,ESPLANADA,BA,11/2022,934,785,"84,05",757,28,"96,43",149,"15,95",2,147,"15,74"
291070,EUCLIDES DA CUNHA,BA,11/2022,1622,1576,"97,16",1576,0,"100,00",46,"2,84",42,4,"0,25"
291070,EUCLIDES DA CUNHA,BA,07/2022,1573,1569,"99,75",1569,0,"100,00",4,"0,25",4,0,"0,00"
291070,EUCLIDES DA CUNHA,BA,09/2022,1713,1700,"99,24",1700,0,"100,00",13,"0,76",13,0,"0,00"
291072,EUNÁPOLIS,BA,09/2022,1973,1254,"63,56",1254,0,"100,00",719,"36,44",9,710,"35,99"
291072,EUNÁPOLIS,BA,11/2022,1996,1633,"81,81",1631,2,"99,88",363,"18,19",9,354,"17,74"
291072,EUNÁPOLIS,BA,07/2022,1822,1159,"63,61",1158,1,"99,91",663,"36,39",4,659,"36,17"
291075,FÁTIMA,BA,09/2022,421,289,"68,65",279,10,"96,54",132,"31,35",10,122,"28,98"
291075,FÁTIMA,BA,11/2022,420,306,"72,86",299,7,"97,71",114,"27,14",1,113,"26,90"
291075,FÁTIMA,BA,07/2022,386,260,"67,36",253,7,"97,31",126,"32,64",6,120,"31,09"
291077,FEIRA DA MATA,BA,09/2022,144,96,"66,67",88,8,"91,67",48,"33,33",0,48,"33,33"
291077,FEIRA DA MATA,BA,11/2022,132,89,"67,42",86,3,"96,63",43,"32,58",0,43,"32,58"
291077,FEIRA DA MATA,BA,07/2022,140,95,"67,86",88,7,"92,63",45,"32,14",0,45,"32,14"
291080,FEIRA DE SANTANA,BA,11/2022,9434,5718,"60,61",5697,21,"99,63",3716,"39,39",1259,2457,"26,04"
291080,FEIRA DE SANTANA,BA,09/2022,9478,5202,"54,88",5178,24,"99,54",4276,"45,12",1621,2655,"28,01"
291080,FEIRA DE SANTANA,BA,07/2022,8865,5204,"58,70",5191,13,"99,75",3661,"41,30",1245,2416,"27,25"
291085,FILADÉLFIA,BA,07/2022,462,341,"73,81",329,12,"96,48",121,"26,19",1,120,"25,97"
291085,FILADÉLFIA,BA,09/2022,476,357,"75,00",340,17,"95,24",119,"25,00",2,117,"24,58"
291085,FILADÉLFIA,BA,11/2022,447,384,"85,91",373,11,"97,14",63,"14,09",2,61,"13,65"
291090,FIRMINO ALVES,BA,11/2022,139,112,"80,58",107,5,"95,54",27,"19,42",1,26,"18,71"
291090,FIRMINO ALVES,BA,09/2022,145,104,"71,72",97,7,"93,27",41,"28,28",3,38,"26,21"
291090,FIRMINO ALVES,BA,07/2022,140,98,"70,00",87,11,"88,78",42,"30,00",0,42,"30,00"
291100,FLORESTA AZUL,BA,09/2022,271,256,"94,46",256,0,"100,00",15,"5,54",0,15,"5,54"
291100,FLORESTA AZUL,BA,11/2022,250,237,"94,80",237,0,"100,00",13,"5,20",0,13,"5,20"
291100,FLORESTA AZUL,BA,07/2022,265,251,"94,72",251,0,"100,00",14,"5,28",1,13,"4,91"
291110,FORMOSA DO RIO PRETO,BA,07/2022,674,479,"71,07",479,0,"100,00",195,"28,93",27,168,"24,93"
291110,FORMOSA DO RIO PRETO,BA,09/2022,719,483,"67,18",483,0,"100,00",236,"32,82",8,228,"31,71"
291110,FORMOSA DO RIO PRETO,BA,11/2022,693,460,"66,38",460,0,"100,00",233,"33,62",6,227,"32,76"
291120,GANDU,BA,09/2022,798,624,"78,20",609,15,"97,60",174,"21,80",12,162,"20,30"
291120,GANDU,BA,07/2022,767,234,"30,51",213,21,"91,03",533,"69,49",9,524,"68,32"
291120,GANDU,BA,11/2022,755,646,"85,56",594,52,"91,95",109,"14,44",4,105,"13,91"
291125,GAVIÃO,BA,09/2022,113,94,"83,19",79,15,"84,04",19,"16,81",3,16,"14,16"
291125,GAVIÃO,BA,11/2022,99,79,"79,80",67,12,"84,81",20,"20,20",4,16,"16,16"
291125,GAVIÃO,BA,07/2022,112,90,"80,36",76,14,"84,44",22,"19,64",9,13,"11,61"
291130,GENTIO DO OURO,BA,07/2022,279,186,"66,67",182,4,"97,85",93,"33,33",58,35,"12,54"
291130,GENTIO DO OURO,BA,09/2022,225,186,"82,67",179,7,"96,24",39,"17,33",0,39,"17,33"
291130,GENTIO DO OURO,BA,11/2022,205,168,"81,95",165,3,"98,21",37,"18,05",0,37,"18,05"
291140,GLÓRIA,BA,07/2022,333,297,"89,19",269,28,"90,57",36,"10,81",0,36,"10,81"
291140,GLÓRIA,BA,11/2022,338,298,"88,17",275,23,"92,28",40,"11,83",0,40,"11,83"
291140,GLÓRIA,BA,09/2022,347,303,"87,32",268,35,"88,45",44,"12,68",0,44,"12,68"
291150,GONGOGI,BA,11/2022,216,100,"46,30",90,10,"90,00",116,"53,70",0,116,"53,70"
291150,GONGOGI,BA,09/2022,218,76,"34,86",76,0,"100,00",142,"65,14",1,141,"64,68"
291150,GONGOGI,BA,07/2022,219,62,"28,31",50,12,"80,65",157,"71,69",16,141,"64,38"
291160,GOVERNADOR MANGABEIRA,BA,09/2022,584,571,"97,77",567,4,"99,30",13,"2,23",7,6,"1,03"
291160,GOVERNADOR MANGABEIRA,BA,07/2022,575,544,"94,61",544,0,"100,00",31,"5,39",5,26,"4,52"
291160,GOVERNADOR MANGABEIRA,BA,11/2022,576,566,"98,26",566,0,"100,00",10,"1,74",3,7,"1,22"
291165,GUAJERU,BA,07/2022,147,95,"64,63",86,9,"90,53",52,"35,37",37,15,"10,20"
291165,GUAJERU,BA,09/2022,155,104,"67,10",95,9,"91,35",51,"32,90",36,15,"9,68"
291165,GUAJERU,BA,11/2022,140,103,"73,57",92,11,"89,32",37,"26,43",29,8,"5,71"
291170,GUANAMBI,BA,09/2022,1684,1256,"74,58",1188,68,"94,59",428,"25,42",3,425,"25,24"
291170,GUANAMBI,BA,11/2022,1640,1453,"88,60",1377,76,"94,77",187,"11,40",3,184,"11,22"
291170,GUANAMBI,BA,07/2022,1571,1012,"64,42",956,56,"94,47",559,"35,58",0,559,"35,58"
291180,GUARATINGA,BA,07/2022,470,128,"27,23",105,23,"82,03",342,"72,77",156,186,"39,57"
291180,GUARATINGA,BA,11/2022,439,222,"50,57",215,7,"96,85",217,"49,43",11,206,"46,92"
291180,GUARATINGA,BA,09/2022,479,243,"50,73",224,19,"92,18",236,"49,27",11,225,"46,97"
291185,HELIÓPOLIS,BA,09/2022,349,271,"77,65",239,32,"88,19",78,"22,35",1,77,"22,06"
291185,HELIÓPOLIS,BA,07/2022,324,274,"84,57",234,40,"85,40",50,"15,43",6,44,"13,58"
291185,HELIÓPOLIS,BA,11/2022,338,310,"91,72",258,52,"83,23",28,"8,28",1,27,"7,99"
291190,IAÇU,BA,11/2022,632,525,"83,07",487,38,"92,76",107,"16,93",53,54,"8,54"
291190,IAÇU,BA,07/2022,666,377,"56,61",360,17,"95,49",289,"43,39",121,168,"25,23"
291190,IAÇU,BA,09/2022,612,538,"87,91",489,49,"90,89",74,"12,09",12,62,"10,13"
291200,IBIASSUCÊ,BA,07/2022,145,111,"76,55",103,8,"92,79",34,"23,45",0,34,"23,45"
291200,IBIASSUCÊ,BA,09/2022,155,123,"79,35",108,15,"87,80",32,"20,65",0,32,"20,65"
291200,IBIASSUCÊ,BA,11/2022,160,141,"88,13",119,22,"84,40",19,"11,88",0,19,"11,88"
291210,IBICARAÍ,BA,11/2022,564,333,"59,04",333,0,"100,00",231,"40,96",0,231,"40,96"
291210,IBICARAÍ,BA,07/2022,567,283,"49,91",283,0,"100,00",284,"50,09",55,229,"40,39"
291210,IBICARAÍ,BA,09/2022,587,331,"56,39",331,0,"100,00",256,"43,61",17,239,"40,72"
291220,IBICOARA,BA,09/2022,509,409,"80,35",335,74,"81,91",100,"19,65",1,99,"19,45"
291220,IBICOARA,BA,11/2022,486,404,"83,13",297,107,"73,51",82,"16,87",1,81,"16,67"
291220,IBICOARA,BA,07/2022,477,303,"63,52",258,45,"85,15",174,"36,48",8,166,"34,80"
291230,IBICUÍ,BA,11/2022,345,291,"84,35",284,7,"97,59",54,"15,65",1,53,"15,36"
291230,IBICUÍ,BA,07/2022,391,249,"63,68",235,14,"94,38",142,"36,32",4,138,"35,29"
291230,IBICUÍ,BA,09/2022,379,311,"82,06",289,22,"92,93",68,"17,94",5,63,"16,62"
291240,IBIPEBA,BA,07/2022,383,318,"83,03",310,8,"97,48",65,"16,97",8,57,"14,88"
291240,IBIPEBA,BA,09/2022,388,322,"82,99",307,15,"95,34",66,"17,01",0,66,"17,01"
291240,IBIPEBA,BA,11/2022,351,304,"86,61",301,3,"99,01",47,"13,39",5,42,"11,97"
291250,IBIPITANGA,BA,07/2022,302,280,"92,72",276,4,"98,57",22,"7,28",3,19,"6,29"
291250,IBIPITANGA,BA,09/2022,299,184,"61,54",184,0,"100,00",115,"38,46",94,21,"7,02"
291250,IBIPITANGA,BA,11/2022,322,304,"94,41",304,0,"100,00",18,"5,59",0,18,"5,59"
291260,IBIQUERA,BA,11/2022,128,107,"83,59",100,7,"93,46",21,"16,41",2,19,"14,84"
291260,IBIQUERA,BA,07/2022,132,108,"81,82",101,7,"93,52",24,"18,18",1,23,"17,42"
291260,IBIQUERA,BA,09/2022,137,112,"81,75",101,11,"90,18",25,"18,25",3,22,"16,06"
291270,IBIRAPITANGA,BA,07/2022,599,411,"68,61",397,14,"96,59",188,"31,39",25,163,"27,21"
291270,IBIRAPITANGA,BA,09/2022,590,368,"62,37",344,24,"93,48",222,"37,63",23,199,"33,73"
291270,IBIRAPITANGA,BA,11/2022,557,342,"61,40",305,37,"89,18",215,"38,60",17,198,"35,55"
291280,IBIRAPUÃ,BA,11/2022,155,109,"70,32",98,11,"89,91",46,"29,68",5,41,"26,45"
291280,IBIRAPUÃ,BA,09/2022,166,119,"71,69",105,14,"88,24",47,"28,31",4,43,"25,90"
291280,IBIRAPUÃ,BA,07/2022,153,98,"64,05",86,12,"87,76",55,"35,95",19,36,"23,53"
291290,IBIRATAIA,BA,07/2022,421,162,"38,48",157,5,"96,91",259,"61,52",29,230,"54,63"
291290,IBIRATAIA,BA,09/2022,429,184,"42,89",180,4,"97,83",245,"57,11",5,240,"55,94"
291290,IBIRATAIA,BA,11/2022,401,191,"47,63",184,7,"96,34",210,"52,37",5,205,"51,12"
291300,IBITIARA,BA,11/2022,346,245,"70,81",245,0,"100,00",101,"29,19",85,16,"4,62"
291300,IBITIARA,BA,07/2022,364,346,"95,05",346,0,"100,00",18,"4,95",1,17,"4,67"
291300,IBITIARA,BA,09/2022,365,299,"81,92",299,0,"100,00",66,"18,08",49,17,"4,66"
291310,IBITITÁ,BA,07/2022,443,11,"2,48",11,0,"100,00",432,"97,52",399,33,"7,45"
291310,IBITITÁ,BA,09/2022,470,444,"94,47",436,8,"98,20",26,"5,53",4,22,"4,68"
291310,IBITITÁ,BA,11/2022,447,411,"91,95",411,0,"100,00",36,"8,05",12,24,"5,37"
291320,IBOTIRAMA,BA,11/2022,648,458,"70,68",433,25,"94,54",190,"29,32",27,163,"25,15"
291320,IBOTIRAMA,BA,09/2022,634,312,"49,21",304,8,"97,44",322,"50,79",2,320,"50,47"
291320,IBOTIRAMA,BA,07/2022,607,359,"59,14",316,43,"88,02",248,"40,86",2,246,"40,53"
291330,ICHU,BA,09/2022,132,113,"85,61",106,7,"93,81",19,"14,39",16,3,"2,27"
291330,ICHU,BA,11/2022,120,110,"91,67",106,4,"96,36",10,"8,33",4,6,"5,00"
291330,ICHU,BA,07/2022,114,102,"89,47",97,5,"95,10",12,"10,53",7,5,"4,39"
291340,IGAPORÃ,BA,07/2022,319,296,"92,79",294,2,"99,32",23,"7,21",0,23,"7,21"
291340,IGAPORÃ,BA,09/2022,335,296,"88,36",293,3,"98,99",39,"11,64",3,36,"10,75"
291340,IGAPORÃ,BA,11/2022,327,256,"78,29",256,0,"100,00",71,"21,71",2,69,"21,10"
291345,IGRAPIÚNA,BA,09/2022,385,220,"57,14",214,6,"97,27",165,"42,86",58,107,"27,79"
291345,IGRAPIÚNA,BA,07/2022,372,256,"68,82",251,5,"98,05",116,"31,18",14,102,"27,42"
291345,IGRAPIÚNA,BA,11/2022,384,242,"63,02",239,3,"98,76",142,"36,98",39,103,"26,82"
291350,IGUAÍ,BA,11/2022,615,582,"94,63",582,0,"100,00",33,"5,37",9,24,"3,90"
291350,IGUAÍ,BA,07/2022,634,587,"92,59",587,0,"100,00",47,"7,41",3,44,"6,94"
291350,IGUAÍ,BA,09/2022,630,599,"95,08",591,8,"98,66",31,"4,92",4,27,"4,29"
291360,ILHÉUS,BA,09/2022,3378,2107,"62,37",2107,0,"100,00",1271,"37,63",52,1219,"36,09"
291360,ILHÉUS,BA,07/2022,3204,1996,"62,30",1992,4,"99,80",1208,"37,70",53,1155,"36,05"
291360,ILHÉUS,BA,11/2022,3305,2116,"64,02",2106,10,"99,53",1189,"35,98",135,1054,"31,89"
291370,INHAMBUPE,BA,09/2022,931,817,"87,76",817,0,"100,00",114,"12,24",59,55,"5,91"
291370,INHAMBUPE,BA,07/2022,874,799,"91,42",799,0,"100,00",75,"8,58",25,50,"5,72"
291370,INHAMBUPE,BA,11/2022,873,802,"91,87",802,0,"100,00",71,"8,13",17,54,"6,19"
291380,IPECAETÁ,BA,07/2022,311,293,"94,21",293,0,"100,00",18,"5,79",1,17,"5,47"
291380,IPECAETÁ,BA,11/2022,324,289,"89,20",289,0,"100,00",35,"10,80",2,33,"10,19"
291380,IPECAETÁ,BA,09/2022,347,309,"89,05",309,0,"100,00",38,"10,95",2,36,"10,37"
291390,IPIAÚ,BA,07/2022,1019,686,"67,32",686,0,"100,00",333,"32,68",266,67,"6,58"
291390,IPIAÚ,BA,11/2022,1038,948,"91,33",948,0,"100,00",90,"8,67",21,69,"6,65"
291390,IPIAÚ,BA,09/2022,1086,988,"90,98",988,0,"100,00",98,"9,02",28,70,"6,45"
291400,IPIRÁ,BA,11/2022,1306,605,"46,32",576,29,"95,21",701,"53,68",91,610,"46,71"
291400,IPIRÁ,BA,07/2022,1327,634,"47,78",599,35,"94,48",693,"52,22",108,585,"44,08"
291400,IPIRÁ,BA,09/2022,1378,638,"46,30",607,31,"95,14",740,"53,70",90,650,"47,17"
291410,IPUPIARA,BA,07/2022,250,237,"94,80",231,6,"97,47",13,"5,20",1,12,"4,80"
291410,IPUPIARA,BA,09/2022,250,237,"94,80",237,0,"100,00",13,"5,20",0,13,"5,20"
291410,IPUPIARA,BA,11/2022,234,223,"95,30",215,8,"96,41",11,"4,70",1,10,"4,27"
291420,IRAJUBA,BA,07/2022,184,138,"75,00",123,15,"89,13",46,"25,00",0,46,"25,00"
291420,IRAJUBA,BA,09/2022,192,177,"92,19",154,23,"87,01",15,"7,81",2,13,"6,77"
291420,IRAJUBA,BA,11/2022,173,158,"91,33",144,14,"91,14",15,"8,67",1,14,"8,09"
291430,IRAMAIA,BA,07/2022,249,202,"81,12",201,1,"99,50",47,"18,88",2,45,"18,07"
291430,IRAMAIA,BA,11/2022,244,191,"78,28",173,18,"90,58",53,"21,72",0,53,"21,72"
291430,IRAMAIA,BA,09/2022,257,200,"77,82",177,23,"88,50",57,"22,18",1,56,"21,79"
291440,IRAQUARA,BA,11/2022,646,545,"84,37",544,1,"99,82",101,"15,63",11,90,"13,93"
291440,IRAQUARA,BA,09/2022,666,541,"81,23",536,5,"99,08",125,"18,77",18,107,"16,07"
291440,IRAQUARA,BA,07/2022,636,513,"80,66",512,1,"99,81",123,"19,34",47,76,"11,95"
291450,IRARÁ,BA,07/2022,887,600,"67,64",595,5,"99,17",287,"32,36",1,286,"32,24"
291450,IRARÁ,BA,09/2022,899,645,"71,75",625,20,"96,90",254,"28,25",8,246,"27,36"
291450,IRARÁ,BA,11/2022,867,689,"79,47",664,25,"96,37",178,"20,53",8,170,"19,61"
291460,IRECÊ,BA,07/2022,1566,495,"31,61",484,11,"97,78",1071,"68,39",562,509,"32,50"
291460,IRECÊ,BA,09/2022,2189,1532,"69,99",1529,3,"99,80",657,"30,01",81,576,"26,31"
291460,IRECÊ,BA,11/2022,2135,1571,"73,58",1554,17,"98,92",564,"26,42",10,554,"25,95"
291465,ITABELA,BA,11/2022,756,236,"31,22",216,20,"91,53",520,"68,78",318,202,"26,72"
291465,ITABELA,BA,07/2022,796,290,"36,43",226,64,"77,93",506,"63,57",360,146,"18,34"
291465,ITABELA,BA,09/2022,810,294,"36,30",282,12,"95,92",516,"63,70",361,155,"19,14"
291470,ITABERABA,BA,11/2022,1507,426,"28,27",405,21,"95,07",1081,"71,73",26,1055,"70,01"
291470,ITABERABA,BA,09/2022,1571,412,"26,23",385,27,"93,45",1159,"73,77",28,1131,"71,99"
291470,ITABERABA,BA,07/2022,1473,421,"28,58",390,31,"92,64",1052,"71,42",36,1016,"68,97"
291480,ITABUNA,BA,11/2022,2903,2248,"77,44",2206,42,"98,13",655,"22,56",82,573,"19,74"
291480,ITABUNA,BA,09/2022,2985,1499,"50,22",1451,48,"96,80",1486,"49,78",149,1337,"44,79"
291480,ITABUNA,BA,07/2022,2841,1436,"50,55",1410,26,"98,19",1405,"49,45",181,1224,"43,08"
291490,ITACARÉ,BA,11/2022,663,447,"67,42",410,37,"91,72",216,"32,58",20,196,"29,56"
291490,ITACARÉ,BA,07/2022,625,544,"87,04",544,0,"100,00",81,"12,96",15,66,"10,56"
291490,ITACARÉ,BA,09/2022,657,414,"63,01",384,30,"92,75",243,"36,99",17,226,"34,40"
291500,ITAETÉ,BA,11/2022,461,411,"89,15",411,0,"100,00",50,"10,85",1,49,"10,63"
291500,ITAETÉ,BA,09/2022,466,402,"86,27",349,53,"86,82",64,"13,73",1,63,"13,52"
291500,ITAETÉ,BA,07/2022,473,406,"85,84",406,0,"100,00",67,"14,16",6,61,"12,90"
291510,ITAGI,BA,07/2022,391,239,"61,13",210,29,"87,87",152,"38,87",4,148,"37,85"
291510,ITAGI,BA,11/2022,378,284,"75,13",251,33,"88,38",94,"24,87",1,93,"24,60"
291510,ITAGI,BA,09/2022,392,291,"74,23",255,36,"87,63",101,"25,77",7,94,"23,98"
291520,ITAGIBÁ,BA,09/2022,341,279,"81,82",255,24,"91,40",62,"18,18",5,57,"16,72"
291520,ITAGIBÁ,BA,11/2022,324,275,"84,88",241,34,"87,64",49,"15,12",4,45,"13,89"
291520,ITAGIBÁ,BA,07/2022,338,275,"81,36",240,35,"87,27",63,"18,64",6,57,"16,86"
291530,ITAGIMIRIM,BA,09/2022,183,36,"19,67",35,1,"97,22",147,"80,33",119,28,"15,30"
291530,ITAGIMIRIM,BA,07/2022,183,151,"82,51",141,10,"93,38",32,"17,49",0,32,"17,49"
291530,ITAGIMIRIM,BA,11/2022,174,150,"86,21",150,0,"100,00",24,"13,79",0,24,"13,79"
291535,ITAGUAÇU DA BAHIA,BA,07/2022,364,167,"45,88",158,9,"94,61",197,"54,12",83,114,"31,32"
291535,ITAGUAÇU DA BAHIA,BA,09/2022,315,152,"48,25",139,13,"91,45",163,"51,75",37,126,"40,00"
291535,ITAGUAÇU DA BAHIA,BA,11/2022,303,178,"58,75",175,3,"98,31",125,"41,25",2,123,"40,59"
291540,ITAJU DO COLÔNIA,BA,07/2022,186,84,"45,16",81,3,"96,43",102,"54,84",20,82,"44,09"
291540,ITAJU DO COLÔNIA,BA,09/2022,192,60,"31,25",56,4,"93,33",132,"68,75",45,87,"45,31"
291540,ITAJU DO COLÔNIA,BA,11/2022,187,91,"48,66",79,12,"86,81",96,"51,34",16,80,"42,78"
291550,ITAJUÍPE,BA,07/2022,444,90,"20,27",84,6,"93,33",354,"79,73",214,140,"31,53"
291550,ITAJUÍPE,BA,11/2022,452,149,"32,96",137,12,"91,95",303,"67,04",169,134,"29,65"
291550,ITAJUÍPE,BA,09/2022,455,93,"20,44",83,10,"89,25",362,"79,56",219,143,"31,43"
291560,ITAMARAJU,BA,07/2022,1424,614,"43,12",594,20,"96,74",810,"56,88",139,671,"47,12"
291560,ITAMARAJU,BA,11/2022,1418,821,"57,90",804,17,"97,93",597,"42,10",27,570,"40,20"
291560,ITAMARAJU,BA,09/2022,1426,490,"34,36",477,13,"97,35",936,"65,64",242,694,"48,67"
291570,ITAMARI,BA,11/2022,196,147,"75,00",146,1,"99,32",49,"25,00",10,39,"19,90"
291570,ITAMARI,BA,09/2022,207,164,"79,23",148,16,"90,24",43,"20,77",10,33,"15,94"
291570,ITAMARI,BA,07/2022,214,0,"0,00",0,0,,214,"100,00",179,35,"16,36"
291580,ITAMBÉ,BA,11/2022,607,455,"74,96",455,0,"100,00",152,"25,04",93,59,"9,72"
291580,ITAMBÉ,BA,09/2022,635,547,"86,14",547,0,"100,00",88,"13,86",15,73,"11,50"
291580,ITAMBÉ,BA,07/2022,591,516,"87,31",516,0,"100,00",75,"12,69",15,60,"10,15"
291590,ITANAGRA,BA,07/2022,177,149,"84,18",146,3,"97,99",28,"15,82",9,19,"10,73"
291590,ITANAGRA,BA,09/2022,196,157,"80,10",156,1,"99,36",39,"19,90",13,26,"13,27"
291590,ITANAGRA,BA,11/2022,173,160,"92,49",160,0,"100,00",13,"7,51",3,10,"5,78"
291600,ITANHÉM,BA,09/2022,351,262,"74,64",257,5,"98,09",89,"25,36",11,78,"22,22"
291600,ITANHÉM,BA,11/2022,337,292,"86,65",273,19,"93,49",45,"13,35",0,45,"13,35"
291600,ITANHÉM,BA,07/2022,347,242,"69,74",239,3,"98,76",105,"30,26",31,74,"21,33"
291610,ITAPARICA,BA,09/2022,574,431,"75,09",426,5,"98,84",143,"24,91",18,125,"21,78"
291610,ITAPARICA,BA,11/2022,571,504,"88,27",500,4,"99,21",67,"11,73",5,62,"10,86"
291610,ITAPARICA,BA,07/2022,534,243,"45,51",234,9,"96,30",291,"54,49",192,99,"18,54"
291620,ITAPÉ,BA,11/2022,229,103,"44,98",103,0,"100,00",126,"55,02",0,126,"55,02"
291620,ITAPÉ,BA,09/2022,241,100,"41,49",98,2,"98,00",141,"58,51",7,134,"55,60"
291620,ITAPÉ,BA,07/2022,239,209,"87,45",208,1,"99,52",30,"12,55",0,30,"12,55"
291630,ITAPEBI,BA,11/2022,246,194,"78,86",187,7,"96,39",52,"21,14",3,49,"19,92"
291630,ITAPEBI,BA,09/2022,250,159,"63,60",150,9,"94,34",91,"36,40",3,88,"35,20"
291630,ITAPEBI,BA,07/2022,249,139,"55,82",128,11,"92,09",110,"44,18",1,109,"43,78"
291640,ITAPETINGA,BA,07/2022,1215,623,"51,28",596,27,"95,67",592,"48,72",2,590,"48,56"
291640,ITAPETINGA,BA,11/2022,1281,603,"47,07",547,56,"90,71",678,"52,93",2,676,"52,77"
291640,ITAPETINGA,BA,09/2022,1288,347,"26,94",300,47,"86,46",941,"73,06",207,734,"56,99"
291650,ITAPICURU,BA,09/2022,1043,219,"21,00",218,1,"99,54",824,"79,00",536,288,"27,61"
291650,ITAPICURU,BA,07/2022,1036,666,"64,29",666,0,"100,00",370,"35,71",120,250,"24,13"
291650,ITAPICURU,BA,11/2022,1004,285,"28,39",257,28,"90,18",719,"71,61",457,262,"26,10"
291660,ITAPITANGA,BA,11/2022,136,111,"81,62",89,22,"80,18",25,"18,38",2,23,"16,91"
291660,ITAPITANGA,BA,07/2022,156,125,"80,13",101,24,"80,80",31,"19,87",1,30,"19,23"
291660,ITAPITANGA,BA,09/2022,156,63,"40,38",54,9,"85,71",93,"59,62",69,24,"15,38"
291670,ITAQUARA,BA,09/2022,164,118,"71,95",101,17,"85,59",46,"28,05",8,38,"23,17"
291670,ITAQUARA,BA,11/2022,143,108,"75,52",99,9,"91,67",35,"24,48",3,32,"22,38"
291670,ITAQUARA,BA,07/2022,156,121,"77,56",98,23,"80,99",35,"22,44",4,31,"19,87"
291680,ITARANTIM,BA,09/2022,346,35,"10,12",35,0,"100,00",311,"89,88",257,54,"15,61"
291680,ITARANTIM,BA,07/2022,347,126,"36,31",125,1,"99,21",221,"63,69",185,36,"10,37"
291680,ITARANTIM,BA,11/2022,332,269,"81,02",253,16,"94,05",63,"18,98",9,54,"16,27"
291685,ITATIM,BA,11/2022,417,52,"12,47",37,15,"71,15",365,"87,53",271,94,"22,54"
291685,ITATIM,BA,09/2022,491,267,"54,38",192,75,"71,91",224,"45,62",117,107,"21,79"
291685,ITATIM,BA,07/2022,409,41,"10,02",29,12,"70,73",368,"89,98",257,111,"27,14"
291690,ITIRUÇU,BA,11/2022,267,237,"88,76",234,3,"98,73",30,"11,24",6,24,"8,99"
291690,ITIRUÇU,BA,09/2022,290,255,"87,93",252,3,"98,82",35,"12,07",12,23,"7,93"
291690,ITIRUÇU,BA,07/2022,276,234,"84,78",226,8,"96,58",42,"15,22",18,24,"8,70"
291700,ITIÚBA,BA,07/2022,949,694,"73,13",684,10,"98,56",255,"26,87",76,179,"18,86"
291700,ITIÚBA,BA,11/2022,955,770,"80,63",757,13,"98,31",185,"19,37",53,132,"13,82"
291700,ITIÚBA,BA,09/2022,985,254,"25,79",237,17,"93,31",731,"74,21",552,179,"18,17"
291710,ITORORÓ,BA,09/2022,400,128,"32,00",123,5,"96,09",272,"68,00",29,243,"60,75"
291710,ITORORÓ,BA,07/2022,389,141,"36,25",136,5,"96,45",248,"63,75",7,241,"61,95"
291710,ITORORÓ,BA,11/2022,410,232,"56,59",222,10,"95,69",178,"43,41",29,149,"36,34"
291720,ITUAÇU,BA,09/2022,470,296,"62,98",232,64,"78,38",174,"37,02",3,171,"36,38"
291720,ITUAÇU,BA,07/2022,466,231,"49,57",167,64,"72,29",235,"50,43",2,233,"50,00"
291720,ITUAÇU,BA,11/2022,462,306,"66,23",223,83,"72,88",156,"33,77",2,154,"33,33"
291730,ITUBERÁ,BA,09/2022,658,460,"69,91",411,49,"89,35",198,"30,09",12,186,"28,27"
291730,ITUBERÁ,BA,11/2022,627,458,"73,05",424,34,"92,58",169,"26,95",8,161,"25,68"
291730,ITUBERÁ,BA,07/2022,636,426,"66,98",395,31,"92,72",210,"33,02",20,190,"29,87"
291733,IUIÚ,BA,07/2022,278,234,"84,17",220,14,"94,02",44,"15,83",2,42,"15,11"
291733,IUIÚ,BA,11/2022,263,229,"87,07",211,18,"92,14",34,"12,93",2,32,"12,17"
291733,IUIÚ,BA,09/2022,287,248,"86,41",229,19,"92,34",39,"13,59",0,39,"13,59"
291735,JABORANDI,BA,11/2022,180,161,"89,44",153,8,"95,03",19,"10,56",1,18,"10,00"
291735,JABORANDI,BA,07/2022,175,155,"88,57",146,9,"94,19",20,"11,43",1,19,"10,86"
291735,JABORANDI,BA,09/2022,186,151,"81,18",149,2,"98,68",35,"18,82",1,34,"18,28"
291740,JACARACI,BA,09/2022,266,252,"94,74",246,6,"97,62",14,"5,26",5,9,"3,38"
291740,JACARACI,BA,11/2022,265,255,"96,23",250,5,"98,04",10,"3,77",4,6,"2,26"
291740,JACARACI,BA,07/2022,273,248,"90,84",248,0,"100,00",25,"9,16",3,22,"8,06"
291750,JACOBINA,BA,11/2022,1632,1199,"73,47",1155,44,"96,33",433,"26,53",33,400,"24,51"
291750,JACOBINA,BA,07/2022,1644,972,"59,12",946,26,"97,33",672,"40,88",20,652,"39,66"
291750,JACOBINA,BA,09/2022,1714,1037,"60,50",1005,32,"96,91",677,"39,50",29,648,"37,81"
291760,JAGUAQUARA,BA,09/2022,942,216,"22,93",215,1,"99,54",726,"77,07",429,297,"31,53"
291760,JAGUAQUARA,BA,07/2022,941,541,"57,49",511,30,"94,45",400,"42,51",114,286,"30,39"
291760,JAGUAQUARA,BA,11/2022,958,481,"50,21",465,16,"96,67",477,"49,79",193,284,"29,65"
291770,JAGUARARI,BA,11/2022,598,460,"76,92",441,19,"95,87",138,"23,08",1,137,"22,91"
291770,JAGUARARI,BA,07/2022,602,477,"79,24",462,15,"96,86",125,"20,76",5,120,"19,93"
291770,JAGUARARI,BA,09/2022,619,498,"80,45",498,0,"100,00",121,"19,55",5,116,"18,74"
291780,JAGUARIPE,BA,09/2022,515,401,"77,86",401,0,"100,00",114,"22,14",12,102,"19,81"
291780,JAGUARIPE,BA,07/2022,480,376,"78,33",375,1,"99,73",104,"21,67",11,93,"19,38"
291780,JAGUARIPE,BA,11/2022,513,401,"78,17",401,0,"100,00",112,"21,83",32,80,"15,59"
291790,JANDAÍRA,BA,09/2022,268,175,"65,30",165,10,"94,29",93,"34,70",15,78,"29,10"
291790,JANDAÍRA,BA,11/2022,260,205,"78,85",193,12,"94,15",55,"21,15",0,55,"21,15"
291790,JANDAÍRA,BA,07/2022,250,165,"66,00",161,4,"97,58",85,"34,00",13,72,"28,80"
291800,JEQUIÉ,BA,11/2022,2707,1441,"53,23",1294,147,"89,80",1266,"46,77",70,1196,"44,18"
291800,JEQUIÉ,BA,07/2022,2644,1191,"45,05",1120,71,"94,04",1453,"54,95",35,1418,"53,63"
291800,JEQUIÉ,BA,09/2022,2764,1394,"50,43",1233,161,"88,45",1370,"49,57",97,1273,"46,06"
291810,JEREMOABO,BA,09/2022,1100,635,"57,73",579,56,"91,18",465,"42,27",10,455,"41,36"
291810,JEREMOABO,BA,11/2022,1021,600,"58,77",564,36,"94,00",421,"41,23",9,412,"40,35"
291810,JEREMOABO,BA,07/2022,1038,461,"44,41",408,53,"88,50",577,"55,59",173,404,"38,92"
291820,JIQUIRIÇÁ,BA,09/2022,398,373,"93,72",373,0,"100,00",25,"6,28",2,23,"5,78"
291820,JIQUIRIÇÁ,BA,11/2022,384,360,"93,75",360,0,"100,00",24,"6,25",1,23,"5,99"
291820,JIQUIRIÇÁ,BA,07/2022,389,359,"92,29",355,4,"98,89",30,"7,71",9,21,"5,40"
291830,JITAÚNA,BA,09/2022,367,337,"91,83",337,0,"100,00",30,"8,17",0,30,"8,17"
291830,JITAÚNA,BA,11/2022,373,351,"94,10",351,0,"100,00",22,"5,90",0,22,"5,90"
291830,JITAÚNA,BA,07/2022,361,332,"91,97",332,0,"100,00",29,"8,03",0,29,"8,03"
291835,JOÃO DOURADO,BA,07/2022,662,326,"49,24",318,8,"97,55",336,"50,76",69,267,"40,33"
291835,JOÃO DOURADO,BA,11/2022,584,101,"17,29",98,3,"97,03",483,"82,71",228,255,"43,66"
291835,JOÃO DOURADO,BA,09/2022,625,340,"54,40",332,8,"97,65",285,"45,60",14,271,"43,36"
291840,JUAZEIRO,BA,07/2022,5269,3057,"58,02",2996,61,"98,00",2212,"41,98",83,2129,"40,41"
291840,JUAZEIRO,BA,09/2022,5407,3437,"63,57",3344,93,"97,29",1970,"36,43",111,1859,"34,38"
291840,JUAZEIRO,BA,11/2022,5287,3568,"67,49",3496,72,"97,98",1719,"32,51",124,1595,"30,17"
291845,JUCURUÇU,BA,11/2022,278,180,"64,75",176,4,"97,78",98,"35,25",39,59,"21,22"
291845,JUCURUÇU,BA,09/2022,282,198,"70,21",196,2,"98,99",84,"29,79",26,58,"20,57"
291845,JUCURUÇU,BA,07/2022,271,183,"67,53",181,2,"98,91",88,"32,47",27,61,"22,51"
291850,JUSSARA,BA,11/2022,414,331,"79,95",319,12,"96,37",83,"20,05",2,81,"19,57"
291850,JUSSARA,BA,07/2022,449,302,"67,26",293,9,"97,02",147,"32,74",10,137,"30,51"
291850,JUSSARA,BA,09/2022,455,349,"76,70",309,40,"88,54",106,"23,30",6,100,"21,98"
291855,JUSSARI,BA,07/2022,145,128,"88,28",127,1,"99,22",17,"11,72",1,16,"11,03"
291855,JUSSARI,BA,09/2022,151,132,"87,42",132,0,"100,00",19,"12,58",1,18,"11,92"
291855,JUSSARI,BA,11/2022,132,98,"74,24",98,0,"100,00",34,"25,76",1,33,"25,00"
291860,JUSSIAPE,BA,09/2022,115,54,"46,96",54,0,"100,00",61,"53,04",50,11,"9,57"
291860,JUSSIAPE,BA,11/2022,121,65,"53,72",65,0,"100,00",56,"46,28",44,12,"9,92"
291860,JUSSIAPE,BA,07/2022,110,40,"36,36",38,2,"95,00",70,"63,64",61,9,"8,18"
291870,LAFAIETE COUTINHO,BA,07/2022,64,47,"73,44",41,6,"87,23",17,"26,56",8,9,"14,06"
291870,LAFAIETE COUTINHO,BA,09/2022,65,56,"86,15",48,8,"85,71",9,"13,85",0,9,"13,85"
291870,LAFAIETE COUTINHO,BA,11/2022,57,52,"91,23",48,4,"92,31",5,"8,77",0,5,"8,77"
291875,LAGOA REAL,BA,11/2022,277,257,"92,78",256,1,"99,61",20,"7,22",1,19,"6,86"
291875,LAGOA REAL,BA,09/2022,286,247,"86,36",247,0,"100,00",39,"13,64",2,37,"12,94"
291875,LAGOA REAL,BA,07/2022,272,242,"88,97",242,0,"100,00",30,"11,03",2,28,"10,29"
291880,LAJE,BA,09/2022,620,541,"87,26",527,14,"97,41",79,"12,74",48,31,"5,00"
291880,LAJE,BA,11/2022,629,543,"86,33",508,35,"93,55",86,"13,67",35,51,"8,11"
291880,LAJE,BA,07/2022,590,453,"76,78",433,20,"95,58",137,"23,22",85,52,"8,81"
291890,LAJEDÃO,BA,11/2022,87,78,"89,66",46,32,"58,97",9,"10,34",1,8,"9,20"
291890,LAJEDÃO,BA,07/2022,102,79,"77,45",65,14,"82,28",23,"22,55",8,15,"14,71"
291890,LAJEDÃO,BA,09/2022,101,89,"88,12",69,20,"77,53",12,"11,88",5,7,"6,93"
291900,LAJEDINHO,BA,09/2022,109,78,"71,56",76,2,"97,44",31,"28,44",7,24,"22,02"
291900,LAJEDINHO,BA,11/2022,94,45,"47,87",45,0,"100,00",49,"52,13",36,13,"13,83"
291900,LAJEDINHO,BA,07/2022,113,79,"69,91",79,0,"100,00",34,"30,09",10,24,"21,24"
291905,LAJEDO DO TABOCAL,BA,07/2022,191,141,"73,82",128,13,"90,78",50,"26,18",2,48,"25,13"
291905,LAJEDO DO TABOCAL,BA,11/2022,178,152,"85,39",134,18,"88,16",26,"14,61",1,25,"14,04"
291905,LAJEDO DO TABOCAL,BA,09/2022,195,139,"71,28",126,13,"90,65",56,"28,72",2,54,"27,69"
291910,LAMARÃO,BA,11/2022,265,211,"79,62",201,10,"95,26",54,"20,38",5,49,"18,49"
291910,LAMARÃO,BA,09/2022,294,201,"68,37",175,26,"87,06",93,"31,63",7,86,"29,25"
291910,LAMARÃO,BA,07/2022,283,200,"70,67",194,6,"97,00",83,"29,33",7,76,"26,86"
291915,LAPÃO,BA,09/2022,768,624,"81,25",624,0,"100,00",144,"18,75",34,110,"14,32"
291915,LAPÃO,BA,11/2022,726,578,"79,61",578,0,"100,00",148,"20,39",37,111,"15,29"
291915,LAPÃO,BA,07/2022,753,599,"79,55",599,0,"100,00",154,"20,45",56,98,"13,01"
291920,LAURO DE FREITAS,BA,11/2022,2945,1442,"48,96",1375,67,"95,35",1503,"51,04",32,1471,"49,95"
291920,LAURO DE FREITAS,BA,09/2022,2967,905,"30,50",813,92,"89,83",2062,"69,50",611,1451,"48,90"
291920,LAURO DE FREITAS,BA,07/2022,2670,849,"31,80",815,34,"96,00",1821,"68,20",633,1188,"44,49"
291930,LENÇÓIS,BA,09/2022,271,226,"83,39",219,7,"96,90",45,"16,61",7,38,"14,02"
291930,LENÇÓIS,BA,11/2022,244,208,"85,25",197,11,"94,71",36,"14,75",3,33,"13,52"
291930,LENÇÓIS,BA,07/2022,247,122,"49,39",118,4,"96,72",125,"50,61",4,121,"48,99"
291940,LICÍNIO DE ALMEIDA,BA,07/2022,263,244,"92,78",244,0,"100,00",19,"7,22",9,10,"3,80"
291940,LICÍNIO DE ALMEIDA,BA,09/2022,284,271,"95,42",271,0,"100,00",13,"4,58",2,11,"3,87"
291940,LICÍNIO DE ALMEIDA,BA,11/2022,267,60,"22,47",60,0,"100,00",207,"77,53",198,9,"3,37"
291950,LIVRAMENTO DE NOSSA SENHORA,BA,11/2022,744,600,"80,65",595,5,"99,17",144,"19,35",72,72,"9,68"
291950,LIVRAMENTO DE NOSSA SENHORA,BA,07/2022,780,656,"84,10",653,3,"99,54",124,"15,90",9,115,"14,74"
291950,LIVRAMENTO DE NOSSA SENHORA,BA,09/2022,805,687,"85,34",672,15,"97,82",118,"14,66",6,112,"13,91"
291955,LUÍS EDUARDO MAGALHÃES,BA,11/2022,1829,1537,"84,03",1473,64,"95,84",292,"15,97",6,286,"15,64"
291955,LUÍS EDUARDO MAGALHÃES,BA,07/2022,1670,1412,"84,55",1262,150,"89,38",258,"15,45",12,246,"14,73"
291955,LUÍS EDUARDO MAGALHÃES,BA,09/2022,1848,1489,"80,57",1429,60,"95,97",359,"19,43",7,352,"19,05"
291960,MACAJUBA,BA,09/2022,359,264,"73,54",258,6,"97,73",95,"26,46",0,95,"26,46"
291960,MACAJUBA,BA,07/2022,336,217,"64,58",215,2,"99,08",119,"35,42",40,79,"23,51"
291960,MACAJUBA,BA,11/2022,325,135,"41,54",133,2,"98,52",190,"58,46",111,79,"24,31"
291970,MACARANI,BA,07/2022,377,7,"1,86",7,0,"100,00",370,"98,14",272,98,"25,99"
291970,MACARANI,BA,09/2022,397,46,"11,59",46,0,"100,00",351,"88,41",223,128,"32,24"
291970,MACARANI,BA,11/2022,381,56,"14,70",56,0,"100,00",325,"85,30",199,126,"33,07"
291980,MACAÚBAS,BA,11/2022,918,623,"67,86",596,27,"95,67",295,"32,14",211,84,"9,15"
291980,MACAÚBAS,BA,09/2022,1000,839,"83,90",813,26,"96,90",161,"16,10",60,101,"10,10"
291980,MACAÚBAS,BA,07/2022,948,666,"70,25",631,35,"94,74",282,"29,75",39,243,"25,63"
291990,MACURURÉ,BA,11/2022,264,141,"53,41",135,6,"95,74",123,"46,59",12,111,"42,05"
291990,MACURURÉ,BA,09/2022,278,145,"52,16",138,7,"95,17",133,"47,84",3,130,"46,76"
291990,MACURURÉ,BA,07/2022,275,139,"50,55",137,2,"98,56",136,"49,45",8,128,"46,55"
291992,MADRE DE DEUS,BA,07/2022,303,111,"36,63",108,3,"97,30",192,"63,37",3,189,"62,38"
291992,MADRE DE DEUS,BA,09/2022,331,162,"48,94",161,1,"99,38",169,"51,06",6,163,"49,24"
291992,MADRE DE DEUS,BA,11/2022,364,271,"74,45",271,0,"100,00",93,"25,55",0,93,"25,55"
291995,MAETINGA,BA,07/2022,200,47,"23,50",47,0,"100,00",153,"76,50",124,29,"14,50"
291995,MAETINGA,BA,11/2022,207,53,"25,60",53,0,"100,00",154,"74,40",128,26,"12,56"
291995,MAETINGA,BA,09/2022,219,54,"24,66",50,4,"92,59",165,"75,34",136,29,"13,24"
292000,MAIQUINIQUE,BA,09/2022,284,228,"80,28",228,0,"100,00",56,"19,72",39,17,"5,99"
292000,MAIQUINIQUE,BA,07/2022,263,246,"93,54",246,0,"100,00",17,"6,46",4,13,"4,94"
292000,MAIQUINIQUE,BA,11/2022,264,218,"82,58",218,0,"100,00",46,"17,42",27,19,"7,20"
292010,MAIRI,BA,09/2022,438,332,"75,80",298,34,"89,76",106,"24,20",9,97,"22,15"
292010,MAIRI,BA,11/2022,392,322,"82,14",298,24,"92,55",70,"17,86",5,65,"16,58"
292010,MAIRI,BA,07/2022,420,307,"73,10",271,36,"88,27",113,"26,90",14,99,"23,57"
292020,MALHADA,BA,09/2022,530,329,"62,08",309,20,"93,92",201,"37,92",7,194,"36,60"
292020,MALHADA,BA,07/2022,510,297,"58,24",284,13,"95,62",213,"41,76",23,190,"37,25"
292020,MALHADA,BA,11/2022,510,404,"79,22",375,29,"92,82",106,"20,78",4,102,"20,00"
292030,MALHADA DE PEDRAS,BA,07/2022,192,174,"90,63",170,4,"97,70",18,"9,38",1,17,"8,85"
292030,MALHADA DE PEDRAS,BA,11/2022,203,184,"90,64",178,6,"96,74",19,"9,36",1,18,"8,87"
292030,MALHADA DE PEDRAS,BA,09/2022,204,188,"92,16",188,0,"100,00",16,"7,84",3,13,"6,37"
292040,MANOEL VITORINO,BA,09/2022,391,296,"75,70",278,18,"93,92",95,"24,30",17,78,"19,95"
292040,MANOEL VITORINO,BA,11/2022,370,294,"79,46",265,29,"90,14",76,"20,54",5,71,"19,19"
292040,MANOEL VITORINO,BA,07/2022,385,308,"80,00",282,26,"91,56",77,"20,00",14,63,"16,36"
292045,MANSIDÃO,BA,11/2022,438,346,"79,00",342,4,"98,84",92,"21,00",34,58,"13,24"
292045,MANSIDÃO,BA,09/2022,440,374,"85,00",364,10,"97,33",66,"15,00",13,53,"12,05"
292045,MANSIDÃO,BA,07/2022,432,60,"13,89",19,41,"31,67",372,"86,11",312,60,"13,89"
292050,MARACÁS,BA,11/2022,559,427,"76,39",401,26,"93,91",132,"23,61",7,125,"22,36"
292050,MARACÁS,BA,09/2022,566,434,"76,68",408,26,"94,01",132,"23,32",60,72,"12,72"
292050,MARACÁS,BA,07/2022,544,460,"84,56",414,46,"90,00",84,"15,44",36,48,"8,82"
292060,MARAGOGIPE,BA,09/2022,972,606,"62,35",561,45,"92,57",366,"37,65",59,307,"31,58"
292060,MARAGOGIPE,BA,11/2022,933,709,"75,99",675,34,"95,20",224,"24,01",19,205,"21,97"
292060,MARAGOGIPE,BA,07/2022,913,513,"56,19",490,23,"95,52",400,"43,81",113,287,"31,43"
292070,MARAÚ,BA,07/2022,683,514,"75,26",512,2,"99,61",169,"24,74",71,98,"14,35"
292070,MARAÚ,BA,09/2022,679,506,"74,52",488,18,"96,44",173,"25,48",3,170,"25,04"
292070,MARAÚ,BA,11/2022,634,492,"77,60",487,5,"98,98",142,"22,40",2,140,"22,08"
292080,MARCIONÍLIO SOUZA,BA,11/2022,299,277,"92,64",270,7,"97,47",22,"7,36",2,20,"6,69"
292080,MARCIONÍLIO SOUZA,BA,09/2022,325,294,"90,46",291,3,"98,98",31,"9,54",1,30,"9,23"
292080,MARCIONÍLIO SOUZA,BA,07/2022,321,268,"83,49",265,3,"98,88",53,"16,51",4,49,"15,26"
292090,MASCOTE,BA,11/2022,376,283,"75,27",280,3,"98,94",93,"24,73",1,92,"24,47"
292090,MASCOTE,BA,09/2022,389,206,"52,96",198,8,"96,12",183,"47,04",0,183,"47,04"
292090,MASCOTE,BA,07/2022,369,199,"53,93",199,0,"100,00",170,"46,07",1,169,"45,80"
292100,MATA DE SÃO JOÃO,BA,11/2022,1140,872,"76,49",794,78,"91,06",268,"23,51",4,264,"23,16"
292100,MATA DE SÃO JOÃO,BA,07/2022,1094,670,"61,24",661,9,"98,66",424,"38,76",7,417,"38,12"
292100,MATA DE SÃO JOÃO,BA,09/2022,1171,836,"71,39",836,0,"100,00",335,"28,61",10,325,"27,75"
292105,MATINA,BA,11/2022,335,273,"81,49",255,18,"93,41",62,"18,51",25,37,"11,04"
292105,MATINA,BA,07/2022,315,263,"83,49",239,24,"90,87",52,"16,51",20,32,"10,16"
292105,MATINA,BA,09/2022,337,299,"88,72",270,29,"90,30",38,"11,28",4,34,"10,09"
292110,MEDEIROS NETO,BA,09/2022,474,366,"77,22",295,71,"80,60",108,"22,78",31,77,"16,24"
292110,MEDEIROS NETO,BA,07/2022,467,249,"53,32",238,11,"95,58",218,"46,68",121,97,"20,77"
292110,MEDEIROS NETO,BA,11/2022,460,374,"81,30",364,10,"97,33",86,"18,70",11,75,"16,30"
292120,MIGUEL CALMON,BA,07/2022,498,226,"45,38",215,11,"95,13",272,"54,62",165,107,"21,49"
292120,MIGUEL CALMON,BA,11/2022,539,484,"89,80",435,49,"89,88",55,"10,20",20,35,"6,49"
292120,MIGUEL CALMON,BA,09/2022,532,406,"76,32",391,15,"96,31",126,"23,68",4,122,"22,93"
292130,MILAGRES,BA,09/2022,298,245,"82,21",178,67,"72,65",53,"17,79",46,7,"2,35"
292130,MILAGRES,BA,07/2022,285,224,"78,60",152,72,"67,86",61,"21,40",46,15,"5,26"
292130,MILAGRES,BA,11/2022,279,221,"79,21",162,59,"73,30",58,"20,79",32,26,"9,32"
292140,MIRANGABA,BA,09/2022,451,155,"34,37",130,25,"83,87",296,"65,63",175,121,"26,83"
292140,MIRANGABA,BA,07/2022,422,64,"15,17",48,16,"75,00",358,"84,83",251,107,"25,36"
292140,MIRANGABA,BA,11/2022,399,301,"75,44",291,10,"96,68",98,"24,56",5,93,"23,31"
292145,MIRANTE,BA,07/2022,236,135,"57,20",122,13,"90,37",101,"42,80",16,85,"36,02"
292145,MIRANTE,BA,11/2022,243,175,"72,02",157,18,"89,71",68,"27,98",2,66,"27,16"
292145,MIRANTE,BA,09/2022,246,141,"57,32",131,10,"92,91",105,"42,68",1,104,"42,28"
292150,MONTE SANTO,BA,09/2022,1376,701,"50,94",613,88,"87,45",675,"49,06",206,469,"34,08"
292150,MONTE SANTO,BA,11/2022,1304,861,"66,03",785,76,"91,17",443,"33,97",142,301,"23,08"
292150,MONTE SANTO,BA,07/2022,1327,695,"52,37",621,74,"89,35",632,"47,63",186,446,"33,61"
292160,MORPARÁ,BA,09/2022,251,184,"73,31",174,10,"94,57",67,"26,69",1,66,"26,29"
292160,MORPARÁ,BA,11/2022,234,194,"82,91",182,12,"93,81",40,"17,09",0,40,"17,09"
292160,MORPARÁ,BA,07/2022,266,200,"75,19",195,5,"97,50",66,"24,81",19,47,"17,67"
292170,MORRO DO CHAPÉU,BA,07/2022,775,708,"91,35",708,0,"100,00",67,"8,65",4,63,"8,13"
292170,MORRO DO CHAPÉU,BA,11/2022,746,0,"0,00",0,0,,746,"100,00",682,64,"8,58"
292170,MORRO DO CHAPÉU,BA,09/2022,798,731,"91,60",731,0,"100,00",67,"8,40",0,67,"8,40"
292180,MORTUGABA,BA,09/2022,203,189,"93,10",157,32,"83,07",14,"6,90",2,12,"5,91"
292180,MORTUGABA,BA,11/2022,206,193,"93,69",164,29,"84,97",13,"6,31",1,12,"5,83"
292180,MORTUGABA,BA,07/2022,196,169,"86,22",141,28,"83,43",27,"13,78",0,27,"13,78"
292190,MUCUGÊ,BA,09/2022,324,281,"86,73",281,0,"100,00",43,"13,27",4,39,"12,04"
292190,MUCUGÊ,BA,11/2022,296,262,"88,51",262,0,"100,00",34,"11,49",3,31,"10,47"
292190,MUCUGÊ,BA,07/2022,299,257,"85,95",257,0,"100,00",42,"14,05",5,37,"12,37"
292200,MUCURI,BA,07/2022,622,134,"21,54",130,4,"97,01",488,"78,46",306,182,"29,26"
292200,MUCURI,BA,11/2022,634,187,"29,50",166,21,"88,77",447,"70,50",285,162,"25,55"
292200,MUCURI,BA,09/2022,648,136,"20,99",126,10,"92,65",512,"79,01",346,166,"25,62"
292205,MULUNGU DO MORRO,BA,07/2022,403,370,"91,81",370,0,"100,00",33,"8,19",7,26,"6,45"
292205,MULUNGU DO MORRO,BA,11/2022,390,333,"85,38",324,9,"97,30",57,"14,62",4,53,"13,59"
292205,MULUNGU DO MORRO,BA,09/2022,421,381,"90,50",370,11,"97,11",40,"9,50",3,37,"8,79"
292210,MUNDO NOVO,BA,09/2022,601,246,"40,93",244,2,"99,19",355,"59,07",169,186,"30,95"
292210,MUNDO NOVO,BA,07/2022,582,407,"69,93",385,22,"94,59",175,"30,07",30,145,"24,91"
292210,MUNDO NOVO,BA,11/2022,570,391,"68,60",365,26,"93,35",179,"31,40",7,172,"30,18"
292220,MUNIZ FERREIRA,BA,09/2022,146,119,"81,51",119,0,"100,00",27,"18,49",5,22,"15,07"
292220,MUNIZ FERREIRA,BA,11/2022,132,18,"13,64",15,3,"83,33",114,"86,36",88,26,"19,70"
292220,MUNIZ FERREIRA,BA,07/2022,127,0,"0,00",0,0,,127,"100,00",118,9,"7,09"
292225,MUQUÉM DE SÃO FRANCISCO,BA,09/2022,371,231,"62,26",210,21,"90,91",140,"37,74",22,118,"31,81"
292225,MUQUÉM DE SÃO FRANCISCO,BA,07/2022,354,212,"59,89",191,21,"90,09",142,"40,11",30,112,"31,64"
292225,MUQUÉM DE SÃO FRANCISCO,BA,11/2022,314,224,"71,34",207,17,"92,41",90,"28,66",22,68,"21,66"
292230,MURITIBA,BA,07/2022,650,539,"82,92",539,0,"100,00",111,"17,08",22,89,"13,69"
292230,MURITIBA,BA,09/2022,703,602,"85,63",602,0,"100,00",101,"14,37",6,95,"13,51"
292230,MURITIBA,BA,11/2022,650,630,"96,92",622,8,"98,73",20,"3,08",7,13,"2,00"
292240,MUTUÍPE,BA,11/2022,463,397,"85,75",355,42,"89,42",66,"14,25",5,61,"13,17"
292240,MUTUÍPE,BA,07/2022,490,243,"49,59",217,26,"89,30",247,"50,41",9,238,"48,57"
292240,MUTUÍPE,BA,09/2022,481,407,"84,62",355,52,"87,22",74,"15,38",4,70,"14,55"
292250,NAZARÉ,BA,07/2022,562,530,"94,31",530,0,"100,00",32,"5,69",7,25,"4,45"
292250,NAZARÉ,BA,09/2022,583,543,"93,14",542,1,"99,82",40,"6,86",12,28,"4,80"
292250,NAZARÉ,BA,11/2022,531,0,"0,00",0,0,,531,"100,00",507,24,"4,52"
292260,NILO PEÇANHA,BA,09/2022,410,162,"39,51",162,0,"100,00",248,"60,49",24,224,"54,63"
292260,NILO PEÇANHA,BA,07/2022,401,182,"45,39",175,7,"96,15",219,"54,61",6,213,"53,12"
292260,NILO PEÇANHA,BA,11/2022,362,361,"99,72",361,0,"100,00",1,"0,28",1,0,"0,00"
292265,NORDESTINA,BA,07/2022,368,290,"78,80",207,83,"71,38",78,"21,20",4,74,"20,11"
292265,NORDESTINA,BA,09/2022,386,326,"84,46",237,89,"72,70",60,"15,54",3,57,"14,77"
292265,NORDESTINA,BA,11/2022,362,316,"87,29",242,74,"76,58",46,"12,71",2,44,"12,15"
292270,NOVA CANAÃ,BA,07/2022,365,80,"21,92",68,12,"85,00",285,"78,08",265,20,"5,48"
292270,NOVA CANAÃ,BA,11/2022,381,311,"81,63",308,3,"99,04",70,"18,37",51,19,"4,99"
292270,NOVA CANAÃ,BA,09/2022,388,97,"25,00",79,18,"81,44",291,"75,00",270,21,"5,41"
292273,NOVA FÁTIMA,BA,09/2022,186,141,"75,81",127,14,"90,07",45,"24,19",30,15,"8,06"
292273,NOVA FÁTIMA,BA,07/2022,174,145,"83,33",124,21,"85,52",29,"16,67",7,22,"12,64"
292273,NOVA FÁTIMA,BA,11/2022,167,148,"88,62",138,10,"93,24",19,"11,38",8,11,"6,59"
292275,NOVA IBIÁ,BA,07/2022,148,86,"58,11",73,13,"84,88",62,"41,89",17,45,"30,41"
292275,NOVA IBIÁ,BA,11/2022,156,40,"25,64",40,0,"100,00",116,"74,36",73,43,"27,56"
292275,NOVA IBIÁ,BA,09/2022,167,107,"64,07",94,13,"87,85",60,"35,93",8,52,"31,14"
292280,NOVA ITARANA,BA,07/2022,180,121,"67,22",106,15,"87,60",59,"32,78",4,55,"30,56"
292280,NOVA ITARANA,BA,11/2022,214,145,"67,76",138,7,"95,17",69,"32,24",0,69,"32,24"
292280,NOVA ITARANA,BA,09/2022,204,134,"65,69",124,10,"92,54",70,"34,31",1,69,"33,82"
292285,NOVA REDENÇÃO,BA,07/2022,246,228,"92,68",228,0,"100,00",18,"7,32",5,13,"5,28"
292285,NOVA REDENÇÃO,BA,11/2022,233,0,"0,00",0,0,,233,"100,00",225,8,"3,43"
292285,NOVA REDENÇÃO,BA,09/2022,264,243,"92,05",243,0,"100,00",21,"7,95",7,14,"5,30"
292290,NOVA SOURE,BA,07/2022,788,526,"66,75",457,69,"86,88",262,"33,25",22,240,"30,46"
292290,NOVA SOURE,BA,09/2022,812,565,"69,58",479,86,"84,78",247,"30,42",2,245,"30,17"
292290,NOVA SOURE,BA,11/2022,786,651,"82,82",582,69,"89,40",135,"17,18",0,135,"17,18"
292300,NOVA VIÇOSA,BA,11/2022,976,781,"80,02",740,41,"94,75",195,"19,98",12,183,"18,75"
292300,NOVA VIÇOSA,BA,07/2022,948,660,"69,62",638,22,"96,67",288,"30,38",7,281,"29,64"
292300,NOVA VIÇOSA,BA,09/2022,981,799,"81,45",767,32,"95,99",182,"18,55",13,169,"17,23"
292303,NOVO HORIZONTE,BA,07/2022,312,304,"97,44",276,28,"90,79",8,"2,56",2,6,"1,92"
292303,NOVO HORIZONTE,BA,11/2022,305,303,"99,34",285,18,"94,06",2,"0,66",0,2,"0,66"
292303,NOVO HORIZONTE,BA,09/2022,324,323,"99,69",288,35,"89,16",1,"0,31",0,1,"0,31"
292305,NOVO TRIUNFO,BA,09/2022,272,213,"78,31",189,24,"88,73",59,"21,69",0,59,"21,69"
292305,NOVO TRIUNFO,BA,11/2022,258,206,"79,84",187,19,"90,78",52,"20,16",1,51,"19,77"
292305,NOVO TRIUNFO,BA,07/2022,282,227,"80,50",197,30,"86,78",55,"19,50",9,46,"16,31"
292310,OLINDINA,BA,07/2022,699,502,"71,82",502,0,"100,00",197,"28,18",20,177,"25,32"
292310,OLINDINA,BA,11/2022,647,543,"83,93",543,0,"100,00",104,"16,07",13,91,"14,06"
292310,OLINDINA,BA,09/2022,704,525,"74,57",524,1,"99,81",179,"25,43",14,165,"23,44"
292320,OLIVEIRA DOS BREJINHOS,BA,09/2022,537,124,"23,09",119,5,"95,97",413,"76,91",2,411,"76,54"
292320,OLIVEIRA DOS BREJINHOS,BA,11/2022,485,137,"28,25",137,0,"100,00",348,"71,75",3,345,"71,13"
292320,OLIVEIRA DOS BREJINHOS,BA,07/2022,519,164,"31,60",150,14,"91,46",355,"68,40",27,328,"63,20"
292330,OURIÇANGAS,BA,07/2022,172,161,"93,60",161,0,"100,00",11,"6,40",4,7,"4,07"
292330,OURIÇANGAS,BA,11/2022,166,161,"96,99",155,6,"96,27",5,"3,01",1,4,"2,41"
292330,OURIÇANGAS,BA,09/2022,176,162,"92,05",160,2,"98,77",14,"7,95",7,7,"3,98"
292335,OUROLÂNDIA,BA,11/2022,538,400,"74,35",368,32,"92,00",138,"25,65",10,128,"23,79"
292335,OUROLÂNDIA,BA,07/2022,541,291,"53,79",262,29,"90,03",250,"46,21",17,233,"43,07"
292335,OUROLÂNDIA,BA,09/2022,556,300,"53,96",267,33,"89,00",256,"46,04",18,238,"42,81"
292340,PALMAS DE MONTE ALTO,BA,09/2022,453,21,"4,64",21,0,"100,00",432,"95,36",294,138,"30,46"
292340,PALMAS DE MONTE ALTO,BA,11/2022,445,170,"38,20",167,3,"98,24",275,"61,80",140,135,"30,34"
292340,PALMAS DE MONTE ALTO,BA,07/2022,448,161,"35,94",159,2,"98,76",287,"64,06",129,158,"35,27"
292350,PALMEIRAS,BA,11/2022,264,210,"79,55",174,36,"82,86",54,"20,45",4,50,"18,94"
292350,PALMEIRAS,BA,07/2022,254,185,"72,83",136,49,"73,51",69,"27,17",23,46,"18,11"
292350,PALMEIRAS,BA,09/2022,262,210,"80,15",169,41,"80,48",52,"19,85",6,46,"17,56"
292360,PARAMIRIM,BA,09/2022,416,225,"54,09",223,2,"99,11",191,"45,91",11,180,"43,27"
292360,PARAMIRIM,BA,07/2022,401,211,"52,62",199,12,"94,31",190,"47,38",4,186,"46,38"
292360,PARAMIRIM,BA,11/2022,408,252,"61,76",239,13,"94,84",156,"38,24",6,150,"36,76"
292370,PARATINGA,BA,11/2022,1037,938,"90,45",932,6,"99,36",99,"9,55",2,97,"9,35"
292370,PARATINGA,BA,07/2022,977,884,"90,48",881,3,"99,66",93,"9,52",4,89,"9,11"
292370,PARATINGA,BA,09/2022,1042,942,"90,40",939,3,"99,68",100,"9,60",1,99,"9,50"
292380,PARIPIRANGA,BA,09/2022,671,589,"87,78",540,49,"91,68",82,"12,22",0,82,"12,22"
292380,PARIPIRANGA,BA,07/2022,660,563,"85,30",545,18,"96,80",97,"14,70",1,96,"14,55"
292380,PARIPIRANGA,BA,11/2022,635,553,"87,09",528,25,"95,48",82,"12,91",0,82,"12,91"
292390,PAU BRASIL,BA,07/2022,312,0,"0,00",0,0,,312,"100,00",298,14,"4,49"
292390,PAU BRASIL,BA,11/2022,283,271,"95,76",270,1,"99,63",12,"4,24",0,12,"4,24"
292390,PAU BRASIL,BA,09/2022,315,301,"95,56",301,0,"100,00",14,"4,44",1,13,"4,13"
292400,PAULO AFONSO,BA,09/2022,2296,1554,"67,68",1553,1,"99,94",742,"32,32",2,740,"32,23"
292400,PAULO AFONSO,BA,07/2022,2170,1646,"75,85",1643,3,"99,82",524,"24,15",3,521,"24,01"
292400,PAULO AFONSO,BA,11/2022,2200,1209,"54,95",1202,7,"99,42",991,"45,05",4,987,"44,86"
292405,PÉ DE SERRA,BA,07/2022,330,218,"66,06",205,13,"94,04",112,"33,94",56,56,"16,97"
292405,PÉ DE SERRA,BA,11/2022,328,237,"72,26",226,11,"95,36",91,"27,74",47,44,"13,41"
292405,PÉ DE SERRA,BA,09/2022,341,227,"66,57",208,19,"91,63",114,"33,43",58,56,"16,42"
292410,PEDRÃO,BA,09/2022,208,161,"77,40",161,0,"100,00",47,"22,60",15,32,"15,38"
292410,PEDRÃO,BA,07/2022,197,144,"73,10",136,8,"94,44",53,"26,90",24,29,"14,72"
292410,PEDRÃO,BA,11/2022,183,167,"91,26",167,0,"100,00",16,"8,74",2,14,"7,65"
292420,PEDRO ALEXANDRE,BA,11/2022,328,270,"82,32",238,32,"88,15",58,"17,68",3,55,"16,77"
292420,PEDRO ALEXANDRE,BA,07/2022,380,306,"80,53",268,38,"87,58",74,"19,47",6,68,"17,89"
292420,PEDRO ALEXANDRE,BA,09/2022,380,313,"82,37",271,42,"86,58",67,"17,63",4,63,"16,58"
292430,PIATÃ,BA,09/2022,485,373,"76,91",345,28,"92,49",112,"23,09",4,108,"22,27"
292430,PIATÃ,BA,11/2022,487,462,"94,87",442,20,"95,67",25,"5,13",1,24,"4,93"
292430,PIATÃ,BA,07/2022,467,282,"60,39",269,13,"95,39",185,"39,61",80,105,"22,48"
292440,PILÃO ARCADO,BA,11/2022,1168,1014,"86,82",1011,3,"99,70",154,"13,18",22,132,"11,30"
292440,PILÃO ARCADO,BA,07/2022,1183,872,"73,71",872,0,"100,00",311,"26,29",170,141,"11,92"
292440,PILÃO ARCADO,BA,09/2022,1227,1042,"84,92",1025,17,"98,37",185,"15,08",34,151,"12,31"
292450,PINDAÍ,BA,09/2022,304,175,"57,57",168,7,"96,00",129,"42,43",2,127,"41,78"
292450,PINDAÍ,BA,11/2022,300,230,"76,67",227,3,"98,70",70,"23,33",4,66,"22,00"
292450,PINDAÍ,BA,07/2022,301,231,"76,74",223,8,"96,54",70,"23,26",2,68,"22,59"
292460,PINDOBAÇU,BA,07/2022,495,196,"39,60",181,15,"92,35",299,"60,40",130,169,"34,14"
292460,PINDOBAÇU,BA,11/2022,482,199,"41,29",187,12,"93,97",283,"58,71",138,145,"30,08"
292460,PINDOBAÇU,BA,09/2022,528,197,"37,31",188,9,"95,43",331,"62,69",150,181,"34,28"
292465,PINTADAS,BA,09/2022,257,157,"61,09",131,26,"83,44",100,"38,91",2,98,"38,13"
292465,PINTADAS,BA,07/2022,257,147,"57,20",121,26,"82,31",110,"42,80",2,108,"42,02"
292465,PINTADAS,BA,11/2022,244,186,"76,23",158,28,"84,95",58,"23,77",1,57,"23,36"
292467,PIRAÍ DO NORTE,BA,07/2022,207,176,"85,02",175,1,"99,43",31,"14,98",3,28,"13,53"
292467,PIRAÍ DO NORTE,BA,11/2022,200,153,"76,50",119,34,"77,78",47,"23,50",7,40,"20,00"
292467,PIRAÍ DO NORTE,BA,09/2022,204,152,"74,51",152,0,"100,00",52,"25,49",9,43,"21,08"
292470,PIRIPÁ,BA,09/2022,226,194,"85,84",194,0,"100,00",32,"14,16",5,27,"11,95"
292470,PIRIPÁ,BA,11/2022,225,207,"92,00",207,0,"100,00",18,"8,00",2,16,"7,11"
292470,PIRIPÁ,BA,07/2022,219,204,"93,15",204,0,"100,00",15,"6,85",2,13,"5,94"
292480,PIRITIBA,BA,07/2022,556,170,"30,58",151,19,"88,82",386,"69,42",329,57,"10,25"
292480,PIRITIBA,BA,11/2022,549,395,"71,95",380,15,"96,20",154,"28,05",106,48,"8,74"
292480,PIRITIBA,BA,09/2022,577,500,"86,66",483,17,"96,60",77,"13,34",21,56,"9,71"
292490,PLANALTINO,BA,09/2022,198,182,"91,92",181,1,"99,45",16,"8,08",0,16,"8,08"
292490,PLANALTINO,BA,07/2022,186,50,"26,88",50,0,"100,00",136,"73,12",127,9,"4,84"
292490,PLANALTINO,BA,11/2022,193,177,"91,71",169,8,"95,48",16,"8,29",1,15,"7,77"
292500,PLANALTO,BA,07/2022,617,569,"92,22",568,1,"99,82",48,"7,78",8,40,"6,48"
292500,PLANALTO,BA,11/2022,596,567,"95,13",567,0,"100,00",29,"4,87",4,25,"4,19"
292500,PLANALTO,BA,09/2022,651,602,"92,47",602,0,"100,00",49,"7,53",8,41,"6,30"
292510,POÇÕES,BA,09/2022,1377,1282,"93,10",1281,1,"99,92",95,"6,90",16,79,"5,74"
292510,POÇÕES,BA,11/2022,1313,1236,"94,14",1235,1,"99,92",77,"5,86",6,71,"5,41"
292510,POÇÕES,BA,07/2022,1322,1234,"93,34",1213,21,"98,30",88,"6,66",19,69,"5,22"
292520,POJUCA,BA,11/2022,711,605,"85,09",557,48,"92,07",106,"14,91",1,105,"14,77"
292520,POJUCA,BA,07/2022,645,331,"51,32",296,35,"89,43",314,"48,68",2,312,"48,37"
292520,POJUCA,BA,09/2022,674,315,"46,74",277,38,"87,94",359,"53,26",31,328,"48,66"
292525,PONTO NOVO,BA,09/2022,547,332,"60,69",327,5,"98,49",215,"39,31",19,196,"35,83"
292525,PONTO NOVO,BA,11/2022,512,283,"55,27",279,4,"98,59",229,"44,73",65,164,"32,03"
292525,PONTO NOVO,BA,07/2022,536,323,"60,26",320,3,"99,07",213,"39,74",23,190,"35,45"
292530,PORTO SEGURO,BA,07/2022,2619,950,"36,27",919,31,"96,74",1669,"63,73",50,1619,"61,82"
292530,PORTO SEGURO,BA,11/2022,2916,1287,"44,14",1191,96,"92,54",1629,"55,86",131,1498,"51,37"
292530,PORTO SEGURO,BA,09/2022,2830,1091,"38,55",1036,55,"94,96",1739,"61,45",91,1648,"58,23"
292540,POTIRAGUÁ,BA,09/2022,287,213,"74,22",213,0,"100,00",74,"25,78",0,74,"25,78"
292540,POTIRAGUÁ,BA,07/2022,274,214,"78,10",214,0,"100,00",60,"21,90",16,44,"16,06"
292540,POTIRAGUÁ,BA,11/2022,279,204,"73,12",204,0,"100,00",75,"26,88",0,75,"26,88"
292550,PRADO,BA,07/2022,807,492,"60,97",436,56,"88,62",315,"39,03",135,180,"22,30"
292550,PRADO,BA,11/2022,874,619,"70,82",570,49,"92,08",255,"29,18",112,143,"16,36"
292550,PRADO,BA,09/2022,889,602,"67,72",531,71,"88,21",287,"32,28",119,168,"18,90"
292560,PRESIDENTE DUTRA,BA,09/2022,340,304,"89,41",300,4,"98,68",36,"10,59",3,33,"9,71"
292560,PRESIDENTE DUTRA,BA,07/2022,364,303,"83,24",303,0,"100,00",61,"16,76",31,30,"8,24"
292560,PRESIDENTE DUTRA,BA,11/2022,327,305,"93,27",304,1,"99,67",22,"6,73",3,19,"5,81"
292570,PRESIDENTE JÂNIO QUADROS,BA,11/2022,291,165,"56,70",165,0,"100,00",126,"43,30",2,124,"42,61"
292570,PRESIDENTE JÂNIO QUADROS,BA,07/2022,295,0,"0,00",0,0,,295,"100,00",169,126,"42,71"
292570,PRESIDENTE JÂNIO QUADROS,BA,09/2022,303,167,"55,12",167,0,"100,00",136,"44,88",1,135,"44,55"
292575,PRESIDENTE TANCREDO NEVES,BA,09/2022,926,839,"90,60",832,7,"99,17",87,"9,40",53,34,"3,67"
292575,PRESIDENTE TANCREDO NEVES,BA,11/2022,885,603,"68,14",597,6,"99,00",282,"31,86",260,22,"2,49"
292575,PRESIDENTE TANCREDO NEVES,BA,07/2022,894,845,"94,52",835,10,"98,82",49,"5,48",27,22,"2,46"
292580,QUEIMADAS,BA,07/2022,672,464,"69,05",464,0,"100,00",208,"30,95",93,115,"17,11"
292580,QUEIMADAS,BA,11/2022,661,328,"49,62",328,0,"100,00",333,"50,38",226,107,"16,19"
292580,QUEIMADAS,BA,09/2022,687,222,"32,31",222,0,"100,00",465,"67,69",346,119,"17,32"
292590,QUIJINGUE,BA,09/2022,730,683,"93,56",607,76,"88,87",47,"6,44",13,34,"4,66"
292590,QUIJINGUE,BA,11/2022,702,652,"92,88",613,39,"94,02",50,"7,12",9,41,"5,84"
292590,QUIJINGUE,BA,07/2022,724,628,"86,74",561,67,"89,33",96,"13,26",11,85,"11,74"
292593,QUIXABEIRA,BA,07/2022,268,242,"90,30",242,0,"100,00",26,"9,70",2,24,"8,96"
292593,QUIXABEIRA,BA,11/2022,251,159,"63,35",159,0,"100,00",92,"36,65",70,22,"8,76"
292593,QUIXABEIRA,BA,09/2022,269,239,"88,85",239,0,"100,00",30,"11,15",1,29,"10,78"
292595,RAFAEL JAMBEIRO,BA,09/2022,685,633,"92,41",630,3,"99,53",52,"7,59",2,50,"7,30"
292595,RAFAEL JAMBEIRO,BA,07/2022,649,337,"51,93",328,9,"97,33",312,"48,07",202,110,"16,95"
292595,RAFAEL JAMBEIRO,BA,11/2022,641,591,"92,20",583,8,"98,65",50,"7,80",2,48,"7,49"
292600,REMANSO,BA,11/2022,1180,864,"73,22",808,56,"93,52",316,"26,78",119,197,"16,69"
292600,REMANSO,BA,07/2022,1084,644,"59,41",612,32,"95,03",440,"40,59",4,436,"40,22"
292600,REMANSO,BA,09/2022,1240,671,"54,11",635,36,"94,63",569,"45,89",98,471,"37,98"
292610,RETIROLÂNDIA,BA,09/2022,322,287,"89,13",281,6,"97,91",35,"10,87",11,24,"7,45"
292610,RETIROLÂNDIA,BA,11/2022,308,279,"90,58",266,13,"95,34",29,"9,42",8,21,"6,82"
292610,RETIROLÂNDIA,BA,07/2022,318,235,"73,90",225,10,"95,74",83,"26,10",9,74,"23,27"
292620,RIACHÃO DAS NEVES,BA,07/2022,655,511,"78,02",511,0,"100,00",144,"21,98",88,56,"8,55"
292620,RIACHÃO DAS NEVES,BA,11/2022,679,588,"86,60",588,0,"100,00",91,"13,40",22,69,"10,16"
292620,RIACHÃO DAS NEVES,BA,09/2022,704,625,"88,78",625,0,"100,00",79,"11,22",7,72,"10,23"
292630,RIACHÃO DO JACUÍPE,BA,09/2022,697,516,"74,03",480,36,"93,02",181,"25,97",12,169,"24,25"
292630,RIACHÃO DO JACUÍPE,BA,07/2022,664,466,"70,18",437,29,"93,78",198,"29,82",32,166,"25,00"
292630,RIACHÃO DO JACUÍPE,BA,11/2022,672,567,"84,38",541,26,"95,41",105,"15,63",14,91,"13,54"
292640,RIACHO DE SANTANA,BA,11/2022,728,643,"88,32",622,21,"96,73",85,"11,68",10,75,"10,30"
292640,RIACHO DE SANTANA,BA,07/2022,739,639,"86,47",638,1,"99,84",100,"13,53",7,93,"12,58"
292640,RIACHO DE SANTANA,BA,09/2022,755,666,"88,21",658,8,"98,80",89,"11,79",10,79,"10,46"
292650,RIBEIRA DO AMPARO,BA,09/2022,422,391,"92,65",391,0,"100,00",31,"7,35",6,25,"5,92"
292650,RIBEIRA DO AMPARO,BA,07/2022,395,369,"93,42",369,0,"100,00",26,"6,58",7,19,"4,81"
292650,RIBEIRA DO AMPARO,BA,11/2022,400,374,"93,50",374,0,"100,00",26,"6,50",5,21,"5,25"
292660,RIBEIRA DO POMBAL,BA,07/2022,1307,891,"68,17",743,148,"83,39",416,"31,83",24,392,"29,99"
292660,RIBEIRA DO POMBAL,BA,11/2022,1312,1102,"83,99",1009,93,"91,56",210,"16,01",2,208,"15,85"
292660,RIBEIRA DO POMBAL,BA,09/2022,1346,920,"68,35",816,104,"88,70",426,"31,65",1,425,"31,58"
292665,RIBEIRÃO DO LARGO,BA,09/2022,283,226,"79,86",210,16,"92,92",57,"20,14",23,34,"12,01"
292665,RIBEIRÃO DO LARGO,BA,11/2022,255,218,"85,49",193,25,"88,53",37,"14,51",12,25,"9,80"
292665,RIBEIRÃO DO LARGO,BA,07/2022,276,228,"82,61",221,7,"96,93",48,"17,39",18,30,"10,87"
292670,RIO DE CONTAS,BA,07/2022,179,159,"88,83",150,9,"94,34",20,"11,17",0,20,"11,17"
292670,RIO DE CONTAS,BA,11/2022,188,174,"92,55",167,7,"95,98",14,"7,45",0,14,"7,45"
292670,RIO DE CONTAS,BA,09/2022,187,174,"93,05",164,10,"94,25",13,"6,95",0,13,"6,95"
292680,RIO DO ANTÔNIO,BA,09/2022,284,243,"85,56",216,27,"88,89",41,"14,44",2,39,"13,73"
292680,RIO DO ANTÔNIO,BA,11/2022,279,231,"82,80",204,27,"88,31",48,"17,20",4,44,"15,77"
292680,RIO DO ANTÔNIO,BA,07/2022,272,255,"93,75",255,0,"100,00",17,"6,25",4,13,"4,78"
292690,RIO DO PIRES,BA,07/2022,206,175,"84,95",171,4,"97,71",31,"15,05",0,31,"15,05"
292690,RIO DO PIRES,BA,11/2022,196,185,"94,39",185,0,"100,00",11,"5,61",0,11,"5,61"
292690,RIO DO PIRES,BA,09/2022,215,209,"97,21",180,29,"86,12",6,"2,79",1,5,"2,33"
292700,RIO REAL,BA,09/2022,1016,626,"61,61",611,15,"97,60",390,"38,39",19,371,"36,52"
292700,RIO REAL,BA,11/2022,978,734,"75,05",702,32,"95,64",244,"24,95",13,231,"23,62"
292700,RIO REAL,BA,07/2022,987,537,"54,41",528,9,"98,32",450,"45,59",17,433,"43,87"
292710,RODELAS,BA,07/2022,332,292,"87,95",292,0,"100,00",40,"12,05",4,36,"10,84"
292710,RODELAS,BA,11/2022,337,277,"82,20",254,23,"91,70",60,"17,80",11,49,"14,54"
292710,RODELAS,BA,09/2022,348,296,"85,06",293,3,"98,99",52,"14,94",4,48,"13,79"
292720,RUY BARBOSA,BA,09/2022,785,691,"88,03",647,44,"93,63",94,"11,97",13,81,"10,32"
292720,RUY BARBOSA,BA,07/2022,796,674,"84,67",655,19,"97,18",122,"15,33",32,90,"11,31"
292720,RUY BARBOSA,BA,11/2022,768,696,"90,63",638,58,"91,67",72,"9,38",12,60,"7,81"
292730,SALINAS DA MARGARIDA,BA,11/2022,459,378,"82,35",361,17,"95,50",81,"17,65",12,69,"15,03"
292730,SALINAS DA MARGARIDA,BA,07/2022,411,237,"57,66",228,9,"96,20",174,"42,34",64,110,"26,76"
292730,SALINAS DA MARGARIDA,BA,09/2022,456,355,"77,85",336,19,"94,65",101,"22,15",31,70,"15,35"
292740,SALVADOR,BA,09/2022,29264,10927,"37,34",10215,712,"93,48",18337,"62,66",2848,15489,"52,93"
292740,SALVADOR,BA,07/2022,27430,8442,"30,78",7780,662,"92,16",18988,"69,22",4591,14397,"52,49"
292740,SALVADOR,BA,11/2022,28772,14156,"49,20",13657,499,"96,47",14616,"50,80",1364,13252,"46,06"
292750,SANTA BÁRBARA,BA,07/2022,669,504,"75,34",503,1,"99,80",165,"24,66",9,156,"23,32"
292750,SANTA BÁRBARA,BA,11/2022,668,572,"85,63",543,29,"94,93",96,"14,37",6,90,"13,47"
292750,SANTA BÁRBARA,BA,09/2022,697,555,"79,63",549,6,"98,92",142,"20,37",6,136,"19,51"
292760,SANTA BRÍGIDA,BA,09/2022,382,320,"83,77",278,42,"86,88",62,"16,23",0,62,"16,23"
292760,SANTA BRÍGIDA,BA,07/2022,372,324,"87,10",300,24,"92,59",48,"12,90",3,45,"12,10"
292760,SANTA BRÍGIDA,BA,11/2022,383,336,"87,73",290,46,"86,31",47,"12,27",0,47,"12,27"
292770,SANTA CRUZ CABRÁLIA,BA,11/2022,682,0,"0,00",0,0,,682,"100,00",602,80,"11,73"
292770,SANTA CRUZ CABRÁLIA,BA,07/2022,655,531,"81,07",531,0,"100,00",124,"18,93",71,53,"8,09"
292770,SANTA CRUZ CABRÁLIA,BA,09/2022,714,592,"82,91",592,0,"100,00",122,"17,09",56,66,"9,24"
292780,SANTA CRUZ DA VITÓRIA,BA,09/2022,116,95,"81,90",84,11,"88,42",21,"18,10",1,20,"17,24"
292780,SANTA CRUZ DA VITÓRIA,BA,07/2022,117,95,"81,20",93,2,"97,89",22,"18,80",1,21,"17,95"
292780,SANTA CRUZ DA VITÓRIA,BA,11/2022,112,99,"88,39",96,3,"96,97",13,"11,61",0,13,"11,61"
292790,SANTA INÊS,BA,11/2022,316,209,"66,14",208,1,"99,52",107,"33,86",2,105,"33,23"
292790,SANTA INÊS,BA,07/2022,299,184,"61,54",184,0,"100,00",115,"38,46",6,109,"36,45"
292790,SANTA INÊS,BA,09/2022,320,205,"64,06",205,0,"100,00",115,"35,94",2,113,"35,31"
292800,SANTALUZ,BA,09/2022,1065,833,"78,22",816,17,"97,96",232,"21,78",42,190,"17,84"
292800,SANTALUZ,BA,11/2022,1045,901,"86,22",893,8,"99,11",144,"13,78",36,108,"10,33"
292800,SANTALUZ,BA,07/2022,1025,915,"89,27",908,7,"99,23",110,"10,73",37,73,"7,12"
292805,SANTA LUZIA,BA,11/2022,260,173,"66,54",147,26,"84,97",87,"33,46",1,86,"33,08"
292805,SANTA LUZIA,BA,07/2022,257,142,"55,25",115,27,"80,99",115,"44,75",0,115,"44,75"
292805,SANTA LUZIA,BA,09/2022,261,170,"65,13",152,18,"89,41",91,"34,87",1,90,"34,48"
292810,SANTA MARIA DA VITÓRIA,BA,09/2022,931,322,"34,59",321,1,"99,69",609,"65,41",164,445,"47,80"
292810,SANTA MARIA DA VITÓRIA,BA,07/2022,922,449,"48,70",449,0,"100,00",473,"51,30",64,409,"44,36"
292810,SANTA MARIA DA VITÓRIA,BA,11/2022,911,385,"42,26",379,6,"98,44",526,"57,74",105,421,"46,21"
292820,SANTANA,BA,11/2022,654,581,"88,84",574,7,"98,80",73,"11,16",0,73,"11,16"
292820,SANTANA,BA,07/2022,653,543,"83,15",542,1,"99,82",110,"16,85",6,104,"15,93"
292820,SANTANA,BA,09/2022,666,544,"81,68",529,15,"97,24",122,"18,32",9,113,"16,97"
292830,SANTANÓPOLIS,BA,09/2022,277,254,"91,70",254,0,"100,00",23,"8,30",1,22,"7,94"
292830,SANTANÓPOLIS,BA,11/2022,259,238,"91,89",238,0,"100,00",21,"8,11",2,19,"7,34"
292830,SANTANÓPOLIS,BA,07/2022,258,202,"78,29",202,0,"100,00",56,"21,71",3,53,"20,54"
292840,SANTA RITA DE CÁSSIA,BA,07/2022,742,255,"34,37",255,0,"100,00",487,"65,63",438,49,"6,60"
292840,SANTA RITA DE CÁSSIA,BA,11/2022,778,278,"35,73",278,0,"100,00",500,"64,27",459,41,"5,27"
292840,SANTA RITA DE CÁSSIA,BA,09/2022,818,770,"94,13",770,0,"100,00",48,"5,87",2,46,"5,62"
292850,SANTA TERESINHA,BA,09/2022,214,157,"73,36",153,4,"97,45",57,"26,64",2,55,"25,70"
292850,SANTA TERESINHA,BA,11/2022,209,146,"69,86",146,0,"100,00",63,"30,14",4,59,"28,23"
292850,SANTA TERESINHA,BA,07/2022,214,201,"93,93",201,0,"100,00",13,"6,07",2,11,"5,14"
292860,SANTO AMARO,BA,07/2022,1307,1186,"90,74",1186,0,"100,00",121,"9,26",27,94,"7,19"
292860,SANTO AMARO,BA,11/2022,1375,1272,"92,51",1272,0,"100,00",103,"7,49",19,84,"6,11"
292860,SANTO AMARO,BA,09/2022,1425,1298,"91,09",1298,0,"100,00",127,"8,91",27,100,"7,02"
292870,SANTO ANTÔNIO DE JESUS,BA,09/2022,1686,930,"55,16",889,41,"95,59",756,"44,84",208,548,"32,50"
292870,SANTO ANTÔNIO DE JESUS,BA,11/2022,1607,756,"47,04",730,26,"96,56",851,"52,96",336,515,"32,05"
292870,SANTO ANTÔNIO DE JESUS,BA,07/2022,1470,664,"45,17",635,29,"95,63",806,"54,83",278,528,"35,92"
292880,SANTO ESTÊVÃO,BA,07/2022,1088,943,"86,67",940,3,"99,68",145,"13,33",2,143,"13,14"
292880,SANTO ESTÊVÃO,BA,11/2022,1086,689,"63,44",675,14,"97,97",397,"36,56",5,392,"36,10"
292880,SANTO ESTÊVÃO,BA,09/2022,1103,611,"55,39",606,5,"99,18",492,"44,61",3,489,"44,33"
292890,SÃO DESIDÉRIO,BA,09/2022,774,595,"76,87",587,8,"98,66",179,"23,13",8,171,"22,09"
292890,SÃO DESIDÉRIO,BA,07/2022,744,528,"70,97",468,60,"88,64",216,"29,03",11,205,"27,55"
292890,SÃO DESIDÉRIO,BA,11/2022,731,548,"74,97",457,91,"83,39",183,"25,03",5,178,"24,35"
292895,SÃO DOMINGOS,BA,07/2022,231,186,"80,52",153,33,"82,26",45,"19,48",14,31,"13,42"
292895,SÃO DOMINGOS,BA,11/2022,256,250,"97,66",219,31,"87,60",6,"2,34",6,0,"0,00"
292895,SÃO DOMINGOS,BA,09/2022,258,200,"77,52",179,21,"89,50",58,"22,48",8,50,"19,38"
292900,SÃO FÉLIX,BA,09/2022,238,164,"68,91",160,4,"97,56",74,"31,09",6,68,"28,57"
292900,SÃO FÉLIX,BA,11/2022,236,196,"83,05",189,7,"96,43",40,"16,95",3,37,"15,68"
292900,SÃO FÉLIX,BA,07/2022,227,178,"78,41",172,6,"96,63",49,"21,59",7,42,"18,50"
292905,SÃO FÉLIX DO CORIBE,BA,07/2022,375,348,"92,80",348,0,"100,00",27,"7,20",1,26,"6,93"
292905,SÃO FÉLIX DO CORIBE,BA,11/2022,402,373,"92,79",373,0,"100,00",29,"7,21",7,22,"5,47"
292905,SÃO FÉLIX DO CORIBE,BA,09/2022,409,366,"89,49",366,0,"100,00",43,"10,51",12,31,"7,58"
292910,SÃO FELIPE,BA,09/2022,503,436,"86,68",436,0,"100,00",67,"13,32",8,59,"11,73"
292910,SÃO FELIPE,BA,11/2022,491,426,"86,76",426,0,"100,00",65,"13,24",9,56,"11,41"
292910,SÃO FELIPE,BA,07/2022,469,382,"81,45",368,14,"96,34",87,"18,55",11,76,"16,20"
292920,SÃO FRANCISCO DO CONDE,BA,07/2022,825,727,"88,12",727,0,"100,00",98,"11,88",31,67,"8,12"
292920,SÃO FRANCISCO DO CONDE,BA,11/2022,870,786,"90,34",786,0,"100,00",84,"9,66",22,62,"7,13"
292920,SÃO FRANCISCO DO CONDE,BA,09/2022,935,815,"87,17",815,0,"100,00",120,"12,83",45,75,"8,02"
292925,SÃO GABRIEL,BA,09/2022,483,354,"73,29",280,74,"79,10",129,"26,71",15,114,"23,60"
292925,SÃO GABRIEL,BA,07/2022,480,147,"30,63",124,23,"84,35",333,"69,38",273,60,"12,50"
292925,SÃO GABRIEL,BA,11/2022,472,359,"76,06",335,24,"93,31",113,"23,94",5,108,"22,88"
292930,SÃO GONÇALO DOS CAMPOS,BA,07/2022,596,358,"60,07",345,13,"96,37",238,"39,93",11,227,"38,09"
292930,SÃO GONÇALO DOS CAMPOS,BA,11/2022,570,493,"86,49",454,39,"92,09",77,"13,51",22,55,"9,65"
292930,SÃO GONÇALO DOS CAMPOS,BA,09/2022,601,498,"82,86",460,38,"92,37",103,"17,14",24,79,"13,14"
292935,SÃO JOSÉ DA VITÓRIA,BA,09/2022,195,86,"44,10",82,4,"95,35",109,"55,90",0,109,"55,90"
292935,SÃO JOSÉ DA VITÓRIA,BA,11/2022,173,63,"36,42",61,2,"96,83",110,"63,58",1,109,"63,01"
292935,SÃO JOSÉ DA VITÓRIA,BA,07/2022,190,151,"79,47",148,3,"98,01",39,"20,53",0,39,"20,53"
292937,SÃO JOSÉ DO JACUÍPE,BA,11/2022,250,171,"68,40",159,12,"92,98",79,"31,60",18,61,"24,40"
292937,SÃO JOSÉ DO JACUÍPE,BA,07/2022,251,117,"46,61",109,8,"93,16",134,"53,39",55,79,"31,47"
292937,SÃO JOSÉ DO JACUÍPE,BA,09/2022,257,168,"65,37",162,6,"96,43",89,"34,63",14,75,"29,18"
292940,SÃO MIGUEL DAS MATAS,BA,09/2022,219,190,"86,76",159,31,"83,68",29,"13,24",4,25,"11,42"
292940,SÃO MIGUEL DAS MATAS,BA,11/2022,220,190,"86,36",149,41,"78,42",30,"13,64",7,23,"10,45"
292940,SÃO MIGUEL DAS MATAS,BA,07/2022,232,175,"75,43",169,6,"96,57",57,"24,57",12,45,"19,40"
292950,SÃO SEBASTIÃO DO PASSÉ,BA,11/2022,787,288,"36,59",264,24,"91,67",499,"63,41",8,491,"62,39"
292950,SÃO SEBASTIÃO DO PASSÉ,BA,07/2022,759,0,"0,00",0,0,,759,"100,00",689,70,"9,22"
292950,SÃO SEBASTIÃO DO PASSÉ,BA,09/2022,860,675,"78,49",675,0,"100,00",185,"21,51",145,40,"4,65"
292960,SAPEAÇU,BA,09/2022,490,475,"96,94",475,0,"100,00",15,"3,06",4,11,"2,24"
292960,SAPEAÇU,BA,07/2022,447,433,"96,87",433,0,"100,00",14,"3,13",1,13,"2,91"
292960,SAPEAÇU,BA,11/2022,487,475,"97,54",475,0,"100,00",12,"2,46",0,12,"2,46"
292970,SÁTIRO DIAS,BA,07/2022,466,432,"92,70",432,0,"100,00",34,"7,30",5,29,"6,22"
292970,SÁTIRO DIAS,BA,11/2022,443,317,"71,56",316,1,"99,68",126,"28,44",15,111,"25,06"
292970,SÁTIRO DIAS,BA,09/2022,469,364,"77,61",363,1,"99,73",105,"22,39",66,39,"8,32"
292975,SAUBARA,BA,09/2022,333,309,"92,79",206,103,"66,67",24,"7,21",8,16,"4,80"
292975,SAUBARA,BA,11/2022,277,244,"88,09",198,46,"81,15",33,"11,91",8,25,"9,03"
292975,SAUBARA,BA,07/2022,334,207,"61,98",165,42,"79,71",127,"38,02",106,21,"6,29"
292980,SAÚDE,BA,07/2022,308,198,"64,29",192,6,"96,97",110,"35,71",18,92,"29,87"
292980,SAÚDE,BA,11/2022,302,263,"87,09",262,1,"99,62",39,"12,91",3,36,"11,92"
292980,SAÚDE,BA,09/2022,328,266,"81,10",261,5,"98,12",62,"18,90",4,58,"17,68"
292990,SEABRA,BA,09/2022,1219,751,"61,61",737,14,"98,14",468,"38,39",137,331,"27,15"
292990,SEABRA,BA,07/2022,1157,810,"70,01",786,24,"97,04",347,"29,99",20,327,"28,26"
292990,SEABRA,BA,11/2022,1199,806,"67,22",784,22,"97,27",393,"32,78",31,362,"30,19"
293000,SEBASTIÃO LARANJEIRAS,BA,11/2022,193,166,"86,01",165,1,"99,40",27,"13,99",0,27,"13,99"
293000,SEBASTIÃO LARANJEIRAS,BA,07/2022,184,166,"90,22",166,0,"100,00",18,"9,78",2,16,"8,70"
293000,SEBASTIÃO LARANJEIRAS,BA,09/2022,199,157,"78,89",157,0,"100,00",42,"21,11",16,26,"13,07"
293010,SENHOR DO BONFIM,BA,09/2022,1679,1122,"66,83",1053,69,"93,85",557,"33,17",11,546,"32,52"
293010,SENHOR DO BONFIM,BA,07/2022,1605,746,"46,48",690,56,"92,49",859,"53,52",11,848,"52,83"
293010,SENHOR DO BONFIM,BA,11/2022,1695,1354,"79,88",1273,81,"94,02",341,"20,12",10,331,"19,53"
293015,SERRA DO RAMALHO,BA,11/2022,784,719,"91,71",708,11,"98,47",65,"8,29",3,62,"7,91"
293015,SERRA DO RAMALHO,BA,07/2022,810,759,"93,70",759,0,"100,00",51,"6,30",4,47,"5,80"
293015,SERRA DO RAMALHO,BA,09/2022,798,728,"91,23",716,12,"98,35",70,"8,77",6,64,"8,02"
293020,SENTO SÉ,BA,09/2022,1112,551,"49,55",441,110,"80,04",561,"50,45",266,295,"26,53"
293020,SENTO SÉ,BA,07/2022,1049,595,"56,72",533,62,"89,58",454,"43,28",49,405,"38,61"
293020,SENTO SÉ,BA,11/2022,1070,780,"72,90",671,109,"86,03",290,"27,10",96,194,"18,13"
293030,SERRA DOURADA,BA,07/2022,394,363,"92,13",363,0,"100,00",31,"7,87",2,29,"7,36"
293030,SERRA DOURADA,BA,11/2022,408,388,"95,10",388,0,"100,00",20,"4,90",2,18,"4,41"
293030,SERRA DOURADA,BA,09/2022,401,370,"92,27",370,0,"100,00",31,"7,73",3,28,"6,98"
293040,SERRA PRETA,BA,09/2022,485,389,"80,21",385,4,"98,97",96,"19,79",9,87,"17,94"
293040,SERRA PRETA,BA,11/2022,458,400,"87,34",398,2,"99,50",58,"12,66",6,52,"11,35"
293040,SERRA PRETA,BA,07/2022,467,380,"81,37",370,10,"97,37",87,"18,63",9,78,"16,70"
293050,SERRINHA,BA,11/2022,1923,1403,"72,96",1400,3,"99,79",520,"27,04",159,361,"18,77"
293050,SERRINHA,BA,07/2022,2005,1456,"72,62",1434,22,"98,49",549,"27,38",174,375,"18,70"
293050,SERRINHA,BA,09/2022,2006,1358,"67,70",1345,13,"99,04",648,"32,30",243,405,"20,19"
293060,SERROLÂNDIA,BA,09/2022,263,161,"61,22",150,11,"93,17",102,"38,78",3,99,"37,64"
293060,SERROLÂNDIA,BA,07/2022,251,160,"63,75",135,25,"84,38",91,"36,25",1,90,"35,86"
293060,SERROLÂNDIA,BA,11/2022,265,209,"78,87",191,18,"91,39",56,"21,13",3,53,"20,00"
293070,SIMÕES FILHO,BA,07/2022,2255,973,"43,15",804,169,"82,63",1282,"56,85",344,938,"41,60"
293070,SIMÕES FILHO,BA,11/2022,2411,1532,"63,54",1274,258,"83,16",879,"36,46",381,498,"20,66"
293070,SIMÕES FILHO,BA,09/2022,2497,1255,"50,26",1058,197,"84,30",1242,"49,74",259,983,"39,37"
293075,SÍTIO DO MATO,BA,09/2022,510,461,"90,39",452,9,"98,05",49,"9,61",1,48,"9,41"
293075,SÍTIO DO MATO,BA,11/2022,500,469,"93,80",448,21,"95,52",31,"6,20",0,31,"6,20"
293075,SÍTIO DO MATO,BA,07/2022,495,441,"89,09",434,7,"98,41",54,"10,91",4,50,"10,10"
293076,SÍTIO DO QUINTO,BA,07/2022,289,256,"88,58",252,4,"98,44",33,"11,42",1,32,"11,07"
293076,SÍTIO DO QUINTO,BA,11/2022,285,258,"90,53",250,8,"96,90",27,"9,47",1,26,"9,12"
293076,SÍTIO DO QUINTO,BA,09/2022,302,271,"89,74",262,9,"96,68",31,"10,26",3,28,"9,27"
293077,SOBRADINHO,BA,09/2022,668,505,"75,60",492,13,"97,43",163,"24,40",16,147,"22,01"
293077,SOBRADINHO,BA,07/2022,625,446,"71,36",438,8,"98,21",179,"28,64",2,177,"28,32"
293077,SOBRADINHO,BA,11/2022,632,516,"81,65",491,25,"95,16",116,"18,35",1,115,"18,20"
293080,SOUTO SOARES,BA,07/2022,513,478,"93,18",468,10,"97,91",35,"6,82",8,27,"5,26"
293080,SOUTO SOARES,BA,11/2022,519,498,"95,95",498,0,"100,00",21,"4,05",4,17,"3,28"
293080,SOUTO SOARES,BA,09/2022,532,504,"94,74",502,2,"99,60",28,"5,26",1,27,"5,08"
293090,TABOCAS DO BREJO VELHO,BA,09/2022,301,231,"76,74",202,29,"87,45",70,"23,26",1,69,"22,92"
293090,TABOCAS DO BREJO VELHO,BA,11/2022,284,223,"78,52",202,21,"90,58",61,"21,48",0,61,"21,48"
293090,TABOCAS DO BREJO VELHO,BA,07/2022,288,226,"78,47",200,26,"88,50",62,"21,53",0,62,"21,53"
293100,TANHAÇU,BA,07/2022,478,382,"79,92",382,0,"100,00",96,"20,08",15,81,"16,95"
293100,TANHAÇU,BA,11/2022,450,414,"92,00",391,23,"94,44",36,"8,00",27,9,"2,00"
293100,TANHAÇU,BA,09/2022,486,413,"84,98",402,11,"97,34",73,"15,02",21,52,"10,70"
293105,TANQUE NOVO,BA,09/2022,454,417,"91,85",384,33,"92,09",37,"8,15",3,34,"7,49"
293105,TANQUE NOVO,BA,11/2022,442,414,"93,67",371,43,"89,61",28,"6,33",2,26,"5,88"
293105,TANQUE NOVO,BA,07/2022,425,370,"87,06",346,24,"93,51",55,"12,94",5,50,"11,76"
293110,TANQUINHO,BA,11/2022,196,180,"91,84",172,8,"95,56",16,"8,16",9,7,"3,57"
293110,TANQUINHO,BA,07/2022,208,151,"72,60",122,29,"80,79",57,"27,40",8,49,"23,56"
293110,TANQUINHO,BA,09/2022,211,165,"78,20",146,19,"88,48",46,"21,80",10,36,"17,06"
293120,TAPEROÁ,BA,09/2022,452,375,"82,96",297,78,"79,20",77,"17,04",1,76,"16,81"
293120,TAPEROÁ,BA,07/2022,474,304,"64,14",296,8,"97,37",170,"35,86",2,168,"35,44"
293120,TAPEROÁ,BA,11/2022,431,314,"72,85",305,9,"97,13",117,"27,15",3,114,"26,45"
293130,TAPIRAMUTÁ,BA,07/2022,403,189,"46,90",176,13,"93,12",214,"53,10",193,21,"5,21"
293130,TAPIRAMUTÁ,BA,11/2022,397,154,"38,79",152,2,"98,70",243,"61,21",216,27,"6,80"
293130,TAPIRAMUTÁ,BA,09/2022,420,195,"46,43",189,6,"96,92",225,"53,57",203,22,"5,24"
293135,TEIXEIRA DE FREITAS,BA,09/2022,2016,655,"32,49",572,83,"87,33",1361,"67,51",684,677,"33,58"
293135,TEIXEIRA DE FREITAS,BA,07/2022,2059,812,"39,44",809,3,"99,63",1247,"60,56",333,914,"44,39"
293135,TEIXEIRA DE FREITAS,BA,11/2022,2020,1842,"91,19",1776,66,"96,42",178,"8,81",47,131,"6,49"
293140,TEODORO SAMPAIO,BA,11/2022,195,146,"74,87",144,2,"98,63",49,"25,13",0,49,"25,13"
293140,TEODORO SAMPAIO,BA,07/2022,208,145,"69,71",144,1,"99,31",63,"30,29",0,63,"30,29"
293140,TEODORO SAMPAIO,BA,09/2022,223,156,"69,96",154,2,"98,72",67,"30,04",3,64,"28,70"
293150,TEOFILÂNDIA,BA,09/2022,616,520,"84,42",456,64,"87,69",96,"15,58",19,77,"12,50"
293150,TEOFILÂNDIA,BA,11/2022,578,494,"85,47",468,26,"94,74",84,"14,53",17,67,"11,59"
293150,TEOFILÂNDIA,BA,07/2022,593,514,"86,68",491,23,"95,53",79,"13,32",11,68,"11,47"
293160,TEOLÂNDIA,BA,07/2022,464,452,"97,41",451,1,"99,78",12,"2,59",6,6,"1,29"
293160,TEOLÂNDIA,BA,11/2022,440,424,"96,36",406,18,"95,75",16,"3,64",4,12,"2,73"
293160,TEOLÂNDIA,BA,09/2022,458,454,"99,13",415,39,"91,41",4,"0,87",2,2,"0,44"
293170,TERRA NOVA,BA,09/2022,293,205,"69,97",178,27,"86,83",88,"30,03",23,65,"22,18"
293170,TERRA NOVA,BA,11/2022,269,217,"80,67",203,14,"93,55",52,"19,33",3,49,"18,22"
293170,TERRA NOVA,BA,07/2022,281,248,"88,26",247,1,"99,60",33,"11,74",9,24,"8,54"
293180,TREMEDAL,BA,07/2022,402,213,"52,99",213,0,"100,00",189,"47,01",120,69,"17,16"
293180,TREMEDAL,BA,11/2022,402,69,"17,16",66,3,"95,65",333,"82,84",175,158,"39,30"
293180,TREMEDAL,BA,09/2022,433,71,"16,40",66,5,"92,96",362,"83,60",234,128,"29,56"
293190,TUCANO,BA,09/2022,1380,967,"70,07",924,43,"95,55",413,"29,93",137,276,"20,00"
293190,TUCANO,BA,11/2022,1304,1003,"76,92",902,101,"89,93",301,"23,08",65,236,"18,10"
293190,TUCANO,BA,07/2022,1318,462,"35,05",408,54,"88,31",856,"64,95",610,246,"18,66"
293200,UAUÁ,BA,11/2022,680,575,"84,56",518,57,"90,09",105,"15,44",2,103,"15,15"
293200,UAUÁ,BA,07/2022,690,502,"72,75",395,107,"78,69",188,"27,25",17,171,"24,78"
293200,UAUÁ,BA,09/2022,721,518,"71,84",428,90,"82,63",203,"28,16",14,189,"26,21"
293210,UBAÍRA,BA,09/2022,448,419,"93,53",364,55,"86,87",29,"6,47",3,26,"5,80"
293210,UBAÍRA,BA,07/2022,457,396,"86,65",377,19,"95,20",61,"13,35",7,54,"11,82"
293210,UBAÍRA,BA,11/2022,414,382,"92,27",352,30,"92,15",32,"7,73",1,31,"7,49"
293220,UBAITABA,BA,11/2022,433,396,"91,45",395,1,"99,75",37,"8,55",7,30,"6,93"
293220,UBAITABA,BA,07/2022,405,0,"0,00",0,0,,405,"100,00",382,23,"5,68"
293220,UBAITABA,BA,09/2022,455,425,"93,41",425,0,"100,00",30,"6,59",2,28,"6,15"
293230,UBATÃ,BA,09/2022,415,376,"90,60",376,0,"100,00",39,"9,40",1,38,"9,16"
293230,UBATÃ,BA,11/2022,411,379,"92,21",379,0,"100,00",32,"7,79",0,32,"7,79"
293230,UBATÃ,BA,07/2022,368,336,"91,30",335,1,"99,70",32,"8,70",1,31,"8,42"
293240,UIBAÍ,BA,11/2022,251,222,"88,45",200,22,"90,09",29,"11,55",3,26,"10,36"
293240,UIBAÍ,BA,07/2022,321,209,"65,11",193,16,"92,34",112,"34,89",59,53,"16,51"
293240,UIBAÍ,BA,09/2022,261,223,"85,44",197,26,"88,34",38,"14,56",6,32,"12,26"
293245,UMBURANAS,BA,09/2022,431,277,"64,27",220,57,"79,42",154,"35,73",16,138,"32,02"
293245,UMBURANAS,BA,07/2022,415,328,"79,04",317,11,"96,65",87,"20,96",20,67,"16,14"
293245,UMBURANAS,BA,11/2022,402,257,"63,93",187,70,"72,76",145,"36,07",9,136,"33,83"
293250,UNA,BA,07/2022,500,161,"32,20",153,8,"95,03",339,"67,80",7,332,"66,40"
293250,UNA,BA,11/2022,518,155,"29,92",149,6,"96,13",363,"70,08",1,362,"69,88"
293250,UNA,BA,09/2022,530,161,"30,38",150,11,"93,17",369,"69,62",0,369,"69,62"
293260,URANDI,BA,09/2022,355,272,"76,62",231,41,"84,93",83,"23,38",1,82,"23,10"
293260,URANDI,BA,11/2022,356,296,"83,15",246,50,"83,11",60,"16,85",0,60,"16,85"
293260,URANDI,BA,07/2022,333,263,"78,98",259,4,"98,48",70,"21,02",1,69,"20,72"
293270,URUÇUCA,BA,11/2022,700,486,"69,43",486,0,"100,00",214,"30,57",144,70,"10,00"
293270,URUÇUCA,BA,07/2022,639,0,"0,00",0,0,,639,"100,00",581,58,"9,08"
293270,URUÇUCA,BA,09/2022,723,616,"85,20",616,0,"100,00",107,"14,80",39,68,"9,41"
293280,UTINGA,BA,09/2022,413,328,"79,42",297,31,"90,55",85,"20,58",8,77,"18,64"
293280,UTINGA,BA,11/2022,396,322,"81,31",290,32,"90,06",74,"18,69",5,69,"17,42"
293280,UTINGA,BA,07/2022,400,303,"75,75",268,35,"88,45",97,"24,25",10,87,"21,75"
293290,VALENÇA,BA,11/2022,1850,1632,"88,22",1449,183,"88,79",218,"11,78",11,207,"11,19"
293290,VALENÇA,BA,07/2022,1924,1678,"87,21",1654,24,"98,57",246,"12,79",37,209,"10,86"
293290,VALENÇA,BA,09/2022,1947,1766,"90,70",1681,85,"95,19",181,"9,30",12,169,"8,68"
293300,VALENTE,BA,09/2022,506,252,"49,80",239,13,"94,84",254,"50,20",123,131,"25,89"
293300,VALENTE,BA,11/2022,493,280,"56,80",268,12,"95,71",213,"43,20",140,73,"14,81"
293300,VALENTE,BA,07/2022,485,113,"23,30",105,8,"92,92",372,"76,70",196,176,"36,29"
293305,VÁRZEA DA ROÇA,BA,11/2022,347,216,"62,25",182,34,"84,26",131,"37,75",13,118,"34,01"
293305,VÁRZEA DA ROÇA,BA,07/2022,329,122,"37,08",121,1,"99,18",207,"62,92",3,204,"62,01"
293305,VÁRZEA DA ROÇA,BA,09/2022,361,132,"36,57",132,0,"100,00",229,"63,43",7,222,"61,50"
293310,VÁRZEA DO POÇO,BA,09/2022,186,174,"93,55",174,0,"100,00",12,"6,45",3,9,"4,84"
293310,VÁRZEA DO POÇO,BA,07/2022,184,170,"92,39",170,0,"100,00",14,"7,61",2,12,"6,52"
293310,VÁRZEA DO POÇO,BA,11/2022,179,166,"92,74",166,0,"100,00",13,"7,26",1,12,"6,70"
293315,VÁRZEA NOVA,BA,07/2022,341,248,"72,73",221,27,"89,11",93,"27,27",1,92,"26,98"
293315,VÁRZEA NOVA,BA,11/2022,319,236,"73,98",207,29,"87,71",83,"26,02",4,79,"24,76"
293315,VÁRZEA NOVA,BA,09/2022,335,159,"47,46",133,26,"83,65",176,"52,54",0,176,"52,54"
293317,VARZEDO,BA,09/2022,215,197,"91,63",180,17,"91,37",18,"8,37",1,17,"7,91"
293317,VARZEDO,BA,07/2022,217,188,"86,64",163,25,"86,70",29,"13,36",2,27,"12,44"
293317,VARZEDO,BA,11/2022,201,183,"91,04",172,11,"93,99",18,"8,96",2,16,"7,96"
293320,VERA CRUZ,BA,07/2022,1088,935,"85,94",935,0,"100,00",153,"14,06",29,124,"11,40"
293320,VERA CRUZ,BA,11/2022,1110,926,"83,42",923,3,"99,68",184,"16,58",56,128,"11,53"
293320,VERA CRUZ,BA,09/2022,1150,943,"82,00",942,1,"99,89",207,"18,00",56,151,"13,13"
293325,VEREDA,BA,09/2022,171,115,"67,25",115,0,"100,00",56,"32,75",14,42,"24,56"
293325,VEREDA,BA,11/2022,150,124,"82,67",124,0,"100,00",26,"17,33",2,24,"16,00"
293325,VEREDA,BA,07/2022,153,130,"84,97",130,0,"100,00",23,"15,03",6,17,"11,11"
293330,VITÓRIA DA CONQUISTA,BA,07/2022,5798,4002,"69,02",3795,207,"94,83",1796,"30,98",99,1697,"29,27"
293330,VITÓRIA DA CONQUISTA,BA,11/2022,6232,5278,"84,69",5015,263,"95,02",954,"15,31",20,934,"14,99"
293330,VITÓRIA DA CONQUISTA,BA,09/2022,6345,4750,"74,86",4517,233,"95,09",1595,"25,14",20,1575,"24,82"
293340,WAGNER,BA,09/2022,194,2,"1,03",2,0,"100,00",192,"98,97",172,20,"10,31"
293340,WAGNER,BA,07/2022,191,8,"4,19",4,4,"50,00",183,"95,81",168,15,"7,85"
293340,WAGNER,BA,11/2022,220,129,"58,64",129,0,"100,00",91,"41,36",71,20,"9,09"
293345,WANDERLEY,BA,11/2022,357,267,"74,79",262,5,"98,13",90,"25,21",2,88,"24,65"
293345,WANDERLEY,BA,07/2022,335,0,"0,00",0,0,,335,"100,00",306,29,"8,66"
293345,WANDERLEY,BA,09/2022,346,260,"75,14",250,10,"96,15",86,"24,86",1,85,"24,57"
293350,WENCESLAU GUIMARÃES,BA,09/2022,749,635,"84,78",635,0,"100,00",114,"15,22",14,100,"13,35"
293350,WENCESLAU GUIMARÃES,BA,11/2022,706,608,"86,12",608,0,"100,00",98,"13,88",14,84,"11,90"
293350,WENCESLAU GUIMARÃES,BA,07/2022,716,589,"82,26",589,0,"100,00",127,"17,74",12,115,"16,06"
293360,XIQUE-XIQUE,BA,11/2022,1679,1460,"86,96",1460,0,"100,00",219,"13,04",31,188,"11,20"
293360,XIQUE-XIQUE,BA,07/2022,1622,1384,"85,33",1384,0,"100,00",238,"14,67",47,191,"11,78"
293360,XIQUE-XIQUE,BA,09/2022,1725,1511,"87,59",1511,0,"100,00",214,"12,41",7,207,"12,00"
230010,ABAIARA,CE,11/2022,212,144,"67,92",131,13,"90,97",68,"32,08",0,68,"32,08"
230010,ABAIARA,CE,07/2022,208,150,"72,12",130,20,"86,67",58,"27,88",1,57,"27,40"
230010,ABAIARA,CE,09/2022,218,152,"69,72",137,15,"90,13",66,"30,28",0,66,"30,28"
230015,ACARAPE,CE,07/2022,300,180,"60,00",159,21,"88,33",120,"40,00",18,102,"34,00"
230015,ACARAPE,CE,11/2022,303,201,"66,34",172,29,"85,57",102,"33,66",7,95,"31,35"
230015,ACARAPE,CE,09/2022,316,201,"63,61",172,29,"85,57",115,"36,39",5,110,"34,81"
230020,ACARAÚ,CE,11/2022,1742,1343,"77,10",1244,99,"92,63",399,"22,90",5,394,"22,62"
230020,ACARAÚ,CE,07/2022,1728,1376,"79,63",1083,293,"78,71",352,"20,37",8,344,"19,91"
230020,ACARAÚ,CE,09/2022,1825,1438,"78,79",1256,182,"87,34",387,"21,21",11,376,"20,60"
230030,ACOPIARA,CE,09/2022,1177,968,"82,24",879,89,"90,81",209,"17,76",20,189,"16,06"
230030,ACOPIARA,CE,07/2022,1134,1004,"88,54",914,90,"91,04",130,"11,46",5,125,"11,02"
230030,ACOPIARA,CE,11/2022,1117,976,"87,38",903,73,"92,52",141,"12,62",10,131,"11,73"
230040,AIUABA,CE,11/2022,398,335,"84,17",334,1,"99,70",63,"15,83",5,58,"14,57"
230040,AIUABA,CE,07/2022,385,325,"84,42",325,0,"100,00",60,"15,58",9,51,"13,25"
230040,AIUABA,CE,09/2022,396,336,"84,85",336,0,"100,00",60,"15,15",9,51,"12,88"
230050,ALCÂNTARAS,CE,11/2022,196,167,"85,20",156,11,"93,41",29,"14,80",0,29,"14,80"
230050,ALCÂNTARAS,CE,09/2022,196,164,"83,67",153,11,"93,29",32,"16,33",2,30,"15,31"
230050,ALCÂNTARAS,CE,07/2022,184,150,"81,52",147,3,"98,00",34,"18,48",2,32,"17,39"
230060,ALTANEIRA,CE,11/2022,174,131,"75,29",127,4,"96,95",43,"24,71",1,42,"24,14"
230060,ALTANEIRA,CE,07/2022,172,138,"80,23",138,0,"100,00",34,"19,77",0,34,"19,77"
230060,ALTANEIRA,CE,09/2022,182,145,"79,67",143,2,"98,62",37,"20,33",0,37,"20,33"
230070,ALTO SANTO,CE,11/2022,326,280,"85,89",280,0,"100,00",46,"14,11",2,44,"13,50"
230070,ALTO SANTO,CE,09/2022,333,279,"83,78",279,0,"100,00",54,"16,22",7,47,"14,11"
230070,ALTO SANTO,CE,07/2022,317,229,"72,24",225,4,"98,25",88,"27,76",42,46,"14,51"
230075,AMONTADA,CE,07/2022,1172,985,"84,04",981,4,"99,59",187,"15,96",2,185,"15,78"
230075,AMONTADA,CE,11/2022,1176,1030,"87,59",992,38,"96,31",146,"12,41",3,143,"12,16"
230075,AMONTADA,CE,09/2022,1236,1053,"85,19",1034,19,"98,20",183,"14,81",3,180,"14,56"
230080,ANTONINA DO NORTE,CE,11/2022,178,159,"89,33",157,2,"98,74",19,"10,67",1,18,"10,11"
230080,ANTONINA DO NORTE,CE,09/2022,184,165,"89,67",159,6,"96,36",19,"10,33",0,19,"10,33"
230080,ANTONINA DO NORTE,CE,07/2022,182,164,"90,11",152,12,"92,68",18,"9,89",0,18,"9,89"
230090,APUIARÉS,CE,09/2022,312,261,"83,65",251,10,"96,17",51,"16,35",1,50,"16,03"
230090,APUIARÉS,CE,11/2022,316,258,"81,65",244,14,"94,57",58,"18,35",2,56,"17,72"
230090,APUIARÉS,CE,07/2022,299,260,"86,96",252,8,"96,92",39,"13,04",4,35,"11,71"
230100,AQUIRAZ,CE,11/2022,1669,1454,"87,12",1440,14,"99,04",215,"12,88",6,209,"12,52"
230100,AQUIRAZ,CE,09/2022,1757,1455,"82,81",1395,60,"95,88",302,"17,19",25,277,"15,77"
230100,AQUIRAZ,CE,07/2022,1619,1342,"82,89",1329,13,"99,03",277,"17,11",10,267,"16,49"
230110,ARACATI,CE,07/2022,1361,1052,"77,30",1018,34,"96,77",309,"22,70",68,241,"17,71"
230110,ARACATI,CE,11/2022,1448,1277,"88,19",1143,134,"89,51",171,"11,81",9,162,"11,19"
230110,ARACATI,CE,09/2022,1456,1034,"71,02",895,139,"86,56",422,"28,98",177,245,"16,83"
230120,ARACOIABA,CE,11/2022,759,641,"84,45",569,72,"88,77",118,"15,55",7,111,"14,62"
230120,ARACOIABA,CE,07/2022,756,650,"85,98",616,34,"94,77",106,"14,02",4,102,"13,49"
230120,ARACOIABA,CE,09/2022,794,664,"83,63",570,94,"85,84",130,"16,37",4,126,"15,87"
230125,ARARENDÁ,CE,09/2022,304,286,"94,08",269,17,"94,06",18,"5,92",2,16,"5,26"
230125,ARARENDÁ,CE,07/2022,312,288,"92,31",276,12,"95,83",24,"7,69",1,23,"7,37"
230125,ARARENDÁ,CE,11/2022,284,269,"94,72",254,15,"94,42",15,"5,28",2,13,"4,58"
230130,ARARIPE,CE,09/2022,605,307,"50,74",269,38,"87,62",298,"49,26",253,45,"7,44"
230130,ARARIPE,CE,11/2022,569,521,"91,56",455,66,"87,33",48,"8,44",5,43,"7,56"
230130,ARARIPE,CE,07/2022,587,423,"72,06",389,34,"91,96",164,"27,94",42,122,"20,78"
230140,ARATUBA,CE,11/2022,300,247,"82,33",233,14,"94,33",53,"17,67",3,50,"16,67"
230140,ARATUBA,CE,09/2022,317,242,"76,34",226,16,"93,39",75,"23,66",3,72,"22,71"
230140,ARATUBA,CE,07/2022,294,231,"78,57",220,11,"95,24",63,"21,43",2,61,"20,75"
230150,ARNEIROZ,CE,11/2022,175,134,"76,57",133,1,"99,25",41,"23,43",29,12,"6,86"
230150,ARNEIROZ,CE,09/2022,184,125,"67,93",121,4,"96,80",59,"32,07",19,40,"21,74"
230150,ARNEIROZ,CE,07/2022,167,71,"42,51",68,3,"95,77",96,"57,49",63,33,"19,76"
230160,ASSARÉ,CE,07/2022,648,553,"85,34",550,3,"99,46",95,"14,66",2,93,"14,35"
230160,ASSARÉ,CE,11/2022,652,571,"87,58",571,0,"100,00",81,"12,42",2,79,"12,12"
230160,ASSARÉ,CE,09/2022,679,561,"82,62",561,0,"100,00",118,"17,38",29,89,"13,11"
230170,AURORA,CE,11/2022,547,482,"88,12",423,59,"87,76",65,"11,88",1,64,"11,70"
230170,AURORA,CE,07/2022,533,441,"82,74",414,27,"93,88",92,"17,26",15,77,"14,45"
230170,AURORA,CE,09/2022,557,473,"84,92",396,77,"83,72",84,"15,08",3,81,"14,54"
230180,BAIXIO,CE,07/2022,145,0,"0,00",0,0,,145,"100,00",129,16,"11,03"
230180,BAIXIO,CE,09/2022,154,140,"90,91",140,0,"100,00",14,"9,09",0,14,"9,09"
230180,BAIXIO,CE,11/2022,150,134,"89,33",134,0,"100,00",16,"10,67",0,16,"10,67"
230185,BANABUIÚ,CE,11/2022,441,344,"78,00",330,14,"95,93",97,"22,00",2,95,"21,54"
230185,BANABUIÚ,CE,09/2022,457,345,"75,49",330,15,"95,65",112,"24,51",2,110,"24,07"
230185,BANABUIÚ,CE,07/2022,442,304,"68,78",304,0,"100,00",138,"31,22",1,137,"31,00"
230190,BARBALHA,CE,09/2022,1320,246,"18,64",207,39,"84,15",1074,"81,36",708,366,"27,73"
230190,BARBALHA,CE,11/2022,1254,305,"24,32",288,17,"94,43",949,"75,68",767,182,"14,51"
230190,BARBALHA,CE,07/2022,1248,356,"28,53",338,18,"94,94",892,"71,47",574,318,"25,48"
230195,BARREIRA,CE,09/2022,555,156,"28,11",101,55,"64,74",399,"71,89",291,108,"19,46"
230195,BARREIRA,CE,11/2022,559,366,"65,47",218,148,"59,56",193,"34,53",89,104,"18,60"
230195,BARREIRA,CE,07/2022,520,417,"80,19",415,2,"99,52",103,"19,81",1,102,"19,62"
230200,BARRO,CE,09/2022,457,365,"79,87",338,27,"92,60",92,"20,13",2,90,"19,69"
230200,BARRO,CE,11/2022,444,368,"82,88",341,27,"92,66",76,"17,12",3,73,"16,44"
230200,BARRO,CE,07/2022,429,330,"76,92",313,17,"94,85",99,"23,08",20,79,"18,41"
230205,BARROQUINHA,CE,07/2022,431,372,"86,31",371,1,"99,73",59,"13,69",0,59,"13,69"
230205,BARROQUINHA,CE,11/2022,446,377,"84,53",369,8,"97,88",69,"15,47",0,69,"15,47"
230205,BARROQUINHA,CE,09/2022,458,382,"83,41",373,9,"97,64",76,"16,59",0,76,"16,59"
230210,BATURITÉ,CE,11/2022,995,930,"93,47",928,2,"99,78",65,"6,53",2,63,"6,33"
230210,BATURITÉ,CE,09/2022,1009,931,"92,27",931,0,"100,00",78,"7,73",1,77,"7,63"
230210,BATURITÉ,CE,07/2022,927,858,"92,56",856,2,"99,77",69,"7,44",2,67,"7,23"
230220,BEBERIBE,CE,09/2022,1434,1264,"88,15",1264,0,"100,00",170,"11,85",14,156,"10,88"
230220,BEBERIBE,CE,07/2022,1329,1168,"87,89",1168,0,"100,00",161,"12,11",13,148,"11,14"
230220,BEBERIBE,CE,11/2022,1361,1246,"91,55",1185,61,"95,10",115,"8,45",9,106,"7,79"
230230,BELA CRUZ,CE,07/2022,686,581,"84,69",581,0,"100,00",105,"15,31",21,84,"12,24"
230230,BELA CRUZ,CE,09/2022,754,647,"85,81",647,0,"100,00",107,"14,19",11,96,"12,73"
230230,BELA CRUZ,CE,11/2022,747,585,"78,31",584,1,"99,83",162,"21,69",30,132,"17,67"
230240,BOA VIAGEM,CE,07/2022,1250,1036,"82,88",1032,4,"99,61",214,"17,12",11,203,"16,24"
230240,BOA VIAGEM,CE,09/2022,1293,1056,"81,67",1033,23,"97,82",237,"18,33",13,224,"17,32"
230240,BOA VIAGEM,CE,11/2022,1242,1044,"84,06",1012,32,"96,93",198,"15,94",1,197,"15,86"
230250,BREJO SANTO,CE,07/2022,1013,947,"93,48",936,11,"98,84",66,"6,52",1,65,"6,42"
230250,BREJO SANTO,CE,09/2022,1061,974,"91,80",919,55,"94,35",87,"8,20",0,87,"8,20"
230250,BREJO SANTO,CE,11/2022,1010,915,"90,59",910,5,"99,45",95,"9,41",1,94,"9,31"
230260,CAMOCIM,CE,07/2022,1417,1224,"86,38",1221,3,"99,75",193,"13,62",4,189,"13,34"
230260,CAMOCIM,CE,09/2022,1476,1260,"85,37",1161,99,"92,14",216,"14,63",28,188,"12,74"
230260,CAMOCIM,CE,11/2022,1423,1220,"85,73",1133,87,"92,87",203,"14,27",20,183,"12,86"
230270,CAMPOS SALES,CE,07/2022,725,545,"75,17",520,25,"95,41",180,"24,83",6,174,"24,00"
230270,CAMPOS SALES,CE,11/2022,709,548,"77,29",518,30,"94,53",161,"22,71",5,156,"22,00"
230270,CAMPOS SALES,CE,09/2022,730,420,"57,53",398,22,"94,76",310,"42,47",8,302,"41,37"
230280,CANINDÉ,CE,09/2022,1930,1461,"75,70",1318,143,"90,21",469,"24,30",118,351,"18,19"
230280,CANINDÉ,CE,11/2022,1836,1433,"78,05",1318,115,"91,97",403,"21,95",107,296,"16,12"
230280,CANINDÉ,CE,07/2022,1858,1409,"75,83",1299,110,"92,19",449,"24,17",93,356,"19,16"
230290,CAPISTRANO,CE,07/2022,362,345,"95,30",289,56,"83,77",17,"4,70",0,17,"4,70"
230290,CAPISTRANO,CE,11/2022,332,311,"93,67",307,4,"98,71",21,"6,33",3,18,"5,42"
230290,CAPISTRANO,CE,09/2022,379,313,"82,59",304,9,"97,12",66,"17,41",0,66,"17,41"
230300,CARIDADE,CE,09/2022,555,483,"87,03",475,8,"98,34",72,"12,97",1,71,"12,79"
230300,CARIDADE,CE,11/2022,537,469,"87,34",468,1,"99,79",68,"12,66",2,66,"12,29"
230300,CARIDADE,CE,07/2022,517,456,"88,20",439,17,"96,27",61,"11,80",2,59,"11,41"
230310,CARIRÉ,CE,07/2022,429,395,"92,07",369,26,"93,42",34,"7,93",6,28,"6,53"
230310,CARIRÉ,CE,11/2022,426,374,"87,79",359,15,"95,99",52,"12,21",15,37,"8,69"
230310,CARIRÉ,CE,09/2022,454,393,"86,56",366,27,"93,13",61,"13,44",6,55,"12,11"
230320,CARIRIAÇU,CE,09/2022,755,572,"75,76",543,29,"94,93",183,"24,24",7,176,"23,31"
230320,CARIRIAÇU,CE,11/2022,724,567,"78,31",500,67,"88,18",157,"21,69",2,155,"21,41"
230320,CARIRIAÇU,CE,07/2022,729,571,"78,33",561,10,"98,25",158,"21,67",3,155,"21,26"
230330,CARIÚS,CE,11/2022,347,240,"69,16",226,14,"94,17",107,"30,84",5,102,"29,39"
230330,CARIÚS,CE,07/2022,343,239,"69,68",222,17,"92,89",104,"30,32",4,100,"29,15"
230330,CARIÚS,CE,09/2022,358,250,"69,83",208,42,"83,20",108,"30,17",7,101,"28,21"
230340,CARNAUBAL,CE,09/2022,390,302,"77,44",228,74,"75,50",88,"22,56",1,87,"22,31"
230340,CARNAUBAL,CE,11/2022,388,304,"78,35",258,46,"84,87",84,"21,65",1,83,"21,39"
230340,CARNAUBAL,CE,07/2022,378,289,"76,46",285,4,"98,62",89,"23,54",0,89,"23,54"
230350,CASCAVEL,CE,07/2022,1663,1509,"90,74",1485,24,"98,41",154,"9,26",9,145,"8,72"
230350,CASCAVEL,CE,11/2022,1747,1640,"93,88",1587,53,"96,77",107,"6,12",3,104,"5,95"
230350,CASCAVEL,CE,09/2022,1785,1659,"92,94",1596,63,"96,20",126,"7,06",22,104,"5,83"
230360,CATARINA,CE,09/2022,232,184,"79,31",183,1,"99,46",48,"20,69",2,46,"19,83"
230360,CATARINA,CE,07/2022,223,180,"80,72",179,1,"99,44",43,"19,28",2,41,"18,39"
230360,CATARINA,CE,11/2022,226,173,"76,55",154,19,"89,02",53,"23,45",2,51,"22,57"
230365,CATUNDA,CE,11/2022,239,229,"95,82",229,0,"100,00",10,"4,18",2,8,"3,35"
230365,CATUNDA,CE,07/2022,238,28,"11,76",25,3,"89,29",210,"88,24",196,14,"5,88"
230365,CATUNDA,CE,09/2022,254,239,"94,09",234,5,"97,91",15,"5,91",2,13,"5,12"
230370,CAUCAIA,CE,09/2022,6616,3633,"54,91",3400,233,"93,59",2983,"45,09",40,2943,"44,48"
230370,CAUCAIA,CE,11/2022,6497,3711,"57,12",3537,174,"95,31",2786,"42,88",50,2736,"42,11"
230370,CAUCAIA,CE,07/2022,6165,3422,"55,51",3290,132,"96,14",2743,"44,49",126,2617,"42,45"
230380,CEDRO,CE,11/2022,568,506,"89,08",502,4,"99,21",62,"10,92",0,62,"10,92"
230380,CEDRO,CE,07/2022,574,523,"91,11",494,29,"94,46",51,"8,89",4,47,"8,19"
230380,CEDRO,CE,09/2022,597,511,"85,59",493,18,"96,48",86,"14,41",3,83,"13,90"
230390,CHAVAL,CE,09/2022,314,278,"88,54",278,0,"100,00",36,"11,46",0,36,"11,46"
230390,CHAVAL,CE,11/2022,319,287,"89,97",284,3,"98,95",32,"10,03",1,31,"9,72"
230390,CHAVAL,CE,07/2022,294,266,"90,48",266,0,"100,00",28,"9,52",0,28,"9,52"
230393,CHORÓ,CE,07/2022,320,269,"84,06",269,0,"100,00",51,"15,94",1,50,"15,63"
230393,CHORÓ,CE,11/2022,298,244,"81,88",243,1,"99,59",54,"18,12",0,54,"18,12"
230393,CHORÓ,CE,09/2022,328,257,"78,35",253,4,"98,44",71,"21,65",14,57,"17,38"
230395,CHOROZINHO,CE,09/2022,447,392,"87,70",384,8,"97,96",55,"12,30",6,49,"10,96"
230395,CHOROZINHO,CE,07/2022,424,340,"80,19",314,26,"92,35",84,"19,81",50,34,"8,02"
230395,CHOROZINHO,CE,11/2022,444,406,"91,44",375,31,"92,36",38,"8,56",13,25,"5,63"
230400,COREAÚ,CE,11/2022,516,422,"81,78",393,29,"93,13",94,"18,22",0,94,"18,22"
230400,COREAÚ,CE,07/2022,520,417,"80,19",392,25,"94,00",103,"19,81",2,101,"19,42"
230400,COREAÚ,CE,09/2022,539,435,"80,71",395,40,"90,80",104,"19,29",2,102,"18,92"
230410,CRATEÚS,CE,09/2022,1505,1378,"91,56",1210,168,"87,81",127,"8,44",2,125,"8,31"
230410,CRATEÚS,CE,11/2022,1450,1355,"93,45",1210,145,"89,30",95,"6,55",3,92,"6,34"
230410,CRATEÚS,CE,07/2022,1428,1271,"89,01",1221,50,"96,07",157,"10,99",1,156,"10,92"
230420,CRATO,CE,07/2022,2489,1267,"50,90",1237,30,"97,63",1222,"49,10",561,661,"26,56"
230420,CRATO,CE,11/2022,2622,1774,"67,66",1675,99,"94,42",848,"32,34",171,677,"25,82"
230420,CRATO,CE,09/2022,2650,944,"35,62",862,82,"91,31",1706,"64,38",1004,702,"26,49"
230423,CROATÁ,CE,09/2022,502,455,"90,64",423,32,"92,97",47,"9,36",1,46,"9,16"
230423,CROATÁ,CE,07/2022,500,453,"90,60",437,16,"96,47",47,"9,40",0,47,"9,40"
230423,CROATÁ,CE,11/2022,481,436,"90,64",423,13,"97,02",45,"9,36",0,45,"9,36"
230425,CRUZ,CE,11/2022,601,490,"81,53",483,7,"98,57",111,"18,47",10,101,"16,81"
230425,CRUZ,CE,07/2022,621,519,"83,57",490,29,"94,41",102,"16,43",11,91,"14,65"
230425,CRUZ,CE,09/2022,637,512,"80,38",455,57,"88,87",125,"19,62",9,116,"18,21"
230426,DEPUTADO IRAPUAN PINHEIRO,CE,09/2022,186,156,"83,87",142,14,"91,03",30,"16,13",10,20,"10,75"
230426,DEPUTADO IRAPUAN PINHEIRO,CE,11/2022,176,109,"61,93",97,12,"88,99",67,"38,07",46,21,"11,93"
230426,DEPUTADO IRAPUAN PINHEIRO,CE,07/2022,175,153,"87,43",138,15,"90,20",22,"12,57",3,19,"10,86"
230427,ERERÊ,CE,07/2022,110,104,"94,55",102,2,"98,08",6,"5,45",1,5,"4,55"
230427,ERERÊ,CE,11/2022,117,111,"94,87",95,16,"85,59",6,"5,13",0,6,"5,13"
230427,ERERÊ,CE,09/2022,115,109,"94,78",88,21,"80,73",6,"5,22",0,6,"5,22"
230428,EUSÉBIO,CE,09/2022,1006,772,"76,74",654,118,"84,72",234,"23,26",10,224,"22,27"
230428,EUSÉBIO,CE,11/2022,1008,791,"78,47",651,140,"82,30",217,"21,53",5,212,"21,03"
230428,EUSÉBIO,CE,07/2022,942,730,"77,49",679,51,"93,01",212,"22,51",7,205,"21,76"
230430,FARIAS BRITO,CE,07/2022,413,390,"94,43",390,0,"100,00",23,"5,57",4,19,"4,60"
230430,FARIAS BRITO,CE,11/2022,433,415,"95,84",415,0,"100,00",18,"4,16",2,16,"3,70"
230430,FARIAS BRITO,CE,09/2022,438,414,"94,52",414,0,"100,00",24,"5,48",5,19,"4,34"
230435,FORQUILHA,CE,09/2022,513,483,"94,15",450,33,"93,17",30,"5,85",4,26,"5,07"
230435,FORQUILHA,CE,11/2022,498,469,"94,18",417,52,"88,91",29,"5,82",3,26,"5,22"
230435,FORQUILHA,CE,07/2022,492,469,"95,33",421,48,"89,77",23,"4,67",1,22,"4,47"
230440,FORTALEZA,CE,07/2022,34650,20967,"60,51",19995,972,"95,36",13683,"39,49",2163,11520,"33,25"
230440,FORTALEZA,CE,11/2022,36890,22785,"61,76",21812,973,"95,73",14105,"38,24",1179,12926,"35,04"
230440,FORTALEZA,CE,09/2022,37665,21840,"57,98",20549,1291,"94,09",15825,"42,02",2249,13576,"36,04"
230445,FORTIM,CE,09/2022,285,240,"84,21",232,8,"96,67",45,"15,79",5,40,"14,04"
230445,FORTIM,CE,07/2022,270,226,"83,70",224,2,"99,12",44,"16,30",2,42,"15,56"
230445,FORTIM,CE,11/2022,287,255,"88,85",191,64,"74,90",32,"11,15",2,30,"10,45"
230450,FRECHEIRINHA,CE,07/2022,365,205,"56,16",168,37,"81,95",160,"43,84",2,158,"43,29"
230450,FRECHEIRINHA,CE,11/2022,353,200,"56,66",178,22,"89,00",153,"43,34",0,153,"43,34"
230450,FRECHEIRINHA,CE,09/2022,372,202,"54,30",169,33,"83,66",170,"45,70",1,169,"45,43"
230460,GENERAL SAMPAIO,CE,09/2022,220,188,"85,45",188,0,"100,00",32,"14,55",2,30,"13,64"
230460,GENERAL SAMPAIO,CE,07/2022,201,174,"86,57",174,0,"100,00",27,"13,43",1,26,"12,94"
230460,GENERAL SAMPAIO,CE,11/2022,205,174,"84,88",173,1,"99,43",31,"15,12",2,29,"14,15"
230465,GRAÇA,CE,11/2022,317,219,"69,09",198,21,"90,41",98,"30,91",78,20,"6,31"
230465,GRAÇA,CE,07/2022,306,184,"60,13",164,20,"89,13",122,"39,87",78,44,"14,38"
230465,GRAÇA,CE,09/2022,323,217,"67,18",183,34,"84,33",106,"32,82",83,23,"7,12"
230470,GRANJA,CE,09/2022,1631,1362,"83,51",1322,40,"97,06",269,"16,49",62,207,"12,69"
230470,GRANJA,CE,07/2022,1572,1204,"76,59",1174,30,"97,51",368,"23,41",162,206,"13,10"
230470,GRANJA,CE,11/2022,1581,1264,"79,95",1210,54,"95,73",317,"20,05",117,200,"12,65"
230480,GRANJEIRO,CE,11/2022,123,108,"87,80",103,5,"95,37",15,"12,20",3,12,"9,76"
230480,GRANJEIRO,CE,07/2022,125,110,"88,00",106,4,"96,36",15,"12,00",3,12,"9,60"
230480,GRANJEIRO,CE,09/2022,133,117,"87,97",113,4,"96,58",16,"12,03",2,14,"10,53"
230490,GROAÍRAS,CE,09/2022,205,133,"64,88",133,0,"100,00",72,"35,12",52,20,"9,76"
230490,GROAÍRAS,CE,11/2022,185,15,"8,11",15,0,"100,00",170,"91,89",152,18,"9,73"
230490,GROAÍRAS,CE,07/2022,189,173,"91,53",171,2,"98,84",16,"8,47",2,14,"7,41"
230495,GUAIÚBA,CE,07/2022,590,553,"93,73",553,0,"100,00",37,"6,27",3,34,"5,76"
230495,GUAIÚBA,CE,11/2022,629,586,"93,16",586,0,"100,00",43,"6,84",1,42,"6,68"
230495,GUAIÚBA,CE,09/2022,624,585,"93,75",585,0,"100,00",39,"6,25",2,37,"5,93"
230500,GUARACIABA DO NORTE,CE,09/2022,1286,1096,"85,23",1086,10,"99,09",190,"14,77",2,188,"14,62"
230500,GUARACIABA DO NORTE,CE,11/2022,1266,1123,"88,70",1110,13,"98,84",143,"11,30",0,143,"11,30"
230500,GUARACIABA DO NORTE,CE,07/2022,1229,1063,"86,49",1063,0,"100,00",166,"13,51",9,157,"12,77"
230510,GUARAMIRANGA,CE,11/2022,127,112,"88,19",111,1,"99,11",15,"11,81",0,15,"11,81"
230510,GUARAMIRANGA,CE,07/2022,126,114,"90,48",108,6,"94,74",12,"9,52",0,12,"9,52"
230510,GUARAMIRANGA,CE,09/2022,135,119,"88,15",119,0,"100,00",16,"11,85",1,15,"11,11"
230520,HIDROLÂNDIA,CE,09/2022,429,277,"64,57",261,16,"94,22",152,"35,43",4,148,"34,50"
230520,HIDROLÂNDIA,CE,07/2022,422,281,"66,59",281,0,"100,00",141,"33,41",5,136,"32,23"
230520,HIDROLÂNDIA,CE,11/2022,415,273,"65,78",249,24,"91,21",142,"34,22",4,138,"33,25"
230523,HORIZONTE,CE,07/2022,1078,761,"70,59",760,1,"99,87",317,"29,41",11,306,"28,39"
230523,HORIZONTE,CE,11/2022,1147,820,"71,49",817,3,"99,63",327,"28,51",7,320,"27,90"
230523,HORIZONTE,CE,09/2022,1158,783,"67,62",782,1,"99,87",375,"32,38",39,336,"29,02"
230526,IBARETAMA,CE,09/2022,376,341,"90,69",341,0,"100,00",35,"9,31",5,30,"7,98"
230526,IBARETAMA,CE,07/2022,343,312,"90,96",312,0,"100,00",31,"9,04",4,27,"7,87"
230526,IBARETAMA,CE,11/2022,353,219,"62,04",219,0,"100,00",134,"37,96",107,27,"7,65"
230530,IBIAPINA,CE,11/2022,609,525,"86,21",523,2,"99,62",84,"13,79",9,75,"12,32"
230530,IBIAPINA,CE,07/2022,574,278,"48,43",277,1,"99,64",296,"51,57",223,73,"12,72"
230530,IBIAPINA,CE,09/2022,614,387,"63,03",385,2,"99,48",227,"36,97",149,78,"12,70"
230533,IBICUITINGA,CE,09/2022,318,249,"78,30",245,4,"98,39",69,"21,70",11,58,"18,24"
230533,IBICUITINGA,CE,07/2022,312,241,"77,24",239,2,"99,17",71,"22,76",9,62,"19,87"
230533,IBICUITINGA,CE,11/2022,297,239,"80,47",232,7,"97,07",58,"19,53",2,56,"18,86"
230535,ICAPUÍ,CE,11/2022,518,504,"97,30",504,0,"100,00",14,"2,70",0,14,"2,70"
230535,ICAPUÍ,CE,07/2022,495,468,"94,55",468,0,"100,00",27,"5,45",0,27,"5,45"
230535,ICAPUÍ,CE,09/2022,513,497,"96,88",497,0,"100,00",16,"3,12",0,16,"3,12"
230540,ICÓ,CE,09/2022,1726,1127,"65,30",1101,26,"97,69",599,"34,70",20,579,"33,55"
230540,ICÓ,CE,07/2022,1643,1132,"68,90",1129,3,"99,73",511,"31,10",5,506,"30,80"
230540,ICÓ,CE,11/2022,1671,1110,"66,43",1093,17,"98,47",561,"33,57",9,552,"33,03"
230550,IGUATU,CE,07/2022,1827,1297,"70,99",1239,58,"95,53",530,"29,01",64,466,"25,51"
230550,IGUATU,CE,11/2022,1913,1419,"74,18",1175,244,"82,80",494,"25,82",11,483,"25,25"
230550,IGUATU,CE,09/2022,1908,1183,"62,00",1084,99,"91,63",725,"38,00",202,523,"27,41"
230560,INDEPENDÊNCIA,CE,09/2022,649,574,"88,44",523,51,"91,11",75,"11,56",25,50,"7,70"
230560,INDEPENDÊNCIA,CE,11/2022,585,535,"91,45",515,20,"96,26",50,"8,55",1,49,"8,38"
230560,INDEPENDÊNCIA,CE,07/2022,643,601,"93,47",569,32,"94,68",42,"6,53",5,37,"5,75"
230565,IPAPORANGA,CE,11/2022,275,266,"96,73",224,42,"84,21",9,"3,27",0,9,"3,27"
230565,IPAPORANGA,CE,07/2022,256,216,"84,38",214,2,"99,07",40,"15,63",0,40,"15,63"
230565,IPAPORANGA,CE,09/2022,265,237,"89,43",229,8,"96,62",28,"10,57",2,26,"9,81"
230570,IPAUMIRIM,CE,09/2022,357,262,"73,39",208,54,"79,39",95,"26,61",0,95,"26,61"
230570,IPAUMIRIM,CE,07/2022,329,240,"72,95",240,0,"100,00",89,"27,05",5,84,"25,53"
230570,IPAUMIRIM,CE,11/2022,351,237,"67,52",189,48,"79,75",114,"32,48",15,99,"28,21"
230580,IPU,CE,11/2022,1073,1015,"94,59",1015,0,"100,00",58,"5,41",8,50,"4,66"
230580,IPU,CE,07/2022,1017,916,"90,07",916,0,"100,00",101,"9,93",62,39,"3,83"
230580,IPU,CE,09/2022,1090,745,"68,35",745,0,"100,00",345,"31,65",298,47,"4,31"
230590,IPUEIRAS,CE,09/2022,931,908,"97,53",907,1,"99,89",23,"2,47",3,20,"2,15"
230590,IPUEIRAS,CE,07/2022,902,871,"96,56",869,2,"99,77",31,"3,44",2,29,"3,22"
230590,IPUEIRAS,CE,11/2022,898,881,"98,11",881,0,"100,00",17,"1,89",1,16,"1,78"
230600,IRACEMA,CE,07/2022,294,265,"90,14",264,1,"99,62",29,"9,86",1,28,"9,52"
230600,IRACEMA,CE,11/2022,302,277,"91,72",275,2,"99,28",25,"8,28",2,23,"7,62"
230600,IRACEMA,CE,09/2022,313,278,"88,82",278,0,"100,00",35,"11,18",4,31,"9,90"
230610,IRAUÇUBA,CE,09/2022,777,695,"89,45",691,4,"99,42",82,"10,55",6,76,"9,78"
230610,IRAUÇUBA,CE,11/2022,716,687,"95,95",676,11,"98,40",29,"4,05",2,27,"3,77"
230610,IRAUÇUBA,CE,07/2022,733,650,"88,68",649,1,"99,85",83,"11,32",7,76,"10,37"
230620,ITAIÇABA,CE,11/2022,154,145,"94,16",145,0,"100,00",9,"5,84",0,9,"5,84"
230620,ITAIÇABA,CE,07/2022,151,140,"92,72",133,7,"95,00",11,"7,28",2,9,"5,96"
230620,ITAIÇABA,CE,09/2022,157,142,"90,45",127,15,"89,44",15,"9,55",2,13,"8,28"
230625,ITAITINGA,CE,09/2022,929,654,"70,40",654,0,"100,00",275,"29,60",172,103,"11,09"
230625,ITAITINGA,CE,07/2022,868,726,"83,64",725,1,"99,86",142,"16,36",48,94,"10,83"
230625,ITAITINGA,CE,11/2022,960,856,"89,17",856,0,"100,00",104,"10,83",2,102,"10,63"
230630,ITAPAGÉ,CE,07/2022,1192,1102,"92,45",1086,16,"98,55",90,"7,55",38,52,"4,36"
230630,ITAPAGÉ,CE,11/2022,1247,1152,"92,38",1092,60,"94,79",95,"7,62",9,86,"6,90"
230630,ITAPAGÉ,CE,09/2022,1277,1191,"93,27",1121,70,"94,12",86,"6,73",4,82,"6,42"
230640,ITAPIPOCA,CE,09/2022,3750,2984,"79,57",2762,222,"92,56",766,"20,43",9,757,"20,19"
230640,ITAPIPOCA,CE,07/2022,3568,2733,"76,60",2673,60,"97,80",835,"23,40",12,823,"23,07"
230640,ITAPIPOCA,CE,11/2022,3582,2806,"78,34",2613,193,"93,12",776,"21,66",13,763,"21,30"
230650,ITAPIÚNA,CE,11/2022,471,0,"0,00",0,0,,471,"100,00",432,39,"8,28"
230650,ITAPIÚNA,CE,07/2022,470,429,"91,28",429,0,"100,00",41,"8,72",1,40,"8,51"
230650,ITAPIÚNA,CE,09/2022,497,452,"90,95",452,0,"100,00",45,"9,05",1,44,"8,85"
230655,ITAREMA,CE,09/2022,1499,1331,"88,79",1330,1,"99,92",168,"11,21",9,159,"10,61"
230655,ITAREMA,CE,07/2022,1383,1225,"88,58",1224,1,"99,92",158,"11,42",9,149,"10,77"
230655,ITAREMA,CE,11/2022,1453,1303,"89,68",1303,0,"100,00",150,"10,32",6,144,"9,91"
230660,ITATIRA,CE,11/2022,718,561,"78,13",556,5,"99,11",157,"21,87",6,151,"21,03"
230660,ITATIRA,CE,07/2022,695,515,"74,10",505,10,"98,06",180,"25,90",9,171,"24,60"
230660,ITATIRA,CE,09/2022,730,543,"74,38",534,9,"98,34",187,"25,62",5,182,"24,93"
230670,JAGUARETAMA,CE,09/2022,395,262,"66,33",246,16,"93,89",133,"33,67",1,132,"33,42"
230670,JAGUARETAMA,CE,11/2022,366,243,"66,39",230,13,"94,65",123,"33,61",2,121,"33,06"
230670,JAGUARETAMA,CE,07/2022,363,264,"72,73",255,9,"96,59",99,"27,27",2,97,"26,72"
230680,JAGUARIBARA,CE,11/2022,209,175,"83,73",148,27,"84,57",34,"16,27",7,27,"12,92"
230680,JAGUARIBARA,CE,07/2022,224,156,"69,64",142,14,"91,03",68,"30,36",22,46,"20,54"
230680,JAGUARIBARA,CE,09/2022,224,165,"73,66",146,19,"88,48",59,"26,34",49,10,"4,46"
230690,JAGUARIBE,CE,09/2022,678,601,"88,64",558,43,"92,85",77,"11,36",6,71,"10,47"
230690,JAGUARIBE,CE,11/2022,643,637,"99,07",565,72,"88,70",6,"0,93",3,3,"0,47"
230690,JAGUARIBE,CE,07/2022,649,634,"97,69",536,98,"84,54",15,"2,31",3,12,"1,85"
230700,JAGUARUANA,CE,07/2022,670,574,"85,67",564,10,"98,26",96,"14,33",5,91,"13,58"
230700,JAGUARUANA,CE,11/2022,712,644,"90,45",592,52,"91,93",68,"9,55",3,65,"9,13"
230700,JAGUARUANA,CE,09/2022,723,624,"86,31",583,41,"93,43",99,"13,69",5,94,"13,00"
230710,JARDIM,CE,09/2022,762,491,"64,44",491,0,"100,00",271,"35,56",15,256,"33,60"
230710,JARDIM,CE,11/2022,741,487,"65,72",482,5,"98,97",254,"34,28",12,242,"32,66"
230710,JARDIM,CE,07/2022,736,492,"66,85",492,0,"100,00",244,"33,15",16,228,"30,98"
230720,JATI,CE,11/2022,171,83,"48,54",78,5,"93,98",88,"51,46",72,16,"9,36"
230720,JATI,CE,07/2022,172,67,"38,95",67,0,"100,00",105,"61,05",75,30,"17,44"
230720,JATI,CE,09/2022,178,66,"37,08",64,2,"96,97",112,"62,92",82,30,"16,85"
230725,JIJOCA DE JERICOACOARA,CE,09/2022,479,364,"75,99",354,10,"97,25",115,"24,01",2,113,"23,59"
230725,JIJOCA DE JERICOACOARA,CE,11/2022,466,363,"77,90",350,13,"96,42",103,"22,10",0,103,"22,10"
230725,JIJOCA DE JERICOACOARA,CE,07/2022,438,332,"75,80",326,6,"98,19",106,"24,20",1,105,"23,97"
230730,JUAZEIRO DO NORTE,CE,07/2022,4713,3824,"81,14",3823,1,"99,97",889,"18,86",26,863,"18,31"
230730,JUAZEIRO DO NORTE,CE,11/2022,4971,4054,"81,55",4037,17,"99,58",917,"18,45",93,824,"16,58"
230730,JUAZEIRO DO NORTE,CE,09/2022,4975,3892,"78,23",3891,1,"99,97",1083,"21,77",212,871,"17,51"
230740,JUCÁS,CE,09/2022,618,458,"74,11",413,45,"90,17",160,"25,89",10,150,"24,27"
230740,JUCÁS,CE,11/2022,589,458,"77,76",425,33,"92,79",131,"22,24",6,125,"21,22"
230740,JUCÁS,CE,07/2022,589,475,"80,65",425,50,"89,47",114,"19,35",9,105,"17,83"
230750,LAVRAS DA MANGABEIRA,CE,11/2022,672,550,"81,85",515,35,"93,64",122,"18,15",2,120,"17,86"
230750,LAVRAS DA MANGABEIRA,CE,07/2022,689,556,"80,70",524,32,"94,24",133,"19,30",7,126,"18,29"
230750,LAVRAS DA MANGABEIRA,CE,09/2022,697,550,"78,91",516,34,"93,82",147,"21,09",3,144,"20,66"
230760,LIMOEIRO DO NORTE,CE,09/2022,1044,913,"87,45",912,1,"99,89",131,"12,55",33,98,"9,39"
230760,LIMOEIRO DO NORTE,CE,11/2022,1020,844,"82,75",842,2,"99,76",176,"17,25",84,92,"9,02"
230760,LIMOEIRO DO NORTE,CE,07/2022,999,815,"81,58",814,1,"99,88",184,"18,42",66,118,"11,81"
230763,MADALENA,CE,11/2022,476,425,"89,29",424,1,"99,76",51,"10,71",0,51,"10,71"
230763,MADALENA,CE,07/2022,476,400,"84,03",398,2,"99,50",76,"15,97",1,75,"15,76"
230763,MADALENA,CE,09/2022,489,430,"87,93",430,0,"100,00",59,"12,07",0,59,"12,07"
230765,MARACANAÚ,CE,09/2022,3971,3116,"78,47",2944,172,"94,48",855,"21,53",30,825,"20,78"
230765,MARACANAÚ,CE,11/2022,3946,3143,"79,65",2965,178,"94,34",803,"20,35",14,789,"19,99"
230765,MARACANAÚ,CE,07/2022,3747,2905,"77,53",2825,80,"97,25",842,"22,47",39,803,"21,43"
230770,MARANGUAPE,CE,11/2022,2300,2202,"95,74",2020,182,"91,73",98,"4,26",7,91,"3,96"
230770,MARANGUAPE,CE,07/2022,2213,1996,"90,19",1955,41,"97,95",217,"9,81",12,205,"9,26"
230770,MARANGUAPE,CE,09/2022,2402,2349,"97,79",2110,239,"89,83",53,"2,21",7,46,"1,92"
230780,MARCO,CE,09/2022,1015,926,"91,23",926,0,"100,00",89,"8,77",4,85,"8,37"
230780,MARCO,CE,07/2022,955,825,"86,39",825,0,"100,00",130,"13,61",49,81,"8,48"
230780,MARCO,CE,11/2022,991,847,"85,47",847,0,"100,00",144,"14,53",54,90,"9,08"
230790,MARTINÓPOLE,CE,11/2022,313,279,"89,14",205,74,"73,48",34,"10,86",4,30,"9,58"
230790,MARTINÓPOLE,CE,07/2022,298,258,"86,58",238,20,"92,25",40,"13,42",14,26,"8,72"
230790,MARTINÓPOLE,CE,09/2022,319,279,"87,46",198,81,"70,97",40,"12,54",9,31,"9,72"
230800,MASSAPÊ,CE,09/2022,905,567,"62,65",495,72,"87,30",338,"37,35",187,151,"16,69"
230800,MASSAPÊ,CE,07/2022,871,704,"80,83",646,58,"91,76",167,"19,17",39,128,"14,70"
230800,MASSAPÊ,CE,11/2022,836,493,"58,97",468,25,"94,93",343,"41,03",201,142,"16,99"
230810,MAURITI,CE,11/2022,1038,884,"85,16",874,10,"98,87",154,"14,84",4,150,"14,45"
230810,MAURITI,CE,07/2022,1069,999,"93,45",918,81,"91,89",70,"6,55",5,65,"6,08"
230810,MAURITI,CE,09/2022,1098,941,"85,70",869,72,"92,35",157,"14,30",7,150,"13,66"
230820,MERUOCA,CE,09/2022,317,309,"97,48",265,44,"85,76",8,"2,52",3,5,"1,58"
230820,MERUOCA,CE,07/2022,295,275,"93,22",268,7,"97,45",20,"6,78",15,5,"1,69"
230820,MERUOCA,CE,11/2022,296,292,"98,65",233,59,"79,79",4,"1,35",1,3,"1,01"
230830,MILAGRES,CE,11/2022,673,535,"79,49",469,66,"87,66",138,"20,51",11,127,"18,87"
230830,MILAGRES,CE,07/2022,641,489,"76,29",416,73,"85,07",152,"23,71",11,141,"22,00"
230830,MILAGRES,CE,09/2022,694,522,"75,22",420,102,"80,46",172,"24,78",26,146,"21,04"
230835,MILHÃ,CE,09/2022,277,239,"86,28",233,6,"97,49",38,"13,72",2,36,"13,00"
230835,MILHÃ,CE,07/2022,264,218,"82,58",215,3,"98,62",46,"17,42",2,44,"16,67"
230835,MILHÃ,CE,11/2022,267,231,"86,52",228,3,"98,70",36,"13,48",1,35,"13,11"
230837,MIRAÍMA,CE,07/2022,351,301,"85,75",293,8,"97,34",50,"14,25",1,49,"13,96"
230837,MIRAÍMA,CE,11/2022,331,309,"93,35",273,36,"88,35",22,"6,65",0,22,"6,65"
230837,MIRAÍMA,CE,09/2022,359,324,"90,25",267,57,"82,41",35,"9,75",0,35,"9,75"
230840,MISSÃO VELHA,CE,09/2022,957,591,"61,76",547,44,"92,55",366,"38,24",40,326,"34,06"
230840,MISSÃO VELHA,CE,11/2022,929,583,"62,76",560,23,"96,05",346,"37,24",26,320,"34,45"
230840,MISSÃO VELHA,CE,07/2022,912,587,"64,36",563,24,"95,91",325,"35,64",22,303,"33,22"
230850,MOMBAÇA,CE,11/2022,939,764,"81,36",754,10,"98,69",175,"18,64",28,147,"15,65"
230850,MOMBAÇA,CE,07/2022,937,779,"83,14",754,25,"96,79",158,"16,86",4,154,"16,44"
230850,MOMBAÇA,CE,09/2022,967,794,"82,11",746,48,"93,95",173,"17,89",32,141,"14,58"
230860,MONSENHOR TABOSA,CE,09/2022,475,415,"87,37",404,11,"97,35",60,"12,63",0,60,"12,63"
230860,MONSENHOR TABOSA,CE,07/2022,455,390,"85,71",380,10,"97,44",65,"14,29",2,63,"13,85"
230860,MONSENHOR TABOSA,CE,11/2022,451,395,"87,58",389,6,"98,48",56,"12,42",0,56,"12,42"
230870,MORADA NOVA,CE,07/2022,1345,1118,"83,12",1114,4,"99,64",227,"16,88",8,219,"16,28"
230870,MORADA NOVA,CE,11/2022,1328,1095,"82,45",1057,38,"96,53",233,"17,55",5,228,"17,17"
230870,MORADA NOVA,CE,09/2022,1405,1181,"84,06",1149,32,"97,29",224,"15,94",8,216,"15,37"
230880,MORAÚJO,CE,09/2022,243,219,"90,12",219,0,"100,00",24,"9,88",4,20,"8,23"
230880,MORAÚJO,CE,07/2022,232,213,"91,81",213,0,"100,00",19,"8,19",2,17,"7,33"
230880,MORAÚJO,CE,11/2022,236,217,"91,95",216,1,"99,54",19,"8,05",4,15,"6,36"
230890,MORRINHOS,CE,11/2022,486,395,"81,28",241,154,"61,01",91,"18,72",5,86,"17,70"
230890,MORRINHOS,CE,07/2022,485,401,"82,68",401,0,"100,00",84,"17,32",10,74,"15,26"
230890,MORRINHOS,CE,09/2022,508,415,"81,69",223,192,"53,73",93,"18,31",10,83,"16,34"
230900,MUCAMBO,CE,09/2022,309,218,"70,55",213,5,"97,71",91,"29,45",42,49,"15,86"
230900,MUCAMBO,CE,11/2022,302,182,"60,26",179,3,"98,35",120,"39,74",43,77,"25,50"
230900,MUCAMBO,CE,07/2022,307,235,"76,55",234,1,"99,57",72,"23,45",44,28,"9,12"
230910,MULUNGU,CE,07/2022,254,217,"85,43",194,23,"89,40",37,"14,57",2,35,"13,78"
230910,MULUNGU,CE,11/2022,232,200,"86,21",185,15,"92,50",32,"13,79",6,26,"11,21"
230910,MULUNGU,CE,09/2022,258,221,"85,66",182,39,"82,35",37,"14,34",5,32,"12,40"
230920,NOVA OLINDA,CE,09/2022,510,424,"83,14",424,0,"100,00",86,"16,86",11,75,"14,71"
230920,NOVA OLINDA,CE,07/2022,493,394,"79,92",394,0,"100,00",99,"20,08",12,87,"17,65"
230920,NOVA OLINDA,CE,11/2022,495,427,"86,26",427,0,"100,00",68,"13,74",0,68,"13,74"
230930,NOVA RUSSAS,CE,07/2022,655,485,"74,05",485,0,"100,00",170,"25,95",2,168,"25,65"
230930,NOVA RUSSAS,CE,11/2022,668,595,"89,07",568,27,"95,46",73,"10,93",1,72,"10,78"
230930,NOVA RUSSAS,CE,09/2022,697,532,"76,33",532,0,"100,00",165,"23,67",1,164,"23,53"
230940,NOVO ORIENTE,CE,09/2022,786,677,"86,13",607,70,"89,66",109,"13,87",2,107,"13,61"
230940,NOVO ORIENTE,CE,07/2022,753,666,"88,45",662,4,"99,40",87,"11,55",5,82,"10,89"
230940,NOVO ORIENTE,CE,11/2022,765,669,"87,45",648,21,"96,86",96,"12,55",0,96,"12,55"
230945,OCARA,CE,07/2022,548,499,"91,06",466,33,"93,39",49,"8,94",4,45,"8,21"
230945,OCARA,CE,11/2022,556,501,"90,11",448,53,"89,42",55,"9,89",1,54,"9,71"
230945,OCARA,CE,09/2022,580,528,"91,03",461,67,"87,31",52,"8,97",1,51,"8,79"
230950,ORÓS,CE,09/2022,547,498,"91,04",498,0,"100,00",49,"8,96",5,44,"8,04"
230950,ORÓS,CE,11/2022,552,505,"91,49",505,0,"100,00",47,"8,51",6,41,"7,43"
230950,ORÓS,CE,07/2022,524,478,"91,22",478,0,"100,00",46,"8,78",6,40,"7,63"
230960,PACAJUS,CE,07/2022,1280,961,"75,08",860,101,"89,49",319,"24,92",11,308,"24,06"
230960,PACAJUS,CE,11/2022,1297,897,"69,16",884,13,"98,55",400,"30,84",19,381,"29,38"
230960,PACAJUS,CE,09/2022,1347,916,"68,00",889,27,"97,05",431,"32,00",22,409,"30,36"
230970,PACATUBA,CE,09/2022,1193,883,"74,02",863,20,"97,73",310,"25,98",13,297,"24,90"
230970,PACATUBA,CE,11/2022,1202,905,"75,29",894,11,"98,78",297,"24,71",7,290,"24,13"
230970,PACATUBA,CE,07/2022,1103,804,"72,89",781,23,"97,14",299,"27,11",25,274,"24,84"
230980,PACOTI,CE,07/2022,199,172,"86,43",168,4,"97,67",27,"13,57",1,26,"13,07"
230980,PACOTI,CE,11/2022,199,167,"83,92",140,27,"83,83",32,"16,08",5,27,"13,57"
230980,PACOTI,CE,09/2022,201,172,"85,57",133,39,"77,33",29,"14,43",1,28,"13,93"
230990,PACUJÁ,CE,09/2022,150,68,"45,33",67,1,"98,53",82,"54,67",66,16,"10,67"
230990,PACUJÁ,CE,07/2022,142,63,"44,37",63,0,"100,00",79,"55,63",64,15,"10,56"
230990,PACUJÁ,CE,11/2022,143,67,"46,85",67,0,"100,00",76,"53,15",63,13,"9,09"
231000,PALHANO,CE,07/2022,187,55,"29,41",55,0,"100,00",132,"70,59",118,14,"7,49"
231000,PALHANO,CE,11/2022,199,187,"93,97",187,0,"100,00",12,"6,03",0,12,"6,03"
231000,PALHANO,CE,09/2022,187,38,"20,32",38,0,"100,00",149,"79,68",135,14,"7,49"
231010,PALMÁCIA,CE,09/2022,387,360,"93,02",360,0,"100,00",27,"6,98",2,25,"6,46"
231010,PALMÁCIA,CE,07/2022,346,327,"94,51",318,9,"97,25",19,"5,49",1,18,"5,20"
231010,PALMÁCIA,CE,11/2022,378,351,"92,86",351,0,"100,00",27,"7,14",1,26,"6,88"
231020,PARACURU,CE,11/2022,936,845,"90,28",845,0,"100,00",91,"9,72",28,63,"6,73"
231020,PARACURU,CE,07/2022,882,819,"92,86",819,0,"100,00",63,"7,14",6,57,"6,46"
231020,PARACURU,CE,09/2022,962,895,"93,04",895,0,"100,00",67,"6,96",5,62,"6,44"
231025,PARAIPABA,CE,09/2022,736,678,"92,12",628,50,"92,63",58,"7,88",7,51,"6,93"
231025,PARAIPABA,CE,11/2022,714,685,"95,94",670,15,"97,81",29,"4,06",3,26,"3,64"
231025,PARAIPABA,CE,07/2022,708,650,"91,81",608,42,"93,54",58,"8,19",14,44,"6,21"
231030,PARAMBU,CE,11/2022,672,294,"43,75",291,3,"98,98",378,"56,25",80,298,"44,35"
231030,PARAMBU,CE,07/2022,668,294,"44,01",290,4,"98,64",374,"55,99",69,305,"45,66"
231030,PARAMBU,CE,09/2022,683,269,"39,39",264,5,"98,14",414,"60,61",98,316,"46,27"
231040,PARAMOTI,CE,09/2022,269,210,"78,07",189,21,"90,00",59,"21,93",15,44,"16,36"
231040,PARAMOTI,CE,11/2022,249,198,"79,52",185,13,"93,43",51,"20,48",4,47,"18,88"
231040,PARAMOTI,CE,07/2022,258,229,"88,76",229,0,"100,00",29,"11,24",5,24,"9,30"
231050,PEDRA BRANCA,CE,07/2022,1054,913,"86,62",842,71,"92,22",141,"13,38",7,134,"12,71"
231050,PEDRA BRANCA,CE,11/2022,1061,931,"87,75",930,1,"99,89",130,"12,25",2,128,"12,06"
231050,PEDRA BRANCA,CE,09/2022,1087,954,"87,76",913,41,"95,70",133,"12,24",2,131,"12,05"
231060,PENAFORTE,CE,09/2022,302,224,"74,17",224,0,"100,00",78,"25,83",2,76,"25,17"
231060,PENAFORTE,CE,11/2022,296,138,"46,62",137,1,"99,28",158,"53,38",83,75,"25,34"
231060,PENAFORTE,CE,07/2022,276,204,"73,91",204,0,"100,00",72,"26,09",1,71,"25,72"
231070,PENTECOSTE,CE,07/2022,787,617,"78,40",605,12,"98,06",170,"21,60",11,159,"20,20"
231070,PENTECOSTE,CE,11/2022,795,645,"81,13",561,84,"86,98",150,"18,87",3,147,"18,49"
231070,PENTECOSTE,CE,09/2022,817,655,"80,17",532,123,"81,22",162,"19,83",3,159,"19,46"
231080,PEREIRO,CE,09/2022,517,442,"85,49",421,21,"95,25",75,"14,51",1,74,"14,31"
231080,PEREIRO,CE,11/2022,486,434,"89,30",418,16,"96,31",52,"10,70",1,51,"10,49"
231080,PEREIRO,CE,07/2022,484,406,"83,88",397,9,"97,78",78,"16,12",3,75,"15,50"
231085,PINDORETAMA,CE,07/2022,532,451,"84,77",451,0,"100,00",81,"15,23",2,79,"14,85"
231085,PINDORETAMA,CE,11/2022,588,494,"84,01",493,1,"99,80",94,"15,99",4,90,"15,31"
231085,PINDORETAMA,CE,09/2022,600,509,"84,83",506,3,"99,41",91,"15,17",1,90,"15,00"
231090,PIQUET CARNEIRO,CE,09/2022,301,249,"82,72",224,25,"89,96",52,"17,28",1,51,"16,94"
231090,PIQUET CARNEIRO,CE,11/2022,288,238,"82,64",221,17,"92,86",50,"17,36",1,49,"17,01"
231090,PIQUET CARNEIRO,CE,07/2022,291,258,"88,66",244,14,"94,57",33,"11,34",2,31,"10,65"
231095,PIRES FERREIRA,CE,07/2022,168,153,"91,07",149,4,"97,39",15,"8,93",2,13,"7,74"
231095,PIRES FERREIRA,CE,11/2022,175,160,"91,43",156,4,"97,50",15,"8,57",2,13,"7,43"
231095,PIRES FERREIRA,CE,09/2022,181,164,"90,61",159,5,"96,95",17,"9,39",1,16,"8,84"
231100,PORANGA,CE,09/2022,336,307,"91,37",281,26,"91,53",29,"8,63",0,29,"8,63"
231100,PORANGA,CE,11/2022,326,285,"87,42",280,5,"98,25",41,"12,58",16,25,"7,67"
231100,PORANGA,CE,07/2022,330,288,"87,27",288,0,"100,00",42,"12,73",8,34,"10,30"
231110,PORTEIRAS,CE,11/2022,365,353,"96,71",353,0,"100,00",12,"3,29",0,12,"3,29"
231110,PORTEIRAS,CE,07/2022,355,340,"95,77",340,0,"100,00",15,"4,23",3,12,"3,38"
231110,PORTEIRAS,CE,09/2022,364,350,"96,15",350,0,"100,00",14,"3,85",1,13,"3,57"
231120,POTENGI,CE,09/2022,247,213,"86,23",189,24,"88,73",34,"13,77",7,27,"10,93"
231120,POTENGI,CE,07/2022,235,212,"90,21",212,0,"100,00",23,"9,79",0,23,"9,79"
231120,POTENGI,CE,11/2022,240,200,"83,33",197,3,"98,50",40,"16,67",2,38,"15,83"
231123,POTIRETAMA,CE,11/2022,154,118,"76,62",113,5,"95,76",36,"23,38",2,34,"22,08"
231123,POTIRETAMA,CE,07/2022,169,129,"76,33",129,0,"100,00",40,"23,67",3,37,"21,89"
231123,POTIRETAMA,CE,09/2022,161,125,"77,64",109,16,"87,20",36,"22,36",5,31,"19,25"
231126,QUITERIANÓPOLIS,CE,09/2022,501,381,"76,05",376,5,"98,69",120,"23,95",1,119,"23,75"
231126,QUITERIANÓPOLIS,CE,07/2022,493,372,"75,46",372,0,"100,00",121,"24,54",4,117,"23,73"
231126,QUITERIANÓPOLIS,CE,11/2022,473,359,"75,90",358,1,"99,72",114,"24,10",3,111,"23,47"
231130,QUIXADÁ,CE,07/2022,1910,1782,"93,30",1782,0,"100,00",128,"6,70",5,123,"6,44"
231130,QUIXADÁ,CE,11/2022,2011,1894,"94,18",1892,2,"99,89",117,"5,82",3,114,"5,67"
231130,QUIXADÁ,CE,09/2022,2033,1887,"92,82",1887,0,"100,00",146,"7,18",10,136,"6,69"
231135,QUIXELÔ,CE,09/2022,291,214,"73,54",196,18,"91,59",77,"26,46",1,76,"26,12"
231135,QUIXELÔ,CE,07/2022,280,212,"75,71",188,24,"88,68",68,"24,29",1,67,"23,93"
231135,QUIXELÔ,CE,11/2022,289,213,"73,70",207,6,"97,18",76,"26,30",0,76,"26,30"
231140,QUIXERAMOBIM,CE,07/2022,1555,1209,"77,75",1155,54,"95,53",346,"22,25",19,327,"21,03"
231140,QUIXERAMOBIM,CE,11/2022,1591,1295,"81,40",1204,91,"92,97",296,"18,60",0,296,"18,60"
231140,QUIXERAMOBIM,CE,09/2022,1649,1320,"80,05",1211,109,"91,74",329,"19,95",5,324,"19,65"
231150,QUIXERÉ,CE,09/2022,363,313,"86,23",293,20,"93,61",50,"13,77",1,49,"13,50"
231150,QUIXERÉ,CE,11/2022,336,289,"86,01",284,5,"98,27",47,"13,99",0,47,"13,99"
231150,QUIXERÉ,CE,07/2022,363,307,"84,57",300,7,"97,72",56,"15,43",3,53,"14,60"
231160,REDENÇÃO,CE,07/2022,737,664,"90,09",653,11,"98,34",73,"9,91",1,72,"9,77"
231160,REDENÇÃO,CE,11/2022,760,543,"71,45",497,46,"91,53",217,"28,55",7,210,"27,63"
231160,REDENÇÃO,CE,09/2022,770,599,"77,79",546,53,"91,15",171,"22,21",7,164,"21,30"
231170,RERIUTABA,CE,09/2022,488,399,"81,76",374,25,"93,73",89,"18,24",18,71,"14,55"
231170,RERIUTABA,CE,07/2022,460,377,"81,96",376,1,"99,73",83,"18,04",7,76,"16,52"
231170,RERIUTABA,CE,11/2022,480,415,"86,46",398,17,"95,90",65,"13,54",9,56,"11,67"
231180,RUSSAS,CE,11/2022,1198,952,"79,47",933,19,"98,00",246,"20,53",60,186,"15,53"
231180,RUSSAS,CE,07/2022,1208,893,"73,92",864,29,"96,75",315,"26,08",75,240,"19,87"
231180,RUSSAS,CE,09/2022,1267,1086,"85,71",1036,50,"95,40",181,"14,29",65,116,"9,16"
231190,SABOEIRO,CE,09/2022,350,253,"72,29",229,24,"90,51",97,"27,71",7,90,"25,71"
231190,SABOEIRO,CE,07/2022,339,239,"70,50",229,10,"95,82",100,"29,50",4,96,"28,32"
231190,SABOEIRO,CE,11/2022,349,265,"75,93",250,15,"94,34",84,"24,07",2,82,"23,50"
231195,SALITRE,CE,11/2022,437,299,"68,42",159,140,"53,18",138,"31,58",1,137,"31,35"
231195,SALITRE,CE,07/2022,411,289,"70,32",286,3,"98,96",122,"29,68",2,120,"29,20"
231195,SALITRE,CE,09/2022,435,304,"69,89",300,4,"98,68",131,"30,11",4,127,"29,20"
231200,SANTANA DO ACARAÚ,CE,09/2022,845,47,"5,56",46,1,"97,87",798,"94,44",722,76,"8,99"
231200,SANTANA DO ACARAÚ,CE,11/2022,868,547,"63,02",547,0,"100,00",321,"36,98",245,76,"8,76"
231200,SANTANA DO ACARAÚ,CE,07/2022,800,3,"0,38",1,2,"33,33",797,"99,63",730,67,"8,38"
231210,SANTANA DO CARIRI,CE,11/2022,489,254,"51,94",254,0,"100,00",235,"48,06",2,233,"47,65"
231210,SANTANA DO CARIRI,CE,07/2022,468,257,"54,91",257,0,"100,00",211,"45,09",3,208,"44,44"
231210,SANTANA DO CARIRI,CE,09/2022,481,246,"51,14",239,7,"97,15",235,"48,86",4,231,"48,02"
231220,SANTA QUITÉRIA,CE,09/2022,916,767,"83,73",708,59,"92,31",149,"16,27",14,135,"14,74"
231220,SANTA QUITÉRIA,CE,11/2022,900,773,"85,89",733,40,"94,83",127,"14,11",20,107,"11,89"
231220,SANTA QUITÉRIA,CE,07/2022,896,764,"85,27",702,62,"91,88",132,"14,73",10,122,"13,62"
231230,SÃO BENEDITO,CE,07/2022,1132,883,"78,00",861,22,"97,51",249,"22,00",6,243,"21,47"
231230,SÃO BENEDITO,CE,11/2022,1145,886,"77,38",847,39,"95,60",259,"22,62",2,257,"22,45"
231230,SÃO BENEDITO,CE,09/2022,1209,908,"75,10",869,39,"95,70",301,"24,90",9,292,"24,15"
231240,SÃO GONÇALO DO AMARANTE,CE,09/2022,1260,655,"51,98",644,11,"98,32",605,"48,02",44,561,"44,52"
231240,SÃO GONÇALO DO AMARANTE,CE,11/2022,1222,631,"51,64",620,11,"98,26",591,"48,36",130,461,"37,73"
231240,SÃO GONÇALO DO AMARANTE,CE,07/2022,1173,470,"40,07",461,9,"98,09",703,"59,93",223,480,"40,92"
231250,SÃO JOÃO DO JAGUARIBE,CE,07/2022,98,68,"69,39",55,13,"80,88",30,"30,61",21,9,"9,18"
231250,SÃO JOÃO DO JAGUARIBE,CE,11/2022,73,57,"78,08",57,0,"100,00",16,"21,92",0,16,"21,92"
231250,SÃO JOÃO DO JAGUARIBE,CE,09/2022,84,69,"82,14",56,13,"81,16",15,"17,86",1,14,"16,67"
231260,SÃO LUÍS DO CURU,CE,09/2022,293,222,"75,77",219,3,"98,65",71,"24,23",18,53,"18,09"
231260,SÃO LUÍS DO CURU,CE,07/2022,259,102,"39,38",102,0,"100,00",157,"60,62",111,46,"17,76"
231260,SÃO LUÍS DO CURU,CE,11/2022,273,216,"79,12",213,3,"98,61",57,"20,88",10,47,"17,22"
231270,SENADOR POMPEU,CE,07/2022,542,502,"92,62",483,19,"96,22",40,"7,38",4,36,"6,64"
231270,SENADOR POMPEU,CE,11/2022,546,491,"89,93",487,4,"99,19",55,"10,07",7,48,"8,79"
231270,SENADOR POMPEU,CE,09/2022,579,529,"91,36",496,33,"93,76",50,"8,64",4,46,"7,94"
231280,SENADOR SÁ,CE,09/2022,230,183,"79,57",176,7,"96,17",47,"20,43",14,33,"14,35"
231280,SENADOR SÁ,CE,07/2022,205,183,"89,27",183,0,"100,00",22,"10,73",1,21,"10,24"
231280,SENADOR SÁ,CE,11/2022,200,153,"76,50",143,10,"93,46",47,"23,50",11,36,"18,00"
231290,SOBRAL,CE,11/2022,3142,3079,"97,99",2861,218,"92,92",63,"2,01",8,55,"1,75"
231290,SOBRAL,CE,07/2022,3272,3145,"96,12",2901,244,"92,24",127,"3,88",12,115,"3,51"
231290,SOBRAL,CE,09/2022,3397,3264,"96,08",2917,347,"89,37",133,"3,92",12,121,"3,56"
231300,SOLONÓPOLE,CE,09/2022,317,275,"86,75",246,29,"89,45",42,"13,25",0,42,"13,25"
231300,SOLONÓPOLE,CE,11/2022,300,241,"80,33",223,18,"92,53",59,"19,67",0,59,"19,67"
231300,SOLONÓPOLE,CE,07/2022,296,272,"91,89",266,6,"97,79",24,"8,11",0,24,"8,11"
231310,TABULEIRO DO NORTE,CE,07/2022,501,212,"42,32",212,0,"100,00",289,"57,68",191,98,"19,56"
231310,TABULEIRO DO NORTE,CE,11/2022,588,532,"90,48",517,15,"97,18",56,"9,52",1,55,"9,35"
231310,TABULEIRO DO NORTE,CE,09/2022,587,470,"80,07",463,7,"98,51",117,"19,93",1,116,"19,76"
231320,TAMBORIL,CE,09/2022,748,652,"87,17",629,23,"96,47",96,"12,83",4,92,"12,30"
231320,TAMBORIL,CE,11/2022,730,643,"88,08",621,22,"96,58",87,"11,92",1,86,"11,78"
231320,TAMBORIL,CE,07/2022,732,645,"88,11",643,2,"99,69",87,"11,89",2,85,"11,61"
231325,TARRAFAS,CE,11/2022,203,195,"96,06",195,0,"100,00",8,"3,94",1,7,"3,45"
231325,TARRAFAS,CE,07/2022,215,194,"90,23",194,0,"100,00",21,"9,77",0,21,"9,77"
231325,TARRAFAS,CE,09/2022,218,199,"91,28",199,0,"100,00",19,"8,72",2,17,"7,80"
231330,TAUÁ,CE,09/2022,1053,871,"82,72",839,32,"96,33",182,"17,28",9,173,"16,43"
231330,TAUÁ,CE,11/2022,1029,854,"82,99",844,10,"98,83",175,"17,01",1,174,"16,91"
231330,TAUÁ,CE,07/2022,990,779,"78,69",768,11,"98,59",211,"21,31",3,208,"21,01"
231335,TEJUÇUOCA,CE,07/2022,529,460,"86,96",459,1,"99,78",69,"13,04",3,66,"12,48"
231335,TEJUÇUOCA,CE,11/2022,576,492,"85,42",468,24,"95,12",84,"14,58",2,82,"14,24"
231335,TEJUÇUOCA,CE,09/2022,575,494,"85,91",468,26,"94,74",81,"14,09",2,79,"13,74"
231340,TIANGUÁ,CE,09/2022,2164,1932,"89,28",1932,0,"100,00",232,"10,72",19,213,"9,84"
231340,TIANGUÁ,CE,11/2022,2113,1873,"88,64",1873,0,"100,00",240,"11,36",20,220,"10,41"
231340,TIANGUÁ,CE,07/2022,2013,1814,"90,11",1813,1,"99,94",199,"9,89",14,185,"9,19"
231350,TRAIRI,CE,07/2022,1703,1389,"81,56",1352,37,"97,34",314,"18,44",13,301,"17,67"
231350,TRAIRI,CE,11/2022,1713,1390,"81,14",1346,44,"96,83",323,"18,86",9,314,"18,33"
231350,TRAIRI,CE,09/2022,1800,1463,"81,28",1399,64,"95,63",337,"18,72",8,329,"18,28"
231355,TURURU,CE,09/2022,457,425,"93,00",425,0,"100,00",32,"7,00",0,32,"7,00"
231355,TURURU,CE,07/2022,397,1,"0,25",0,1,"0,00",396,"99,75",368,28,"7,05"
231355,TURURU,CE,11/2022,456,424,"92,98",424,0,"100,00",32,"7,02",0,32,"7,02"
231360,UBAJARA,CE,07/2022,911,829,"91,00",760,69,"91,68",82,"9,00",12,70,"7,68"
231360,UBAJARA,CE,11/2022,935,795,"85,03",793,2,"99,75",140,"14,97",10,130,"13,90"
231360,UBAJARA,CE,09/2022,970,809,"83,40",795,14,"98,27",161,"16,60",5,156,"16,08"
231370,UMARI,CE,09/2022,181,126,"69,61",117,9,"92,86",55,"30,39",1,54,"29,83"
231370,UMARI,CE,11/2022,177,123,"69,49",121,2,"98,37",54,"30,51",7,47,"26,55"
231370,UMARI,CE,07/2022,173,120,"69,36",120,0,"100,00",53,"30,64",1,52,"30,06"
231375,UMIRIM,CE,11/2022,447,301,"67,34",301,0,"100,00",146,"32,66",118,28,"6,26"
231375,UMIRIM,CE,07/2022,431,279,"64,73",278,1,"99,64",152,"35,27",122,30,"6,96"
231375,UMIRIM,CE,09/2022,471,434,"92,14",434,0,"100,00",37,"7,86",3,34,"7,22"
231380,URUBURETAMA,CE,09/2022,674,612,"90,80",502,110,"82,03",62,"9,20",3,59,"8,75"
231380,URUBURETAMA,CE,07/2022,658,595,"90,43",577,18,"96,97",63,"9,57",5,58,"8,81"
231380,URUBURETAMA,CE,11/2022,653,605,"92,65",552,53,"91,24",48,"7,35",2,46,"7,04"
231390,URUOCA,CE,11/2022,304,206,"67,76",188,18,"91,26",98,"32,24",64,34,"11,18"
231390,URUOCA,CE,07/2022,321,210,"65,42",201,9,"95,71",111,"34,58",74,37,"11,53"
231390,URUOCA,CE,09/2022,331,280,"84,59",261,19,"93,21",51,"15,41",11,40,"12,08"
231395,VARJOTA,CE,09/2022,377,298,"79,05",247,51,"82,89",79,"20,95",3,76,"20,16"
231395,VARJOTA,CE,07/2022,363,306,"84,30",305,1,"99,67",57,"15,70",5,52,"14,33"
231395,VARJOTA,CE,11/2022,350,278,"79,43",226,52,"81,29",72,"20,57",1,71,"20,29"
231400,VÁRZEA ALEGRE,CE,07/2022,982,868,"88,39",749,119,"86,29",114,"11,61",5,109,"11,10"
231400,VÁRZEA ALEGRE,CE,11/2022,941,790,"83,95",686,104,"86,84",151,"16,05",3,148,"15,73"
231400,VÁRZEA ALEGRE,CE,09/2022,1019,869,"85,28",767,102,"88,26",150,"14,72",13,137,"13,44"
231410,VIÇOSA DO CEARÁ,CE,09/2022,1857,1334,"71,84",1310,24,"98,20",523,"28,16",271,252,"13,57"
231410,VIÇOSA DO CEARÁ,CE,11/2022,1803,1332,"73,88",1316,16,"98,80",471,"26,12",230,241,"13,37"
231410,VIÇOSA DO CEARÁ,CE,07/2022,1763,1256,"71,24",1252,4,"99,68",507,"28,76",274,233,"13,22"
530010,BRASÍLIA,DF,11/2022,22783,18411,"80,81",17662,749,"95,93",4372,"19,19",467,3905,"17,14"
530010,BRASÍLIA,DF,09/2022,22381,15472,"69,13",14829,643,"95,84",6909,"30,87",1533,5376,"24,02"
530010,BRASÍLIA,DF,07/2022,20711,15346,"74,10",14621,725,"95,28",5365,"25,90",443,4922,"23,77"
320010,AFONSO CLÁUDIO,ES,07/2022,380,252,"66,32",213,39,"84,52",128,"33,68",0,128,"33,68"
320010,AFONSO CLÁUDIO,ES,09/2022,398,261,"65,58",234,27,"89,66",137,"34,42",1,136,"34,17"
320010,AFONSO CLÁUDIO,ES,11/2022,388,258,"66,49",213,45,"82,56",130,"33,51",0,130,"33,51"
320013,ÁGUIA BRANCA,ES,11/2022,145,110,"75,86",89,21,"80,91",35,"24,14",0,35,"24,14"
320013,ÁGUIA BRANCA,ES,09/2022,135,110,"81,48",85,25,"77,27",25,"18,52",0,25,"18,52"
320013,ÁGUIA BRANCA,ES,07/2022,135,99,"73,33",74,25,"74,75",36,"26,67",2,34,"25,19"
320016,ÁGUA DOCE DO NORTE,ES,07/2022,232,148,"63,79",111,37,"75,00",84,"36,21",13,71,"30,60"
320016,ÁGUA DOCE DO NORTE,ES,09/2022,230,147,"63,91",107,40,"72,79",83,"36,09",10,73,"31,74"
320016,ÁGUA DOCE DO NORTE,ES,11/2022,217,142,"65,44",117,25,"82,39",75,"34,56",9,66,"30,41"
320020,ALEGRE,ES,11/2022,332,296,"89,16",262,34,"88,51",36,"10,84",0,36,"10,84"
320020,ALEGRE,ES,09/2022,321,278,"86,60",222,56,"79,86",43,"13,40",0,43,"13,40"
320020,ALEGRE,ES,07/2022,300,254,"84,67",205,49,"80,71",46,"15,33",1,45,"15,00"
320030,ALFREDO CHAVES,ES,07/2022,125,75,"60,00",55,20,"73,33",50,"40,00",2,48,"38,40"
320030,ALFREDO CHAVES,ES,09/2022,121,85,"70,25",61,24,"71,76",36,"29,75",2,34,"28,10"
320030,ALFREDO CHAVES,ES,11/2022,116,86,"74,14",67,19,"77,91",30,"25,86",3,27,"23,28"
320035,ALTO RIO NOVO,ES,11/2022,165,124,"75,15",78,46,"62,90",41,"24,85",0,41,"24,85"
320035,ALTO RIO NOVO,ES,09/2022,168,127,"75,60",100,27,"78,74",41,"24,40",1,40,"23,81"
320035,ALTO RIO NOVO,ES,07/2022,162,119,"73,46",88,31,"73,95",43,"26,54",1,42,"25,93"
320040,ANCHIETA,ES,07/2022,326,215,"65,95",179,36,"83,26",111,"34,05",3,108,"33,13"
320040,ANCHIETA,ES,09/2022,362,253,"69,89",217,36,"85,77",109,"30,11",1,108,"29,83"
320040,ANCHIETA,ES,11/2022,378,318,"84,13",259,59,"81,45",60,"15,87",1,59,"15,61"
320050,APIACÁ,ES,11/2022,102,81,"79,41",65,16,"80,25",21,"20,59",2,19,"18,63"
320050,APIACÁ,ES,09/2022,100,75,"75,00",56,19,"74,67",25,"25,00",11,14,"14,00"
320050,APIACÁ,ES,07/2022,117,62,"52,99",51,11,"82,26",55,"47,01",17,38,"32,48"
320060,ARACRUZ,ES,07/2022,901,646,"71,70",460,186,"71,21",255,"28,30",51,204,"22,64"
320060,ARACRUZ,ES,09/2022,977,733,"75,03",542,191,"73,94",244,"24,97",54,190,"19,45"
320060,ARACRUZ,ES,11/2022,971,764,"78,68",571,193,"74,74",207,"21,32",15,192,"19,77"
320070,ATILIO VIVACQUA,ES,11/2022,149,127,"85,23",115,12,"90,55",22,"14,77",3,19,"12,75"
320070,ATILIO VIVACQUA,ES,09/2022,142,99,"69,72",99,0,"100,00",43,"30,28",14,29,"20,42"
320070,ATILIO VIVACQUA,ES,07/2022,132,105,"79,55",97,8,"92,38",27,"20,45",1,26,"19,70"
320080,BAIXO GUANDU,ES,07/2022,284,212,"74,65",142,70,"66,98",72,"25,35",2,70,"24,65"
320080,BAIXO GUANDU,ES,09/2022,295,225,"76,27",149,76,"66,22",70,"23,73",0,70,"23,73"
320080,BAIXO GUANDU,ES,11/2022,279,201,"72,04",143,58,"71,14",78,"27,96",0,78,"27,96"
320090,BARRA DE SÃO FRANCISCO,ES,11/2022,447,308,"68,90",275,33,"89,29",139,"31,10",1,138,"30,87"
320090,BARRA DE SÃO FRANCISCO,ES,09/2022,476,335,"70,38",294,41,"87,76",141,"29,62",2,139,"29,20"
320090,BARRA DE SÃO FRANCISCO,ES,07/2022,458,321,"70,09",278,43,"86,60",137,"29,91",2,135,"29,48"
320100,BOA ESPERANÇA,ES,07/2022,306,202,"66,01",172,30,"85,15",104,"33,99",0,104,"33,99"
320100,BOA ESPERANÇA,ES,09/2022,316,224,"70,89",206,18,"91,96",92,"29,11",0,92,"29,11"
320100,BOA ESPERANÇA,ES,11/2022,327,245,"74,92",218,27,"88,98",82,"25,08",0,82,"25,08"
320110,BOM JESUS DO NORTE,ES,11/2022,47,39,"82,98",34,5,"87,18",8,"17,02",0,8,"17,02"
320110,BOM JESUS DO NORTE,ES,09/2022,46,38,"82,61",30,8,"78,95",8,"17,39",1,7,"15,22"
320110,BOM JESUS DO NORTE,ES,07/2022,105,36,"34,29",25,11,"69,44",69,"65,71",52,17,"16,19"
320115,BREJETUBA,ES,07/2022,250,164,"65,60",142,22,"86,59",86,"34,40",1,85,"34,00"
320115,BREJETUBA,ES,09/2022,266,188,"70,68",159,29,"84,57",78,"29,32",0,78,"29,32"
320115,BREJETUBA,ES,11/2022,261,190,"72,80",160,30,"84,21",71,"27,20",0,71,"27,20"
320120,CACHOEIRO DE ITAPEMIRIM,ES,11/2022,1422,1409,"99,09",1000,409,"70,97",13,"0,91",5,8,"0,56"
320120,CACHOEIRO DE ITAPEMIRIM,ES,09/2022,1513,1285,"84,93",926,359,"72,06",228,"15,07",4,224,"14,81"
320120,CACHOEIRO DE ITAPEMIRIM,ES,07/2022,1432,1129,"78,84",883,246,"78,21",303,"21,16",4,299,"20,88"
320130,CARIACICA,ES,07/2022,4017,2594,"64,58",2133,461,"82,23",1423,"35,42",21,1402,"34,90"
320130,CARIACICA,ES,09/2022,4259,2840,"66,68",2551,289,"89,82",1419,"33,32",65,1354,"31,79"
320130,CARIACICA,ES,11/2022,4111,3009,"73,19",2730,279,"90,73",1102,"26,81",6,1096,"26,66"
320140,CASTELO,ES,11/2022,338,214,"63,31",214,0,"100,00",124,"36,69",2,122,"36,09"
320140,CASTELO,ES,09/2022,343,190,"55,39",177,13,"93,16",153,"44,61",5,148,"43,15"
320140,CASTELO,ES,07/2022,329,183,"55,62",178,5,"97,27",146,"44,38",7,139,"42,25"
320150,COLATINA,ES,07/2022,686,684,"99,71",618,66,"90,35",2,"0,29",2,0,"0,00"
320150,COLATINA,ES,09/2022,716,709,"99,02",513,196,"72,36",7,"0,98",4,3,"0,42"
320150,COLATINA,ES,11/2022,699,693,"99,14",513,180,"74,03",6,"0,86",1,5,"0,72"
320160,CONCEIÇÃO DA BARRA,ES,11/2022,418,315,"75,36",243,72,"77,14",103,"24,64",1,102,"24,40"
320160,CONCEIÇÃO DA BARRA,ES,09/2022,429,313,"72,96",235,78,"75,08",116,"27,04",0,116,"27,04"
320160,CONCEIÇÃO DA BARRA,ES,07/2022,402,298,"74,13",191,107,"64,09",104,"25,87",1,103,"25,62"
320170,CONCEIÇÃO DO CASTELO,ES,07/2022,147,105,"71,43",73,32,"69,52",42,"28,57",1,41,"27,89"
320170,CONCEIÇÃO DO CASTELO,ES,09/2022,146,98,"67,12",72,26,"73,47",48,"32,88",0,48,"32,88"
320170,CONCEIÇÃO DO CASTELO,ES,11/2022,141,94,"66,67",67,27,"71,28",47,"33,33",0,47,"33,33"
320180,DIVINO DE SÃO LOURENÇO,ES,11/2022,54,35,"64,81",30,5,"85,71",19,"35,19",0,19,"35,19"
320180,DIVINO DE SÃO LOURENÇO,ES,09/2022,58,35,"60,34",28,7,"80,00",23,"39,66",0,23,"39,66"
320180,DIVINO DE SÃO LOURENÇO,ES,07/2022,54,32,"59,26",29,3,"90,63",22,"40,74",0,22,"40,74"
320190,DOMINGOS MARTINS,ES,07/2022,264,105,"39,77",89,16,"84,76",159,"60,23",5,154,"58,33"
320190,DOMINGOS MARTINS,ES,09/2022,264,177,"67,05",114,63,"64,41",87,"32,95",8,79,"29,92"
320190,DOMINGOS MARTINS,ES,11/2022,245,145,"59,18",115,30,"79,31",100,"40,82",4,96,"39,18"
320200,DORES DO RIO PRETO,ES,11/2022,101,89,"88,12",71,18,"79,78",12,"11,88",0,12,"11,88"
320200,DORES DO RIO PRETO,ES,09/2022,113,105,"92,92",72,33,"68,57",8,"7,08",8,0,"0,00"
320200,DORES DO RIO PRETO,ES,07/2022,105,85,"80,95",68,17,"80,00",20,"19,05",2,18,"17,14"
320210,ECOPORANGA,ES,07/2022,267,219,"82,02",175,44,"79,91",48,"17,98",3,45,"16,85"
320210,ECOPORANGA,ES,09/2022,283,239,"84,45",181,58,"75,73",44,"15,55",0,44,"15,55"
320210,ECOPORANGA,ES,11/2022,275,231,"84,00",161,70,"69,70",44,"16,00",0,44,"16,00"
320220,FUNDÃO,ES,11/2022,178,127,"71,35",92,35,"72,44",51,"28,65",0,51,"28,65"
320220,FUNDÃO,ES,09/2022,176,123,"69,89",95,28,"77,24",53,"30,11",1,52,"29,55"
320220,FUNDÃO,ES,07/2022,164,114,"69,51",86,28,"75,44",50,"30,49",2,48,"29,27"
320225,GOVERNADOR LINDENBERG,ES,07/2022,122,87,"71,31",66,21,"75,86",35,"28,69",2,33,"27,05"
320225,GOVERNADOR LINDENBERG,ES,09/2022,122,90,"73,77",75,15,"83,33",32,"26,23",2,30,"24,59"
320225,GOVERNADOR LINDENBERG,ES,11/2022,111,91,"81,98",61,30,"67,03",20,"18,02",1,19,"17,12"
320230,GUAÇUÍ,ES,11/2022,338,221,"65,38",173,48,"78,28",117,"34,62",1,116,"34,32"
320230,GUAÇUÍ,ES,09/2022,346,213,"61,56",152,61,"71,36",133,"38,44",1,132,"38,15"
320230,GUAÇUÍ,ES,07/2022,335,151,"45,07",125,26,"82,78",184,"54,93",3,181,"54,03"
320240,GUARAPARI,ES,07/2022,1080,640,"59,26",537,103,"83,91",440,"40,74",6,434,"40,19"
320240,GUARAPARI,ES,09/2022,1148,725,"63,15",588,137,"81,10",423,"36,85",6,417,"36,32"
320240,GUARAPARI,ES,11/2022,1127,729,"64,69",638,91,"87,52",398,"35,31",20,378,"33,54"
320245,IBATIBA,ES,11/2022,256,181,"70,70",167,14,"92,27",75,"29,30",3,72,"28,13"
320245,IBATIBA,ES,09/2022,264,181,"68,56",162,19,"89,50",83,"31,44",3,80,"30,30"
320245,IBATIBA,ES,07/2022,256,172,"67,19",145,27,"84,30",84,"32,81",5,79,"30,86"
320250,IBIRAÇU,ES,07/2022,122,95,"77,87",75,20,"78,95",27,"22,13",5,22,"18,03"
320250,IBIRAÇU,ES,09/2022,130,98,"75,38",77,21,"78,57",32,"24,62",2,30,"23,08"
320250,IBIRAÇU,ES,11/2022,122,94,"77,05",78,16,"82,98",28,"22,95",3,25,"20,49"
320255,IBITIRAMA,ES,11/2022,235,177,"75,32",162,15,"91,53",58,"24,68",2,56,"23,83"
320255,IBITIRAMA,ES,09/2022,231,180,"77,92",174,6,"96,67",51,"22,08",1,50,"21,65"
320255,IBITIRAMA,ES,07/2022,214,174,"81,31",151,23,"86,78",40,"18,69",3,37,"17,29"
320260,ICONHA,ES,07/2022,85,65,"76,47",49,16,"75,38",20,"23,53",3,17,"20,00"
320260,ICONHA,ES,09/2022,91,85,"93,41",55,30,"64,71",6,"6,59",0,6,"6,59"
320260,ICONHA,ES,11/2022,92,81,"88,04",58,23,"71,60",11,"11,96",0,11,"11,96"
320265,IRUPI,ES,11/2022,200,132,"66,00",119,13,"90,15",68,"34,00",20,48,"24,00"
320265,IRUPI,ES,09/2022,213,136,"63,85",119,17,"87,50",77,"36,15",20,57,"26,76"
320265,IRUPI,ES,07/2022,199,102,"51,26",84,18,"82,35",97,"48,74",43,54,"27,14"
320270,ITAGUAÇU,ES,07/2022,174,137,"78,74",99,38,"72,26",37,"21,26",0,37,"21,26"
320270,ITAGUAÇU,ES,09/2022,170,140,"82,35",104,36,"74,29",30,"17,65",4,26,"15,29"
320270,ITAGUAÇU,ES,11/2022,171,136,"79,53",87,49,"63,97",35,"20,47",3,32,"18,71"
320280,ITAPEMIRIM,ES,11/2022,620,332,"53,55",279,53,"84,04",288,"46,45",34,254,"40,97"
320280,ITAPEMIRIM,ES,09/2022,649,317,"48,84",265,52,"83,60",332,"51,16",20,312,"48,07"
320280,ITAPEMIRIM,ES,07/2022,589,250,"42,44",190,60,"76,00",339,"57,56",23,316,"53,65"
320290,ITARANA,ES,07/2022,85,53,"62,35",43,10,"81,13",32,"37,65",0,32,"37,65"
320290,ITARANA,ES,09/2022,91,53,"58,24",50,3,"94,34",38,"41,76",0,38,"41,76"
320290,ITARANA,ES,11/2022,88,50,"56,82",45,5,"90,00",38,"43,18",0,38,"43,18"
320300,IÚNA,ES,11/2022,365,204,"55,89",134,70,"65,69",161,"44,11",42,119,"32,60"
320300,IÚNA,ES,09/2022,369,199,"53,93",151,48,"75,88",170,"46,07",25,145,"39,30"
320300,IÚNA,ES,07/2022,390,236,"60,51",175,61,"74,15",154,"39,49",19,135,"34,62"
320305,JAGUARÉ,ES,07/2022,399,268,"67,17",226,42,"84,33",131,"32,83",27,104,"26,07"
320305,JAGUARÉ,ES,09/2022,407,282,"69,29",244,38,"86,52",125,"30,71",6,119,"29,24"
320305,JAGUARÉ,ES,11/2022,408,297,"72,79",276,21,"92,93",111,"27,21",1,110,"26,96"
320310,JERÔNIMO MONTEIRO,ES,11/2022,136,123,"90,44",94,29,"76,42",13,"9,56",1,12,"8,82"
320310,JERÔNIMO MONTEIRO,ES,09/2022,133,120,"90,23",91,29,"75,83",13,"9,77",3,10,"7,52"
320310,JERÔNIMO MONTEIRO,ES,07/2022,131,116,"88,55",104,12,"89,66",15,"11,45",2,13,"9,92"
320313,JOÃO NEIVA,ES,07/2022,125,96,"76,80",92,4,"95,83",29,"23,20",3,26,"20,80"
320313,JOÃO NEIVA,ES,09/2022,129,106,"82,17",86,20,"81,13",23,"17,83",2,21,"16,28"
320313,JOÃO NEIVA,ES,11/2022,120,102,"85,00",96,6,"94,12",18,"15,00",0,18,"15,00"
320316,LARANJA DA TERRA,ES,11/2022,123,96,"78,05",89,7,"92,71",27,"21,95",0,27,"21,95"
320316,LARANJA DA TERRA,ES,09/2022,136,108,"79,41",103,5,"95,37",28,"20,59",0,28,"20,59"
320316,LARANJA DA TERRA,ES,07/2022,133,106,"79,70",96,10,"90,57",27,"20,30",0,27,"20,30"
320320,LINHARES,ES,07/2022,1783,1057,"59,28",931,126,"88,08",726,"40,72",13,713,"39,99"
320320,LINHARES,ES,09/2022,1839,1229,"66,83",1086,143,"88,36",610,"33,17",26,584,"31,76"
320320,LINHARES,ES,11/2022,1775,1251,"70,48",1095,156,"87,53",524,"29,52",19,505,"28,45"
320330,MANTENÓPOLIS,ES,11/2022,224,151,"67,41",132,19,"87,42",73,"32,59",10,63,"28,13"
320330,MANTENÓPOLIS,ES,09/2022,215,151,"70,23",107,44,"70,86",64,"29,77",5,59,"27,44"
320330,MANTENÓPOLIS,ES,07/2022,212,117,"55,19",94,23,"80,34",95,"44,81",19,76,"35,85"
320332,MARATAÍZES,ES,07/2022,586,414,"70,65",368,46,"88,89",172,"29,35",6,166,"28,33"
320332,MARATAÍZES,ES,09/2022,652,475,"72,85",420,55,"88,42",177,"27,15",1,176,"26,99"
320332,MARATAÍZES,ES,11/2022,650,483,"74,31",423,60,"87,58",167,"25,69",4,163,"25,08"
320334,MARECHAL FLORIANO,ES,11/2022,100,66,"66,00",54,12,"81,82",34,"34,00",0,34,"34,00"
320334,MARECHAL FLORIANO,ES,09/2022,93,64,"68,82",49,15,"76,56",29,"31,18",2,27,"29,03"
320334,MARECHAL FLORIANO,ES,07/2022,85,55,"64,71",41,14,"74,55",30,"35,29",2,28,"32,94"
320335,MARILÂNDIA,ES,07/2022,95,79,"83,16",63,16,"79,75",16,"16,84",0,16,"16,84"
320335,MARILÂNDIA,ES,09/2022,104,86,"82,69",76,10,"88,37",18,"17,31",0,18,"17,31"
320335,MARILÂNDIA,ES,11/2022,107,90,"84,11",67,23,"74,44",17,"15,89",0,17,"15,89"
320340,MIMOSO DO SUL,ES,11/2022,400,349,"87,25",265,84,"75,93",51,"12,75",1,50,"12,50"
320340,MIMOSO DO SUL,ES,09/2022,402,384,"95,52",263,121,"68,49",18,"4,48",2,16,"3,98"
320340,MIMOSO DO SUL,ES,07/2022,381,302,"79,27",225,77,"74,50",79,"20,73",14,65,"17,06"
320350,MONTANHA,ES,07/2022,302,246,"81,46",166,80,"67,48",56,"18,54",0,56,"18,54"
320350,MONTANHA,ES,09/2022,324,269,"83,02",194,75,"72,12",55,"16,98",0,55,"16,98"
320350,MONTANHA,ES,11/2022,309,273,"88,35",199,74,"72,89",36,"11,65",0,36,"11,65"
320360,MUCURICI,ES,11/2022,84,62,"73,81",49,13,"79,03",22,"26,19",0,22,"26,19"
320360,MUCURICI,ES,09/2022,77,50,"64,94",35,15,"70,00",27,"35,06",0,27,"35,06"
320360,MUCURICI,ES,07/2022,81,56,"69,14",39,17,"69,64",25,"30,86",0,25,"30,86"
320370,MUNIZ FREIRE,ES,07/2022,223,140,"62,78",122,18,"87,14",83,"37,22",3,80,"35,87"
320370,MUNIZ FREIRE,ES,09/2022,217,165,"76,04",133,32,"80,61",52,"23,96",0,52,"23,96"
320370,MUNIZ FREIRE,ES,11/2022,207,142,"68,60",95,47,"66,90",65,"31,40",6,59,"28,50"
320380,MUQUI,ES,11/2022,195,172,"88,21",138,34,"80,23",23,"11,79",0,23,"11,79"
320380,MUQUI,ES,09/2022,192,166,"86,46",123,43,"74,10",26,"13,54",1,25,"13,02"
320380,MUQUI,ES,07/2022,182,154,"84,62",116,38,"75,32",28,"15,38",1,27,"14,84"
320390,NOVA VENÉCIA,ES,07/2022,531,333,"62,71",237,96,"71,17",198,"37,29",1,197,"37,10"
320390,NOVA VENÉCIA,ES,09/2022,551,338,"61,34",276,62,"81,66",213,"38,66",1,212,"38,48"
320390,NOVA VENÉCIA,ES,11/2022,511,334,"65,36",248,86,"74,25",177,"34,64",2,175,"34,25"
320400,PANCAS,ES,11/2022,247,159,"64,37",100,59,"62,89",88,"35,63",1,87,"35,22"
320400,PANCAS,ES,09/2022,255,158,"61,96",135,23,"85,44",97,"38,04",0,97,"38,04"
320400,PANCAS,ES,07/2022,252,148,"58,73",116,32,"78,38",104,"41,27",0,104,"41,27"
320405,PEDRO CANÁRIO,ES,07/2022,392,309,"78,83",309,0,"100,00",83,"21,17",2,81,"20,66"
320405,PEDRO CANÁRIO,ES,09/2022,404,292,"72,28",224,68,"76,71",112,"27,72",2,110,"27,23"
320405,PEDRO CANÁRIO,ES,11/2022,393,279,"70,99",233,46,"83,51",114,"29,01",10,104,"26,46"
320410,PINHEIROS,ES,11/2022,379,262,"69,13",215,47,"82,06",117,"30,87",0,117,"30,87"
320410,PINHEIROS,ES,09/2022,411,285,"69,34",223,62,"78,25",126,"30,66",0,126,"30,66"
320410,PINHEIROS,ES,07/2022,407,283,"69,53",215,68,"75,97",124,"30,47",1,123,"30,22"
320420,PIÚMA,ES,07/2022,178,129,"72,47",105,24,"81,40",49,"27,53",0,49,"27,53"
320420,PIÚMA,ES,09/2022,209,152,"72,73",138,14,"90,79",57,"27,27",1,56,"26,79"
320420,PIÚMA,ES,11/2022,230,166,"72,17",133,33,"80,12",64,"27,83",0,64,"27,83"
320425,PONTO BELO,ES,11/2022,125,111,"88,80",100,11,"90,09",14,"11,20",0,14,"11,20"
320425,PONTO BELO,ES,09/2022,136,113,"83,09",99,14,"87,61",23,"16,91",0,23,"16,91"
320425,PONTO BELO,ES,07/2022,127,114,"89,76",114,0,"100,00",13,"10,24",0,13,"10,24"
320430,PRESIDENTE KENNEDY,ES,07/2022,200,167,"83,50",115,52,"68,86",33,"16,50",1,32,"16,00"
320430,PRESIDENTE KENNEDY,ES,09/2022,206,170,"82,52",116,54,"68,24",36,"17,48",1,35,"16,99"
320430,PRESIDENTE KENNEDY,ES,11/2022,203,188,"92,61",115,73,"61,17",15,"7,39",0,15,"7,39"
320435,RIO BANANAL,ES,11/2022,251,236,"94,02",138,98,"58,47",15,"5,98",0,15,"5,98"
320435,RIO BANANAL,ES,09/2022,243,223,"91,77",143,80,"64,13",20,"8,23",1,19,"7,82"
320435,RIO BANANAL,ES,07/2022,214,186,"86,92",153,33,"82,26",28,"13,08",1,27,"12,62"
320440,RIO NOVO DO SUL,ES,07/2022,110,92,"83,64",82,10,"89,13",18,"16,36",0,18,"16,36"
320440,RIO NOVO DO SUL,ES,09/2022,114,90,"78,95",73,17,"81,11",24,"21,05",0,24,"21,05"
320440,RIO NOVO DO SUL,ES,11/2022,106,86,"81,13",85,1,"98,84",20,"18,87",0,20,"18,87"
320450,SANTA LEOPOLDINA,ES,11/2022,140,139,"99,29",65,74,"46,76",1,"0,71",0,1,"0,71"
320450,SANTA LEOPOLDINA,ES,09/2022,135,132,"97,78",74,58,"56,06",3,"2,22",0,3,"2,22"
320450,SANTA LEOPOLDINA,ES,07/2022,135,92,"68,15",63,29,"68,48",43,"31,85",3,40,"29,63"
320455,SANTA MARIA DE JETIBÁ,ES,07/2022,264,215,"81,44",115,100,"53,49",49,"18,56",2,47,"17,80"
320455,SANTA MARIA DE JETIBÁ,ES,09/2022,272,215,"79,04",141,74,"65,58",57,"20,96",0,57,"20,96"
320455,SANTA MARIA DE JETIBÁ,ES,11/2022,274,273,"99,64",136,137,"49,82",1,"0,36",0,1,"0,36"
320460,SANTA TERESA,ES,11/2022,180,148,"82,22",97,51,"65,54",32,"17,78",0,32,"17,78"
320460,SANTA TERESA,ES,09/2022,185,153,"82,70",102,51,"66,67",32,"17,30",0,32,"17,30"
320460,SANTA TERESA,ES,07/2022,174,128,"73,56",86,42,"67,19",46,"26,44",0,46,"26,44"
320465,SÃO DOMINGOS DO NORTE,ES,07/2022,122,100,"81,97",81,19,"81,00",22,"18,03",0,22,"18,03"
320465,SÃO DOMINGOS DO NORTE,ES,09/2022,132,101,"76,52",80,21,"79,21",31,"23,48",9,22,"16,67"
320465,SÃO DOMINGOS DO NORTE,ES,11/2022,127,87,"68,50",58,29,"66,67",40,"31,50",0,40,"31,50"
320470,SÃO GABRIEL DA PALHA,ES,11/2022,231,218,"94,37",109,109,"50,00",13,"5,63",2,11,"4,76"
320470,SÃO GABRIEL DA PALHA,ES,09/2022,227,128,"56,39",112,16,"87,50",99,"43,61",4,95,"41,85"
320470,SÃO GABRIEL DA PALHA,ES,07/2022,217,123,"56,68",113,10,"91,87",94,"43,32",3,91,"41,94"
320480,SÃO JOSÉ DO CALÇADO,ES,07/2022,148,102,"68,92",78,24,"76,47",46,"31,08",10,36,"24,32"
320480,SÃO JOSÉ DO CALÇADO,ES,09/2022,152,135,"88,82",110,25,"81,48",17,"11,18",2,15,"9,87"
320480,SÃO JOSÉ DO CALÇADO,ES,11/2022,147,117,"79,59",97,20,"82,91",30,"20,41",9,21,"14,29"
320490,SÃO MATEUS,ES,11/2022,1752,1243,"70,95",991,252,"79,73",509,"29,05",6,503,"28,71"
320490,SÃO MATEUS,ES,09/2022,1747,1210,"69,26",914,296,"75,54",537,"30,74",2,535,"30,62"
320490,SÃO MATEUS,ES,07/2022,1563,1063,"68,01",803,260,"75,54",500,"31,99",6,494,"31,61"
320495,SÃO ROQUE DO CANAÃ,ES,07/2022,86,85,"98,84",49,36,"57,65",1,"1,16",0,1,"1,16"
320495,SÃO ROQUE DO CANAÃ,ES,09/2022,93,90,"96,77",55,35,"61,11",3,"3,23",1,2,"2,15"
320495,SÃO ROQUE DO CANAÃ,ES,11/2022,84,82,"97,62",49,33,"59,76",2,"2,38",0,2,"2,38"
320500,SERRA,ES,11/2022,4886,4030,"82,48",3433,597,"85,19",856,"17,52",9,847,"17,34"
320500,SERRA,ES,09/2022,4939,3879,"78,54",3266,613,"84,20",1060,"21,46",47,1013,"20,51"
320500,SERRA,ES,07/2022,4496,3224,"71,71",2793,431,"86,63",1272,"28,29",99,1173,"26,09"
320501,SOORETAMA,ES,07/2022,399,245,"61,40",227,18,"92,65",154,"38,60",8,146,"36,59"
320501,SOORETAMA,ES,09/2022,416,297,"71,39",279,18,"93,94",119,"28,61",2,117,"28,13"
320501,SOORETAMA,ES,11/2022,389,312,"80,21",305,7,"97,76",77,"19,79",3,74,"19,02"
320503,VARGEM ALTA,ES,11/2022,187,156,"83,42",141,15,"90,38",31,"16,58",0,31,"16,58"
320503,VARGEM ALTA,ES,09/2022,178,151,"84,83",126,25,"83,44",27,"15,17",0,27,"15,17"
320503,VARGEM ALTA,ES,07/2022,173,149,"86,13",133,16,"89,26",24,"13,87",0,24,"13,87"
320506,VENDA NOVA DO IMIGRANTE,ES,07/2022,194,170,"87,63",127,43,"74,71",24,"12,37",1,23,"11,86"
320506,VENDA NOVA DO IMIGRANTE,ES,09/2022,193,185,"95,85",112,73,"60,54",8,"4,15",0,8,"4,15"
320506,VENDA NOVA DO IMIGRANTE,ES,11/2022,195,184,"94,36",108,76,"58,70",11,"5,64",1,10,"5,13"
320510,VIANA,ES,11/2022,868,647,"74,54",515,132,"79,60",221,"25,46",0,221,"25,46"
320510,VIANA,ES,09/2022,926,638,"68,90",508,130,"79,62",288,"31,10",2,286,"30,89"
320510,VIANA,ES,07/2022,819,545,"66,54",431,114,"79,08",274,"33,46",2,272,"33,21"
320515,VILA PAVÃO,ES,07/2022,120,63,"52,50",48,15,"76,19",57,"47,50",5,52,"43,33"
320515,VILA PAVÃO,ES,09/2022,131,72,"54,96",62,10,"86,11",59,"45,04",2,57,"43,51"
320515,VILA PAVÃO,ES,11/2022,125,71,"56,80",48,23,"67,61",54,"43,20",3,51,"40,80"
320517,VILA VALÉRIO,ES,11/2022,190,114,"60,00",52,62,"45,61",76,"40,00",0,76,"40,00"
320517,VILA VALÉRIO,ES,09/2022,192,119,"61,98",79,40,"66,39",73,"38,02",0,73,"38,02"
320517,VILA VALÉRIO,ES,07/2022,175,103,"58,86",75,28,"72,82",72,"41,14",2,70,"40,00"
320520,VILA VELHA,ES,07/2022,2790,1253,"44,91",1065,188,"85,00",1537,"55,09",197,1340,"48,03"
320520,VILA VELHA,ES,09/2022,3097,1558,"50,31",1304,254,"83,70",1539,"49,69",221,1318,"42,56"
320520,VILA VELHA,ES,11/2022,3102,1852,"59,70",1562,290,"84,34",1250,"40,30",144,1106,"35,65"
320530,VITÓRIA,ES,11/2022,2793,2470,"88,44",2062,408,"83,48",323,"11,56",11,312,"11,17"
320530,VITÓRIA,ES,09/2022,2748,2336,"85,01",1945,391,"83,26",412,"14,99",175,237,"8,62"
320530,VITÓRIA,ES,07/2022,2373,1722,"72,57",1380,342,"80,14",651,"27,43",316,335,"14,12"
520005,ABADIA DE GOIÁS,GO,07/2022,223,85,"38,12",85,0,"100,00",138,"61,88",3,135,"60,54"
520005,ABADIA DE GOIÁS,GO,09/2022,275,135,"49,09",135,0,"100,00",140,"50,91",2,138,"50,18"
520005,ABADIA DE GOIÁS,GO,11/2022,284,132,"46,48",129,3,"97,73",152,"53,52",1,151,"53,17"
520010,ABADIÂNIA,GO,11/2022,193,158,"81,87",155,3,"98,10",35,"18,13",0,35,"18,13"
520010,ABADIÂNIA,GO,09/2022,168,16,"9,52",14,2,"87,50",152,"90,48",113,39,"23,21"
520010,ABADIÂNIA,GO,07/2022,167,131,"78,44",131,0,"100,00",36,"21,56",1,35,"20,96"
520013,ACREÚNA,GO,07/2022,215,141,"65,58",127,14,"90,07",74,"34,42",0,74,"34,42"
520013,ACREÚNA,GO,09/2022,219,115,"52,51",91,24,"79,13",104,"47,49",13,91,"41,55"
520013,ACREÚNA,GO,11/2022,225,137,"60,89",118,19,"86,13",88,"39,11",4,84,"37,33"
520015,ADELÂNDIA,GO,11/2022,29,24,"82,76",24,0,"100,00",5,"17,24",0,5,"17,24"
520015,ADELÂNDIA,GO,09/2022,30,21,"70,00",20,1,"95,24",9,"30,00",1,8,"26,67"
520015,ADELÂNDIA,GO,07/2022,32,28,"87,50",28,0,"100,00",4,"12,50",0,4,"12,50"
520017,ÁGUA FRIA DE GOIÁS,GO,07/2022,75,38,"50,67",38,0,"100,00",37,"49,33",9,28,"37,33"
520017,ÁGUA FRIA DE GOIÁS,GO,09/2022,76,37,"48,68",34,3,"91,89",39,"51,32",6,33,"43,42"
520017,ÁGUA FRIA DE GOIÁS,GO,11/2022,66,38,"57,58",38,0,"100,00",28,"42,42",1,27,"40,91"
520020,ÁGUA LIMPA,GO,11/2022,22,20,"90,91",19,1,"95,00",2,"9,09",0,2,"9,09"
520020,ÁGUA LIMPA,GO,09/2022,23,17,"73,91",11,6,"64,71",6,"26,09",1,5,"21,74"
520020,ÁGUA LIMPA,GO,07/2022,21,12,"57,14",10,2,"83,33",9,"42,86",5,4,"19,05"
520025,ÁGUAS LINDAS DE GOIÁS,GO,07/2022,3898,3367,"86,38",3366,1,"99,97",531,"13,62",36,495,"12,70"
520025,ÁGUAS LINDAS DE GOIÁS,GO,09/2022,4266,3738,"87,62",3737,1,"99,97",528,"12,38",58,470,"11,02"
520025,ÁGUAS LINDAS DE GOIÁS,GO,11/2022,4220,3745,"88,74",3745,0,"100,00",475,"11,26",27,448,"10,62"
520030,ALEXÂNIA,GO,11/2022,610,519,"85,08",519,0,"100,00",91,"14,92",1,90,"14,75"
520030,ALEXÂNIA,GO,09/2022,603,509,"84,41",509,0,"100,00",94,"15,59",4,90,"14,93"
520030,ALEXÂNIA,GO,07/2022,540,462,"85,56",462,0,"100,00",78,"14,44",3,75,"13,89"
520050,ALOÂNDIA,GO,07/2022,21,16,"76,19",16,0,"100,00",5,"23,81",3,2,"9,52"
520050,ALOÂNDIA,GO,09/2022,24,18,"75,00",17,1,"94,44",6,"25,00",5,1,"4,17"
520050,ALOÂNDIA,GO,11/2022,23,21,"91,30",12,9,"57,14",2,"8,70",2,0,"0,00"
520055,ALTO HORIZONTE,GO,11/2022,60,40,"66,67",32,8,"80,00",20,"33,33",0,20,"33,33"
520055,ALTO HORIZONTE,GO,09/2022,65,47,"72,31",41,6,"87,23",18,"27,69",0,18,"27,69"
520055,ALTO HORIZONTE,GO,07/2022,60,41,"68,33",38,3,"92,68",19,"31,67",0,19,"31,67"
520060,ALTO PARAÍSO DE GOIÁS,GO,07/2022,93,53,"56,99",48,5,"90,57",40,"43,01",9,31,"33,33"
520060,ALTO PARAÍSO DE GOIÁS,GO,09/2022,93,70,"75,27",51,19,"72,86",23,"24,73",3,20,"21,51"
520060,ALTO PARAÍSO DE GOIÁS,GO,11/2022,83,62,"74,70",51,11,"82,26",21,"25,30",2,19,"22,89"
520080,ALVORADA DO NORTE,GO,11/2022,217,212,"97,70",212,0,"100,00",5,"2,30",1,4,"1,84"
520080,ALVORADA DO NORTE,GO,09/2022,219,210,"95,89",210,0,"100,00",9,"4,11",0,9,"4,11"
520080,ALVORADA DO NORTE,GO,07/2022,210,201,"95,71",201,0,"100,00",9,"4,29",1,8,"3,81"
520082,AMARALINA,GO,07/2022,61,49,"80,33",48,1,"97,96",12,"19,67",0,12,"19,67"
520082,AMARALINA,GO,09/2022,66,53,"80,30",52,1,"98,11",13,"19,70",0,13,"19,70"
520082,AMARALINA,GO,11/2022,67,57,"85,07",57,0,"100,00",10,"14,93",0,10,"14,93"
520085,AMERICANO DO BRASIL,GO,11/2022,69,60,"86,96",60,0,"100,00",9,"13,04",1,8,"11,59"
520085,AMERICANO DO BRASIL,GO,09/2022,61,52,"85,25",52,0,"100,00",9,"14,75",0,9,"14,75"
520085,AMERICANO DO BRASIL,GO,07/2022,58,52,"89,66",52,0,"100,00",6,"10,34",0,6,"10,34"
520090,AMORINÓPOLIS,GO,07/2022,43,21,"48,84",21,0,"100,00",22,"51,16",1,21,"48,84"
520090,AMORINÓPOLIS,GO,09/2022,48,22,"45,83",22,0,"100,00",26,"54,17",1,25,"52,08"
520090,AMORINÓPOLIS,GO,11/2022,43,38,"88,37",38,0,"100,00",5,"11,63",1,4,"9,30"
520110,ANÁPOLIS,GO,11/2022,2346,1671,"71,23",1588,83,"95,03",675,"28,77",156,519,"22,12"
520110,ANÁPOLIS,GO,09/2022,2353,1547,"65,75",1445,102,"93,41",806,"34,25",265,541,"22,99"
520110,ANÁPOLIS,GO,07/2022,2260,1565,"69,25",1552,13,"99,17",695,"30,75",66,629,"27,83"
520120,ANHANGUERA,GO,07/2022,12,6,"50,00",6,0,"100,00",6,"50,00",0,6,"50,00"
520120,ANHANGUERA,GO,09/2022,14,6,"42,86",6,0,"100,00",8,"57,14",1,7,"50,00"
520120,ANHANGUERA,GO,11/2022,12,6,"50,00",6,0,"100,00",6,"50,00",0,6,"50,00"
520130,ANICUNS,GO,11/2022,239,205,"85,77",202,3,"98,54",34,"14,23",2,32,"13,39"
520130,ANICUNS,GO,09/2022,263,232,"88,21",230,2,"99,14",31,"11,79",0,31,"11,79"
520130,ANICUNS,GO,07/2022,239,206,"86,19",192,14,"93,20",33,"13,81",5,28,"11,72"
520140,APARECIDA DE GOIÂNIA,GO,07/2022,3246,2419,"74,52",2419,0,"100,00",827,"25,48",287,540,"16,64"
520140,APARECIDA DE GOIÂNIA,GO,09/2022,3602,2982,"82,79",2981,1,"99,97",620,"17,21",4,616,"17,10"
520140,APARECIDA DE GOIÂNIA,GO,11/2022,3621,3004,"82,96",3004,0,"100,00",617,"17,04",6,611,"16,87"
520145,APARECIDA DO RIO DOCE,GO,11/2022,27,16,"59,26",16,0,"100,00",11,"40,74",0,11,"40,74"
520145,APARECIDA DO RIO DOCE,GO,09/2022,29,18,"62,07",18,0,"100,00",11,"37,93",0,11,"37,93"
520145,APARECIDA DO RIO DOCE,GO,07/2022,31,19,"61,29",18,1,"94,74",12,"38,71",1,11,"35,48"
520150,APORÉ,GO,07/2022,41,34,"82,93",34,0,"100,00",7,"17,07",3,4,"9,76"
520150,APORÉ,GO,09/2022,51,42,"82,35",38,4,"90,48",9,"17,65",1,8,"15,69"
520150,APORÉ,GO,11/2022,46,34,"73,91",32,2,"94,12",12,"26,09",1,11,"23,91"
520160,ARAÇU,GO,11/2022,36,30,"83,33",30,0,"100,00",6,"16,67",0,6,"16,67"
520160,ARAÇU,GO,09/2022,37,30,"81,08",30,0,"100,00",7,"18,92",0,7,"18,92"
520160,ARAÇU,GO,07/2022,35,28,"80,00",27,1,"96,43",7,"20,00",0,7,"20,00"
520170,ARAGARÇAS,GO,07/2022,224,155,"69,20",137,18,"88,39",69,"30,80",4,65,"29,02"
520170,ARAGARÇAS,GO,09/2022,255,170,"66,67",148,22,"87,06",85,"33,33",15,70,"27,45"
520170,ARAGARÇAS,GO,11/2022,241,187,"77,59",162,25,"86,63",54,"22,41",3,51,"21,16"
520180,ARAGOIÂNIA,GO,11/2022,234,109,"46,58",87,22,"79,82",125,"53,42",56,69,"29,49"
520180,ARAGOIÂNIA,GO,09/2022,232,125,"53,88",87,38,"69,60",107,"46,12",74,33,"14,22"
520180,ARAGOIÂNIA,GO,07/2022,200,80,"40,00",79,1,"98,75",120,"60,00",98,22,"11,00"
520215,ARAGUAPAZ,GO,07/2022,97,62,"63,92",58,4,"93,55",35,"36,08",4,31,"31,96"
520215,ARAGUAPAZ,GO,09/2022,107,69,"64,49",69,0,"100,00",38,"35,51",5,33,"30,84"
520215,ARAGUAPAZ,GO,11/2022,114,82,"71,93",82,0,"100,00",32,"28,07",0,32,"28,07"
520235,ARENÓPOLIS,GO,11/2022,32,28,"87,50",20,8,"71,43",4,"12,50",1,3,"9,38"
520235,ARENÓPOLIS,GO,09/2022,36,24,"66,67",15,9,"62,50",12,"33,33",3,9,"25,00"
520235,ARENÓPOLIS,GO,07/2022,40,23,"57,50",20,3,"86,96",17,"42,50",0,17,"42,50"
520250,ARUANÃ,GO,07/2022,124,110,"88,71",110,0,"100,00",14,"11,29",0,14,"11,29"
520250,ARUANÃ,GO,09/2022,151,122,"80,79",122,0,"100,00",29,"19,21",5,24,"15,89"
520250,ARUANÃ,GO,11/2022,152,123,"80,92",123,0,"100,00",29,"19,08",5,24,"15,79"
520260,AURILÂNDIA,GO,11/2022,25,18,"72,00",17,1,"94,44",7,"28,00",0,7,"28,00"
520260,AURILÂNDIA,GO,09/2022,27,17,"62,96",16,1,"94,12",10,"37,04",1,9,"33,33"
520260,AURILÂNDIA,GO,07/2022,31,21,"67,74",18,3,"85,71",10,"32,26",0,10,"32,26"
520280,AVELINÓPOLIS,GO,07/2022,45,37,"82,22",37,0,"100,00",8,"17,78",0,8,"17,78"
520280,AVELINÓPOLIS,GO,09/2022,48,39,"81,25",39,0,"100,00",9,"18,75",0,9,"18,75"
520280,AVELINÓPOLIS,GO,11/2022,41,33,"80,49",33,0,"100,00",8,"19,51",0,8,"19,51"
520310,BALIZA,GO,11/2022,64,56,"87,50",56,0,"100,00",8,"12,50",1,7,"10,94"
520310,BALIZA,GO,09/2022,61,53,"86,89",53,0,"100,00",8,"13,11",1,7,"11,48"
520310,BALIZA,GO,07/2022,55,48,"87,27",48,0,"100,00",7,"12,73",1,6,"10,91"
520320,BARRO ALTO,GO,07/2022,141,106,"75,18",106,0,"100,00",35,"24,82",3,32,"22,70"
520320,BARRO ALTO,GO,09/2022,161,121,"75,16",121,0,"100,00",40,"24,84",3,37,"22,98"
520320,BARRO ALTO,GO,11/2022,144,104,"72,22",104,0,"100,00",40,"27,78",0,40,"27,78"
520330,BELA VISTA DE GOIÁS,GO,11/2022,354,254,"71,75",218,36,"85,83",100,"28,25",1,99,"27,97"
520330,BELA VISTA DE GOIÁS,GO,09/2022,348,239,"68,68",196,43,"82,01",109,"31,32",3,106,"30,46"
520330,BELA VISTA DE GOIÁS,GO,07/2022,316,199,"62,97",194,5,"97,49",117,"37,03",0,117,"37,03"
520340,BOM JARDIM DE GOIÁS,GO,07/2022,130,85,"65,38",82,3,"96,47",45,"34,62",1,44,"33,85"
520340,BOM JARDIM DE GOIÁS,GO,09/2022,125,121,"96,80",119,2,"98,35",4,"3,20",0,4,"3,20"
520340,BOM JARDIM DE GOIÁS,GO,11/2022,112,93,"83,04",93,0,"100,00",19,"16,96",11,8,"7,14"
520350,BOM JESUS DE GOIÁS,GO,11/2022,225,194,"86,22",174,20,"89,69",31,"13,78",1,30,"13,33"
520350,BOM JESUS DE GOIÁS,GO,09/2022,219,197,"89,95",158,39,"80,20",22,"10,05",0,22,"10,05"
520350,BOM JESUS DE GOIÁS,GO,07/2022,210,167,"79,52",141,26,"84,43",43,"20,48",0,43,"20,48"
520355,BONFINÓPOLIS,GO,07/2022,116,103,"88,79",103,0,"100,00",13,"11,21",0,13,"11,21"
520355,BONFINÓPOLIS,GO,09/2022,126,110,"87,30",110,0,"100,00",16,"12,70",1,15,"11,90"
520355,BONFINÓPOLIS,GO,11/2022,119,103,"86,55",103,0,"100,00",16,"13,45",1,15,"12,61"
520357,BONÓPOLIS,GO,11/2022,65,50,"76,92",45,5,"90,00",15,"23,08",0,15,"23,08"
520357,BONÓPOLIS,GO,09/2022,64,48,"75,00",47,1,"97,92",16,"25,00",0,16,"25,00"
520357,BONÓPOLIS,GO,07/2022,61,45,"73,77",45,0,"100,00",16,"26,23",6,10,"16,39"
520360,BRAZABRANTES,GO,07/2022,41,28,"68,29",28,0,"100,00",13,"31,71",1,12,"29,27"
520360,BRAZABRANTES,GO,09/2022,48,32,"66,67",32,0,"100,00",16,"33,33",1,15,"31,25"
520360,BRAZABRANTES,GO,11/2022,45,31,"68,89",31,0,"100,00",14,"31,11",1,13,"28,89"
520380,BRITÂNIA,GO,11/2022,84,56,"66,67",56,0,"100,00",28,"33,33",0,28,"33,33"
520380,BRITÂNIA,GO,09/2022,90,64,"71,11",64,0,"100,00",26,"28,89",0,26,"28,89"
520380,BRITÂNIA,GO,07/2022,84,61,"72,62",61,0,"100,00",23,"27,38",0,23,"27,38"
520390,BURITI ALEGRE,GO,07/2022,62,12,"19,35",12,0,"100,00",50,"80,65",27,23,"37,10"
520390,BURITI ALEGRE,GO,09/2022,67,32,"47,76",11,21,"34,38",35,"52,24",13,22,"32,84"
520390,BURITI ALEGRE,GO,11/2022,59,33,"55,93",18,15,"54,55",26,"44,07",19,7,"11,86"
520393,BURITI DE GOIÁS,GO,11/2022,21,20,"95,24",12,8,"60,00",1,"4,76",1,0,"0,00"
520393,BURITI DE GOIÁS,GO,09/2022,27,25,"92,59",18,7,"72,00",2,"7,41",0,2,"7,41"
520393,BURITI DE GOIÁS,GO,07/2022,25,23,"92,00",17,6,"73,91",2,"8,00",0,2,"8,00"
520396,BURITINÓPOLIS,GO,07/2022,69,54,"78,26",54,0,"100,00",15,"21,74",1,14,"20,29"
520396,BURITINÓPOLIS,GO,09/2022,72,55,"76,39",55,0,"100,00",17,"23,61",1,16,"22,22"
520396,BURITINÓPOLIS,GO,11/2022,67,50,"74,63",50,0,"100,00",17,"25,37",1,16,"23,88"
520400,CABECEIRAS,GO,11/2022,152,136,"89,47",136,0,"100,00",16,"10,53",1,15,"9,87"
520400,CABECEIRAS,GO,09/2022,158,141,"89,24",140,1,"99,29",17,"10,76",0,17,"10,76"
520400,CABECEIRAS,GO,07/2022,155,132,"85,16",132,0,"100,00",23,"14,84",6,17,"10,97"
520410,CACHOEIRA ALTA,GO,07/2022,105,78,"74,29",78,0,"100,00",27,"25,71",5,22,"20,95"
520410,CACHOEIRA ALTA,GO,09/2022,124,80,"64,52",80,0,"100,00",44,"35,48",2,42,"33,87"
520410,CACHOEIRA ALTA,GO,11/2022,129,84,"65,12",84,0,"100,00",45,"34,88",1,44,"34,11"
520420,CACHOEIRA DE GOIÁS,GO,11/2022,21,0,"0,00",0,0,,21,"100,00",17,4,"19,05"
520420,CACHOEIRA DE GOIÁS,GO,09/2022,21,0,"0,00",0,0,,21,"100,00",18,3,"14,29"
520420,CACHOEIRA DE GOIÁS,GO,07/2022,19,0,"0,00",0,0,,19,"100,00",17,2,"10,53"
520425,CACHOEIRA DOURADA,GO,07/2022,75,64,"85,33",46,18,"71,88",11,"14,67",4,7,"9,33"
520425,CACHOEIRA DOURADA,GO,09/2022,73,51,"69,86",42,9,"82,35",22,"30,14",3,19,"26,03"
520425,CACHOEIRA DOURADA,GO,11/2022,77,65,"84,42",61,4,"93,85",12,"15,58",0,12,"15,58"
520430,CAÇU,GO,11/2022,71,64,"90,14",57,7,"89,06",7,"9,86",0,7,"9,86"
520430,CAÇU,GO,09/2022,68,58,"85,29",47,11,"81,03",10,"14,71",0,10,"14,71"
520430,CAÇU,GO,07/2022,71,60,"84,51",60,0,"100,00",11,"15,49",0,11,"15,49"
520440,CAIAPÔNIA,GO,07/2022,109,60,"55,05",60,0,"100,00",49,"44,95",5,44,"40,37"
520440,CAIAPÔNIA,GO,09/2022,108,76,"70,37",73,3,"96,05",32,"29,63",2,30,"27,78"
520440,CAIAPÔNIA,GO,11/2022,106,82,"77,36",78,4,"95,12",24,"22,64",0,24,"22,64"
520450,CALDAS NOVAS,GO,11/2022,769,752,"97,79",606,146,"80,59",17,"2,21",5,12,"1,56"
520450,CALDAS NOVAS,GO,09/2022,769,674,"87,65",573,101,"85,01",95,"12,35",5,90,"11,70"
520450,CALDAS NOVAS,GO,07/2022,707,652,"92,22",514,138,"78,83",55,"7,78",5,50,"7,07"
520455,CALDAZINHA,GO,07/2022,56,40,"71,43",40,0,"100,00",16,"28,57",0,16,"28,57"
520455,CALDAZINHA,GO,09/2022,50,30,"60,00",25,5,"83,33",20,"40,00",2,18,"36,00"
520455,CALDAZINHA,GO,11/2022,54,32,"59,26",23,9,"71,88",22,"40,74",1,21,"38,89"
520460,CAMPESTRE DE GOIÁS,GO,11/2022,74,53,"71,62",52,1,"98,11",21,"28,38",10,11,"14,86"
520460,CAMPESTRE DE GOIÁS,GO,09/2022,77,44,"57,14",39,5,"88,64",33,"42,86",13,20,"25,97"
520460,CAMPESTRE DE GOIÁS,GO,07/2022,64,51,"79,69",49,2,"96,08",13,"20,31",0,13,"20,31"
520465,CAMPINAÇU,GO,07/2022,64,52,"81,25",52,0,"100,00",12,"18,75",4,8,"12,50"
520465,CAMPINAÇU,GO,09/2022,64,51,"79,69",50,1,"98,04",13,"20,31",5,8,"12,50"
520465,CAMPINAÇU,GO,11/2022,67,56,"83,58",55,1,"98,21",11,"16,42",3,8,"11,94"
520470,CAMPINORTE,GO,11/2022,205,186,"90,73",186,0,"100,00",19,"9,27",0,19,"9,27"
520470,CAMPINORTE,GO,09/2022,219,199,"90,87",199,0,"100,00",20,"9,13",1,19,"8,68"
520470,CAMPINORTE,GO,07/2022,195,170,"87,18",167,3,"98,24",25,"12,82",10,15,"7,69"
520480,CAMPO ALEGRE DE GOIÁS,GO,07/2022,66,33,"50,00",33,0,"100,00",33,"50,00",1,32,"48,48"
520480,CAMPO ALEGRE DE GOIÁS,GO,09/2022,76,40,"52,63",40,0,"100,00",36,"47,37",1,35,"46,05"
520480,CAMPO ALEGRE DE GOIÁS,GO,11/2022,78,47,"60,26",47,0,"100,00",31,"39,74",1,30,"38,46"
520485,CAMPO LIMPO DE GOIÁS,GO,11/2022,144,134,"93,06",134,0,"100,00",10,"6,94",0,10,"6,94"
520485,CAMPO LIMPO DE GOIÁS,GO,09/2022,149,138,"92,62",138,0,"100,00",11,"7,38",0,11,"7,38"
520485,CAMPO LIMPO DE GOIÁS,GO,07/2022,141,130,"92,20",130,0,"100,00",11,"7,80",0,11,"7,80"
520490,CAMPOS BELOS,GO,07/2022,434,365,"84,10",362,3,"99,18",69,"15,90",11,58,"13,36"
520490,CAMPOS BELOS,GO,09/2022,447,214,"47,87",176,38,"82,24",233,"52,13",50,183,"40,94"
520490,CAMPOS BELOS,GO,11/2022,446,290,"65,02",267,23,"92,07",156,"34,98",35,121,"27,13"
520495,CAMPOS VERDES,GO,11/2022,94,83,"88,30",83,0,"100,00",11,"11,70",1,10,"10,64"
520495,CAMPOS VERDES,GO,09/2022,96,89,"92,71",89,0,"100,00",7,"7,29",1,6,"6,25"
520495,CAMPOS VERDES,GO,07/2022,95,88,"92,63",88,0,"100,00",7,"7,37",3,4,"4,21"
520500,CARMO DO RIO VERDE,GO,07/2022,86,59,"68,60",58,1,"98,31",27,"31,40",0,27,"31,40"
520500,CARMO DO RIO VERDE,GO,09/2022,88,55,"62,50",55,0,"100,00",33,"37,50",1,32,"36,36"
520500,CARMO DO RIO VERDE,GO,11/2022,83,63,"75,90",62,1,"98,41",20,"24,10",2,18,"21,69"
520505,CASTELÂNDIA,GO,11/2022,69,41,"59,42",30,11,"73,17",28,"40,58",1,27,"39,13"
520505,CASTELÂNDIA,GO,09/2022,61,35,"57,38",35,0,"100,00",26,"42,62",1,25,"40,98"
520505,CASTELÂNDIA,GO,07/2022,59,35,"59,32",33,2,"94,29",24,"40,68",1,23,"38,98"
520510,CATALÃO,GO,07/2022,574,320,"55,75",318,2,"99,38",254,"44,25",3,251,"43,73"
520510,CATALÃO,GO,09/2022,654,469,"71,71",441,28,"94,03",185,"28,29",8,177,"27,06"
520510,CATALÃO,GO,11/2022,674,478,"70,92",455,23,"95,19",196,"29,08",1,195,"28,93"
520520,CATURAÍ,GO,11/2022,66,46,"69,70",33,13,"71,74",20,"30,30",1,19,"28,79"
520520,CATURAÍ,GO,09/2022,73,51,"69,86",45,6,"88,24",22,"30,14",0,22,"30,14"
520520,CATURAÍ,GO,07/2022,71,54,"76,06",50,4,"92,59",17,"23,94",1,16,"22,54"
520530,CAVALCANTE,GO,07/2022,225,108,"48,00",108,0,"100,00",117,"52,00",87,30,"13,33"
520530,CAVALCANTE,GO,09/2022,236,204,"86,44",204,0,"100,00",32,"13,56",2,30,"12,71"
520530,CAVALCANTE,GO,11/2022,236,203,"86,02",203,0,"100,00",33,"13,98",1,32,"13,56"
520540,CERES,GO,11/2022,196,162,"82,65",162,0,"100,00",34,"17,35",1,33,"16,84"
520540,CERES,GO,09/2022,189,137,"72,49",132,5,"96,35",52,"27,51",0,52,"27,51"
520540,CERES,GO,07/2022,158,124,"78,48",118,6,"95,16",34,"21,52",0,34,"21,52"
520545,CEZARINA,GO,07/2022,70,62,"88,57",59,3,"95,16",8,"11,43",0,8,"11,43"
520545,CEZARINA,GO,09/2022,73,0,"0,00",0,0,,73,"100,00",59,14,"19,18"
520545,CEZARINA,GO,11/2022,78,62,"79,49",40,22,"64,52",16,"20,51",0,16,"20,51"
520547,CHAPADÃO DO CÉU,GO,11/2022,81,58,"71,60",58,0,"100,00",23,"28,40",0,23,"28,40"
520547,CHAPADÃO DO CÉU,GO,09/2022,80,55,"68,75",54,1,"98,18",25,"31,25",1,24,"30,00"
520547,CHAPADÃO DO CÉU,GO,07/2022,66,44,"66,67",44,0,"100,00",22,"33,33",1,21,"31,82"
520549,CIDADE OCIDENTAL,GO,07/2022,1223,946,"77,35",927,19,"97,99",277,"22,65",49,228,"18,64"
520549,CIDADE OCIDENTAL,GO,09/2022,1351,1122,"83,05",1073,49,"95,63",229,"16,95",45,184,"13,62"
520549,CIDADE OCIDENTAL,GO,11/2022,1373,1135,"82,67",1083,52,"95,42",238,"17,33",43,195,"14,20"
520551,COCALZINHO DE GOIÁS,GO,11/2022,496,450,"90,73",448,2,"99,56",46,"9,27",0,46,"9,27"
520551,COCALZINHO DE GOIÁS,GO,09/2022,508,444,"87,40",441,3,"99,32",64,"12,60",1,63,"12,40"
520551,COCALZINHO DE GOIÁS,GO,07/2022,460,396,"86,09",396,0,"100,00",64,"13,91",2,62,"13,48"
520552,COLINAS DO SUL,GO,07/2022,75,38,"50,67",36,2,"94,74",37,"49,33",20,17,"22,67"
520552,COLINAS DO SUL,GO,09/2022,79,42,"53,16",41,1,"97,62",37,"46,84",15,22,"27,85"
520552,COLINAS DO SUL,GO,11/2022,79,48,"60,76",45,3,"93,75",31,"39,24",4,27,"34,18"
520570,CÓRREGO DO OURO,GO,11/2022,27,25,"92,59",25,0,"100,00",2,"7,41",0,2,"7,41"
520570,CÓRREGO DO OURO,GO,09/2022,29,27,"93,10",27,0,"100,00",2,"6,90",0,2,"6,90"
520570,CÓRREGO DO OURO,GO,07/2022,29,27,"93,10",27,0,"100,00",2,"6,90",0,2,"6,90"
520580,CORUMBÁ DE GOIÁS,GO,07/2022,153,108,"70,59",106,2,"98,15",45,"29,41",1,44,"28,76"
520580,CORUMBÁ DE GOIÁS,GO,09/2022,163,127,"77,91",127,0,"100,00",36,"22,09",1,35,"21,47"
520580,CORUMBÁ DE GOIÁS,GO,11/2022,156,128,"82,05",128,0,"100,00",28,"17,95",0,28,"17,95"
520590,CORUMBAÍBA,GO,11/2022,73,23,"31,51",23,0,"100,00",50,"68,49",15,35,"47,95"
520590,CORUMBAÍBA,GO,09/2022,79,30,"37,97",30,0,"100,00",49,"62,03",16,33,"41,77"
520590,CORUMBAÍBA,GO,07/2022,79,33,"41,77",30,3,"90,91",46,"58,23",23,23,"29,11"
520620,CRISTALINA,GO,07/2022,792,555,"70,08",414,141,"74,59",237,"29,92",75,162,"20,45"
520620,CRISTALINA,GO,09/2022,858,624,"72,73",458,166,"73,40",234,"27,27",44,190,"22,14"
520620,CRISTALINA,GO,11/2022,827,611,"73,88",512,99,"83,80",216,"26,12",38,178,"21,52"
520630,CRISTIANÓPOLIS,GO,11/2022,53,47,"88,68",40,7,"85,11",6,"11,32",1,5,"9,43"
520630,CRISTIANÓPOLIS,GO,09/2022,49,42,"85,71",35,7,"83,33",7,"14,29",2,5,"10,20"
520630,CRISTIANÓPOLIS,GO,07/2022,44,36,"81,82",34,2,"94,44",8,"18,18",3,5,"11,36"
520640,CRIXÁS,GO,07/2022,148,43,"29,05",43,0,"100,00",105,"70,95",73,32,"21,62"
520640,CRIXÁS,GO,09/2022,155,112,"72,26",112,0,"100,00",43,"27,74",5,38,"24,52"
520640,CRIXÁS,GO,11/2022,135,110,"81,48",110,0,"100,00",25,"18,52",1,24,"17,78"
520650,CROMÍNIA,GO,11/2022,65,52,"80,00",50,2,"96,15",13,"20,00",1,12,"18,46"
520650,CROMÍNIA,GO,09/2022,65,48,"73,85",46,2,"95,83",17,"26,15",1,16,"24,62"
520650,CROMÍNIA,GO,07/2022,57,41,"71,93",39,2,"95,12",16,"28,07",2,14,"24,56"
520660,CUMARI,GO,07/2022,21,19,"90,48",17,2,"89,47",2,"9,52",0,2,"9,52"
520660,CUMARI,GO,09/2022,24,22,"91,67",18,4,"81,82",2,"8,33",0,2,"8,33"
520660,CUMARI,GO,11/2022,26,22,"84,62",20,2,"90,91",4,"15,38",0,4,"15,38"
520670,DAMIANÓPOLIS,GO,11/2022,71,66,"92,96",66,0,"100,00",5,"7,04",0,5,"7,04"
520670,DAMIANÓPOLIS,GO,09/2022,91,83,"91,21",82,1,"98,80",8,"8,79",0,8,"8,79"
520670,DAMIANÓPOLIS,GO,07/2022,82,65,"79,27",54,11,"83,08",17,"20,73",11,6,"7,32"
520680,DAMOLÂNDIA,GO,07/2022,41,25,"60,98",23,2,"92,00",16,"39,02",0,16,"39,02"
520680,DAMOLÂNDIA,GO,09/2022,42,28,"66,67",21,7,"75,00",14,"33,33",0,14,"33,33"
520680,DAMOLÂNDIA,GO,11/2022,43,25,"58,14",21,4,"84,00",18,"41,86",0,18,"41,86"
520690,DAVINÓPOLIS,GO,11/2022,22,16,"72,73",15,1,"93,75",6,"27,27",0,6,"27,27"
520690,DAVINÓPOLIS,GO,09/2022,15,10,"66,67",9,1,"90,00",5,"33,33",0,5,"33,33"
520690,DAVINÓPOLIS,GO,07/2022,14,11,"78,57",11,0,"100,00",3,"21,43",0,3,"21,43"
520710,DIORAMA,GO,07/2022,12,10,"83,33",10,0,"100,00",2,"16,67",0,2,"16,67"
520710,DIORAMA,GO,09/2022,15,13,"86,67",11,2,"84,62",2,"13,33",0,2,"13,33"
520710,DIORAMA,GO,11/2022,17,15,"88,24",13,2,"86,67",2,"11,76",0,2,"11,76"
520725,DOVERLÂNDIA,GO,11/2022,76,48,"63,16",44,4,"91,67",28,"36,84",7,21,"27,63"
520725,DOVERLÂNDIA,GO,09/2022,79,52,"65,82",45,7,"86,54",27,"34,18",7,20,"25,32"
520725,DOVERLÂNDIA,GO,07/2022,77,49,"63,64",42,7,"85,71",28,"36,36",7,21,"27,27"
520735,EDEALINA,GO,07/2022,40,30,"75,00",30,0,"100,00",10,"25,00",0,10,"25,00"
520735,EDEALINA,GO,09/2022,45,32,"71,11",29,3,"90,63",13,"28,89",0,13,"28,89"
520735,EDEALINA,GO,11/2022,38,31,"81,58",28,3,"90,32",7,"18,42",0,7,"18,42"
520740,EDÉIA,GO,11/2022,146,110,"75,34",97,13,"88,18",36,"24,66",0,36,"24,66"
520740,EDÉIA,GO,09/2022,135,95,"70,37",92,3,"96,84",40,"29,63",1,39,"28,89"
520740,EDÉIA,GO,07/2022,126,87,"69,05",87,0,"100,00",39,"30,95",0,39,"30,95"
520750,ESTRELA DO NORTE,GO,07/2022,42,25,"59,52",25,0,"100,00",17,"40,48",6,11,"26,19"
520750,ESTRELA DO NORTE,GO,09/2022,45,32,"71,11",31,1,"96,88",13,"28,89",2,11,"24,44"
520750,ESTRELA DO NORTE,GO,11/2022,54,41,"75,93",39,2,"95,12",13,"24,07",1,12,"22,22"
520753,FAINA,GO,11/2022,85,62,"72,94",61,1,"98,39",23,"27,06",0,23,"27,06"
520753,FAINA,GO,09/2022,102,64,"62,75",64,0,"100,00",38,"37,25",2,36,"35,29"
520753,FAINA,GO,07/2022,104,69,"66,35",63,6,"91,30",35,"33,65",3,32,"30,77"
520760,FAZENDA NOVA,GO,07/2022,100,67,"67,00",67,0,"100,00",33,"33,00",7,26,"26,00"
520760,FAZENDA NOVA,GO,09/2022,116,74,"63,79",74,0,"100,00",42,"36,21",11,31,"26,72"
520760,FAZENDA NOVA,GO,11/2022,100,64,"64,00",64,0,"100,00",36,"36,00",9,27,"27,00"
520780,FIRMINÓPOLIS,GO,11/2022,98,80,"81,63",78,2,"97,50",18,"18,37",0,18,"18,37"
520780,FIRMINÓPOLIS,GO,09/2022,96,77,"80,21",74,3,"96,10",19,"19,79",0,19,"19,79"
520780,FIRMINÓPOLIS,GO,07/2022,95,72,"75,79",71,1,"98,61",23,"24,21",0,23,"24,21"
520790,FLORES DE GOIÁS,GO,07/2022,228,117,"51,32",112,5,"95,73",111,"48,68",24,87,"38,16"
520790,FLORES DE GOIÁS,GO,09/2022,242,123,"50,83",119,4,"96,75",119,"49,17",21,98,"40,50"
520790,FLORES DE GOIÁS,GO,11/2022,243,132,"54,32",130,2,"98,48",111,"45,68",8,103,"42,39"
520800,FORMOSA,GO,11/2022,1634,1030,"63,04",993,37,"96,41",604,"36,96",56,548,"33,54"
520800,FORMOSA,GO,09/2022,1662,1154,"69,43",1145,9,"99,22",508,"30,57",46,462,"27,80"
520800,FORMOSA,GO,07/2022,1516,1001,"66,03",993,8,"99,20",515,"33,97",102,413,"27,24"
520810,FORMOSO,GO,07/2022,99,76,"76,77",67,9,"88,16",23,"23,23",1,22,"22,22"
520810,FORMOSO,GO,09/2022,97,73,"75,26",69,4,"94,52",24,"24,74",0,24,"24,74"
520810,FORMOSO,GO,11/2022,91,70,"76,92",70,0,"100,00",21,"23,08",1,20,"21,98"
520815,GAMELEIRA DE GOIÁS,GO,11/2022,48,38,"79,17",28,10,"73,68",10,"20,83",1,9,"18,75"
520815,GAMELEIRA DE GOIÁS,GO,09/2022,53,40,"75,47",34,6,"85,00",13,"24,53",0,13,"24,53"
520815,GAMELEIRA DE GOIÁS,GO,07/2022,46,36,"78,26",36,0,"100,00",10,"21,74",0,10,"21,74"
520830,DIVINÓPOLIS DE GOIÁS,GO,07/2022,145,114,"78,62",103,11,"90,35",31,"21,38",3,28,"19,31"
520830,DIVINÓPOLIS DE GOIÁS,GO,09/2022,147,116,"78,91",110,6,"94,83",31,"21,09",2,29,"19,73"
520830,DIVINÓPOLIS DE GOIÁS,GO,11/2022,143,127,"88,81",121,6,"95,28",16,"11,19",2,14,"9,79"
520840,GOIANÁPOLIS,GO,11/2022,216,123,"56,94",115,8,"93,50",93,"43,06",4,89,"41,20"
520840,GOIANÁPOLIS,GO,09/2022,224,117,"52,23",103,14,"88,03",107,"47,77",4,103,"45,98"
520840,GOIANÁPOLIS,GO,07/2022,220,106,"48,18",99,7,"93,40",114,"51,82",6,108,"49,09"
520850,GOIANDIRA,GO,07/2022,47,40,"85,11",35,5,"87,50",7,"14,89",0,7,"14,89"
520850,GOIANDIRA,GO,09/2022,48,41,"85,42",22,19,"53,66",7,"14,58",0,7,"14,58"
520850,GOIANDIRA,GO,11/2022,57,47,"82,46",27,20,"57,45",10,"17,54",0,10,"17,54"
520860,GOIANÉSIA,GO,11/2022,631,507,"80,35",425,82,"83,83",124,"19,65",5,119,"18,86"
520860,GOIANÉSIA,GO,09/2022,681,515,"75,62",445,70,"86,41",166,"24,38",20,146,"21,44"
520860,GOIANÉSIA,GO,07/2022,570,447,"78,42",425,22,"95,08",123,"21,58",36,87,"15,26"
520870,GOIÂNIA,GO,07/2022,6840,3029,"44,28",2991,38,"98,75",3811,"55,72",19,3792,"55,44"
520870,GOIÂNIA,GO,09/2022,7428,4409,"59,36",4237,172,"96,10",3019,"40,64",18,3001,"40,40"
520870,GOIÂNIA,GO,11/2022,7591,5167,"68,07",5060,107,"97,93",2424,"31,93",15,2409,"31,73"
520880,GOIANIRA,GO,11/2022,645,469,"72,71",454,15,"96,80",176,"27,29",5,171,"26,51"
520880,GOIANIRA,GO,09/2022,630,436,"69,21",430,6,"98,62",194,"30,79",2,192,"30,48"
520880,GOIANIRA,GO,07/2022,536,371,"69,22",357,14,"96,23",165,"30,78",4,161,"30,04"
520890,GOIÁS,GO,07/2022,254,214,"84,25",214,0,"100,00",40,"15,75",0,40,"15,75"
520890,GOIÁS,GO,09/2022,274,237,"86,50",237,0,"100,00",37,"13,50",0,37,"13,50"
520890,GOIÁS,GO,11/2022,275,243,"88,36",243,0,"100,00",32,"11,64",0,32,"11,64"
520910,GOIATUBA,GO,11/2022,258,207,"80,23",207,0,"100,00",51,"19,77",0,51,"19,77"
520910,GOIATUBA,GO,09/2022,269,216,"80,30",211,5,"97,69",53,"19,70",1,52,"19,33"
520910,GOIATUBA,GO,07/2022,257,212,"82,49",205,7,"96,70",45,"17,51",2,43,"16,73"
520915,GOUVELÂNDIA,GO,07/2022,34,24,"70,59",21,3,"87,50",10,"29,41",3,7,"20,59"
520915,GOUVELÂNDIA,GO,09/2022,41,13,"31,71",11,2,"84,62",28,"68,29",15,13,"31,71"
520915,GOUVELÂNDIA,GO,11/2022,46,30,"65,22",30,0,"100,00",16,"34,78",0,16,"34,78"
520920,GUAPÓ,GO,11/2022,272,102,"37,50",99,3,"97,06",170,"62,50",1,169,"62,13"
520920,GUAPÓ,GO,09/2022,264,99,"37,50",96,3,"96,97",165,"62,50",5,160,"60,61"
520920,GUAPÓ,GO,07/2022,237,181,"76,37",181,0,"100,00",56,"23,63",2,54,"22,78"
520929,GUARAÍTA,GO,07/2022,37,31,"83,78",31,0,"100,00",6,"16,22",1,5,"13,51"
520929,GUARAÍTA,GO,09/2022,39,31,"79,49",29,2,"93,55",8,"20,51",0,8,"20,51"
520929,GUARAÍTA,GO,11/2022,36,28,"77,78",23,5,"82,14",8,"22,22",0,8,"22,22"
520940,GUARANI DE GOIÁS,GO,11/2022,105,85,"80,95",80,5,"94,12",20,"19,05",2,18,"17,14"
520940,GUARANI DE GOIÁS,GO,09/2022,108,93,"86,11",76,17,"81,72",15,"13,89",0,15,"13,89"
520940,GUARANI DE GOIÁS,GO,07/2022,105,90,"85,71",90,0,"100,00",15,"14,29",0,15,"14,29"
520945,GUARINOS,GO,07/2022,32,1,"3,13",1,0,"100,00",31,"96,88",22,9,"28,13"
520945,GUARINOS,GO,09/2022,37,26,"70,27",26,0,"100,00",11,"29,73",1,10,"27,03"
520945,GUARINOS,GO,11/2022,33,25,"75,76",25,0,"100,00",8,"24,24",0,8,"24,24"
520960,HEITORAÍ,GO,11/2022,76,54,"71,05",44,10,"81,48",22,"28,95",15,7,"9,21"
520960,HEITORAÍ,GO,09/2022,74,52,"70,27",49,3,"94,23",22,"29,73",17,5,"6,76"
520960,HEITORAÍ,GO,07/2022,70,45,"64,29",45,0,"100,00",25,"35,71",17,8,"11,43"
520970,HIDROLÂNDIA,GO,07/2022,221,133,"60,18",131,2,"98,50",88,"39,82",8,80,"36,20"
520970,HIDROLÂNDIA,GO,09/2022,241,174,"72,20",151,23,"86,78",67,"27,80",22,45,"18,67"
520970,HIDROLÂNDIA,GO,11/2022,257,180,"70,04",152,28,"84,44",77,"29,96",28,49,"19,07"
520980,HIDROLINA,GO,11/2022,42,28,"66,67",27,1,"96,43",14,"33,33",0,14,"33,33"
520980,HIDROLINA,GO,09/2022,45,29,"64,44",23,6,"79,31",16,"35,56",0,16,"35,56"
520980,HIDROLINA,GO,07/2022,47,37,"78,72",2,35,"5,41",10,"21,28",0,10,"21,28"
520990,IACIARA,GO,07/2022,325,295,"90,77",276,19,"93,56",30,"9,23",3,27,"8,31"
520990,IACIARA,GO,09/2022,326,287,"88,04",272,15,"94,77",39,"11,96",3,36,"11,04"
520990,IACIARA,GO,11/2022,311,285,"91,64",280,5,"98,25",26,"8,36",3,23,"7,40"
520993,INACIOLÂNDIA,GO,11/2022,58,41,"70,69",30,11,"73,17",17,"29,31",1,16,"27,59"
520993,INACIOLÂNDIA,GO,09/2022,58,41,"70,69",34,7,"82,93",17,"29,31",1,16,"27,59"
520993,INACIOLÂNDIA,GO,07/2022,57,40,"70,18",40,0,"100,00",17,"29,82",2,15,"26,32"
520995,INDIARA,GO,07/2022,152,123,"80,92",118,5,"95,93",29,"19,08",1,28,"18,42"
520995,INDIARA,GO,09/2022,165,136,"82,42",136,0,"100,00",29,"17,58",2,27,"16,36"
520995,INDIARA,GO,11/2022,149,123,"82,55",121,2,"98,37",26,"17,45",0,26,"17,45"
521000,INHUMAS,GO,11/2022,483,465,"96,27",465,0,"100,00",18,"3,73",1,17,"3,52"
521000,INHUMAS,GO,09/2022,481,464,"96,47",462,2,"99,57",17,"3,53",2,15,"3,12"
521000,INHUMAS,GO,07/2022,444,419,"94,37",419,0,"100,00",25,"5,63",4,21,"4,73"
521010,IPAMERI,GO,07/2022,289,32,"11,07",30,2,"93,75",257,"88,93",174,83,"28,72"
521010,IPAMERI,GO,09/2022,305,82,"26,89",82,0,"100,00",223,"73,11",92,131,"42,95"
521010,IPAMERI,GO,11/2022,316,107,"33,86",106,1,"99,07",209,"66,14",90,119,"37,66"
521015,IPIRANGA DE GOIÁS,GO,11/2022,35,16,"45,71",16,0,"100,00",19,"54,29",5,14,"40,00"
521015,IPIRANGA DE GOIÁS,GO,09/2022,34,16,"47,06",16,0,"100,00",18,"52,94",3,15,"44,12"
521015,IPIRANGA DE GOIÁS,GO,07/2022,31,19,"61,29",16,3,"84,21",12,"38,71",2,10,"32,26"
521020,IPORÁ,GO,07/2022,164,99,"60,37",98,1,"98,99",65,"39,63",6,59,"35,98"
521020,IPORÁ,GO,09/2022,174,103,"59,20",102,1,"99,03",71,"40,80",0,71,"40,80"
521020,IPORÁ,GO,11/2022,176,142,"80,68",137,5,"96,48",34,"19,32",1,33,"18,75"
521030,ISRAELÂNDIA,GO,11/2022,32,23,"71,88",23,0,"100,00",9,"28,13",0,9,"28,13"
521030,ISRAELÂNDIA,GO,09/2022,38,17,"44,74",17,0,"100,00",21,"55,26",0,21,"55,26"
521030,ISRAELÂNDIA,GO,07/2022,35,15,"42,86",14,1,"93,33",20,"57,14",0,20,"57,14"
521040,ITABERAÍ,GO,07/2022,490,182,"37,14",175,7,"96,15",308,"62,86",9,299,"61,02"
521040,ITABERAÍ,GO,09/2022,536,186,"34,70",174,12,"93,55",350,"65,30",16,334,"62,31"
521040,ITABERAÍ,GO,11/2022,533,203,"38,09",193,10,"95,07",330,"61,91",3,327,"61,35"
521056,ITAGUARI,GO,11/2022,87,60,"68,97",53,7,"88,33",27,"31,03",0,27,"31,03"
521056,ITAGUARI,GO,09/2022,91,60,"65,93",60,0,"100,00",31,"34,07",1,30,"32,97"
521056,ITAGUARI,GO,07/2022,86,60,"69,77",60,0,"100,00",26,"30,23",0,26,"30,23"
521060,ITAGUARU,GO,07/2022,80,62,"77,50",62,0,"100,00",18,"22,50",0,18,"22,50"
521060,ITAGUARU,GO,09/2022,79,63,"79,75",60,3,"95,24",16,"20,25",1,15,"18,99"
521060,ITAGUARU,GO,11/2022,80,69,"86,25",63,6,"91,30",11,"13,75",0,11,"13,75"
521080,ITAJÁ,GO,11/2022,34,25,"73,53",23,2,"92,00",9,"26,47",0,9,"26,47"
521080,ITAJÁ,GO,09/2022,32,26,"81,25",16,10,"61,54",6,"18,75",0,6,"18,75"
521080,ITAJÁ,GO,07/2022,32,19,"59,38",17,2,"89,47",13,"40,63",0,13,"40,63"
521090,ITAPACI,GO,07/2022,181,176,"97,24",171,5,"97,16",5,"2,76",2,3,"1,66"
521090,ITAPACI,GO,09/2022,185,159,"85,95",155,4,"97,48",26,"14,05",3,23,"12,43"
521090,ITAPACI,GO,11/2022,180,163,"90,56",163,0,"100,00",17,"9,44",1,16,"8,89"
521100,ITAPIRAPUÃ,GO,11/2022,137,90,"65,69",89,1,"98,89",47,"34,31",9,38,"27,74"
521100,ITAPIRAPUÃ,GO,09/2022,137,91,"66,42",88,3,"96,70",46,"33,58",14,32,"23,36"
521100,ITAPIRAPUÃ,GO,07/2022,135,88,"65,19",88,0,"100,00",47,"34,81",17,30,"22,22"
521120,ITAPURANGA,GO,07/2022,333,293,"87,99",293,0,"100,00",40,"12,01",24,16,"4,80"
521120,ITAPURANGA,GO,09/2022,361,307,"85,04",306,1,"99,67",54,"14,96",36,18,"4,99"
521120,ITAPURANGA,GO,11/2022,353,321,"90,93",319,2,"99,38",32,"9,07",2,30,"8,50"
521130,ITARUMÃ,GO,11/2022,53,36,"67,92",27,9,"75,00",17,"32,08",2,15,"28,30"
521130,ITARUMÃ,GO,09/2022,54,37,"68,52",29,8,"78,38",17,"31,48",2,15,"27,78"
521130,ITARUMÃ,GO,07/2022,53,39,"73,58",30,9,"76,92",14,"26,42",1,13,"24,53"
521140,ITAUÇU,GO,07/2022,74,50,"67,57",50,0,"100,00",24,"32,43",0,24,"32,43"
521140,ITAUÇU,GO,09/2022,85,52,"61,18",42,10,"80,77",33,"38,82",1,32,"37,65"
521140,ITAUÇU,GO,11/2022,82,0,"0,00",0,0,,82,"100,00",53,29,"35,37"
521150,ITUMBIARA,GO,11/2022,745,557,"74,77",542,15,"97,31",188,"25,23",3,185,"24,83"
521150,ITUMBIARA,GO,09/2022,742,525,"70,75",495,30,"94,29",217,"29,25",0,217,"29,25"
521150,ITUMBIARA,GO,07/2022,680,488,"71,76",476,12,"97,54",192,"28,24",5,187,"27,50"
521160,IVOLÂNDIA,GO,07/2022,30,22,"73,33",22,0,"100,00",8,"26,67",1,7,"23,33"
521160,IVOLÂNDIA,GO,09/2022,33,26,"78,79",26,0,"100,00",7,"21,21",1,6,"18,18"
521160,IVOLÂNDIA,GO,11/2022,29,20,"68,97",20,0,"100,00",9,"31,03",1,8,"27,59"
521170,JANDAIA,GO,11/2022,67,59,"88,06",59,0,"100,00",8,"11,94",0,8,"11,94"
521170,JANDAIA,GO,09/2022,73,40,"54,79",40,0,"100,00",33,"45,21",23,10,"13,70"
521170,JANDAIA,GO,07/2022,62,53,"85,48",53,0,"100,00",9,"14,52",0,9,"14,52"
521180,JARAGUÁ,GO,07/2022,652,518,"79,45",487,31,"94,02",134,"20,55",10,124,"19,02"
521180,JARAGUÁ,GO,09/2022,684,599,"87,57",528,71,"88,15",85,"12,43",1,84,"12,28"
521180,JARAGUÁ,GO,11/2022,666,661,"99,25",509,152,"77,00",5,"0,75",1,4,"0,60"
521190,JATAÍ,GO,11/2022,681,554,"81,35",495,59,"89,35",127,"18,65",4,123,"18,06"
521190,JATAÍ,GO,09/2022,671,491,"73,17",464,27,"94,50",180,"26,83",6,174,"25,93"
521190,JATAÍ,GO,07/2022,628,501,"79,78",496,5,"99,00",127,"20,22",9,118,"18,79"
521200,JAUPACI,GO,07/2022,47,38,"80,85",38,0,"100,00",9,"19,15",2,7,"14,89"
521200,JAUPACI,GO,09/2022,47,32,"68,09",32,0,"100,00",15,"31,91",3,12,"25,53"
521200,JAUPACI,GO,11/2022,46,30,"65,22",28,2,"93,33",16,"34,78",2,14,"30,43"
521205,JESÚPOLIS,GO,11/2022,39,34,"87,18",34,0,"100,00",5,"12,82",0,5,"12,82"
521205,JESÚPOLIS,GO,09/2022,39,34,"87,18",34,0,"100,00",5,"12,82",0,5,"12,82"
521205,JESÚPOLIS,GO,07/2022,36,31,"86,11",31,0,"100,00",5,"13,89",1,4,"11,11"
521210,JOVIÂNIA,GO,07/2022,32,24,"75,00",23,1,"95,83",8,"25,00",0,8,"25,00"
521210,JOVIÂNIA,GO,09/2022,30,21,"70,00",15,6,"71,43",9,"30,00",0,9,"30,00"
521210,JOVIÂNIA,GO,11/2022,25,15,"60,00",13,2,"86,67",10,"40,00",1,9,"36,00"
521220,JUSSARA,GO,11/2022,224,187,"83,48",187,0,"100,00",37,"16,52",5,32,"14,29"
521220,JUSSARA,GO,09/2022,236,190,"80,51",190,0,"100,00",46,"19,49",4,42,"17,80"
521220,JUSSARA,GO,07/2022,212,155,"73,11",155,0,"100,00",57,"26,89",14,43,"20,28"
521225,LAGOA SANTA,GO,07/2022,26,0,"0,00",0,0,,26,"100,00",24,2,"7,69"
521225,LAGOA SANTA,GO,09/2022,32,30,"93,75",30,0,"100,00",2,"6,25",0,2,"6,25"
521225,LAGOA SANTA,GO,11/2022,34,31,"91,18",31,0,"100,00",3,"8,82",0,3,"8,82"
521230,LEOPOLDO DE BULHÕES,GO,11/2022,114,41,"35,96",33,8,"80,49",73,"64,04",0,73,"64,04"
521230,LEOPOLDO DE BULHÕES,GO,09/2022,115,21,"18,26",18,3,"85,71",94,"81,74",18,76,"66,09"
521230,LEOPOLDO DE BULHÕES,GO,07/2022,114,41,"35,96",38,3,"92,68",73,"64,04",0,73,"64,04"
521250,LUZIÂNIA,GO,07/2022,3083,1437,"46,61",1409,28,"98,05",1646,"53,39",251,1395,"45,25"
521250,LUZIÂNIA,GO,09/2022,3468,1838,"53,00",1753,85,"95,38",1630,"47,00",85,1545,"44,55"
521250,LUZIÂNIA,GO,11/2022,3496,1833,"52,43",1732,101,"94,49",1663,"47,57",103,1560,"44,62"
521260,MAIRIPOTABA,GO,11/2022,40,27,"67,50",27,0,"100,00",13,"32,50",12,1,"2,50"
521260,MAIRIPOTABA,GO,09/2022,38,24,"63,16",23,1,"95,83",14,"36,84",9,5,"13,16"
521260,MAIRIPOTABA,GO,07/2022,37,17,"45,95",17,0,"100,00",20,"54,05",16,4,"10,81"
521270,MAMBAÍ,GO,07/2022,177,136,"76,84",130,6,"95,59",41,"23,16",3,38,"21,47"
521270,MAMBAÍ,GO,09/2022,190,143,"75,26",141,2,"98,60",47,"24,74",1,46,"24,21"
521270,MAMBAÍ,GO,11/2022,180,145,"80,56",145,0,"100,00",35,"19,44",0,35,"19,44"
521280,MARA ROSA,GO,11/2022,127,105,"82,68",88,17,"83,81",22,"17,32",0,22,"17,32"
521280,MARA ROSA,GO,09/2022,139,106,"76,26",89,17,"83,96",33,"23,74",1,32,"23,02"
521280,MARA ROSA,GO,07/2022,138,113,"81,88",98,15,"86,73",25,"18,12",2,23,"16,67"
521290,MARZAGÃO,GO,07/2022,38,29,"76,32",29,0,"100,00",9,"23,68",1,8,"21,05"
521290,MARZAGÃO,GO,09/2022,43,35,"81,40",35,0,"100,00",8,"18,60",1,7,"16,28"
521290,MARZAGÃO,GO,11/2022,46,39,"84,78",39,0,"100,00",7,"15,22",1,6,"13,04"
521295,MATRINCHÃ,GO,11/2022,68,41,"60,29",34,7,"82,93",27,"39,71",6,21,"30,88"
521295,MATRINCHÃ,GO,09/2022,67,42,"62,69",30,12,"71,43",25,"37,31",14,11,"16,42"
521295,MATRINCHÃ,GO,07/2022,68,45,"66,18",32,13,"71,11",23,"33,82",12,11,"16,18"
521300,MAURILÂNDIA,GO,07/2022,177,142,"80,23",142,0,"100,00",35,"19,77",3,32,"18,08"
521300,MAURILÂNDIA,GO,09/2022,184,152,"82,61",152,0,"100,00",32,"17,39",0,32,"17,39"
521300,MAURILÂNDIA,GO,11/2022,183,152,"83,06",152,0,"100,00",31,"16,94",1,30,"16,39"
521305,MIMOSO DE GOIÁS,GO,11/2022,38,27,"71,05",26,1,"96,30",11,"28,95",0,11,"28,95"
521305,MIMOSO DE GOIÁS,GO,09/2022,48,25,"52,08",23,2,"92,00",23,"47,92",9,14,"29,17"
521305,MIMOSO DE GOIÁS,GO,07/2022,46,31,"67,39",28,3,"90,32",15,"32,61",6,9,"19,57"
521308,MINAÇU,GO,07/2022,297,257,"86,53",257,0,"100,00",40,"13,47",1,39,"13,13"
521308,MINAÇU,GO,09/2022,315,271,"86,03",271,0,"100,00",44,"13,97",1,43,"13,65"
521308,MINAÇU,GO,11/2022,327,285,"87,16",285,0,"100,00",42,"12,84",1,41,"12,54"
521310,MINEIROS,GO,11/2022,583,273,"46,83",264,9,"96,70",310,"53,17",23,287,"49,23"
521310,MINEIROS,GO,09/2022,604,245,"40,56",231,14,"94,29",359,"59,44",50,309,"51,16"
521310,MINEIROS,GO,07/2022,526,204,"38,78",204,0,"100,00",322,"61,22",50,272,"51,71"
521340,MOIPORÁ,GO,07/2022,24,18,"75,00",18,0,"100,00",6,"25,00",0,6,"25,00"
521340,MOIPORÁ,GO,09/2022,24,19,"79,17",19,0,"100,00",5,"20,83",0,5,"20,83"
521340,MOIPORÁ,GO,11/2022,20,18,"90,00",18,0,"100,00",2,"10,00",0,2,"10,00"
521350,MONTE ALEGRE DE GOIÁS,GO,11/2022,165,112,"67,88",108,4,"96,43",53,"32,12",2,51,"30,91"
521350,MONTE ALEGRE DE GOIÁS,GO,09/2022,164,75,"45,73",51,24,"68,00",89,"54,27",2,87,"53,05"
521350,MONTE ALEGRE DE GOIÁS,GO,07/2022,160,81,"50,63",77,4,"95,06",79,"49,38",2,77,"48,13"
521370,MONTES CLAROS DE GOIÁS,GO,07/2022,73,50,"68,49",47,3,"94,00",23,"31,51",4,19,"26,03"
521370,MONTES CLAROS DE GOIÁS,GO,09/2022,77,55,"71,43",41,14,"74,55",22,"28,57",1,21,"27,27"
521370,MONTES CLAROS DE GOIÁS,GO,11/2022,75,56,"74,67",42,14,"75,00",19,"25,33",0,19,"25,33"
521375,MONTIVIDIU,GO,11/2022,100,74,"74,00",74,0,"100,00",26,"26,00",0,26,"26,00"
521375,MONTIVIDIU,GO,09/2022,90,67,"74,44",67,0,"100,00",23,"25,56",0,23,"25,56"
521375,MONTIVIDIU,GO,07/2022,89,58,"65,17",55,3,"94,83",31,"34,83",5,26,"29,21"
521377,MONTIVIDIU DO NORTE,GO,07/2022,105,67,"63,81",65,2,"97,01",38,"36,19",0,38,"36,19"
521377,MONTIVIDIU DO NORTE,GO,09/2022,107,62,"57,94",48,14,"77,42",45,"42,06",1,44,"41,12"
521377,MONTIVIDIU DO NORTE,GO,11/2022,108,65,"60,19",64,1,"98,46",43,"39,81",0,43,"39,81"
521380,MORRINHOS,GO,11/2022,290,226,"77,93",186,40,"82,30",64,"22,07",2,62,"21,38"
521380,MORRINHOS,GO,09/2022,304,224,"73,68",185,39,"82,59",80,"26,32",1,79,"25,99"
521380,MORRINHOS,GO,07/2022,290,225,"77,59",209,16,"92,89",65,"22,41",1,64,"22,07"
521385,MORRO AGUDO DE GOIÁS,GO,07/2022,42,33,"78,57",31,2,"93,94",9,"21,43",1,8,"19,05"
521385,MORRO AGUDO DE GOIÁS,GO,09/2022,47,41,"87,23",28,13,"68,29",6,"12,77",0,6,"12,77"
521385,MORRO AGUDO DE GOIÁS,GO,11/2022,42,36,"85,71",24,12,"66,67",6,"14,29",0,6,"14,29"
521390,MOSSÂMEDES,GO,11/2022,49,47,"95,92",33,14,"70,21",2,"4,08",0,2,"4,08"
521390,MOSSÂMEDES,GO,09/2022,55,51,"92,73",34,17,"66,67",4,"7,27",0,4,"7,27"
521390,MOSSÂMEDES,GO,07/2022,54,46,"85,19",38,8,"82,61",8,"14,81",0,8,"14,81"
521400,MOZARLÂNDIA,GO,07/2022,207,176,"85,02",159,17,"90,34",31,"14,98",0,31,"14,98"
521400,MOZARLÂNDIA,GO,09/2022,228,179,"78,51",176,3,"98,32",49,"21,49",7,42,"18,42"
521400,MOZARLÂNDIA,GO,11/2022,202,198,"98,02",167,31,"84,34",4,"1,98",0,4,"1,98"
521405,MUNDO NOVO,GO,11/2022,79,67,"84,81",62,5,"92,54",12,"15,19",0,12,"15,19"
521405,MUNDO NOVO,GO,09/2022,84,64,"76,19",63,1,"98,44",20,"23,81",3,17,"20,24"
521405,MUNDO NOVO,GO,07/2022,86,74,"86,05",65,9,"87,84",12,"13,95",2,10,"11,63"
521410,MUTUNÓPOLIS,GO,07/2022,81,78,"96,30",68,10,"87,18",3,"3,70",0,3,"3,70"
521410,MUTUNÓPOLIS,GO,09/2022,82,62,"75,61",58,4,"93,55",20,"24,39",0,20,"24,39"
521410,MUTUNÓPOLIS,GO,11/2022,84,73,"86,90",73,0,"100,00",11,"13,10",0,11,"13,10"
521440,NAZÁRIO,GO,11/2022,104,52,"50,00",40,12,"76,92",52,"50,00",1,51,"49,04"
521440,NAZÁRIO,GO,09/2022,96,53,"55,21",51,2,"96,23",43,"44,79",1,42,"43,75"
521440,NAZÁRIO,GO,07/2022,89,45,"50,56",45,0,"100,00",44,"49,44",4,40,"44,94"
521450,NERÓPOLIS,GO,07/2022,265,203,"76,60",202,1,"99,51",62,"23,40",0,62,"23,40"
521450,NERÓPOLIS,GO,09/2022,289,262,"90,66",242,20,"92,37",27,"9,34",0,27,"9,34"
521450,NERÓPOLIS,GO,11/2022,285,264,"92,63",225,39,"85,23",21,"7,37",0,21,"7,37"
521460,NIQUELÂNDIA,GO,11/2022,425,296,"69,65",282,14,"95,27",129,"30,35",7,122,"28,71"
521460,NIQUELÂNDIA,GO,09/2022,425,283,"66,59",276,7,"97,53",142,"33,41",3,139,"32,71"
521460,NIQUELÂNDIA,GO,07/2022,417,154,"36,93",154,0,"100,00",263,"63,07",2,261,"62,59"
521470,NOVA AMÉRICA,GO,07/2022,42,36,"85,71",36,0,"100,00",6,"14,29",0,6,"14,29"
521470,NOVA AMÉRICA,GO,09/2022,42,38,"90,48",38,0,"100,00",4,"9,52",0,4,"9,52"
521470,NOVA AMÉRICA,GO,11/2022,40,36,"90,00",36,0,"100,00",4,"10,00",0,4,"10,00"
521480,NOVA AURORA,GO,11/2022,23,17,"73,91",17,0,"100,00",6,"26,09",0,6,"26,09"
521480,NOVA AURORA,GO,09/2022,22,2,"9,09",2,0,"100,00",20,"90,91",16,4,"18,18"
521480,NOVA AURORA,GO,07/2022,18,0,"0,00",0,0,,18,"100,00",16,2,"11,11"
521483,NOVA CRIXÁS,GO,07/2022,139,94,"67,63",94,0,"100,00",45,"32,37",0,45,"32,37"
521483,NOVA CRIXÁS,GO,09/2022,137,93,"67,88",93,0,"100,00",44,"32,12",0,44,"32,12"
521483,NOVA CRIXÁS,GO,11/2022,139,94,"67,63",94,0,"100,00",45,"32,37",0,45,"32,37"
521486,NOVA GLÓRIA,GO,11/2022,107,94,"87,85",78,16,"82,98",13,"12,15",0,13,"12,15"
521486,NOVA GLÓRIA,GO,09/2022,116,98,"84,48",88,10,"89,80",18,"15,52",0,18,"15,52"
521486,NOVA GLÓRIA,GO,07/2022,106,91,"85,85",91,0,"100,00",15,"14,15",0,15,"14,15"
521487,NOVA IGUAÇU DE GOIÁS,GO,07/2022,30,24,"80,00",24,0,"100,00",6,"20,00",0,6,"20,00"
521487,NOVA IGUAÇU DE GOIÁS,GO,09/2022,35,26,"74,29",26,0,"100,00",9,"25,71",0,9,"25,71"
521487,NOVA IGUAÇU DE GOIÁS,GO,11/2022,34,30,"88,24",26,4,"86,67",4,"11,76",0,4,"11,76"
521490,NOVA ROMA,GO,11/2022,74,56,"75,68",53,3,"94,64",18,"24,32",11,7,"9,46"
521490,NOVA ROMA,GO,09/2022,78,72,"92,31",72,0,"100,00",6,"7,69",0,6,"7,69"
521490,NOVA ROMA,GO,07/2022,81,74,"91,36",74,0,"100,00",7,"8,64",1,6,"7,41"
521500,NOVA VENEZA,GO,07/2022,153,76,"49,67",75,1,"98,68",77,"50,33",6,71,"46,41"
521500,NOVA VENEZA,GO,09/2022,165,81,"49,09",81,0,"100,00",84,"50,91",0,84,"50,91"
521500,NOVA VENEZA,GO,11/2022,152,79,"51,97",77,2,"97,47",73,"48,03",0,73,"48,03"
521520,NOVO BRASIL,GO,11/2022,49,18,"36,73",15,3,"83,33",31,"63,27",0,31,"63,27"
521520,NOVO BRASIL,GO,09/2022,50,19,"38,00",15,4,"78,95",31,"62,00",0,31,"62,00"
521520,NOVO BRASIL,GO,07/2022,38,13,"34,21",12,1,"92,31",25,"65,79",0,25,"65,79"
521523,NOVO GAMA,GO,07/2022,1182,1087,"91,96",822,265,"75,62",95,"8,04",27,68,"5,75"
521523,NOVO GAMA,GO,09/2022,1343,984,"73,27",933,51,"94,82",359,"26,73",61,298,"22,19"
521523,NOVO GAMA,GO,11/2022,1270,1122,"88,35",1040,82,"92,69",148,"11,65",72,76,"5,98"
521525,NOVO PLANALTO,GO,11/2022,56,38,"67,86",36,2,"94,74",18,"32,14",0,18,"32,14"
521525,NOVO PLANALTO,GO,09/2022,56,45,"80,36",40,5,"88,89",11,"19,64",0,11,"19,64"
521525,NOVO PLANALTO,GO,07/2022,57,40,"70,18",38,2,"95,00",17,"29,82",1,16,"28,07"
521530,ORIZONA,GO,07/2022,103,77,"74,76",72,5,"93,51",26,"25,24",0,26,"25,24"
521530,ORIZONA,GO,09/2022,115,70,"60,87",60,10,"85,71",45,"39,13",0,45,"39,13"
521530,ORIZONA,GO,11/2022,109,76,"69,72",70,6,"92,11",33,"30,28",0,33,"30,28"
521540,OURO VERDE DE GOIÁS,GO,11/2022,64,53,"82,81",52,1,"98,11",11,"17,19",1,10,"15,63"
521540,OURO VERDE DE GOIÁS,GO,09/2022,62,49,"79,03",47,2,"95,92",13,"20,97",1,12,"19,35"
521540,OURO VERDE DE GOIÁS,GO,07/2022,60,45,"75,00",42,3,"93,33",15,"25,00",0,15,"25,00"
521550,OUVIDOR,GO,07/2022,64,44,"68,75",44,0,"100,00",20,"31,25",0,20,"31,25"
521550,OUVIDOR,GO,09/2022,72,2,"2,78",2,0,"100,00",70,"97,22",46,24,"33,33"
521550,OUVIDOR,GO,11/2022,67,48,"71,64",48,0,"100,00",19,"28,36",0,19,"28,36"
521560,PADRE BERNARDO,GO,11/2022,478,189,"39,54",172,17,"91,01",289,"60,46",143,146,"30,54"
521560,PADRE BERNARDO,GO,09/2022,506,93,"18,38",86,7,"92,47",413,"81,62",253,160,"31,62"
521560,PADRE BERNARDO,GO,07/2022,482,92,"19,09",91,1,"98,91",390,"80,91",235,155,"32,16"
521565,PALESTINA DE GOIÁS,GO,07/2022,51,39,"76,47",36,3,"92,31",12,"23,53",1,11,"21,57"
521565,PALESTINA DE GOIÁS,GO,09/2022,48,36,"75,00",21,15,"58,33",12,"25,00",1,11,"22,92"
521565,PALESTINA DE GOIÁS,GO,11/2022,44,35,"79,55",32,3,"91,43",9,"20,45",1,8,"18,18"
521570,PALMEIRAS DE GOIÁS,GO,11/2022,235,210,"89,36",210,0,"100,00",25,"10,64",3,22,"9,36"
521570,PALMEIRAS DE GOIÁS,GO,09/2022,187,15,"8,02",15,0,"100,00",172,"91,98",153,19,"10,16"
521570,PALMEIRAS DE GOIÁS,GO,07/2022,193,176,"91,19",176,0,"100,00",17,"8,81",2,15,"7,77"
521580,PALMELO,GO,07/2022,19,14,"73,68",14,0,"100,00",5,"26,32",1,4,"21,05"
521580,PALMELO,GO,09/2022,19,11,"57,89",10,1,"90,91",8,"42,11",0,8,"42,11"
521580,PALMELO,GO,11/2022,19,13,"68,42",13,0,"100,00",6,"31,58",0,6,"31,58"
521590,PALMINÓPOLIS,GO,11/2022,53,43,"81,13",42,1,"97,67",10,"18,87",0,10,"18,87"
521590,PALMINÓPOLIS,GO,09/2022,56,47,"83,93",41,6,"87,23",9,"16,07",1,8,"14,29"
521590,PALMINÓPOLIS,GO,07/2022,50,36,"72,00",36,0,"100,00",14,"28,00",0,14,"28,00"
521600,PANAMÁ,GO,07/2022,19,13,"68,42",13,0,"100,00",6,"31,58",0,6,"31,58"
521600,PANAMÁ,GO,09/2022,21,16,"76,19",13,3,"81,25",5,"23,81",0,5,"23,81"
521600,PANAMÁ,GO,11/2022,21,17,"80,95",13,4,"76,47",4,"19,05",0,4,"19,05"
521630,PARANAIGUARA,GO,11/2022,77,41,"53,25",36,5,"87,80",36,"46,75",2,34,"44,16"
521630,PARANAIGUARA,GO,09/2022,73,39,"53,42",35,4,"89,74",34,"46,58",2,32,"43,84"
521630,PARANAIGUARA,GO,07/2022,71,46,"64,79",45,1,"97,83",25,"35,21",1,24,"33,80"
521640,PARAÚNA,GO,07/2022,87,79,"90,80",79,0,"100,00",8,"9,20",2,6,"6,90"
521640,PARAÚNA,GO,09/2022,90,47,"52,22",39,8,"82,98",43,"47,78",1,42,"46,67"
521640,PARAÚNA,GO,11/2022,89,64,"71,91",63,1,"98,44",25,"28,09",1,24,"26,97"
521645,PEROLÂNDIA,GO,11/2022,18,12,"66,67",11,1,"91,67",6,"33,33",0,6,"33,33"
521645,PEROLÂNDIA,GO,09/2022,20,11,"55,00",11,0,"100,00",9,"45,00",0,9,"45,00"
521645,PEROLÂNDIA,GO,07/2022,20,16,"80,00",10,6,"62,50",4,"20,00",0,4,"20,00"
521680,PETROLINA DE GOIÁS,GO,07/2022,96,89,"92,71",85,4,"95,51",7,"7,29",0,7,"7,29"
521680,PETROLINA DE GOIÁS,GO,09/2022,105,98,"93,33",83,15,"84,69",7,"6,67",0,7,"6,67"
521680,PETROLINA DE GOIÁS,GO,11/2022,105,99,"94,29",84,15,"84,85",6,"5,71",0,6,"5,71"
521690,PILAR DE GOIÁS,GO,11/2022,39,32,"82,05",32,0,"100,00",7,"17,95",1,6,"15,38"
521690,PILAR DE GOIÁS,GO,09/2022,42,32,"76,19",32,0,"100,00",10,"23,81",1,9,"21,43"
521690,PILAR DE GOIÁS,GO,07/2022,36,29,"80,56",29,0,"100,00",7,"19,44",1,6,"16,67"
521710,PIRACANJUBA,GO,07/2022,153,109,"71,24",109,0,"100,00",44,"28,76",1,43,"28,10"
521710,PIRACANJUBA,GO,09/2022,162,99,"61,11",96,3,"96,97",63,"38,89",4,59,"36,42"
521710,PIRACANJUBA,GO,11/2022,158,104,"65,82",101,3,"97,12",54,"34,18",2,52,"32,91"
521720,PIRANHAS,GO,11/2022,127,84,"66,14",78,6,"92,86",43,"33,86",2,41,"32,28"
521720,PIRANHAS,GO,09/2022,125,85,"68,00",78,7,"91,76",40,"32,00",1,39,"31,20"
521720,PIRANHAS,GO,07/2022,114,85,"74,56",85,0,"100,00",29,"25,44",1,28,"24,56"
521730,PIRENÓPOLIS,GO,07/2022,283,218,"77,03",217,1,"99,54",65,"22,97",0,65,"22,97"
521730,PIRENÓPOLIS,GO,09/2022,305,285,"93,44",240,45,"84,21",20,"6,56",4,16,"5,25"
521730,PIRENÓPOLIS,GO,11/2022,285,235,"82,46",235,0,"100,00",50,"17,54",0,50,"17,54"
521740,PIRES DO RIO,GO,11/2022,322,257,"79,81",257,0,"100,00",65,"20,19",21,44,"13,66"
521740,PIRES DO RIO,GO,09/2022,312,232,"74,36",231,1,"99,57",80,"25,64",24,56,"17,95"
521740,PIRES DO RIO,GO,07/2022,291,216,"74,23",213,3,"98,61",75,"25,77",7,68,"23,37"
521760,PLANALTINA,GO,07/2022,1540,1183,"76,82",1177,6,"99,49",357,"23,18",47,310,"20,13"
521760,PLANALTINA,GO,09/2022,1666,1340,"80,43",1327,13,"99,03",326,"19,57",3,323,"19,39"
521760,PLANALTINA,GO,11/2022,1724,1410,"81,79",1409,1,"99,93",314,"18,21",1,313,"18,16"
521770,PONTALINA,GO,11/2022,166,114,"68,67",111,3,"97,37",52,"31,33",4,48,"28,92"
521770,PONTALINA,GO,09/2022,183,124,"67,76",123,1,"99,19",59,"32,24",3,56,"30,60"
521770,PONTALINA,GO,07/2022,170,123,"72,35",109,14,"88,62",47,"27,65",2,45,"26,47"
521800,PORANGATU,GO,07/2022,560,434,"77,50",434,0,"100,00",126,"22,50",63,63,"11,25"
521800,PORANGATU,GO,09/2022,599,438,"73,12",437,1,"99,77",161,"26,88",7,154,"25,71"
521800,PORANGATU,GO,11/2022,577,459,"79,55",459,0,"100,00",118,"20,45",10,108,"18,72"
521805,PORTEIRÃO,GO,11/2022,72,68,"94,44",68,0,"100,00",4,"5,56",0,4,"5,56"
521805,PORTEIRÃO,GO,09/2022,74,65,"87,84",65,0,"100,00",9,"12,16",0,9,"12,16"
521805,PORTEIRÃO,GO,07/2022,66,56,"84,85",56,0,"100,00",10,"15,15",1,9,"13,64"
521810,PORTELÂNDIA,GO,07/2022,40,13,"32,50",13,0,"100,00",27,"67,50",15,12,"30,00"
521810,PORTELÂNDIA,GO,09/2022,37,27,"72,97",27,0,"100,00",10,"27,03",0,10,"27,03"
521810,PORTELÂNDIA,GO,11/2022,39,25,"64,10",25,0,"100,00",14,"35,90",2,12,"30,77"
521830,POSSE,GO,11/2022,682,659,"96,63",658,1,"99,85",23,"3,37",0,23,"3,37"
521830,POSSE,GO,09/2022,715,690,"96,50",687,3,"99,57",25,"3,50",1,24,"3,36"
521830,POSSE,GO,07/2022,670,623,"92,99",620,3,"99,52",47,"7,01",24,23,"3,43"
521839,PROFESSOR JAMIL,GO,07/2022,39,22,"56,41",22,0,"100,00",17,"43,59",0,17,"43,59"
521839,PROFESSOR JAMIL,GO,09/2022,40,27,"67,50",24,3,"88,89",13,"32,50",0,13,"32,50"
521839,PROFESSOR JAMIL,GO,11/2022,42,37,"88,10",25,12,"67,57",5,"11,90",0,5,"11,90"
521850,QUIRINÓPOLIS,GO,11/2022,277,172,"62,09",172,0,"100,00",105,"37,91",0,105,"37,91"
521850,QUIRINÓPOLIS,GO,09/2022,298,179,"60,07",179,0,"100,00",119,"39,93",2,117,"39,26"
521850,QUIRINÓPOLIS,GO,07/2022,280,143,"51,07",143,0,"100,00",137,"48,93",4,133,"47,50"
521860,RIALMA,GO,07/2022,72,27,"37,50",27,0,"100,00",45,"62,50",0,45,"62,50"
521860,RIALMA,GO,09/2022,73,23,"31,51",20,3,"86,96",50,"68,49",0,50,"68,49"
521860,RIALMA,GO,11/2022,67,26,"38,81",26,0,"100,00",41,"61,19",0,41,"61,19"
521870,RIANÁPOLIS,GO,11/2022,45,39,"86,67",39,0,"100,00",6,"13,33",0,6,"13,33"
521870,RIANÁPOLIS,GO,09/2022,45,34,"75,56",30,4,"88,24",11,"24,44",1,10,"22,22"
521870,RIANÁPOLIS,GO,07/2022,39,29,"74,36",27,2,"93,10",10,"25,64",0,10,"25,64"
521878,RIO QUENTE,GO,07/2022,40,23,"57,50",23,0,"100,00",17,"42,50",1,16,"40,00"
521878,RIO QUENTE,GO,09/2022,49,28,"57,14",24,4,"85,71",21,"42,86",0,21,"42,86"
521878,RIO QUENTE,GO,11/2022,53,27,"50,94",26,1,"96,30",26,"49,06",2,24,"45,28"
521880,RIO VERDE,GO,11/2022,1496,1085,"72,53",986,99,"90,88",411,"27,47",3,408,"27,27"
521880,RIO VERDE,GO,09/2022,1470,875,"59,52",784,91,"89,60",595,"40,48",4,591,"40,20"
521880,RIO VERDE,GO,07/2022,1343,753,"56,07",752,1,"99,87",590,"43,93",1,589,"43,86"
521890,RUBIATABA,GO,07/2022,178,113,"63,48",113,0,"100,00",65,"36,52",18,47,"26,40"
521890,RUBIATABA,GO,09/2022,181,120,"66,30",116,4,"96,67",61,"33,70",9,52,"28,73"
521890,RUBIATABA,GO,11/2022,175,138,"78,86",138,0,"100,00",37,"21,14",2,35,"20,00"
521900,SANCLERLÂNDIA,GO,11/2022,50,43,"86,00",42,1,"97,67",7,"14,00",0,7,"14,00"
521900,SANCLERLÂNDIA,GO,09/2022,51,43,"84,31",43,0,"100,00",8,"15,69",0,8,"15,69"
521900,SANCLERLÂNDIA,GO,07/2022,51,47,"92,16",40,7,"85,11",4,"7,84",1,3,"5,88"
521910,SANTA BÁRBARA DE GOIÁS,GO,07/2022,71,63,"88,73",63,0,"100,00",8,"11,27",2,6,"8,45"
521910,SANTA BÁRBARA DE GOIÁS,GO,09/2022,76,65,"85,53",57,8,"87,69",11,"14,47",2,9,"11,84"
521910,SANTA BÁRBARA DE GOIÁS,GO,11/2022,75,61,"81,33",58,3,"95,08",14,"18,67",1,13,"17,33"
521920,SANTA CRUZ DE GOIÁS,GO,11/2022,33,22,"66,67",22,0,"100,00",11,"33,33",0,11,"33,33"
521920,SANTA CRUZ DE GOIÁS,GO,09/2022,38,20,"52,63",15,5,"75,00",18,"47,37",4,14,"36,84"
521920,SANTA CRUZ DE GOIÁS,GO,07/2022,33,16,"48,48",16,0,"100,00",17,"51,52",11,6,"18,18"
521925,SANTA FÉ DE GOIÁS,GO,07/2022,44,41,"93,18",40,1,"97,56",3,"6,82",0,3,"6,82"
521925,SANTA FÉ DE GOIÁS,GO,09/2022,49,46,"93,88",46,0,"100,00",3,"6,12",1,2,"4,08"
521925,SANTA FÉ DE GOIÁS,GO,11/2022,44,41,"93,18",41,0,"100,00",3,"6,82",1,2,"4,55"
521930,SANTA HELENA DE GOIÁS,GO,11/2022,370,228,"61,62",180,48,"78,95",142,"38,38",26,116,"31,35"
521930,SANTA HELENA DE GOIÁS,GO,09/2022,368,242,"65,76",207,35,"85,54",126,"34,24",11,115,"31,25"
521930,SANTA HELENA DE GOIÁS,GO,07/2022,335,164,"48,96",164,0,"100,00",171,"51,04",68,103,"30,75"
521935,SANTA ISABEL,GO,07/2022,47,39,"82,98",39,0,"100,00",8,"17,02",1,7,"14,89"
521935,SANTA ISABEL,GO,09/2022,50,38,"76,00",35,3,"92,11",12,"24,00",3,9,"18,00"
521935,SANTA ISABEL,GO,11/2022,51,40,"78,43",38,2,"95,00",11,"21,57",1,10,"19,61"
521940,SANTA RITA DO ARAGUAIA,GO,11/2022,81,61,"75,31",60,1,"98,36",20,"24,69",0,20,"24,69"
521940,SANTA RITA DO ARAGUAIA,GO,09/2022,86,68,"79,07",60,8,"88,24",18,"20,93",1,17,"19,77"
521940,SANTA RITA DO ARAGUAIA,GO,07/2022,84,68,"80,95",65,3,"95,59",16,"19,05",1,15,"17,86"
521945,SANTA RITA DO NOVO DESTINO,GO,07/2022,46,38,"82,61",38,0,"100,00",8,"17,39",0,8,"17,39"
521945,SANTA RITA DO NOVO DESTINO,GO,09/2022,46,33,"71,74",33,0,"100,00",13,"28,26",6,7,"15,22"
521945,SANTA RITA DO NOVO DESTINO,GO,11/2022,53,44,"83,02",44,0,"100,00",9,"16,98",1,8,"15,09"
521950,SANTA ROSA DE GOIÁS,GO,11/2022,38,34,"89,47",28,6,"82,35",4,"10,53",0,4,"10,53"
521950,SANTA ROSA DE GOIÁS,GO,09/2022,35,30,"85,71",24,6,"80,00",5,"14,29",0,5,"14,29"
521950,SANTA ROSA DE GOIÁS,GO,07/2022,41,31,"75,61",30,1,"96,77",10,"24,39",6,4,"9,76"
521960,SANTA TEREZA DE GOIÁS,GO,07/2022,47,30,"63,83",30,0,"100,00",17,"36,17",2,15,"31,91"
521960,SANTA TEREZA DE GOIÁS,GO,09/2022,48,37,"77,08",29,8,"78,38",11,"22,92",0,11,"22,92"
521960,SANTA TEREZA DE GOIÁS,GO,11/2022,46,39,"84,78",29,10,"74,36",7,"15,22",0,7,"15,22"
521970,SANTA TEREZINHA DE GOIÁS,GO,11/2022,188,172,"91,49",170,2,"98,84",16,"8,51",4,12,"6,38"
521970,SANTA TEREZINHA DE GOIÁS,GO,09/2022,201,167,"83,08",152,15,"91,02",34,"16,92",3,31,"15,42"
521970,SANTA TEREZINHA DE GOIÁS,GO,07/2022,179,158,"88,27",153,5,"96,84",21,"11,73",6,15,"8,38"
521971,SANTO ANTÔNIO DA BARRA,GO,07/2022,60,48,"80,00",45,3,"93,75",12,"20,00",0,12,"20,00"
521971,SANTO ANTÔNIO DA BARRA,GO,09/2022,59,41,"69,49",40,1,"97,56",18,"30,51",0,18,"30,51"
521971,SANTO ANTÔNIO DA BARRA,GO,11/2022,54,36,"66,67",36,0,"100,00",18,"33,33",0,18,"33,33"
521973,SANTO ANTÔNIO DE GOIÁS,GO,11/2022,118,105,"88,98",105,0,"100,00",13,"11,02",0,13,"11,02"
521973,SANTO ANTÔNIO DE GOIÁS,GO,09/2022,116,105,"90,52",105,0,"100,00",11,"9,48",0,11,"9,48"
521973,SANTO ANTÔNIO DE GOIÁS,GO,07/2022,108,98,"90,74",98,0,"100,00",10,"9,26",1,9,"8,33"
521975,SANTO ANTÔNIO DO DESCOBERTO,GO,07/2022,1237,654,"52,87",654,0,"100,00",583,"47,13",18,565,"45,68"
521975,SANTO ANTÔNIO DO DESCOBERTO,GO,09/2022,1282,824,"64,27",820,4,"99,51",458,"35,73",20,438,"34,17"
521975,SANTO ANTÔNIO DO DESCOBERTO,GO,11/2022,1253,908,"72,47",901,7,"99,23",345,"27,53",16,329,"26,26"
521980,SÃO DOMINGOS,GO,11/2022,232,194,"83,62",193,1,"99,48",38,"16,38",0,38,"16,38"
521980,SÃO DOMINGOS,GO,09/2022,242,189,"78,10",189,0,"100,00",53,"21,90",16,37,"15,29"
521980,SÃO DOMINGOS,GO,07/2022,241,158,"65,56",158,0,"100,00",83,"34,44",2,81,"33,61"
521990,SÃO FRANCISCO DE GOIÁS,GO,07/2022,96,79,"82,29",77,2,"97,47",17,"17,71",1,16,"16,67"
521990,SÃO FRANCISCO DE GOIÁS,GO,09/2022,105,87,"82,86",80,7,"91,95",18,"17,14",0,18,"17,14"
521990,SÃO FRANCISCO DE GOIÁS,GO,11/2022,103,90,"87,38",83,7,"92,22",13,"12,62",0,13,"12,62"
522000,SÃO JOÃO D´ALIANÇA,GO,11/2022,243,194,"79,84",194,0,"100,00",49,"20,16",1,48,"19,75"
522000,SÃO JOÃO D´ALIANÇA,GO,09/2022,244,187,"76,64",187,0,"100,00",57,"23,36",4,53,"21,72"
522000,SÃO JOÃO D´ALIANÇA,GO,07/2022,202,85,"42,08",85,0,"100,00",117,"57,92",79,38,"18,81"
522005,SÃO JOÃO DA PARAÚNA,GO,07/2022,22,22,"100,00",21,1,"95,45",0,"0,00",0,0,"0,00"
522005,SÃO JOÃO DA PARAÚNA,GO,09/2022,24,22,"91,67",22,0,"100,00",2,"8,33",0,2,"8,33"
522005,SÃO JOÃO DA PARAÚNA,GO,11/2022,17,17,"100,00",17,0,"100,00",0,"0,00",0,0,"0,00"
522010,SÃO LUÍS DE MONTES BELOS,GO,11/2022,257,189,"73,54",189,0,"100,00",68,"26,46",0,68,"26,46"
522010,SÃO LUÍS DE MONTES BELOS,GO,09/2022,259,196,"75,68",172,24,"87,76",63,"24,32",5,58,"22,39"
522010,SÃO LUÍS DE MONTES BELOS,GO,07/2022,246,173,"70,33",167,6,"96,53",73,"29,67",9,64,"26,02"
522015,SÃO LUÍZ DO NORTE,GO,07/2022,82,68,"82,93",67,1,"98,53",14,"17,07",0,14,"17,07"
522015,SÃO LUÍZ DO NORTE,GO,09/2022,79,66,"83,54",66,0,"100,00",13,"16,46",0,13,"16,46"
522015,SÃO LUÍZ DO NORTE,GO,11/2022,83,71,"85,54",71,0,"100,00",12,"14,46",0,12,"14,46"
522020,SÃO MIGUEL DO ARAGUAIA,GO,11/2022,348,273,"78,45",266,7,"97,44",75,"21,55",3,72,"20,69"
522020,SÃO MIGUEL DO ARAGUAIA,GO,09/2022,360,287,"79,72",287,0,"100,00",73,"20,28",9,64,"17,78"
522020,SÃO MIGUEL DO ARAGUAIA,GO,07/2022,345,300,"86,96",294,6,"98,00",45,"13,04",2,43,"12,46"
522026,SÃO MIGUEL DO PASSA QUATRO,GO,07/2022,50,30,"60,00",30,0,"100,00",20,"40,00",0,20,"40,00"
522026,SÃO MIGUEL DO PASSA QUATRO,GO,09/2022,53,31,"58,49",27,4,"87,10",22,"41,51",0,22,"41,51"
522026,SÃO MIGUEL DO PASSA QUATRO,GO,11/2022,48,29,"60,42",28,1,"96,55",19,"39,58",0,19,"39,58"
522028,SÃO PATRÍCIO,GO,11/2022,31,19,"61,29",19,0,"100,00",12,"38,71",2,10,"32,26"
522028,SÃO PATRÍCIO,GO,09/2022,28,18,"64,29",18,0,"100,00",10,"35,71",3,7,"25,00"
522028,SÃO PATRÍCIO,GO,07/2022,26,19,"73,08",19,0,"100,00",7,"26,92",1,6,"23,08"
522040,SÃO SIMÃO,GO,07/2022,175,80,"45,71",80,0,"100,00",95,"54,29",36,59,"33,71"
522040,SÃO SIMÃO,GO,09/2022,205,88,"42,93",86,2,"97,73",117,"57,07",50,67,"32,68"
522040,SÃO SIMÃO,GO,11/2022,195,64,"32,82",64,0,"100,00",131,"67,18",68,63,"32,31"
522045,SENADOR CANEDO,GO,11/2022,1262,540,"42,79",511,29,"94,63",722,"57,21",19,703,"55,71"
522045,SENADOR CANEDO,GO,09/2022,1307,497,"38,03",470,27,"94,57",810,"61,97",27,783,"59,91"
522045,SENADOR CANEDO,GO,07/2022,1142,411,"35,99",404,7,"98,30",731,"64,01",32,699,"61,21"
522050,SERRANÓPOLIS,GO,07/2022,85,1,"1,18",1,0,"100,00",84,"98,82",61,23,"27,06"
522050,SERRANÓPOLIS,GO,09/2022,97,74,"76,29",74,0,"100,00",23,"23,71",0,23,"23,71"
522050,SERRANÓPOLIS,GO,11/2022,85,63,"74,12",63,0,"100,00",22,"25,88",0,22,"25,88"
522060,SILVÂNIA,GO,11/2022,239,152,"63,60",123,29,"80,92",87,"36,40",19,68,"28,45"
522060,SILVÂNIA,GO,09/2022,258,139,"53,88",131,8,"94,24",119,"46,12",8,111,"43,02"
522060,SILVÂNIA,GO,07/2022,240,114,"47,50",114,0,"100,00",126,"52,50",33,93,"38,75"
522068,SIMOLÂNDIA,GO,07/2022,135,104,"77,04",104,0,"100,00",31,"22,96",0,31,"22,96"
522068,SIMOLÂNDIA,GO,09/2022,143,106,"74,13",105,1,"99,06",37,"25,87",0,37,"25,87"
522068,SIMOLÂNDIA,GO,11/2022,137,105,"76,64",105,0,"100,00",32,"23,36",0,32,"23,36"
522070,SÍTIO D´ABADIA,GO,11/2022,55,34,"61,82",34,0,"100,00",21,"38,18",0,21,"38,18"
522070,SÍTIO D´ABADIA,GO,09/2022,46,21,"45,65",18,3,"85,71",25,"54,35",1,24,"52,17"
522070,SÍTIO D´ABADIA,GO,07/2022,49,28,"57,14",22,6,"78,57",21,"42,86",2,19,"38,78"
522100,TAQUARAL DE GOIÁS,GO,07/2022,39,25,"64,10",23,2,"92,00",14,"35,90",0,14,"35,90"
522100,TAQUARAL DE GOIÁS,GO,09/2022,35,6,"17,14",3,3,"50,00",29,"82,86",14,15,"42,86"
522100,TAQUARAL DE GOIÁS,GO,11/2022,40,27,"67,50",24,3,"88,89",13,"32,50",0,13,"32,50"
522108,TERESINA DE GOIÁS,GO,11/2022,87,74,"85,06",71,3,"95,95",13,"14,94",0,13,"14,94"
522108,TERESINA DE GOIÁS,GO,09/2022,94,80,"85,11",80,0,"100,00",14,"14,89",1,13,"13,83"
522108,TERESINA DE GOIÁS,GO,07/2022,86,69,"80,23",62,7,"89,86",17,"19,77",6,11,"12,79"
522119,TEREZÓPOLIS DE GOIÁS,GO,07/2022,137,114,"83,21",99,15,"86,84",23,"16,79",0,23,"16,79"
522119,TEREZÓPOLIS DE GOIÁS,GO,09/2022,146,106,"72,60",89,17,"83,96",40,"27,40",0,40,"27,40"
522119,TEREZÓPOLIS DE GOIÁS,GO,11/2022,133,106,"79,70",79,27,"74,53",27,"20,30",2,25,"18,80"
522130,TRÊS RANCHOS,GO,11/2022,37,22,"59,46",10,12,"45,45",15,"40,54",2,13,"35,14"
522130,TRÊS RANCHOS,GO,09/2022,38,19,"50,00",13,6,"68,42",19,"50,00",2,17,"44,74"
522130,TRÊS RANCHOS,GO,07/2022,34,32,"94,12",32,0,"100,00",2,"5,88",0,2,"5,88"
522140,TRINDADE,GO,07/2022,1208,648,"53,64",643,5,"99,23",560,"46,36",9,551,"45,61"
522140,TRINDADE,GO,09/2022,1327,758,"57,12",702,56,"92,61",569,"42,88",2,567,"42,73"
522140,TRINDADE,GO,11/2022,1374,813,"59,17",751,62,"92,37",561,"40,83",1,560,"40,76"
522145,TROMBAS,GO,11/2022,46,36,"78,26",31,5,"86,11",10,"21,74",0,10,"21,74"
522145,TROMBAS,GO,09/2022,54,31,"57,41",26,5,"83,87",23,"42,59",3,20,"37,04"
522145,TROMBAS,GO,07/2022,53,37,"69,81",37,0,"100,00",16,"30,19",1,15,"28,30"
522150,TURVÂNIA,GO,07/2022,42,25,"59,52",24,1,"96,00",17,"40,48",0,17,"40,48"
522150,TURVÂNIA,GO,09/2022,47,28,"59,57",25,3,"89,29",19,"40,43",1,18,"38,30"
522150,TURVÂNIA,GO,11/2022,45,31,"68,89",27,4,"87,10",14,"31,11",0,14,"31,11"
522155,TURVELÂNDIA,GO,11/2022,77,58,"75,32",51,7,"87,93",19,"24,68",1,18,"23,38"
522155,TURVELÂNDIA,GO,09/2022,89,71,"79,78",50,21,"70,42",18,"20,22",1,17,"19,10"
522155,TURVELÂNDIA,GO,07/2022,85,68,"80,00",62,6,"91,18",17,"20,00",1,16,"18,82"
522157,UIRAPURU,GO,07/2022,49,30,"61,22",30,0,"100,00",19,"38,78",2,17,"34,69"
522157,UIRAPURU,GO,09/2022,57,34,"59,65",33,1,"97,06",23,"40,35",3,20,"35,09"
522157,UIRAPURU,GO,11/2022,59,38,"64,41",38,0,"100,00",21,"35,59",1,20,"33,90"
522160,URUAÇU,GO,11/2022,292,218,"74,66",196,22,"89,91",74,"25,34",1,73,"25,00"
522160,URUAÇU,GO,09/2022,287,93,"32,40",73,20,"78,49",194,"67,60",112,82,"28,57"
522160,URUAÇU,GO,07/2022,268,181,"67,54",167,14,"92,27",87,"32,46",8,79,"29,48"
522170,URUANA,GO,07/2022,220,184,"83,64",184,0,"100,00",36,"16,36",23,13,"5,91"
522170,URUANA,GO,09/2022,230,193,"83,91",193,0,"100,00",37,"16,09",22,15,"6,52"
522170,URUANA,GO,11/2022,233,196,"84,12",196,0,"100,00",37,"15,88",21,16,"6,87"
522180,URUTAÍ,GO,11/2022,45,38,"84,44",38,0,"100,00",7,"15,56",0,7,"15,56"
522180,URUTAÍ,GO,09/2022,43,34,"79,07",34,0,"100,00",9,"20,93",0,9,"20,93"
522180,URUTAÍ,GO,07/2022,32,12,"37,50",12,0,"100,00",20,"62,50",13,7,"21,88"
522185,VALPARAÍSO DE GOIÁS,GO,07/2022,1660,854,"51,45",758,96,"88,76",806,"48,55",206,600,"36,14"
522185,VALPARAÍSO DE GOIÁS,GO,09/2022,1808,951,"52,60",854,97,"89,80",857,"47,40",237,620,"34,29"
522185,VALPARAÍSO DE GOIÁS,GO,11/2022,1828,1315,"71,94",1226,89,"93,23",513,"28,06",31,482,"26,37"
522190,VARJÃO,GO,11/2022,41,35,"85,37",34,1,"97,14",6,"14,63",1,5,"12,20"
522190,VARJÃO,GO,09/2022,44,32,"72,73",30,2,"93,75",12,"27,27",1,11,"25,00"
522190,VARJÃO,GO,07/2022,44,35,"79,55",34,1,"97,14",9,"20,45",0,9,"20,45"
522200,VIANÓPOLIS,GO,07/2022,123,68,"55,28",68,0,"100,00",55,"44,72",4,51,"41,46"
522200,VIANÓPOLIS,GO,09/2022,126,73,"57,94",56,17,"76,71",53,"42,06",0,53,"42,06"
522200,VIANÓPOLIS,GO,11/2022,127,73,"57,48",73,0,"100,00",54,"42,52",0,54,"42,52"
522205,VICENTINÓPOLIS,GO,11/2022,106,84,"79,25",73,11,"86,90",22,"20,75",0,22,"20,75"
522205,VICENTINÓPOLIS,GO,09/2022,112,95,"84,82",70,25,"73,68",17,"15,18",0,17,"15,18"
522205,VICENTINÓPOLIS,GO,07/2022,115,86,"74,78",69,17,"80,23",29,"25,22",3,26,"22,61"
522220,VILA BOA,GO,07/2022,108,94,"87,04",89,5,"94,68",14,"12,96",0,14,"12,96"
522220,VILA BOA,GO,09/2022,111,99,"89,19",91,8,"91,92",12,"10,81",0,12,"10,81"
522220,VILA BOA,GO,11/2022,105,87,"82,86",85,2,"97,70",18,"17,14",0,18,"17,14"
522230,VILA PROPÍCIO,GO,11/2022,96,68,"70,83",65,3,"95,59",28,"29,17",0,28,"29,17"
522230,VILA PROPÍCIO,GO,09/2022,98,63,"64,29",61,2,"96,83",35,"35,71",3,32,"32,65"
522230,VILA PROPÍCIO,GO,07/2022,93,40,"43,01",35,5,"87,50",53,"56,99",29,24,"25,81"
210005,AÇAILÂNDIA,MA,07/2022,2070,638,"30,82",627,11,"98,28",1432,"69,18",646,786,"37,97"
210005,AÇAILÂNDIA,MA,09/2022,2248,1201,"53,43",1189,12,"99,00",1047,"46,57",19,1028,"45,73"
210005,AÇAILÂNDIA,MA,11/2022,2196,1208,"55,01",1187,21,"98,26",988,"44,99",6,982,"44,72"
210010,AFONSO CUNHA,MA,09/2022,363,261,"71,90",253,8,"96,93",102,"28,10",17,85,"23,42"
210010,AFONSO CUNHA,MA,07/2022,337,228,"67,66",212,16,"92,98",109,"32,34",42,67,"19,88"
210010,AFONSO CUNHA,MA,11/2022,336,239,"71,13",236,3,"98,74",97,"28,87",21,76,"22,62"
210015,ÁGUA DOCE DO MARANHÃO,MA,11/2022,635,592,"93,23",592,0,"100,00",43,"6,77",2,41,"6,46"
210015,ÁGUA DOCE DO MARANHÃO,MA,07/2022,616,577,"93,67",577,0,"100,00",39,"6,33",19,20,"3,25"
210015,ÁGUA DOCE DO MARANHÃO,MA,09/2022,661,618,"93,49",618,0,"100,00",43,"6,51",11,32,"4,84"
210020,ALCÂNTARA,MA,11/2022,735,653,"88,84",653,0,"100,00",82,"11,16",31,51,"6,94"
210020,ALCÂNTARA,MA,09/2022,764,453,"59,29",453,0,"100,00",311,"40,71",265,46,"6,02"
210020,ALCÂNTARA,MA,07/2022,757,26,"3,43",26,0,"100,00",731,"96,57",691,40,"5,28"
210030,ALDEIAS ALTAS,MA,07/2022,825,319,"38,67",314,5,"98,43",506,"61,33",257,249,"30,18"
210030,ALDEIAS ALTAS,MA,11/2022,841,501,"59,57",471,30,"94,01",340,"40,43",188,152,"18,07"
210030,ALDEIAS ALTAS,MA,09/2022,870,684,"78,62",675,9,"98,68",186,"21,38",15,171,"19,66"
210040,ALTAMIRA DO MARANHÃO,MA,11/2022,172,122,"70,93",121,1,"99,18",50,"29,07",1,49,"28,49"
210040,ALTAMIRA DO MARANHÃO,MA,07/2022,175,21,"12,00",21,0,"100,00",154,"88,00",104,50,"28,57"
210040,ALTAMIRA DO MARANHÃO,MA,09/2022,183,124,"67,76",124,0,"100,00",59,"32,24",6,53,"28,96"
210043,ALTO ALEGRE DO MARANHÃO,MA,09/2022,866,370,"42,73",356,14,"96,22",496,"57,27",2,494,"57,04"
210043,ALTO ALEGRE DO MARANHÃO,MA,11/2022,848,346,"40,80",317,29,"91,62",502,"59,20",1,501,"59,08"
210043,ALTO ALEGRE DO MARANHÃO,MA,07/2022,831,348,"41,88",331,17,"95,11",483,"58,12",25,458,"55,11"
210047,ALTO ALEGRE DO PINDARÉ,MA,11/2022,977,651,"66,63",624,27,"95,85",326,"33,37",46,280,"28,66"
210047,ALTO ALEGRE DO PINDARÉ,MA,07/2022,1048,719,"68,61",655,64,"91,10",329,"31,39",158,171,"16,32"
210047,ALTO ALEGRE DO PINDARÉ,MA,09/2022,1048,573,"54,68",530,43,"92,50",475,"45,32",195,280,"26,72"
210050,ALTO PARNAÍBA,MA,11/2022,343,237,"69,10",235,2,"99,16",106,"30,90",10,96,"27,99"
210050,ALTO PARNAÍBA,MA,07/2022,327,0,"0,00",0,0,,327,"100,00",289,38,"11,62"
210050,ALTO PARNAÍBA,MA,09/2022,355,306,"86,20",306,0,"100,00",49,"13,80",11,38,"10,70"
210055,AMAPÁ DO MARANHÃO,MA,11/2022,285,275,"96,49",272,3,"98,91",10,"3,51",1,9,"3,16"
210055,AMAPÁ DO MARANHÃO,MA,09/2022,282,125,"44,33",125,0,"100,00",157,"55,67",140,17,"6,03"
210055,AMAPÁ DO MARANHÃO,MA,07/2022,255,9,"3,53",9,0,"100,00",246,"96,47",230,16,"6,27"
210060,AMARANTE DO MARANHÃO,MA,09/2022,1227,623,"50,77",602,21,"96,63",604,"49,23",454,150,"12,22"
210060,AMARANTE DO MARANHÃO,MA,07/2022,1216,616,"50,66",616,0,"100,00",600,"49,34",458,142,"11,68"
210060,AMARANTE DO MARANHÃO,MA,11/2022,1211,610,"50,37",563,47,"92,30",601,"49,63",194,407,"33,61"
210070,ANAJATUBA,MA,07/2022,794,140,"17,63",140,0,"100,00",654,"82,37",608,46,"5,79"
210070,ANAJATUBA,MA,11/2022,828,761,"91,91",761,0,"100,00",67,"8,09",12,55,"6,64"
210070,ANAJATUBA,MA,09/2022,828,763,"92,15",763,0,"100,00",65,"7,85",11,54,"6,52"
210080,ANAPURUS,MA,11/2022,711,652,"91,70",651,1,"99,85",59,"8,30",11,48,"6,75"
210080,ANAPURUS,MA,09/2022,789,686,"86,95",684,2,"99,71",103,"13,05",59,44,"5,58"
210080,ANAPURUS,MA,07/2022,705,638,"90,50",635,3,"99,53",67,"9,50",28,39,"5,53"
210083,APICUM-AÇU,MA,09/2022,645,587,"91,01",574,13,"97,79",58,"8,99",31,27,"4,19"
210083,APICUM-AÇU,MA,11/2022,614,569,"92,67",560,9,"98,42",45,"7,33",12,33,"5,37"
210083,APICUM-AÇU,MA,07/2022,635,520,"81,89",519,1,"99,81",115,"18,11",77,38,"5,98"
210087,ARAGUANÃ,MA,11/2022,348,195,"56,03",195,0,"100,00",153,"43,97",6,147,"42,24"
210087,ARAGUANÃ,MA,09/2022,335,178,"53,13",178,0,"100,00",157,"46,87",2,155,"46,27"
210087,ARAGUANÃ,MA,07/2022,361,184,"50,97",182,2,"98,91",177,"49,03",49,128,"35,46"
210090,ARAIOSES,MA,07/2022,1256,383,"30,49",379,4,"98,96",873,"69,51",569,304,"24,20"
210090,ARAIOSES,MA,09/2022,1326,895,"67,50",861,34,"96,20",431,"32,50",53,378,"28,51"
210090,ARAIOSES,MA,11/2022,1245,887,"71,24",838,49,"94,48",358,"28,76",49,309,"24,82"
210095,ARAME,MA,09/2022,1017,559,"54,97",469,90,"83,90",458,"45,03",6,452,"44,44"
210095,ARAME,MA,07/2022,1000,606,"60,60",523,83,"86,30",394,"39,40",32,362,"36,20"
210095,ARAME,MA,11/2022,1019,545,"53,48",464,81,"85,14",474,"46,52",5,469,"46,03"
210100,ARARI,MA,09/2022,878,339,"38,61",272,67,"80,24",539,"61,39",272,267,"30,41"
210100,ARARI,MA,07/2022,849,186,"21,91",170,16,"91,40",663,"78,09",477,186,"21,91"
210100,ARARI,MA,11/2022,853,553,"64,83",526,27,"95,12",300,"35,17",5,295,"34,58"
210110,AXIXÁ,MA,07/2022,554,455,"82,13",402,53,"88,35",99,"17,87",34,65,"11,73"
210110,AXIXÁ,MA,09/2022,576,506,"87,85",460,46,"90,91",70,"12,15",8,62,"10,76"
210110,AXIXÁ,MA,11/2022,537,469,"87,34",444,25,"94,67",68,"12,66",6,62,"11,55"
210120,BACABAL,MA,11/2022,2592,1912,"73,77",1901,11,"99,42",680,"26,23",27,653,"25,19"
210120,BACABAL,MA,09/2022,2707,2206,"81,49",2189,17,"99,23",501,"18,51",29,472,"17,44"
210120,BACABAL,MA,07/2022,2692,2064,"76,67",2055,9,"99,56",628,"23,33",94,534,"19,84"
210125,BACABEIRA,MA,11/2022,679,638,"93,96",637,1,"99,84",41,"6,04",3,38,"5,60"
210125,BACABEIRA,MA,09/2022,708,659,"93,08",656,3,"99,54",49,"6,92",11,38,"5,37"
210125,BACABEIRA,MA,07/2022,573,5,"0,87",5,0,"100,00",568,"99,13",523,45,"7,85"
210130,BACURI,MA,09/2022,437,145,"33,18",123,22,"84,83",292,"66,82",227,65,"14,87"
210130,BACURI,MA,07/2022,465,415,"89,25",415,0,"100,00",50,"10,75",24,26,"5,59"
210130,BACURI,MA,11/2022,427,333,"77,99",330,3,"99,10",94,"22,01",18,76,"17,80"
210135,BACURITUBA,MA,07/2022,214,199,"92,99",199,0,"100,00",15,"7,01",3,12,"5,61"
210135,BACURITUBA,MA,11/2022,218,199,"91,28",199,0,"100,00",19,"8,72",4,15,"6,88"
210135,BACURITUBA,MA,09/2022,221,203,"91,86",203,0,"100,00",18,"8,14",3,15,"6,79"
210140,BALSAS,MA,11/2022,2171,600,"27,64",547,53,"91,17",1571,"72,36",394,1177,"54,21"
210140,BALSAS,MA,07/2022,2035,420,"20,64",413,7,"98,33",1615,"79,36",523,1092,"53,66"
210140,BALSAS,MA,09/2022,2169,482,"22,22",428,54,"88,80",1687,"77,78",515,1172,"54,03"
210150,BARÃO DE GRAJAÚ,MA,09/2022,497,179,"36,02",177,2,"98,88",318,"63,98",7,311,"62,58"
210150,BARÃO DE GRAJAÚ,MA,07/2022,471,169,"35,88",166,3,"98,22",302,"64,12",10,292,"62,00"
210150,BARÃO DE GRAJAÚ,MA,11/2022,457,174,"38,07",168,6,"96,55",283,"61,93",2,281,"61,49"
210160,BARRA DO CORDA,MA,11/2022,2452,1969,"80,30",1969,0,"100,00",483,"19,70",20,463,"18,88"
210160,BARRA DO CORDA,MA,07/2022,2369,1868,"78,85",1854,14,"99,25",501,"21,15",42,459,"19,38"
210160,BARRA DO CORDA,MA,09/2022,2479,1869,"75,39",1869,0,"100,00",610,"24,61",140,470,"18,96"
210170,BARREIRINHAS,MA,07/2022,2619,1899,"72,51",1819,80,"95,79",720,"27,49",96,624,"23,83"
210170,BARREIRINHAS,MA,11/2022,2502,1985,"79,34",1838,147,"92,59",517,"20,66",44,473,"18,90"
210170,BARREIRINHAS,MA,09/2022,2628,2114,"80,44",1955,159,"92,48",514,"19,56",58,456,"17,35"
210173,BELÁGUA,MA,11/2022,335,228,"68,06",222,6,"97,37",107,"31,94",2,105,"31,34"
210173,BELÁGUA,MA,07/2022,347,228,"65,71",224,4,"98,25",119,"34,29",17,102,"29,39"
210173,BELÁGUA,MA,09/2022,380,242,"63,68",236,6,"97,52",138,"36,32",28,110,"28,95"
210177,BELA VISTA DO MARANHÃO,MA,11/2022,452,372,"82,30",372,0,"100,00",80,"17,70",3,77,"17,04"
210177,BELA VISTA DO MARANHÃO,MA,09/2022,467,267,"57,17",267,0,"100,00",200,"42,83",119,81,"17,34"
210177,BELA VISTA DO MARANHÃO,MA,07/2022,445,257,"57,75",257,0,"100,00",188,"42,25",111,77,"17,30"
210180,BENEDITO LEITE,MA,07/2022,136,42,"30,88",33,9,"78,57",94,"69,12",62,32,"23,53"
210180,BENEDITO LEITE,MA,11/2022,134,78,"58,21",70,8,"89,74",56,"41,79",17,39,"29,10"
210180,BENEDITO LEITE,MA,09/2022,135,24,"17,78",17,7,"70,83",111,"82,22",71,40,"29,63"
210190,BEQUIMÃO,MA,11/2022,553,160,"28,93",160,0,"100,00",393,"71,07",320,73,"13,20"
210190,BEQUIMÃO,MA,09/2022,573,497,"86,74",497,0,"100,00",76,"13,26",9,67,"11,69"
210190,BEQUIMÃO,MA,07/2022,596,488,"81,88",488,0,"100,00",108,"18,12",75,33,"5,54"
210193,BERNARDO DO MEARIM,MA,07/2022,171,110,"64,33",98,12,"89,09",61,"35,67",20,41,"23,98"
210193,BERNARDO DO MEARIM,MA,09/2022,174,114,"65,52",113,1,"99,12",60,"34,48",1,59,"33,91"
210193,BERNARDO DO MEARIM,MA,11/2022,161,109,"67,70",104,5,"95,41",52,"32,30",0,52,"32,30"
210197,BOA VISTA DO GURUPI,MA,07/2022,336,251,"74,70",242,9,"96,41",85,"25,30",5,80,"23,81"
210197,BOA VISTA DO GURUPI,MA,09/2022,350,260,"74,29",251,9,"96,54",90,"25,71",7,83,"23,71"
210197,BOA VISTA DO GURUPI,MA,11/2022,332,255,"76,81",255,0,"100,00",77,"23,19",6,71,"21,39"
210200,BOM JARDIM,MA,11/2022,1067,549,"51,45",548,1,"99,82",518,"48,55",17,501,"46,95"
210200,BOM JARDIM,MA,07/2022,1064,259,"24,34",250,9,"96,53",805,"75,66",294,511,"48,03"
210200,BOM JARDIM,MA,09/2022,1101,562,"51,04",557,5,"99,11",539,"48,96",16,523,"47,50"
210203,BOM JESUS DAS SELVAS,MA,09/2022,1002,456,"45,51",453,3,"99,34",546,"54,49",423,123,"12,28"
210203,BOM JESUS DAS SELVAS,MA,11/2022,1026,710,"69,20",709,1,"99,86",316,"30,80",172,144,"14,04"
210203,BOM JESUS DAS SELVAS,MA,07/2022,957,303,"31,66",301,2,"99,34",654,"68,34",544,110,"11,49"
210207,BOM LUGAR,MA,09/2022,424,381,"89,86",379,2,"99,48",43,"10,14",5,38,"8,96"
210207,BOM LUGAR,MA,11/2022,409,359,"87,78",359,0,"100,00",50,"12,22",8,42,"10,27"
210207,BOM LUGAR,MA,07/2022,394,353,"89,59",353,0,"100,00",41,"10,41",9,32,"8,12"
210210,BREJO,MA,09/2022,1393,820,"58,87",820,0,"100,00",573,"41,13",525,48,"3,45"
210210,BREJO,MA,07/2022,1426,1284,"90,04",1284,0,"100,00",142,"9,96",36,106,"7,43"
210210,BREJO,MA,11/2022,1359,1313,"96,62",1313,0,"100,00",46,"3,38",8,38,"2,80"
210215,BREJO DE AREIA,MA,09/2022,367,288,"78,47",285,3,"98,96",79,"21,53",10,69,"18,80"
210215,BREJO DE AREIA,MA,11/2022,360,295,"81,94",290,5,"98,31",65,"18,06",3,62,"17,22"
210215,BREJO DE AREIA,MA,07/2022,352,278,"78,98",266,12,"95,68",74,"21,02",8,66,"18,75"
210220,BURITI,MA,11/2022,1063,892,"83,91",874,18,"97,98",171,"16,09",43,128,"12,04"
210220,BURITI,MA,07/2022,1095,806,"73,61",800,6,"99,26",289,"26,39",51,238,"21,74"
210220,BURITI,MA,09/2022,1135,901,"79,38",879,22,"97,56",234,"20,62",75,159,"14,01"
210230,BURITI BRAVO,MA,09/2022,819,562,"68,62",544,18,"96,80",257,"31,38",4,253,"30,89"
210230,BURITI BRAVO,MA,07/2022,776,532,"68,56",521,11,"97,93",244,"31,44",11,233,"30,03"
210230,BURITI BRAVO,MA,11/2022,806,580,"71,96",565,15,"97,41",226,"28,04",4,222,"27,54"
210232,BURITICUPU,MA,09/2022,1806,1497,"82,89",1454,43,"97,13",309,"17,11",44,265,"14,67"
210232,BURITICUPU,MA,11/2022,1681,1458,"86,73",1367,91,"93,76",223,"13,27",9,214,"12,73"
210232,BURITICUPU,MA,07/2022,1790,1476,"82,46",1419,57,"96,14",314,"17,54",45,269,"15,03"
210235,BURITIRANA,MA,07/2022,463,337,"72,79",329,8,"97,63",126,"27,21",22,104,"22,46"
210235,BURITIRANA,MA,11/2022,443,271,"61,17",260,11,"95,94",172,"38,83",26,146,"32,96"
210235,BURITIRANA,MA,09/2022,464,342,"73,71",329,13,"96,20",122,"26,29",8,114,"24,57"
210237,CACHOEIRA GRANDE,MA,09/2022,481,398,"82,74",396,2,"99,50",83,"17,26",22,61,"12,68"
210237,CACHOEIRA GRANDE,MA,07/2022,466,408,"87,55",401,7,"98,28",58,"12,45",21,37,"7,94"
210237,CACHOEIRA GRANDE,MA,11/2022,433,374,"86,37",374,0,"100,00",59,"13,63",6,53,"12,24"
210240,CAJAPIÓ,MA,11/2022,325,303,"93,23",303,0,"100,00",22,"6,77",2,20,"6,15"
210240,CAJAPIÓ,MA,09/2022,341,315,"92,38",314,1,"99,68",26,"7,62",4,22,"6,45"
210240,CAJAPIÓ,MA,07/2022,345,308,"89,28",308,0,"100,00",37,"10,72",10,27,"7,83"
210250,CAJARI,MA,11/2022,716,463,"64,66",463,0,"100,00",253,"35,34",178,75,"10,47"
210250,CAJARI,MA,07/2022,726,627,"86,36",627,0,"100,00",99,"13,64",42,57,"7,85"
210250,CAJARI,MA,09/2022,738,655,"88,75",655,0,"100,00",83,"11,25",9,74,"10,03"
210255,CAMPESTRE DO MARANHÃO,MA,11/2022,337,215,"63,80",214,1,"99,53",122,"36,20",0,122,"36,20"
210255,CAMPESTRE DO MARANHÃO,MA,09/2022,360,226,"62,78",220,6,"97,35",134,"37,22",0,134,"37,22"
210255,CAMPESTRE DO MARANHÃO,MA,07/2022,365,335,"91,78",335,0,"100,00",30,"8,22",1,29,"7,95"
210260,CÂNDIDO MENDES,MA,09/2022,725,514,"70,90",514,0,"100,00",211,"29,10",172,39,"5,38"
210260,CÂNDIDO MENDES,MA,11/2022,706,652,"92,35",652,0,"100,00",54,"7,65",9,45,"6,37"
210260,CÂNDIDO MENDES,MA,07/2022,687,520,"75,69",520,0,"100,00",167,"24,31",110,57,"8,30"
210270,CANTANHEDE,MA,09/2022,638,589,"92,32",589,0,"100,00",49,"7,68",3,46,"7,21"
210270,CANTANHEDE,MA,07/2022,630,576,"91,43",576,0,"100,00",54,"8,57",14,40,"6,35"
210270,CANTANHEDE,MA,11/2022,632,571,"90,35",571,0,"100,00",61,"9,65",6,55,"8,70"
210275,CAPINZAL DO NORTE,MA,11/2022,317,265,"83,60",250,15,"94,34",52,"16,40",18,34,"10,73"
210275,CAPINZAL DO NORTE,MA,07/2022,347,201,"57,93",193,8,"96,02",146,"42,07",76,70,"20,17"
210275,CAPINZAL DO NORTE,MA,09/2022,334,258,"77,25",242,16,"93,80",76,"22,75",30,46,"13,77"
210280,CAROLINA,MA,09/2022,634,328,"51,74",320,8,"97,56",306,"48,26",4,302,"47,63"
210280,CAROLINA,MA,07/2022,614,319,"51,95",319,0,"100,00",295,"48,05",20,275,"44,79"
210280,CAROLINA,MA,11/2022,617,327,"53,00",321,6,"98,17",290,"47,00",6,284,"46,03"
210290,CARUTAPERA,MA,09/2022,859,772,"89,87",772,0,"100,00",87,"10,13",27,60,"6,98"
210290,CARUTAPERA,MA,11/2022,822,707,"86,01",694,13,"98,16",115,"13,99",10,105,"12,77"
210290,CARUTAPERA,MA,07/2022,834,726,"87,05",720,6,"99,17",108,"12,95",60,48,"5,76"
210300,CAXIAS,MA,07/2022,4049,1765,"43,59",1747,18,"98,98",2284,"56,41",594,1690,"41,74"
210300,CAXIAS,MA,09/2022,4182,1879,"44,93",1831,48,"97,45",2303,"55,07",406,1897,"45,36"
210300,CAXIAS,MA,11/2022,4002,2171,"54,25",2147,24,"98,89",1831,"45,75",149,1682,"42,03"
210310,CEDRAL,MA,07/2022,306,199,"65,03",196,3,"98,49",107,"34,97",55,52,"16,99"
210310,CEDRAL,MA,11/2022,299,193,"64,55",186,7,"96,37",106,"35,45",44,62,"20,74"
210310,CEDRAL,MA,09/2022,308,209,"67,86",206,3,"98,56",99,"32,14",43,56,"18,18"
210312,CENTRAL DO MARANHÃO,MA,07/2022,366,312,"85,25",311,1,"99,68",54,"14,75",24,30,"8,20"
210312,CENTRAL DO MARANHÃO,MA,11/2022,334,254,"76,05",245,9,"96,46",80,"23,95",4,76,"22,75"
210312,CENTRAL DO MARANHÃO,MA,09/2022,371,286,"77,09",286,0,"100,00",85,"22,91",13,72,"19,41"
210315,CENTRO DO GUILHERME,MA,09/2022,399,168,"42,11",165,3,"98,21",231,"57,89",5,226,"56,64"
210315,CENTRO DO GUILHERME,MA,11/2022,377,170,"45,09",168,2,"98,82",207,"54,91",7,200,"53,05"
210315,CENTRO DO GUILHERME,MA,07/2022,396,40,"10,10",34,6,"85,00",356,"89,90",191,165,"41,67"
210317,CENTRO NOVO DO MARANHÃO,MA,09/2022,692,514,"74,28",497,17,"96,69",178,"25,72",36,142,"20,52"
210317,CENTRO NOVO DO MARANHÃO,MA,11/2022,650,520,"80,00",492,28,"94,62",130,"20,00",7,123,"18,92"
210317,CENTRO NOVO DO MARANHÃO,MA,07/2022,674,432,"64,09",418,14,"96,76",242,"35,91",32,210,"31,16"
210320,CHAPADINHA,MA,11/2022,2912,2547,"87,47",2545,2,"99,92",365,"12,53",24,341,"11,71"
210320,CHAPADINHA,MA,09/2022,3019,2751,"91,12",1889,862,"68,67",268,"8,88",29,239,"7,92"
210320,CHAPADINHA,MA,07/2022,2850,2587,"90,77",2585,2,"99,92",263,"9,23",44,219,"7,68"
210325,CIDELÂNDIA,MA,09/2022,468,243,"51,92",209,34,"86,01",225,"48,08",157,68,"14,53"
210325,CIDELÂNDIA,MA,07/2022,496,428,"86,29",424,4,"99,07",68,"13,71",20,48,"9,68"
210325,CIDELÂNDIA,MA,11/2022,445,306,"68,76",260,46,"84,97",139,"31,24",42,97,"21,80"
210330,CODÓ,MA,11/2022,3342,2393,"71,60",2393,0,"100,00",949,"28,40",319,630,"18,85"
210330,CODÓ,MA,07/2022,3244,1799,"55,46",1799,0,"100,00",1445,"44,54",854,591,"18,22"
210330,CODÓ,MA,09/2022,3426,2359,"68,86",2359,0,"100,00",1067,"31,14",481,586,"17,10"
210340,COELHO NETO,MA,11/2022,1638,1339,"81,75",1339,0,"100,00",299,"18,25",212,87,"5,31"
210340,COELHO NETO,MA,07/2022,1555,296,"19,04",296,0,"100,00",1259,"80,96",1176,83,"5,34"
210340,COELHO NETO,MA,09/2022,1656,1353,"81,70",1342,11,"99,19",303,"18,30",216,87,"5,25"
210350,COLINAS,MA,09/2022,1313,977,"74,41",969,8,"99,18",336,"25,59",41,295,"22,47"
210350,COLINAS,MA,07/2022,1266,990,"78,20",990,0,"100,00",276,"21,80",66,210,"16,59"
210350,COLINAS,MA,11/2022,1293,1003,"77,57",991,12,"98,80",290,"22,43",25,265,"20,49"
210355,CONCEIÇÃO DO LAGO-AÇU,MA,09/2022,604,548,"90,73",548,0,"100,00",56,"9,27",3,53,"8,77"
210355,CONCEIÇÃO DO LAGO-AÇU,MA,11/2022,580,522,"90,00",522,0,"100,00",58,"10,00",1,57,"9,83"
210355,CONCEIÇÃO DO LAGO-AÇU,MA,07/2022,584,521,"89,21",521,0,"100,00",63,"10,79",16,47,"8,05"
210360,COROATÁ,MA,11/2022,1749,944,"53,97",932,12,"98,73",805,"46,03",187,618,"35,33"
210360,COROATÁ,MA,07/2022,1777,646,"36,35",645,1,"99,85",1131,"63,65",699,432,"24,31"
210360,COROATÁ,MA,09/2022,1794,166,"9,25",163,3,"98,19",1628,"90,75",1040,588,"32,78"
210370,CURURUPU,MA,07/2022,1081,571,"52,82",571,0,"100,00",510,"47,18",449,61,"5,64"
210370,CURURUPU,MA,09/2022,1072,597,"55,69",596,1,"99,83",475,"44,31",413,62,"5,78"
210370,CURURUPU,MA,11/2022,1049,617,"58,82",617,0,"100,00",432,"41,18",366,66,"6,29"
210375,DAVINÓPOLIS,MA,07/2022,318,287,"90,25",287,0,"100,00",31,"9,75",7,24,"7,55"
210375,DAVINÓPOLIS,MA,09/2022,337,309,"91,69",309,0,"100,00",28,"8,31",2,26,"7,72"
210375,DAVINÓPOLIS,MA,11/2022,336,306,"91,07",306,0,"100,00",30,"8,93",3,27,"8,04"
210380,DOM PEDRO,MA,09/2022,604,210,"34,77",201,9,"95,71",394,"65,23",177,217,"35,93"
210380,DOM PEDRO,MA,07/2022,614,527,"85,83",527,0,"100,00",87,"14,17",29,58,"9,45"
210380,DOM PEDRO,MA,11/2022,599,196,"32,72",192,4,"97,96",403,"67,28",183,220,"36,73"
210390,DUQUE BACELAR,MA,11/2022,475,402,"84,63",394,8,"98,01",73,"15,37",22,51,"10,74"
210390,DUQUE BACELAR,MA,09/2022,506,431,"85,18",402,29,"93,27",75,"14,82",30,45,"8,89"
210390,DUQUE BACELAR,MA,07/2022,483,401,"83,02",373,28,"93,02",82,"16,98",34,48,"9,94"
210400,ESPERANTINÓPOLIS,MA,11/2022,619,340,"54,93",322,18,"94,71",279,"45,07",17,262,"42,33"
210400,ESPERANTINÓPOLIS,MA,09/2022,635,409,"64,41",379,30,"92,67",226,"35,59",7,219,"34,49"
210400,ESPERANTINÓPOLIS,MA,07/2022,620,386,"62,26",381,5,"98,70",234,"37,74",39,195,"31,45"
210405,ESTREITO,MA,07/2022,726,51,"7,02",50,1,"98,04",675,"92,98",485,190,"26,17"
210405,ESTREITO,MA,11/2022,760,373,"49,08",365,8,"97,86",387,"50,92",5,382,"50,26"
210405,ESTREITO,MA,09/2022,769,523,"68,01",523,0,"100,00",246,"31,99",9,237,"30,82"
210407,FEIRA NOVA DO MARANHÃO,MA,11/2022,241,192,"79,67",173,19,"90,10",49,"20,33",3,46,"19,09"
210407,FEIRA NOVA DO MARANHÃO,MA,07/2022,259,97,"37,45",82,15,"84,54",162,"62,55",130,32,"12,36"
210407,FEIRA NOVA DO MARANHÃO,MA,09/2022,243,192,"79,01",168,24,"87,50",51,"20,99",6,45,"18,52"
210408,FERNANDO FALCÃO,MA,07/2022,383,266,"69,45",262,4,"98,50",117,"30,55",4,113,"29,50"
210408,FERNANDO FALCÃO,MA,09/2022,388,264,"68,04",263,1,"99,62",124,"31,96",7,117,"30,15"
210408,FERNANDO FALCÃO,MA,11/2022,396,182,"45,96",180,2,"98,90",214,"54,04",62,152,"38,38"
210409,FORMOSA DA SERRA NEGRA,MA,11/2022,583,375,"64,32",362,13,"96,53",208,"35,68",2,206,"35,33"
210409,FORMOSA DA SERRA NEGRA,MA,09/2022,597,352,"58,96",339,13,"96,31",245,"41,04",2,243,"40,70"
210409,FORMOSA DA SERRA NEGRA,MA,07/2022,589,338,"57,39",332,6,"98,22",251,"42,61",12,239,"40,58"
210410,FORTALEZA DOS NOGUEIRAS,MA,09/2022,433,350,"80,83",332,18,"94,86",83,"19,17",11,72,"16,63"
210410,FORTALEZA DOS NOGUEIRAS,MA,11/2022,419,362,"86,40",333,29,"91,99",57,"13,60",8,49,"11,69"
210410,FORTALEZA DOS NOGUEIRAS,MA,07/2022,410,219,"53,41",201,18,"91,78",191,"46,59",89,102,"24,88"
210420,FORTUNA,MA,07/2022,510,260,"50,98",260,0,"100,00",250,"49,02",5,245,"48,04"
210420,FORTUNA,MA,11/2022,545,249,"45,69",246,3,"98,80",296,"54,31",2,294,"53,94"
210420,FORTUNA,MA,09/2022,547,251,"45,89",245,6,"97,61",296,"54,11",1,295,"53,93"
210430,GODOFREDO VIANA,MA,07/2022,272,250,"91,91",250,0,"100,00",22,"8,09",6,16,"5,88"
210430,GODOFREDO VIANA,MA,11/2022,285,262,"91,93",262,0,"100,00",23,"8,07",0,23,"8,07"
210430,GODOFREDO VIANA,MA,09/2022,287,259,"90,24",258,1,"99,61",28,"9,76",11,17,"5,92"
210440,GONÇALVES DIAS,MA,07/2022,562,97,"17,26",93,4,"95,88",465,"82,74",421,44,"7,83"
210440,GONÇALVES DIAS,MA,09/2022,562,452,"80,43",426,26,"94,25",110,"19,57",48,62,"11,03"
210440,GONÇALVES DIAS,MA,11/2022,503,405,"80,52",405,0,"100,00",98,"19,48",40,58,"11,53"
210450,GOVERNADOR ARCHER,MA,09/2022,302,277,"91,72",277,0,"100,00",25,"8,28",2,23,"7,62"
210450,GOVERNADOR ARCHER,MA,11/2022,302,277,"91,72",277,0,"100,00",25,"8,28",2,23,"7,62"
210450,GOVERNADOR ARCHER,MA,07/2022,287,259,"90,24",259,0,"100,00",28,"9,76",7,21,"7,32"
210455,GOVERNADOR EDISON LOBÃO,MA,09/2022,470,445,"94,68",445,0,"100,00",25,"5,32",0,25,"5,32"
210455,GOVERNADOR EDISON LOBÃO,MA,11/2022,488,459,"94,06",459,0,"100,00",29,"5,94",3,26,"5,33"
210455,GOVERNADOR EDISON LOBÃO,MA,07/2022,445,413,"92,81",413,0,"100,00",32,"7,19",9,23,"5,17"
210460,GOVERNADOR EUGÊNIO BARROS,MA,07/2022,438,4,"0,91",0,4,"0,00",434,"99,09",392,42,"9,59"
210460,GOVERNADOR EUGÊNIO BARROS,MA,09/2022,461,413,"89,59",412,1,"99,76",48,"10,41",3,45,"9,76"
210460,GOVERNADOR EUGÊNIO BARROS,MA,11/2022,432,393,"90,97",391,2,"99,49",39,"9,03",1,38,"8,80"
210462,GOVERNADOR LUIZ ROCHA,MA,11/2022,219,191,"87,21",191,0,"100,00",28,"12,79",0,28,"12,79"
210462,GOVERNADOR LUIZ ROCHA,MA,09/2022,226,184,"81,42",184,0,"100,00",42,"18,58",2,40,"17,70"
210462,GOVERNADOR LUIZ ROCHA,MA,07/2022,225,190,"84,44",162,28,"85,26",35,"15,56",7,28,"12,44"
210465,GOVERNADOR NEWTON BELLO,MA,09/2022,321,107,"33,33",107,0,"100,00",214,"66,67",1,213,"66,36"
210465,GOVERNADOR NEWTON BELLO,MA,11/2022,317,109,"34,38",108,1,"99,08",208,"65,62",2,206,"64,98"
210465,GOVERNADOR NEWTON BELLO,MA,07/2022,327,100,"30,58",100,0,"100,00",227,"69,42",23,204,"62,39"
210467,GOVERNADOR NUNES FREIRE,MA,09/2022,991,834,"84,16",834,0,"100,00",157,"15,84",37,120,"12,11"
210467,GOVERNADOR NUNES FREIRE,MA,11/2022,947,824,"87,01",824,0,"100,00",123,"12,99",7,116,"12,25"
210467,GOVERNADOR NUNES FREIRE,MA,07/2022,929,782,"84,18",782,0,"100,00",147,"15,82",43,104,"11,19"
210470,GRAÇA ARANHA,MA,09/2022,194,174,"89,69",174,0,"100,00",20,"10,31",0,20,"10,31"
210470,GRAÇA ARANHA,MA,07/2022,174,0,"0,00",0,0,,174,"100,00",156,18,"10,34"
210470,GRAÇA ARANHA,MA,11/2022,201,179,"89,05",179,0,"100,00",22,"10,95",1,21,"10,45"
210480,GRAJAÚ,MA,11/2022,2307,1750,"75,86",1734,16,"99,09",557,"24,14",5,552,"23,93"
210480,GRAJAÚ,MA,07/2022,2226,1991,"89,44",1991,0,"100,00",235,"10,56",19,216,"9,70"
210480,GRAJAÚ,MA,09/2022,2382,2195,"92,15",2179,16,"99,27",187,"7,85",7,180,"7,56"
210490,GUIMARÃES,MA,09/2022,370,321,"86,76",321,0,"100,00",49,"13,24",35,14,"3,78"
210490,GUIMARÃES,MA,11/2022,341,297,"87,10",297,0,"100,00",44,"12,90",31,13,"3,81"
210490,GUIMARÃES,MA,07/2022,364,309,"84,89",309,0,"100,00",55,"15,11",41,14,"3,85"
210500,HUMBERTO DE CAMPOS,MA,11/2022,1337,290,"21,69",285,5,"98,28",1047,"78,31",508,539,"40,31"
210500,HUMBERTO DE CAMPOS,MA,07/2022,1321,240,"18,17",227,13,"94,58",1081,"81,83",600,481,"36,41"
210500,HUMBERTO DE CAMPOS,MA,09/2022,1363,262,"19,22",255,7,"97,33",1101,"80,78",573,528,"38,74"
210510,ICATU,MA,07/2022,1027,508,"49,46",508,0,"100,00",519,"50,54",474,45,"4,38"
210510,ICATU,MA,09/2022,1050,535,"50,95",534,1,"99,81",515,"49,05",470,45,"4,29"
210510,ICATU,MA,11/2022,1025,493,"48,10",487,6,"98,78",532,"51,90",478,54,"5,27"
210515,IGARAPÉ DO MEIO,MA,09/2022,503,321,"63,82",312,9,"97,20",182,"36,18",7,175,"34,79"
210515,IGARAPÉ DO MEIO,MA,07/2022,476,53,"11,13",49,4,"92,45",423,"88,87",367,56,"11,76"
210515,IGARAPÉ DO MEIO,MA,11/2022,490,302,"61,63",289,13,"95,70",188,"38,37",3,185,"37,76"
210520,IGARAPÉ GRANDE,MA,09/2022,302,29,"9,60",29,0,"100,00",273,"90,40",138,135,"44,70"
210520,IGARAPÉ GRANDE,MA,07/2022,292,139,"47,60",139,0,"100,00",153,"52,40",23,130,"44,52"
210520,IGARAPÉ GRANDE,MA,11/2022,317,91,"28,71",85,6,"93,41",226,"71,29",87,139,"43,85"
210530,IMPERATRIZ,MA,07/2022,3950,1814,"45,92",1752,62,"96,58",2136,"54,08",886,1250,"31,65"
210530,IMPERATRIZ,MA,09/2022,4168,2295,"55,06",2272,23,"99,00",1873,"44,94",353,1520,"36,47"
210530,IMPERATRIZ,MA,11/2022,4176,2122,"50,81",2108,14,"99,34",2054,"49,19",419,1635,"39,15"
210535,ITAIPAVA DO GRAJAÚ,MA,09/2022,496,405,"81,65",403,2,"99,51",91,"18,35",26,65,"13,10"
210535,ITAIPAVA DO GRAJAÚ,MA,07/2022,477,0,"0,00",0,0,,477,"100,00",414,63,"13,21"
210535,ITAIPAVA DO GRAJAÚ,MA,11/2022,474,407,"85,86",407,0,"100,00",67,"14,14",3,64,"13,50"
210540,ITAPECURU MIRIM,MA,11/2022,1922,1651,"85,90",1547,104,"93,70",271,"14,10",15,256,"13,32"
210540,ITAPECURU MIRIM,MA,09/2022,1983,1717,"86,59",1651,66,"96,16",266,"13,41",35,231,"11,65"
210540,ITAPECURU MIRIM,MA,07/2022,1968,1779,"90,40",1680,99,"94,44",189,"9,60",58,131,"6,66"
210542,ITINGA DO MARANHÃO,MA,07/2022,714,0,"0,00",0,0,,714,"100,00",639,75,"10,50"
210542,ITINGA DO MARANHÃO,MA,11/2022,679,673,"99,12",650,23,"96,58",6,"0,88",3,3,"0,44"
210542,ITINGA DO MARANHÃO,MA,09/2022,703,569,"80,94",569,0,"100,00",134,"19,06",9,125,"17,78"
210545,JATOBÁ,MA,11/2022,251,152,"60,56",125,27,"82,24",99,"39,44",2,97,"38,65"
210545,JATOBÁ,MA,07/2022,254,170,"66,93",152,18,"89,41",84,"33,07",6,78,"30,71"
210545,JATOBÁ,MA,09/2022,262,166,"63,36",149,17,"89,76",96,"36,64",4,92,"35,11"
210547,JENIPAPO DOS VIEIRAS,MA,07/2022,511,44,"8,61",43,1,"97,73",467,"91,39",421,46,"9,00"
210547,JENIPAPO DOS VIEIRAS,MA,09/2022,548,494,"90,15",494,0,"100,00",54,"9,85",4,50,"9,12"
210547,JENIPAPO DOS VIEIRAS,MA,11/2022,531,369,"69,49",353,16,"95,66",162,"30,51",85,77,"14,50"
210550,JOÃO LISBOA,MA,07/2022,783,706,"90,17",706,0,"100,00",77,"9,83",28,49,"6,26"
210550,JOÃO LISBOA,MA,11/2022,738,589,"79,81",589,0,"100,00",149,"20,19",30,119,"16,12"
210550,JOÃO LISBOA,MA,09/2022,780,665,"85,26",665,0,"100,00",115,"14,74",49,66,"8,46"
210560,JOSELÂNDIA,MA,09/2022,424,310,"73,11",289,21,"93,23",114,"26,89",2,112,"26,42"
210560,JOSELÂNDIA,MA,07/2022,429,322,"75,06",255,67,"79,19",107,"24,94",9,98,"22,84"
210560,JOSELÂNDIA,MA,11/2022,370,278,"75,14",273,5,"98,20",92,"24,86",1,91,"24,59"
210565,JUNCO DO MARANHÃO,MA,11/2022,160,131,"81,88",122,9,"93,13",29,"18,13",3,26,"16,25"
210565,JUNCO DO MARANHÃO,MA,09/2022,177,133,"75,14",122,11,"91,73",44,"24,86",6,38,"21,47"
210565,JUNCO DO MARANHÃO,MA,07/2022,184,142,"77,17",130,12,"91,55",42,"22,83",4,38,"20,65"
210570,LAGO DA PEDRA,MA,11/2022,1418,910,"64,17",910,0,"100,00",508,"35,83",234,274,"19,32"
210570,LAGO DA PEDRA,MA,07/2022,1424,1165,"81,81",1163,2,"99,83",259,"18,19",29,230,"16,15"
210570,LAGO DA PEDRA,MA,09/2022,1472,1172,"79,62",1172,0,"100,00",300,"20,38",9,291,"19,77"
210580,LAGO DO JUNCO,MA,09/2022,406,359,"88,42",359,0,"100,00",47,"11,58",2,45,"11,08"
210580,LAGO DO JUNCO,MA,07/2022,405,353,"87,16",353,0,"100,00",52,"12,84",5,47,"11,60"
210580,LAGO DO JUNCO,MA,11/2022,402,356,"88,56",356,0,"100,00",46,"11,44",4,42,"10,45"
210590,LAGO VERDE,MA,07/2022,664,602,"90,66",602,0,"100,00",62,"9,34",9,53,"7,98"
210590,LAGO VERDE,MA,11/2022,661,491,"74,28",491,0,"100,00",170,"25,72",15,155,"23,45"
210590,LAGO VERDE,MA,09/2022,704,638,"90,63",634,4,"99,37",66,"9,38",5,61,"8,66"
210592,LAGOA DO MATO,MA,07/2022,329,267,"81,16",267,0,"100,00",62,"18,84",45,17,"5,17"
210592,LAGOA DO MATO,MA,11/2022,338,309,"91,42",309,0,"100,00",29,"8,58",3,26,"7,69"
210592,LAGOA DO MATO,MA,09/2022,339,310,"91,45",307,3,"99,03",29,"8,55",4,25,"7,37"
210594,LAGO DOS RODRIGUES,MA,09/2022,279,119,"42,65",118,1,"99,16",160,"57,35",141,19,"6,81"
210594,LAGO DOS RODRIGUES,MA,11/2022,280,140,"50,00",140,0,"100,00",140,"50,00",117,23,"8,21"
210594,LAGO DOS RODRIGUES,MA,07/2022,254,102,"40,16",102,0,"100,00",152,"59,84",137,15,"5,91"
210596,LAGOA GRANDE DO MARANHÃO,MA,07/2022,459,387,"84,31",387,0,"100,00",72,"15,69",2,70,"15,25"
210596,LAGOA GRANDE DO MARANHÃO,MA,11/2022,454,380,"83,70",380,0,"100,00",74,"16,30",8,66,"14,54"
210596,LAGOA GRANDE DO MARANHÃO,MA,09/2022,479,402,"83,92",399,3,"99,25",77,"16,08",6,71,"14,82"
210598,LAJEADO NOVO,MA,07/2022,230,179,"77,83",163,16,"91,06",51,"22,17",3,48,"20,87"
210598,LAJEADO NOVO,MA,09/2022,229,185,"80,79",173,12,"93,51",44,"19,21",0,44,"19,21"
210598,LAJEADO NOVO,MA,11/2022,226,181,"80,09",171,10,"94,48",45,"19,91",1,44,"19,47"
210600,LIMA CAMPOS,MA,07/2022,372,337,"90,59",336,1,"99,70",35,"9,41",5,30,"8,06"
210600,LIMA CAMPOS,MA,11/2022,353,209,"59,21",209,0,"100,00",144,"40,79",117,27,"7,65"
210600,LIMA CAMPOS,MA,09/2022,355,59,"16,62",59,0,"100,00",296,"83,38",265,31,"8,73"
210610,LORETO,MA,09/2022,343,282,"82,22",282,0,"100,00",61,"17,78",3,58,"16,91"
210610,LORETO,MA,07/2022,324,106,"32,72",106,0,"100,00",218,"67,28",166,52,"16,05"
210610,LORETO,MA,11/2022,319,197,"61,76",193,4,"97,97",122,"38,24",71,51,"15,99"
210620,LUÍS DOMINGUES,MA,09/2022,274,244,"89,05",244,0,"100,00",30,"10,95",4,26,"9,49"
210620,LUÍS DOMINGUES,MA,11/2022,281,246,"87,54",246,0,"100,00",35,"12,46",1,34,"12,10"
210620,LUÍS DOMINGUES,MA,07/2022,262,208,"79,39",208,0,"100,00",54,"20,61",30,24,"9,16"
210630,MAGALHÃES DE ALMEIDA,MA,09/2022,514,455,"88,52",455,0,"100,00",59,"11,48",25,34,"6,61"
210630,MAGALHÃES DE ALMEIDA,MA,11/2022,501,469,"93,61",469,0,"100,00",32,"6,39",2,30,"5,99"
210630,MAGALHÃES DE ALMEIDA,MA,07/2022,484,446,"92,15",446,0,"100,00",38,"7,85",4,34,"7,02"
210632,MARACAÇUMÉ,MA,11/2022,665,562,"84,51",561,1,"99,82",103,"15,49",5,98,"14,74"
210632,MARACAÇUMÉ,MA,07/2022,636,570,"89,62",570,0,"100,00",66,"10,38",14,52,"8,18"
210632,MARACAÇUMÉ,MA,09/2022,685,615,"89,78",614,1,"99,84",70,"10,22",15,55,"8,03"
210635,MARAJÁ DO SENA,MA,07/2022,262,0,"0,00",0,0,,262,"100,00",198,64,"24,43"
210635,MARAJÁ DO SENA,MA,11/2022,271,176,"64,94",176,0,"100,00",95,"35,06",25,70,"25,83"
210635,MARAJÁ DO SENA,MA,09/2022,281,203,"72,24",203,0,"100,00",78,"27,76",6,72,"25,62"
210637,MARANHÃOZINHO,MA,11/2022,380,338,"88,95",338,0,"100,00",42,"11,05",3,39,"10,26"
210637,MARANHÃOZINHO,MA,07/2022,378,311,"82,28",308,3,"99,04",67,"17,72",18,49,"12,96"
210637,MARANHÃOZINHO,MA,09/2022,408,350,"85,78",344,6,"98,29",58,"14,22",16,42,"10,29"
210640,MATA ROMA,MA,09/2022,718,102,"14,21",101,1,"99,02",616,"85,79",477,139,"19,36"
210640,MATA ROMA,MA,11/2022,724,453,"62,57",453,0,"100,00",271,"37,43",34,237,"32,73"
210640,MATA ROMA,MA,07/2022,749,529,"70,63",514,15,"97,16",220,"29,37",93,127,"16,96"
210650,MATINHA,MA,11/2022,849,752,"88,57",752,0,"100,00",97,"11,43",14,83,"9,78"
210650,MATINHA,MA,09/2022,824,0,"0,00",0,0,,824,"100,00",702,122,"14,81"
210650,MATINHA,MA,07/2022,855,716,"83,74",715,1,"99,86",139,"16,26",37,102,"11,93"
210660,MATÕES,MA,11/2022,1117,390,"34,91",370,20,"94,87",727,"65,09",614,113,"10,12"
210660,MATÕES,MA,09/2022,1223,458,"37,45",457,1,"99,78",765,"62,55",640,125,"10,22"
210660,MATÕES,MA,07/2022,1150,1,"0,09",0,1,"0,00",1149,"99,91",1035,114,"9,91"
210663,MATÕES DO NORTE,MA,11/2022,290,156,"53,79",59,97,"37,82",134,"46,21",63,71,"24,48"
210663,MATÕES DO NORTE,MA,07/2022,316,201,"63,61",194,7,"96,52",115,"36,39",75,40,"12,66"
210663,MATÕES DO NORTE,MA,09/2022,303,247,"81,52",245,2,"99,19",56,"18,48",7,49,"16,17"
210667,MILAGRES DO MARANHÃO,MA,07/2022,264,230,"87,12",230,0,"100,00",34,"12,88",12,22,"8,33"
210667,MILAGRES DO MARANHÃO,MA,11/2022,263,237,"90,11",237,0,"100,00",26,"9,89",1,25,"9,51"
210667,MILAGRES DO MARANHÃO,MA,09/2022,309,247,"79,94",245,2,"99,19",62,"20,06",33,29,"9,39"
210670,MIRADOR,MA,07/2022,683,548,"80,23",474,74,"86,50",135,"19,77",31,104,"15,23"
210670,MIRADOR,MA,09/2022,710,500,"70,42",448,52,"89,60",210,"29,58",9,201,"28,31"
210670,MIRADOR,MA,11/2022,616,457,"74,19",453,4,"99,12",159,"25,81",14,145,"23,54"
210675,MIRANDA DO NORTE,MA,07/2022,581,279,"48,02",279,0,"100,00",302,"51,98",264,38,"6,54"
210675,MIRANDA DO NORTE,MA,11/2022,632,583,"92,25",582,1,"99,83",49,"7,75",5,44,"6,96"
210675,MIRANDA DO NORTE,MA,09/2022,623,577,"92,62",577,0,"100,00",46,"7,38",12,34,"5,46"
210680,MIRINZAL,MA,07/2022,515,383,"74,37",383,0,"100,00",132,"25,63",46,86,"16,70"
210680,MIRINZAL,MA,11/2022,526,292,"55,51",292,0,"100,00",234,"44,49",45,189,"35,93"
210680,MIRINZAL,MA,09/2022,537,414,"77,09",414,0,"100,00",123,"22,91",29,94,"17,50"
210690,MONÇÃO,MA,09/2022,1066,1049,"98,41",782,267,"74,55",17,"1,59",16,1,"0,09"
210690,MONÇÃO,MA,07/2022,1103,50,"4,53",49,1,"98,00",1053,"95,47",990,63,"5,71"
210690,MONÇÃO,MA,11/2022,1032,1002,"97,09",636,366,"63,47",30,"2,91",12,18,"1,74"
210700,MONTES ALTOS,MA,07/2022,276,20,"7,25",20,0,"100,00",256,"92,75",217,39,"14,13"
210700,MONTES ALTOS,MA,09/2022,286,211,"73,78",194,17,"91,94",75,"26,22",6,69,"24,13"
210700,MONTES ALTOS,MA,11/2022,263,148,"56,27",141,7,"95,27",115,"43,73",52,63,"23,95"
210710,MORROS,MA,11/2022,755,612,"81,06",608,4,"99,35",143,"18,94",11,132,"17,48"
210710,MORROS,MA,07/2022,743,529,"71,20",529,0,"100,00",214,"28,80",24,190,"25,57"
210710,MORROS,MA,09/2022,768,555,"72,27",552,3,"99,46",213,"27,73",48,165,"21,48"
210720,NINA RODRIGUES,MA,09/2022,521,423,"81,19",411,12,"97,16",98,"18,81",7,91,"17,47"
210720,NINA RODRIGUES,MA,07/2022,510,457,"89,61",457,0,"100,00",53,"10,39",27,26,"5,10"
210720,NINA RODRIGUES,MA,11/2022,508,419,"82,48",415,4,"99,05",89,"17,52",2,87,"17,13"
210725,NOVA COLINAS,MA,09/2022,175,144,"82,29",128,16,"88,89",31,"17,71",4,27,"15,43"
210725,NOVA COLINAS,MA,11/2022,166,158,"95,18",134,24,"84,81",8,"4,82",4,4,"2,41"
210725,NOVA COLINAS,MA,07/2022,178,134,"75,28",126,8,"94,03",44,"24,72",24,20,"11,24"
210730,NOVA IORQUE,MA,07/2022,132,34,"25,76",34,0,"100,00",98,"74,24",88,10,"7,58"
210730,NOVA IORQUE,MA,11/2022,140,62,"44,29",62,0,"100,00",78,"55,71",30,48,"34,29"
210730,NOVA IORQUE,MA,09/2022,143,8,"5,59",8,0,"100,00",135,"94,41",124,11,"7,69"
210735,NOVA OLINDA DO MARANHÃO,MA,07/2022,649,587,"90,45",587,0,"100,00",62,"9,55",12,50,"7,70"
210735,NOVA OLINDA DO MARANHÃO,MA,11/2022,657,602,"91,63",602,0,"100,00",55,"8,37",3,52,"7,91"
210735,NOVA OLINDA DO MARANHÃO,MA,09/2022,684,616,"90,06",616,0,"100,00",68,"9,94",13,55,"8,04"
210740,OLHO D´ÁGUA DAS CUNHÃS,MA,09/2022,573,486,"84,82",486,0,"100,00",87,"15,18",26,61,"10,65"
210740,OLHO D´ÁGUA DAS CUNHÃS,MA,11/2022,544,444,"81,62",444,0,"100,00",100,"18,38",37,63,"11,58"
210740,OLHO D´ÁGUA DAS CUNHÃS,MA,07/2022,560,470,"83,93",470,0,"100,00",90,"16,07",28,62,"11,07"
210745,OLINDA NOVA DO MARANHÃO,MA,11/2022,519,464,"89,40",464,0,"100,00",55,"10,60",9,46,"8,86"
210745,OLINDA NOVA DO MARANHÃO,MA,09/2022,532,473,"88,91",473,0,"100,00",59,"11,09",14,45,"8,46"
210745,OLINDA NOVA DO MARANHÃO,MA,07/2022,492,433,"88,01",433,0,"100,00",59,"11,99",19,40,"8,13"
210750,PAÇO DO LUMIAR,MA,07/2022,2842,1736,"61,08",1736,0,"100,00",1106,"38,92",758,348,"12,24"
210750,PAÇO DO LUMIAR,MA,11/2022,2758,1887,"68,42",1870,17,"99,10",871,"31,58",250,621,"22,52"
210750,PAÇO DO LUMIAR,MA,09/2022,2881,2106,"73,10",2106,0,"100,00",775,"26,90",352,423,"14,68"
210760,PALMEIRÂNDIA,MA,07/2022,685,514,"75,04",510,4,"99,22",171,"24,96",85,86,"12,55"
210760,PALMEIRÂNDIA,MA,11/2022,597,439,"73,53",424,15,"96,58",158,"26,47",43,115,"19,26"
210760,PALMEIRÂNDIA,MA,09/2022,659,424,"64,34",406,18,"95,75",235,"35,66",144,91,"13,81"
210770,PARAIBANO,MA,11/2022,596,216,"36,24",214,2,"99,07",380,"63,76",33,347,"58,22"
210770,PARAIBANO,MA,07/2022,600,200,"33,33",199,1,"99,50",400,"66,67",15,385,"64,17"
210770,PARAIBANO,MA,09/2022,601,173,"28,79",161,12,"93,06",428,"71,21",6,422,"70,22"
210780,PARNARAMA,MA,07/2022,1051,452,"43,01",452,0,"100,00",599,"56,99",480,119,"11,32"
210780,PARNARAMA,MA,09/2022,1074,883,"82,22",857,26,"97,06",191,"17,78",66,125,"11,64"
210780,PARNARAMA,MA,11/2022,1058,793,"74,95",727,66,"91,68",265,"25,05",145,120,"11,34"
210790,PASSAGEM FRANCA,MA,11/2022,537,236,"43,95",227,9,"96,19",301,"56,05",160,141,"26,26"
210790,PASSAGEM FRANCA,MA,07/2022,551,0,"0,00",0,0,,551,"100,00",503,48,"8,71"
210790,PASSAGEM FRANCA,MA,09/2022,577,306,"53,03",280,26,"91,50",271,"46,97",145,126,"21,84"
210800,PASTOS BONS,MA,07/2022,588,536,"91,16",526,10,"98,13",52,"8,84",13,39,"6,63"
210800,PASTOS BONS,MA,09/2022,604,558,"92,38",558,0,"100,00",46,"7,62",6,40,"6,62"
210800,PASTOS BONS,MA,11/2022,587,537,"91,48",537,0,"100,00",50,"8,52",3,47,"8,01"
210805,PAULINO NEVES,MA,07/2022,886,484,"54,63",482,2,"99,59",402,"45,37",138,264,"29,80"
210805,PAULINO NEVES,MA,09/2022,963,641,"66,56",641,0,"100,00",322,"33,44",27,295,"30,63"
210805,PAULINO NEVES,MA,11/2022,884,486,"54,98",478,8,"98,35",398,"45,02",113,285,"32,24"
210810,PAULO RAMOS,MA,09/2022,749,695,"92,79",695,0,"100,00",54,"7,21",7,47,"6,28"
210810,PAULO RAMOS,MA,11/2022,709,654,"92,24",653,1,"99,85",55,"7,76",7,48,"6,77"
210810,PAULO RAMOS,MA,07/2022,713,501,"70,27",501,0,"100,00",212,"29,73",171,41,"5,75"
210820,PEDREIRAS,MA,11/2022,923,644,"69,77",603,41,"93,63",279,"30,23",3,276,"29,90"
210820,PEDREIRAS,MA,09/2022,926,630,"68,03",580,50,"92,06",296,"31,97",4,292,"31,53"
210820,PEDREIRAS,MA,07/2022,885,579,"65,42",557,22,"96,20",306,"34,58",4,302,"34,12"
210825,PEDRO DO ROSÁRIO,MA,07/2022,980,413,"42,14",385,28,"93,22",567,"57,86",114,453,"46,22"
210825,PEDRO DO ROSÁRIO,MA,09/2022,956,477,"49,90",473,4,"99,16",479,"50,10",13,466,"48,74"
210825,PEDRO DO ROSÁRIO,MA,11/2022,923,510,"55,25",508,2,"99,61",413,"44,75",14,399,"43,23"
210830,PENALVA,MA,07/2022,1158,1062,"91,71",1042,20,"98,12",96,"8,29",25,71,"6,13"
210830,PENALVA,MA,11/2022,1173,1092,"93,09",1089,3,"99,73",81,"6,91",5,76,"6,48"
210830,PENALVA,MA,09/2022,1216,1138,"93,59",1120,18,"98,42",78,"6,41",5,73,"6,00"
210840,PERI MIRIM,MA,11/2022,360,292,"81,11",292,0,"100,00",68,"18,89",33,35,"9,72"
210840,PERI MIRIM,MA,09/2022,377,321,"85,15",321,0,"100,00",56,"14,85",26,30,"7,96"
210840,PERI MIRIM,MA,07/2022,357,48,"13,45",48,0,"100,00",309,"86,55",279,30,"8,40"
210845,PERITORÓ,MA,09/2022,933,832,"89,17",832,0,"100,00",101,"10,83",24,77,"8,25"
210845,PERITORÓ,MA,07/2022,853,1,"0,12",0,1,"0,00",852,"99,88",784,68,"7,97"
210845,PERITORÓ,MA,11/2022,868,767,"88,36",767,0,"100,00",101,"11,64",24,77,"8,87"
210850,PINDARÉ-MIRIM,MA,07/2022,931,414,"44,47",409,5,"98,79",517,"55,53",330,187,"20,09"
210850,PINDARÉ-MIRIM,MA,11/2022,990,742,"74,95",713,29,"96,09",248,"25,05",11,237,"23,94"
210850,PINDARÉ-MIRIM,MA,09/2022,1049,803,"76,55",782,21,"97,38",246,"23,45",10,236,"22,50"
210860,PINHEIRO,MA,11/2022,2624,2369,"90,28",2368,1,"99,96",255,"9,72",110,145,"5,53"
210860,PINHEIRO,MA,09/2022,2693,2514,"93,35",2514,0,"100,00",179,"6,65",19,160,"5,94"
210860,PINHEIRO,MA,07/2022,2390,214,"8,95",213,1,"99,53",2176,"91,05",2018,158,"6,61"
210870,PIO XII,MA,11/2022,811,680,"83,85",450,230,"66,18",131,"16,15",5,126,"15,54"
210870,PIO XII,MA,07/2022,812,729,"89,78",713,16,"97,81",83,"10,22",15,68,"8,37"
210870,PIO XII,MA,09/2022,844,755,"89,45",712,43,"94,30",89,"10,55",11,78,"9,24"
210880,PIRAPEMAS,MA,11/2022,606,468,"77,23",466,2,"99,57",138,"22,77",4,134,"22,11"
210880,PIRAPEMAS,MA,07/2022,627,489,"77,99",489,0,"100,00",138,"22,01",38,100,"15,95"
210880,PIRAPEMAS,MA,09/2022,624,465,"74,52",464,1,"99,78",159,"25,48",20,139,"22,28"
210890,POÇÃO DE PEDRAS,MA,11/2022,511,345,"67,51",345,0,"100,00",166,"32,49",4,162,"31,70"
210890,POÇÃO DE PEDRAS,MA,07/2022,502,206,"41,04",206,0,"100,00",296,"58,96",189,107,"21,31"
210890,POÇÃO DE PEDRAS,MA,09/2022,512,342,"66,80",339,3,"99,12",170,"33,20",4,166,"32,42"
210900,PORTO FRANCO,MA,07/2022,467,328,"70,24",310,18,"94,51",139,"29,76",11,128,"27,41"
210900,PORTO FRANCO,MA,11/2022,442,277,"62,67",275,2,"99,28",165,"37,33",0,165,"37,33"
210900,PORTO FRANCO,MA,09/2022,482,331,"68,67",323,8,"97,58",151,"31,33",3,148,"30,71"
210905,PORTO RICO DO MARANHÃO,MA,07/2022,259,220,"84,94",220,0,"100,00",39,"15,06",33,6,"2,32"
210905,PORTO RICO DO MARANHÃO,MA,11/2022,223,198,"88,79",191,7,"96,46",25,"11,21",7,18,"8,07"
210905,PORTO RICO DO MARANHÃO,MA,09/2022,233,215,"92,27",215,0,"100,00",18,"7,73",7,11,"4,72"
210910,PRESIDENTE DUTRA,MA,11/2022,927,422,"45,52",405,17,"95,97",505,"54,48",3,502,"54,15"
210910,PRESIDENTE DUTRA,MA,09/2022,953,428,"44,91",426,2,"99,53",525,"55,09",3,522,"54,77"
210910,PRESIDENTE DUTRA,MA,07/2022,896,390,"43,53",368,22,"94,36",506,"56,47",21,485,"54,13"
210920,PRESIDENTE JUSCELINO,MA,09/2022,514,402,"78,21",400,2,"99,50",112,"21,79",19,93,"18,09"
210920,PRESIDENTE JUSCELINO,MA,11/2022,510,408,"80,00",407,1,"99,75",102,"20,00",10,92,"18,04"
210920,PRESIDENTE JUSCELINO,MA,07/2022,511,416,"81,41",415,1,"99,76",95,"18,59",19,76,"14,87"
210923,PRESIDENTE MÉDICI,MA,07/2022,174,1,"0,57",1,0,"100,00",173,"99,43",162,11,"6,32"
210923,PRESIDENTE MÉDICI,MA,11/2022,135,79,"58,52",76,3,"96,20",56,"41,48",6,50,"37,04"
210923,PRESIDENTE MÉDICI,MA,09/2022,191,100,"52,36",66,34,"66,00",91,"47,64",28,63,"32,98"
210927,PRESIDENTE SARNEY,MA,11/2022,743,330,"44,41",316,14,"95,76",413,"55,59",13,400,"53,84"
210927,PRESIDENTE SARNEY,MA,09/2022,748,281,"37,57",280,1,"99,64",467,"62,43",67,400,"53,48"
210927,PRESIDENTE SARNEY,MA,07/2022,809,368,"45,49",367,1,"99,73",441,"54,51",93,348,"43,02"
210930,PRESIDENTE VARGAS,MA,07/2022,390,277,"71,03",277,0,"100,00",113,"28,97",27,86,"22,05"
210930,PRESIDENTE VARGAS,MA,09/2022,398,77,"19,35",69,8,"89,61",321,"80,65",231,90,"22,61"
210930,PRESIDENTE VARGAS,MA,11/2022,405,301,"74,32",293,8,"97,34",104,"25,68",14,90,"22,22"
210940,PRIMEIRA CRUZ,MA,09/2022,563,280,"49,73",253,27,"90,36",283,"50,27",100,183,"32,50"
210940,PRIMEIRA CRUZ,MA,11/2022,523,257,"49,14",247,10,"96,11",266,"50,86",77,189,"36,14"
210940,PRIMEIRA CRUZ,MA,07/2022,584,452,"77,40",452,0,"100,00",132,"22,60",93,39,"6,68"
210945,RAPOSA,MA,11/2022,892,720,"80,72",698,22,"96,94",172,"19,28",23,149,"16,70"
210945,RAPOSA,MA,09/2022,925,740,"80,00",721,19,"97,43",185,"20,00",30,155,"16,76"
210945,RAPOSA,MA,07/2022,935,729,"77,97",727,2,"99,73",206,"22,03",104,102,"10,91"
210950,RIACHÃO,MA,11/2022,659,357,"54,17",354,3,"99,16",302,"45,83",6,296,"44,92"
210950,RIACHÃO,MA,09/2022,681,373,"54,77",365,8,"97,86",308,"45,23",7,301,"44,20"
210950,RIACHÃO,MA,07/2022,646,97,"15,02",97,0,"100,00",549,"84,98",315,234,"36,22"
210955,RIBAMAR FIQUENE,MA,07/2022,206,178,"86,41",178,0,"100,00",28,"13,59",4,24,"11,65"
210955,RIBAMAR FIQUENE,MA,09/2022,200,176,"88,00",175,1,"99,43",24,"12,00",1,23,"11,50"
210955,RIBAMAR FIQUENE,MA,11/2022,213,176,"82,63",176,0,"100,00",37,"17,37",4,33,"15,49"
210960,ROSÁRIO,MA,11/2022,1170,794,"67,86",782,12,"98,49",376,"32,14",6,370,"31,62"
210960,ROSÁRIO,MA,09/2022,1180,815,"69,07",789,26,"96,81",365,"30,93",8,357,"30,25"
210960,ROSÁRIO,MA,07/2022,1202,731,"60,82",730,1,"99,86",471,"39,18",65,406,"33,78"
210970,SAMBAÍBA,MA,09/2022,179,166,"92,74",165,1,"99,40",13,"7,26",4,9,"5,03"
210970,SAMBAÍBA,MA,11/2022,161,106,"65,84",106,0,"100,00",55,"34,16",2,53,"32,92"
210970,SAMBAÍBA,MA,07/2022,144,0,"0,00",0,0,,144,"100,00",128,16,"11,11"
210975,SANTA FILOMENA DO MARANHÃO,MA,07/2022,189,95,"50,26",93,2,"97,89",94,"49,74",7,87,"46,03"
210975,SANTA FILOMENA DO MARANHÃO,MA,11/2022,185,111,"60,00",110,1,"99,10",74,"40,00",1,73,"39,46"
210975,SANTA FILOMENA DO MARANHÃO,MA,09/2022,199,105,"52,76",104,1,"99,05",94,"47,24",3,91,"45,73"
210980,SANTA HELENA,MA,09/2022,1119,313,"27,97",283,30,"90,42",806,"72,03",734,72,"6,43"
210980,SANTA HELENA,MA,07/2022,1046,105,"10,04",65,40,"61,90",941,"89,96",872,69,"6,60"
210980,SANTA HELENA,MA,11/2022,1028,168,"16,34",155,13,"92,26",860,"83,66",763,97,"9,44"
210990,SANTA INÊS,MA,07/2022,2245,1420,"63,25",1356,64,"95,49",825,"36,75",269,556,"24,77"
210990,SANTA INÊS,MA,11/2022,2296,1172,"51,05",1093,79,"93,26",1124,"48,95",29,1095,"47,69"
210990,SANTA INÊS,MA,09/2022,2344,1459,"62,24",1455,4,"99,73",885,"37,76",37,848,"36,18"
211000,SANTA LUZIA,MA,11/2022,2047,979,"47,83",946,33,"96,63",1068,"52,17",29,1039,"50,76"
211000,SANTA LUZIA,MA,07/2022,2087,905,"43,36",839,66,"92,71",1182,"56,64",246,936,"44,85"
211000,SANTA LUZIA,MA,09/2022,2122,1050,"49,48",991,59,"94,38",1072,"50,52",52,1020,"48,07"
211003,SANTA LUZIA DO PARUÁ,MA,09/2022,822,730,"88,81",716,14,"98,08",92,"11,19",29,63,"7,66"
211003,SANTA LUZIA DO PARUÁ,MA,07/2022,766,683,"89,16",672,11,"98,39",83,"10,84",17,66,"8,62"
211003,SANTA LUZIA DO PARUÁ,MA,11/2022,749,689,"91,99",678,11,"98,40",60,"8,01",7,53,"7,08"
211010,SANTA QUITÉRIA DO MARANHÃO,MA,07/2022,1156,676,"58,48",672,4,"99,41",480,"41,52",34,446,"38,58"
211010,SANTA QUITÉRIA DO MARANHÃO,MA,09/2022,1191,656,"55,08",598,58,"91,16",535,"44,92",54,481,"40,39"
211010,SANTA QUITÉRIA DO MARANHÃO,MA,11/2022,1070,595,"55,61",574,21,"96,47",475,"44,39",2,473,"44,21"
211020,SANTA RITA,MA,07/2022,1116,938,"84,05",936,2,"99,79",178,"15,95",65,113,"10,13"
211020,SANTA RITA,MA,11/2022,1102,981,"89,02",976,5,"99,49",121,"10,98",8,113,"10,25"
211020,SANTA RITA,MA,09/2022,1101,983,"89,28",982,1,"99,90",118,"10,72",10,108,"9,81"
211023,SANTANA DO MARANHÃO,MA,09/2022,294,256,"87,07",234,22,"91,41",38,"12,93",10,28,"9,52"
211023,SANTANA DO MARANHÃO,MA,07/2022,300,266,"88,67",254,12,"95,49",34,"11,33",13,21,"7,00"
211023,SANTANA DO MARANHÃO,MA,11/2022,266,239,"89,85",236,3,"98,74",27,"10,15",2,25,"9,40"
211027,SANTO AMARO DO MARANHÃO,MA,07/2022,526,398,"75,67",382,16,"95,98",128,"24,33",18,110,"20,91"
211027,SANTO AMARO DO MARANHÃO,MA,09/2022,556,404,"72,66",401,3,"99,26",152,"27,34",8,144,"25,90"
211027,SANTO AMARO DO MARANHÃO,MA,11/2022,550,362,"65,82",350,12,"96,69",188,"34,18",10,178,"32,36"
211030,SANTO ANTÔNIO DOS LOPES,MA,11/2022,417,274,"65,71",274,0,"100,00",143,"34,29",3,140,"33,57"
211030,SANTO ANTÔNIO DOS LOPES,MA,09/2022,424,273,"64,39",273,0,"100,00",151,"35,61",8,143,"33,73"
211030,SANTO ANTÔNIO DOS LOPES,MA,07/2022,395,259,"65,57",258,1,"99,61",136,"34,43",11,125,"31,65"
211040,SÃO BENEDITO DO RIO PRETO,MA,09/2022,836,773,"92,46",739,34,"95,60",63,"7,54",7,56,"6,70"
211040,SÃO BENEDITO DO RIO PRETO,MA,11/2022,801,746,"93,13",731,15,"97,99",55,"6,87",9,46,"5,74"
211040,SÃO BENEDITO DO RIO PRETO,MA,07/2022,809,743,"91,84",738,5,"99,33",66,"8,16",15,51,"6,30"
211050,SÃO BENTO,MA,07/2022,1188,1030,"86,70",1029,1,"99,90",158,"13,30",36,122,"10,27"
211050,SÃO BENTO,MA,09/2022,1226,1037,"84,58",1036,1,"99,90",189,"15,42",42,147,"11,99"
211050,SÃO BENTO,MA,11/2022,1159,966,"83,35",965,1,"99,90",193,"16,65",38,155,"13,37"
211060,SÃO BERNARDO,MA,11/2022,1017,922,"90,66",922,0,"100,00",95,"9,34",6,89,"8,75"
211060,SÃO BERNARDO,MA,09/2022,1059,702,"66,29",702,0,"100,00",357,"33,71",262,95,"8,97"
211060,SÃO BERNARDO,MA,07/2022,1050,965,"91,90",965,0,"100,00",85,"8,10",15,70,"6,67"
211065,SÃO DOMINGOS DO AZEITÃO,MA,09/2022,262,236,"90,08",234,2,"99,15",26,"9,92",4,22,"8,40"
211065,SÃO DOMINGOS DO AZEITÃO,MA,11/2022,252,220,"87,30",220,0,"100,00",32,"12,70",12,20,"7,94"
211065,SÃO DOMINGOS DO AZEITÃO,MA,07/2022,236,0,"0,00",0,0,,236,"100,00",216,20,"8,47"
211070,SÃO DOMINGOS DO MARANHÃO,MA,09/2022,1052,857,"81,46",817,40,"95,33",195,"18,54",9,186,"17,68"
211070,SÃO DOMINGOS DO MARANHÃO,MA,11/2022,1011,834,"82,49",801,33,"96,04",177,"17,51",3,174,"17,21"
211070,SÃO DOMINGOS DO MARANHÃO,MA,07/2022,1026,591,"57,60",564,27,"95,43",435,"42,40",88,347,"33,82"
211080,SÃO FÉLIX DE BALSAS,MA,09/2022,123,103,"83,74",103,0,"100,00",20,"16,26",1,19,"15,45"
211080,SÃO FÉLIX DE BALSAS,MA,07/2022,122,68,"55,74",67,1,"98,53",54,"44,26",35,19,"15,57"
211080,SÃO FÉLIX DE BALSAS,MA,11/2022,124,104,"83,87",99,5,"95,19",20,"16,13",2,18,"14,52"
211085,SÃO FRANCISCO DO BREJÃO,MA,07/2022,253,2,"0,79",2,0,"100,00",251,"99,21",236,15,"5,93"
211085,SÃO FRANCISCO DO BREJÃO,MA,11/2022,281,202,"71,89",198,4,"98,02",79,"28,11",13,66,"23,49"
211085,SÃO FRANCISCO DO BREJÃO,MA,09/2022,283,131,"46,29",131,0,"100,00",152,"53,71",131,21,"7,42"
211090,SÃO FRANCISCO DO MARANHÃO,MA,07/2022,348,305,"87,64",305,0,"100,00",43,"12,36",2,41,"11,78"
211090,SÃO FRANCISCO DO MARANHÃO,MA,11/2022,341,299,"87,68",299,0,"100,00",42,"12,32",0,42,"12,32"
211090,SÃO FRANCISCO DO MARANHÃO,MA,09/2022,360,149,"41,39",149,0,"100,00",211,"58,61",170,41,"11,39"
211100,SÃO JOÃO BATISTA,MA,07/2022,692,348,"50,29",348,0,"100,00",344,"49,71",290,54,"7,80"
211100,SÃO JOÃO BATISTA,MA,11/2022,700,565,"80,71",564,1,"99,82",135,"19,29",22,113,"16,14"
211100,SÃO JOÃO BATISTA,MA,09/2022,712,635,"89,19",635,0,"100,00",77,"10,81",20,57,"8,01"
211102,SÃO JOÃO DO CARÚ,MA,09/2022,551,252,"45,74",220,32,"87,30",299,"54,26",55,244,"44,28"
211102,SÃO JOÃO DO CARÚ,MA,11/2022,503,269,"53,48",243,26,"90,33",234,"46,52",5,229,"45,53"
211102,SÃO JOÃO DO CARÚ,MA,07/2022,529,66,"12,48",48,18,"72,73",463,"87,52",334,129,"24,39"
211105,SÃO JOÃO DO PARAÍSO,MA,07/2022,239,0,"0,00",0,0,,239,"100,00",214,25,"10,46"
211105,SÃO JOÃO DO PARAÍSO,MA,11/2022,269,223,"82,90",223,0,"100,00",46,"17,10",9,37,"13,75"
211105,SÃO JOÃO DO PARAÍSO,MA,09/2022,256,229,"89,45",229,0,"100,00",27,"10,55",0,27,"10,55"
211107,SÃO JOÃO DO SOTER,MA,09/2022,741,668,"90,15",668,0,"100,00",73,"9,85",9,64,"8,64"
211107,SÃO JOÃO DO SOTER,MA,07/2022,701,635,"90,58",635,0,"100,00",66,"9,42",10,56,"7,99"
211107,SÃO JOÃO DO SOTER,MA,11/2022,711,641,"90,15",641,0,"100,00",70,"9,85",5,65,"9,14"
211110,SÃO JOÃO DOS PATOS,MA,11/2022,724,694,"95,86",692,2,"99,71",30,"4,14",2,28,"3,87"
211110,SÃO JOÃO DOS PATOS,MA,09/2022,762,725,"95,14",724,1,"99,86",37,"4,86",3,34,"4,46"
211110,SÃO JOÃO DOS PATOS,MA,07/2022,716,670,"93,58",664,6,"99,10",46,"6,42",5,41,"5,73"
211120,SÃO JOSÉ DE RIBAMAR,MA,09/2022,3557,374,"10,51",302,72,"80,75",3183,"89,49",2268,915,"25,72"
211120,SÃO JOSÉ DE RIBAMAR,MA,11/2022,3722,1028,"27,62",993,35,"96,60",2694,"72,38",1468,1226,"32,94"
211120,SÃO JOSÉ DE RIBAMAR,MA,07/2022,4134,314,"7,60",314,0,"100,00",3820,"92,40",3037,783,"18,94"
211125,SÃO JOSÉ DOS BASÍLIOS,MA,07/2022,230,161,"70,00",124,37,"77,02",69,"30,00",5,64,"27,83"
211125,SÃO JOSÉ DOS BASÍLIOS,MA,09/2022,233,177,"75,97",140,37,"79,10",56,"24,03",8,48,"20,60"
211125,SÃO JOSÉ DOS BASÍLIOS,MA,11/2022,211,164,"77,73",138,26,"84,15",47,"22,27",8,39,"18,48"
211130,SÃO LUÍS,MA,07/2022,14864,1,"0,01",1,0,"100,00",14863,"99,99",12720,2143,"14,42"
211130,SÃO LUÍS,MA,11/2022,17891,9418,"52,64",9314,104,"98,90",8473,"47,36",3937,4536,"25,35"
211130,SÃO LUÍS,MA,09/2022,18813,12557,"66,75",12533,24,"99,81",6256,"33,25",3440,2816,"14,97"
211140,SÃO LUÍS GONZAGA DO MARANHÃO,MA,07/2022,664,330,"49,70",330,0,"100,00",334,"50,30",212,122,"18,37"
211140,SÃO LUÍS GONZAGA DO MARANHÃO,MA,11/2022,696,542,"77,87",540,2,"99,63",154,"22,13",12,142,"20,40"
211140,SÃO LUÍS GONZAGA DO MARANHÃO,MA,09/2022,706,551,"78,05",544,7,"98,73",155,"21,95",25,130,"18,41"
211150,SÃO MATEUS DO MARANHÃO,MA,09/2022,1189,901,"75,78",901,0,"100,00",288,"24,22",225,63,"5,30"
211150,SÃO MATEUS DO MARANHÃO,MA,11/2022,1171,1023,"87,36",1023,0,"100,00",148,"12,64",80,68,"5,81"
211150,SÃO MATEUS DO MARANHÃO,MA,07/2022,1092,0,"0,00",0,0,,1092,"100,00",1024,68,"6,23"
211153,SÃO PEDRO DA ÁGUA BRANCA,MA,07/2022,313,0,"0,00",0,0,,313,"100,00",298,15,"4,79"
211153,SÃO PEDRO DA ÁGUA BRANCA,MA,09/2022,324,74,"22,84",73,1,"98,65",250,"77,16",207,43,"13,27"
211153,SÃO PEDRO DA ÁGUA BRANCA,MA,11/2022,323,199,"61,61",197,2,"98,99",124,"38,39",11,113,"34,98"
211157,SÃO PEDRO DOS CRENTES,MA,09/2022,154,119,"77,27",107,12,"89,92",35,"22,73",0,35,"22,73"
211157,SÃO PEDRO DOS CRENTES,MA,07/2022,159,109,"68,55",101,8,"92,66",50,"31,45",7,43,"27,04"
211157,SÃO PEDRO DOS CRENTES,MA,11/2022,147,109,"74,15",100,9,"91,74",38,"25,85",1,37,"25,17"
211160,SÃO RAIMUNDO DAS MANGABEIRAS,MA,11/2022,467,388,"83,08",364,24,"93,81",79,"16,92",11,68,"14,56"
211160,SÃO RAIMUNDO DAS MANGABEIRAS,MA,09/2022,488,414,"84,84",359,55,"86,71",74,"15,16",11,63,"12,91"
211160,SÃO RAIMUNDO DAS MANGABEIRAS,MA,07/2022,472,346,"73,31",341,5,"98,55",126,"26,69",16,110,"23,31"
211163,SÃO RAIMUNDO DO DOCA BEZERRA,MA,11/2022,238,146,"61,34",135,11,"92,47",92,"38,66",7,85,"35,71"
211163,SÃO RAIMUNDO DO DOCA BEZERRA,MA,07/2022,234,0,"0,00",0,0,,234,"100,00",222,12,"5,13"
211163,SÃO RAIMUNDO DO DOCA BEZERRA,MA,09/2022,237,86,"36,29",81,5,"94,19",151,"63,71",96,55,"23,21"
211167,SÃO ROBERTO,MA,09/2022,208,181,"87,02",181,0,"100,00",27,"12,98",2,25,"12,02"
211167,SÃO ROBERTO,MA,07/2022,201,177,"88,06",177,0,"100,00",24,"11,94",2,22,"10,95"
211167,SÃO ROBERTO,MA,11/2022,203,177,"87,19",177,0,"100,00",26,"12,81",0,26,"12,81"
211170,SÃO VICENTE FERRER,MA,11/2022,675,555,"82,22",554,1,"99,82",120,"17,78",6,114,"16,89"
211170,SÃO VICENTE FERRER,MA,09/2022,689,525,"76,20",524,1,"99,81",164,"23,80",38,126,"18,29"
211170,SÃO VICENTE FERRER,MA,07/2022,678,517,"76,25",517,0,"100,00",161,"23,75",34,127,"18,73"
211172,SATUBINHA,MA,07/2022,287,183,"63,76",182,1,"99,45",104,"36,24",66,38,"13,24"
211172,SATUBINHA,MA,09/2022,277,46,"16,61",39,7,"84,78",231,"83,39",91,140,"50,54"
211172,SATUBINHA,MA,11/2022,272,101,"37,13",97,4,"96,04",171,"62,87",28,143,"52,57"
211174,SENADOR ALEXANDRE COSTA,MA,09/2022,458,338,"73,80",338,0,"100,00",120,"26,20",4,116,"25,33"
211174,SENADOR ALEXANDRE COSTA,MA,07/2022,458,329,"71,83",292,37,"88,75",129,"28,17",8,121,"26,42"
211174,SENADOR ALEXANDRE COSTA,MA,11/2022,407,293,"71,99",293,0,"100,00",114,"28,01",3,111,"27,27"
211176,SENADOR LA ROCQUE,MA,11/2022,521,329,"63,15",328,1,"99,70",192,"36,85",5,187,"35,89"
211176,SENADOR LA ROCQUE,MA,09/2022,530,303,"57,17",303,0,"100,00",227,"42,83",3,224,"42,26"
211176,SENADOR LA ROCQUE,MA,07/2022,478,3,"0,63",3,0,"100,00",475,"99,37",406,69,"14,44"
211178,SERRANO DO MARANHÃO,MA,11/2022,454,205,"45,15",205,0,"100,00",249,"54,85",228,21,"4,63"
211178,SERRANO DO MARANHÃO,MA,07/2022,476,388,"81,51",388,0,"100,00",88,"18,49",57,31,"6,51"
211178,SERRANO DO MARANHÃO,MA,09/2022,487,413,"84,80",403,10,"97,58",74,"15,20",58,16,"3,29"
211180,SÍTIO NOVO,MA,09/2022,604,501,"82,95",488,13,"97,41",103,"17,05",7,96,"15,89"
211180,SÍTIO NOVO,MA,07/2022,607,504,"83,03",500,4,"99,21",103,"16,97",10,93,"15,32"
211180,SÍTIO NOVO,MA,11/2022,573,467,"81,50",427,40,"91,43",106,"18,50",3,103,"17,98"
211190,SUCUPIRA DO NORTE,MA,09/2022,323,288,"89,16",268,20,"93,06",35,"10,84",3,32,"9,91"
211190,SUCUPIRA DO NORTE,MA,11/2022,307,264,"85,99",247,17,"93,56",43,"14,01",2,41,"13,36"
211190,SUCUPIRA DO NORTE,MA,07/2022,320,292,"91,25",282,10,"96,58",28,"8,75",7,21,"6,56"
211195,SUCUPIRA DO RIACHÃO,MA,09/2022,169,117,"69,23",109,8,"93,16",52,"30,77",18,34,"20,12"
211195,SUCUPIRA DO RIACHÃO,MA,07/2022,163,136,"83,44",134,2,"98,53",27,"16,56",1,26,"15,95"
211195,SUCUPIRA DO RIACHÃO,MA,11/2022,171,129,"75,44",126,3,"97,67",42,"24,56",1,41,"23,98"
211200,TASSO FRAGOSO,MA,09/2022,242,185,"76,45",185,0,"100,00",57,"23,55",12,45,"18,60"
211200,TASSO FRAGOSO,MA,07/2022,241,194,"80,50",193,1,"99,48",47,"19,50",5,42,"17,43"
211200,TASSO FRAGOSO,MA,11/2022,235,178,"75,74",177,1,"99,44",57,"24,26",10,47,"20,00"
211210,TIMBIRAS,MA,07/2022,890,429,"48,20",429,0,"100,00",461,"51,80",310,151,"16,97"
211210,TIMBIRAS,MA,09/2022,920,735,"79,89",735,0,"100,00",185,"20,11",23,162,"17,61"
211210,TIMBIRAS,MA,11/2022,892,670,"75,11",670,0,"100,00",222,"24,89",48,174,"19,51"
211220,TIMON,MA,07/2022,3922,3307,"84,32",3300,7,"99,79",615,"15,68",69,546,"13,92"
211220,TIMON,MA,09/2022,4128,2652,"64,24",2636,16,"99,40",1476,"35,76",798,678,"16,42"
211220,TIMON,MA,11/2022,4050,3112,"76,84",3112,0,"100,00",938,"23,16",58,880,"21,73"
211223,TRIZIDELA DO VALE,MA,11/2022,508,191,"37,60",186,5,"97,38",317,"62,40",4,313,"61,61"
211223,TRIZIDELA DO VALE,MA,07/2022,500,275,"55,00",274,1,"99,64",225,"45,00",88,137,"27,40"
211223,TRIZIDELA DO VALE,MA,09/2022,509,330,"64,83",330,0,"100,00",179,"35,17",43,136,"26,72"
211227,TUFILÂNDIA,MA,07/2022,284,240,"84,51",240,0,"100,00",44,"15,49",16,28,"9,86"
211227,TUFILÂNDIA,MA,11/2022,286,234,"81,82",234,0,"100,00",52,"18,18",5,47,"16,43"
211227,TUFILÂNDIA,MA,09/2022,287,238,"82,93",238,0,"100,00",49,"17,07",7,42,"14,63"
211230,TUNTUM,MA,09/2022,894,242,"27,07",219,23,"90,50",652,"72,93",111,541,"60,51"
211230,TUNTUM,MA,11/2022,902,410,"45,45",389,21,"94,88",492,"54,55",5,487,"53,99"
211230,TUNTUM,MA,07/2022,855,83,"9,71",64,19,"77,11",772,"90,29",428,344,"40,23"
211240,TURIAÇU,MA,11/2022,1230,952,"77,40",945,7,"99,26",278,"22,60",19,259,"21,06"
211240,TURIAÇU,MA,07/2022,1268,315,"24,84",287,28,"91,11",953,"75,16",726,227,"17,90"
211240,TURIAÇU,MA,09/2022,1302,1016,"78,03",980,36,"96,46",286,"21,97",27,259,"19,89"
211245,TURILÂNDIA,MA,11/2022,991,420,"42,38",420,0,"100,00",571,"57,62",69,502,"50,66"
211245,TURILÂNDIA,MA,07/2022,1044,781,"74,81",781,0,"100,00",263,"25,19",110,153,"14,66"
211245,TURILÂNDIA,MA,09/2022,983,187,"19,02",187,0,"100,00",796,"80,98",416,380,"38,66"
211250,TUTÓIA,MA,09/2022,2057,474,"23,04",430,44,"90,72",1583,"76,96",631,952,"46,28"
211250,TUTÓIA,MA,07/2022,1932,408,"21,12",405,3,"99,26",1524,"78,88",1383,141,"7,30"
211250,TUTÓIA,MA,11/2022,1960,838,"42,76",770,68,"91,89",1122,"57,24",103,1019,"51,99"
211260,URBANO SANTOS,MA,07/2022,1495,1026,"68,63",1021,5,"99,51",469,"31,37",93,376,"25,15"
211260,URBANO SANTOS,MA,11/2022,1518,950,"62,58",943,7,"99,26",568,"37,42",14,554,"36,50"
211260,URBANO SANTOS,MA,09/2022,1523,624,"40,97",619,5,"99,20",899,"59,03",460,439,"28,82"
211270,VARGEM GRANDE,MA,07/2022,1547,967,"62,51",967,0,"100,00",580,"37,49",467,113,"7,30"
211270,VARGEM GRANDE,MA,09/2022,1606,585,"36,43",542,43,"92,65",1021,"63,57",69,952,"59,28"
211270,VARGEM GRANDE,MA,11/2022,1546,576,"37,26",555,21,"96,35",970,"62,74",86,884,"57,18"
211280,VIANA,MA,07/2022,1673,1581,"94,50",1530,51,"96,77",92,"5,50",25,67,"4,00"
211280,VIANA,MA,11/2022,1664,1575,"94,65",1547,28,"98,22",89,"5,35",9,80,"4,81"
211280,VIANA,MA,09/2022,1730,1627,"94,05",1617,10,"99,39",103,"5,95",25,78,"4,51"
211285,VILA NOVA DOS MARTÍRIOS,MA,09/2022,282,244,"86,52",242,2,"99,18",38,"13,48",3,35,"12,41"
211285,VILA NOVA DOS MARTÍRIOS,MA,11/2022,271,268,"98,89",245,23,"91,42",3,"1,11",0,3,"1,11"
211285,VILA NOVA DOS MARTÍRIOS,MA,07/2022,268,230,"85,82",230,0,"100,00",38,"14,18",3,35,"13,06"
211290,VITÓRIA DO MEARIM,MA,11/2022,1131,1069,"94,52",1066,3,"99,72",62,"5,48",2,60,"5,31"
211290,VITÓRIA DO MEARIM,MA,07/2022,1090,1028,"94,31",1019,9,"99,12",62,"5,69",13,49,"4,50"
211290,VITÓRIA DO MEARIM,MA,09/2022,1151,1096,"95,22",1080,16,"98,54",55,"4,78",0,55,"4,78"
211300,VITORINO FREIRE,MA,09/2022,901,71,"7,88",57,14,"80,28",830,"92,12",413,417,"46,28"
211300,VITORINO FREIRE,MA,11/2022,856,456,"53,27",456,0,"100,00",400,"46,73",5,395,"46,14"
211300,VITORINO FREIRE,MA,07/2022,919,335,"36,45",274,61,"81,79",584,"63,55",198,386,"42,00"
211400,ZÉ DOCA,MA,07/2022,1236,201,"16,26",193,8,"96,02",1035,"83,74",785,250,"20,23"
211400,ZÉ DOCA,MA,11/2022,1298,808,"62,25",774,34,"95,79",490,"37,75",60,430,"33,13"
211400,ZÉ DOCA,MA,09/2022,1343,908,"67,61",865,43,"95,26",435,"32,39",29,406,"30,23"
310010,ABADIA DOS DOURADOS,MG,09/2022,54,54,"100,00",54,0,"100,00",0,"0,00",0,0,"0,00"
310010,ABADIA DOS DOURADOS,MG,11/2022,57,55,"96,49",55,0,"100,00",2,"3,51",0,2,"3,51"
310010,ABADIA DOS DOURADOS,MG,07/2022,47,46,"97,87",46,0,"100,00",1,"2,13",0,1,"2,13"
310020,ABAETÉ,MG,07/2022,163,125,"76,69",109,16,"87,20",38,"23,31",1,37,"22,70"
310020,ABAETÉ,MG,11/2022,180,141,"78,33",115,26,"81,56",39,"21,67",0,39,"21,67"
310020,ABAETÉ,MG,09/2022,168,134,"79,76",104,30,"77,61",34,"20,24",1,33,"19,64"
310030,ABRE CAMPO,MG,09/2022,194,182,"93,81",180,2,"98,90",12,"6,19",0,12,"6,19"
310030,ABRE CAMPO,MG,11/2022,177,170,"96,05",167,3,"98,24",7,"3,95",1,6,"3,39"
310030,ABRE CAMPO,MG,07/2022,178,161,"90,45",153,8,"95,03",17,"9,55",16,1,"0,56"
310040,ACAIACA,MG,11/2022,66,49,"74,24",48,1,"97,96",17,"25,76",0,17,"25,76"
310040,ACAIACA,MG,07/2022,61,50,"81,97",50,0,"100,00",11,"18,03",2,9,"14,75"
310040,ACAIACA,MG,09/2022,73,55,"75,34",54,1,"98,18",18,"24,66",2,16,"21,92"
310050,AÇUCENA,MG,09/2022,159,132,"83,02",100,32,"75,76",27,"16,98",4,23,"14,47"
310050,AÇUCENA,MG,07/2022,163,134,"82,21",105,29,"78,36",29,"17,79",6,23,"14,11"
310050,AÇUCENA,MG,11/2022,160,136,"85,00",72,64,"52,94",24,"15,00",1,23,"14,38"
310060,ÁGUA BOA,MG,07/2022,355,330,"92,96",329,1,"99,70",25,"7,04",0,25,"7,04"
310060,ÁGUA BOA,MG,11/2022,341,319,"93,55",319,0,"100,00",22,"6,45",0,22,"6,45"
310060,ÁGUA BOA,MG,09/2022,376,350,"93,09",350,0,"100,00",26,"6,91",3,23,"6,12"
310070,ÁGUA COMPRIDA,MG,09/2022,21,17,"80,95",17,0,"100,00",4,"19,05",0,4,"19,05"
310070,ÁGUA COMPRIDA,MG,07/2022,18,14,"77,78",13,1,"92,86",4,"22,22",0,4,"22,22"
310070,ÁGUA COMPRIDA,MG,11/2022,20,17,"85,00",15,2,"88,24",3,"15,00",1,2,"10,00"
310080,AGUANIL,MG,11/2022,47,34,"72,34",34,0,"100,00",13,"27,66",0,13,"27,66"
310080,AGUANIL,MG,07/2022,45,29,"64,44",29,0,"100,00",16,"35,56",1,15,"33,33"
310080,AGUANIL,MG,09/2022,48,31,"64,58",31,0,"100,00",17,"35,42",1,16,"33,33"
310090,ÁGUAS FORMOSAS,MG,09/2022,401,303,"75,56",256,47,"84,49",98,"24,44",2,96,"23,94"
310090,ÁGUAS FORMOSAS,MG,11/2022,392,308,"78,57",284,24,"92,21",84,"21,43",4,80,"20,41"
310090,ÁGUAS FORMOSAS,MG,07/2022,395,210,"53,16",184,26,"87,62",185,"46,84",2,183,"46,33"
310100,ÁGUAS VERMELHAS,MG,11/2022,363,339,"93,39",285,54,"84,07",24,"6,61",0,24,"6,61"
310100,ÁGUAS VERMELHAS,MG,07/2022,389,366,"94,09",329,37,"89,89",23,"5,91",0,23,"5,91"
310100,ÁGUAS VERMELHAS,MG,09/2022,399,380,"95,24",340,40,"89,47",19,"4,76",1,18,"4,51"
310110,AIMORÉS,MG,09/2022,347,172,"49,57",156,16,"90,70",175,"50,43",0,175,"50,43"
310110,AIMORÉS,MG,11/2022,342,170,"49,71",161,9,"94,71",172,"50,29",6,166,"48,54"
310110,AIMORÉS,MG,07/2022,332,164,"49,40",157,7,"95,73",168,"50,60",4,164,"49,40"
310120,AIURUOCA,MG,07/2022,49,41,"83,67",41,0,"100,00",8,"16,33",0,8,"16,33"
310120,AIURUOCA,MG,11/2022,54,39,"72,22",36,3,"92,31",15,"27,78",0,15,"27,78"
310120,AIURUOCA,MG,09/2022,50,41,"82,00",41,0,"100,00",9,"18,00",0,9,"18,00"
310130,ALAGOA,MG,09/2022,37,31,"83,78",31,0,"100,00",6,"16,22",0,6,"16,22"
310130,ALAGOA,MG,07/2022,36,16,"44,44",16,0,"100,00",20,"55,56",15,5,"13,89"
310130,ALAGOA,MG,11/2022,41,36,"87,80",36,0,"100,00",5,"12,20",0,5,"12,20"
310140,ALBERTINA,MG,11/2022,27,6,"22,22",6,0,"100,00",21,"77,78",9,12,"44,44"
310140,ALBERTINA,MG,07/2022,23,3,"13,04",3,0,"100,00",20,"86,96",10,10,"43,48"
310140,ALBERTINA,MG,09/2022,28,16,"57,14",16,0,"100,00",12,"42,86",0,12,"42,86"
310150,ALÉM PARAÍBA,MG,09/2022,353,263,"74,50",261,2,"99,24",90,"25,50",0,90,"25,50"
310150,ALÉM PARAÍBA,MG,11/2022,356,267,"75,00",266,1,"99,63",89,"25,00",0,89,"25,00"
310150,ALÉM PARAÍBA,MG,07/2022,332,235,"70,78",229,6,"97,45",97,"29,22",26,71,"21,39"
310160,ALFENAS,MG,11/2022,569,245,"43,06",232,13,"94,69",324,"56,94",73,251,"44,11"
310160,ALFENAS,MG,07/2022,508,179,"35,24",170,9,"94,97",329,"64,76",135,194,"38,19"
310160,ALFENAS,MG,09/2022,568,172,"30,28",149,23,"86,63",396,"69,72",145,251,"44,19"
310163,ALFREDO VASCONCELOS,MG,09/2022,72,39,"54,17",28,11,"71,79",33,"45,83",0,33,"45,83"
310163,ALFREDO VASCONCELOS,MG,11/2022,75,48,"64,00",41,7,"85,42",27,"36,00",0,27,"36,00"
310163,ALFREDO VASCONCELOS,MG,07/2022,68,37,"54,41",26,11,"70,27",31,"45,59",0,31,"45,59"
310170,ALMENARA,MG,11/2022,886,664,"74,94",655,9,"98,64",222,"25,06",40,182,"20,54"
310170,ALMENARA,MG,07/2022,869,600,"69,04",586,14,"97,67",269,"30,96",88,181,"20,83"
310170,ALMENARA,MG,09/2022,945,720,"76,19",719,1,"99,86",225,"23,81",30,195,"20,63"
310180,ALPERCATA,MG,09/2022,114,41,"35,96",41,0,"100,00",73,"64,04",5,68,"59,65"
310180,ALPERCATA,MG,07/2022,106,46,"43,40",36,10,"78,26",60,"56,60",2,58,"54,72"
310180,ALPERCATA,MG,11/2022,114,50,"43,86",49,1,"98,00",64,"56,14",2,62,"54,39"
310190,ALPINÓPOLIS,MG,07/2022,153,108,"70,59",101,7,"93,52",45,"29,41",0,45,"29,41"
310190,ALPINÓPOLIS,MG,11/2022,157,154,"98,09",143,11,"92,86",3,"1,91",0,3,"1,91"
310190,ALPINÓPOLIS,MG,09/2022,161,142,"88,20",131,11,"92,25",19,"11,80",2,17,"10,56"
310200,ALTEROSA,MG,09/2022,164,126,"76,83",102,24,"80,95",38,"23,17",0,38,"23,17"
310200,ALTEROSA,MG,11/2022,152,147,"96,71",119,28,"80,95",5,"3,29",0,5,"3,29"
310200,ALTEROSA,MG,07/2022,147,144,"97,96",103,41,"71,53",3,"2,04",2,1,"0,68"
310205,ALTO CAPARAÓ,MG,11/2022,94,71,"75,53",55,16,"77,46",23,"24,47",1,22,"23,40"
310205,ALTO CAPARAÓ,MG,07/2022,84,62,"73,81",40,22,"64,52",22,"26,19",2,20,"23,81"
310205,ALTO CAPARAÓ,MG,09/2022,94,72,"76,60",54,18,"75,00",22,"23,40",2,20,"21,28"
310210,ALTO RIO DOCE,MG,07/2022,189,132,"69,84",126,6,"95,45",57,"30,16",6,51,"26,98"
310210,ALTO RIO DOCE,MG,09/2022,198,146,"73,74",146,0,"100,00",52,"26,26",0,52,"26,26"
310210,ALTO RIO DOCE,MG,11/2022,201,153,"76,12",153,0,"100,00",48,"23,88",1,47,"23,38"
310220,ALVARENGA,MG,09/2022,94,53,"56,38",47,6,"88,68",41,"43,62",4,37,"39,36"
310220,ALVARENGA,MG,11/2022,87,55,"63,22",51,4,"92,73",32,"36,78",1,31,"35,63"
310220,ALVARENGA,MG,07/2022,92,54,"58,70",47,7,"87,04",38,"41,30",2,36,"39,13"
310230,ALVINÓPOLIS,MG,07/2022,178,40,"22,47",39,1,"97,50",138,"77,53",133,5,"2,81"
310230,ALVINÓPOLIS,MG,11/2022,193,47,"24,35",45,2,"95,74",146,"75,65",140,6,"3,11"
310230,ALVINÓPOLIS,MG,09/2022,194,43,"22,16",42,1,"97,67",151,"77,84",145,6,"3,09"
310240,ALVORADA DE MINAS,MG,09/2022,99,81,"81,82",68,13,"83,95",18,"18,18",0,18,"18,18"
310240,ALVORADA DE MINAS,MG,07/2022,89,76,"85,39",74,2,"97,37",13,"14,61",0,13,"14,61"
310240,ALVORADA DE MINAS,MG,11/2022,101,81,"80,20",81,0,"100,00",20,"19,80",0,20,"19,80"
310250,AMPARO DO SERRA,MG,11/2022,94,76,"80,85",59,17,"77,63",18,"19,15",0,18,"19,15"
310250,AMPARO DO SERRA,MG,07/2022,86,71,"82,56",63,8,"88,73",15,"17,44",0,15,"17,44"
310250,AMPARO DO SERRA,MG,09/2022,93,70,"75,27",58,12,"82,86",23,"24,73",0,23,"24,73"
310260,ANDRADAS,MG,09/2022,154,99,"64,29",79,20,"79,80",55,"35,71",2,53,"34,42"
310260,ANDRADAS,MG,07/2022,142,85,"59,86",65,20,"76,47",57,"40,14",1,56,"39,44"
310260,ANDRADAS,MG,11/2022,158,100,"63,29",85,15,"85,00",58,"36,71",2,56,"35,44"
310270,CACHOEIRA DE PAJEÚ,MG,11/2022,255,206,"80,78",192,14,"93,20",49,"19,22",4,45,"17,65"
310270,CACHOEIRA DE PAJEÚ,MG,07/2022,260,200,"76,92",194,6,"97,00",60,"23,08",4,56,"21,54"
310270,CACHOEIRA DE PAJEÚ,MG,09/2022,266,205,"77,07",196,9,"95,61",61,"22,93",4,57,"21,43"
310280,ANDRELÂNDIA,MG,09/2022,181,172,"95,03",141,31,"81,98",9,"4,97",0,9,"4,97"
310280,ANDRELÂNDIA,MG,11/2022,148,143,"96,62",143,0,"100,00",5,"3,38",0,5,"3,38"
310280,ANDRELÂNDIA,MG,07/2022,172,154,"89,53",149,5,"96,75",18,"10,47",0,18,"10,47"
310285,ANGELÂNDIA,MG,07/2022,223,185,"82,96",172,13,"92,97",38,"17,04",30,8,"3,59"
310285,ANGELÂNDIA,MG,11/2022,213,190,"89,20",165,25,"86,84",23,"10,80",0,23,"10,80"
310285,ANGELÂNDIA,MG,09/2022,222,28,"12,61",3,25,"10,71",194,"87,39",171,23,"10,36"
310290,ANTÔNIO CARLOS,MG,09/2022,87,75,"86,21",74,1,"98,67",12,"13,79",1,11,"12,64"
310290,ANTÔNIO CARLOS,MG,11/2022,100,82,"82,00",81,1,"98,78",18,"18,00",1,17,"17,00"
310290,ANTÔNIO CARLOS,MG,07/2022,94,58,"61,70",58,0,"100,00",36,"38,30",14,22,"23,40"
310300,ANTÔNIO DIAS,MG,07/2022,141,91,"64,54",81,10,"89,01",50,"35,46",24,26,"18,44"
310300,ANTÔNIO DIAS,MG,11/2022,137,116,"84,67",96,20,"82,76",21,"15,33",2,19,"13,87"
310300,ANTÔNIO DIAS,MG,09/2022,143,112,"78,32",99,13,"88,39",31,"21,68",10,21,"14,69"
310310,ANTÔNIO PRADO DE MINAS,MG,09/2022,26,21,"80,77",21,0,"100,00",5,"19,23",0,5,"19,23"
310310,ANTÔNIO PRADO DE MINAS,MG,07/2022,26,22,"84,62",20,2,"90,91",4,"15,38",0,4,"15,38"
310310,ANTÔNIO PRADO DE MINAS,MG,11/2022,24,21,"87,50",21,0,"100,00",3,"12,50",0,3,"12,50"
310320,ARAÇAÍ,MG,07/2022,30,27,"90,00",25,2,"92,59",3,"10,00",1,2,"6,67"
310320,ARAÇAÍ,MG,11/2022,27,27,"100,00",25,2,"92,59",0,"0,00",0,0,"0,00"
310320,ARAÇAÍ,MG,09/2022,27,26,"96,30",25,1,"96,15",1,"3,70",0,1,"3,70"
310330,ARACITABA,MG,09/2022,16,14,"87,50",11,3,"78,57",2,"12,50",0,2,"12,50"
310330,ARACITABA,MG,11/2022,17,15,"88,24",13,2,"86,67",2,"11,76",0,2,"11,76"
310330,ARACITABA,MG,07/2022,13,10,"76,92",9,1,"90,00",3,"23,08",1,2,"15,38"
310340,ARAÇUAÍ,MG,11/2022,690,497,"72,03",468,29,"94,16",193,"27,97",17,176,"25,51"
310340,ARAÇUAÍ,MG,07/2022,662,382,"57,70",353,29,"92,41",280,"42,30",50,230,"34,74"
310340,ARAÇUAÍ,MG,09/2022,694,426,"61,38",395,31,"92,72",268,"38,62",54,214,"30,84"
310350,ARAGUARI,MG,09/2022,873,865,"99,08",660,205,"76,30",8,"0,92",2,6,"0,69"
310350,ARAGUARI,MG,07/2022,815,807,"99,02",623,184,"77,20",8,"0,98",6,2,"0,25"
310350,ARAGUARI,MG,11/2022,797,790,"99,12",628,162,"79,49",7,"0,88",2,5,"0,63"
310360,ARANTINA,MG,07/2022,39,4,"10,26",3,1,"75,00",35,"89,74",34,1,"2,56"
310360,ARANTINA,MG,11/2022,39,38,"97,44",38,0,"100,00",1,"2,56",0,1,"2,56"
310360,ARANTINA,MG,09/2022,39,38,"97,44",38,0,"100,00",1,"2,56",0,1,"2,56"
310370,ARAPONGA,MG,09/2022,108,92,"85,19",91,1,"98,91",16,"14,81",0,16,"14,81"
310370,ARAPONGA,MG,11/2022,115,84,"73,04",71,13,"84,52",31,"26,96",1,30,"26,09"
310370,ARAPONGA,MG,07/2022,99,65,"65,66",52,13,"80,00",34,"34,34",19,15,"15,15"
310375,ARAPORÃ,MG,11/2022,52,39,"75,00",36,3,"92,31",13,"25,00",0,13,"25,00"
310375,ARAPORÃ,MG,07/2022,54,37,"68,52",33,4,"89,19",17,"31,48",0,17,"31,48"
310375,ARAPORÃ,MG,09/2022,55,40,"72,73",36,4,"90,00",15,"27,27",0,15,"27,27"
310380,ARAPUÁ,MG,09/2022,13,12,"92,31",12,0,"100,00",1,"7,69",0,1,"7,69"
310380,ARAPUÁ,MG,07/2022,13,12,"92,31",9,3,"75,00",1,"7,69",0,1,"7,69"
310380,ARAPUÁ,MG,11/2022,15,13,"86,67",12,1,"92,31",2,"13,33",0,2,"13,33"
310390,ARAÚJOS,MG,07/2022,44,29,"65,91",25,4,"86,21",15,"34,09",0,15,"34,09"
310390,ARAÚJOS,MG,11/2022,46,30,"65,22",28,2,"93,33",16,"34,78",0,16,"34,78"
310390,ARAÚJOS,MG,09/2022,50,27,"54,00",27,0,"100,00",23,"46,00",0,23,"46,00"
310400,ARAXÁ,MG,09/2022,792,669,"84,47",505,164,"75,49",123,"15,53",3,120,"15,15"
310400,ARAXÁ,MG,07/2022,700,544,"77,71",431,113,"79,23",156,"22,29",4,152,"21,71"
310400,ARAXÁ,MG,11/2022,819,653,"79,73",595,58,"91,12",166,"20,27",2,164,"20,02"
310410,ARCEBURGO,MG,07/2022,53,25,"47,17",12,13,"48,00",28,"52,83",0,28,"52,83"
310410,ARCEBURGO,MG,11/2022,46,23,"50,00",15,8,"65,22",23,"50,00",0,23,"50,00"
310410,ARCEBURGO,MG,09/2022,53,26,"49,06",11,15,"42,31",27,"50,94",0,27,"50,94"
310420,ARCOS,MG,09/2022,269,153,"56,88",134,19,"87,58",116,"43,12",0,116,"43,12"
310420,ARCOS,MG,11/2022,269,167,"62,08",151,16,"90,42",102,"37,92",0,102,"37,92"
310420,ARCOS,MG,07/2022,216,115,"53,24",93,22,"80,87",101,"46,76",2,99,"45,83"
310430,AREADO,MG,07/2022,96,77,"80,21",74,3,"96,10",19,"19,79",0,19,"19,79"
310430,AREADO,MG,11/2022,103,97,"94,17",88,9,"90,72",6,"5,83",0,6,"5,83"
310430,AREADO,MG,09/2022,107,96,"89,72",71,25,"73,96",11,"10,28",0,11,"10,28"
310440,ARGIRITA,MG,09/2022,38,31,"81,58",31,0,"100,00",7,"18,42",1,6,"15,79"
310440,ARGIRITA,MG,07/2022,37,0,"0,00",0,0,,37,"100,00",31,6,"16,22"
310440,ARGIRITA,MG,11/2022,33,30,"90,91",30,0,"100,00",3,"9,09",0,3,"9,09"
310445,ARICANDUVA,MG,11/2022,122,88,"72,13",87,1,"98,86",34,"27,87",0,34,"27,87"
310445,ARICANDUVA,MG,07/2022,123,79,"64,23",76,3,"96,20",44,"35,77",4,40,"32,52"
310445,ARICANDUVA,MG,09/2022,129,86,"66,67",86,0,"100,00",43,"33,33",4,39,"30,23"
310450,ARINOS,MG,09/2022,448,316,"70,54",296,20,"93,67",132,"29,46",13,119,"26,56"
310450,ARINOS,MG,07/2022,423,300,"70,92",280,20,"93,33",123,"29,08",15,108,"25,53"
310450,ARINOS,MG,11/2022,438,371,"84,70",353,18,"95,15",67,"15,30",1,66,"15,07"
310460,ASTOLFO DUTRA,MG,07/2022,98,89,"90,82",87,2,"97,75",9,"9,18",1,8,"8,16"
310460,ASTOLFO DUTRA,MG,11/2022,95,88,"92,63",73,15,"82,95",7,"7,37",1,6,"6,32"
310460,ASTOLFO DUTRA,MG,09/2022,93,3,"3,23",3,0,"100,00",90,"96,77",82,8,"8,60"
310470,ATALÉIA,MG,09/2022,272,264,"97,06",264,0,"100,00",8,"2,94",0,8,"2,94"
310470,ATALÉIA,MG,11/2022,258,250,"96,90",250,0,"100,00",8,"3,10",0,8,"3,10"
310470,ATALÉIA,MG,07/2022,262,0,"0,00",0,0,,262,"100,00",254,8,"3,05"
310480,AUGUSTO DE LIMA,MG,07/2022,77,26,"33,77",24,2,"92,31",51,"66,23",5,46,"59,74"
310480,AUGUSTO DE LIMA,MG,11/2022,74,9,"12,16",7,2,"77,78",65,"87,84",23,42,"56,76"
310480,AUGUSTO DE LIMA,MG,09/2022,79,33,"41,77",31,2,"93,94",46,"58,23",0,46,"58,23"
310490,BAEPENDI,MG,09/2022,222,212,"95,50",188,24,"88,68",10,"4,50",4,6,"2,70"
310490,BAEPENDI,MG,11/2022,211,200,"94,79",197,3,"98,50",11,"5,21",2,9,"4,27"
310490,BAEPENDI,MG,07/2022,220,206,"93,64",203,3,"98,54",14,"6,36",11,3,"1,36"
310500,BALDIM,MG,11/2022,121,110,"90,91",110,0,"100,00",11,"9,09",0,11,"9,09"
310500,BALDIM,MG,07/2022,107,0,"0,00",0,0,,107,"100,00",93,14,"13,08"
310500,BALDIM,MG,09/2022,121,104,"85,95",100,4,"96,15",17,"14,05",0,17,"14,05"
310510,BAMBUÍ,MG,09/2022,156,86,"55,13",78,8,"90,70",70,"44,87",11,59,"37,82"
310510,BAMBUÍ,MG,07/2022,142,83,"58,45",80,3,"96,39",59,"41,55",10,49,"34,51"
310510,BAMBUÍ,MG,11/2022,160,95,"59,38",89,6,"93,68",65,"40,63",4,61,"38,13"
310520,BANDEIRA,MG,11/2022,85,69,"81,18",69,0,"100,00",16,"18,82",0,16,"18,82"
310520,BANDEIRA,MG,07/2022,85,0,"0,00",0,0,,85,"100,00",65,20,"23,53"
310520,BANDEIRA,MG,09/2022,86,69,"80,23",69,0,"100,00",17,"19,77",0,17,"19,77"
310530,BANDEIRA DO SUL,MG,09/2022,44,36,"81,82",30,6,"83,33",8,"18,18",2,6,"13,64"
310530,BANDEIRA DO SUL,MG,11/2022,46,41,"89,13",37,4,"90,24",5,"10,87",1,4,"8,70"
310530,BANDEIRA DO SUL,MG,07/2022,40,34,"85,00",31,3,"91,18",6,"15,00",1,5,"12,50"
310540,BARÃO DE COCAIS,MG,07/2022,257,144,"56,03",132,12,"91,67",113,"43,97",68,45,"17,51"
310540,BARÃO DE COCAIS,MG,11/2022,251,190,"75,70",186,4,"97,89",61,"24,30",10,51,"20,32"
310540,BARÃO DE COCAIS,MG,09/2022,270,209,"77,41",200,9,"95,69",61,"22,59",4,57,"21,11"
310550,BARÃO DE MONTE ALTO,MG,09/2022,73,65,"89,04",50,15,"76,92",8,"10,96",2,6,"8,22"
310550,BARÃO DE MONTE ALTO,MG,07/2022,67,60,"89,55",44,16,"73,33",7,"10,45",2,5,"7,46"
310550,BARÃO DE MONTE ALTO,MG,11/2022,77,62,"80,52",50,12,"80,65",15,"19,48",4,11,"14,29"
310560,BARBACENA,MG,11/2022,1017,692,"68,04",648,44,"93,64",325,"31,96",35,290,"28,52"
310560,BARBACENA,MG,07/2022,974,633,"64,99",584,49,"92,26",341,"35,01",36,305,"31,31"
310560,BARBACENA,MG,09/2022,1039,719,"69,20",666,53,"92,63",320,"30,80",16,304,"29,26"
310570,BARRA LONGA,MG,09/2022,82,68,"82,93",64,4,"94,12",14,"17,07",3,11,"13,41"
310570,BARRA LONGA,MG,11/2022,81,68,"83,95",61,7,"89,71",13,"16,05",1,12,"14,81"
310570,BARRA LONGA,MG,07/2022,77,70,"90,91",70,0,"100,00",7,"9,09",2,5,"6,49"
310590,BARROSO,MG,11/2022,281,208,"74,02",200,8,"96,15",73,"25,98",0,73,"25,98"
310590,BARROSO,MG,07/2022,263,191,"72,62",191,0,"100,00",72,"27,38",0,72,"27,38"
310590,BARROSO,MG,09/2022,288,212,"73,61",207,5,"97,64",76,"26,39",0,76,"26,39"
310600,BELA VISTA DE MINAS,MG,09/2022,100,92,"92,00",92,0,"100,00",8,"8,00",2,6,"6,00"
310600,BELA VISTA DE MINAS,MG,11/2022,110,103,"93,64",103,0,"100,00",7,"6,36",0,7,"6,36"
310600,BELA VISTA DE MINAS,MG,07/2022,96,90,"93,75",90,0,"100,00",6,"6,25",2,4,"4,17"
310610,BELMIRO BRAGA,MG,11/2022,57,54,"94,74",54,0,"100,00",3,"5,26",0,3,"5,26"
310610,BELMIRO BRAGA,MG,07/2022,45,0,"0,00",0,0,,45,"100,00",40,5,"11,11"
310610,BELMIRO BRAGA,MG,09/2022,58,56,"96,55",55,1,"98,21",2,"3,45",0,2,"3,45"
310620,BELO HORIZONTE,MG,09/2022,13928,9545,"68,53",8675,870,"90,89",4383,"31,47",253,4130,"29,65"
310620,BELO HORIZONTE,MG,07/2022,12706,10856,"85,44",9952,904,"91,67",1850,"14,56",212,1638,"12,89"
310620,BELO HORIZONTE,MG,11/2022,13920,10047,"72,18",9144,903,"91,01",3873,"27,82",201,3672,"26,38"
310630,BELO ORIENTE,MG,07/2022,333,302,"90,69",296,6,"98,01",31,"9,31",4,27,"8,11"
310630,BELO ORIENTE,MG,11/2022,331,302,"91,24",259,43,"85,76",29,"8,76",1,28,"8,46"
310630,BELO ORIENTE,MG,09/2022,350,315,"90,00",310,5,"98,41",35,"10,00",5,30,"8,57"
310640,BELO VALE,MG,09/2022,93,80,"86,02",80,0,"100,00",13,"13,98",1,12,"12,90"
310640,BELO VALE,MG,07/2022,84,71,"84,52",71,0,"100,00",13,"15,48",2,11,"13,10"
310640,BELO VALE,MG,11/2022,87,78,"89,66",78,0,"100,00",9,"10,34",1,8,"9,20"
310650,BERILO,MG,11/2022,196,164,"83,67",164,0,"100,00",32,"16,33",0,32,"16,33"
310650,BERILO,MG,07/2022,196,0,"0,00",0,0,,196,"100,00",164,32,"16,33"
310650,BERILO,MG,09/2022,207,174,"84,06",174,0,"100,00",33,"15,94",1,32,"15,46"
310660,BERTÓPOLIS,MG,09/2022,147,105,"71,43",105,0,"100,00",42,"28,57",2,40,"27,21"
310660,BERTÓPOLIS,MG,07/2022,125,2,"1,60",1,1,"50,00",123,"98,40",98,25,"20,00"
310660,BERTÓPOLIS,MG,11/2022,136,99,"72,79",99,0,"100,00",37,"27,21",0,37,"27,21"
310665,BERIZAL,MG,11/2022,144,132,"91,67",132,0,"100,00",12,"8,33",0,12,"8,33"
310665,BERIZAL,MG,07/2022,142,129,"90,85",129,0,"100,00",13,"9,15",0,13,"9,15"
310665,BERIZAL,MG,09/2022,156,144,"92,31",144,0,"100,00",12,"7,69",0,12,"7,69"
310670,BETIM,MG,09/2022,4605,3715,"80,67",3653,62,"98,33",890,"19,33",33,857,"18,61"
310670,BETIM,MG,07/2022,4223,3571,"84,56",3503,68,"98,10",652,"15,44",78,574,"13,59"
310670,BETIM,MG,11/2022,4509,3704,"82,15",3253,451,"87,82",805,"17,85",18,787,"17,45"
310680,BIAS FORTES,MG,11/2022,62,57,"91,94",57,0,"100,00",5,"8,06",0,5,"8,06"
310680,BIAS FORTES,MG,07/2022,66,62,"93,94",42,20,"67,74",4,"6,06",0,4,"6,06"
310680,BIAS FORTES,MG,09/2022,71,66,"92,96",48,18,"72,73",5,"7,04",1,4,"5,63"
310690,BICAS,MG,09/2022,183,154,"84,15",154,0,"100,00",29,"15,85",0,29,"15,85"
310690,BICAS,MG,07/2022,150,95,"63,33",95,0,"100,00",55,"36,67",39,16,"10,67"
310690,BICAS,MG,11/2022,180,153,"85,00",153,0,"100,00",27,"15,00",0,27,"15,00"
310700,BIQUINHAS,MG,07/2022,23,16,"69,57",15,1,"93,75",7,"30,43",2,5,"21,74"
310700,BIQUINHAS,MG,11/2022,28,22,"78,57",17,5,"77,27",6,"21,43",0,6,"21,43"
310700,BIQUINHAS,MG,09/2022,28,23,"82,14",17,6,"73,91",5,"17,86",0,5,"17,86"
310710,BOA ESPERANÇA,MG,09/2022,317,189,"59,62",187,2,"98,94",128,"40,38",79,49,"15,46"
310710,BOA ESPERANÇA,MG,11/2022,300,155,"51,67",152,3,"98,06",145,"48,33",89,56,"18,67"
310710,BOA ESPERANÇA,MG,07/2022,300,257,"85,67",249,8,"96,89",43,"14,33",1,42,"14,00"
310720,BOCAINA DE MINAS,MG,11/2022,43,37,"86,05",37,0,"100,00",6,"13,95",0,6,"13,95"
310720,BOCAINA DE MINAS,MG,07/2022,51,41,"80,39",41,0,"100,00",10,"19,61",0,10,"19,61"
310720,BOCAINA DE MINAS,MG,09/2022,51,43,"84,31",43,0,"100,00",8,"15,69",0,8,"15,69"
310730,BOCAIÚVA,MG,09/2022,1043,876,"83,99",871,5,"99,43",167,"16,01",1,166,"15,92"
310730,BOCAIÚVA,MG,07/2022,970,705,"72,68",698,7,"99,01",265,"27,32",115,150,"15,46"
310730,BOCAIÚVA,MG,11/2022,979,819,"83,66",803,16,"98,05",160,"16,34",1,159,"16,24"
310740,BOM DESPACHO,MG,11/2022,382,206,"53,93",185,21,"89,81",176,"46,07",4,172,"45,03"
310740,BOM DESPACHO,MG,07/2022,351,187,"53,28",161,26,"86,10",164,"46,72",1,163,"46,44"
310740,BOM DESPACHO,MG,09/2022,390,199,"51,03",169,30,"84,92",191,"48,97",1,190,"48,72"
310750,BOM JARDIM DE MINAS,MG,09/2022,88,74,"84,09",74,0,"100,00",14,"15,91",0,14,"15,91"
310750,BOM JARDIM DE MINAS,MG,07/2022,87,0,"0,00",0,0,,87,"100,00",75,12,"13,79"
310750,BOM JARDIM DE MINAS,MG,11/2022,87,72,"82,76",72,0,"100,00",15,"17,24",0,15,"17,24"
310760,BOM JESUS DA PENHA,MG,11/2022,59,48,"81,36",48,0,"100,00",11,"18,64",0,11,"18,64"
310760,BOM JESUS DA PENHA,MG,07/2022,51,43,"84,31",43,0,"100,00",8,"15,69",0,8,"15,69"
310760,BOM JESUS DA PENHA,MG,09/2022,57,48,"84,21",48,0,"100,00",9,"15,79",0,9,"15,79"
310770,BOM JESUS DO AMPARO,MG,09/2022,66,57,"86,36",57,0,"100,00",9,"13,64",0,9,"13,64"
310770,BOM JESUS DO AMPARO,MG,11/2022,67,59,"88,06",59,0,"100,00",8,"11,94",0,8,"11,94"
310770,BOM JESUS DO AMPARO,MG,07/2022,67,56,"83,58",56,0,"100,00",11,"16,42",0,11,"16,42"
310780,BOM JESUS DO GALHO,MG,07/2022,329,202,"61,40",164,38,"81,19",127,"38,60",8,119,"36,17"
310780,BOM JESUS DO GALHO,MG,11/2022,308,174,"56,49",153,21,"87,93",134,"43,51",2,132,"42,86"
310780,BOM JESUS DO GALHO,MG,09/2022,337,207,"61,42",205,2,"99,03",130,"38,58",1,129,"38,28"
310790,BOM REPOUSO,MG,09/2022,168,145,"86,31",122,23,"84,14",23,"13,69",0,23,"13,69"
310790,BOM REPOUSO,MG,07/2022,150,128,"85,33",128,0,"100,00",22,"14,67",3,19,"12,67"
310790,BOM REPOUSO,MG,11/2022,170,147,"86,47",120,27,"81,63",23,"13,53",0,23,"13,53"
310800,BOM SUCESSO,MG,07/2022,108,99,"91,67",97,2,"97,98",9,"8,33",1,8,"7,41"
310800,BOM SUCESSO,MG,11/2022,109,58,"53,21",58,0,"100,00",51,"46,79",46,5,"4,59"
310800,BOM SUCESSO,MG,09/2022,112,58,"51,79",58,0,"100,00",54,"48,21",48,6,"5,36"
310810,BONFIM,MG,09/2022,92,87,"94,57",87,0,"100,00",5,"5,43",0,5,"5,43"
310810,BONFIM,MG,11/2022,90,82,"91,11",82,0,"100,00",8,"8,89",0,8,"8,89"
310810,BONFIM,MG,07/2022,76,0,"0,00",0,0,,76,"100,00",73,3,"3,95"
310820,BONFINÓPOLIS DE MINAS,MG,11/2022,56,42,"75,00",42,0,"100,00",14,"25,00",0,14,"25,00"
310820,BONFINÓPOLIS DE MINAS,MG,07/2022,51,33,"64,71",32,1,"96,97",18,"35,29",0,18,"35,29"
310820,BONFINÓPOLIS DE MINAS,MG,09/2022,57,39,"68,42",39,0,"100,00",18,"31,58",0,18,"31,58"
310825,BONITO DE MINAS,MG,09/2022,333,317,"95,20",317,0,"100,00",16,"4,80",0,16,"4,80"
310825,BONITO DE MINAS,MG,07/2022,292,0,"0,00",0,0,,292,"100,00",279,13,"4,45"
310825,BONITO DE MINAS,MG,11/2022,313,206,"65,81",204,2,"99,03",107,"34,19",52,55,"17,57"
310830,BORDA DA MATA,MG,07/2022,134,121,"90,30",102,19,"84,30",13,"9,70",0,13,"9,70"
310830,BORDA DA MATA,MG,11/2022,135,107,"79,26",100,7,"93,46",28,"20,74",3,25,"18,52"
310830,BORDA DA MATA,MG,09/2022,145,107,"73,79",97,10,"90,65",38,"26,21",10,28,"19,31"
310840,BOTELHOS,MG,09/2022,144,131,"90,97",131,0,"100,00",13,"9,03",5,8,"5,56"
310840,BOTELHOS,MG,11/2022,133,132,"99,25",131,1,"99,24",1,"0,75",0,1,"0,75"
310840,BOTELHOS,MG,07/2022,124,115,"92,74",115,0,"100,00",9,"7,26",3,6,"4,84"
310850,BOTUMIRIM,MG,07/2022,160,158,"98,75",158,0,"100,00",2,"1,25",1,1,"0,63"
310850,BOTUMIRIM,MG,11/2022,166,152,"91,57",151,1,"99,34",14,"8,43",1,13,"7,83"
310850,BOTUMIRIM,MG,09/2022,168,162,"96,43",161,1,"99,38",6,"3,57",3,3,"1,79"
310855,BRASILÂNDIA DE MINAS,MG,09/2022,338,315,"93,20",315,0,"100,00",23,"6,80",1,22,"6,51"
310855,BRASILÂNDIA DE MINAS,MG,11/2022,335,311,"92,84",311,0,"100,00",24,"7,16",0,24,"7,16"
310855,BRASILÂNDIA DE MINAS,MG,07/2022,297,0,"0,00",0,0,,297,"100,00",278,19,"6,40"
310860,BRASÍLIA DE MINAS,MG,11/2022,587,571,"97,27",571,0,"100,00",16,"2,73",0,16,"2,73"
310860,BRASÍLIA DE MINAS,MG,07/2022,611,582,"95,25",576,6,"98,97",29,"4,75",4,25,"4,09"
310860,BRASÍLIA DE MINAS,MG,09/2022,629,607,"96,50",585,22,"96,38",22,"3,50",0,22,"3,50"
310870,BRÁS PIRES,MG,09/2022,94,91,"96,81",74,17,"81,32",3,"3,19",2,1,"1,06"
310870,BRÁS PIRES,MG,07/2022,92,87,"94,57",69,18,"79,31",5,"5,43",2,3,"3,26"
310870,BRÁS PIRES,MG,11/2022,89,88,"98,88",74,14,"84,09",1,"1,12",0,1,"1,12"
310880,BRAÚNAS,MG,11/2022,71,59,"83,10",59,0,"100,00",12,"16,90",1,11,"15,49"
310880,BRAÚNAS,MG,07/2022,79,65,"82,28",56,9,"86,15",14,"17,72",2,12,"15,19"
310880,BRAÚNAS,MG,09/2022,83,71,"85,54",59,12,"83,10",12,"14,46",1,11,"13,25"
310890,BRASÓPOLIS,MG,09/2022,99,95,"95,96",95,0,"100,00",4,"4,04",0,4,"4,04"
310890,BRASÓPOLIS,MG,11/2022,105,97,"92,38",72,25,"74,23",8,"7,62",5,3,"2,86"
310890,BRASÓPOLIS,MG,07/2022,87,0,"0,00",0,0,,87,"100,00",84,3,"3,45"
310900,BRUMADINHO,MG,11/2022,245,203,"82,86",203,0,"100,00",42,"17,14",6,36,"14,69"
310900,BRUMADINHO,MG,07/2022,205,157,"76,59",157,0,"100,00",48,"23,41",21,27,"13,17"
310900,BRUMADINHO,MG,09/2022,232,197,"84,91",197,0,"100,00",35,"15,09",5,30,"12,93"
310910,BUENO BRANDÃO,MG,09/2022,66,47,"71,21",22,25,"46,81",19,"28,79",3,16,"24,24"
310910,BUENO BRANDÃO,MG,07/2022,66,52,"78,79",32,20,"61,54",14,"21,21",2,12,"18,18"
310910,BUENO BRANDÃO,MG,11/2022,72,49,"68,06",27,22,"55,10",23,"31,94",4,19,"26,39"
310920,BUENÓPOLIS,MG,07/2022,153,136,"88,89",122,14,"89,71",17,"11,11",4,13,"8,50"
310920,BUENÓPOLIS,MG,11/2022,144,134,"93,06",132,2,"98,51",10,"6,94",1,9,"6,25"
310920,BUENÓPOLIS,MG,09/2022,154,137,"88,96",124,13,"90,51",17,"11,04",0,17,"11,04"
310925,BUGRE,MG,09/2022,77,50,"64,94",50,0,"100,00",27,"35,06",1,26,"33,77"
310925,BUGRE,MG,11/2022,73,46,"63,01",46,0,"100,00",27,"36,99",2,25,"34,25"
310925,BUGRE,MG,07/2022,68,37,"54,41",35,2,"94,59",31,"45,59",1,30,"44,12"
310930,BURITIS,MG,11/2022,486,484,"99,59",484,0,"100,00",2,"0,41",1,1,"0,21"
310930,BURITIS,MG,07/2022,462,439,"95,02",439,0,"100,00",23,"4,98",0,23,"4,98"
310930,BURITIS,MG,09/2022,492,492,"100,00",492,0,"100,00",0,"0,00",0,0,"0,00"
310940,BURITIZEIRO,MG,09/2022,612,522,"85,29",522,0,"100,00",90,"14,71",5,85,"13,89"
310940,BURITIZEIRO,MG,07/2022,571,494,"86,51",493,1,"99,80",77,"13,49",3,74,"12,96"
310940,BURITIZEIRO,MG,11/2022,588,505,"85,88",505,0,"100,00",83,"14,12",2,81,"13,78"
310945,CABECEIRA GRANDE,MG,11/2022,116,65,"56,03",60,5,"92,31",51,"43,97",1,50,"43,10"
310945,CABECEIRA GRANDE,MG,07/2022,106,71,"66,98",65,6,"91,55",35,"33,02",0,35,"33,02"
310945,CABECEIRA GRANDE,MG,09/2022,118,69,"58,47",63,6,"91,30",49,"41,53",1,48,"40,68"
310950,CABO VERDE,MG,09/2022,100,52,"52,00",52,0,"100,00",48,"48,00",0,48,"48,00"
310950,CABO VERDE,MG,11/2022,100,51,"51,00",46,5,"90,20",49,"49,00",0,49,"49,00"
310950,CABO VERDE,MG,07/2022,96,44,"45,83",44,0,"100,00",52,"54,17",1,51,"53,13"
310960,CACHOEIRA DA PRATA,MG,11/2022,32,28,"87,50",22,6,"78,57",4,"12,50",3,1,"3,13"
310960,CACHOEIRA DA PRATA,MG,07/2022,31,24,"77,42",20,4,"83,33",7,"22,58",2,5,"16,13"
310960,CACHOEIRA DA PRATA,MG,09/2022,29,25,"86,21",25,0,"100,00",4,"13,79",0,4,"13,79"
310970,CACHOEIRA DE MINAS,MG,09/2022,64,61,"95,31",47,14,"77,05",3,"4,69",0,3,"4,69"
310970,CACHOEIRA DE MINAS,MG,07/2022,61,57,"93,44",43,14,"75,44",4,"6,56",0,4,"6,56"
310970,CACHOEIRA DE MINAS,MG,11/2022,66,62,"93,94",50,12,"80,65",4,"6,06",0,4,"6,06"
310980,CACHOEIRA DOURADA,MG,07/2022,24,19,"79,17",19,0,"100,00",5,"20,83",0,5,"20,83"
310980,CACHOEIRA DOURADA,MG,11/2022,22,18,"81,82",18,0,"100,00",4,"18,18",0,4,"18,18"
310980,CACHOEIRA DOURADA,MG,09/2022,24,22,"91,67",22,0,"100,00",2,"8,33",0,2,"8,33"
310990,CAETANÓPOLIS,MG,09/2022,117,73,"62,39",73,0,"100,00",44,"37,61",0,44,"37,61"
310990,CAETANÓPOLIS,MG,11/2022,112,88,"78,57",79,9,"89,77",24,"21,43",1,23,"20,54"
310990,CAETANÓPOLIS,MG,07/2022,110,71,"64,55",61,10,"85,92",39,"35,45",1,38,"34,55"
311000,CAETÉ,MG,07/2022,356,343,"96,35",343,0,"100,00",13,"3,65",1,12,"3,37"
311000,CAETÉ,MG,11/2022,361,287,"79,50",287,0,"100,00",74,"20,50",0,74,"20,50"
311000,CAETÉ,MG,09/2022,378,353,"93,39",352,1,"99,72",25,"6,61",1,24,"6,35"
311010,CAIANA,MG,09/2022,78,51,"65,38",44,7,"86,27",27,"34,62",3,24,"30,77"
311010,CAIANA,MG,11/2022,61,39,"63,93",38,1,"97,44",22,"36,07",0,22,"36,07"
311010,CAIANA,MG,07/2022,71,53,"74,65",46,7,"86,79",18,"25,35",1,17,"23,94"
311020,CAJURI,MG,07/2022,49,11,"22,45",11,0,"100,00",38,"77,55",1,37,"75,51"
311020,CAJURI,MG,11/2022,59,47,"79,66",47,0,"100,00",12,"20,34",1,11,"18,64"
311020,CAJURI,MG,09/2022,57,29,"50,88",29,0,"100,00",28,"49,12",4,24,"42,11"
311030,CALDAS,MG,09/2022,124,2,"1,61",2,0,"100,00",122,"98,39",57,65,"52,42"
311030,CALDAS,MG,07/2022,111,53,"47,75",49,4,"92,45",58,"52,25",1,57,"51,35"
311030,CALDAS,MG,11/2022,112,63,"56,25",58,5,"92,06",49,"43,75",1,48,"42,86"
311040,CAMACHO,MG,11/2022,18,15,"83,33",12,3,"80,00",3,"16,67",2,1,"5,56"
311040,CAMACHO,MG,07/2022,15,9,"60,00",9,0,"100,00",6,"40,00",0,6,"40,00"
311040,CAMACHO,MG,09/2022,20,14,"70,00",14,0,"100,00",6,"30,00",1,5,"25,00"
311050,CAMANDUCAIA,MG,09/2022,180,161,"89,44",160,1,"99,38",19,"10,56",3,16,"8,89"
311050,CAMANDUCAIA,MG,07/2022,169,152,"89,94",152,0,"100,00",17,"10,06",1,16,"9,47"
311050,CAMANDUCAIA,MG,11/2022,154,140,"90,91",140,0,"100,00",14,"9,09",0,14,"9,09"
311060,CAMBUÍ,MG,07/2022,145,115,"79,31",103,12,"89,57",30,"20,69",1,29,"20,00"
311060,CAMBUÍ,MG,11/2022,151,126,"83,44",120,6,"95,24",25,"16,56",2,23,"15,23"
311060,CAMBUÍ,MG,09/2022,161,126,"78,26",109,17,"86,51",35,"21,74",3,32,"19,88"
311070,CAMBUQUIRA,MG,09/2022,155,118,"76,13",97,21,"82,20",37,"23,87",6,31,"20,00"
311070,CAMBUQUIRA,MG,07/2022,144,115,"79,86",103,12,"89,57",29,"20,14",0,29,"20,14"
311070,CAMBUQUIRA,MG,11/2022,150,125,"83,33",108,17,"86,40",25,"16,67",0,25,"16,67"
311080,CAMPANÁRIO,MG,11/2022,79,60,"75,95",57,3,"95,00",19,"24,05",0,19,"24,05"
311080,CAMPANÁRIO,MG,07/2022,79,64,"81,01",54,10,"84,38",15,"18,99",0,15,"18,99"
311080,CAMPANÁRIO,MG,09/2022,78,64,"82,05",61,3,"95,31",14,"17,95",0,14,"17,95"
311090,CAMPANHA,MG,09/2022,173,145,"83,82",130,15,"89,66",28,"16,18",0,28,"16,18"
311090,CAMPANHA,MG,07/2022,162,140,"86,42",121,19,"86,43",22,"13,58",1,21,"12,96"
311090,CAMPANHA,MG,11/2022,178,154,"86,52",144,10,"93,51",24,"13,48",1,23,"12,92"
311100,CAMPESTRE,MG,07/2022,127,56,"44,09",39,17,"69,64",71,"55,91",3,68,"53,54"
311100,CAMPESTRE,MG,11/2022,122,50,"40,98",34,16,"68,00",72,"59,02",5,67,"54,92"
311100,CAMPESTRE,MG,09/2022,129,48,"37,21",34,14,"70,83",81,"62,79",5,76,"58,91"
311110,CAMPINA VERDE,MG,09/2022,134,51,"38,06",41,10,"80,39",83,"61,94",1,82,"61,19"
311110,CAMPINA VERDE,MG,07/2022,126,51,"40,48",42,9,"82,35",75,"59,52",2,73,"57,94"
311110,CAMPINA VERDE,MG,11/2022,134,46,"34,33",40,6,"86,96",88,"65,67",1,87,"64,93"
311115,CAMPO AZUL,MG,11/2022,99,94,"94,95",94,0,"100,00",5,"5,05",0,5,"5,05"
311115,CAMPO AZUL,MG,07/2022,92,0,"0,00",0,0,,92,"100,00",88,4,"4,35"
311115,CAMPO AZUL,MG,09/2022,99,96,"96,97",96,0,"100,00",3,"3,03",0,3,"3,03"
311120,CAMPO BELO,MG,09/2022,399,344,"86,22",302,42,"87,79",55,"13,78",2,53,"13,28"
311120,CAMPO BELO,MG,11/2022,399,334,"83,71",308,26,"92,22",65,"16,29",3,62,"15,54"
311120,CAMPO BELO,MG,07/2022,376,324,"86,17",276,48,"85,19",52,"13,83",3,49,"13,03"
311130,CAMPO DO MEIO,MG,11/2022,136,112,"82,35",110,2,"98,21",24,"17,65",1,23,"16,91"
311130,CAMPO DO MEIO,MG,07/2022,150,134,"89,33",112,22,"83,58",16,"10,67",2,14,"9,33"
311130,CAMPO DO MEIO,MG,09/2022,153,14,"9,15",8,6,"57,14",139,"90,85",114,25,"16,34"
311140,CAMPO FLORIDO,MG,09/2022,122,94,"77,05",92,2,"97,87",28,"22,95",0,28,"22,95"
311140,CAMPO FLORIDO,MG,07/2022,114,84,"73,68",84,0,"100,00",30,"26,32",0,30,"26,32"
311140,CAMPO FLORIDO,MG,11/2022,131,100,"76,34",100,0,"100,00",31,"23,66",0,31,"23,66"
311150,CAMPOS ALTOS,MG,07/2022,159,106,"66,67",96,10,"90,57",53,"33,33",2,51,"32,08"
311150,CAMPOS ALTOS,MG,11/2022,148,84,"56,76",73,11,"86,90",64,"43,24",0,64,"43,24"
311150,CAMPOS ALTOS,MG,09/2022,162,94,"58,02",77,17,"81,91",68,"41,98",2,66,"40,74"
311160,CAMPOS GERAIS,MG,09/2022,301,225,"74,75",225,0,"100,00",76,"25,25",3,73,"24,25"
311160,CAMPOS GERAIS,MG,07/2022,289,175,"60,55",157,18,"89,71",114,"39,45",4,110,"38,06"
311160,CAMPOS GERAIS,MG,11/2022,289,217,"75,09",214,3,"98,62",72,"24,91",0,72,"24,91"
311170,CANAÃ,MG,11/2022,78,52,"66,67",45,7,"86,54",26,"33,33",0,26,"33,33"
311170,CANAÃ,MG,07/2022,80,58,"72,50",48,10,"82,76",22,"27,50",0,22,"27,50"
311170,CANAÃ,MG,09/2022,83,57,"68,67",48,9,"84,21",26,"31,33",0,26,"31,33"
311180,CANÁPOLIS,MG,09/2022,74,45,"60,81",34,11,"75,56",29,"39,19",0,29,"39,19"
311180,CANÁPOLIS,MG,07/2022,71,39,"54,93",36,3,"92,31",32,"45,07",0,32,"45,07"
311180,CANÁPOLIS,MG,11/2022,76,41,"53,95",23,18,"56,10",35,"46,05",0,35,"46,05"
311190,CANA VERDE,MG,11/2022,57,50,"87,72",38,12,"76,00",7,"12,28",0,7,"12,28"
311190,CANA VERDE,MG,07/2022,60,53,"88,33",53,0,"100,00",7,"11,67",0,7,"11,67"
311190,CANA VERDE,MG,09/2022,61,53,"86,89",45,8,"84,91",8,"13,11",0,8,"13,11"
311200,CANDEIAS,MG,09/2022,110,98,"89,09",98,0,"100,00",12,"10,91",0,12,"10,91"
311200,CANDEIAS,MG,07/2022,115,102,"88,70",102,0,"100,00",13,"11,30",0,13,"11,30"
311200,CANDEIAS,MG,11/2022,106,96,"90,57",96,0,"100,00",10,"9,43",0,10,"9,43"
311205,CANTAGALO,MG,11/2022,86,81,"94,19",81,0,"100,00",5,"5,81",0,5,"5,81"
311205,CANTAGALO,MG,07/2022,79,76,"96,20",76,0,"100,00",3,"3,80",0,3,"3,80"
311205,CANTAGALO,MG,09/2022,83,0,"0,00",0,0,,83,"100,00",79,4,"4,82"
311210,CAPARAÓ,MG,09/2022,120,93,"77,50",93,0,"100,00",27,"22,50",0,27,"22,50"
311210,CAPARAÓ,MG,07/2022,109,84,"77,06",69,15,"82,14",25,"22,94",0,25,"22,94"
311210,CAPARAÓ,MG,11/2022,109,99,"90,83",75,24,"75,76",10,"9,17",0,10,"9,17"
311220,CAPELA NOVA,MG,11/2022,93,79,"84,95",73,6,"92,41",14,"15,05",0,14,"15,05"
311220,CAPELA NOVA,MG,07/2022,104,84,"80,77",78,6,"92,86",20,"19,23",0,20,"19,23"
311220,CAPELA NOVA,MG,09/2022,106,87,"82,08",87,0,"100,00",19,"17,92",0,19,"17,92"
311230,CAPELINHA,MG,09/2022,705,653,"92,62",653,0,"100,00",52,"7,38",2,50,"7,09"
311230,CAPELINHA,MG,07/2022,681,627,"92,07",627,0,"100,00",54,"7,93",5,49,"7,20"
311230,CAPELINHA,MG,11/2022,695,643,"92,52",643,0,"100,00",52,"7,48",1,51,"7,34"
311240,CAPETINGA,MG,11/2022,84,60,"71,43",56,4,"93,33",24,"28,57",0,24,"28,57"
311240,CAPETINGA,MG,07/2022,82,65,"79,27",64,1,"98,46",17,"20,73",0,17,"20,73"
311240,CAPETINGA,MG,09/2022,82,63,"76,83",63,0,"100,00",19,"23,17",0,19,"23,17"
311250,CAPIM BRANCO,MG,09/2022,101,94,"93,07",93,1,"98,94",7,"6,93",0,7,"6,93"
311250,CAPIM BRANCO,MG,07/2022,92,0,"0,00",0,0,,92,"100,00",85,7,"7,61"
311250,CAPIM BRANCO,MG,11/2022,102,96,"94,12",96,0,"100,00",6,"5,88",0,6,"5,88"
311260,CAPINÓPOLIS,MG,11/2022,120,119,"99,17",91,28,"76,47",1,"0,83",0,1,"0,83"
311260,CAPINÓPOLIS,MG,07/2022,123,97,"78,86",97,0,"100,00",26,"21,14",0,26,"21,14"
311260,CAPINÓPOLIS,MG,09/2022,134,134,"100,00",77,57,"57,46",0,"0,00",0,0,"0,00"
311265,CAPITÃO ANDRADE,MG,09/2022,100,93,"93,00",93,0,"100,00",7,"7,00",1,6,"6,00"
311265,CAPITÃO ANDRADE,MG,07/2022,104,1,"0,96",0,1,"0,00",103,"99,04",98,5,"4,81"
311265,CAPITÃO ANDRADE,MG,11/2022,104,98,"94,23",71,27,"72,45",6,"5,77",0,6,"5,77"
311270,CAPITÃO ENÉAS,MG,11/2022,361,211,"58,45",182,29,"86,26",150,"41,55",1,149,"41,27"
311270,CAPITÃO ENÉAS,MG,07/2022,366,232,"63,39",209,23,"90,09",134,"36,61",51,83,"22,68"
311270,CAPITÃO ENÉAS,MG,09/2022,373,223,"59,79",184,39,"82,51",150,"40,21",0,150,"40,21"
311280,CAPITÓLIO,MG,09/2022,51,46,"90,20",46,0,"100,00",5,"9,80",0,5,"9,80"
311280,CAPITÓLIO,MG,07/2022,38,0,"0,00",0,0,,38,"100,00",32,6,"15,79"
311280,CAPITÓLIO,MG,11/2022,47,43,"91,49",43,0,"100,00",4,"8,51",0,4,"8,51"
311290,CAPUTIRA,MG,11/2022,173,117,"67,63",74,43,"63,25",56,"32,37",14,42,"24,28"
311290,CAPUTIRA,MG,07/2022,187,135,"72,19",67,68,"49,63",52,"27,81",13,39,"20,86"
311290,CAPUTIRA,MG,09/2022,187,135,"72,19",91,44,"67,41",52,"27,81",10,42,"22,46"
311300,CARAÍ,MG,09/2022,579,455,"78,58",434,21,"95,38",124,"21,42",1,123,"21,24"
311300,CARAÍ,MG,07/2022,565,452,"80,00",422,30,"93,36",113,"20,00",0,113,"20,00"
311300,CARAÍ,MG,11/2022,562,457,"81,32",440,17,"96,28",105,"18,68",0,105,"18,68"
311310,CARANAÍBA,MG,11/2022,37,34,"91,89",31,3,"91,18",3,"8,11",0,3,"8,11"
311310,CARANAÍBA,MG,07/2022,38,32,"84,21",30,2,"93,75",6,"15,79",0,6,"15,79"
311310,CARANAÍBA,MG,09/2022,40,35,"87,50",28,7,"80,00",5,"12,50",0,5,"12,50"
311320,CARANDAÍ,MG,09/2022,241,197,"81,74",190,7,"96,45",44,"18,26",13,31,"12,86"
311320,CARANDAÍ,MG,07/2022,243,150,"61,73",143,7,"95,33",93,"38,27",3,90,"37,04"
311320,CARANDAÍ,MG,11/2022,237,184,"77,64",175,9,"95,11",53,"22,36",4,49,"20,68"
311330,CARANGOLA,MG,11/2022,416,353,"84,86",338,15,"95,75",63,"15,14",0,63,"15,14"
311330,CARANGOLA,MG,07/2022,411,379,"92,21",379,0,"100,00",32,"7,79",1,31,"7,54"
311330,CARANGOLA,MG,09/2022,413,80,"19,37",78,2,"97,50",333,"80,63",286,47,"11,38"
311340,CARATINGA,MG,09/2022,793,371,"46,78",323,48,"87,06",422,"53,22",171,251,"31,65"
311340,CARATINGA,MG,07/2022,790,482,"61,01",411,71,"85,27",308,"38,99",18,290,"36,71"
311340,CARATINGA,MG,11/2022,757,519,"68,56",457,62,"88,05",238,"31,44",19,219,"28,93"
311350,CARBONITA,MG,11/2022,154,147,"95,45",147,0,"100,00",7,"4,55",0,7,"4,55"
311350,CARBONITA,MG,07/2022,147,139,"94,56",139,0,"100,00",8,"5,44",2,6,"4,08"
311350,CARBONITA,MG,09/2022,155,147,"94,84",147,0,"100,00",8,"5,16",1,7,"4,52"
311360,CAREAÇU,MG,09/2022,78,70,"89,74",70,0,"100,00",8,"10,26",0,8,"10,26"
311360,CAREAÇU,MG,07/2022,72,0,"0,00",0,0,,72,"100,00",65,7,"9,72"
311360,CAREAÇU,MG,11/2022,74,66,"89,19",66,0,"100,00",8,"10,81",0,8,"10,81"
311370,CARLOS CHAGAS,MG,11/2022,318,133,"41,82",102,31,"76,69",185,"58,18",6,179,"56,29"
311370,CARLOS CHAGAS,MG,07/2022,317,272,"85,80",272,0,"100,00",45,"14,20",5,40,"12,62"
311370,CARLOS CHAGAS,MG,09/2022,318,155,"48,74",84,71,"54,19",163,"51,26",35,128,"40,25"
311380,CARMÉSIA,MG,09/2022,36,16,"44,44",12,4,"75,00",20,"55,56",14,6,"16,67"
311380,CARMÉSIA,MG,07/2022,36,28,"77,78",28,0,"100,00",8,"22,22",2,6,"16,67"
311380,CARMÉSIA,MG,11/2022,35,31,"88,57",31,0,"100,00",4,"11,43",1,3,"8,57"
311390,CARMO DA CACHOEIRA,MG,11/2022,186,164,"88,17",160,4,"97,56",22,"11,83",1,21,"11,29"
311390,CARMO DA CACHOEIRA,MG,07/2022,193,178,"92,23",170,8,"95,51",15,"7,77",1,14,"7,25"
311390,CARMO DA CACHOEIRA,MG,09/2022,199,179,"89,95",172,7,"96,09",20,"10,05",2,18,"9,05"
311400,CARMO DA MATA,MG,09/2022,96,81,"84,38",66,15,"81,48",15,"15,63",0,15,"15,63"
311400,CARMO DA MATA,MG,07/2022,93,76,"81,72",68,8,"89,47",17,"18,28",0,17,"18,28"
311400,CARMO DA MATA,MG,11/2022,100,83,"83,00",80,3,"96,39",17,"17,00",0,17,"17,00"
311410,CARMO DE MINAS,MG,11/2022,193,167,"86,53",154,13,"92,22",26,"13,47",2,24,"12,44"
311410,CARMO DE MINAS,MG,07/2022,198,132,"66,67",121,11,"91,67",66,"33,33",19,47,"23,74"
311410,CARMO DE MINAS,MG,09/2022,193,146,"75,65",135,11,"92,47",47,"24,35",1,46,"23,83"
311420,CARMO DO CAJURU,MG,09/2022,96,79,"82,29",56,23,"70,89",17,"17,71",1,16,"16,67"
311420,CARMO DO CAJURU,MG,07/2022,92,75,"81,52",43,32,"57,33",17,"18,48",0,17,"18,48"
311420,CARMO DO CAJURU,MG,11/2022,102,85,"83,33",58,27,"68,24",17,"16,67",1,16,"15,69"
311430,CARMO DO PARANAÍBA,MG,11/2022,239,181,"75,73",160,21,"88,40",58,"24,27",1,57,"23,85"
311430,CARMO DO PARANAÍBA,MG,07/2022,247,171,"69,23",153,18,"89,47",76,"30,77",3,73,"29,55"
311430,CARMO DO PARANAÍBA,MG,09/2022,246,179,"72,76",165,14,"92,18",67,"27,24",2,65,"26,42"
311440,CARMO DO RIO CLARO,MG,09/2022,211,185,"87,68",182,3,"98,38",26,"12,32",3,23,"10,90"
311440,CARMO DO RIO CLARO,MG,07/2022,198,170,"85,86",160,10,"94,12",28,"14,14",9,19,"9,60"
311440,CARMO DO RIO CLARO,MG,11/2022,208,181,"87,02",178,3,"98,34",27,"12,98",3,24,"11,54"
311450,CARMÓPOLIS DE MINAS,MG,11/2022,139,118,"84,89",117,1,"99,15",21,"15,11",0,21,"15,11"
311450,CARMÓPOLIS DE MINAS,MG,07/2022,142,124,"87,32",124,0,"100,00",18,"12,68",5,13,"9,15"
311450,CARMÓPOLIS DE MINAS,MG,09/2022,143,121,"84,62",106,15,"87,60",22,"15,38",0,22,"15,38"
311455,CARNEIRINHO,MG,09/2022,85,76,"89,41",76,0,"100,00",9,"10,59",0,9,"10,59"
311455,CARNEIRINHO,MG,07/2022,78,0,"0,00",0,0,,78,"100,00",70,8,"10,26"
311455,CARNEIRINHO,MG,11/2022,86,77,"89,53",77,0,"100,00",9,"10,47",0,9,"10,47"
311460,CARRANCAS,MG,11/2022,19,17,"89,47",14,3,"82,35",2,"10,53",0,2,"10,53"
311460,CARRANCAS,MG,07/2022,27,20,"74,07",19,1,"95,00",7,"25,93",0,7,"25,93"
311460,CARRANCAS,MG,09/2022,24,22,"91,67",20,2,"90,91",2,"8,33",0,2,"8,33"
311470,CARVALHÓPOLIS,MG,09/2022,33,16,"48,48",16,0,"100,00",17,"51,52",6,11,"33,33"
311470,CARVALHÓPOLIS,MG,07/2022,31,17,"54,84",17,0,"100,00",14,"45,16",3,11,"35,48"
311470,CARVALHÓPOLIS,MG,11/2022,32,19,"59,38",19,0,"100,00",13,"40,63",0,13,"40,63"
311480,CARVALHOS,MG,11/2022,55,51,"92,73",47,4,"92,16",4,"7,27",0,4,"7,27"
311480,CARVALHOS,MG,07/2022,57,37,"64,91",37,0,"100,00",20,"35,09",19,1,"1,75"
311480,CARVALHOS,MG,09/2022,63,61,"96,83",57,4,"93,44",2,"3,17",0,2,"3,17"
311490,CASA GRANDE,MG,09/2022,15,10,"66,67",10,0,"100,00",5,"33,33",0,5,"33,33"
311490,CASA GRANDE,MG,07/2022,14,9,"64,29",9,0,"100,00",5,"35,71",0,5,"35,71"
311490,CASA GRANDE,MG,11/2022,14,10,"71,43",10,0,"100,00",4,"28,57",0,4,"28,57"
311500,CASCALHO RICO,MG,11/2022,29,25,"86,21",22,3,"88,00",4,"13,79",0,4,"13,79"
311500,CASCALHO RICO,MG,07/2022,31,23,"74,19",16,7,"69,57",8,"25,81",0,8,"25,81"
311500,CASCALHO RICO,MG,09/2022,33,26,"78,79",21,5,"80,77",7,"21,21",0,7,"21,21"
311510,CÁSSIA,MG,09/2022,178,111,"62,36",102,9,"91,89",67,"37,64",1,66,"37,08"
311510,CÁSSIA,MG,07/2022,165,102,"61,82",88,14,"86,27",63,"38,18",1,62,"37,58"
311510,CÁSSIA,MG,11/2022,179,103,"57,54",103,0,"100,00",76,"42,46",0,76,"42,46"
311520,CONCEIÇÃO DA BARRA DE MINAS,MG,11/2022,63,63,"100,00",63,0,"100,00",0,"0,00",0,0,"0,00"
311520,CONCEIÇÃO DA BARRA DE MINAS,MG,07/2022,58,58,"100,00",58,0,"100,00",0,"0,00",0,0,"0,00"
311520,CONCEIÇÃO DA BARRA DE MINAS,MG,09/2022,62,62,"100,00",58,4,"93,55",0,"0,00",0,0,"0,00"
311530,CATAGUASES,MG,09/2022,516,485,"93,99",485,0,"100,00",31,"6,01",1,30,"5,81"
311530,CATAGUASES,MG,07/2022,475,443,"93,26",443,0,"100,00",32,"6,74",2,30,"6,32"
311530,CATAGUASES,MG,11/2022,498,458,"91,97",411,47,"89,74",40,"8,03",0,40,"8,03"
311535,CATAS ALTAS,MG,11/2022,46,43,"93,48",43,0,"100,00",3,"6,52",0,3,"6,52"
311535,CATAS ALTAS,MG,07/2022,35,0,"0,00",0,0,,35,"100,00",31,4,"11,43"
311535,CATAS ALTAS,MG,09/2022,41,36,"87,80",36,0,"100,00",5,"12,20",1,4,"9,76"
311540,CATAS ALTAS DA NORUEGA,MG,09/2022,82,61,"74,39",58,3,"95,08",21,"25,61",0,21,"25,61"
311540,CATAS ALTAS DA NORUEGA,MG,07/2022,79,57,"72,15",57,0,"100,00",22,"27,85",8,14,"17,72"
311540,CATAS ALTAS DA NORUEGA,MG,11/2022,77,56,"72,73",56,0,"100,00",21,"27,27",2,19,"24,68"
311545,CATUJI,MG,11/2022,239,208,"87,03",208,0,"100,00",31,"12,97",9,22,"9,21"
311545,CATUJI,MG,07/2022,225,207,"92,00",207,0,"100,00",18,"8,00",1,17,"7,56"
311545,CATUJI,MG,09/2022,234,217,"92,74",217,0,"100,00",17,"7,26",0,17,"7,26"
311547,CATUTI,MG,09/2022,117,79,"67,52",79,0,"100,00",38,"32,48",24,14,"11,97"
311547,CATUTI,MG,07/2022,110,79,"71,82",79,0,"100,00",31,"28,18",20,11,"10,00"
311547,CATUTI,MG,11/2022,114,51,"44,74",51,0,"100,00",63,"55,26",48,15,"13,16"
311550,CAXAMBU,MG,11/2022,198,133,"67,17",118,15,"88,72",65,"32,83",5,60,"30,30"
311550,CAXAMBU,MG,07/2022,196,17,"8,67",3,14,"17,65",179,"91,33",158,21,"10,71"
311550,CAXAMBU,MG,09/2022,201,33,"16,42",16,17,"48,48",168,"83,58",136,32,"15,92"
311560,CEDRO DO ABAETÉ,MG,09/2022,11,10,"90,91",10,0,"100,00",1,"9,09",0,1,"9,09"
311560,CEDRO DO ABAETÉ,MG,07/2022,9,0,"0,00",0,0,,9,"100,00",8,1,"11,11"
311560,CEDRO DO ABAETÉ,MG,11/2022,13,12,"92,31",12,0,"100,00",1,"7,69",0,1,"7,69"
311570,CENTRAL DE MINAS,MG,11/2022,86,59,"68,60",54,5,"91,53",27,"31,40",25,2,"2,33"
311570,CENTRAL DE MINAS,MG,07/2022,85,0,"0,00",0,0,,85,"100,00",83,2,"2,35"
311570,CENTRAL DE MINAS,MG,09/2022,94,92,"97,87",92,0,"100,00",2,"2,13",0,2,"2,13"
311580,CENTRALINA,MG,09/2022,125,81,"64,80",81,0,"100,00",44,"35,20",1,43,"34,40"
311580,CENTRALINA,MG,07/2022,123,66,"53,66",66,0,"100,00",57,"46,34",10,47,"38,21"
311580,CENTRALINA,MG,11/2022,126,117,"92,86",117,0,"100,00",9,"7,14",1,8,"6,35"
311590,CHÁCARA,MG,11/2022,65,45,"69,23",45,0,"100,00",20,"30,77",0,20,"30,77"
311590,CHÁCARA,MG,07/2022,55,48,"87,27",48,0,"100,00",7,"12,73",0,7,"12,73"
311590,CHÁCARA,MG,09/2022,63,55,"87,30",55,0,"100,00",8,"12,70",0,8,"12,70"
311600,CHALÉ,MG,09/2022,104,96,"92,31",96,0,"100,00",8,"7,69",0,8,"7,69"
311600,CHALÉ,MG,07/2022,104,96,"92,31",96,0,"100,00",8,"7,69",2,6,"5,77"
311600,CHALÉ,MG,11/2022,109,98,"89,91",98,0,"100,00",11,"10,09",0,11,"10,09"
311610,CHAPADA DO NORTE,MG,11/2022,217,190,"87,56",179,11,"94,21",27,"12,44",1,26,"11,98"
311610,CHAPADA DO NORTE,MG,07/2022,210,157,"74,76",137,20,"87,26",53,"25,24",6,47,"22,38"
311610,CHAPADA DO NORTE,MG,09/2022,216,168,"77,78",156,12,"92,86",48,"22,22",1,47,"21,76"
311615,CHAPADA GAÚCHA,MG,09/2022,356,231,"64,89",221,10,"95,67",125,"35,11",8,117,"32,87"
311615,CHAPADA GAÚCHA,MG,07/2022,319,0,"0,00",0,0,,319,"100,00",264,55,"17,24"
311615,CHAPADA GAÚCHA,MG,11/2022,334,226,"67,66",216,10,"95,58",108,"32,34",30,78,"23,35"
311620,CHIADOR,MG,11/2022,47,13,"27,66",8,5,"61,54",34,"72,34",12,22,"46,81"
311620,CHIADOR,MG,07/2022,48,24,"50,00",22,2,"91,67",24,"50,00",0,24,"50,00"
311620,CHIADOR,MG,09/2022,47,12,"25,53",9,3,"75,00",35,"74,47",13,22,"46,81"
311630,CIPOTÂNEA,MG,09/2022,113,88,"77,88",86,2,"97,73",25,"22,12",0,25,"22,12"
311630,CIPOTÂNEA,MG,07/2022,113,98,"86,73",98,0,"100,00",15,"13,27",2,13,"11,50"
311630,CIPOTÂNEA,MG,11/2022,113,87,"76,99",87,0,"100,00",26,"23,01",1,25,"22,12"
311640,CLARAVAL,MG,11/2022,52,48,"92,31",48,0,"100,00",4,"7,69",0,4,"7,69"
311640,CLARAVAL,MG,07/2022,48,42,"87,50",24,18,"57,14",6,"12,50",1,5,"10,42"
311640,CLARAVAL,MG,09/2022,49,47,"95,92",32,15,"68,09",2,"4,08",0,2,"4,08"
311650,CLARO DOS POÇÕES,MG,09/2022,152,137,"90,13",127,10,"92,70",15,"9,87",7,8,"5,26"
311650,CLARO DOS POÇÕES,MG,07/2022,152,145,"95,39",143,2,"98,62",7,"4,61",1,6,"3,95"
311650,CLARO DOS POÇÕES,MG,11/2022,146,40,"27,40",38,2,"95,00",106,"72,60",96,10,"6,85"
311660,CLÁUDIO,MG,11/2022,167,130,"77,84",121,9,"93,08",37,"22,16",2,35,"20,96"
311660,CLÁUDIO,MG,07/2022,159,146,"91,82",94,52,"64,38",13,"8,18",2,11,"6,92"
311660,CLÁUDIO,MG,09/2022,164,133,"81,10",119,14,"89,47",31,"18,90",2,29,"17,68"
311670,COIMBRA,MG,09/2022,117,96,"82,05",82,14,"85,42",21,"17,95",1,20,"17,09"
311670,COIMBRA,MG,07/2022,114,97,"85,09",97,0,"100,00",17,"14,91",1,16,"14,04"
311670,COIMBRA,MG,11/2022,105,84,"80,00",84,0,"100,00",21,"20,00",2,19,"18,10"
311680,COLUNA,MG,11/2022,194,137,"70,62",137,0,"100,00",57,"29,38",5,52,"26,80"
311680,COLUNA,MG,07/2022,200,129,"64,50",125,4,"96,90",71,"35,50",13,58,"29,00"
311680,COLUNA,MG,09/2022,201,137,"68,16",137,0,"100,00",64,"31,84",2,62,"30,85"
311690,COMENDADOR GOMES,MG,09/2022,34,30,"88,24",25,5,"83,33",4,"11,76",0,4,"11,76"
311690,COMENDADOR GOMES,MG,07/2022,39,32,"82,05",30,2,"93,75",7,"17,95",0,7,"17,95"
311690,COMENDADOR GOMES,MG,11/2022,35,33,"94,29",29,4,"87,88",2,"5,71",0,2,"5,71"
311700,COMERCINHO,MG,11/2022,182,150,"82,42",142,8,"94,67",32,"17,58",0,32,"17,58"
311700,COMERCINHO,MG,07/2022,191,147,"76,96",144,3,"97,96",44,"23,04",2,42,"21,99"
311700,COMERCINHO,MG,09/2022,203,156,"76,85",150,6,"96,15",47,"23,15",1,46,"22,66"
311710,CONCEIÇÃO DA APARECIDA,MG,09/2022,130,93,"71,54",88,5,"94,62",37,"28,46",2,35,"26,92"
311710,CONCEIÇÃO DA APARECIDA,MG,07/2022,116,87,"75,00",79,8,"90,80",29,"25,00",3,26,"22,41"
311710,CONCEIÇÃO DA APARECIDA,MG,11/2022,133,82,"61,65",57,25,"69,51",51,"38,35",2,49,"36,84"
311720,CONCEIÇÃO DAS PEDRAS,MG,11/2022,36,35,"97,22",35,0,"100,00",1,"2,78",0,1,"2,78"
311720,CONCEIÇÃO DAS PEDRAS,MG,07/2022,35,6,"17,14",4,2,"66,67",29,"82,86",29,0,"0,00"
311720,CONCEIÇÃO DAS PEDRAS,MG,09/2022,37,37,"100,00",35,2,"94,59",0,"0,00",0,0,"0,00"
311730,CONCEIÇÃO DAS ALAGOAS,MG,09/2022,247,210,"85,02",166,44,"79,05",37,"14,98",8,29,"11,74"
311730,CONCEIÇÃO DAS ALAGOAS,MG,07/2022,213,163,"76,53",116,47,"71,17",50,"23,47",20,30,"14,08"
311730,CONCEIÇÃO DAS ALAGOAS,MG,11/2022,261,218,"83,52",183,35,"83,94",43,"16,48",4,39,"14,94"
311740,CONCEIÇÃO DE IPANEMA,MG,11/2022,87,59,"67,82",59,0,"100,00",28,"32,18",0,28,"32,18"
311740,CONCEIÇÃO DE IPANEMA,MG,07/2022,103,0,"0,00",0,0,,103,"100,00",93,10,"9,71"
311740,CONCEIÇÃO DE IPANEMA,MG,09/2022,109,101,"92,66",101,0,"100,00",8,"7,34",0,8,"7,34"
311750,CONCEIÇÃO DO MATO DENTRO,MG,09/2022,397,278,"70,03",278,0,"100,00",119,"29,97",72,47,"11,84"
311750,CONCEIÇÃO DO MATO DENTRO,MG,07/2022,368,0,"0,00",0,0,,368,"100,00",321,47,"12,77"
311750,CONCEIÇÃO DO MATO DENTRO,MG,11/2022,356,86,"24,16",59,27,"68,60",270,"75,84",191,79,"22,19"
311760,CONCEIÇÃO DO PARÁ,MG,11/2022,44,40,"90,91",36,4,"90,00",4,"9,09",1,3,"6,82"
311760,CONCEIÇÃO DO PARÁ,MG,07/2022,42,34,"80,95",27,7,"79,41",8,"19,05",1,7,"16,67"
311760,CONCEIÇÃO DO PARÁ,MG,09/2022,45,38,"84,44",31,7,"81,58",7,"15,56",4,3,"6,67"
311770,CONCEIÇÃO DO RIO VERDE,MG,09/2022,187,181,"96,79",171,10,"94,48",6,"3,21",2,4,"2,14"
311770,CONCEIÇÃO DO RIO VERDE,MG,07/2022,178,175,"98,31",164,11,"93,71",3,"1,69",0,3,"1,69"
311770,CONCEIÇÃO DO RIO VERDE,MG,11/2022,168,155,"92,26",150,5,"96,77",13,"7,74",1,12,"7,14"
311780,CONCEIÇÃO DOS OUROS,MG,11/2022,90,65,"72,22",50,15,"76,92",25,"27,78",1,24,"26,67"
311780,CONCEIÇÃO DOS OUROS,MG,07/2022,83,60,"72,29",59,1,"98,33",23,"27,71",1,22,"26,51"
311780,CONCEIÇÃO DOS OUROS,MG,09/2022,85,62,"72,94",51,11,"82,26",23,"27,06",0,23,"27,06"
311783,CÔNEGO MARINHO,MG,09/2022,198,146,"73,74",145,1,"99,32",52,"26,26",22,30,"15,15"
311783,CÔNEGO MARINHO,MG,07/2022,194,141,"72,68",138,3,"97,87",53,"27,32",25,28,"14,43"
311783,CÔNEGO MARINHO,MG,11/2022,188,158,"84,04",158,0,"100,00",30,"15,96",4,26,"13,83"
311787,CONFINS,MG,11/2022,45,25,"55,56",25,0,"100,00",20,"44,44",3,17,"37,78"
311787,CONFINS,MG,07/2022,41,22,"53,66",21,1,"95,45",19,"46,34",3,16,"39,02"
311787,CONFINS,MG,09/2022,46,26,"56,52",25,1,"96,15",20,"43,48",2,18,"39,13"
311790,CONGONHAL,MG,09/2022,101,89,"88,12",89,0,"100,00",12,"11,88",0,12,"11,88"
311790,CONGONHAL,MG,07/2022,93,81,"87,10",81,0,"100,00",12,"12,90",1,11,"11,83"
311790,CONGONHAL,MG,11/2022,100,84,"84,00",63,21,"75,00",16,"16,00",1,15,"15,00"
311800,CONGONHAS,MG,11/2022,267,151,"56,55",149,2,"98,68",116,"43,45",8,108,"40,45"
311800,CONGONHAS,MG,07/2022,250,107,"42,80",107,0,"100,00",143,"57,20",20,123,"49,20"
311800,CONGONHAS,MG,09/2022,274,107,"39,05",102,5,"95,33",167,"60,95",27,140,"51,09"
311810,CONGONHAS DO NORTE,MG,09/2022,117,104,"88,89",104,0,"100,00",13,"11,11",0,13,"11,11"
311810,CONGONHAS DO NORTE,MG,07/2022,110,97,"88,18",97,0,"100,00",13,"11,82",0,13,"11,82"
311810,CONGONHAS DO NORTE,MG,11/2022,103,89,"86,41",89,0,"100,00",14,"13,59",0,14,"13,59"
311820,CONQUISTA,MG,11/2022,83,70,"84,34",70,0,"100,00",13,"15,66",0,13,"15,66"
311820,CONQUISTA,MG,07/2022,57,0,"0,00",0,0,,57,"100,00",48,9,"15,79"
311820,CONQUISTA,MG,09/2022,72,60,"83,33",60,0,"100,00",12,"16,67",0,12,"16,67"
311830,CONSELHEIRO LAFAIETE,MG,09/2022,531,323,"60,83",274,49,"84,83",208,"39,17",21,187,"35,22"
311830,CONSELHEIRO LAFAIETE,MG,07/2022,500,291,"58,20",247,44,"84,88",209,"41,80",18,191,"38,20"
311830,CONSELHEIRO LAFAIETE,MG,11/2022,551,347,"62,98",314,33,"90,49",204,"37,02",7,197,"35,75"
311840,CONSELHEIRO PENA,MG,11/2022,302,278,"92,05",278,0,"100,00",24,"7,95",0,24,"7,95"
311840,CONSELHEIRO PENA,MG,07/2022,291,0,"0,00",0,0,,291,"100,00",270,21,"7,22"
311840,CONSELHEIRO PENA,MG,09/2022,306,282,"92,16",282,0,"100,00",24,"7,84",0,24,"7,84"
311850,CONSOLAÇÃO,MG,09/2022,32,25,"78,13",21,4,"84,00",7,"21,88",0,7,"21,88"
311850,CONSOLAÇÃO,MG,07/2022,28,24,"85,71",20,4,"83,33",4,"14,29",0,4,"14,29"
311850,CONSOLAÇÃO,MG,11/2022,31,23,"74,19",20,3,"86,96",8,"25,81",0,8,"25,81"
311860,CONTAGEM,MG,11/2022,4753,4155,"87,42",4050,105,"97,47",598,"12,58",371,227,"4,78"
311860,CONTAGEM,MG,07/2022,4088,3400,"83,17",3319,81,"97,62",688,"16,83",119,569,"13,92"
311860,CONTAGEM,MG,09/2022,4622,4121,"89,16",4081,40,"99,03",501,"10,84",136,365,"7,90"
311870,COQUEIRAL,MG,09/2022,130,110,"84,62",97,13,"88,18",20,"15,38",3,17,"13,08"
311870,COQUEIRAL,MG,07/2022,132,117,"88,64",117,0,"100,00",15,"11,36",1,14,"10,61"
311870,COQUEIRAL,MG,11/2022,122,98,"80,33",96,2,"97,96",24,"19,67",1,23,"18,85"
311880,CORAÇÃO DE JESUS,MG,11/2022,626,508,"81,15",508,0,"100,00",118,"18,85",3,115,"18,37"
311880,CORAÇÃO DE JESUS,MG,07/2022,611,468,"76,60",464,4,"99,15",143,"23,40",5,138,"22,59"
311880,CORAÇÃO DE JESUS,MG,09/2022,641,486,"75,82",486,0,"100,00",155,"24,18",4,151,"23,56"
311890,CORDISBURGO,MG,09/2022,108,89,"82,41",85,4,"95,51",19,"17,59",1,18,"16,67"
311890,CORDISBURGO,MG,07/2022,108,67,"62,04",67,0,"100,00",41,"37,96",2,39,"36,11"
311890,CORDISBURGO,MG,11/2022,104,83,"79,81",83,0,"100,00",21,"20,19",1,20,"19,23"
311900,CORDISLÂNDIA,MG,11/2022,52,45,"86,54",45,0,"100,00",7,"13,46",0,7,"13,46"
311900,CORDISLÂNDIA,MG,07/2022,55,47,"85,45",47,0,"100,00",8,"14,55",1,7,"12,73"
311900,CORDISLÂNDIA,MG,09/2022,57,49,"85,96",49,0,"100,00",8,"14,04",0,8,"14,04"
311910,CORINTO,MG,09/2022,398,262,"65,83",186,76,"70,99",136,"34,17",29,107,"26,88"
311910,CORINTO,MG,07/2022,379,268,"70,71",188,80,"70,15",111,"29,29",2,109,"28,76"
311910,CORINTO,MG,11/2022,374,240,"64,17",176,64,"73,33",134,"35,83",23,111,"29,68"
311920,COROACI,MG,11/2022,151,91,"60,26",91,0,"100,00",60,"39,74",0,60,"39,74"
311920,COROACI,MG,07/2022,168,146,"86,90",146,0,"100,00",22,"13,10",0,22,"13,10"
311920,COROACI,MG,09/2022,159,98,"61,64",89,9,"90,82",61,"38,36",0,61,"38,36"
311930,COROMANDEL,MG,09/2022,278,191,"68,71",188,3,"98,43",87,"31,29",0,87,"31,29"
311930,COROMANDEL,MG,07/2022,252,166,"65,87",166,0,"100,00",86,"34,13",1,85,"33,73"
311930,COROMANDEL,MG,11/2022,254,186,"73,23",186,0,"100,00",68,"26,77",1,67,"26,38"
311940,CORONEL FABRICIANO,MG,11/2022,898,434,"48,33",396,38,"91,24",464,"51,67",21,443,"49,33"
311940,CORONEL FABRICIANO,MG,07/2022,850,287,"33,76",241,46,"83,97",563,"66,24",172,391,"46,00"
311940,CORONEL FABRICIANO,MG,09/2022,905,197,"21,77",157,40,"79,70",708,"78,23",268,440,"48,62"
311950,CORONEL MURTA,MG,09/2022,170,153,"90,00",153,0,"100,00",17,"10,00",3,14,"8,24"
311950,CORONEL MURTA,MG,07/2022,171,154,"90,06",154,0,"100,00",17,"9,94",3,14,"8,19"
311950,CORONEL MURTA,MG,11/2022,167,154,"92,22",154,0,"100,00",13,"7,78",0,13,"7,78"
311960,CORONEL PACHECO,MG,11/2022,23,22,"95,65",22,0,"100,00",1,"4,35",0,1,"4,35"
311960,CORONEL PACHECO,MG,07/2022,20,0,"0,00",0,0,,20,"100,00",18,2,"10,00"
311960,CORONEL PACHECO,MG,09/2022,24,22,"91,67",22,0,"100,00",2,"8,33",0,2,"8,33"
311970,CORONEL XAVIER CHAVES,MG,09/2022,22,18,"81,82",12,6,"66,67",4,"18,18",1,3,"13,64"
311970,CORONEL XAVIER CHAVES,MG,07/2022,22,18,"81,82",13,5,"72,22",4,"18,18",1,3,"13,64"
311970,CORONEL XAVIER CHAVES,MG,11/2022,24,24,"100,00",17,7,"70,83",0,"0,00",0,0,"0,00"
311980,CÓRREGO DANTA,MG,11/2022,23,15,"65,22",14,1,"93,33",8,"34,78",0,8,"34,78"
311980,CÓRREGO DANTA,MG,07/2022,23,15,"65,22",12,3,"80,00",8,"34,78",0,8,"34,78"
311980,CÓRREGO DANTA,MG,09/2022,23,15,"65,22",14,1,"93,33",8,"34,78",0,8,"34,78"
311990,CÓRREGO DO BOM JESUS,MG,09/2022,28,19,"67,86",19,0,"100,00",9,"32,14",1,8,"28,57"
311990,CÓRREGO DO BOM JESUS,MG,07/2022,25,19,"76,00",16,3,"84,21",6,"24,00",0,6,"24,00"
311990,CÓRREGO DO BOM JESUS,MG,11/2022,24,17,"70,83",17,0,"100,00",7,"29,17",1,6,"25,00"
311995,CÓRREGO FUNDO,MG,11/2022,12,7,"58,33",7,0,"100,00",5,"41,67",0,5,"41,67"
311995,CÓRREGO FUNDO,MG,07/2022,9,5,"55,56",5,0,"100,00",4,"44,44",0,4,"44,44"
311995,CÓRREGO FUNDO,MG,09/2022,10,6,"60,00",6,0,"100,00",4,"40,00",0,4,"40,00"
312000,CÓRREGO NOVO,MG,09/2022,74,66,"89,19",66,0,"100,00",8,"10,81",1,7,"9,46"
312000,CÓRREGO NOVO,MG,07/2022,69,60,"86,96",58,2,"96,67",9,"13,04",2,7,"10,14"
312000,CÓRREGO NOVO,MG,11/2022,75,67,"89,33",66,1,"98,51",8,"10,67",1,7,"9,33"
312010,COUTO DE MAGALHÃES DE MINAS,MG,11/2022,75,59,"78,67",46,13,"77,97",16,"21,33",1,15,"20,00"
312010,COUTO DE MAGALHÃES DE MINAS,MG,09/2022,78,63,"80,77",46,17,"73,02",15,"19,23",2,13,"16,67"
312010,COUTO DE MAGALHÃES DE MINAS,MG,07/2022,70,60,"85,71",37,23,"61,67",10,"14,29",0,10,"14,29"
312015,CRISÓLITA,MG,07/2022,146,113,"77,40",112,1,"99,12",33,"22,60",2,31,"21,23"
312015,CRISÓLITA,MG,11/2022,151,105,"69,54",100,5,"95,24",46,"30,46",0,46,"30,46"
312015,CRISÓLITA,MG,09/2022,150,115,"76,67",114,1,"99,13",35,"23,33",0,35,"23,33"
312020,CRISTAIS,MG,09/2022,96,63,"65,63",56,7,"88,89",33,"34,38",2,31,"32,29"
312020,CRISTAIS,MG,11/2022,99,68,"68,69",68,0,"100,00",31,"31,31",0,31,"31,31"
312020,CRISTAIS,MG,07/2022,92,62,"67,39",62,0,"100,00",30,"32,61",1,29,"31,52"
312030,CRISTÁLIA,MG,07/2022,202,175,"86,63",160,15,"91,43",27,"13,37",2,25,"12,38"
312030,CRISTÁLIA,MG,11/2022,201,169,"84,08",168,1,"99,41",32,"15,92",1,31,"15,42"
312030,CRISTÁLIA,MG,09/2022,210,181,"86,19",174,7,"96,13",29,"13,81",1,28,"13,33"
312040,CRISTIANO OTONI,MG,09/2022,51,27,"52,94",21,6,"77,78",24,"47,06",0,24,"47,06"
312040,CRISTIANO OTONI,MG,11/2022,50,41,"82,00",31,10,"75,61",9,"18,00",0,9,"18,00"
312040,CRISTIANO OTONI,MG,07/2022,54,32,"59,26",26,6,"81,25",22,"40,74",0,22,"40,74"
312050,CRISTINA,MG,07/2022,85,55,"64,71",54,1,"98,18",30,"35,29",1,29,"34,12"
312050,CRISTINA,MG,11/2022,85,59,"69,41",59,0,"100,00",26,"30,59",0,26,"30,59"
312050,CRISTINA,MG,09/2022,85,59,"69,41",59,0,"100,00",26,"30,59",1,25,"29,41"
312060,CRUCILÂNDIA,MG,09/2022,68,56,"82,35",51,5,"91,07",12,"17,65",1,11,"16,18"
312060,CRUCILÂNDIA,MG,11/2022,62,56,"90,32",48,8,"85,71",6,"9,68",0,6,"9,68"
312060,CRUCILÂNDIA,MG,07/2022,66,56,"84,85",54,2,"96,43",10,"15,15",0,10,"15,15"
312070,CRUZEIRO DA FORTALEZA,MG,07/2022,56,41,"73,21",37,4,"90,24",15,"26,79",1,14,"25,00"
312070,CRUZEIRO DA FORTALEZA,MG,11/2022,66,51,"77,27",48,3,"94,12",15,"22,73",0,15,"22,73"
312070,CRUZEIRO DA FORTALEZA,MG,09/2022,65,47,"72,31",43,4,"91,49",18,"27,69",4,14,"21,54"
312080,CRUZÍLIA,MG,09/2022,192,117,"60,94",99,18,"84,62",75,"39,06",2,73,"38,02"
312080,CRUZÍLIA,MG,11/2022,182,123,"67,58",105,18,"85,37",59,"32,42",1,58,"31,87"
312080,CRUZÍLIA,MG,07/2022,164,102,"62,20",86,16,"84,31",62,"37,80",1,61,"37,20"
312083,CUPARAQUE,MG,07/2022,67,0,"0,00",0,0,,67,"100,00",46,21,"31,34"
312083,CUPARAQUE,MG,11/2022,68,24,"35,29",24,0,"100,00",44,"64,71",18,26,"38,24"
312083,CUPARAQUE,MG,09/2022,65,46,"70,77",46,0,"100,00",19,"29,23",0,19,"29,23"
312087,CURRAL DE DENTRO,MG,09/2022,248,231,"93,15",231,0,"100,00",17,"6,85",1,16,"6,45"
312087,CURRAL DE DENTRO,MG,11/2022,233,214,"91,85",214,0,"100,00",19,"8,15",1,18,"7,73"
312087,CURRAL DE DENTRO,MG,07/2022,222,205,"92,34",205,0,"100,00",17,"7,66",1,16,"7,21"
312090,CURVELO,MG,07/2022,877,459,"52,34",393,66,"85,62",418,"47,66",241,177,"20,18"
312090,CURVELO,MG,11/2022,952,755,"79,31",701,54,"92,85",197,"20,69",9,188,"19,75"
312090,CURVELO,MG,09/2022,929,400,"43,06",340,60,"85,00",529,"56,94",341,188,"20,24"
312100,DATAS,MG,09/2022,145,121,"83,45",116,5,"95,87",24,"16,55",6,18,"12,41"
312100,DATAS,MG,11/2022,131,113,"86,26",111,2,"98,23",18,"13,74",1,17,"12,98"
312100,DATAS,MG,07/2022,149,123,"82,55",112,11,"91,06",26,"17,45",15,11,"7,38"
312110,DELFIM MOREIRA,MG,07/2022,79,52,"65,82",45,7,"86,54",27,"34,18",5,22,"27,85"
312110,DELFIM MOREIRA,MG,11/2022,86,61,"70,93",56,5,"91,80",25,"29,07",6,19,"22,09"
312110,DELFIM MOREIRA,MG,09/2022,85,54,"63,53",40,14,"74,07",31,"36,47",9,22,"25,88"
312120,DELFINÓPOLIS,MG,09/2022,67,60,"89,55",60,0,"100,00",7,"10,45",0,7,"10,45"
312120,DELFINÓPOLIS,MG,11/2022,57,49,"85,96",49,0,"100,00",8,"14,04",0,8,"14,04"
312120,DELFINÓPOLIS,MG,07/2022,65,59,"90,77",59,0,"100,00",6,"9,23",0,6,"9,23"
312125,DELTA,MG,07/2022,160,60,"37,50",56,4,"93,33",100,"62,50",0,100,"62,50"
312125,DELTA,MG,11/2022,175,56,"32,00",43,13,"76,79",119,"68,00",0,119,"68,00"
312125,DELTA,MG,09/2022,181,71,"39,23",59,12,"83,10",110,"60,77",0,110,"60,77"
312130,DESCOBERTO,MG,09/2022,54,40,"74,07",40,0,"100,00",14,"25,93",0,14,"25,93"
312130,DESCOBERTO,MG,11/2022,63,48,"76,19",48,0,"100,00",15,"23,81",0,15,"23,81"
312130,DESCOBERTO,MG,07/2022,50,33,"66,00",33,0,"100,00",17,"34,00",3,14,"28,00"
312140,DESTERRO DE ENTRE RIOS,MG,07/2022,58,0,"0,00",0,0,,58,"100,00",53,5,"8,62"
312140,DESTERRO DE ENTRE RIOS,MG,11/2022,63,44,"69,84",44,0,"100,00",19,"30,16",0,19,"30,16"
312140,DESTERRO DE ENTRE RIOS,MG,09/2022,62,57,"91,94",57,0,"100,00",5,"8,06",1,4,"6,45"
312150,DESTERRO DO MELO,MG,09/2022,48,47,"97,92",46,1,"97,87",1,"2,08",0,1,"2,08"
312150,DESTERRO DO MELO,MG,11/2022,47,43,"91,49",41,2,"95,35",4,"8,51",2,2,"4,26"
312150,DESTERRO DO MELO,MG,07/2022,43,14,"32,56",13,1,"92,86",29,"67,44",25,4,"9,30"
312160,DIAMANTINA,MG,07/2022,638,394,"61,76",377,17,"95,69",244,"38,24",41,203,"31,82"
312160,DIAMANTINA,MG,11/2022,644,485,"75,31",483,2,"99,59",159,"24,69",2,157,"24,38"
312160,DIAMANTINA,MG,09/2022,656,442,"67,38",437,5,"98,87",214,"32,62",13,201,"30,64"
312170,DIOGO DE VASCONCELOS,MG,09/2022,66,57,"86,36",53,4,"92,98",9,"13,64",0,9,"13,64"
312170,DIOGO DE VASCONCELOS,MG,11/2022,62,53,"85,48",47,6,"88,68",9,"14,52",0,9,"14,52"
312170,DIOGO DE VASCONCELOS,MG,07/2022,72,70,"97,22",70,0,"100,00",2,"2,78",0,2,"2,78"
312180,DIONÍSIO,MG,07/2022,105,70,"66,67",69,1,"98,57",35,"33,33",0,35,"33,33"
312180,DIONÍSIO,MG,11/2022,98,77,"78,57",76,1,"98,70",21,"21,43",0,21,"21,43"
312180,DIONÍSIO,MG,09/2022,112,90,"80,36",72,18,"80,00",22,"19,64",1,21,"18,75"
312190,DIVINÉSIA,MG,09/2022,35,25,"71,43",22,3,"88,00",10,"28,57",0,10,"28,57"
312190,DIVINÉSIA,MG,11/2022,33,25,"75,76",20,5,"80,00",8,"24,24",0,8,"24,24"
312190,DIVINÉSIA,MG,07/2022,36,22,"61,11",19,3,"86,36",14,"38,89",6,8,"22,22"
312200,DIVINO,MG,07/2022,401,346,"86,28",346,0,"100,00",55,"13,72",4,51,"12,72"
312200,DIVINO,MG,11/2022,391,331,"84,65",331,0,"100,00",60,"15,35",4,56,"14,32"
312200,DIVINO,MG,09/2022,415,353,"85,06",352,1,"99,72",62,"14,94",10,52,"12,53"
312210,DIVINO DAS LARANJEIRAS,MG,09/2022,68,64,"94,12",64,0,"100,00",4,"5,88",0,4,"5,88"
312210,DIVINO DAS LARANJEIRAS,MG,11/2022,69,64,"92,75",64,0,"100,00",5,"7,25",0,5,"7,25"
312210,DIVINO DAS LARANJEIRAS,MG,07/2022,65,49,"75,38",49,0,"100,00",16,"24,62",12,4,"6,15"
312220,DIVINOLÂNDIA DE MINAS,MG,07/2022,167,152,"91,02",152,0,"100,00",15,"8,98",0,15,"8,98"
312220,DIVINOLÂNDIA DE MINAS,MG,11/2022,187,165,"88,24",165,0,"100,00",22,"11,76",0,22,"11,76"
312220,DIVINOLÂNDIA DE MINAS,MG,09/2022,182,164,"90,11",164,0,"100,00",18,"9,89",0,18,"9,89"
312230,DIVINÓPOLIS,MG,09/2022,883,764,"86,52",682,82,"89,27",119,"13,48",13,106,"12,00"
312230,DIVINÓPOLIS,MG,11/2022,895,730,"81,56",640,90,"87,67",165,"18,44",41,124,"13,85"
312230,DIVINÓPOLIS,MG,07/2022,800,673,"84,13",593,80,"88,11",127,"15,88",11,116,"14,50"
312235,DIVISA ALEGRE,MG,07/2022,193,181,"93,78",181,0,"100,00",12,"6,22",3,9,"4,66"
312235,DIVISA ALEGRE,MG,11/2022,212,188,"88,68",188,0,"100,00",24,"11,32",4,20,"9,43"
312235,DIVISA ALEGRE,MG,09/2022,212,192,"90,57",192,0,"100,00",20,"9,43",3,17,"8,02"
312240,DIVISA NOVA,MG,09/2022,64,58,"90,63",52,6,"89,66",6,"9,38",0,6,"9,38"
312240,DIVISA NOVA,MG,11/2022,68,63,"92,65",53,10,"84,13",5,"7,35",0,5,"7,35"
312240,DIVISA NOVA,MG,07/2022,63,53,"84,13",49,4,"92,45",10,"15,87",0,10,"15,87"
312245,DIVISÓPOLIS,MG,07/2022,246,219,"89,02",213,6,"97,26",27,"10,98",0,27,"10,98"
312245,DIVISÓPOLIS,MG,11/2022,246,229,"93,09",182,47,"79,48",17,"6,91",3,14,"5,69"
312245,DIVISÓPOLIS,MG,09/2022,238,0,"0,00",0,0,,238,"100,00",230,8,"3,36"
312247,DOM BOSCO,MG,09/2022,71,63,"88,73",63,0,"100,00",8,"11,27",0,8,"11,27"
312247,DOM BOSCO,MG,11/2022,66,58,"87,88",58,0,"100,00",8,"12,12",0,8,"12,12"
312247,DOM BOSCO,MG,07/2022,65,0,"0,00",0,0,,65,"100,00",56,9,"13,85"
312250,DOM CAVATI,MG,07/2022,41,27,"65,85",26,1,"96,30",14,"34,15",0,14,"34,15"
312250,DOM CAVATI,MG,11/2022,43,33,"76,74",29,4,"87,88",10,"23,26",1,9,"20,93"
312250,DOM CAVATI,MG,09/2022,46,33,"71,74",28,5,"84,85",13,"28,26",1,12,"26,09"
312260,DOM JOAQUIM,MG,09/2022,111,90,"81,08",90,0,"100,00",21,"18,92",0,21,"18,92"
312260,DOM JOAQUIM,MG,11/2022,110,96,"87,27",95,1,"98,96",14,"12,73",0,14,"12,73"
312260,DOM JOAQUIM,MG,07/2022,107,85,"79,44",85,0,"100,00",22,"20,56",0,22,"20,56"
312270,DOM SILVÉRIO,MG,07/2022,56,0,"0,00",0,0,,56,"100,00",54,2,"3,57"
312270,DOM SILVÉRIO,MG,11/2022,60,57,"95,00",57,0,"100,00",3,"5,00",0,3,"5,00"
312270,DOM SILVÉRIO,MG,09/2022,59,57,"96,61",57,0,"100,00",2,"3,39",0,2,"3,39"
312280,DOM VIÇOSO,MG,09/2022,33,27,"81,82",27,0,"100,00",6,"18,18",3,3,"9,09"
312280,DOM VIÇOSO,MG,11/2022,35,32,"91,43",32,0,"100,00",3,"8,57",0,3,"8,57"
312280,DOM VIÇOSO,MG,07/2022,29,0,"0,00",0,0,,29,"100,00",28,1,"3,45"
312290,DONA EUSÉBIA,MG,07/2022,60,54,"90,00",54,0,"100,00",6,"10,00",0,6,"10,00"
312290,DONA EUSÉBIA,MG,11/2022,59,51,"86,44",51,0,"100,00",8,"13,56",0,8,"13,56"
312290,DONA EUSÉBIA,MG,09/2022,61,53,"86,89",53,0,"100,00",8,"13,11",0,8,"13,11"
312300,DORES DE CAMPOS,MG,09/2022,54,48,"88,89",48,0,"100,00",6,"11,11",0,6,"11,11"
312300,DORES DE CAMPOS,MG,11/2022,54,47,"87,04",47,0,"100,00",7,"12,96",0,7,"12,96"
312300,DORES DE CAMPOS,MG,07/2022,45,0,"0,00",0,0,,45,"100,00",41,4,"8,89"
312310,DORES DE GUANHÃES,MG,07/2022,93,0,"0,00",0,0,,93,"100,00",82,11,"11,83"
312310,DORES DE GUANHÃES,MG,11/2022,90,8,"8,89",8,0,"100,00",82,"91,11",73,9,"10,00"
312310,DORES DE GUANHÃES,MG,09/2022,101,91,"90,10",91,0,"100,00",10,"9,90",0,10,"9,90"
312320,DORES DO INDAIÁ,MG,09/2022,115,71,"61,74",57,14,"80,28",44,"38,26",0,44,"38,26"
312320,DORES DO INDAIÁ,MG,11/2022,112,77,"68,75",64,13,"83,12",35,"31,25",0,35,"31,25"
312320,DORES DO INDAIÁ,MG,07/2022,109,62,"56,88",48,14,"77,42",47,"43,12",6,41,"37,61"
312330,DORES DO TURVO,MG,07/2022,85,81,"95,29",72,9,"88,89",4,"4,71",0,4,"4,71"
312330,DORES DO TURVO,MG,11/2022,84,75,"89,29",75,0,"100,00",9,"10,71",1,8,"9,52"
312330,DORES DO TURVO,MG,09/2022,87,79,"90,80",79,0,"100,00",8,"9,20",0,8,"9,20"
312340,DORESÓPOLIS,MG,09/2022,15,15,"100,00",12,3,"80,00",0,"0,00",0,0,"0,00"
312340,DORESÓPOLIS,MG,11/2022,13,12,"92,31",12,0,"100,00",1,"7,69",0,1,"7,69"
312340,DORESÓPOLIS,MG,07/2022,15,15,"100,00",14,1,"93,33",0,"0,00",0,0,"0,00"
312350,DOURADOQUARA,MG,07/2022,11,0,"0,00",0,0,,11,"100,00",10,1,"9,09"
312350,DOURADOQUARA,MG,11/2022,14,10,"71,43",10,0,"100,00",4,"28,57",0,4,"28,57"
312350,DOURADOQUARA,MG,09/2022,14,10,"71,43",10,0,"100,00",4,"28,57",0,4,"28,57"
312352,DURANDÉ,MG,09/2022,165,152,"92,12",152,0,"100,00",13,"7,88",0,13,"7,88"
312352,DURANDÉ,MG,11/2022,159,142,"89,31",139,3,"97,89",17,"10,69",1,16,"10,06"
312352,DURANDÉ,MG,07/2022,156,144,"92,31",140,4,"97,22",12,"7,69",0,12,"7,69"
312360,ELÓI MENDES,MG,07/2022,218,127,"58,26",102,25,"80,31",91,"41,74",28,63,"28,90"
312360,ELÓI MENDES,MG,11/2022,237,195,"82,28",195,0,"100,00",42,"17,72",0,42,"17,72"
312360,ELÓI MENDES,MG,09/2022,231,134,"58,01",86,48,"64,18",97,"41,99",56,41,"17,75"
312370,ENGENHEIRO CALDAS,MG,09/2022,168,5,"2,98",2,3,"40,00",163,"97,02",144,19,"11,31"
312370,ENGENHEIRO CALDAS,MG,11/2022,166,119,"71,69",90,29,"75,63",47,"28,31",2,45,"27,11"
312370,ENGENHEIRO CALDAS,MG,07/2022,172,148,"86,05",146,2,"98,65",24,"13,95",1,23,"13,37"
312380,ENGENHEIRO NAVARRO,MG,07/2022,159,128,"80,50",122,6,"95,31",31,"19,50",9,22,"13,84"
312380,ENGENHEIRO NAVARRO,MG,11/2022,151,130,"86,09",127,3,"97,69",21,"13,91",0,21,"13,91"
312380,ENGENHEIRO NAVARRO,MG,09/2022,159,130,"81,76",128,2,"98,46",29,"18,24",2,27,"16,98"
312385,ENTRE FOLHAS,MG,09/2022,117,93,"79,49",93,0,"100,00",24,"20,51",0,24,"20,51"
312385,ENTRE FOLHAS,MG,11/2022,115,91,"79,13",91,0,"100,00",24,"20,87",0,24,"20,87"
312385,ENTRE FOLHAS,MG,07/2022,106,0,"0,00",0,0,,106,"100,00",90,16,"15,09"
312390,ENTRE RIOS DE MINAS,MG,07/2022,118,87,"73,73",78,9,"89,66",31,"26,27",19,12,"10,17"
312390,ENTRE RIOS DE MINAS,MG,11/2022,119,91,"76,47",90,1,"98,90",28,"23,53",2,26,"21,85"
312390,ENTRE RIOS DE MINAS,MG,09/2022,125,90,"72,00",90,0,"100,00",35,"28,00",19,16,"12,80"
312400,ERVÁLIA,MG,09/2022,287,224,"78,05",222,2,"99,11",63,"21,95",0,63,"21,95"
312400,ERVÁLIA,MG,11/2022,278,218,"78,42",218,0,"100,00",60,"21,58",0,60,"21,58"
312400,ERVÁLIA,MG,07/2022,279,226,"81,00",222,4,"98,23",53,"19,00",0,53,"19,00"
312410,ESMERALDAS,MG,07/2022,1104,768,"69,57",767,1,"99,87",336,"30,43",8,328,"29,71"
312410,ESMERALDAS,MG,11/2022,1245,838,"67,31",838,0,"100,00",407,"32,69",5,402,"32,29"
312410,ESMERALDAS,MG,09/2022,1230,844,"68,62",844,0,"100,00",386,"31,38",6,380,"30,89"
312420,ESPERA FELIZ,MG,09/2022,318,195,"61,32",167,28,"85,64",123,"38,68",39,84,"26,42"
312420,ESPERA FELIZ,MG,11/2022,321,245,"76,32",216,29,"88,16",76,"23,68",0,76,"23,68"
312420,ESPERA FELIZ,MG,07/2022,314,215,"68,47",180,35,"83,72",99,"31,53",15,84,"26,75"
312430,ESPINOSA,MG,07/2022,649,297,"45,76",295,2,"99,33",352,"54,24",69,283,"43,61"
312430,ESPINOSA,MG,11/2022,685,367,"53,58",367,0,"100,00",318,"46,42",14,304,"44,38"
312430,ESPINOSA,MG,09/2022,689,382,"55,44",380,2,"99,48",307,"44,56",3,304,"44,12"
312440,ESPÍRITO SANTO DO DOURADO,MG,09/2022,110,92,"83,64",92,0,"100,00",18,"16,36",0,18,"16,36"
312440,ESPÍRITO SANTO DO DOURADO,MG,11/2022,118,99,"83,90",99,0,"100,00",19,"16,10",0,19,"16,10"
312440,ESPÍRITO SANTO DO DOURADO,MG,07/2022,93,0,"0,00",0,0,,93,"100,00",77,16,"17,20"
312450,ESTIVA,MG,07/2022,71,0,"0,00",0,0,,71,"100,00",64,7,"9,86"
312450,ESTIVA,MG,11/2022,88,68,"77,27",51,17,"75,00",20,"22,73",0,20,"22,73"
312450,ESTIVA,MG,09/2022,80,71,"88,75",67,4,"94,37",9,"11,25",0,9,"11,25"
312460,ESTRELA DALVA,MG,09/2022,39,28,"71,79",28,0,"100,00",11,"28,21",0,11,"28,21"
312460,ESTRELA DALVA,MG,11/2022,40,30,"75,00",30,0,"100,00",10,"25,00",0,10,"25,00"
312460,ESTRELA DALVA,MG,07/2022,30,22,"73,33",20,2,"90,91",8,"26,67",0,8,"26,67"
312470,ESTRELA DO INDAIÁ,MG,07/2022,19,11,"57,89",10,1,"90,91",8,"42,11",1,7,"36,84"
312470,ESTRELA DO INDAIÁ,MG,11/2022,20,16,"80,00",13,3,"81,25",4,"20,00",0,4,"20,00"
312470,ESTRELA DO INDAIÁ,MG,09/2022,21,0,"0,00",0,0,,21,"100,00",15,6,"28,57"
312480,ESTRELA DO SUL,MG,09/2022,41,29,"70,73",25,4,"86,21",12,"29,27",2,10,"24,39"
312480,ESTRELA DO SUL,MG,11/2022,41,28,"68,29",26,2,"92,86",13,"31,71",0,13,"31,71"
312480,ESTRELA DO SUL,MG,07/2022,50,28,"56,00",26,2,"92,86",22,"44,00",0,22,"44,00"
312490,EUGENÓPOLIS,MG,07/2022,126,92,"73,02",74,18,"80,43",34,"26,98",2,32,"25,40"
312490,EUGENÓPOLIS,MG,11/2022,133,105,"78,95",81,24,"77,14",28,"21,05",2,26,"19,55"
312490,EUGENÓPOLIS,MG,09/2022,134,105,"78,36",81,24,"77,14",29,"21,64",3,26,"19,40"
312500,EWBANK DA CÂMARA,MG,09/2022,71,64,"90,14",64,0,"100,00",7,"9,86",0,7,"9,86"
312500,EWBANK DA CÂMARA,MG,11/2022,63,53,"84,13",53,0,"100,00",10,"15,87",0,10,"15,87"
312500,EWBANK DA CÂMARA,MG,07/2022,67,0,"0,00",0,0,,67,"100,00",61,6,"8,96"
312510,EXTREMA,MG,07/2022,180,101,"56,11",97,4,"96,04",79,"43,89",0,79,"43,89"
312510,EXTREMA,MG,11/2022,211,134,"63,51",132,2,"98,51",77,"36,49",5,72,"34,12"
312510,EXTREMA,MG,09/2022,218,136,"62,39",136,0,"100,00",82,"37,61",2,80,"36,70"
312520,FAMA,MG,09/2022,31,26,"83,87",24,2,"92,31",5,"16,13",1,4,"12,90"
312520,FAMA,MG,11/2022,31,28,"90,32",26,2,"92,86",3,"9,68",1,2,"6,45"
312520,FAMA,MG,07/2022,24,21,"87,50",20,1,"95,24",3,"12,50",2,1,"4,17"
312530,FARIA LEMOS,MG,07/2022,51,43,"84,31",42,1,"97,67",8,"15,69",0,8,"15,69"
312530,FARIA LEMOS,MG,11/2022,49,47,"95,92",46,1,"97,87",2,"4,08",0,2,"4,08"
312530,FARIA LEMOS,MG,09/2022,50,46,"92,00",45,1,"97,83",4,"8,00",1,3,"6,00"
312540,FELÍCIO DOS SANTOS,MG,09/2022,124,106,"85,48",101,5,"95,28",18,"14,52",1,17,"13,71"
312540,FELÍCIO DOS SANTOS,MG,11/2022,117,100,"85,47",94,6,"94,00",17,"14,53",0,17,"14,53"
312540,FELÍCIO DOS SANTOS,MG,07/2022,116,102,"87,93",95,7,"93,14",14,"12,07",1,13,"11,21"
312550,SÃO GONÇALO DO RIO PRETO,MG,07/2022,60,54,"90,00",48,6,"88,89",6,"10,00",4,2,"3,33"
312550,SÃO GONÇALO DO RIO PRETO,MG,11/2022,53,47,"88,68",43,4,"91,49",6,"11,32",2,4,"7,55"
312550,SÃO GONÇALO DO RIO PRETO,MG,09/2022,59,55,"93,22",52,3,"94,55",4,"6,78",1,3,"5,08"
312560,FELISBURGO,MG,09/2022,147,120,"81,63",118,2,"98,33",27,"18,37",7,20,"13,61"
312560,FELISBURGO,MG,11/2022,144,119,"82,64",109,10,"91,60",25,"17,36",2,23,"15,97"
312560,FELISBURGO,MG,07/2022,139,116,"83,45",116,0,"100,00",23,"16,55",6,17,"12,23"
312570,FELIXLÂNDIA,MG,07/2022,184,81,"44,02",75,6,"92,59",103,"55,98",1,102,"55,43"
312570,FELIXLÂNDIA,MG,11/2022,169,129,"76,33",124,5,"96,12",40,"23,67",16,24,"14,20"
312570,FELIXLÂNDIA,MG,09/2022,185,82,"44,32",81,1,"98,78",103,"55,68",3,100,"54,05"
312580,FERNANDES TOURINHO,MG,09/2022,44,26,"59,09",22,4,"84,62",18,"40,91",2,16,"36,36"
312580,FERNANDES TOURINHO,MG,11/2022,45,29,"64,44",28,1,"96,55",16,"35,56",2,14,"31,11"
312580,FERNANDES TOURINHO,MG,07/2022,45,28,"62,22",24,4,"85,71",17,"37,78",1,16,"35,56"
312590,FERROS,MG,07/2022,144,120,"83,33",117,3,"97,50",24,"16,67",5,19,"13,19"
312590,FERROS,MG,11/2022,141,116,"82,27",112,4,"96,55",25,"17,73",2,23,"16,31"
312590,FERROS,MG,09/2022,139,116,"83,45",112,4,"96,55",23,"16,55",3,20,"14,39"
312595,FERVEDOURO,MG,09/2022,220,161,"73,18",151,10,"93,79",59,"26,82",2,57,"25,91"
312595,FERVEDOURO,MG,11/2022,212,137,"64,62",121,16,"88,32",75,"35,38",0,75,"35,38"
312595,FERVEDOURO,MG,07/2022,215,170,"79,07",157,13,"92,35",45,"20,93",0,45,"20,93"
312600,FLORESTAL,MG,07/2022,51,1,"1,96",1,0,"100,00",50,"98,04",42,8,"15,69"
312600,FLORESTAL,MG,11/2022,76,69,"90,79",66,3,"95,65",7,"9,21",0,7,"9,21"
312600,FLORESTAL,MG,09/2022,70,60,"85,71",60,0,"100,00",10,"14,29",1,9,"12,86"
312610,FORMIGA,MG,09/2022,330,207,"62,73",174,33,"84,06",123,"37,27",4,119,"36,06"
312610,FORMIGA,MG,11/2022,329,211,"64,13",180,31,"85,31",118,"35,87",3,115,"34,95"
312610,FORMIGA,MG,07/2022,328,206,"62,80",162,44,"78,64",122,"37,20",0,122,"37,20"
312620,FORMOSO,MG,09/2022,238,225,"94,54",225,0,"100,00",13,"5,46",1,12,"5,04"
312620,FORMOSO,MG,07/2022,226,39,"17,26",39,0,"100,00",187,"82,74",176,11,"4,87"
312620,FORMOSO,MG,11/2022,229,213,"93,01",213,0,"100,00",16,"6,99",2,14,"6,11"
312630,FORTALEZA DE MINAS,MG,11/2022,14,13,"92,86",13,0,"100,00",1,"7,14",0,1,"7,14"
312630,FORTALEZA DE MINAS,MG,07/2022,14,14,"100,00",14,0,"100,00",0,"0,00",0,0,"0,00"
312630,FORTALEZA DE MINAS,MG,09/2022,15,15,"100,00",15,0,"100,00",0,"0,00",0,0,"0,00"
312640,FORTUNA DE MINAS,MG,09/2022,42,32,"76,19",26,6,"81,25",10,"23,81",1,9,"21,43"
312640,FORTUNA DE MINAS,MG,07/2022,38,30,"78,95",24,6,"80,00",8,"21,05",0,8,"21,05"
312640,FORTUNA DE MINAS,MG,11/2022,44,33,"75,00",27,6,"81,82",11,"25,00",1,10,"22,73"
312650,FRANCISCO BADARÓ,MG,11/2022,136,121,"88,97",118,3,"97,52",15,"11,03",0,15,"11,03"
312650,FRANCISCO BADARÓ,MG,07/2022,140,122,"87,14",105,17,"86,07",18,"12,86",0,18,"12,86"
312650,FRANCISCO BADARÓ,MG,09/2022,148,126,"85,14",126,0,"100,00",22,"14,86",0,22,"14,86"
312660,FRANCISCO DUMONT,MG,09/2022,87,70,"80,46",69,1,"98,57",17,"19,54",0,17,"19,54"
312660,FRANCISCO DUMONT,MG,07/2022,80,60,"75,00",59,1,"98,33",20,"25,00",1,19,"23,75"
312660,FRANCISCO DUMONT,MG,11/2022,93,77,"82,80",74,3,"96,10",16,"17,20",1,15,"16,13"
312670,FRANCISCO SÁ,MG,11/2022,469,431,"91,90",431,0,"100,00",38,"8,10",2,36,"7,68"
312670,FRANCISCO SÁ,MG,07/2022,443,0,"0,00",0,0,,443,"100,00",412,31,"7,00"
312670,FRANCISCO SÁ,MG,09/2022,483,379,"78,47",379,0,"100,00",104,"21,53",71,33,"6,83"
312675,FRANCISCÓPOLIS,MG,09/2022,135,129,"95,56",129,0,"100,00",6,"4,44",0,6,"4,44"
312675,FRANCISCÓPOLIS,MG,07/2022,128,122,"95,31",122,0,"100,00",6,"4,69",1,5,"3,91"
312675,FRANCISCÓPOLIS,MG,11/2022,125,117,"93,60",117,0,"100,00",8,"6,40",1,7,"5,60"
312680,FREI GASPAR,MG,11/2022,172,155,"90,12",155,0,"100,00",17,"9,88",1,16,"9,30"
312680,FREI GASPAR,MG,07/2022,147,0,"0,00",0,0,,147,"100,00",133,14,"9,52"
312680,FREI GASPAR,MG,09/2022,166,147,"88,55",147,0,"100,00",19,"11,45",1,18,"10,84"
312690,FREI INOCÊNCIO,MG,09/2022,214,117,"54,67",112,5,"95,73",97,"45,33",5,92,"42,99"
312690,FREI INOCÊNCIO,MG,07/2022,208,108,"51,92",90,18,"83,33",100,"48,08",3,97,"46,63"
312690,FREI INOCÊNCIO,MG,11/2022,208,110,"52,88",107,3,"97,27",98,"47,12",5,93,"44,71"
312695,FREI LAGONEGRO,MG,11/2022,90,86,"95,56",72,14,"83,72",4,"4,44",0,4,"4,44"
312695,FREI LAGONEGRO,MG,07/2022,85,75,"88,24",68,7,"90,67",10,"11,76",1,9,"10,59"
312695,FREI LAGONEGRO,MG,09/2022,91,70,"76,92",66,4,"94,29",21,"23,08",9,12,"13,19"
312700,FRONTEIRA,MG,09/2022,144,109,"75,69",53,56,"48,62",35,"24,31",0,35,"24,31"
312700,FRONTEIRA,MG,07/2022,137,77,"56,20",16,61,"20,78",60,"43,80",0,60,"43,80"
312700,FRONTEIRA,MG,11/2022,135,97,"71,85",63,34,"64,95",38,"28,15",1,37,"27,41"
312705,FRONTEIRA DOS VALES,MG,11/2022,128,0,"0,00",0,0,,128,"100,00",123,5,"3,91"
312705,FRONTEIRA DOS VALES,MG,07/2022,120,0,"0,00",0,0,,120,"100,00",116,4,"3,33"
312705,FRONTEIRA DOS VALES,MG,09/2022,139,130,"93,53",130,0,"100,00",9,"6,47",4,5,"3,60"
312707,FRUTA DE LEITE,MG,09/2022,142,125,"88,03",109,16,"87,20",17,"11,97",0,17,"11,97"
312707,FRUTA DE LEITE,MG,07/2022,139,125,"89,93",90,35,"72,00",14,"10,07",0,14,"10,07"
312707,FRUTA DE LEITE,MG,11/2022,129,111,"86,05",92,19,"82,88",18,"13,95",0,18,"13,95"
312710,FRUTAL,MG,11/2022,369,233,"63,14",204,29,"87,55",136,"36,86",1,135,"36,59"
312710,FRUTAL,MG,07/2022,379,279,"73,61",277,2,"99,28",100,"26,39",3,97,"25,59"
312710,FRUTAL,MG,09/2022,392,276,"70,41",269,7,"97,46",116,"29,59",8,108,"27,55"
312720,FUNILÂNDIA,MG,09/2022,76,47,"61,84",38,9,"80,85",29,"38,16",0,29,"38,16"
312720,FUNILÂNDIA,MG,07/2022,77,51,"66,23",38,13,"74,51",26,"33,77",1,25,"32,47"
312720,FUNILÂNDIA,MG,11/2022,70,52,"74,29",44,8,"84,62",18,"25,71",0,18,"25,71"
312730,GALILÉIA,MG,11/2022,110,64,"58,18",64,0,"100,00",46,"41,82",0,46,"41,82"
312730,GALILÉIA,MG,07/2022,104,67,"64,42",64,3,"95,52",37,"35,58",3,34,"32,69"
312730,GALILÉIA,MG,09/2022,101,59,"58,42",57,2,"96,61",42,"41,58",0,42,"41,58"
312733,GAMELEIRAS,MG,09/2022,101,94,"93,07",93,1,"98,94",7,"6,93",0,7,"6,93"
312733,GAMELEIRAS,MG,07/2022,96,90,"93,75",90,0,"100,00",6,"6,25",0,6,"6,25"
312733,GAMELEIRAS,MG,11/2022,87,68,"78,16",65,3,"95,59",19,"21,84",9,10,"11,49"
312735,GLAUCILÂNDIA,MG,11/2022,61,44,"72,13",38,6,"86,36",17,"27,87",0,17,"27,87"
312735,GLAUCILÂNDIA,MG,07/2022,56,40,"71,43",34,6,"85,00",16,"28,57",0,16,"28,57"
312735,GLAUCILÂNDIA,MG,09/2022,60,43,"71,67",37,6,"86,05",17,"28,33",0,17,"28,33"
312737,GOIABEIRA,MG,09/2022,45,38,"84,44",38,0,"100,00",7,"15,56",0,7,"15,56"
312737,GOIABEIRA,MG,07/2022,48,40,"83,33",40,0,"100,00",8,"16,67",0,8,"16,67"
312737,GOIABEIRA,MG,11/2022,46,38,"82,61",34,4,"89,47",8,"17,39",3,5,"10,87"
312738,GOIANÁ,MG,11/2022,57,49,"85,96",49,0,"100,00",8,"14,04",0,8,"14,04"
312738,GOIANÁ,MG,07/2022,58,45,"77,59",45,0,"100,00",13,"22,41",1,12,"20,69"
312738,GOIANÁ,MG,09/2022,61,49,"80,33",49,0,"100,00",12,"19,67",0,12,"19,67"
312740,GONÇALVES,MG,09/2022,14,12,"85,71",7,5,"58,33",2,"14,29",0,2,"14,29"
312740,GONÇALVES,MG,07/2022,17,14,"82,35",7,7,"50,00",3,"17,65",0,3,"17,65"
312740,GONÇALVES,MG,11/2022,18,13,"72,22",6,7,"46,15",5,"27,78",0,5,"27,78"
312750,GONZAGA,MG,11/2022,97,68,"70,10",45,23,"66,18",29,"29,90",1,28,"28,87"
312750,GONZAGA,MG,07/2022,98,68,"69,39",3,65,"4,41",30,"30,61",2,28,"28,57"
312750,GONZAGA,MG,09/2022,108,73,"67,59",53,20,"72,60",35,"32,41",2,33,"30,56"
312760,GOUVEIA,MG,09/2022,144,36,"25,00",25,11,"69,44",108,"75,00",98,10,"6,94"
312760,GOUVEIA,MG,07/2022,144,130,"90,28",115,15,"88,46",14,"9,72",4,10,"6,94"
312760,GOUVEIA,MG,11/2022,134,117,"87,31",103,14,"88,03",17,"12,69",3,14,"10,45"
312770,GOVERNADOR VALADARES,MG,11/2022,2400,1169,"48,71",1049,120,"89,73",1231,"51,29",109,1122,"46,75"
312770,GOVERNADOR VALADARES,MG,07/2022,2312,1188,"51,38",1053,135,"88,64",1124,"48,62",88,1036,"44,81"
312770,GOVERNADOR VALADARES,MG,09/2022,2394,1079,"45,07",986,93,"91,38",1315,"54,93",185,1130,"47,20"
312780,GRÃO MOGOL,MG,09/2022,302,179,"59,27",178,1,"99,44",123,"40,73",80,43,"14,24"
312780,GRÃO MOGOL,MG,07/2022,276,184,"66,67",184,0,"100,00",92,"33,33",53,39,"14,13"
312780,GRÃO MOGOL,MG,11/2022,295,262,"88,81",262,0,"100,00",33,"11,19",0,33,"11,19"
312790,GRUPIARA,MG,11/2022,11,11,"100,00",7,4,"63,64",0,"0,00",0,0,"0,00"
312790,GRUPIARA,MG,07/2022,9,9,"100,00",5,4,"55,56",0,"0,00",0,0,"0,00"
312790,GRUPIARA,MG,09/2022,11,11,"100,00",11,0,"100,00",0,"0,00",0,0,"0,00"
312800,GUANHÃES,MG,09/2022,426,284,"66,67",275,9,"96,83",142,"33,33",81,61,"14,32"
312800,GUANHÃES,MG,07/2022,395,345,"87,34",317,28,"91,88",50,"12,66",9,41,"10,38"
312800,GUANHÃES,MG,11/2022,429,359,"83,68",339,20,"94,43",70,"16,32",5,65,"15,15"
312810,GUAPÉ,MG,11/2022,99,35,"35,35",35,0,"100,00",64,"64,65",55,9,"9,09"
312810,GUAPÉ,MG,07/2022,97,16,"16,49",16,0,"100,00",81,"83,51",75,6,"6,19"
312810,GUAPÉ,MG,09/2022,99,88,"88,89",88,0,"100,00",11,"11,11",4,7,"7,07"
312820,GUARACIABA,MG,09/2022,146,121,"82,88",121,0,"100,00",25,"17,12",0,25,"17,12"
312820,GUARACIABA,MG,07/2022,141,118,"83,69",116,2,"98,31",23,"16,31",0,23,"16,31"
312820,GUARACIABA,MG,11/2022,147,121,"82,31",121,0,"100,00",26,"17,69",0,26,"17,69"
312825,GUARACIAMA,MG,11/2022,120,100,"83,33",98,2,"98,00",20,"16,67",0,20,"16,67"
312825,GUARACIAMA,MG,07/2022,117,98,"83,76",94,4,"95,92",19,"16,24",0,19,"16,24"
312825,GUARACIAMA,MG,09/2022,121,92,"76,03",92,0,"100,00",29,"23,97",0,29,"23,97"
312830,GUARANÉSIA,MG,09/2022,122,91,"74,59",86,5,"94,51",31,"25,41",1,30,"24,59"
312830,GUARANÉSIA,MG,07/2022,121,89,"73,55",78,11,"87,64",32,"26,45",2,30,"24,79"
312830,GUARANÉSIA,MG,11/2022,115,83,"72,17",76,7,"91,57",32,"27,83",0,32,"27,83"
312840,GUARANI,MG,11/2022,85,61,"71,76",51,10,"83,61",24,"28,24",0,24,"28,24"
312840,GUARANI,MG,07/2022,76,50,"65,79",43,7,"86,00",26,"34,21",6,20,"26,32"
312840,GUARANI,MG,09/2022,84,56,"66,67",47,9,"83,93",28,"33,33",5,23,"27,38"
312850,GUARARÁ,MG,09/2022,51,26,"50,98",21,5,"80,77",25,"49,02",0,25,"49,02"
312850,GUARARÁ,MG,07/2022,49,37,"75,51",33,4,"89,19",12,"24,49",3,9,"18,37"
312850,GUARARÁ,MG,11/2022,51,30,"58,82",27,3,"90,00",21,"41,18",0,21,"41,18"
312860,GUARDA-MOR,MG,11/2022,68,48,"70,59",48,0,"100,00",20,"29,41",13,7,"10,29"
312860,GUARDA-MOR,MG,07/2022,51,36,"70,59",36,0,"100,00",15,"29,41",0,15,"29,41"
312860,GUARDA-MOR,MG,09/2022,62,44,"70,97",42,2,"95,45",18,"29,03",1,17,"27,42"
312870,GUAXUPÉ,MG,09/2022,296,174,"58,78",174,0,"100,00",122,"41,22",1,121,"40,88"
312870,GUAXUPÉ,MG,07/2022,282,164,"58,16",164,0,"100,00",118,"41,84",1,117,"41,49"
312870,GUAXUPÉ,MG,11/2022,306,185,"60,46",184,1,"99,46",121,"39,54",1,120,"39,22"
312880,GUIDOVAL,MG,11/2022,89,58,"65,17",57,1,"98,28",31,"34,83",1,30,"33,71"
312880,GUIDOVAL,MG,07/2022,104,86,"82,69",76,10,"88,37",18,"17,31",1,17,"16,35"
312880,GUIDOVAL,MG,09/2022,109,84,"77,06",73,11,"86,90",25,"22,94",1,24,"22,02"
312890,GUIMARÂNIA,MG,09/2022,128,112,"87,50",100,12,"89,29",16,"12,50",1,15,"11,72"
312890,GUIMARÂNIA,MG,07/2022,113,100,"88,50",91,9,"91,00",13,"11,50",1,12,"10,62"
312890,GUIMARÂNIA,MG,11/2022,120,103,"85,83",93,10,"90,29",17,"14,17",0,17,"14,17"
312900,GUIRICEMA,MG,11/2022,118,96,"81,36",96,0,"100,00",22,"18,64",3,19,"16,10"
312900,GUIRICEMA,MG,07/2022,122,101,"82,79",101,0,"100,00",21,"17,21",7,14,"11,48"
312900,GUIRICEMA,MG,09/2022,126,101,"80,16",101,0,"100,00",25,"19,84",8,17,"13,49"
312910,GURINHATÃ,MG,09/2022,47,30,"63,83",27,3,"90,00",17,"36,17",0,17,"36,17"
312910,GURINHATÃ,MG,07/2022,50,31,"62,00",29,2,"93,55",19,"38,00",0,19,"38,00"
312910,GURINHATÃ,MG,11/2022,46,30,"65,22",28,2,"93,33",16,"34,78",0,16,"34,78"
312920,HELIODORA,MG,11/2022,39,35,"89,74",31,4,"88,57",4,"10,26",1,3,"7,69"
312920,HELIODORA,MG,07/2022,52,46,"88,46",42,4,"91,30",6,"11,54",0,6,"11,54"
312920,HELIODORA,MG,09/2022,49,43,"87,76",39,4,"90,70",6,"12,24",0,6,"12,24"
312930,IAPU,MG,09/2022,144,132,"91,67",132,0,"100,00",12,"8,33",1,11,"7,64"
312930,IAPU,MG,07/2022,141,132,"93,62",132,0,"100,00",9,"6,38",1,8,"5,67"
312930,IAPU,MG,11/2022,135,114,"84,44",110,4,"96,49",21,"15,56",4,17,"12,59"
312940,IBERTIOGA,MG,11/2022,84,69,"82,14",58,11,"84,06",15,"17,86",1,14,"16,67"
312940,IBERTIOGA,MG,07/2022,80,60,"75,00",50,10,"83,33",20,"25,00",2,18,"22,50"
312940,IBERTIOGA,MG,09/2022,83,69,"83,13",57,12,"82,61",14,"16,87",0,14,"16,87"
312950,IBIÁ,MG,09/2022,198,1,"0,51",1,0,"100,00",197,"99,49",165,32,"16,16"
312950,IBIÁ,MG,07/2022,193,3,"1,55",3,0,"100,00",190,"98,45",158,32,"16,58"
312950,IBIÁ,MG,11/2022,203,66,"32,51",55,11,"83,33",137,"67,49",86,51,"25,12"
312960,IBIAÍ,MG,11/2022,184,124,"67,39",123,1,"99,19",60,"32,61",0,60,"32,61"
312960,IBIAÍ,MG,07/2022,178,123,"69,10",100,23,"81,30",55,"30,90",0,55,"30,90"
312960,IBIAÍ,MG,09/2022,188,127,"67,55",127,0,"100,00",61,"32,45",0,61,"32,45"
312965,IBIRACATU,MG,09/2022,152,22,"14,47",22,0,"100,00",130,"85,53",104,26,"17,11"
312965,IBIRACATU,MG,07/2022,145,103,"71,03",101,2,"98,06",42,"28,97",3,39,"26,90"
312965,IBIRACATU,MG,11/2022,148,121,"81,76",121,0,"100,00",27,"18,24",1,26,"17,57"
312970,IBIRACI,MG,11/2022,120,91,"75,83",74,17,"81,32",29,"24,17",1,28,"23,33"
312970,IBIRACI,MG,07/2022,112,91,"81,25",87,4,"95,60",21,"18,75",1,20,"17,86"
312970,IBIRACI,MG,09/2022,130,101,"77,69",76,25,"75,25",29,"22,31",1,28,"21,54"
312980,IBIRITÉ,MG,09/2022,1540,1145,"74,35",1085,60,"94,76",395,"25,65",10,385,"25,00"
312980,IBIRITÉ,MG,07/2022,1389,1049,"75,52",977,72,"93,14",340,"24,48",31,309,"22,25"
312980,IBIRITÉ,MG,11/2022,1528,1056,"69,11",999,57,"94,60",472,"30,89",106,366,"23,95"
312990,IBITIÚRA DE MINAS,MG,11/2022,31,24,"77,42",20,4,"83,33",7,"22,58",1,6,"19,35"
312990,IBITIÚRA DE MINAS,MG,07/2022,32,24,"75,00",19,5,"79,17",8,"25,00",1,7,"21,88"
312990,IBITIÚRA DE MINAS,MG,09/2022,35,28,"80,00",23,5,"82,14",7,"20,00",1,6,"17,14"
313000,IBITURUNA,MG,09/2022,47,40,"85,11",39,1,"97,50",7,"14,89",2,5,"10,64"
313000,IBITURUNA,MG,07/2022,47,39,"82,98",37,2,"94,87",8,"17,02",3,5,"10,64"
313000,IBITURUNA,MG,11/2022,46,41,"89,13",39,2,"95,12",5,"10,87",1,4,"8,70"
313005,ICARAÍ DE MINAS,MG,11/2022,248,202,"81,45",194,8,"96,04",46,"18,55",1,45,"18,15"
313005,ICARAÍ DE MINAS,MG,07/2022,250,186,"74,40",176,10,"94,62",64,"25,60",2,62,"24,80"
313005,ICARAÍ DE MINAS,MG,09/2022,260,203,"78,08",193,10,"95,07",57,"21,92",5,52,"20,00"
313010,IGARAPÉ,MG,09/2022,532,445,"83,65",445,0,"100,00",87,"16,35",7,80,"15,04"
313010,IGARAPÉ,MG,07/2022,484,405,"83,68",405,0,"100,00",79,"16,32",7,72,"14,88"
313010,IGARAPÉ,MG,11/2022,526,437,"83,08",437,0,"100,00",89,"16,92",1,88,"16,73"
313020,IGARATINGA,MG,11/2022,46,25,"54,35",17,8,"68,00",21,"45,65",0,21,"45,65"
313020,IGARATINGA,MG,07/2022,48,24,"50,00",16,8,"66,67",24,"50,00",6,18,"37,50"
313020,IGARATINGA,MG,09/2022,44,15,"34,09",12,3,"80,00",29,"65,91",9,20,"45,45"
313030,IGUATAMA,MG,09/2022,79,72,"91,14",72,0,"100,00",7,"8,86",0,7,"8,86"
313030,IGUATAMA,MG,07/2022,65,0,"0,00",0,0,,65,"100,00",58,7,"10,77"
313030,IGUATAMA,MG,11/2022,69,63,"91,30",63,0,"100,00",6,"8,70",0,6,"8,70"
313040,IJACI,MG,11/2022,70,51,"72,86",48,3,"94,12",19,"27,14",11,8,"11,43"
313040,IJACI,MG,07/2022,71,0,"0,00",0,0,,71,"100,00",65,6,"8,45"
313040,IJACI,MG,09/2022,80,74,"92,50",74,0,"100,00",6,"7,50",0,6,"7,50"
313050,ILICÍNEA,MG,09/2022,122,111,"90,98",111,0,"100,00",11,"9,02",0,11,"9,02"
313050,ILICÍNEA,MG,07/2022,110,0,"0,00",0,0,,110,"100,00",105,5,"4,55"
313050,ILICÍNEA,MG,11/2022,127,116,"91,34",116,0,"100,00",11,"8,66",1,10,"7,87"
313055,IMBÉ DE MINAS,MG,11/2022,177,119,"67,23",119,0,"100,00",58,"32,77",0,58,"32,77"
313055,IMBÉ DE MINAS,MG,07/2022,180,119,"66,11",97,22,"81,51",61,"33,89",0,61,"33,89"
313055,IMBÉ DE MINAS,MG,09/2022,181,113,"62,43",113,0,"100,00",68,"37,57",0,68,"37,57"
313060,INCONFIDENTES,MG,09/2022,60,52,"86,67",27,25,"51,92",8,"13,33",0,8,"13,33"
313060,INCONFIDENTES,MG,07/2022,60,50,"83,33",35,15,"70,00",10,"16,67",0,10,"16,67"
313060,INCONFIDENTES,MG,11/2022,59,50,"84,75",27,23,"54,00",9,"15,25",0,9,"15,25"
313065,INDAIABIRA,MG,11/2022,162,137,"84,57",137,0,"100,00",25,"15,43",0,25,"15,43"
313065,INDAIABIRA,MG,07/2022,162,133,"82,10",128,5,"96,24",29,"17,90",2,27,"16,67"
313065,INDAIABIRA,MG,09/2022,162,144,"88,89",131,13,"90,97",18,"11,11",1,17,"10,49"
313070,INDIANÓPOLIS,MG,09/2022,64,51,"79,69",47,4,"92,16",13,"20,31",0,13,"20,31"
313070,INDIANÓPOLIS,MG,07/2022,62,29,"46,77",28,1,"96,55",33,"53,23",20,13,"20,97"
313070,INDIANÓPOLIS,MG,11/2022,61,19,"31,15",18,1,"94,74",42,"68,85",35,7,"11,48"
313080,INGAÍ,MG,11/2022,19,14,"73,68",12,2,"85,71",5,"26,32",3,2,"10,53"
313080,INGAÍ,MG,07/2022,17,0,"0,00",0,0,,17,"100,00",16,1,"5,88"
313080,INGAÍ,MG,09/2022,18,17,"94,44",15,2,"88,24",1,"5,56",0,1,"5,56"
313090,INHAPIM,MG,09/2022,432,396,"91,67",396,0,"100,00",36,"8,33",1,35,"8,10"
313090,INHAPIM,MG,07/2022,412,377,"91,50",377,0,"100,00",35,"8,50",3,32,"7,77"
313090,INHAPIM,MG,11/2022,410,371,"90,49",371,0,"100,00",39,"9,51",2,37,"9,02"
313100,INHAÚMA,MG,11/2022,122,116,"95,08",105,11,"90,52",6,"4,92",1,5,"4,10"
313100,INHAÚMA,MG,07/2022,109,103,"94,50",89,14,"86,41",6,"5,50",0,6,"5,50"
313100,INHAÚMA,MG,09/2022,116,111,"95,69",98,13,"88,29",5,"4,31",0,5,"4,31"
313110,INIMUTABA,MG,09/2022,116,96,"82,76",69,27,"71,88",20,"17,24",2,18,"15,52"
313110,INIMUTABA,MG,07/2022,117,97,"82,91",74,23,"76,29",20,"17,09",3,17,"14,53"
313110,INIMUTABA,MG,11/2022,110,98,"89,09",77,21,"78,57",12,"10,91",1,11,"10,00"
313115,IPABA,MG,11/2022,208,139,"66,83",122,17,"87,77",69,"33,17",1,68,"32,69"
313115,IPABA,MG,07/2022,203,140,"68,97",120,20,"85,71",63,"31,03",1,62,"30,54"
313115,IPABA,MG,09/2022,209,145,"69,38",123,22,"84,83",64,"30,62",0,64,"30,62"
313120,IPANEMA,MG,09/2022,304,241,"79,28",232,9,"96,27",63,"20,72",1,62,"20,39"
313120,IPANEMA,MG,07/2022,299,231,"77,26",230,1,"99,57",68,"22,74",2,66,"22,07"
313120,IPANEMA,MG,11/2022,291,238,"81,79",237,1,"99,58",53,"18,21",0,53,"18,21"
313130,IPATINGA,MG,11/2022,2015,800,"39,70",662,138,"82,75",1215,"60,30",2,1213,"60,20"
313130,IPATINGA,MG,07/2022,1889,776,"41,08",607,169,"78,22",1113,"58,92",15,1098,"58,13"
313130,IPATINGA,MG,09/2022,2078,844,"40,62",663,181,"78,55",1234,"59,38",11,1223,"58,85"
313140,IPIAÇU,MG,09/2022,47,37,"78,72",37,0,"100,00",10,"21,28",0,10,"21,28"
313140,IPIAÇU,MG,07/2022,44,0,"0,00",0,0,,44,"100,00",34,10,"22,73"
313140,IPIAÇU,MG,11/2022,49,36,"73,47",36,0,"100,00",13,"26,53",0,13,"26,53"
313150,IPUIÚNA,MG,11/2022,80,79,"98,75",44,35,"55,70",1,"1,25",1,0,"0,00"
313150,IPUIÚNA,MG,07/2022,80,45,"56,25",45,0,"100,00",35,"43,75",1,34,"42,50"
313150,IPUIÚNA,MG,09/2022,82,46,"56,10",46,0,"100,00",36,"43,90",1,35,"42,68"
313160,IRAÍ DE MINAS,MG,09/2022,94,79,"84,04",79,0,"100,00",15,"15,96",3,12,"12,77"
313160,IRAÍ DE MINAS,MG,07/2022,85,0,"0,00",0,0,,85,"100,00",76,9,"10,59"
313160,IRAÍ DE MINAS,MG,11/2022,90,63,"70,00",55,8,"87,30",27,"30,00",2,25,"27,78"
313170,ITABIRA,MG,11/2022,739,549,"74,29",518,31,"94,35",190,"25,71",0,190,"25,71"
313170,ITABIRA,MG,07/2022,732,531,"72,54",463,68,"87,19",201,"27,46",3,198,"27,05"
313170,ITABIRA,MG,09/2022,770,548,"71,17",513,35,"93,61",222,"28,83",0,222,"28,83"
313180,ITABIRINHA,MG,09/2022,186,57,"30,65",57,0,"100,00",129,"69,35",111,18,"9,68"
313180,ITABIRINHA,MG,07/2022,168,0,"0,00",0,0,,168,"100,00",155,13,"7,74"
313180,ITABIRINHA,MG,11/2022,180,111,"61,67",104,7,"93,69",69,"38,33",0,69,"38,33"
313190,ITABIRITO,MG,11/2022,269,179,"66,54",171,8,"95,53",90,"33,46",0,90,"33,46"
313190,ITABIRITO,MG,07/2022,261,129,"49,43",129,0,"100,00",132,"50,57",0,132,"50,57"
313190,ITABIRITO,MG,09/2022,284,152,"53,52",152,0,"100,00",132,"46,48",0,132,"46,48"
313200,ITACAMBIRA,MG,09/2022,75,56,"74,67",52,4,"92,86",19,"25,33",1,18,"24,00"
313200,ITACAMBIRA,MG,07/2022,69,50,"72,46",42,8,"84,00",19,"27,54",0,19,"27,54"
313200,ITACAMBIRA,MG,11/2022,69,55,"79,71",54,1,"98,18",14,"20,29",0,14,"20,29"
313210,ITACARAMBI,MG,11/2022,405,226,"55,80",197,29,"87,17",179,"44,20",11,168,"41,48"
313210,ITACARAMBI,MG,07/2022,392,207,"52,81",191,16,"92,27",185,"47,19",101,84,"21,43"
313210,ITACARAMBI,MG,09/2022,394,187,"47,46",137,50,"73,26",207,"52,54",112,95,"24,11"
313220,ITAGUARA,MG,09/2022,93,76,"81,72",64,12,"84,21",17,"18,28",0,17,"18,28"
313220,ITAGUARA,MG,07/2022,86,64,"74,42",57,7,"89,06",22,"25,58",0,22,"25,58"
313220,ITAGUARA,MG,11/2022,90,74,"82,22",63,11,"85,14",16,"17,78",0,16,"17,78"
313230,ITAIPÉ,MG,11/2022,328,269,"82,01",237,32,"88,10",59,"17,99",1,58,"17,68"
313230,ITAIPÉ,MG,07/2022,326,256,"78,53",203,53,"79,30",70,"21,47",0,70,"21,47"
313230,ITAIPÉ,MG,09/2022,336,270,"80,36",247,23,"91,48",66,"19,64",0,66,"19,64"
313240,ITAJUBÁ,MG,09/2022,601,538,"89,52",538,0,"100,00",63,"10,48",2,61,"10,15"
313240,ITAJUBÁ,MG,07/2022,547,472,"86,29",472,0,"100,00",75,"13,71",15,60,"10,97"
313240,ITAJUBÁ,MG,11/2022,624,554,"88,78",554,0,"100,00",70,"11,22",7,63,"10,10"
313250,ITAMARANDIBA,MG,11/2022,628,497,"79,14",466,31,"93,76",131,"20,86",36,95,"15,13"
313250,ITAMARANDIBA,MG,07/2022,570,4,"0,70",3,1,"75,00",566,"99,30",535,31,"5,44"
313250,ITAMARANDIBA,MG,09/2022,640,490,"76,56",490,0,"100,00",150,"23,44",115,35,"5,47"
313260,ITAMARATI DE MINAS,MG,09/2022,42,28,"66,67",28,0,"100,00",14,"33,33",1,13,"30,95"
313260,ITAMARATI DE MINAS,MG,07/2022,38,24,"63,16",24,0,"100,00",14,"36,84",3,11,"28,95"
313260,ITAMARATI DE MINAS,MG,11/2022,37,28,"75,68",24,4,"85,71",9,"24,32",0,9,"24,32"
313270,ITAMBACURI,MG,11/2022,462,207,"44,81",188,19,"90,82",255,"55,19",2,253,"54,76"
313270,ITAMBACURI,MG,07/2022,476,202,"42,44",194,8,"96,04",274,"57,56",33,241,"50,63"
313270,ITAMBACURI,MG,09/2022,486,208,"42,80",185,23,"88,94",278,"57,20",2,276,"56,79"
313280,ITAMBÉ DO MATO DENTRO,MG,09/2022,24,20,"83,33",20,0,"100,00",4,"16,67",0,4,"16,67"
313280,ITAMBÉ DO MATO DENTRO,MG,07/2022,22,0,"0,00",0,0,,22,"100,00",18,4,"18,18"
313280,ITAMBÉ DO MATO DENTRO,MG,11/2022,27,24,"88,89",24,0,"100,00",3,"11,11",0,3,"11,11"
313290,ITAMOGI,MG,11/2022,83,69,"83,13",37,32,"53,62",14,"16,87",0,14,"16,87"
313290,ITAMOGI,MG,07/2022,84,68,"80,95",61,7,"89,71",16,"19,05",0,16,"19,05"
313290,ITAMOGI,MG,09/2022,88,79,"89,77",35,44,"44,30",9,"10,23",0,9,"10,23"
313300,ITAMONTE,MG,09/2022,113,105,"92,92",83,22,"79,05",8,"7,08",3,5,"4,42"
313300,ITAMONTE,MG,07/2022,105,99,"94,29",77,22,"77,78",6,"5,71",0,6,"5,71"
313300,ITAMONTE,MG,11/2022,109,101,"92,66",83,18,"82,18",8,"7,34",0,8,"7,34"
313310,ITANHANDU,MG,11/2022,82,71,"86,59",60,11,"84,51",11,"13,41",1,10,"12,20"
313310,ITANHANDU,MG,07/2022,93,77,"82,80",59,18,"76,62",16,"17,20",2,14,"15,05"
313310,ITANHANDU,MG,09/2022,97,85,"87,63",71,14,"83,53",12,"12,37",0,12,"12,37"
313320,ITANHOMI,MG,09/2022,118,19,"16,10",16,3,"84,21",99,"83,90",50,49,"41,53"
313320,ITANHOMI,MG,07/2022,129,77,"59,69",77,0,"100,00",52,"40,31",0,52,"40,31"
313320,ITANHOMI,MG,11/2022,120,66,"55,00",60,6,"90,91",54,"45,00",1,53,"44,17"
313330,ITAOBIM,MG,11/2022,352,257,"73,01",255,2,"99,22",95,"26,99",79,16,"4,55"
313330,ITAOBIM,MG,07/2022,373,272,"72,92",242,30,"88,97",101,"27,08",3,98,"26,27"
313330,ITAOBIM,MG,09/2022,389,251,"64,52",240,11,"95,62",138,"35,48",15,123,"31,62"
313340,ITAPAGIPE,MG,09/2022,96,15,"15,63",15,0,"100,00",81,"84,38",62,19,"19,79"
313340,ITAPAGIPE,MG,07/2022,90,16,"17,78",16,0,"100,00",74,"82,22",56,18,"20,00"
313340,ITAPAGIPE,MG,11/2022,94,16,"17,02",13,3,"81,25",78,"82,98",52,26,"27,66"
313350,ITAPECERICA,MG,11/2022,166,148,"89,16",137,11,"92,57",18,"10,84",0,18,"10,84"
313350,ITAPECERICA,MG,07/2022,148,117,"79,05",105,12,"89,74",31,"20,95",4,27,"18,24"
313350,ITAPECERICA,MG,09/2022,152,143,"94,08",135,8,"94,41",9,"5,92",0,9,"5,92"
313360,ITAPEVA,MG,09/2022,98,55,"56,12",41,14,"74,55",43,"43,88",14,29,"29,59"
313360,ITAPEVA,MG,07/2022,92,50,"54,35",48,2,"96,00",42,"45,65",14,28,"30,43"
313360,ITAPEVA,MG,11/2022,92,66,"71,74",66,0,"100,00",26,"28,26",0,26,"28,26"
313370,ITATIAIUÇU,MG,11/2022,100,55,"55,00",55,0,"100,00",45,"45,00",1,44,"44,00"
313370,ITATIAIUÇU,MG,07/2022,113,71,"62,83",55,16,"77,46",42,"37,17",1,41,"36,28"
313370,ITATIAIUÇU,MG,09/2022,115,57,"49,57",40,17,"70,18",58,"50,43",2,56,"48,70"
313375,ITAÚ DE MINAS,MG,09/2022,71,67,"94,37",67,0,"100,00",4,"5,63",1,3,"4,23"
313375,ITAÚ DE MINAS,MG,07/2022,63,0,"0,00",0,0,,63,"100,00",60,3,"4,76"
313375,ITAÚ DE MINAS,MG,11/2022,61,14,"22,95",13,1,"92,86",47,"77,05",16,31,"50,82"
313380,ITAÚNA,MG,11/2022,395,248,"62,78",234,14,"94,35",147,"37,22",5,142,"35,95"
313380,ITAÚNA,MG,07/2022,367,143,"38,96",115,28,"80,42",224,"61,04",69,155,"42,23"
313380,ITAÚNA,MG,09/2022,404,261,"64,60",242,19,"92,72",143,"35,40",3,140,"34,65"
313390,ITAVERAVA,MG,09/2022,85,73,"85,88",66,7,"90,41",12,"14,12",2,10,"11,76"
313390,ITAVERAVA,MG,07/2022,82,72,"87,80",67,5,"93,06",10,"12,20",2,8,"9,76"
313390,ITAVERAVA,MG,11/2022,83,77,"92,77",77,0,"100,00",6,"7,23",0,6,"7,23"
313400,ITINGA,MG,11/2022,339,174,"51,33",157,17,"90,23",165,"48,67",2,163,"48,08"
313400,ITINGA,MG,07/2022,344,174,"50,58",128,46,"73,56",170,"49,42",7,163,"47,38"
313400,ITINGA,MG,09/2022,352,178,"50,57",152,26,"85,39",174,"49,43",2,172,"48,86"
313410,ITUETA,MG,09/2022,95,75,"78,95",67,8,"89,33",20,"21,05",1,19,"20,00"
313410,ITUETA,MG,07/2022,88,75,"85,23",75,0,"100,00",13,"14,77",0,13,"14,77"
313410,ITUETA,MG,11/2022,98,77,"78,57",77,0,"100,00",21,"21,43",0,21,"21,43"
313420,ITUIUTABA,MG,11/2022,564,363,"64,36",346,17,"95,32",201,"35,64",0,201,"35,64"
313420,ITUIUTABA,MG,07/2022,493,312,"63,29",304,8,"97,44",181,"36,71",3,178,"36,11"
313420,ITUIUTABA,MG,09/2022,545,327,"60,00",304,23,"92,97",218,"40,00",2,216,"39,63"
313430,ITUMIRIM,MG,09/2022,91,53,"58,24",48,5,"90,57",38,"41,76",26,12,"13,19"
313430,ITUMIRIM,MG,07/2022,78,68,"87,18",53,15,"77,94",10,"12,82",1,9,"11,54"
313430,ITUMIRIM,MG,11/2022,92,89,"96,74",81,8,"91,01",3,"3,26",0,3,"3,26"
313440,ITURAMA,MG,11/2022,386,210,"54,40",197,13,"93,81",176,"45,60",5,171,"44,30"
313440,ITURAMA,MG,07/2022,346,177,"51,16",175,2,"98,87",169,"48,84",42,127,"36,71"
313440,ITURAMA,MG,09/2022,399,264,"66,17",264,0,"100,00",135,"33,83",4,131,"32,83"
313450,ITUTINGA,MG,09/2022,36,12,"33,33",5,7,"41,67",24,"66,67",21,3,"8,33"
313450,ITUTINGA,MG,11/2022,40,37,"92,50",16,21,"43,24",3,"7,50",0,3,"7,50"
313450,ITUTINGA,MG,07/2022,31,25,"80,65",12,13,"48,00",6,"19,35",1,5,"16,13"
313460,JABOTICATUBAS,MG,07/2022,176,168,"95,45",168,0,"100,00",8,"4,55",0,8,"4,55"
313460,JABOTICATUBAS,MG,11/2022,190,0,"0,00",0,0,,190,"100,00",155,35,"18,42"
313460,JABOTICATUBAS,MG,09/2022,175,140,"80,00",119,21,"85,00",35,"20,00",2,33,"18,86"
313470,JACINTO,MG,09/2022,291,266,"91,41",266,0,"100,00",25,"8,59",2,23,"7,90"
313470,JACINTO,MG,11/2022,280,253,"90,36",253,0,"100,00",27,"9,64",3,24,"8,57"
313470,JACINTO,MG,07/2022,272,0,"0,00",0,0,,272,"100,00",251,21,"7,72"
313480,JACUÍ,MG,07/2022,46,38,"82,61",38,0,"100,00",8,"17,39",0,8,"17,39"
313480,JACUÍ,MG,11/2022,50,35,"70,00",35,0,"100,00",15,"30,00",0,15,"30,00"
313480,JACUÍ,MG,09/2022,52,41,"78,85",41,0,"100,00",11,"21,15",0,11,"21,15"
313490,JACUTINGA,MG,09/2022,124,44,"35,48",44,0,"100,00",80,"64,52",0,80,"64,52"
313490,JACUTINGA,MG,11/2022,124,72,"58,06",58,14,"80,56",52,"41,94",0,52,"41,94"
313490,JACUTINGA,MG,07/2022,109,51,"46,79",51,0,"100,00",58,"53,21",0,58,"53,21"
313500,JAGUARAÇU,MG,07/2022,22,13,"59,09",12,1,"92,31",9,"40,91",1,8,"36,36"
313500,JAGUARAÇU,MG,11/2022,24,18,"75,00",16,2,"88,89",6,"25,00",0,6,"25,00"
313500,JAGUARAÇU,MG,09/2022,28,17,"60,71",17,0,"100,00",11,"39,29",2,9,"32,14"
313505,JAÍBA,MG,09/2022,991,682,"68,82",661,21,"96,92",309,"31,18",7,302,"30,47"
313505,JAÍBA,MG,11/2022,950,624,"65,68",607,17,"97,28",326,"34,32",3,323,"34,00"
313505,JAÍBA,MG,07/2022,917,665,"72,52",638,27,"95,94",252,"27,48",4,248,"27,04"
313507,JAMPRUCA,MG,07/2022,102,61,"59,80",57,4,"93,44",41,"40,20",2,39,"38,24"
313507,JAMPRUCA,MG,11/2022,107,74,"69,16",73,1,"98,65",33,"30,84",4,29,"27,10"
313507,JAMPRUCA,MG,09/2022,108,75,"69,44",72,3,"96,00",33,"30,56",2,31,"28,70"
313510,JANAÚBA,MG,09/2022,1124,940,"83,63",931,9,"99,04",184,"16,37",8,176,"15,66"
313510,JANAÚBA,MG,11/2022,1081,830,"76,78",812,18,"97,83",251,"23,22",2,249,"23,03"
313510,JANAÚBA,MG,07/2022,1048,861,"82,16",855,6,"99,30",187,"17,84",3,184,"17,56"
313520,JANUÁRIA,MG,07/2022,1489,978,"65,68",898,80,"91,82",511,"34,32",126,385,"25,86"
313520,JANUÁRIA,MG,11/2022,1524,1128,"74,02",1068,60,"94,68",396,"25,98",25,371,"24,34"
313520,JANUÁRIA,MG,09/2022,1606,1139,"70,92",1059,80,"92,98",467,"29,08",82,385,"23,97"
313530,JAPARAÍBA,MG,09/2022,38,29,"76,32",26,3,"89,66",9,"23,68",0,9,"23,68"
313530,JAPARAÍBA,MG,11/2022,38,27,"71,05",26,1,"96,30",11,"28,95",0,11,"28,95"
313530,JAPARAÍBA,MG,07/2022,33,26,"78,79",21,5,"80,77",7,"21,21",0,7,"21,21"
313535,JAPONVAR,MG,07/2022,195,165,"84,62",165,0,"100,00",30,"15,38",3,27,"13,85"
313535,JAPONVAR,MG,11/2022,187,144,"77,01",144,0,"100,00",43,"22,99",4,39,"20,86"
313535,JAPONVAR,MG,09/2022,193,160,"82,90",160,0,"100,00",33,"17,10",5,28,"14,51"
313540,JECEABA,MG,09/2022,58,49,"84,48",42,7,"85,71",9,"15,52",3,6,"10,34"
313540,JECEABA,MG,11/2022,52,46,"88,46",38,8,"82,61",6,"11,54",1,5,"9,62"
313540,JECEABA,MG,07/2022,53,47,"88,68",38,9,"80,85",6,"11,32",1,5,"9,43"
313545,JENIPAPO DE MINAS,MG,07/2022,140,127,"90,71",121,6,"95,28",13,"9,29",1,12,"8,57"
313545,JENIPAPO DE MINAS,MG,11/2022,148,138,"93,24",94,44,"68,12",10,"6,76",1,9,"6,08"
313545,JENIPAPO DE MINAS,MG,09/2022,156,150,"96,15",131,19,"87,33",6,"3,85",2,4,"2,56"
313550,JEQUERI,MG,09/2022,194,166,"85,57",136,30,"81,93",28,"14,43",1,27,"13,92"
313550,JEQUERI,MG,11/2022,189,160,"84,66",132,28,"82,50",29,"15,34",2,27,"14,29"
313550,JEQUERI,MG,07/2022,198,168,"84,85",130,38,"77,38",30,"15,15",4,26,"13,13"
313560,JEQUITAÍ,MG,07/2022,166,133,"80,12",131,2,"98,50",33,"19,88",1,32,"19,28"
313560,JEQUITAÍ,MG,11/2022,155,130,"83,87",128,2,"98,46",25,"16,13",1,24,"15,48"
313560,JEQUITAÍ,MG,09/2022,159,86,"54,09",85,1,"98,84",73,"45,91",46,27,"16,98"
313570,JEQUITIBÁ,MG,09/2022,88,58,"65,91",49,9,"84,48",30,"34,09",4,26,"29,55"
313570,JEQUITIBÁ,MG,11/2022,83,58,"69,88",57,1,"98,28",25,"30,12",0,25,"30,12"
313570,JEQUITIBÁ,MG,07/2022,87,63,"72,41",52,11,"82,54",24,"27,59",0,24,"27,59"
313580,JEQUITINHONHA,MG,07/2022,510,433,"84,90",430,3,"99,31",77,"15,10",4,73,"14,31"
313580,JEQUITINHONHA,MG,11/2022,511,436,"85,32",436,0,"100,00",75,"14,68",4,71,"13,89"
313580,JEQUITINHONHA,MG,09/2022,516,441,"85,47",439,2,"99,55",75,"14,53",0,75,"14,53"
313590,JESUÂNIA,MG,09/2022,84,72,"85,71",72,0,"100,00",12,"14,29",1,11,"13,10"
313590,JESUÂNIA,MG,11/2022,80,72,"90,00",69,3,"95,83",8,"10,00",1,7,"8,75"
313590,JESUÂNIA,MG,07/2022,80,73,"91,25",73,0,"100,00",7,"8,75",1,6,"7,50"
313600,JOAÍMA,MG,07/2022,452,437,"96,68",437,0,"100,00",15,"3,32",3,12,"2,65"
313600,JOAÍMA,MG,11/2022,450,435,"96,67",435,0,"100,00",15,"3,33",4,11,"2,44"
313600,JOAÍMA,MG,09/2022,467,452,"96,79",452,0,"100,00",15,"3,21",1,14,"3,00"
313610,JOANÉSIA,MG,09/2022,53,37,"69,81",37,0,"100,00",16,"30,19",0,16,"30,19"
313610,JOANÉSIA,MG,11/2022,39,31,"79,49",29,2,"93,55",8,"20,51",1,7,"17,95"
313610,JOANÉSIA,MG,07/2022,50,36,"72,00",36,0,"100,00",14,"28,00",2,12,"24,00"
313620,JOÃO MONLEVADE,MG,07/2022,471,261,"55,41",225,36,"86,21",210,"44,59",0,210,"44,59"
313620,JOÃO MONLEVADE,MG,11/2022,468,258,"55,13",256,2,"99,22",210,"44,87",0,210,"44,87"
313620,JOÃO MONLEVADE,MG,09/2022,486,274,"56,38",258,16,"94,16",212,"43,62",0,212,"43,62"
313630,JOÃO PINHEIRO,MG,09/2022,677,584,"86,26",579,5,"99,14",93,"13,74",5,88,"13,00"
313630,JOÃO PINHEIRO,MG,11/2022,679,586,"86,30",586,0,"100,00",93,"13,70",1,92,"13,55"
313630,JOÃO PINHEIRO,MG,07/2022,621,567,"91,30",567,0,"100,00",54,"8,70",3,51,"8,21"
313640,JOAQUIM FELÍCIO,MG,07/2022,79,69,"87,34",67,2,"97,10",10,"12,66",3,7,"8,86"
313640,JOAQUIM FELÍCIO,MG,11/2022,80,76,"95,00",69,7,"90,79",4,"5,00",1,3,"3,75"
313640,JOAQUIM FELÍCIO,MG,09/2022,82,76,"92,68",69,7,"90,79",6,"7,32",2,4,"4,88"
313650,JORDÂNIA,MG,09/2022,204,189,"92,65",189,0,"100,00",15,"7,35",3,12,"5,88"
313650,JORDÂNIA,MG,11/2022,191,176,"92,15",176,0,"100,00",15,"7,85",0,15,"7,85"
313650,JORDÂNIA,MG,07/2022,198,184,"92,93",184,0,"100,00",14,"7,07",2,12,"6,06"
313652,JOSÉ GONÇALVES DE MINAS,MG,07/2022,79,71,"89,87",70,1,"98,59",8,"10,13",2,6,"7,59"
313652,JOSÉ GONÇALVES DE MINAS,MG,11/2022,88,83,"94,32",83,0,"100,00",5,"5,68",0,5,"5,68"
313652,JOSÉ GONÇALVES DE MINAS,MG,09/2022,86,75,"87,21",74,1,"98,67",11,"12,79",2,9,"10,47"
313655,JOSÉ RAYDAN,MG,09/2022,99,90,"90,91",67,23,"74,44",9,"9,09",0,9,"9,09"
313655,JOSÉ RAYDAN,MG,11/2022,94,77,"81,91",65,12,"84,42",17,"18,09",0,17,"18,09"
313655,JOSÉ RAYDAN,MG,07/2022,93,86,"92,47",64,22,"74,42",7,"7,53",0,7,"7,53"
313657,JOSENÓPOLIS,MG,07/2022,127,106,"83,46",94,12,"88,68",21,"16,54",2,19,"14,96"
313657,JOSENÓPOLIS,MG,11/2022,121,111,"91,74",102,9,"91,89",10,"8,26",0,10,"8,26"
313657,JOSENÓPOLIS,MG,09/2022,122,114,"93,44",110,4,"96,49",8,"6,56",0,8,"6,56"
313660,NOVA UNIÃO,MG,09/2022,78,59,"75,64",55,4,"93,22",19,"24,36",8,11,"14,10"
313660,NOVA UNIÃO,MG,11/2022,73,60,"82,19",51,9,"85,00",13,"17,81",0,13,"17,81"
313660,NOVA UNIÃO,MG,07/2022,79,52,"65,82",48,4,"92,31",27,"34,18",0,27,"34,18"
313665,JUATUBA,MG,07/2022,425,288,"67,76",287,1,"99,65",137,"32,24",7,130,"30,59"
313665,JUATUBA,MG,11/2022,454,380,"83,70",380,0,"100,00",74,"16,30",4,70,"15,42"
313665,JUATUBA,MG,09/2022,469,343,"73,13",339,4,"98,83",126,"26,87",5,121,"25,80"
313670,JUIZ DE FORA,MG,09/2022,3093,1949,"63,01",1773,176,"90,97",1144,"36,99",48,1096,"35,43"
313670,JUIZ DE FORA,MG,11/2022,3068,1982,"64,60",1799,183,"90,77",1086,"35,40",2,1084,"35,33"
313670,JUIZ DE FORA,MG,07/2022,2908,1762,"60,59",1660,102,"94,21",1146,"39,41",21,1125,"38,69"
313680,JURAMENTO,MG,07/2022,74,71,"95,95",66,5,"92,96",3,"4,05",1,2,"2,70"
313680,JURAMENTO,MG,11/2022,75,71,"94,67",66,5,"92,96",4,"5,33",0,4,"5,33"
313680,JURAMENTO,MG,09/2022,78,74,"94,87",67,7,"90,54",4,"5,13",0,4,"5,13"
313690,JURUAIA,MG,09/2022,58,46,"79,31",39,7,"84,78",12,"20,69",0,12,"20,69"
313690,JURUAIA,MG,11/2022,52,37,"71,15",28,9,"75,68",15,"28,85",0,15,"28,85"
313690,JURUAIA,MG,07/2022,52,34,"65,38",18,16,"52,94",18,"34,62",0,18,"34,62"
313695,JUVENÍLIA,MG,07/2022,165,142,"86,06",142,0,"100,00",23,"13,94",17,6,"3,64"
313695,JUVENÍLIA,MG,11/2022,166,133,"80,12",132,1,"99,25",33,"19,88",2,31,"18,67"
313695,JUVENÍLIA,MG,09/2022,169,156,"92,31",155,1,"99,36",13,"7,69",2,11,"6,51"
313700,LADAINHA,MG,09/2022,430,353,"82,09",353,0,"100,00",77,"17,91",0,77,"17,91"
313700,LADAINHA,MG,11/2022,428,411,"96,03",410,1,"99,76",17,"3,97",0,17,"3,97"
313700,LADAINHA,MG,07/2022,416,352,"84,62",352,0,"100,00",64,"15,38",0,64,"15,38"
313710,LAGAMAR,MG,07/2022,113,88,"77,88",69,19,"78,41",25,"22,12",0,25,"22,12"
313710,LAGAMAR,MG,11/2022,107,83,"77,57",76,7,"91,57",24,"22,43",0,24,"22,43"
313710,LAGAMAR,MG,09/2022,111,85,"76,58",77,8,"90,59",26,"23,42",0,26,"23,42"
313720,LAGOA DA PRATA,MG,09/2022,371,268,"72,24",259,9,"96,64",103,"27,76",3,100,"26,95"
313720,LAGOA DA PRATA,MG,11/2022,380,236,"62,11",230,6,"97,46",144,"37,89",3,141,"37,11"
313720,LAGOA DA PRATA,MG,07/2022,337,168,"49,85",156,12,"92,86",169,"50,15",81,88,"26,11"
313730,LAGOA DOS PATOS,MG,07/2022,81,68,"83,95",63,5,"92,65",13,"16,05",0,13,"16,05"
313730,LAGOA DOS PATOS,MG,11/2022,80,70,"87,50",60,10,"85,71",10,"12,50",2,8,"10,00"
313730,LAGOA DOS PATOS,MG,09/2022,91,71,"78,02",66,5,"92,96",20,"21,98",1,19,"20,88"
313740,LAGOA DOURADA,MG,09/2022,140,119,"85,00",93,26,"78,15",21,"15,00",1,20,"14,29"
313740,LAGOA DOURADA,MG,11/2022,133,111,"83,46",92,19,"82,88",22,"16,54",0,22,"16,54"
313740,LAGOA DOURADA,MG,07/2022,138,115,"83,33",82,33,"71,30",23,"16,67",1,22,"15,94"
313750,LAGOA FORMOSA,MG,07/2022,147,0,"0,00",0,0,,147,"100,00",117,30,"20,41"
313750,LAGOA FORMOSA,MG,11/2022,157,72,"45,86",66,6,"91,67",85,"54,14",64,21,"13,38"
313750,LAGOA FORMOSA,MG,09/2022,170,130,"76,47",129,1,"99,23",40,"23,53",0,40,"23,53"
313753,LAGOA GRANDE,MG,09/2022,130,86,"66,15",79,7,"91,86",44,"33,85",5,39,"30,00"
313753,LAGOA GRANDE,MG,11/2022,120,83,"69,17",73,10,"87,95",37,"30,83",0,37,"30,83"
313753,LAGOA GRANDE,MG,07/2022,128,90,"70,31",80,10,"88,89",38,"29,69",0,38,"29,69"
313760,LAGOA SANTA,MG,07/2022,408,258,"63,24",214,44,"82,95",150,"36,76",1,149,"36,52"
313760,LAGOA SANTA,MG,11/2022,408,295,"72,30",238,57,"80,68",113,"27,70",1,112,"27,45"
313760,LAGOA SANTA,MG,09/2022,444,276,"62,16",224,52,"81,16",168,"37,84",4,164,"36,94"
313770,LAJINHA,MG,09/2022,357,245,"68,63",212,33,"86,53",112,"31,37",8,104,"29,13"
313770,LAJINHA,MG,11/2022,349,225,"64,47",225,0,"100,00",124,"35,53",8,116,"33,24"
313770,LAJINHA,MG,07/2022,348,216,"62,07",173,43,"80,09",132,"37,93",43,89,"25,57"
313780,LAMBARI,MG,07/2022,204,71,"34,80",56,15,"78,87",133,"65,20",6,127,"62,25"
313780,LAMBARI,MG,11/2022,211,73,"34,60",61,12,"83,56",138,"65,40",2,136,"64,45"
313780,LAMBARI,MG,09/2022,217,77,"35,48",58,19,"75,32",140,"64,52",2,138,"63,59"
313790,LAMIM,MG,09/2022,62,54,"87,10",53,1,"98,15",8,"12,90",1,7,"11,29"
313790,LAMIM,MG,11/2022,65,56,"86,15",56,0,"100,00",9,"13,85",0,9,"13,85"
313790,LAMIM,MG,07/2022,58,55,"94,83",55,0,"100,00",3,"5,17",0,3,"5,17"
313800,LARANJAL,MG,07/2022,60,6,"10,00",5,1,"83,33",54,"90,00",49,5,"8,33"
313800,LARANJAL,MG,11/2022,71,7,"9,86",6,1,"85,71",64,"90,14",60,4,"5,63"
313800,LARANJAL,MG,09/2022,64,6,"9,38",5,1,"83,33",58,"90,63",56,2,"3,13"
313810,LASSANCE,MG,09/2022,142,120,"84,51",120,0,"100,00",22,"15,49",0,22,"15,49"
313810,LASSANCE,MG,11/2022,140,114,"81,43",114,0,"100,00",26,"18,57",0,26,"18,57"
313810,LASSANCE,MG,07/2022,143,123,"86,01",118,5,"95,93",20,"13,99",0,20,"13,99"
313820,LAVRAS,MG,07/2022,636,209,"32,86",200,9,"95,69",427,"67,14",126,301,"47,33"
313820,LAVRAS,MG,11/2022,695,328,"47,19",324,4,"98,78",367,"52,81",9,358,"51,51"
313820,LAVRAS,MG,09/2022,703,267,"37,98",262,5,"98,13",436,"62,02",107,329,"46,80"
313830,LEANDRO FERREIRA,MG,09/2022,29,23,"79,31",22,1,"95,65",6,"20,69",0,6,"20,69"
313830,LEANDRO FERREIRA,MG,11/2022,36,29,"80,56",29,0,"100,00",7,"19,44",0,7,"19,44"
313830,LEANDRO FERREIRA,MG,07/2022,28,20,"71,43",13,7,"65,00",8,"28,57",1,7,"25,00"
313835,LEME DO PRADO,MG,07/2022,64,0,"0,00",0,0,,64,"100,00",51,13,"20,31"
313835,LEME DO PRADO,MG,11/2022,75,64,"85,33",64,0,"100,00",11,"14,67",0,11,"14,67"
313835,LEME DO PRADO,MG,09/2022,81,68,"83,95",68,0,"100,00",13,"16,05",0,13,"16,05"
313840,LEOPOLDINA,MG,09/2022,515,276,"53,59",253,23,"91,67",239,"46,41",17,222,"43,11"
313840,LEOPOLDINA,MG,11/2022,518,257,"49,61",247,10,"96,11",261,"50,39",32,229,"44,21"
313840,LEOPOLDINA,MG,07/2022,486,300,"61,73",285,15,"95,00",186,"38,27",0,186,"38,27"
313850,LIBERDADE,MG,07/2022,75,66,"88,00",62,4,"93,94",9,"12,00",1,8,"10,67"
313850,LIBERDADE,MG,11/2022,74,67,"90,54",66,1,"98,51",7,"9,46",0,7,"9,46"
313850,LIBERDADE,MG,09/2022,75,69,"92,00",66,3,"95,65",6,"8,00",0,6,"8,00"
313860,LIMA DUARTE,MG,09/2022,178,131,"73,60",121,10,"92,37",47,"26,40",1,46,"25,84"
313860,LIMA DUARTE,MG,11/2022,179,129,"72,07",118,11,"91,47",50,"27,93",0,50,"27,93"
313860,LIMA DUARTE,MG,07/2022,163,116,"71,17",105,11,"90,52",47,"28,83",0,47,"28,83"
313862,LIMEIRA DO OESTE,MG,07/2022,66,64,"96,97",63,1,"98,44",2,"3,03",1,1,"1,52"
313862,LIMEIRA DO OESTE,MG,11/2022,55,54,"98,18",47,7,"87,04",1,"1,82",0,1,"1,82"
313862,LIMEIRA DO OESTE,MG,09/2022,61,61,"100,00",59,2,"96,72",0,"0,00",0,0,"0,00"
313865,LONTRA,MG,09/2022,201,169,"84,08",169,0,"100,00",32,"15,92",1,31,"15,42"
313865,LONTRA,MG,11/2022,192,162,"84,38",162,0,"100,00",30,"15,63",0,30,"15,63"
313865,LONTRA,MG,07/2022,181,156,"86,19",156,0,"100,00",25,"13,81",0,25,"13,81"
313867,LUISBURGO,MG,07/2022,121,85,"70,25",56,29,"65,88",36,"29,75",2,34,"28,10"
313867,LUISBURGO,MG,11/2022,128,68,"53,13",43,25,"63,24",60,"46,88",20,40,"31,25"
313867,LUISBURGO,MG,09/2022,126,90,"71,43",62,28,"68,89",36,"28,57",6,30,"23,81"
313868,LUISLÂNDIA,MG,09/2022,207,168,"81,16",161,7,"95,83",39,"18,84",0,39,"18,84"
313868,LUISLÂNDIA,MG,11/2022,193,152,"78,76",147,5,"96,71",41,"21,24",0,41,"21,24"
313868,LUISLÂNDIA,MG,07/2022,201,167,"83,08",161,6,"96,41",34,"16,92",0,34,"16,92"
313870,LUMINÁRIAS,MG,07/2022,51,42,"82,35",41,1,"97,62",9,"17,65",0,9,"17,65"
313870,LUMINÁRIAS,MG,11/2022,51,41,"80,39",41,0,"100,00",10,"19,61",0,10,"19,61"
313870,LUMINÁRIAS,MG,09/2022,46,37,"80,43",37,0,"100,00",9,"19,57",0,9,"19,57"
313880,LUZ,MG,09/2022,129,94,"72,87",70,24,"74,47",35,"27,13",9,26,"20,16"
313880,LUZ,MG,11/2022,128,97,"75,78",82,15,"84,54",31,"24,22",4,27,"21,09"
313880,LUZ,MG,07/2022,109,80,"73,39",76,4,"95,00",29,"26,61",9,20,"18,35"
313890,MACHACALIS,MG,07/2022,138,91,"65,94",88,3,"96,70",47,"34,06",0,47,"34,06"
313890,MACHACALIS,MG,11/2022,139,91,"65,47",91,0,"100,00",48,"34,53",0,48,"34,53"
313890,MACHACALIS,MG,09/2022,140,93,"66,43",93,0,"100,00",47,"33,57",0,47,"33,57"
313900,MACHADO,MG,09/2022,345,313,"90,72",232,81,"74,12",32,"9,28",10,22,"6,38"
313900,MACHADO,MG,11/2022,335,251,"74,93",221,30,"88,05",84,"25,07",0,84,"25,07"
313900,MACHADO,MG,07/2022,321,195,"60,75",164,31,"84,10",126,"39,25",4,122,"38,01"
313910,MADRE DE DEUS DE MINAS,MG,07/2022,36,32,"88,89",32,0,"100,00",4,"11,11",1,3,"8,33"
313910,MADRE DE DEUS DE MINAS,MG,11/2022,38,36,"94,74",35,1,"97,22",2,"5,26",0,2,"5,26"
313910,MADRE DE DEUS DE MINAS,MG,09/2022,39,37,"94,87",37,0,"100,00",2,"5,13",0,2,"5,13"
313920,MALACACHETA,MG,09/2022,322,226,"70,19",211,15,"93,36",96,"29,81",13,83,"25,78"
313920,MALACACHETA,MG,11/2022,312,234,"75,00",225,9,"96,15",78,"25,00",0,78,"25,00"
313920,MALACACHETA,MG,07/2022,329,250,"75,99",222,28,"88,80",79,"24,01",0,79,"24,01"
313925,MAMONAS,MG,07/2022,103,101,"98,06",93,8,"92,08",2,"1,94",0,2,"1,94"
313925,MAMONAS,MG,11/2022,94,92,"97,87",91,1,"98,91",2,"2,13",0,2,"2,13"
313925,MAMONAS,MG,09/2022,103,97,"94,17",93,4,"95,88",6,"5,83",0,6,"5,83"
313930,MANGA,MG,09/2022,537,160,"29,80",148,12,"92,50",377,"70,20",198,179,"33,33"
313930,MANGA,MG,11/2022,501,330,"65,87",312,18,"94,55",171,"34,13",2,169,"33,73"
313930,MANGA,MG,07/2022,504,349,"69,25",329,20,"94,27",155,"30,75",3,152,"30,16"
313940,MANHUAÇU,MG,07/2022,657,426,"64,84",426,0,"100,00",231,"35,16",2,229,"34,86"
313940,MANHUAÇU,MG,11/2022,710,496,"69,86",496,0,"100,00",214,"30,14",1,213,"30,00"
313940,MANHUAÇU,MG,09/2022,708,464,"65,54",464,0,"100,00",244,"34,46",2,242,"34,18"
313950,MANHUMIRIM,MG,09/2022,415,28,"6,75",21,7,"75,00",387,"93,25",330,57,"13,73"
313950,MANHUMIRIM,MG,11/2022,400,187,"46,75",162,25,"86,63",213,"53,25",164,49,"12,25"
313950,MANHUMIRIM,MG,07/2022,385,157,"40,78",147,10,"93,63",228,"59,22",140,88,"22,86"
313960,MANTENA,MG,07/2022,287,211,"73,52",211,0,"100,00",76,"26,48",50,26,"9,06"
313960,MANTENA,MG,11/2022,309,268,"86,73",268,0,"100,00",41,"13,27",4,37,"11,97"
313960,MANTENA,MG,09/2022,296,258,"87,16",258,0,"100,00",38,"12,84",12,26,"8,78"
313970,MARAVILHAS,MG,09/2022,142,48,"33,80",44,4,"91,67",94,"66,20",20,74,"52,11"
313970,MARAVILHAS,MG,11/2022,135,61,"45,19",53,8,"86,89",74,"54,81",4,70,"51,85"
313970,MARAVILHAS,MG,07/2022,132,47,"35,61",45,2,"95,74",85,"64,39",24,61,"46,21"
313980,MAR DE ESPANHA,MG,07/2022,78,71,"91,03",71,0,"100,00",7,"8,97",0,7,"8,97"
313980,MAR DE ESPANHA,MG,11/2022,86,77,"89,53",77,0,"100,00",9,"10,47",0,9,"10,47"
313980,MAR DE ESPANHA,MG,09/2022,85,77,"90,59",77,0,"100,00",8,"9,41",1,7,"8,24"
313990,MARIA DA FÉ,MG,09/2022,150,121,"80,67",94,27,"77,69",29,"19,33",14,15,"10,00"
313990,MARIA DA FÉ,MG,11/2022,150,114,"76,00",91,23,"79,82",36,"24,00",17,19,"12,67"
313990,MARIA DA FÉ,MG,07/2022,140,96,"68,57",64,32,"66,67",44,"31,43",8,36,"25,71"
314000,MARIANA,MG,07/2022,715,303,"42,38",271,32,"89,44",412,"57,62",42,370,"51,75"
314000,MARIANA,MG,11/2022,733,346,"47,20",327,19,"94,51",387,"52,80",0,387,"52,80"
314000,MARIANA,MG,09/2022,784,318,"40,56",296,22,"93,08",466,"59,44",55,411,"52,42"
314010,MARILAC,MG,09/2022,112,99,"88,39",99,0,"100,00",13,"11,61",0,13,"11,61"
314010,MARILAC,MG,11/2022,110,99,"90,00",99,0,"100,00",11,"10,00",0,11,"10,00"
314010,MARILAC,MG,07/2022,112,101,"90,18",101,0,"100,00",11,"9,82",0,11,"9,82"
314015,MÁRIO CAMPOS,MG,07/2022,137,123,"89,78",103,20,"83,74",14,"10,22",1,13,"9,49"
314015,MÁRIO CAMPOS,MG,11/2022,148,127,"85,81",124,3,"97,64",21,"14,19",0,21,"14,19"
314015,MÁRIO CAMPOS,MG,09/2022,150,139,"92,67",130,9,"93,53",11,"7,33",1,10,"6,67"
314020,MARIPÁ DE MINAS,MG,09/2022,30,28,"93,33",28,0,"100,00",2,"6,67",0,2,"6,67"
314020,MARIPÁ DE MINAS,MG,11/2022,29,28,"96,55",24,4,"85,71",1,"3,45",0,1,"3,45"
314020,MARIPÁ DE MINAS,MG,07/2022,29,26,"89,66",26,0,"100,00",3,"10,34",1,2,"6,90"
314030,MARLIÉRIA,MG,07/2022,67,53,"79,10",36,17,"67,92",14,"20,90",2,12,"17,91"
314030,MARLIÉRIA,MG,11/2022,62,45,"72,58",40,5,"88,89",17,"27,42",0,17,"27,42"
314030,MARLIÉRIA,MG,09/2022,66,40,"60,61",34,6,"85,00",26,"39,39",10,16,"24,24"
314040,MARMELÓPOLIS,MG,09/2022,42,38,"90,48",37,1,"97,37",4,"9,52",0,4,"9,52"
314040,MARMELÓPOLIS,MG,11/2022,41,40,"97,56",36,4,"90,00",1,"2,44",0,1,"2,44"
314040,MARMELÓPOLIS,MG,07/2022,39,38,"97,44",36,2,"94,74",1,"2,56",0,1,"2,56"
314050,MARTINHO CAMPOS,MG,07/2022,117,92,"78,63",71,21,"77,17",25,"21,37",1,24,"20,51"
314050,MARTINHO CAMPOS,MG,11/2022,113,98,"86,73",74,24,"75,51",15,"13,27",0,15,"13,27"
314050,MARTINHO CAMPOS,MG,09/2022,123,80,"65,04",62,18,"77,50",43,"34,96",17,26,"21,14"
314053,MARTINS SOARES,MG,09/2022,188,135,"71,81",135,0,"100,00",53,"28,19",3,50,"26,60"
314053,MARTINS SOARES,MG,11/2022,183,132,"72,13",132,0,"100,00",51,"27,87",3,48,"26,23"
314053,MARTINS SOARES,MG,07/2022,180,132,"73,33",132,0,"100,00",48,"26,67",0,48,"26,67"
314055,MATA VERDE,MG,07/2022,213,142,"66,67",136,6,"95,77",71,"33,33",2,69,"32,39"
314055,MATA VERDE,MG,11/2022,226,157,"69,47",156,1,"99,36",69,"30,53",3,66,"29,20"
314055,MATA VERDE,MG,09/2022,237,161,"67,93",160,1,"99,38",76,"32,07",1,75,"31,65"
314060,MATERLÂNDIA,MG,09/2022,108,103,"95,37",103,0,"100,00",5,"4,63",0,5,"4,63"
314060,MATERLÂNDIA,MG,11/2022,100,96,"96,00",96,0,"100,00",4,"4,00",0,4,"4,00"
314060,MATERLÂNDIA,MG,07/2022,101,91,"90,10",91,0,"100,00",10,"9,90",5,5,"4,95"
314070,MATEUS LEME,MG,07/2022,410,146,"35,61",143,3,"97,95",264,"64,39",174,90,"21,95"
314070,MATEUS LEME,MG,11/2022,435,157,"36,09",146,11,"92,99",278,"63,91",174,104,"23,91"
314070,MATEUS LEME,MG,09/2022,426,126,"29,58",119,7,"94,44",300,"70,42",198,102,"23,94"
314080,MATIAS BARBOSA,MG,09/2022,112,86,"76,79",78,8,"90,70",26,"23,21",1,25,"22,32"
314080,MATIAS BARBOSA,MG,11/2022,105,82,"78,10",64,18,"78,05",23,"21,90",0,23,"21,90"
314080,MATIAS BARBOSA,MG,07/2022,102,78,"76,47",69,9,"88,46",24,"23,53",0,24,"23,53"
314085,MATIAS CARDOSO,MG,07/2022,254,223,"87,80",223,0,"100,00",31,"12,20",2,29,"11,42"
314085,MATIAS CARDOSO,MG,11/2022,259,66,"25,48",66,0,"100,00",193,"74,52",166,27,"10,42"
314085,MATIAS CARDOSO,MG,09/2022,257,229,"89,11",229,0,"100,00",28,"10,89",5,23,"8,95"
314090,MATIPÓ,MG,09/2022,479,352,"73,49",341,11,"96,88",127,"26,51",1,126,"26,30"
314090,MATIPÓ,MG,11/2022,471,388,"82,38",383,5,"98,71",83,"17,62",3,80,"16,99"
314090,MATIPÓ,MG,07/2022,467,415,"88,87",415,0,"100,00",52,"11,13",14,38,"8,14"
314100,MATO VERDE,MG,07/2022,226,147,"65,04",142,5,"96,60",79,"34,96",0,79,"34,96"
314100,MATO VERDE,MG,11/2022,216,196,"90,74",196,0,"100,00",20,"9,26",1,19,"8,80"
314100,MATO VERDE,MG,09/2022,229,209,"91,27",209,0,"100,00",20,"8,73",2,18,"7,86"
314110,MATOZINHOS,MG,09/2022,360,178,"49,44",162,16,"91,01",182,"50,56",42,140,"38,89"
314110,MATOZINHOS,MG,11/2022,322,199,"61,80",189,10,"94,97",123,"38,20",23,100,"31,06"
314110,MATOZINHOS,MG,07/2022,339,130,"38,35",118,12,"90,77",209,"61,65",75,134,"39,53"
314120,MATUTINA,MG,07/2022,27,10,"37,04",10,0,"100,00",17,"62,96",2,15,"55,56"
314120,MATUTINA,MG,11/2022,25,10,"40,00",6,4,"60,00",15,"60,00",0,15,"60,00"
314120,MATUTINA,MG,09/2022,29,13,"44,83",7,6,"53,85",16,"55,17",0,16,"55,17"
314130,MEDEIROS,MG,09/2022,32,29,"90,63",29,0,"100,00",3,"9,38",0,3,"9,38"
314130,MEDEIROS,MG,11/2022,32,30,"93,75",30,0,"100,00",2,"6,25",0,2,"6,25"
314130,MEDEIROS,MG,07/2022,31,0,"0,00",0,0,,31,"100,00",28,3,"9,68"
314140,MEDINA,MG,07/2022,367,242,"65,94",222,20,"91,74",125,"34,06",27,98,"26,70"
314140,MEDINA,MG,11/2022,374,207,"55,35",199,8,"96,14",167,"44,65",68,99,"26,47"
314140,MEDINA,MG,09/2022,393,221,"56,23",214,7,"96,83",172,"43,77",68,104,"26,46"
314150,MENDES PIMENTEL,MG,09/2022,88,78,"88,64",78,0,"100,00",10,"11,36",0,10,"11,36"
314150,MENDES PIMENTEL,MG,11/2022,84,75,"89,29",75,0,"100,00",9,"10,71",0,9,"10,71"
314150,MENDES PIMENTEL,MG,07/2022,87,78,"89,66",78,0,"100,00",9,"10,34",0,9,"10,34"
314160,MERCÊS,MG,07/2022,145,0,"0,00",0,0,,145,"100,00",87,58,"40,00"
314160,MERCÊS,MG,11/2022,137,6,"4,38",2,4,"33,33",131,"95,62",64,67,"48,91"
314160,MERCÊS,MG,09/2022,145,87,"60,00",66,21,"75,86",58,"40,00",0,58,"40,00"
314170,MESQUITA,MG,09/2022,64,55,"85,94",42,13,"76,36",9,"14,06",0,9,"14,06"
314170,MESQUITA,MG,11/2022,70,61,"87,14",48,13,"78,69",9,"12,86",0,9,"12,86"
314170,MESQUITA,MG,07/2022,65,59,"90,77",49,10,"83,05",6,"9,23",0,6,"9,23"
314180,MINAS NOVAS,MG,07/2022,527,449,"85,20",437,12,"97,33",78,"14,80",16,62,"11,76"
314180,MINAS NOVAS,MG,11/2022,548,422,"77,01",418,4,"99,05",126,"22,99",76,50,"9,12"
314180,MINAS NOVAS,MG,09/2022,561,497,"88,59",484,13,"97,38",64,"11,41",9,55,"9,80"
314190,MINDURI,MG,09/2022,45,45,"100,00",32,13,"71,11",0,"0,00",0,0,"0,00"
314190,MINDURI,MG,11/2022,47,45,"95,74",35,10,"77,78",2,"4,26",0,2,"4,26"
314190,MINDURI,MG,07/2022,47,44,"93,62",35,9,"79,55",3,"6,38",0,3,"6,38"
314200,MIRABELA,MG,07/2022,242,155,"64,05",155,0,"100,00",87,"35,95",29,58,"23,97"
314200,MIRABELA,MG,11/2022,227,156,"68,72",152,4,"97,44",71,"31,28",3,68,"29,96"
314200,MIRABELA,MG,09/2022,249,167,"67,07",160,7,"95,81",82,"32,93",10,72,"28,92"
314210,MIRADOURO,MG,09/2022,136,12,"8,82",7,5,"58,33",124,"91,18",99,25,"18,38"
314210,MIRADOURO,MG,11/2022,124,106,"85,48",106,0,"100,00",18,"14,52",4,14,"11,29"
314210,MIRADOURO,MG,07/2022,126,103,"81,75",94,9,"91,26",23,"18,25",4,19,"15,08"
314220,MIRAÍ,MG,07/2022,118,105,"88,98",105,0,"100,00",13,"11,02",4,9,"7,63"
314220,MIRAÍ,MG,11/2022,114,104,"91,23",103,1,"99,04",10,"8,77",7,3,"2,63"
314220,MIRAÍ,MG,09/2022,124,121,"97,58",121,0,"100,00",3,"2,42",0,3,"2,42"
314225,MIRAVÂNIA,MG,09/2022,113,110,"97,35",105,5,"95,45",3,"2,65",2,1,"0,88"
314225,MIRAVÂNIA,MG,11/2022,96,95,"98,96",91,4,"95,79",1,"1,04",0,1,"1,04"
314225,MIRAVÂNIA,MG,07/2022,121,105,"86,78",103,2,"98,10",16,"13,22",1,15,"12,40"
314230,MOEDA,MG,07/2022,76,65,"85,53",54,11,"83,08",11,"14,47",3,8,"10,53"
314230,MOEDA,MG,11/2022,68,63,"92,65",55,8,"87,30",5,"7,35",1,4,"5,88"
314230,MOEDA,MG,09/2022,78,71,"91,03",56,15,"78,87",7,"8,97",1,6,"7,69"
314240,MOEMA,MG,09/2022,84,75,"89,29",75,0,"100,00",9,"10,71",0,9,"10,71"
314240,MOEMA,MG,11/2022,77,0,"0,00",0,0,,77,"100,00",68,9,"11,69"
314240,MOEMA,MG,07/2022,75,0,"0,00",0,0,,75,"100,00",67,8,"10,67"
314250,MONJOLOS,MG,07/2022,35,0,"0,00",0,0,,35,"100,00",31,4,"11,43"
314250,MONJOLOS,MG,11/2022,37,24,"64,86",21,3,"87,50",13,"35,14",8,5,"13,51"
314250,MONJOLOS,MG,09/2022,40,36,"90,00",36,0,"100,00",4,"10,00",0,4,"10,00"
314260,MONSENHOR PAULO,MG,09/2022,96,90,"93,75",90,0,"100,00",6,"6,25",1,5,"5,21"
314260,MONSENHOR PAULO,MG,11/2022,89,82,"92,13",82,0,"100,00",7,"7,87",0,7,"7,87"
314260,MONSENHOR PAULO,MG,07/2022,93,86,"92,47",86,0,"100,00",7,"7,53",3,4,"4,30"
314270,MONTALVÂNIA,MG,07/2022,348,333,"95,69",333,0,"100,00",15,"4,31",1,14,"4,02"
314270,MONTALVÂNIA,MG,11/2022,349,337,"96,56",337,0,"100,00",12,"3,44",0,12,"3,44"
314270,MONTALVÂNIA,MG,09/2022,359,345,"96,10",345,0,"100,00",14,"3,90",1,13,"3,62"
314280,MONTE ALEGRE DE MINAS,MG,09/2022,171,137,"80,12",135,2,"98,54",34,"19,88",1,33,"19,30"
314280,MONTE ALEGRE DE MINAS,MG,11/2022,164,135,"82,32",133,2,"98,52",29,"17,68",1,28,"17,07"
314280,MONTE ALEGRE DE MINAS,MG,07/2022,156,112,"71,79",106,6,"94,64",44,"28,21",1,43,"27,56"
314290,MONTE AZUL,MG,07/2022,315,248,"78,73",231,17,"93,15",67,"21,27",0,67,"21,27"
314290,MONTE AZUL,MG,11/2022,319,242,"75,86",241,1,"99,59",77,"24,14",1,76,"23,82"
314290,MONTE AZUL,MG,09/2022,329,255,"77,51",251,4,"98,43",74,"22,49",0,74,"22,49"
314300,MONTE BELO,MG,09/2022,92,76,"82,61",57,19,"75,00",16,"17,39",0,16,"17,39"
314300,MONTE BELO,MG,11/2022,85,72,"84,71",59,13,"81,94",13,"15,29",0,13,"15,29"
314300,MONTE BELO,MG,07/2022,96,78,"81,25",57,21,"73,08",18,"18,75",0,18,"18,75"
314310,MONTE CARMELO,MG,07/2022,193,158,"81,87",158,0,"100,00",35,"18,13",0,35,"18,13"
314310,MONTE CARMELO,MG,11/2022,201,182,"90,55",182,0,"100,00",19,"9,45",0,19,"9,45"
314310,MONTE CARMELO,MG,09/2022,202,168,"83,17",168,0,"100,00",34,"16,83",0,34,"16,83"
314315,MONTE FORMOSO,MG,09/2022,160,154,"96,25",154,0,"100,00",6,"3,75",2,4,"2,50"
314315,MONTE FORMOSO,MG,11/2022,160,154,"96,25",154,0,"100,00",6,"3,75",0,6,"3,75"
314315,MONTE FORMOSO,MG,07/2022,141,134,"95,04",134,0,"100,00",7,"4,96",3,4,"2,84"
314320,MONTE SANTO DE MINAS,MG,07/2022,192,177,"92,19",177,0,"100,00",15,"7,81",0,15,"7,81"
314320,MONTE SANTO DE MINAS,MG,11/2022,184,172,"93,48",172,0,"100,00",12,"6,52",0,12,"6,52"
314320,MONTE SANTO DE MINAS,MG,09/2022,202,186,"92,08",186,0,"100,00",16,"7,92",0,16,"7,92"
314330,MONTES CLAROS,MG,09/2022,3805,1531,"40,24",1417,114,"92,55",2274,"59,76",32,2242,"58,92"
314330,MONTES CLAROS,MG,11/2022,3795,1634,"43,06",1513,121,"92,59",2161,"56,94",142,2019,"53,20"
314330,MONTES CLAROS,MG,07/2022,3576,1466,"41,00",1396,70,"95,23",2110,"59,00",95,2015,"56,35"
314340,MONTE SIÃO,MG,07/2022,113,99,"87,61",99,0,"100,00",14,"12,39",0,14,"12,39"
314340,MONTE SIÃO,MG,11/2022,123,107,"86,99",107,0,"100,00",16,"13,01",0,16,"13,01"
314340,MONTE SIÃO,MG,09/2022,124,109,"87,90",109,0,"100,00",15,"12,10",0,15,"12,10"
314345,MONTEZUMA,MG,09/2022,156,1,"0,64",1,0,"100,00",155,"99,36",90,65,"41,67"
314345,MONTEZUMA,MG,11/2022,162,137,"84,57",134,3,"97,81",25,"15,43",0,25,"15,43"
314345,MONTEZUMA,MG,07/2022,151,90,"59,60",84,6,"93,33",61,"40,40",1,60,"39,74"
314350,MORADA NOVA DE MINAS,MG,07/2022,33,15,"45,45",12,3,"80,00",18,"54,55",5,13,"39,39"
314350,MORADA NOVA DE MINAS,MG,11/2022,34,23,"67,65",16,7,"69,57",11,"32,35",1,10,"29,41"
314350,MORADA NOVA DE MINAS,MG,09/2022,37,23,"62,16",18,5,"78,26",14,"37,84",1,13,"35,14"
314360,MORRO DA GARÇA,MG,09/2022,42,42,"100,00",30,12,"71,43",0,"0,00",0,0,"0,00"
314360,MORRO DA GARÇA,MG,11/2022,41,41,"100,00",29,12,"70,73",0,"0,00",0,0,"0,00"
314360,MORRO DA GARÇA,MG,07/2022,43,43,"100,00",26,17,"60,47",0,"0,00",0,0,"0,00"
314370,MORRO DO PILAR,MG,07/2022,55,49,"89,09",49,0,"100,00",6,"10,91",2,4,"7,27"
314370,MORRO DO PILAR,MG,11/2022,55,52,"94,55",47,5,"90,38",3,"5,45",1,2,"3,64"
314370,MORRO DO PILAR,MG,09/2022,56,52,"92,86",52,0,"100,00",4,"7,14",0,4,"7,14"
314380,MUNHOZ,MG,09/2022,56,41,"73,21",41,0,"100,00",15,"26,79",0,15,"26,79"
314380,MUNHOZ,MG,11/2022,61,0,"0,00",0,0,,61,"100,00",44,17,"27,87"
314380,MUNHOZ,MG,07/2022,53,39,"73,58",39,0,"100,00",14,"26,42",0,14,"26,42"
314390,MURIAÉ,MG,07/2022,761,532,"69,91",521,11,"97,93",229,"30,09",3,226,"29,70"
314390,MURIAÉ,MG,11/2022,792,173,"21,84",161,12,"93,06",619,"78,16",346,273,"34,47"
314390,MURIAÉ,MG,09/2022,813,528,"64,94",517,11,"97,92",285,"35,06",15,270,"33,21"
314400,MUTUM,MG,09/2022,413,343,"83,05",343,0,"100,00",70,"16,95",1,69,"16,71"
314400,MUTUM,MG,11/2022,412,219,"53,16",171,48,"78,08",193,"46,84",51,142,"34,47"
314400,MUTUM,MG,07/2022,378,1,"0,26",1,0,"100,00",377,"99,74",316,61,"16,14"
314410,MUZAMBINHO,MG,07/2022,170,140,"82,35",114,26,"81,43",30,"17,65",1,29,"17,06"
314410,MUZAMBINHO,MG,11/2022,167,153,"91,62",126,27,"82,35",14,"8,38",1,13,"7,78"
314410,MUZAMBINHO,MG,09/2022,185,174,"94,05",129,45,"74,14",11,"5,95",1,10,"5,41"
314420,NACIP RAYDAN,MG,09/2022,44,33,"75,00",31,2,"93,94",11,"25,00",9,2,"4,55"
314420,NACIP RAYDAN,MG,11/2022,39,33,"84,62",31,2,"93,94",6,"15,38",0,6,"15,38"
314420,NACIP RAYDAN,MG,07/2022,39,36,"92,31",36,0,"100,00",3,"7,69",0,3,"7,69"
314430,NANUQUE,MG,07/2022,504,259,"51,39",247,12,"95,37",245,"48,61",2,243,"48,21"
314430,NANUQUE,MG,11/2022,468,241,"51,50",225,16,"93,36",227,"48,50",1,226,"48,29"
314430,NANUQUE,MG,09/2022,503,265,"52,68",230,35,"86,79",238,"47,32",1,237,"47,12"
314435,NAQUE,MG,09/2022,126,114,"90,48",114,0,"100,00",12,"9,52",0,12,"9,52"
314435,NAQUE,MG,11/2022,126,104,"82,54",99,5,"95,19",22,"17,46",3,19,"15,08"
314435,NAQUE,MG,07/2022,113,111,"98,23",111,0,"100,00",2,"1,77",0,2,"1,77"
314437,NATALÂNDIA,MG,07/2022,91,73,"80,22",65,8,"89,04",18,"19,78",0,18,"19,78"
314437,NATALÂNDIA,MG,11/2022,92,74,"80,43",72,2,"97,30",18,"19,57",0,18,"19,57"
314437,NATALÂNDIA,MG,09/2022,97,74,"76,29",69,5,"93,24",23,"23,71",0,23,"23,71"
314440,NATÉRCIA,MG,09/2022,29,24,"82,76",24,0,"100,00",5,"17,24",0,5,"17,24"
314440,NATÉRCIA,MG,11/2022,30,26,"86,67",26,0,"100,00",4,"13,33",0,4,"13,33"
314440,NATÉRCIA,MG,07/2022,28,22,"78,57",22,0,"100,00",6,"21,43",0,6,"21,43"
314450,NAZARENO,MG,07/2022,126,118,"93,65",113,5,"95,76",8,"6,35",0,8,"6,35"
314450,NAZARENO,MG,11/2022,132,114,"86,36",114,0,"100,00",18,"13,64",0,18,"13,64"
314450,NAZARENO,MG,09/2022,136,128,"94,12",128,0,"100,00",8,"5,88",0,8,"5,88"
314460,NEPOMUCENO,MG,09/2022,270,229,"84,81",228,1,"99,56",41,"15,19",2,39,"14,44"
314460,NEPOMUCENO,MG,11/2022,272,224,"82,35",205,19,"91,52",48,"17,65",2,46,"16,91"
314460,NEPOMUCENO,MG,07/2022,254,226,"88,98",219,7,"96,90",28,"11,02",1,27,"10,63"
314465,NINHEIRA,MG,07/2022,215,198,"92,09",179,19,"90,40",17,"7,91",1,16,"7,44"
314465,NINHEIRA,MG,11/2022,212,184,"86,79",175,9,"95,11",28,"13,21",1,27,"12,74"
314465,NINHEIRA,MG,09/2022,220,187,"85,00",184,3,"98,40",33,"15,00",1,32,"14,55"
314467,NOVA BELÉM,MG,09/2022,63,13,"20,63",8,5,"61,54",50,"79,37",19,31,"49,21"
314467,NOVA BELÉM,MG,11/2022,59,24,"40,68",24,0,"100,00",35,"59,32",0,35,"59,32"
314467,NOVA BELÉM,MG,07/2022,65,34,"52,31",34,0,"100,00",31,"47,69",3,28,"43,08"
314470,NOVA ERA,MG,07/2022,198,128,"64,65",126,2,"98,44",70,"35,35",51,19,"9,60"
314470,NOVA ERA,MG,11/2022,191,178,"93,19",178,0,"100,00",13,"6,81",0,13,"6,81"
314470,NOVA ERA,MG,09/2022,200,0,"0,00",0,0,,200,"100,00",184,16,"8,00"
314480,NOVA LIMA,MG,09/2022,478,376,"78,66",339,37,"90,16",102,"21,34",29,73,"15,27"
314480,NOVA LIMA,MG,11/2022,498,395,"79,32",371,24,"93,92",103,"20,68",22,81,"16,27"
314480,NOVA LIMA,MG,07/2022,413,323,"78,21",297,26,"91,95",90,"21,79",33,57,"13,80"
314490,NOVA MÓDICA,MG,07/2022,58,41,"70,69",37,4,"90,24",17,"29,31",2,15,"25,86"
314490,NOVA MÓDICA,MG,11/2022,62,43,"69,35",40,3,"93,02",19,"30,65",0,19,"30,65"
314490,NOVA MÓDICA,MG,09/2022,64,43,"67,19",39,4,"90,70",21,"32,81",2,19,"29,69"
314500,NOVA PONTE,MG,09/2022,112,78,"69,64",78,0,"100,00",34,"30,36",0,34,"30,36"
314500,NOVA PONTE,MG,11/2022,102,70,"68,63",70,0,"100,00",32,"31,37",0,32,"31,37"
314500,NOVA PONTE,MG,07/2022,101,73,"72,28",73,0,"100,00",28,"27,72",0,28,"27,72"
314505,NOVA PORTEIRINHA,MG,07/2022,118,101,"85,59",101,0,"100,00",17,"14,41",1,16,"13,56"
314505,NOVA PORTEIRINHA,MG,11/2022,123,73,"59,35",65,8,"89,04",50,"40,65",1,49,"39,84"
314505,NOVA PORTEIRINHA,MG,09/2022,113,74,"65,49",65,9,"87,84",39,"34,51",1,38,"33,63"
314510,NOVA RESENDE,MG,09/2022,137,81,"59,12",53,28,"65,43",56,"40,88",0,56,"40,88"
314510,NOVA RESENDE,MG,11/2022,137,83,"60,58",40,43,"48,19",54,"39,42",0,54,"39,42"
314510,NOVA RESENDE,MG,07/2022,128,77,"60,16",48,29,"62,34",51,"39,84",0,51,"39,84"
314520,NOVA SERRANA,MG,07/2022,337,208,"61,72",181,27,"87,02",129,"38,28",38,91,"27,00"
314520,NOVA SERRANA,MG,11/2022,389,266,"68,38",234,32,"87,97",123,"31,62",15,108,"27,76"
314520,NOVA SERRANA,MG,09/2022,347,233,"67,15",199,34,"85,41",114,"32,85",19,95,"27,38"
314530,NOVO CRUZEIRO,MG,09/2022,737,520,"70,56",472,48,"90,77",217,"29,44",86,131,"17,77"
314530,NOVO CRUZEIRO,MG,11/2022,729,595,"81,62",563,32,"94,62",134,"18,38",1,133,"18,24"
314530,NOVO CRUZEIRO,MG,07/2022,731,533,"72,91",479,54,"89,87",198,"27,09",86,112,"15,32"
314535,NOVO ORIENTE DE MINAS,MG,07/2022,242,205,"84,71",203,2,"99,02",37,"15,29",22,15,"6,20"
314535,NOVO ORIENTE DE MINAS,MG,11/2022,251,228,"90,84",191,37,"83,77",23,"9,16",2,21,"8,37"
314535,NOVO ORIENTE DE MINAS,MG,09/2022,256,238,"92,97",234,4,"98,32",18,"7,03",0,18,"7,03"
314537,NOVORIZONTE,MG,09/2022,106,92,"86,79",92,0,"100,00",14,"13,21",1,13,"12,26"
314537,NOVORIZONTE,MG,11/2022,105,97,"92,38",84,13,"86,60",8,"7,62",0,8,"7,62"
314537,NOVORIZONTE,MG,07/2022,98,86,"87,76",66,20,"76,74",12,"12,24",0,12,"12,24"
314540,OLARIA,MG,07/2022,22,18,"81,82",17,1,"94,44",4,"18,18",1,3,"13,64"
314540,OLARIA,MG,11/2022,22,15,"68,18",15,0,"100,00",7,"31,82",0,7,"31,82"
314540,OLARIA,MG,09/2022,20,15,"75,00",14,1,"93,33",5,"25,00",0,5,"25,00"
314545,OLHOS-D´ÁGUA,MG,09/2022,184,0,"0,00",0,0,,184,"100,00",163,21,"11,41"
314545,OLHOS-D´ÁGUA,MG,11/2022,176,155,"88,07",155,0,"100,00",21,"11,93",0,21,"11,93"
314545,OLHOS-D´ÁGUA,MG,07/2022,177,0,"0,00",0,0,,177,"100,00",160,17,"9,60"
314550,OLÍMPIO NORONHA,MG,07/2022,36,32,"88,89",25,7,"78,13",4,"11,11",2,2,"5,56"
314550,OLÍMPIO NORONHA,MG,11/2022,40,39,"97,50",37,2,"94,87",1,"2,50",0,1,"2,50"
314550,OLÍMPIO NORONHA,MG,09/2022,40,37,"92,50",30,7,"81,08",3,"7,50",0,3,"7,50"
314560,OLIVEIRA,MG,09/2022,326,213,"65,34",213,0,"100,00",113,"34,66",2,111,"34,05"
314560,OLIVEIRA,MG,11/2022,317,214,"67,51",214,0,"100,00",103,"32,49",0,103,"32,49"
314560,OLIVEIRA,MG,07/2022,299,13,"4,35",13,0,"100,00",286,"95,65",183,103,"34,45"
314570,OLIVEIRA FORTES,MG,07/2022,24,21,"87,50",19,2,"90,48",3,"12,50",0,3,"12,50"
314570,OLIVEIRA FORTES,MG,11/2022,24,21,"87,50",16,5,"76,19",3,"12,50",0,3,"12,50"
314570,OLIVEIRA FORTES,MG,09/2022,24,21,"87,50",17,4,"80,95",3,"12,50",0,3,"12,50"
314580,ONÇA DE PITANGUI,MG,09/2022,43,31,"72,09",25,6,"80,65",12,"27,91",0,12,"27,91"
314580,ONÇA DE PITANGUI,MG,11/2022,39,32,"82,05",24,8,"75,00",7,"17,95",0,7,"17,95"
314580,ONÇA DE PITANGUI,MG,07/2022,41,31,"75,61",24,7,"77,42",10,"24,39",0,10,"24,39"
314585,ORATÓRIOS,MG,07/2022,49,45,"91,84",37,8,"82,22",4,"8,16",0,4,"8,16"
314585,ORATÓRIOS,MG,11/2022,54,52,"96,30",50,2,"96,15",2,"3,70",0,2,"3,70"
314585,ORATÓRIOS,MG,09/2022,47,44,"93,62",43,1,"97,73",3,"6,38",0,3,"6,38"
314587,ORIZÂNIA,MG,09/2022,168,136,"80,95",136,0,"100,00",32,"19,05",12,20,"11,90"
314587,ORIZÂNIA,MG,11/2022,182,182,"100,00",173,9,"95,05",0,"0,00",0,0,"0,00"
314587,ORIZÂNIA,MG,07/2022,159,128,"80,50",128,0,"100,00",31,"19,50",1,30,"18,87"
314590,OURO BRANCO,MG,07/2022,200,147,"73,50",124,23,"84,35",53,"26,50",4,49,"24,50"
314590,OURO BRANCO,MG,11/2022,225,173,"76,89",147,26,"84,97",52,"23,11",5,47,"20,89"
314590,OURO BRANCO,MG,09/2022,221,168,"76,02",156,12,"92,86",53,"23,98",4,49,"22,17"
314600,OURO FINO,MG,09/2022,78,63,"80,77",52,11,"82,54",15,"19,23",0,15,"19,23"
314600,OURO FINO,MG,11/2022,82,73,"89,02",65,8,"89,04",9,"10,98",0,9,"10,98"
314600,OURO FINO,MG,07/2022,78,64,"82,05",59,5,"92,19",14,"17,95",1,13,"16,67"
314610,OURO PRETO,MG,07/2022,633,52,"8,21",52,0,"100,00",581,"91,79",466,115,"18,17"
314610,OURO PRETO,MG,11/2022,685,512,"74,74",511,1,"99,80",173,"25,26",19,154,"22,48"
314610,OURO PRETO,MG,09/2022,692,502,"72,54",502,0,"100,00",190,"27,46",37,153,"22,11"
314620,OURO VERDE DE MINAS,MG,09/2022,180,112,"62,22",112,0,"100,00",68,"37,78",0,68,"37,78"
314620,OURO VERDE DE MINAS,MG,11/2022,170,100,"58,82",100,0,"100,00",70,"41,18",0,70,"41,18"
314620,OURO VERDE DE MINAS,MG,07/2022,166,115,"69,28",115,0,"100,00",51,"30,72",2,49,"29,52"
314625,PADRE CARVALHO,MG,07/2022,212,119,"56,13",117,2,"98,32",93,"43,87",2,91,"42,92"
314625,PADRE CARVALHO,MG,11/2022,201,120,"59,70",119,1,"99,17",81,"40,30",0,81,"40,30"
314625,PADRE CARVALHO,MG,09/2022,225,124,"55,11",123,1,"99,19",101,"44,89",2,99,"44,00"
314630,PADRE PARAÍSO,MG,09/2022,528,289,"54,73",280,9,"96,89",239,"45,27",3,236,"44,70"
314630,PADRE PARAÍSO,MG,11/2022,484,223,"46,07",220,3,"98,65",261,"53,93",2,259,"53,51"
314630,PADRE PARAÍSO,MG,07/2022,518,292,"56,37",276,16,"94,52",226,"43,63",3,223,"43,05"
314640,PAINEIRAS,MG,07/2022,35,29,"82,86",25,4,"86,21",6,"17,14",0,6,"17,14"
314640,PAINEIRAS,MG,11/2022,34,34,"100,00",31,3,"91,18",0,"0,00",0,0,"0,00"
314640,PAINEIRAS,MG,09/2022,36,33,"91,67",27,6,"81,82",3,"8,33",0,3,"8,33"
314650,PAINS,MG,09/2022,46,34,"73,91",32,2,"94,12",12,"26,09",0,12,"26,09"
314650,PAINS,MG,11/2022,43,34,"79,07",30,4,"88,24",9,"20,93",0,9,"20,93"
314650,PAINS,MG,07/2022,48,36,"75,00",34,2,"94,44",12,"25,00",1,11,"22,92"
314655,PAI PEDRO,MG,07/2022,134,126,"94,03",126,0,"100,00",8,"5,97",3,5,"3,73"
314655,PAI PEDRO,MG,11/2022,145,135,"93,10",135,0,"100,00",10,"6,90",0,10,"6,90"
314655,PAI PEDRO,MG,09/2022,126,2,"1,59",2,0,"100,00",124,"98,41",117,7,"5,56"
314660,PAIVA,MG,09/2022,18,15,"83,33",13,2,"86,67",3,"16,67",1,2,"11,11"
314660,PAIVA,MG,11/2022,19,19,"100,00",18,1,"94,74",0,"0,00",0,0,"0,00"
314660,PAIVA,MG,07/2022,15,13,"86,67",13,0,"100,00",2,"13,33",0,2,"13,33"
314670,PALMA,MG,07/2022,98,65,"66,33",57,8,"87,69",33,"33,67",2,31,"31,63"
314670,PALMA,MG,11/2022,88,59,"67,05",56,3,"94,92",29,"32,95",2,27,"30,68"
314670,PALMA,MG,09/2022,97,65,"67,01",65,0,"100,00",32,"32,99",2,30,"30,93"
314675,PALMÓPOLIS,MG,09/2022,158,148,"93,67",148,0,"100,00",10,"6,33",1,9,"5,70"
314675,PALMÓPOLIS,MG,11/2022,152,142,"93,42",142,0,"100,00",10,"6,58",1,9,"5,92"
314675,PALMÓPOLIS,MG,07/2022,156,144,"92,31",144,0,"100,00",12,"7,69",3,9,"5,77"
314690,PAPAGAIOS,MG,07/2022,182,131,"71,98",118,13,"90,08",51,"28,02",1,50,"27,47"
314690,PAPAGAIOS,MG,11/2022,189,142,"75,13",126,16,"88,73",47,"24,87",12,35,"18,52"
314690,PAPAGAIOS,MG,09/2022,197,137,"69,54",100,37,"72,99",60,"30,46",9,51,"25,89"
314700,PARACATU,MG,09/2022,825,333,"40,36",310,23,"93,09",492,"59,64",113,379,"45,94"
314700,PARACATU,MG,11/2022,845,360,"42,60",333,27,"92,50",485,"57,40",101,384,"45,44"
314700,PARACATU,MG,07/2022,769,296,"38,49",269,27,"90,88",473,"61,51",165,308,"40,05"
314710,PARÁ DE MINAS,MG,07/2022,471,201,"42,68",187,14,"93,03",270,"57,32",43,227,"48,20"
314710,PARÁ DE MINAS,MG,11/2022,454,209,"46,04",184,25,"88,04",245,"53,96",0,245,"53,96"
314710,PARÁ DE MINAS,MG,09/2022,486,218,"44,86",189,29,"86,70",268,"55,14",8,260,"53,50"
314720,PARAGUAÇU,MG,09/2022,118,76,"64,41",38,38,"50,00",42,"35,59",2,40,"33,90"
314720,PARAGUAÇU,MG,11/2022,119,82,"68,91",43,39,"52,44",37,"31,09",0,37,"31,09"
314720,PARAGUAÇU,MG,07/2022,115,77,"66,96",63,14,"81,82",38,"33,04",0,38,"33,04"
314730,PARAISÓPOLIS,MG,07/2022,136,101,"74,26",91,10,"90,10",35,"25,74",2,33,"24,26"
314730,PARAISÓPOLIS,MG,11/2022,128,108,"84,38",102,6,"94,44",20,"15,63",0,20,"15,63"
314730,PARAISÓPOLIS,MG,09/2022,139,104,"74,82",97,7,"93,27",35,"25,18",12,23,"16,55"
314740,PARAOPEBA,MG,09/2022,300,169,"56,33",169,0,"100,00",131,"43,67",2,129,"43,00"
314740,PARAOPEBA,MG,11/2022,292,133,"45,55",126,7,"94,74",159,"54,45",1,158,"54,11"
314740,PARAOPEBA,MG,07/2022,283,194,"68,55",194,0,"100,00",89,"31,45",0,89,"31,45"
314750,PASSABÉM,MG,07/2022,31,19,"61,29",19,0,"100,00",12,"38,71",0,12,"38,71"
314750,PASSABÉM,MG,11/2022,34,32,"94,12",29,3,"90,63",2,"5,88",0,2,"5,88"
314750,PASSABÉM,MG,09/2022,32,16,"50,00",14,2,"87,50",16,"50,00",2,14,"43,75"
314760,PASSA QUATRO,MG,09/2022,76,71,"93,42",69,2,"97,18",5,"6,58",0,5,"6,58"
314760,PASSA QUATRO,MG,11/2022,77,73,"94,81",73,0,"100,00",4,"5,19",0,4,"5,19"
314760,PASSA QUATRO,MG,07/2022,75,73,"97,33",65,8,"89,04",2,"2,67",0,2,"2,67"
314770,PASSA TEMPO,MG,07/2022,42,28,"66,67",28,0,"100,00",14,"33,33",0,14,"33,33"
314770,PASSA TEMPO,MG,11/2022,51,45,"88,24",45,0,"100,00",6,"11,76",0,6,"11,76"
314770,PASSA TEMPO,MG,09/2022,47,32,"68,09",32,0,"100,00",15,"31,91",1,14,"29,79"
314780,PASSA-VINTE,MG,09/2022,21,19,"90,48",19,0,"100,00",2,"9,52",0,2,"9,52"
314780,PASSA-VINTE,MG,11/2022,24,12,"50,00",12,0,"100,00",12,"50,00",0,12,"50,00"
314780,PASSA-VINTE,MG,07/2022,18,0,"0,00",0,0,,18,"100,00",16,2,"11,11"
314790,PASSOS,MG,07/2022,738,705,"95,53",669,36,"94,89",33,"4,47",2,31,"4,20"
314790,PASSOS,MG,11/2022,743,666,"89,64",562,104,"84,38",77,"10,36",4,73,"9,83"
314790,PASSOS,MG,09/2022,765,716,"93,59",666,50,"93,02",49,"6,41",3,46,"6,01"
314795,PATIS,MG,09/2022,137,120,"87,59",120,0,"100,00",17,"12,41",0,17,"12,41"
314795,PATIS,MG,11/2022,128,112,"87,50",112,0,"100,00",16,"12,50",0,16,"12,50"
314795,PATIS,MG,07/2022,125,109,"87,20",109,0,"100,00",16,"12,80",0,16,"12,80"
314800,PATOS DE MINAS,MG,07/2022,530,362,"68,30",362,0,"100,00",168,"31,70",107,61,"11,51"
314800,PATOS DE MINAS,MG,11/2022,565,363,"64,25",347,16,"95,59",202,"35,75",3,199,"35,22"
314800,PATOS DE MINAS,MG,09/2022,587,492,"83,82",492,0,"100,00",95,"16,18",24,71,"12,10"
314810,PATROCÍNIO,MG,09/2022,740,433,"58,51",384,49,"88,68",307,"41,49",10,297,"40,14"
314810,PATROCÍNIO,MG,11/2022,750,480,"64,00",443,37,"92,29",270,"36,00",3,267,"35,60"
314810,PATROCÍNIO,MG,07/2022,686,411,"59,91",383,28,"93,19",275,"40,09",7,268,"39,07"
314820,PATROCÍNIO DO MURIAÉ,MG,07/2022,70,46,"65,71",37,9,"80,43",24,"34,29",0,24,"34,29"
314820,PATROCÍNIO DO MURIAÉ,MG,11/2022,71,43,"60,56",43,0,"100,00",28,"39,44",2,26,"36,62"
314820,PATROCÍNIO DO MURIAÉ,MG,09/2022,73,49,"67,12",43,6,"87,76",24,"32,88",1,23,"31,51"
314830,PAULA CÂNDIDO,MG,09/2022,138,128,"92,75",120,8,"93,75",10,"7,25",0,10,"7,25"
314830,PAULA CÂNDIDO,MG,11/2022,128,113,"88,28",110,3,"97,35",15,"11,72",0,15,"11,72"
314830,PAULA CÂNDIDO,MG,07/2022,143,134,"93,71",127,7,"94,78",9,"6,29",2,7,"4,90"
314840,PAULISTAS,MG,07/2022,120,107,"89,17",99,8,"92,52",13,"10,83",0,13,"10,83"
314840,PAULISTAS,MG,11/2022,112,101,"90,18",101,0,"100,00",11,"9,82",0,11,"9,82"
314840,PAULISTAS,MG,09/2022,124,107,"86,29",96,11,"89,72",17,"13,71",3,14,"11,29"
314850,PAVÃO,MG,09/2022,187,130,"69,52",112,18,"86,15",57,"30,48",0,57,"30,48"
314850,PAVÃO,MG,11/2022,174,120,"68,97",110,10,"91,67",54,"31,03",0,54,"31,03"
314850,PAVÃO,MG,07/2022,181,124,"68,51",124,0,"100,00",57,"31,49",1,56,"30,94"
314860,PEÇANHA,MG,07/2022,331,279,"84,29",279,0,"100,00",52,"15,71",9,43,"12,99"
314860,PEÇANHA,MG,11/2022,333,272,"81,68",272,0,"100,00",61,"18,32",0,61,"18,32"
314860,PEÇANHA,MG,09/2022,338,282,"83,43",282,0,"100,00",56,"16,57",4,52,"15,38"
314870,PEDRA AZUL,MG,09/2022,568,313,"55,11",302,11,"96,49",255,"44,89",3,252,"44,37"
314870,PEDRA AZUL,MG,11/2022,538,273,"50,74",242,31,"88,64",265,"49,26",19,246,"45,72"
314870,PEDRA AZUL,MG,07/2022,545,275,"50,46",254,21,"92,36",270,"49,54",30,240,"44,04"
314875,PEDRA BONITA,MG,07/2022,198,158,"79,80",158,0,"100,00",40,"20,20",13,27,"13,64"
314875,PEDRA BONITA,MG,11/2022,215,110,"51,16",110,0,"100,00",105,"48,84",70,35,"16,28"
314875,PEDRA BONITA,MG,09/2022,215,178,"82,79",178,0,"100,00",37,"17,21",2,35,"16,28"
314880,PEDRA DO ANTA,MG,09/2022,73,54,"73,97",43,11,"79,63",19,"26,03",1,18,"24,66"
314880,PEDRA DO ANTA,MG,11/2022,66,47,"71,21",43,4,"91,49",19,"28,79",1,18,"27,27"
314880,PEDRA DO ANTA,MG,07/2022,71,52,"73,24",44,8,"84,62",19,"26,76",2,17,"23,94"
314890,PEDRA DO INDAIÁ,MG,07/2022,29,20,"68,97",18,2,"90,00",9,"31,03",0,9,"31,03"
314890,PEDRA DO INDAIÁ,MG,11/2022,35,27,"77,14",25,2,"92,59",8,"22,86",1,7,"20,00"
314890,PEDRA DO INDAIÁ,MG,09/2022,35,24,"68,57",22,2,"91,67",11,"31,43",0,11,"31,43"
314900,PEDRA DOURADA,MG,09/2022,63,53,"84,13",50,3,"94,34",10,"15,87",2,8,"12,70"
314900,PEDRA DOURADA,MG,11/2022,57,51,"89,47",46,5,"90,20",6,"10,53",0,6,"10,53"
314900,PEDRA DOURADA,MG,07/2022,54,46,"85,19",34,12,"73,91",8,"14,81",0,8,"14,81"
314910,PEDRALVA,MG,07/2022,120,90,"75,00",90,0,"100,00",30,"25,00",3,27,"22,50"
314910,PEDRALVA,MG,11/2022,109,78,"71,56",76,2,"97,44",31,"28,44",1,30,"27,52"
314910,PEDRALVA,MG,09/2022,124,92,"74,19",83,9,"90,22",32,"25,81",4,28,"22,58"
314915,PEDRAS DE MARIA DA CRUZ,MG,09/2022,193,136,"70,47",130,6,"95,59",57,"29,53",2,55,"28,50"
314915,PEDRAS DE MARIA DA CRUZ,MG,11/2022,188,134,"71,28",133,1,"99,25",54,"28,72",1,53,"28,19"
314915,PEDRAS DE MARIA DA CRUZ,MG,07/2022,187,142,"75,94",135,7,"95,07",45,"24,06",0,45,"24,06"
314920,PEDRINÓPOLIS,MG,07/2022,34,26,"76,47",23,3,"88,46",8,"23,53",3,5,"14,71"
314920,PEDRINÓPOLIS,MG,11/2022,38,33,"86,84",33,0,"100,00",5,"13,16",1,4,"10,53"
314920,PEDRINÓPOLIS,MG,09/2022,37,30,"81,08",29,1,"96,67",7,"18,92",1,6,"16,22"
314930,PEDRO LEOPOLDO,MG,09/2022,384,284,"73,96",271,13,"95,42",100,"26,04",21,79,"20,57"
314930,PEDRO LEOPOLDO,MG,11/2022,351,188,"53,56",166,22,"88,30",163,"46,44",103,60,"17,09"
314930,PEDRO LEOPOLDO,MG,07/2022,365,267,"73,15",244,23,"91,39",98,"26,85",22,76,"20,82"
314940,PEDRO TEIXEIRA,MG,07/2022,29,22,"75,86",20,2,"90,91",7,"24,14",0,7,"24,14"
314940,PEDRO TEIXEIRA,MG,11/2022,30,23,"76,67",21,2,"91,30",7,"23,33",2,5,"16,67"
314940,PEDRO TEIXEIRA,MG,09/2022,30,4,"13,33",2,2,"50,00",26,"86,67",18,8,"26,67"
314950,PEQUERI,MG,09/2022,32,19,"59,38",18,1,"94,74",13,"40,63",2,11,"34,38"
314950,PEQUERI,MG,11/2022,30,20,"66,67",18,2,"90,00",10,"33,33",0,10,"33,33"
314950,PEQUERI,MG,07/2022,29,15,"51,72",14,1,"93,33",14,"48,28",4,10,"34,48"
314960,PEQUI,MG,07/2022,51,0,"0,00",0,0,,51,"100,00",48,3,"5,88"
314960,PEQUI,MG,11/2022,55,51,"92,73",51,0,"100,00",4,"7,27",0,4,"7,27"
314960,PEQUI,MG,09/2022,55,52,"94,55",52,0,"100,00",3,"5,45",0,3,"5,45"
314970,PERDIGÃO,MG,09/2022,71,46,"64,79",28,18,"60,87",25,"35,21",0,25,"35,21"
314970,PERDIGÃO,MG,11/2022,72,48,"66,67",35,13,"72,92",24,"33,33",0,24,"33,33"
314970,PERDIGÃO,MG,07/2022,64,47,"73,44",20,27,"42,55",17,"26,56",1,16,"25,00"
314980,PERDIZES,MG,07/2022,119,104,"87,39",104,0,"100,00",15,"12,61",0,15,"12,61"
314980,PERDIZES,MG,11/2022,145,144,"99,31",144,0,"100,00",1,"0,69",1,0,"0,00"
314980,PERDIZES,MG,09/2022,144,117,"81,25",117,0,"100,00",27,"18,75",0,27,"18,75"
314990,PERDÕES,MG,09/2022,126,95,"75,40",88,7,"92,63",31,"24,60",0,31,"24,60"
314990,PERDÕES,MG,11/2022,118,92,"77,97",82,10,"89,13",26,"22,03",0,26,"22,03"
314990,PERDÕES,MG,07/2022,119,89,"74,79",72,17,"80,90",30,"25,21",1,29,"24,37"
314995,PERIQUITO,MG,07/2022,123,80,"65,04",80,0,"100,00",43,"34,96",1,42,"34,15"
314995,PERIQUITO,MG,11/2022,136,11,"8,09",8,3,"72,73",125,"91,91",56,69,"50,74"
314995,PERIQUITO,MG,09/2022,130,68,"52,31",67,1,"98,53",62,"47,69",1,61,"46,92"
315000,PESCADOR,MG,09/2022,93,84,"90,32",63,21,"75,00",9,"9,68",0,9,"9,68"
315000,PESCADOR,MG,11/2022,85,73,"85,88",51,22,"69,86",12,"14,12",5,7,"8,24"
315000,PESCADOR,MG,07/2022,90,71,"78,89",54,17,"76,06",19,"21,11",11,8,"8,89"
315010,PIAU,MG,07/2022,38,31,"81,58",31,0,"100,00",7,"18,42",1,6,"15,79"
315010,PIAU,MG,11/2022,33,22,"66,67",22,0,"100,00",11,"33,33",6,5,"15,15"
315010,PIAU,MG,09/2022,36,23,"63,89",23,0,"100,00",13,"36,11",8,5,"13,89"
315015,PIEDADE DE CARATINGA,MG,09/2022,233,148,"63,52",133,15,"89,86",85,"36,48",1,84,"36,05"
315015,PIEDADE DE CARATINGA,MG,11/2022,224,142,"63,39",133,9,"93,66",82,"36,61",0,82,"36,61"
315015,PIEDADE DE CARATINGA,MG,07/2022,209,131,"62,68",124,7,"94,66",78,"37,32",0,78,"37,32"
315020,PIEDADE DE PONTE NOVA,MG,07/2022,52,1,"1,92",0,1,"0,00",51,"98,08",47,4,"7,69"
315020,PIEDADE DE PONTE NOVA,MG,11/2022,55,51,"92,73",36,15,"70,59",4,"7,27",0,4,"7,27"
315020,PIEDADE DE PONTE NOVA,MG,09/2022,51,47,"92,16",47,0,"100,00",4,"7,84",0,4,"7,84"
315030,PIEDADE DO RIO GRANDE,MG,09/2022,31,25,"80,65",21,4,"84,00",6,"19,35",0,6,"19,35"
315030,PIEDADE DO RIO GRANDE,MG,11/2022,28,24,"85,71",22,2,"91,67",4,"14,29",0,4,"14,29"
315030,PIEDADE DO RIO GRANDE,MG,07/2022,27,17,"62,96",17,0,"100,00",10,"37,04",4,6,"22,22"
315040,PIEDADE DOS GERAIS,MG,07/2022,79,64,"81,01",56,8,"87,50",15,"18,99",3,12,"15,19"
315040,PIEDADE DOS GERAIS,MG,11/2022,73,62,"84,93",55,7,"88,71",11,"15,07",0,11,"15,07"
315040,PIEDADE DOS GERAIS,MG,09/2022,84,71,"84,52",62,9,"87,32",13,"15,48",0,13,"15,48"
315050,PIMENTA,MG,09/2022,84,68,"80,95",48,20,"70,59",16,"19,05",0,16,"19,05"
315050,PIMENTA,MG,11/2022,87,66,"75,86",44,22,"66,67",21,"24,14",1,20,"22,99"
315050,PIMENTA,MG,07/2022,76,57,"75,00",41,16,"71,93",19,"25,00",0,19,"25,00"
315053,PINGO-D´ÁGUA,MG,07/2022,89,69,"77,53",60,9,"86,96",20,"22,47",2,18,"20,22"
315053,PINGO-D´ÁGUA,MG,11/2022,87,65,"74,71",65,0,"100,00",22,"25,29",1,21,"24,14"
315053,PINGO-D´ÁGUA,MG,09/2022,94,68,"72,34",68,0,"100,00",26,"27,66",2,24,"25,53"
315057,PINTÓPOLIS,MG,09/2022,217,209,"96,31",209,0,"100,00",8,"3,69",0,8,"3,69"
315057,PINTÓPOLIS,MG,11/2022,204,202,"99,02",202,0,"100,00",2,"0,98",0,2,"0,98"
315057,PINTÓPOLIS,MG,07/2022,205,196,"95,61",192,4,"97,96",9,"4,39",1,8,"3,90"
315060,PIRACEMA,MG,07/2022,51,41,"80,39",35,6,"85,37",10,"19,61",3,7,"13,73"
315060,PIRACEMA,MG,11/2022,44,40,"90,91",39,1,"97,50",4,"9,09",0,4,"9,09"
315060,PIRACEMA,MG,09/2022,46,40,"86,96",38,2,"95,00",6,"13,04",0,6,"13,04"
315070,PIRAJUBA,MG,09/2022,45,37,"82,22",33,4,"89,19",8,"17,78",0,8,"17,78"
315070,PIRAJUBA,MG,11/2022,45,35,"77,78",34,1,"97,14",10,"22,22",0,10,"22,22"
315070,PIRAJUBA,MG,07/2022,39,30,"76,92",28,2,"93,33",9,"23,08",0,9,"23,08"
315080,PIRANGA,MG,07/2022,281,254,"90,39",254,0,"100,00",27,"9,61",2,25,"8,90"
315080,PIRANGA,MG,11/2022,275,251,"91,27",251,0,"100,00",24,"8,73",1,23,"8,36"
315080,PIRANGA,MG,09/2022,285,257,"90,18",257,0,"100,00",28,"9,82",1,27,"9,47"
315090,PIRANGUÇU,MG,09/2022,45,0,"0,00",0,0,,45,"100,00",36,9,"20,00"
315090,PIRANGUÇU,MG,11/2022,47,39,"82,98",34,5,"87,18",8,"17,02",1,7,"14,89"
315090,PIRANGUÇU,MG,07/2022,41,40,"97,56",21,19,"52,50",1,"2,44",0,1,"2,44"
315100,PIRANGUINHO,MG,07/2022,66,55,"83,33",55,0,"100,00",11,"16,67",0,11,"16,67"
315100,PIRANGUINHO,MG,11/2022,70,0,"0,00",0,0,,70,"100,00",62,8,"11,43"
315100,PIRANGUINHO,MG,09/2022,79,65,"82,28",61,4,"93,85",14,"17,72",3,11,"13,92"
315110,PIRAPETINGA,MG,09/2022,83,59,"71,08",59,0,"100,00",24,"28,92",10,14,"16,87"
315110,PIRAPETINGA,MG,11/2022,77,54,"70,13",52,2,"96,30",23,"29,87",9,14,"18,18"
315110,PIRAPETINGA,MG,07/2022,86,42,"48,84",38,4,"90,48",44,"51,16",14,30,"34,88"
315120,PIRAPORA,MG,07/2022,827,297,"35,91",269,28,"90,57",530,"64,09",258,272,"32,89"
315120,PIRAPORA,MG,11/2022,880,459,"52,16",418,41,"91,07",421,"47,84",75,346,"39,32"
315120,PIRAPORA,MG,09/2022,884,221,"25,00",194,27,"87,78",663,"75,00",374,289,"32,69"
315130,PIRAÚBA,MG,09/2022,100,4,"4,00",0,4,"0,00",96,"96,00",89,7,"7,00"
315130,PIRAÚBA,MG,11/2022,107,100,"93,46",100,0,"100,00",7,"6,54",1,6,"5,61"
315130,PIRAÚBA,MG,07/2022,93,11,"11,83",8,3,"72,73",82,"88,17",72,10,"10,75"
315140,PITANGUI,MG,07/2022,232,93,"40,09",75,18,"80,65",139,"59,91",42,97,"41,81"
315140,PITANGUI,MG,11/2022,262,180,"68,70",162,18,"90,00",82,"31,30",16,66,"25,19"
315140,PITANGUI,MG,09/2022,263,116,"44,11",94,22,"81,03",147,"55,89",18,129,"49,05"
315150,PIUMHI,MG,09/2022,291,161,"55,33",138,23,"85,71",130,"44,67",19,111,"38,14"
315150,PIUMHI,MG,11/2022,294,168,"57,14",106,62,"63,10",126,"42,86",12,114,"38,78"
315150,PIUMHI,MG,07/2022,282,78,"27,66",62,16,"79,49",204,"72,34",46,158,"56,03"
315160,PLANURA,MG,07/2022,92,52,"56,52",52,0,"100,00",40,"43,48",11,29,"31,52"
315160,PLANURA,MG,11/2022,108,66,"61,11",66,0,"100,00",42,"38,89",0,42,"38,89"
315160,PLANURA,MG,09/2022,106,66,"62,26",66,0,"100,00",40,"37,74",0,40,"37,74"
315170,POÇO FUNDO,MG,09/2022,94,60,"63,83",30,30,"50,00",34,"36,17",6,28,"29,79"
315170,POÇO FUNDO,MG,11/2022,95,59,"62,11",45,14,"76,27",36,"37,89",5,31,"32,63"
315170,POÇO FUNDO,MG,07/2022,87,55,"63,22",37,18,"67,27",32,"36,78",5,27,"31,03"
315180,POÇOS DE CALDAS,MG,07/2022,589,388,"65,87",349,39,"89,95",201,"34,13",22,179,"30,39"
315180,POÇOS DE CALDAS,MG,11/2022,612,466,"76,14",431,35,"92,49",146,"23,86",3,143,"23,37"
315180,POÇOS DE CALDAS,MG,09/2022,618,409,"66,18",307,102,"75,06",209,"33,82",151,58,"9,39"
315190,POCRANE,MG,09/2022,161,108,"67,08",108,0,"100,00",53,"32,92",0,53,"32,92"
315190,POCRANE,MG,11/2022,176,117,"66,48",116,1,"99,15",59,"33,52",2,57,"32,39"
315190,POCRANE,MG,07/2022,161,99,"61,49",84,15,"84,85",62,"38,51",7,55,"34,16"
315200,POMPÉU,MG,07/2022,340,301,"88,53",301,0,"100,00",39,"11,47",0,39,"11,47"
315200,POMPÉU,MG,11/2022,375,332,"88,53",332,0,"100,00",43,"11,47",0,43,"11,47"
315200,POMPÉU,MG,09/2022,367,302,"82,29",302,0,"100,00",65,"17,71",23,42,"11,44"
315210,PONTE NOVA,MG,09/2022,515,376,"73,01",321,55,"85,37",139,"26,99",15,124,"24,08"
315210,PONTE NOVA,MG,11/2022,512,391,"76,37",347,44,"88,75",121,"23,63",21,100,"19,53"
315210,PONTE NOVA,MG,07/2022,496,348,"70,16",307,41,"88,22",148,"29,84",21,127,"25,60"
315213,PONTO CHIQUE,MG,07/2022,99,0,"0,00",0,0,,99,"100,00",87,12,"12,12"
315213,PONTO CHIQUE,MG,11/2022,101,53,"52,48",45,8,"84,91",48,"47,52",0,48,"47,52"
315213,PONTO CHIQUE,MG,09/2022,107,92,"85,98",92,0,"100,00",15,"14,02",1,14,"13,08"
315217,PONTO DOS VOLANTES,MG,09/2022,285,181,"63,51",177,4,"97,79",104,"36,49",1,103,"36,14"
315217,PONTO DOS VOLANTES,MG,11/2022,274,169,"61,68",157,12,"92,90",105,"38,32",0,105,"38,32"
315217,PONTO DOS VOLANTES,MG,07/2022,282,178,"63,12",163,15,"91,57",104,"36,88",7,97,"34,40"
315220,PORTEIRINHA,MG,07/2022,611,584,"95,58",581,3,"99,49",27,"4,42",1,26,"4,26"
315220,PORTEIRINHA,MG,11/2022,645,640,"99,22",630,10,"98,44",5,"0,78",0,5,"0,78"
315220,PORTEIRINHA,MG,09/2022,654,609,"93,12",609,0,"100,00",45,"6,88",25,20,"3,06"
315230,PORTO FIRME,MG,09/2022,213,123,"57,75",106,17,"86,18",90,"42,25",2,88,"41,31"
315230,PORTO FIRME,MG,11/2022,206,117,"56,80",107,10,"91,45",89,"43,20",2,87,"42,23"
315230,PORTO FIRME,MG,07/2022,199,115,"57,79",99,16,"86,09",84,"42,21",9,75,"37,69"
315240,POTÉ,MG,07/2022,311,285,"91,64",285,0,"100,00",26,"8,36",8,18,"5,79"
315240,POTÉ,MG,11/2022,301,211,"70,10",211,0,"100,00",90,"29,90",2,88,"29,24"
315240,POTÉ,MG,09/2022,314,293,"93,31",292,1,"99,66",21,"6,69",3,18,"5,73"
315250,POUSO ALEGRE,MG,09/2022,850,327,"38,47",293,34,"89,60",523,"61,53",2,521,"61,29"
315250,POUSO ALEGRE,MG,11/2022,849,333,"39,22",286,47,"85,89",516,"60,78",0,516,"60,78"
315250,POUSO ALEGRE,MG,07/2022,760,306,"40,26",261,45,"85,29",454,"59,74",2,452,"59,47"
315260,POUSO ALTO,MG,07/2022,23,20,"86,96",14,6,"70,00",3,"13,04",0,3,"13,04"
315260,POUSO ALTO,MG,11/2022,25,17,"68,00",15,2,"88,24",8,"32,00",0,8,"32,00"
315260,POUSO ALTO,MG,09/2022,24,15,"62,50",15,0,"100,00",9,"37,50",0,9,"37,50"
315270,PRADOS,MG,09/2022,59,38,"64,41",38,0,"100,00",21,"35,59",0,21,"35,59"
315270,PRADOS,MG,11/2022,57,37,"64,91",37,0,"100,00",20,"35,09",0,20,"35,09"
315270,PRADOS,MG,07/2022,55,36,"65,45",36,0,"100,00",19,"34,55",0,19,"34,55"
315280,PRATA,MG,07/2022,132,64,"48,48",49,15,"76,56",68,"51,52",3,65,"49,24"
315280,PRATA,MG,11/2022,145,64,"44,14",60,4,"93,75",81,"55,86",1,80,"55,17"
315280,PRATA,MG,09/2022,139,9,"6,47",6,3,"66,67",130,"93,53",66,64,"46,04"
315290,PRATÁPOLIS,MG,09/2022,64,41,"64,06",34,7,"82,93",23,"35,94",0,23,"35,94"
315290,PRATÁPOLIS,MG,11/2022,70,42,"60,00",37,5,"88,10",28,"40,00",0,28,"40,00"
315290,PRATÁPOLIS,MG,07/2022,59,36,"61,02",34,2,"94,44",23,"38,98",3,20,"33,90"
315300,PRATINHA,MG,07/2022,50,42,"84,00",42,0,"100,00",8,"16,00",0,8,"16,00"
315300,PRATINHA,MG,11/2022,50,44,"88,00",40,4,"90,91",6,"12,00",0,6,"12,00"
315300,PRATINHA,MG,09/2022,53,0,"0,00",0,0,,53,"100,00",44,9,"16,98"
315310,PRESIDENTE BERNARDES,MG,09/2022,105,95,"90,48",75,20,"78,95",10,"9,52",0,10,"9,52"
315310,PRESIDENTE BERNARDES,MG,11/2022,107,101,"94,39",63,38,"62,38",6,"5,61",0,6,"5,61"
315310,PRESIDENTE BERNARDES,MG,07/2022,97,88,"90,72",68,20,"77,27",9,"9,28",0,9,"9,28"
315320,PRESIDENTE JUSCELINO,MG,07/2022,54,46,"85,19",44,2,"95,65",8,"14,81",0,8,"14,81"
315320,PRESIDENTE JUSCELINO,MG,11/2022,54,50,"92,59",50,0,"100,00",4,"7,41",0,4,"7,41"
315320,PRESIDENTE JUSCELINO,MG,09/2022,54,50,"92,59",45,5,"90,00",4,"7,41",0,4,"7,41"
315330,PRESIDENTE KUBITSCHEK,MG,09/2022,73,70,"95,89",70,0,"100,00",3,"4,11",1,2,"2,74"
315330,PRESIDENTE KUBITSCHEK,MG,11/2022,70,69,"98,57",67,2,"97,10",1,"1,43",0,1,"1,43"
315330,PRESIDENTE KUBITSCHEK,MG,07/2022,42,0,"0,00",0,0,,42,"100,00",40,2,"4,76"
315340,PRESIDENTE OLEGÁRIO,MG,07/2022,196,154,"78,57",154,0,"100,00",42,"21,43",3,39,"19,90"
315340,PRESIDENTE OLEGÁRIO,MG,11/2022,207,123,"59,42",123,0,"100,00",84,"40,58",0,84,"40,58"
315340,PRESIDENTE OLEGÁRIO,MG,09/2022,208,119,"57,21",118,1,"99,16",89,"42,79",0,89,"42,79"
315350,ALTO JEQUITIBÁ,MG,09/2022,147,118,"80,27",101,17,"85,59",29,"19,73",3,26,"17,69"
315350,ALTO JEQUITIBÁ,MG,11/2022,135,105,"77,78",82,23,"78,10",30,"22,22",4,26,"19,26"
315350,ALTO JEQUITIBÁ,MG,07/2022,129,105,"81,40",92,13,"87,62",24,"18,60",2,22,"17,05"
315360,PRUDENTE DE MORAIS,MG,07/2022,122,79,"64,75",66,13,"83,54",43,"35,25",0,43,"35,25"
315360,PRUDENTE DE MORAIS,MG,11/2022,121,97,"80,17",73,24,"75,26",24,"19,83",0,24,"19,83"
315360,PRUDENTE DE MORAIS,MG,09/2022,132,81,"61,36",76,5,"93,83",51,"38,64",0,51,"38,64"
315370,QUARTEL GERAL,MG,09/2022,43,33,"76,74",33,0,"100,00",10,"23,26",0,10,"23,26"
315370,QUARTEL GERAL,MG,11/2022,43,34,"79,07",34,0,"100,00",9,"20,93",0,9,"20,93"
315370,QUARTEL GERAL,MG,07/2022,37,0,"0,00",0,0,,37,"100,00",26,11,"29,73"
315380,QUELUZITO,MG,07/2022,17,13,"76,47",13,0,"100,00",4,"23,53",2,2,"11,76"
315380,QUELUZITO,MG,11/2022,13,12,"92,31",12,0,"100,00",1,"7,69",0,1,"7,69"
315380,QUELUZITO,MG,09/2022,14,13,"92,86",13,0,"100,00",1,"7,14",0,1,"7,14"
315390,RAPOSOS,MG,09/2022,94,80,"85,11",76,4,"95,00",14,"14,89",1,13,"13,83"
315390,RAPOSOS,MG,11/2022,90,86,"95,56",81,5,"94,19",4,"4,44",0,4,"4,44"
315390,RAPOSOS,MG,07/2022,89,88,"98,88",78,10,"88,64",1,"1,12",1,0,"0,00"
315400,RAUL SOARES,MG,07/2022,349,197,"56,45",184,13,"93,40",152,"43,55",0,152,"43,55"
315400,RAUL SOARES,MG,11/2022,356,199,"55,90",192,7,"96,48",157,"44,10",4,153,"42,98"
315400,RAUL SOARES,MG,09/2022,369,212,"57,45",207,5,"97,64",157,"42,55",1,156,"42,28"
315410,RECREIO,MG,09/2022,121,75,"61,98",68,7,"90,67",46,"38,02",0,46,"38,02"
315410,RECREIO,MG,11/2022,115,73,"63,48",71,2,"97,26",42,"36,52",0,42,"36,52"
315410,RECREIO,MG,07/2022,113,74,"65,49",65,9,"87,84",39,"34,51",0,39,"34,51"
315415,REDUTO,MG,07/2022,111,102,"91,89",102,0,"100,00",9,"8,11",1,8,"7,21"
315415,REDUTO,MG,11/2022,109,99,"90,83",99,0,"100,00",10,"9,17",1,9,"8,26"
315415,REDUTO,MG,09/2022,108,9,"8,33",9,0,"100,00",99,"91,67",89,10,"9,26"
315420,RESENDE COSTA,MG,09/2022,87,71,"81,61",51,20,"71,83",16,"18,39",11,5,"5,75"
315420,RESENDE COSTA,MG,11/2022,91,81,"89,01",56,25,"69,14",10,"10,99",4,6,"6,59"
315420,RESENDE COSTA,MG,07/2022,85,71,"83,53",60,11,"84,51",14,"16,47",0,14,"16,47"
315430,RESPLENDOR,MG,07/2022,211,110,"52,13",108,2,"98,18",101,"47,87",10,91,"43,13"
315430,RESPLENDOR,MG,11/2022,192,110,"57,29",98,12,"89,09",82,"42,71",4,78,"40,63"
315430,RESPLENDOR,MG,09/2022,211,114,"54,03",102,12,"89,47",97,"45,97",7,90,"42,65"
315440,RESSAQUINHA,MG,09/2022,62,16,"25,81",15,1,"93,75",46,"74,19",0,46,"74,19"
315440,RESSAQUINHA,MG,11/2022,54,12,"22,22",12,0,"100,00",42,"77,78",0,42,"77,78"
315440,RESSAQUINHA,MG,07/2022,57,16,"28,07",15,1,"93,75",41,"71,93",0,41,"71,93"
315445,RIACHINHO,MG,07/2022,174,152,"87,36",152,0,"100,00",22,"12,64",2,20,"11,49"
315445,RIACHINHO,MG,11/2022,171,115,"67,25",114,1,"99,13",56,"32,75",3,53,"30,99"
315445,RIACHINHO,MG,09/2022,182,160,"87,91",160,0,"100,00",22,"12,09",1,21,"11,54"
315450,RIACHO DOS MACHADOS,MG,09/2022,189,116,"61,38",116,0,"100,00",73,"38,62",3,70,"37,04"
315450,RIACHO DOS MACHADOS,MG,11/2022,184,164,"89,13",160,4,"97,56",20,"10,87",1,19,"10,33"
315450,RIACHO DOS MACHADOS,MG,07/2022,181,125,"69,06",102,23,"81,60",56,"30,94",5,51,"28,18"
315460,RIBEIRÃO DAS NEVES,MG,07/2022,3218,2466,"76,63",2172,294,"88,08",752,"23,37",26,726,"22,56"
315460,RIBEIRÃO DAS NEVES,MG,11/2022,3651,2763,"75,68",2532,231,"91,64",888,"24,32",13,875,"23,97"
315460,RIBEIRÃO DAS NEVES,MG,09/2022,3600,2747,"76,31",2567,180,"93,45",853,"23,69",13,840,"23,33"
315470,RIBEIRÃO VERMELHO,MG,09/2022,35,2,"5,71",2,0,"100,00",33,"94,29",1,32,"91,43"
315470,RIBEIRÃO VERMELHO,MG,11/2022,33,24,"72,73",23,1,"95,83",9,"27,27",1,8,"24,24"
315470,RIBEIRÃO VERMELHO,MG,07/2022,26,2,"7,69",2,0,"100,00",24,"92,31",0,24,"92,31"
315480,RIO ACIMA,MG,07/2022,77,33,"42,86",30,3,"90,91",44,"57,14",0,44,"57,14"
315480,RIO ACIMA,MG,11/2022,79,49,"62,03",45,4,"91,84",30,"37,97",0,30,"37,97"
315480,RIO ACIMA,MG,09/2022,82,52,"63,41",43,9,"82,69",30,"36,59",0,30,"36,59"
315490,RIO CASCA,MG,09/2022,172,135,"78,49",118,17,"87,41",37,"21,51",6,31,"18,02"
315490,RIO CASCA,MG,11/2022,175,128,"73,14",118,10,"92,19",47,"26,86",5,42,"24,00"
315490,RIO CASCA,MG,07/2022,162,134,"82,72",117,17,"87,31",28,"17,28",0,28,"17,28"
315500,RIO DOCE,MG,07/2022,25,22,"88,00",19,3,"86,36",3,"12,00",0,3,"12,00"
315500,RIO DOCE,MG,11/2022,25,21,"84,00",18,3,"85,71",4,"16,00",0,4,"16,00"
315500,RIO DOCE,MG,09/2022,25,22,"88,00",17,5,"77,27",3,"12,00",0,3,"12,00"
315510,RIO DO PRADO,MG,09/2022,120,114,"95,00",114,0,"100,00",6,"5,00",0,6,"5,00"
315510,RIO DO PRADO,MG,11/2022,119,113,"94,96",113,0,"100,00",6,"5,04",1,5,"4,20"
315510,RIO DO PRADO,MG,07/2022,115,109,"94,78",109,0,"100,00",6,"5,22",0,6,"5,22"
315520,RIO ESPERA,MG,07/2022,99,76,"76,77",72,4,"94,74",23,"23,23",2,21,"21,21"
315520,RIO ESPERA,MG,11/2022,92,70,"76,09",65,5,"92,86",22,"23,91",3,19,"20,65"
315520,RIO ESPERA,MG,09/2022,106,80,"75,47",73,7,"91,25",26,"24,53",2,24,"22,64"
315530,RIO MANSO,MG,09/2022,63,0,"0,00",0,0,,63,"100,00",52,11,"17,46"
315530,RIO MANSO,MG,11/2022,58,41,"70,69",39,2,"95,12",17,"29,31",0,17,"29,31"
315530,RIO MANSO,MG,07/2022,55,45,"81,82",45,0,"100,00",10,"18,18",1,9,"16,36"
315540,RIO NOVO,MG,07/2022,99,81,"81,82",76,5,"93,83",18,"18,18",0,18,"18,18"
315540,RIO NOVO,MG,11/2022,110,92,"83,64",81,11,"88,04",18,"16,36",1,17,"15,45"
315540,RIO NOVO,MG,09/2022,109,89,"81,65",77,12,"86,52",20,"18,35",1,19,"17,43"
315550,RIO PARANAÍBA,MG,09/2022,102,91,"89,22",91,0,"100,00",11,"10,78",0,11,"10,78"
315550,RIO PARANAÍBA,MG,11/2022,111,100,"90,09",100,0,"100,00",11,"9,91",0,11,"9,91"
315550,RIO PARANAÍBA,MG,07/2022,106,92,"86,79",92,0,"100,00",14,"13,21",1,13,"12,26"
315560,RIO PARDO DE MINAS,MG,07/2022,573,542,"94,59",542,0,"100,00",31,"5,41",0,31,"5,41"
315560,RIO PARDO DE MINAS,MG,11/2022,604,571,"94,54",571,0,"100,00",33,"5,46",0,33,"5,46"
315560,RIO PARDO DE MINAS,MG,09/2022,622,591,"95,02",591,0,"100,00",31,"4,98",0,31,"4,98"
315570,RIO PIRACICABA,MG,09/2022,179,151,"84,36",147,4,"97,35",28,"15,64",1,27,"15,08"
315570,RIO PIRACICABA,MG,11/2022,175,144,"82,29",118,26,"81,94",31,"17,71",2,29,"16,57"
315570,RIO PIRACICABA,MG,07/2022,174,149,"85,63",132,17,"88,59",25,"14,37",2,23,"13,22"
315580,RIO POMBA,MG,07/2022,134,98,"73,13",98,0,"100,00",36,"26,87",1,35,"26,12"
315580,RIO POMBA,MG,11/2022,156,113,"72,44",113,0,"100,00",43,"27,56",1,42,"26,92"
315580,RIO POMBA,MG,09/2022,154,112,"72,73",112,0,"100,00",42,"27,27",0,42,"27,27"
315590,RIO PRETO,MG,09/2022,95,75,"78,95",75,0,"100,00",20,"21,05",16,4,"4,21"
315590,RIO PRETO,MG,11/2022,74,70,"94,59",70,0,"100,00",4,"5,41",0,4,"5,41"
315590,RIO PRETO,MG,07/2022,90,69,"76,67",69,0,"100,00",21,"23,33",17,4,"4,44"
315600,RIO VERMELHO,MG,07/2022,234,118,"50,43",106,12,"89,83",116,"49,57",71,45,"19,23"
315600,RIO VERMELHO,MG,11/2022,230,145,"63,04",136,9,"93,79",85,"36,96",2,83,"36,09"
315600,RIO VERMELHO,MG,09/2022,228,151,"66,23",146,5,"96,69",77,"33,77",1,76,"33,33"
315610,RITÁPOLIS,MG,09/2022,50,47,"94,00",45,2,"95,74",3,"6,00",0,3,"6,00"
315610,RITÁPOLIS,MG,11/2022,44,40,"90,91",40,0,"100,00",4,"9,09",0,4,"9,09"
315610,RITÁPOLIS,MG,07/2022,46,43,"93,48",39,4,"90,70",3,"6,52",0,3,"6,52"
315620,ROCHEDO DE MINAS,MG,07/2022,42,24,"57,14",24,0,"100,00",18,"42,86",0,18,"42,86"
315620,ROCHEDO DE MINAS,MG,11/2022,43,23,"53,49",23,0,"100,00",20,"46,51",0,20,"46,51"
315620,ROCHEDO DE MINAS,MG,09/2022,44,26,"59,09",26,0,"100,00",18,"40,91",0,18,"40,91"
315630,RODEIRO,MG,09/2022,63,42,"66,67",42,0,"100,00",21,"33,33",0,21,"33,33"
315630,RODEIRO,MG,11/2022,58,52,"89,66",52,0,"100,00",6,"10,34",0,6,"10,34"
315630,RODEIRO,MG,07/2022,47,31,"65,96",31,0,"100,00",16,"34,04",0,16,"34,04"
315640,ROMARIA,MG,07/2022,17,13,"76,47",13,0,"100,00",4,"23,53",0,4,"23,53"
315640,ROMARIA,MG,11/2022,19,15,"78,95",15,0,"100,00",4,"21,05",0,4,"21,05"
315640,ROMARIA,MG,09/2022,18,14,"77,78",14,0,"100,00",4,"22,22",0,4,"22,22"
315645,ROSÁRIO DA LIMEIRA,MG,09/2022,59,39,"66,10",38,1,"97,44",20,"33,90",4,16,"27,12"
315645,ROSÁRIO DA LIMEIRA,MG,11/2022,54,38,"70,37",37,1,"97,37",16,"29,63",1,15,"27,78"
315645,ROSÁRIO DA LIMEIRA,MG,07/2022,58,43,"74,14",40,3,"93,02",15,"25,86",0,15,"25,86"
315650,RUBELITA,MG,07/2022,177,145,"81,92",145,0,"100,00",32,"18,08",2,30,"16,95"
315650,RUBELITA,MG,11/2022,183,146,"79,78",146,0,"100,00",37,"20,22",2,35,"19,13"
315650,RUBELITA,MG,09/2022,184,137,"74,46",133,4,"97,08",47,"25,54",2,45,"24,46"
315660,RUBIM,MG,09/2022,164,159,"96,95",159,0,"100,00",5,"3,05",1,4,"2,44"
315660,RUBIM,MG,11/2022,161,151,"93,79",151,0,"100,00",10,"6,21",4,6,"3,73"
315660,RUBIM,MG,07/2022,165,154,"93,33",154,0,"100,00",11,"6,67",6,5,"3,03"
315670,SABARÁ,MG,07/2022,975,590,"60,51",521,69,"88,31",385,"39,49",10,375,"38,46"
315670,SABARÁ,MG,11/2022,1044,768,"73,56",722,46,"94,01",276,"26,44",3,273,"26,15"
315670,SABARÁ,MG,09/2022,1043,667,"63,95",596,71,"89,36",376,"36,05",41,335,"32,12"
315680,SABINÓPOLIS,MG,09/2022,244,114,"46,72",110,4,"96,49",130,"53,28",5,125,"51,23"
315680,SABINÓPOLIS,MG,11/2022,252,126,"50,00",116,10,"92,06",126,"50,00",0,126,"50,00"
315680,SABINÓPOLIS,MG,07/2022,237,89,"37,55",83,6,"93,26",148,"62,45",25,123,"51,90"
315690,SACRAMENTO,MG,07/2022,156,52,"33,33",38,14,"73,08",104,"66,67",8,96,"61,54"
315690,SACRAMENTO,MG,11/2022,168,71,"42,26",45,26,"63,38",97,"57,74",2,95,"56,55"
315690,SACRAMENTO,MG,09/2022,182,74,"40,66",47,27,"63,51",108,"59,34",4,104,"57,14"
315700,SALINAS,MG,09/2022,639,551,"86,23",458,93,"83,12",88,"13,77",1,87,"13,62"
315700,SALINAS,MG,11/2022,620,512,"82,58",370,142,"72,27",108,"17,42",0,108,"17,42"
315700,SALINAS,MG,07/2022,605,528,"87,27",479,49,"90,72",77,"12,73",0,77,"12,73"
315710,SALTO DA DIVISA,MG,07/2022,147,108,"73,47",98,10,"90,74",39,"26,53",0,39,"26,53"
315710,SALTO DA DIVISA,MG,11/2022,146,107,"73,29",88,19,"82,24",39,"26,71",4,35,"23,97"
315710,SALTO DA DIVISA,MG,09/2022,157,109,"69,43",96,13,"88,07",48,"30,57",7,41,"26,11"
315720,SANTA BÁRBARA,MG,09/2022,356,265,"74,44",226,39,"85,28",91,"25,56",6,85,"23,88"
315720,SANTA BÁRBARA,MG,11/2022,339,251,"74,04",224,27,"89,24",88,"25,96",1,87,"25,66"
315720,SANTA BÁRBARA,MG,07/2022,324,224,"69,14",199,25,"88,84",100,"30,86",31,69,"21,30"
315725,SANTA BÁRBARA DO LESTE,MG,07/2022,165,152,"92,12",152,0,"100,00",13,"7,88",0,13,"7,88"
315725,SANTA BÁRBARA DO LESTE,MG,11/2022,167,150,"89,82",136,14,"90,67",17,"10,18",0,17,"10,18"
315725,SANTA BÁRBARA DO LESTE,MG,09/2022,174,159,"91,38",159,0,"100,00",15,"8,62",0,15,"8,62"
315727,SANTA BÁRBARA DO MONTE VERDE,MG,09/2022,45,32,"71,11",25,7,"78,13",13,"28,89",0,13,"28,89"
315727,SANTA BÁRBARA DO MONTE VERDE,MG,11/2022,45,33,"73,33",27,6,"81,82",12,"26,67",0,12,"26,67"
315727,SANTA BÁRBARA DO MONTE VERDE,MG,07/2022,44,33,"75,00",31,2,"93,94",11,"25,00",1,10,"22,73"
315730,SANTA BÁRBARA DO TUGÚRIO,MG,07/2022,45,38,"84,44",38,0,"100,00",7,"15,56",1,6,"13,33"
315730,SANTA BÁRBARA DO TUGÚRIO,MG,11/2022,43,5,"11,63",4,1,"80,00",38,"88,37",34,4,"9,30"
315730,SANTA BÁRBARA DO TUGÚRIO,MG,09/2022,44,5,"11,36",4,1,"80,00",39,"88,64",32,7,"15,91"
315733,SANTA CRUZ DE MINAS,MG,09/2022,69,17,"24,64",17,0,"100,00",52,"75,36",0,52,"75,36"
315733,SANTA CRUZ DE MINAS,MG,11/2022,73,14,"19,18",14,0,"100,00",59,"80,82",0,59,"80,82"
315733,SANTA CRUZ DE MINAS,MG,07/2022,71,11,"15,49",11,0,"100,00",60,"84,51",9,51,"71,83"
315737,SANTA CRUZ DE SALINAS,MG,07/2022,107,90,"84,11",76,14,"84,44",17,"15,89",10,7,"6,54"
315737,SANTA CRUZ DE SALINAS,MG,11/2022,106,98,"92,45",76,22,"77,55",8,"7,55",1,7,"6,60"
315737,SANTA CRUZ DE SALINAS,MG,09/2022,104,97,"93,27",83,14,"85,57",7,"6,73",1,6,"5,77"
315740,SANTA CRUZ DO ESCALVADO,MG,09/2022,75,59,"78,67",57,2,"96,61",16,"21,33",0,16,"21,33"
315740,SANTA CRUZ DO ESCALVADO,MG,11/2022,70,56,"80,00",49,7,"87,50",14,"20,00",0,14,"20,00"
315740,SANTA CRUZ DO ESCALVADO,MG,07/2022,73,55,"75,34",52,3,"94,55",18,"24,66",1,17,"23,29"
315750,SANTA EFIGÊNIA DE MINAS,MG,07/2022,85,50,"58,82",34,16,"68,00",35,"41,18",1,34,"40,00"
315750,SANTA EFIGÊNIA DE MINAS,MG,11/2022,85,53,"62,35",49,4,"92,45",32,"37,65",1,31,"36,47"
315750,SANTA EFIGÊNIA DE MINAS,MG,09/2022,88,52,"59,09",48,4,"92,31",36,"40,91",2,34,"38,64"
315760,SANTA FÉ DE MINAS,MG,09/2022,78,65,"83,33",64,1,"98,46",13,"16,67",1,12,"15,38"
315760,SANTA FÉ DE MINAS,MG,11/2022,80,69,"86,25",67,2,"97,10",11,"13,75",0,11,"13,75"
315760,SANTA FÉ DE MINAS,MG,07/2022,86,65,"75,58",63,2,"96,92",21,"24,42",12,9,"10,47"
315765,SANTA HELENA DE MINAS,MG,07/2022,218,185,"84,86",185,0,"100,00",33,"15,14",2,31,"14,22"
315765,SANTA HELENA DE MINAS,MG,11/2022,219,198,"90,41",198,0,"100,00",21,"9,59",12,9,"4,11"
315765,SANTA HELENA DE MINAS,MG,09/2022,211,0,"0,00",0,0,,211,"100,00",181,30,"14,22"
315770,SANTA JULIANA,MG,09/2022,101,60,"59,41",60,0,"100,00",41,"40,59",1,40,"39,60"
315770,SANTA JULIANA,MG,11/2022,111,71,"63,96",71,0,"100,00",40,"36,04",1,39,"35,14"
315770,SANTA JULIANA,MG,07/2022,86,0,"0,00",0,0,,86,"100,00",45,41,"47,67"
315780,SANTA LUZIA,MG,07/2022,2477,2129,"85,95",1914,215,"89,90",348,"14,05",9,339,"13,69"
315780,SANTA LUZIA,MG,11/2022,2441,1651,"67,64",1524,127,"92,31",790,"32,36",8,782,"32,04"
315780,SANTA LUZIA,MG,09/2022,2621,1797,"68,56",1623,174,"90,32",824,"31,44",56,768,"29,30"
315790,SANTA MARGARIDA,MG,09/2022,337,311,"92,28",309,2,"99,36",26,"7,72",0,26,"7,72"
315790,SANTA MARGARIDA,MG,11/2022,328,321,"97,87",320,1,"99,69",7,"2,13",0,7,"2,13"
315790,SANTA MARGARIDA,MG,07/2022,326,182,"55,83",169,13,"92,86",144,"44,17",0,144,"44,17"
315800,SANTA MARIA DE ITABIRA,MG,07/2022,106,98,"92,45",91,7,"92,86",8,"7,55",2,6,"5,66"
315800,SANTA MARIA DE ITABIRA,MG,11/2022,101,101,"100,00",89,12,"88,12",0,"0,00",0,0,"0,00"
315800,SANTA MARIA DE ITABIRA,MG,09/2022,110,105,"95,45",92,13,"87,62",5,"4,55",0,5,"4,55"
315810,SANTA MARIA DO SALTO,MG,09/2022,120,92,"76,67",89,3,"96,74",28,"23,33",0,28,"23,33"
315810,SANTA MARIA DO SALTO,MG,11/2022,117,90,"76,92",87,3,"96,67",27,"23,08",0,27,"23,08"
315810,SANTA MARIA DO SALTO,MG,07/2022,113,76,"67,26",69,7,"90,79",37,"32,74",0,37,"32,74"
315820,SANTA MARIA DO SUAÇUÍ,MG,07/2022,270,266,"98,52",266,0,"100,00",4,"1,48",1,3,"1,11"
315820,SANTA MARIA DO SUAÇUÍ,MG,11/2022,261,248,"95,02",248,0,"100,00",13,"4,98",0,13,"4,98"
315820,SANTA MARIA DO SUAÇUÍ,MG,09/2022,276,263,"95,29",262,1,"99,62",13,"4,71",2,11,"3,99"
315830,SANTANA DA VARGEM,MG,09/2022,62,8,"12,90",2,6,"25,00",54,"87,10",50,4,"6,45"
315830,SANTANA DA VARGEM,MG,11/2022,63,8,"12,70",4,4,"50,00",55,"87,30",50,5,"7,94"
315830,SANTANA DA VARGEM,MG,07/2022,63,55,"87,30",53,2,"96,36",8,"12,70",3,5,"7,94"
315840,SANTANA DE CATAGUASES,MG,07/2022,41,28,"68,29",28,0,"100,00",13,"31,71",0,13,"31,71"
315840,SANTANA DE CATAGUASES,MG,11/2022,35,3,"8,57",1,2,"33,33",32,"91,43",22,10,"28,57"
315840,SANTANA DE CATAGUASES,MG,09/2022,43,30,"69,77",30,0,"100,00",13,"30,23",1,12,"27,91"
315850,SANTANA DE PIRAPAMA,MG,09/2022,139,127,"91,37",127,0,"100,00",12,"8,63",0,12,"8,63"
315850,SANTANA DE PIRAPAMA,MG,11/2022,126,117,"92,86",117,0,"100,00",9,"7,14",0,9,"7,14"
315850,SANTANA DE PIRAPAMA,MG,07/2022,128,83,"64,84",83,0,"100,00",45,"35,16",34,11,"8,59"
315860,SANTANA DO DESERTO,MG,07/2022,40,32,"80,00",32,0,"100,00",8,"20,00",0,8,"20,00"
315860,SANTANA DO DESERTO,MG,11/2022,39,34,"87,18",23,11,"67,65",5,"12,82",0,5,"12,82"
315860,SANTANA DO DESERTO,MG,09/2022,40,33,"82,50",33,0,"100,00",7,"17,50",0,7,"17,50"
315870,SANTANA DO GARAMBÉU,MG,09/2022,43,40,"93,02",40,0,"100,00",3,"6,98",1,2,"4,65"
315870,SANTANA DO GARAMBÉU,MG,11/2022,41,38,"92,68",35,3,"92,11",3,"7,32",1,2,"4,88"
315870,SANTANA DO GARAMBÉU,MG,07/2022,41,6,"14,63",0,6,"0,00",35,"85,37",33,2,"4,88"
315880,SANTANA DO JACARÉ,MG,07/2022,44,40,"90,91",39,1,"97,50",4,"9,09",1,3,"6,82"
315880,SANTANA DO JACARÉ,MG,11/2022,47,46,"97,87",42,4,"91,30",1,"2,13",0,1,"2,13"
315880,SANTANA DO JACARÉ,MG,09/2022,46,44,"95,65",42,2,"95,45",2,"4,35",0,2,"4,35"
315890,SANTANA DO MANHUAÇU,MG,09/2022,181,160,"88,40",160,0,"100,00",21,"11,60",0,21,"11,60"
315890,SANTANA DO MANHUAÇU,MG,11/2022,182,159,"87,36",159,0,"100,00",23,"12,64",1,22,"12,09"
315890,SANTANA DO MANHUAÇU,MG,07/2022,168,8,"4,76",8,0,"100,00",160,"95,24",138,22,"13,10"
315895,SANTANA DO PARAÍSO,MG,07/2022,328,191,"58,23",152,39,"79,58",137,"41,77",4,133,"40,55"
315895,SANTANA DO PARAÍSO,MG,11/2022,343,216,"62,97",175,41,"81,02",127,"37,03",3,124,"36,15"
315895,SANTANA DO PARAÍSO,MG,09/2022,350,163,"46,57",133,30,"81,60",187,"53,43",54,133,"38,00"
315900,SANTANA DO RIACHO,MG,09/2022,65,13,"20,00",9,4,"69,23",52,"80,00",43,9,"13,85"
315900,SANTANA DO RIACHO,MG,11/2022,59,48,"81,36",41,7,"85,42",11,"18,64",4,7,"11,86"
315900,SANTANA DO RIACHO,MG,07/2022,69,56,"81,16",50,6,"89,29",13,"18,84",1,12,"17,39"
315910,SANTANA DOS MONTES,MG,07/2022,62,58,"93,55",51,7,"87,93",4,"6,45",0,4,"6,45"
315910,SANTANA DOS MONTES,MG,11/2022,64,59,"92,19",55,4,"93,22",5,"7,81",1,4,"6,25"
315910,SANTANA DOS MONTES,MG,09/2022,60,53,"88,33",48,5,"90,57",7,"11,67",2,5,"8,33"
315920,SANTA RITA DE CALDAS,MG,09/2022,67,51,"76,12",51,0,"100,00",16,"23,88",1,15,"22,39"
315920,SANTA RITA DE CALDAS,MG,11/2022,67,49,"73,13",49,0,"100,00",18,"26,87",1,17,"25,37"
315920,SANTA RITA DE CALDAS,MG,07/2022,63,47,"74,60",47,0,"100,00",16,"25,40",1,15,"23,81"
315930,SANTA RITA DE JACUTINGA,MG,07/2022,47,39,"82,98",36,3,"92,31",8,"17,02",0,8,"17,02"
315930,SANTA RITA DE JACUTINGA,MG,11/2022,49,6,"12,24",5,1,"83,33",43,"87,76",36,7,"14,29"
315930,SANTA RITA DE JACUTINGA,MG,09/2022,48,5,"10,42",4,1,"80,00",43,"89,58",37,6,"12,50"
315935,SANTA RITA DE MINAS,MG,09/2022,77,43,"55,84",38,5,"88,37",34,"44,16",0,34,"44,16"
315935,SANTA RITA DE MINAS,MG,11/2022,73,47,"64,38",44,3,"93,62",26,"35,62",0,26,"35,62"
315935,SANTA RITA DE MINAS,MG,07/2022,69,42,"60,87",35,7,"83,33",27,"39,13",0,27,"39,13"
315940,SANTA RITA DE IBITIPOCA,MG,07/2022,57,53,"92,98",53,0,"100,00",4,"7,02",0,4,"7,02"
315940,SANTA RITA DE IBITIPOCA,MG,11/2022,50,47,"94,00",47,0,"100,00",3,"6,00",0,3,"6,00"
315940,SANTA RITA DE IBITIPOCA,MG,09/2022,55,52,"94,55",52,0,"100,00",3,"5,45",0,3,"5,45"
315950,SANTA RITA DO ITUETO,MG,09/2022,132,102,"77,27",96,6,"94,12",30,"22,73",0,30,"22,73"
315950,SANTA RITA DO ITUETO,MG,11/2022,129,91,"70,54",80,11,"87,91",38,"29,46",0,38,"29,46"
315950,SANTA RITA DO ITUETO,MG,07/2022,121,94,"77,69",78,16,"82,98",27,"22,31",2,25,"20,66"
315960,SANTA RITA DO SAPUCAÍ,MG,07/2022,272,152,"55,88",145,7,"95,39",120,"44,12",1,119,"43,75"
315960,SANTA RITA DO SAPUCAÍ,MG,11/2022,297,190,"63,97",188,2,"98,95",107,"36,03",2,105,"35,35"
315960,SANTA RITA DO SAPUCAÍ,MG,09/2022,298,146,"48,99",143,3,"97,95",152,"51,01",15,137,"45,97"
315970,SANTA ROSA DA SERRA,MG,09/2022,63,49,"77,78",42,7,"85,71",14,"22,22",0,14,"22,22"
315970,SANTA ROSA DA SERRA,MG,11/2022,50,38,"76,00",35,3,"92,11",12,"24,00",0,12,"24,00"
315970,SANTA ROSA DA SERRA,MG,07/2022,63,54,"85,71",44,10,"81,48",9,"14,29",0,9,"14,29"
315980,SANTA VITÓRIA,MG,07/2022,140,115,"82,14",115,0,"100,00",25,"17,86",1,24,"17,14"
315980,SANTA VITÓRIA,MG,11/2022,162,133,"82,10",129,4,"96,99",29,"17,90",1,28,"17,28"
315980,SANTA VITÓRIA,MG,09/2022,152,108,"71,05",101,7,"93,52",44,"28,95",19,25,"16,45"
315990,SANTO ANTÔNIO DO AMPARO,MG,09/2022,296,271,"91,55",249,22,"91,88",25,"8,45",0,25,"8,45"
315990,SANTO ANTÔNIO DO AMPARO,MG,11/2022,271,168,"61,99",162,6,"96,43",103,"38,01",81,22,"8,12"
315990,SANTO ANTÔNIO DO AMPARO,MG,07/2022,288,249,"86,46",227,22,"91,16",39,"13,54",6,33,"11,46"
316000,SANTO ANTÔNIO DO AVENTUREIRO,MG,07/2022,56,41,"73,21",39,2,"95,12",15,"26,79",0,15,"26,79"
316000,SANTO ANTÔNIO DO AVENTUREIRO,MG,11/2022,58,49,"84,48",42,7,"85,71",9,"15,52",0,9,"15,52"
316000,SANTO ANTÔNIO DO AVENTUREIRO,MG,09/2022,64,47,"73,44",41,6,"87,23",17,"26,56",0,17,"26,56"
316010,SANTO ANTÔNIO DO GRAMA,MG,09/2022,49,43,"87,76",41,2,"95,35",6,"12,24",0,6,"12,24"
316010,SANTO ANTÔNIO DO GRAMA,MG,11/2022,44,42,"95,45",35,7,"83,33",2,"4,55",0,2,"4,55"
316010,SANTO ANTÔNIO DO GRAMA,MG,07/2022,47,41,"87,23",41,0,"100,00",6,"12,77",0,6,"12,77"
316020,SANTO ANTÔNIO DO ITAMBÉ,MG,07/2022,112,93,"83,04",93,0,"100,00",19,"16,96",1,18,"16,07"
316020,SANTO ANTÔNIO DO ITAMBÉ,MG,11/2022,106,91,"85,85",91,0,"100,00",15,"14,15",0,15,"14,15"
316020,SANTO ANTÔNIO DO ITAMBÉ,MG,09/2022,114,95,"83,33",95,0,"100,00",19,"16,67",1,18,"15,79"
316030,SANTO ANTÔNIO DO JACINTO,MG,09/2022,284,0,"0,00",0,0,,284,"100,00",249,35,"12,32"
316030,SANTO ANTÔNIO DO JACINTO,MG,11/2022,271,233,"85,98",232,1,"99,57",38,"14,02",2,36,"13,28"
316030,SANTO ANTÔNIO DO JACINTO,MG,07/2022,279,172,"61,65",172,0,"100,00",107,"38,35",73,34,"12,19"
316040,SANTO ANTÔNIO DO MONTE,MG,07/2022,116,80,"68,97",73,7,"91,25",36,"31,03",0,36,"31,03"
316040,SANTO ANTÔNIO DO MONTE,MG,11/2022,127,72,"56,69",70,2,"97,22",55,"43,31",0,55,"43,31"
316040,SANTO ANTÔNIO DO MONTE,MG,09/2022,121,70,"57,85",61,9,"87,14",51,"42,15",0,51,"42,15"
316045,SANTO ANTÔNIO DO RETIRO,MG,09/2022,250,195,"78,00",192,3,"98,46",55,"22,00",1,54,"21,60"
316045,SANTO ANTÔNIO DO RETIRO,MG,11/2022,212,173,"81,60",169,4,"97,69",39,"18,40",1,38,"17,92"
316045,SANTO ANTÔNIO DO RETIRO,MG,07/2022,235,191,"81,28",177,14,"92,67",44,"18,72",1,43,"18,30"
316050,SANTO ANTÔNIO DO RIO ABAIXO,MG,07/2022,39,38,"97,44",38,0,"100,00",1,"2,56",1,0,"0,00"
316050,SANTO ANTÔNIO DO RIO ABAIXO,MG,11/2022,41,40,"97,56",40,0,"100,00",1,"2,44",0,1,"2,44"
316050,SANTO ANTÔNIO DO RIO ABAIXO,MG,09/2022,44,43,"97,73",43,0,"100,00",1,"2,27",0,1,"2,27"
316060,SANTO HIPÓLITO,MG,09/2022,65,50,"76,92",46,4,"92,00",15,"23,08",0,15,"23,08"
316060,SANTO HIPÓLITO,MG,11/2022,58,46,"79,31",41,5,"89,13",12,"20,69",0,12,"20,69"
316060,SANTO HIPÓLITO,MG,07/2022,65,51,"78,46",45,6,"88,24",14,"21,54",2,12,"18,46"
316070,SANTOS DUMONT,MG,07/2022,440,228,"51,82",209,19,"91,67",212,"48,18",1,211,"47,95"
316070,SANTOS DUMONT,MG,11/2022,463,304,"65,66",241,63,"79,28",159,"34,34",0,159,"34,34"
316070,SANTOS DUMONT,MG,09/2022,475,310,"65,26",258,52,"83,23",165,"34,74",0,165,"34,74"
316080,SÃO BENTO ABADE,MG,09/2022,51,45,"88,24",34,11,"75,56",6,"11,76",2,4,"7,84"
316080,SÃO BENTO ABADE,MG,11/2022,54,52,"96,30",39,13,"75,00",2,"3,70",0,2,"3,70"
316080,SÃO BENTO ABADE,MG,07/2022,52,44,"84,62",33,11,"75,00",8,"15,38",0,8,"15,38"
316090,SÃO BRÁS DO SUAÇUÍ,MG,07/2022,29,6,"20,69",6,0,"100,00",23,"79,31",0,23,"79,31"
316090,SÃO BRÁS DO SUAÇUÍ,MG,11/2022,32,9,"28,13",7,2,"77,78",23,"71,88",0,23,"71,88"
316090,SÃO BRÁS DO SUAÇUÍ,MG,09/2022,34,7,"20,59",7,0,"100,00",27,"79,41",3,24,"70,59"
316095,SÃO DOMINGOS DAS DORES,MG,09/2022,123,117,"95,12",117,0,"100,00",6,"4,88",0,6,"4,88"
316095,SÃO DOMINGOS DAS DORES,MG,11/2022,127,120,"94,49",120,0,"100,00",7,"5,51",0,7,"5,51"
316095,SÃO DOMINGOS DAS DORES,MG,07/2022,112,107,"95,54",107,0,"100,00",5,"4,46",0,5,"4,46"
316100,SÃO DOMINGOS DO PRATA,MG,07/2022,164,129,"78,66",120,9,"93,02",35,"21,34",28,7,"4,27"
316100,SÃO DOMINGOS DO PRATA,MG,11/2022,168,154,"91,67",152,2,"98,70",14,"8,33",2,12,"7,14"
316100,SÃO DOMINGOS DO PRATA,MG,09/2022,173,125,"72,25",112,13,"89,60",48,"27,75",37,11,"6,36"
316105,SÃO FÉLIX DE MINAS,MG,09/2022,60,52,"86,67",51,1,"98,08",8,"13,33",0,8,"13,33"
316105,SÃO FÉLIX DE MINAS,MG,11/2022,58,58,"100,00",48,10,"82,76",0,"0,00",0,0,"0,00"
316105,SÃO FÉLIX DE MINAS,MG,07/2022,60,50,"83,33",48,2,"96,00",10,"16,67",0,10,"16,67"
316110,SÃO FRANCISCO,MG,07/2022,1303,1086,"83,35",1042,44,"95,95",217,"16,65",17,200,"15,35"
316110,SÃO FRANCISCO,MG,11/2022,1311,1126,"85,89",1063,63,"94,40",185,"14,11",9,176,"13,42"
316110,SÃO FRANCISCO,MG,09/2022,1329,1166,"87,74",1088,78,"93,31",163,"12,26",7,156,"11,74"
316120,SÃO FRANCISCO DE PAULA,MG,09/2022,53,45,"84,91",43,2,"95,56",8,"15,09",0,8,"15,09"
316120,SÃO FRANCISCO DE PAULA,MG,11/2022,46,39,"84,78",35,4,"89,74",7,"15,22",0,7,"15,22"
316120,SÃO FRANCISCO DE PAULA,MG,07/2022,42,37,"88,10",29,8,"78,38",5,"11,90",0,5,"11,90"
316130,SÃO FRANCISCO DE SALES,MG,07/2022,65,34,"52,31",34,0,"100,00",31,"47,69",1,30,"46,15"
316130,SÃO FRANCISCO DE SALES,MG,11/2022,78,73,"93,59",73,0,"100,00",5,"6,41",0,5,"6,41"
316130,SÃO FRANCISCO DE SALES,MG,09/2022,73,39,"53,42",39,0,"100,00",34,"46,58",0,34,"46,58"
316140,SÃO FRANCISCO DO GLÓRIA,MG,09/2022,56,39,"69,64",39,0,"100,00",17,"30,36",1,16,"28,57"
316140,SÃO FRANCISCO DO GLÓRIA,MG,11/2022,43,32,"74,42",29,3,"90,63",11,"25,58",0,11,"25,58"
316140,SÃO FRANCISCO DO GLÓRIA,MG,07/2022,53,37,"69,81",35,2,"94,59",16,"30,19",0,16,"30,19"
316150,SÃO GERALDO,MG,07/2022,91,54,"59,34",46,8,"85,19",37,"40,66",0,37,"40,66"
316150,SÃO GERALDO,MG,11/2022,103,54,"52,43",54,0,"100,00",49,"47,57",1,48,"46,60"
316150,SÃO GERALDO,MG,09/2022,104,54,"51,92",54,0,"100,00",50,"48,08",1,49,"47,12"
316160,SÃO GERALDO DA PIEDADE,MG,09/2022,77,41,"53,25",32,9,"78,05",36,"46,75",2,34,"44,16"
316160,SÃO GERALDO DA PIEDADE,MG,11/2022,89,41,"46,07",33,8,"80,49",48,"53,93",2,46,"51,69"
316160,SÃO GERALDO DA PIEDADE,MG,07/2022,81,40,"49,38",26,14,"65,00",41,"50,62",10,31,"38,27"
316165,SÃO GERALDO DO BAIXIO,MG,07/2022,59,45,"76,27",39,6,"86,67",14,"23,73",2,12,"20,34"
316165,SÃO GERALDO DO BAIXIO,MG,11/2022,57,49,"85,96",49,0,"100,00",8,"14,04",1,7,"12,28"
316165,SÃO GERALDO DO BAIXIO,MG,09/2022,56,46,"82,14",46,0,"100,00",10,"17,86",0,10,"17,86"
316170,SÃO GONÇALO DO ABAETÉ,MG,09/2022,78,54,"69,23",36,18,"66,67",24,"30,77",0,24,"30,77"
316170,SÃO GONÇALO DO ABAETÉ,MG,11/2022,79,64,"81,01",53,11,"82,81",15,"18,99",0,15,"18,99"
316170,SÃO GONÇALO DO ABAETÉ,MG,07/2022,79,57,"72,15",47,10,"82,46",22,"27,85",1,21,"26,58"
316180,SÃO GONÇALO DO PARÁ,MG,07/2022,90,52,"57,78",49,3,"94,23",38,"42,22",0,38,"42,22"
316180,SÃO GONÇALO DO PARÁ,MG,11/2022,86,50,"58,14",48,2,"96,00",36,"41,86",0,36,"41,86"
316180,SÃO GONÇALO DO PARÁ,MG,09/2022,91,41,"45,05",25,16,"60,98",50,"54,95",12,38,"41,76"
316190,SÃO GONÇALO DO RIO ABAIXO,MG,09/2022,130,123,"94,62",120,3,"97,56",7,"5,38",0,7,"5,38"
316190,SÃO GONÇALO DO RIO ABAIXO,MG,11/2022,132,122,"92,42",120,2,"98,36",10,"7,58",0,10,"7,58"
316190,SÃO GONÇALO DO RIO ABAIXO,MG,07/2022,128,121,"94,53",118,3,"97,52",7,"5,47",0,7,"5,47"
316200,SÃO GONÇALO DO SAPUCAÍ,MG,07/2022,243,167,"68,72",149,18,"89,22",76,"31,28",6,70,"28,81"
316200,SÃO GONÇALO DO SAPUCAÍ,MG,11/2022,247,69,"27,94",60,9,"86,96",178,"72,06",93,85,"34,41"
316200,SÃO GONÇALO DO SAPUCAÍ,MG,09/2022,265,174,"65,66",166,8,"95,40",91,"34,34",0,91,"34,34"
316210,SÃO GOTARDO,MG,09/2022,286,132,"46,15",130,2,"98,48",154,"53,85",1,153,"53,50"
316210,SÃO GOTARDO,MG,11/2022,299,138,"46,15",138,0,"100,00",161,"53,85",1,160,"53,51"
316210,SÃO GOTARDO,MG,07/2022,241,120,"49,79",120,0,"100,00",121,"50,21",5,116,"48,13"
316220,SÃO JOÃO BATISTA DO GLÓRIA,MG,07/2022,26,23,"88,46",19,4,"82,61",3,"11,54",0,3,"11,54"
316220,SÃO JOÃO BATISTA DO GLÓRIA,MG,11/2022,31,30,"96,77",23,7,"76,67",1,"3,23",0,1,"3,23"
316220,SÃO JOÃO BATISTA DO GLÓRIA,MG,09/2022,30,28,"93,33",24,4,"85,71",2,"6,67",0,2,"6,67"
316225,SÃO JOÃO DA LAGOA,MG,09/2022,82,75,"91,46",67,8,"89,33",7,"8,54",1,6,"7,32"
316225,SÃO JOÃO DA LAGOA,MG,11/2022,83,77,"92,77",70,7,"90,91",6,"7,23",0,6,"7,23"
316225,SÃO JOÃO DA LAGOA,MG,07/2022,84,74,"88,10",66,8,"89,19",10,"11,90",0,10,"11,90"
316230,SÃO JOÃO DA MATA,MG,07/2022,35,18,"51,43",16,2,"88,89",17,"48,57",3,14,"40,00"
316230,SÃO JOÃO DA MATA,MG,11/2022,40,30,"75,00",29,1,"96,67",10,"25,00",0,10,"25,00"
316230,SÃO JOÃO DA MATA,MG,09/2022,39,24,"61,54",19,5,"79,17",15,"38,46",0,15,"38,46"
316240,SÃO JOÃO DA PONTE,MG,09/2022,600,466,"77,67",453,13,"97,21",134,"22,33",22,112,"18,67"
316240,SÃO JOÃO DA PONTE,MG,11/2022,569,444,"78,03",444,0,"100,00",125,"21,97",6,119,"20,91"
316240,SÃO JOÃO DA PONTE,MG,07/2022,594,535,"90,07",533,2,"99,63",59,"9,93",30,29,"4,88"
316245,SÃO JOÃO DAS MISSÕES,MG,07/2022,401,287,"71,57",230,57,"80,14",114,"28,43",18,96,"23,94"
316245,SÃO JOÃO DAS MISSÕES,MG,11/2022,394,292,"74,11",242,50,"82,88",102,"25,89",0,102,"25,89"
316245,SÃO JOÃO DAS MISSÕES,MG,09/2022,419,289,"68,97",250,39,"86,51",130,"31,03",28,102,"24,34"
316250,SÃO JOÃO DEL REI,MG,09/2022,638,373,"58,46",366,7,"98,12",265,"41,54",2,263,"41,22"
316250,SÃO JOÃO DEL REI,MG,11/2022,632,375,"59,34",368,7,"98,13",257,"40,66",1,256,"40,51"
316250,SÃO JOÃO DEL REI,MG,07/2022,598,310,"51,84",237,73,"76,45",288,"48,16",26,262,"43,81"
316255,SÃO JOÃO DO MANHUAÇU,MG,07/2022,237,214,"90,30",214,0,"100,00",23,"9,70",0,23,"9,70"
316255,SÃO JOÃO DO MANHUAÇU,MG,11/2022,235,214,"91,06",214,0,"100,00",21,"8,94",0,21,"8,94"
316255,SÃO JOÃO DO MANHUAÇU,MG,09/2022,247,225,"91,09",225,0,"100,00",22,"8,91",0,22,"8,91"
316257,SÃO JOÃO DO MANTENINHA,MG,09/2022,75,69,"92,00",69,0,"100,00",6,"8,00",0,6,"8,00"
316257,SÃO JOÃO DO MANTENINHA,MG,11/2022,77,72,"93,51",72,0,"100,00",5,"6,49",0,5,"6,49"
316257,SÃO JOÃO DO MANTENINHA,MG,07/2022,68,60,"88,24",60,0,"100,00",8,"11,76",0,8,"11,76"
316260,SÃO JOÃO DO ORIENTE,MG,07/2022,152,143,"94,08",143,0,"100,00",9,"5,92",0,9,"5,92"
316260,SÃO JOÃO DO ORIENTE,MG,11/2022,168,154,"91,67",154,0,"100,00",14,"8,33",0,14,"8,33"
316260,SÃO JOÃO DO ORIENTE,MG,09/2022,164,150,"91,46",150,0,"100,00",14,"8,54",1,13,"7,93"
316265,SÃO JOÃO DO PACUÍ,MG,09/2022,84,78,"92,86",65,13,"83,33",6,"7,14",0,6,"7,14"
316265,SÃO JOÃO DO PACUÍ,MG,11/2022,73,72,"98,63",62,10,"86,11",1,"1,37",0,1,"1,37"
316265,SÃO JOÃO DO PACUÍ,MG,07/2022,88,69,"78,41",61,8,"88,41",19,"21,59",0,19,"21,59"
316270,SÃO JOÃO DO PARAÍSO,MG,07/2022,356,256,"71,91",240,16,"93,75",100,"28,09",4,96,"26,97"
316270,SÃO JOÃO DO PARAÍSO,MG,11/2022,364,306,"84,07",303,3,"99,02",58,"15,93",1,57,"15,66"
316270,SÃO JOÃO DO PARAÍSO,MG,09/2022,388,279,"71,91",278,1,"99,64",109,"28,09",1,108,"27,84"
316280,SÃO JOÃO EVANGELISTA,MG,09/2022,331,271,"81,87",266,5,"98,15",60,"18,13",3,57,"17,22"
316280,SÃO JOÃO EVANGELISTA,MG,11/2022,300,245,"81,67",244,1,"99,59",55,"18,33",1,54,"18,00"
316280,SÃO JOÃO EVANGELISTA,MG,07/2022,319,245,"76,80",235,10,"95,92",74,"23,20",30,44,"13,79"
316290,SÃO JOÃO NEPOMUCENO,MG,07/2022,237,25,"10,55",0,25,"0,00",212,"89,45",209,3,"1,27"
316290,SÃO JOÃO NEPOMUCENO,MG,11/2022,269,261,"97,03",261,0,"100,00",8,"2,97",3,5,"1,86"
316290,SÃO JOÃO NEPOMUCENO,MG,09/2022,267,259,"97,00",259,0,"100,00",8,"3,00",4,4,"1,50"
316292,SÃO JOAQUIM DE BICAS,MG,09/2022,467,37,"7,92",30,7,"81,08",430,"92,08",207,223,"47,75"
316292,SÃO JOAQUIM DE BICAS,MG,11/2022,486,232,"47,74",216,16,"93,10",254,"52,26",9,245,"50,41"
316292,SÃO JOAQUIM DE BICAS,MG,07/2022,412,23,"5,58",19,4,"82,61",389,"94,42",191,198,"48,06"
316294,SÃO JOSÉ DA BARRA,MG,07/2022,47,38,"80,85",22,16,"57,89",9,"19,15",0,9,"19,15"
316294,SÃO JOSÉ DA BARRA,MG,11/2022,46,38,"82,61",24,14,"63,16",8,"17,39",0,8,"17,39"
316294,SÃO JOSÉ DA BARRA,MG,09/2022,44,36,"81,82",25,11,"69,44",8,"18,18",0,8,"18,18"
316295,SÃO JOSÉ DA LAPA,MG,09/2022,267,228,"85,39",215,13,"94,30",39,"14,61",6,33,"12,36"
316295,SÃO JOSÉ DA LAPA,MG,11/2022,267,226,"84,64",205,21,"90,71",41,"15,36",2,39,"14,61"
316295,SÃO JOSÉ DA LAPA,MG,07/2022,259,180,"69,50",138,42,"76,67",79,"30,50",22,57,"22,01"
316300,SÃO JOSÉ DA SAFIRA,MG,07/2022,111,75,"67,57",72,3,"96,00",36,"32,43",0,36,"32,43"
316300,SÃO JOSÉ DA SAFIRA,MG,11/2022,102,66,"64,71",66,0,"100,00",36,"35,29",0,36,"35,29"
316300,SÃO JOSÉ DA SAFIRA,MG,09/2022,116,77,"66,38",73,4,"94,81",39,"33,62",0,39,"33,62"
316310,SÃO JOSÉ DA VARGINHA,MG,09/2022,54,46,"85,19",46,0,"100,00",8,"14,81",0,8,"14,81"
316310,SÃO JOSÉ DA VARGINHA,MG,11/2022,53,46,"86,79",46,0,"100,00",7,"13,21",0,7,"13,21"
316310,SÃO JOSÉ DA VARGINHA,MG,07/2022,51,43,"84,31",43,0,"100,00",8,"15,69",1,7,"13,73"
316320,SÃO JOSÉ DO ALEGRE,MG,07/2022,40,26,"65,00",23,3,"88,46",14,"35,00",2,12,"30,00"
316320,SÃO JOSÉ DO ALEGRE,MG,11/2022,34,26,"76,47",25,1,"96,15",8,"23,53",8,0,"0,00"
316320,SÃO JOSÉ DO ALEGRE,MG,09/2022,34,0,"0,00",0,0,,34,"100,00",24,10,"29,41"
316330,SÃO JOSÉ DO DIVINO,MG,09/2022,75,48,"64,00",48,0,"100,00",27,"36,00",0,27,"36,00"
316330,SÃO JOSÉ DO DIVINO,MG,11/2022,77,56,"72,73",56,0,"100,00",21,"27,27",0,21,"27,27"
316330,SÃO JOSÉ DO DIVINO,MG,07/2022,76,53,"69,74",50,3,"94,34",23,"30,26",0,23,"30,26"
316340,SÃO JOSÉ DO GOIABAL,MG,07/2022,78,71,"91,03",67,4,"94,37",7,"8,97",0,7,"8,97"
316340,SÃO JOSÉ DO GOIABAL,MG,11/2022,79,73,"92,41",73,0,"100,00",6,"7,59",0,6,"7,59"
316340,SÃO JOSÉ DO GOIABAL,MG,09/2022,84,75,"89,29",75,0,"100,00",9,"10,71",0,9,"10,71"
316350,SÃO JOSÉ DO JACURI,MG,09/2022,150,126,"84,00",118,8,"93,65",24,"16,00",1,23,"15,33"
316350,SÃO JOSÉ DO JACURI,MG,11/2022,148,127,"85,81",124,3,"97,64",21,"14,19",1,20,"13,51"
316350,SÃO JOSÉ DO JACURI,MG,07/2022,143,134,"93,71",131,3,"97,76",9,"6,29",4,5,"3,50"
316360,SÃO JOSÉ DO MANTIMENTO,MG,07/2022,45,35,"77,78",27,8,"77,14",10,"22,22",0,10,"22,22"
316360,SÃO JOSÉ DO MANTIMENTO,MG,11/2022,48,38,"79,17",36,2,"94,74",10,"20,83",1,9,"18,75"
316360,SÃO JOSÉ DO MANTIMENTO,MG,09/2022,46,35,"76,09",35,0,"100,00",11,"23,91",0,11,"23,91"
316370,SÃO LOURENÇO,MG,09/2022,349,318,"91,12",314,4,"98,74",31,"8,88",4,27,"7,74"
316370,SÃO LOURENÇO,MG,11/2022,336,283,"84,23",255,28,"90,11",53,"15,77",35,18,"5,36"
316370,SÃO LOURENÇO,MG,07/2022,327,125,"38,23",108,17,"86,40",202,"61,77",79,123,"37,61"
316380,SÃO MIGUEL DO ANTA,MG,07/2022,141,126,"89,36",126,0,"100,00",15,"10,64",0,15,"10,64"
316380,SÃO MIGUEL DO ANTA,MG,11/2022,136,116,"85,29",113,3,"97,41",20,"14,71",0,20,"14,71"
316380,SÃO MIGUEL DO ANTA,MG,09/2022,147,134,"91,16",118,16,"88,06",13,"8,84",0,13,"8,84"
316390,SÃO PEDRO DA UNIÃO,MG,09/2022,49,41,"83,67",34,7,"82,93",8,"16,33",0,8,"16,33"
316390,SÃO PEDRO DA UNIÃO,MG,11/2022,47,42,"89,36",41,1,"97,62",5,"10,64",0,5,"10,64"
316390,SÃO PEDRO DA UNIÃO,MG,07/2022,47,41,"87,23",32,9,"78,05",6,"12,77",0,6,"12,77"
316400,SÃO PEDRO DOS FERROS,MG,07/2022,85,53,"62,35",51,2,"96,23",32,"37,65",1,31,"36,47"
316400,SÃO PEDRO DOS FERROS,MG,11/2022,91,54,"59,34",54,0,"100,00",37,"40,66",1,36,"39,56"
316400,SÃO PEDRO DOS FERROS,MG,09/2022,88,54,"61,36",54,0,"100,00",34,"38,64",0,34,"38,64"
316410,SÃO PEDRO DO SUAÇUÍ,MG,09/2022,126,102,"80,95",100,2,"98,04",24,"19,05",0,24,"19,05"
316410,SÃO PEDRO DO SUAÇUÍ,MG,11/2022,122,94,"77,05",91,3,"96,81",28,"22,95",0,28,"22,95"
316410,SÃO PEDRO DO SUAÇUÍ,MG,07/2022,121,101,"83,47",97,4,"96,04",20,"16,53",1,19,"15,70"
316420,SÃO ROMÃO,MG,07/2022,202,156,"77,23",154,2,"98,72",46,"22,77",19,27,"13,37"
316420,SÃO ROMÃO,MG,11/2022,192,182,"94,79",179,3,"98,35",10,"5,21",1,9,"4,69"
316420,SÃO ROMÃO,MG,09/2022,202,177,"87,62",177,0,"100,00",25,"12,38",0,25,"12,38"
316430,SÃO ROQUE DE MINAS,MG,09/2022,58,43,"74,14",32,11,"74,42",15,"25,86",0,15,"25,86"
316430,SÃO ROQUE DE MINAS,MG,11/2022,46,34,"73,91",34,0,"100,00",12,"26,09",0,12,"26,09"
316430,SÃO ROQUE DE MINAS,MG,07/2022,59,39,"66,10",31,8,"79,49",20,"33,90",2,18,"30,51"
316440,SÃO SEBASTIÃO DA BELA VISTA,MG,07/2022,51,41,"80,39",38,3,"92,68",10,"19,61",2,8,"15,69"
316440,SÃO SEBASTIÃO DA BELA VISTA,MG,11/2022,54,42,"77,78",42,0,"100,00",12,"22,22",0,12,"22,22"
316440,SÃO SEBASTIÃO DA BELA VISTA,MG,09/2022,48,36,"75,00",36,0,"100,00",12,"25,00",0,12,"25,00"
316443,SÃO SEBASTIÃO DA VARGEM ALEGRE,MG,09/2022,36,29,"80,56",25,4,"86,21",7,"19,44",0,7,"19,44"
316443,SÃO SEBASTIÃO DA VARGEM ALEGRE,MG,11/2022,35,28,"80,00",23,5,"82,14",7,"20,00",1,6,"17,14"
316443,SÃO SEBASTIÃO DA VARGEM ALEGRE,MG,07/2022,33,26,"78,79",23,3,"88,46",7,"21,21",1,6,"18,18"
316447,SÃO SEBASTIÃO DO ANTA,MG,07/2022,171,154,"90,06",154,0,"100,00",17,"9,94",0,17,"9,94"
316447,SÃO SEBASTIÃO DO ANTA,MG,11/2022,172,115,"66,86",104,11,"90,43",57,"33,14",0,57,"33,14"
316447,SÃO SEBASTIÃO DO ANTA,MG,09/2022,166,121,"72,89",111,10,"91,74",45,"27,11",0,45,"27,11"
316450,SÃO SEBASTIÃO DO MARANHÃO,MG,09/2022,226,188,"83,19",174,14,"92,55",38,"16,81",1,37,"16,37"
316450,SÃO SEBASTIÃO DO MARANHÃO,MG,11/2022,227,183,"80,62",175,8,"95,63",44,"19,38",0,44,"19,38"
316450,SÃO SEBASTIÃO DO MARANHÃO,MG,07/2022,209,64,"30,62",54,10,"84,38",145,"69,38",108,37,"17,70"
316460,SÃO SEBASTIÃO DO OESTE,MG,07/2022,91,62,"68,13",59,3,"95,16",29,"31,87",0,29,"31,87"
316460,SÃO SEBASTIÃO DO OESTE,MG,11/2022,96,68,"70,83",64,4,"94,12",28,"29,17",0,28,"29,17"
316460,SÃO SEBASTIÃO DO OESTE,MG,09/2022,94,67,"71,28",62,5,"92,54",27,"28,72",0,27,"28,72"
316470,SÃO SEBASTIÃO DO PARAÍSO,MG,09/2022,455,284,"62,42",277,7,"97,54",171,"37,58",1,170,"37,36"
316470,SÃO SEBASTIÃO DO PARAÍSO,MG,11/2022,466,286,"61,37",221,65,"77,27",180,"38,63",2,178,"38,20"
316470,SÃO SEBASTIÃO DO PARAÍSO,MG,07/2022,414,255,"61,59",255,0,"100,00",159,"38,41",2,157,"37,92"
316480,SÃO SEBASTIÃO DO RIO PRETO,MG,07/2022,20,10,"50,00",10,0,"100,00",10,"50,00",8,2,"10,00"
316480,SÃO SEBASTIÃO DO RIO PRETO,MG,11/2022,18,18,"100,00",18,0,"100,00",0,"0,00",0,0,"0,00"
316480,SÃO SEBASTIÃO DO RIO PRETO,MG,09/2022,19,18,"94,74",18,0,"100,00",1,"5,26",0,1,"5,26"
316490,SÃO SEBASTIÃO DO RIO VERDE,MG,09/2022,17,15,"88,24",12,3,"80,00",2,"11,76",1,1,"5,88"
316490,SÃO SEBASTIÃO DO RIO VERDE,MG,11/2022,17,14,"82,35",14,0,"100,00",3,"17,65",0,3,"17,65"
316490,SÃO SEBASTIÃO DO RIO VERDE,MG,07/2022,17,15,"88,24",14,1,"93,33",2,"11,76",2,0,"0,00"
316500,SÃO TIAGO,MG,07/2022,72,54,"75,00",29,25,"53,70",18,"25,00",1,17,"23,61"
316500,SÃO TIAGO,MG,11/2022,80,58,"72,50",44,14,"75,86",22,"27,50",0,22,"27,50"
316500,SÃO TIAGO,MG,09/2022,83,61,"73,49",30,31,"49,18",22,"26,51",0,22,"26,51"
316510,SÃO TOMÁS DE AQUINO,MG,09/2022,85,84,"98,82",59,25,"70,24",1,"1,18",0,1,"1,18"
316510,SÃO TOMÁS DE AQUINO,MG,11/2022,78,77,"98,72",77,0,"100,00",1,"1,28",0,1,"1,28"
316510,SÃO TOMÁS DE AQUINO,MG,07/2022,85,79,"92,94",54,25,"68,35",6,"7,06",5,1,"1,18"
316520,SÃO THOMÉ DAS LETRAS,MG,07/2022,77,68,"88,31",68,0,"100,00",9,"11,69",0,9,"11,69"
316520,SÃO THOMÉ DAS LETRAS,MG,11/2022,69,53,"76,81",37,16,"69,81",16,"23,19",8,8,"11,59"
316520,SÃO THOMÉ DAS LETRAS,MG,09/2022,75,51,"68,00",36,15,"70,59",24,"32,00",12,12,"16,00"
316530,SÃO VICENTE DE MINAS,MG,09/2022,58,50,"86,21",49,1,"98,00",8,"13,79",0,8,"13,79"
316530,SÃO VICENTE DE MINAS,MG,11/2022,70,62,"88,57",62,0,"100,00",8,"11,43",0,8,"11,43"
316530,SÃO VICENTE DE MINAS,MG,07/2022,58,50,"86,21",46,4,"92,00",8,"13,79",0,8,"13,79"
316540,SAPUCAÍ-MIRIM,MG,07/2022,52,49,"94,23",33,16,"67,35",3,"5,77",1,2,"3,85"
316540,SAPUCAÍ-MIRIM,MG,11/2022,56,48,"85,71",17,31,"35,42",8,"14,29",0,8,"14,29"
316540,SAPUCAÍ-MIRIM,MG,09/2022,57,52,"91,23",19,33,"36,54",5,"8,77",0,5,"8,77"
316550,SARDOÁ,MG,09/2022,120,81,"67,50",64,17,"79,01",39,"32,50",7,32,"26,67"
316550,SARDOÁ,MG,11/2022,115,80,"69,57",55,25,"68,75",35,"30,43",5,30,"26,09"
316550,SARDOÁ,MG,07/2022,108,60,"55,56",49,11,"81,67",48,"44,44",3,45,"41,67"
316553,SARZEDO,MG,07/2022,250,155,"62,00",151,4,"97,42",95,"38,00",0,95,"38,00"
316553,SARZEDO,MG,11/2022,271,121,"44,65",109,12,"90,08",150,"55,35",48,102,"37,64"
316553,SARZEDO,MG,09/2022,281,171,"60,85",166,5,"97,08",110,"39,15",2,108,"38,43"
316555,SETUBINHA,MG,09/2022,461,328,"71,15",323,5,"98,48",133,"28,85",6,127,"27,55"
316555,SETUBINHA,MG,11/2022,458,346,"75,55",337,9,"97,40",112,"24,45",6,106,"23,14"
316555,SETUBINHA,MG,07/2022,436,308,"70,64",296,12,"96,10",128,"29,36",1,127,"29,13"
316556,SEM-PEIXE,MG,07/2022,35,35,"100,00",35,0,"100,00",0,"0,00",0,0,"0,00"
316556,SEM-PEIXE,MG,11/2022,32,32,"100,00",32,0,"100,00",0,"0,00",0,0,"0,00"
316556,SEM-PEIXE,MG,09/2022,35,35,"100,00",34,1,"97,14",0,"0,00",0,0,"0,00"
316557,SENADOR AMARAL,MG,09/2022,106,90,"84,91",90,0,"100,00",16,"15,09",1,15,"14,15"
316557,SENADOR AMARAL,MG,11/2022,113,81,"71,68",78,3,"96,30",32,"28,32",14,18,"15,93"
316557,SENADOR AMARAL,MG,07/2022,90,76,"84,44",76,0,"100,00",14,"15,56",0,14,"15,56"
316560,SENADOR CORTES,MG,07/2022,27,25,"92,59",22,3,"88,00",2,"7,41",0,2,"7,41"
316560,SENADOR CORTES,MG,11/2022,24,17,"70,83",17,0,"100,00",7,"29,17",0,7,"29,17"
316560,SENADOR CORTES,MG,09/2022,27,21,"77,78",19,2,"90,48",6,"22,22",0,6,"22,22"
316570,SENADOR FIRMINO,MG,09/2022,108,102,"94,44",102,0,"100,00",6,"5,56",1,5,"4,63"
316570,SENADOR FIRMINO,MG,11/2022,110,104,"94,55",104,0,"100,00",6,"5,45",1,5,"4,55"
316570,SENADOR FIRMINO,MG,07/2022,105,100,"95,24",99,1,"99,00",5,"4,76",1,4,"3,81"
316580,SENADOR JOSÉ BENTO,MG,07/2022,18,15,"83,33",13,2,"86,67",3,"16,67",0,3,"16,67"
316580,SENADOR JOSÉ BENTO,MG,11/2022,19,17,"89,47",15,2,"88,24",2,"10,53",0,2,"10,53"
316580,SENADOR JOSÉ BENTO,MG,09/2022,19,15,"78,95",14,1,"93,33",4,"21,05",0,4,"21,05"
316590,SENADOR MODESTINO GONÇALVES,MG,09/2022,93,91,"97,85",91,0,"100,00",2,"2,15",2,0,"0,00"
316590,SENADOR MODESTINO GONÇALVES,MG,11/2022,91,91,"100,00",91,0,"100,00",0,"0,00",0,0,"0,00"
316590,SENADOR MODESTINO GONÇALVES,MG,07/2022,94,84,"89,36",84,0,"100,00",10,"10,64",10,0,"0,00"
316600,SENHORA DE OLIVEIRA,MG,07/2022,93,84,"90,32",81,3,"96,43",9,"9,68",0,9,"9,68"
316600,SENHORA DE OLIVEIRA,MG,11/2022,95,91,"95,79",86,5,"94,51",4,"4,21",0,4,"4,21"
316600,SENHORA DE OLIVEIRA,MG,09/2022,99,90,"90,91",83,7,"92,22",9,"9,09",0,9,"9,09"
316610,SENHORA DO PORTO,MG,09/2022,70,61,"87,14",44,17,"72,13",9,"12,86",0,9,"12,86"
316610,SENHORA DO PORTO,MG,11/2022,66,55,"83,33",47,8,"85,45",11,"16,67",2,9,"13,64"
316610,SENHORA DO PORTO,MG,07/2022,68,59,"86,76",51,8,"86,44",9,"13,24",1,8,"11,76"
316620,SENHORA DOS REMÉDIOS,MG,07/2022,216,177,"81,94",171,6,"96,61",39,"18,06",1,38,"17,59"
316620,SENHORA DOS REMÉDIOS,MG,11/2022,205,173,"84,39",163,10,"94,22",32,"15,61",0,32,"15,61"
316620,SENHORA DOS REMÉDIOS,MG,09/2022,210,171,"81,43",169,2,"98,83",39,"18,57",0,39,"18,57"
316630,SERICITA,MG,09/2022,161,127,"78,88",117,10,"92,13",34,"21,12",0,34,"21,12"
316630,SERICITA,MG,11/2022,161,134,"83,23",123,11,"91,79",27,"16,77",0,27,"16,77"
316630,SERICITA,MG,07/2022,155,119,"76,77",106,13,"89,08",36,"23,23",0,36,"23,23"
316640,SERITINGA,MG,07/2022,14,14,"100,00",6,8,"42,86",0,"0,00",0,0,"0,00"
316640,SERITINGA,MG,11/2022,14,12,"85,71",12,0,"100,00",2,"14,29",0,2,"14,29"
316640,SERITINGA,MG,09/2022,13,12,"92,31",12,0,"100,00",1,"7,69",0,1,"7,69"
316650,SERRA AZUL DE MINAS,MG,09/2022,137,3,"2,19",3,0,"100,00",134,"97,81",129,5,"3,65"
316650,SERRA AZUL DE MINAS,MG,11/2022,129,3,"2,33",3,0,"100,00",126,"97,67",121,5,"3,88"
316650,SERRA AZUL DE MINAS,MG,07/2022,132,127,"96,21",127,0,"100,00",5,"3,79",0,5,"3,79"
316660,SERRA DA SAUDADE,MG,07/2022,4,1,"25,00",0,1,"0,00",3,"75,00",0,3,"75,00"
316660,SERRA DA SAUDADE,MG,11/2022,3,1,"33,33",0,1,"0,00",2,"66,67",0,2,"66,67"
316660,SERRA DA SAUDADE,MG,09/2022,5,1,"20,00",0,1,"0,00",4,"80,00",0,4,"80,00"
316670,SERRA DOS AIMORÉS,MG,09/2022,133,92,"69,17",82,10,"89,13",41,"30,83",6,35,"26,32"
316670,SERRA DOS AIMORÉS,MG,11/2022,127,94,"74,02",91,3,"96,81",33,"25,98",6,27,"21,26"
316670,SERRA DOS AIMORÉS,MG,07/2022,127,85,"66,93",75,10,"88,24",42,"33,07",6,36,"28,35"
316680,SERRA DO SALITRE,MG,07/2022,174,138,"79,31",128,10,"92,75",36,"20,69",0,36,"20,69"
316680,SERRA DO SALITRE,MG,11/2022,186,152,"81,72",147,5,"96,71",34,"18,28",4,30,"16,13"
316680,SERRA DO SALITRE,MG,09/2022,185,161,"87,03",153,8,"95,03",24,"12,97",1,23,"12,43"
316690,SERRANIA,MG,09/2022,111,102,"91,89",102,0,"100,00",9,"8,11",0,9,"8,11"
316690,SERRANIA,MG,11/2022,94,69,"73,40",69,0,"100,00",25,"26,60",0,25,"26,60"
316690,SERRANIA,MG,07/2022,110,99,"90,00",99,0,"100,00",11,"10,00",0,11,"10,00"
316695,SERRANÓPOLIS DE MINAS,MG,07/2022,108,102,"94,44",62,40,"60,78",6,"5,56",0,6,"5,56"
316695,SERRANÓPOLIS DE MINAS,MG,11/2022,103,100,"97,09",84,16,"84,00",3,"2,91",0,3,"2,91"
316695,SERRANÓPOLIS DE MINAS,MG,09/2022,108,99,"91,67",72,27,"72,73",9,"8,33",0,9,"8,33"
316700,SERRANOS,MG,09/2022,26,22,"84,62",22,0,"100,00",4,"15,38",1,3,"11,54"
316700,SERRANOS,MG,11/2022,26,22,"84,62",19,3,"86,36",4,"15,38",0,4,"15,38"
316700,SERRANOS,MG,07/2022,23,19,"82,61",17,2,"89,47",4,"17,39",2,2,"8,70"
316710,SERRO,MG,07/2022,359,224,"62,40",214,10,"95,54",135,"37,60",57,78,"21,73"
316710,SERRO,MG,11/2022,365,247,"67,67",245,2,"99,19",118,"32,33",60,58,"15,89"
316710,SERRO,MG,09/2022,367,223,"60,76",219,4,"98,21",144,"39,24",57,87,"23,71"
316720,SETE LAGOAS,MG,09/2022,1554,944,"60,75",844,100,"89,41",610,"39,25",80,530,"34,11"
316720,SETE LAGOAS,MG,11/2022,1521,989,"65,02",886,103,"89,59",532,"34,98",33,499,"32,81"
316720,SETE LAGOAS,MG,07/2022,1483,905,"61,02",799,106,"88,29",578,"38,98",54,524,"35,33"
316730,SILVEIRÂNIA,MG,07/2022,24,20,"83,33",17,3,"85,00",4,"16,67",0,4,"16,67"
316730,SILVEIRÂNIA,MG,11/2022,26,19,"73,08",17,2,"89,47",7,"26,92",1,6,"23,08"
316730,SILVEIRÂNIA,MG,09/2022,25,18,"72,00",14,4,"77,78",7,"28,00",1,6,"24,00"
316740,SILVIANÓPOLIS,MG,09/2022,74,67,"90,54",67,0,"100,00",7,"9,46",0,7,"9,46"
316740,SILVIANÓPOLIS,MG,11/2022,72,65,"90,28",65,0,"100,00",7,"9,72",1,6,"8,33"
316740,SILVIANÓPOLIS,MG,07/2022,66,58,"87,88",58,0,"100,00",8,"12,12",2,6,"9,09"
316750,SIMÃO PEREIRA,MG,07/2022,24,18,"75,00",17,1,"94,44",6,"25,00",0,6,"25,00"
316750,SIMÃO PEREIRA,MG,11/2022,29,14,"48,28",8,6,"57,14",15,"51,72",7,8,"27,59"
316750,SIMÃO PEREIRA,MG,09/2022,26,10,"38,46",4,6,"40,00",16,"61,54",7,9,"34,62"
316760,SIMONÉSIA,MG,09/2022,419,259,"61,81",223,36,"86,10",160,"38,19",0,160,"38,19"
316760,SIMONÉSIA,MG,11/2022,435,241,"55,40",205,36,"85,06",194,"44,60",0,194,"44,60"
316760,SIMONÉSIA,MG,07/2022,413,272,"65,86",270,2,"99,26",141,"34,14",8,133,"32,20"
316770,SOBRÁLIA,MG,07/2022,106,98,"92,45",98,0,"100,00",8,"7,55",0,8,"7,55"
316770,SOBRÁLIA,MG,11/2022,99,4,"4,04",2,2,"50,00",95,"95,96",90,5,"5,05"
316770,SOBRÁLIA,MG,09/2022,99,1,"1,01",1,0,"100,00",98,"98,99",84,14,"14,14"
316780,SOLEDADE DE MINAS,MG,09/2022,43,29,"67,44",24,5,"82,76",14,"32,56",0,14,"32,56"
316780,SOLEDADE DE MINAS,MG,11/2022,45,32,"71,11",22,10,"68,75",13,"28,89",0,13,"28,89"
316780,SOLEDADE DE MINAS,MG,07/2022,42,30,"71,43",16,14,"53,33",12,"28,57",2,10,"23,81"
316790,TABULEIRO,MG,07/2022,45,32,"71,11",32,0,"100,00",13,"28,89",4,9,"20,00"
316790,TABULEIRO,MG,11/2022,46,34,"73,91",34,0,"100,00",12,"26,09",1,11,"23,91"
316790,TABULEIRO,MG,09/2022,45,37,"82,22",36,1,"97,30",8,"17,78",0,8,"17,78"
316800,TAIOBEIRAS,MG,09/2022,534,399,"74,72",395,4,"99,00",135,"25,28",2,133,"24,91"
316800,TAIOBEIRAS,MG,11/2022,530,422,"79,62",400,22,"94,79",108,"20,38",0,108,"20,38"
316800,TAIOBEIRAS,MG,07/2022,502,378,"75,30",372,6,"98,41",124,"24,70",2,122,"24,30"
316805,TAPARUBA,MG,07/2022,86,1,"1,16",1,0,"100,00",85,"98,84",62,23,"26,74"
316805,TAPARUBA,MG,11/2022,92,54,"58,70",49,5,"90,74",38,"41,30",1,37,"40,22"
316805,TAPARUBA,MG,09/2022,102,73,"71,57",73,0,"100,00",29,"28,43",1,28,"27,45"
316810,TAPIRA,MG,09/2022,51,37,"72,55",27,10,"72,97",14,"27,45",0,14,"27,45"
316810,TAPIRA,MG,11/2022,55,38,"69,09",26,12,"68,42",17,"30,91",2,15,"27,27"
316810,TAPIRA,MG,07/2022,42,28,"66,67",22,6,"78,57",14,"33,33",1,13,"30,95"
316820,TAPIRAÍ,MG,07/2022,13,10,"76,92",8,2,"80,00",3,"23,08",0,3,"23,08"
316820,TAPIRAÍ,MG,11/2022,14,9,"64,29",9,0,"100,00",5,"35,71",0,5,"35,71"
316820,TAPIRAÍ,MG,09/2022,13,9,"69,23",9,0,"100,00",4,"30,77",0,4,"30,77"
316830,TAQUARAÇU DE MINAS,MG,09/2022,62,58,"93,55",52,6,"89,66",4,"6,45",2,2,"3,23"
316830,TAQUARAÇU DE MINAS,MG,11/2022,63,55,"87,30",47,8,"85,45",8,"12,70",1,7,"11,11"
316830,TAQUARAÇU DE MINAS,MG,07/2022,54,52,"96,30",47,5,"90,38",2,"3,70",0,2,"3,70"
316840,TARUMIRIM,MG,07/2022,223,205,"91,93",205,0,"100,00",18,"8,07",1,17,"7,62"
316840,TARUMIRIM,MG,11/2022,230,212,"92,17",211,1,"99,53",18,"7,83",1,17,"7,39"
316840,TARUMIRIM,MG,09/2022,235,213,"90,64",210,3,"98,59",22,"9,36",4,18,"7,66"
316850,TEIXEIRAS,MG,09/2022,135,76,"56,30",75,1,"98,68",59,"43,70",0,59,"43,70"
316850,TEIXEIRAS,MG,11/2022,136,67,"49,26",62,5,"92,54",69,"50,74",0,69,"50,74"
316850,TEIXEIRAS,MG,07/2022,136,76,"55,88",70,6,"92,11",60,"44,12",0,60,"44,12"
316860,TEÓFILO OTONI,MG,07/2022,1608,994,"61,82",947,47,"95,27",614,"38,18",56,558,"34,70"
316860,TEÓFILO OTONI,MG,11/2022,1664,893,"53,67",847,46,"94,85",771,"46,33",66,705,"42,37"
316860,TEÓFILO OTONI,MG,09/2022,1690,1017,"60,18",978,39,"96,17",673,"39,82",0,673,"39,82"
316870,TIMÓTEO,MG,09/2022,566,457,"80,74",434,23,"94,97",109,"19,26",10,99,"17,49"
316870,TIMÓTEO,MG,11/2022,528,436,"82,58",415,21,"95,18",92,"17,42",2,90,"17,05"
316870,TIMÓTEO,MG,07/2022,549,325,"59,20",310,15,"95,38",224,"40,80",6,218,"39,71"
316880,TIRADENTES,MG,07/2022,59,44,"74,58",44,0,"100,00",15,"25,42",0,15,"25,42"
316880,TIRADENTES,MG,11/2022,69,41,"59,42",35,6,"85,37",28,"40,58",2,26,"37,68"
316880,TIRADENTES,MG,09/2022,71,53,"74,65",53,0,"100,00",18,"25,35",0,18,"25,35"
316890,TIROS,MG,09/2022,83,56,"67,47",42,14,"75,00",27,"32,53",4,23,"27,71"
316890,TIROS,MG,11/2022,78,24,"30,77",22,2,"91,67",54,"69,23",29,25,"32,05"
316890,TIROS,MG,07/2022,79,47,"59,49",36,11,"76,60",32,"40,51",7,25,"31,65"
316900,TOCANTINS,MG,07/2022,137,101,"73,72",83,18,"82,18",36,"26,28",1,35,"25,55"
316900,TOCANTINS,MG,11/2022,147,113,"76,87",101,12,"89,38",34,"23,13",1,33,"22,45"
316900,TOCANTINS,MG,09/2022,137,99,"72,26",87,12,"87,88",38,"27,74",3,35,"25,55"
316905,TOCOS DO MOJI,MG,09/2022,34,34,"100,00",26,8,"76,47",0,"0,00",0,0,"0,00"
316905,TOCOS DO MOJI,MG,11/2022,33,32,"96,97",28,4,"87,50",1,"3,03",0,1,"3,03"
316905,TOCOS DO MOJI,MG,07/2022,39,36,"92,31",27,9,"75,00",3,"7,69",1,2,"5,13"
316910,TOLEDO,MG,07/2022,38,30,"78,95",30,0,"100,00",8,"21,05",0,8,"21,05"
316910,TOLEDO,MG,11/2022,43,22,"51,16",18,4,"81,82",21,"48,84",12,9,"20,93"
316910,TOLEDO,MG,09/2022,46,28,"60,87",18,10,"64,29",18,"39,13",8,10,"21,74"
316920,TOMBOS,MG,09/2022,104,70,"67,31",70,0,"100,00",34,"32,69",4,30,"28,85"
316920,TOMBOS,MG,11/2022,102,74,"72,55",74,0,"100,00",28,"27,45",2,26,"25,49"
316920,TOMBOS,MG,07/2022,86,54,"62,79",54,0,"100,00",32,"37,21",2,30,"34,88"
316930,TRÊS CORAÇÕES,MG,07/2022,629,551,"87,60",488,63,"88,57",78,"12,40",0,78,"12,40"
316930,TRÊS CORAÇÕES,MG,11/2022,612,589,"96,24",479,110,"81,32",23,"3,76",1,22,"3,59"
316930,TRÊS CORAÇÕES,MG,09/2022,666,622,"93,39",491,131,"78,94",44,"6,61",35,9,"1,35"
316935,TRÊS MARIAS,MG,09/2022,394,332,"84,26",329,3,"99,10",62,"15,74",2,60,"15,23"
316935,TRÊS MARIAS,MG,11/2022,355,310,"87,32",304,6,"98,06",45,"12,68",0,45,"12,68"
316935,TRÊS MARIAS,MG,07/2022,376,241,"64,10",234,7,"97,10",135,"35,90",5,130,"34,57"
316940,TRÊS PONTAS,MG,07/2022,484,343,"70,87",321,22,"93,59",141,"29,13",50,91,"18,80"
316940,TRÊS PONTAS,MG,11/2022,508,396,"77,95",368,28,"92,93",112,"22,05",2,110,"21,65"
316940,TRÊS PONTAS,MG,09/2022,508,401,"78,94",380,21,"94,76",107,"21,06",1,106,"20,87"
316950,TUMIRITINGA,MG,09/2022,145,128,"88,28",128,0,"100,00",17,"11,72",6,11,"7,59"
316950,TUMIRITINGA,MG,11/2022,133,120,"90,23",120,0,"100,00",13,"9,77",0,13,"9,77"
316950,TUMIRITINGA,MG,07/2022,129,0,"0,00",0,0,,129,"100,00",118,11,"8,53"
316960,TUPACIGUARA,MG,07/2022,367,266,"72,48",263,3,"98,87",101,"27,52",16,85,"23,16"
316960,TUPACIGUARA,MG,11/2022,371,272,"73,32",269,3,"98,90",99,"26,68",5,94,"25,34"
316960,TUPACIGUARA,MG,09/2022,390,282,"72,31",282,0,"100,00",108,"27,69",15,93,"23,85"
316970,TURMALINA,MG,09/2022,295,209,"70,85",206,3,"98,56",86,"29,15",6,80,"27,12"
316970,TURMALINA,MG,11/2022,301,215,"71,43",209,6,"97,21",86,"28,57",0,86,"28,57"
316970,TURMALINA,MG,07/2022,284,204,"71,83",201,3,"98,53",80,"28,17",5,75,"26,41"
316980,TURVOLÂNDIA,MG,07/2022,49,24,"48,98",24,0,"100,00",25,"51,02",2,23,"46,94"
316980,TURVOLÂNDIA,MG,11/2022,59,35,"59,32",33,2,"94,29",24,"40,68",0,24,"40,68"
316980,TURVOLÂNDIA,MG,09/2022,57,31,"54,39",27,4,"87,10",26,"45,61",0,26,"45,61"
316990,UBÁ,MG,09/2022,695,419,"60,29",414,5,"98,81",276,"39,71",6,270,"38,85"
316990,UBÁ,MG,11/2022,704,443,"62,93",441,2,"99,55",261,"37,07",7,254,"36,08"
316990,UBÁ,MG,07/2022,656,409,"62,35",394,15,"96,33",247,"37,65",15,232,"35,37"
317000,UBAÍ,MG,07/2022,309,293,"94,82",293,0,"100,00",16,"5,18",0,16,"5,18"
317000,UBAÍ,MG,11/2022,303,285,"94,06",285,0,"100,00",18,"5,94",1,17,"5,61"
317000,UBAÍ,MG,09/2022,318,301,"94,65",301,0,"100,00",17,"5,35",0,17,"5,35"
317005,UBAPORANGA,MG,09/2022,206,159,"77,18",159,0,"100,00",47,"22,82",3,44,"21,36"
317005,UBAPORANGA,MG,11/2022,209,147,"70,33",136,11,"92,52",62,"29,67",22,40,"19,14"
317005,UBAPORANGA,MG,07/2022,191,97,"50,79",95,2,"97,94",94,"49,21",55,39,"20,42"
317010,UBERABA,MG,07/2022,1520,693,"45,59",581,112,"83,84",827,"54,41",56,771,"50,72"
317010,UBERABA,MG,11/2022,1703,760,"44,63",689,71,"90,66",943,"55,37",12,931,"54,67"
317010,UBERABA,MG,09/2022,1689,704,"41,68",552,152,"78,41",985,"58,32",14,971,"57,49"
317020,UBERLÂNDIA,MG,09/2022,3217,2293,"71,28",1884,409,"82,16",924,"28,72",18,906,"28,16"
317020,UBERLÂNDIA,MG,11/2022,3262,2378,"72,90",2110,268,"88,73",884,"27,10",6,878,"26,92"
317020,UBERLÂNDIA,MG,07/2022,2969,2095,"70,56",1647,448,"78,62",874,"29,44",251,623,"20,98"
317030,UMBURATIBA,MG,07/2022,77,53,"68,83",47,6,"88,68",24,"31,17",17,7,"9,09"
317030,UMBURATIBA,MG,11/2022,67,44,"65,67",38,6,"86,36",23,"34,33",16,7,"10,45"
317030,UMBURATIBA,MG,09/2022,78,58,"74,36",52,6,"89,66",20,"25,64",12,8,"10,26"
317040,UNAÍ,MG,09/2022,756,348,"46,03",304,44,"87,36",408,"53,97",137,271,"35,85"
317040,UNAÍ,MG,11/2022,722,456,"63,16",414,42,"90,79",266,"36,84",16,250,"34,63"
317040,UNAÍ,MG,07/2022,718,427,"59,47",366,61,"85,71",291,"40,53",22,269,"37,47"
317043,UNIÃO DE MINAS,MG,07/2022,64,30,"46,88",26,4,"86,67",34,"53,13",25,9,"14,06"
317043,UNIÃO DE MINAS,MG,11/2022,58,34,"58,62",30,4,"88,24",24,"41,38",7,17,"29,31"
317043,UNIÃO DE MINAS,MG,09/2022,65,46,"70,77",46,0,"100,00",19,"29,23",1,18,"27,69"
317047,URUANA DE MINAS,MG,09/2022,65,40,"61,54",39,1,"97,50",25,"38,46",0,25,"38,46"
317047,URUANA DE MINAS,MG,11/2022,62,37,"59,68",37,0,"100,00",25,"40,32",0,25,"40,32"
317047,URUANA DE MINAS,MG,07/2022,61,39,"63,93",27,12,"69,23",22,"36,07",2,20,"32,79"
317050,URUCÂNIA,MG,07/2022,93,47,"50,54",37,10,"78,72",46,"49,46",0,46,"49,46"
317050,URUCÂNIA,MG,11/2022,93,55,"59,14",47,8,"85,45",38,"40,86",0,38,"40,86"
317050,URUCÂNIA,MG,09/2022,100,52,"52,00",42,10,"80,77",48,"48,00",2,46,"46,00"
317052,URUCUIA,MG,09/2022,235,123,"52,34",123,0,"100,00",112,"47,66",0,112,"47,66"
317052,URUCUIA,MG,11/2022,216,101,"46,76",99,2,"98,02",115,"53,24",0,115,"53,24"
317052,URUCUIA,MG,07/2022,231,119,"51,52",114,5,"95,80",112,"48,48",1,111,"48,05"
317057,VARGEM ALEGRE,MG,07/2022,107,83,"77,57",81,2,"97,59",24,"22,43",4,20,"18,69"
317057,VARGEM ALEGRE,MG,11/2022,104,84,"80,77",84,0,"100,00",20,"19,23",1,19,"18,27"
317057,VARGEM ALEGRE,MG,09/2022,113,88,"77,88",88,0,"100,00",25,"22,12",2,23,"20,35"
317060,VARGEM BONITA,MG,09/2022,26,17,"65,38",16,1,"94,12",9,"34,62",0,9,"34,62"
317060,VARGEM BONITA,MG,11/2022,27,16,"59,26",16,0,"100,00",11,"40,74",0,11,"40,74"
317060,VARGEM BONITA,MG,07/2022,26,16,"61,54",15,1,"93,75",10,"38,46",1,9,"34,62"
317065,VARGEM GRANDE DO RIO PARDO,MG,07/2022,85,59,"69,41",58,1,"98,31",26,"30,59",1,25,"29,41"
317065,VARGEM GRANDE DO RIO PARDO,MG,11/2022,84,67,"79,76",63,4,"94,03",17,"20,24",1,16,"19,05"
317065,VARGEM GRANDE DO RIO PARDO,MG,09/2022,88,66,"75,00",63,3,"95,45",22,"25,00",0,22,"25,00"
317070,VARGINHA,MG,09/2022,545,252,"46,24",207,45,"82,14",293,"53,76",219,74,"13,58"
317070,VARGINHA,MG,11/2022,552,463,"83,88",379,84,"81,86",89,"16,12",0,89,"16,12"
317070,VARGINHA,MG,07/2022,492,428,"86,99",422,6,"98,60",64,"13,01",1,63,"12,80"
317075,VARJÃO DE MINAS,MG,07/2022,42,29,"69,05",19,10,"65,52",13,"30,95",0,13,"30,95"
317075,VARJÃO DE MINAS,MG,11/2022,62,49,"79,03",38,11,"77,55",13,"20,97",2,11,"17,74"
317075,VARJÃO DE MINAS,MG,09/2022,48,40,"83,33",25,15,"62,50",8,"16,67",0,8,"16,67"
317080,VÁRZEA DA PALMA,MG,09/2022,478,440,"92,05",440,0,"100,00",38,"7,95",3,35,"7,32"
317080,VÁRZEA DA PALMA,MG,11/2022,458,422,"92,14",422,0,"100,00",36,"7,86",1,35,"7,64"
317080,VÁRZEA DA PALMA,MG,07/2022,464,419,"90,30",418,1,"99,76",45,"9,70",14,31,"6,68"
317090,VARZELÂNDIA,MG,07/2022,575,385,"66,96",355,30,"92,21",190,"33,04",34,156,"27,13"
317090,VARZELÂNDIA,MG,11/2022,578,391,"67,65",372,19,"95,14",187,"32,35",38,149,"25,78"
317090,VARZELÂNDIA,MG,09/2022,594,416,"70,03",394,22,"94,71",178,"29,97",20,158,"26,60"
317100,VAZANTE,MG,09/2022,159,118,"74,21",118,0,"100,00",41,"25,79",1,40,"25,16"
317100,VAZANTE,MG,11/2022,151,105,"69,54",90,15,"85,71",46,"30,46",2,44,"29,14"
317100,VAZANTE,MG,07/2022,147,30,"20,41",26,4,"86,67",117,"79,59",81,36,"24,49"
317103,VERDELÂNDIA,MG,07/2022,212,160,"75,47",133,27,"83,13",52,"24,53",0,52,"24,53"
317103,VERDELÂNDIA,MG,11/2022,227,174,"76,65",174,0,"100,00",53,"23,35",3,50,"22,03"
317103,VERDELÂNDIA,MG,09/2022,222,173,"77,93",173,0,"100,00",49,"22,07",0,49,"22,07"
317107,VEREDINHA,MG,09/2022,114,111,"97,37",109,2,"98,20",3,"2,63",2,1,"0,88"
317107,VEREDINHA,MG,11/2022,102,100,"98,04",97,3,"97,00",2,"1,96",2,0,"0,00"
317107,VEREDINHA,MG,07/2022,110,110,"100,00",108,2,"98,18",0,"0,00",0,0,"0,00"
317110,VERÍSSIMO,MG,07/2022,27,18,"66,67",11,7,"61,11",9,"33,33",0,9,"33,33"
317110,VERÍSSIMO,MG,11/2022,31,18,"58,06",14,4,"77,78",13,"41,94",0,13,"41,94"
317110,VERÍSSIMO,MG,09/2022,26,14,"53,85",9,5,"64,29",12,"46,15",0,12,"46,15"
317115,VERMELHO NOVO,MG,09/2022,98,90,"91,84",90,0,"100,00",8,"8,16",0,8,"8,16"
317115,VERMELHO NOVO,MG,11/2022,92,86,"93,48",85,1,"98,84",6,"6,52",0,6,"6,52"
317115,VERMELHO NOVO,MG,07/2022,92,84,"91,30",84,0,"100,00",8,"8,70",0,8,"8,70"
317120,VESPASIANO,MG,07/2022,1174,1006,"85,69",1005,1,"99,90",168,"14,31",16,152,"12,95"
317120,VESPASIANO,MG,11/2022,1313,1090,"83,02",1090,0,"100,00",223,"16,98",27,196,"14,93"
317120,VESPASIANO,MG,09/2022,1208,36,"2,98",36,0,"100,00",1172,"97,02",1064,108,"8,94"
317130,VIÇOSA,MG,09/2022,583,316,"54,20",299,17,"94,62",267,"45,80",8,259,"44,43"
317130,VIÇOSA,MG,11/2022,563,330,"58,61",317,13,"96,06",233,"41,39",3,230,"40,85"
317130,VIÇOSA,MG,07/2022,553,285,"51,54",274,11,"96,14",268,"48,46",4,264,"47,74"
317140,VIEIRAS,MG,07/2022,70,60,"85,71",60,0,"100,00",10,"14,29",0,10,"14,29"
317140,VIEIRAS,MG,11/2022,75,66,"88,00",60,6,"90,91",9,"12,00",3,6,"8,00"
317140,VIEIRAS,MG,09/2022,75,61,"81,33",58,3,"95,08",14,"18,67",1,13,"17,33"
317150,MATHIAS LOBATO,MG,09/2022,98,0,"0,00",0,0,,98,"100,00",29,69,"70,41"
317150,MATHIAS LOBATO,MG,11/2022,98,0,"0,00",0,0,,98,"100,00",32,66,"67,35"
317150,MATHIAS LOBATO,MG,07/2022,91,26,"28,57",23,3,"88,46",65,"71,43",0,65,"71,43"
317160,VIRGEM DA LAPA,MG,07/2022,190,137,"72,11",134,3,"97,81",53,"27,89",3,50,"26,32"
317160,VIRGEM DA LAPA,MG,11/2022,194,162,"83,51",161,1,"99,38",32,"16,49",0,32,"16,49"
317160,VIRGEM DA LAPA,MG,09/2022,199,128,"64,32",128,0,"100,00",71,"35,68",15,56,"28,14"
317170,VIRGÍNIA,MG,09/2022,95,92,"96,84",92,0,"100,00",3,"3,16",3,0,"0,00"
317170,VIRGÍNIA,MG,11/2022,87,86,"98,85",84,2,"97,67",1,"1,15",0,1,"1,15"
317170,VIRGÍNIA,MG,07/2022,86,85,"98,84",83,2,"97,65",1,"1,16",0,1,"1,16"
317180,VIRGINÓPOLIS,MG,07/2022,125,109,"87,20",108,1,"99,08",16,"12,80",2,14,"11,20"
317180,VIRGINÓPOLIS,MG,11/2022,125,108,"86,40",108,0,"100,00",17,"13,60",1,16,"12,80"
317180,VIRGINÓPOLIS,MG,09/2022,132,115,"87,12",115,0,"100,00",17,"12,88",1,16,"12,12"
317190,VIRGOLÂNDIA,MG,09/2022,86,66,"76,74",60,6,"90,91",20,"23,26",0,20,"23,26"
317190,VIRGOLÂNDIA,MG,11/2022,74,58,"78,38",57,1,"98,28",16,"21,62",0,16,"21,62"
317190,VIRGOLÂNDIA,MG,07/2022,90,68,"75,56",57,11,"83,82",22,"24,44",0,22,"24,44"
317200,VISCONDE DO RIO BRANCO,MG,07/2022,287,241,"83,97",241,0,"100,00",46,"16,03",1,45,"15,68"
317200,VISCONDE DO RIO BRANCO,MG,11/2022,309,139,"44,98",139,0,"100,00",170,"55,02",119,51,"16,50"
317200,VISCONDE DO RIO BRANCO,MG,09/2022,313,143,"45,69",143,0,"100,00",170,"54,31",119,51,"16,29"
317210,VOLTA GRANDE,MG,09/2022,100,90,"90,00",90,0,"100,00",10,"10,00",0,10,"10,00"
317210,VOLTA GRANDE,MG,11/2022,93,86,"92,47",84,2,"97,67",7,"7,53",0,7,"7,53"
317210,VOLTA GRANDE,MG,07/2022,90,73,"81,11",68,5,"93,15",17,"18,89",0,17,"18,89"
317220,WENCESLAU BRAZ,MG,07/2022,29,0,"0,00",0,0,,29,"100,00",28,1,"3,45"
317220,WENCESLAU BRAZ,MG,11/2022,29,27,"93,10",27,0,"100,00",2,"6,90",0,2,"6,90"
317220,WENCESLAU BRAZ,MG,09/2022,29,28,"96,55",28,0,"100,00",1,"3,45",0,1,"3,45"
500020,ÁGUA CLARA,MS,09/2022,201,129,"64,18",129,0,"100,00",72,"35,82",0,72,"35,82"
500020,ÁGUA CLARA,MS,07/2022,176,114,"64,77",114,0,"100,00",62,"35,23",1,61,"34,66"
500020,ÁGUA CLARA,MS,11/2022,212,129,"60,85",128,1,"99,22",83,"39,15",0,83,"39,15"
500025,ALCINÓPOLIS,MS,11/2022,56,39,"69,64",39,0,"100,00",17,"30,36",1,16,"28,57"
500025,ALCINÓPOLIS,MS,07/2022,47,0,"0,00",0,0,,47,"100,00",36,11,"23,40"
500025,ALCINÓPOLIS,MS,09/2022,54,41,"75,93",41,0,"100,00",13,"24,07",0,13,"24,07"
500060,AMAMBAÍ,MS,07/2022,744,302,"40,59",252,50,"83,44",442,"59,41",7,435,"58,47"
500060,AMAMBAÍ,MS,09/2022,785,318,"40,51",294,24,"92,45",467,"59,49",4,463,"58,98"
500060,AMAMBAÍ,MS,11/2022,788,338,"42,89",323,15,"95,56",450,"57,11",6,444,"56,35"
500070,ANASTÁCIO,MS,11/2022,341,307,"90,03",307,0,"100,00",34,"9,97",5,29,"8,50"
500070,ANASTÁCIO,MS,09/2022,332,301,"90,66",301,0,"100,00",31,"9,34",5,26,"7,83"
500070,ANASTÁCIO,MS,07/2022,289,29,"10,03",29,0,"100,00",260,"89,97",228,32,"11,07"
500080,ANAURILÂNDIA,MS,09/2022,83,50,"60,24",50,0,"100,00",33,"39,76",1,32,"38,55"
500080,ANAURILÂNDIA,MS,07/2022,76,44,"57,89",44,0,"100,00",32,"42,11",1,31,"40,79"
500080,ANAURILÂNDIA,MS,11/2022,81,53,"65,43",53,0,"100,00",28,"34,57",2,26,"32,10"
500085,ANGÉLICA,MS,11/2022,117,90,"76,92",82,8,"91,11",27,"23,08",4,23,"19,66"
500085,ANGÉLICA,MS,07/2022,117,90,"76,92",85,5,"94,44",27,"23,08",5,22,"18,80"
500085,ANGÉLICA,MS,09/2022,124,82,"66,13",75,7,"91,46",42,"33,87",18,24,"19,35"
500090,ANTÔNIO JOÃO,MS,09/2022,142,107,"75,35",100,7,"93,46",35,"24,65",2,33,"23,24"
500090,ANTÔNIO JOÃO,MS,07/2022,138,101,"73,19",91,10,"90,10",37,"26,81",3,34,"24,64"
500090,ANTÔNIO JOÃO,MS,11/2022,143,110,"76,92",101,9,"91,82",33,"23,08",2,31,"21,68"
500100,APARECIDA DO TABOADO,MS,11/2022,260,223,"85,77",223,0,"100,00",37,"14,23",1,36,"13,85"
500100,APARECIDA DO TABOADO,MS,07/2022,243,202,"83,13",201,1,"99,50",41,"16,87",1,40,"16,46"
500100,APARECIDA DO TABOADO,MS,09/2022,276,242,"87,68",241,1,"99,59",34,"12,32",1,33,"11,96"
500110,AQUIDAUANA,MS,07/2022,722,711,"98,48",642,69,"90,30",11,"1,52",11,0,"0,00"
500110,AQUIDAUANA,MS,09/2022,746,738,"98,93",651,87,"88,21",8,"1,07",7,1,"0,13"
500110,AQUIDAUANA,MS,11/2022,745,736,"98,79",696,40,"94,57",9,"1,21",7,2,"0,27"
500124,ARAL MOREIRA,MS,11/2022,227,0,"0,00",0,0,,227,"100,00",193,34,"14,98"
500124,ARAL MOREIRA,MS,07/2022,205,179,"87,32",179,0,"100,00",26,"12,68",0,26,"12,68"
500124,ARAL MOREIRA,MS,09/2022,234,201,"85,90",201,0,"100,00",33,"14,10",0,33,"14,10"
500150,BANDEIRANTES,MS,09/2022,64,51,"79,69",48,3,"94,12",13,"20,31",0,13,"20,31"
500150,BANDEIRANTES,MS,07/2022,51,42,"82,35",37,5,"88,10",9,"17,65",0,9,"17,65"
500150,BANDEIRANTES,MS,11/2022,70,56,"80,00",56,0,"100,00",14,"20,00",0,14,"20,00"
500190,BATAGUASSU,MS,11/2022,272,166,"61,03",166,0,"100,00",106,"38,97",2,104,"38,24"
500190,BATAGUASSU,MS,09/2022,262,152,"58,02",151,1,"99,34",110,"41,98",3,107,"40,84"
500190,BATAGUASSU,MS,07/2022,244,157,"64,34",157,0,"100,00",87,"35,66",13,74,"30,33"
500200,BATAYPORÃ,MS,07/2022,128,104,"81,25",101,3,"97,12",24,"18,75",3,21,"16,41"
500200,BATAYPORÃ,MS,09/2022,146,116,"79,45",111,5,"95,69",30,"20,55",1,29,"19,86"
500200,BATAYPORÃ,MS,11/2022,133,112,"84,21",108,4,"96,43",21,"15,79",2,19,"14,29"
500210,BELA VISTA,MS,11/2022,418,265,"63,40",263,2,"99,25",153,"36,60",0,153,"36,60"
500210,BELA VISTA,MS,07/2022,392,133,"33,93",133,0,"100,00",259,"66,07",116,143,"36,48"
500210,BELA VISTA,MS,09/2022,423,231,"54,61",231,0,"100,00",192,"45,39",27,165,"39,01"
500215,BODOQUENA,MS,09/2022,96,55,"57,29",55,0,"100,00",41,"42,71",10,31,"32,29"
500215,BODOQUENA,MS,07/2022,94,51,"54,26",48,3,"94,12",43,"45,74",14,29,"30,85"
500215,BODOQUENA,MS,11/2022,91,68,"74,73",60,8,"88,24",23,"25,27",8,15,"16,48"
500220,BONITO,MS,11/2022,249,196,"78,71",193,3,"98,47",53,"21,29",1,52,"20,88"
500220,BONITO,MS,07/2022,206,13,"6,31",13,0,"100,00",193,"93,69",161,32,"15,53"
500220,BONITO,MS,09/2022,222,108,"48,65",108,0,"100,00",114,"51,35",77,37,"16,67"
500230,BRASILÂNDIA,MS,07/2022,133,99,"74,44",91,8,"91,92",34,"25,56",3,31,"23,31"
500230,BRASILÂNDIA,MS,09/2022,139,110,"79,14",86,24,"78,18",29,"20,86",0,29,"20,86"
500230,BRASILÂNDIA,MS,11/2022,138,112,"81,16",100,12,"89,29",26,"18,84",0,26,"18,84"
500240,CAARAPÓ,MS,11/2022,434,263,"60,60",252,11,"95,82",171,"39,40",1,170,"39,17"
500240,CAARAPÓ,MS,09/2022,420,226,"53,81",222,4,"98,23",194,"46,19",18,176,"41,90"
500240,CAARAPÓ,MS,07/2022,406,232,"57,14",219,13,"94,40",174,"42,86",0,174,"42,86"
500260,CAMAPUÃ,MS,09/2022,143,99,"69,23",82,17,"82,83",44,"30,77",0,44,"30,77"
500260,CAMAPUÃ,MS,07/2022,135,93,"68,89",71,22,"76,34",42,"31,11",3,39,"28,89"
500260,CAMAPUÃ,MS,11/2022,145,89,"61,38",68,21,"76,40",56,"38,62",2,54,"37,24"
500270,CAMPO GRANDE,MS,11/2022,6495,5086,"78,31",4635,451,"91,13",1409,"21,69",20,1389,"21,39"
500270,CAMPO GRANDE,MS,07/2022,5836,4135,"70,85",3714,421,"89,82",1701,"29,15",31,1670,"28,62"
500270,CAMPO GRANDE,MS,09/2022,6520,5010,"76,84",4469,541,"89,20",1510,"23,16",30,1480,"22,70"
500280,CARACOL,MS,07/2022,82,70,"85,37",70,0,"100,00",12,"14,63",1,11,"13,41"
500280,CARACOL,MS,09/2022,85,74,"87,06",74,0,"100,00",11,"12,94",1,10,"11,76"
500280,CARACOL,MS,11/2022,88,33,"37,50",33,0,"100,00",55,"62,50",43,12,"13,64"
500290,CASSILÂNDIA,MS,11/2022,148,71,"47,97",65,6,"91,55",77,"52,03",0,77,"52,03"
500290,CASSILÂNDIA,MS,09/2022,142,67,"47,18",65,2,"97,01",75,"52,82",0,75,"52,82"
500290,CASSILÂNDIA,MS,07/2022,129,63,"48,84",61,2,"96,83",66,"51,16",1,65,"50,39"
500295,CHAPADÃO DO SUL,MS,07/2022,166,87,"52,41",68,19,"78,16",79,"47,59",9,70,"42,17"
500295,CHAPADÃO DO SUL,MS,09/2022,197,102,"51,78",76,26,"74,51",95,"48,22",12,83,"42,13"
500295,CHAPADÃO DO SUL,MS,11/2022,185,102,"55,14",73,29,"71,57",83,"44,86",7,76,"41,08"
500310,CORGUINHO,MS,11/2022,41,35,"85,37",35,0,"100,00",6,"14,63",0,6,"14,63"
500310,CORGUINHO,MS,07/2022,48,39,"81,25",39,0,"100,00",9,"18,75",0,9,"18,75"
500310,CORGUINHO,MS,09/2022,46,37,"80,43",37,0,"100,00",9,"19,57",0,9,"19,57"
500315,CORONEL SAPUCAIA,MS,09/2022,425,302,"71,06",300,2,"99,34",123,"28,94",4,119,"28,00"
500315,CORONEL SAPUCAIA,MS,07/2022,402,286,"71,14",283,3,"98,95",116,"28,86",4,112,"27,86"
500315,CORONEL SAPUCAIA,MS,11/2022,404,144,"35,64",143,1,"99,31",260,"64,36",174,86,"21,29"
500320,CORUMBÁ,MS,11/2022,1605,1075,"66,98",1015,60,"94,42",530,"33,02",9,521,"32,46"
500320,CORUMBÁ,MS,09/2022,1615,1040,"64,40",1005,35,"96,63",575,"35,60",11,564,"34,92"
500320,CORUMBÁ,MS,07/2022,1502,973,"64,78",924,49,"94,96",529,"35,22",10,519,"34,55"
500325,COSTA RICA,MS,07/2022,300,236,"78,67",236,0,"100,00",64,"21,33",0,64,"21,33"
500325,COSTA RICA,MS,09/2022,359,297,"82,73",297,0,"100,00",62,"17,27",1,61,"16,99"
500325,COSTA RICA,MS,11/2022,373,272,"72,92",272,0,"100,00",101,"27,08",1,100,"26,81"
500330,COXIM,MS,11/2022,399,237,"59,40",225,12,"94,94",162,"40,60",3,159,"39,85"
500330,COXIM,MS,07/2022,375,216,"57,60",210,6,"97,22",159,"42,40",1,158,"42,13"
500330,COXIM,MS,09/2022,398,242,"60,80",221,21,"91,32",156,"39,20",27,129,"32,41"
500345,DEODÁPOLIS,MS,07/2022,134,73,"54,48",70,3,"95,89",61,"45,52",49,12,"8,96"
500345,DEODÁPOLIS,MS,09/2022,144,105,"72,92",98,7,"93,33",39,"27,08",24,15,"10,42"
500345,DEODÁPOLIS,MS,11/2022,135,80,"59,26",79,1,"98,75",55,"40,74",43,12,"8,89"
500348,DOIS IRMÃOS DO BURITI,MS,11/2022,169,145,"85,80",131,14,"90,34",24,"14,20",3,21,"12,43"
500348,DOIS IRMÃOS DO BURITI,MS,09/2022,174,150,"86,21",133,17,"88,67",24,"13,79",5,19,"10,92"
500348,DOIS IRMÃOS DO BURITI,MS,07/2022,176,139,"78,98",124,15,"89,21",37,"21,02",9,28,"15,91"
500350,DOURADINA,MS,09/2022,70,58,"82,86",51,7,"87,93",12,"17,14",2,10,"14,29"
500350,DOURADINA,MS,07/2022,69,59,"85,51",53,6,"89,83",10,"14,49",1,9,"13,04"
500350,DOURADINA,MS,11/2022,63,54,"85,71",53,1,"98,15",9,"14,29",1,8,"12,70"
500370,DOURADOS,MS,11/2022,1883,1287,"68,35",1170,117,"90,91",596,"31,65",147,449,"23,84"
500370,DOURADOS,MS,07/2022,1792,1045,"58,31",1019,26,"97,51",747,"41,69",88,659,"36,77"
500370,DOURADOS,MS,09/2022,1918,1013,"52,82",855,158,"84,40",905,"47,18",220,685,"35,71"
500375,ELDORADO,MS,09/2022,138,22,"15,94",12,10,"54,55",116,"84,06",73,43,"31,16"
500375,ELDORADO,MS,07/2022,137,83,"60,58",68,15,"81,93",54,"39,42",18,36,"26,28"
500375,ELDORADO,MS,11/2022,135,95,"70,37",86,9,"90,53",40,"29,63",0,40,"29,63"
500380,FÁTIMA DO SUL,MS,11/2022,165,132,"80,00",125,7,"94,70",33,"20,00",1,32,"19,39"
500380,FÁTIMA DO SUL,MS,09/2022,172,145,"84,30",131,14,"90,34",27,"15,70",0,27,"15,70"
500380,FÁTIMA DO SUL,MS,07/2022,172,137,"79,65",124,13,"90,51",35,"20,35",1,34,"19,77"
500390,FIGUEIRÃO,MS,07/2022,23,9,"39,13",4,5,"44,44",14,"60,87",4,10,"43,48"
500390,FIGUEIRÃO,MS,09/2022,27,14,"51,85",14,0,"100,00",13,"48,15",0,13,"48,15"
500390,FIGUEIRÃO,MS,11/2022,30,17,"56,67",17,0,"100,00",13,"43,33",0,13,"43,33"
500400,GLÓRIA DE DOURADOS,MS,11/2022,74,44,"59,46",42,2,"95,45",30,"40,54",18,12,"16,22"
500400,GLÓRIA DE DOURADOS,MS,09/2022,75,42,"56,00",40,2,"95,24",33,"44,00",19,14,"18,67"
500400,GLÓRIA DE DOURADOS,MS,07/2022,74,40,"54,05",36,4,"90,00",34,"45,95",17,17,"22,97"
500410,GUIA LOPES DA LAGUNA,MS,07/2022,165,68,"41,21",68,0,"100,00",97,"58,79",3,94,"56,97"
500410,GUIA LOPES DA LAGUNA,MS,09/2022,166,82,"49,40",80,2,"97,56",84,"50,60",4,80,"48,19"
500410,GUIA LOPES DA LAGUNA,MS,11/2022,152,104,"68,42",103,1,"99,04",48,"31,58",3,45,"29,61"
500430,IGUATEMI,MS,11/2022,185,83,"44,86",83,0,"100,00",102,"55,14",17,85,"45,95"
500430,IGUATEMI,MS,09/2022,202,98,"48,51",98,0,"100,00",104,"51,49",23,81,"40,10"
500430,IGUATEMI,MS,07/2022,193,135,"69,95",135,0,"100,00",58,"30,05",24,34,"17,62"
500440,INOCÊNCIA,MS,09/2022,65,42,"64,62",41,1,"97,62",23,"35,38",1,22,"33,85"
500440,INOCÊNCIA,MS,07/2022,51,33,"64,71",33,0,"100,00",18,"35,29",2,16,"31,37"
500440,INOCÊNCIA,MS,11/2022,64,44,"68,75",43,1,"97,73",20,"31,25",0,20,"31,25"
500450,ITAPORÃ,MS,11/2022,120,110,"91,67",108,2,"98,18",10,"8,33",3,7,"5,83"
500450,ITAPORÃ,MS,09/2022,112,105,"93,75",103,2,"98,10",7,"6,25",1,6,"5,36"
500450,ITAPORÃ,MS,07/2022,111,105,"94,59",98,7,"93,33",6,"5,41",1,5,"4,50"
500460,ITAQUIRAÍ,MS,07/2022,163,78,"47,85",78,0,"100,00",85,"52,15",75,10,"6,13"
500460,ITAQUIRAÍ,MS,09/2022,166,80,"48,19",80,0,"100,00",86,"51,81",75,11,"6,63"
500460,ITAQUIRAÍ,MS,11/2022,177,165,"93,22",165,0,"100,00",12,"6,78",1,11,"6,21"
500470,IVINHEMA,MS,11/2022,139,113,"81,29",113,0,"100,00",26,"18,71",1,25,"17,99"
500470,IVINHEMA,MS,09/2022,140,105,"75,00",105,0,"100,00",35,"25,00",4,31,"22,14"
500470,IVINHEMA,MS,07/2022,125,93,"74,40",93,0,"100,00",32,"25,60",1,31,"24,80"
500480,JAPORÃ,MS,07/2022,271,209,"77,12",209,0,"100,00",62,"22,88",0,62,"22,88"
500480,JAPORÃ,MS,09/2022,276,208,"75,36",208,0,"100,00",68,"24,64",1,67,"24,28"
500480,JAPORÃ,MS,11/2022,266,199,"74,81",199,0,"100,00",67,"25,19",0,67,"25,19"
500490,JARAGUARI,MS,11/2022,52,33,"63,46",33,0,"100,00",19,"36,54",0,19,"36,54"
500490,JARAGUARI,MS,09/2022,51,30,"58,82",30,0,"100,00",21,"41,18",1,20,"39,22"
500490,JARAGUARI,MS,07/2022,45,8,"17,78",8,0,"100,00",37,"82,22",16,21,"46,67"
500500,JARDIM,MS,07/2022,299,139,"46,49",128,11,"92,09",160,"53,51",1,159,"53,18"
500500,JARDIM,MS,09/2022,318,180,"56,60",159,21,"88,33",138,"43,40",1,137,"43,08"
500500,JARDIM,MS,11/2022,305,196,"64,26",192,4,"97,96",109,"35,74",1,108,"35,41"
500510,JATEÍ,MS,11/2022,32,0,"0,00",0,0,,32,"100,00",26,6,"18,75"
500510,JATEÍ,MS,09/2022,31,0,"0,00",0,0,,31,"100,00",24,7,"22,58"
500510,JATEÍ,MS,07/2022,28,0,"0,00",0,0,,28,"100,00",23,5,"17,86"
500515,JUTI,MS,07/2022,83,47,"56,63",39,8,"82,98",36,"43,37",1,35,"42,17"
500515,JUTI,MS,09/2022,91,51,"56,04",39,12,"76,47",40,"43,96",1,39,"42,86"
500515,JUTI,MS,11/2022,96,54,"56,25",43,11,"79,63",42,"43,75",0,42,"43,75"
500520,LADÁRIO,MS,11/2022,293,208,"70,99",208,0,"100,00",85,"29,01",0,85,"29,01"
500520,LADÁRIO,MS,09/2022,301,220,"73,09",211,9,"95,91",81,"26,91",0,81,"26,91"
500520,LADÁRIO,MS,07/2022,316,201,"63,61",201,0,"100,00",115,"36,39",0,115,"36,39"
500525,LAGUNA CARAPÃ,MS,07/2022,101,58,"57,43",54,4,"93,10",43,"42,57",0,43,"42,57"
500525,LAGUNA CARAPÃ,MS,09/2022,95,67,"70,53",51,16,"76,12",28,"29,47",1,27,"28,42"
500525,LAGUNA CARAPÃ,MS,11/2022,95,65,"68,42",52,13,"80,00",30,"31,58",0,30,"31,58"
500540,MARACAJU,MS,11/2022,257,44,"17,12",36,8,"81,82",213,"82,88",133,80,"31,13"
500540,MARACAJU,MS,09/2022,252,109,"43,25",109,0,"100,00",143,"56,75",60,83,"32,94"
500540,MARACAJU,MS,07/2022,233,39,"16,74",36,3,"92,31",194,"83,26",114,80,"34,33"
500560,MIRANDA,MS,07/2022,555,300,"54,05",270,30,"90,00",255,"45,95",117,138,"24,86"
500560,MIRANDA,MS,09/2022,592,341,"57,60",296,45,"86,80",251,"42,40",110,141,"23,82"
500560,MIRANDA,MS,11/2022,589,300,"50,93",284,16,"94,67",289,"49,07",153,136,"23,09"
500568,MUNDO NOVO,MS,11/2022,234,185,"79,06",185,0,"100,00",49,"20,94",0,49,"20,94"
500568,MUNDO NOVO,MS,09/2022,241,186,"77,18",185,1,"99,46",55,"22,82",5,50,"20,75"
500568,MUNDO NOVO,MS,07/2022,210,113,"53,81",113,0,"100,00",97,"46,19",48,49,"23,33"
500570,NAVIRAÍ,MS,07/2022,394,154,"39,09",152,2,"98,70",240,"60,91",104,136,"34,52"
500570,NAVIRAÍ,MS,09/2022,457,133,"29,10",128,5,"96,24",324,"70,90",121,203,"44,42"
500570,NAVIRAÍ,MS,11/2022,470,203,"43,19",203,0,"100,00",267,"56,81",59,208,"44,26"
500580,NIOAQUE,MS,11/2022,246,188,"76,42",183,5,"97,34",58,"23,58",7,51,"20,73"
500580,NIOAQUE,MS,09/2022,245,192,"78,37",190,2,"98,96",53,"21,63",9,44,"17,96"
500580,NIOAQUE,MS,07/2022,241,195,"80,91",193,2,"98,97",46,"19,09",5,41,"17,01"
500600,NOVA ALVORADA DO SUL,MS,07/2022,202,36,"17,82",29,7,"80,56",166,"82,18",66,100,"49,50"
500600,NOVA ALVORADA DO SUL,MS,09/2022,221,72,"32,58",52,20,"72,22",149,"67,42",4,145,"65,61"
500600,NOVA ALVORADA DO SUL,MS,11/2022,207,6,"2,90",6,0,"100,00",201,"97,10",65,136,"65,70"
500620,NOVA ANDRADINA,MS,11/2022,524,352,"67,18",332,20,"94,32",172,"32,82",46,126,"24,05"
500620,NOVA ANDRADINA,MS,09/2022,539,413,"76,62",390,23,"94,43",126,"23,38",10,116,"21,52"
500620,NOVA ANDRADINA,MS,07/2022,495,350,"70,71",322,28,"92,00",145,"29,29",4,141,"28,48"
500625,NOVO HORIZONTE DO SUL,MS,07/2022,29,19,"65,52",17,2,"89,47",10,"34,48",1,9,"31,03"
500625,NOVO HORIZONTE DO SUL,MS,09/2022,36,24,"66,67",23,1,"95,83",12,"33,33",1,11,"30,56"
500625,NOVO HORIZONTE DO SUL,MS,11/2022,32,21,"65,63",21,0,"100,00",11,"34,38",0,11,"34,38"
500627,PARAÍSO DAS ÁGUAS,MS,11/2022,47,38,"80,85",38,0,"100,00",9,"19,15",1,8,"17,02"
500627,PARAÍSO DAS ÁGUAS,MS,09/2022,43,32,"74,42",32,0,"100,00",11,"25,58",1,10,"23,26"
500627,PARAÍSO DAS ÁGUAS,MS,07/2022,38,22,"57,89",22,0,"100,00",16,"42,11",1,15,"39,47"
500630,PARANAÍBA,MS,07/2022,281,174,"61,92",151,23,"86,78",107,"38,08",3,104,"37,01"
500630,PARANAÍBA,MS,09/2022,298,227,"76,17",211,16,"92,95",71,"23,83",2,69,"23,15"
500630,PARANAÍBA,MS,11/2022,290,220,"75,86",204,16,"92,73",70,"24,14",4,66,"22,76"
500635,PARANHOS,MS,11/2022,455,430,"94,51",430,0,"100,00",25,"5,49",0,25,"5,49"
500635,PARANHOS,MS,09/2022,464,358,"77,16",358,0,"100,00",106,"22,84",81,25,"5,39"
500635,PARANHOS,MS,07/2022,446,423,"94,84",423,0,"100,00",23,"5,16",0,23,"5,16"
500640,PEDRO GOMES,MS,07/2022,104,95,"91,35",95,0,"100,00",9,"8,65",0,9,"8,65"
500640,PEDRO GOMES,MS,09/2022,110,103,"93,64",102,1,"99,03",7,"6,36",0,7,"6,36"
500640,PEDRO GOMES,MS,11/2022,111,103,"92,79",103,0,"100,00",8,"7,21",0,8,"7,21"
500660,PONTA PORÃ,MS,11/2022,1483,848,"57,18",804,44,"94,81",635,"42,82",8,627,"42,28"
500660,PONTA PORÃ,MS,09/2022,1448,774,"53,45",761,13,"98,32",674,"46,55",5,669,"46,20"
500660,PONTA PORÃ,MS,07/2022,1379,756,"54,82",716,40,"94,71",623,"45,18",4,619,"44,89"
500690,PORTO MURTINHO,MS,07/2022,205,103,"50,24",102,1,"99,03",102,"49,76",31,71,"34,63"
500690,PORTO MURTINHO,MS,09/2022,219,141,"64,38",139,2,"98,58",78,"35,62",16,62,"28,31"
500690,PORTO MURTINHO,MS,11/2022,226,145,"64,16",145,0,"100,00",81,"35,84",17,64,"28,32"
500710,RIBAS DO RIO PARDO,MS,11/2022,216,118,"54,63",110,8,"93,22",98,"45,37",46,52,"24,07"
500710,RIBAS DO RIO PARDO,MS,09/2022,207,113,"54,59",108,5,"95,58",94,"45,41",40,54,"26,09"
500710,RIBAS DO RIO PARDO,MS,07/2022,210,91,"43,33",82,9,"90,11",119,"56,67",44,75,"35,71"
500720,RIO BRILHANTE,MS,07/2022,278,93,"33,45",81,12,"87,10",185,"66,55",75,110,"39,57"
500720,RIO BRILHANTE,MS,09/2022,282,157,"55,67",139,18,"88,54",125,"44,33",21,104,"36,88"
500720,RIO BRILHANTE,MS,11/2022,291,182,"62,54",175,7,"96,15",109,"37,46",8,101,"34,71"
500730,RIO NEGRO,MS,11/2022,48,42,"87,50",42,0,"100,00",6,"12,50",0,6,"12,50"
500730,RIO NEGRO,MS,09/2022,47,42,"89,36",42,0,"100,00",5,"10,64",0,5,"10,64"
500730,RIO NEGRO,MS,07/2022,46,41,"89,13",41,0,"100,00",5,"10,87",0,5,"10,87"
500740,RIO VERDE DE MATO GROSSO,MS,07/2022,239,154,"64,44",153,1,"99,35",85,"35,56",0,85,"35,56"
500740,RIO VERDE DE MATO GROSSO,MS,09/2022,261,179,"68,58",157,22,"87,71",82,"31,42",1,81,"31,03"
500740,RIO VERDE DE MATO GROSSO,MS,11/2022,249,181,"72,69",174,7,"96,13",68,"27,31",1,67,"26,91"
500750,ROCHEDO,MS,11/2022,50,30,"60,00",30,0,"100,00",20,"40,00",0,20,"40,00"
500750,ROCHEDO,MS,09/2022,46,29,"63,04",29,0,"100,00",17,"36,96",0,17,"36,96"
500750,ROCHEDO,MS,07/2022,36,0,"0,00",0,0,,36,"100,00",31,5,"13,89"
500755,SANTA RITA DO PARDO,MS,07/2022,34,23,"67,65",20,3,"86,96",11,"32,35",1,10,"29,41"
500755,SANTA RITA DO PARDO,MS,09/2022,37,25,"67,57",23,2,"92,00",12,"32,43",0,12,"32,43"
500755,SANTA RITA DO PARDO,MS,11/2022,39,26,"66,67",23,3,"88,46",13,"33,33",2,11,"28,21"
500769,SÃO GABRIEL DO OESTE,MS,11/2022,201,127,"63,18",100,27,"78,74",74,"36,82",1,73,"36,32"
500769,SÃO GABRIEL DO OESTE,MS,09/2022,187,124,"66,31",104,20,"83,87",63,"33,69",1,62,"33,16"
500769,SÃO GABRIEL DO OESTE,MS,07/2022,174,117,"67,24",98,19,"83,76",57,"32,76",1,56,"32,18"
500770,SETE QUEDAS,MS,07/2022,93,43,"46,24",33,10,"76,74",50,"53,76",21,29,"31,18"
500770,SETE QUEDAS,MS,09/2022,103,69,"66,99",68,1,"98,55",34,"33,01",2,32,"31,07"
500770,SETE QUEDAS,MS,11/2022,104,57,"54,81",52,5,"91,23",47,"45,19",2,45,"43,27"
500780,SELVÍRIA,MS,11/2022,64,26,"40,63",26,0,"100,00",38,"59,38",1,37,"57,81"
500780,SELVÍRIA,MS,09/2022,62,25,"40,32",25,0,"100,00",37,"59,68",1,36,"58,06"
500780,SELVÍRIA,MS,07/2022,61,29,"47,54",28,1,"96,55",32,"52,46",0,32,"52,46"
500790,SIDROLÂNDIA,MS,07/2022,550,114,"20,73",111,3,"97,37",436,"79,27",171,265,"48,18"
500790,SIDROLÂNDIA,MS,09/2022,590,160,"27,12",151,9,"94,38",430,"72,88",125,305,"51,69"
500790,SIDROLÂNDIA,MS,11/2022,583,194,"33,28",178,16,"91,75",389,"66,72",31,358,"61,41"
500793,SONORA,MS,11/2022,139,100,"71,94",92,8,"92,00",39,"28,06",0,39,"28,06"
500793,SONORA,MS,09/2022,136,49,"36,03",35,14,"71,43",87,"63,97",49,38,"27,94"
500793,SONORA,MS,07/2022,124,86,"69,35",75,11,"87,21",38,"30,65",3,35,"28,23"
500795,TACURU,MS,07/2022,301,283,"94,02",283,0,"100,00",18,"5,98",0,18,"5,98"
500795,TACURU,MS,09/2022,323,296,"91,64",296,0,"100,00",27,"8,36",4,23,"7,12"
500795,TACURU,MS,11/2022,320,297,"92,81",297,0,"100,00",23,"7,19",0,23,"7,19"
500797,TAQUARUSSU,MS,11/2022,53,48,"90,57",48,0,"100,00",5,"9,43",0,5,"9,43"
500797,TAQUARUSSU,MS,09/2022,60,56,"93,33",56,0,"100,00",4,"6,67",0,4,"6,67"
500797,TAQUARUSSU,MS,07/2022,56,52,"92,86",52,0,"100,00",4,"7,14",0,4,"7,14"
500800,TERENOS,MS,07/2022,173,58,"33,53",58,0,"100,00",115,"66,47",2,113,"65,32"
500800,TERENOS,MS,09/2022,188,63,"33,51",63,0,"100,00",125,"66,49",2,123,"65,43"
500800,TERENOS,MS,11/2022,183,98,"53,55",97,1,"98,98",85,"46,45",2,83,"45,36"
500830,TRÊS LAGOAS,MS,11/2022,981,707,"72,07",673,34,"95,19",274,"27,93",6,268,"27,32"
500830,TRÊS LAGOAS,MS,09/2022,953,663,"69,57",643,20,"96,98",290,"30,43",28,262,"27,49"
500830,TRÊS LAGOAS,MS,07/2022,800,560,"70,00",533,27,"95,18",240,"30,00",22,218,"27,25"
500840,VICENTINA,MS,07/2022,69,54,"78,26",41,13,"75,93",15,"21,74",0,15,"21,74"
500840,VICENTINA,MS,09/2022,75,59,"78,67",47,12,"79,66",16,"21,33",0,16,"21,33"
500840,VICENTINA,MS,11/2022,72,55,"76,39",48,7,"87,27",17,"23,61",0,17,"23,61"
510010,ACORIZAL,MT,11/2022,131,109,"83,21",104,5,"95,41",22,"16,79",3,19,"14,50"
510010,ACORIZAL,MT,09/2022,124,97,"78,23",75,22,"77,32",27,"21,77",13,14,"11,29"
510010,ACORIZAL,MT,07/2022,118,99,"83,90",93,6,"93,94",19,"16,10",3,16,"13,56"
510020,ÁGUA BOA,MT,07/2022,135,11,"8,15",11,0,"100,00",124,"91,85",79,45,"33,33"
510020,ÁGUA BOA,MT,09/2022,178,112,"62,92",108,4,"96,43",66,"37,08",4,62,"34,83"
510020,ÁGUA BOA,MT,11/2022,188,110,"58,51",110,0,"100,00",78,"41,49",2,76,"40,43"
510025,ALTA FLORESTA,MT,11/2022,403,251,"62,28",244,7,"97,21",152,"37,72",31,121,"30,02"
510025,ALTA FLORESTA,MT,09/2022,400,70,"17,50",63,7,"90,00",330,"82,50",209,121,"30,25"
510025,ALTA FLORESTA,MT,07/2022,368,29,"7,88",28,1,"96,55",339,"92,12",237,102,"27,72"
510030,ALTO ARAGUAIA,MT,07/2022,133,117,"87,97",117,0,"100,00",16,"12,03",2,14,"10,53"
510030,ALTO ARAGUAIA,MT,09/2022,143,128,"89,51",128,0,"100,00",15,"10,49",12,3,"2,10"
510030,ALTO ARAGUAIA,MT,11/2022,132,127,"96,21",127,0,"100,00",5,"3,79",0,5,"3,79"
510035,ALTO BOA VISTA,MT,11/2022,69,64,"92,75",60,4,"93,75",5,"7,25",1,4,"5,80"
510035,ALTO BOA VISTA,MT,09/2022,82,71,"86,59",70,1,"98,59",11,"13,41",2,9,"10,98"
510035,ALTO BOA VISTA,MT,07/2022,81,74,"91,36",74,0,"100,00",7,"8,64",1,6,"7,41"
510040,ALTO GARÇAS,MT,07/2022,166,57,"34,34",57,0,"100,00",109,"65,66",72,37,"22,29"
510040,ALTO GARÇAS,MT,09/2022,175,171,"97,71",165,6,"96,49",4,"2,29",1,3,"1,71"
510040,ALTO GARÇAS,MT,11/2022,163,152,"93,25",152,0,"100,00",11,"6,75",9,2,"1,23"
510050,ALTO PARAGUAI,MT,11/2022,143,82,"57,34",51,31,"62,20",61,"42,66",38,23,"16,08"
510050,ALTO PARAGUAI,MT,09/2022,145,91,"62,76",57,34,"62,64",54,"37,24",35,19,"13,10"
510050,ALTO PARAGUAI,MT,07/2022,151,118,"78,15",95,23,"80,51",33,"21,85",15,18,"11,92"
510060,ALTO TAQUARI,MT,07/2022,52,0,"0,00",0,0,,52,"100,00",46,6,"11,54"
510060,ALTO TAQUARI,MT,09/2022,73,64,"87,67",64,0,"100,00",9,"12,33",0,9,"12,33"
510060,ALTO TAQUARI,MT,11/2022,72,60,"83,33",60,0,"100,00",12,"16,67",0,12,"16,67"
510080,APIACÁS,MT,11/2022,130,37,"28,46",36,1,"97,30",93,"71,54",57,36,"27,69"
510080,APIACÁS,MT,09/2022,131,92,"70,23",71,21,"77,17",39,"29,77",1,38,"29,01"
510080,APIACÁS,MT,07/2022,123,84,"68,29",77,7,"91,67",39,"31,71",2,37,"30,08"
510100,ARAGUAIANA,MT,07/2022,29,26,"89,66",21,5,"80,77",3,"10,34",0,3,"10,34"
510100,ARAGUAIANA,MT,09/2022,31,25,"80,65",24,1,"96,00",6,"19,35",0,6,"19,35"
510100,ARAGUAIANA,MT,11/2022,36,28,"77,78",28,0,"100,00",8,"22,22",0,8,"22,22"
510120,ARAGUAINHA,MT,11/2022,14,8,"57,14",7,1,"87,50",6,"42,86",2,4,"28,57"
510120,ARAGUAINHA,MT,09/2022,14,14,"100,00",11,3,"78,57",0,"0,00",0,0,"0,00"
510120,ARAGUAINHA,MT,07/2022,12,0,"0,00",0,0,,12,"100,00",12,0,"0,00"
510125,ARAPUTANGA,MT,07/2022,147,106,"72,11",105,1,"99,06",41,"27,89",8,33,"22,45"
510125,ARAPUTANGA,MT,09/2022,147,59,"40,14",59,0,"100,00",88,"59,86",55,33,"22,45"
510125,ARAPUTANGA,MT,11/2022,140,101,"72,14",93,8,"92,08",39,"27,86",5,34,"24,29"
510130,ARENÁPOLIS,MT,11/2022,110,92,"83,64",89,3,"96,74",18,"16,36",1,17,"15,45"
510130,ARENÁPOLIS,MT,09/2022,104,62,"59,62",55,7,"88,71",42,"40,38",4,38,"36,54"
510130,ARENÁPOLIS,MT,07/2022,99,37,"37,37",32,5,"86,49",62,"62,63",25,37,"37,37"
510140,ARIPUANÃ,MT,07/2022,264,184,"69,70",164,20,"89,13",80,"30,30",3,77,"29,17"
510140,ARIPUANÃ,MT,09/2022,274,197,"71,90",183,14,"92,89",77,"28,10",1,76,"27,74"
510140,ARIPUANÃ,MT,11/2022,288,208,"72,22",192,16,"92,31",80,"27,78",2,78,"27,08"
510160,BARÃO DE MELGAÇO,MT,11/2022,172,137,"79,65",132,5,"96,35",35,"20,35",5,30,"17,44"
510160,BARÃO DE MELGAÇO,MT,09/2022,177,142,"80,23",138,4,"97,18",35,"19,77",3,32,"18,08"
510160,BARÃO DE MELGAÇO,MT,07/2022,170,97,"57,06",94,3,"96,91",73,"42,94",26,47,"27,65"
510170,BARRA DO BUGRES,MT,07/2022,383,232,"60,57",232,0,"100,00",151,"39,43",8,143,"37,34"
510170,BARRA DO BUGRES,MT,09/2022,385,283,"73,51",231,52,"81,63",102,"26,49",23,79,"20,52"
510170,BARRA DO BUGRES,MT,11/2022,372,217,"58,33",166,51,"76,50",155,"41,67",89,66,"17,74"
510180,BARRA DO GARÇAS,MT,11/2022,856,710,"82,94",672,38,"94,65",146,"17,06",44,102,"11,92"
510180,BARRA DO GARÇAS,MT,09/2022,799,628,"78,60",596,32,"94,90",171,"21,40",64,107,"13,39"
510180,BARRA DO GARÇAS,MT,07/2022,724,555,"76,66",517,38,"93,15",169,"23,34",45,124,"17,13"
510185,BOM JESUS DO ARAGUAIA,MT,07/2022,165,154,"93,33",154,0,"100,00",11,"6,67",3,8,"4,85"
510185,BOM JESUS DO ARAGUAIA,MT,09/2022,162,131,"80,86",130,1,"99,24",31,"19,14",2,29,"17,90"
510185,BOM JESUS DO ARAGUAIA,MT,11/2022,148,118,"79,73",118,0,"100,00",30,"20,27",1,29,"19,59"
510190,BRASNORTE,MT,11/2022,156,114,"73,08",107,7,"93,86",42,"26,92",8,34,"21,79"
510190,BRASNORTE,MT,09/2022,175,137,"78,29",136,1,"99,27",38,"21,71",5,33,"18,86"
510190,BRASNORTE,MT,07/2022,162,138,"85,19",116,22,"84,06",24,"14,81",6,18,"11,11"
510250,CÁCERES,MT,07/2022,1526,1406,"92,14",1357,49,"96,51",120,"7,86",20,100,"6,55"
510250,CÁCERES,MT,09/2022,1599,1496,"93,56",1479,17,"98,86",103,"6,44",7,96,"6,00"
510250,CÁCERES,MT,11/2022,1516,1423,"93,87",1397,26,"98,17",93,"6,13",5,88,"5,80"
510260,CAMPINÁPOLIS,MT,11/2022,443,290,"65,46",284,6,"97,93",153,"34,54",3,150,"33,86"
510260,CAMPINÁPOLIS,MT,09/2022,439,256,"58,31",234,22,"91,41",183,"41,69",29,154,"35,08"
510260,CAMPINÁPOLIS,MT,07/2022,416,175,"42,07",174,1,"99,43",241,"57,93",92,149,"35,82"
510263,CAMPO NOVO DO PARECIS,MT,07/2022,143,0,"0,00",0,0,,143,"100,00",75,68,"47,55"
510263,CAMPO NOVO DO PARECIS,MT,09/2022,183,86,"46,99",61,25,"70,93",97,"53,01",7,90,"49,18"
510263,CAMPO NOVO DO PARECIS,MT,11/2022,206,114,"55,34",107,7,"93,86",92,"44,66",1,91,"44,17"
510267,CAMPO VERDE,MT,11/2022,311,224,"72,03",198,26,"88,39",87,"27,97",2,85,"27,33"
510267,CAMPO VERDE,MT,09/2022,308,217,"70,45",182,35,"83,87",91,"29,55",4,87,"28,25"
510267,CAMPO VERDE,MT,07/2022,263,165,"62,74",150,15,"90,91",98,"37,26",14,84,"31,94"
510268,CAMPOS DE JÚLIO,MT,07/2022,61,52,"85,25",33,19,"63,46",9,"14,75",0,9,"14,75"
510268,CAMPOS DE JÚLIO,MT,09/2022,66,49,"74,24",33,16,"67,35",17,"25,76",2,15,"22,73"
510268,CAMPOS DE JÚLIO,MT,11/2022,58,45,"77,59",34,11,"75,56",13,"22,41",0,13,"22,41"
510269,CANABRAVA DO NORTE,MT,11/2022,73,51,"69,86",51,0,"100,00",22,"30,14",1,21,"28,77"
510269,CANABRAVA DO NORTE,MT,09/2022,75,51,"68,00",51,0,"100,00",24,"32,00",4,20,"26,67"
510269,CANABRAVA DO NORTE,MT,07/2022,73,47,"64,38",47,0,"100,00",26,"35,62",2,24,"32,88"
510270,CANARANA,MT,07/2022,227,181,"79,74",175,6,"96,69",46,"20,26",6,40,"17,62"
510270,CANARANA,MT,09/2022,236,162,"68,64",147,15,"90,74",74,"31,36",1,73,"30,93"
510270,CANARANA,MT,11/2022,233,158,"67,81",128,30,"81,01",75,"32,19",0,75,"32,19"
510279,CARLINDA,MT,11/2022,95,79,"83,16",72,7,"91,14",16,"16,84",1,15,"15,79"
510279,CARLINDA,MT,09/2022,104,83,"79,81",71,12,"85,54",21,"20,19",5,16,"15,38"
510279,CARLINDA,MT,07/2022,88,75,"85,23",68,7,"90,67",13,"14,77",0,13,"14,77"
510285,CASTANHEIRA,MT,07/2022,76,65,"85,53",61,4,"93,85",11,"14,47",1,10,"13,16"
510285,CASTANHEIRA,MT,09/2022,74,64,"86,49",58,6,"90,63",10,"13,51",1,9,"12,16"
510285,CASTANHEIRA,MT,11/2022,70,65,"92,86",58,7,"89,23",5,"7,14",0,5,"7,14"
510300,CHAPADA DOS GUIMARÃES,MT,11/2022,337,296,"87,83",249,47,"84,12",41,"12,17",3,38,"11,28"
510300,CHAPADA DOS GUIMARÃES,MT,09/2022,332,277,"83,43",192,85,"69,31",55,"16,57",2,53,"15,96"
510300,CHAPADA DOS GUIMARÃES,MT,07/2022,331,274,"82,78",220,54,"80,29",57,"17,22",6,51,"15,41"
510305,CLÁUDIA,MT,07/2022,81,64,"79,01",64,0,"100,00",17,"20,99",2,15,"18,52"
510305,CLÁUDIA,MT,09/2022,85,70,"82,35",69,1,"98,57",15,"17,65",0,15,"17,65"
510305,CLÁUDIA,MT,11/2022,88,68,"77,27",67,1,"98,53",20,"22,73",0,20,"22,73"
510310,COCALINHO,MT,11/2022,61,48,"78,69",27,21,"56,25",13,"21,31",0,13,"21,31"
510310,COCALINHO,MT,09/2022,62,51,"82,26",28,23,"54,90",11,"17,74",2,9,"14,52"
510310,COCALINHO,MT,07/2022,54,46,"85,19",30,16,"65,22",8,"14,81",0,8,"14,81"
510320,COLÍDER,MT,07/2022,161,117,"72,67",95,22,"81,20",44,"27,33",9,35,"21,74"
510320,COLÍDER,MT,09/2022,163,129,"79,14",107,22,"82,95",34,"20,86",3,31,"19,02"
510320,COLÍDER,MT,11/2022,171,131,"76,61",110,21,"83,97",40,"23,39",3,37,"21,64"
510325,COLNIZA,MT,11/2022,316,208,"65,82",207,1,"99,52",108,"34,18",3,105,"33,23"
510325,COLNIZA,MT,09/2022,324,221,"68,21",221,0,"100,00",103,"31,79",3,100,"30,86"
510325,COLNIZA,MT,07/2022,328,265,"80,79",262,3,"98,87",63,"19,21",8,55,"16,77"
510330,COMODORO,MT,07/2022,170,90,"52,94",84,6,"93,33",80,"47,06",10,70,"41,18"
510330,COMODORO,MT,09/2022,184,111,"60,33",99,12,"89,19",73,"39,67",3,70,"38,04"
510330,COMODORO,MT,11/2022,188,116,"61,70",106,10,"91,38",72,"38,30",4,68,"36,17"
510335,CONFRESA,MT,11/2022,521,306,"58,73",279,27,"91,18",215,"41,27",37,178,"34,17"
510335,CONFRESA,MT,09/2022,526,323,"61,41",323,0,"100,00",203,"38,59",50,153,"29,09"
510335,CONFRESA,MT,07/2022,490,260,"53,06",252,8,"96,92",230,"46,94",56,174,"35,51"
510336,CONQUISTA D´OESTE,MT,07/2022,36,0,"0,00",0,0,,36,"100,00",31,5,"13,89"
510336,CONQUISTA D´OESTE,MT,09/2022,37,30,"81,08",29,1,"96,67",7,"18,92",2,5,"13,51"
510336,CONQUISTA D´OESTE,MT,11/2022,40,32,"80,00",32,0,"100,00",8,"20,00",2,6,"15,00"
510337,COTRIGUAÇU,MT,11/2022,126,84,"66,67",66,18,"78,57",42,"33,33",0,42,"33,33"
510337,COTRIGUAÇU,MT,09/2022,118,75,"63,56",56,19,"74,67",43,"36,44",0,43,"36,44"
510337,COTRIGUAÇU,MT,07/2022,117,88,"75,21",86,2,"97,73",29,"24,79",1,28,"23,93"
510340,CUIABÁ,MT,07/2022,4689,3194,"68,12",3134,60,"98,12",1495,"31,88",75,1420,"30,28"
510340,CUIABÁ,MT,09/2022,5222,3690,"70,66",3559,131,"96,45",1532,"29,34",44,1488,"28,49"
510340,CUIABÁ,MT,11/2022,5362,3961,"73,87",3844,117,"97,05",1401,"26,13",30,1371,"25,57"
510343,CURVELÂNDIA,MT,11/2022,71,63,"88,73",63,0,"100,00",8,"11,27",0,8,"11,27"
510343,CURVELÂNDIA,MT,09/2022,70,60,"85,71",58,2,"96,67",10,"14,29",0,10,"14,29"
510343,CURVELÂNDIA,MT,07/2022,62,52,"83,87",52,0,"100,00",10,"16,13",1,9,"14,52"
510345,DENISE,MT,07/2022,95,80,"84,21",67,13,"83,75",15,"15,79",5,10,"10,53"
510345,DENISE,MT,09/2022,97,5,"5,15",3,2,"60,00",92,"94,85",83,9,"9,28"
510345,DENISE,MT,11/2022,100,87,"87,00",69,18,"79,31",13,"13,00",3,10,"10,00"
510350,DIAMANTINO,MT,11/2022,188,153,"81,38",139,14,"90,85",35,"18,62",1,34,"18,09"
510350,DIAMANTINO,MT,09/2022,199,165,"82,91",141,24,"85,45",34,"17,09",3,31,"15,58"
510350,DIAMANTINO,MT,07/2022,196,132,"67,35",113,19,"85,61",64,"32,65",2,62,"31,63"
510360,DOM AQUINO,MT,07/2022,107,20,"18,69",16,4,"80,00",87,"81,31",67,20,"18,69"
510360,DOM AQUINO,MT,09/2022,111,4,"3,60",1,3,"25,00",107,"96,40",93,14,"12,61"
510360,DOM AQUINO,MT,11/2022,124,110,"88,71",109,1,"99,09",14,"11,29",1,13,"10,48"
510370,FELIZ NATAL,MT,11/2022,171,140,"81,87",136,4,"97,14",31,"18,13",0,31,"18,13"
510370,FELIZ NATAL,MT,09/2022,168,141,"83,93",140,1,"99,29",27,"16,07",4,23,"13,69"
510370,FELIZ NATAL,MT,07/2022,155,129,"83,23",122,7,"94,57",26,"16,77",0,26,"16,77"
510380,FIGUEIRÓPOLIS D´OESTE,MT,07/2022,29,19,"65,52",17,2,"89,47",10,"34,48",0,10,"34,48"
510380,FIGUEIRÓPOLIS D´OESTE,MT,09/2022,31,22,"70,97",19,3,"86,36",9,"29,03",1,8,"25,81"
510380,FIGUEIRÓPOLIS D´OESTE,MT,11/2022,28,19,"67,86",17,2,"89,47",9,"32,14",0,9,"32,14"
510385,GAÚCHA DO NORTE,MT,11/2022,198,173,"87,37",165,8,"95,38",25,"12,63",4,21,"10,61"
510385,GAÚCHA DO NORTE,MT,09/2022,204,175,"85,78",173,2,"98,86",29,"14,22",7,22,"10,78"
510385,GAÚCHA DO NORTE,MT,07/2022,197,171,"86,80",170,1,"99,42",26,"13,20",3,23,"11,68"
510390,GENERAL CARNEIRO,MT,07/2022,155,115,"74,19",101,14,"87,83",40,"25,81",1,39,"25,16"
510390,GENERAL CARNEIRO,MT,09/2022,165,119,"72,12",108,11,"90,76",46,"27,88",1,45,"27,27"
510390,GENERAL CARNEIRO,MT,11/2022,155,113,"72,90",108,5,"95,58",42,"27,10",1,41,"26,45"
510395,GLÓRIA D´OESTE,MT,11/2022,50,43,"86,00",35,8,"81,40",7,"14,00",1,6,"12,00"
510395,GLÓRIA D´OESTE,MT,09/2022,51,47,"92,16",47,0,"100,00",4,"7,84",2,2,"3,92"
510395,GLÓRIA D´OESTE,MT,07/2022,51,45,"88,24",45,0,"100,00",6,"11,76",3,3,"5,88"
510410,GUARANTÃ DO NORTE,MT,07/2022,440,325,"73,86",321,4,"98,77",115,"26,14",2,113,"25,68"
510410,GUARANTÃ DO NORTE,MT,09/2022,469,238,"50,75",216,22,"90,76",231,"49,25",111,120,"25,59"
510410,GUARANTÃ DO NORTE,MT,11/2022,446,254,"56,95",228,26,"89,76",192,"43,05",80,112,"25,11"
510420,GUIRATINGA,MT,11/2022,139,77,"55,40",77,0,"100,00",62,"44,60",29,33,"23,74"
510420,GUIRATINGA,MT,09/2022,147,77,"52,38",77,0,"100,00",70,"47,62",35,35,"23,81"
510420,GUIRATINGA,MT,07/2022,145,83,"57,24",83,0,"100,00",62,"42,76",27,35,"24,14"
510450,INDIAVAÍ,MT,07/2022,24,14,"58,33",14,0,"100,00",10,"41,67",4,6,"25,00"
510450,INDIAVAÍ,MT,09/2022,22,13,"59,09",12,1,"92,31",9,"40,91",5,4,"18,18"
510450,INDIAVAÍ,MT,11/2022,21,14,"66,67",11,3,"78,57",7,"33,33",1,6,"28,57"
510452,IPIRANGA DO NORTE,MT,11/2022,62,42,"67,74",32,10,"76,19",20,"32,26",1,19,"30,65"
510452,IPIRANGA DO NORTE,MT,09/2022,61,42,"68,85",19,23,"45,24",19,"31,15",0,19,"31,15"
510452,IPIRANGA DO NORTE,MT,07/2022,53,35,"66,04",12,23,"34,29",18,"33,96",2,16,"30,19"
510454,ITANHANGÁ,MT,07/2022,73,44,"60,27",34,10,"77,27",29,"39,73",3,26,"35,62"
510454,ITANHANGÁ,MT,09/2022,91,57,"62,64",37,20,"64,91",34,"37,36",1,33,"36,26"
510454,ITANHANGÁ,MT,11/2022,97,60,"61,86",40,20,"66,67",37,"38,14",1,36,"37,11"
510455,ITAÚBA,MT,11/2022,57,33,"57,89",28,5,"84,85",24,"42,11",1,23,"40,35"
510455,ITAÚBA,MT,09/2022,54,0,"0,00",0,0,,54,"100,00",28,26,"48,15"
510455,ITAÚBA,MT,07/2022,57,30,"52,63",24,6,"80,00",27,"47,37",4,23,"40,35"
510460,ITIQUIRA,MT,07/2022,123,74,"60,16",63,11,"85,14",49,"39,84",3,46,"37,40"
510460,ITIQUIRA,MT,09/2022,119,88,"73,95",62,26,"70,45",31,"26,05",11,20,"16,81"
510460,ITIQUIRA,MT,11/2022,107,86,"80,37",66,20,"76,74",21,"19,63",1,20,"18,69"
510480,JACIARA,MT,11/2022,243,110,"45,27",102,8,"92,73",133,"54,73",95,38,"15,64"
510480,JACIARA,MT,09/2022,249,206,"82,73",167,39,"81,07",43,"17,27",14,29,"11,65"
510480,JACIARA,MT,07/2022,235,164,"69,79",159,5,"96,95",71,"30,21",18,53,"22,55"
510490,JANGADA,MT,07/2022,143,103,"72,03",96,7,"93,20",40,"27,97",34,6,"4,20"
510490,JANGADA,MT,09/2022,150,121,"80,67",113,8,"93,39",29,"19,33",20,9,"6,00"
510490,JANGADA,MT,11/2022,149,121,"81,21",117,4,"96,69",28,"18,79",18,10,"6,71"
510500,JAURU,MT,11/2022,83,62,"74,70",57,5,"91,94",21,"25,30",3,18,"21,69"
510500,JAURU,MT,09/2022,87,67,"77,01",61,6,"91,04",20,"22,99",2,18,"20,69"
510500,JAURU,MT,07/2022,92,67,"72,83",61,6,"91,04",25,"27,17",2,23,"25,00"
510510,JUARA,MT,07/2022,280,202,"72,14",193,9,"95,54",78,"27,86",9,69,"24,64"
510510,JUARA,MT,09/2022,281,173,"61,57",164,9,"94,80",108,"38,43",42,66,"23,49"
510510,JUARA,MT,11/2022,303,144,"47,52",141,3,"97,92",159,"52,48",85,74,"24,42"
510515,JUÍNA,MT,11/2022,283,235,"83,04",210,25,"89,36",48,"16,96",0,48,"16,96"
510515,JUÍNA,MT,09/2022,285,228,"80,00",178,50,"78,07",57,"20,00",2,55,"19,30"
510515,JUÍNA,MT,07/2022,278,217,"78,06",183,34,"84,33",61,"21,94",3,58,"20,86"
510517,JURUENA,MT,07/2022,106,76,"71,70",58,18,"76,32",30,"28,30",0,30,"28,30"
510517,JURUENA,MT,09/2022,110,72,"65,45",58,14,"80,56",38,"34,55",2,36,"32,73"
510517,JURUENA,MT,11/2022,116,66,"56,90",42,24,"63,64",50,"43,10",4,46,"39,66"
510520,JUSCIMEIRA,MT,11/2022,102,86,"84,31",81,5,"94,19",16,"15,69",1,15,"14,71"
510520,JUSCIMEIRA,MT,09/2022,103,89,"86,41",87,2,"97,75",14,"13,59",0,14,"13,59"
510520,JUSCIMEIRA,MT,07/2022,100,0,"0,00",0,0,,100,"100,00",96,4,"4,00"
510523,LAMBARI D´OESTE,MT,07/2022,95,34,"35,79",32,2,"94,12",61,"64,21",35,26,"27,37"
510523,LAMBARI D´OESTE,MT,09/2022,95,77,"81,05",76,1,"98,70",18,"18,95",12,6,"6,32"
510523,LAMBARI D´OESTE,MT,11/2022,90,73,"81,11",73,0,"100,00",17,"18,89",12,5,"5,56"
510525,LUCAS DO RIO VERDE,MT,11/2022,471,374,"79,41",322,52,"86,10",97,"20,59",9,88,"18,68"
510525,LUCAS DO RIO VERDE,MT,09/2022,472,364,"77,12",305,59,"83,79",108,"22,88",31,77,"16,31"
510525,LUCAS DO RIO VERDE,MT,07/2022,392,314,"80,10",296,18,"94,27",78,"19,90",16,62,"15,82"
510530,LUCIÁRA,MT,07/2022,53,1,"1,89",1,0,"100,00",52,"98,11",48,4,"7,55"
510530,LUCIÁRA,MT,09/2022,52,3,"5,77",3,0,"100,00",49,"94,23",35,14,"26,92"
510530,LUCIÁRA,MT,11/2022,57,28,"49,12",25,3,"89,29",29,"50,88",10,19,"33,33"
510550,VILA BELA DA SANTÍSSIMA TRINDADE,MT,11/2022,246,204,"82,93",204,0,"100,00",42,"17,07",4,38,"15,45"
510550,VILA BELA DA SANTÍSSIMA TRINDADE,MT,09/2022,246,202,"82,11",202,0,"100,00",44,"17,89",2,42,"17,07"
510550,VILA BELA DA SANTÍSSIMA TRINDADE,MT,07/2022,242,203,"83,88",201,2,"99,01",39,"16,12",9,30,"12,40"
510558,MARCELÂNDIA,MT,07/2022,185,165,"89,19",125,40,"75,76",20,"10,81",3,17,"9,19"
510558,MARCELÂNDIA,MT,09/2022,183,143,"78,14",133,10,"93,01",40,"21,86",4,36,"19,67"
510558,MARCELÂNDIA,MT,11/2022,171,166,"97,08",144,22,"86,75",5,"2,92",1,4,"2,34"
510560,MATUPÁ,MT,11/2022,156,122,"78,21",120,2,"98,36",34,"21,79",17,17,"10,90"
510560,MATUPÁ,MT,09/2022,166,122,"73,49",122,0,"100,00",44,"26,51",24,20,"12,05"
510560,MATUPÁ,MT,07/2022,144,109,"75,69",109,0,"100,00",35,"24,31",19,16,"11,11"
510562,MIRASSOL D´OESTE,MT,07/2022,373,284,"76,14",245,39,"86,27",89,"23,86",10,79,"21,18"
510562,MIRASSOL D´OESTE,MT,09/2022,395,319,"80,76",251,68,"78,68",76,"19,24",4,72,"18,23"
510562,MIRASSOL D´OESTE,MT,11/2022,383,315,"82,25",246,69,"78,10",68,"17,75",3,65,"16,97"
510590,NOBRES,MT,11/2022,284,184,"64,79",161,23,"87,50",100,"35,21",1,99,"34,86"
510590,NOBRES,MT,09/2022,284,181,"63,73",170,11,"93,92",103,"36,27",1,102,"35,92"
510590,NOBRES,MT,07/2022,279,215,"77,06",215,0,"100,00",64,"22,94",7,57,"20,43"
510600,NORTELÂNDIA,MT,07/2022,66,56,"84,85",33,23,"58,93",10,"15,15",1,9,"13,64"
510600,NORTELÂNDIA,MT,09/2022,65,54,"83,08",38,16,"70,37",11,"16,92",1,10,"15,38"
510600,NORTELÂNDIA,MT,11/2022,73,60,"82,19",39,21,"65,00",13,"17,81",3,10,"13,70"
510610,NOSSA SENHORA DO LIVRAMENTO,MT,11/2022,193,165,"85,49",153,12,"92,73",28,"14,51",8,20,"10,36"
510610,NOSSA SENHORA DO LIVRAMENTO,MT,09/2022,202,162,"80,20",143,19,"88,27",40,"19,80",16,24,"11,88"
510610,NOSSA SENHORA DO LIVRAMENTO,MT,07/2022,196,160,"81,63",142,18,"88,75",36,"18,37",14,22,"11,22"
510615,NOVA BANDEIRANTES,MT,07/2022,176,106,"60,23",106,0,"100,00",70,"39,77",21,49,"27,84"
510615,NOVA BANDEIRANTES,MT,09/2022,193,22,"11,40",20,2,"90,91",171,"88,60",107,64,"33,16"
510615,NOVA BANDEIRANTES,MT,11/2022,194,113,"58,25",113,0,"100,00",81,"41,75",19,62,"31,96"
510617,NOVA NAZARÉ,MT,11/2022,124,71,"57,26",49,22,"69,01",53,"42,74",2,51,"41,13"
510617,NOVA NAZARÉ,MT,09/2022,121,57,"47,11",33,24,"57,89",64,"52,89",5,59,"48,76"
510617,NOVA NAZARÉ,MT,07/2022,112,53,"47,32",30,23,"56,60",59,"52,68",9,50,"44,64"
510618,NOVA LACERDA,MT,07/2022,91,59,"64,84",53,6,"89,83",32,"35,16",3,29,"31,87"
510618,NOVA LACERDA,MT,09/2022,99,63,"63,64",63,0,"100,00",36,"36,36",0,36,"36,36"
510618,NOVA LACERDA,MT,11/2022,87,0,"0,00",0,0,,87,"100,00",57,30,"34,48"
510619,NOVA SANTA HELENA,MT,11/2022,32,18,"56,25",18,0,"100,00",14,"43,75",2,12,"37,50"
510619,NOVA SANTA HELENA,MT,09/2022,26,20,"76,92",17,3,"85,00",6,"23,08",2,4,"15,38"
510619,NOVA SANTA HELENA,MT,07/2022,23,19,"82,61",15,4,"78,95",4,"17,39",3,1,"4,35"
510620,NOVA BRASILÂNDIA,MT,07/2022,61,48,"78,69",45,3,"93,75",13,"21,31",1,12,"19,67"
510620,NOVA BRASILÂNDIA,MT,09/2022,59,40,"67,80",33,7,"82,50",19,"32,20",1,18,"30,51"
510620,NOVA BRASILÂNDIA,MT,11/2022,60,39,"65,00",32,7,"82,05",21,"35,00",4,17,"28,33"
510621,NOVA CANAÃ DO NORTE,MT,11/2022,89,69,"77,53",62,7,"89,86",20,"22,47",4,16,"17,98"
510621,NOVA CANAÃ DO NORTE,MT,09/2022,89,69,"77,53",62,7,"89,86",20,"22,47",5,15,"16,85"
510621,NOVA CANAÃ DO NORTE,MT,07/2022,86,48,"55,81",47,1,"97,92",38,"44,19",23,15,"17,44"
510622,NOVA MUTUM,MT,07/2022,232,28,"12,07",24,4,"85,71",204,"87,93",105,99,"42,67"
510622,NOVA MUTUM,MT,09/2022,300,165,"55,00",134,31,"81,21",135,"45,00",14,121,"40,33"
510622,NOVA MUTUM,MT,11/2022,311,168,"54,02",131,37,"77,98",143,"45,98",23,120,"38,59"
510623,NOVA OLÍMPIA,MT,11/2022,177,133,"75,14",103,30,"77,44",44,"24,86",31,13,"7,34"
510623,NOVA OLÍMPIA,MT,09/2022,184,138,"75,00",131,7,"94,93",46,"25,00",21,25,"13,59"
510623,NOVA OLÍMPIA,MT,07/2022,177,107,"60,45",90,17,"84,11",70,"39,55",45,25,"14,12"
510624,NOVA UBIRATÃ,MT,07/2022,61,41,"67,21",30,11,"73,17",20,"32,79",0,20,"32,79"
510624,NOVA UBIRATÃ,MT,09/2022,62,40,"64,52",35,5,"87,50",22,"35,48",2,20,"32,26"
510624,NOVA UBIRATÃ,MT,11/2022,65,43,"66,15",43,0,"100,00",22,"33,85",1,21,"32,31"
510625,NOVA XAVANTINA,MT,11/2022,174,131,"75,29",122,9,"93,13",43,"24,71",6,37,"21,26"
510625,NOVA XAVANTINA,MT,09/2022,164,107,"65,24",106,1,"99,07",57,"34,76",9,48,"29,27"
510625,NOVA XAVANTINA,MT,07/2022,159,111,"69,81",110,1,"99,10",48,"30,19",10,38,"23,90"
510626,NOVO MUNDO,MT,07/2022,66,38,"57,58",37,1,"97,37",28,"42,42",2,26,"39,39"
510626,NOVO MUNDO,MT,09/2022,65,50,"76,92",45,5,"90,00",15,"23,08",3,12,"18,46"
510626,NOVO MUNDO,MT,11/2022,61,39,"63,93",37,2,"94,87",22,"36,07",3,19,"31,15"
510627,NOVO HORIZONTE DO NORTE,MT,11/2022,20,19,"95,00",18,1,"94,74",1,"5,00",0,1,"5,00"
510627,NOVO HORIZONTE DO NORTE,MT,09/2022,27,26,"96,30",25,1,"96,15",1,"3,70",0,1,"3,70"
510627,NOVO HORIZONTE DO NORTE,MT,07/2022,29,28,"96,55",23,5,"82,14",1,"3,45",0,1,"3,45"
510628,NOVO SÃO JOAQUIM,MT,07/2022,88,62,"70,45",62,0,"100,00",26,"29,55",2,24,"27,27"
510628,NOVO SÃO JOAQUIM,MT,09/2022,93,24,"25,81",23,1,"95,83",69,"74,19",46,23,"24,73"
510628,NOVO SÃO JOAQUIM,MT,11/2022,97,70,"72,16",48,22,"68,57",27,"27,84",1,26,"26,80"
510629,PARANAÍTA,MT,11/2022,114,104,"91,23",63,41,"60,58",10,"8,77",5,5,"4,39"
510629,PARANAÍTA,MT,09/2022,114,68,"59,65",55,13,"80,88",46,"40,35",8,38,"33,33"
510629,PARANAÍTA,MT,07/2022,112,48,"42,86",35,13,"72,92",64,"57,14",20,44,"39,29"
510630,PARANATINGA,MT,07/2022,208,154,"74,04",136,18,"88,31",54,"25,96",2,52,"25,00"
510630,PARANATINGA,MT,09/2022,231,197,"85,28",157,40,"79,70",34,"14,72",4,30,"12,99"
510630,PARANATINGA,MT,11/2022,229,191,"83,41",150,41,"78,53",38,"16,59",2,36,"15,72"
510631,NOVO SANTO ANTÔNIO,MT,11/2022,51,20,"39,22",20,0,"100,00",31,"60,78",29,2,"3,92"
510631,NOVO SANTO ANTÔNIO,MT,09/2022,55,55,"100,00",52,3,"94,55",0,"0,00",0,0,"0,00"
510631,NOVO SANTO ANTÔNIO,MT,07/2022,46,23,"50,00",21,2,"91,30",23,"50,00",22,1,"2,17"
510637,PEDRA PRETA,MT,07/2022,189,154,"81,48",121,33,"78,57",35,"18,52",1,34,"17,99"
510637,PEDRA PRETA,MT,09/2022,199,156,"78,39",122,34,"78,21",43,"21,61",2,41,"20,60"
510637,PEDRA PRETA,MT,11/2022,194,151,"77,84",151,0,"100,00",43,"22,16",1,42,"21,65"
510642,PEIXOTO DE AZEVEDO,MT,11/2022,549,71,"12,93",70,1,"98,59",478,"87,07",199,279,"50,82"
510642,PEIXOTO DE AZEVEDO,MT,09/2022,541,91,"16,82",87,4,"95,60",450,"83,18",211,239,"44,18"
510642,PEIXOTO DE AZEVEDO,MT,07/2022,516,30,"5,81",28,2,"93,33",486,"94,19",301,185,"35,85"
510645,PLANALTO DA SERRA,MT,07/2022,65,42,"64,62",25,17,"59,52",23,"35,38",1,22,"33,85"
510645,PLANALTO DA SERRA,MT,09/2022,67,43,"64,18",33,10,"76,74",24,"35,82",1,23,"34,33"
510645,PLANALTO DA SERRA,MT,11/2022,63,40,"63,49",27,13,"67,50",23,"36,51",0,23,"36,51"
510650,POCONÉ,MT,11/2022,800,538,"67,25",538,0,"100,00",262,"32,75",6,256,"32,00"
510650,POCONÉ,MT,09/2022,805,463,"57,52",462,1,"99,78",342,"42,48",12,330,"40,99"
510650,POCONÉ,MT,07/2022,765,585,"76,47",578,7,"98,80",180,"23,53",33,147,"19,22"
510665,PONTAL DO ARAGUAIA,MT,07/2022,72,34,"47,22",30,4,"88,24",38,"52,78",9,29,"40,28"
510665,PONTAL DO ARAGUAIA,MT,09/2022,69,0,"0,00",0,0,,69,"100,00",40,29,"42,03"
510665,PONTAL DO ARAGUAIA,MT,11/2022,70,35,"50,00",20,15,"57,14",35,"50,00",4,31,"44,29"
510670,PONTE BRANCA,MT,11/2022,10,6,"60,00",6,0,"100,00",4,"40,00",0,4,"40,00"
510670,PONTE BRANCA,MT,09/2022,10,6,"60,00",5,1,"83,33",4,"40,00",0,4,"40,00"
510670,PONTE BRANCA,MT,07/2022,12,8,"66,67",8,0,"100,00",4,"33,33",0,4,"33,33"
510675,PONTES E LACERDA,MT,07/2022,381,228,"59,84",198,30,"86,84",153,"40,16",10,143,"37,53"
510675,PONTES E LACERDA,MT,09/2022,401,254,"63,34",197,57,"77,56",147,"36,66",4,143,"35,66"
510675,PONTES E LACERDA,MT,11/2022,416,275,"66,11",194,81,"70,55",141,"33,89",8,133,"31,97"
510677,PORTO ALEGRE DO NORTE,MT,11/2022,171,125,"73,10",122,3,"97,60",46,"26,90",13,33,"19,30"
510677,PORTO ALEGRE DO NORTE,MT,09/2022,163,27,"16,56",26,1,"96,30",136,"83,44",110,26,"15,95"
510677,PORTO ALEGRE DO NORTE,MT,07/2022,163,114,"69,94",114,0,"100,00",49,"30,06",22,27,"16,56"
510680,PORTO DOS GAÚCHOS,MT,07/2022,33,24,"72,73",15,9,"62,50",9,"27,27",2,7,"21,21"
510680,PORTO DOS GAÚCHOS,MT,09/2022,35,24,"68,57",9,15,"37,50",11,"31,43",4,7,"20,00"
510680,PORTO DOS GAÚCHOS,MT,11/2022,34,26,"76,47",16,10,"61,54",8,"23,53",2,6,"17,65"
510682,PORTO ESPERIDIÃO,MT,11/2022,146,96,"65,75",84,12,"87,50",50,"34,25",18,32,"21,92"
510682,PORTO ESPERIDIÃO,MT,09/2022,143,65,"45,45",59,6,"90,77",78,"54,55",49,29,"20,28"
510682,PORTO ESPERIDIÃO,MT,07/2022,124,11,"8,87",11,0,"100,00",113,"91,13",88,25,"20,16"
510685,PORTO ESTRELA,MT,07/2022,38,0,"0,00",0,0,,38,"100,00",36,2,"5,26"
510685,PORTO ESTRELA,MT,09/2022,47,44,"93,62",37,7,"84,09",3,"6,38",1,2,"4,26"
510685,PORTO ESTRELA,MT,11/2022,35,0,"0,00",0,0,,35,"100,00",33,2,"5,71"
510700,POXORÉO,MT,11/2022,301,237,"78,74",225,12,"94,94",64,"21,26",14,50,"16,61"
510700,POXORÉO,MT,09/2022,291,209,"71,82",198,11,"94,74",82,"28,18",0,82,"28,18"
510700,POXORÉO,MT,07/2022,273,188,"68,86",172,16,"91,49",85,"31,14",19,66,"24,18"
510704,PRIMAVERA DO LESTE,MT,07/2022,428,202,"47,20",179,23,"88,61",226,"52,80",85,141,"32,94"
510704,PRIMAVERA DO LESTE,MT,09/2022,507,328,"64,69",294,34,"89,63",179,"35,31",49,130,"25,64"
510704,PRIMAVERA DO LESTE,MT,11/2022,482,181,"37,55",170,11,"93,92",301,"62,45",168,133,"27,59"
510706,QUERÊNCIA,MT,11/2022,186,124,"66,67",122,2,"98,39",62,"33,33",8,54,"29,03"
510706,QUERÊNCIA,MT,09/2022,206,134,"65,05",131,3,"97,76",72,"34,95",5,67,"32,52"
510706,QUERÊNCIA,MT,07/2022,183,107,"58,47",107,0,"100,00",76,"41,53",19,57,"31,15"
510710,SÃO JOSÉ DOS QUATRO MARCOS,MT,07/2022,122,103,"84,43",89,14,"86,41",19,"15,57",1,18,"14,75"
510710,SÃO JOSÉ DOS QUATRO MARCOS,MT,09/2022,134,106,"79,10",104,2,"98,11",28,"20,90",2,26,"19,40"
510710,SÃO JOSÉ DOS QUATRO MARCOS,MT,11/2022,123,83,"67,48",81,2,"97,59",40,"32,52",13,27,"21,95"
510715,RESERVA DO CABAÇAL,MT,11/2022,26,24,"92,31",24,0,"100,00",2,"7,69",0,2,"7,69"
510715,RESERVA DO CABAÇAL,MT,09/2022,30,25,"83,33",25,0,"100,00",5,"16,67",2,3,"10,00"
510715,RESERVA DO CABAÇAL,MT,07/2022,24,23,"95,83",22,1,"95,65",1,"4,17",0,1,"4,17"
510718,RIBEIRÃO CASCALHEIRA,MT,07/2022,127,87,"68,50",81,6,"93,10",40,"31,50",26,14,"11,02"
510718,RIBEIRÃO CASCALHEIRA,MT,09/2022,124,112,"90,32",102,10,"91,07",12,"9,68",4,8,"6,45"
510718,RIBEIRÃO CASCALHEIRA,MT,11/2022,126,95,"75,40",83,12,"87,37",31,"24,60",4,27,"21,43"
510719,RIBEIRÃOZINHO,MT,11/2022,11,11,"100,00",9,2,"81,82",0,"0,00",0,0,"0,00"
510719,RIBEIRÃOZINHO,MT,09/2022,15,14,"93,33",10,4,"71,43",1,"6,67",0,1,"6,67"
510719,RIBEIRÃOZINHO,MT,07/2022,15,14,"93,33",14,0,"100,00",1,"6,67",0,1,"6,67"
510720,RIO BRANCO,MT,07/2022,61,59,"96,72",59,0,"100,00",2,"3,28",0,2,"3,28"
510720,RIO BRANCO,MT,09/2022,59,56,"94,92",56,0,"100,00",3,"5,08",1,2,"3,39"
510720,RIO BRANCO,MT,11/2022,52,24,"46,15",24,0,"100,00",28,"53,85",26,2,"3,85"
510724,SANTA CARMEM,MT,11/2022,68,45,"66,18",45,0,"100,00",23,"33,82",0,23,"33,82"
510724,SANTA CARMEM,MT,09/2022,68,42,"61,76",31,11,"73,81",26,"38,24",0,26,"38,24"
510724,SANTA CARMEM,MT,07/2022,64,0,"0,00",0,0,,64,"100,00",51,13,"20,31"
510726,SANTO AFONSO,MT,07/2022,38,0,"0,00",0,0,,38,"100,00",31,7,"18,42"
510726,SANTO AFONSO,MT,09/2022,40,20,"50,00",15,5,"75,00",20,"50,00",3,17,"42,50"
510726,SANTO AFONSO,MT,11/2022,40,23,"57,50",18,5,"78,26",17,"42,50",2,15,"37,50"
510729,SÃO JOSÉ DO POVO,MT,11/2022,17,13,"76,47",13,0,"100,00",4,"23,53",1,3,"17,65"
510729,SÃO JOSÉ DO POVO,MT,09/2022,18,16,"88,89",16,0,"100,00",2,"11,11",0,2,"11,11"
510729,SÃO JOSÉ DO POVO,MT,07/2022,20,0,"0,00",0,0,,20,"100,00",17,3,"15,00"
510730,SÃO JOSÉ DO RIO CLARO,MT,07/2022,177,116,"65,54",100,16,"86,21",61,"34,46",10,51,"28,81"
510730,SÃO JOSÉ DO RIO CLARO,MT,09/2022,174,148,"85,06",109,39,"73,65",26,"14,94",2,24,"13,79"
510730,SÃO JOSÉ DO RIO CLARO,MT,11/2022,180,143,"79,44",108,35,"75,52",37,"20,56",2,35,"19,44"
510735,SÃO JOSÉ DO XINGU,MT,11/2022,119,6,"5,04",6,0,"100,00",113,"94,96",77,36,"30,25"
510735,SÃO JOSÉ DO XINGU,MT,09/2022,131,99,"75,57",99,0,"100,00",32,"24,43",0,32,"24,43"
510735,SÃO JOSÉ DO XINGU,MT,07/2022,111,0,"0,00",0,0,,111,"100,00",82,29,"26,13"
510740,SÃO PEDRO DA CIPA,MT,07/2022,54,11,"20,37",10,1,"90,91",43,"79,63",25,18,"33,33"
510740,SÃO PEDRO DA CIPA,MT,09/2022,60,41,"68,33",41,0,"100,00",19,"31,67",0,19,"31,67"
510740,SÃO PEDRO DA CIPA,MT,11/2022,61,44,"72,13",44,0,"100,00",17,"27,87",0,17,"27,87"
510757,RONDOLÂNDIA,MT,11/2022,61,55,"90,16",52,3,"94,55",6,"9,84",0,6,"9,84"
510757,RONDOLÂNDIA,MT,09/2022,52,41,"78,85",38,3,"92,68",11,"21,15",0,11,"21,15"
510757,RONDOLÂNDIA,MT,07/2022,50,39,"78,00",39,0,"100,00",11,"22,00",0,11,"22,00"
510760,RONDONÓPOLIS,MT,07/2022,1718,1217,"70,84",1176,41,"96,63",501,"29,16",7,494,"28,75"
510760,RONDONÓPOLIS,MT,09/2022,1915,1318,"68,83",1203,115,"91,27",597,"31,17",30,567,"29,61"
510760,RONDONÓPOLIS,MT,11/2022,1942,1359,"69,98",1268,91,"93,30",583,"30,02",5,578,"29,76"
510770,ROSÁRIO OESTE,MT,11/2022,302,168,"55,63",153,15,"91,07",134,"44,37",56,78,"25,83"
510770,ROSÁRIO OESTE,MT,09/2022,307,211,"68,73",195,16,"92,42",96,"31,27",15,81,"26,38"
510770,ROSÁRIO OESTE,MT,07/2022,295,159,"53,90",157,2,"98,74",136,"46,10",68,68,"23,05"
510774,SANTA CRUZ DO XINGU,MT,07/2022,28,22,"78,57",22,0,"100,00",6,"21,43",0,6,"21,43"
510774,SANTA CRUZ DO XINGU,MT,09/2022,26,2,"7,69",2,0,"100,00",24,"92,31",17,7,"26,92"
510774,SANTA CRUZ DO XINGU,MT,11/2022,29,3,"10,34",3,0,"100,00",26,"89,66",18,8,"27,59"
510775,SALTO DO CÉU,MT,11/2022,28,23,"82,14",22,1,"95,65",5,"17,86",2,3,"10,71"
510775,SALTO DO CÉU,MT,09/2022,32,0,"0,00",0,0,,32,"100,00",28,4,"12,50"
510775,SALTO DO CÉU,MT,07/2022,30,24,"80,00",24,0,"100,00",6,"20,00",1,5,"16,67"
510776,SANTA RITA DO TRIVELATO,MT,07/2022,32,9,"28,13",7,2,"77,78",23,"71,88",8,15,"46,88"
510776,SANTA RITA DO TRIVELATO,MT,09/2022,32,13,"40,63",12,1,"92,31",19,"59,38",1,18,"56,25"
510776,SANTA RITA DO TRIVELATO,MT,11/2022,35,14,"40,00",13,1,"92,86",21,"60,00",2,19,"54,29"
510777,SANTA TEREZINHA,MT,11/2022,148,90,"60,81",77,13,"85,56",58,"39,19",23,35,"23,65"
510777,SANTA TEREZINHA,MT,09/2022,151,70,"46,36",46,24,"65,71",81,"53,64",44,37,"24,50"
510777,SANTA TEREZINHA,MT,07/2022,157,129,"82,17",129,0,"100,00",28,"17,83",11,17,"10,83"
510779,SANTO ANTÔNIO DO LESTE,MT,07/2022,59,0,"0,00",0,0,,59,"100,00",53,6,"10,17"
510779,SANTO ANTÔNIO DO LESTE,MT,09/2022,62,46,"74,19",46,0,"100,00",16,"25,81",2,14,"22,58"
510779,SANTO ANTÔNIO DO LESTE,MT,11/2022,60,40,"66,67",40,0,"100,00",20,"33,33",0,20,"33,33"
510780,SANTO ANTÔNIO DO LEVERGER,MT,11/2022,355,222,"62,54",221,1,"99,55",133,"37,46",76,57,"16,06"
510780,SANTO ANTÔNIO DO LEVERGER,MT,09/2022,363,299,"82,37",298,1,"99,67",64,"17,63",8,56,"15,43"
510780,SANTO ANTÔNIO DO LEVERGER,MT,07/2022,343,285,"83,09",285,0,"100,00",58,"16,91",10,48,"13,99"
510785,SÃO FÉLIX DO ARAGUAIA,MT,07/2022,144,122,"84,72",115,7,"94,26",22,"15,28",2,20,"13,89"
510785,SÃO FÉLIX DO ARAGUAIA,MT,09/2022,163,145,"88,96",143,2,"98,62",18,"11,04",1,17,"10,43"
510785,SÃO FÉLIX DO ARAGUAIA,MT,11/2022,154,136,"88,31",131,5,"96,32",18,"11,69",2,16,"10,39"
510787,SAPEZAL,MT,11/2022,180,104,"57,78",101,3,"97,12",76,"42,22",3,73,"40,56"
510787,SAPEZAL,MT,09/2022,179,95,"53,07",94,1,"98,95",84,"46,93",0,84,"46,93"
510787,SAPEZAL,MT,07/2022,160,78,"48,75",72,6,"92,31",82,"51,25",2,80,"50,00"
510788,SERRA NOVA DOURADA,MT,07/2022,35,31,"88,57",29,2,"93,55",4,"11,43",0,4,"11,43"
510788,SERRA NOVA DOURADA,MT,09/2022,31,25,"80,65",21,4,"84,00",6,"19,35",0,6,"19,35"
510788,SERRA NOVA DOURADA,MT,11/2022,26,19,"73,08",19,0,"100,00",7,"26,92",0,7,"26,92"
510790,SINOP,MT,11/2022,819,598,"73,02",484,114,"80,94",221,"26,98",21,200,"24,42"
510790,SINOP,MT,09/2022,828,615,"74,28",575,40,"93,50",213,"25,72",35,178,"21,50"
510790,SINOP,MT,07/2022,771,380,"49,29",376,4,"98,95",391,"50,71",250,141,"18,29"
510792,SORRISO,MT,07/2022,525,425,"80,95",408,17,"96,00",100,"19,05",9,91,"17,33"
510792,SORRISO,MT,09/2022,564,414,"73,40",394,20,"95,17",150,"26,60",26,124,"21,99"
510792,SORRISO,MT,11/2022,571,231,"40,46",207,24,"89,61",340,"59,54",191,149,"26,09"
510794,TABAPORÃ,MT,11/2022,74,34,"45,95",16,18,"47,06",40,"54,05",15,25,"33,78"
510794,TABAPORÃ,MT,09/2022,74,31,"41,89",24,7,"77,42",43,"58,11",17,26,"35,14"
510794,TABAPORÃ,MT,07/2022,72,32,"44,44",22,10,"68,75",40,"55,56",20,20,"27,78"
510795,TANGARÁ DA SERRA,MT,07/2022,571,243,"42,56",238,5,"97,94",328,"57,44",220,108,"18,91"
510795,TANGARÁ DA SERRA,MT,09/2022,607,257,"42,34",207,50,"80,54",350,"57,66",232,118,"19,44"
510795,TANGARÁ DA SERRA,MT,11/2022,635,395,"62,20",304,91,"76,96",240,"37,80",111,129,"20,31"
510800,TAPURAH,MT,11/2022,88,69,"78,41",69,0,"100,00",19,"21,59",0,19,"21,59"
510800,TAPURAH,MT,09/2022,81,60,"74,07",60,0,"100,00",21,"25,93",0,21,"25,93"
510800,TAPURAH,MT,07/2022,78,65,"83,33",65,0,"100,00",13,"16,67",0,13,"16,67"
510805,TERRA NOVA DO NORTE,MT,07/2022,89,64,"71,91",64,0,"100,00",25,"28,09",2,23,"25,84"
510805,TERRA NOVA DO NORTE,MT,09/2022,97,71,"73,20",67,4,"94,37",26,"26,80",2,24,"24,74"
510805,TERRA NOVA DO NORTE,MT,11/2022,103,67,"65,05",66,1,"98,51",36,"34,95",4,32,"31,07"
510810,TESOURO,MT,11/2022,40,38,"95,00",33,5,"86,84",2,"5,00",0,2,"5,00"
510810,TESOURO,MT,09/2022,40,39,"97,50",32,7,"82,05",1,"2,50",0,1,"2,50"
510810,TESOURO,MT,07/2022,41,40,"97,56",32,8,"80,00",1,"2,44",0,1,"2,44"
510820,TORIXORÉU,MT,07/2022,35,25,"71,43",20,5,"80,00",10,"28,57",0,10,"28,57"
510820,TORIXORÉU,MT,09/2022,35,27,"77,14",24,3,"88,89",8,"22,86",1,7,"20,00"
510820,TORIXORÉU,MT,11/2022,30,23,"76,67",19,4,"82,61",7,"23,33",0,7,"23,33"
510830,UNIÃO DO SUL,MT,11/2022,63,50,"79,37",28,22,"56,00",13,"20,63",1,12,"19,05"
510830,UNIÃO DO SUL,MT,09/2022,70,53,"75,71",32,21,"60,38",17,"24,29",3,14,"20,00"
510830,UNIÃO DO SUL,MT,07/2022,63,46,"73,02",46,0,"100,00",17,"26,98",3,14,"22,22"
510835,VALE DE SÃO DOMINGOS,MT,07/2022,33,15,"45,45",15,0,"100,00",18,"54,55",14,4,"12,12"
510835,VALE DE SÃO DOMINGOS,MT,09/2022,28,0,"0,00",0,0,,28,"100,00",22,6,"21,43"
510835,VALE DE SÃO DOMINGOS,MT,11/2022,29,22,"75,86",18,4,"81,82",7,"24,14",0,7,"24,14"
510840,VÁRZEA GRANDE,MT,11/2022,3817,1940,"50,83",1820,120,"93,81",1877,"49,17",962,915,"23,97"
510840,VÁRZEA GRANDE,MT,09/2022,3832,2257,"58,90",2053,204,"90,96",1575,"41,10",652,923,"24,09"
510840,VÁRZEA GRANDE,MT,07/2022,3473,1932,"55,63",1740,192,"90,06",1541,"44,37",798,743,"21,39"
510850,VERA,MT,07/2022,88,0,"0,00",0,0,,88,"100,00",73,15,"17,05"
510850,VERA,MT,09/2022,91,64,"70,33",43,21,"67,19",27,"29,67",2,25,"27,47"
510850,VERA,MT,11/2022,75,4,"5,33",0,4,"0,00",71,"94,67",50,21,"28,00"
510860,VILA RICA,MT,11/2022,191,133,"69,63",78,55,"58,65",58,"30,37",2,56,"29,32"
510860,VILA RICA,MT,09/2022,190,133,"70,00",87,46,"65,41",57,"30,00",2,55,"28,95"
510860,VILA RICA,MT,07/2022,173,119,"68,79",119,0,"100,00",54,"31,21",3,51,"29,48"
510880,NOVA GUARITA,MT,07/2022,49,40,"81,63",35,5,"87,50",9,"18,37",1,8,"16,33"
510880,NOVA GUARITA,MT,09/2022,50,41,"82,00",39,2,"95,12",9,"18,00",0,9,"18,00"
510880,NOVA GUARITA,MT,11/2022,53,43,"81,13",40,3,"93,02",10,"18,87",0,10,"18,87"
510885,NOVA MARILÂNDIA,MT,11/2022,33,22,"66,67",18,4,"81,82",11,"33,33",0,11,"33,33"
510885,NOVA MARILÂNDIA,MT,09/2022,37,24,"64,86",24,0,"100,00",13,"35,14",0,13,"35,14"
510885,NOVA MARILÂNDIA,MT,07/2022,34,15,"44,12",14,1,"93,33",19,"55,88",7,12,"35,29"
510890,NOVA MARINGÁ,MT,07/2022,53,35,"66,04",35,0,"100,00",18,"33,96",12,6,"11,32"
510890,NOVA MARINGÁ,MT,09/2022,58,46,"79,31",41,5,"89,13",12,"20,69",0,12,"20,69"
510890,NOVA MARINGÁ,MT,11/2022,52,29,"55,77",19,10,"65,52",23,"44,23",0,23,"44,23"
510895,NOVA MONTE VERDE,MT,11/2022,90,65,"72,22",41,24,"63,08",25,"27,78",4,21,"23,33"
510895,NOVA MONTE VERDE,MT,09/2022,92,68,"73,91",64,4,"94,12",24,"26,09",5,19,"20,65"
510895,NOVA MONTE VERDE,MT,07/2022,85,61,"71,76",33,28,"54,10",24,"28,24",2,22,"25,88"
150010,ABAETETUBA,PA,07/2022,4610,4212,"91,37",4212,0,"100,00",398,"8,63",24,374,"8,11"
150010,ABAETETUBA,PA,11/2022,4822,4378,"90,79",4378,0,"100,00",444,"9,21",43,401,"8,32"
150010,ABAETETUBA,PA,09/2022,4957,4477,"90,32",4477,0,"100,00",480,"9,68",63,417,"8,41"
150013,ABEL FIGUEIREDO,PA,09/2022,214,111,"51,87",105,6,"94,59",103,"48,13",5,98,"45,79"
150013,ABEL FIGUEIREDO,PA,07/2022,200,100,"50,00",94,6,"94,00",100,"50,00",4,96,"48,00"
150013,ABEL FIGUEIREDO,PA,11/2022,209,117,"55,98",108,9,"92,31",92,"44,02",0,92,"44,02"
150020,ACARÁ,PA,11/2022,2242,1785,"79,62",1774,11,"99,38",457,"20,38",16,441,"19,67"
150020,ACARÁ,PA,07/2022,2247,1932,"85,98",1925,7,"99,64",315,"14,02",16,299,"13,31"
150020,ACARÁ,PA,09/2022,2352,1959,"83,29",1954,5,"99,74",393,"16,71",38,355,"15,09"
150030,AFUÁ,PA,09/2022,1816,1376,"75,77",1342,34,"97,53",440,"24,23",60,380,"20,93"
150030,AFUÁ,PA,07/2022,1724,1317,"76,39",1317,0,"100,00",407,"23,61",29,378,"21,93"
150030,AFUÁ,PA,11/2022,1757,1288,"73,31",1286,2,"99,84",469,"26,69",128,341,"19,41"
150034,ÁGUA AZUL DO NORTE,PA,07/2022,426,243,"57,04",243,0,"100,00",183,"42,96",6,177,"41,55"
150034,ÁGUA AZUL DO NORTE,PA,11/2022,420,237,"56,43",237,0,"100,00",183,"43,57",3,180,"42,86"
150034,ÁGUA AZUL DO NORTE,PA,09/2022,443,247,"55,76",247,0,"100,00",196,"44,24",3,193,"43,57"
150040,ALENQUER,PA,09/2022,2788,1708,"61,26",1706,2,"99,88",1080,"38,74",43,1037,"37,20"
150040,ALENQUER,PA,07/2022,2596,1444,"55,62",1425,19,"98,68",1152,"44,38",265,887,"34,17"
150040,ALENQUER,PA,11/2022,2730,1603,"58,72",1602,1,"99,94",1127,"41,28",40,1087,"39,82"
150050,ALMEIRIM,PA,11/2022,1267,1106,"87,29",1103,3,"99,73",161,"12,71",15,146,"11,52"
150050,ALMEIRIM,PA,07/2022,1194,1047,"87,69",1047,0,"100,00",147,"12,31",41,106,"8,88"
150050,ALMEIRIM,PA,09/2022,1285,1116,"86,85",1115,1,"99,91",169,"13,15",34,135,"10,51"
150060,ALTAMIRA,PA,09/2022,2303,774,"33,61",746,28,"96,38",1529,"66,39",157,1372,"59,57"
150060,ALTAMIRA,PA,11/2022,2294,898,"39,15",894,4,"99,55",1396,"60,85",47,1349,"58,81"
150060,ALTAMIRA,PA,07/2022,2140,868,"40,56",865,3,"99,65",1272,"59,44",42,1230,"57,48"
150070,ANAJÁS,PA,11/2022,1437,1187,"82,60",1185,2,"99,83",250,"17,40",17,233,"16,21"
150070,ANAJÁS,PA,07/2022,1341,1136,"84,71",1136,0,"100,00",205,"15,29",14,191,"14,24"
150070,ANAJÁS,PA,09/2022,1460,1187,"81,30",1185,2,"99,83",273,"18,70",16,257,"17,60"
150080,ANANINDEUA,PA,09/2022,7941,4831,"60,84",4811,20,"99,59",3110,"39,16",745,2365,"29,78"
150080,ANANINDEUA,PA,11/2022,7981,5183,"64,94",5031,152,"97,07",2798,"35,06",335,2463,"30,86"
150080,ANANINDEUA,PA,07/2022,7496,5146,"68,65",5143,3,"99,94",2350,"31,35",200,2150,"28,68"
150085,ANAPU,PA,07/2022,1115,127,"11,39",121,6,"95,28",988,"88,61",436,552,"49,51"
150085,ANAPU,PA,11/2022,1201,831,"69,19",825,6,"99,28",370,"30,81",13,357,"29,73"
150085,ANAPU,PA,09/2022,1172,165,"14,08",154,11,"93,33",1007,"85,92",406,601,"51,28"
150090,AUGUSTO CORRÊA,PA,09/2022,1869,1400,"74,91",1380,20,"98,57",469,"25,09",42,427,"22,85"
150090,AUGUSTO CORRÊA,PA,07/2022,1759,1158,"65,83",1150,8,"99,31",601,"34,17",159,442,"25,13"
150090,AUGUSTO CORRÊA,PA,11/2022,1820,1297,"71,26",1256,41,"96,84",523,"28,74",163,360,"19,78"
150095,AURORA DO PARÁ,PA,07/2022,794,367,"46,22",351,16,"95,64",427,"53,78",111,316,"39,80"
150095,AURORA DO PARÁ,PA,11/2022,731,479,"65,53",451,28,"94,15",252,"34,47",125,127,"17,37"
150095,AURORA DO PARÁ,PA,09/2022,770,555,"72,08",533,22,"96,04",215,"27,92",79,136,"17,66"
150100,AVEIRO,PA,09/2022,474,382,"80,59",368,14,"96,34",92,"19,41",18,74,"15,61"
150100,AVEIRO,PA,11/2022,473,386,"81,61",343,43,"88,86",87,"18,39",12,75,"15,86"
150100,AVEIRO,PA,07/2022,457,184,"40,26",184,0,"100,00",273,"59,74",212,61,"13,35"
150110,BAGRE,PA,07/2022,1071,869,"81,14",869,0,"100,00",202,"18,86",147,55,"5,14"
150110,BAGRE,PA,11/2022,1126,948,"84,19",948,0,"100,00",178,"15,81",108,70,"6,22"
150110,BAGRE,PA,09/2022,1153,960,"83,26",960,0,"100,00",193,"16,74",127,66,"5,72"
150120,BAIÃO,PA,09/2022,1289,1118,"86,73",1087,31,"97,23",171,"13,27",95,76,"5,90"
150120,BAIÃO,PA,11/2022,1195,1091,"91,30",1090,1,"99,91",104,"8,70",10,94,"7,87"
150120,BAIÃO,PA,07/2022,1289,1139,"88,36",1138,1,"99,91",150,"11,64",51,99,"7,68"
150125,BANNACH,PA,07/2022,68,54,"79,41",54,0,"100,00",14,"20,59",0,14,"20,59"
150125,BANNACH,PA,11/2022,67,57,"85,07",57,0,"100,00",10,"14,93",0,10,"14,93"
150125,BANNACH,PA,09/2022,68,56,"82,35",56,0,"100,00",12,"17,65",2,10,"14,71"
150130,BARCARENA,PA,09/2022,2984,1970,"66,02",1812,158,"91,98",1014,"33,98",26,988,"33,11"
150130,BARCARENA,PA,07/2022,2767,1798,"64,98",1623,175,"90,27",969,"35,02",26,943,"34,08"
150130,BARCARENA,PA,11/2022,2966,1990,"67,09",1788,202,"89,85",976,"32,91",110,866,"29,20"
150140,BELÉM,PA,11/2022,21243,9964,"46,90",9834,130,"98,70",11279,"53,10",3475,7804,"36,74"
150140,BELÉM,PA,07/2022,19421,6158,"31,71",4844,1314,"78,66",13263,"68,29",6482,6781,"34,92"
150140,BELÉM,PA,09/2022,21334,7590,"35,58",7441,149,"98,04",13744,"64,42",6025,7719,"36,18"
150145,BELTERRA,PA,09/2022,565,138,"24,42",116,22,"84,06",427,"75,58",207,220,"38,94"
150145,BELTERRA,PA,07/2022,547,336,"61,43",332,4,"98,81",211,"38,57",2,209,"38,21"
150145,BELTERRA,PA,11/2022,576,352,"61,11",312,40,"88,64",224,"38,89",2,222,"38,54"
150150,BENEVIDES,PA,11/2022,1878,1476,"78,59",1476,0,"100,00",402,"21,41",5,397,"21,14"
150150,BENEVIDES,PA,07/2022,1741,1383,"79,44",1382,1,"99,93",358,"20,56",10,348,"19,99"
150150,BENEVIDES,PA,09/2022,1916,1503,"78,44",1503,0,"100,00",413,"21,56",14,399,"20,82"
150157,BOM JESUS DO TOCANTINS,PA,09/2022,373,177,"47,45",174,3,"98,31",196,"52,55",43,153,"41,02"
150157,BOM JESUS DO TOCANTINS,PA,11/2022,363,214,"58,95",194,20,"90,65",149,"41,05",2,147,"40,50"
150157,BOM JESUS DO TOCANTINS,PA,07/2022,363,209,"57,58",209,0,"100,00",154,"42,42",30,124,"34,16"
150160,BONITO,PA,11/2022,372,298,"80,11",283,15,"94,97",74,"19,89",29,45,"12,10"
150160,BONITO,PA,07/2022,370,336,"90,81",336,0,"100,00",34,"9,19",4,30,"8,11"
150160,BONITO,PA,09/2022,377,5,"1,33",5,0,"100,00",372,"98,67",339,33,"8,75"
150170,BRAGANÇA,PA,09/2022,3906,3742,"95,80",3742,0,"100,00",164,"4,20",37,127,"3,25"
150170,BRAGANÇA,PA,11/2022,3842,3703,"96,38",3696,7,"99,81",139,"3,62",14,125,"3,25"
150170,BRAGANÇA,PA,07/2022,3703,3571,"96,44",3570,1,"99,97",132,"3,56",10,122,"3,29"
150172,BRASIL NOVO,PA,07/2022,526,163,"30,99",163,0,"100,00",363,"69,01",13,350,"66,54"
150172,BRASIL NOVO,PA,11/2022,545,174,"31,93",170,4,"97,70",371,"68,07",8,363,"66,61"
150172,BRASIL NOVO,PA,09/2022,545,167,"30,64",167,0,"100,00",378,"69,36",9,369,"67,71"
150175,BREJO GRANDE DO ARAGUAIA,PA,09/2022,194,166,"85,57",166,0,"100,00",28,"14,43",2,26,"13,40"
150175,BREJO GRANDE DO ARAGUAIA,PA,11/2022,180,158,"87,78",158,0,"100,00",22,"12,22",0,22,"12,22"
150175,BREJO GRANDE DO ARAGUAIA,PA,07/2022,208,193,"92,79",193,0,"100,00",15,"7,21",2,13,"6,25"
150178,BREU BRANCO,PA,11/2022,1390,870,"62,59",841,29,"96,67",520,"37,41",1,519,"37,34"
150178,BREU BRANCO,PA,07/2022,1370,258,"18,83",257,1,"99,61",1112,"81,17",579,533,"38,91"
150178,BREU BRANCO,PA,09/2022,1407,342,"24,31",329,13,"96,20",1065,"75,69",514,551,"39,16"
150180,BREVES,PA,09/2022,4362,836,"19,17",816,20,"97,61",3526,"80,83",1120,2406,"55,16"
150180,BREVES,PA,07/2022,4171,1490,"35,72",1188,302,"79,73",2681,"64,28",538,2143,"51,38"
150180,BREVES,PA,11/2022,4257,1958,"45,99",1888,70,"96,42",2299,"54,01",528,1771,"41,60"
150190,BUJARU,PA,11/2022,965,855,"88,60",853,2,"99,77",110,"11,40",13,97,"10,05"
150190,BUJARU,PA,07/2022,1084,1028,"94,83",1028,0,"100,00",56,"5,17",8,48,"4,43"
150190,BUJARU,PA,09/2022,1047,904,"86,34",896,8,"99,12",143,"13,66",25,118,"11,27"
150195,CACHOEIRA DO PIRIÁ,PA,09/2022,866,459,"53,00",447,12,"97,39",407,"47,00",114,293,"33,83"
150195,CACHOEIRA DO PIRIÁ,PA,11/2022,830,523,"63,01",506,17,"96,75",307,"36,99",8,299,"36,02"
150195,CACHOEIRA DO PIRIÁ,PA,07/2022,841,589,"70,04",584,5,"99,15",252,"29,96",16,236,"28,06"
150200,CACHOEIRA DO ARARI,PA,07/2022,782,0,"0,00",0,0,,782,"100,00",567,215,"27,49"
150200,CACHOEIRA DO ARARI,PA,11/2022,790,94,"11,90",90,4,"95,74",696,"88,10",454,242,"30,63"
150200,CACHOEIRA DO ARARI,PA,09/2022,820,1,"0,12",1,0,"100,00",819,"99,88",575,244,"29,76"
150210,CAMETÁ,PA,09/2022,5026,4619,"91,90",4488,131,"97,16",407,"8,10",203,204,"4,06"
150210,CAMETÁ,PA,11/2022,4795,4602,"95,97",4354,248,"94,61",193,"4,03",146,47,"0,98"
150210,CAMETÁ,PA,07/2022,4826,4426,"91,71",4385,41,"99,07",400,"8,29",82,318,"6,59"
150215,CANAÃ DOS CARAJÁS,PA,07/2022,922,692,"75,05",691,1,"99,86",230,"24,95",18,212,"22,99"
150215,CANAÃ DOS CARAJÁS,PA,11/2022,996,511,"51,31",492,19,"96,28",485,"48,69",331,154,"15,46"
150215,CANAÃ DOS CARAJÁS,PA,09/2022,1019,514,"50,44",501,13,"97,47",505,"49,56",349,156,"15,31"
150220,CAPANEMA,PA,09/2022,1617,1217,"75,26",1213,4,"99,67",400,"24,74",4,396,"24,49"
150220,CAPANEMA,PA,11/2022,1547,1242,"80,28",1239,3,"99,76",305,"19,72",3,302,"19,52"
150220,CAPANEMA,PA,07/2022,1510,1197,"79,27",1182,15,"98,75",313,"20,73",2,311,"20,60"
150230,CAPITÃO POÇO,PA,11/2022,1494,857,"57,36",855,2,"99,77",637,"42,64",131,506,"33,87"
150230,CAPITÃO POÇO,PA,07/2022,1490,967,"64,90",961,6,"99,38",523,"35,10",30,493,"33,09"
150230,CAPITÃO POÇO,PA,09/2022,1546,815,"52,72",807,8,"99,02",731,"47,28",211,520,"33,64"
150240,CASTANHAL,PA,09/2022,3457,2617,"75,70",2608,9,"99,66",840,"24,30",19,821,"23,75"
150240,CASTANHAL,PA,07/2022,3236,2247,"69,44",2243,4,"99,82",989,"30,56",18,971,"30,01"
150240,CASTANHAL,PA,11/2022,3370,2636,"78,22",2630,6,"99,77",734,"21,78",7,727,"21,57"
150250,CHAVES,PA,11/2022,962,570,"59,25",539,31,"94,56",392,"40,75",14,378,"39,29"
150250,CHAVES,PA,07/2022,950,823,"86,63",823,0,"100,00",127,"13,37",7,120,"12,63"
150250,CHAVES,PA,09/2022,991,719,"72,55",714,5,"99,30",272,"27,45",20,252,"25,43"
150260,COLARES,PA,09/2022,420,354,"84,29",350,4,"98,87",66,"15,71",6,60,"14,29"
150260,COLARES,PA,11/2022,426,347,"81,46",340,7,"97,98",79,"18,54",7,72,"16,90"
150260,COLARES,PA,07/2022,405,354,"87,41",354,0,"100,00",51,"12,59",8,43,"10,62"
150270,CONCEIÇÃO DO ARAGUAIA,PA,07/2022,752,498,"66,22",492,6,"98,80",254,"33,78",24,230,"30,59"
150270,CONCEIÇÃO DO ARAGUAIA,PA,11/2022,728,540,"74,18",537,3,"99,44",188,"25,82",29,159,"21,84"
150270,CONCEIÇÃO DO ARAGUAIA,PA,09/2022,766,540,"70,50",539,1,"99,81",226,"29,50",15,211,"27,55"
150275,CONCÓRDIA DO PARÁ,PA,09/2022,1242,1193,"96,05",1177,16,"98,66",49,"3,95",6,43,"3,46"
150275,CONCÓRDIA DO PARÁ,PA,07/2022,1154,1010,"87,52",1008,2,"99,80",144,"12,48",10,134,"11,61"
150275,CONCÓRDIA DO PARÁ,PA,11/2022,1168,1099,"94,09",1092,7,"99,36",69,"5,91",49,20,"1,71"
150276,CUMARU DO NORTE,PA,11/2022,249,65,"26,10",65,0,"100,00",184,"73,90",51,133,"53,41"
150276,CUMARU DO NORTE,PA,07/2022,231,126,"54,55",97,29,"76,98",105,"45,45",4,101,"43,72"
150276,CUMARU DO NORTE,PA,09/2022,236,93,"39,41",93,0,"100,00",143,"60,59",14,129,"54,66"
150277,CURIONÓPOLIS,PA,09/2022,605,533,"88,10",533,0,"100,00",72,"11,90",2,70,"11,57"
150277,CURIONÓPOLIS,PA,11/2022,599,565,"94,32",565,0,"100,00",34,"5,68",2,32,"5,34"
150277,CURIONÓPOLIS,PA,07/2022,575,508,"88,35",508,0,"100,00",67,"11,65",4,63,"10,96"
150280,CURRALINHO,PA,07/2022,1517,1350,"88,99",1224,126,"90,67",167,"11,01",101,66,"4,35"
150280,CURRALINHO,PA,11/2022,1501,1400,"93,27",1382,18,"98,71",101,"6,73",16,85,"5,66"
150280,CURRALINHO,PA,09/2022,1591,1458,"91,64",1458,0,"100,00",133,"8,36",54,79,"4,97"
150285,CURUÁ,PA,09/2022,509,425,"83,50",406,19,"95,53",84,"16,50",2,82,"16,11"
150285,CURUÁ,PA,07/2022,506,398,"78,66",376,22,"94,47",108,"21,34",2,106,"20,95"
150285,CURUÁ,PA,11/2022,513,433,"84,41",419,14,"96,77",80,"15,59",1,79,"15,40"
150290,CURUÇÁ,PA,11/2022,1428,988,"69,19",977,11,"98,89",440,"30,81",90,350,"24,51"
150290,CURUÇÁ,PA,07/2022,1382,1070,"77,42",1065,5,"99,53",312,"22,58",87,225,"16,28"
150290,CURUÇÁ,PA,09/2022,1468,1017,"69,28",1001,16,"98,43",451,"30,72",103,348,"23,71"
150293,DOM ELISEU,PA,09/2022,1007,944,"93,74",944,0,"100,00",63,"6,26",3,60,"5,96"
150293,DOM ELISEU,PA,07/2022,963,892,"92,63",892,0,"100,00",71,"7,37",8,63,"6,54"
150293,DOM ELISEU,PA,11/2022,1005,946,"94,13",946,0,"100,00",59,"5,87",2,57,"5,67"
150295,ELDORADO DOS CARAJÁS,PA,07/2022,756,256,"33,86",252,4,"98,44",500,"66,14",127,373,"49,34"
150295,ELDORADO DOS CARAJÁS,PA,11/2022,766,329,"42,95",314,15,"95,44",437,"57,05",82,355,"46,34"
150295,ELDORADO DOS CARAJÁS,PA,09/2022,772,335,"43,39",330,5,"98,51",437,"56,61",61,376,"48,70"
150300,FARO,PA,09/2022,344,303,"88,08",288,15,"95,05",41,"11,92",0,41,"11,92"
150300,FARO,PA,07/2022,335,261,"77,91",257,4,"98,47",74,"22,09",0,74,"22,09"
150300,FARO,PA,11/2022,336,293,"87,20",271,22,"92,49",43,"12,80",0,43,"12,80"
150304,FLORESTA DO ARAGUAIA,PA,11/2022,468,324,"69,23",289,35,"89,20",144,"30,77",4,140,"29,91"
150304,FLORESTA DO ARAGUAIA,PA,07/2022,453,323,"71,30",276,47,"85,45",130,"28,70",4,126,"27,81"
150304,FLORESTA DO ARAGUAIA,PA,09/2022,485,324,"66,80",287,37,"88,58",161,"33,20",10,151,"31,13"
150307,GARRAFÃO DO NORTE,PA,09/2022,989,946,"95,65",946,0,"100,00",43,"4,35",4,39,"3,94"
150307,GARRAFÃO DO NORTE,PA,07/2022,931,896,"96,24",896,0,"100,00",35,"3,76",3,32,"3,44"
150307,GARRAFÃO DO NORTE,PA,11/2022,943,913,"96,82",911,2,"99,78",30,"3,18",4,26,"2,76"
150309,GOIANÉSIA DO PARÁ,PA,07/2022,749,579,"77,30",579,0,"100,00",170,"22,70",35,135,"18,02"
150309,GOIANÉSIA DO PARÁ,PA,11/2022,737,615,"83,45",614,1,"99,84",122,"16,55",25,97,"13,16"
150309,GOIANÉSIA DO PARÁ,PA,09/2022,757,632,"83,49",631,1,"99,84",125,"16,51",36,89,"11,76"
150310,GURUPÁ,PA,09/2022,1531,0,"0,00",0,0,,1531,"100,00",1296,235,"15,35"
150310,GURUPÁ,PA,07/2022,1512,1262,"83,47",1262,0,"100,00",250,"16,53",17,233,"15,41"
150310,GURUPÁ,PA,11/2022,1555,1311,"84,31",1311,0,"100,00",244,"15,69",14,230,"14,79"
150320,IGARAPÉ-AÇU,PA,07/2022,1009,920,"91,18",920,0,"100,00",89,"8,82",51,38,"3,77"
150320,IGARAPÉ-AÇU,PA,11/2022,1056,1003,"94,98",1003,0,"100,00",53,"5,02",13,40,"3,79"
150320,IGARAPÉ-AÇU,PA,09/2022,1080,1005,"93,06",1005,0,"100,00",75,"6,94",30,45,"4,17"
150330,IGARAPÉ-MIRI,PA,09/2022,2360,1953,"82,75",1946,7,"99,64",407,"17,25",83,324,"13,73"
150330,IGARAPÉ-MIRI,PA,07/2022,2198,1828,"83,17",1824,4,"99,78",370,"16,83",76,294,"13,38"
150330,IGARAPÉ-MIRI,PA,11/2022,2330,1956,"83,95",1954,2,"99,90",374,"16,05",69,305,"13,09"
150340,INHANGAPI,PA,11/2022,252,239,"94,84",239,0,"100,00",13,"5,16",2,11,"4,37"
150340,INHANGAPI,PA,07/2022,267,232,"86,89",232,0,"100,00",35,"13,11",10,25,"9,36"
150340,INHANGAPI,PA,09/2022,267,242,"90,64",242,0,"100,00",25,"9,36",1,24,"8,99"
150345,IPIXUNA DO PARÁ,PA,09/2022,1254,739,"58,93",705,34,"95,40",515,"41,07",100,415,"33,09"
150345,IPIXUNA DO PARÁ,PA,07/2022,1261,912,"72,32",895,17,"98,14",349,"27,68",1,348,"27,60"
150345,IPIXUNA DO PARÁ,PA,11/2022,1211,762,"62,92",724,38,"95,01",449,"37,08",11,438,"36,17"
150350,IRITUIA,PA,11/2022,1020,808,"79,22",807,1,"99,88",212,"20,78",45,167,"16,37"
150350,IRITUIA,PA,07/2022,1061,896,"84,45",896,0,"100,00",165,"15,55",32,133,"12,54"
150350,IRITUIA,PA,09/2022,1062,849,"79,94",849,0,"100,00",213,"20,06",61,152,"14,31"
150360,ITAITUBA,PA,09/2022,2753,815,"29,60",813,2,"99,75",1938,"70,40",680,1258,"45,70"
150360,ITAITUBA,PA,07/2022,2616,1378,"52,68",1378,0,"100,00",1238,"47,32",359,879,"33,60"
150360,ITAITUBA,PA,11/2022,2799,952,"34,01",950,2,"99,79",1847,"65,99",570,1277,"45,62"
150370,ITUPIRANGA,PA,07/2022,1516,622,"41,03",622,0,"100,00",894,"58,97",711,183,"12,07"
150370,ITUPIRANGA,PA,11/2022,1587,958,"60,37",899,59,"93,84",629,"39,63",13,616,"38,82"
150370,ITUPIRANGA,PA,09/2022,1569,1048,"66,79",1015,33,"96,85",521,"33,21",114,407,"25,94"
150375,JACAREACANGA,PA,09/2022,800,613,"76,63",613,0,"100,00",187,"23,38",20,167,"20,88"
150375,JACAREACANGA,PA,07/2022,765,606,"79,22",606,0,"100,00",159,"20,78",6,153,"20,00"
150375,JACAREACANGA,PA,11/2022,829,626,"75,51",626,0,"100,00",203,"24,49",3,200,"24,13"
150380,JACUNDÁ,PA,11/2022,1150,974,"84,70",964,10,"98,97",176,"15,30",13,163,"14,17"
150380,JACUNDÁ,PA,07/2022,1198,799,"66,69",792,7,"99,12",399,"33,31",112,287,"23,96"
150380,JACUNDÁ,PA,09/2022,1200,956,"79,67",949,7,"99,27",244,"20,33",73,171,"14,25"
150390,JURUTI,PA,09/2022,1799,1044,"58,03",1044,0,"100,00",755,"41,97",468,287,"15,95"
150390,JURUTI,PA,07/2022,1687,487,"28,87",486,1,"99,79",1200,"71,13",1031,169,"10,02"
150390,JURUTI,PA,11/2022,1737,1404,"80,83",1404,0,"100,00",333,"19,17",80,253,"14,57"
150400,LIMOEIRO DO AJURU,PA,11/2022,1070,879,"82,15",868,11,"98,75",191,"17,85",14,177,"16,54"
150400,LIMOEIRO DO AJURU,PA,07/2022,1096,920,"83,94",920,0,"100,00",176,"16,06",14,162,"14,78"
150400,LIMOEIRO DO AJURU,PA,09/2022,1139,965,"84,72",952,13,"98,65",174,"15,28",11,163,"14,31"
150405,MÃE DO RIO,PA,09/2022,1179,947,"80,32",939,8,"99,16",232,"19,68",5,227,"19,25"
150405,MÃE DO RIO,PA,11/2022,1165,958,"82,23",958,0,"100,00",207,"17,77",5,202,"17,34"
150405,MÃE DO RIO,PA,07/2022,1102,825,"74,86",810,15,"98,18",277,"25,14",9,268,"24,32"
150410,MAGALHÃES BARATA,PA,07/2022,229,180,"78,60",180,0,"100,00",49,"21,40",0,49,"21,40"
150410,MAGALHÃES BARATA,PA,11/2022,223,186,"83,41",186,0,"100,00",37,"16,59",0,37,"16,59"
150410,MAGALHÃES BARATA,PA,09/2022,240,187,"77,92",187,0,"100,00",53,"22,08",0,53,"22,08"
150420,MARABÁ,PA,09/2022,5206,3417,"65,64",3314,103,"96,99",1789,"34,36",29,1760,"33,81"
150420,MARABÁ,PA,11/2022,5176,3202,"61,86",3076,126,"96,06",1974,"38,14",17,1957,"37,81"
150420,MARABÁ,PA,07/2022,5041,4422,"87,72",4421,1,"99,98",619,"12,28",30,589,"11,68"
150430,MARACANÃ,PA,11/2022,1080,956,"88,52",953,3,"99,69",124,"11,48",6,118,"10,93"
150430,MARACANÃ,PA,07/2022,1083,382,"35,27",382,0,"100,00",701,"64,73",583,118,"10,90"
150430,MARACANÃ,PA,09/2022,1119,988,"88,29",988,0,"100,00",131,"11,71",10,121,"10,81"
150440,MARAPANIM,PA,09/2022,790,648,"82,03",648,0,"100,00",142,"17,97",21,121,"15,32"
150440,MARAPANIM,PA,07/2022,769,655,"85,18",653,2,"99,69",114,"14,82",27,87,"11,31"
150440,MARAPANIM,PA,11/2022,740,621,"83,92",612,9,"98,55",119,"16,08",13,106,"14,32"
150442,MARITUBA,PA,07/2022,2470,1893,"76,64",1748,145,"92,34",577,"23,36",47,530,"21,46"
150442,MARITUBA,PA,11/2022,2612,2165,"82,89",2122,43,"98,01",447,"17,11",27,420,"16,08"
150442,MARITUBA,PA,09/2022,2681,2335,"87,09",2198,137,"94,13",346,"12,91",72,274,"10,22"
150445,MEDICILÂNDIA,PA,09/2022,850,342,"40,24",339,3,"99,12",508,"59,76",11,497,"58,47"
150445,MEDICILÂNDIA,PA,11/2022,853,371,"43,49",354,17,"95,42",482,"56,51",8,474,"55,57"
150445,MEDICILÂNDIA,PA,07/2022,797,332,"41,66",326,6,"98,19",465,"58,34",9,456,"57,21"
150450,MELGAÇO,PA,11/2022,1445,1152,"79,72",1147,5,"99,57",293,"20,28",16,277,"19,17"
150450,MELGAÇO,PA,07/2022,1407,1192,"84,72",1188,4,"99,66",215,"15,28",14,201,"14,29"
150450,MELGAÇO,PA,09/2022,1440,787,"54,65",742,45,"94,28",653,"45,35",354,299,"20,76"
150460,MOCAJUBA,PA,09/2022,1485,1144,"77,04",1081,63,"94,49",341,"22,96",122,219,"14,75"
150460,MOCAJUBA,PA,07/2022,1406,972,"69,13",956,16,"98,35",434,"30,87",195,239,"17,00"
150460,MOCAJUBA,PA,11/2022,1440,950,"65,97",936,14,"98,53",490,"34,03",284,206,"14,31"
150470,MOJU,PA,07/2022,2908,2508,"86,24",2502,6,"99,76",400,"13,76",43,357,"12,28"
150470,MOJU,PA,11/2022,2952,2498,"84,62",2492,6,"99,76",454,"15,38",32,422,"14,30"
150470,MOJU,PA,09/2022,3024,2571,"85,02",2568,3,"99,88",453,"14,98",22,431,"14,25"
150475,MOJUI DOS CAMPOS,PA,09/2022,673,482,"71,62",482,0,"100,00",191,"28,38",50,141,"20,95"
150475,MOJUI DOS CAMPOS,PA,11/2022,653,493,"75,50",481,12,"97,57",160,"24,50",1,159,"24,35"
150475,MOJUI DOS CAMPOS,PA,07/2022,670,292,"43,58",149,143,"51,03",378,"56,42",24,354,"52,84"
150480,MONTE ALEGRE,PA,11/2022,2030,1581,"77,88",1464,117,"92,60",449,"22,12",10,439,"21,63"
150480,MONTE ALEGRE,PA,07/2022,2047,1576,"76,99",1531,45,"97,14",471,"23,01",9,462,"22,57"
150480,MONTE ALEGRE,PA,09/2022,2054,1693,"82,42",1624,69,"95,92",361,"17,58",9,352,"17,14"
150490,MUANÁ,PA,09/2022,1434,1003,"69,94",965,38,"96,21",431,"30,06",5,426,"29,71"
150490,MUANÁ,PA,11/2022,1381,958,"69,37",919,39,"95,93",423,"30,63",11,412,"29,83"
150490,MUANÁ,PA,07/2022,1371,982,"71,63",970,12,"98,78",389,"28,37",5,384,"28,01"
150495,NOVA ESPERANÇA DO PIRIÁ,PA,07/2022,856,765,"89,37",765,0,"100,00",91,"10,63",2,89,"10,40"
150495,NOVA ESPERANÇA DO PIRIÁ,PA,11/2022,889,782,"87,96",782,0,"100,00",107,"12,04",6,101,"11,36"
150495,NOVA ESPERANÇA DO PIRIÁ,PA,09/2022,896,787,"87,83",787,0,"100,00",109,"12,17",6,103,"11,50"
150497,NOVA IPIXUNA,PA,09/2022,348,270,"77,59",220,50,"81,48",78,"22,41",4,74,"21,26"
150497,NOVA IPIXUNA,PA,11/2022,338,262,"77,51",200,62,"76,34",76,"22,49",1,75,"22,19"
150497,NOVA IPIXUNA,PA,07/2022,312,284,"91,03",234,50,"82,39",28,"8,97",6,22,"7,05"
150500,NOVA TIMBOTEUA,PA,07/2022,329,134,"40,73",134,0,"100,00",195,"59,27",145,50,"15,20"
150500,NOVA TIMBOTEUA,PA,11/2022,319,257,"80,56",255,2,"99,22",62,"19,44",0,62,"19,44"
150500,NOVA TIMBOTEUA,PA,09/2022,338,188,"55,62",186,2,"98,94",150,"44,38",90,60,"17,75"
150503,NOVO PROGRESSO,PA,09/2022,467,279,"59,74",277,2,"99,28",188,"40,26",10,178,"38,12"
150503,NOVO PROGRESSO,PA,11/2022,494,316,"63,97",313,3,"99,05",178,"36,03",6,172,"34,82"
150503,NOVO PROGRESSO,PA,07/2022,438,231,"52,74",231,0,"100,00",207,"47,26",5,202,"46,12"
150506,NOVO REPARTIMENTO,PA,07/2022,1666,1462,"87,76",1461,1,"99,93",204,"12,24",8,196,"11,76"
150506,NOVO REPARTIMENTO,PA,11/2022,1697,1360,"80,14",1353,7,"99,49",337,"19,86",6,331,"19,51"
150506,NOVO REPARTIMENTO,PA,09/2022,1689,1369,"81,05",1310,59,"95,69",320,"18,95",53,267,"15,81"
150510,ÓBIDOS,PA,09/2022,1748,1138,"65,10",1123,15,"98,68",610,"34,90",21,589,"33,70"
150510,ÓBIDOS,PA,11/2022,1722,956,"55,52",945,11,"98,85",766,"44,48",5,761,"44,19"
150510,ÓBIDOS,PA,07/2022,1662,1103,"66,37",1087,16,"98,55",559,"33,63",14,545,"32,79"
150520,OEIRAS DO PARÁ,PA,11/2022,1509,1220,"80,85",1220,0,"100,00",289,"19,15",14,275,"18,22"
150520,OEIRAS DO PARÁ,PA,07/2022,1437,1362,"94,78",1362,0,"100,00",75,"5,22",17,58,"4,04"
150520,OEIRAS DO PARÁ,PA,09/2022,1545,1268,"82,07",1234,34,"97,32",277,"17,93",20,257,"16,63"
150530,ORIXIMINÁ,PA,09/2022,2408,2197,"91,24",2197,0,"100,00",211,"8,76",2,209,"8,68"
150530,ORIXIMINÁ,PA,07/2022,2312,2094,"90,57",2094,0,"100,00",218,"9,43",11,207,"8,95"
150530,ORIXIMINÁ,PA,11/2022,2375,2082,"87,66",2082,0,"100,00",293,"12,34",6,287,"12,08"
150540,OURÉM,PA,07/2022,525,433,"82,48",360,73,"83,14",92,"17,52",7,85,"16,19"
150540,OURÉM,PA,11/2022,531,455,"85,69",409,46,"89,89",76,"14,31",2,74,"13,94"
150540,OURÉM,PA,09/2022,549,487,"88,71",428,59,"87,89",62,"11,29",13,49,"8,93"
150543,OURILÂNDIA DO NORTE,PA,09/2022,866,647,"74,71",612,35,"94,59",219,"25,29",7,212,"24,48"
150543,OURILÂNDIA DO NORTE,PA,11/2022,868,668,"76,96",628,40,"94,01",200,"23,04",2,198,"22,81"
150543,OURILÂNDIA DO NORTE,PA,07/2022,784,567,"72,32",551,16,"97,18",217,"27,68",5,212,"27,04"
150548,PACAJÁ,PA,11/2022,1372,867,"63,19",852,15,"98,27",505,"36,81",32,473,"34,48"
150548,PACAJÁ,PA,07/2022,1340,797,"59,48",790,7,"99,12",543,"40,52",109,434,"32,39"
150548,PACAJÁ,PA,09/2022,1428,851,"59,59",816,35,"95,89",577,"40,41",96,481,"33,68"
150549,PALESTINA DO PARÁ,PA,09/2022,230,203,"88,26",203,0,"100,00",27,"11,74",1,26,"11,30"
150549,PALESTINA DO PARÁ,PA,11/2022,222,193,"86,94",193,0,"100,00",29,"13,06",0,29,"13,06"
150549,PALESTINA DO PARÁ,PA,07/2022,243,132,"54,32",132,0,"100,00",111,"45,68",1,110,"45,27"
150550,PARAGOMINAS,PA,11/2022,2478,1269,"51,21",1192,77,"93,93",1209,"48,79",13,1196,"48,26"
150550,PARAGOMINAS,PA,07/2022,2408,1199,"49,79",1190,9,"99,25",1209,"50,21",18,1191,"49,46"
150550,PARAGOMINAS,PA,09/2022,2501,1261,"50,42",1213,48,"96,19",1240,"49,58",16,1224,"48,94"
150553,PARAUAPEBAS,PA,09/2022,3731,1119,"29,99",1116,3,"99,73",2612,"70,01",14,2598,"69,63"
150553,PARAUAPEBAS,PA,07/2022,3300,940,"28,48",940,0,"100,00",2360,"71,52",5,2355,"71,36"
150553,PARAUAPEBAS,PA,11/2022,3755,1289,"34,33",1286,3,"99,77",2466,"65,67",5,2461,"65,54"
150555,PAU D´ARCO,PA,11/2022,165,122,"73,94",122,0,"100,00",43,"26,06",0,43,"26,06"
150555,PAU D´ARCO,PA,07/2022,163,115,"70,55",115,0,"100,00",48,"29,45",0,48,"29,45"
150555,PAU D´ARCO,PA,09/2022,169,110,"65,09",109,1,"99,09",59,"34,91",5,54,"31,95"
150560,PEIXE-BOI,PA,09/2022,231,225,"97,40",225,0,"100,00",6,"2,60",0,6,"2,60"
150560,PEIXE-BOI,PA,07/2022,219,213,"97,26",213,0,"100,00",6,"2,74",1,5,"2,28"
150560,PEIXE-BOI,PA,11/2022,229,225,"98,25",225,0,"100,00",4,"1,75",0,4,"1,75"
150563,PIÇARRA,PA,07/2022,266,68,"25,56",65,3,"95,59",198,"74,44",1,197,"74,06"
150563,PIÇARRA,PA,11/2022,280,145,"51,79",141,4,"97,24",135,"48,21",3,132,"47,14"
150563,PIÇARRA,PA,09/2022,291,86,"29,55",86,0,"100,00",205,"70,45",1,204,"70,10"
150565,PLACAS,PA,09/2022,592,508,"85,81",432,76,"85,04",84,"14,19",12,72,"12,16"
150565,PLACAS,PA,07/2022,573,428,"74,69",379,49,"88,55",145,"25,31",6,139,"24,26"
150565,PLACAS,PA,11/2022,562,442,"78,65",428,14,"96,83",120,"21,35",12,108,"19,22"
150570,PONTA DE PEDRAS,PA,07/2022,988,888,"89,88",859,29,"96,73",100,"10,12",27,73,"7,39"
150570,PONTA DE PEDRAS,PA,11/2022,961,859,"89,39",811,48,"94,41",102,"10,61",19,83,"8,64"
150570,PONTA DE PEDRAS,PA,09/2022,1021,882,"86,39",851,31,"96,49",139,"13,61",36,103,"10,09"
150580,PORTEL,PA,09/2022,2604,1353,"51,96",1343,10,"99,26",1251,"48,04",440,811,"31,14"
150580,PORTEL,PA,07/2022,2493,1697,"68,07",1687,10,"99,41",796,"31,93",258,538,"21,58"
150580,PORTEL,PA,11/2022,2529,1272,"50,30",1254,18,"98,58",1257,"49,70",489,768,"30,37"
150590,PORTO DE MOZ,PA,11/2022,1469,1322,"89,99",1320,2,"99,85",147,"10,01",5,142,"9,67"
150590,PORTO DE MOZ,PA,07/2022,1438,1171,"81,43",1170,1,"99,91",267,"18,57",101,166,"11,54"
150590,PORTO DE MOZ,PA,09/2022,1464,686,"46,86",685,1,"99,85",778,"53,14",625,153,"10,45"
150600,PRAINHA,PA,09/2022,1623,1060,"65,31",1000,60,"94,34",563,"34,69",98,465,"28,65"
150600,PRAINHA,PA,11/2022,1572,1108,"70,48",1057,51,"95,40",464,"29,52",40,424,"26,97"
150600,PRAINHA,PA,07/2022,1535,1072,"69,84",1061,11,"98,97",463,"30,16",44,419,"27,30"
150610,PRIMAVERA,PA,11/2022,348,257,"73,85",248,9,"96,50",91,"26,15",2,89,"25,57"
150610,PRIMAVERA,PA,07/2022,344,211,"61,34",210,1,"99,53",133,"38,66",8,125,"36,34"
150610,PRIMAVERA,PA,09/2022,361,249,"68,98",244,5,"97,99",112,"31,02",0,112,"31,02"
150611,QUATIPURU,PA,09/2022,372,331,"88,98",324,7,"97,89",41,"11,02",7,34,"9,14"
150611,QUATIPURU,PA,11/2022,336,302,"89,88",299,3,"99,01",34,"10,12",3,31,"9,23"
150611,QUATIPURU,PA,07/2022,358,307,"85,75",305,2,"99,35",51,"14,25",8,43,"12,01"
150613,REDENÇÃO,PA,11/2022,1334,999,"74,89",980,19,"98,10",335,"25,11",6,329,"24,66"
150613,REDENÇÃO,PA,07/2022,1208,808,"66,89",790,18,"97,77",400,"33,11",7,393,"32,53"
150613,REDENÇÃO,PA,09/2022,1311,898,"68,50",872,26,"97,10",413,"31,50",10,403,"30,74"
150616,RIO MARIA,PA,09/2022,332,240,"72,29",219,21,"91,25",92,"27,71",1,91,"27,41"
150616,RIO MARIA,PA,07/2022,331,231,"69,79",225,6,"97,40",100,"30,21",15,85,"25,68"
150616,RIO MARIA,PA,11/2022,321,238,"74,14",225,13,"94,54",83,"25,86",2,81,"25,23"
150618,RONDON DO PARÁ,PA,11/2022,830,693,"83,49",647,46,"93,36",137,"16,51",0,137,"16,51"
150618,RONDON DO PARÁ,PA,07/2022,802,630,"78,55",617,13,"97,94",172,"21,45",6,166,"20,70"
150618,RONDON DO PARÁ,PA,09/2022,835,662,"79,28",620,42,"93,66",173,"20,72",1,172,"20,60"
150619,RURÓPOLIS,PA,09/2022,822,205,"24,94",205,0,"100,00",617,"75,06",168,449,"54,62"
150619,RURÓPOLIS,PA,07/2022,785,354,"45,10",347,7,"98,02",431,"54,90",5,426,"54,27"
150619,RURÓPOLIS,PA,11/2022,828,327,"39,49",322,5,"98,47",501,"60,51",9,492,"59,42"
150620,SALINÓPOLIS,PA,07/2022,1075,998,"92,84",997,1,"99,90",77,"7,16",14,63,"5,86"
150620,SALINÓPOLIS,PA,11/2022,1129,1054,"93,36",1053,1,"99,91",75,"6,64",7,68,"6,02"
150620,SALINÓPOLIS,PA,09/2022,1127,1010,"89,62",1009,1,"99,90",117,"10,38",16,101,"8,96"
150630,SALVATERRA,PA,09/2022,814,396,"48,65",372,24,"93,94",418,"51,35",10,408,"50,12"
150630,SALVATERRA,PA,11/2022,791,361,"45,64",338,23,"93,63",430,"54,36",7,423,"53,48"
150630,SALVATERRA,PA,07/2022,793,401,"50,57",392,9,"97,76",392,"49,43",6,386,"48,68"
150635,SANTA BÁRBARA DO PARÁ,PA,07/2022,490,440,"89,80",434,6,"98,64",50,"10,20",14,36,"7,35"
150635,SANTA BÁRBARA DO PARÁ,PA,11/2022,505,460,"91,09",456,4,"99,13",45,"8,91",6,39,"7,72"
150635,SANTA BÁRBARA DO PARÁ,PA,09/2022,491,24,"4,89",23,1,"95,83",467,"95,11",433,34,"6,92"
150640,SANTA CRUZ DO ARARI,PA,09/2022,305,201,"65,90",184,17,"91,54",104,"34,10",14,90,"29,51"
150640,SANTA CRUZ DO ARARI,PA,11/2022,287,194,"67,60",185,9,"95,36",93,"32,40",12,81,"28,22"
150640,SANTA CRUZ DO ARARI,PA,07/2022,299,200,"66,89",191,9,"95,50",99,"33,11",23,76,"25,42"
150650,SANTA ISABEL DO PARÁ,PA,07/2022,1395,1296,"92,90",1296,0,"100,00",99,"7,10",4,95,"6,81"
150650,SANTA ISABEL DO PARÁ,PA,09/2022,1492,1398,"93,70",1398,0,"100,00",94,"6,30",2,92,"6,17"
150650,SANTA ISABEL DO PARÁ,PA,11/2022,1456,1360,"93,41",1360,0,"100,00",96,"6,59",3,93,"6,39"
150655,SANTA LUZIA DO PARÁ,PA,11/2022,792,696,"87,88",689,7,"98,99",96,"12,12",16,80,"10,10"
150655,SANTA LUZIA DO PARÁ,PA,09/2022,813,717,"88,19",716,1,"99,86",96,"11,81",6,90,"11,07"
150655,SANTA LUZIA DO PARÁ,PA,07/2022,771,675,"87,55",674,1,"99,85",96,"12,45",3,93,"12,06"
150658,SANTA MARIA DAS BARREIRAS,PA,07/2022,448,262,"58,48",240,22,"91,60",186,"41,52",41,145,"32,37"
150658,SANTA MARIA DAS BARREIRAS,PA,09/2022,458,260,"56,77",243,17,"93,46",198,"43,23",45,153,"33,41"
150658,SANTA MARIA DAS BARREIRAS,PA,11/2022,442,185,"41,86",167,18,"90,27",257,"58,14",75,182,"41,18"
150660,SANTA MARIA DO PARÁ,PA,09/2022,631,394,"62,44",394,0,"100,00",237,"37,56",221,16,"2,54"
150660,SANTA MARIA DO PARÁ,PA,11/2022,611,598,"97,87",598,0,"100,00",13,"2,13",1,12,"1,96"
150660,SANTA MARIA DO PARÁ,PA,07/2022,654,610,"93,27",610,0,"100,00",44,"6,73",16,28,"4,28"
150670,SANTANA DO ARAGUAIA,PA,07/2022,807,430,"53,28",430,0,"100,00",377,"46,72",2,375,"46,47"
150670,SANTANA DO ARAGUAIA,PA,11/2022,807,450,"55,76",450,0,"100,00",357,"44,24",4,353,"43,74"
150670,SANTANA DO ARAGUAIA,PA,09/2022,818,446,"54,52",446,0,"100,00",372,"45,48",13,359,"43,89"
150680,SANTARÉM,PA,11/2022,8771,7604,"86,69",7514,90,"98,82",1167,"13,31",202,965,"11,00"
150680,SANTARÉM,PA,09/2022,8811,7500,"85,12",7399,101,"98,65",1311,"14,88",74,1237,"14,04"
150680,SANTARÉM,PA,07/2022,8080,6699,"82,91",6650,49,"99,27",1381,"17,09",115,1266,"15,67"
150690,SANTARÉM NOVO,PA,07/2022,230,185,"80,43",183,2,"98,92",45,"19,57",6,39,"16,96"
150690,SANTARÉM NOVO,PA,09/2022,261,203,"77,78",200,3,"98,52",58,"22,22",9,49,"18,77"
150690,SANTARÉM NOVO,PA,11/2022,243,208,"85,60",204,4,"98,08",35,"14,40",5,30,"12,35"
150700,SANTO ANTÔNIO DO TAUÁ,PA,09/2022,926,674,"72,79",674,0,"100,00",252,"27,21",160,92,"9,94"
150700,SANTO ANTÔNIO DO TAUÁ,PA,11/2022,917,823,"89,75",823,0,"100,00",94,"10,25",4,90,"9,81"
150700,SANTO ANTÔNIO DO TAUÁ,PA,07/2022,876,780,"89,04",780,0,"100,00",96,"10,96",21,75,"8,56"
150710,SÃO CAETANO DE ODIVELAS,PA,07/2022,490,333,"67,96",330,3,"99,10",157,"32,04",70,87,"17,76"
150710,SÃO CAETANO DE ODIVELAS,PA,11/2022,454,387,"85,24",384,3,"99,22",67,"14,76",11,56,"12,33"
150710,SÃO CAETANO DE ODIVELAS,PA,09/2022,488,391,"80,12",391,0,"100,00",97,"19,88",14,83,"17,01"
150715,SÃO DOMINGOS DO ARAGUAIA,PA,09/2022,608,502,"82,57",501,1,"99,80",106,"17,43",8,98,"16,12"
150715,SÃO DOMINGOS DO ARAGUAIA,PA,11/2022,598,491,"82,11",487,4,"99,19",107,"17,89",4,103,"17,22"
150715,SÃO DOMINGOS DO ARAGUAIA,PA,07/2022,603,504,"83,58",503,1,"99,80",99,"16,42",9,90,"14,93"
150720,SÃO DOMINGOS DO CAPIM,PA,07/2022,1209,873,"72,21",872,1,"99,89",336,"27,79",24,312,"25,81"
150720,SÃO DOMINGOS DO CAPIM,PA,11/2022,1180,890,"75,42",842,48,"94,61",290,"24,58",15,275,"23,31"
150720,SÃO DOMINGOS DO CAPIM,PA,09/2022,1241,921,"74,21",895,26,"97,18",320,"25,79",11,309,"24,90"
150730,SÃO FÉLIX DO XINGU,PA,11/2022,1791,1217,"67,95",1156,61,"94,99",574,"32,05",2,572,"31,94"
150730,SÃO FÉLIX DO XINGU,PA,09/2022,1794,1137,"63,38",1004,133,"88,30",657,"36,62",20,637,"35,51"
150730,SÃO FÉLIX DO XINGU,PA,07/2022,1718,1105,"64,32",1010,95,"91,40",613,"35,68",7,606,"35,27"
150740,SÃO FRANCISCO DO PARÁ,PA,07/2022,426,210,"49,30",201,9,"95,71",216,"50,70",117,99,"23,24"
150740,SÃO FRANCISCO DO PARÁ,PA,09/2022,463,216,"46,65",204,12,"94,44",247,"53,35",117,130,"28,08"
150740,SÃO FRANCISCO DO PARÁ,PA,11/2022,431,222,"51,51",221,1,"99,55",209,"48,49",95,114,"26,45"
150745,SÃO GERALDO DO ARAGUAIA,PA,11/2022,622,286,"45,98",279,7,"97,55",336,"54,02",8,328,"52,73"
150745,SÃO GERALDO DO ARAGUAIA,PA,09/2022,622,279,"44,86",268,11,"96,06",343,"55,14",8,335,"53,86"
150745,SÃO GERALDO DO ARAGUAIA,PA,07/2022,610,320,"52,46",306,14,"95,63",290,"47,54",6,284,"46,56"
150746,SÃO JOÃO DA PONTA,PA,07/2022,204,162,"79,41",155,7,"95,68",42,"20,59",1,41,"20,10"
150746,SÃO JOÃO DA PONTA,PA,09/2022,204,162,"79,41",160,2,"98,77",42,"20,59",2,40,"19,61"
150746,SÃO JOÃO DA PONTA,PA,11/2022,190,46,"24,21",46,0,"100,00",144,"75,79",102,42,"22,11"
150747,SÃO JOÃO DE PIRABAS,PA,11/2022,690,437,"63,33",437,0,"100,00",253,"36,67",63,190,"27,54"
150747,SÃO JOÃO DE PIRABAS,PA,09/2022,728,178,"24,45",174,4,"97,75",550,"75,55",190,360,"49,45"
150747,SÃO JOÃO DE PIRABAS,PA,07/2022,682,333,"48,83",333,0,"100,00",349,"51,17",4,345,"50,59"
150750,SÃO JOÃO DO ARAGUAIA,PA,07/2022,444,209,"47,07",200,9,"95,69",235,"52,93",121,114,"25,68"
150750,SÃO JOÃO DO ARAGUAIA,PA,11/2022,460,280,"60,87",258,22,"92,14",180,"39,13",8,172,"37,39"
150750,SÃO JOÃO DO ARAGUAIA,PA,09/2022,476,150,"31,51",130,20,"86,67",326,"68,49",145,181,"38,03"
150760,SÃO MIGUEL DO GUAMÁ,PA,11/2022,1737,1533,"88,26",1533,0,"100,00",204,"11,74",8,196,"11,28"
150760,SÃO MIGUEL DO GUAMÁ,PA,09/2022,1785,1549,"86,78",1549,0,"100,00",236,"13,22",18,218,"12,21"
150760,SÃO MIGUEL DO GUAMÁ,PA,07/2022,1614,230,"14,25",230,0,"100,00",1384,"85,75",1178,206,"12,76"
150770,SÃO SEBASTIÃO DA BOA VISTA,PA,07/2022,1128,853,"75,62",842,11,"98,71",275,"24,38",22,253,"22,43"
150770,SÃO SEBASTIÃO DA BOA VISTA,PA,09/2022,1195,863,"72,22",827,36,"95,83",332,"27,78",22,310,"25,94"
150770,SÃO SEBASTIÃO DA BOA VISTA,PA,11/2022,1137,830,"73,00",787,43,"94,82",307,"27,00",7,300,"26,39"
150775,SAPUCAIA,PA,09/2022,97,43,"44,33",34,9,"79,07",54,"55,67",39,15,"15,46"
150775,SAPUCAIA,PA,11/2022,99,44,"44,44",25,19,"56,82",55,"55,56",37,18,"18,18"
150775,SAPUCAIA,PA,07/2022,107,67,"62,62",55,12,"82,09",40,"37,38",1,39,"36,45"
150780,SENADOR JOSÉ PORFÍRIO,PA,07/2022,671,348,"51,86",348,0,"100,00",323,"48,14",13,310,"46,20"
150780,SENADOR JOSÉ PORFÍRIO,PA,11/2022,746,396,"53,08",396,0,"100,00",350,"46,92",10,340,"45,58"
150780,SENADOR JOSÉ PORFÍRIO,PA,09/2022,722,373,"51,66",372,1,"99,73",349,"48,34",19,330,"45,71"
150790,SOURE,PA,11/2022,813,606,"74,54",559,47,"92,24",207,"25,46",64,143,"17,59"
150790,SOURE,PA,09/2022,844,606,"71,80",576,30,"95,05",238,"28,20",102,136,"16,11"
150790,SOURE,PA,07/2022,786,558,"70,99",522,36,"93,55",228,"29,01",97,131,"16,67"
150795,TAILÂNDIA,PA,07/2022,2156,871,"40,40",853,18,"97,93",1285,"59,60",258,1027,"47,63"
150795,TAILÂNDIA,PA,09/2022,2334,1225,"52,49",1187,38,"96,90",1109,"47,51",16,1093,"46,83"
150795,TAILÂNDIA,PA,11/2022,2292,1225,"53,45",969,256,"79,10",1067,"46,55",45,1022,"44,59"
150796,TERRA ALTA,PA,11/2022,377,305,"80,90",305,0,"100,00",72,"19,10",0,72,"19,10"
150796,TERRA ALTA,PA,09/2022,392,316,"80,61",316,0,"100,00",76,"19,39",0,76,"19,39"
150796,TERRA ALTA,PA,07/2022,374,303,"81,02",303,0,"100,00",71,"18,98",0,71,"18,98"
150797,TERRA SANTA,PA,07/2022,464,390,"84,05",380,10,"97,44",74,"15,95",5,69,"14,87"
150797,TERRA SANTA,PA,11/2022,495,406,"82,02",405,1,"99,75",89,"17,98",3,86,"17,37"
150797,TERRA SANTA,PA,09/2022,512,428,"83,59",428,0,"100,00",84,"16,41",4,80,"15,63"
150800,TOMÉ-AÇU,PA,09/2022,2155,1385,"64,27",1293,92,"93,36",770,"35,73",7,763,"35,41"
150800,TOMÉ-AÇU,PA,11/2022,2173,1449,"66,68",1344,105,"92,75",724,"33,32",1,723,"33,27"
150800,TOMÉ-AÇU,PA,07/2022,2020,1131,"55,99",927,204,"81,96",889,"44,01",3,886,"43,86"
150803,TRACUATEUA,PA,07/2022,1037,679,"65,48",675,4,"99,41",358,"34,52",271,87,"8,39"
150803,TRACUATEUA,PA,09/2022,1101,700,"63,58",700,0,"100,00",401,"36,42",264,137,"12,44"
150803,TRACUATEUA,PA,11/2022,1102,789,"71,60",789,0,"100,00",313,"28,40",178,135,"12,25"
150805,TRAIRÃO,PA,11/2022,463,414,"89,42",414,0,"100,00",49,"10,58",1,48,"10,37"
150805,TRAIRÃO,PA,09/2022,460,408,"88,70",408,0,"100,00",52,"11,30",3,49,"10,65"
150805,TRAIRÃO,PA,07/2022,427,384,"89,93",384,0,"100,00",43,"10,07",1,42,"9,84"
150808,TUCUMÃ,PA,07/2022,524,402,"76,72",376,26,"93,53",122,"23,28",1,121,"23,09"
150808,TUCUMÃ,PA,09/2022,556,419,"75,36",365,54,"87,11",137,"24,64",8,129,"23,20"
150808,TUCUMÃ,PA,11/2022,512,399,"77,93",380,19,"95,24",113,"22,07",0,113,"22,07"
150810,TUCURUÍ,PA,11/2022,2435,2015,"82,75",1996,19,"99,06",420,"17,25",9,411,"16,88"
150810,TUCURUÍ,PA,09/2022,2456,1906,"77,61",1863,43,"97,74",550,"22,39",25,525,"21,38"
150810,TUCURUÍ,PA,07/2022,2309,1837,"79,56",1809,28,"98,48",472,"20,44",24,448,"19,40"
150812,ULIANÓPOLIS,PA,07/2022,745,287,"38,52",286,1,"99,65",458,"61,48",6,452,"60,67"
150812,ULIANÓPOLIS,PA,09/2022,769,332,"43,17",332,0,"100,00",437,"56,83",2,435,"56,57"
150812,ULIANÓPOLIS,PA,11/2022,772,334,"43,26",334,0,"100,00",438,"56,74",4,434,"56,22"
150815,URUARÁ,PA,09/2022,1322,1045,"79,05",1043,2,"99,81",277,"20,95",128,149,"11,27"
150815,URUARÁ,PA,11/2022,1309,1058,"80,83",1058,0,"100,00",251,"19,17",99,152,"11,61"
150815,URUARÁ,PA,07/2022,1246,982,"78,81",980,2,"99,80",264,"21,19",133,131,"10,51"
150820,VIGIA,PA,07/2022,1467,854,"58,21",850,4,"99,53",613,"41,79",328,285,"19,43"
150820,VIGIA,PA,11/2022,1512,954,"63,10",953,1,"99,90",558,"36,90",130,428,"28,31"
150820,VIGIA,PA,09/2022,1547,1012,"65,42",1004,8,"99,21",535,"34,58",154,381,"24,63"
150830,VISEU,PA,11/2022,2466,1373,"55,68",1082,291,"78,81",1093,"44,32",807,286,"11,60"
150830,VISEU,PA,09/2022,2514,1320,"52,51",1076,244,"81,52",1194,"47,49",920,274,"10,90"
150830,VISEU,PA,07/2022,2360,1031,"43,69",861,170,"83,51",1329,"56,31",1091,238,"10,08"
150835,VITÓRIA DO XINGU,PA,07/2022,368,180,"48,91",180,0,"100,00",188,"51,09",2,186,"50,54"
150835,VITÓRIA DO XINGU,PA,09/2022,419,217,"51,79",217,0,"100,00",202,"48,21",4,198,"47,26"
150835,VITÓRIA DO XINGU,PA,11/2022,428,250,"58,41",246,4,"98,40",178,"41,59",2,176,"41,12"
150840,XINGUARA,PA,11/2022,955,882,"92,36",882,0,"100,00",73,"7,64",5,68,"7,12"
150840,XINGUARA,PA,09/2022,952,853,"89,60",853,0,"100,00",99,"10,40",9,90,"9,45"
150840,XINGUARA,PA,07/2022,875,790,"90,29",790,0,"100,00",85,"9,71",5,80,"9,14"
250010,ÁGUA BRANCA,PB,09/2022,220,169,"76,82",165,4,"97,63",51,"23,18",1,50,"22,73"
250010,ÁGUA BRANCA,PB,07/2022,220,166,"75,45",165,1,"99,40",54,"24,55",2,52,"23,64"
250010,ÁGUA BRANCA,PB,11/2022,214,176,"82,24",176,0,"100,00",38,"17,76",2,36,"16,82"
250020,AGUIAR,PB,07/2022,119,98,"82,35",98,0,"100,00",21,"17,65",5,16,"13,45"
250020,AGUIAR,PB,11/2022,122,98,"80,33",92,6,"93,88",24,"19,67",6,18,"14,75"
250020,AGUIAR,PB,09/2022,117,95,"81,20",95,0,"100,00",22,"18,80",5,17,"14,53"
250030,ALAGOA GRANDE,PB,09/2022,756,384,"50,79",384,0,"100,00",372,"49,21",42,330,"43,65"
250030,ALAGOA GRANDE,PB,11/2022,751,426,"56,72",426,0,"100,00",325,"43,28",17,308,"41,01"
250030,ALAGOA GRANDE,PB,07/2022,740,363,"49,05",363,0,"100,00",377,"50,95",43,334,"45,14"
250040,ALAGOA NOVA,PB,11/2022,402,341,"84,83",319,22,"93,55",61,"15,17",3,58,"14,43"
250040,ALAGOA NOVA,PB,07/2022,433,256,"59,12",240,16,"93,75",177,"40,88",2,175,"40,42"
250040,ALAGOA NOVA,PB,09/2022,448,258,"57,59",236,22,"91,47",190,"42,41",1,189,"42,19"
250050,ALAGOINHA,PB,09/2022,387,304,"78,55",303,1,"99,67",83,"21,45",12,71,"18,35"
250050,ALAGOINHA,PB,11/2022,389,307,"78,92",307,0,"100,00",82,"21,08",9,73,"18,77"
250050,ALAGOINHA,PB,07/2022,379,279,"73,61",278,1,"99,64",100,"26,39",18,82,"21,64"
250053,ALCANTIL,PB,07/2022,141,103,"73,05",94,9,"91,26",38,"26,95",0,38,"26,95"
250053,ALCANTIL,PB,11/2022,156,110,"70,51",86,24,"78,18",46,"29,49",0,46,"29,49"
250053,ALCANTIL,PB,09/2022,155,107,"69,03",96,11,"89,72",48,"30,97",0,48,"30,97"
250057,ALGODÃO DE JANDAÍRA,PB,09/2022,101,81,"80,20",81,0,"100,00",20,"19,80",1,19,"18,81"
250057,ALGODÃO DE JANDAÍRA,PB,11/2022,98,74,"75,51",74,0,"100,00",24,"24,49",2,22,"22,45"
250057,ALGODÃO DE JANDAÍRA,PB,07/2022,94,72,"76,60",72,0,"100,00",22,"23,40",3,19,"20,21"
250060,ALHANDRA,PB,11/2022,684,574,"83,92",573,1,"99,83",110,"16,08",2,108,"15,79"
250060,ALHANDRA,PB,07/2022,652,530,"81,29",530,0,"100,00",122,"18,71",1,121,"18,56"
250060,ALHANDRA,PB,09/2022,708,591,"83,47",591,0,"100,00",117,"16,53",6,111,"15,68"
250070,SÃO JOÃO DO RIO DO PEIXE,PB,09/2022,334,226,"67,66",210,16,"92,92",108,"32,34",0,108,"32,34"
250070,SÃO JOÃO DO RIO DO PEIXE,PB,07/2022,317,195,"61,51",193,2,"98,97",122,"38,49",18,104,"32,81"
250070,SÃO JOÃO DO RIO DO PEIXE,PB,11/2022,299,215,"71,91",214,1,"99,53",84,"28,09",0,84,"28,09"
250073,AMPARO,PB,11/2022,50,46,"92,00",45,1,"97,83",4,"8,00",3,1,"2,00"
250073,AMPARO,PB,07/2022,51,45,"88,24",44,1,"97,78",6,"11,76",4,2,"3,92"
250073,AMPARO,PB,09/2022,47,44,"93,62",39,5,"88,64",3,"6,38",2,1,"2,13"
250077,APARECIDA,PB,09/2022,200,167,"83,50",160,7,"95,81",33,"16,50",0,33,"16,50"
250077,APARECIDA,PB,11/2022,189,161,"85,19",132,29,"81,99",28,"14,81",0,28,"14,81"
250077,APARECIDA,PB,07/2022,193,155,"80,31",145,10,"93,55",38,"19,69",1,37,"19,17"
250080,ARAÇAGI,PB,11/2022,430,373,"86,74",373,0,"100,00",57,"13,26",2,55,"12,79"
250080,ARAÇAGI,PB,07/2022,422,364,"86,26",360,4,"98,90",58,"13,74",8,50,"11,85"
250080,ARAÇAGI,PB,09/2022,449,386,"85,97",386,0,"100,00",63,"14,03",3,60,"13,36"
250090,ARARA,PB,09/2022,336,262,"77,98",253,9,"96,56",74,"22,02",1,73,"21,73"
250090,ARARA,PB,07/2022,330,286,"86,67",286,0,"100,00",44,"13,33",1,43,"13,03"
250090,ARARA,PB,11/2022,338,290,"85,80",267,23,"92,07",48,"14,20",1,47,"13,91"
250100,ARARUNA,PB,11/2022,419,249,"59,43",249,0,"100,00",170,"40,57",0,170,"40,57"
250100,ARARUNA,PB,07/2022,430,245,"56,98",240,5,"97,96",185,"43,02",3,182,"42,33"
250100,ARARUNA,PB,09/2022,449,258,"57,46",247,11,"95,74",191,"42,54",1,190,"42,32"
250110,AREIA,PB,09/2022,533,416,"78,05",415,1,"99,76",117,"21,95",0,117,"21,95"
250110,AREIA,PB,11/2022,546,419,"76,74",419,0,"100,00",127,"23,26",1,126,"23,08"
250110,AREIA,PB,07/2022,510,425,"83,33",421,4,"99,06",85,"16,67",3,82,"16,08"
250115,AREIA DE BARAÚNAS,PB,11/2022,35,20,"57,14",17,3,"85,00",15,"42,86",0,15,"42,86"
250115,AREIA DE BARAÚNAS,PB,07/2022,37,24,"64,86",24,0,"100,00",13,"35,14",0,13,"35,14"
250115,AREIA DE BARAÚNAS,PB,09/2022,37,24,"64,86",19,5,"79,17",13,"35,14",0,13,"35,14"
250120,AREIAL,PB,09/2022,216,189,"87,50",165,24,"87,30",27,"12,50",4,23,"10,65"
250120,AREIAL,PB,07/2022,211,174,"82,46",150,24,"86,21",37,"17,54",11,26,"12,32"
250120,AREIAL,PB,11/2022,215,185,"86,05",166,19,"89,73",30,"13,95",5,25,"11,63"
250130,AROEIRAS,PB,11/2022,502,387,"77,09",377,10,"97,42",115,"22,91",5,110,"21,91"
250130,AROEIRAS,PB,07/2022,510,448,"87,84",448,0,"100,00",62,"12,16",5,57,"11,18"
250130,AROEIRAS,PB,09/2022,540,412,"76,30",409,3,"99,27",128,"23,70",24,104,"19,26"
250135,ASSUNÇÃO,PB,09/2022,126,91,"72,22",83,8,"91,21",35,"27,78",1,34,"26,98"
250135,ASSUNÇÃO,PB,11/2022,115,77,"66,96",77,0,"100,00",38,"33,04",1,37,"32,17"
250135,ASSUNÇÃO,PB,07/2022,123,86,"69,92",78,8,"90,70",37,"30,08",1,36,"29,27"
250140,BAÍA DA TRAIÇÃO,PB,11/2022,272,194,"71,32",184,10,"94,85",78,"28,68",1,77,"28,31"
250140,BAÍA DA TRAIÇÃO,PB,07/2022,284,196,"69,01",168,28,"85,71",88,"30,99",1,87,"30,63"
250140,BAÍA DA TRAIÇÃO,PB,09/2022,286,204,"71,33",182,22,"89,22",82,"28,67",0,82,"28,67"
250150,BANANEIRAS,PB,09/2022,612,406,"66,34",406,0,"100,00",206,"33,66",2,204,"33,33"
250150,BANANEIRAS,PB,07/2022,577,385,"66,72",385,0,"100,00",192,"33,28",4,188,"32,58"
250150,BANANEIRAS,PB,11/2022,573,432,"75,39",432,0,"100,00",141,"24,61",0,141,"24,61"
250153,BARAÚNA,PB,07/2022,126,119,"94,44",104,15,"87,39",7,"5,56",0,7,"5,56"
250153,BARAÚNA,PB,11/2022,138,134,"97,10",119,15,"88,81",4,"2,90",3,1,"0,72"
250153,BARAÚNA,PB,09/2022,131,121,"92,37",107,14,"88,43",10,"7,63",0,10,"7,63"
250157,BARRA DE SANTANA,PB,09/2022,216,173,"80,09",170,3,"98,27",43,"19,91",2,41,"18,98"
250157,BARRA DE SANTANA,PB,11/2022,228,181,"79,39",174,7,"96,13",47,"20,61",5,42,"18,42"
250157,BARRA DE SANTANA,PB,07/2022,218,178,"81,65",172,6,"96,63",40,"18,35",2,38,"17,43"
250160,BARRA DE SANTA ROSA,PB,11/2022,348,307,"88,22",307,0,"100,00",41,"11,78",0,41,"11,78"
250160,BARRA DE SANTA ROSA,PB,07/2022,355,310,"87,32",306,4,"98,71",45,"12,68",0,45,"12,68"
250160,BARRA DE SANTA ROSA,PB,09/2022,357,314,"87,96",314,0,"100,00",43,"12,04",0,43,"12,04"
250170,BARRA DE SÃO MIGUEL,PB,09/2022,153,136,"88,89",136,0,"100,00",17,"11,11",1,16,"10,46"
250170,BARRA DE SÃO MIGUEL,PB,07/2022,144,127,"88,19",126,1,"99,21",17,"11,81",6,11,"7,64"
250170,BARRA DE SÃO MIGUEL,PB,11/2022,145,131,"90,34",130,1,"99,24",14,"9,66",2,12,"8,28"
250180,BAYEUX,PB,07/2022,1820,1450,"79,67",1450,0,"100,00",370,"20,33",58,312,"17,14"
250180,BAYEUX,PB,11/2022,1869,1569,"83,95",1568,1,"99,94",300,"16,05",32,268,"14,34"
250180,BAYEUX,PB,09/2022,1949,1610,"82,61",1609,1,"99,94",339,"17,39",49,290,"14,88"
250190,BELÉM,PB,09/2022,387,292,"75,45",252,40,"86,30",95,"24,55",7,88,"22,74"
250190,BELÉM,PB,07/2022,392,201,"51,28",173,28,"86,07",191,"48,72",2,189,"48,21"
250190,BELÉM,PB,11/2022,376,288,"76,60",252,36,"87,50",88,"23,40",4,84,"22,34"
250200,BELÉM DO BREJO DO CRUZ,PB,07/2022,171,157,"91,81",156,1,"99,36",14,"8,19",2,12,"7,02"
250200,BELÉM DO BREJO DO CRUZ,PB,11/2022,170,155,"91,18",155,0,"100,00",15,"8,82",4,11,"6,47"
250200,BELÉM DO BREJO DO CRUZ,PB,09/2022,179,167,"93,30",167,0,"100,00",12,"6,70",3,9,"5,03"
250205,BERNARDINO BATISTA,PB,09/2022,121,113,"93,39",113,0,"100,00",8,"6,61",2,6,"4,96"
250205,BERNARDINO BATISTA,PB,07/2022,116,109,"93,97",109,0,"100,00",7,"6,03",0,7,"6,03"
250205,BERNARDINO BATISTA,PB,11/2022,116,113,"97,41",110,3,"97,35",3,"2,59",0,3,"2,59"
250210,BOA VENTURA,PB,07/2022,155,81,"52,26",80,1,"98,77",74,"47,74",3,71,"45,81"
250210,BOA VENTURA,PB,11/2022,150,84,"56,00",79,5,"94,05",66,"44,00",0,66,"44,00"
250210,BOA VENTURA,PB,09/2022,154,90,"58,44",75,15,"83,33",64,"41,56",2,62,"40,26"
250215,BOA VISTA,PB,09/2022,109,105,"96,33",105,0,"100,00",4,"3,67",0,4,"3,67"
250215,BOA VISTA,PB,11/2022,104,97,"93,27",97,0,"100,00",7,"6,73",2,5,"4,81"
250215,BOA VISTA,PB,07/2022,104,12,"11,54",12,0,"100,00",92,"88,46",85,7,"6,73"
250220,BOM JESUS,PB,07/2022,61,57,"93,44",45,12,"78,95",4,"6,56",0,4,"6,56"
250220,BOM JESUS,PB,11/2022,68,61,"89,71",51,10,"83,61",7,"10,29",0,7,"10,29"
250220,BOM JESUS,PB,09/2022,67,60,"89,55",59,1,"98,33",7,"10,45",0,7,"10,45"
250230,BOM SUCESSO,PB,09/2022,84,71,"84,52",64,7,"90,14",13,"15,48",2,11,"13,10"
250230,BOM SUCESSO,PB,11/2022,81,69,"85,19",66,3,"95,65",12,"14,81",2,10,"12,35"
250230,BOM SUCESSO,PB,07/2022,85,64,"75,29",60,4,"93,75",21,"24,71",0,21,"24,71"
250240,BONITO DE SANTA FÉ,PB,11/2022,319,299,"93,73",299,0,"100,00",20,"6,27",0,20,"6,27"
250240,BONITO DE SANTA FÉ,PB,07/2022,311,293,"94,21",292,1,"99,66",18,"5,79",0,18,"5,79"
250240,BONITO DE SANTA FÉ,PB,09/2022,344,321,"93,31",316,5,"98,44",23,"6,69",0,23,"6,69"
250250,BOQUEIRÃO,PB,09/2022,542,513,"94,65",513,0,"100,00",29,"5,35",3,26,"4,80"
250250,BOQUEIRÃO,PB,11/2022,563,531,"94,32",530,1,"99,81",32,"5,68",7,25,"4,44"
250250,BOQUEIRÃO,PB,07/2022,510,483,"94,71",483,0,"100,00",27,"5,29",4,23,"4,51"
250260,IGARACY,PB,11/2022,131,103,"78,63",95,8,"92,23",28,"21,37",2,26,"19,85"
250260,IGARACY,PB,07/2022,139,105,"75,54",105,0,"100,00",34,"24,46",0,34,"24,46"
250260,IGARACY,PB,09/2022,133,104,"78,20",95,9,"91,35",29,"21,80",0,29,"21,80"
250270,BORBOREMA,PB,09/2022,165,156,"94,55",156,0,"100,00",9,"5,45",0,9,"5,45"
250270,BORBOREMA,PB,11/2022,148,142,"95,95",132,10,"92,96",6,"4,05",0,6,"4,05"
250270,BORBOREMA,PB,07/2022,167,119,"71,26",117,2,"98,32",48,"28,74",40,8,"4,79"
250280,BREJO DO CRUZ,PB,07/2022,270,244,"90,37",240,4,"98,36",26,"9,63",9,17,"6,30"
250280,BREJO DO CRUZ,PB,11/2022,286,246,"86,01",246,0,"100,00",40,"13,99",17,23,"8,04"
250280,BREJO DO CRUZ,PB,09/2022,288,249,"86,46",245,4,"98,39",39,"13,54",16,23,"7,99"
250290,BREJO DOS SANTOS,PB,09/2022,125,116,"92,80",106,10,"91,38",9,"7,20",1,8,"6,40"
250290,BREJO DOS SANTOS,PB,11/2022,116,107,"92,24",99,8,"92,52",9,"7,76",1,8,"6,90"
250290,BREJO DOS SANTOS,PB,07/2022,125,86,"68,80",80,6,"93,02",39,"31,20",2,37,"29,60"
250300,CAAPORÃ,PB,11/2022,544,438,"80,51",412,26,"94,06",106,"19,49",4,102,"18,75"
250300,CAAPORÃ,PB,07/2022,580,495,"85,34",493,2,"99,60",85,"14,66",13,72,"12,41"
250300,CAAPORÃ,PB,09/2022,581,419,"72,12",410,9,"97,85",162,"27,88",9,153,"26,33"
250310,CABACEIRAS,PB,09/2022,106,102,"96,23",92,10,"90,20",4,"3,77",1,3,"2,83"
250310,CABACEIRAS,PB,07/2022,104,98,"94,23",87,11,"88,78",6,"5,77",3,3,"2,88"
250310,CABACEIRAS,PB,11/2022,110,107,"97,27",96,11,"89,72",3,"2,73",2,1,"0,91"
250320,CABEDELO,PB,11/2022,1086,799,"73,57",798,1,"99,87",287,"26,43",116,171,"15,75"
250320,CABEDELO,PB,07/2022,1065,806,"75,68",802,4,"99,50",259,"24,32",88,171,"16,06"
250320,CABEDELO,PB,09/2022,1145,927,"80,96",922,5,"99,46",218,"19,04",31,187,"16,33"
250330,CACHOEIRA DOS ÍNDIOS,PB,09/2022,233,169,"72,53",169,0,"100,00",64,"27,47",1,63,"27,04"
250330,CACHOEIRA DOS ÍNDIOS,PB,07/2022,221,176,"79,64",172,4,"97,73",45,"20,36",0,45,"20,36"
250330,CACHOEIRA DOS ÍNDIOS,PB,11/2022,220,155,"70,45",155,0,"100,00",65,"29,55",0,65,"29,55"
250340,CACIMBA DE AREIA,PB,07/2022,78,64,"82,05",58,6,"90,63",14,"17,95",3,11,"14,10"
250340,CACIMBA DE AREIA,PB,11/2022,72,58,"80,56",55,3,"94,83",14,"19,44",0,14,"19,44"
250340,CACIMBA DE AREIA,PB,09/2022,77,63,"81,82",56,7,"88,89",14,"18,18",0,14,"18,18"
250350,CACIMBA DE DENTRO,PB,09/2022,477,327,"68,55",305,22,"93,27",150,"31,45",2,148,"31,03"
250350,CACIMBA DE DENTRO,PB,07/2022,460,318,"69,13",267,51,"83,96",142,"30,87",2,140,"30,43"
250350,CACIMBA DE DENTRO,PB,11/2022,454,452,"99,56",332,120,"73,45",2,"0,44",1,1,"0,22"
250355,CACIMBAS,PB,11/2022,319,221,"69,28",219,2,"99,10",98,"30,72",73,25,"7,84"
250355,CACIMBAS,PB,07/2022,308,232,"75,32",231,1,"99,57",76,"24,68",48,28,"9,09"
250355,CACIMBAS,PB,09/2022,333,302,"90,69",302,0,"100,00",31,"9,31",2,29,"8,71"
250360,CAIÇARA,PB,09/2022,173,117,"67,63",110,7,"94,02",56,"32,37",1,55,"31,79"
250360,CAIÇARA,PB,07/2022,169,116,"68,64",111,5,"95,69",53,"31,36",4,49,"28,99"
250360,CAIÇARA,PB,11/2022,162,114,"70,37",108,6,"94,74",48,"29,63",2,46,"28,40"
250370,CAJAZEIRAS,PB,07/2022,1398,1002,"71,67",962,40,"96,01",396,"28,33",3,393,"28,11"
250370,CAJAZEIRAS,PB,11/2022,1452,1061,"73,07",1017,44,"95,85",391,"26,93",1,390,"26,86"
250370,CAJAZEIRAS,PB,09/2022,1484,1012,"68,19",948,64,"93,68",472,"31,81",5,467,"31,47"
250375,CAJAZEIRINHAS,PB,09/2022,131,103,"78,63",102,1,"99,03",28,"21,37",0,28,"21,37"
250375,CAJAZEIRINHAS,PB,07/2022,129,104,"80,62",102,2,"98,08",25,"19,38",1,24,"18,60"
250375,CAJAZEIRINHAS,PB,11/2022,119,93,"78,15",93,0,"100,00",26,"21,85",0,26,"21,85"
250380,CALDAS BRANDÃO,PB,11/2022,154,125,"81,17",125,0,"100,00",29,"18,83",1,28,"18,18"
250380,CALDAS BRANDÃO,PB,07/2022,145,97,"66,90",74,23,"76,29",48,"33,10",25,23,"15,86"
250380,CALDAS BRANDÃO,PB,09/2022,161,132,"81,99",132,0,"100,00",29,"18,01",0,29,"18,01"
250390,CAMALAÚ,PB,09/2022,168,151,"89,88",130,21,"86,09",17,"10,12",5,12,"7,14"
250390,CAMALAÚ,PB,11/2022,149,144,"96,64",123,21,"85,42",5,"3,36",0,5,"3,36"
250390,CAMALAÚ,PB,07/2022,161,131,"81,37",127,4,"96,95",30,"18,63",1,29,"18,01"
250400,CAMPINA GRANDE,PB,11/2022,5079,3443,"67,79",3443,0,"100,00",1636,"32,21",1035,601,"11,83"
250400,CAMPINA GRANDE,PB,07/2022,5046,4285,"84,92",4285,0,"100,00",761,"15,08",186,575,"11,40"
250400,CAMPINA GRANDE,PB,09/2022,5361,4624,"86,25",4624,0,"100,00",737,"13,75",121,616,"11,49"
250403,CAPIM,PB,09/2022,207,182,"87,92",177,5,"97,25",25,"12,08",2,23,"11,11"
250403,CAPIM,PB,07/2022,198,185,"93,43",184,1,"99,46",13,"6,57",1,12,"6,06"
250403,CAPIM,PB,11/2022,189,170,"89,95",166,4,"97,65",19,"10,05",1,18,"9,52"
250407,CARAÚBAS,PB,07/2022,107,53,"49,53",53,0,"100,00",54,"50,47",48,6,"5,61"
250407,CARAÚBAS,PB,11/2022,118,93,"78,81",82,11,"88,17",25,"21,19",0,25,"21,19"
250407,CARAÚBAS,PB,09/2022,107,96,"89,72",76,20,"79,17",11,"10,28",1,10,"9,35"
250410,CARRAPATEIRA,PB,09/2022,62,58,"93,55",49,9,"84,48",4,"6,45",0,4,"6,45"
250410,CARRAPATEIRA,PB,07/2022,59,56,"94,92",45,11,"80,36",3,"5,08",1,2,"3,39"
250410,CARRAPATEIRA,PB,11/2022,50,44,"88,00",40,4,"90,91",6,"12,00",1,5,"10,00"
250415,CASSERENGUE,PB,07/2022,221,130,"58,82",122,8,"93,85",91,"41,18",1,90,"40,72"
250415,CASSERENGUE,PB,11/2022,219,146,"66,67",133,13,"91,10",73,"33,33",0,73,"33,33"
250415,CASSERENGUE,PB,09/2022,228,130,"57,02",115,15,"88,46",98,"42,98",0,98,"42,98"
250420,CATINGUEIRA,PB,09/2022,142,106,"74,65",76,30,"71,70",36,"25,35",28,8,"5,63"
250420,CATINGUEIRA,PB,11/2022,131,117,"89,31",75,42,"64,10",14,"10,69",4,10,"7,63"
250420,CATINGUEIRA,PB,07/2022,139,99,"71,22",75,24,"75,76",40,"28,78",2,38,"27,34"
250430,CATOLÉ DO ROCHA,PB,07/2022,696,662,"95,11",650,12,"98,19",34,"4,89",7,27,"3,88"
250430,CATOLÉ DO ROCHA,PB,11/2022,709,557,"78,56",548,9,"98,38",152,"21,44",5,147,"20,73"
250430,CATOLÉ DO ROCHA,PB,09/2022,755,715,"94,70",714,1,"99,86",40,"5,30",3,37,"4,90"
250435,CATURITÉ,PB,09/2022,141,128,"90,78",107,21,"83,59",13,"9,22",2,11,"7,80"
250435,CATURITÉ,PB,07/2022,131,117,"89,31",110,7,"94,02",14,"10,69",2,12,"9,16"
250435,CATURITÉ,PB,11/2022,145,127,"87,59",125,2,"98,43",18,"12,41",7,11,"7,59"
250440,CONCEIÇÃO,PB,11/2022,399,352,"88,22",289,63,"82,10",47,"11,78",4,43,"10,78"
250440,CONCEIÇÃO,PB,07/2022,450,310,"68,89",252,58,"81,29",140,"31,11",4,136,"30,22"
250440,CONCEIÇÃO,PB,09/2022,432,384,"88,89",326,58,"84,90",48,"11,11",6,42,"9,72"
250450,CONDADO,PB,09/2022,191,132,"69,11",120,12,"90,91",59,"30,89",0,59,"30,89"
250450,CONDADO,PB,07/2022,180,121,"67,22",110,11,"90,91",59,"32,78",2,57,"31,67"
250450,CONDADO,PB,11/2022,177,121,"68,36",119,2,"98,35",56,"31,64",0,56,"31,64"
250460,CONDE,PB,07/2022,788,665,"84,39",647,18,"97,29",123,"15,61",15,108,"13,71"
250460,CONDE,PB,11/2022,813,708,"87,08",694,14,"98,02",105,"12,92",13,92,"11,32"
250460,CONDE,PB,09/2022,841,712,"84,66",692,20,"97,19",129,"15,34",36,93,"11,06"
250470,CONGO,PB,09/2022,155,134,"86,45",133,1,"99,25",21,"13,55",1,20,"12,90"
250470,CONGO,PB,11/2022,155,145,"93,55",145,0,"100,00",10,"6,45",0,10,"6,45"
250470,CONGO,PB,07/2022,140,119,"85,00",119,0,"100,00",21,"15,00",1,20,"14,29"
250480,COREMAS,PB,11/2022,401,291,"72,57",284,7,"97,59",110,"27,43",0,110,"27,43"
250480,COREMAS,PB,07/2022,419,303,"72,32",240,63,"79,21",116,"27,68",1,115,"27,45"
250480,COREMAS,PB,09/2022,432,305,"70,60",280,25,"91,80",127,"29,40",4,123,"28,47"
250485,COXIXOLA,PB,09/2022,45,45,"100,00",45,0,"100,00",0,"0,00",0,0,"0,00"
250485,COXIXOLA,PB,11/2022,47,45,"95,74",45,0,"100,00",2,"4,26",2,0,"0,00"
250485,COXIXOLA,PB,07/2022,41,41,"100,00",41,0,"100,00",0,"0,00",0,0,"0,00"
250490,CRUZ DO ESPÍRITO SANTO,PB,07/2022,540,495,"91,67",495,0,"100,00",45,"8,33",0,45,"8,33"
250490,CRUZ DO ESPÍRITO SANTO,PB,11/2022,530,479,"90,38",479,0,"100,00",51,"9,62",1,50,"9,43"
250490,CRUZ DO ESPÍRITO SANTO,PB,09/2022,556,508,"91,37",508,0,"100,00",48,"8,63",1,47,"8,45"
250500,CUBATI,PB,09/2022,190,177,"93,16",81,96,"45,76",13,"6,84",5,8,"4,21"
250500,CUBATI,PB,11/2022,184,179,"97,28",162,17,"90,50",5,"2,72",1,4,"2,17"
250500,CUBATI,PB,07/2022,188,167,"88,83",161,6,"96,41",21,"11,17",2,19,"10,11"
250510,CUITÉ,PB,07/2022,478,325,"67,99",325,0,"100,00",153,"32,01",1,152,"31,80"
250510,CUITÉ,PB,11/2022,469,320,"68,23",317,3,"99,06",149,"31,77",89,60,"12,79"
250510,CUITÉ,PB,09/2022,497,340,"68,41",340,0,"100,00",157,"31,59",101,56,"11,27"
250520,CUITEGI,PB,09/2022,197,146,"74,11",146,0,"100,00",51,"25,89",0,51,"25,89"
250520,CUITEGI,PB,07/2022,187,139,"74,33",136,3,"97,84",48,"25,67",2,46,"24,60"
250520,CUITEGI,PB,11/2022,187,151,"80,75",151,0,"100,00",36,"19,25",0,36,"19,25"
250523,CUITÉ DE MAMANGUAPE,PB,11/2022,176,161,"91,48",120,41,"74,53",15,"8,52",0,15,"8,52"
250523,CUITÉ DE MAMANGUAPE,PB,07/2022,176,121,"68,75",111,10,"91,74",55,"31,25",3,52,"29,55"
250523,CUITÉ DE MAMANGUAPE,PB,09/2022,178,175,"98,31",128,47,"73,14",3,"1,69",0,3,"1,69"
250527,CURRAL DE CIMA,PB,09/2022,143,133,"93,01",133,0,"100,00",10,"6,99",0,10,"6,99"
250527,CURRAL DE CIMA,PB,11/2022,147,133,"90,48",133,0,"100,00",14,"9,52",4,10,"6,80"
250527,CURRAL DE CIMA,PB,07/2022,138,127,"92,03",127,0,"100,00",11,"7,97",0,11,"7,97"
250530,CURRAL VELHO,PB,07/2022,54,47,"87,04",47,0,"100,00",7,"12,96",1,6,"11,11"
250530,CURRAL VELHO,PB,11/2022,60,55,"91,67",55,0,"100,00",5,"8,33",1,4,"6,67"
250530,CURRAL VELHO,PB,09/2022,58,52,"89,66",52,0,"100,00",6,"10,34",1,5,"8,62"
250535,DAMIÃO,PB,09/2022,143,119,"83,22",118,1,"99,16",24,"16,78",0,24,"16,78"
250535,DAMIÃO,PB,11/2022,147,133,"90,48",120,13,"90,23",14,"9,52",1,13,"8,84"
250535,DAMIÃO,PB,07/2022,137,112,"81,75",102,10,"91,07",25,"18,25",1,24,"17,52"
250540,DESTERRO,PB,07/2022,284,224,"78,87",207,17,"92,41",60,"21,13",2,58,"20,42"
250540,DESTERRO,PB,11/2022,275,231,"84,00",231,0,"100,00",44,"16,00",2,42,"15,27"
250540,DESTERRO,PB,09/2022,298,226,"75,84",226,0,"100,00",72,"24,16",2,70,"23,49"
250550,VISTA SERRANA,PB,09/2022,69,59,"85,51",58,1,"98,31",10,"14,49",0,10,"14,49"
250550,VISTA SERRANA,PB,11/2022,71,62,"87,32",62,0,"100,00",9,"12,68",0,9,"12,68"
250550,VISTA SERRANA,PB,07/2022,68,62,"91,18",55,7,"88,71",6,"8,82",0,6,"8,82"
250560,DIAMANTE,PB,07/2022,170,152,"89,41",152,0,"100,00",18,"10,59",2,16,"9,41"
250560,DIAMANTE,PB,11/2022,155,141,"90,97",141,0,"100,00",14,"9,03",0,14,"9,03"
250560,DIAMANTE,PB,09/2022,167,152,"91,02",151,1,"99,34",15,"8,98",1,14,"8,38"
250570,DONA INÊS,PB,09/2022,267,244,"91,39",239,5,"97,95",23,"8,61",0,23,"8,61"
250570,DONA INÊS,PB,11/2022,262,238,"90,84",235,3,"98,74",24,"9,16",0,24,"9,16"
250570,DONA INÊS,PB,07/2022,256,202,"78,91",202,0,"100,00",54,"21,09",0,54,"21,09"
250580,DUAS ESTRADAS,PB,07/2022,95,59,"62,11",58,1,"98,31",36,"37,89",32,4,"4,21"
250580,DUAS ESTRADAS,PB,11/2022,109,104,"95,41",102,2,"98,08",5,"4,59",3,2,"1,83"
250580,DUAS ESTRADAS,PB,09/2022,108,100,"92,59",99,1,"99,00",8,"7,41",2,6,"5,56"
250590,EMAS,PB,09/2022,101,99,"98,02",91,8,"91,92",2,"1,98",0,2,"1,98"
250590,EMAS,PB,07/2022,100,95,"95,00",71,24,"74,74",5,"5,00",0,5,"5,00"
250590,EMAS,PB,11/2022,97,97,"100,00",96,1,"98,97",0,"0,00",0,0,"0,00"
250600,ESPERANÇA,PB,07/2022,763,171,"22,41",154,17,"90,06",592,"77,59",220,372,"48,75"
250600,ESPERANÇA,PB,11/2022,790,261,"33,04",256,5,"98,08",529,"66,96",97,432,"54,68"
250600,ESPERANÇA,PB,09/2022,799,232,"29,04",224,8,"96,55",567,"70,96",87,480,"60,08"
250610,FAGUNDES,PB,09/2022,365,137,"37,53",137,0,"100,00",228,"62,47",1,227,"62,19"
250610,FAGUNDES,PB,11/2022,358,177,"49,44",175,2,"98,87",181,"50,56",6,175,"48,88"
250610,FAGUNDES,PB,07/2022,355,113,"31,83",113,0,"100,00",242,"68,17",3,239,"67,32"
250620,FREI MARTINHO,PB,07/2022,55,36,"65,45",28,8,"77,78",19,"34,55",13,6,"10,91"
250620,FREI MARTINHO,PB,11/2022,51,39,"76,47",34,5,"87,18",12,"23,53",4,8,"15,69"
250620,FREI MARTINHO,PB,09/2022,54,41,"75,93",32,9,"78,05",13,"24,07",6,7,"12,96"
250625,GADO BRAVO,PB,09/2022,224,30,"13,39",30,0,"100,00",194,"86,61",162,32,"14,29"
250625,GADO BRAVO,PB,11/2022,233,173,"74,25",173,0,"100,00",60,"25,75",35,25,"10,73"
250625,GADO BRAVO,PB,07/2022,231,167,"72,29",166,1,"99,40",64,"27,71",40,24,"10,39"
250630,GUARABIRA,PB,11/2022,1129,1063,"94,15",1050,13,"98,78",66,"5,85",2,64,"5,67"
250630,GUARABIRA,PB,07/2022,1066,995,"93,34",836,159,"84,02",71,"6,66",2,69,"6,47"
250630,GUARABIRA,PB,09/2022,1154,1086,"94,11",990,96,"91,16",68,"5,89",2,66,"5,72"
250640,GURINHÉM,PB,09/2022,351,303,"86,32",296,7,"97,69",48,"13,68",2,46,"13,11"
250640,GURINHÉM,PB,11/2022,354,308,"87,01",308,0,"100,00",46,"12,99",2,44,"12,43"
250640,GURINHÉM,PB,07/2022,333,281,"84,38",280,1,"99,64",52,"15,62",1,51,"15,32"
250650,GURJÃO,PB,11/2022,91,89,"97,80",89,0,"100,00",2,"2,20",2,0,"0,00"
250650,GURJÃO,PB,07/2022,92,90,"97,83",88,2,"97,78",2,"2,17",1,1,"1,09"
250650,GURJÃO,PB,09/2022,96,96,"100,00",94,2,"97,92",0,"0,00",0,0,"0,00"
250660,IBIARA,PB,09/2022,135,104,"77,04",103,1,"99,04",31,"22,96",0,31,"22,96"
250660,IBIARA,PB,11/2022,123,104,"84,55",97,7,"93,27",19,"15,45",1,18,"14,63"
250660,IBIARA,PB,07/2022,131,99,"75,57",99,0,"100,00",32,"24,43",0,32,"24,43"
250670,IMACULADA,PB,11/2022,317,281,"88,64",252,29,"89,68",36,"11,36",1,35,"11,04"
250670,IMACULADA,PB,07/2022,338,309,"91,42",299,10,"96,76",29,"8,58",1,28,"8,28"
250670,IMACULADA,PB,09/2022,349,320,"91,69",319,1,"99,69",29,"8,31",1,28,"8,02"
250680,INGÁ,PB,09/2022,573,504,"87,96",504,0,"100,00",69,"12,04",2,67,"11,69"
250680,INGÁ,PB,11/2022,544,480,"88,24",480,0,"100,00",64,"11,76",0,64,"11,76"
250680,INGÁ,PB,07/2022,543,472,"86,92",472,0,"100,00",71,"13,08",1,70,"12,89"
250690,ITABAIANA,PB,07/2022,553,270,"48,82",270,0,"100,00",283,"51,18",1,282,"50,99"
250690,ITABAIANA,PB,11/2022,544,364,"66,91",358,6,"98,35",180,"33,09",4,176,"32,35"
250690,ITABAIANA,PB,09/2022,589,350,"59,42",350,0,"100,00",239,"40,58",4,235,"39,90"
250700,ITAPORANGA,PB,09/2022,593,469,"79,09",403,66,"85,93",124,"20,91",33,91,"15,35"
250700,ITAPORANGA,PB,07/2022,545,314,"57,61",283,31,"90,13",231,"42,39",105,126,"23,12"
250700,ITAPORANGA,PB,11/2022,578,467,"80,80",433,34,"92,72",111,"19,20",24,87,"15,05"
250710,ITAPOROROCA,PB,11/2022,434,409,"94,24",406,3,"99,27",25,"5,76",1,24,"5,53"
250710,ITAPOROROCA,PB,07/2022,431,395,"91,65",395,0,"100,00",36,"8,35",0,36,"8,35"
250710,ITAPOROROCA,PB,09/2022,449,416,"92,65",416,0,"100,00",33,"7,35",3,30,"6,68"
250720,ITATUBA,PB,09/2022,307,294,"95,77",294,0,"100,00",13,"4,23",0,13,"4,23"
250720,ITATUBA,PB,11/2022,288,275,"95,49",275,0,"100,00",13,"4,51",0,13,"4,51"
250720,ITATUBA,PB,07/2022,294,279,"94,90",270,9,"96,77",15,"5,10",0,15,"5,10"
250730,JACARAÚ,PB,11/2022,442,230,"52,04",224,6,"97,39",212,"47,96",1,211,"47,74"
250730,JACARAÚ,PB,07/2022,428,226,"52,80",226,0,"100,00",202,"47,20",0,202,"47,20"
250730,JACARAÚ,PB,09/2022,463,233,"50,32",218,15,"93,56",230,"49,68",4,226,"48,81"
250740,JERICÓ,PB,09/2022,173,113,"65,32",113,0,"100,00",60,"34,68",8,52,"30,06"
250740,JERICÓ,PB,07/2022,168,123,"73,21",123,0,"100,00",45,"26,79",0,45,"26,79"
250740,JERICÓ,PB,11/2022,163,115,"70,55",111,4,"96,52",48,"29,45",0,48,"29,45"
250750,JOÃO PESSOA,PB,11/2022,10151,4730,"46,60",4671,59,"98,75",5421,"53,40",1193,4228,"41,65"
250750,JOÃO PESSOA,PB,07/2022,9615,4377,"45,52",4287,90,"97,94",5238,"54,48",1682,3556,"36,98"
250750,JOÃO PESSOA,PB,09/2022,10344,4005,"38,72",3863,142,"96,45",6339,"61,28",2134,4205,"40,65"
250760,JUAREZ TÁVORA,PB,09/2022,229,180,"78,60",143,37,"79,44",49,"21,40",4,45,"19,65"
250760,JUAREZ TÁVORA,PB,07/2022,221,119,"53,85",113,6,"94,96",102,"46,15",42,60,"27,15"
250760,JUAREZ TÁVORA,PB,11/2022,215,140,"65,12",140,0,"100,00",75,"34,88",7,68,"31,63"
250770,JUAZEIRINHO,PB,11/2022,521,481,"92,32",481,0,"100,00",40,"7,68",13,27,"5,18"
250770,JUAZEIRINHO,PB,07/2022,493,453,"91,89",453,0,"100,00",40,"8,11",14,26,"5,27"
250770,JUAZEIRINHO,PB,09/2022,515,477,"92,62",477,0,"100,00",38,"7,38",12,26,"5,05"
250780,JUNCO DO SERIDÓ,PB,09/2022,156,118,"75,64",91,27,"77,12",38,"24,36",24,14,"8,97"
250780,JUNCO DO SERIDÓ,PB,11/2022,117,98,"83,76",85,13,"86,73",19,"16,24",2,17,"14,53"
250780,JUNCO DO SERIDÓ,PB,07/2022,151,96,"63,58",96,0,"100,00",55,"36,42",22,33,"21,85"
250790,JURIPIRANGA,PB,11/2022,275,208,"75,64",208,0,"100,00",67,"24,36",1,66,"24,00"
250790,JURIPIRANGA,PB,07/2022,251,148,"58,96",147,1,"99,32",103,"41,04",1,102,"40,64"
250790,JURIPIRANGA,PB,09/2022,261,156,"59,77",156,0,"100,00",105,"40,23",3,102,"39,08"
250800,JURU,PB,09/2022,205,117,"57,07",110,7,"94,02",88,"42,93",1,87,"42,44"
250800,JURU,PB,07/2022,209,94,"44,98",91,3,"96,81",115,"55,02",1,114,"54,55"
250800,JURU,PB,11/2022,189,139,"73,54",130,9,"93,53",50,"26,46",0,50,"26,46"
250810,LAGOA,PB,11/2022,114,35,"30,70",35,0,"100,00",79,"69,30",64,15,"13,16"
250810,LAGOA,PB,07/2022,103,37,"35,92",37,0,"100,00",66,"64,08",56,10,"9,71"
250810,LAGOA,PB,09/2022,111,20,"18,02",20,0,"100,00",91,"81,98",80,11,"9,91"
250820,LAGOA DE DENTRO,PB,09/2022,259,148,"57,14",148,0,"100,00",111,"42,86",3,108,"41,70"
250820,LAGOA DE DENTRO,PB,11/2022,242,102,"42,15",102,0,"100,00",140,"57,85",53,87,"35,95"
250820,LAGOA DE DENTRO,PB,07/2022,238,130,"54,62",130,0,"100,00",108,"45,38",3,105,"44,12"
250830,LAGOA SECA,PB,07/2022,408,315,"77,21",315,0,"100,00",93,"22,79",4,89,"21,81"
250830,LAGOA SECA,PB,11/2022,418,311,"74,40",304,7,"97,75",107,"25,60",8,99,"23,68"
250830,LAGOA SECA,PB,09/2022,427,308,"72,13",303,5,"98,38",119,"27,87",5,114,"26,70"
250840,LASTRO,PB,09/2022,77,70,"90,91",67,3,"95,71",7,"9,09",1,6,"7,79"
250840,LASTRO,PB,11/2022,71,66,"92,96",64,2,"96,97",5,"7,04",0,5,"7,04"
250840,LASTRO,PB,07/2022,79,76,"96,20",70,6,"92,11",3,"3,80",0,3,"3,80"
250850,LIVRAMENTO,PB,11/2022,234,160,"68,38",157,3,"98,13",74,"31,62",10,64,"27,35"
250850,LIVRAMENTO,PB,07/2022,220,160,"72,73",153,7,"95,63",60,"27,27",5,55,"25,00"
250850,LIVRAMENTO,PB,09/2022,238,161,"67,65",160,1,"99,38",77,"32,35",6,71,"29,83"
250855,LOGRADOURO,PB,09/2022,91,62,"68,13",58,4,"93,55",29,"31,87",8,21,"23,08"
250855,LOGRADOURO,PB,11/2022,89,56,"62,92",54,2,"96,43",33,"37,08",9,24,"26,97"
250855,LOGRADOURO,PB,07/2022,85,76,"89,41",56,20,"73,68",9,"10,59",8,1,"1,18"
250860,LUCENA,PB,07/2022,351,271,"77,21",225,46,"83,03",80,"22,79",9,71,"20,23"
250860,LUCENA,PB,11/2022,348,296,"85,06",259,37,"87,50",52,"14,94",6,46,"13,22"
250860,LUCENA,PB,09/2022,344,286,"83,14",236,50,"82,52",58,"16,86",6,52,"15,12"
250870,MÃE D´ÁGUA,PB,09/2022,77,61,"79,22",60,1,"98,36",16,"20,78",1,15,"19,48"
250870,MÃE D´ÁGUA,PB,07/2022,69,54,"78,26",52,2,"96,30",15,"21,74",1,14,"20,29"
250870,MÃE D´ÁGUA,PB,11/2022,72,57,"79,17",56,1,"98,25",15,"20,83",1,14,"19,44"
250880,MALTA,PB,07/2022,124,84,"67,74",82,2,"97,62",40,"32,26",1,39,"31,45"
250880,MALTA,PB,11/2022,118,90,"76,27",83,7,"92,22",28,"23,73",0,28,"23,73"
250880,MALTA,PB,09/2022,128,89,"69,53",83,6,"93,26",39,"30,47",0,39,"30,47"
250890,MAMANGUAPE,PB,09/2022,1122,668,"59,54",627,41,"93,86",454,"40,46",1,453,"40,37"
250890,MAMANGUAPE,PB,11/2022,1110,528,"47,57",481,47,"91,10",582,"52,43",135,447,"40,27"
250890,MAMANGUAPE,PB,07/2022,1048,613,"58,49",586,27,"95,60",435,"41,51",5,430,"41,03"
250900,MANAÍRA,PB,07/2022,323,258,"79,88",255,3,"98,84",65,"20,12",19,46,"14,24"
250900,MANAÍRA,PB,11/2022,314,269,"85,67",257,12,"95,54",45,"14,33",0,45,"14,33"
250900,MANAÍRA,PB,09/2022,342,285,"83,33",275,10,"96,49",57,"16,67",7,50,"14,62"
250905,MARCAÇÃO,PB,09/2022,294,272,"92,52",272,0,"100,00",22,"7,48",1,21,"7,14"
250905,MARCAÇÃO,PB,07/2022,287,261,"90,94",261,0,"100,00",26,"9,06",1,25,"8,71"
250905,MARCAÇÃO,PB,11/2022,286,268,"93,71",268,0,"100,00",18,"6,29",1,17,"5,94"
250910,MARI,PB,07/2022,544,311,"57,17",297,14,"95,50",233,"42,83",40,193,"35,48"
250910,MARI,PB,11/2022,518,337,"65,06",336,1,"99,70",181,"34,94",31,150,"28,96"
250910,MARI,PB,09/2022,555,329,"59,28",327,2,"99,39",226,"40,72",35,191,"34,41"
250915,MARIZÓPOLIS,PB,09/2022,178,84,"47,19",78,6,"92,86",94,"52,81",1,93,"52,25"
250915,MARIZÓPOLIS,PB,07/2022,168,78,"46,43",76,2,"97,44",90,"53,57",3,87,"51,79"
250915,MARIZÓPOLIS,PB,11/2022,164,115,"70,12",112,3,"97,39",49,"29,88",1,48,"29,27"
250920,MASSARANDUBA,PB,07/2022,281,246,"87,54",225,21,"91,46",35,"12,46",2,33,"11,74"
250920,MASSARANDUBA,PB,11/2022,309,268,"86,73",258,10,"96,27",41,"13,27",10,31,"10,03"
250920,MASSARANDUBA,PB,09/2022,303,269,"88,78",254,15,"94,42",34,"11,22",1,33,"10,89"
250930,MATARACA,PB,09/2022,276,196,"71,01",157,39,"80,10",80,"28,99",2,78,"28,26"
250930,MATARACA,PB,07/2022,254,168,"66,14",153,15,"91,07",86,"33,86",4,82,"32,28"
250930,MATARACA,PB,11/2022,268,204,"76,12",162,42,"79,41",64,"23,88",0,64,"23,88"
250933,MATINHAS,PB,07/2022,140,131,"93,57",131,0,"100,00",9,"6,43",0,9,"6,43"
250933,MATINHAS,PB,11/2022,158,148,"93,67",143,5,"96,62",10,"6,33",0,10,"6,33"
250933,MATINHAS,PB,09/2022,150,130,"86,67",128,2,"98,46",20,"13,33",0,20,"13,33"
250937,MATO GROSSO,PB,09/2022,82,61,"74,39",60,1,"98,36",21,"25,61",1,20,"24,39"
250937,MATO GROSSO,PB,11/2022,83,60,"72,29",44,16,"73,33",23,"27,71",0,23,"27,71"
250937,MATO GROSSO,PB,07/2022,74,58,"78,38",57,1,"98,28",16,"21,62",0,16,"21,62"
250939,MATURÉIA,PB,07/2022,178,157,"88,20",152,5,"96,82",21,"11,80",0,21,"11,80"
250939,MATURÉIA,PB,11/2022,185,161,"87,03",160,1,"99,38",24,"12,97",1,23,"12,43"
250939,MATURÉIA,PB,09/2022,188,166,"88,30",165,1,"99,40",22,"11,70",1,21,"11,17"
250940,MOGEIRO,PB,09/2022,401,288,"71,82",268,20,"93,06",113,"28,18",2,111,"27,68"
250940,MOGEIRO,PB,11/2022,372,265,"71,24",241,24,"90,94",107,"28,76",0,107,"28,76"
250940,MOGEIRO,PB,07/2022,393,363,"92,37",362,1,"99,72",30,"7,63",3,27,"6,87"
250950,MONTADAS,PB,07/2022,151,140,"92,72",140,0,"100,00",11,"7,28",3,8,"5,30"
250950,MONTADAS,PB,11/2022,145,132,"91,03",110,22,"83,33",13,"8,97",8,5,"3,45"
250950,MONTADAS,PB,09/2022,155,151,"97,42",130,21,"86,09",4,"2,58",1,3,"1,94"
250960,MONTE HOREBE,PB,09/2022,120,60,"50,00",55,5,"91,67",60,"50,00",0,60,"50,00"
250960,MONTE HOREBE,PB,07/2022,100,52,"52,00",49,3,"94,23",48,"48,00",0,48,"48,00"
250960,MONTE HOREBE,PB,11/2022,109,48,"44,04",43,5,"89,58",61,"55,96",0,61,"55,96"
250970,MONTEIRO,PB,07/2022,769,396,"51,50",393,3,"99,24",373,"48,50",53,320,"41,61"
250970,MONTEIRO,PB,11/2022,793,446,"56,24",446,0,"100,00",347,"43,76",38,309,"38,97"
250970,MONTEIRO,PB,09/2022,818,395,"48,29",394,1,"99,75",423,"51,71",93,330,"40,34"
250980,MULUNGU,PB,09/2022,228,167,"73,25",167,0,"100,00",61,"26,75",2,59,"25,88"
250980,MULUNGU,PB,11/2022,219,155,"70,78",155,0,"100,00",64,"29,22",1,63,"28,77"
250980,MULUNGU,PB,07/2022,207,159,"76,81",159,0,"100,00",48,"23,19",3,45,"21,74"
250990,NATUBA,PB,07/2022,183,138,"75,41",121,17,"87,68",45,"24,59",1,44,"24,04"
250990,NATUBA,PB,11/2022,172,123,"71,51",112,11,"91,06",49,"28,49",0,49,"28,49"
250990,NATUBA,PB,09/2022,178,124,"69,66",109,15,"87,90",54,"30,34",3,51,"28,65"
251000,NAZAREZINHO,PB,09/2022,155,146,"94,19",118,28,"80,82",9,"5,81",0,9,"5,81"
251000,NAZAREZINHO,PB,07/2022,159,133,"83,65",117,16,"87,97",26,"16,35",0,26,"16,35"
251000,NAZAREZINHO,PB,11/2022,149,137,"91,95",123,14,"89,78",12,"8,05",0,12,"8,05"
251010,NOVA FLORESTA,PB,11/2022,248,173,"69,76",150,23,"86,71",75,"30,24",5,70,"28,23"
251010,NOVA FLORESTA,PB,07/2022,245,210,"85,71",194,16,"92,38",35,"14,29",2,33,"13,47"
251010,NOVA FLORESTA,PB,09/2022,245,203,"82,86",188,15,"92,61",42,"17,14",2,40,"16,33"
251020,NOVA OLINDA,PB,09/2022,140,117,"83,57",114,3,"97,44",23,"16,43",0,23,"16,43"
251020,NOVA OLINDA,PB,11/2022,131,118,"90,08",93,25,"78,81",13,"9,92",1,12,"9,16"
251020,NOVA OLINDA,PB,07/2022,149,116,"77,85",116,0,"100,00",33,"22,15",1,32,"21,48"
251030,NOVA PALMEIRA,PB,11/2022,82,79,"96,34",69,10,"87,34",3,"3,66",1,2,"2,44"
251030,NOVA PALMEIRA,PB,07/2022,80,77,"96,25",68,9,"88,31",3,"3,75",0,3,"3,75"
251030,NOVA PALMEIRA,PB,09/2022,81,80,"98,77",68,12,"85,00",1,"1,23",0,1,"1,23"
251040,OLHO D´ÁGUA,PB,09/2022,157,142,"90,45",135,7,"95,07",15,"9,55",1,14,"8,92"
251040,OLHO D´ÁGUA,PB,07/2022,158,139,"87,97",135,4,"97,12",19,"12,03",2,17,"10,76"
251040,OLHO D´ÁGUA,PB,11/2022,152,141,"92,76",137,4,"97,16",11,"7,24",1,10,"6,58"
251050,OLIVEDOS,PB,11/2022,81,65,"80,25",63,2,"96,92",16,"19,75",9,7,"8,64"
251050,OLIVEDOS,PB,07/2022,84,70,"83,33",61,9,"87,14",14,"16,67",4,10,"11,90"
251050,OLIVEDOS,PB,09/2022,74,64,"86,49",61,3,"95,31",10,"13,51",0,10,"13,51"
251060,OURO VELHO,PB,09/2022,50,34,"68,00",34,0,"100,00",16,"32,00",0,16,"32,00"
251060,OURO VELHO,PB,11/2022,46,35,"76,09",35,0,"100,00",11,"23,91",0,11,"23,91"
251060,OURO VELHO,PB,07/2022,50,31,"62,00",30,1,"96,77",19,"38,00",4,15,"30,00"
251065,PARARI,PB,11/2022,30,25,"83,33",25,0,"100,00",5,"16,67",0,5,"16,67"
251065,PARARI,PB,07/2022,32,25,"78,13",25,0,"100,00",7,"21,88",0,7,"21,88"
251065,PARARI,PB,09/2022,32,26,"81,25",26,0,"100,00",6,"18,75",0,6,"18,75"
251070,PASSAGEM,PB,09/2022,50,27,"54,00",25,2,"92,59",23,"46,00",0,23,"46,00"
251070,PASSAGEM,PB,11/2022,52,32,"61,54",32,0,"100,00",20,"38,46",0,20,"38,46"
251070,PASSAGEM,PB,07/2022,46,27,"58,70",24,3,"88,89",19,"41,30",0,19,"41,30"
251080,PATOS,PB,11/2022,2011,1796,"89,31",1790,6,"99,67",215,"10,69",5,210,"10,44"
251080,PATOS,PB,07/2022,1906,1685,"88,41",1669,16,"99,05",221,"11,59",8,213,"11,18"
251080,PATOS,PB,09/2022,2019,1800,"89,15",1797,3,"99,83",219,"10,85",6,213,"10,55"
251090,PAULISTA,PB,09/2022,263,208,"79,09",191,17,"91,83",55,"20,91",2,53,"20,15"
251090,PAULISTA,PB,11/2022,258,244,"94,57",186,58,"76,23",14,"5,43",2,12,"4,65"
251090,PAULISTA,PB,07/2022,254,203,"79,92",172,31,"84,73",51,"20,08",1,50,"19,69"
251100,PEDRA BRANCA,PB,07/2022,94,85,"90,43",71,14,"83,53",9,"9,57",1,8,"8,51"
251100,PEDRA BRANCA,PB,11/2022,86,77,"89,53",68,9,"88,31",9,"10,47",0,9,"10,47"
251100,PEDRA BRANCA,PB,09/2022,100,88,"88,00",73,15,"82,95",12,"12,00",0,12,"12,00"
251110,PEDRA LAVRADA,PB,09/2022,130,122,"93,85",112,10,"91,80",8,"6,15",1,7,"5,38"
251110,PEDRA LAVRADA,PB,07/2022,133,115,"86,47",109,6,"94,78",18,"13,53",2,16,"12,03"
251110,PEDRA LAVRADA,PB,11/2022,115,107,"93,04",102,5,"95,33",8,"6,96",3,5,"4,35"
251120,PEDRAS DE FOGO,PB,07/2022,676,588,"86,98",568,20,"96,60",88,"13,02",6,82,"12,13"
251120,PEDRAS DE FOGO,PB,11/2022,708,621,"87,71",616,5,"99,19",87,"12,29",2,85,"12,01"
251120,PEDRAS DE FOGO,PB,09/2022,718,617,"85,93",609,8,"98,70",101,"14,07",13,88,"12,26"
251130,PIANCÓ,PB,09/2022,322,281,"87,27",241,40,"85,77",41,"12,73",0,41,"12,73"
251130,PIANCÓ,PB,07/2022,313,265,"84,66",247,18,"93,21",48,"15,34",0,48,"15,34"
251130,PIANCÓ,PB,11/2022,308,268,"87,01",234,34,"87,31",40,"12,99",1,39,"12,66"
251140,PICUÍ,PB,07/2022,500,384,"76,80",359,25,"93,49",116,"23,20",3,113,"22,60"
251140,PICUÍ,PB,11/2022,522,409,"78,35",362,47,"88,51",113,"21,65",4,109,"20,88"
251140,PICUÍ,PB,09/2022,520,401,"77,12",353,48,"88,03",119,"22,88",5,114,"21,92"
251150,PILAR,PB,09/2022,290,226,"77,93",208,18,"92,04",64,"22,07",1,63,"21,72"
251150,PILAR,PB,11/2022,284,283,"99,65",217,66,"76,68",1,"0,35",0,1,"0,35"
251150,PILAR,PB,07/2022,279,185,"66,31",181,4,"97,84",94,"33,69",5,89,"31,90"
251160,PILÕES,PB,11/2022,252,230,"91,27",230,0,"100,00",22,"8,73",2,20,"7,94"
251160,PILÕES,PB,07/2022,248,229,"92,34",229,0,"100,00",19,"7,66",1,18,"7,26"
251160,PILÕES,PB,09/2022,259,236,"91,12",236,0,"100,00",23,"8,88",1,22,"8,49"
251170,PILÕEZINHOS,PB,09/2022,175,141,"80,57",140,1,"99,29",34,"19,43",0,34,"19,43"
251170,PILÕEZINHOS,PB,07/2022,170,134,"78,82",119,15,"88,81",36,"21,18",3,33,"19,41"
251170,PILÕEZINHOS,PB,11/2022,161,123,"76,40",120,3,"97,56",38,"23,60",4,34,"21,12"
251180,PIRPIRITUBA,PB,11/2022,226,167,"73,89",167,0,"100,00",59,"26,11",4,55,"24,34"
251180,PIRPIRITUBA,PB,07/2022,202,118,"58,42",117,1,"99,15",84,"41,58",4,80,"39,60"
251180,PIRPIRITUBA,PB,09/2022,228,140,"61,40",140,0,"100,00",88,"38,60",5,83,"36,40"
251190,PITIMBU,PB,09/2022,454,304,"66,96",279,25,"91,78",150,"33,04",6,144,"31,72"
251190,PITIMBU,PB,07/2022,437,274,"62,70",251,23,"91,61",163,"37,30",11,152,"34,78"
251190,PITIMBU,PB,11/2022,431,297,"68,91",279,18,"93,94",134,"31,09",1,133,"30,86"
251200,POCINHOS,PB,11/2022,534,413,"77,34",392,21,"94,92",121,"22,66",10,111,"20,79"
251200,POCINHOS,PB,07/2022,518,379,"73,17",367,12,"96,83",139,"26,83",4,135,"26,06"
251200,POCINHOS,PB,09/2022,547,413,"75,50",381,32,"92,25",134,"24,50",2,132,"24,13"
251203,POÇO DANTAS,PB,09/2022,108,98,"90,74",98,0,"100,00",10,"9,26",4,6,"5,56"
251203,POÇO DANTAS,PB,11/2022,103,98,"95,15",83,15,"84,69",5,"4,85",0,5,"4,85"
251203,POÇO DANTAS,PB,07/2022,102,97,"95,10",97,0,"100,00",5,"4,90",0,5,"4,90"
251207,POÇO DE JOSÉ DE MOURA,PB,11/2022,92,79,"85,87",69,10,"87,34",13,"14,13",0,13,"14,13"
251207,POÇO DE JOSÉ DE MOURA,PB,07/2022,87,77,"88,51",67,10,"87,01",10,"11,49",1,9,"10,34"
251207,POÇO DE JOSÉ DE MOURA,PB,09/2022,94,79,"84,04",66,13,"83,54",15,"15,96",0,15,"15,96"
251210,POMBAL,PB,09/2022,693,408,"58,87",371,37,"90,93",285,"41,13",2,283,"40,84"
251210,POMBAL,PB,11/2022,663,404,"60,94",379,25,"93,81",259,"39,06",1,258,"38,91"
251210,POMBAL,PB,07/2022,652,391,"59,97",363,28,"92,84",261,"40,03",1,260,"39,88"
251220,PRATA,PB,07/2022,93,71,"76,34",67,4,"94,37",22,"23,66",1,21,"22,58"
251220,PRATA,PB,11/2022,105,86,"81,90",86,0,"100,00",19,"18,10",1,18,"17,14"
251220,PRATA,PB,09/2022,103,84,"81,55",84,0,"100,00",19,"18,45",0,19,"18,45"
251230,PRINCESA ISABEL,PB,09/2022,408,279,"68,38",269,10,"96,42",129,"31,62",0,129,"31,62"
251230,PRINCESA ISABEL,PB,07/2022,388,267,"68,81",256,11,"95,88",121,"31,19",0,121,"31,19"
251230,PRINCESA ISABEL,PB,11/2022,407,280,"68,80",276,4,"98,57",127,"31,20",0,127,"31,20"
251240,PUXINANÃ,PB,07/2022,465,448,"96,34",436,12,"97,32",17,"3,66",0,17,"3,66"
251240,PUXINANÃ,PB,11/2022,474,447,"94,30",446,1,"99,78",27,"5,70",9,18,"3,80"
251240,PUXINANÃ,PB,09/2022,480,458,"95,42",433,25,"94,54",22,"4,58",1,21,"4,38"
251250,QUEIMADAS,PB,09/2022,1075,784,"72,93",781,3,"99,62",291,"27,07",3,288,"26,79"
251250,QUEIMADAS,PB,07/2022,1021,749,"73,36",739,10,"98,66",272,"26,64",2,270,"26,44"
251250,QUEIMADAS,PB,11/2022,1105,821,"74,30",819,2,"99,76",284,"25,70",36,248,"22,44"
251260,QUIXABÁ,PB,11/2022,40,37,"92,50",37,0,"100,00",3,"7,50",0,3,"7,50"
251260,QUIXABÁ,PB,07/2022,37,35,"94,59",32,3,"91,43",2,"5,41",0,2,"5,41"
251260,QUIXABÁ,PB,09/2022,38,35,"92,11",33,2,"94,29",3,"7,89",0,3,"7,89"
251270,REMÍGIO,PB,09/2022,575,499,"86,78",499,0,"100,00",76,"13,22",7,69,"12,00"
251270,REMÍGIO,PB,11/2022,530,387,"73,02",382,5,"98,71",143,"26,98",4,139,"26,23"
251270,REMÍGIO,PB,07/2022,580,528,"91,03",513,15,"97,16",52,"8,97",14,38,"6,55"
251272,PEDRO RÉGIS,PB,07/2022,158,117,"74,05",112,5,"95,73",41,"25,95",1,40,"25,32"
251272,PEDRO RÉGIS,PB,11/2022,148,131,"88,51",128,3,"97,71",17,"11,49",1,16,"10,81"
251272,PEDRO RÉGIS,PB,09/2022,153,124,"81,05",124,0,"100,00",29,"18,95",5,24,"15,69"
251274,RIACHÃO,PB,09/2022,56,39,"69,64",30,9,"76,92",17,"30,36",0,17,"30,36"
251274,RIACHÃO,PB,11/2022,50,34,"68,00",31,3,"91,18",16,"32,00",0,16,"32,00"
251274,RIACHÃO,PB,07/2022,57,43,"75,44",35,8,"81,40",14,"24,56",0,14,"24,56"
251275,RIACHÃO DO BACAMARTE,PB,07/2022,104,12,"11,54",12,0,"100,00",92,"88,46",0,92,"88,46"
251275,RIACHÃO DO BACAMARTE,PB,11/2022,110,14,"12,73",14,0,"100,00",96,"87,27",0,96,"87,27"
251275,RIACHÃO DO BACAMARTE,PB,09/2022,114,14,"12,28",14,0,"100,00",100,"87,72",0,100,"87,72"
251276,RIACHÃO DO POÇO,PB,09/2022,119,106,"89,08",88,18,"83,02",13,"10,92",0,13,"10,92"
251276,RIACHÃO DO POÇO,PB,11/2022,111,100,"90,09",91,9,"91,00",11,"9,91",0,11,"9,91"
251276,RIACHÃO DO POÇO,PB,07/2022,118,95,"80,51",80,15,"84,21",23,"19,49",0,23,"19,49"
251278,RIACHO DE SANTO ANTÔNIO,PB,07/2022,50,31,"62,00",31,0,"100,00",19,"38,00",0,19,"38,00"
251278,RIACHO DE SANTO ANTÔNIO,PB,11/2022,50,42,"84,00",33,9,"78,57",8,"16,00",0,8,"16,00"
251278,RIACHO DE SANTO ANTÔNIO,PB,09/2022,51,41,"80,39",31,10,"75,61",10,"19,61",0,10,"19,61"
251280,RIACHO DOS CAVALOS,PB,09/2022,169,155,"91,72",145,10,"93,55",14,"8,28",3,11,"6,51"
251280,RIACHO DOS CAVALOS,PB,11/2022,168,137,"81,55",126,11,"91,97",31,"18,45",4,27,"16,07"
251280,RIACHO DOS CAVALOS,PB,07/2022,172,118,"68,60",116,2,"98,31",54,"31,40",4,50,"29,07"
251290,RIO TINTO,PB,07/2022,482,409,"84,85",409,0,"100,00",73,"15,15",2,71,"14,73"
251290,RIO TINTO,PB,11/2022,529,445,"84,12",445,0,"100,00",84,"15,88",10,74,"13,99"
251290,RIO TINTO,PB,09/2022,521,431,"82,73",429,2,"99,54",90,"17,27",6,84,"16,12"
251300,SALGADINHO,PB,09/2022,113,87,"76,99",74,13,"85,06",26,"23,01",0,26,"23,01"
251300,SALGADINHO,PB,11/2022,111,79,"71,17",67,12,"84,81",32,"28,83",0,32,"28,83"
251300,SALGADINHO,PB,07/2022,115,83,"72,17",80,3,"96,39",32,"27,83",1,31,"26,96"
251310,SALGADO DE SÃO FÉLIX,PB,07/2022,313,283,"90,42",283,0,"100,00",30,"9,58",2,28,"8,95"
251310,SALGADO DE SÃO FÉLIX,PB,11/2022,320,282,"88,13",282,0,"100,00",38,"11,88",8,30,"9,38"
251310,SALGADO DE SÃO FÉLIX,PB,09/2022,326,296,"90,80",296,0,"100,00",30,"9,20",3,27,"8,28"
251315,SANTA CECÍLIA,PB,09/2022,196,138,"70,41",132,6,"95,65",58,"29,59",0,58,"29,59"
251315,SANTA CECÍLIA,PB,11/2022,181,131,"72,38",131,0,"100,00",50,"27,62",0,50,"27,62"
251315,SANTA CECÍLIA,PB,07/2022,187,166,"88,77",165,1,"99,40",21,"11,23",1,20,"10,70"
251320,SANTA CRUZ,PB,07/2022,102,88,"86,27",84,4,"95,45",14,"13,73",0,14,"13,73"
251320,SANTA CRUZ,PB,11/2022,119,112,"94,12",101,11,"90,18",7,"5,88",1,6,"5,04"
251320,SANTA CRUZ,PB,09/2022,118,105,"88,98",92,13,"87,62",13,"11,02",3,10,"8,47"
251330,SANTA HELENA,PB,09/2022,152,129,"84,87",114,15,"88,37",23,"15,13",5,18,"11,84"
251330,SANTA HELENA,PB,11/2022,142,119,"83,80",114,5,"95,80",23,"16,20",4,19,"13,38"
251330,SANTA HELENA,PB,07/2022,154,145,"94,16",137,8,"94,48",9,"5,84",2,7,"4,55"
251335,SANTA INÊS,PB,07/2022,70,47,"67,14",47,0,"100,00",23,"32,86",0,23,"32,86"
251335,SANTA INÊS,PB,11/2022,88,53,"60,23",53,0,"100,00",35,"39,77",0,35,"39,77"
251335,SANTA INÊS,PB,09/2022,79,50,"63,29",49,1,"98,00",29,"36,71",0,29,"36,71"
251340,SANTA LUZIA,PB,09/2022,290,176,"60,69",159,17,"90,34",114,"39,31",3,111,"38,28"
251340,SANTA LUZIA,PB,11/2022,259,207,"79,92",188,19,"90,82",52,"20,08",0,52,"20,08"
251340,SANTA LUZIA,PB,07/2022,278,149,"53,60",134,15,"89,93",129,"46,40",1,128,"46,04"
251350,SANTANA DE MANGUEIRA,PB,07/2022,134,82,"61,19",81,1,"98,78",52,"38,81",1,51,"38,06"
251350,SANTANA DE MANGUEIRA,PB,11/2022,123,90,"73,17",81,9,"90,00",33,"26,83",0,33,"26,83"
251350,SANTANA DE MANGUEIRA,PB,09/2022,140,93,"66,43",87,6,"93,55",47,"33,57",1,46,"32,86"
251360,SANTANA DOS GARROTES,PB,09/2022,201,116,"57,71",113,3,"97,41",85,"42,29",4,81,"40,30"
251360,SANTANA DOS GARROTES,PB,11/2022,201,128,"63,68",122,6,"95,31",73,"36,32",5,68,"33,83"
251360,SANTANA DOS GARROTES,PB,07/2022,185,101,"54,59",101,0,"100,00",84,"45,41",6,78,"42,16"
251365,SANTARÉM,PB,07/2022,53,46,"86,79",45,1,"97,83",7,"13,21",0,7,"13,21"
251365,SANTARÉM,PB,11/2022,51,46,"90,20",40,6,"86,96",5,"9,80",0,5,"9,80"
251365,SANTARÉM,PB,09/2022,55,47,"85,45",46,1,"97,87",8,"14,55",1,7,"12,73"
251370,SANTA RITA,PB,09/2022,2623,1859,"70,87",1856,3,"99,84",764,"29,13",17,747,"28,48"
251370,SANTA RITA,PB,11/2022,2568,1893,"73,71",1873,20,"98,94",675,"26,29",4,671,"26,13"
251370,SANTA RITA,PB,07/2022,2514,1780,"70,80",1769,11,"99,38",734,"29,20",10,724,"28,80"
251380,SANTA TERESINHA,PB,07/2022,103,85,"82,52",76,9,"89,41",18,"17,48",0,18,"17,48"
251380,SANTA TERESINHA,PB,11/2022,105,86,"81,90",78,8,"90,70",19,"18,10",0,19,"18,10"
251380,SANTA TERESINHA,PB,09/2022,105,89,"84,76",79,10,"88,76",16,"15,24",0,16,"15,24"
251385,SANTO ANDRÉ,PB,09/2022,59,55,"93,22",55,0,"100,00",4,"6,78",0,4,"6,78"
251385,SANTO ANDRÉ,PB,11/2022,58,54,"93,10",54,0,"100,00",4,"6,90",2,2,"3,45"
251385,SANTO ANDRÉ,PB,07/2022,60,52,"86,67",47,5,"90,38",8,"13,33",6,2,"3,33"
251390,SÃO BENTO,PB,07/2022,754,714,"94,69",562,152,"78,71",40,"5,31",4,36,"4,77"
251390,SÃO BENTO,PB,11/2022,765,531,"69,41",480,51,"90,40",234,"30,59",3,231,"30,20"
251390,SÃO BENTO,PB,09/2022,769,647,"84,14",437,210,"67,54",122,"15,86",3,119,"15,47"
251392,SÃO BENTINHO,PB,09/2022,87,69,"79,31",63,6,"91,30",18,"20,69",0,18,"20,69"
251392,SÃO BENTINHO,PB,11/2022,85,69,"81,18",67,2,"97,10",16,"18,82",0,16,"18,82"
251392,SÃO BENTINHO,PB,07/2022,88,57,"64,77",55,2,"96,49",31,"35,23",0,31,"35,23"
251394,SÃO DOMINGOS DO CARIRI,PB,07/2022,62,52,"83,87",37,15,"71,15",10,"16,13",3,7,"11,29"
251394,SÃO DOMINGOS DO CARIRI,PB,11/2022,50,44,"88,00",30,14,"68,18",6,"12,00",1,5,"10,00"
251394,SÃO DOMINGOS DO CARIRI,PB,09/2022,58,51,"87,93",36,15,"70,59",7,"12,07",4,3,"5,17"
251396,SÃO DOMINGOS DE POMBAL,PB,09/2022,55,37,"67,27",30,7,"81,08",18,"32,73",0,18,"32,73"
251396,SÃO DOMINGOS DE POMBAL,PB,11/2022,58,38,"65,52",27,11,"71,05",20,"34,48",0,20,"34,48"
251396,SÃO DOMINGOS DE POMBAL,PB,07/2022,52,36,"69,23",32,4,"88,89",16,"30,77",0,16,"30,77"
251398,SÃO FRANCISCO,PB,07/2022,54,36,"66,67",35,1,"97,22",18,"33,33",1,17,"31,48"
251398,SÃO FRANCISCO,PB,11/2022,61,49,"80,33",47,2,"95,92",12,"19,67",0,12,"19,67"
251398,SÃO FRANCISCO,PB,09/2022,64,44,"68,75",41,3,"93,18",20,"31,25",0,20,"31,25"
251400,SÃO JOÃO DO CARIRI,PB,09/2022,79,69,"87,34",64,5,"92,75",10,"12,66",1,9,"11,39"
251400,SÃO JOÃO DO CARIRI,PB,11/2022,74,66,"89,19",66,0,"100,00",8,"10,81",0,8,"10,81"
251400,SÃO JOÃO DO CARIRI,PB,07/2022,80,74,"92,50",67,7,"90,54",6,"7,50",1,5,"6,25"
251410,SÃO JOÃO DO TIGRE,PB,07/2022,115,83,"72,17",70,13,"84,34",32,"27,83",0,32,"27,83"
251410,SÃO JOÃO DO TIGRE,PB,11/2022,114,92,"80,70",75,17,"81,52",22,"19,30",0,22,"19,30"
251410,SÃO JOÃO DO TIGRE,PB,09/2022,114,90,"78,95",71,19,"78,89",24,"21,05",3,21,"18,42"
251420,SÃO JOSÉ DA LAGOA TAPADA,PB,09/2022,230,202,"87,83",202,0,"100,00",28,"12,17",1,27,"11,74"
251420,SÃO JOSÉ DA LAGOA TAPADA,PB,11/2022,226,199,"88,05",199,0,"100,00",27,"11,95",2,25,"11,06"
251420,SÃO JOSÉ DA LAGOA TAPADA,PB,07/2022,220,195,"88,64",194,1,"99,49",25,"11,36",0,25,"11,36"
251430,SÃO JOSÉ DE CAIANA,PB,07/2022,157,128,"81,53",106,22,"82,81",29,"18,47",1,28,"17,83"
251430,SÃO JOSÉ DE CAIANA,PB,11/2022,137,112,"81,75",100,12,"89,29",25,"18,25",0,25,"18,25"
251430,SÃO JOSÉ DE CAIANA,PB,09/2022,149,125,"83,89",102,23,"81,60",24,"16,11",0,24,"16,11"
251440,SÃO JOSÉ DE ESPINHARAS,PB,09/2022,76,67,"88,16",55,12,"82,09",9,"11,84",0,9,"11,84"
251440,SÃO JOSÉ DE ESPINHARAS,PB,11/2022,73,71,"97,26",59,12,"83,10",2,"2,74",0,2,"2,74"
251440,SÃO JOSÉ DE ESPINHARAS,PB,07/2022,79,67,"84,81",52,15,"77,61",12,"15,19",0,12,"15,19"
251445,SÃO JOSÉ DOS RAMOS,PB,07/2022,140,48,"34,29",47,1,"97,92",92,"65,71",2,90,"64,29"
251445,SÃO JOSÉ DOS RAMOS,PB,11/2022,159,111,"69,81",111,0,"100,00",48,"30,19",0,48,"30,19"
251445,SÃO JOSÉ DOS RAMOS,PB,09/2022,157,59,"37,58",57,2,"96,61",98,"62,42",1,97,"61,78"
251450,SÃO JOSÉ DE PIRANHAS,PB,09/2022,449,336,"74,83",293,43,"87,20",113,"25,17",0,113,"25,17"
251450,SÃO JOSÉ DE PIRANHAS,PB,11/2022,427,421,"98,59",215,206,"51,07",6,"1,41",1,5,"1,17"
251450,SÃO JOSÉ DE PIRANHAS,PB,07/2022,413,211,"51,09",185,26,"87,68",202,"48,91",96,106,"25,67"
251455,SÃO JOSÉ DE PRINCESA,PB,07/2022,56,45,"80,36",28,17,"62,22",11,"19,64",0,11,"19,64"
251455,SÃO JOSÉ DE PRINCESA,PB,11/2022,45,37,"82,22",32,5,"86,49",8,"17,78",0,8,"17,78"
251455,SÃO JOSÉ DE PRINCESA,PB,09/2022,53,40,"75,47",32,8,"80,00",13,"24,53",0,13,"24,53"
251460,SÃO JOSÉ DO BONFIM,PB,09/2022,111,70,"63,06",64,6,"91,43",41,"36,94",6,35,"31,53"
251460,SÃO JOSÉ DO BONFIM,PB,11/2022,101,71,"70,30",66,5,"92,96",30,"29,70",2,28,"27,72"
251460,SÃO JOSÉ DO BONFIM,PB,07/2022,104,67,"64,42",67,0,"100,00",37,"35,58",26,11,"10,58"
251465,SÃO JOSÉ DO BREJO DO CRUZ,PB,07/2022,33,9,"27,27",9,0,"100,00",24,"72,73",5,19,"57,58"
251465,SÃO JOSÉ DO BREJO DO CRUZ,PB,11/2022,32,16,"50,00",16,0,"100,00",16,"50,00",0,16,"50,00"
251465,SÃO JOSÉ DO BREJO DO CRUZ,PB,09/2022,33,16,"48,48",16,0,"100,00",17,"51,52",0,17,"51,52"
251470,SÃO JOSÉ DO SABUGI,PB,09/2022,55,54,"98,18",46,8,"85,19",1,"1,82",0,1,"1,82"
251470,SÃO JOSÉ DO SABUGI,PB,11/2022,49,45,"91,84",43,2,"95,56",4,"8,16",0,4,"8,16"
251470,SÃO JOSÉ DO SABUGI,PB,07/2022,47,45,"95,74",38,7,"84,44",2,"4,26",1,1,"2,13"
251480,SÃO JOSÉ DOS CORDEIROS,PB,07/2022,48,37,"77,08",31,6,"83,78",11,"22,92",1,10,"20,83"
251480,SÃO JOSÉ DOS CORDEIROS,PB,11/2022,67,43,"64,18",37,6,"86,05",24,"35,82",14,10,"14,93"
251480,SÃO JOSÉ DOS CORDEIROS,PB,09/2022,52,43,"82,69",33,10,"76,74",9,"17,31",1,8,"15,38"
251490,SÃO MAMEDE,PB,09/2022,185,163,"88,11",161,2,"98,77",22,"11,89",1,21,"11,35"
251490,SÃO MAMEDE,PB,11/2022,170,154,"90,59",154,0,"100,00",16,"9,41",0,16,"9,41"
251490,SÃO MAMEDE,PB,07/2022,170,88,"51,76",88,0,"100,00",82,"48,24",58,24,"14,12"
251500,SÃO MIGUEL DE TAIPU,PB,07/2022,239,170,"71,13",124,46,"72,94",69,"28,87",29,40,"16,74"
251500,SÃO MIGUEL DE TAIPU,PB,11/2022,223,142,"63,68",131,11,"92,25",81,"36,32",11,70,"31,39"
251500,SÃO MIGUEL DE TAIPU,PB,09/2022,252,172,"68,25",140,32,"81,40",80,"31,75",4,76,"30,16"
251510,SÃO SEBASTIÃO DE LAGOA DE ROÇA,PB,09/2022,233,172,"73,82",158,14,"91,86",61,"26,18",4,57,"24,46"
251510,SÃO SEBASTIÃO DE LAGOA DE ROÇA,PB,11/2022,231,166,"71,86",154,12,"92,77",65,"28,14",10,55,"23,81"
251510,SÃO SEBASTIÃO DE LAGOA DE ROÇA,PB,07/2022,231,171,"74,03",171,0,"100,00",60,"25,97",7,53,"22,94"
251520,SÃO SEBASTIÃO DO UMBUZEIRO,PB,07/2022,57,37,"64,91",34,3,"91,89",20,"35,09",0,20,"35,09"
251520,SÃO SEBASTIÃO DO UMBUZEIRO,PB,11/2022,61,35,"57,38",34,1,"97,14",26,"42,62",0,26,"42,62"
251520,SÃO SEBASTIÃO DO UMBUZEIRO,PB,09/2022,61,41,"67,21",39,2,"95,12",20,"32,79",0,20,"32,79"
251530,SAPÉ,PB,09/2022,1286,1222,"95,02",1211,11,"99,10",64,"4,98",22,42,"3,27"
251530,SAPÉ,PB,11/2022,1235,1188,"96,19",1181,7,"99,41",47,"3,81",7,40,"3,24"
251530,SAPÉ,PB,07/2022,1251,1165,"93,13",1158,7,"99,40",86,"6,87",8,78,"6,24"
251540,SERIDÓ,PB,07/2022,290,242,"83,45",197,45,"81,40",48,"16,55",20,28,"9,66"
251540,SERIDÓ,PB,11/2022,303,289,"95,38",262,27,"90,66",14,"4,62",9,5,"1,65"
251540,SERIDÓ,PB,09/2022,306,262,"85,62",242,20,"92,37",44,"14,38",17,27,"8,82"
251550,SERRA BRANCA,PB,09/2022,334,301,"90,12",297,4,"98,67",33,"9,88",3,30,"8,98"
251550,SERRA BRANCA,PB,11/2022,293,256,"87,37",256,0,"100,00",37,"12,63",7,30,"10,24"
251550,SERRA BRANCA,PB,07/2022,325,295,"90,77",293,2,"99,32",30,"9,23",1,29,"8,92"
251560,SERRA DA RAIZ,PB,07/2022,59,45,"76,27",44,1,"97,78",14,"23,73",1,13,"22,03"
251560,SERRA DA RAIZ,PB,11/2022,52,48,"92,31",40,8,"83,33",4,"7,69",0,4,"7,69"
251560,SERRA DA RAIZ,PB,09/2022,57,51,"89,47",40,11,"78,43",6,"10,53",3,3,"5,26"
251570,SERRA GRANDE,PB,11/2022,64,58,"90,63",48,10,"82,76",6,"9,38",1,5,"7,81"
251570,SERRA GRANDE,PB,09/2022,72,62,"86,11",46,16,"74,19",10,"13,89",1,9,"12,50"
251570,SERRA GRANDE,PB,07/2022,72,63,"87,50",44,19,"69,84",9,"12,50",0,9,"12,50"
251580,SERRA REDONDA,PB,07/2022,152,113,"74,34",98,15,"86,73",39,"25,66",3,36,"23,68"
251580,SERRA REDONDA,PB,09/2022,153,125,"81,70",106,19,"84,80",28,"18,30",1,27,"17,65"
251580,SERRA REDONDA,PB,11/2022,154,125,"81,17",115,10,"92,00",29,"18,83",4,25,"16,23"
251590,SERRARIA,PB,11/2022,138,132,"95,65",132,0,"100,00",6,"4,35",0,6,"4,35"
251590,SERRARIA,PB,09/2022,144,134,"93,06",133,1,"99,25",10,"6,94",1,9,"6,25"
251590,SERRARIA,PB,07/2022,136,123,"90,44",123,0,"100,00",13,"9,56",1,12,"8,82"
251593,SERTÃOZINHO,PB,07/2022,114,108,"94,74",108,0,"100,00",6,"5,26",2,4,"3,51"
251593,SERTÃOZINHO,PB,09/2022,116,101,"87,07",101,0,"100,00",15,"12,93",6,9,"7,76"
251593,SERTÃOZINHO,PB,11/2022,111,102,"91,89",102,0,"100,00",9,"8,11",0,9,"8,11"
251597,SOBRADO,PB,09/2022,242,192,"79,34",175,17,"91,15",50,"20,66",1,49,"20,25"
251597,SOBRADO,PB,11/2022,231,185,"80,09",165,20,"89,19",46,"19,91",1,45,"19,48"
251597,SOBRADO,PB,07/2022,219,167,"76,26",150,17,"89,82",52,"23,74",2,50,"22,83"
251600,SOLÂNEA,PB,07/2022,642,533,"83,02",507,26,"95,12",109,"16,98",3,106,"16,51"
251600,SOLÂNEA,PB,11/2022,636,579,"91,04",562,17,"97,06",57,"8,96",2,55,"8,65"
251600,SOLÂNEA,PB,09/2022,667,607,"91,00",563,44,"92,75",60,"9,00",5,55,"8,25"
251610,SOLEDADE,PB,09/2022,324,210,"64,81",210,0,"100,00",114,"35,19",0,114,"35,19"
251610,SOLEDADE,PB,11/2022,319,199,"62,38",199,0,"100,00",120,"37,62",2,118,"36,99"
251610,SOLEDADE,PB,07/2022,314,206,"65,61",206,0,"100,00",108,"34,39",0,108,"34,39"
251615,SOSSÊGO,PB,07/2022,98,76,"77,55",67,9,"88,16",22,"22,45",0,22,"22,45"
251615,SOSSÊGO,PB,11/2022,97,78,"80,41",70,8,"89,74",19,"19,59",0,19,"19,59"
251615,SOSSÊGO,PB,09/2022,99,78,"78,79",73,5,"93,59",21,"21,21",0,21,"21,21"
251620,SOUSA,PB,11/2022,1652,1184,"71,67",1174,10,"99,16",468,"28,33",1,467,"28,27"
251620,SOUSA,PB,09/2022,1782,1221,"68,52",1148,73,"94,02",561,"31,48",1,560,"31,43"
251620,SOUSA,PB,07/2022,1693,1176,"69,46",1110,66,"94,39",517,"30,54",2,515,"30,42"
251630,SUMÉ,PB,07/2022,305,156,"51,15",148,8,"94,87",149,"48,85",0,149,"48,85"
251630,SUMÉ,PB,11/2022,309,151,"48,87",137,14,"90,73",158,"51,13",13,145,"46,93"
251630,SUMÉ,PB,09/2022,325,155,"47,69",143,12,"92,26",170,"52,31",2,168,"51,69"
251640,TACIMA,PB,11/2022,197,178,"90,36",178,0,"100,00",19,"9,64",1,18,"9,14"
251640,TACIMA,PB,09/2022,197,178,"90,36",177,1,"99,44",19,"9,64",2,17,"8,63"
251640,TACIMA,PB,07/2022,187,166,"88,77",166,0,"100,00",21,"11,23",5,16,"8,56"
251650,TAPEROÁ,PB,07/2022,398,74,"18,59",72,2,"97,30",324,"81,41",276,48,"12,06"
251650,TAPEROÁ,PB,11/2022,394,171,"43,40",154,17,"90,06",223,"56,60",151,72,"18,27"
251650,TAPEROÁ,PB,09/2022,405,85,"20,99",76,9,"89,41",320,"79,01",267,53,"13,09"
251660,TAVARES,PB,11/2022,356,195,"54,78",190,5,"97,44",161,"45,22",2,159,"44,66"
251660,TAVARES,PB,09/2022,359,199,"55,43",186,13,"93,47",160,"44,57",1,159,"44,29"
251660,TAVARES,PB,07/2022,349,202,"57,88",191,11,"94,55",147,"42,12",3,144,"41,26"
251670,TEIXEIRA,PB,07/2022,444,276,"62,16",259,17,"93,84",168,"37,84",8,160,"36,04"
251670,TEIXEIRA,PB,09/2022,440,310,"70,45",297,13,"95,81",130,"29,55",8,122,"27,73"
251670,TEIXEIRA,PB,11/2022,441,353,"80,05",338,15,"95,75",88,"19,95",3,85,"19,27"
251675,TENÓRIO,PB,09/2022,78,74,"94,87",70,4,"94,59",4,"5,13",1,3,"3,85"
251675,TENÓRIO,PB,11/2022,77,69,"89,61",69,0,"100,00",8,"10,39",3,5,"6,49"
251675,TENÓRIO,PB,07/2022,73,67,"91,78",67,0,"100,00",6,"8,22",0,6,"8,22"
251680,TRIUNFO,PB,07/2022,223,159,"71,30",147,12,"92,45",64,"28,70",1,63,"28,25"
251680,TRIUNFO,PB,09/2022,237,181,"76,37",169,12,"93,37",56,"23,63",2,54,"22,78"
251680,TRIUNFO,PB,11/2022,215,171,"79,53",161,10,"94,15",44,"20,47",0,44,"20,47"
251690,UIRAÚNA,PB,11/2022,289,271,"93,77",271,0,"100,00",18,"6,23",0,18,"6,23"
251690,UIRAÚNA,PB,09/2022,294,274,"93,20",272,2,"99,27",20,"6,80",1,19,"6,46"
251690,UIRAÚNA,PB,07/2022,283,270,"95,41",269,1,"99,63",13,"4,59",3,10,"3,53"
251700,UMBUZEIRO,PB,07/2022,222,204,"91,89",202,2,"99,02",18,"8,11",3,15,"6,76"
251700,UMBUZEIRO,PB,09/2022,244,228,"93,44",226,2,"99,12",16,"6,56",5,11,"4,51"
251700,UMBUZEIRO,PB,11/2022,241,237,"98,34",232,5,"97,89",4,"1,66",2,2,"0,83"
251710,VÁRZEA,PB,09/2022,45,36,"80,00",30,6,"83,33",9,"20,00",0,9,"20,00"
251710,VÁRZEA,PB,11/2022,38,28,"73,68",26,2,"92,86",10,"26,32",0,10,"26,32"
251710,VÁRZEA,PB,07/2022,44,33,"75,00",29,4,"87,88",11,"25,00",2,9,"20,45"
251720,VIEIRÓPOLIS,PB,07/2022,99,90,"90,91",75,15,"83,33",9,"9,09",1,8,"8,08"
251720,VIEIRÓPOLIS,PB,09/2022,92,89,"96,74",67,22,"75,28",3,"3,26",0,3,"3,26"
251720,VIEIRÓPOLIS,PB,11/2022,77,74,"96,10",57,17,"77,03",3,"3,90",1,2,"2,60"
251740,ZABELÊ,PB,09/2022,58,12,"20,69",10,2,"83,33",46,"79,31",1,45,"77,59"
251740,ZABELÊ,PB,11/2022,46,33,"71,74",29,4,"87,88",13,"28,26",1,12,"26,09"
251740,ZABELÊ,PB,07/2022,49,10,"20,41",9,1,"90,00",39,"79,59",1,38,"77,55"
260005,ABREU E LIMA,PE,07/2022,1918,981,"51,15",970,11,"98,88",937,"48,85",347,590,"30,76"
260005,ABREU E LIMA,PE,11/2022,1985,967,"48,72",955,12,"98,76",1018,"51,28",348,670,"33,75"
260005,ABREU E LIMA,PE,09/2022,2044,460,"22,50",437,23,"95,00",1584,"77,50",917,667,"32,63"
260010,AFOGADOS DA INGAZEIRA,PE,11/2022,736,587,"79,76",539,48,"91,82",149,"20,24",0,149,"20,24"
260010,AFOGADOS DA INGAZEIRA,PE,09/2022,743,525,"70,66",465,60,"88,57",218,"29,34",4,214,"28,80"
260010,AFOGADOS DA INGAZEIRA,PE,07/2022,737,377,"51,15",331,46,"87,80",360,"48,85",3,357,"48,44"
260020,AFRÂNIO,PE,07/2022,509,407,"79,96",387,20,"95,09",102,"20,04",8,94,"18,47"
260020,AFRÂNIO,PE,11/2022,511,433,"84,74",429,4,"99,08",78,"15,26",1,77,"15,07"
260020,AFRÂNIO,PE,09/2022,532,427,"80,26",417,10,"97,66",105,"19,74",1,104,"19,55"
260030,AGRESTINA,PE,09/2022,589,443,"75,21",426,17,"96,16",146,"24,79",3,143,"24,28"
260030,AGRESTINA,PE,11/2022,563,406,"72,11",394,12,"97,04",157,"27,89",4,153,"27,18"
260030,AGRESTINA,PE,07/2022,587,459,"78,19",443,16,"96,51",128,"21,81",3,125,"21,29"
260040,ÁGUA PRETA,PE,07/2022,710,235,"33,10",233,2,"99,15",475,"66,90",42,433,"60,99"
260040,ÁGUA PRETA,PE,11/2022,736,268,"36,41",258,10,"96,27",468,"63,59",4,464,"63,04"
260040,ÁGUA PRETA,PE,09/2022,730,228,"31,23",216,12,"94,74",502,"68,77",35,467,"63,97"
260050,ÁGUAS BELAS,PE,09/2022,1692,1246,"73,64",1242,4,"99,68",446,"26,36",18,428,"25,30"
260050,ÁGUAS BELAS,PE,11/2022,1627,1171,"71,97",1154,17,"98,55",456,"28,03",4,452,"27,78"
260050,ÁGUAS BELAS,PE,07/2022,1629,1249,"76,67",1234,15,"98,80",380,"23,33",17,363,"22,28"
260060,ALAGOINHA,PE,07/2022,356,325,"91,29",325,0,"100,00",31,"8,71",1,30,"8,43"
260060,ALAGOINHA,PE,09/2022,379,349,"92,08",349,0,"100,00",30,"7,92",0,30,"7,92"
260060,ALAGOINHA,PE,11/2022,364,337,"92,58",337,0,"100,00",27,"7,42",0,27,"7,42"
260070,ALIANÇA,PE,11/2022,1046,835,"79,83",805,30,"96,41",211,"20,17",4,207,"19,79"
260070,ALIANÇA,PE,09/2022,1091,869,"79,65",829,40,"95,40",222,"20,35",4,218,"19,98"
260070,ALIANÇA,PE,07/2022,1036,857,"82,72",833,24,"97,20",179,"17,28",3,176,"16,99"
260080,ALTINHO,PE,07/2022,553,321,"58,05",292,29,"90,97",232,"41,95",19,213,"38,52"
260080,ALTINHO,PE,11/2022,529,300,"56,71",284,16,"94,67",229,"43,29",8,221,"41,78"
260080,ALTINHO,PE,09/2022,576,334,"57,99",305,29,"91,32",242,"42,01",14,228,"39,58"
260090,AMARAJI,PE,09/2022,553,88,"15,91",88,0,"100,00",465,"84,09",159,306,"55,33"
260090,AMARAJI,PE,11/2022,513,166,"32,36",166,0,"100,00",347,"67,64",90,257,"50,10"
260090,AMARAJI,PE,07/2022,529,134,"25,33",134,0,"100,00",395,"74,67",82,313,"59,17"
260100,ANGELIM,PE,07/2022,319,227,"71,16",211,16,"92,95",92,"28,84",5,87,"27,27"
260100,ANGELIM,PE,09/2022,330,235,"71,21",218,17,"92,77",95,"28,79",3,92,"27,88"
260100,ANGELIM,PE,11/2022,321,238,"74,14",223,15,"93,70",83,"25,86",1,82,"25,55"
260105,ARAÇOIABA,PE,11/2022,570,396,"69,47",392,4,"98,99",174,"30,53",133,41,"7,19"
260105,ARAÇOIABA,PE,09/2022,591,236,"39,93",230,6,"97,46",355,"60,07",304,51,"8,63"
260105,ARAÇOIABA,PE,07/2022,540,239,"44,26",239,0,"100,00",301,"55,74",259,42,"7,78"
260110,ARARIPINA,PE,07/2022,2354,1456,"61,85",1424,32,"97,80",898,"38,15",583,315,"13,38"
260110,ARARIPINA,PE,09/2022,2546,1962,"77,06",1937,25,"98,73",584,"22,94",241,343,"13,47"
260110,ARARIPINA,PE,11/2022,2454,2221,"90,51",2101,120,"94,60",233,"9,49",59,174,"7,09"
260120,ARCOVERDE,PE,09/2022,1587,980,"61,75",952,28,"97,14",607,"38,25",1,606,"38,19"
260120,ARCOVERDE,PE,11/2022,1545,1007,"65,18",972,35,"96,52",538,"34,82",2,536,"34,69"
260120,ARCOVERDE,PE,07/2022,1520,929,"61,12",915,14,"98,49",591,"38,88",50,541,"35,59"
260130,BARRA DE GUABIRABA,PE,07/2022,280,123,"43,93",123,0,"100,00",157,"56,07",131,26,"9,29"
260130,BARRA DE GUABIRABA,PE,11/2022,285,140,"49,12",140,0,"100,00",145,"50,88",0,145,"50,88"
260130,BARRA DE GUABIRABA,PE,09/2022,298,175,"58,72",175,0,"100,00",123,"41,28",96,27,"9,06"
260140,BARREIROS,PE,11/2022,1127,907,"80,48",862,45,"95,04",220,"19,52",4,216,"19,17"
260140,BARREIROS,PE,09/2022,1166,904,"77,53",827,77,"91,48",262,"22,47",10,252,"21,61"
260140,BARREIROS,PE,07/2022,1113,603,"54,18",550,53,"91,21",510,"45,82",1,509,"45,73"
260150,BELÉM DE MARIA,PE,07/2022,313,215,"68,69",213,2,"99,07",98,"31,31",15,83,"26,52"
260150,BELÉM DE MARIA,PE,09/2022,314,15,"4,78",14,1,"93,33",299,"95,22",209,90,"28,66"
260150,BELÉM DE MARIA,PE,11/2022,304,222,"73,03",221,1,"99,55",82,"26,97",1,81,"26,64"
260160,BELÉM DE SÃO FRANCISCO,PE,11/2022,618,499,"80,74",499,0,"100,00",119,"19,26",2,117,"18,93"
260160,BELÉM DE SÃO FRANCISCO,PE,09/2022,631,504,"79,87",504,0,"100,00",127,"20,13",12,115,"18,23"
260160,BELÉM DE SÃO FRANCISCO,PE,07/2022,608,488,"80,26",488,0,"100,00",120,"19,74",21,99,"16,28"
260170,BELO JARDIM,PE,07/2022,1763,1235,"70,05",1192,43,"96,52",528,"29,95",208,320,"18,15"
260170,BELO JARDIM,PE,09/2022,1877,1202,"64,04",1152,50,"95,84",675,"35,96",302,373,"19,87"
260170,BELO JARDIM,PE,11/2022,1816,1341,"73,84",1321,20,"98,51",475,"26,16",105,370,"20,37"
260180,BETÂNIA,PE,11/2022,302,275,"91,06",266,9,"96,73",27,"8,94",1,26,"8,61"
260180,BETÂNIA,PE,09/2022,308,277,"89,94",273,4,"98,56",31,"10,06",4,27,"8,77"
260180,BETÂNIA,PE,07/2022,269,249,"92,57",246,3,"98,80",20,"7,43",2,18,"6,69"
260190,BEZERROS,PE,07/2022,1321,810,"61,32",782,28,"96,54",511,"38,68",167,344,"26,04"
260190,BEZERROS,PE,09/2022,1381,525,"38,02",413,112,"78,67",856,"61,98",451,405,"29,33"
260190,BEZERROS,PE,11/2022,1330,851,"63,98",841,10,"98,82",479,"36,02",107,372,"27,97"
260200,BODOCÓ,PE,09/2022,1008,718,"71,23",635,83,"88,44",290,"28,77",22,268,"26,59"
260200,BODOCÓ,PE,11/2022,1000,709,"70,90",626,83,"88,29",291,"29,10",10,281,"28,10"
260200,BODOCÓ,PE,07/2022,965,703,"72,85",618,85,"87,91",262,"27,15",11,251,"26,01"
260210,BOM CONSELHO,PE,07/2022,1183,619,"52,32",606,13,"97,90",564,"47,68",20,544,"45,98"
260210,BOM CONSELHO,PE,11/2022,1173,682,"58,14",670,12,"98,24",491,"41,86",8,483,"41,18"
260210,BOM CONSELHO,PE,09/2022,1213,610,"50,29",599,11,"98,20",603,"49,71",53,550,"45,34"
260220,BOM JARDIM,PE,09/2022,912,779,"85,42",748,31,"96,02",133,"14,58",28,105,"11,51"
260220,BOM JARDIM,PE,11/2022,833,749,"89,92",738,11,"98,53",84,"10,08",1,83,"9,96"
260220,BOM JARDIM,PE,07/2022,896,793,"88,50",760,33,"95,84",103,"11,50",6,97,"10,83"
260230,BONITO,PE,07/2022,1179,1048,"88,89",1027,21,"98,00",131,"11,11",28,103,"8,74"
260230,BONITO,PE,11/2022,1180,1075,"91,10",1075,0,"100,00",105,"8,90",5,100,"8,47"
260230,BONITO,PE,09/2022,1220,1093,"89,59",1093,0,"100,00",127,"10,41",19,108,"8,85"
260240,BREJÃO,PE,09/2022,307,241,"78,50",233,8,"96,68",66,"21,50",0,66,"21,50"
260240,BREJÃO,PE,11/2022,311,248,"79,74",244,4,"98,39",63,"20,26",0,63,"20,26"
260240,BREJÃO,PE,07/2022,302,208,"68,87",203,5,"97,60",94,"31,13",1,93,"30,79"
260250,BREJINHO,PE,07/2022,222,50,"22,52",42,8,"84,00",172,"77,48",2,170,"76,58"
260250,BREJINHO,PE,09/2022,230,56,"24,35",53,3,"94,64",174,"75,65",2,172,"74,78"
260250,BREJINHO,PE,11/2022,231,167,"72,29",165,2,"98,80",64,"27,71",0,64,"27,71"
260260,BREJO DA MADRE DE DEUS,PE,09/2022,1281,663,"51,76",602,61,"90,80",618,"48,24",245,373,"29,12"
260260,BREJO DA MADRE DE DEUS,PE,11/2022,1238,670,"54,12",596,74,"88,96",568,"45,88",212,356,"28,76"
260260,BREJO DA MADRE DE DEUS,PE,07/2022,1211,613,"50,62",546,67,"89,07",598,"49,38",267,331,"27,33"
260270,BUENOS AIRES,PE,07/2022,398,269,"67,59",269,0,"100,00",129,"32,41",56,73,"18,34"
260270,BUENOS AIRES,PE,09/2022,425,99,"23,29",99,0,"100,00",326,"76,71",244,82,"19,29"
260270,BUENOS AIRES,PE,11/2022,429,340,"79,25",340,0,"100,00",89,"20,75",5,84,"19,58"
260280,BUÍQUE,PE,09/2022,1822,346,"18,99",339,7,"97,98",1476,"81,01",728,748,"41,05"
260280,BUÍQUE,PE,11/2022,1712,499,"29,15",468,31,"93,79",1213,"70,85",283,930,"54,32"
260280,BUÍQUE,PE,07/2022,1773,290,"16,36",288,2,"99,31",1483,"83,64",760,723,"40,78"
260290,CABO DE SANTO AGOSTINHO,PE,07/2022,3674,1171,"31,87",1149,22,"98,12",2503,"68,13",795,1708,"46,49"
260290,CABO DE SANTO AGOSTINHO,PE,11/2022,3937,1321,"33,55",1312,9,"99,32",2616,"66,45",802,1814,"46,08"
260290,CABO DE SANTO AGOSTINHO,PE,09/2022,4009,1269,"31,65",1203,66,"94,80",2740,"68,35",790,1950,"48,64"
260300,CABROBÓ,PE,11/2022,1087,984,"90,52",984,0,"100,00",103,"9,48",3,100,"9,20"
260300,CABROBÓ,PE,09/2022,1119,1018,"90,97",1018,0,"100,00",101,"9,03",2,99,"8,85"
260300,CABROBÓ,PE,07/2022,1052,960,"91,25",960,0,"100,00",92,"8,75",3,89,"8,46"
260310,CACHOEIRINHA,PE,07/2022,503,460,"91,45",421,39,"91,52",43,"8,55",1,42,"8,35"
260310,CACHOEIRINHA,PE,09/2022,533,421,"78,99",399,22,"94,77",112,"21,01",7,105,"19,70"
260310,CACHOEIRINHA,PE,11/2022,511,422,"82,58",382,40,"90,52",89,"17,42",1,88,"17,22"
260320,CAETÉS,PE,09/2022,767,566,"73,79",533,33,"94,17",201,"26,21",4,197,"25,68"
260320,CAETÉS,PE,11/2022,753,568,"75,43",546,22,"96,13",185,"24,57",0,185,"24,57"
260320,CAETÉS,PE,07/2022,763,567,"74,31",549,18,"96,83",196,"25,69",0,196,"25,69"
260330,CALÇADO,PE,07/2022,263,161,"61,22",161,0,"100,00",102,"38,78",0,102,"38,78"
260330,CALÇADO,PE,11/2022,276,182,"65,94",172,10,"94,51",94,"34,06",0,94,"34,06"
260330,CALÇADO,PE,09/2022,277,167,"60,29",159,8,"95,21",110,"39,71",7,103,"37,18"
260340,CALUMBI,PE,11/2022,218,195,"89,45",194,1,"99,49",23,"10,55",1,22,"10,09"
260340,CALUMBI,PE,09/2022,235,203,"86,38",202,1,"99,51",32,"13,62",9,23,"9,79"
260340,CALUMBI,PE,07/2022,224,209,"93,30",207,2,"99,04",15,"6,70",2,13,"5,80"
260345,CAMARAGIBE,PE,07/2022,2475,1877,"75,84",1877,0,"100,00",598,"24,16",22,576,"23,27"
260345,CAMARAGIBE,PE,11/2022,2582,2110,"81,72",2106,4,"99,81",472,"18,28",14,458,"17,74"
260345,CAMARAGIBE,PE,09/2022,2613,1847,"70,69",1802,45,"97,56",766,"29,31",179,587,"22,46"
260350,CAMOCIM DE SÃO FÉLIX,PE,09/2022,459,344,"74,95",331,13,"96,22",115,"25,05",22,93,"20,26"
260350,CAMOCIM DE SÃO FÉLIX,PE,11/2022,419,277,"66,11",266,11,"96,03",142,"33,89",15,127,"30,31"
260350,CAMOCIM DE SÃO FÉLIX,PE,07/2022,425,369,"86,82",368,1,"99,73",56,"13,18",3,53,"12,47"
260360,CAMUTANGA,PE,07/2022,187,146,"78,07",146,0,"100,00",41,"21,93",0,41,"21,93"
260360,CAMUTANGA,PE,11/2022,193,138,"71,50",138,0,"100,00",55,"28,50",0,55,"28,50"
260360,CAMUTANGA,PE,09/2022,196,132,"67,35",132,0,"100,00",64,"32,65",0,64,"32,65"
260370,CANHOTINHO,PE,11/2022,567,342,"60,32",337,5,"98,54",225,"39,68",1,224,"39,51"
260370,CANHOTINHO,PE,09/2022,592,447,"75,51",435,12,"97,32",145,"24,49",2,143,"24,16"
260370,CANHOTINHO,PE,07/2022,581,479,"82,44",473,6,"98,75",102,"17,56",2,100,"17,21"
260380,CAPOEIRAS,PE,07/2022,443,295,"66,59",294,1,"99,66",148,"33,41",4,144,"32,51"
260380,CAPOEIRAS,PE,09/2022,472,271,"57,42",270,1,"99,63",201,"42,58",28,173,"36,65"
260380,CAPOEIRAS,PE,11/2022,457,303,"66,30",301,2,"99,34",154,"33,70",4,150,"32,82"
260390,CARNAÍBA,PE,11/2022,407,330,"81,08",292,38,"88,48",77,"18,92",1,76,"18,67"
260390,CARNAÍBA,PE,09/2022,420,337,"80,24",267,70,"79,23",83,"19,76",2,81,"19,29"
260390,CARNAÍBA,PE,07/2022,417,319,"76,50",249,70,"78,06",98,"23,50",0,98,"23,50"
260392,CARNAUBEIRA DA PENHA,PE,07/2022,501,84,"16,77",82,2,"97,62",417,"83,23",354,63,"12,57"
260392,CARNAUBEIRA DA PENHA,PE,11/2022,520,421,"80,96",411,10,"97,62",99,"19,04",3,96,"18,46"
260392,CARNAUBEIRA DA PENHA,PE,09/2022,537,165,"30,73",159,6,"96,36",372,"69,27",288,84,"15,64"
260400,CARPINA,PE,09/2022,1597,894,"55,98",870,24,"97,32",703,"44,02",13,690,"43,21"
260400,CARPINA,PE,11/2022,1540,871,"56,56",857,14,"98,39",669,"43,44",16,653,"42,40"
260400,CARPINA,PE,07/2022,1519,861,"56,68",841,20,"97,68",658,"43,32",8,650,"42,79"
260410,CARUARU,PE,07/2022,5496,2152,"39,16",1910,242,"88,75",3344,"60,84",320,3024,"55,02"
260410,CARUARU,PE,11/2022,5817,4037,"69,40",3657,380,"90,59",1780,"30,60",69,1711,"29,41"
260410,CARUARU,PE,09/2022,5911,3617,"61,19",3361,256,"92,92",2294,"38,81",300,1994,"33,73"
260415,CASINHAS,PE,09/2022,382,223,"58,38",219,4,"98,21",159,"41,62",2,157,"41,10"
260415,CASINHAS,PE,11/2022,374,281,"75,13",281,0,"100,00",93,"24,87",0,93,"24,87"
260415,CASINHAS,PE,07/2022,366,217,"59,29",215,2,"99,08",149,"40,71",0,149,"40,71"
260420,CATENDE,PE,07/2022,1019,238,"23,36",233,5,"97,90",781,"76,64",411,370,"36,31"
260420,CATENDE,PE,09/2022,1090,256,"23,49",251,5,"98,05",834,"76,51",429,405,"37,16"
260420,CATENDE,PE,11/2022,1046,868,"82,98",828,40,"95,39",178,"17,02",13,165,"15,77"
260430,CEDRO,PE,09/2022,274,100,"36,50",96,4,"96,00",174,"63,50",47,127,"46,35"
260430,CEDRO,PE,11/2022,257,134,"52,14",128,6,"95,52",123,"47,86",0,123,"47,86"
260430,CEDRO,PE,07/2022,264,139,"52,65",134,5,"96,40",125,"47,35",0,125,"47,35"
260440,CHÃ DE ALEGRIA,PE,07/2022,382,356,"93,19",356,0,"100,00",26,"6,81",1,25,"6,54"
260440,CHÃ DE ALEGRIA,PE,11/2022,400,368,"92,00",368,0,"100,00",32,"8,00",1,31,"7,75"
260440,CHÃ DE ALEGRIA,PE,09/2022,372,19,"5,11",19,0,"100,00",353,"94,89",323,30,"8,06"
260450,CHÃ GRANDE,PE,09/2022,593,550,"92,75",550,0,"100,00",43,"7,25",4,39,"6,58"
260450,CHÃ GRANDE,PE,11/2022,571,532,"93,17",532,0,"100,00",39,"6,83",1,38,"6,65"
260450,CHÃ GRANDE,PE,07/2022,564,522,"92,55",522,0,"100,00",42,"7,45",3,39,"6,91"
260460,CONDADO,PE,07/2022,532,418,"78,57",415,3,"99,28",114,"21,43",5,109,"20,49"
260460,CONDADO,PE,09/2022,544,464,"85,29",459,5,"98,92",80,"14,71",0,80,"14,71"
260460,CONDADO,PE,11/2022,546,460,"84,25",454,6,"98,70",86,"15,75",0,86,"15,75"
260470,CORRENTES,PE,09/2022,485,387,"79,79",384,3,"99,22",98,"20,21",30,68,"14,02"
260470,CORRENTES,PE,11/2022,480,429,"89,38",410,19,"95,57",51,"10,63",8,43,"8,96"
260470,CORRENTES,PE,07/2022,466,279,"59,87",279,0,"100,00",187,"40,13",129,58,"12,45"
260480,CORTÊS,PE,07/2022,413,321,"77,72",312,9,"97,20",92,"22,28",45,47,"11,38"
260480,CORTÊS,PE,09/2022,419,87,"20,76",84,3,"96,55",332,"79,24",281,51,"12,17"
260480,CORTÊS,PE,11/2022,414,370,"89,37",369,1,"99,73",44,"10,63",2,42,"10,14"
260490,CUMARU,PE,09/2022,438,234,"53,42",226,8,"96,58",204,"46,58",72,132,"30,14"
260490,CUMARU,PE,11/2022,427,266,"62,30",263,3,"98,87",161,"37,70",33,128,"29,98"
260490,CUMARU,PE,07/2022,409,204,"49,88",203,1,"99,51",205,"50,12",80,125,"30,56"
260500,CUPIRA,PE,07/2022,456,299,"65,57",282,17,"94,31",157,"34,43",62,95,"20,83"
260500,CUPIRA,PE,09/2022,501,384,"76,65",372,12,"96,88",117,"23,35",2,115,"22,95"
260500,CUPIRA,PE,11/2022,496,367,"73,99",348,19,"94,82",129,"26,01",0,129,"26,01"
260510,CUSTÓDIA,PE,09/2022,946,601,"63,53",546,55,"90,85",345,"36,47",18,327,"34,57"
260510,CUSTÓDIA,PE,11/2022,889,358,"40,27",339,19,"94,69",531,"59,73",206,325,"36,56"
260510,CUSTÓDIA,PE,07/2022,916,858,"93,67",858,0,"100,00",58,"6,33",4,54,"5,90"
260515,DORMENTES,PE,07/2022,321,234,"72,90",222,12,"94,87",87,"27,10",2,85,"26,48"
260515,DORMENTES,PE,09/2022,343,240,"69,97",229,11,"95,42",103,"30,03",2,101,"29,45"
260515,DORMENTES,PE,11/2022,330,241,"73,03",235,6,"97,51",89,"26,97",3,86,"26,06"
260520,ESCADA,PE,09/2022,1596,522,"32,71",522,0,"100,00",1074,"67,29",135,939,"58,83"
260520,ESCADA,PE,11/2022,1548,856,"55,30",856,0,"100,00",692,"44,70",3,689,"44,51"
260520,ESCADA,PE,07/2022,1480,459,"31,01",457,2,"99,56",1021,"68,99",121,900,"60,81"
260530,EXU,PE,07/2022,1082,962,"88,91",952,10,"98,96",120,"11,09",8,112,"10,35"
260530,EXU,PE,11/2022,1099,936,"85,17",935,1,"99,89",163,"14,83",16,147,"13,38"
260530,EXU,PE,09/2022,1101,835,"75,84",814,21,"97,49",266,"24,16",105,161,"14,62"
260540,FEIRA NOVA,PE,11/2022,561,240,"42,78",229,11,"95,42",321,"57,22",1,320,"57,04"
260540,FEIRA NOVA,PE,09/2022,617,297,"48,14",240,57,"80,81",320,"51,86",3,317,"51,38"
260540,FEIRA NOVA,PE,07/2022,591,298,"50,42",279,19,"93,62",293,"49,58",2,291,"49,24"
260545,FERNANDO DE NORONHA,PE,11/2022,6,4,"66,67",4,0,"100,00",2,"33,33",0,2,"33,33"
260545,FERNANDO DE NORONHA,PE,07/2022,3,2,"66,67",2,0,"100,00",1,"33,33",0,1,"33,33"
260545,FERNANDO DE NORONHA,PE,09/2022,4,2,"50,00",2,0,"100,00",2,"50,00",0,2,"50,00"
260550,FERREIROS,PE,09/2022,246,162,"65,85",152,10,"93,83",84,"34,15",2,82,"33,33"
260550,FERREIROS,PE,11/2022,238,158,"66,39",145,13,"91,77",80,"33,61",2,78,"32,77"
260550,FERREIROS,PE,07/2022,234,158,"67,52",154,4,"97,47",76,"32,48",9,67,"28,63"
260560,FLORES,PE,07/2022,556,380,"68,35",361,19,"95,00",176,"31,65",3,173,"31,12"
260560,FLORES,PE,11/2022,537,391,"72,81",373,18,"95,40",146,"27,19",1,145,"27,00"
260560,FLORES,PE,09/2022,573,385,"67,19",362,23,"94,03",188,"32,81",2,186,"32,46"
260570,FLORESTA,PE,11/2022,941,860,"91,39",860,0,"100,00",81,"8,61",0,81,"8,61"
260570,FLORESTA,PE,09/2022,937,354,"37,78",354,0,"100,00",583,"62,22",495,88,"9,39"
260570,FLORESTA,PE,07/2022,934,848,"90,79",848,0,"100,00",86,"9,21",6,80,"8,57"
260580,FREI MIGUELINHO,PE,07/2022,394,277,"70,30",276,1,"99,64",117,"29,70",5,112,"28,43"
260580,FREI MIGUELINHO,PE,11/2022,362,248,"68,51",248,0,"100,00",114,"31,49",4,110,"30,39"
260580,FREI MIGUELINHO,PE,09/2022,403,283,"70,22",276,7,"97,53",120,"29,78",3,117,"29,03"
260590,GAMELEIRA,PE,09/2022,600,284,"47,33",272,12,"95,77",316,"52,67",88,228,"38,00"
260590,GAMELEIRA,PE,11/2022,550,236,"42,91",234,2,"99,15",314,"57,09",5,309,"56,18"
260590,GAMELEIRA,PE,07/2022,588,297,"50,51",278,19,"93,60",291,"49,49",72,219,"37,24"
260600,GARANHUNS,PE,07/2022,2740,1564,"57,08",1448,116,"92,58",1176,"42,92",39,1137,"41,50"
260600,GARANHUNS,PE,11/2022,2922,1738,"59,48",1627,111,"93,61",1184,"40,52",16,1168,"39,97"
260600,GARANHUNS,PE,09/2022,2983,1749,"58,63",1618,131,"92,51",1234,"41,37",28,1206,"40,43"
260610,GLÓRIA DO GOITÁ,PE,09/2022,716,536,"74,86",506,30,"94,40",180,"25,14",6,174,"24,30"
260610,GLÓRIA DO GOITÁ,PE,11/2022,680,524,"77,06",516,8,"98,47",156,"22,94",2,154,"22,65"
260610,GLÓRIA DO GOITÁ,PE,07/2022,663,491,"74,06",471,20,"95,93",172,"25,94",9,163,"24,59"
260620,GOIANA,PE,07/2022,1620,1257,"77,59",1233,24,"98,09",363,"22,41",54,309,"19,07"
260620,GOIANA,PE,09/2022,1762,1038,"58,91",956,82,"92,10",724,"41,09",161,563,"31,95"
260620,GOIANA,PE,11/2022,1703,1368,"80,33",928,440,"67,84",335,"19,67",10,325,"19,08"
260630,GRANITO,PE,11/2022,230,192,"83,48",192,0,"100,00",38,"16,52",0,38,"16,52"
260630,GRANITO,PE,09/2022,261,194,"74,33",193,1,"99,48",67,"25,67",25,42,"16,09"
260630,GRANITO,PE,07/2022,228,194,"85,09",194,0,"100,00",34,"14,91",0,34,"14,91"
260640,GRAVATÁ,PE,07/2022,1811,1058,"58,42",961,97,"90,83",753,"41,58",49,704,"38,87"
260640,GRAVATÁ,PE,09/2022,1908,1181,"61,90",1035,146,"87,64",727,"38,10",9,718,"37,63"
260640,GRAVATÁ,PE,11/2022,1861,1396,"75,01",1328,68,"95,13",465,"24,99",2,463,"24,88"
260650,IATI,PE,09/2022,648,284,"43,83",274,10,"96,48",364,"56,17",19,345,"53,24"
260650,IATI,PE,11/2022,628,308,"49,04",308,0,"100,00",320,"50,96",2,318,"50,64"
260650,IATI,PE,07/2022,616,365,"59,25",365,0,"100,00",251,"40,75",7,244,"39,61"
260660,IBIMIRIM,PE,07/2022,837,445,"53,17",440,5,"98,88",392,"46,83",202,190,"22,70"
260660,IBIMIRIM,PE,11/2022,867,565,"65,17",564,1,"99,82",302,"34,83",4,298,"34,37"
260660,IBIMIRIM,PE,09/2022,870,471,"54,14",463,8,"98,30",399,"45,86",200,199,"22,87"
260670,IBIRAJUBA,PE,11/2022,191,28,"14,66",28,0,"100,00",163,"85,34",130,33,"17,28"
260670,IBIRAJUBA,PE,09/2022,192,1,"0,52",1,0,"100,00",191,"99,48",163,28,"14,58"
260670,IBIRAJUBA,PE,07/2022,178,49,"27,53",48,1,"97,96",129,"72,47",106,23,"12,92"
260680,IGARASSU,PE,07/2022,2198,580,"26,39",532,48,"91,72",1618,"73,61",695,923,"41,99"
260680,IGARASSU,PE,09/2022,2316,302,"13,04",290,12,"96,03",2014,"86,96",834,1180,"50,95"
260680,IGARASSU,PE,11/2022,2358,1100,"46,65",1039,61,"94,45",1258,"53,35",60,1198,"50,81"
260690,IGUARACI,PE,11/2022,247,170,"68,83",158,12,"92,94",77,"31,17",0,77,"31,17"
260690,IGUARACI,PE,09/2022,264,158,"59,85",145,13,"91,77",106,"40,15",0,106,"40,15"
260690,IGUARACI,PE,07/2022,257,152,"59,14",140,12,"92,11",105,"40,86",2,103,"40,08"
260700,INAJÁ,PE,07/2022,767,668,"87,09",667,1,"99,85",99,"12,91",6,93,"12,13"
260700,INAJÁ,PE,09/2022,765,600,"78,43",594,6,"99,00",165,"21,57",73,92,"12,03"
260700,INAJÁ,PE,11/2022,711,623,"87,62",623,0,"100,00",88,"12,38",3,85,"11,95"
260710,INGAZEIRA,PE,09/2022,129,95,"73,64",85,10,"89,47",34,"26,36",0,34,"26,36"
260710,INGAZEIRA,PE,11/2022,115,87,"75,65",70,17,"80,46",28,"24,35",0,28,"24,35"
260710,INGAZEIRA,PE,07/2022,121,89,"73,55",51,38,"57,30",32,"26,45",0,32,"26,45"
260720,IPOJUCA,PE,07/2022,2294,1038,"45,25",983,55,"94,70",1256,"54,75",95,1161,"50,61"
260720,IPOJUCA,PE,09/2022,2526,1241,"49,13",1176,65,"94,76",1285,"50,87",50,1235,"48,89"
260720,IPOJUCA,PE,11/2022,2498,1266,"50,68",1231,35,"97,24",1232,"49,32",32,1200,"48,04"
260730,IPUBI,PE,09/2022,1072,901,"84,05",901,0,"100,00",171,"15,95",5,166,"15,49"
260730,IPUBI,PE,11/2022,1082,907,"83,83",907,0,"100,00",175,"16,17",2,173,"15,99"
260730,IPUBI,PE,07/2022,1020,865,"84,80",865,0,"100,00",155,"15,20",6,149,"14,61"
260740,ITACURUBA,PE,07/2022,134,119,"88,81",119,0,"100,00",15,"11,19",1,14,"10,45"
260740,ITACURUBA,PE,11/2022,136,119,"87,50",116,3,"97,48",17,"12,50",2,15,"11,03"
260740,ITACURUBA,PE,09/2022,150,127,"84,67",127,0,"100,00",23,"15,33",8,15,"10,00"
260750,ITAÍBA,PE,09/2022,917,719,"78,41",719,0,"100,00",198,"21,59",69,129,"14,07"
260750,ITAÍBA,PE,11/2022,904,706,"78,10",706,0,"100,00",198,"21,90",71,127,"14,05"
260750,ITAÍBA,PE,07/2022,856,615,"71,85",615,0,"100,00",241,"28,15",121,120,"14,02"
260760,ILHA DE ITAMARACÁ,PE,07/2022,484,396,"81,82",388,8,"97,98",88,"18,18",11,77,"15,91"
260760,ILHA DE ITAMARACÁ,PE,11/2022,524,331,"63,17",328,3,"99,09",193,"36,83",2,191,"36,45"
260760,ILHA DE ITAMARACÁ,PE,09/2022,519,27,"5,20",25,2,"92,59",492,"94,80",385,107,"20,62"
260765,ITAMBÉ,PE,11/2022,893,801,"89,70",801,0,"100,00",92,"10,30",5,87,"9,74"
260765,ITAMBÉ,PE,09/2022,947,809,"85,43",809,0,"100,00",138,"14,57",8,130,"13,73"
260765,ITAMBÉ,PE,07/2022,894,779,"87,14",777,2,"99,74",115,"12,86",2,113,"12,64"
260770,ITAPETIM,PE,07/2022,310,235,"75,81",235,0,"100,00",75,"24,19",1,74,"23,87"
260770,ITAPETIM,PE,11/2022,318,302,"94,97",299,3,"99,01",16,"5,03",0,16,"5,03"
260770,ITAPETIM,PE,09/2022,326,246,"75,46",246,0,"100,00",80,"24,54",2,78,"23,93"
260775,ITAPISSUMA,PE,11/2022,539,333,"61,78",307,26,"92,19",206,"38,22",3,203,"37,66"
260775,ITAPISSUMA,PE,09/2022,573,341,"59,51",310,31,"90,91",232,"40,49",21,211,"36,82"
260775,ITAPISSUMA,PE,07/2022,546,335,"61,36",304,31,"90,75",211,"38,64",15,196,"35,90"
260780,ITAQUITINGA,PE,07/2022,418,139,"33,25",137,2,"98,56",279,"66,75",170,109,"26,08"
260780,ITAQUITINGA,PE,09/2022,444,140,"31,53",128,12,"91,43",304,"68,47",192,112,"25,23"
260780,ITAQUITINGA,PE,11/2022,428,140,"32,71",126,14,"90,00",288,"67,29",191,97,"22,66"
260790,JABOATÃO DOS GUARARAPES,PE,11/2022,9600,6095,"63,49",5911,184,"96,98",3505,"36,51",90,3415,"35,57"
260790,JABOATÃO DOS GUARARAPES,PE,09/2022,9893,6125,"61,91",5907,218,"96,44",3768,"38,09",137,3631,"36,70"
260790,JABOATÃO DOS GUARARAPES,PE,07/2022,9386,5324,"56,72",5129,195,"96,34",4062,"43,28",254,3808,"40,57"
260795,JAQUEIRA,PE,07/2022,338,304,"89,94",304,0,"100,00",34,"10,06",4,30,"8,88"
260795,JAQUEIRA,PE,11/2022,348,288,"82,76",288,0,"100,00",60,"17,24",0,60,"17,24"
260795,JAQUEIRA,PE,09/2022,342,83,"24,27",83,0,"100,00",259,"75,73",227,32,"9,36"
260800,JATAÚBA,PE,11/2022,470,335,"71,28",333,2,"99,40",135,"28,72",0,135,"28,72"
260800,JATAÚBA,PE,09/2022,498,350,"70,28",348,2,"99,43",148,"29,72",1,147,"29,52"
260800,JATAÚBA,PE,07/2022,470,327,"69,57",322,5,"98,47",143,"30,43",7,136,"28,94"
260805,JATOBÁ,PE,07/2022,350,133,"38,00",129,4,"96,99",217,"62,00",1,216,"61,71"
260805,JATOBÁ,PE,11/2022,356,211,"59,27",210,1,"99,53",145,"40,73",1,144,"40,45"
260805,JATOBÁ,PE,09/2022,366,121,"33,06",113,8,"93,39",245,"66,94",0,245,"66,94"
260810,JOÃO ALFREDO,PE,09/2022,683,496,"72,62",493,3,"99,40",187,"27,38",1,186,"27,23"
260810,JOÃO ALFREDO,PE,11/2022,659,483,"73,29",483,0,"100,00",176,"26,71",0,176,"26,71"
260810,JOÃO ALFREDO,PE,07/2022,640,445,"69,53",442,3,"99,33",195,"30,47",15,180,"28,13"
260820,JOAQUIM NABUCO,PE,07/2022,465,220,"47,31",220,0,"100,00",245,"52,69",208,37,"7,96"
260820,JOAQUIM NABUCO,PE,09/2022,517,437,"84,53",437,0,"100,00",80,"15,47",38,42,"8,12"
260820,JOAQUIM NABUCO,PE,11/2022,509,442,"86,84",438,4,"99,10",67,"13,16",13,54,"10,61"
260825,JUCATI,PE,09/2022,378,293,"77,51",273,20,"93,17",85,"22,49",1,84,"22,22"
260825,JUCATI,PE,11/2022,363,273,"75,21",266,7,"97,44",90,"24,79",2,88,"24,24"
260825,JUCATI,PE,07/2022,359,258,"71,87",244,14,"94,57",101,"28,13",0,101,"28,13"
260830,JUPI,PE,07/2022,424,285,"67,22",285,0,"100,00",139,"32,78",2,137,"32,31"
260830,JUPI,PE,09/2022,441,298,"67,57",285,13,"95,64",143,"32,43",2,141,"31,97"
260830,JUPI,PE,11/2022,430,295,"68,60",295,0,"100,00",135,"31,40",3,132,"30,70"
260840,JUREMA,PE,11/2022,385,231,"60,00",209,22,"90,48",154,"40,00",2,152,"39,48"
260840,JUREMA,PE,09/2022,398,240,"60,30",209,31,"87,08",158,"39,70",1,157,"39,45"
260840,JUREMA,PE,07/2022,398,236,"59,30",209,27,"88,56",162,"40,70",3,159,"39,95"
260845,LAGOA DO CARRO,PE,07/2022,391,313,"80,05",293,20,"93,61",78,"19,95",4,74,"18,93"
260845,LAGOA DO CARRO,PE,09/2022,403,320,"79,40",312,8,"97,50",83,"20,60",1,82,"20,35"
260845,LAGOA DO CARRO,PE,11/2022,383,310,"80,94",218,92,"70,32",73,"19,06",3,70,"18,28"
260850,LAGOA DO ITAENGA,PE,11/2022,444,403,"90,77",401,2,"99,50",41,"9,23",1,40,"9,01"
260850,LAGOA DO ITAENGA,PE,09/2022,466,416,"89,27",414,2,"99,52",50,"10,73",6,44,"9,44"
260850,LAGOA DO ITAENGA,PE,07/2022,449,399,"88,86",399,0,"100,00",50,"11,14",0,50,"11,14"
260860,LAGOA DO OURO,PE,07/2022,387,346,"89,41",346,0,"100,00",41,"10,59",4,37,"9,56"
260860,LAGOA DO OURO,PE,11/2022,381,306,"80,31",299,7,"97,71",75,"19,69",4,71,"18,64"
260860,LAGOA DO OURO,PE,09/2022,395,346,"87,59",346,0,"100,00",49,"12,41",4,45,"11,39"
260870,LAGOA DOS GATOS,PE,09/2022,425,233,"54,82",233,0,"100,00",192,"45,18",153,39,"9,18"
260870,LAGOA DOS GATOS,PE,11/2022,387,292,"75,45",292,0,"100,00",95,"24,55",3,92,"23,77"
260870,LAGOA DOS GATOS,PE,07/2022,376,136,"36,17",136,0,"100,00",240,"63,83",206,34,"9,04"
260875,LAGOA GRANDE,PE,07/2022,613,336,"54,81",306,30,"91,07",277,"45,19",0,277,"45,19"
260875,LAGOA GRANDE,PE,11/2022,589,342,"58,06",339,3,"99,12",247,"41,94",0,247,"41,94"
260875,LAGOA GRANDE,PE,09/2022,632,345,"54,59",304,41,"88,12",287,"45,41",1,286,"45,25"
260880,LAJEDO,PE,11/2022,1110,543,"48,92",515,28,"94,84",567,"51,08",2,565,"50,90"
260880,LAJEDO,PE,09/2022,1145,565,"49,34",501,64,"88,67",580,"50,66",6,574,"50,13"
260880,LAJEDO,PE,07/2022,1088,672,"61,76",640,32,"95,24",416,"38,24",6,410,"37,68"
260890,LIMOEIRO,PE,07/2022,1173,838,"71,44",753,85,"89,86",335,"28,56",0,335,"28,56"
260890,LIMOEIRO,PE,11/2022,1206,922,"76,45",866,56,"93,93",284,"23,55",0,284,"23,55"
260890,LIMOEIRO,PE,09/2022,1254,912,"72,73",833,79,"91,34",342,"27,27",0,342,"27,27"
260900,MACAPARANA,PE,09/2022,613,591,"96,41",581,10,"98,31",22,"3,59",1,21,"3,43"
260900,MACAPARANA,PE,11/2022,585,519,"88,72",507,12,"97,69",66,"11,28",0,66,"11,28"
260900,MACAPARANA,PE,07/2022,561,498,"88,77",495,3,"99,40",63,"11,23",0,63,"11,23"
260910,MACHADOS,PE,07/2022,281,204,"72,60",193,11,"94,61",77,"27,40",1,76,"27,05"
260910,MACHADOS,PE,11/2022,267,212,"79,40",207,5,"97,64",55,"20,60",4,51,"19,10"
260910,MACHADOS,PE,09/2022,285,206,"72,28",206,0,"100,00",79,"27,72",1,78,"27,37"
260915,MANARI,PE,11/2022,660,36,"5,45",36,0,"100,00",624,"94,55",472,152,"23,03"
260915,MANARI,PE,09/2022,759,83,"10,94",78,5,"93,98",676,"89,06",516,160,"21,08"
260915,MANARI,PE,07/2022,720,37,"5,14",37,0,"100,00",683,"94,86",525,158,"21,94"
260920,MARAIAL,PE,07/2022,320,243,"75,94",243,0,"100,00",77,"24,06",1,76,"23,75"
260920,MARAIAL,PE,11/2022,304,224,"73,68",224,0,"100,00",80,"26,32",15,65,"21,38"
260920,MARAIAL,PE,09/2022,344,255,"74,13",254,1,"99,61",89,"25,87",16,73,"21,22"
260930,MIRANDIBA,PE,11/2022,407,332,"81,57",303,29,"91,27",75,"18,43",2,73,"17,94"
260930,MIRANDIBA,PE,09/2022,406,194,"47,78",170,24,"87,63",212,"52,22",137,75,"18,47"
260930,MIRANDIBA,PE,07/2022,387,185,"47,80",173,12,"93,51",202,"52,20",128,74,"19,12"
260940,MORENO,PE,07/2022,1334,1088,"81,56",1040,48,"95,59",246,"18,44",20,226,"16,94"
260940,MORENO,PE,09/2022,1410,1137,"80,64",1095,42,"96,31",273,"19,36",28,245,"17,38"
260940,MORENO,PE,11/2022,1318,1062,"80,58",1049,13,"98,78",256,"19,42",22,234,"17,75"
260950,NAZARÉ DA MATA,PE,09/2022,625,540,"86,40",517,23,"95,74",85,"13,60",1,84,"13,44"
260950,NAZARÉ DA MATA,PE,11/2022,614,535,"87,13",512,23,"95,70",79,"12,87",1,78,"12,70"
260950,NAZARÉ DA MATA,PE,07/2022,612,505,"82,52",491,14,"97,23",107,"17,48",2,105,"17,16"
260960,OLINDA,PE,07/2022,5223,2430,"46,52",2341,89,"96,34",2793,"53,48",454,2339,"44,78"
260960,OLINDA,PE,11/2022,5557,3040,"54,71",2964,76,"97,50",2517,"45,29",34,2483,"44,68"
260960,OLINDA,PE,09/2022,5682,2718,"47,84",2651,67,"97,53",2964,"52,16",373,2591,"45,60"
260970,OROBÓ,PE,11/2022,552,410,"74,28",408,2,"99,51",142,"25,72",4,138,"25,00"
260970,OROBÓ,PE,09/2022,602,376,"62,46",370,6,"98,40",226,"37,54",35,191,"31,73"
260970,OROBÓ,PE,07/2022,574,434,"75,61",392,42,"90,32",140,"24,39",1,139,"24,22"
260980,OROCÓ,PE,07/2022,536,253,"47,20",252,1,"99,60",283,"52,80",8,275,"51,31"
260980,OROCÓ,PE,11/2022,513,265,"51,66",265,0,"100,00",248,"48,34",1,247,"48,15"
260980,OROCÓ,PE,09/2022,546,263,"48,17",263,0,"100,00",283,"51,83",1,282,"51,65"
260990,OURICURI,PE,09/2022,2040,1420,"69,61",1402,18,"98,73",620,"30,39",233,387,"18,97"
260990,OURICURI,PE,11/2022,2000,1217,"60,85",1198,19,"98,44",783,"39,15",349,434,"21,70"
260990,OURICURI,PE,07/2022,1925,1288,"66,91",1276,12,"99,07",637,"33,09",292,345,"17,92"
261000,PALMARES,PE,11/2022,1433,953,"66,50",945,8,"99,16",480,"33,50",37,443,"30,91"
261000,PALMARES,PE,07/2022,1424,768,"53,93",758,10,"98,70",656,"46,07",170,486,"34,13"
261000,PALMARES,PE,09/2022,1501,950,"63,29",934,16,"98,32",551,"36,71",73,478,"31,85"
261010,PALMEIRINA,PE,07/2022,201,162,"80,60",159,3,"98,15",39,"19,40",2,37,"18,41"
261010,PALMEIRINA,PE,09/2022,192,164,"85,42",160,4,"97,56",28,"14,58",2,26,"13,54"
261010,PALMEIRINA,PE,11/2022,187,164,"87,70",156,8,"95,12",23,"12,30",0,23,"12,30"
261020,PANELAS,PE,09/2022,712,627,"88,06",623,4,"99,36",85,"11,94",3,82,"11,52"
261020,PANELAS,PE,11/2022,692,616,"89,02",614,2,"99,68",76,"10,98",0,76,"10,98"
261020,PANELAS,PE,07/2022,700,616,"88,00",606,10,"98,38",84,"12,00",3,81,"11,57"
261030,PARANATAMA,PE,11/2022,451,180,"39,91",176,4,"97,78",271,"60,09",1,270,"59,87"
261030,PARANATAMA,PE,07/2022,448,362,"80,80",362,0,"100,00",86,"19,20",6,80,"17,86"
261030,PARANATAMA,PE,09/2022,451,173,"38,36",171,2,"98,84",278,"61,64",189,89,"19,73"
261040,PARNAMIRIM,PE,09/2022,532,302,"56,77",295,7,"97,68",230,"43,23",16,214,"40,23"
261040,PARNAMIRIM,PE,11/2022,524,299,"57,06",294,5,"98,33",225,"42,94",3,222,"42,37"
261040,PARNAMIRIM,PE,07/2022,516,311,"60,27",310,1,"99,68",205,"39,73",14,191,"37,02"
261050,PASSIRA,PE,07/2022,710,401,"56,48",398,3,"99,25",309,"43,52",3,306,"43,10"
261050,PASSIRA,PE,11/2022,704,425,"60,37",423,2,"99,53",279,"39,63",2,277,"39,35"
261050,PASSIRA,PE,09/2022,741,436,"58,84",434,2,"99,54",305,"41,16",3,302,"40,76"
261060,PAUDALHO,PE,11/2022,1443,977,"67,71",967,10,"98,98",466,"32,29",22,444,"30,77"
261060,PAUDALHO,PE,07/2022,1388,861,"62,03",837,24,"97,21",527,"37,97",20,507,"36,53"
261060,PAUDALHO,PE,09/2022,1466,932,"63,57",920,12,"98,71",534,"36,43",23,511,"34,86"
261070,PAULISTA,PE,07/2022,4545,2916,"64,16",2906,10,"99,66",1629,"35,84",103,1526,"33,58"
261070,PAULISTA,PE,09/2022,4970,3196,"64,31",3187,9,"99,72",1774,"35,69",104,1670,"33,60"
261070,PAULISTA,PE,11/2022,4839,2942,"60,80",2940,2,"99,93",1897,"39,20",57,1840,"38,02"
261080,PEDRA,PE,09/2022,655,488,"74,50",453,35,"92,83",167,"25,50",8,159,"24,27"
261080,PEDRA,PE,11/2022,612,430,"70,26",424,6,"98,60",182,"29,74",0,182,"29,74"
261080,PEDRA,PE,07/2022,655,570,"87,02",404,166,"70,88",85,"12,98",13,72,"10,99"
261090,PESQUEIRA,PE,11/2022,1714,1574,"91,83",1570,4,"99,75",140,"8,17",12,128,"7,47"
261090,PESQUEIRA,PE,09/2022,1817,1660,"91,36",1660,0,"100,00",157,"8,64",19,138,"7,59"
261090,PESQUEIRA,PE,07/2022,1772,1615,"91,14",1609,6,"99,63",157,"8,86",17,140,"7,90"
261100,PETROLÂNDIA,PE,07/2022,888,693,"78,04",693,0,"100,00",195,"21,96",3,192,"21,62"
261100,PETROLÂNDIA,PE,09/2022,940,570,"60,64",567,3,"99,47",370,"39,36",162,208,"22,13"
261100,PETROLÂNDIA,PE,11/2022,950,737,"77,58",737,0,"100,00",213,"22,42",12,201,"21,16"
261110,PETROLINA,PE,09/2022,7196,5203,"72,30",5031,172,"96,69",1993,"27,70",21,1972,"27,40"
261110,PETROLINA,PE,07/2022,6620,4592,"69,37",4349,243,"94,71",2028,"30,63",14,2014,"30,42"
261110,PETROLINA,PE,11/2022,7041,5278,"74,96",5138,140,"97,35",1763,"25,04",17,1746,"24,80"
261120,POÇÃO,PE,11/2022,318,232,"72,96",220,12,"94,83",86,"27,04",2,84,"26,42"
261120,POÇÃO,PE,09/2022,348,227,"65,23",210,17,"92,51",121,"34,77",1,120,"34,48"
261120,POÇÃO,PE,07/2022,334,228,"68,26",222,6,"97,37",106,"31,74",1,105,"31,44"
261130,POMBOS,PE,07/2022,587,384,"65,42",371,13,"96,61",203,"34,58",8,195,"33,22"
261130,POMBOS,PE,11/2022,591,423,"71,57",418,5,"98,82",168,"28,43",1,167,"28,26"
261130,POMBOS,PE,09/2022,617,405,"65,64",382,23,"94,32",212,"34,36",4,208,"33,71"
261140,PRIMAVERA,PE,11/2022,302,250,"82,78",238,12,"95,20",52,"17,22",2,50,"16,56"
261140,PRIMAVERA,PE,07/2022,315,249,"79,05",246,3,"98,80",66,"20,95",1,65,"20,63"
261140,PRIMAVERA,PE,09/2022,317,213,"67,19",212,1,"99,53",104,"32,81",46,58,"18,30"
261150,QUIPAPÁ,PE,07/2022,589,0,"0,00",0,0,,589,"100,00",537,52,"8,83"
261150,QUIPAPÁ,PE,11/2022,601,546,"90,85",518,28,"94,87",55,"9,15",1,54,"8,99"
261150,QUIPAPÁ,PE,09/2022,613,0,"0,00",0,0,,613,"100,00",565,48,"7,83"
261153,QUIXABA,PE,11/2022,253,210,"83,00",210,0,"100,00",43,"17,00",0,43,"17,00"
261153,QUIXABA,PE,09/2022,260,208,"80,00",208,0,"100,00",52,"20,00",2,50,"19,23"
261153,QUIXABA,PE,07/2022,245,198,"80,82",192,6,"96,97",47,"19,18",0,47,"19,18"
261160,RECIFE,PE,07/2022,17488,9923,"56,74",9409,514,"94,82",7565,"43,26",505,7060,"40,37"
261160,RECIFE,PE,09/2022,18612,11200,"60,18",10476,724,"93,54",7412,"39,82",561,6851,"36,81"
261160,RECIFE,PE,11/2022,18181,11744,"64,59",11300,444,"96,22",6437,"35,41",51,6386,"35,12"
261170,RIACHO DAS ALMAS,PE,07/2022,490,313,"63,88",277,36,"88,50",177,"36,12",10,167,"34,08"
261170,RIACHO DAS ALMAS,PE,09/2022,530,308,"58,11",281,27,"91,23",222,"41,89",14,208,"39,25"
261170,RIACHO DAS ALMAS,PE,11/2022,524,302,"57,63",283,19,"93,71",222,"42,37",12,210,"40,08"
261180,RIBEIRÃO,PE,11/2022,878,599,"68,22",577,22,"96,33",279,"31,78",2,277,"31,55"
261180,RIBEIRÃO,PE,09/2022,848,126,"14,86",125,1,"99,21",722,"85,14",444,278,"32,78"
261180,RIBEIRÃO,PE,07/2022,856,598,"69,86",585,13,"97,83",258,"30,14",2,256,"29,91"
261190,RIO FORMOSO,PE,07/2022,576,272,"47,22",272,0,"100,00",304,"52,78",1,303,"52,60"
261190,RIO FORMOSO,PE,11/2022,586,449,"76,62",440,9,"98,00",137,"23,38",1,136,"23,21"
261190,RIO FORMOSO,PE,09/2022,597,463,"77,55",462,1,"99,78",134,"22,45",2,132,"22,11"
261200,SAIRÉ,PE,07/2022,259,193,"74,52",192,1,"99,48",66,"25,48",2,64,"24,71"
261200,SAIRÉ,PE,09/2022,286,199,"69,58",197,2,"98,99",87,"30,42",15,72,"25,17"
261200,SAIRÉ,PE,11/2022,292,188,"64,38",186,2,"98,94",104,"35,62",9,95,"32,53"
261210,SALGADINHO,PE,07/2022,147,123,"83,67",111,12,"90,24",24,"16,33",0,24,"16,33"
261210,SALGADINHO,PE,11/2022,140,116,"82,86",113,3,"97,41",24,"17,14",0,24,"17,14"
261210,SALGADINHO,PE,09/2022,155,128,"82,58",116,12,"90,63",27,"17,42",0,27,"17,42"
261220,SALGUEIRO,PE,09/2022,1455,974,"66,94",909,65,"93,33",481,"33,06",1,480,"32,99"
261220,SALGUEIRO,PE,11/2022,1438,959,"66,69",915,44,"95,41",479,"33,31",1,478,"33,24"
261220,SALGUEIRO,PE,07/2022,1382,937,"67,80",893,44,"95,30",445,"32,20",5,440,"31,84"
261230,SALOÁ,PE,09/2022,457,126,"27,57",126,0,"100,00",331,"72,43",281,50,"10,94"
261230,SALOÁ,PE,11/2022,445,401,"90,11",398,3,"99,25",44,"9,89",0,44,"9,89"
261230,SALOÁ,PE,07/2022,444,135,"30,41",135,0,"100,00",309,"69,59",263,46,"10,36"
261240,SANHARÓ,PE,11/2022,444,301,"67,79",298,3,"99,00",143,"32,21",1,142,"31,98"
261240,SANHARÓ,PE,07/2022,423,262,"61,94",258,4,"98,47",161,"38,06",15,146,"34,52"
261240,SANHARÓ,PE,09/2022,454,299,"65,86",259,40,"86,62",155,"34,14",11,144,"31,72"
261245,SANTA CRUZ,PE,11/2022,335,207,"61,79",192,15,"92,75",128,"38,21",4,124,"37,01"
261245,SANTA CRUZ,PE,07/2022,349,199,"57,02",187,12,"93,97",150,"42,98",21,129,"36,96"
261245,SANTA CRUZ,PE,09/2022,355,220,"61,97",201,19,"91,36",135,"38,03",3,132,"37,18"
261247,SANTA CRUZ DA BAIXA VERDE,PE,09/2022,268,226,"84,33",169,57,"74,78",42,"15,67",1,41,"15,30"
261247,SANTA CRUZ DA BAIXA VERDE,PE,11/2022,224,188,"83,93",170,18,"90,43",36,"16,07",1,35,"15,63"
261247,SANTA CRUZ DA BAIXA VERDE,PE,07/2022,257,176,"68,48",143,33,"81,25",81,"31,52",3,78,"30,35"
261250,SANTA CRUZ DO CAPIBARIBE,PE,11/2022,2349,893,"38,02",851,42,"95,30",1456,"61,98",225,1231,"52,41"
261250,SANTA CRUZ DO CAPIBARIBE,PE,09/2022,2337,815,"34,87",770,45,"94,48",1522,"65,13",295,1227,"52,50"
261250,SANTA CRUZ DO CAPIBARIBE,PE,07/2022,2105,771,"36,63",737,34,"95,59",1334,"63,37",351,983,"46,70"
261255,SANTA FILOMENA,PE,11/2022,388,258,"66,49",255,3,"98,84",130,"33,51",29,101,"26,03"
261255,SANTA FILOMENA,PE,09/2022,378,165,"43,65",165,0,"100,00",213,"56,35",169,44,"11,64"
261255,SANTA FILOMENA,PE,07/2022,366,155,"42,35",155,0,"100,00",211,"57,65",172,39,"10,66"
261260,SANTA MARIA DA BOA VISTA,PE,11/2022,1485,1309,"88,15",1309,0,"100,00",176,"11,85",7,169,"11,38"
261260,SANTA MARIA DA BOA VISTA,PE,07/2022,1438,1282,"89,15",1281,1,"99,92",156,"10,85",11,145,"10,08"
261260,SANTA MARIA DA BOA VISTA,PE,09/2022,1523,1334,"87,59",1334,0,"100,00",189,"12,41",10,179,"11,75"
261270,SANTA MARIA DO CAMBUCÁ,PE,09/2022,389,340,"87,40",327,13,"96,18",49,"12,60",0,49,"12,60"
261270,SANTA MARIA DO CAMBUCÁ,PE,11/2022,373,329,"88,20",327,2,"99,39",44,"11,80",0,44,"11,80"
261270,SANTA MARIA DO CAMBUCÁ,PE,07/2022,360,317,"88,06",304,13,"95,90",43,"11,94",1,42,"11,67"
261280,SANTA TEREZINHA,PE,09/2022,296,190,"64,19",182,8,"95,79",106,"35,81",0,106,"35,81"
261280,SANTA TEREZINHA,PE,07/2022,274,178,"64,96",157,21,"88,20",96,"35,04",0,96,"35,04"
261280,SANTA TEREZINHA,PE,11/2022,280,175,"62,50",167,8,"95,43",105,"37,50",0,105,"37,50"
261290,SÃO BENEDITO DO SUL,PE,11/2022,284,204,"71,83",195,9,"95,59",80,"28,17",2,78,"27,46"
261290,SÃO BENEDITO DO SUL,PE,09/2022,311,149,"47,91",149,0,"100,00",162,"52,09",82,80,"25,72"
261290,SÃO BENEDITO DO SUL,PE,07/2022,304,140,"46,05",140,0,"100,00",164,"53,95",91,73,"24,01"
261300,SÃO BENTO DO UNA,PE,07/2022,1251,810,"64,75",759,51,"93,70",441,"35,25",12,429,"34,29"
261300,SÃO BENTO DO UNA,PE,09/2022,1276,723,"56,66",662,61,"91,56",553,"43,34",113,440,"34,48"
261300,SÃO BENTO DO UNA,PE,11/2022,1221,808,"66,18",739,69,"91,46",413,"33,82",13,400,"32,76"
261310,SÃO CAITANO,PE,09/2022,891,487,"54,66",471,16,"96,71",404,"45,34",1,403,"45,23"
261310,SÃO CAITANO,PE,07/2022,830,389,"46,87",370,19,"95,12",441,"53,13",1,440,"53,01"
261310,SÃO CAITANO,PE,11/2022,868,573,"66,01",537,36,"93,72",295,"33,99",0,295,"33,99"
261320,SÃO JOÃO,PE,07/2022,575,263,"45,74",252,11,"95,82",312,"54,26",5,307,"53,39"
261320,SÃO JOÃO,PE,09/2022,573,384,"67,02",356,28,"92,71",189,"32,98",3,186,"32,46"
261320,SÃO JOÃO,PE,11/2022,561,467,"83,24",406,61,"86,94",94,"16,76",3,91,"16,22"
261330,SÃO JOAQUIM DO MONTE,PE,11/2022,525,340,"64,76",324,16,"95,29",185,"35,24",9,176,"33,52"
261330,SÃO JOAQUIM DO MONTE,PE,09/2022,549,364,"66,30",347,17,"95,33",185,"33,70",15,170,"30,97"
261330,SÃO JOAQUIM DO MONTE,PE,07/2022,486,332,"68,31",325,7,"97,89",154,"31,69",2,152,"31,28"
261340,SÃO JOSÉ DA COROA GRANDE,PE,11/2022,554,462,"83,39",447,15,"96,75",92,"16,61",3,89,"16,06"
261340,SÃO JOSÉ DA COROA GRANDE,PE,09/2022,577,472,"81,80",452,20,"95,76",105,"18,20",10,95,"16,46"
261340,SÃO JOSÉ DA COROA GRANDE,PE,07/2022,531,464,"87,38",451,13,"97,20",67,"12,62",6,61,"11,49"
261350,SÃO JOSÉ DO BELMONTE,PE,11/2022,961,846,"88,03",820,26,"96,93",115,"11,97",4,111,"11,55"
261350,SÃO JOSÉ DO BELMONTE,PE,07/2022,967,832,"86,04",830,2,"99,76",135,"13,96",9,126,"13,03"
261350,SÃO JOSÉ DO BELMONTE,PE,09/2022,1014,874,"86,19",849,25,"97,14",140,"13,81",9,131,"12,92"
261360,SÃO JOSÉ DO EGITO,PE,11/2022,668,634,"94,91",610,24,"96,21",34,"5,09",0,34,"5,09"
261360,SÃO JOSÉ DO EGITO,PE,09/2022,694,638,"91,93",610,28,"95,61",56,"8,07",4,52,"7,49"
261360,SÃO JOSÉ DO EGITO,PE,07/2022,669,615,"91,93",585,30,"95,12",54,"8,07",15,39,"5,83"
261370,SÃO LOURENÇO DA MATA,PE,09/2022,2210,785,"35,52",763,22,"97,20",1425,"64,48",149,1276,"57,74"
261370,SÃO LOURENÇO DA MATA,PE,07/2022,2072,990,"47,78",978,12,"98,79",1082,"52,22",118,964,"46,53"
261370,SÃO LOURENÇO DA MATA,PE,11/2022,2123,746,"35,14",721,25,"96,65",1377,"64,86",127,1250,"58,88"
261380,SÃO VICENTE FERRER,PE,09/2022,441,204,"46,26",194,10,"95,10",237,"53,74",2,235,"53,29"
261380,SÃO VICENTE FERRER,PE,11/2022,426,216,"50,70",208,8,"96,30",210,"49,30",2,208,"48,83"
261380,SÃO VICENTE FERRER,PE,07/2022,416,191,"45,91",188,3,"98,43",225,"54,09",2,223,"53,61"
261390,SERRA TALHADA,PE,07/2022,1691,1073,"63,45",1031,42,"96,09",618,"36,55",9,609,"36,01"
261390,SERRA TALHADA,PE,11/2022,1745,1082,"62,01",1065,17,"98,43",663,"37,99",0,663,"37,99"
261390,SERRA TALHADA,PE,09/2022,1753,1066,"60,81",1033,33,"96,90",687,"39,19",5,682,"38,90"
261400,SERRITA,PE,07/2022,419,334,"79,71",323,11,"96,71",85,"20,29",9,76,"18,14"
261400,SERRITA,PE,09/2022,411,340,"82,73",314,26,"92,35",71,"17,27",5,66,"16,06"
261400,SERRITA,PE,11/2022,399,335,"83,96",323,12,"96,42",64,"16,04",4,60,"15,04"
261410,SERTÂNIA,PE,11/2022,831,602,"72,44",599,3,"99,50",229,"27,56",5,224,"26,96"
261410,SERTÂNIA,PE,07/2022,891,668,"74,97",568,100,"85,03",223,"25,03",15,208,"23,34"
261410,SERTÂNIA,PE,09/2022,955,707,"74,03",697,10,"98,59",248,"25,97",0,248,"25,97"
261420,SIRINHAÉM,PE,11/2022,1057,553,"52,32",552,1,"99,82",504,"47,68",14,490,"46,36"
261420,SIRINHAÉM,PE,07/2022,950,485,"51,05",485,0,"100,00",465,"48,95",17,448,"47,16"
261420,SIRINHAÉM,PE,09/2022,1032,509,"49,32",508,1,"99,80",523,"50,68",21,502,"48,64"
261430,MOREILÂNDIA,PE,09/2022,434,326,"75,12",323,3,"99,08",108,"24,88",9,99,"22,81"
261430,MOREILÂNDIA,PE,07/2022,408,315,"77,21",309,6,"98,10",93,"22,79",4,89,"21,81"
261430,MOREILÂNDIA,PE,11/2022,404,307,"75,99",306,1,"99,67",97,"24,01",4,93,"23,02"
261440,SOLIDÃO,PE,11/2022,129,115,"89,15",112,3,"97,39",14,"10,85",0,14,"10,85"
261440,SOLIDÃO,PE,07/2022,130,106,"81,54",105,1,"99,06",24,"18,46",0,24,"18,46"
261440,SOLIDÃO,PE,09/2022,130,107,"82,31",104,3,"97,20",23,"17,69",0,23,"17,69"
261450,SURUBIM,PE,09/2022,1598,604,"37,80",548,56,"90,73",994,"62,20",2,992,"62,08"
261450,SURUBIM,PE,11/2022,1537,607,"39,49",596,11,"98,19",930,"60,51",4,926,"60,25"
261450,SURUBIM,PE,07/2022,1516,682,"44,99",628,54,"92,08",834,"55,01",14,820,"54,09"
261460,TABIRA,PE,07/2022,758,393,"51,85",380,13,"96,69",365,"48,15",2,363,"47,89"
261460,TABIRA,PE,09/2022,775,399,"51,48",391,8,"97,99",376,"48,52",1,375,"48,39"
261460,TABIRA,PE,11/2022,736,428,"58,15",422,6,"98,60",308,"41,85",0,308,"41,85"
261470,TACAIMBÓ,PE,11/2022,369,289,"78,32",289,0,"100,00",80,"21,68",2,78,"21,14"
261470,TACAIMBÓ,PE,07/2022,378,318,"84,13",317,1,"99,69",60,"15,87",3,57,"15,08"
261470,TACAIMBÓ,PE,09/2022,395,324,"82,03",316,8,"97,53",71,"17,97",4,67,"16,96"
261480,TACARATU,PE,09/2022,614,296,"48,21",293,3,"98,99",318,"51,79",20,298,"48,53"
261480,TACARATU,PE,11/2022,600,300,"50,00",292,8,"97,33",300,"50,00",8,292,"48,67"
261480,TACARATU,PE,07/2022,589,301,"51,10",291,10,"96,68",288,"48,90",20,268,"45,50"
261485,TAMANDARÉ,PE,11/2022,575,216,"37,57",213,3,"98,61",359,"62,43",259,100,"17,39"
261485,TAMANDARÉ,PE,07/2022,542,161,"29,70",161,0,"100,00",381,"70,30",235,146,"26,94"
261485,TAMANDARÉ,PE,09/2022,563,188,"33,39",186,2,"98,94",375,"66,61",276,99,"17,58"
261500,TAQUARITINGA DO NORTE,PE,11/2022,610,400,"65,57",363,37,"90,75",210,"34,43",5,205,"33,61"
261500,TAQUARITINGA DO NORTE,PE,09/2022,618,399,"64,56",399,0,"100,00",219,"35,44",4,215,"34,79"
261500,TAQUARITINGA DO NORTE,PE,07/2022,577,372,"64,47",367,5,"98,66",205,"35,53",9,196,"33,97"
261510,TEREZINHA,PE,09/2022,228,187,"82,02",186,1,"99,47",41,"17,98",5,36,"15,79"
261510,TEREZINHA,PE,11/2022,209,176,"84,21",176,0,"100,00",33,"15,79",5,28,"13,40"
261510,TEREZINHA,PE,07/2022,216,176,"81,48",176,0,"100,00",40,"18,52",4,36,"16,67"
261520,TERRA NOVA,PE,11/2022,228,210,"92,11",208,2,"99,05",18,"7,89",0,18,"7,89"
261520,TERRA NOVA,PE,07/2022,250,198,"79,20",191,7,"96,46",52,"20,80",0,52,"20,80"
261520,TERRA NOVA,PE,09/2022,270,245,"90,74",207,38,"84,49",25,"9,26",1,24,"8,89"
261530,TIMBAÚBA,PE,09/2022,1171,922,"78,74",922,0,"100,00",249,"21,26",1,248,"21,18"
261530,TIMBAÚBA,PE,07/2022,1126,874,"77,62",873,1,"99,89",252,"22,38",1,251,"22,29"
261530,TIMBAÚBA,PE,11/2022,1150,927,"80,61",927,0,"100,00",223,"19,39",2,221,"19,22"
261540,TORITAMA,PE,11/2022,1052,669,"63,59",653,16,"97,61",383,"36,41",5,378,"35,93"
261540,TORITAMA,PE,07/2022,874,466,"53,32",434,32,"93,13",408,"46,68",20,388,"44,39"
261540,TORITAMA,PE,09/2022,976,396,"40,57",364,32,"91,92",580,"59,43",157,423,"43,34"
261550,TRACUNHAÉM,PE,11/2022,293,224,"76,45",219,5,"97,77",69,"23,55",9,60,"20,48"
261550,TRACUNHAÉM,PE,09/2022,324,187,"57,72",187,0,"100,00",137,"42,28",11,126,"38,89"
261550,TRACUNHAÉM,PE,07/2022,310,182,"58,71",181,1,"99,45",128,"41,29",11,117,"37,74"
261560,TRINDADE,PE,11/2022,887,389,"43,86",366,23,"94,09",498,"56,14",93,405,"45,66"
261560,TRINDADE,PE,09/2022,876,226,"25,80",226,0,"100,00",650,"74,20",369,281,"32,08"
261560,TRINDADE,PE,07/2022,847,642,"75,80",642,0,"100,00",205,"24,20",13,192,"22,67"
261570,TRIUNFO,PE,11/2022,283,238,"84,10",227,11,"95,38",45,"15,90",0,45,"15,90"
261570,TRIUNFO,PE,09/2022,300,246,"82,00",231,15,"93,90",54,"18,00",0,54,"18,00"
261570,TRIUNFO,PE,07/2022,282,233,"82,62",222,11,"95,28",49,"17,38",0,49,"17,38"
261580,TUPANATINGA,PE,07/2022,781,243,"31,11",243,0,"100,00",538,"68,89",32,506,"64,79"
261580,TUPANATINGA,PE,09/2022,810,238,"29,38",238,0,"100,00",572,"70,62",33,539,"66,54"
261580,TUPANATINGA,PE,11/2022,768,247,"32,16",247,0,"100,00",521,"67,84",22,499,"64,97"
261590,TUPARETAMA,PE,07/2022,257,208,"80,93",204,4,"98,08",49,"19,07",11,38,"14,79"
261590,TUPARETAMA,PE,09/2022,259,211,"81,47",207,4,"98,10",48,"18,53",2,46,"17,76"
261590,TUPARETAMA,PE,11/2022,256,214,"83,59",210,4,"98,13",42,"16,41",3,39,"15,23"
261600,VENTUROSA,PE,07/2022,473,277,"58,56",256,21,"92,42",196,"41,44",11,185,"39,11"
261600,VENTUROSA,PE,11/2022,454,271,"59,69",260,11,"95,94",183,"40,31",0,183,"40,31"
261600,VENTUROSA,PE,09/2022,492,297,"60,37",254,43,"85,52",195,"39,63",0,195,"39,63"
261610,VERDEJANTE,PE,09/2022,222,59,"26,58",59,0,"100,00",163,"73,42",107,56,"25,23"
261610,VERDEJANTE,PE,07/2022,212,110,"51,89",110,0,"100,00",102,"48,11",57,45,"21,23"
261610,VERDEJANTE,PE,11/2022,217,117,"53,92",117,0,"100,00",100,"46,08",48,52,"23,96"
261618,VERTENTE DO LÉRIO,PE,09/2022,185,165,"89,19",146,19,"88,48",20,"10,81",3,17,"9,19"
261618,VERTENTE DO LÉRIO,PE,11/2022,177,140,"79,10",129,11,"92,14",37,"20,90",0,37,"20,90"
261618,VERTENTE DO LÉRIO,PE,07/2022,177,140,"79,10",137,3,"97,86",37,"20,90",9,28,"15,82"
261620,VERTENTES,PE,07/2022,486,152,"31,28",150,2,"98,68",334,"68,72",3,331,"68,11"
261620,VERTENTES,PE,11/2022,524,178,"33,97",169,9,"94,94",346,"66,03",2,344,"65,65"
261620,VERTENTES,PE,09/2022,527,165,"31,31",160,5,"96,97",362,"68,69",7,355,"67,36"
261630,VICÊNCIA,PE,09/2022,621,587,"94,52",587,0,"100,00",34,"5,48",2,32,"5,15"
261630,VICÊNCIA,PE,11/2022,611,579,"94,76",579,0,"100,00",32,"5,24",0,32,"5,24"
261630,VICÊNCIA,PE,07/2022,596,566,"94,97",566,0,"100,00",30,"5,03",1,29,"4,87"
261640,VITÓRIA DE SANTO ANTÃO,PE,11/2022,3148,1975,"62,74",1963,12,"99,39",1173,"37,26",6,1167,"37,07"
261640,VITÓRIA DE SANTO ANTÃO,PE,07/2022,3117,1994,"63,97",1987,7,"99,65",1123,"36,03",13,1110,"35,61"
261640,VITÓRIA DE SANTO ANTÃO,PE,09/2022,3247,1984,"61,10",1960,24,"98,79",1263,"38,90",11,1252,"38,56"
261650,XEXÉU,PE,09/2022,391,283,"72,38",255,28,"90,11",108,"27,62",6,102,"26,09"
261650,XEXÉU,PE,11/2022,384,282,"73,44",270,12,"95,74",102,"26,56",1,101,"26,30"
261650,XEXÉU,PE,07/2022,375,270,"72,00",258,12,"95,56",105,"28,00",7,98,"26,13"
220005,ACAUÃ,PI,09/2022,164,107,"65,24",98,9,"91,59",57,"34,76",3,54,"32,93"
220005,ACAUÃ,PI,07/2022,165,116,"70,30",109,7,"93,97",49,"29,70",3,46,"27,88"
220005,ACAUÃ,PI,11/2022,155,100,"64,52",94,6,"94,00",55,"35,48",1,54,"34,84"
220010,AGRICOLÂNDIA,PI,07/2022,140,131,"93,57",131,0,"100,00",9,"6,43",0,9,"6,43"
220010,AGRICOLÂNDIA,PI,09/2022,142,140,"98,59",140,0,"100,00",2,"1,41",1,1,"0,70"
220010,AGRICOLÂNDIA,PI,11/2022,135,130,"96,30",130,0,"100,00",5,"3,70",3,2,"1,48"
220020,ÁGUA BRANCA,PI,07/2022,444,422,"95,05",421,1,"99,76",22,"4,95",6,16,"3,60"
220020,ÁGUA BRANCA,PI,09/2022,450,322,"71,56",322,0,"100,00",128,"28,44",4,124,"27,56"
220020,ÁGUA BRANCA,PI,11/2022,429,318,"74,13",275,43,"86,48",111,"25,87",86,25,"5,83"
220025,ALAGOINHA DO PIAUÍ,PI,11/2022,194,177,"91,24",177,0,"100,00",17,"8,76",2,15,"7,73"
220025,ALAGOINHA DO PIAUÍ,PI,09/2022,187,168,"89,84",168,0,"100,00",19,"10,16",2,17,"9,09"
220025,ALAGOINHA DO PIAUÍ,PI,07/2022,175,131,"74,86",131,0,"100,00",44,"25,14",28,16,"9,14"
220027,ALEGRETE DO PIAUÍ,PI,07/2022,107,53,"49,53",53,0,"100,00",54,"50,47",48,6,"5,61"
220027,ALEGRETE DO PIAUÍ,PI,11/2022,115,106,"92,17",106,0,"100,00",9,"7,83",0,9,"7,83"
220027,ALEGRETE DO PIAUÍ,PI,09/2022,115,105,"91,30",105,0,"100,00",10,"8,70",2,8,"6,96"
220030,ALTO LONGÁ,PI,07/2022,303,161,"53,14",159,2,"98,76",142,"46,86",3,139,"45,87"
220030,ALTO LONGÁ,PI,09/2022,295,228,"77,29",226,2,"99,12",67,"22,71",6,61,"20,68"
220030,ALTO LONGÁ,PI,11/2022,301,229,"76,08",219,10,"95,63",72,"23,92",2,70,"23,26"
220040,ALTOS,PI,07/2022,882,728,"82,54",713,15,"97,94",154,"17,46",4,150,"17,01"
220040,ALTOS,PI,09/2022,923,772,"83,64",751,21,"97,28",151,"16,36",17,134,"14,52"
220040,ALTOS,PI,11/2022,876,766,"87,44",764,2,"99,74",110,"12,56",2,108,"12,33"
220045,ALVORADA DO GURGUÉIA,PI,09/2022,171,107,"62,57",87,20,"81,31",64,"37,43",11,53,"30,99"
220045,ALVORADA DO GURGUÉIA,PI,07/2022,155,104,"67,10",84,20,"80,77",51,"32,90",4,47,"30,32"
220045,ALVORADA DO GURGUÉIA,PI,11/2022,167,102,"61,08",87,15,"85,29",65,"38,92",10,55,"32,93"
220050,AMARANTE,PI,09/2022,478,402,"84,10",398,4,"99,00",76,"15,90",7,69,"14,44"
220050,AMARANTE,PI,07/2022,476,359,"75,42",358,1,"99,72",117,"24,58",9,108,"22,69"
220050,AMARANTE,PI,11/2022,475,356,"74,95",353,3,"99,16",119,"25,05",52,67,"14,11"
220060,ANGICAL DO PIAUÍ,PI,09/2022,307,227,"73,94",210,17,"92,51",80,"26,06",1,79,"25,73"
220060,ANGICAL DO PIAUÍ,PI,07/2022,291,213,"73,20",199,14,"93,43",78,"26,80",0,78,"26,80"
220060,ANGICAL DO PIAUÍ,PI,11/2022,299,223,"74,58",212,11,"95,07",76,"25,42",0,76,"25,42"
220070,ANÍSIO DE ABREU,PI,07/2022,228,174,"76,32",161,13,"92,53",54,"23,68",1,53,"23,25"
220070,ANÍSIO DE ABREU,PI,09/2022,236,176,"74,58",167,9,"94,89",60,"25,42",0,60,"25,42"
220070,ANÍSIO DE ABREU,PI,11/2022,229,179,"78,17",168,11,"93,85",50,"21,83",0,50,"21,83"
220080,ANTÔNIO ALMEIDA,PI,09/2022,78,67,"85,90",62,5,"92,54",11,"14,10",2,9,"11,54"
220080,ANTÔNIO ALMEIDA,PI,11/2022,70,60,"85,71",51,9,"85,00",10,"14,29",1,9,"12,86"
220080,ANTÔNIO ALMEIDA,PI,07/2022,78,64,"82,05",63,1,"98,44",14,"17,95",1,13,"16,67"
220090,AROAZES,PI,07/2022,167,163,"97,60",163,0,"100,00",4,"2,40",1,3,"1,80"
220090,AROAZES,PI,09/2022,173,140,"80,92",140,0,"100,00",33,"19,08",3,30,"17,34"
220090,AROAZES,PI,11/2022,165,158,"95,76",153,5,"96,84",7,"4,24",1,6,"3,64"
220095,AROEIRAS DO ITAIM,PI,09/2022,57,0,"0,00",0,0,,57,"100,00",53,4,"7,02"
220095,AROEIRAS DO ITAIM,PI,11/2022,57,56,"98,25",56,0,"100,00",1,"1,75",0,1,"1,75"
220095,AROEIRAS DO ITAIM,PI,07/2022,61,55,"90,16",55,0,"100,00",6,"9,84",2,4,"6,56"
220100,ARRAIAL,PI,11/2022,120,111,"92,50",110,1,"99,10",9,"7,50",2,7,"5,83"
220100,ARRAIAL,PI,09/2022,135,115,"85,19",114,1,"99,13",20,"14,81",9,11,"8,15"
220100,ARRAIAL,PI,07/2022,131,108,"82,44",96,12,"88,89",23,"17,56",11,12,"9,16"
220105,ASSUNÇÃO DO PIAUÍ,PI,11/2022,253,243,"96,05",233,10,"95,88",10,"3,95",0,10,"3,95"
220105,ASSUNÇÃO DO PIAUÍ,PI,09/2022,262,255,"97,33",253,2,"99,22",7,"2,67",0,7,"2,67"
220105,ASSUNÇÃO DO PIAUÍ,PI,07/2022,252,247,"98,02",247,0,"100,00",5,"1,98",0,5,"1,98"
220110,AVELINO LOPES,PI,07/2022,367,198,"53,95",197,1,"99,49",169,"46,05",136,33,"8,99"
220110,AVELINO LOPES,PI,09/2022,386,310,"80,31",310,0,"100,00",76,"19,69",11,65,"16,84"
220110,AVELINO LOPES,PI,11/2022,369,303,"82,11",303,0,"100,00",66,"17,89",4,62,"16,80"
220115,BAIXA GRANDE DO RIBEIRO,PI,09/2022,411,0,"0,00",0,0,,411,"100,00",376,35,"8,52"
220115,BAIXA GRANDE DO RIBEIRO,PI,07/2022,412,372,"90,29",372,0,"100,00",40,"9,71",4,36,"8,74"
220115,BAIXA GRANDE DO RIBEIRO,PI,11/2022,425,145,"34,12",145,0,"100,00",280,"65,88",247,33,"7,76"
220117,BARRA D´ALCÂNTARA,PI,09/2022,104,87,"83,65",87,0,"100,00",17,"16,35",0,17,"16,35"
220117,BARRA D´ALCÂNTARA,PI,11/2022,107,95,"88,79",95,0,"100,00",12,"11,21",0,12,"11,21"
220117,BARRA D´ALCÂNTARA,PI,07/2022,104,89,"85,58",89,0,"100,00",15,"14,42",2,13,"12,50"
220120,BARRAS,PI,07/2022,1562,522,"33,42",518,4,"99,23",1040,"66,58",139,901,"57,68"
220120,BARRAS,PI,11/2022,1601,640,"39,98",623,17,"97,34",961,"60,02",75,886,"55,34"
220120,BARRAS,PI,09/2022,1613,594,"36,83",575,19,"96,80",1019,"63,17",39,980,"60,76"
220130,BARREIRAS DO PIAUÍ,PI,11/2022,129,0,"0,00",0,0,,129,"100,00",111,18,"13,95"
220130,BARREIRAS DO PIAUÍ,PI,09/2022,124,0,"0,00",0,0,,124,"100,00",108,16,"12,90"
220130,BARREIRAS DO PIAUÍ,PI,07/2022,118,0,"0,00",0,0,,118,"100,00",102,16,"13,56"
220140,BARRO DURO,PI,11/2022,188,60,"31,91",60,0,"100,00",128,"68,09",114,14,"7,45"
220140,BARRO DURO,PI,09/2022,187,60,"32,09",60,0,"100,00",127,"67,91",111,16,"8,56"
220140,BARRO DURO,PI,07/2022,178,60,"33,71",60,0,"100,00",118,"66,29",102,16,"8,99"
220150,BATALHA,PI,09/2022,762,655,"85,96",655,0,"100,00",107,"14,04",17,90,"11,81"
220150,BATALHA,PI,11/2022,736,596,"80,98",584,12,"97,99",140,"19,02",13,127,"17,26"
220150,BATALHA,PI,07/2022,732,542,"74,04",530,12,"97,79",190,"25,96",28,162,"22,13"
220155,BELA VISTA DO PIAUÍ,PI,09/2022,98,91,"92,86",89,2,"97,80",7,"7,14",0,7,"7,14"
220155,BELA VISTA DO PIAUÍ,PI,07/2022,91,84,"92,31",84,0,"100,00",7,"7,69",0,7,"7,69"
220155,BELA VISTA DO PIAUÍ,PI,11/2022,97,92,"94,85",90,2,"97,83",5,"5,15",0,5,"5,15"
220157,BELÉM DO PIAUÍ,PI,09/2022,77,70,"90,91",69,1,"98,57",7,"9,09",3,4,"5,19"
220157,BELÉM DO PIAUÍ,PI,11/2022,69,68,"98,55",66,2,"97,06",1,"1,45",0,1,"1,45"
220157,BELÉM DO PIAUÍ,PI,07/2022,76,70,"92,11",64,6,"91,43",6,"7,89",0,6,"7,89"
220160,BENEDITINOS,PI,07/2022,297,283,"95,29",283,0,"100,00",14,"4,71",1,13,"4,38"
220160,BENEDITINOS,PI,11/2022,319,305,"95,61",301,4,"98,69",14,"4,39",1,13,"4,08"
220160,BENEDITINOS,PI,09/2022,322,307,"95,34",306,1,"99,67",15,"4,66",1,14,"4,35"
220170,BERTOLÍNIA,PI,09/2022,177,0,"0,00",0,0,,177,"100,00",168,9,"5,08"
220170,BERTOLÍNIA,PI,11/2022,173,116,"67,05",116,0,"100,00",57,"32,95",47,10,"5,78"
220170,BERTOLÍNIA,PI,07/2022,167,0,"0,00",0,0,,167,"100,00",160,7,"4,19"
220173,BETÂNIA DO PIAUÍ,PI,09/2022,192,153,"79,69",142,11,"92,81",39,"20,31",5,34,"17,71"
220173,BETÂNIA DO PIAUÍ,PI,11/2022,185,154,"83,24",151,3,"98,05",31,"16,76",0,31,"16,76"
220173,BETÂNIA DO PIAUÍ,PI,07/2022,184,138,"75,00",134,4,"97,10",46,"25,00",9,37,"20,11"
220177,BOA HORA,PI,11/2022,272,40,"14,71",40,0,"100,00",232,"85,29",213,19,"6,99"
220177,BOA HORA,PI,07/2022,279,257,"92,11",257,0,"100,00",22,"7,89",3,19,"6,81"
220177,BOA HORA,PI,09/2022,307,250,"81,43",250,0,"100,00",57,"18,57",36,21,"6,84"
220180,BOCAINA,PI,09/2022,71,49,"69,01",48,1,"97,96",22,"30,99",14,8,"11,27"
220180,BOCAINA,PI,07/2022,67,63,"94,03",59,4,"93,65",4,"5,97",0,4,"5,97"
220180,BOCAINA,PI,11/2022,70,65,"92,86",65,0,"100,00",5,"7,14",0,5,"7,14"
220190,BOM JESUS,PI,09/2022,765,242,"31,63",233,9,"96,28",523,"68,37",101,422,"55,16"
220190,BOM JESUS,PI,07/2022,733,241,"32,88",236,5,"97,93",492,"67,12",110,382,"52,11"
220190,BOM JESUS,PI,11/2022,748,220,"29,41",196,24,"89,09",528,"70,59",100,428,"57,22"
220191,BOM PRINCÍPIO DO PIAUÍ,PI,09/2022,162,142,"87,65",142,0,"100,00",20,"12,35",5,15,"9,26"
220191,BOM PRINCÍPIO DO PIAUÍ,PI,07/2022,161,142,"88,20",142,0,"100,00",19,"11,80",2,17,"10,56"
220191,BOM PRINCÍPIO DO PIAUÍ,PI,11/2022,157,140,"89,17",140,0,"100,00",17,"10,83",2,15,"9,55"
220192,BONFIM DO PIAUÍ,PI,11/2022,136,119,"87,50",119,0,"100,00",17,"12,50",1,16,"11,76"
220192,BONFIM DO PIAUÍ,PI,09/2022,135,116,"85,93",112,4,"96,55",19,"14,07",5,14,"10,37"
220192,BONFIM DO PIAUÍ,PI,07/2022,130,111,"85,38",111,0,"100,00",19,"14,62",3,16,"12,31"
220194,BOQUEIRÃO DO PIAUÍ,PI,09/2022,193,175,"90,67",170,5,"97,14",18,"9,33",6,12,"6,22"
220194,BOQUEIRÃO DO PIAUÍ,PI,11/2022,185,155,"83,78",155,0,"100,00",30,"16,22",21,9,"4,86"
220194,BOQUEIRÃO DO PIAUÍ,PI,07/2022,192,177,"92,19",177,0,"100,00",15,"7,81",5,10,"5,21"
220196,BRASILEIRA,PI,11/2022,220,135,"61,36",135,0,"100,00",85,"38,64",61,24,"10,91"
220196,BRASILEIRA,PI,09/2022,213,39,"18,31",39,0,"100,00",174,"81,69",152,22,"10,33"
220196,BRASILEIRA,PI,07/2022,208,183,"87,98",182,1,"99,45",25,"12,02",0,25,"12,02"
220198,BREJO DO PIAUÍ,PI,11/2022,138,125,"90,58",125,0,"100,00",13,"9,42",1,12,"8,70"
220198,BREJO DO PIAUÍ,PI,09/2022,138,124,"89,86",124,0,"100,00",14,"10,14",2,12,"8,70"
220198,BREJO DO PIAUÍ,PI,07/2022,134,122,"91,04",122,0,"100,00",12,"8,96",2,10,"7,46"
220200,BURITI DOS LOPES,PI,09/2022,686,526,"76,68",474,52,"90,11",160,"23,32",74,86,"12,54"
220200,BURITI DOS LOPES,PI,07/2022,659,457,"69,35",422,35,"92,34",202,"30,65",60,142,"21,55"
220200,BURITI DOS LOPES,PI,11/2022,623,508,"81,54",448,60,"88,19",115,"18,46",43,72,"11,56"
220202,BURITI DOS MONTES,PI,07/2022,206,165,"80,10",161,4,"97,58",41,"19,90",22,19,"9,22"
220202,BURITI DOS MONTES,PI,09/2022,224,183,"81,70",181,2,"98,91",41,"18,30",15,26,"11,61"
220202,BURITI DOS MONTES,PI,11/2022,202,170,"84,16",159,11,"93,53",32,"15,84",3,29,"14,36"
220205,CABECEIRAS DO PIAUÍ,PI,11/2022,272,200,"73,53",197,3,"98,50",72,"26,47",7,65,"23,90"
220205,CABECEIRAS DO PIAUÍ,PI,09/2022,275,182,"66,18",179,3,"98,35",93,"33,82",12,81,"29,45"
220205,CABECEIRAS DO PIAUÍ,PI,07/2022,248,170,"68,55",168,2,"98,82",78,"31,45",5,73,"29,44"
220207,CAJAZEIRAS DO PIAUÍ,PI,07/2022,95,65,"68,42",64,1,"98,46",30,"31,58",6,24,"25,26"
220207,CAJAZEIRAS DO PIAUÍ,PI,11/2022,86,66,"76,74",65,1,"98,48",20,"23,26",0,20,"23,26"
220207,CAJAZEIRAS DO PIAUÍ,PI,09/2022,93,67,"72,04",66,1,"98,51",26,"27,96",4,22,"23,66"
220208,CAJUEIRO DA PRAIA,PI,07/2022,171,165,"96,49",162,3,"98,18",6,"3,51",1,5,"2,92"
220208,CAJUEIRO DA PRAIA,PI,11/2022,180,174,"96,67",169,5,"97,13",6,"3,33",1,5,"2,78"
220208,CAJUEIRO DA PRAIA,PI,09/2022,178,0,"0,00",0,0,,178,"100,00",172,6,"3,37"
220209,CALDEIRÃO GRANDE DO PIAUÍ,PI,09/2022,134,47,"35,07",40,7,"85,11",87,"64,93",58,29,"21,64"
220209,CALDEIRÃO GRANDE DO PIAUÍ,PI,07/2022,136,91,"66,91",76,15,"83,52",45,"33,09",20,25,"18,38"
220209,CALDEIRÃO GRANDE DO PIAUÍ,PI,11/2022,113,88,"77,88",78,10,"88,64",25,"22,12",9,16,"14,16"
220210,CAMPINAS DO PIAUÍ,PI,09/2022,117,115,"98,29",108,7,"93,91",2,"1,71",2,0,"0,00"
220210,CAMPINAS DO PIAUÍ,PI,11/2022,110,109,"99,09",109,0,"100,00",1,"0,91",1,0,"0,00"
220210,CAMPINAS DO PIAUÍ,PI,07/2022,114,110,"96,49",105,5,"95,45",4,"3,51",3,1,"0,88"
220211,CAMPO ALEGRE DO FIDALGO,PI,09/2022,113,105,"92,92",100,5,"95,24",8,"7,08",0,8,"7,08"
220211,CAMPO ALEGRE DO FIDALGO,PI,07/2022,119,99,"83,19",96,3,"96,97",20,"16,81",1,19,"15,97"
220211,CAMPO ALEGRE DO FIDALGO,PI,11/2022,115,108,"93,91",108,0,"100,00",7,"6,09",0,7,"6,09"
220213,CAMPO GRANDE DO PIAUÍ,PI,09/2022,119,90,"75,63",87,3,"96,67",29,"24,37",2,27,"22,69"
220213,CAMPO GRANDE DO PIAUÍ,PI,11/2022,117,87,"74,36",84,3,"96,55",30,"25,64",1,29,"24,79"
220213,CAMPO GRANDE DO PIAUÍ,PI,07/2022,112,82,"73,21",80,2,"97,56",30,"26,79",6,24,"21,43"
220217,CAMPO LARGO DO PIAUÍ,PI,09/2022,321,75,"23,36",75,0,"100,00",246,"76,64",197,49,"15,26"
220217,CAMPO LARGO DO PIAUÍ,PI,07/2022,284,59,"20,77",58,1,"98,31",225,"79,23",183,42,"14,79"
220217,CAMPO LARGO DO PIAUÍ,PI,11/2022,288,217,"75,35",214,3,"98,62",71,"24,65",11,60,"20,83"
220220,CAMPO MAIOR,PI,09/2022,934,612,"65,52",610,2,"99,67",322,"34,48",193,129,"13,81"
220220,CAMPO MAIOR,PI,07/2022,924,705,"76,30",693,12,"98,30",219,"23,70",166,53,"5,74"
220220,CAMPO MAIOR,PI,11/2022,976,549,"56,25",549,0,"100,00",427,"43,75",299,128,"13,11"
220225,CANAVIEIRA,PI,07/2022,96,53,"55,21",51,2,"96,23",43,"44,79",35,8,"8,33"
220225,CANAVIEIRA,PI,11/2022,92,79,"85,87",77,2,"97,47",13,"14,13",8,5,"5,43"
220225,CANAVIEIRA,PI,09/2022,101,24,"23,76",24,0,"100,00",77,"76,24",60,17,"16,83"
220230,CANTO DO BURITI,PI,11/2022,551,441,"80,04",340,101,"77,10",110,"19,96",7,103,"18,69"
220230,CANTO DO BURITI,PI,09/2022,571,299,"52,36",295,4,"98,66",272,"47,64",210,62,"10,86"
220230,CANTO DO BURITI,PI,07/2022,568,419,"73,77",419,0,"100,00",149,"26,23",111,38,"6,69"
220240,CAPITÃO DE CAMPOS,PI,07/2022,375,348,"92,80",346,2,"99,43",27,"7,20",2,25,"6,67"
220240,CAPITÃO DE CAMPOS,PI,09/2022,399,368,"92,23",368,0,"100,00",31,"7,77",2,29,"7,27"
220240,CAPITÃO DE CAMPOS,PI,11/2022,388,365,"94,07",365,0,"100,00",23,"5,93",0,23,"5,93"
220245,CAPITÃO GERVÁSIO OLIVEIRA,PI,07/2022,145,99,"68,28",89,10,"89,90",46,"31,72",6,40,"27,59"
220245,CAPITÃO GERVÁSIO OLIVEIRA,PI,11/2022,150,93,"62,00",91,2,"97,85",57,"38,00",12,45,"30,00"
220245,CAPITÃO GERVÁSIO OLIVEIRA,PI,09/2022,154,112,"72,73",112,0,"100,00",42,"27,27",2,40,"25,97"
220250,CARACOL,PI,09/2022,346,271,"78,32",271,0,"100,00",75,"21,68",7,68,"19,65"
220250,CARACOL,PI,07/2022,328,263,"80,18",263,0,"100,00",65,"19,82",4,61,"18,60"
220250,CARACOL,PI,11/2022,336,239,"71,13",238,1,"99,58",97,"28,87",2,95,"28,27"
220253,CARAÚBAS DO PIAUÍ,PI,07/2022,174,127,"72,99",116,11,"91,34",47,"27,01",19,28,"16,09"
220253,CARAÚBAS DO PIAUÍ,PI,11/2022,156,128,"82,05",115,13,"89,84",28,"17,95",2,26,"16,67"
220253,CARAÚBAS DO PIAUÍ,PI,09/2022,174,130,"74,71",112,18,"86,15",44,"25,29",21,23,"13,22"
220255,CARIDADE DO PIAUÍ,PI,09/2022,168,136,"80,95",134,2,"98,53",32,"19,05",9,23,"13,69"
220255,CARIDADE DO PIAUÍ,PI,07/2022,157,132,"84,08",128,4,"96,97",25,"15,92",3,22,"14,01"
220255,CARIDADE DO PIAUÍ,PI,11/2022,164,139,"84,76",137,2,"98,56",25,"15,24",1,24,"14,63"
220260,CASTELO DO PIAUÍ,PI,11/2022,548,480,"87,59",480,0,"100,00",68,"12,41",44,24,"4,38"
220260,CASTELO DO PIAUÍ,PI,09/2022,546,0,"0,00",0,0,,546,"100,00",521,25,"4,58"
220260,CASTELO DO PIAUÍ,PI,07/2022,503,471,"93,64",471,0,"100,00",32,"6,36",9,23,"4,57"
220265,CAXINGÓ,PI,07/2022,186,153,"82,26",149,4,"97,39",33,"17,74",4,29,"15,59"
220265,CAXINGÓ,PI,09/2022,190,149,"78,42",140,9,"93,96",41,"21,58",11,30,"15,79"
220265,CAXINGÓ,PI,11/2022,175,139,"79,43",126,13,"90,65",36,"20,57",4,32,"18,29"
220270,COCAL,PI,11/2022,925,602,"65,08",602,0,"100,00",323,"34,92",101,222,"24,00"
220270,COCAL,PI,09/2022,932,209,"22,42",209,0,"100,00",723,"77,58",639,84,"9,01"
220270,COCAL,PI,07/2022,896,588,"65,63",588,0,"100,00",308,"34,38",228,80,"8,93"
220271,COCAL DE TELHA,PI,07/2022,173,145,"83,82",142,3,"97,93",28,"16,18",0,28,"16,18"
220271,COCAL DE TELHA,PI,09/2022,179,151,"84,36",138,13,"91,39",28,"15,64",8,20,"11,17"
220271,COCAL DE TELHA,PI,11/2022,156,137,"87,82",137,0,"100,00",19,"12,18",2,17,"10,90"
220272,COCAL DOS ALVES,PI,11/2022,147,121,"82,31",121,0,"100,00",26,"17,69",0,26,"17,69"
220272,COCAL DOS ALVES,PI,07/2022,160,0,"0,00",0,0,,160,"100,00",146,14,"8,75"
220272,COCAL DOS ALVES,PI,09/2022,164,0,"0,00",0,0,,164,"100,00",148,16,"9,76"
220273,COIVARAS,PI,07/2022,98,83,"84,69",82,1,"98,80",15,"15,31",1,14,"14,29"
220273,COIVARAS,PI,11/2022,89,65,"73,03",63,2,"96,92",24,"26,97",1,23,"25,84"
220273,COIVARAS,PI,09/2022,120,87,"72,50",85,2,"97,70",33,"27,50",19,14,"11,67"
220275,COLÔNIA DO GURGUÉIA,PI,09/2022,231,0,"0,00",0,0,,231,"100,00",206,25,"10,82"
220275,COLÔNIA DO GURGUÉIA,PI,07/2022,235,208,"88,51",208,0,"100,00",27,"11,49",6,21,"8,94"
220275,COLÔNIA DO GURGUÉIA,PI,11/2022,219,0,"0,00",0,0,,219,"100,00",195,24,"10,96"
220277,COLÔNIA DO PIAUÍ,PI,11/2022,185,166,"89,73",166,0,"100,00",19,"10,27",3,16,"8,65"
220277,COLÔNIA DO PIAUÍ,PI,09/2022,179,160,"89,39",160,0,"100,00",19,"10,61",4,15,"8,38"
220277,COLÔNIA DO PIAUÍ,PI,07/2022,178,155,"87,08",155,0,"100,00",23,"12,92",9,14,"7,87"
220280,CONCEIÇÃO DO CANINDÉ,PI,09/2022,124,106,"85,48",101,5,"95,28",18,"14,52",0,18,"14,52"
220280,CONCEIÇÃO DO CANINDÉ,PI,11/2022,125,109,"87,20",106,3,"97,25",16,"12,80",0,16,"12,80"
220280,CONCEIÇÃO DO CANINDÉ,PI,07/2022,120,101,"84,17",98,3,"97,03",19,"15,83",0,19,"15,83"
220285,CORONEL JOSÉ DIAS,PI,09/2022,126,87,"69,05",84,3,"96,55",39,"30,95",3,36,"28,57"
220285,CORONEL JOSÉ DIAS,PI,07/2022,123,78,"63,41",72,6,"92,31",45,"36,59",13,32,"26,02"
220285,CORONEL JOSÉ DIAS,PI,11/2022,124,86,"69,35",85,1,"98,84",38,"30,65",1,37,"29,84"
220290,CORRENTE,PI,11/2022,764,548,"71,73",547,1,"99,82",216,"28,27",2,214,"28,01"
220290,CORRENTE,PI,07/2022,709,528,"74,47",524,4,"99,24",181,"25,53",2,179,"25,25"
220290,CORRENTE,PI,09/2022,761,578,"75,95",576,2,"99,65",183,"24,05",2,181,"23,78"
220300,CRISTALÂNDIA DO PIAUÍ,PI,09/2022,197,178,"90,36",178,0,"100,00",19,"9,64",0,19,"9,64"
220300,CRISTALÂNDIA DO PIAUÍ,PI,07/2022,188,86,"45,74",86,0,"100,00",102,"54,26",82,20,"10,64"
220300,CRISTALÂNDIA DO PIAUÍ,PI,11/2022,198,176,"88,89",174,2,"98,86",22,"11,11",7,15,"7,58"
220310,CRISTINO CASTRO,PI,11/2022,314,309,"98,41",303,6,"98,06",5,"1,59",4,1,"0,32"
220310,CRISTINO CASTRO,PI,07/2022,306,273,"89,22",273,0,"100,00",33,"10,78",5,28,"9,15"
220310,CRISTINO CASTRO,PI,09/2022,316,313,"99,05",313,0,"100,00",3,"0,95",3,0,"0,00"
220320,CURIMATÁ,PI,07/2022,290,68,"23,45",68,0,"100,00",222,"76,55",195,27,"9,31"
220320,CURIMATÁ,PI,09/2022,297,56,"18,86",56,0,"100,00",241,"81,14",211,30,"10,10"
220320,CURIMATÁ,PI,11/2022,303,198,"65,35",198,0,"100,00",105,"34,65",77,28,"9,24"
220323,CURRAIS,PI,11/2022,180,0,"0,00",0,0,,180,"100,00",130,50,"27,78"
220323,CURRAIS,PI,07/2022,166,0,"0,00",0,0,,166,"100,00",127,39,"23,49"
220323,CURRAIS,PI,09/2022,187,0,"0,00",0,0,,187,"100,00",140,47,"25,13"
220325,CURRALINHOS,PI,09/2022,135,109,"80,74",109,0,"100,00",26,"19,26",1,25,"18,52"
220325,CURRALINHOS,PI,07/2022,125,96,"76,80",85,11,"88,54",29,"23,20",6,23,"18,40"
220325,CURRALINHOS,PI,11/2022,123,107,"86,99",106,1,"99,07",16,"13,01",1,15,"12,20"
220327,CURRAL NOVO DO PIAUÍ,PI,07/2022,153,123,"80,39",121,2,"98,37",30,"19,61",8,22,"14,38"
220327,CURRAL NOVO DO PIAUÍ,PI,09/2022,160,136,"85,00",136,0,"100,00",24,"15,00",2,22,"13,75"
220327,CURRAL NOVO DO PIAUÍ,PI,11/2022,157,134,"85,35",134,0,"100,00",23,"14,65",0,23,"14,65"
220330,DEMERVAL LOBÃO,PI,09/2022,431,372,"86,31",371,1,"99,73",59,"13,69",10,49,"11,37"
220330,DEMERVAL LOBÃO,PI,07/2022,396,148,"37,37",148,0,"100,00",248,"62,63",198,50,"12,63"
220330,DEMERVAL LOBÃO,PI,11/2022,397,31,"7,81",31,0,"100,00",366,"92,19",323,43,"10,83"
220335,DIRCEU ARCOVERDE,PI,11/2022,163,104,"63,80",102,2,"98,08",59,"36,20",1,58,"35,58"
220335,DIRCEU ARCOVERDE,PI,07/2022,153,98,"64,05",98,0,"100,00",55,"35,95",1,54,"35,29"
220335,DIRCEU ARCOVERDE,PI,09/2022,168,103,"61,31",98,5,"95,15",65,"38,69",1,64,"38,10"
220340,DOM EXPEDITO LOPES,PI,09/2022,158,132,"83,54",125,7,"94,70",26,"16,46",1,25,"15,82"
220340,DOM EXPEDITO LOPES,PI,07/2022,154,121,"78,57",116,5,"95,87",33,"21,43",3,30,"19,48"
220340,DOM EXPEDITO LOPES,PI,11/2022,159,132,"83,02",128,4,"96,97",27,"16,98",1,26,"16,35"
220342,DOMINGOS MOURÃO,PI,11/2022,126,101,"80,16",94,7,"93,07",25,"19,84",1,24,"19,05"
220342,DOMINGOS MOURÃO,PI,09/2022,121,11,"9,09",9,2,"81,82",110,"90,91",87,23,"19,01"
220342,DOMINGOS MOURÃO,PI,07/2022,113,12,"10,62",10,2,"83,33",101,"89,38",81,20,"17,70"
220345,DOM INOCÊNCIO,PI,09/2022,212,202,"95,28",188,14,"93,07",10,"4,72",2,8,"3,77"
220345,DOM INOCÊNCIO,PI,11/2022,209,203,"97,13",201,2,"99,01",6,"2,87",5,1,"0,48"
220345,DOM INOCÊNCIO,PI,07/2022,227,188,"82,82",170,18,"90,43",39,"17,18",4,35,"15,42"
220350,ELESBÃO VELOSO,PI,09/2022,284,93,"32,75",88,5,"94,62",191,"67,25",121,70,"24,65"
220350,ELESBÃO VELOSO,PI,11/2022,256,90,"35,16",90,0,"100,00",166,"64,84",100,66,"25,78"
220350,ELESBÃO VELOSO,PI,07/2022,290,122,"42,07",116,6,"95,08",168,"57,93",101,67,"23,10"
220360,ELISEU MARTINS,PI,09/2022,120,46,"38,33",46,0,"100,00",74,"61,67",17,57,"47,50"
220360,ELISEU MARTINS,PI,07/2022,109,55,"50,46",53,2,"96,36",54,"49,54",3,51,"46,79"
220360,ELISEU MARTINS,PI,11/2022,118,58,"49,15",58,0,"100,00",60,"50,85",7,53,"44,92"
220370,ESPERANTINA,PI,11/2022,1114,442,"39,68",413,29,"93,44",672,"60,32",189,483,"43,36"
220370,ESPERANTINA,PI,09/2022,1154,570,"49,39",521,49,"91,40",584,"50,61",262,322,"27,90"
220370,ESPERANTINA,PI,07/2022,1034,0,"0,00",0,0,,1034,"100,00",989,45,"4,35"
220375,FARTURA DO PIAUÍ,PI,11/2022,165,0,"0,00",0,0,,165,"100,00",140,25,"15,15"
220375,FARTURA DO PIAUÍ,PI,09/2022,172,1,"0,58",0,1,"0,00",171,"99,42",146,25,"14,53"
220375,FARTURA DO PIAUÍ,PI,07/2022,167,66,"39,52",66,0,"100,00",101,"60,48",78,23,"13,77"
220380,FLORES DO PIAUÍ,PI,09/2022,135,99,"73,33",81,18,"81,82",36,"26,67",0,36,"26,67"
220380,FLORES DO PIAUÍ,PI,07/2022,128,101,"78,91",89,12,"88,12",27,"21,09",0,27,"21,09"
220380,FLORES DO PIAUÍ,PI,11/2022,130,95,"73,08",84,11,"88,42",35,"26,92",0,35,"26,92"
220385,FLORESTA DO PIAUÍ,PI,11/2022,66,64,"96,97",64,0,"100,00",2,"3,03",0,2,"3,03"
220385,FLORESTA DO PIAUÍ,PI,07/2022,63,61,"96,83",61,0,"100,00",2,"3,17",0,2,"3,17"
220385,FLORESTA DO PIAUÍ,PI,09/2022,69,66,"95,65",66,0,"100,00",3,"4,35",2,1,"1,45"
220390,FLORIANO,PI,09/2022,1054,915,"86,81",905,10,"98,91",139,"13,19",19,120,"11,39"
220390,FLORIANO,PI,07/2022,996,710,"71,29",705,5,"99,30",286,"28,71",178,108,"10,84"
220390,FLORIANO,PI,11/2022,1070,920,"85,98",909,11,"98,80",150,"14,02",30,120,"11,21"
220400,FRANCINÓPOLIS,PI,07/2022,101,87,"86,14",87,0,"100,00",14,"13,86",1,13,"12,87"
220400,FRANCINÓPOLIS,PI,09/2022,109,98,"89,91",98,0,"100,00",11,"10,09",1,10,"9,17"
220400,FRANCINÓPOLIS,PI,11/2022,100,91,"91,00",91,0,"100,00",9,"9,00",1,8,"8,00"
220410,FRANCISCO AYRES,PI,11/2022,108,91,"84,26",91,0,"100,00",17,"15,74",9,8,"7,41"
220410,FRANCISCO AYRES,PI,07/2022,107,91,"85,05",91,0,"100,00",16,"14,95",7,9,"8,41"
220410,FRANCISCO AYRES,PI,09/2022,112,96,"85,71",96,0,"100,00",16,"14,29",7,9,"8,04"
220415,FRANCISCO MACEDO,PI,11/2022,59,47,"79,66",42,5,"89,36",12,"20,34",0,12,"20,34"
220415,FRANCISCO MACEDO,PI,07/2022,57,44,"77,19",40,4,"90,91",13,"22,81",1,12,"21,05"
220415,FRANCISCO MACEDO,PI,09/2022,66,47,"71,21",42,5,"89,36",19,"28,79",4,15,"22,73"
220420,FRANCISCO SANTOS,PI,07/2022,166,132,"79,52",132,0,"100,00",34,"20,48",1,33,"19,88"
220420,FRANCISCO SANTOS,PI,09/2022,173,138,"79,77",138,0,"100,00",35,"20,23",2,33,"19,08"
220420,FRANCISCO SANTOS,PI,11/2022,166,131,"78,92",131,0,"100,00",35,"21,08",0,35,"21,08"
220430,FRONTEIRAS,PI,11/2022,249,101,"40,56",101,0,"100,00",148,"59,44",2,146,"58,63"
220430,FRONTEIRAS,PI,09/2022,254,102,"40,16",102,0,"100,00",152,"59,84",2,150,"59,06"
220430,FRONTEIRAS,PI,07/2022,236,91,"38,56",91,0,"100,00",145,"61,44",2,143,"60,59"
220435,GEMINIANO,PI,11/2022,153,93,"60,78",88,5,"94,62",60,"39,22",0,60,"39,22"
220435,GEMINIANO,PI,09/2022,158,95,"60,13",75,20,"78,95",63,"39,87",0,63,"39,87"
220435,GEMINIANO,PI,07/2022,151,105,"69,54",103,2,"98,10",46,"30,46",0,46,"30,46"
220440,GILBUÉS,PI,07/2022,349,321,"91,98",321,0,"100,00",28,"8,02",13,15,"4,30"
220440,GILBUÉS,PI,09/2022,361,326,"90,30",324,2,"99,39",35,"9,70",24,11,"3,05"
220440,GILBUÉS,PI,11/2022,341,324,"95,01",273,51,"84,26",17,"4,99",4,13,"3,81"
220450,GUADALUPE,PI,09/2022,288,71,"24,65",71,0,"100,00",217,"75,35",9,208,"72,22"
220450,GUADALUPE,PI,11/2022,280,73,"26,07",73,0,"100,00",207,"73,93",7,200,"71,43"
220450,GUADALUPE,PI,07/2022,257,57,"22,18",57,0,"100,00",200,"77,82",6,194,"75,49"
220455,GUARIBAS,PI,09/2022,162,130,"80,25",130,0,"100,00",32,"19,75",2,30,"18,52"
220455,GUARIBAS,PI,11/2022,156,135,"86,54",135,0,"100,00",21,"13,46",1,20,"12,82"
220455,GUARIBAS,PI,07/2022,148,123,"83,11",123,0,"100,00",25,"16,89",1,24,"16,22"
220460,HUGO NAPOLEÃO,PI,11/2022,101,92,"91,09",91,1,"98,91",9,"8,91",0,9,"8,91"
220460,HUGO NAPOLEÃO,PI,07/2022,97,91,"93,81",90,1,"98,90",6,"6,19",0,6,"6,19"
220460,HUGO NAPOLEÃO,PI,09/2022,106,96,"90,57",96,0,"100,00",10,"9,43",0,10,"9,43"
220465,ILHA GRANDE,PI,07/2022,323,269,"83,28",269,0,"100,00",54,"16,72",18,36,"11,15"
220465,ILHA GRANDE,PI,09/2022,373,285,"76,41",285,0,"100,00",88,"23,59",53,35,"9,38"
220465,ILHA GRANDE,PI,11/2022,314,273,"86,94",273,0,"100,00",41,"13,06",13,28,"8,92"
220470,INHUMA,PI,09/2022,371,207,"55,80",204,3,"98,55",164,"44,20",2,162,"43,67"
220470,INHUMA,PI,11/2022,350,190,"54,29",187,3,"98,42",160,"45,71",3,157,"44,86"
220470,INHUMA,PI,07/2022,355,245,"69,01",239,6,"97,55",110,"30,99",22,88,"24,79"
220480,IPIRANGA DO PIAUÍ,PI,11/2022,202,157,"77,72",151,6,"96,18",45,"22,28",0,45,"22,28"
220480,IPIRANGA DO PIAUÍ,PI,07/2022,189,137,"72,49",133,4,"97,08",52,"27,51",0,52,"27,51"
220480,IPIRANGA DO PIAUÍ,PI,09/2022,202,156,"77,23",152,4,"97,44",46,"22,77",0,46,"22,77"
220490,ISAÍAS COELHO,PI,11/2022,238,169,"71,01",166,3,"98,22",69,"28,99",2,67,"28,15"
220490,ISAÍAS COELHO,PI,09/2022,243,199,"81,89",198,1,"99,50",44,"18,11",3,41,"16,87"
220490,ISAÍAS COELHO,PI,07/2022,232,175,"75,43",175,0,"100,00",57,"24,57",1,56,"24,14"
220500,ITAINÓPOLIS,PI,11/2022,201,150,"74,63",146,4,"97,33",51,"25,37",2,49,"24,38"
220500,ITAINÓPOLIS,PI,07/2022,211,150,"71,09",139,11,"92,67",61,"28,91",9,52,"24,64"
220500,ITAINÓPOLIS,PI,09/2022,225,154,"68,44",150,4,"97,40",71,"31,56",5,66,"29,33"
220510,ITAUEIRA,PI,09/2022,260,46,"17,69",44,2,"95,65",214,"82,31",153,61,"23,46"
220510,ITAUEIRA,PI,07/2022,254,50,"19,69",46,4,"92,00",204,"80,31",165,39,"15,35"
220510,ITAUEIRA,PI,11/2022,268,190,"70,90",184,6,"96,84",78,"29,10",4,74,"27,61"
220515,JACOBINA DO PIAUÍ,PI,07/2022,116,89,"76,72",89,0,"100,00",27,"23,28",1,26,"22,41"
220515,JACOBINA DO PIAUÍ,PI,11/2022,118,89,"75,42",89,0,"100,00",29,"24,58",1,28,"23,73"
220515,JACOBINA DO PIAUÍ,PI,09/2022,124,94,"75,81",91,3,"96,81",30,"24,19",1,29,"23,39"
220520,JAICÓS,PI,07/2022,468,135,"28,85",123,12,"91,11",333,"71,15",1,332,"70,94"
220520,JAICÓS,PI,11/2022,500,198,"39,60",190,8,"95,96",302,"60,40",1,301,"60,20"
220520,JAICÓS,PI,09/2022,491,136,"27,70",125,11,"91,91",355,"72,30",2,353,"71,89"
220525,JARDIM DO MULATO,PI,07/2022,116,62,"53,45",57,5,"91,94",54,"46,55",3,51,"43,97"
220525,JARDIM DO MULATO,PI,11/2022,112,79,"70,54",74,5,"93,67",33,"29,46",3,30,"26,79"
220525,JARDIM DO MULATO,PI,09/2022,118,65,"55,08",61,4,"93,85",53,"44,92",2,51,"43,22"
220527,JATOBÁ DO PIAUÍ,PI,09/2022,196,184,"93,88",184,0,"100,00",12,"6,12",9,3,"1,53"
220527,JATOBÁ DO PIAUÍ,PI,11/2022,190,152,"80,00",152,0,"100,00",38,"20,00",34,4,"2,11"
220527,JATOBÁ DO PIAUÍ,PI,07/2022,191,175,"91,62",175,0,"100,00",16,"8,38",12,4,"2,09"
220530,JERUMENHA,PI,09/2022,146,0,"0,00",0,0,,146,"100,00",117,29,"19,86"
220530,JERUMENHA,PI,11/2022,148,114,"77,03",114,0,"100,00",34,"22,97",10,24,"16,22"
220530,JERUMENHA,PI,07/2022,138,102,"73,91",102,0,"100,00",36,"26,09",6,30,"21,74"
220535,JOÃO COSTA,PI,07/2022,77,62,"80,52",61,1,"98,39",15,"19,48",1,14,"18,18"
220535,JOÃO COSTA,PI,09/2022,77,64,"83,12",63,1,"98,44",13,"16,88",2,11,"14,29"
220535,JOÃO COSTA,PI,11/2022,71,59,"83,10",57,2,"96,61",12,"16,90",1,11,"15,49"
220540,JOAQUIM PIRES,PI,07/2022,432,214,"49,54",181,33,"84,58",218,"50,46",11,207,"47,92"
220540,JOAQUIM PIRES,PI,11/2022,419,198,"47,26",157,41,"79,29",221,"52,74",7,214,"51,07"
220540,JOAQUIM PIRES,PI,09/2022,443,204,"46,05",142,62,"69,61",239,"53,95",7,232,"52,37"
220545,JOCA MARQUES,PI,11/2022,186,173,"93,01",173,0,"100,00",13,"6,99",0,13,"6,99"
220545,JOCA MARQUES,PI,09/2022,191,171,"89,53",171,0,"100,00",20,"10,47",2,18,"9,42"
220545,JOCA MARQUES,PI,07/2022,184,160,"86,96",151,9,"94,38",24,"13,04",0,24,"13,04"
220550,JOSÉ DE FREITAS,PI,09/2022,1066,604,"56,66",600,4,"99,34",462,"43,34",5,457,"42,87"
220550,JOSÉ DE FREITAS,PI,11/2022,1007,671,"66,63",668,3,"99,55",336,"33,37",3,333,"33,07"
220550,JOSÉ DE FREITAS,PI,07/2022,1005,514,"51,14",512,2,"99,61",491,"48,86",10,481,"47,86"
220551,JUAZEIRO DO PIAUÍ,PI,07/2022,173,151,"87,28",149,2,"98,68",22,"12,72",12,10,"5,78"
220551,JUAZEIRO DO PIAUÍ,PI,09/2022,139,0,"0,00",0,0,,139,"100,00",128,11,"7,91"
220551,JUAZEIRO DO PIAUÍ,PI,11/2022,134,0,"0,00",0,0,,134,"100,00",125,9,"6,72"
220552,JÚLIO BORGES,PI,07/2022,153,123,"80,39",123,0,"100,00",30,"19,61",5,25,"16,34"
220552,JÚLIO BORGES,PI,09/2022,161,124,"77,02",123,1,"99,19",37,"22,98",5,32,"19,88"
220552,JÚLIO BORGES,PI,11/2022,152,119,"78,29",118,1,"99,16",33,"21,71",3,30,"19,74"
220553,JUREMA,PI,09/2022,145,0,"0,00",0,0,,145,"100,00",125,20,"13,79"
220553,JUREMA,PI,11/2022,147,145,"98,64",145,0,"100,00",2,"1,36",0,2,"1,36"
220553,JUREMA,PI,07/2022,145,1,"0,69",0,1,"0,00",144,"99,31",127,17,"11,72"
220554,LAGOINHA DO PIAUÍ,PI,09/2022,66,45,"68,18",41,4,"91,11",21,"31,82",4,17,"25,76"
220554,LAGOINHA DO PIAUÍ,PI,07/2022,61,51,"83,61",44,7,"86,27",10,"16,39",1,9,"14,75"
220554,LAGOINHA DO PIAUÍ,PI,11/2022,68,50,"73,53",47,3,"94,00",18,"26,47",0,18,"26,47"
220555,LAGOA ALEGRE,PI,07/2022,285,202,"70,88",197,5,"97,52",83,"29,12",17,66,"23,16"
220555,LAGOA ALEGRE,PI,09/2022,292,211,"72,26",202,9,"95,73",81,"27,74",16,65,"22,26"
220555,LAGOA ALEGRE,PI,11/2022,270,208,"77,04",202,6,"97,12",62,"22,96",3,59,"21,85"
220556,LAGOA DO BARRO DO PIAUÍ,PI,09/2022,106,78,"73,58",74,4,"94,87",28,"26,42",0,28,"26,42"
220556,LAGOA DO BARRO DO PIAUÍ,PI,07/2022,104,74,"71,15",69,5,"93,24",30,"28,85",0,30,"28,85"
220556,LAGOA DO BARRO DO PIAUÍ,PI,11/2022,102,85,"83,33",79,6,"92,94",17,"16,67",0,17,"16,67"
220557,LAGOA DE SÃO FRANCISCO,PI,11/2022,190,155,"81,58",153,2,"98,71",35,"18,42",0,35,"18,42"
220557,LAGOA DE SÃO FRANCISCO,PI,07/2022,203,158,"77,83",157,1,"99,37",45,"22,17",0,45,"22,17"
220557,LAGOA DE SÃO FRANCISCO,PI,09/2022,205,160,"78,05",157,3,"98,13",45,"21,95",1,44,"21,46"
220558,LAGOA DO PIAUÍ,PI,07/2022,120,103,"85,83",103,0,"100,00",17,"14,17",8,9,"7,50"
220558,LAGOA DO PIAUÍ,PI,09/2022,119,0,"0,00",0,0,,119,"100,00",106,13,"10,92"
220558,LAGOA DO PIAUÍ,PI,11/2022,127,98,"77,17",98,0,"100,00",29,"22,83",18,11,"8,66"
220559,LAGOA DO SÍTIO,PI,07/2022,124,89,"71,77",89,0,"100,00",35,"28,23",3,32,"25,81"
220559,LAGOA DO SÍTIO,PI,09/2022,131,96,"73,28",96,0,"100,00",35,"26,72",0,35,"26,72"
220559,LAGOA DO SÍTIO,PI,11/2022,133,101,"75,94",101,0,"100,00",32,"24,06",2,30,"22,56"
220560,LANDRI SALES,PI,09/2022,184,78,"42,39",78,0,"100,00",106,"57,61",94,12,"6,52"
220560,LANDRI SALES,PI,07/2022,184,81,"44,02",80,1,"98,77",103,"55,98",93,10,"5,43"
220560,LANDRI SALES,PI,11/2022,176,77,"43,75",77,0,"100,00",99,"56,25",90,9,"5,11"
220570,LUÍS CORREIA,PI,07/2022,883,806,"91,28",806,0,"100,00",77,"8,72",17,60,"6,80"
220570,LUÍS CORREIA,PI,11/2022,914,851,"93,11",851,0,"100,00",63,"6,89",3,60,"6,56"
220570,LUÍS CORREIA,PI,09/2022,964,329,"34,13",329,0,"100,00",635,"65,87",574,61,"6,33"
220580,LUZILÂNDIA,PI,07/2022,806,576,"71,46",571,5,"99,13",230,"28,54",27,203,"25,19"
220580,LUZILÂNDIA,PI,09/2022,834,536,"64,27",507,29,"94,59",298,"35,73",18,280,"33,57"
220580,LUZILÂNDIA,PI,11/2022,800,550,"68,75",550,0,"100,00",250,"31,25",0,250,"31,25"
220585,MADEIRO,PI,09/2022,281,261,"92,88",261,0,"100,00",20,"7,12",1,19,"6,76"
220585,MADEIRO,PI,07/2022,284,258,"90,85",258,0,"100,00",26,"9,15",3,23,"8,10"
220585,MADEIRO,PI,11/2022,277,257,"92,78",257,0,"100,00",20,"7,22",1,19,"6,86"
220590,MANOEL EMÍDIO,PI,09/2022,131,0,"0,00",0,0,,131,"100,00",122,9,"6,87"
220590,MANOEL EMÍDIO,PI,07/2022,114,0,"0,00",0,0,,114,"100,00",107,7,"6,14"
220590,MANOEL EMÍDIO,PI,11/2022,126,0,"0,00",0,0,,126,"100,00",115,11,"8,73"
220595,MARCOLÂNDIA,PI,11/2022,303,228,"75,25",228,0,"100,00",75,"24,75",56,19,"6,27"
220595,MARCOLÂNDIA,PI,09/2022,256,0,"0,00",0,0,,256,"100,00",238,18,"7,03"
220595,MARCOLÂNDIA,PI,07/2022,304,205,"67,43",205,0,"100,00",99,"32,57",84,15,"4,93"
220600,MARCOS PARENTE,PI,09/2022,135,0,"0,00",0,0,,135,"100,00",129,6,"4,44"
220600,MARCOS PARENTE,PI,11/2022,124,0,"0,00",0,0,,124,"100,00",116,8,"6,45"
220600,MARCOS PARENTE,PI,07/2022,134,0,"0,00",0,0,,134,"100,00",127,7,"5,22"
220605,MASSAPÊ DO PIAUÍ,PI,07/2022,163,0,"0,00",0,0,,163,"100,00",135,28,"17,18"
220605,MASSAPÊ DO PIAUÍ,PI,11/2022,171,150,"87,72",150,0,"100,00",21,"12,28",0,21,"12,28"
220605,MASSAPÊ DO PIAUÍ,PI,09/2022,175,141,"80,57",141,0,"100,00",34,"19,43",1,33,"18,86"
220610,MATIAS OLÍMPIO,PI,07/2022,400,318,"79,50",318,0,"100,00",82,"20,50",52,30,"7,50"
220610,MATIAS OLÍMPIO,PI,09/2022,417,377,"90,41",377,0,"100,00",40,"9,59",7,33,"7,91"
220610,MATIAS OLÍMPIO,PI,11/2022,408,376,"92,16",375,1,"99,73",32,"7,84",1,31,"7,60"
220620,MIGUEL ALVES,PI,09/2022,1126,263,"23,36",262,1,"99,62",863,"76,64",793,70,"6,22"
220620,MIGUEL ALVES,PI,11/2022,1089,929,"85,31",929,0,"100,00",160,"14,69",86,74,"6,80"
220620,MIGUEL ALVES,PI,07/2022,1047,0,"0,00",0,0,,1047,"100,00",984,63,"6,02"
220630,MIGUEL LEÃO,PI,07/2022,39,5,"12,82",5,0,"100,00",34,"87,18",31,3,"7,69"
220630,MIGUEL LEÃO,PI,11/2022,37,7,"18,92",6,1,"85,71",30,"81,08",27,3,"8,11"
220630,MIGUEL LEÃO,PI,09/2022,42,8,"19,05",6,2,"75,00",34,"80,95",29,5,"11,90"
220635,MILTON BRANDÃO,PI,11/2022,152,51,"33,55",51,0,"100,00",101,"66,45",79,22,"14,47"
220635,MILTON BRANDÃO,PI,07/2022,171,67,"39,18",65,2,"97,01",104,"60,82",76,28,"16,37"
220635,MILTON BRANDÃO,PI,09/2022,168,54,"32,14",53,1,"98,15",114,"67,86",88,26,"15,48"
220640,MONSENHOR GIL,PI,09/2022,239,81,"33,89",73,8,"90,12",158,"66,11",90,68,"28,45"
220640,MONSENHOR GIL,PI,11/2022,236,177,"75,00",168,9,"94,92",59,"25,00",1,58,"24,58"
220640,MONSENHOR GIL,PI,07/2022,231,178,"77,06",174,4,"97,75",53,"22,94",38,15,"6,49"
220650,MONSENHOR HIPÓLITO,PI,07/2022,244,160,"65,57",160,0,"100,00",84,"34,43",0,84,"34,43"
220650,MONSENHOR HIPÓLITO,PI,11/2022,247,194,"78,54",194,0,"100,00",53,"21,46",0,53,"21,46"
220650,MONSENHOR HIPÓLITO,PI,09/2022,254,173,"68,11",173,0,"100,00",81,"31,89",0,81,"31,89"
220660,MONTE ALEGRE DO PIAUÍ,PI,11/2022,340,324,"95,29",324,0,"100,00",16,"4,71",3,13,"3,82"
220660,MONTE ALEGRE DO PIAUÍ,PI,09/2022,323,0,"0,00",0,0,,323,"100,00",306,17,"5,26"
220660,MONTE ALEGRE DO PIAUÍ,PI,07/2022,318,0,"0,00",0,0,,318,"100,00",305,13,"4,09"
220665,MORRO CABEÇA NO TEMPO,PI,07/2022,118,86,"72,88",86,0,"100,00",32,"27,12",8,24,"20,34"
220665,MORRO CABEÇA NO TEMPO,PI,09/2022,118,84,"71,19",84,0,"100,00",34,"28,81",4,30,"25,42"
220665,MORRO CABEÇA NO TEMPO,PI,11/2022,123,90,"73,17",90,0,"100,00",33,"26,83",1,32,"26,02"
220667,MORRO DO CHAPÉU DO PIAUÍ,PI,09/2022,248,220,"88,71",220,0,"100,00",28,"11,29",8,20,"8,06"
220667,MORRO DO CHAPÉU DO PIAUÍ,PI,07/2022,241,208,"86,31",208,0,"100,00",33,"13,69",19,14,"5,81"
220667,MORRO DO CHAPÉU DO PIAUÍ,PI,11/2022,245,216,"88,16",216,0,"100,00",29,"11,84",4,25,"10,20"
220669,MURICI DOS PORTELAS,PI,07/2022,248,67,"27,02",42,25,"62,69",181,"72,98",91,90,"36,29"
220669,MURICI DOS PORTELAS,PI,11/2022,244,75,"30,74",75,0,"100,00",169,"69,26",76,93,"38,11"
220669,MURICI DOS PORTELAS,PI,09/2022,251,69,"27,49",64,5,"92,75",182,"72,51",93,89,"35,46"
220670,NAZARÉ DO PIAUÍ,PI,07/2022,195,0,"0,00",0,0,,195,"100,00",186,9,"4,62"
220670,NAZARÉ DO PIAUÍ,PI,09/2022,210,0,"0,00",0,0,,210,"100,00",199,11,"5,24"
220670,NAZARÉ DO PIAUÍ,PI,11/2022,212,83,"39,15",83,0,"100,00",129,"60,85",7,122,"57,55"
220672,NAZÁRIA,PI,07/2022,307,128,"41,69",126,2,"98,44",179,"58,31",19,160,"52,12"
220672,NAZÁRIA,PI,09/2022,310,141,"45,48",140,1,"99,29",169,"54,52",64,105,"33,87"
220672,NAZÁRIA,PI,11/2022,297,199,"67,00",197,2,"98,99",98,"33,00",11,87,"29,29"
220675,NOSSA SENHORA DE NAZARÉ,PI,11/2022,143,121,"84,62",121,0,"100,00",22,"15,38",10,12,"8,39"
220675,NOSSA SENHORA DE NAZARÉ,PI,09/2022,141,120,"85,11",120,0,"100,00",21,"14,89",10,11,"7,80"
220675,NOSSA SENHORA DE NAZARÉ,PI,07/2022,124,111,"89,52",111,0,"100,00",13,"10,48",3,10,"8,06"
220680,NOSSA SENHORA DOS REMÉDIOS,PI,07/2022,352,280,"79,55",269,11,"96,07",72,"20,45",5,67,"19,03"
220680,NOSSA SENHORA DOS REMÉDIOS,PI,11/2022,339,183,"53,98",183,0,"100,00",156,"46,02",91,65,"19,17"
220680,NOSSA SENHORA DOS REMÉDIOS,PI,09/2022,350,3,"0,86",1,2,"33,33",347,"99,14",280,67,"19,14"
220690,NOVO ORIENTE DO PIAUÍ,PI,09/2022,157,87,"55,41",87,0,"100,00",70,"44,59",1,69,"43,95"
220690,NOVO ORIENTE DO PIAUÍ,PI,07/2022,155,32,"20,65",32,0,"100,00",123,"79,35",63,60,"38,71"
220690,NOVO ORIENTE DO PIAUÍ,PI,11/2022,154,118,"76,62",116,2,"98,31",36,"23,38",1,35,"22,73"
220695,NOVO SANTO ANTÔNIO,PI,11/2022,99,73,"73,74",69,4,"94,52",26,"26,26",5,21,"21,21"
220695,NOVO SANTO ANTÔNIO,PI,09/2022,100,77,"77,00",77,0,"100,00",23,"23,00",5,18,"18,00"
220695,NOVO SANTO ANTÔNIO,PI,07/2022,98,79,"80,61",76,3,"96,20",19,"19,39",1,18,"18,37"
220700,OEIRAS,PI,11/2022,921,601,"65,26",601,0,"100,00",320,"34,74",1,319,"34,64"
220700,OEIRAS,PI,07/2022,898,388,"43,21",385,3,"99,23",510,"56,79",41,469,"52,23"
220700,OEIRAS,PI,09/2022,973,495,"50,87",495,0,"100,00",478,"49,13",29,449,"46,15"
220710,OLHO D´ÁGUA DO PIAUÍ,PI,07/2022,71,65,"91,55",63,2,"96,92",6,"8,45",1,5,"7,04"
220710,OLHO D´ÁGUA DO PIAUÍ,PI,09/2022,82,67,"81,71",67,0,"100,00",15,"18,29",3,12,"14,63"
220710,OLHO D´ÁGUA DO PIAUÍ,PI,11/2022,80,49,"61,25",48,1,"97,96",31,"38,75",19,12,"15,00"
220720,PADRE MARCOS,PI,07/2022,171,154,"90,06",153,1,"99,35",17,"9,94",8,9,"5,26"
220720,PADRE MARCOS,PI,11/2022,170,154,"90,59",154,0,"100,00",16,"9,41",5,11,"6,47"
220720,PADRE MARCOS,PI,09/2022,179,160,"89,39",160,0,"100,00",19,"10,61",9,10,"5,59"
220730,PAES LANDIM,PI,11/2022,105,95,"90,48",84,11,"88,42",10,"9,52",1,9,"8,57"
220730,PAES LANDIM,PI,07/2022,109,96,"88,07",86,10,"89,58",13,"11,93",1,12,"11,01"
220730,PAES LANDIM,PI,09/2022,112,100,"89,29",91,9,"91,00",12,"10,71",2,10,"8,93"
220735,PAJEÚ DO PIAUÍ,PI,09/2022,78,75,"96,15",61,14,"81,33",3,"3,85",1,2,"2,56"
220735,PAJEÚ DO PIAUÍ,PI,07/2022,78,76,"97,44",76,0,"100,00",2,"2,56",1,1,"1,28"
220735,PAJEÚ DO PIAUÍ,PI,11/2022,69,61,"88,41",59,2,"96,72",8,"11,59",4,4,"5,80"
220740,PALMEIRA DO PIAUÍ,PI,11/2022,133,111,"83,46",111,0,"100,00",22,"16,54",5,17,"12,78"
220740,PALMEIRA DO PIAUÍ,PI,07/2022,141,113,"80,14",112,1,"99,12",28,"19,86",4,24,"17,02"
220740,PALMEIRA DO PIAUÍ,PI,09/2022,145,117,"80,69",117,0,"100,00",28,"19,31",5,23,"15,86"
220750,PALMEIRAIS,PI,09/2022,420,0,"0,00",0,0,,420,"100,00",410,10,"2,38"
220750,PALMEIRAIS,PI,11/2022,427,408,"95,55",408,0,"100,00",19,"4,45",11,8,"1,87"
220750,PALMEIRAIS,PI,07/2022,450,401,"89,11",401,0,"100,00",49,"10,89",19,30,"6,67"
220755,PAQUETÁ,PI,07/2022,85,58,"68,24",58,0,"100,00",27,"31,76",2,25,"29,41"
220755,PAQUETÁ,PI,09/2022,88,56,"63,64",56,0,"100,00",32,"36,36",4,28,"31,82"
220755,PAQUETÁ,PI,11/2022,88,56,"63,64",53,3,"94,64",32,"36,36",2,30,"34,09"
220760,PARNAGUÁ,PI,11/2022,325,259,"79,69",259,0,"100,00",66,"20,31",9,57,"17,54"
220760,PARNAGUÁ,PI,07/2022,348,275,"79,02",275,0,"100,00",73,"20,98",15,58,"16,67"
220760,PARNAGUÁ,PI,09/2022,353,253,"71,67",253,0,"100,00",100,"28,33",43,57,"16,15"
220770,PARNAÍBA,PI,09/2022,2746,0,"0,00",0,0,,2746,"100,00",2460,286,"10,42"
220770,PARNAÍBA,PI,11/2022,2835,2550,"89,95",2550,0,"100,00",285,"10,05",8,277,"9,77"
220770,PARNAÍBA,PI,07/2022,2724,2241,"82,27",2241,0,"100,00",483,"17,73",219,264,"9,69"
220775,PASSAGEM FRANCA DO PIAUÍ,PI,11/2022,157,43,"27,39",32,11,"74,42",114,"72,61",70,44,"28,03"
220775,PASSAGEM FRANCA DO PIAUÍ,PI,09/2022,157,39,"24,84",32,7,"82,05",118,"75,16",69,49,"31,21"
220775,PASSAGEM FRANCA DO PIAUÍ,PI,07/2022,147,32,"21,77",32,0,"100,00",115,"78,23",69,46,"31,29"
220777,PATOS DO PIAUÍ,PI,07/2022,133,117,"87,97",108,9,"92,31",16,"12,03",0,16,"12,03"
220777,PATOS DO PIAUÍ,PI,09/2022,138,122,"88,41",111,11,"90,98",16,"11,59",0,16,"11,59"
220777,PATOS DO PIAUÍ,PI,11/2022,137,122,"89,05",112,10,"91,80",15,"10,95",0,15,"10,95"
220779,PAU D´ARCO DO PIAUÍ,PI,07/2022,109,98,"89,91",98,0,"100,00",11,"10,09",0,11,"10,09"
220779,PAU D´ARCO DO PIAUÍ,PI,09/2022,114,104,"91,23",104,0,"100,00",10,"8,77",0,10,"8,77"
220779,PAU D´ARCO DO PIAUÍ,PI,11/2022,113,68,"60,18",68,0,"100,00",45,"39,82",35,10,"8,85"
220780,PAULISTANA,PI,09/2022,603,491,"81,43",428,63,"87,17",112,"18,57",9,103,"17,08"
220780,PAULISTANA,PI,11/2022,565,454,"80,35",416,38,"91,63",111,"19,65",0,111,"19,65"
220780,PAULISTANA,PI,07/2022,586,330,"56,31",319,11,"96,67",256,"43,69",6,250,"42,66"
220785,PAVUSSU,PI,09/2022,106,77,"72,64",68,9,"88,31",29,"27,36",1,28,"26,42"
220785,PAVUSSU,PI,11/2022,97,65,"67,01",65,0,"100,00",32,"32,99",1,31,"31,96"
220785,PAVUSSU,PI,07/2022,102,81,"79,41",81,0,"100,00",21,"20,59",0,21,"20,59"
220790,PEDRO II,PI,07/2022,1255,1038,"82,71",1025,13,"98,75",217,"17,29",3,214,"17,05"
220790,PEDRO II,PI,11/2022,1278,937,"73,32",933,4,"99,57",341,"26,68",4,337,"26,37"
220790,PEDRO II,PI,09/2022,1335,810,"60,67",799,11,"98,64",525,"39,33",170,355,"26,59"
220793,PEDRO LAURENTINO,PI,09/2022,68,55,"80,88",52,3,"94,55",13,"19,12",2,11,"16,18"
220793,PEDRO LAURENTINO,PI,07/2022,59,43,"72,88",40,3,"93,02",16,"27,12",5,11,"18,64"
220793,PEDRO LAURENTINO,PI,11/2022,69,57,"82,61",54,3,"94,74",12,"17,39",2,10,"14,49"
220795,NOVA SANTA RITA,PI,09/2022,135,130,"96,30",124,6,"95,38",5,"3,70",1,4,"2,96"
220795,NOVA SANTA RITA,PI,11/2022,125,121,"96,80",116,5,"95,87",4,"3,20",0,4,"3,20"
220795,NOVA SANTA RITA,PI,07/2022,137,126,"91,97",123,3,"97,62",11,"8,03",2,9,"6,57"
220800,PICOS,PI,11/2022,1520,1434,"94,34",1434,0,"100,00",86,"5,66",5,81,"5,33"
220800,PICOS,PI,07/2022,1421,1240,"87,26",1236,4,"99,68",181,"12,74",43,138,"9,71"
220800,PICOS,PI,09/2022,1556,1456,"93,57",1449,7,"99,52",100,"6,43",23,77,"4,95"
220810,PIMENTEIRAS,PI,07/2022,306,183,"59,80",169,14,"92,35",123,"40,20",10,113,"36,93"
220810,PIMENTEIRAS,PI,11/2022,309,244,"78,96",234,10,"95,90",65,"21,04",8,57,"18,45"
220810,PIMENTEIRAS,PI,09/2022,322,240,"74,53",238,2,"99,17",82,"25,47",21,61,"18,94"
220820,PIO IX,PI,11/2022,451,322,"71,40",322,0,"100,00",129,"28,60",72,57,"12,64"
220820,PIO IX,PI,07/2022,438,401,"91,55",400,1,"99,75",37,"8,45",6,31,"7,08"
220820,PIO IX,PI,09/2022,466,412,"88,41",402,10,"97,57",54,"11,59",5,49,"10,52"
220830,PIRACURUCA,PI,11/2022,717,314,"43,79",305,9,"97,13",403,"56,21",2,401,"55,93"
220830,PIRACURUCA,PI,09/2022,750,290,"38,67",281,9,"96,90",460,"61,33",39,421,"56,13"
220830,PIRACURUCA,PI,07/2022,701,308,"43,94",307,1,"99,68",393,"56,06",6,387,"55,21"
220840,PIRIPIRI,PI,11/2022,1311,1155,"88,10",1126,29,"97,49",156,"11,90",4,152,"11,59"
220840,PIRIPIRI,PI,07/2022,1266,923,"72,91",882,41,"95,56",343,"27,09",10,333,"26,30"
220840,PIRIPIRI,PI,09/2022,1330,1172,"88,12",1105,67,"94,28",158,"11,88",16,142,"10,68"
220850,PORTO,PI,09/2022,463,0,"0,00",0,0,,463,"100,00",443,20,"4,32"
220850,PORTO,PI,11/2022,445,28,"6,29",28,0,"100,00",417,"93,71",397,20,"4,49"
220850,PORTO,PI,07/2022,446,1,"0,22",0,1,"0,00",445,"99,78",426,19,"4,26"
220855,PORTO ALEGRE DO PIAUÍ,PI,07/2022,81,37,"45,68",37,0,"100,00",44,"54,32",10,34,"41,98"
220855,PORTO ALEGRE DO PIAUÍ,PI,11/2022,75,39,"52,00",39,0,"100,00",36,"48,00",8,28,"37,33"
220855,PORTO ALEGRE DO PIAUÍ,PI,09/2022,85,41,"48,24",41,0,"100,00",44,"51,76",11,33,"38,82"
220860,PRATA DO PIAUÍ,PI,09/2022,119,99,"83,19",96,3,"96,97",20,"16,81",1,19,"15,97"
220860,PRATA DO PIAUÍ,PI,11/2022,114,101,"88,60",99,2,"98,02",13,"11,40",2,11,"9,65"
220860,PRATA DO PIAUÍ,PI,07/2022,109,87,"79,82",86,1,"98,85",22,"20,18",0,22,"20,18"
220865,QUEIMADA NOVA,PI,07/2022,199,177,"88,94",166,11,"93,79",22,"11,06",0,22,"11,06"
220865,QUEIMADA NOVA,PI,11/2022,227,212,"93,39",198,14,"93,40",15,"6,61",0,15,"6,61"
220865,QUEIMADA NOVA,PI,09/2022,228,208,"91,23",202,6,"97,12",20,"8,77",1,19,"8,33"
220870,REDENÇÃO DO GURGUÉIA,PI,07/2022,348,282,"81,03",260,22,"92,20",66,"18,97",10,56,"16,09"
220870,REDENÇÃO DO GURGUÉIA,PI,09/2022,354,290,"81,92",290,0,"100,00",64,"18,08",10,54,"15,25"
220870,REDENÇÃO DO GURGUÉIA,PI,11/2022,325,266,"81,85",266,0,"100,00",59,"18,15",5,54,"16,62"
220880,REGENERAÇÃO,PI,09/2022,538,425,"79,00",403,22,"94,82",113,"21,00",79,34,"6,32"
220880,REGENERAÇÃO,PI,11/2022,528,402,"76,14",359,43,"89,30",126,"23,86",93,33,"6,25"
220880,REGENERAÇÃO,PI,07/2022,500,342,"68,40",318,24,"92,98",158,"31,60",129,29,"5,80"
220885,RIACHO FRIO,PI,09/2022,149,0,"0,00",0,0,,149,"100,00",141,8,"5,37"
220885,RIACHO FRIO,PI,11/2022,148,104,"70,27",104,0,"100,00",44,"29,73",4,40,"27,03"
220885,RIACHO FRIO,PI,07/2022,144,0,"0,00",0,0,,144,"100,00",137,7,"4,86"
220887,RIBEIRA DO PIAUÍ,PI,11/2022,136,18,"13,24",18,0,"100,00",118,"86,76",112,6,"4,41"
220887,RIBEIRA DO PIAUÍ,PI,07/2022,128,119,"92,97",119,0,"100,00",9,"7,03",4,5,"3,91"
220887,RIBEIRA DO PIAUÍ,PI,09/2022,146,135,"92,47",135,0,"100,00",11,"7,53",5,6,"4,11"
220890,RIBEIRO GONÇALVES,PI,09/2022,189,143,"75,66",142,1,"99,30",46,"24,34",14,32,"16,93"
220890,RIBEIRO GONÇALVES,PI,11/2022,186,148,"79,57",146,2,"98,65",38,"20,43",8,30,"16,13"
220890,RIBEIRO GONÇALVES,PI,07/2022,174,142,"81,61",142,0,"100,00",32,"18,39",4,28,"16,09"
220900,RIO GRANDE DO PIAUÍ,PI,07/2022,153,89,"58,17",89,0,"100,00",64,"41,83",2,62,"40,52"
220900,RIO GRANDE DO PIAUÍ,PI,11/2022,159,64,"40,25",64,0,"100,00",95,"59,75",0,95,"59,75"
220900,RIO GRANDE DO PIAUÍ,PI,09/2022,162,83,"51,23",83,0,"100,00",79,"48,77",2,77,"47,53"
220910,SANTA CRUZ DO PIAUÍ,PI,11/2022,189,136,"71,96",134,2,"98,53",53,"28,04",3,50,"26,46"
220910,SANTA CRUZ DO PIAUÍ,PI,09/2022,198,133,"67,17",131,2,"98,50",65,"32,83",3,62,"31,31"
220910,SANTA CRUZ DO PIAUÍ,PI,07/2022,174,128,"73,56",125,3,"97,66",46,"26,44",3,43,"24,71"
220915,SANTA CRUZ DOS MILAGRES,PI,09/2022,77,56,"72,73",56,0,"100,00",21,"27,27",0,21,"27,27"
220915,SANTA CRUZ DOS MILAGRES,PI,07/2022,73,53,"72,60",53,0,"100,00",20,"27,40",0,20,"27,40"
220915,SANTA CRUZ DOS MILAGRES,PI,11/2022,70,52,"74,29",52,0,"100,00",18,"25,71",0,18,"25,71"
220920,SANTA FILOMENA,PI,11/2022,205,151,"73,66",151,0,"100,00",54,"26,34",1,53,"25,85"
220920,SANTA FILOMENA,PI,07/2022,209,155,"74,16",155,0,"100,00",54,"25,84",1,53,"25,36"
220920,SANTA FILOMENA,PI,09/2022,212,155,"73,11",155,0,"100,00",57,"26,89",0,57,"26,89"
220930,SANTA LUZ,PI,09/2022,198,0,"0,00",0,0,,198,"100,00",180,18,"9,09"
220930,SANTA LUZ,PI,07/2022,195,0,"0,00",0,0,,195,"100,00",177,18,"9,23"
220930,SANTA LUZ,PI,11/2022,188,0,"0,00",0,0,,188,"100,00",170,18,"9,57"
220935,SANTANA DO PIAUÍ,PI,07/2022,81,67,"82,72",67,0,"100,00",14,"17,28",0,14,"17,28"
220935,SANTANA DO PIAUÍ,PI,11/2022,73,64,"87,67",64,0,"100,00",9,"12,33",0,9,"12,33"
220935,SANTANA DO PIAUÍ,PI,09/2022,81,67,"82,72",67,0,"100,00",14,"17,28",3,11,"13,58"
220937,SANTA ROSA DO PIAUÍ,PI,07/2022,145,122,"84,14",122,0,"100,00",23,"15,86",6,17,"11,72"
220937,SANTA ROSA DO PIAUÍ,PI,09/2022,122,115,"94,26",108,7,"93,91",7,"5,74",3,4,"3,28"
220937,SANTA ROSA DO PIAUÍ,PI,11/2022,116,111,"95,69",111,0,"100,00",5,"4,31",1,4,"3,45"
220940,SANTO ANTÔNIO DE LISBOA,PI,11/2022,134,110,"82,09",99,11,"90,00",24,"17,91",0,24,"17,91"
220940,SANTO ANTÔNIO DE LISBOA,PI,07/2022,139,98,"70,50",98,0,"100,00",41,"29,50",1,40,"28,78"
220940,SANTO ANTÔNIO DE LISBOA,PI,09/2022,138,103,"74,64",94,9,"91,26",35,"25,36",0,35,"25,36"
220945,SANTO ANTÔNIO DOS MILAGRES,PI,09/2022,48,33,"68,75",32,1,"96,97",15,"31,25",1,14,"29,17"
220945,SANTO ANTÔNIO DOS MILAGRES,PI,07/2022,49,33,"67,35",32,1,"96,97",16,"32,65",1,15,"30,61"
220945,SANTO ANTÔNIO DOS MILAGRES,PI,11/2022,46,35,"76,09",35,0,"100,00",11,"23,91",0,11,"23,91"
220950,SANTO INÁCIO DO PIAUÍ,PI,09/2022,103,87,"84,47",87,0,"100,00",16,"15,53",2,14,"13,59"
220950,SANTO INÁCIO DO PIAUÍ,PI,07/2022,91,1,"1,10",0,1,"0,00",90,"98,90",84,6,"6,59"
220950,SANTO INÁCIO DO PIAUÍ,PI,11/2022,98,87,"88,78",87,0,"100,00",11,"11,22",2,9,"9,18"
220955,SÃO BRAZ DO PIAUÍ,PI,11/2022,106,96,"90,57",96,0,"100,00",10,"9,43",1,9,"8,49"
220955,SÃO BRAZ DO PIAUÍ,PI,09/2022,109,0,"0,00",0,0,,109,"100,00",99,10,"9,17"
220955,SÃO BRAZ DO PIAUÍ,PI,07/2022,113,0,"0,00",0,0,,113,"100,00",102,11,"9,73"
220960,SÃO FÉLIX DO PIAUÍ,PI,07/2022,44,34,"77,27",34,0,"100,00",10,"22,73",1,9,"20,45"
220960,SÃO FÉLIX DO PIAUÍ,PI,09/2022,60,52,"86,67",51,1,"98,08",8,"13,33",2,6,"10,00"
220960,SÃO FÉLIX DO PIAUÍ,PI,11/2022,56,51,"91,07",51,0,"100,00",5,"8,93",0,5,"8,93"
220965,SÃO FRANCISCO DE ASSIS DO PIAUÍ,PI,11/2022,183,153,"83,61",139,14,"90,85",30,"16,39",4,26,"14,21"
220965,SÃO FRANCISCO DE ASSIS DO PIAUÍ,PI,09/2022,191,161,"84,29",144,17,"89,44",30,"15,71",4,26,"13,61"
220965,SÃO FRANCISCO DE ASSIS DO PIAUÍ,PI,07/2022,186,131,"70,43",126,5,"96,18",55,"29,57",3,52,"27,96"
220970,SÃO FRANCISCO DO PIAUÍ,PI,07/2022,165,80,"48,48",76,4,"95,00",85,"51,52",25,60,"36,36"
220970,SÃO FRANCISCO DO PIAUÍ,PI,09/2022,155,74,"47,74",74,0,"100,00",81,"52,26",20,61,"39,35"
220970,SÃO FRANCISCO DO PIAUÍ,PI,11/2022,149,79,"53,02",79,0,"100,00",70,"46,98",15,55,"36,91"
220975,SÃO GONÇALO DO GURGUÉIA,PI,09/2022,104,60,"57,69",60,0,"100,00",44,"42,31",2,42,"40,38"
220975,SÃO GONÇALO DO GURGUÉIA,PI,07/2022,95,59,"62,11",59,0,"100,00",36,"37,89",1,35,"36,84"
220975,SÃO GONÇALO DO GURGUÉIA,PI,11/2022,98,60,"61,22",58,2,"96,67",38,"38,78",0,38,"38,78"
220980,SÃO GONÇALO DO PIAUÍ,PI,07/2022,124,115,"92,74",115,0,"100,00",9,"7,26",1,8,"6,45"
220980,SÃO GONÇALO DO PIAUÍ,PI,09/2022,125,117,"93,60",117,0,"100,00",8,"6,40",0,8,"6,40"
220980,SÃO GONÇALO DO PIAUÍ,PI,11/2022,124,99,"79,84",98,1,"98,99",25,"20,16",1,24,"19,35"
220985,SÃO JOÃO DA CANABRAVA,PI,09/2022,132,107,"81,06",102,5,"95,33",25,"18,94",10,15,"11,36"
220985,SÃO JOÃO DA CANABRAVA,PI,07/2022,130,96,"73,85",91,5,"94,79",34,"26,15",10,24,"18,46"
220985,SÃO JOÃO DA CANABRAVA,PI,11/2022,123,100,"81,30",98,2,"98,00",23,"18,70",3,20,"16,26"
220987,SÃO JOÃO DA FRONTEIRA,PI,09/2022,173,126,"72,83",115,11,"91,27",47,"27,17",5,42,"24,28"
220987,SÃO JOÃO DA FRONTEIRA,PI,07/2022,171,139,"81,29",130,9,"93,53",32,"18,71",5,27,"15,79"
220987,SÃO JOÃO DA FRONTEIRA,PI,11/2022,154,115,"74,68",112,3,"97,39",39,"25,32",0,39,"25,32"
220990,SÃO JOÃO DA SERRA,PI,07/2022,146,82,"56,16",73,9,"89,02",64,"43,84",17,47,"32,19"
220990,SÃO JOÃO DA SERRA,PI,11/2022,151,106,"70,20",99,7,"93,40",45,"29,80",1,44,"29,14"
220990,SÃO JOÃO DA SERRA,PI,09/2022,158,106,"67,09",99,7,"93,40",52,"32,91",1,51,"32,28"
220995,SÃO JOÃO DA VARJOTA,PI,09/2022,118,65,"55,08",65,0,"100,00",53,"44,92",23,30,"25,42"
220995,SÃO JOÃO DA VARJOTA,PI,11/2022,110,78,"70,91",78,0,"100,00",32,"29,09",0,32,"29,09"
220995,SÃO JOÃO DA VARJOTA,PI,07/2022,121,104,"85,95",104,0,"100,00",17,"14,05",1,16,"13,22"
220997,SÃO JOÃO DO ARRAIAL,PI,07/2022,354,168,"47,46",168,0,"100,00",186,"52,54",147,39,"11,02"
220997,SÃO JOÃO DO ARRAIAL,PI,09/2022,324,46,"14,20",34,12,"73,91",278,"85,80",218,60,"18,52"
220997,SÃO JOÃO DO ARRAIAL,PI,11/2022,349,252,"72,21",247,5,"98,02",97,"27,79",11,86,"24,64"
221000,SÃO JOÃO DO PIAUÍ,PI,11/2022,605,544,"89,92",544,0,"100,00",61,"10,08",18,43,"7,11"
221000,SÃO JOÃO DO PIAUÍ,PI,09/2022,626,569,"90,89",569,0,"100,00",57,"9,11",17,40,"6,39"
221000,SÃO JOÃO DO PIAUÍ,PI,07/2022,580,524,"90,34",524,0,"100,00",56,"9,66",19,37,"6,38"
221005,SÃO JOSÉ DO DIVINO,PI,09/2022,144,121,"84,03",121,0,"100,00",23,"15,97",2,21,"14,58"
221005,SÃO JOSÉ DO DIVINO,PI,11/2022,129,115,"89,15",115,0,"100,00",14,"10,85",0,14,"10,85"
221005,SÃO JOSÉ DO DIVINO,PI,07/2022,141,123,"87,23",119,4,"96,75",18,"12,77",4,14,"9,93"
221010,SÃO JOSÉ DO PEIXE,PI,11/2022,94,80,"85,11",73,7,"91,25",14,"14,89",1,13,"13,83"
221010,SÃO JOSÉ DO PEIXE,PI,07/2022,97,76,"78,35",74,2,"97,37",21,"21,65",5,16,"16,49"
221010,SÃO JOSÉ DO PEIXE,PI,09/2022,100,84,"84,00",78,6,"92,86",16,"16,00",7,9,"9,00"
221020,SÃO JOSÉ DO PIAUÍ,PI,11/2022,172,166,"96,51",161,5,"96,99",6,"3,49",1,5,"2,91"
221020,SÃO JOSÉ DO PIAUÍ,PI,07/2022,162,157,"96,91",154,3,"98,09",5,"3,09",0,5,"3,09"
221020,SÃO JOSÉ DO PIAUÍ,PI,09/2022,173,161,"93,06",158,3,"98,14",12,"6,94",2,10,"5,78"
221030,SÃO JULIÃO,PI,07/2022,130,116,"89,23",116,0,"100,00",14,"10,77",1,13,"10,00"
221030,SÃO JULIÃO,PI,09/2022,133,101,"75,94",98,3,"97,03",32,"24,06",3,29,"21,80"
221030,SÃO JULIÃO,PI,11/2022,130,92,"70,77",89,3,"96,74",38,"29,23",6,32,"24,62"
221035,SÃO LOURENÇO DO PIAUÍ,PI,09/2022,141,138,"97,87",138,0,"100,00",3,"2,13",2,1,"0,71"
221035,SÃO LOURENÇO DO PIAUÍ,PI,11/2022,135,134,"99,26",134,0,"100,00",1,"0,74",1,0,"0,00"
221035,SÃO LOURENÇO DO PIAUÍ,PI,07/2022,131,129,"98,47",129,0,"100,00",2,"1,53",0,2,"1,53"
221037,SÃO LUIS DO PIAUÍ,PI,11/2022,49,45,"91,84",45,0,"100,00",4,"8,16",1,3,"6,12"
221037,SÃO LUIS DO PIAUÍ,PI,07/2022,52,46,"88,46",46,0,"100,00",6,"11,54",2,4,"7,69"
221037,SÃO LUIS DO PIAUÍ,PI,09/2022,49,43,"87,76",42,1,"97,67",6,"12,24",3,3,"6,12"
221038,SÃO MIGUEL DA BAIXA GRANDE,PI,07/2022,52,43,"82,69",36,7,"83,72",9,"17,31",0,9,"17,31"
221038,SÃO MIGUEL DA BAIXA GRANDE,PI,09/2022,52,43,"82,69",33,10,"76,74",9,"17,31",0,9,"17,31"
221038,SÃO MIGUEL DA BAIXA GRANDE,PI,11/2022,52,44,"84,62",37,7,"84,09",8,"15,38",0,8,"15,38"
221039,SÃO MIGUEL DO FIDALGO,PI,09/2022,88,68,"77,27",63,5,"92,65",20,"22,73",0,20,"22,73"
221039,SÃO MIGUEL DO FIDALGO,PI,07/2022,90,68,"75,56",65,3,"95,59",22,"24,44",1,21,"23,33"
221039,SÃO MIGUEL DO FIDALGO,PI,11/2022,85,68,"80,00",65,3,"95,59",17,"20,00",0,17,"20,00"
221040,SÃO MIGUEL DO TAPUIO,PI,11/2022,433,352,"81,29",347,5,"98,58",81,"18,71",3,78,"18,01"
221040,SÃO MIGUEL DO TAPUIO,PI,07/2022,455,288,"63,30",273,15,"94,79",167,"36,70",3,164,"36,04"
221040,SÃO MIGUEL DO TAPUIO,PI,09/2022,448,360,"80,36",338,22,"93,89",88,"19,64",9,79,"17,63"
221050,SÃO PEDRO DO PIAUÍ,PI,11/2022,384,364,"94,79",320,44,"87,91",20,"5,21",1,19,"4,95"
221050,SÃO PEDRO DO PIAUÍ,PI,07/2022,398,382,"95,98",382,0,"100,00",16,"4,02",2,14,"3,52"
221050,SÃO PEDRO DO PIAUÍ,PI,09/2022,416,399,"95,91",394,5,"98,75",17,"4,09",4,13,"3,13"
221060,SÃO RAIMUNDO NONATO,PI,09/2022,976,536,"54,92",536,0,"100,00",440,"45,08",2,438,"44,88"
221060,SÃO RAIMUNDO NONATO,PI,11/2022,962,552,"57,38",552,0,"100,00",410,"42,62",2,408,"42,41"
221060,SÃO RAIMUNDO NONATO,PI,07/2022,909,497,"54,68",495,2,"99,60",412,"45,32",2,410,"45,10"
221062,SEBASTIÃO BARROS,PI,11/2022,144,4,"2,78",3,1,"75,00",140,"97,22",115,25,"17,36"
221062,SEBASTIÃO BARROS,PI,07/2022,154,109,"70,78",109,0,"100,00",45,"29,22",27,18,"11,69"
221062,SEBASTIÃO BARROS,PI,09/2022,153,113,"73,86",113,0,"100,00",40,"26,14",15,25,"16,34"
221063,SEBASTIÃO LEAL,PI,09/2022,117,74,"63,25",74,0,"100,00",43,"36,75",12,31,"26,50"
221063,SEBASTIÃO LEAL,PI,07/2022,113,74,"65,49",74,0,"100,00",39,"34,51",11,28,"24,78"
221063,SEBASTIÃO LEAL,PI,11/2022,128,85,"66,41",84,1,"98,82",43,"33,59",14,29,"22,66"
221065,SIGEFREDO PACHECO,PI,07/2022,229,112,"48,91",110,2,"98,21",117,"51,09",107,10,"4,37"
221065,SIGEFREDO PACHECO,PI,11/2022,230,211,"91,74",211,0,"100,00",19,"8,26",8,11,"4,78"
221065,SIGEFREDO PACHECO,PI,09/2022,243,221,"90,95",221,0,"100,00",22,"9,05",9,13,"5,35"
221070,SIMÕES,PI,07/2022,372,297,"79,84",295,2,"99,33",75,"20,16",15,60,"16,13"
221070,SIMÕES,PI,11/2022,365,281,"76,99",274,7,"97,51",84,"23,01",6,78,"21,37"
221070,SIMÕES,PI,09/2022,392,312,"79,59",295,17,"94,55",80,"20,41",11,69,"17,60"
221080,SIMPLÍCIO MENDES,PI,07/2022,282,245,"86,88",239,6,"97,55",37,"13,12",3,34,"12,06"
221080,SIMPLÍCIO MENDES,PI,11/2022,281,255,"90,75",252,3,"98,82",26,"9,25",1,25,"8,90"
221080,SIMPLÍCIO MENDES,PI,09/2022,289,259,"89,62",255,4,"98,46",30,"10,38",1,29,"10,03"
221090,SOCORRO DO PIAUÍ,PI,11/2022,111,104,"93,69",100,4,"96,15",7,"6,31",1,6,"5,41"
221090,SOCORRO DO PIAUÍ,PI,07/2022,114,98,"85,96",97,1,"98,98",16,"14,04",1,15,"13,16"
221090,SOCORRO DO PIAUÍ,PI,09/2022,109,101,"92,66",98,3,"97,03",8,"7,34",0,8,"7,34"
221093,SUSSUAPARA,PI,07/2022,134,94,"70,15",92,2,"97,87",40,"29,85",1,39,"29,10"
221093,SUSSUAPARA,PI,09/2022,133,117,"87,97",116,1,"99,15",16,"12,03",1,15,"11,28"
221093,SUSSUAPARA,PI,11/2022,122,111,"90,98",106,5,"95,50",11,"9,02",0,11,"9,02"
221095,TAMBORIL DO PIAUÍ,PI,07/2022,63,57,"90,48",54,3,"94,74",6,"9,52",0,6,"9,52"
221095,TAMBORIL DO PIAUÍ,PI,09/2022,73,66,"90,41",63,3,"95,45",7,"9,59",0,7,"9,59"
221095,TAMBORIL DO PIAUÍ,PI,11/2022,69,63,"91,30",63,0,"100,00",6,"8,70",0,6,"8,70"
221097,TANQUE DO PIAUÍ,PI,07/2022,73,66,"90,41",64,2,"96,97",7,"9,59",1,6,"8,22"
221097,TANQUE DO PIAUÍ,PI,09/2022,75,68,"90,67",67,1,"98,53",7,"9,33",0,7,"9,33"
221097,TANQUE DO PIAUÍ,PI,11/2022,71,58,"81,69",57,1,"98,28",13,"18,31",0,13,"18,31"
221100,TERESINA,PI,09/2022,12854,10201,"79,36",10147,54,"99,47",2653,"20,64",140,2513,"19,55"
221100,TERESINA,PI,07/2022,11832,9454,"79,90",9412,42,"99,56",2378,"20,10",145,2233,"18,87"
221100,TERESINA,PI,11/2022,12754,10057,"78,85",9959,98,"99,03",2697,"21,15",128,2569,"20,14"
221110,UNIÃO,PI,07/2022,1355,0,"0,00",0,0,,1355,"100,00",1291,64,"4,72"
221110,UNIÃO,PI,11/2022,1456,1373,"94,30",1373,0,"100,00",83,"5,70",7,76,"5,22"
221110,UNIÃO,PI,09/2022,1441,770,"53,44",769,1,"99,87",671,"46,56",599,72,"5,00"
221120,URUÇUÍ,PI,09/2022,684,414,"60,53",403,11,"97,34",270,"39,47",5,265,"38,74"
221120,URUÇUÍ,PI,07/2022,652,310,"47,55",290,20,"93,55",342,"52,45",1,341,"52,30"
221120,URUÇUÍ,PI,11/2022,629,375,"59,62",367,8,"97,87",254,"40,38",2,252,"40,06"
221130,VALENÇA DO PIAUÍ,PI,07/2022,450,370,"82,22",366,4,"98,92",80,"17,78",4,76,"16,89"
221130,VALENÇA DO PIAUÍ,PI,09/2022,489,311,"63,60",301,10,"96,78",178,"36,40",12,166,"33,95"
221130,VALENÇA DO PIAUÍ,PI,11/2022,472,300,"63,56",295,5,"98,33",172,"36,44",13,159,"33,69"
221135,VÁRZEA BRANCA,PI,11/2022,193,139,"72,02",125,14,"89,93",54,"27,98",3,51,"26,42"
221135,VÁRZEA BRANCA,PI,07/2022,193,131,"67,88",125,6,"95,42",62,"32,12",2,60,"31,09"
221135,VÁRZEA BRANCA,PI,09/2022,197,135,"68,53",130,5,"96,30",62,"31,47",2,60,"30,46"
221140,VÁRZEA GRANDE,PI,09/2022,121,113,"93,39",113,0,"100,00",8,"6,61",2,6,"4,96"
221140,VÁRZEA GRANDE,PI,11/2022,116,110,"94,83",110,0,"100,00",6,"5,17",1,5,"4,31"
221140,VÁRZEA GRANDE,PI,07/2022,118,110,"93,22",110,0,"100,00",8,"6,78",0,8,"6,78"
221150,VERA MENDES,PI,11/2022,73,55,"75,34",52,3,"94,55",18,"24,66",0,18,"24,66"
221150,VERA MENDES,PI,07/2022,78,63,"80,77",58,5,"92,06",15,"19,23",0,15,"19,23"
221150,VERA MENDES,PI,09/2022,84,62,"73,81",51,11,"82,26",22,"26,19",0,22,"26,19"
221160,VILA NOVA DO PIAUÍ,PI,11/2022,39,30,"76,92",30,0,"100,00",9,"23,08",0,9,"23,08"
221160,VILA NOVA DO PIAUÍ,PI,09/2022,43,26,"60,47",26,0,"100,00",17,"39,53",0,17,"39,53"
221160,VILA NOVA DO PIAUÍ,PI,07/2022,43,27,"62,79",26,1,"96,30",16,"37,21",1,15,"34,88"
221170,WALL FERRAZ,PI,09/2022,130,87,"66,92",87,0,"100,00",43,"33,08",37,6,"4,62"
221170,WALL FERRAZ,PI,07/2022,117,78,"66,67",78,0,"100,00",39,"33,33",37,2,"1,71"
221170,WALL FERRAZ,PI,11/2022,136,129,"94,85",129,0,"100,00",7,"5,15",1,6,"4,41"
410010,ABATIÁ,PR,09/2022,64,54,"84,38",54,0,"100,00",10,"15,63",2,8,"12,50"
410010,ABATIÁ,PR,07/2022,66,55,"83,33",55,0,"100,00",11,"16,67",3,8,"12,12"
410010,ABATIÁ,PR,11/2022,60,49,"81,67",49,0,"100,00",11,"18,33",3,8,"13,33"
410020,ADRIANÓPOLIS,PR,11/2022,93,88,"94,62",84,4,"95,45",5,"5,38",0,5,"5,38"
410020,ADRIANÓPOLIS,PR,07/2022,87,70,"80,46",58,12,"82,86",17,"19,54",0,17,"19,54"
410020,ADRIANÓPOLIS,PR,09/2022,94,87,"92,55",79,8,"90,80",7,"7,45",0,7,"7,45"
410030,AGUDOS DO SUL,PR,07/2022,111,87,"78,38",77,10,"88,51",24,"21,62",3,21,"18,92"
410030,AGUDOS DO SUL,PR,09/2022,109,104,"95,41",78,26,"75,00",5,"4,59",1,4,"3,67"
410030,AGUDOS DO SUL,PR,11/2022,106,99,"93,40",70,29,"70,71",7,"6,60",3,4,"3,77"
410040,ALMIRANTE TAMANDARÉ,PR,11/2022,783,586,"74,84",517,69,"88,23",197,"25,16",6,191,"24,39"
410040,ALMIRANTE TAMANDARÉ,PR,09/2022,771,406,"52,66",328,78,"80,79",365,"47,34",139,226,"29,31"
410040,ALMIRANTE TAMANDARÉ,PR,07/2022,673,218,"32,39",183,35,"83,94",455,"67,61",277,178,"26,45"
410045,ALTAMIRA DO PARANÁ,PR,09/2022,45,42,"93,33",37,5,"88,10",3,"6,67",0,3,"6,67"
410045,ALTAMIRA DO PARANÁ,PR,07/2022,42,39,"92,86",37,2,"94,87",3,"7,14",0,3,"7,14"
410045,ALTAMIRA DO PARANÁ,PR,11/2022,44,41,"93,18",34,7,"82,93",3,"6,82",0,3,"6,82"
410050,ALTÔNIA,PR,11/2022,103,76,"73,79",74,2,"97,37",27,"26,21",0,27,"26,21"
410050,ALTÔNIA,PR,09/2022,106,77,"72,64",77,0,"100,00",29,"27,36",1,28,"26,42"
410050,ALTÔNIA,PR,07/2022,111,81,"72,97",81,0,"100,00",30,"27,03",0,30,"27,03"
410060,ALTO PARANÁ,PR,09/2022,131,60,"45,80",50,10,"83,33",71,"54,20",48,23,"17,56"
410060,ALTO PARANÁ,PR,07/2022,144,117,"81,25",96,21,"82,05",27,"18,75",3,24,"16,67"
410060,ALTO PARANÁ,PR,11/2022,124,79,"63,71",65,14,"82,28",45,"36,29",9,36,"29,03"
410070,ALTO PIQUIRI,PR,11/2022,96,72,"75,00",72,0,"100,00",24,"25,00",1,23,"23,96"
410070,ALTO PIQUIRI,PR,07/2022,101,69,"68,32",69,0,"100,00",32,"31,68",5,27,"26,73"
410070,ALTO PIQUIRI,PR,09/2022,103,75,"72,82",75,0,"100,00",28,"27,18",1,27,"26,21"
410080,ALVORADA DO SUL,PR,09/2022,76,65,"85,53",49,16,"75,38",11,"14,47",0,11,"14,47"
410080,ALVORADA DO SUL,PR,07/2022,72,61,"84,72",46,15,"75,41",11,"15,28",0,11,"15,28"
410080,ALVORADA DO SUL,PR,11/2022,68,62,"91,18",52,10,"83,87",6,"8,82",0,6,"8,82"
410090,AMAPORÃ,PR,11/2022,59,42,"71,19",26,16,"61,90",17,"28,81",0,17,"28,81"
410090,AMAPORÃ,PR,07/2022,66,50,"75,76",33,17,"66,00",16,"24,24",0,16,"24,24"
410090,AMAPORÃ,PR,09/2022,63,48,"76,19",28,20,"58,33",15,"23,81",0,15,"23,81"
410100,AMPÉRE,PR,09/2022,87,55,"63,22",46,9,"83,64",32,"36,78",2,30,"34,48"
410100,AMPÉRE,PR,07/2022,83,51,"61,45",43,8,"84,31",32,"38,55",4,28,"33,73"
410100,AMPÉRE,PR,11/2022,87,70,"80,46",54,16,"77,14",17,"19,54",0,17,"19,54"
410105,ANAHY,PR,11/2022,19,19,"100,00",18,1,"94,74",0,"0,00",0,0,"0,00"
410105,ANAHY,PR,07/2022,16,13,"81,25",11,2,"84,62",3,"18,75",1,2,"12,50"
410105,ANAHY,PR,09/2022,17,16,"94,12",14,2,"87,50",1,"5,88",0,1,"5,88"
410110,ANDIRÁ,PR,07/2022,179,152,"84,92",144,8,"94,74",27,"15,08",1,26,"14,53"
410110,ANDIRÁ,PR,09/2022,198,171,"86,36",171,0,"100,00",27,"13,64",0,27,"13,64"
410110,ANDIRÁ,PR,11/2022,190,167,"87,89",167,0,"100,00",23,"12,11",0,23,"12,11"
410115,ÂNGULO,PR,11/2022,21,20,"95,24",14,6,"70,00",1,"4,76",0,1,"4,76"
410115,ÂNGULO,PR,07/2022,21,18,"85,71",11,7,"61,11",3,"14,29",1,2,"9,52"
410115,ÂNGULO,PR,09/2022,21,19,"90,48",10,9,"52,63",2,"9,52",0,2,"9,52"
410120,ANTONINA,PR,07/2022,251,193,"76,89",176,17,"91,19",58,"23,11",9,49,"19,52"
410120,ANTONINA,PR,09/2022,263,233,"88,59",204,29,"87,55",30,"11,41",6,24,"9,13"
410120,ANTONINA,PR,11/2022,258,236,"91,47",214,22,"90,68",22,"8,53",2,20,"7,75"
410130,ANTÔNIO OLINTO,PR,11/2022,75,71,"94,67",65,6,"91,55",4,"5,33",0,4,"5,33"
410130,ANTÔNIO OLINTO,PR,07/2022,92,86,"93,48",63,23,"73,26",6,"6,52",2,4,"4,35"
410130,ANTÔNIO OLINTO,PR,09/2022,89,83,"93,26",65,18,"78,31",6,"6,74",2,4,"4,49"
410140,APUCARANA,PR,07/2022,614,392,"63,84",329,63,"83,93",222,"36,16",1,221,"35,99"
410140,APUCARANA,PR,09/2022,683,511,"74,82",448,63,"87,67",172,"25,18",1,171,"25,04"
410140,APUCARANA,PR,11/2022,705,571,"80,99",512,59,"89,67",134,"19,01",0,134,"19,01"
410150,ARAPONGAS,PR,11/2022,452,374,"82,74",352,22,"94,12",78,"17,26",1,77,"17,04"
410150,ARAPONGAS,PR,09/2022,456,374,"82,02",292,82,"78,07",82,"17,98",2,80,"17,54"
410150,ARAPONGAS,PR,07/2022,418,353,"84,45",309,44,"87,54",65,"15,55",4,61,"14,59"
410160,ARAPOTI,PR,07/2022,232,198,"85,34",163,35,"82,32",34,"14,66",0,34,"14,66"
410160,ARAPOTI,PR,09/2022,237,201,"84,81",162,39,"80,60",36,"15,19",1,35,"14,77"
410160,ARAPOTI,PR,11/2022,231,201,"87,01",185,16,"92,04",30,"12,99",14,16,"6,93"
410165,ARAPUÃ,PR,11/2022,36,26,"72,22",24,2,"92,31",10,"27,78",0,10,"27,78"
410165,ARAPUÃ,PR,09/2022,35,26,"74,29",22,4,"84,62",9,"25,71",0,9,"25,71"
410165,ARAPUÃ,PR,07/2022,32,21,"65,63",18,3,"85,71",11,"34,38",1,10,"31,25"
410170,ARARUNA,PR,09/2022,95,82,"86,32",79,3,"96,34",13,"13,68",3,10,"10,53"
410170,ARARUNA,PR,07/2022,91,76,"83,52",71,5,"93,42",15,"16,48",3,12,"13,19"
410170,ARARUNA,PR,11/2022,97,85,"87,63",84,1,"98,82",12,"12,37",1,11,"11,34"
410180,ARAUCÁRIA,PR,11/2022,977,921,"94,27",751,170,"81,54",56,"5,73",11,45,"4,61"
410180,ARAUCÁRIA,PR,07/2022,909,627,"68,98",590,37,"94,10",282,"31,02",38,244,"26,84"
410180,ARAUCÁRIA,PR,09/2022,1032,935,"90,60",755,180,"80,75",97,"9,40",14,83,"8,04"
410185,ARIRANHA DO IVAÍ,PR,09/2022,25,23,"92,00",20,3,"86,96",2,"8,00",0,2,"8,00"
410185,ARIRANHA DO IVAÍ,PR,07/2022,24,22,"91,67",19,3,"86,36",2,"8,33",0,2,"8,33"
410185,ARIRANHA DO IVAÍ,PR,11/2022,22,20,"90,91",17,3,"85,00",2,"9,09",0,2,"9,09"
410190,ASSAÍ,PR,11/2022,98,70,"71,43",65,5,"92,86",28,"28,57",6,22,"22,45"
410190,ASSAÍ,PR,07/2022,99,65,"65,66",62,3,"95,38",34,"34,34",4,30,"30,30"
410190,ASSAÍ,PR,09/2022,107,63,"58,88",58,5,"92,06",44,"41,12",9,35,"32,71"
410200,ASSIS CHATEAUBRIAND,PR,09/2022,183,132,"72,13",89,43,"67,42",51,"27,87",12,39,"21,31"
410200,ASSIS CHATEAUBRIAND,PR,07/2022,163,121,"74,23",101,20,"83,47",42,"25,77",0,42,"25,77"
410200,ASSIS CHATEAUBRIAND,PR,11/2022,185,136,"73,51",102,34,"75,00",49,"26,49",3,46,"24,86"
410210,ASTORGA,PR,11/2022,114,93,"81,58",62,31,"66,67",21,"18,42",1,20,"17,54"
410210,ASTORGA,PR,07/2022,119,91,"76,47",54,37,"59,34",28,"23,53",3,25,"21,01"
410210,ASTORGA,PR,09/2022,126,103,"81,75",47,56,"45,63",23,"18,25",1,22,"17,46"
410220,ATALAIA,PR,09/2022,19,14,"73,68",14,0,"100,00",5,"26,32",0,5,"26,32"
410220,ATALAIA,PR,07/2022,16,11,"68,75",10,1,"90,91",5,"31,25",0,5,"31,25"
410220,ATALAIA,PR,11/2022,19,14,"73,68",14,0,"100,00",5,"26,32",0,5,"26,32"
410230,BALSA NOVA,PR,11/2022,98,87,"88,78",84,3,"96,55",11,"11,22",2,9,"9,18"
410230,BALSA NOVA,PR,09/2022,105,93,"88,57",84,9,"90,32",12,"11,43",5,7,"6,67"
410230,BALSA NOVA,PR,07/2022,95,91,"95,79",80,11,"87,91",4,"4,21",0,4,"4,21"
410240,BANDEIRANTES,PR,09/2022,204,129,"63,24",120,9,"93,02",75,"36,76",0,75,"36,76"
410240,BANDEIRANTES,PR,07/2022,189,121,"64,02",113,8,"93,39",68,"35,98",2,66,"34,92"
410240,BANDEIRANTES,PR,11/2022,203,147,"72,41",126,21,"85,71",56,"27,59",0,56,"27,59"
410250,BARBOSA FERRAZ,PR,11/2022,112,106,"94,64",85,21,"80,19",6,"5,36",0,6,"5,36"
410250,BARBOSA FERRAZ,PR,07/2022,116,89,"76,72",84,5,"94,38",27,"23,28",3,24,"20,69"
410250,BARBOSA FERRAZ,PR,09/2022,117,111,"94,87",86,25,"77,48",6,"5,13",0,6,"5,13"
410260,BARRACÃO,PR,07/2022,108,85,"78,70",84,1,"98,82",23,"21,30",0,23,"21,30"
410260,BARRACÃO,PR,09/2022,115,90,"78,26",73,17,"81,11",25,"21,74",0,25,"21,74"
410260,BARRACÃO,PR,11/2022,102,89,"87,25",78,11,"87,64",13,"12,75",0,13,"12,75"
410270,BARRA DO JACARÉ,PR,11/2022,23,20,"86,96",20,0,"100,00",3,"13,04",2,1,"4,35"
410270,BARRA DO JACARÉ,PR,07/2022,21,16,"76,19",16,0,"100,00",5,"23,81",2,3,"14,29"
410270,BARRA DO JACARÉ,PR,09/2022,21,17,"80,95",17,0,"100,00",4,"19,05",2,2,"9,52"
410275,BELA VISTA DA CAROBA,PR,07/2022,34,21,"61,76",19,2,"90,48",13,"38,24",0,13,"38,24"
410275,BELA VISTA DA CAROBA,PR,09/2022,37,26,"70,27",23,3,"88,46",11,"29,73",0,11,"29,73"
410275,BELA VISTA DA CAROBA,PR,11/2022,35,26,"74,29",24,2,"92,31",9,"25,71",0,9,"25,71"
410280,BELA VISTA DO PARAÍSO,PR,11/2022,124,108,"87,10",89,19,"82,41",16,"12,90",0,16,"12,90"
410280,BELA VISTA DO PARAÍSO,PR,09/2022,121,108,"89,26",87,21,"80,56",13,"10,74",0,13,"10,74"
410280,BELA VISTA DO PARAÍSO,PR,07/2022,112,93,"83,04",84,9,"90,32",19,"16,96",0,19,"16,96"
410290,BITURUNA,PR,07/2022,211,168,"79,62",133,35,"79,17",43,"20,38",4,39,"18,48"
410290,BITURUNA,PR,09/2022,225,191,"84,89",133,58,"69,63",34,"15,11",1,33,"14,67"
410290,BITURUNA,PR,11/2022,235,206,"87,66",181,25,"87,86",29,"12,34",1,28,"11,91"
410300,BOA ESPERANÇA,PR,11/2022,41,39,"95,12",29,10,"74,36",2,"4,88",0,2,"4,88"
410300,BOA ESPERANÇA,PR,07/2022,40,39,"97,50",29,10,"74,36",1,"2,50",0,1,"2,50"
410300,BOA ESPERANÇA,PR,09/2022,42,40,"95,24",29,11,"72,50",2,"4,76",0,2,"4,76"
410302,BOA ESPERANÇA DO IGUAÇU,PR,07/2022,12,9,"75,00",9,0,"100,00",3,"25,00",0,3,"25,00"
410302,BOA ESPERANÇA DO IGUAÇU,PR,09/2022,14,10,"71,43",10,0,"100,00",4,"28,57",1,3,"21,43"
410302,BOA ESPERANÇA DO IGUAÇU,PR,11/2022,13,11,"84,62",11,0,"100,00",2,"15,38",0,2,"15,38"
410304,BOA VENTURA DE SÃO ROQUE,PR,11/2022,83,70,"84,34",57,13,"81,43",13,"15,66",1,12,"14,46"
410304,BOA VENTURA DE SÃO ROQUE,PR,09/2022,85,64,"75,29",37,27,"57,81",21,"24,71",3,18,"21,18"
410304,BOA VENTURA DE SÃO ROQUE,PR,07/2022,87,61,"70,11",47,14,"77,05",26,"29,89",1,25,"28,74"
410305,BOA VISTA DA APARECIDA,PR,09/2022,109,92,"84,40",74,18,"80,43",17,"15,60",1,16,"14,68"
410305,BOA VISTA DA APARECIDA,PR,07/2022,104,89,"85,58",66,23,"74,16",15,"14,42",1,14,"13,46"
410305,BOA VISTA DA APARECIDA,PR,11/2022,97,82,"84,54",82,0,"100,00",15,"15,46",1,14,"14,43"
410310,BOCAIÚVA DO SUL,PR,11/2022,193,127,"65,80",127,0,"100,00",66,"34,20",1,65,"33,68"
410310,BOCAIÚVA DO SUL,PR,09/2022,200,133,"66,50",128,5,"96,24",67,"33,50",1,66,"33,00"
410310,BOCAIÚVA DO SUL,PR,07/2022,174,134,"77,01",115,19,"85,82",40,"22,99",3,37,"21,26"
410315,BOM JESUS DO SUL,PR,07/2022,23,15,"65,22",12,3,"80,00",8,"34,78",0,8,"34,78"
410315,BOM JESUS DO SUL,PR,09/2022,22,13,"59,09",11,2,"84,62",9,"40,91",1,8,"36,36"
410315,BOM JESUS DO SUL,PR,11/2022,19,13,"68,42",8,5,"61,54",6,"31,58",0,6,"31,58"
410320,BOM SUCESSO,PR,11/2022,35,31,"88,57",24,7,"77,42",4,"11,43",0,4,"11,43"
410320,BOM SUCESSO,PR,07/2022,35,31,"88,57",29,2,"93,55",4,"11,43",0,4,"11,43"
410320,BOM SUCESSO,PR,09/2022,40,33,"82,50",29,4,"87,88",7,"17,50",0,7,"17,50"
410322,BOM SUCESSO DO SUL,PR,09/2022,20,11,"55,00",11,0,"100,00",9,"45,00",0,9,"45,00"
410322,BOM SUCESSO DO SUL,PR,07/2022,15,9,"60,00",9,0,"100,00",6,"40,00",1,5,"33,33"
410322,BOM SUCESSO DO SUL,PR,11/2022,20,12,"60,00",12,0,"100,00",8,"40,00",0,8,"40,00"
410330,BORRAZÓPOLIS,PR,11/2022,58,54,"93,10",50,4,"92,59",4,"6,90",0,4,"6,90"
410330,BORRAZÓPOLIS,PR,07/2022,60,58,"96,67",48,10,"82,76",2,"3,33",1,1,"1,67"
410330,BORRAZÓPOLIS,PR,09/2022,62,58,"93,55",51,7,"87,93",4,"6,45",1,3,"4,84"
410335,BRAGANEY,PR,09/2022,49,38,"77,55",29,9,"76,32",11,"22,45",1,10,"20,41"
410335,BRAGANEY,PR,07/2022,51,39,"76,47",30,9,"76,92",12,"23,53",0,12,"23,53"
410335,BRAGANEY,PR,11/2022,45,34,"75,56",32,2,"94,12",11,"24,44",0,11,"24,44"
410337,BRASILÂNDIA DO SUL,PR,11/2022,23,16,"69,57",11,5,"68,75",7,"30,43",0,7,"30,43"
410337,BRASILÂNDIA DO SUL,PR,09/2022,27,19,"70,37",13,6,"68,42",8,"29,63",1,7,"25,93"
410337,BRASILÂNDIA DO SUL,PR,07/2022,25,16,"64,00",11,5,"68,75",9,"36,00",0,9,"36,00"
410340,CAFEARA,PR,09/2022,23,20,"86,96",20,0,"100,00",3,"13,04",0,3,"13,04"
410340,CAFEARA,PR,11/2022,21,16,"76,19",12,4,"75,00",5,"23,81",0,5,"23,81"
410340,CAFEARA,PR,07/2022,17,17,"100,00",17,0,"100,00",0,"0,00",0,0,"0,00"
410345,CAFELÂNDIA,PR,07/2022,87,81,"93,10",71,10,"87,65",6,"6,90",1,5,"5,75"
410345,CAFELÂNDIA,PR,11/2022,94,82,"87,23",74,8,"90,24",12,"12,77",1,11,"11,70"
410345,CAFELÂNDIA,PR,09/2022,95,88,"92,63",81,7,"92,05",7,"7,37",0,7,"7,37"
410347,CAFEZAL DO SUL,PR,09/2022,25,17,"68,00",17,0,"100,00",8,"32,00",1,7,"28,00"
410347,CAFEZAL DO SUL,PR,11/2022,25,17,"68,00",11,6,"64,71",8,"32,00",1,7,"28,00"
410347,CAFEZAL DO SUL,PR,07/2022,25,16,"64,00",16,0,"100,00",9,"36,00",1,8,"32,00"
410350,CALIFÓRNIA,PR,07/2022,74,67,"90,54",65,2,"97,01",7,"9,46",0,7,"9,46"
410350,CALIFÓRNIA,PR,11/2022,85,77,"90,59",71,6,"92,21",8,"9,41",0,8,"9,41"
410350,CALIFÓRNIA,PR,09/2022,78,70,"89,74",70,0,"100,00",8,"10,26",0,8,"10,26"
410360,CAMBARÁ,PR,09/2022,253,186,"73,52",165,21,"88,71",67,"26,48",1,66,"26,09"
410360,CAMBARÁ,PR,11/2022,251,181,"72,11",172,9,"95,03",70,"27,89",1,69,"27,49"
410360,CAMBARÁ,PR,07/2022,248,187,"75,40",160,27,"85,56",61,"24,60",1,60,"24,19"
410370,CAMBÉ,PR,07/2022,495,374,"75,56",324,50,"86,63",121,"24,44",1,120,"24,24"
410370,CAMBÉ,PR,11/2022,538,421,"78,25",361,60,"85,75",117,"21,75",4,113,"21,00"
410370,CAMBÉ,PR,09/2022,525,392,"74,67",331,61,"84,44",133,"25,33",0,133,"25,33"
410380,CAMBIRA,PR,09/2022,66,30,"45,45",20,10,"66,67",36,"54,55",0,36,"54,55"
410380,CAMBIRA,PR,11/2022,70,40,"57,14",32,8,"80,00",30,"42,86",0,30,"42,86"
410380,CAMBIRA,PR,07/2022,51,24,"47,06",22,2,"91,67",27,"52,94",0,27,"52,94"
410390,CAMPINA DA LAGOA,PR,07/2022,123,84,"68,29",65,19,"77,38",39,"31,71",15,24,"19,51"
410390,CAMPINA DA LAGOA,PR,11/2022,122,77,"63,11",66,11,"85,71",45,"36,89",17,28,"22,95"
410390,CAMPINA DA LAGOA,PR,09/2022,133,83,"62,41",70,13,"84,34",50,"37,59",16,34,"25,56"
410395,CAMPINA DO SIMÃO,PR,09/2022,58,52,"89,66",38,14,"73,08",6,"10,34",0,6,"10,34"
410395,CAMPINA DO SIMÃO,PR,11/2022,60,53,"88,33",43,10,"81,13",7,"11,67",1,6,"10,00"
410395,CAMPINA DO SIMÃO,PR,07/2022,53,45,"84,91",42,3,"93,33",8,"15,09",0,8,"15,09"
410400,CAMPINA GRANDE DO SUL,PR,07/2022,324,278,"85,80",276,2,"99,28",46,"14,20",3,43,"13,27"
410400,CAMPINA GRANDE DO SUL,PR,11/2022,358,292,"81,56",280,12,"95,89",66,"18,44",16,50,"13,97"
410400,CAMPINA GRANDE DO SUL,PR,09/2022,363,309,"85,12",286,23,"92,56",54,"14,88",7,47,"12,95"
410405,CAMPO BONITO,PR,09/2022,47,36,"76,60",36,0,"100,00",11,"23,40",0,11,"23,40"
410405,CAMPO BONITO,PR,11/2022,44,36,"81,82",34,2,"94,44",8,"18,18",0,8,"18,18"
410405,CAMPO BONITO,PR,07/2022,44,32,"72,73",32,0,"100,00",12,"27,27",1,11,"25,00"
410410,CAMPO DO TENENTE,PR,07/2022,108,83,"76,85",77,6,"92,77",25,"23,15",2,23,"21,30"
410410,CAMPO DO TENENTE,PR,11/2022,118,98,"83,05",87,11,"88,78",20,"16,95",1,19,"16,10"
410410,CAMPO DO TENENTE,PR,09/2022,120,99,"82,50",80,19,"80,81",21,"17,50",1,20,"16,67"
410420,CAMPO LARGO,PR,09/2022,614,369,"60,10",287,82,"77,78",245,"39,90",117,128,"20,85"
410420,CAMPO LARGO,PR,11/2022,634,404,"63,72",330,74,"81,68",230,"36,28",99,131,"20,66"
410420,CAMPO LARGO,PR,07/2022,596,433,"72,65",356,77,"82,22",163,"27,35",40,123,"20,64"
410425,CAMPO MAGRO,PR,07/2022,168,140,"83,33",111,29,"79,29",28,"16,67",14,14,"8,33"
410425,CAMPO MAGRO,PR,11/2022,185,161,"87,03",120,41,"74,53",24,"12,97",6,18,"9,73"
410425,CAMPO MAGRO,PR,09/2022,183,161,"87,98",121,40,"75,16",22,"12,02",9,13,"7,10"
410430,CAMPO MOURÃO,PR,09/2022,585,306,"52,31",248,58,"81,05",279,"47,69",162,117,"20,00"
410430,CAMPO MOURÃO,PR,11/2022,589,430,"73,01",397,33,"92,33",159,"26,99",19,140,"23,77"
410430,CAMPO MOURÃO,PR,07/2022,524,311,"59,35",274,37,"88,10",213,"40,65",101,112,"21,37"
410440,CÂNDIDO DE ABREU,PR,07/2022,233,216,"92,70",192,24,"88,89",17,"7,30",0,17,"7,30"
410440,CÂNDIDO DE ABREU,PR,11/2022,216,198,"91,67",196,2,"98,99",18,"8,33",0,18,"8,33"
410440,CÂNDIDO DE ABREU,PR,09/2022,232,177,"76,29",154,23,"87,01",55,"23,71",37,18,"7,76"
410442,CANDÓI,PR,09/2022,209,140,"66,99",104,36,"74,29",69,"33,01",46,23,"11,00"
410442,CANDÓI,PR,11/2022,200,144,"72,00",100,44,"69,44",56,"28,00",39,17,"8,50"
410442,CANDÓI,PR,07/2022,206,182,"88,35",167,15,"91,76",24,"11,65",9,15,"7,28"
410445,CANTAGALO,PR,07/2022,128,98,"76,56",95,3,"96,94",30,"23,44",3,27,"21,09"
410445,CANTAGALO,PR,11/2022,122,100,"81,97",95,5,"95,00",22,"18,03",1,21,"17,21"
410445,CANTAGALO,PR,09/2022,133,106,"79,70",97,9,"91,51",27,"20,30",2,25,"18,80"
410450,CAPANEMA,PR,09/2022,79,63,"79,75",45,18,"71,43",16,"20,25",4,12,"15,19"
410450,CAPANEMA,PR,11/2022,75,59,"78,67",41,18,"69,49",16,"21,33",4,12,"16,00"
410450,CAPANEMA,PR,07/2022,76,46,"60,53",31,15,"67,39",30,"39,47",16,14,"18,42"
410460,CAPITÃO LEÔNIDAS MARQUES,PR,07/2022,100,95,"95,00",90,5,"94,74",5,"5,00",0,5,"5,00"
410460,CAPITÃO LEÔNIDAS MARQUES,PR,11/2022,116,107,"92,24",105,2,"98,13",9,"7,76",1,8,"6,90"
410460,CAPITÃO LEÔNIDAS MARQUES,PR,09/2022,107,99,"92,52",97,2,"97,98",8,"7,48",1,7,"6,54"
410465,CARAMBEÍ,PR,09/2022,173,131,"75,72",101,30,"77,10",42,"24,28",1,41,"23,70"
410465,CARAMBEÍ,PR,11/2022,158,129,"81,65",105,24,"81,40",29,"18,35",0,29,"18,35"
410465,CARAMBEÍ,PR,07/2022,159,144,"90,57",76,68,"52,78",15,"9,43",1,14,"8,81"
410470,CARLÓPOLIS,PR,07/2022,125,105,"84,00",104,1,"99,05",20,"16,00",10,10,"8,00"
410470,CARLÓPOLIS,PR,11/2022,142,64,"45,07",64,0,"100,00",78,"54,93",67,11,"7,75"
410470,CARLÓPOLIS,PR,09/2022,140,128,"91,43",128,0,"100,00",12,"8,57",1,11,"7,86"
410480,CASCAVEL,PR,09/2022,1321,1086,"82,21",905,181,"83,33",235,"17,79",49,186,"14,08"
410480,CASCAVEL,PR,11/2022,1287,1106,"85,94",960,146,"86,80",181,"14,06",25,156,"12,12"
410480,CASCAVEL,PR,07/2022,1249,1011,"80,94",881,130,"87,14",238,"19,06",31,207,"16,57"
410490,CASTRO,PR,07/2022,702,586,"83,48",430,156,"73,38",116,"16,52",1,115,"16,38"
410490,CASTRO,PR,11/2022,733,621,"84,72",500,121,"80,52",112,"15,28",0,112,"15,28"
410490,CASTRO,PR,09/2022,740,603,"81,49",451,152,"74,79",137,"18,51",6,131,"17,70"
410500,CATANDUVAS,PR,09/2022,72,41,"56,94",35,6,"85,37",31,"43,06",2,29,"40,28"
410500,CATANDUVAS,PR,11/2022,72,50,"69,44",47,3,"94,00",22,"30,56",3,19,"26,39"
410500,CATANDUVAS,PR,07/2022,74,43,"58,11",37,6,"86,05",31,"41,89",1,30,"40,54"
410510,CENTENÁRIO DO SUL,PR,07/2022,80,74,"92,50",61,13,"82,43",6,"7,50",2,4,"5,00"
410510,CENTENÁRIO DO SUL,PR,11/2022,83,77,"92,77",72,5,"93,51",6,"7,23",0,6,"7,23"
410510,CENTENÁRIO DO SUL,PR,09/2022,87,79,"90,80",71,8,"89,87",8,"9,20",0,8,"9,20"
410520,CERRO AZUL,PR,09/2022,338,217,"64,20",153,64,"70,51",121,"35,80",65,56,"16,57"
410520,CERRO AZUL,PR,11/2022,317,260,"82,02",239,21,"91,92",57,"17,98",1,56,"17,67"
410520,CERRO AZUL,PR,07/2022,325,293,"90,15",293,0,"100,00",32,"9,85",2,30,"9,23"
410530,CÉU AZUL,PR,07/2022,27,22,"81,48",22,0,"100,00",5,"18,52",1,4,"14,81"
410530,CÉU AZUL,PR,11/2022,25,18,"72,00",17,1,"94,44",7,"28,00",1,6,"24,00"
410530,CÉU AZUL,PR,09/2022,29,22,"75,86",22,0,"100,00",7,"24,14",0,7,"24,14"
410540,CHOPINZINHO,PR,09/2022,209,153,"73,21",116,37,"75,82",56,"26,79",0,56,"26,79"
410540,CHOPINZINHO,PR,11/2022,205,152,"74,15",115,37,"75,66",53,"25,85",0,53,"25,85"
410540,CHOPINZINHO,PR,07/2022,201,147,"73,13",110,37,"74,83",54,"26,87",3,51,"25,37"
410550,CIANORTE,PR,07/2022,280,191,"68,21",166,25,"86,91",89,"31,79",3,86,"30,71"
410550,CIANORTE,PR,11/2022,309,276,"89,32",246,30,"89,13",33,"10,68",0,33,"10,68"
410550,CIANORTE,PR,09/2022,305,217,"71,15",183,34,"84,33",88,"28,85",2,86,"28,20"
410560,CIDADE GAÚCHA,PR,09/2022,70,54,"77,14",41,13,"75,93",16,"22,86",0,16,"22,86"
410560,CIDADE GAÚCHA,PR,11/2022,64,48,"75,00",38,10,"79,17",16,"25,00",0,16,"25,00"
410560,CIDADE GAÚCHA,PR,07/2022,61,49,"80,33",34,15,"69,39",12,"19,67",0,12,"19,67"
410570,CLEVELÂNDIA,PR,07/2022,174,78,"44,83",65,13,"83,33",96,"55,17",49,47,"27,01"
410570,CLEVELÂNDIA,PR,11/2022,182,133,"73,08",117,16,"87,97",49,"26,92",0,49,"26,92"
410570,CLEVELÂNDIA,PR,09/2022,198,141,"71,21",115,26,"81,56",57,"28,79",2,55,"27,78"
410580,COLOMBO,PR,09/2022,1629,1368,"83,98",1147,221,"83,85",261,"16,02",25,236,"14,49"
410580,COLOMBO,PR,11/2022,1643,1395,"84,91",1190,205,"85,30",248,"15,09",18,230,"14,00"
410580,COLOMBO,PR,07/2022,1493,867,"58,07",805,62,"92,85",626,"41,93",36,590,"39,52"
410590,COLORADO,PR,07/2022,58,45,"77,59",33,12,"73,33",13,"22,41",1,12,"20,69"
410590,COLORADO,PR,11/2022,52,31,"59,62",31,0,"100,00",21,"40,38",0,21,"40,38"
410590,COLORADO,PR,09/2022,58,38,"65,52",27,11,"71,05",20,"34,48",0,20,"34,48"
410600,CONGONHINHAS,PR,09/2022,109,49,"44,95",49,0,"100,00",60,"55,05",7,53,"48,62"
410600,CONGONHINHAS,PR,11/2022,111,62,"55,86",62,0,"100,00",49,"44,14",0,49,"44,14"
410600,CONGONHINHAS,PR,07/2022,102,47,"46,08",47,0,"100,00",55,"53,92",6,49,"48,04"
410610,CONSELHEIRO MAIRINCK,PR,07/2022,35,29,"82,86",27,2,"93,10",6,"17,14",0,6,"17,14"
410610,CONSELHEIRO MAIRINCK,PR,11/2022,35,30,"85,71",30,0,"100,00",5,"14,29",1,4,"11,43"
410610,CONSELHEIRO MAIRINCK,PR,09/2022,34,29,"85,29",28,1,"96,55",5,"14,71",1,4,"11,76"
410620,CONTENDA,PR,09/2022,156,101,"64,74",92,9,"91,09",55,"35,26",11,44,"28,21"
410620,CONTENDA,PR,11/2022,181,133,"73,48",127,6,"95,49",48,"26,52",2,46,"25,41"
410620,CONTENDA,PR,07/2022,146,106,"72,60",93,13,"87,74",40,"27,40",0,40,"27,40"
410630,CORBÉLIA,PR,07/2022,84,57,"67,86",45,12,"78,95",27,"32,14",1,26,"30,95"
410630,CORBÉLIA,PR,11/2022,83,62,"74,70",47,15,"75,81",21,"25,30",1,20,"24,10"
410630,CORBÉLIA,PR,09/2022,82,63,"76,83",45,18,"71,43",19,"23,17",1,18,"21,95"
410640,CORNÉLIO PROCÓPIO,PR,09/2022,200,164,"82,00",137,27,"83,54",36,"18,00",12,24,"12,00"
410640,CORNÉLIO PROCÓPIO,PR,11/2022,199,174,"87,44",147,27,"84,48",25,"12,56",4,21,"10,55"
410640,CORNÉLIO PROCÓPIO,PR,07/2022,186,101,"54,30",83,18,"82,18",85,"45,70",52,33,"17,74"
410645,CORONEL DOMINGOS SOARES,PR,07/2022,114,0,"0,00",0,0,,114,"100,00",97,17,"14,91"
410645,CORONEL DOMINGOS SOARES,PR,11/2022,136,103,"75,74",103,0,"100,00",33,"24,26",2,31,"22,79"
410645,CORONEL DOMINGOS SOARES,PR,09/2022,132,102,"77,27",100,2,"98,04",30,"22,73",9,21,"15,91"
410650,CORONEL VIVIDA,PR,09/2022,159,108,"67,92",73,35,"67,59",51,"32,08",0,51,"32,08"
410650,CORONEL VIVIDA,PR,11/2022,158,110,"69,62",73,37,"66,36",48,"30,38",1,47,"29,75"
410650,CORONEL VIVIDA,PR,07/2022,140,26,"18,57",22,4,"84,62",114,"81,43",72,42,"30,00"
410655,CORUMBATAÍ DO SUL,PR,07/2022,36,26,"72,22",25,1,"96,15",10,"27,78",0,10,"27,78"
410655,CORUMBATAÍ DO SUL,PR,11/2022,30,23,"76,67",21,2,"91,30",7,"23,33",0,7,"23,33"
410655,CORUMBATAÍ DO SUL,PR,09/2022,37,27,"72,97",26,1,"96,30",10,"27,03",0,10,"27,03"
410657,CRUZEIRO DO IGUAÇU,PR,09/2022,23,21,"91,30",17,4,"80,95",2,"8,70",0,2,"8,70"
410657,CRUZEIRO DO IGUAÇU,PR,11/2022,21,19,"90,48",17,2,"89,47",2,"9,52",0,2,"9,52"
410657,CRUZEIRO DO IGUAÇU,PR,07/2022,19,16,"84,21",16,0,"100,00",3,"15,79",0,3,"15,79"
410660,CRUZEIRO DO OESTE,PR,07/2022,163,146,"89,57",141,5,"96,58",17,"10,43",0,17,"10,43"
410660,CRUZEIRO DO OESTE,PR,11/2022,167,150,"89,82",148,2,"98,67",17,"10,18",0,17,"10,18"
410660,CRUZEIRO DO OESTE,PR,09/2022,170,147,"86,47",146,1,"99,32",23,"13,53",0,23,"13,53"
410670,CRUZEIRO DO SUL,PR,09/2022,39,20,"51,28",18,2,"90,00",19,"48,72",4,15,"38,46"
410670,CRUZEIRO DO SUL,PR,11/2022,34,24,"70,59",19,5,"79,17",10,"29,41",0,10,"29,41"
410670,CRUZEIRO DO SUL,PR,07/2022,36,18,"50,00",14,4,"77,78",18,"50,00",0,18,"50,00"
410680,CRUZ MACHADO,PR,07/2022,174,163,"93,68",130,33,"79,75",11,"6,32",1,10,"5,75"
410680,CRUZ MACHADO,PR,11/2022,151,138,"91,39",122,16,"88,41",13,"8,61",0,13,"8,61"
410680,CRUZ MACHADO,PR,09/2022,174,160,"91,95",129,31,"80,63",14,"8,05",1,13,"7,47"
410685,CRUZMALTINA,PR,09/2022,33,32,"96,97",27,5,"84,38",1,"3,03",0,1,"3,03"
410685,CRUZMALTINA,PR,11/2022,31,29,"93,55",29,0,"100,00",2,"6,45",0,2,"6,45"
410685,CRUZMALTINA,PR,07/2022,30,29,"96,67",24,5,"82,76",1,"3,33",0,1,"3,33"
410690,CURITIBA,PR,07/2022,6062,3673,"60,59",3123,550,"85,03",2389,"39,41",627,1762,"29,07"
410690,CURITIBA,PR,11/2022,6521,4368,"66,98",3782,586,"86,58",2153,"33,02",772,1381,"21,18"
410690,CURITIBA,PR,09/2022,6517,4200,"64,45",3513,687,"83,64",2317,"35,55",549,1768,"27,13"
410700,CURIÚVA,PR,09/2022,169,145,"85,80",139,6,"95,86",24,"14,20",1,23,"13,61"
410700,CURIÚVA,PR,11/2022,160,150,"93,75",137,13,"91,33",10,"6,25",0,10,"6,25"
410700,CURIÚVA,PR,07/2022,159,150,"94,34",130,20,"86,67",9,"5,66",2,7,"4,40"
410710,DIAMANTE DO NORTE,PR,07/2022,55,52,"94,55",46,6,"88,46",3,"5,45",0,3,"5,45"
410710,DIAMANTE DO NORTE,PR,11/2022,70,68,"97,14",65,3,"95,59",2,"2,86",0,2,"2,86"
410710,DIAMANTE DO NORTE,PR,09/2022,69,65,"94,20",58,7,"89,23",4,"5,80",0,4,"5,80"
410712,DIAMANTE DO SUL,PR,09/2022,50,41,"82,00",41,0,"100,00",9,"18,00",4,5,"10,00"
410712,DIAMANTE DO SUL,PR,11/2022,46,41,"89,13",41,0,"100,00",5,"10,87",0,5,"10,87"
410712,DIAMANTE DO SUL,PR,07/2022,49,45,"91,84",40,5,"88,89",4,"8,16",0,4,"8,16"
410715,DIAMANTE D´OESTE,PR,07/2022,41,32,"78,05",32,0,"100,00",9,"21,95",0,9,"21,95"
410715,DIAMANTE D´OESTE,PR,11/2022,45,41,"91,11",38,3,"92,68",4,"8,89",0,4,"8,89"
410715,DIAMANTE D´OESTE,PR,09/2022,43,37,"86,05",36,1,"97,30",6,"13,95",0,6,"13,95"
410720,DOIS VIZINHOS,PR,09/2022,187,105,"56,15",85,20,"80,95",82,"43,85",31,51,"27,27"
410720,DOIS VIZINHOS,PR,11/2022,176,131,"74,43",121,10,"92,37",45,"25,57",2,43,"24,43"
410720,DOIS VIZINHOS,PR,07/2022,170,115,"67,65",101,14,"87,83",55,"32,35",11,44,"25,88"
410725,DOURADINA,PR,07/2022,41,39,"95,12",37,2,"94,87",2,"4,88",0,2,"4,88"
410725,DOURADINA,PR,11/2022,40,40,"100,00",38,2,"95,00",0,"0,00",0,0,"0,00"
410725,DOURADINA,PR,09/2022,42,42,"100,00",38,4,"90,48",0,"0,00",0,0,"0,00"
410730,DOUTOR CAMARGO,PR,09/2022,34,21,"61,76",17,4,"80,95",13,"38,24",0,13,"38,24"
410730,DOUTOR CAMARGO,PR,11/2022,26,17,"65,38",14,3,"82,35",9,"34,62",0,9,"34,62"
410730,DOUTOR CAMARGO,PR,07/2022,31,20,"64,52",16,4,"80,00",11,"35,48",0,11,"35,48"
410740,ENÉAS MARQUES,PR,07/2022,45,31,"68,89",25,6,"80,65",14,"31,11",0,14,"31,11"
410740,ENÉAS MARQUES,PR,11/2022,41,32,"78,05",27,5,"84,38",9,"21,95",0,9,"21,95"
410740,ENÉAS MARQUES,PR,09/2022,45,31,"68,89",27,4,"87,10",14,"31,11",1,13,"28,89"
410750,ENGENHEIRO BELTRÃO,PR,09/2022,113,83,"73,45",67,16,"80,72",30,"26,55",9,21,"18,58"
410750,ENGENHEIRO BELTRÃO,PR,11/2022,110,85,"77,27",70,15,"82,35",25,"22,73",6,19,"17,27"
410750,ENGENHEIRO BELTRÃO,PR,07/2022,114,90,"78,95",70,20,"77,78",24,"21,05",3,21,"18,42"
410752,ESPERANÇA NOVA,PR,07/2022,9,7,"77,78",7,0,"100,00",2,"22,22",0,2,"22,22"
410752,ESPERANÇA NOVA,PR,11/2022,11,9,"81,82",9,0,"100,00",2,"18,18",0,2,"18,18"
410752,ESPERANÇA NOVA,PR,09/2022,11,8,"72,73",8,0,"100,00",3,"27,27",0,3,"27,27"
410753,ENTRE RIOS DO OESTE,PR,09/2022,18,12,"66,67",9,3,"75,00",6,"33,33",1,5,"27,78"
410753,ENTRE RIOS DO OESTE,PR,11/2022,17,10,"58,82",8,2,"80,00",7,"41,18",1,6,"35,29"
410753,ENTRE RIOS DO OESTE,PR,07/2022,16,9,"56,25",9,0,"100,00",7,"43,75",2,5,"31,25"
410754,ESPIGÃO ALTO DO IGUAÇU,PR,07/2022,97,54,"55,67",49,5,"90,74",43,"44,33",3,40,"41,24"
410754,ESPIGÃO ALTO DO IGUAÇU,PR,11/2022,101,76,"75,25",72,4,"94,74",25,"24,75",1,24,"23,76"
410754,ESPIGÃO ALTO DO IGUAÇU,PR,09/2022,107,67,"62,62",67,0,"100,00",40,"37,38",1,39,"36,45"
410755,FAROL,PR,09/2022,28,16,"57,14",12,4,"75,00",12,"42,86",3,9,"32,14"
410755,FAROL,PR,11/2022,27,19,"70,37",19,0,"100,00",8,"29,63",1,7,"25,93"
410755,FAROL,PR,07/2022,30,20,"66,67",18,2,"90,00",10,"33,33",3,7,"23,33"
410760,FAXINAL,PR,07/2022,163,150,"92,02",109,41,"72,67",13,"7,98",2,11,"6,75"
410760,FAXINAL,PR,11/2022,182,172,"94,51",147,25,"85,47",10,"5,49",0,10,"5,49"
410760,FAXINAL,PR,09/2022,187,174,"93,05",131,43,"75,29",13,"6,95",3,10,"5,35"
410765,FAZENDA RIO GRANDE,PR,09/2022,899,644,"71,64",533,111,"82,76",255,"28,36",24,231,"25,70"
410765,FAZENDA RIO GRANDE,PR,11/2022,898,613,"68,26",527,86,"85,97",285,"31,74",65,220,"24,50"
410765,FAZENDA RIO GRANDE,PR,07/2022,745,539,"72,35",447,92,"82,93",206,"27,65",21,185,"24,83"
410770,FÊNIX,PR,07/2022,51,38,"74,51",27,11,"71,05",13,"25,49",6,7,"13,73"
410770,FÊNIX,PR,11/2022,43,40,"93,02",37,3,"92,50",3,"6,98",0,3,"6,98"
410770,FÊNIX,PR,09/2022,50,37,"74,00",32,5,"86,49",13,"26,00",1,12,"24,00"
410773,FERNANDES PINHEIRO,PR,09/2022,75,73,"97,33",49,24,"67,12",2,"2,67",2,0,"0,00"
410773,FERNANDES PINHEIRO,PR,11/2022,66,64,"96,97",53,11,"82,81",2,"3,03",1,1,"1,52"
410773,FERNANDES PINHEIRO,PR,07/2022,76,72,"94,74",50,22,"69,44",4,"5,26",2,2,"2,63"
410775,FIGUEIRA,PR,07/2022,92,75,"81,52",73,2,"97,33",17,"18,48",1,16,"17,39"
410775,FIGUEIRA,PR,11/2022,119,96,"80,67",91,5,"94,79",23,"19,33",1,22,"18,49"
410775,FIGUEIRA,PR,09/2022,107,87,"81,31",87,0,"100,00",20,"18,69",2,18,"16,82"
410780,FLORAÍ,PR,09/2022,21,16,"76,19",15,1,"93,75",5,"23,81",0,5,"23,81"
410780,FLORAÍ,PR,11/2022,20,15,"75,00",15,0,"100,00",5,"25,00",0,5,"25,00"
410780,FLORAÍ,PR,07/2022,23,19,"82,61",17,2,"89,47",4,"17,39",0,4,"17,39"
410785,FLOR DA SERRA DO SUL,PR,07/2022,39,27,"69,23",26,1,"96,30",12,"30,77",3,9,"23,08"
410785,FLOR DA SERRA DO SUL,PR,11/2022,43,34,"79,07",28,6,"82,35",9,"20,93",0,9,"20,93"
410785,FLOR DA SERRA DO SUL,PR,09/2022,43,34,"79,07",34,0,"100,00",9,"20,93",0,9,"20,93"
410790,FLORESTA,PR,09/2022,63,51,"80,95",45,6,"88,24",12,"19,05",1,11,"17,46"
410790,FLORESTA,PR,11/2022,56,47,"83,93",42,5,"89,36",9,"16,07",0,9,"16,07"
410790,FLORESTA,PR,07/2022,49,41,"83,67",37,4,"90,24",8,"16,33",0,8,"16,33"
410800,FLORESTÓPOLIS,PR,07/2022,137,121,"88,32",97,24,"80,17",16,"11,68",2,14,"10,22"
410800,FLORESTÓPOLIS,PR,11/2022,122,106,"86,89",88,18,"83,02",16,"13,11",0,16,"13,11"
410800,FLORESTÓPOLIS,PR,09/2022,143,97,"67,83",89,8,"91,75",46,"32,17",2,44,"30,77"
410810,FLÓRIDA,PR,09/2022,25,21,"84,00",21,0,"100,00",4,"16,00",0,4,"16,00"
410810,FLÓRIDA,PR,11/2022,24,21,"87,50",21,0,"100,00",3,"12,50",0,3,"12,50"
410810,FLÓRIDA,PR,07/2022,19,0,"0,00",0,0,,19,"100,00",18,1,"5,26"
410820,FORMOSA DO OESTE,PR,07/2022,20,10,"50,00",8,2,"80,00",10,"50,00",4,6,"30,00"
410820,FORMOSA DO OESTE,PR,11/2022,24,14,"58,33",11,3,"78,57",10,"41,67",2,8,"33,33"
410820,FORMOSA DO OESTE,PR,09/2022,23,14,"60,87",12,2,"85,71",9,"39,13",3,6,"26,09"
410830,FOZ DO IGUAÇU,PR,09/2022,2293,1418,"61,84",1159,259,"81,73",875,"38,16",568,307,"13,39"
410830,FOZ DO IGUAÇU,PR,11/2022,2288,1749,"76,44",1535,214,"87,76",539,"23,56",197,342,"14,95"
410830,FOZ DO IGUAÇU,PR,07/2022,2168,1216,"56,09",1010,206,"83,06",952,"43,91",624,328,"15,13"
410832,FRANCISCO ALVES,PR,07/2022,64,51,"79,69",51,0,"100,00",13,"20,31",1,12,"18,75"
410832,FRANCISCO ALVES,PR,11/2022,62,56,"90,32",56,0,"100,00",6,"9,68",0,6,"9,68"
410832,FRANCISCO ALVES,PR,09/2022,67,57,"85,07",57,0,"100,00",10,"14,93",2,8,"11,94"
410840,FRANCISCO BELTRÃO,PR,09/2022,411,350,"85,16",304,46,"86,86",61,"14,84",3,58,"14,11"
410840,FRANCISCO BELTRÃO,PR,11/2022,414,358,"86,47",284,74,"79,33",56,"13,53",2,54,"13,04"
410840,FRANCISCO BELTRÃO,PR,07/2022,382,326,"85,34",251,75,"76,99",56,"14,66",2,54,"14,14"
410845,FOZ DO JORDÃO,PR,07/2022,80,48,"60,00",46,2,"95,83",32,"40,00",1,31,"38,75"
410845,FOZ DO JORDÃO,PR,11/2022,76,42,"55,26",41,1,"97,62",34,"44,74",10,24,"31,58"
410845,FOZ DO JORDÃO,PR,09/2022,81,44,"54,32",43,1,"97,73",37,"45,68",7,30,"37,04"
410850,GENERAL CARNEIRO,PR,09/2022,190,141,"74,21",90,51,"63,83",49,"25,79",1,48,"25,26"
410850,GENERAL CARNEIRO,PR,11/2022,191,149,"78,01",105,44,"70,47",42,"21,99",1,41,"21,47"
410850,GENERAL CARNEIRO,PR,07/2022,191,135,"70,68",104,31,"77,04",56,"29,32",8,48,"25,13"
410855,GODOY MOREIRA,PR,07/2022,22,20,"90,91",20,0,"100,00",2,"9,09",0,2,"9,09"
410855,GODOY MOREIRA,PR,11/2022,31,27,"87,10",27,0,"100,00",4,"12,90",0,4,"12,90"
410855,GODOY MOREIRA,PR,09/2022,26,21,"80,77",21,0,"100,00",5,"19,23",1,4,"15,38"
410860,GOIOERÊ,PR,09/2022,263,214,"81,37",173,41,"80,84",49,"18,63",1,48,"18,25"
410860,GOIOERÊ,PR,11/2022,275,236,"85,82",205,31,"86,86",39,"14,18",0,39,"14,18"
410860,GOIOERÊ,PR,07/2022,235,188,"80,00",145,43,"77,13",47,"20,00",0,47,"20,00"
410865,GOIOXIM,PR,07/2022,126,103,"81,75",103,0,"100,00",23,"18,25",0,23,"18,25"
410865,GOIOXIM,PR,11/2022,139,118,"84,89",108,10,"91,53",21,"15,11",4,17,"12,23"
410865,GOIOXIM,PR,09/2022,140,115,"82,14",115,0,"100,00",25,"17,86",0,25,"17,86"
410870,GRANDES RIOS,PR,09/2022,77,50,"64,94",43,7,"86,00",27,"35,06",3,24,"31,17"
410870,GRANDES RIOS,PR,11/2022,74,47,"63,51",44,3,"93,62",27,"36,49",2,25,"33,78"
410870,GRANDES RIOS,PR,07/2022,77,52,"67,53",49,3,"94,23",25,"32,47",2,23,"29,87"
410880,GUAÍRA,PR,07/2022,200,78,"39,00",67,11,"85,90",122,"61,00",29,93,"46,50"
410880,GUAÍRA,PR,11/2022,206,142,"68,93",133,9,"93,66",64,"31,07",3,61,"29,61"
410880,GUAÍRA,PR,09/2022,214,112,"52,34",100,12,"89,29",102,"47,66",1,101,"47,20"
410890,GUAIRAÇÁ,PR,09/2022,57,46,"80,70",46,0,"100,00",11,"19,30",0,11,"19,30"
410890,GUAIRAÇÁ,PR,11/2022,66,54,"81,82",54,0,"100,00",12,"18,18",0,12,"18,18"
410890,GUAIRAÇÁ,PR,07/2022,41,31,"75,61",31,0,"100,00",10,"24,39",0,10,"24,39"
410895,GUAMIRANGA,PR,07/2022,88,84,"95,45",57,27,"67,86",4,"4,55",0,4,"4,55"
410895,GUAMIRANGA,PR,11/2022,84,80,"95,24",73,7,"91,25",4,"4,76",0,4,"4,76"
410895,GUAMIRANGA,PR,09/2022,92,85,"92,39",68,17,"80,00",7,"7,61",0,7,"7,61"
410900,GUAPIRAMA,PR,09/2022,27,20,"74,07",16,4,"80,00",7,"25,93",1,6,"22,22"
410900,GUAPIRAMA,PR,11/2022,23,17,"73,91",15,2,"88,24",6,"26,09",1,5,"21,74"
410900,GUAPIRAMA,PR,07/2022,27,22,"81,48",17,5,"77,27",5,"18,52",0,5,"18,52"
410910,GUAPOREMA,PR,07/2022,17,12,"70,59",9,3,"75,00",5,"29,41",0,5,"29,41"
410910,GUAPOREMA,PR,11/2022,15,14,"93,33",10,4,"71,43",1,"6,67",1,0,"0,00"
410910,GUAPOREMA,PR,09/2022,15,12,"80,00",5,7,"41,67",3,"20,00",2,1,"6,67"
410920,GUARACI,PR,09/2022,51,26,"50,98",26,0,"100,00",25,"49,02",1,24,"47,06"
410920,GUARACI,PR,11/2022,44,22,"50,00",12,10,"54,55",22,"50,00",4,18,"40,91"
410920,GUARACI,PR,07/2022,45,26,"57,78",24,2,"92,31",19,"42,22",4,15,"33,33"
410930,GUARANIAÇU,PR,07/2022,103,74,"71,84",68,6,"91,89",29,"28,16",0,29,"28,16"
410930,GUARANIAÇU,PR,11/2022,88,63,"71,59",61,2,"96,83",25,"28,41",0,25,"28,41"
410930,GUARANIAÇU,PR,09/2022,99,68,"68,69",63,5,"92,65",31,"31,31",0,31,"31,31"
410940,GUARAPUAVA,PR,09/2022,1635,1212,"74,13",1175,37,"96,95",423,"25,87",8,415,"25,38"
410940,GUARAPUAVA,PR,11/2022,1679,1232,"73,38",959,273,"77,84",447,"26,62",33,414,"24,66"
410940,GUARAPUAVA,PR,07/2022,1530,1152,"75,29",1148,4,"99,65",378,"24,71",7,371,"24,25"
410950,GUARAQUEÇABA,PR,07/2022,194,50,"25,77",49,1,"98,00",144,"74,23",107,37,"19,07"
410950,GUARAQUEÇABA,PR,11/2022,192,129,"67,19",123,6,"95,35",63,"32,81",37,26,"13,54"
410950,GUARAQUEÇABA,PR,09/2022,201,62,"30,85",55,7,"88,71",139,"69,15",96,43,"21,39"
410960,GUARATUBA,PR,09/2022,452,110,"24,34",86,24,"78,18",342,"75,66",198,144,"31,86"
410960,GUARATUBA,PR,11/2022,461,337,"73,10",302,35,"89,61",124,"26,90",15,109,"23,64"
410960,GUARATUBA,PR,07/2022,422,275,"65,17",235,40,"85,45",147,"34,83",13,134,"31,75"
410965,HONÓRIO SERPA,PR,07/2022,59,43,"72,88",43,0,"100,00",16,"27,12",3,13,"22,03"
410965,HONÓRIO SERPA,PR,11/2022,60,48,"80,00",48,0,"100,00",12,"20,00",0,12,"20,00"
410965,HONÓRIO SERPA,PR,09/2022,59,44,"74,58",44,0,"100,00",15,"25,42",0,15,"25,42"
410970,IBAITI,PR,09/2022,196,156,"79,59",140,16,"89,74",40,"20,41",6,34,"17,35"
410970,IBAITI,PR,11/2022,197,174,"88,32",164,10,"94,25",23,"11,68",0,23,"11,68"
410970,IBAITI,PR,07/2022,200,165,"82,50",153,12,"92,73",35,"17,50",4,31,"15,50"
410975,IBEMA,PR,07/2022,69,34,"49,28",30,4,"88,24",35,"50,72",1,34,"49,28"
410975,IBEMA,PR,11/2022,62,41,"66,13",37,4,"90,24",21,"33,87",0,21,"33,87"
410975,IBEMA,PR,09/2022,71,36,"50,70",26,10,"72,22",35,"49,30",2,33,"46,48"
410980,IBIPORÃ,PR,09/2022,384,276,"71,88",255,21,"92,39",108,"28,13",19,89,"23,18"
410980,IBIPORÃ,PR,11/2022,393,334,"84,99",310,24,"92,81",59,"15,01",1,58,"14,76"
410980,IBIPORÃ,PR,07/2022,354,209,"59,04",183,26,"87,56",145,"40,96",57,88,"24,86"
410990,ICARAÍMA,PR,07/2022,85,59,"69,41",35,24,"59,32",26,"30,59",0,26,"30,59"
410990,ICARAÍMA,PR,11/2022,94,72,"76,60",48,24,"66,67",22,"23,40",0,22,"23,40"
410990,ICARAÍMA,PR,09/2022,89,63,"70,79",35,28,"55,56",26,"29,21",0,26,"29,21"
411000,IGUARAÇU,PR,09/2022,28,25,"89,29",25,0,"100,00",3,"10,71",0,3,"10,71"
411000,IGUARAÇU,PR,11/2022,29,28,"96,55",28,0,"100,00",1,"3,45",0,1,"3,45"
411000,IGUARAÇU,PR,07/2022,23,22,"95,65",22,0,"100,00",1,"4,35",0,1,"4,35"
411005,IGUATU,PR,07/2022,19,13,"68,42",13,0,"100,00",6,"31,58",0,6,"31,58"
411005,IGUATU,PR,11/2022,18,12,"66,67",11,1,"91,67",6,"33,33",0,6,"33,33"
411005,IGUATU,PR,09/2022,19,12,"63,16",11,1,"91,67",7,"36,84",0,7,"36,84"
411007,IMBAÚ,PR,09/2022,173,135,"78,03",110,25,"81,48",38,"21,97",0,38,"21,97"
411007,IMBAÚ,PR,11/2022,163,132,"80,98",113,19,"85,61",31,"19,02",0,31,"19,02"
411007,IMBAÚ,PR,07/2022,163,144,"88,34",96,48,"66,67",19,"11,66",0,19,"11,66"
411010,IMBITUVA,PR,07/2022,232,123,"53,02",115,8,"93,50",109,"46,98",4,105,"45,26"
411010,IMBITUVA,PR,11/2022,241,190,"78,84",172,18,"90,53",51,"21,16",3,48,"19,92"
411010,IMBITUVA,PR,09/2022,247,148,"59,92",107,41,"72,30",99,"40,08",4,95,"38,46"
411020,INÁCIO MARTINS,PR,09/2022,193,151,"78,24",109,42,"72,19",42,"21,76",6,36,"18,65"
411020,INÁCIO MARTINS,PR,11/2022,174,151,"86,78",125,26,"82,78",23,"13,22",2,21,"12,07"
411020,INÁCIO MARTINS,PR,07/2022,186,151,"81,18",106,45,"70,20",35,"18,82",3,32,"17,20"
411030,INAJÁ,PR,07/2022,13,7,"53,85",7,0,"100,00",6,"46,15",0,6,"46,15"
411030,INAJÁ,PR,11/2022,15,14,"93,33",12,2,"85,71",1,"6,67",0,1,"6,67"
411030,INAJÁ,PR,09/2022,14,11,"78,57",11,0,"100,00",3,"21,43",0,3,"21,43"
411040,INDIANÓPOLIS,PR,09/2022,40,28,"70,00",28,0,"100,00",12,"30,00",7,5,"12,50"
411040,INDIANÓPOLIS,PR,11/2022,36,33,"91,67",33,0,"100,00",3,"8,33",2,1,"2,78"
411040,INDIANÓPOLIS,PR,07/2022,27,23,"85,19",23,0,"100,00",4,"14,81",1,3,"11,11"
411050,IPIRANGA,PR,07/2022,123,115,"93,50",113,2,"98,26",8,"6,50",0,8,"6,50"
411050,IPIRANGA,PR,11/2022,126,118,"93,65",109,9,"92,37",8,"6,35",1,7,"5,56"
411050,IPIRANGA,PR,09/2022,128,121,"94,53",117,4,"96,69",7,"5,47",1,6,"4,69"
411060,IPORÃ,PR,09/2022,97,74,"76,29",49,25,"66,22",23,"23,71",3,20,"20,62"
411060,IPORÃ,PR,11/2022,100,81,"81,00",67,14,"82,72",19,"19,00",1,18,"18,00"
411060,IPORÃ,PR,07/2022,91,68,"74,73",63,5,"92,65",23,"25,27",1,22,"24,18"
411065,IRACEMA DO OESTE,PR,07/2022,17,17,"100,00",17,0,"100,00",0,"0,00",0,0,"0,00"
411065,IRACEMA DO OESTE,PR,11/2022,23,20,"86,96",19,1,"95,00",3,"13,04",0,3,"13,04"
411065,IRACEMA DO OESTE,PR,09/2022,19,14,"73,68",13,1,"92,86",5,"26,32",4,1,"5,26"
411070,IRATI,PR,09/2022,575,491,"85,39",414,77,"84,32",84,"14,61",5,79,"13,74"
411070,IRATI,PR,11/2022,543,483,"88,95",443,40,"91,72",60,"11,05",3,57,"10,50"
411070,IRATI,PR,07/2022,500,429,"85,80",374,55,"87,18",71,"14,20",7,64,"12,80"
411080,IRETAMA,PR,07/2022,109,105,"96,33",98,7,"93,33",4,"3,67",1,3,"2,75"
411080,IRETAMA,PR,11/2022,115,104,"90,43",100,4,"96,15",11,"9,57",7,4,"3,48"
411080,IRETAMA,PR,09/2022,117,110,"94,02",101,9,"91,82",7,"5,98",4,3,"2,56"
411090,ITAGUAJÉ,PR,09/2022,27,16,"59,26",14,2,"87,50",11,"40,74",1,10,"37,04"
411090,ITAGUAJÉ,PR,11/2022,24,15,"62,50",15,0,"100,00",9,"37,50",0,9,"37,50"
411090,ITAGUAJÉ,PR,07/2022,23,13,"56,52",13,0,"100,00",10,"43,48",0,10,"43,48"
411095,ITAIPULÂNDIA,PR,07/2022,54,37,"68,52",33,4,"89,19",17,"31,48",2,15,"27,78"
411095,ITAIPULÂNDIA,PR,11/2022,50,33,"66,00",29,4,"87,88",17,"34,00",1,16,"32,00"
411095,ITAIPULÂNDIA,PR,09/2022,53,34,"64,15",31,3,"91,18",19,"35,85",2,17,"32,08"
411100,ITAMBARACÁ,PR,09/2022,63,48,"76,19",40,8,"83,33",15,"23,81",1,14,"22,22"
411100,ITAMBARACÁ,PR,11/2022,54,44,"81,48",41,3,"93,18",10,"18,52",3,7,"12,96"
411100,ITAMBARACÁ,PR,07/2022,57,43,"75,44",36,7,"83,72",14,"24,56",3,11,"19,30"
411110,ITAMBÉ,PR,07/2022,10,8,"80,00",7,1,"87,50",2,"20,00",1,1,"10,00"
411110,ITAMBÉ,PR,11/2022,7,6,"85,71",5,1,"83,33",1,"14,29",1,0,"0,00"
411110,ITAMBÉ,PR,09/2022,9,6,"66,67",5,1,"83,33",3,"33,33",3,0,"0,00"
411120,ITAPEJARA D´OESTE,PR,09/2022,92,71,"77,17",57,14,"80,28",21,"22,83",5,16,"17,39"
411120,ITAPEJARA D´OESTE,PR,11/2022,89,74,"83,15",73,1,"98,65",15,"16,85",1,14,"15,73"
411120,ITAPEJARA D´OESTE,PR,07/2022,84,64,"76,19",52,12,"81,25",20,"23,81",4,16,"19,05"
411125,ITAPERUÇU,PR,07/2022,419,404,"96,42",268,136,"66,34",15,"3,58",13,2,"0,48"
411125,ITAPERUÇU,PR,11/2022,441,416,"94,33",296,120,"71,15",25,"5,67",11,14,"3,17"
411125,ITAPERUÇU,PR,09/2022,451,435,"96,45",302,133,"69,43",16,"3,55",4,12,"2,66"
411130,ITAÚNA DO SUL,PR,09/2022,36,27,"75,00",24,3,"88,89",9,"25,00",1,8,"22,22"
411130,ITAÚNA DO SUL,PR,11/2022,33,27,"81,82",24,3,"88,89",6,"18,18",0,6,"18,18"
411130,ITAÚNA DO SUL,PR,07/2022,30,24,"80,00",24,0,"100,00",6,"20,00",0,6,"20,00"
411140,IVAÍ,PR,07/2022,185,161,"87,03",135,26,"83,85",24,"12,97",3,21,"11,35"
411140,IVAÍ,PR,11/2022,182,166,"91,21",141,25,"84,94",16,"8,79",0,16,"8,79"
411140,IVAÍ,PR,09/2022,190,186,"97,89",141,45,"75,81",4,"2,11",1,3,"1,58"
411150,IVAIPORÃ,PR,09/2022,155,138,"89,03",121,17,"87,68",17,"10,97",1,16,"10,32"
411150,IVAIPORÃ,PR,11/2022,150,120,"80,00",104,16,"86,67",30,"20,00",14,16,"10,67"
411150,IVAIPORÃ,PR,07/2022,149,131,"87,92",120,11,"91,60",18,"12,08",3,15,"10,07"
411155,IVATÉ,PR,07/2022,38,30,"78,95",25,5,"83,33",8,"21,05",0,8,"21,05"
411155,IVATÉ,PR,11/2022,36,31,"86,11",27,4,"87,10",5,"13,89",0,5,"13,89"
411155,IVATÉ,PR,09/2022,36,25,"69,44",20,5,"80,00",11,"30,56",0,11,"30,56"
411160,IVATUBA,PR,09/2022,14,14,"100,00",14,0,"100,00",0,"0,00",0,0,"0,00"
411160,IVATUBA,PR,11/2022,15,15,"100,00",15,0,"100,00",0,"0,00",0,0,"0,00"
411160,IVATUBA,PR,07/2022,12,12,"100,00",12,0,"100,00",0,"0,00",0,0,"0,00"
411170,JABOTI,PR,07/2022,51,46,"90,20",36,10,"78,26",5,"9,80",2,3,"5,88"
411170,JABOTI,PR,11/2022,49,39,"79,59",37,2,"94,87",10,"20,41",4,6,"12,24"
411170,JABOTI,PR,09/2022,54,41,"75,93",32,9,"78,05",13,"24,07",5,8,"14,81"
411180,JACAREZINHO,PR,09/2022,400,350,"87,50",285,65,"81,43",50,"12,50",0,50,"12,50"
411180,JACAREZINHO,PR,11/2022,387,340,"87,86",295,45,"86,76",47,"12,14",2,45,"11,63"
411180,JACAREZINHO,PR,07/2022,365,322,"88,22",256,66,"79,50",43,"11,78",2,41,"11,23"
411190,JAGUAPITÃ,PR,07/2022,83,55,"66,27",31,24,"56,36",28,"33,73",1,27,"32,53"
411190,JAGUAPITÃ,PR,11/2022,105,75,"71,43",50,25,"66,67",30,"28,57",1,29,"27,62"
411190,JAGUAPITÃ,PR,09/2022,102,69,"67,65",47,22,"68,12",33,"32,35",1,32,"31,37"
411200,JAGUARIAÍVA,PR,09/2022,296,254,"85,81",199,55,"78,35",42,"14,19",0,42,"14,19"
411200,JAGUARIAÍVA,PR,11/2022,275,229,"83,27",195,34,"85,15",46,"16,73",0,46,"16,73"
411200,JAGUARIAÍVA,PR,07/2022,277,199,"71,84",170,29,"85,43",78,"28,16",2,76,"27,44"
411210,JANDAIA DO SUL,PR,07/2022,127,108,"85,04",96,12,"88,89",19,"14,96",1,18,"14,17"
411210,JANDAIA DO SUL,PR,11/2022,139,118,"84,89",109,9,"92,37",21,"15,11",0,21,"15,11"
411210,JANDAIA DO SUL,PR,09/2022,149,128,"85,91",113,15,"88,28",21,"14,09",0,21,"14,09"
411220,JANIÓPOLIS,PR,09/2022,49,41,"83,67",26,15,"63,41",8,"16,33",2,6,"12,24"
411220,JANIÓPOLIS,PR,11/2022,42,38,"90,48",33,5,"86,84",4,"9,52",0,4,"9,52"
411220,JANIÓPOLIS,PR,07/2022,49,41,"83,67",29,12,"70,73",8,"16,33",0,8,"16,33"
411230,JAPIRA,PR,07/2022,47,36,"76,60",28,8,"77,78",11,"23,40",0,11,"23,40"
411230,JAPIRA,PR,11/2022,48,38,"79,17",34,4,"89,47",10,"20,83",0,10,"20,83"
411230,JAPIRA,PR,09/2022,48,36,"75,00",31,5,"86,11",12,"25,00",1,11,"22,92"
411240,JAPURÁ,PR,09/2022,70,44,"62,86",41,3,"93,18",26,"37,14",4,22,"31,43"
411240,JAPURÁ,PR,11/2022,68,44,"64,71",40,4,"90,91",24,"35,29",7,17,"25,00"
411240,JAPURÁ,PR,07/2022,67,41,"61,19",41,0,"100,00",26,"38,81",3,23,"34,33"
411250,JARDIM ALEGRE,PR,07/2022,111,87,"78,38",81,6,"93,10",24,"21,62",11,13,"11,71"
411250,JARDIM ALEGRE,PR,11/2022,120,73,"60,83",72,1,"98,63",47,"39,17",27,20,"16,67"
411250,JARDIM ALEGRE,PR,09/2022,117,95,"81,20",81,14,"85,26",22,"18,80",3,19,"16,24"
411260,JARDIM OLINDA,PR,09/2022,9,8,"88,89",8,0,"100,00",1,"11,11",0,1,"11,11"
411260,JARDIM OLINDA,PR,11/2022,11,9,"81,82",8,1,"88,89",2,"18,18",0,2,"18,18"
411260,JARDIM OLINDA,PR,07/2022,4,4,"100,00",3,1,"75,00",0,"0,00",0,0,"0,00"
411270,JATAIZINHO,PR,07/2022,129,103,"79,84",85,18,"82,52",26,"20,16",0,26,"20,16"
411270,JATAIZINHO,PR,11/2022,125,100,"80,00",85,15,"85,00",25,"20,00",0,25,"20,00"
411270,JATAIZINHO,PR,09/2022,132,105,"79,55",90,15,"85,71",27,"20,45",0,27,"20,45"
411275,JESUÍTAS,PR,09/2022,78,70,"89,74",61,9,"87,14",8,"10,26",0,8,"10,26"
411275,JESUÍTAS,PR,11/2022,74,69,"93,24",69,0,"100,00",5,"6,76",0,5,"6,76"
411275,JESUÍTAS,PR,07/2022,71,63,"88,73",58,5,"92,06",8,"11,27",0,8,"11,27"
411280,JOAQUIM TÁVORA,PR,07/2022,66,54,"81,82",53,1,"98,15",12,"18,18",0,12,"18,18"
411280,JOAQUIM TÁVORA,PR,11/2022,82,62,"75,61",57,5,"91,94",20,"24,39",7,13,"15,85"
411280,JOAQUIM TÁVORA,PR,09/2022,69,45,"65,22",43,2,"95,56",24,"34,78",14,10,"14,49"
411290,JUNDIAÍ DO SUL,PR,09/2022,53,31,"58,49",29,2,"93,55",22,"41,51",1,21,"39,62"
411290,JUNDIAÍ DO SUL,PR,11/2022,45,29,"64,44",28,1,"96,55",16,"35,56",0,16,"35,56"
411290,JUNDIAÍ DO SUL,PR,07/2022,55,32,"58,18",31,1,"96,88",23,"41,82",0,23,"41,82"
411295,JURANDA,PR,07/2022,57,50,"87,72",29,21,"58,00",7,"12,28",0,7,"12,28"
411295,JURANDA,PR,11/2022,53,47,"88,68",41,6,"87,23",6,"11,32",0,6,"11,32"
411295,JURANDA,PR,09/2022,56,47,"83,93",29,18,"61,70",9,"16,07",1,8,"14,29"
411300,JUSSARA,PR,09/2022,40,30,"75,00",17,13,"56,67",10,"25,00",0,10,"25,00"
411300,JUSSARA,PR,11/2022,36,27,"75,00",18,9,"66,67",9,"25,00",0,9,"25,00"
411300,JUSSARA,PR,07/2022,41,30,"73,17",20,10,"66,67",11,"26,83",0,11,"26,83"
411310,KALORÉ,PR,07/2022,28,21,"75,00",19,2,"90,48",7,"25,00",0,7,"25,00"
411310,KALORÉ,PR,11/2022,35,28,"80,00",26,2,"92,86",7,"20,00",0,7,"20,00"
411310,KALORÉ,PR,09/2022,33,27,"81,82",25,2,"92,59",6,"18,18",0,6,"18,18"
411320,LAPA,PR,09/2022,372,334,"89,78",242,92,"72,46",38,"10,22",2,36,"9,68"
411320,LAPA,PR,11/2022,360,322,"89,44",269,53,"83,54",38,"10,56",5,33,"9,17"
411320,LAPA,PR,07/2022,358,311,"86,87",222,89,"71,38",47,"13,13",3,44,"12,29"
411325,LARANJAL,PR,07/2022,122,116,"95,08",116,0,"100,00",6,"4,92",0,6,"4,92"
411325,LARANJAL,PR,11/2022,111,79,"71,17",65,14,"82,28",32,"28,83",24,8,"7,21"
411325,LARANJAL,PR,09/2022,126,114,"90,48",114,0,"100,00",12,"9,52",2,10,"7,94"
411330,LARANJEIRAS DO SUL,PR,09/2022,247,239,"96,76",166,73,"69,46",8,"3,24",2,6,"2,43"
411330,LARANJEIRAS DO SUL,PR,11/2022,232,189,"81,47",160,29,"84,66",43,"18,53",1,42,"18,10"
411330,LARANJEIRAS DO SUL,PR,07/2022,233,190,"81,55",169,21,"88,95",43,"18,45",0,43,"18,45"
411340,LEÓPOLIS,PR,07/2022,24,16,"66,67",16,0,"100,00",8,"33,33",0,8,"33,33"
411340,LEÓPOLIS,PR,11/2022,18,15,"83,33",15,0,"100,00",3,"16,67",0,3,"16,67"
411340,LEÓPOLIS,PR,09/2022,26,18,"69,23",18,0,"100,00",8,"30,77",0,8,"30,77"
411342,LIDIANÓPOLIS,PR,09/2022,44,35,"79,55",31,4,"88,57",9,"20,45",0,9,"20,45"
411342,LIDIANÓPOLIS,PR,11/2022,40,31,"77,50",31,0,"100,00",9,"22,50",0,9,"22,50"
411342,LIDIANÓPOLIS,PR,07/2022,40,32,"80,00",29,3,"90,63",8,"20,00",0,8,"20,00"
411345,LINDOESTE,PR,07/2022,77,50,"64,94",48,2,"96,00",27,"35,06",12,15,"19,48"
411345,LINDOESTE,PR,11/2022,77,65,"84,42",61,4,"93,85",12,"15,58",0,12,"15,58"
411345,LINDOESTE,PR,09/2022,80,65,"81,25",57,8,"87,69",15,"18,75",1,14,"17,50"
411350,LOANDA,PR,09/2022,125,79,"63,20",66,13,"83,54",46,"36,80",2,44,"35,20"
411350,LOANDA,PR,11/2022,123,86,"69,92",77,9,"89,53",37,"30,08",0,37,"30,08"
411350,LOANDA,PR,07/2022,117,64,"54,70",55,9,"85,94",53,"45,30",4,49,"41,88"
411360,LOBATO,PR,07/2022,27,11,"40,74",11,0,"100,00",16,"59,26",3,13,"48,15"
411360,LOBATO,PR,11/2022,45,27,"60,00",27,0,"100,00",18,"40,00",1,17,"37,78"
411360,LOBATO,PR,09/2022,41,22,"53,66",21,1,"95,45",19,"46,34",1,18,"43,90"
411370,LONDRINA,PR,09/2022,3496,2850,"81,52",2430,420,"85,26",646,"18,48",122,524,"14,99"
411370,LONDRINA,PR,11/2022,3387,2856,"84,32",2522,334,"88,31",531,"15,68",64,467,"13,79"
411370,LONDRINA,PR,07/2022,3155,2642,"83,74",2389,253,"90,42",513,"16,26",73,440,"13,95"
411373,LUIZIANA,PR,07/2022,88,83,"94,32",81,2,"97,59",5,"5,68",1,4,"4,55"
411373,LUIZIANA,PR,11/2022,85,79,"92,94",79,0,"100,00",6,"7,06",0,6,"7,06"
411373,LUIZIANA,PR,09/2022,89,81,"91,01",79,2,"97,53",8,"8,99",2,6,"6,74"
411375,LUNARDELLI,PR,09/2022,44,40,"90,91",39,1,"97,50",4,"9,09",0,4,"9,09"
411375,LUNARDELLI,PR,11/2022,46,40,"86,96",27,13,"67,50",6,"13,04",0,6,"13,04"
411375,LUNARDELLI,PR,07/2022,38,35,"92,11",32,3,"91,43",3,"7,89",0,3,"7,89"
411380,LUPIONÓPOLIS,PR,07/2022,41,33,"80,49",28,5,"84,85",8,"19,51",0,8,"19,51"
411380,LUPIONÓPOLIS,PR,11/2022,50,42,"84,00",38,4,"90,48",8,"16,00",0,8,"16,00"
411380,LUPIONÓPOLIS,PR,09/2022,46,37,"80,43",37,0,"100,00",9,"19,57",0,9,"19,57"
411390,MALLET,PR,09/2022,80,68,"85,00",61,7,"89,71",12,"15,00",0,12,"15,00"
411390,MALLET,PR,11/2022,77,76,"98,70",67,9,"88,16",1,"1,30",0,1,"1,30"
411390,MALLET,PR,07/2022,76,70,"92,11",58,12,"82,86",6,"7,89",0,6,"7,89"
411400,MAMBORÊ,PR,07/2022,120,101,"84,17",100,1,"99,01",19,"15,83",4,15,"12,50"
411400,MAMBORÊ,PR,11/2022,121,101,"83,47",96,5,"95,05",20,"16,53",7,13,"10,74"
411400,MAMBORÊ,PR,09/2022,123,21,"17,07",19,2,"90,48",102,"82,93",89,13,"10,57"
411410,MANDAGUAÇU,PR,09/2022,107,27,"25,23",22,5,"81,48",80,"74,77",33,47,"43,93"
411410,MANDAGUAÇU,PR,11/2022,121,71,"58,68",66,5,"92,96",50,"41,32",0,50,"41,32"
411410,MANDAGUAÇU,PR,07/2022,95,33,"34,74",24,9,"72,73",62,"65,26",24,38,"40,00"
411420,MANDAGUARI,PR,07/2022,98,68,"69,39",63,5,"92,65",30,"30,61",3,27,"27,55"
411420,MANDAGUARI,PR,11/2022,101,75,"74,26",67,8,"89,33",26,"25,74",0,26,"25,74"
411420,MANDAGUARI,PR,09/2022,100,71,"71,00",63,8,"88,73",29,"29,00",3,26,"26,00"
411430,MANDIRITUBA,PR,09/2022,223,167,"74,89",151,16,"90,42",56,"25,11",7,49,"21,97"
411430,MANDIRITUBA,PR,11/2022,234,179,"76,50",160,19,"89,39",55,"23,50",3,52,"22,22"
411430,MANDIRITUBA,PR,07/2022,199,143,"71,86",125,18,"87,41",56,"28,14",11,45,"22,61"
411435,MANFRINÓPOLIS,PR,07/2022,21,16,"76,19",16,0,"100,00",5,"23,81",1,4,"19,05"
411435,MANFRINÓPOLIS,PR,11/2022,19,18,"94,74",17,1,"94,44",1,"5,26",0,1,"5,26"
411435,MANFRINÓPOLIS,PR,09/2022,18,16,"88,89",16,0,"100,00",2,"11,11",0,2,"11,11"
411440,MANGUEIRINHA,PR,09/2022,169,143,"84,62",112,31,"78,32",26,"15,38",2,24,"14,20"
411440,MANGUEIRINHA,PR,11/2022,164,138,"84,15",120,18,"86,96",26,"15,85",1,25,"15,24"
411440,MANGUEIRINHA,PR,07/2022,177,154,"87,01",106,48,"68,83",23,"12,99",12,11,"6,21"
411450,MANOEL RIBAS,PR,07/2022,198,154,"77,78",154,0,"100,00",44,"22,22",0,44,"22,22"
411450,MANOEL RIBAS,PR,11/2022,194,152,"78,35",144,8,"94,74",42,"21,65",0,42,"21,65"
411450,MANOEL RIBAS,PR,09/2022,205,159,"77,56",154,5,"96,86",46,"22,44",0,46,"22,44"
411460,MARECHAL CÂNDIDO RONDON,PR,09/2022,156,122,"78,21",89,33,"72,95",34,"21,79",4,30,"19,23"
411460,MARECHAL CÂNDIDO RONDON,PR,11/2022,142,137,"96,48",85,52,"62,04",5,"3,52",1,4,"2,82"
411460,MARECHAL CÂNDIDO RONDON,PR,07/2022,148,105,"70,95",77,28,"73,33",43,"29,05",12,31,"20,95"
411470,MARIA HELENA,PR,07/2022,40,35,"87,50",18,17,"51,43",5,"12,50",1,4,"10,00"
411470,MARIA HELENA,PR,11/2022,39,36,"92,31",22,14,"61,11",3,"7,69",0,3,"7,69"
411470,MARIA HELENA,PR,09/2022,42,38,"90,48",18,20,"47,37",4,"9,52",1,3,"7,14"
411480,MARIALVA,PR,09/2022,255,228,"89,41",228,0,"100,00",27,"10,59",0,27,"10,59"
411480,MARIALVA,PR,11/2022,272,243,"89,34",243,0,"100,00",29,"10,66",0,29,"10,66"
411480,MARIALVA,PR,07/2022,211,193,"91,47",193,0,"100,00",18,"8,53",0,18,"8,53"
411490,MARILÂNDIA DO SUL,PR,07/2022,72,57,"79,17",52,5,"91,23",15,"20,83",0,15,"20,83"
411490,MARILÂNDIA DO SUL,PR,11/2022,72,62,"86,11",49,13,"79,03",10,"13,89",1,9,"12,50"
411490,MARILÂNDIA DO SUL,PR,09/2022,73,60,"82,19",53,7,"88,33",13,"17,81",0,13,"17,81"
411500,MARILENA,PR,09/2022,41,32,"78,05",23,9,"71,88",9,"21,95",0,9,"21,95"
411500,MARILENA,PR,11/2022,42,36,"85,71",26,10,"72,22",6,"14,29",0,6,"14,29"
411500,MARILENA,PR,07/2022,44,33,"75,00",21,12,"63,64",11,"25,00",0,11,"25,00"
411510,MARILUZ,PR,07/2022,108,89,"82,41",81,8,"91,01",19,"17,59",0,19,"17,59"
411510,MARILUZ,PR,11/2022,113,99,"87,61",96,3,"96,97",14,"12,39",0,14,"12,39"
411510,MARILUZ,PR,09/2022,118,99,"83,90",92,7,"92,93",19,"16,10",0,19,"16,10"
411520,MARINGÁ,PR,09/2022,1268,1160,"91,48",874,286,"75,34",108,"8,52",16,92,"7,26"
411520,MARINGÁ,PR,11/2022,1257,1170,"93,08",890,280,"76,07",87,"6,92",8,79,"6,28"
411520,MARINGÁ,PR,07/2022,1087,948,"87,21",718,230,"75,74",139,"12,79",13,126,"11,59"
411530,MARIÓPOLIS,PR,07/2022,28,25,"89,29",19,6,"76,00",3,"10,71",2,1,"3,57"
411530,MARIÓPOLIS,PR,11/2022,23,19,"82,61",15,4,"78,95",4,"17,39",0,4,"17,39"
411530,MARIÓPOLIS,PR,09/2022,29,24,"82,76",17,7,"70,83",5,"17,24",0,5,"17,24"
411535,MARIPÁ,PR,09/2022,15,9,"60,00",8,1,"88,89",6,"40,00",1,5,"33,33"
411535,MARIPÁ,PR,11/2022,17,12,"70,59",9,3,"75,00",5,"29,41",0,5,"29,41"
411535,MARIPÁ,PR,07/2022,16,8,"50,00",7,1,"87,50",8,"50,00",1,7,"43,75"
411540,MARMELEIRO,PR,07/2022,124,77,"62,10",63,14,"81,82",47,"37,90",4,43,"34,68"
411540,MARMELEIRO,PR,11/2022,122,84,"68,85",69,15,"82,14",38,"31,15",1,37,"30,33"
411540,MARMELEIRO,PR,09/2022,134,85,"63,43",64,21,"75,29",49,"36,57",5,44,"32,84"
411545,MARQUINHO,PR,09/2022,73,56,"76,71",40,16,"71,43",17,"23,29",0,17,"23,29"
411545,MARQUINHO,PR,11/2022,70,55,"78,57",45,10,"81,82",15,"21,43",0,15,"21,43"
411545,MARQUINHO,PR,07/2022,70,54,"77,14",48,6,"88,89",16,"22,86",0,16,"22,86"
411550,MARUMBI,PR,07/2022,23,20,"86,96",15,5,"75,00",3,"13,04",0,3,"13,04"
411550,MARUMBI,PR,11/2022,21,20,"95,24",18,2,"90,00",1,"4,76",0,1,"4,76"
411550,MARUMBI,PR,09/2022,23,20,"86,96",16,4,"80,00",3,"13,04",0,3,"13,04"
411560,MATELÂNDIA,PR,09/2022,59,38,"64,41",25,13,"65,79",21,"35,59",1,20,"33,90"
411560,MATELÂNDIA,PR,11/2022,57,38,"66,67",30,8,"78,95",19,"33,33",2,17,"29,82"
411560,MATELÂNDIA,PR,07/2022,64,48,"75,00",38,10,"79,17",16,"25,00",1,15,"23,44"
411570,MATINHOS,PR,07/2022,321,194,"60,44",159,35,"81,96",127,"39,56",29,98,"30,53"
411570,MATINHOS,PR,11/2022,386,255,"66,06",184,71,"72,16",131,"33,94",2,129,"33,42"
411570,MATINHOS,PR,09/2022,380,247,"65,00",174,73,"70,45",133,"35,00",5,128,"33,68"
411573,MATO RICO,PR,09/2022,61,51,"83,61",45,6,"88,24",10,"16,39",0,10,"16,39"
411573,MATO RICO,PR,11/2022,53,42,"79,25",37,5,"88,10",11,"20,75",3,8,"15,09"
411573,MATO RICO,PR,07/2022,60,52,"86,67",44,8,"84,62",8,"13,33",1,7,"11,67"
411575,MAUÁ DA SERRA,PR,07/2022,96,52,"54,17",46,6,"88,46",44,"45,83",0,44,"45,83"
411575,MAUÁ DA SERRA,PR,11/2022,102,62,"60,78",58,4,"93,55",40,"39,22",1,39,"38,24"
411575,MAUÁ DA SERRA,PR,09/2022,103,58,"56,31",55,3,"94,83",45,"43,69",0,45,"43,69"
411580,MEDIANEIRA,PR,09/2022,168,148,"88,10",108,40,"72,97",20,"11,90",6,14,"8,33"
411580,MEDIANEIRA,PR,11/2022,173,138,"79,77",128,10,"92,75",35,"20,23",2,33,"19,08"
411580,MEDIANEIRA,PR,07/2022,160,122,"76,25",105,17,"86,07",38,"23,75",2,36,"22,50"
411585,MERCEDES,PR,07/2022,15,7,"46,67",7,0,"100,00",8,"53,33",0,8,"53,33"
411585,MERCEDES,PR,11/2022,24,14,"58,33",13,1,"92,86",10,"41,67",0,10,"41,67"
411585,MERCEDES,PR,09/2022,21,12,"57,14",11,1,"91,67",9,"42,86",0,9,"42,86"
411590,MIRADOR,PR,09/2022,32,26,"81,25",21,5,"80,77",6,"18,75",1,5,"15,63"
411590,MIRADOR,PR,11/2022,33,25,"75,76",18,7,"72,00",8,"24,24",2,6,"18,18"
411590,MIRADOR,PR,07/2022,29,22,"75,86",21,1,"95,45",7,"24,14",0,7,"24,14"
411600,MIRASELVA,PR,07/2022,24,23,"95,83",18,5,"78,26",1,"4,17",0,1,"4,17"
411600,MIRASELVA,PR,11/2022,27,27,"100,00",23,4,"85,19",0,"0,00",0,0,"0,00"
411600,MIRASELVA,PR,09/2022,26,26,"100,00",18,8,"69,23",0,"0,00",0,0,"0,00"
411605,MISSAL,PR,09/2022,83,67,"80,72",56,11,"83,58",16,"19,28",2,14,"16,87"
411605,MISSAL,PR,11/2022,73,60,"82,19",51,9,"85,00",13,"17,81",0,13,"17,81"
411605,MISSAL,PR,07/2022,78,62,"79,49",52,10,"83,87",16,"20,51",1,15,"19,23"
411610,MOREIRA SALES,PR,07/2022,111,81,"72,97",66,15,"81,48",30,"27,03",2,28,"25,23"
411610,MOREIRA SALES,PR,11/2022,113,93,"82,30",82,11,"88,17",20,"17,70",0,20,"17,70"
411610,MOREIRA SALES,PR,09/2022,115,93,"80,87",93,0,"100,00",22,"19,13",0,22,"19,13"
411620,MORRETES,PR,09/2022,245,195,"79,59",177,18,"90,77",50,"20,41",4,46,"18,78"
411620,MORRETES,PR,11/2022,253,211,"83,40",193,18,"91,47",42,"16,60",0,42,"16,60"
411620,MORRETES,PR,07/2022,229,171,"74,67",161,10,"94,15",58,"25,33",8,50,"21,83"
411630,MUNHOZ DE MELO,PR,07/2022,25,18,"72,00",17,1,"94,44",7,"28,00",0,7,"28,00"
411630,MUNHOZ DE MELO,PR,11/2022,28,19,"67,86",18,1,"94,74",9,"32,14",0,9,"32,14"
411630,MUNHOZ DE MELO,PR,09/2022,24,16,"66,67",16,0,"100,00",8,"33,33",0,8,"33,33"
411640,NOSSA SENHORA DAS GRAÇAS,PR,09/2022,16,9,"56,25",7,2,"77,78",7,"43,75",0,7,"43,75"
411640,NOSSA SENHORA DAS GRAÇAS,PR,11/2022,16,11,"68,75",10,1,"90,91",5,"31,25",0,5,"31,25"
411640,NOSSA SENHORA DAS GRAÇAS,PR,07/2022,12,5,"41,67",5,0,"100,00",7,"58,33",0,7,"58,33"
411650,NOVA ALIANÇA DO IVAÍ,PR,07/2022,9,6,"66,67",5,1,"83,33",3,"33,33",0,3,"33,33"
411650,NOVA ALIANÇA DO IVAÍ,PR,11/2022,9,6,"66,67",5,1,"83,33",3,"33,33",0,3,"33,33"
411650,NOVA ALIANÇA DO IVAÍ,PR,09/2022,8,7,"87,50",4,3,"57,14",1,"12,50",0,1,"12,50"
411660,NOVA AMÉRICA DA COLINA,PR,09/2022,49,47,"95,92",45,2,"95,74",2,"4,08",0,2,"4,08"
411660,NOVA AMÉRICA DA COLINA,PR,11/2022,51,47,"92,16",47,0,"100,00",4,"7,84",0,4,"7,84"
411660,NOVA AMÉRICA DA COLINA,PR,07/2022,48,45,"93,75",45,0,"100,00",3,"6,25",0,3,"6,25"
411670,NOVA AURORA,PR,07/2022,50,40,"80,00",31,9,"77,50",10,"20,00",1,9,"18,00"
411670,NOVA AURORA,PR,11/2022,49,39,"79,59",24,15,"61,54",10,"20,41",3,7,"14,29"
411670,NOVA AURORA,PR,09/2022,51,41,"80,39",29,12,"70,73",10,"19,61",0,10,"19,61"
411680,NOVA CANTU,PR,09/2022,83,46,"55,42",46,0,"100,00",37,"44,58",21,16,"19,28"
411680,NOVA CANTU,PR,11/2022,90,74,"82,22",74,0,"100,00",16,"17,78",2,14,"15,56"
411680,NOVA CANTU,PR,07/2022,77,43,"55,84",40,3,"93,02",34,"44,16",20,14,"18,18"
411690,NOVA ESPERANÇA,PR,07/2022,190,131,"68,95",125,6,"95,42",59,"31,05",4,55,"28,95"
411690,NOVA ESPERANÇA,PR,11/2022,215,148,"68,84",122,26,"82,43",67,"31,16",15,52,"24,19"
411690,NOVA ESPERANÇA,PR,09/2022,214,147,"68,69",136,11,"92,52",67,"31,31",14,53,"24,77"
411695,NOVA ESPERANÇA DO SUDOESTE,PR,09/2022,34,31,"91,18",31,0,"100,00",3,"8,82",2,1,"2,94"
411695,NOVA ESPERANÇA DO SUDOESTE,PR,11/2022,32,32,"100,00",32,0,"100,00",0,"0,00",0,0,"0,00"
411695,NOVA ESPERANÇA DO SUDOESTE,PR,07/2022,31,28,"90,32",25,3,"89,29",3,"9,68",1,2,"6,45"
411700,NOVA FÁTIMA,PR,07/2022,59,38,"64,41",36,2,"94,74",21,"35,59",0,21,"35,59"
411700,NOVA FÁTIMA,PR,11/2022,53,43,"81,13",33,10,"76,74",10,"18,87",0,10,"18,87"
411700,NOVA FÁTIMA,PR,09/2022,62,43,"69,35",35,8,"81,40",19,"30,65",1,18,"29,03"
411705,NOVA LARANJEIRAS,PR,09/2022,278,218,"78,42",185,33,"84,86",60,"21,58",3,57,"20,50"
411705,NOVA LARANJEIRAS,PR,11/2022,260,206,"79,23",178,28,"86,41",54,"20,77",1,53,"20,38"
411705,NOVA LARANJEIRAS,PR,07/2022,264,191,"72,35",144,47,"75,39",73,"27,65",5,68,"25,76"
411710,NOVA LONDRINA,PR,07/2022,80,59,"73,75",59,0,"100,00",21,"26,25",1,20,"25,00"
411710,NOVA LONDRINA,PR,11/2022,89,68,"76,40",67,1,"98,53",21,"23,60",0,21,"23,60"
411710,NOVA LONDRINA,PR,09/2022,86,63,"73,26",60,3,"95,24",23,"26,74",0,23,"26,74"
411720,NOVA OLÍMPIA,PR,09/2022,39,27,"69,23",26,1,"96,30",12,"30,77",1,11,"28,21"
411720,NOVA OLÍMPIA,PR,11/2022,31,24,"77,42",24,0,"100,00",7,"22,58",0,7,"22,58"
411720,NOVA OLÍMPIA,PR,07/2022,34,31,"91,18",25,6,"80,65",3,"8,82",0,3,"8,82"
411721,NOVA SANTA BÁRBARA,PR,07/2022,34,20,"58,82",20,0,"100,00",14,"41,18",12,2,"5,88"
411721,NOVA SANTA BÁRBARA,PR,11/2022,34,28,"82,35",28,0,"100,00",6,"17,65",0,6,"17,65"
411721,NOVA SANTA BÁRBARA,PR,09/2022,36,25,"69,44",25,0,"100,00",11,"30,56",7,4,"11,11"
411722,NOVA SANTA ROSA,PR,09/2022,33,29,"87,88",15,14,"51,72",4,"12,12",1,3,"9,09"
411722,NOVA SANTA ROSA,PR,11/2022,30,21,"70,00",14,7,"66,67",9,"30,00",0,9,"30,00"
411722,NOVA SANTA ROSA,PR,07/2022,31,24,"77,42",11,13,"45,83",7,"22,58",1,6,"19,35"
411725,NOVA PRATA DO IGUAÇU,PR,07/2022,61,45,"73,77",35,10,"77,78",16,"26,23",2,14,"22,95"
411725,NOVA PRATA DO IGUAÇU,PR,11/2022,75,54,"72,00",49,5,"90,74",21,"28,00",0,21,"28,00"
411725,NOVA PRATA DO IGUAÇU,PR,09/2022,70,50,"71,43",44,6,"88,00",20,"28,57",3,17,"24,29"
411727,NOVA TEBAS,PR,09/2022,64,56,"87,50",44,12,"78,57",8,"12,50",1,7,"10,94"
411727,NOVA TEBAS,PR,11/2022,60,54,"90,00",44,10,"81,48",6,"10,00",1,5,"8,33"
411727,NOVA TEBAS,PR,07/2022,60,52,"86,67",38,14,"73,08",8,"13,33",3,5,"8,33"
411729,NOVO ITACOLOMI,PR,07/2022,18,18,"100,00",16,2,"88,89",0,"0,00",0,0,"0,00"
411729,NOVO ITACOLOMI,PR,11/2022,19,18,"94,74",16,2,"88,89",1,"5,26",0,1,"5,26"
411729,NOVO ITACOLOMI,PR,09/2022,19,18,"94,74",15,3,"83,33",1,"5,26",0,1,"5,26"
411730,ORTIGUEIRA,PR,09/2022,431,322,"74,71",274,48,"85,09",109,"25,29",3,106,"24,59"
411730,ORTIGUEIRA,PR,11/2022,405,305,"75,31",270,35,"88,52",100,"24,69",2,98,"24,20"
411730,ORTIGUEIRA,PR,07/2022,408,299,"73,28",225,74,"75,25",109,"26,72",0,109,"26,72"
411740,OURIZONA,PR,07/2022,15,2,"13,33",2,0,"100,00",13,"86,67",9,4,"26,67"
411740,OURIZONA,PR,11/2022,14,5,"35,71",5,0,"100,00",9,"64,29",5,4,"28,57"
411740,OURIZONA,PR,09/2022,15,7,"46,67",7,0,"100,00",8,"53,33",4,4,"26,67"
411745,OURO VERDE DO OESTE,PR,09/2022,26,22,"84,62",14,8,"63,64",4,"15,38",1,3,"11,54"
411745,OURO VERDE DO OESTE,PR,11/2022,20,16,"80,00",13,3,"81,25",4,"20,00",1,3,"15,00"
411745,OURO VERDE DO OESTE,PR,07/2022,25,21,"84,00",16,5,"76,19",4,"16,00",1,3,"12,00"
411750,PAIÇANDU,PR,07/2022,228,157,"68,86",139,18,"88,54",71,"31,14",1,70,"30,70"
411750,PAIÇANDU,PR,11/2022,267,158,"59,18",126,32,"79,75",109,"40,82",37,72,"26,97"
411750,PAIÇANDU,PR,09/2022,266,179,"67,29",151,28,"84,36",87,"32,71",6,81,"30,45"
411760,PALMAS,PR,09/2022,496,339,"68,35",256,83,"75,52",157,"31,65",5,152,"30,65"
411760,PALMAS,PR,11/2022,489,386,"78,94",288,98,"74,61",103,"21,06",5,98,"20,04"
411760,PALMAS,PR,07/2022,474,327,"68,99",267,60,"81,65",147,"31,01",22,125,"26,37"
411770,PALMEIRA,PR,07/2022,200,161,"80,50",112,49,"69,57",39,"19,50",0,39,"19,50"
411770,PALMEIRA,PR,11/2022,211,173,"81,99",129,44,"74,57",38,"18,01",0,38,"18,01"
411770,PALMEIRA,PR,09/2022,216,177,"81,94",124,53,"70,06",39,"18,06",0,39,"18,06"
411780,PALMITAL,PR,09/2022,266,213,"80,08",199,14,"93,43",53,"19,92",2,51,"19,17"
411780,PALMITAL,PR,11/2022,240,208,"86,67",178,30,"85,58",32,"13,33",2,30,"12,50"
411780,PALMITAL,PR,07/2022,257,205,"79,77",164,41,"80,00",52,"20,23",4,48,"18,68"
411790,PALOTINA,PR,07/2022,98,70,"71,43",66,4,"94,29",28,"28,57",6,22,"22,45"
411790,PALOTINA,PR,11/2022,96,84,"87,50",70,14,"83,33",12,"12,50",0,12,"12,50"
411790,PALOTINA,PR,09/2022,96,74,"77,08",64,10,"86,49",22,"22,92",2,20,"20,83"
411800,PARAÍSO DO NORTE,PR,09/2022,50,18,"36,00",13,5,"72,22",32,"64,00",18,14,"28,00"
411800,PARAÍSO DO NORTE,PR,11/2022,48,40,"83,33",34,6,"85,00",8,"16,67",0,8,"16,67"
411800,PARAÍSO DO NORTE,PR,07/2022,46,34,"73,91",23,11,"67,65",12,"26,09",0,12,"26,09"
411810,PARANACITY,PR,07/2022,71,55,"77,46",41,14,"74,55",16,"22,54",0,16,"22,54"
411810,PARANACITY,PR,11/2022,65,55,"84,62",38,17,"69,09",10,"15,38",0,10,"15,38"
411810,PARANACITY,PR,09/2022,73,32,"43,84",16,16,"50,00",41,"56,16",28,13,"17,81"
411820,PARANAGUÁ,PR,09/2022,1403,880,"62,72",698,182,"79,32",523,"37,28",309,214,"15,25"
411820,PARANAGUÁ,PR,11/2022,1426,1234,"86,54",1026,208,"83,14",192,"13,46",25,167,"11,71"
411820,PARANAGUÁ,PR,07/2022,1291,709,"54,92",548,161,"77,29",582,"45,08",289,293,"22,70"
411830,PARANAPOEMA,PR,07/2022,24,18,"75,00",17,1,"94,44",6,"25,00",0,6,"25,00"
411830,PARANAPOEMA,PR,11/2022,25,19,"76,00",19,0,"100,00",6,"24,00",0,6,"24,00"
411830,PARANAPOEMA,PR,09/2022,26,19,"73,08",19,0,"100,00",7,"26,92",0,7,"26,92"
411840,PARANAVAÍ,PR,09/2022,647,515,"79,60",447,68,"86,80",132,"20,40",4,128,"19,78"
411840,PARANAVAÍ,PR,11/2022,654,601,"91,90",441,160,"73,38",53,"8,10",28,25,"3,82"
411840,PARANAVAÍ,PR,07/2022,575,456,"79,30",392,64,"85,96",119,"20,70",4,115,"20,00"
411845,PATO BRAGADO,PR,07/2022,21,13,"61,90",7,6,"53,85",8,"38,10",1,7,"33,33"
411845,PATO BRAGADO,PR,11/2022,26,18,"69,23",16,2,"88,89",8,"30,77",0,8,"30,77"
411845,PATO BRAGADO,PR,09/2022,23,12,"52,17",8,4,"66,67",11,"47,83",2,9,"39,13"
411850,PATO BRANCO,PR,09/2022,368,272,"73,91",179,93,"65,81",96,"26,09",21,75,"20,38"
411850,PATO BRANCO,PR,11/2022,368,294,"79,89",236,58,"80,27",74,"20,11",2,72,"19,57"
411850,PATO BRANCO,PR,07/2022,344,259,"75,29",185,74,"71,43",85,"24,71",15,70,"20,35"
411860,PAULA FREITAS,PR,07/2022,32,19,"59,38",17,2,"89,47",13,"40,63",1,12,"37,50"
411860,PAULA FREITAS,PR,11/2022,30,23,"76,67",21,2,"91,30",7,"23,33",0,7,"23,33"
411860,PAULA FREITAS,PR,09/2022,34,21,"61,76",16,5,"76,19",13,"38,24",0,13,"38,24"
411870,PAULO FRONTIN,PR,09/2022,32,31,"96,88",27,4,"87,10",1,"3,13",0,1,"3,13"
411870,PAULO FRONTIN,PR,11/2022,31,31,"100,00",29,2,"93,55",0,"0,00",0,0,"0,00"
411870,PAULO FRONTIN,PR,07/2022,28,26,"92,86",23,3,"88,46",2,"7,14",1,1,"3,57"
411880,PEABIRU,PR,07/2022,101,94,"93,07",70,24,"74,47",7,"6,93",0,7,"6,93"
411880,PEABIRU,PR,11/2022,100,81,"81,00",72,9,"88,89",19,"19,00",2,17,"17,00"
411880,PEABIRU,PR,09/2022,112,93,"83,04",66,27,"70,97",19,"16,96",4,15,"13,39"
411885,PEROBAL,PR,09/2022,44,44,"100,00",30,14,"68,18",0,"0,00",0,0,"0,00"
411885,PEROBAL,PR,11/2022,44,40,"90,91",27,13,"67,50",4,"9,09",4,0,"0,00"
411885,PEROBAL,PR,07/2022,39,27,"69,23",15,12,"55,56",12,"30,77",12,0,"0,00"
411890,PÉROLA,PR,07/2022,46,29,"63,04",17,12,"58,62",17,"36,96",1,16,"34,78"
411890,PÉROLA,PR,11/2022,46,31,"67,39",19,12,"61,29",15,"32,61",0,15,"32,61"
411890,PÉROLA,PR,09/2022,44,28,"63,64",17,11,"60,71",16,"36,36",0,16,"36,36"
411900,PÉROLA D´OESTE,PR,09/2022,31,24,"77,42",13,11,"54,17",7,"22,58",1,6,"19,35"
411900,PÉROLA D´OESTE,PR,11/2022,24,19,"79,17",16,3,"84,21",5,"20,83",0,5,"20,83"
411900,PÉROLA D´OESTE,PR,07/2022,25,18,"72,00",13,5,"72,22",7,"28,00",0,7,"28,00"
411910,PIÊN,PR,07/2022,58,40,"68,97",34,6,"85,00",18,"31,03",0,18,"31,03"
411910,PIÊN,PR,11/2022,58,45,"77,59",39,6,"86,67",13,"22,41",2,11,"18,97"
411910,PIÊN,PR,09/2022,58,46,"79,31",40,6,"86,96",12,"20,69",0,12,"20,69"
411915,PINHAIS,PR,09/2022,832,752,"90,38",675,77,"89,76",80,"9,62",10,70,"8,41"
411915,PINHAIS,PR,11/2022,866,788,"90,99",712,76,"90,36",78,"9,01",5,73,"8,43"
411915,PINHAIS,PR,07/2022,765,626,"81,83",625,1,"99,84",139,"18,17",9,130,"16,99"
411920,PINHALÃO,PR,07/2022,89,76,"85,39",76,0,"100,00",13,"14,61",0,13,"14,61"
411920,PINHALÃO,PR,11/2022,92,81,"88,04",81,0,"100,00",11,"11,96",0,11,"11,96"
411920,PINHALÃO,PR,09/2022,103,87,"84,47",87,0,"100,00",16,"15,53",0,16,"15,53"
411925,PINHAL DE SÃO BENTO,PR,09/2022,24,23,"95,83",17,6,"73,91",1,"4,17",0,1,"4,17"
411925,PINHAL DE SÃO BENTO,PR,11/2022,24,23,"95,83",18,5,"78,26",1,"4,17",1,0,"0,00"
411925,PINHAL DE SÃO BENTO,PR,07/2022,25,22,"88,00",16,6,"72,73",3,"12,00",0,3,"12,00"
411930,PINHÃO,PR,07/2022,469,303,"64,61",229,74,"75,58",166,"35,39",17,149,"31,77"
411930,PINHÃO,PR,11/2022,475,329,"69,26",274,55,"83,28",146,"30,74",5,141,"29,68"
411930,PINHÃO,PR,09/2022,487,325,"66,74",255,70,"78,46",162,"33,26",12,150,"30,80"
411940,PIRAÍ DO SUL,PR,09/2022,258,179,"69,38",148,31,"82,68",79,"30,62",3,76,"29,46"
411940,PIRAÍ DO SUL,PR,11/2022,250,168,"67,20",151,17,"89,88",82,"32,80",0,82,"32,80"
411940,PIRAÍ DO SUL,PR,07/2022,228,179,"78,51",133,46,"74,30",49,"21,49",1,48,"21,05"
411950,PIRAQUARA,PR,07/2022,1051,617,"58,71",546,71,"88,49",434,"41,29",10,424,"40,34"
411950,PIRAQUARA,PR,11/2022,1122,800,"71,30",742,58,"92,75",322,"28,70",12,310,"27,63"
411950,PIRAQUARA,PR,09/2022,1161,745,"64,17",678,67,"91,01",416,"35,83",12,404,"34,80"
411960,PITANGA,PR,09/2022,436,331,"75,92",254,77,"76,74",105,"24,08",4,101,"23,17"
411960,PITANGA,PR,11/2022,432,345,"79,86",296,49,"85,80",87,"20,14",2,85,"19,68"
411960,PITANGA,PR,07/2022,409,305,"74,57",251,54,"82,30",104,"25,43",8,96,"23,47"
411965,PITANGUEIRAS,PR,07/2022,20,14,"70,00",10,4,"71,43",6,"30,00",0,6,"30,00"
411965,PITANGUEIRAS,PR,11/2022,20,19,"95,00",13,6,"68,42",1,"5,00",0,1,"5,00"
411965,PITANGUEIRAS,PR,09/2022,20,17,"85,00",8,9,"47,06",3,"15,00",1,2,"10,00"
411970,PLANALTINA DO PARANÁ,PR,09/2022,58,48,"82,76",39,9,"81,25",10,"17,24",1,9,"15,52"
411970,PLANALTINA DO PARANÁ,PR,11/2022,52,48,"92,31",39,9,"81,25",4,"7,69",1,3,"5,77"
411970,PLANALTINA DO PARANÁ,PR,07/2022,46,39,"84,78",33,6,"84,62",7,"15,22",0,7,"15,22"
411980,PLANALTO,PR,07/2022,65,49,"75,38",46,3,"93,88",16,"24,62",1,15,"23,08"
411980,PLANALTO,PR,11/2022,72,57,"79,17",51,6,"89,47",15,"20,83",0,15,"20,83"
411980,PLANALTO,PR,09/2022,70,52,"74,29",48,4,"92,31",18,"25,71",1,17,"24,29"
411990,PONTA GROSSA,PR,09/2022,2635,1829,"69,41",1499,330,"81,96",806,"30,59",8,798,"30,28"
411990,PONTA GROSSA,PR,11/2022,2554,1980,"77,53",1675,305,"84,60",574,"22,47",8,566,"22,16"
411990,PONTA GROSSA,PR,07/2022,2426,1637,"67,48",1374,263,"83,93",789,"32,52",30,759,"31,29"
411995,PONTAL DO PARANÁ,PR,07/2022,243,148,"60,91",111,37,"75,00",95,"39,09",9,86,"35,39"
411995,PONTAL DO PARANÁ,PR,11/2022,294,195,"66,33",174,21,"89,23",99,"33,67",1,98,"33,33"
411995,PONTAL DO PARANÁ,PR,09/2022,265,164,"61,89",138,26,"84,15",101,"38,11",6,95,"35,85"
412000,PORECATU,PR,09/2022,108,88,"81,48",75,13,"85,23",20,"18,52",6,14,"12,96"
412000,PORECATU,PR,11/2022,101,91,"90,10",85,6,"93,41",10,"9,90",0,10,"9,90"
412000,PORECATU,PR,07/2022,88,77,"87,50",65,12,"84,42",11,"12,50",8,3,"3,41"
412010,PORTO AMAZONAS,PR,07/2022,17,7,"41,18",4,3,"57,14",10,"58,82",1,9,"52,94"
412010,PORTO AMAZONAS,PR,11/2022,24,15,"62,50",12,3,"80,00",9,"37,50",0,9,"37,50"
412010,PORTO AMAZONAS,PR,09/2022,25,13,"52,00",10,3,"76,92",12,"48,00",3,9,"36,00"
412015,PORTO BARREIRO,PR,09/2022,35,29,"82,86",19,10,"65,52",6,"17,14",2,4,"11,43"
412015,PORTO BARREIRO,PR,11/2022,36,32,"88,89",28,4,"87,50",4,"11,11",0,4,"11,11"
412015,PORTO BARREIRO,PR,07/2022,34,26,"76,47",14,12,"53,85",8,"23,53",2,6,"17,65"
412020,PORTO RICO,PR,07/2022,37,30,"81,08",22,8,"73,33",7,"18,92",1,6,"16,22"
412020,PORTO RICO,PR,11/2022,25,24,"96,00",20,4,"83,33",1,"4,00",0,1,"4,00"
412020,PORTO RICO,PR,09/2022,31,26,"83,87",17,9,"65,38",5,"16,13",0,5,"16,13"
412030,PORTO VITÓRIA,PR,09/2022,34,32,"94,12",29,3,"90,63",2,"5,88",0,2,"5,88"
412030,PORTO VITÓRIA,PR,11/2022,34,33,"97,06",32,1,"96,97",1,"2,94",0,1,"2,94"
412030,PORTO VITÓRIA,PR,07/2022,30,25,"83,33",22,3,"88,00",5,"16,67",0,5,"16,67"
412033,PRADO FERREIRA,PR,07/2022,23,23,"100,00",19,4,"82,61",0,"0,00",0,0,"0,00"
412033,PRADO FERREIRA,PR,11/2022,25,23,"92,00",17,6,"73,91",2,"8,00",0,2,"8,00"
412033,PRADO FERREIRA,PR,09/2022,25,21,"84,00",19,2,"90,48",4,"16,00",0,4,"16,00"
412035,PRANCHITA,PR,09/2022,41,36,"87,80",20,16,"55,56",5,"12,20",0,5,"12,20"
412035,PRANCHITA,PR,11/2022,38,34,"89,47",24,10,"70,59",4,"10,53",0,4,"10,53"
412035,PRANCHITA,PR,07/2022,39,34,"87,18",26,8,"76,47",5,"12,82",0,5,"12,82"
412040,PRESIDENTE CASTELO BRANCO,PR,07/2022,14,10,"71,43",5,5,"50,00",4,"28,57",0,4,"28,57"
412040,PRESIDENTE CASTELO BRANCO,PR,11/2022,17,15,"88,24",7,8,"46,67",2,"11,76",0,2,"11,76"
412040,PRESIDENTE CASTELO BRANCO,PR,09/2022,16,13,"81,25",6,7,"46,15",3,"18,75",0,3,"18,75"
412050,PRIMEIRO DE MAIO,PR,09/2022,94,54,"57,45",43,11,"79,63",40,"42,55",0,40,"42,55"
412050,PRIMEIRO DE MAIO,PR,11/2022,85,59,"69,41",51,8,"86,44",26,"30,59",0,26,"30,59"
412050,PRIMEIRO DE MAIO,PR,07/2022,89,73,"82,02",48,25,"65,75",16,"17,98",0,16,"17,98"
412060,PRUDENTÓPOLIS,PR,07/2022,581,496,"85,37",339,157,"68,35",85,"14,63",7,78,"13,43"
412060,PRUDENTÓPOLIS,PR,11/2022,532,522,"98,12",391,131,"74,90",10,"1,88",7,3,"0,56"
412060,PRUDENTÓPOLIS,PR,09/2022,580,509,"87,76",340,169,"66,80",71,"12,24",8,63,"10,86"
412065,QUARTO CENTENÁRIO,PR,09/2022,30,23,"76,67",14,9,"60,87",7,"23,33",0,7,"23,33"
412065,QUARTO CENTENÁRIO,PR,11/2022,31,25,"80,65",20,5,"80,00",6,"19,35",0,6,"19,35"
412065,QUARTO CENTENÁRIO,PR,07/2022,28,22,"78,57",13,9,"59,09",6,"21,43",0,6,"21,43"
412070,QUATIGUÁ,PR,07/2022,41,35,"85,37",30,5,"85,71",6,"14,63",2,4,"9,76"
412070,QUATIGUÁ,PR,11/2022,51,48,"94,12",43,5,"89,58",3,"5,88",0,3,"5,88"
412070,QUATIGUÁ,PR,09/2022,48,43,"89,58",39,4,"90,70",5,"10,42",0,5,"10,42"
412080,QUATRO BARRAS,PR,09/2022,100,57,"57,00",50,7,"87,72",43,"43,00",34,9,"9,00"
412080,QUATRO BARRAS,PR,11/2022,109,101,"92,66",93,8,"92,08",8,"7,34",0,8,"7,34"
412080,QUATRO BARRAS,PR,07/2022,91,31,"34,07",27,4,"87,10",60,"65,93",52,8,"8,79"
412085,QUATRO PONTES,PR,07/2022,7,5,"71,43",4,1,"80,00",2,"28,57",0,2,"28,57"
412085,QUATRO PONTES,PR,11/2022,5,4,"80,00",4,0,"100,00",1,"20,00",0,1,"20,00"
412085,QUATRO PONTES,PR,09/2022,7,5,"71,43",5,0,"100,00",2,"28,57",0,2,"28,57"
412090,QUEDAS DO IGUAÇU,PR,09/2022,470,369,"78,51",346,23,"93,77",101,"21,49",3,98,"20,85"
412090,QUEDAS DO IGUAÇU,PR,11/2022,460,370,"80,43",352,18,"95,14",90,"19,57",5,85,"18,48"
412090,QUEDAS DO IGUAÇU,PR,07/2022,471,390,"82,80",384,6,"98,46",81,"17,20",2,79,"16,77"
412100,QUERÊNCIA DO NORTE,PR,07/2022,121,92,"76,03",92,0,"100,00",29,"23,97",1,28,"23,14"
412100,QUERÊNCIA DO NORTE,PR,11/2022,122,107,"87,70",81,26,"75,70",15,"12,30",0,15,"12,30"
412100,QUERÊNCIA DO NORTE,PR,09/2022,127,98,"77,17",67,31,"68,37",29,"22,83",0,29,"22,83"
412110,QUINTA DO SOL,PR,09/2022,41,29,"70,73",24,5,"82,76",12,"29,27",1,11,"26,83"
412110,QUINTA DO SOL,PR,11/2022,41,30,"73,17",24,6,"80,00",11,"26,83",0,11,"26,83"
412110,QUINTA DO SOL,PR,07/2022,40,28,"70,00",24,4,"85,71",12,"30,00",1,11,"27,50"
412120,QUITANDINHA,PR,07/2022,108,92,"85,19",86,6,"93,48",16,"14,81",1,15,"13,89"
412120,QUITANDINHA,PR,11/2022,120,99,"82,50",91,8,"91,92",21,"17,50",1,20,"16,67"
412120,QUITANDINHA,PR,09/2022,111,92,"82,88",83,9,"90,22",19,"17,12",0,19,"17,12"
412125,RAMILÂNDIA,PR,09/2022,49,34,"69,39",34,0,"100,00",15,"30,61",0,15,"30,61"
412125,RAMILÂNDIA,PR,11/2022,40,15,"37,50",15,0,"100,00",25,"62,50",0,25,"62,50"
412125,RAMILÂNDIA,PR,07/2022,48,35,"72,92",21,14,"60,00",13,"27,08",0,13,"27,08"
412130,RANCHO ALEGRE,PR,07/2022,30,22,"73,33",21,1,"95,45",8,"26,67",2,6,"20,00"
412130,RANCHO ALEGRE,PR,11/2022,32,27,"84,38",23,4,"85,19",5,"15,63",0,5,"15,63"
412130,RANCHO ALEGRE,PR,09/2022,32,25,"78,13",21,4,"84,00",7,"21,88",0,7,"21,88"
412135,RANCHO ALEGRE D´OESTE,PR,09/2022,24,22,"91,67",20,2,"90,91",2,"8,33",0,2,"8,33"
412135,RANCHO ALEGRE D´OESTE,PR,11/2022,22,19,"86,36",19,0,"100,00",3,"13,64",0,3,"13,64"
412135,RANCHO ALEGRE D´OESTE,PR,07/2022,22,12,"54,55",12,0,"100,00",10,"45,45",0,10,"45,45"
412140,REALEZA,PR,07/2022,74,48,"64,86",39,9,"81,25",26,"35,14",2,24,"32,43"
412140,REALEZA,PR,11/2022,74,53,"71,62",42,11,"79,25",21,"28,38",10,11,"14,86"
412140,REALEZA,PR,09/2022,74,51,"68,92",39,12,"76,47",23,"31,08",0,23,"31,08"
412150,REBOUÇAS,PR,09/2022,214,173,"80,84",141,32,"81,50",41,"19,16",1,40,"18,69"
412150,REBOUÇAS,PR,11/2022,204,164,"80,39",144,20,"87,80",40,"19,61",0,40,"19,61"
412150,REBOUÇAS,PR,07/2022,215,172,"80,00",137,35,"79,65",43,"20,00",0,43,"20,00"
412160,RENASCENÇA,PR,07/2022,34,29,"85,29",21,8,"72,41",5,"14,71",1,4,"11,76"
412160,RENASCENÇA,PR,11/2022,34,27,"79,41",18,9,"66,67",7,"20,59",0,7,"20,59"
412160,RENASCENÇA,PR,09/2022,35,30,"85,71",24,6,"80,00",5,"14,29",0,5,"14,29"
412170,RESERVA,PR,09/2022,334,313,"93,71",242,71,"77,32",21,"6,29",3,18,"5,39"
412170,RESERVA,PR,11/2022,321,306,"95,33",247,59,"80,72",15,"4,67",0,15,"4,67"
412170,RESERVA,PR,07/2022,310,291,"93,87",245,46,"84,19",19,"6,13",1,18,"5,81"
412175,RESERVA DO IGUAÇU,PR,07/2022,114,98,"85,96",98,0,"100,00",16,"14,04",1,15,"13,16"
412175,RESERVA DO IGUAÇU,PR,11/2022,120,99,"82,50",81,18,"81,82",21,"17,50",1,20,"16,67"
412175,RESERVA DO IGUAÇU,PR,09/2022,118,81,"68,64",57,24,"70,37",37,"31,36",18,19,"16,10"
412180,RIBEIRÃO CLARO,PR,09/2022,92,59,"64,13",54,5,"91,53",33,"35,87",0,33,"35,87"
412180,RIBEIRÃO CLARO,PR,11/2022,84,50,"59,52",39,11,"78,00",34,"40,48",2,32,"38,10"
412180,RIBEIRÃO CLARO,PR,07/2022,90,56,"62,22",55,1,"98,21",34,"37,78",0,34,"37,78"
412190,RIBEIRÃO DO PINHAL,PR,07/2022,182,172,"94,51",156,16,"90,70",10,"5,49",0,10,"5,49"
412190,RIBEIRÃO DO PINHAL,PR,11/2022,167,159,"95,21",156,3,"98,11",8,"4,79",0,8,"4,79"
412190,RIBEIRÃO DO PINHAL,PR,09/2022,183,172,"93,99",172,0,"100,00",11,"6,01",0,11,"6,01"
412200,RIO AZUL,PR,09/2022,111,106,"95,50",94,12,"88,68",5,"4,50",1,4,"3,60"
412200,RIO AZUL,PR,11/2022,109,105,"96,33",89,16,"84,76",4,"3,67",0,4,"3,67"
412200,RIO AZUL,PR,07/2022,105,99,"94,29",91,8,"91,92",6,"5,71",1,5,"4,76"
412210,RIO BOM,PR,07/2022,21,14,"66,67",8,6,"57,14",7,"33,33",0,7,"33,33"
412210,RIO BOM,PR,11/2022,20,13,"65,00",11,2,"84,62",7,"35,00",1,6,"30,00"
412210,RIO BOM,PR,09/2022,21,15,"71,43",12,3,"80,00",6,"28,57",0,6,"28,57"
412215,RIO BONITO DO IGUAÇU,PR,09/2022,260,213,"81,92",170,43,"79,81",47,"18,08",4,43,"16,54"
412215,RIO BONITO DO IGUAÇU,PR,11/2022,242,204,"84,30",193,11,"94,61",38,"15,70",0,38,"15,70"
412215,RIO BONITO DO IGUAÇU,PR,07/2022,264,218,"82,58",198,20,"90,83",46,"17,42",1,45,"17,05"
412217,RIO BRANCO DO IVAÍ,PR,07/2022,66,55,"83,33",47,8,"85,45",11,"16,67",1,10,"15,15"
412217,RIO BRANCO DO IVAÍ,PR,11/2022,56,46,"82,14",46,0,"100,00",10,"17,86",0,10,"17,86"
412217,RIO BRANCO DO IVAÍ,PR,09/2022,70,58,"82,86",52,6,"89,66",12,"17,14",2,10,"14,29"
412220,RIO BRANCO DO SUL,PR,09/2022,495,433,"87,47",396,37,"91,45",62,"12,53",1,61,"12,32"
412220,RIO BRANCO DO SUL,PR,11/2022,453,301,"66,45",246,55,"81,73",152,"33,55",87,65,"14,35"
412220,RIO BRANCO DO SUL,PR,07/2022,464,349,"75,22",316,33,"90,54",115,"24,78",69,46,"9,91"
412230,RIO NEGRO,PR,07/2022,143,113,"79,02",99,14,"87,61",30,"20,98",2,28,"19,58"
412230,RIO NEGRO,PR,11/2022,154,129,"83,77",120,9,"93,02",25,"16,23",0,25,"16,23"
412230,RIO NEGRO,PR,09/2022,158,129,"81,65",118,11,"91,47",29,"18,35",1,28,"17,72"
412240,ROLÂNDIA,PR,09/2022,304,235,"77,30",160,75,"68,09",69,"22,70",3,66,"21,71"
412240,ROLÂNDIA,PR,11/2022,294,244,"82,99",183,61,"75,00",50,"17,01",1,49,"16,67"
412240,ROLÂNDIA,PR,07/2022,273,211,"77,29",157,54,"74,41",62,"22,71",0,62,"22,71"
412250,RONCADOR,PR,07/2022,88,72,"81,82",57,15,"79,17",16,"18,18",2,14,"15,91"
412250,RONCADOR,PR,11/2022,72,65,"90,28",52,13,"80,00",7,"9,72",1,6,"8,33"
412250,RONCADOR,PR,09/2022,86,76,"88,37",58,18,"76,32",10,"11,63",3,7,"8,14"
412260,RONDON,PR,09/2022,69,49,"71,01",44,5,"89,80",20,"28,99",1,19,"27,54"
412260,RONDON,PR,11/2022,72,48,"66,67",41,7,"85,42",24,"33,33",2,22,"30,56"
412260,RONDON,PR,07/2022,51,33,"64,71",31,2,"93,94",18,"35,29",2,16,"31,37"
412265,ROSÁRIO DO IVAÍ,PR,07/2022,60,41,"68,33",39,2,"95,12",19,"31,67",0,19,"31,67"
412265,ROSÁRIO DO IVAÍ,PR,11/2022,72,51,"70,83",50,1,"98,04",21,"29,17",1,20,"27,78"
412265,ROSÁRIO DO IVAÍ,PR,09/2022,66,40,"60,61",38,2,"95,00",26,"39,39",7,19,"28,79"
412270,SABÁUDIA,PR,09/2022,45,43,"95,56",35,8,"81,40",2,"4,44",0,2,"4,44"
412270,SABÁUDIA,PR,11/2022,43,41,"95,35",35,6,"85,37",2,"4,65",0,2,"4,65"
412270,SABÁUDIA,PR,07/2022,44,41,"93,18",39,2,"95,12",3,"6,82",0,3,"6,82"
412280,SALGADO FILHO,PR,07/2022,24,22,"91,67",14,8,"63,64",2,"8,33",0,2,"8,33"
412280,SALGADO FILHO,PR,11/2022,19,15,"78,95",11,4,"73,33",4,"21,05",0,4,"21,05"
412280,SALGADO FILHO,PR,09/2022,24,21,"87,50",13,8,"61,90",3,"12,50",0,3,"12,50"
412290,SALTO DO ITARARÉ,PR,09/2022,43,32,"74,42",29,3,"90,63",11,"25,58",1,10,"23,26"
412290,SALTO DO ITARARÉ,PR,11/2022,36,34,"94,44",34,0,"100,00",2,"5,56",0,2,"5,56"
412290,SALTO DO ITARARÉ,PR,07/2022,46,29,"63,04",21,8,"72,41",17,"36,96",0,17,"36,96"
412300,SALTO DO LONTRA,PR,07/2022,79,8,"10,13",8,0,"100,00",71,"89,87",47,24,"30,38"
412300,SALTO DO LONTRA,PR,11/2022,83,10,"12,05",10,0,"100,00",73,"87,95",51,22,"26,51"
412300,SALTO DO LONTRA,PR,09/2022,88,59,"67,05",54,5,"91,53",29,"32,95",3,26,"29,55"
412310,SANTA AMÉLIA,PR,09/2022,47,37,"78,72",30,7,"81,08",10,"21,28",1,9,"19,15"
412310,SANTA AMÉLIA,PR,11/2022,39,31,"79,49",26,5,"83,87",8,"20,51",6,2,"5,13"
412310,SANTA AMÉLIA,PR,07/2022,45,33,"73,33",22,11,"66,67",12,"26,67",7,5,"11,11"
412320,SANTA CECÍLIA DO PAVÃO,PR,07/2022,23,19,"82,61",19,0,"100,00",4,"17,39",1,3,"13,04"
412320,SANTA CECÍLIA DO PAVÃO,PR,11/2022,22,21,"95,45",20,1,"95,24",1,"4,55",0,1,"4,55"
412320,SANTA CECÍLIA DO PAVÃO,PR,09/2022,24,21,"87,50",21,0,"100,00",3,"12,50",0,3,"12,50"
412330,SANTA CRUZ DE MONTE CASTELO,PR,09/2022,87,64,"73,56",51,13,"79,69",23,"26,44",0,23,"26,44"
412330,SANTA CRUZ DE MONTE CASTELO,PR,11/2022,84,64,"76,19",54,10,"84,38",20,"23,81",0,20,"23,81"
412330,SANTA CRUZ DE MONTE CASTELO,PR,07/2022,74,55,"74,32",38,17,"69,09",19,"25,68",0,19,"25,68"
412340,SANTA FÉ,PR,07/2022,43,33,"76,74",32,1,"96,97",10,"23,26",0,10,"23,26"
412340,SANTA FÉ,PR,11/2022,55,42,"76,36",38,4,"90,48",13,"23,64",1,12,"21,82"
412340,SANTA FÉ,PR,09/2022,51,41,"80,39",39,2,"95,12",10,"19,61",0,10,"19,61"
412350,SANTA HELENA,PR,09/2022,121,82,"67,77",58,24,"70,73",39,"32,23",6,33,"27,27"
412350,SANTA HELENA,PR,11/2022,133,91,"68,42",74,17,"81,32",42,"31,58",4,38,"28,57"
412350,SANTA HELENA,PR,07/2022,106,68,"64,15",62,6,"91,18",38,"35,85",6,32,"30,19"
412360,SANTA INÊS,PR,07/2022,18,13,"72,22",12,1,"92,31",5,"27,78",0,5,"27,78"
412360,SANTA INÊS,PR,11/2022,20,14,"70,00",14,0,"100,00",6,"30,00",0,6,"30,00"
412360,SANTA INÊS,PR,09/2022,21,16,"76,19",16,0,"100,00",5,"23,81",0,5,"23,81"
412370,SANTA ISABEL DO IVAÍ,PR,09/2022,63,51,"80,95",33,18,"64,71",12,"19,05",1,11,"17,46"
412370,SANTA ISABEL DO IVAÍ,PR,11/2022,61,60,"98,36",36,24,"60,00",1,"1,64",0,1,"1,64"
412370,SANTA ISABEL DO IVAÍ,PR,07/2022,51,39,"76,47",29,10,"74,36",12,"23,53",1,11,"21,57"
412380,SANTA IZABEL DO OESTE,PR,07/2022,61,54,"88,52",37,17,"68,52",7,"11,48",1,6,"9,84"
412380,SANTA IZABEL DO OESTE,PR,11/2022,62,49,"79,03",40,9,"81,63",13,"20,97",3,10,"16,13"
412380,SANTA IZABEL DO OESTE,PR,09/2022,61,49,"80,33",43,6,"87,76",12,"19,67",2,10,"16,39"
412382,SANTA LÚCIA,PR,09/2022,25,21,"84,00",17,4,"80,95",4,"16,00",0,4,"16,00"
412382,SANTA LÚCIA,PR,11/2022,26,23,"88,46",20,3,"86,96",3,"11,54",0,3,"11,54"
412382,SANTA LÚCIA,PR,07/2022,21,15,"71,43",15,0,"100,00",6,"28,57",1,5,"23,81"
412385,SANTA MARIA DO OESTE,PR,07/2022,180,143,"79,44",106,37,"74,13",37,"20,56",1,36,"20,00"
412385,SANTA MARIA DO OESTE,PR,11/2022,170,141,"82,94",125,16,"88,65",29,"17,06",2,27,"15,88"
412385,SANTA MARIA DO OESTE,PR,09/2022,178,138,"77,53",110,28,"79,71",40,"22,47",3,37,"20,79"
412390,SANTA MARIANA,PR,09/2022,123,85,"69,11",65,20,"76,47",38,"30,89",2,36,"29,27"
412390,SANTA MARIANA,PR,11/2022,128,90,"70,31",76,14,"84,44",38,"29,69",0,38,"29,69"
412390,SANTA MARIANA,PR,07/2022,119,81,"68,07",65,16,"80,25",38,"31,93",6,32,"26,89"
412395,SANTA MÔNICA,PR,07/2022,31,25,"80,65",19,6,"76,00",6,"19,35",0,6,"19,35"
412395,SANTA MÔNICA,PR,11/2022,26,24,"92,31",19,5,"79,17",2,"7,69",0,2,"7,69"
412395,SANTA MÔNICA,PR,09/2022,32,22,"68,75",18,4,"81,82",10,"31,25",1,9,"28,13"
412400,SANTANA DO ITARARÉ,PR,09/2022,50,42,"84,00",42,0,"100,00",8,"16,00",1,7,"14,00"
412400,SANTANA DO ITARARÉ,PR,11/2022,52,47,"90,38",47,0,"100,00",5,"9,62",1,4,"7,69"
412400,SANTANA DO ITARARÉ,PR,07/2022,46,39,"84,78",39,0,"100,00",7,"15,22",1,6,"13,04"
412402,SANTA TEREZA DO OESTE,PR,07/2022,89,52,"58,43",49,3,"94,23",37,"41,57",6,31,"34,83"
412402,SANTA TEREZA DO OESTE,PR,11/2022,94,61,"64,89",59,2,"96,72",33,"35,11",1,32,"34,04"
412402,SANTA TEREZA DO OESTE,PR,09/2022,102,68,"66,67",67,1,"98,53",34,"33,33",1,33,"32,35"
412405,SANTA TEREZINHA DE ITAIPU,PR,09/2022,117,109,"93,16",93,16,"85,32",8,"6,84",2,6,"5,13"
412405,SANTA TEREZINHA DE ITAIPU,PR,11/2022,107,92,"85,98",78,14,"84,78",15,"14,02",7,8,"7,48"
412405,SANTA TEREZINHA DE ITAIPU,PR,07/2022,111,94,"84,68",83,11,"88,30",17,"15,32",8,9,"8,11"
412410,SANTO ANTÔNIO DA PLATINA,PR,07/2022,374,344,"91,98",344,0,"100,00",30,"8,02",1,29,"7,75"
412410,SANTO ANTÔNIO DA PLATINA,PR,11/2022,379,355,"93,67",355,0,"100,00",24,"6,33",0,24,"6,33"
412410,SANTO ANTÔNIO DA PLATINA,PR,09/2022,399,372,"93,23",372,0,"100,00",27,"6,77",0,27,"6,77"
412420,SANTO ANTÔNIO DO CAIUÁ,PR,09/2022,17,15,"88,24",13,2,"86,67",2,"11,76",1,1,"5,88"
412420,SANTO ANTÔNIO DO CAIUÁ,PR,11/2022,15,14,"93,33",14,0,"100,00",1,"6,67",0,1,"6,67"
412420,SANTO ANTÔNIO DO CAIUÁ,PR,07/2022,20,15,"75,00",13,2,"86,67",5,"25,00",4,1,"5,00"
412430,SANTO ANTÔNIO DO PARAÍSO,PR,07/2022,17,9,"52,94",9,0,"100,00",8,"47,06",0,8,"47,06"
412430,SANTO ANTÔNIO DO PARAÍSO,PR,11/2022,18,18,"100,00",16,2,"88,89",0,"0,00",0,0,"0,00"
412430,SANTO ANTÔNIO DO PARAÍSO,PR,09/2022,18,11,"61,11",9,2,"81,82",7,"38,89",0,7,"38,89"
412440,SANTO ANTÔNIO DO SUDOESTE,PR,09/2022,148,88,"59,46",80,8,"90,91",60,"40,54",1,59,"39,86"
412440,SANTO ANTÔNIO DO SUDOESTE,PR,11/2022,149,94,"63,09",87,7,"92,55",55,"36,91",1,54,"36,24"
412440,SANTO ANTÔNIO DO SUDOESTE,PR,07/2022,137,82,"59,85",74,8,"90,24",55,"40,15",0,55,"40,15"
412450,SANTO INÁCIO,PR,07/2022,19,12,"63,16",8,4,"66,67",7,"36,84",0,7,"36,84"
412450,SANTO INÁCIO,PR,11/2022,18,11,"61,11",8,3,"72,73",7,"38,89",0,7,"38,89"
412450,SANTO INÁCIO,PR,09/2022,20,12,"60,00",8,4,"66,67",8,"40,00",1,7,"35,00"
412460,SÃO CARLOS DO IVAÍ,PR,09/2022,43,36,"83,72",27,9,"75,00",7,"16,28",0,7,"16,28"
412460,SÃO CARLOS DO IVAÍ,PR,11/2022,45,36,"80,00",28,8,"77,78",9,"20,00",0,9,"20,00"
412460,SÃO CARLOS DO IVAÍ,PR,07/2022,36,33,"91,67",25,8,"75,76",3,"8,33",0,3,"8,33"
412470,SÃO JERÔNIMO DA SERRA,PR,07/2022,118,95,"80,51",77,18,"81,05",23,"19,49",2,21,"17,80"
412470,SÃO JERÔNIMO DA SERRA,PR,11/2022,116,103,"88,79",93,10,"90,29",13,"11,21",1,12,"10,34"
412470,SÃO JERÔNIMO DA SERRA,PR,09/2022,127,102,"80,31",90,12,"88,24",25,"19,69",0,25,"19,69"
412480,SÃO JOÃO,PR,09/2022,44,30,"68,18",28,2,"93,33",14,"31,82",1,13,"29,55"
412480,SÃO JOÃO,PR,11/2022,47,31,"65,96",28,3,"90,32",16,"34,04",3,13,"27,66"
412480,SÃO JOÃO,PR,07/2022,38,27,"71,05",24,3,"88,89",11,"28,95",0,11,"28,95"
412490,SÃO JOÃO DO CAIUÁ,PR,07/2022,57,53,"92,98",43,10,"81,13",4,"7,02",1,3,"5,26"
412490,SÃO JOÃO DO CAIUÁ,PR,11/2022,68,60,"88,24",48,12,"80,00",8,"11,76",0,8,"11,76"
412490,SÃO JOÃO DO CAIUÁ,PR,09/2022,68,58,"85,29",49,9,"84,48",10,"14,71",0,10,"14,71"
412500,SÃO JOÃO DO IVAÍ,PR,09/2022,90,61,"67,78",42,19,"68,85",29,"32,22",4,25,"27,78"
412500,SÃO JOÃO DO IVAÍ,PR,11/2022,97,64,"65,98",54,10,"84,38",33,"34,02",7,26,"26,80"
412500,SÃO JOÃO DO IVAÍ,PR,07/2022,79,56,"70,89",54,2,"96,43",23,"29,11",11,12,"15,19"
412510,SÃO JOÃO DO TRIUNFO,PR,07/2022,114,91,"79,82",89,2,"97,80",23,"20,18",0,23,"20,18"
412510,SÃO JOÃO DO TRIUNFO,PR,11/2022,115,98,"85,22",95,3,"96,94",17,"14,78",0,17,"14,78"
412510,SÃO JOÃO DO TRIUNFO,PR,09/2022,119,97,"81,51",91,6,"93,81",22,"18,49",0,22,"18,49"
412520,SÃO JORGE D´OESTE,PR,09/2022,45,27,"60,00",26,1,"96,30",18,"40,00",0,18,"40,00"
412520,SÃO JORGE D´OESTE,PR,11/2022,42,28,"66,67",23,5,"82,14",14,"33,33",0,14,"33,33"
412520,SÃO JORGE D´OESTE,PR,07/2022,39,22,"56,41",19,3,"86,36",17,"43,59",1,16,"41,03"
412530,SÃO JORGE DO IVAÍ,PR,07/2022,27,16,"59,26",16,0,"100,00",11,"40,74",1,10,"37,04"
412530,SÃO JORGE DO IVAÍ,PR,11/2022,24,15,"62,50",15,0,"100,00",9,"37,50",0,9,"37,50"
412530,SÃO JORGE DO IVAÍ,PR,09/2022,24,15,"62,50",15,0,"100,00",9,"37,50",0,9,"37,50"
412535,SÃO JORGE DO PATROCÍNIO,PR,09/2022,23,22,"95,65",18,4,"81,82",1,"4,35",0,1,"4,35"
412535,SÃO JORGE DO PATROCÍNIO,PR,11/2022,19,18,"94,74",16,2,"88,89",1,"5,26",0,1,"5,26"
412535,SÃO JORGE DO PATROCÍNIO,PR,07/2022,26,26,"100,00",18,8,"69,23",0,"0,00",0,0,"0,00"
412540,SÃO JOSÉ DA BOA VISTA,PR,07/2022,65,50,"76,92",49,1,"98,00",15,"23,08",0,15,"23,08"
412540,SÃO JOSÉ DA BOA VISTA,PR,11/2022,68,50,"73,53",44,6,"88,00",18,"26,47",0,18,"26,47"
412540,SÃO JOSÉ DA BOA VISTA,PR,09/2022,70,57,"81,43",52,5,"91,23",13,"18,57",0,13,"18,57"
412545,SÃO JOSÉ DAS PALMEIRAS,PR,09/2022,28,18,"64,29",17,1,"94,44",10,"35,71",1,9,"32,14"
412545,SÃO JOSÉ DAS PALMEIRAS,PR,11/2022,24,20,"83,33",20,0,"100,00",4,"16,67",0,4,"16,67"
412545,SÃO JOSÉ DAS PALMEIRAS,PR,07/2022,22,16,"72,73",16,0,"100,00",6,"27,27",1,5,"22,73"
412550,SÃO JOSÉ DOS PINHAIS,PR,07/2022,1665,1101,"66,13",908,193,"82,47",564,"33,87",33,531,"31,89"
412550,SÃO JOSÉ DOS PINHAIS,PR,11/2022,1923,1335,"69,42",1120,215,"83,90",588,"30,58",16,572,"29,75"
412550,SÃO JOSÉ DOS PINHAIS,PR,09/2022,1939,1289,"66,48",1042,247,"80,84",650,"33,52",76,574,"29,60"
412555,SÃO MANOEL DO PARANÁ,PR,09/2022,6,5,"83,33",5,0,"100,00",1,"16,67",0,1,"16,67"
412555,SÃO MANOEL DO PARANÁ,PR,11/2022,6,6,"100,00",6,0,"100,00",0,"0,00",0,0,"0,00"
412555,SÃO MANOEL DO PARANÁ,PR,07/2022,5,3,"60,00",3,0,"100,00",2,"40,00",1,1,"20,00"
412560,SÃO MATEUS DO SUL,PR,07/2022,307,239,"77,85",200,39,"83,68",68,"22,15",0,68,"22,15"
412560,SÃO MATEUS DO SUL,PR,11/2022,301,246,"81,73",194,52,"78,86",55,"18,27",0,55,"18,27"
412560,SÃO MATEUS DO SUL,PR,09/2022,324,255,"78,70",182,73,"71,37",69,"21,30",2,67,"20,68"
412570,SÃO MIGUEL DO IGUAÇU,PR,09/2022,158,132,"83,54",126,6,"95,45",26,"16,46",1,25,"15,82"
412570,SÃO MIGUEL DO IGUAÇU,PR,11/2022,163,133,"81,60",127,6,"95,49",30,"18,40",0,30,"18,40"
412570,SÃO MIGUEL DO IGUAÇU,PR,07/2022,155,134,"86,45",131,3,"97,76",21,"13,55",1,20,"12,90"
412575,SÃO PEDRO DO IGUAÇU,PR,07/2022,73,19,"26,03",19,0,"100,00",54,"73,97",40,14,"19,18"
412575,SÃO PEDRO DO IGUAÇU,PR,11/2022,72,37,"51,39",31,6,"83,78",35,"48,61",13,22,"30,56"
412575,SÃO PEDRO DO IGUAÇU,PR,09/2022,74,30,"40,54",27,3,"90,00",44,"59,46",15,29,"39,19"
412580,SÃO PEDRO DO IVAÍ,PR,09/2022,90,72,"80,00",63,9,"87,50",18,"20,00",0,18,"20,00"
412580,SÃO PEDRO DO IVAÍ,PR,11/2022,93,74,"79,57",63,11,"85,14",19,"20,43",0,19,"20,43"
412580,SÃO PEDRO DO IVAÍ,PR,07/2022,79,20,"25,32",17,3,"85,00",59,"74,68",42,17,"21,52"
412590,SÃO PEDRO DO PARANÁ,PR,07/2022,12,9,"75,00",8,1,"88,89",3,"25,00",0,3,"25,00"
412590,SÃO PEDRO DO PARANÁ,PR,11/2022,10,9,"90,00",9,0,"100,00",1,"10,00",0,1,"10,00"
412590,SÃO PEDRO DO PARANÁ,PR,09/2022,11,10,"90,91",10,0,"100,00",1,"9,09",0,1,"9,09"
412600,SÃO SEBASTIÃO DA AMOREIRA,PR,09/2022,98,66,"67,35",60,6,"90,91",32,"32,65",5,27,"27,55"
412600,SÃO SEBASTIÃO DA AMOREIRA,PR,11/2022,94,67,"71,28",62,5,"92,54",27,"28,72",4,23,"24,47"
412600,SÃO SEBASTIÃO DA AMOREIRA,PR,07/2022,86,31,"36,05",26,5,"83,87",55,"63,95",30,25,"29,07"
412610,SÃO TOMÉ,PR,07/2022,27,5,"18,52",4,1,"80,00",22,"81,48",13,9,"33,33"
412610,SÃO TOMÉ,PR,11/2022,31,18,"58,06",16,2,"88,89",13,"41,94",0,13,"41,94"
412610,SÃO TOMÉ,PR,09/2022,33,22,"66,67",21,1,"95,45",11,"33,33",0,11,"33,33"
412620,SAPOPEMA,PR,09/2022,86,69,"80,23",54,15,"78,26",17,"19,77",1,16,"18,60"
412620,SAPOPEMA,PR,11/2022,92,79,"85,87",67,12,"84,81",13,"14,13",0,13,"14,13"
412620,SAPOPEMA,PR,07/2022,82,61,"74,39",59,2,"96,72",21,"25,61",2,19,"23,17"
412625,SARANDI,PR,07/2022,272,172,"63,24",151,21,"87,79",100,"36,76",8,92,"33,82"
412625,SARANDI,PR,11/2022,303,196,"64,69",170,26,"86,73",107,"35,31",5,102,"33,66"
412625,SARANDI,PR,09/2022,293,187,"63,82",157,30,"83,96",106,"36,18",4,102,"34,81"
412627,SAUDADE DO IGUAÇU,PR,09/2022,72,52,"72,22",38,14,"73,08",20,"27,78",0,20,"27,78"
412627,SAUDADE DO IGUAÇU,PR,11/2022,61,49,"80,33",41,8,"83,67",12,"19,67",0,12,"19,67"
412627,SAUDADE DO IGUAÇU,PR,07/2022,64,49,"76,56",36,13,"73,47",15,"23,44",0,15,"23,44"
412630,SENGÉS,PR,07/2022,160,105,"65,63",102,3,"97,14",55,"34,38",0,55,"34,38"
412630,SENGÉS,PR,11/2022,170,126,"74,12",119,7,"94,44",44,"25,88",1,43,"25,29"
412630,SENGÉS,PR,09/2022,172,119,"69,19",116,3,"97,48",53,"30,81",0,53,"30,81"
412635,SERRANÓPOLIS DO IGUAÇU,PR,09/2022,12,9,"75,00",9,0,"100,00",3,"25,00",0,3,"25,00"
412635,SERRANÓPOLIS DO IGUAÇU,PR,11/2022,11,11,"100,00",9,2,"81,82",0,"0,00",0,0,"0,00"
412635,SERRANÓPOLIS DO IGUAÇU,PR,07/2022,12,8,"66,67",8,0,"100,00",4,"33,33",0,4,"33,33"
412640,SERTANEJA,PR,07/2022,31,30,"96,77",30,0,"100,00",1,"3,23",0,1,"3,23"
412640,SERTANEJA,PR,11/2022,30,30,"100,00",30,0,"100,00",0,"0,00",0,0,"0,00"
412640,SERTANEJA,PR,09/2022,31,31,"100,00",31,0,"100,00",0,"0,00",0,0,"0,00"
412650,SERTANÓPOLIS,PR,09/2022,94,77,"81,91",77,0,"100,00",17,"18,09",0,17,"18,09"
412650,SERTANÓPOLIS,PR,11/2022,93,77,"82,80",68,9,"88,31",16,"17,20",0,16,"17,20"
412650,SERTANÓPOLIS,PR,07/2022,90,70,"77,78",70,0,"100,00",20,"22,22",0,20,"22,22"
412660,SIQUEIRA CAMPOS,PR,07/2022,111,86,"77,48",64,22,"74,42",25,"22,52",2,23,"20,72"
412660,SIQUEIRA CAMPOS,PR,11/2022,112,92,"82,14",66,26,"71,74",20,"17,86",0,20,"17,86"
412660,SIQUEIRA CAMPOS,PR,09/2022,117,94,"80,34",64,30,"68,09",23,"19,66",0,23,"19,66"
412665,SULINA,PR,09/2022,22,18,"81,82",13,5,"72,22",4,"18,18",0,4,"18,18"
412665,SULINA,PR,11/2022,21,17,"80,95",15,2,"88,24",4,"19,05",0,4,"19,05"
412665,SULINA,PR,07/2022,22,18,"81,82",16,2,"88,89",4,"18,18",1,3,"13,64"
412667,TAMARANA,PR,07/2022,80,62,"77,50",47,15,"75,81",18,"22,50",0,18,"22,50"
412667,TAMARANA,PR,11/2022,84,70,"83,33",49,21,"70,00",14,"16,67",0,14,"16,67"
412667,TAMARANA,PR,09/2022,88,68,"77,27",43,25,"63,24",20,"22,73",0,20,"22,73"
412670,TAMBOARA,PR,09/2022,25,17,"68,00",17,0,"100,00",8,"32,00",1,7,"28,00"
412670,TAMBOARA,PR,11/2022,26,23,"88,46",22,1,"95,65",3,"11,54",0,3,"11,54"
412670,TAMBOARA,PR,07/2022,25,17,"68,00",16,1,"94,12",8,"32,00",1,7,"28,00"
412680,TAPEJARA,PR,07/2022,70,57,"81,43",44,13,"77,19",13,"18,57",0,13,"18,57"
412680,TAPEJARA,PR,11/2022,62,52,"83,87",32,20,"61,54",10,"16,13",0,10,"16,13"
412680,TAPEJARA,PR,09/2022,73,62,"84,93",40,22,"64,52",11,"15,07",0,11,"15,07"
412690,TAPIRA,PR,09/2022,49,43,"87,76",28,15,"65,12",6,"12,24",0,6,"12,24"
412690,TAPIRA,PR,11/2022,39,33,"84,62",33,0,"100,00",6,"15,38",0,6,"15,38"
412690,TAPIRA,PR,07/2022,46,40,"86,96",32,8,"80,00",6,"13,04",0,6,"13,04"
412700,TEIXEIRA SOARES,PR,07/2022,137,116,"84,67",111,5,"95,69",21,"15,33",7,14,"10,22"
412700,TEIXEIRA SOARES,PR,11/2022,123,116,"94,31",104,12,"89,66",7,"5,69",2,5,"4,07"
412700,TEIXEIRA SOARES,PR,09/2022,132,119,"90,15",103,16,"86,55",13,"9,85",7,6,"4,55"
412710,TELÊMACO BORBA,PR,09/2022,351,274,"78,06",227,47,"82,85",77,"21,94",4,73,"20,80"
412710,TELÊMACO BORBA,PR,11/2022,307,247,"80,46",209,38,"84,62",60,"19,54",4,56,"18,24"
412710,TELÊMACO BORBA,PR,07/2022,339,275,"81,12",239,36,"86,91",64,"18,88",5,59,"17,40"
412720,TERRA BOA,PR,07/2022,46,35,"76,09",32,3,"91,43",11,"23,91",2,9,"19,57"
412720,TERRA BOA,PR,11/2022,57,43,"75,44",33,10,"76,74",14,"24,56",1,13,"22,81"
412720,TERRA BOA,PR,09/2022,52,39,"75,00",35,4,"89,74",13,"25,00",2,11,"21,15"
412730,TERRA RICA,PR,09/2022,121,96,"79,34",69,27,"71,88",25,"20,66",6,19,"15,70"
412730,TERRA RICA,PR,11/2022,124,93,"75,00",77,16,"82,80",31,"25,00",1,30,"24,19"
412730,TERRA RICA,PR,07/2022,97,82,"84,54",70,12,"85,37",15,"15,46",0,15,"15,46"
412740,TERRA ROXA,PR,07/2022,90,49,"54,44",44,5,"89,80",41,"45,56",7,34,"37,78"
412740,TERRA ROXA,PR,11/2022,84,55,"65,48",52,3,"94,55",29,"34,52",0,29,"34,52"
412740,TERRA ROXA,PR,09/2022,92,59,"64,13",46,13,"77,97",33,"35,87",0,33,"35,87"
412750,TIBAGI,PR,09/2022,302,226,"74,83",191,35,"84,51",76,"25,17",2,74,"24,50"
412750,TIBAGI,PR,11/2022,283,178,"62,90",149,29,"83,71",105,"37,10",39,66,"23,32"
412750,TIBAGI,PR,07/2022,275,163,"59,27",118,45,"72,39",112,"40,73",50,62,"22,55"
412760,TIJUCAS DO SUL,PR,07/2022,222,194,"87,39",166,28,"85,57",28,"12,61",2,26,"11,71"
412760,TIJUCAS DO SUL,PR,11/2022,237,213,"89,87",199,14,"93,43",24,"10,13",2,22,"9,28"
412760,TIJUCAS DO SUL,PR,09/2022,247,221,"89,47",210,11,"95,02",26,"10,53",5,21,"8,50"
412770,TOLEDO,PR,09/2022,326,264,"80,98",193,71,"73,11",62,"19,02",13,49,"15,03"
412770,TOLEDO,PR,11/2022,332,290,"87,35",240,50,"82,76",42,"12,65",2,40,"12,05"
412770,TOLEDO,PR,07/2022,304,235,"77,30",194,41,"82,55",69,"22,70",13,56,"18,42"
412780,TOMAZINA,PR,07/2022,67,57,"85,07",55,2,"96,49",10,"14,93",1,9,"13,43"
412780,TOMAZINA,PR,11/2022,74,68,"91,89",67,1,"98,53",6,"8,11",0,6,"8,11"
412780,TOMAZINA,PR,09/2022,74,58,"78,38",57,1,"98,28",16,"21,62",5,11,"14,86"
412785,TRÊS BARRAS DO PARANÁ,PR,09/2022,143,127,"88,81",87,40,"68,50",16,"11,19",3,13,"9,09"
412785,TRÊS BARRAS DO PARANÁ,PR,11/2022,128,111,"86,72",92,19,"82,88",17,"13,28",1,16,"12,50"
412785,TRÊS BARRAS DO PARANÁ,PR,07/2022,144,129,"89,58",97,32,"75,19",15,"10,42",2,13,"9,03"
412788,TUNAS DO PARANÁ,PR,07/2022,132,107,"81,06",107,0,"100,00",25,"18,94",0,25,"18,94"
412788,TUNAS DO PARANÁ,PR,11/2022,140,118,"84,29",118,0,"100,00",22,"15,71",0,22,"15,71"
412788,TUNAS DO PARANÁ,PR,09/2022,142,119,"83,80",119,0,"100,00",23,"16,20",0,23,"16,20"
412790,TUNEIRAS DO OESTE,PR,09/2022,64,33,"51,56",31,2,"93,94",31,"48,44",16,15,"23,44"
412790,TUNEIRAS DO OESTE,PR,11/2022,71,51,"71,83",51,0,"100,00",20,"28,17",1,19,"26,76"
412790,TUNEIRAS DO OESTE,PR,07/2022,55,23,"41,82",22,1,"95,65",32,"58,18",20,12,"21,82"
412795,TUPÃSSI,PR,07/2022,32,22,"68,75",17,5,"77,27",10,"31,25",0,10,"31,25"
412795,TUPÃSSI,PR,11/2022,35,25,"71,43",17,8,"68,00",10,"28,57",1,9,"25,71"
412795,TUPÃSSI,PR,09/2022,35,23,"65,71",16,7,"69,57",12,"34,29",1,11,"31,43"
412796,TURVO,PR,09/2022,163,124,"76,07",96,28,"77,42",39,"23,93",10,29,"17,79"
412796,TURVO,PR,11/2022,154,138,"89,61",121,17,"87,68",16,"10,39",0,16,"10,39"
412796,TURVO,PR,07/2022,147,124,"84,35",118,6,"95,16",23,"15,65",1,22,"14,97"
412800,UBIRATÃ,PR,07/2022,167,96,"57,49",82,14,"85,42",71,"42,51",42,29,"17,37"
412800,UBIRATÃ,PR,11/2022,174,137,"78,74",116,21,"84,67",37,"21,26",0,37,"21,26"
412800,UBIRATÃ,PR,09/2022,178,130,"73,03",114,16,"87,69",48,"26,97",16,32,"17,98"
412810,UMUARAMA,PR,09/2022,500,415,"83,00",324,91,"78,07",85,"17,00",2,83,"16,60"
412810,UMUARAMA,PR,11/2022,481,397,"82,54",334,63,"84,13",84,"17,46",4,80,"16,63"
412810,UMUARAMA,PR,07/2022,460,390,"84,78",312,78,"80,00",70,"15,22",2,68,"14,78"
412820,UNIÃO DA VITÓRIA,PR,07/2022,417,373,"89,45",297,76,"79,62",44,"10,55",3,41,"9,83"
412820,UNIÃO DA VITÓRIA,PR,11/2022,406,361,"88,92",292,69,"80,89",45,"11,08",0,45,"11,08"
412820,UNIÃO DA VITÓRIA,PR,09/2022,430,387,"90,00",298,89,"77,00",43,"10,00",1,42,"9,77"
412830,UNIFLOR,PR,09/2022,11,5,"45,45",5,0,"100,00",6,"54,55",0,6,"54,55"
412830,UNIFLOR,PR,11/2022,12,5,"41,67",5,0,"100,00",7,"58,33",0,7,"58,33"
412830,UNIFLOR,PR,07/2022,8,4,"50,00",4,0,"100,00",4,"50,00",0,4,"50,00"
412840,URAÍ,PR,07/2022,87,56,"64,37",51,5,"91,07",31,"35,63",0,31,"35,63"
412840,URAÍ,PR,11/2022,93,75,"80,65",75,0,"100,00",18,"19,35",0,18,"19,35"
412840,URAÍ,PR,09/2022,90,61,"67,78",56,5,"91,80",29,"32,22",0,29,"32,22"
412850,WENCESLAU BRAZ,PR,09/2022,157,132,"84,08",110,22,"83,33",25,"15,92",0,25,"15,92"
412850,WENCESLAU BRAZ,PR,11/2022,145,118,"81,38",101,17,"85,59",27,"18,62",0,27,"18,62"
412850,WENCESLAU BRAZ,PR,07/2022,150,127,"84,67",108,19,"85,04",23,"15,33",0,23,"15,33"
412853,VENTANIA,PR,07/2022,79,58,"73,42",51,7,"87,93",21,"26,58",1,20,"25,32"
412853,VENTANIA,PR,11/2022,79,71,"89,87",53,18,"74,65",8,"10,13",0,8,"10,13"
412853,VENTANIA,PR,09/2022,83,63,"75,90",43,20,"68,25",20,"24,10",1,19,"22,89"
412855,VERA CRUZ DO OESTE,PR,09/2022,57,41,"71,93",31,10,"75,61",16,"28,07",0,16,"28,07"
412855,VERA CRUZ DO OESTE,PR,11/2022,51,38,"74,51",33,5,"86,84",13,"25,49",2,11,"21,57"
412855,VERA CRUZ DO OESTE,PR,07/2022,55,47,"85,45",34,13,"72,34",8,"14,55",0,8,"14,55"
412860,VERÊ,PR,07/2022,40,3,"7,50",3,0,"100,00",37,"92,50",36,1,"2,50"
412860,VERÊ,PR,11/2022,40,39,"97,50",38,1,"97,44",1,"2,50",0,1,"2,50"
412860,VERÊ,PR,09/2022,36,2,"5,56",2,0,"100,00",34,"94,44",33,1,"2,78"
412862,ALTO PARAÍSO,PR,09/2022,31,26,"83,87",22,4,"84,62",5,"16,13",0,5,"16,13"
412862,ALTO PARAÍSO,PR,11/2022,35,29,"82,86",26,3,"89,66",6,"17,14",0,6,"17,14"
412862,ALTO PARAÍSO,PR,07/2022,28,21,"75,00",19,2,"90,48",7,"25,00",0,7,"25,00"
412863,DOUTOR ULYSSES,PR,07/2022,155,140,"90,32",139,1,"99,29",15,"9,68",0,15,"9,68"
412863,DOUTOR ULYSSES,PR,11/2022,161,146,"90,68",146,0,"100,00",15,"9,32",0,15,"9,32"
412863,DOUTOR ULYSSES,PR,09/2022,166,152,"91,57",152,0,"100,00",14,"8,43",1,13,"7,83"
412865,VIRMOND,PR,09/2022,32,21,"65,63",19,2,"90,48",11,"34,38",6,5,"15,63"
412865,VIRMOND,PR,11/2022,29,24,"82,76",23,1,"95,83",5,"17,24",0,5,"17,24"
412865,VIRMOND,PR,07/2022,28,23,"82,14",18,5,"78,26",5,"17,86",0,5,"17,86"
412870,VITORINO,PR,07/2022,46,0,"0,00",0,0,,46,"100,00",39,7,"15,22"
412870,VITORINO,PR,11/2022,51,40,"78,43",40,0,"100,00",11,"21,57",1,10,"19,61"
412870,VITORINO,PR,09/2022,52,44,"84,62",44,0,"100,00",8,"15,38",1,7,"13,46"
412880,XAMBRÊ,PR,09/2022,36,24,"66,67",22,2,"91,67",12,"33,33",0,12,"33,33"
412880,XAMBRÊ,PR,11/2022,33,26,"78,79",20,6,"76,92",7,"21,21",0,7,"21,21"
412880,XAMBRÊ,PR,07/2022,36,21,"58,33",20,1,"95,24",15,"41,67",0,15,"41,67"
330010,ANGRA DOS REIS,RJ,09/2022,2213,931,"42,07",852,79,"91,51",1282,"57,93",250,1032,"46,63"
330010,ANGRA DOS REIS,RJ,11/2022,2104,1139,"54,13",1042,97,"91,48",965,"45,87",27,938,"44,58"
330010,ANGRA DOS REIS,RJ,07/2022,1959,886,"45,23",807,79,"91,08",1073,"54,77",83,990,"50,54"
330015,APERIBÉ,RJ,07/2022,97,87,"89,69",87,0,"100,00",10,"10,31",1,9,"9,28"
330015,APERIBÉ,RJ,11/2022,96,72,"75,00",72,0,"100,00",24,"25,00",1,23,"23,96"
330015,APERIBÉ,RJ,09/2022,111,94,"84,68",93,1,"98,94",17,"15,32",1,16,"14,41"
330020,ARARUAMA,RJ,09/2022,1926,535,"27,78",533,2,"99,63",1391,"72,22",438,953,"49,48"
330020,ARARUAMA,RJ,11/2022,1904,499,"26,21",470,29,"94,19",1405,"73,79",488,917,"48,16"
330020,ARARUAMA,RJ,07/2022,1780,366,"20,56",339,27,"92,62",1414,"79,44",552,862,"48,43"
330022,AREAL,RJ,07/2022,131,112,"85,50",101,11,"90,18",19,"14,50",2,17,"12,98"
330022,AREAL,RJ,11/2022,130,116,"89,23",96,20,"82,76",14,"10,77",1,13,"10,00"
330022,AREAL,RJ,09/2022,146,121,"82,88",97,24,"80,17",25,"17,12",6,19,"13,01"
330023,ARMAÇÃO DOS BÚZIOS,RJ,09/2022,452,367,"81,19",319,48,"86,92",85,"18,81",2,83,"18,36"
330023,ARMAÇÃO DOS BÚZIOS,RJ,11/2022,460,372,"80,87",354,18,"95,16",88,"19,13",1,87,"18,91"
330023,ARMAÇÃO DOS BÚZIOS,RJ,07/2022,374,313,"83,69",284,29,"90,73",61,"16,31",1,60,"16,04"
330025,ARRAIAL DO CABO,RJ,07/2022,305,173,"56,72",158,15,"91,33",132,"43,28",4,128,"41,97"
330025,ARRAIAL DO CABO,RJ,11/2022,363,288,"79,34",285,3,"98,96",75,"20,66",7,68,"18,73"
330025,ARRAIAL DO CABO,RJ,09/2022,337,257,"76,26",242,15,"94,16",80,"23,74",12,68,"20,18"
330030,BARRA DO PIRAÍ,RJ,09/2022,895,641,"71,62",612,29,"95,48",254,"28,38",27,227,"25,36"
330030,BARRA DO PIRAÍ,RJ,11/2022,875,661,"75,54",630,31,"95,31",214,"24,46",28,186,"21,26"
330030,BARRA DO PIRAÍ,RJ,07/2022,851,500,"58,75",461,39,"92,20",351,"41,25",20,331,"38,90"
330040,BARRA MANSA,RJ,07/2022,1360,1085,"79,78",766,319,"70,60",275,"20,22",74,201,"14,78"
330040,BARRA MANSA,RJ,11/2022,1400,1215,"86,79",900,315,"74,07",185,"13,21",64,121,"8,64"
330040,BARRA MANSA,RJ,09/2022,1415,1141,"80,64",820,321,"71,87",274,"19,36",54,220,"15,55"
330045,BELFORD ROXO,RJ,09/2022,7473,1796,"24,03",1693,103,"94,27",5677,"75,97",3417,2260,"30,24"
330045,BELFORD ROXO,RJ,11/2022,7565,4602,"60,83",4525,77,"98,33",2963,"39,17",497,2466,"32,60"
330045,BELFORD ROXO,RJ,07/2022,7043,4384,"62,25",4313,71,"98,38",2659,"37,75",609,2050,"29,11"
330050,BOM JARDIM,RJ,07/2022,216,124,"57,41",120,4,"96,77",92,"42,59",16,76,"35,19"
330050,BOM JARDIM,RJ,11/2022,204,154,"75,49",138,16,"89,61",50,"24,51",1,49,"24,02"
330050,BOM JARDIM,RJ,09/2022,211,144,"68,25",134,10,"93,06",67,"31,75",15,52,"24,64"
330060,BOM JESUS DO ITABAPOANA,RJ,09/2022,501,446,"89,02",446,0,"100,00",55,"10,98",21,34,"6,79"
330060,BOM JESUS DO ITABAPOANA,RJ,11/2022,483,442,"91,51",442,0,"100,00",41,"8,49",12,29,"6,00"
330060,BOM JESUS DO ITABAPOANA,RJ,07/2022,356,0,"0,00",0,0,,356,"100,00",323,33,"9,27"
330070,CABO FRIO,RJ,07/2022,2103,1715,"81,55",1715,0,"100,00",388,"18,45",7,381,"18,12"
330070,CABO FRIO,RJ,11/2022,2484,1907,"76,77",1907,0,"100,00",577,"23,23",79,498,"20,05"
330070,CABO FRIO,RJ,09/2022,2404,1892,"78,70",1892,0,"100,00",512,"21,30",21,491,"20,42"
330080,CACHOEIRAS DE MACACU,RJ,09/2022,820,460,"56,10",450,10,"97,83",360,"43,90",0,360,"43,90"
330080,CACHOEIRAS DE MACACU,RJ,11/2022,817,457,"55,94",443,14,"96,94",360,"44,06",0,360,"44,06"
330080,CACHOEIRAS DE MACACU,RJ,07/2022,757,464,"61,29",460,4,"99,14",293,"38,71",0,293,"38,71"
330090,CAMBUCI,RJ,07/2022,191,105,"54,97",105,0,"100,00",86,"45,03",0,86,"45,03"
330090,CAMBUCI,RJ,11/2022,209,139,"66,51",139,0,"100,00",70,"33,49",1,69,"33,01"
330090,CAMBUCI,RJ,09/2022,207,96,"46,38",90,6,"93,75",111,"53,62",1,110,"53,14"
330093,CARAPEBUS,RJ,09/2022,195,121,"62,05",120,1,"99,17",74,"37,95",9,65,"33,33"
330093,CARAPEBUS,RJ,11/2022,174,134,"77,01",134,0,"100,00",40,"22,99",2,38,"21,84"
330093,CARAPEBUS,RJ,07/2022,168,88,"52,38",88,0,"100,00",80,"47,62",6,74,"44,05"
330095,COMENDADOR LEVY GASPARIAN,RJ,07/2022,109,94,"86,24",94,0,"100,00",15,"13,76",0,15,"13,76"
330095,COMENDADOR LEVY GASPARIAN,RJ,11/2022,111,94,"84,68",91,3,"96,81",17,"15,32",0,17,"15,32"
330095,COMENDADOR LEVY GASPARIAN,RJ,09/2022,116,103,"88,79",97,6,"94,17",13,"11,21",3,10,"8,62"
330100,CAMPOS DOS GOYTACAZES,RJ,09/2022,7430,4423,"59,53",4174,249,"94,37",3007,"40,47",27,2980,"40,11"
330100,CAMPOS DOS GOYTACAZES,RJ,11/2022,7219,4354,"60,31",4244,110,"97,47",2865,"39,69",11,2854,"39,53"
330100,CAMPOS DOS GOYTACAZES,RJ,07/2022,6906,4131,"59,82",3873,258,"93,75",2775,"40,18",27,2748,"39,79"
330110,CANTAGALO,RJ,07/2022,201,157,"78,11",156,1,"99,36",44,"21,89",10,34,"16,92"
330110,CANTAGALO,RJ,11/2022,219,149,"68,04",142,7,"95,30",70,"31,96",1,69,"31,51"
330110,CANTAGALO,RJ,09/2022,214,144,"67,29",125,19,"86,81",70,"32,71",2,68,"31,78"
330115,CARDOSO MOREIRA,RJ,09/2022,218,200,"91,74",200,0,"100,00",18,"8,26",4,14,"6,42"
330115,CARDOSO MOREIRA,RJ,11/2022,208,131,"62,98",131,0,"100,00",77,"37,02",2,75,"36,06"
330115,CARDOSO MOREIRA,RJ,07/2022,212,195,"91,98",195,0,"100,00",17,"8,02",2,15,"7,08"
330120,CARMO,RJ,07/2022,237,195,"82,28",172,23,"88,21",42,"17,72",4,38,"16,03"
330120,CARMO,RJ,11/2022,241,200,"82,99",194,6,"97,00",41,"17,01",4,37,"15,35"
330120,CARMO,RJ,09/2022,254,181,"71,26",179,2,"98,90",73,"28,74",6,67,"26,38"
330130,CASIMIRO DE ABREU,RJ,09/2022,532,457,"85,90",410,47,"89,72",75,"14,10",41,34,"6,39"
330130,CASIMIRO DE ABREU,RJ,11/2022,503,437,"86,88",397,40,"90,85",66,"13,12",10,56,"11,13"
330130,CASIMIRO DE ABREU,RJ,07/2022,444,363,"81,76",327,36,"90,08",81,"18,24",36,45,"10,14"
330140,CONCEIÇÃO DE MACABU,RJ,07/2022,307,229,"74,59",227,2,"99,13",78,"25,41",2,76,"24,76"
330140,CONCEIÇÃO DE MACABU,RJ,11/2022,334,274,"82,04",274,0,"100,00",60,"17,96",1,59,"17,66"
330140,CONCEIÇÃO DE MACABU,RJ,09/2022,339,277,"81,71",266,11,"96,03",62,"18,29",6,56,"16,52"
330150,CORDEIRO,RJ,09/2022,226,137,"60,62",124,13,"90,51",89,"39,38",7,82,"36,28"
330150,CORDEIRO,RJ,11/2022,228,142,"62,28",137,5,"96,48",86,"37,72",1,85,"37,28"
330150,CORDEIRO,RJ,07/2022,178,100,"56,18",94,6,"94,00",78,"43,82",10,68,"38,20"
330160,DUAS BARRAS,RJ,07/2022,116,66,"56,90",59,7,"89,39",50,"43,10",20,30,"25,86"
330160,DUAS BARRAS,RJ,11/2022,134,88,"65,67",80,8,"90,91",46,"34,33",9,37,"27,61"
330160,DUAS BARRAS,RJ,09/2022,125,65,"52,00",57,8,"87,69",60,"48,00",20,40,"32,00"
330170,DUQUE DE CAXIAS,RJ,09/2022,12559,8993,"71,61",8859,134,"98,51",3566,"28,39",308,3258,"25,94"
330170,DUQUE DE CAXIAS,RJ,11/2022,12476,9022,"72,31",8348,674,"92,53",3454,"27,69",233,3221,"25,82"
330170,DUQUE DE CAXIAS,RJ,07/2022,11228,8144,"72,53",7582,562,"93,10",3084,"27,47",250,2834,"25,24"
330180,ENGENHEIRO PAULO DE FRONTIN,RJ,07/2022,147,111,"75,51",105,6,"94,59",36,"24,49",3,33,"22,45"
330180,ENGENHEIRO PAULO DE FRONTIN,RJ,11/2022,154,132,"85,71",131,1,"99,24",22,"14,29",3,19,"12,34"
330180,ENGENHEIRO PAULO DE FRONTIN,RJ,09/2022,156,122,"78,21",112,10,"91,80",34,"21,79",11,23,"14,74"
330185,GUAPIMIRIM,RJ,09/2022,961,756,"78,67",755,1,"99,87",205,"21,33",3,202,"21,02"
330185,GUAPIMIRIM,RJ,11/2022,958,792,"82,67",792,0,"100,00",166,"17,33",8,158,"16,49"
330185,GUAPIMIRIM,RJ,07/2022,848,638,"75,24",621,17,"97,34",210,"24,76",30,180,"21,23"
330187,IGUABA GRANDE,RJ,07/2022,350,305,"87,14",299,6,"98,03",45,"12,86",12,33,"9,43"
330187,IGUABA GRANDE,RJ,11/2022,391,271,"69,31",270,1,"99,63",120,"30,69",81,39,"9,97"
330187,IGUABA GRANDE,RJ,09/2022,385,339,"88,05",330,9,"97,35",46,"11,95",11,35,"9,09"
330190,ITABORAÍ,RJ,09/2022,3250,1939,"59,66",1434,505,"73,96",1311,"40,34",198,1113,"34,25"
330190,ITABORAÍ,RJ,11/2022,3074,2355,"76,61",1998,357,"84,84",719,"23,39",302,417,"13,57"
330190,ITABORAÍ,RJ,07/2022,2987,2418,"80,95",2415,3,"99,88",569,"19,05",159,410,"13,73"
330200,ITAGUAÍ,RJ,07/2022,1633,844,"51,68",767,77,"90,88",789,"48,32",93,696,"42,62"
330200,ITAGUAÍ,RJ,11/2022,1781,1075,"60,36",962,113,"89,49",706,"39,64",3,703,"39,47"
330200,ITAGUAÍ,RJ,09/2022,1798,780,"43,38",659,121,"84,49",1018,"56,62",142,876,"48,72"
330205,ITALVA,RJ,09/2022,142,97,"68,31",89,8,"91,75",45,"31,69",2,43,"30,28"
330205,ITALVA,RJ,11/2022,139,99,"71,22",93,6,"93,94",40,"28,78",1,39,"28,06"
330205,ITALVA,RJ,07/2022,135,92,"68,15",90,2,"97,83",43,"31,85",0,43,"31,85"
330210,ITAOCARA,RJ,07/2022,239,194,"81,17",178,16,"91,75",45,"18,83",1,44,"18,41"
330210,ITAOCARA,RJ,11/2022,236,166,"70,34",149,17,"89,76",70,"29,66",2,68,"28,81"
330210,ITAOCARA,RJ,09/2022,244,193,"79,10",183,10,"94,82",51,"20,90",4,47,"19,26"
330220,ITAPERUNA,RJ,09/2022,755,530,"70,20",525,5,"99,06",225,"29,80",165,60,"7,95"
330220,ITAPERUNA,RJ,11/2022,784,683,"87,12",655,28,"95,90",101,"12,88",1,100,"12,76"
330220,ITAPERUNA,RJ,07/2022,726,538,"74,10",529,9,"98,33",188,"25,90",6,182,"25,07"
330225,ITATIAIA,RJ,07/2022,289,219,"75,78",189,30,"86,30",70,"24,22",2,68,"23,53"
330225,ITATIAIA,RJ,11/2022,301,240,"79,73",214,26,"89,17",61,"20,27",1,60,"19,93"
330225,ITATIAIA,RJ,09/2022,288,242,"84,03",216,26,"89,26",46,"15,97",4,42,"14,58"
330227,JAPERI,RJ,09/2022,1699,434,"25,54",394,40,"90,78",1265,"74,46",268,997,"58,68"
330227,JAPERI,RJ,11/2022,1648,615,"37,32",548,67,"89,11",1033,"62,68",87,946,"57,40"
330227,JAPERI,RJ,07/2022,1591,336,"21,12",283,53,"84,23",1255,"78,88",187,1068,"67,13"
330230,LAJE DO MURIAÉ,RJ,07/2022,112,90,"80,36",83,7,"92,22",22,"19,64",0,22,"19,64"
330230,LAJE DO MURIAÉ,RJ,11/2022,113,104,"92,04",102,2,"98,08",9,"7,96",1,8,"7,08"
330230,LAJE DO MURIAÉ,RJ,09/2022,120,100,"83,33",84,16,"84,00",20,"16,67",2,18,"15,00"
330240,MACAÉ,RJ,09/2022,2413,1072,"44,43",989,83,"92,26",1341,"55,57",233,1108,"45,92"
330240,MACAÉ,RJ,11/2022,2463,1207,"49,01",1092,115,"90,47",1256,"50,99",102,1154,"46,85"
330240,MACAÉ,RJ,07/2022,2107,971,"46,08",916,55,"94,34",1136,"53,92",173,963,"45,70"
330245,MACUCO,RJ,07/2022,90,71,"78,89",58,13,"81,69",19,"21,11",0,19,"21,11"
330245,MACUCO,RJ,11/2022,104,85,"81,73",74,11,"87,06",19,"18,27",0,19,"18,27"
330245,MACUCO,RJ,09/2022,98,76,"77,55",71,5,"93,42",22,"22,45",2,20,"20,41"
330250,MAGÉ,RJ,09/2022,3975,1919,"48,28",1801,118,"93,85",2056,"51,72",54,2002,"50,36"
330250,MAGÉ,RJ,11/2022,3985,1993,"50,01",1880,113,"94,33",1992,"49,99",41,1951,"48,96"
330250,MAGÉ,RJ,07/2022,3583,1829,"51,05",1704,125,"93,17",1754,"48,95",99,1655,"46,19"
330260,MANGARATIBA,RJ,07/2022,391,338,"86,45",338,0,"100,00",53,"13,55",3,50,"12,79"
330260,MANGARATIBA,RJ,11/2022,478,410,"85,77",410,0,"100,00",68,"14,23",2,66,"13,81"
330260,MANGARATIBA,RJ,09/2022,448,383,"85,49",383,0,"100,00",65,"14,51",5,60,"13,39"
330270,MARICÁ,RJ,09/2022,1645,1211,"73,62",1123,88,"92,73",434,"26,38",18,416,"25,29"
330270,MARICÁ,RJ,11/2022,1689,1224,"72,47",1145,79,"93,55",465,"27,53",16,449,"26,58"
330270,MARICÁ,RJ,07/2022,1425,1088,"76,35",1014,74,"93,20",337,"23,65",43,294,"20,63"
330280,MENDES,RJ,07/2022,158,124,"78,48",113,11,"91,13",34,"21,52",3,31,"19,62"
330280,MENDES,RJ,11/2022,170,140,"82,35",129,11,"92,14",30,"17,65",0,30,"17,65"
330280,MENDES,RJ,09/2022,168,138,"82,14",138,0,"100,00",30,"17,86",3,27,"16,07"
330285,MESQUITA,RJ,09/2022,2112,1654,"78,31",1602,52,"96,86",458,"21,69",215,243,"11,51"
330285,MESQUITA,RJ,11/2022,2077,1738,"83,68",1721,17,"99,02",339,"16,32",69,270,"13,00"
330285,MESQUITA,RJ,07/2022,1862,1569,"84,26",1538,31,"98,02",293,"15,74",45,248,"13,32"
330290,MIGUEL PEREIRA,RJ,07/2022,284,0,"0,00",0,0,,284,"100,00",269,15,"5,28"
330290,MIGUEL PEREIRA,RJ,11/2022,321,39,"12,15",39,0,"100,00",282,"87,85",265,17,"5,30"
330290,MIGUEL PEREIRA,RJ,09/2022,325,0,"0,00",0,0,,325,"100,00",306,19,"5,85"
330300,MIRACEMA,RJ,09/2022,436,334,"76,61",323,11,"96,71",102,"23,39",2,100,"22,94"
330300,MIRACEMA,RJ,11/2022,428,333,"77,80",310,23,"93,09",95,"22,20",4,91,"21,26"
330300,MIRACEMA,RJ,07/2022,393,274,"69,72",269,5,"98,18",119,"30,28",2,117,"29,77"
330310,NATIVIDADE,RJ,07/2022,202,174,"86,14",171,3,"98,28",28,"13,86",0,28,"13,86"
330310,NATIVIDADE,RJ,11/2022,209,171,"81,82",159,12,"92,98",38,"18,18",0,38,"18,18"
330310,NATIVIDADE,RJ,09/2022,222,142,"63,96",123,19,"86,62",80,"36,04",43,37,"16,67"
330320,NILÓPOLIS,RJ,09/2022,1641,579,"35,28",579,0,"100,00",1062,"64,72",822,240,"14,63"
330320,NILÓPOLIS,RJ,11/2022,1673,701,"41,90",652,49,"93,01",972,"58,10",487,485,"28,99"
330320,NILÓPOLIS,RJ,07/2022,1855,1556,"83,88",1555,1,"99,94",299,"16,12",143,156,"8,41"
330330,NITERÓI,RJ,07/2022,2976,1612,"54,17",1453,159,"90,14",1364,"45,83",9,1355,"45,53"
330330,NITERÓI,RJ,11/2022,3505,2120,"60,49",1906,214,"89,91",1385,"39,51",13,1372,"39,14"
330330,NITERÓI,RJ,09/2022,3468,1942,"56,00",1647,295,"84,81",1526,"44,00",23,1503,"43,34"
330340,NOVA FRIBURGO,RJ,09/2022,1188,822,"69,19",742,80,"90,27",366,"30,81",16,350,"29,46"
330340,NOVA FRIBURGO,RJ,11/2022,1213,847,"69,83",758,89,"89,49",366,"30,17",8,358,"29,51"
330340,NOVA FRIBURGO,RJ,07/2022,1041,730,"70,12",674,56,"92,33",311,"29,88",7,304,"29,20"
330350,NOVA IGUAÇU,RJ,07/2022,12723,8737,"68,67",8673,64,"99,27",3986,"31,33",231,3755,"29,51"
330350,NOVA IGUAÇU,RJ,11/2022,13824,9509,"68,79",9424,85,"99,11",4315,"31,21",141,4174,"30,19"
330350,NOVA IGUAÇU,RJ,09/2022,14183,9707,"68,44",9650,57,"99,41",4476,"31,56",318,4158,"29,32"
330360,PARACAMBI,RJ,09/2022,642,552,"85,98",537,15,"97,28",90,"14,02",20,70,"10,90"
330360,PARACAMBI,RJ,11/2022,631,549,"87,00",530,19,"96,54",82,"13,00",6,76,"12,04"
330360,PARACAMBI,RJ,07/2022,605,471,"77,85",445,26,"94,48",134,"22,15",19,115,"19,01"
330370,PARAÍBA DO SUL,RJ,07/2022,471,342,"72,61",320,22,"93,57",129,"27,39",2,127,"26,96"
330370,PARAÍBA DO SUL,RJ,11/2022,514,424,"82,49",364,60,"85,85",90,"17,51",4,86,"16,73"
330370,PARAÍBA DO SUL,RJ,09/2022,516,365,"70,74",288,77,"78,90",151,"29,26",68,83,"16,09"
330380,PARATI,RJ,09/2022,487,57,"11,70",53,4,"92,98",430,"88,30",327,103,"21,15"
330380,PARATI,RJ,11/2022,576,457,"79,34",457,0,"100,00",119,"20,66",9,110,"19,10"
330380,PARATI,RJ,07/2022,455,367,"80,66",359,8,"97,82",88,"19,34",21,67,"14,73"
330385,PATY DO ALFERES,RJ,07/2022,410,288,"70,24",288,0,"100,00",122,"29,76",83,39,"9,51"
330385,PATY DO ALFERES,RJ,11/2022,389,89,"22,88",89,0,"100,00",300,"77,12",195,105,"26,99"
330385,PATY DO ALFERES,RJ,09/2022,403,78,"19,35",72,6,"92,31",325,"80,65",150,175,"43,42"
330390,PETRÓPOLIS,RJ,09/2022,2541,1873,"73,71",1572,301,"83,93",668,"26,29",18,650,"25,58"
330390,PETRÓPOLIS,RJ,11/2022,2552,1992,"78,06",1621,371,"81,38",560,"21,94",12,548,"21,47"
330390,PETRÓPOLIS,RJ,07/2022,2300,1527,"66,39",1333,194,"87,30",773,"33,61",153,620,"26,96"
330395,PINHEIRAL,RJ,07/2022,287,193,"67,25",180,13,"93,26",94,"32,75",4,90,"31,36"
330395,PINHEIRAL,RJ,11/2022,316,228,"72,15",220,8,"96,49",88,"27,85",5,83,"26,27"
330395,PINHEIRAL,RJ,09/2022,330,232,"70,30",223,9,"96,12",98,"29,70",5,93,"28,18"
330400,PIRAÍ,RJ,09/2022,316,288,"91,14",264,24,"91,67",28,"8,86",11,17,"5,38"
330400,PIRAÍ,RJ,11/2022,317,246,"77,60",220,26,"89,43",71,"22,40",6,65,"20,50"
330400,PIRAÍ,RJ,07/2022,268,185,"69,03",149,36,"80,54",83,"30,97",55,28,"10,45"
330410,PORCIÚNCULA,RJ,07/2022,249,150,"60,24",130,20,"86,67",99,"39,76",2,97,"38,96"
330410,PORCIÚNCULA,RJ,11/2022,255,161,"63,14",133,28,"82,61",94,"36,86",0,94,"36,86"
330410,PORCIÚNCULA,RJ,09/2022,261,160,"61,30",141,19,"88,13",101,"38,70",1,100,"38,31"
330411,PORTO REAL,RJ,09/2022,208,35,"16,83",25,10,"71,43",173,"83,17",36,137,"65,87"
330411,PORTO REAL,RJ,11/2022,192,70,"36,46",62,8,"88,57",122,"63,54",1,121,"63,02"
330411,PORTO REAL,RJ,07/2022,191,65,"34,03",60,5,"92,31",126,"65,97",1,125,"65,45"
330412,QUATIS,RJ,07/2022,151,110,"72,85",95,15,"86,36",41,"27,15",5,36,"23,84"
330412,QUATIS,RJ,11/2022,151,116,"76,82",104,12,"89,66",35,"23,18",0,35,"23,18"
330412,QUATIS,RJ,09/2022,160,114,"71,25",102,12,"89,47",46,"28,75",3,43,"26,88"
330414,QUEIMADOS,RJ,09/2022,2414,1046,"43,33",963,83,"92,07",1368,"56,67",562,806,"33,39"
330414,QUEIMADOS,RJ,11/2022,2334,1006,"43,10",937,69,"93,14",1328,"56,90",514,814,"34,88"
330414,QUEIMADOS,RJ,07/2022,2198,867,"39,44",839,28,"96,77",1331,"60,56",629,702,"31,94"
330415,QUISSAMÃ,RJ,07/2022,356,320,"89,89",309,11,"96,56",36,"10,11",1,35,"9,83"
330415,QUISSAMÃ,RJ,11/2022,377,238,"63,13",211,27,"88,66",139,"36,87",0,139,"36,87"
330415,QUISSAMÃ,RJ,09/2022,378,347,"91,80",320,27,"92,22",31,"8,20",3,28,"7,41"
330420,RESENDE,RJ,09/2022,966,797,"82,51",729,68,"91,47",169,"17,49",7,162,"16,77"
330420,RESENDE,RJ,11/2022,954,786,"82,39",715,71,"90,97",168,"17,61",9,159,"16,67"
330420,RESENDE,RJ,07/2022,843,386,"45,79",351,35,"90,93",457,"54,21",5,452,"53,62"
330430,RIO BONITO,RJ,07/2022,733,619,"84,45",569,50,"91,92",114,"15,55",5,109,"14,87"
330430,RIO BONITO,RJ,11/2022,823,720,"87,48",666,54,"92,50",103,"12,52",4,99,"12,03"
330430,RIO BONITO,RJ,09/2022,808,710,"87,87",672,38,"94,65",98,"12,13",9,89,"11,01"
330440,RIO CLARO,RJ,09/2022,221,177,"80,09",166,11,"93,79",44,"19,91",3,41,"18,55"
330440,RIO CLARO,RJ,11/2022,214,172,"80,37",167,5,"97,09",42,"19,63",2,40,"18,69"
330440,RIO CLARO,RJ,07/2022,202,169,"83,66",149,20,"88,17",33,"16,34",1,32,"15,84"
330450,RIO DAS FLORES,RJ,07/2022,140,67,"47,86",60,7,"89,55",73,"52,14",18,55,"39,29"
330450,RIO DAS FLORES,RJ,11/2022,142,82,"57,75",71,11,"86,59",60,"42,25",2,58,"40,85"
330450,RIO DAS FLORES,RJ,09/2022,146,78,"53,42",62,16,"79,49",68,"46,58",7,61,"41,78"
330452,RIO DAS OSTRAS,RJ,09/2022,1477,421,"28,50",387,34,"91,92",1056,"71,50",342,714,"48,34"
330452,RIO DAS OSTRAS,RJ,11/2022,1567,738,"47,10",671,67,"90,92",829,"52,90",92,737,"47,03"
330452,RIO DAS OSTRAS,RJ,07/2022,1289,244,"18,93",199,45,"81,56",1045,"81,07",365,680,"52,75"
330455,RIO DE JANEIRO,RJ,07/2022,48962,15258,"31,16",14274,984,"93,55",33704,"68,84",8757,24947,"50,95"
330455,RIO DE JANEIRO,RJ,11/2022,55408,20836,"37,60",19788,1048,"94,97",34572,"62,40",7200,27372,"49,40"
330455,RIO DE JANEIRO,RJ,09/2022,55243,14165,"25,64",13229,936,"93,39",41078,"74,36",13132,27946,"50,59"
330460,SANTA MARIA MADALENA,RJ,09/2022,112,82,"73,21",71,11,"86,59",30,"26,79",1,29,"25,89"
330460,SANTA MARIA MADALENA,RJ,11/2022,109,82,"75,23",74,8,"90,24",27,"24,77",0,27,"24,77"
330460,SANTA MARIA MADALENA,RJ,07/2022,106,76,"71,70",72,4,"94,74",30,"28,30",0,30,"28,30"
330470,SANTO ANTÔNIO DE PÁDUA,RJ,07/2022,423,139,"32,86",132,7,"94,96",284,"67,14",120,164,"38,77"
330470,SANTO ANTÔNIO DE PÁDUA,RJ,11/2022,448,154,"34,38",149,5,"96,75",294,"65,63",123,171,"38,17"
330470,SANTO ANTÔNIO DE PÁDUA,RJ,09/2022,447,149,"33,33",145,4,"97,32",298,"66,67",121,177,"39,60"
330475,SÃO FRANCISCO DE ITABAPOANA,RJ,09/2022,865,553,"63,93",465,88,"84,09",312,"36,07",4,308,"35,61"
330475,SÃO FRANCISCO DE ITABAPOANA,RJ,11/2022,874,576,"65,90",463,113,"80,38",298,"34,10",2,296,"33,87"
330475,SÃO FRANCISCO DE ITABAPOANA,RJ,07/2022,819,502,"61,29",432,70,"86,06",317,"38,71",30,287,"35,04"
330480,SÃO FIDÉLIS,RJ,07/2022,474,376,"79,32",331,45,"88,03",98,"20,68",2,96,"20,25"
330480,SÃO FIDÉLIS,RJ,11/2022,490,381,"77,76",367,14,"96,33",109,"22,24",3,106,"21,63"
330480,SÃO FIDÉLIS,RJ,09/2022,519,404,"77,84",377,27,"93,32",115,"22,16",4,111,"21,39"
330490,SÃO GONÇALO,RJ,09/2022,9404,3794,"40,34",3122,672,"82,29",5610,"59,66",46,5564,"59,17"
330490,SÃO GONÇALO,RJ,11/2022,9247,4339,"46,92",3799,540,"87,55",4908,"53,08",16,4892,"52,90"
330490,SÃO GONÇALO,RJ,07/2022,8619,3479,"40,36",2876,603,"82,67",5140,"59,64",56,5084,"58,99"
330500,SÃO JOÃO DA BARRA,RJ,07/2022,609,451,"74,06",447,4,"99,11",158,"25,94",3,155,"25,45"
330500,SÃO JOÃO DA BARRA,RJ,11/2022,714,534,"74,79",533,1,"99,81",180,"25,21",1,179,"25,07"
330500,SÃO JOÃO DA BARRA,RJ,09/2022,681,422,"61,97",422,0,"100,00",259,"38,03",78,181,"26,58"
330510,SÃO JOÃO DE MERITI,RJ,09/2022,4467,2840,"63,58",2654,186,"93,45",1627,"36,42",223,1404,"31,43"
330510,SÃO JOÃO DE MERITI,RJ,11/2022,4457,2950,"66,19",2767,183,"93,80",1507,"33,81",113,1394,"31,28"
330510,SÃO JOÃO DE MERITI,RJ,07/2022,4026,2571,"63,86",2382,189,"92,65",1455,"36,14",193,1262,"31,35"
330513,SÃO JOSÉ DE UBÁ,RJ,07/2022,88,6,"6,82",5,1,"83,33",82,"93,18",74,8,"9,09"
330513,SÃO JOSÉ DE UBÁ,RJ,11/2022,91,78,"85,71",77,1,"98,72",13,"14,29",1,12,"13,19"
330513,SÃO JOSÉ DE UBÁ,RJ,09/2022,90,3,"3,33",2,1,"66,67",87,"96,67",75,12,"13,33"
330515,SÃO JOSÉ DO VALE DO RIO PRETO,RJ,09/2022,215,137,"63,72",108,29,"78,83",78,"36,28",25,53,"24,65"
330515,SÃO JOSÉ DO VALE DO RIO PRETO,RJ,11/2022,220,149,"67,73",109,40,"73,15",71,"32,27",18,53,"24,09"
330515,SÃO JOSÉ DO VALE DO RIO PRETO,RJ,07/2022,206,127,"61,65",97,30,"76,38",79,"38,35",27,52,"25,24"
330520,SÃO PEDRO DA ALDEIA,RJ,07/2022,1051,644,"61,27",596,48,"92,55",407,"38,73",6,401,"38,15"
330520,SÃO PEDRO DA ALDEIA,RJ,11/2022,1201,766,"63,78",744,22,"97,13",435,"36,22",15,420,"34,97"
330520,SÃO PEDRO DA ALDEIA,RJ,09/2022,1173,697,"59,42",653,44,"93,69",476,"40,58",34,442,"37,68"
330530,SÃO SEBASTIÃO DO ALTO,RJ,09/2022,108,61,"56,48",50,11,"81,97",47,"43,52",23,24,"22,22"
330530,SÃO SEBASTIÃO DO ALTO,RJ,11/2022,107,66,"61,68",61,5,"92,42",41,"38,32",6,35,"32,71"
330530,SÃO SEBASTIÃO DO ALTO,RJ,07/2022,99,47,"47,47",45,2,"95,74",52,"52,53",41,11,"11,11"
330540,SAPUCAIA,RJ,07/2022,248,170,"68,55",153,17,"90,00",78,"31,45",3,75,"30,24"
330540,SAPUCAIA,RJ,11/2022,272,188,"69,12",175,13,"93,09",84,"30,88",2,82,"30,15"
330540,SAPUCAIA,RJ,09/2022,260,173,"66,54",159,14,"91,91",87,"33,46",1,86,"33,08"
330550,SAQUAREMA,RJ,09/2022,1041,343,"32,95",311,32,"90,67",698,"67,05",13,685,"65,80"
330550,SAQUAREMA,RJ,11/2022,1045,513,"49,09",509,4,"99,22",532,"50,91",18,514,"49,19"
330550,SAQUAREMA,RJ,07/2022,885,286,"32,32",268,18,"93,71",599,"67,68",25,574,"64,86"
330555,SEROPÉDICA,RJ,07/2022,1365,884,"64,76",884,0,"100,00",481,"35,24",336,145,"10,62"
330555,SEROPÉDICA,RJ,11/2022,1520,1270,"83,55",1270,0,"100,00",250,"16,45",13,237,"15,59"
330555,SEROPÉDICA,RJ,09/2022,1364,316,"23,17",310,6,"98,10",1048,"76,83",871,177,"12,98"
330560,SILVA JARDIM,RJ,09/2022,341,292,"85,63",273,19,"93,49",49,"14,37",9,40,"11,73"
330560,SILVA JARDIM,RJ,11/2022,335,295,"88,06",281,14,"95,25",40,"11,94",2,38,"11,34"
330560,SILVA JARDIM,RJ,07/2022,313,283,"90,42",258,25,"91,17",30,"9,58",5,25,"7,99"
330570,SUMIDOURO,RJ,07/2022,229,125,"54,59",125,0,"100,00",104,"45,41",3,101,"44,10"
330570,SUMIDOURO,RJ,11/2022,236,94,"39,83",94,0,"100,00",142,"60,17",33,109,"46,19"
330570,SUMIDOURO,RJ,09/2022,242,94,"38,84",94,0,"100,00",148,"61,16",35,113,"46,69"
330575,TANGUÁ,RJ,09/2022,533,435,"81,61",419,16,"96,32",98,"18,39",5,93,"17,45"
330575,TANGUÁ,RJ,11/2022,516,399,"77,33",394,5,"98,75",117,"22,67",2,115,"22,29"
330575,TANGUÁ,RJ,07/2022,481,424,"88,15",411,13,"96,93",57,"11,85",2,55,"11,43"
330580,TERESÓPOLIS,RJ,07/2022,1430,590,"41,26",524,66,"88,81",840,"58,74",667,173,"12,10"
330580,TERESÓPOLIS,RJ,11/2022,1659,791,"47,68",725,66,"91,66",868,"52,32",688,180,"10,85"
330580,TERESÓPOLIS,RJ,09/2022,1624,757,"46,61",678,79,"89,56",867,"53,39",695,172,"10,59"
330590,TRAJANO DE MORAIS,RJ,09/2022,146,70,"47,95",68,2,"97,14",76,"52,05",12,64,"43,84"
330590,TRAJANO DE MORAIS,RJ,11/2022,151,75,"49,67",73,2,"97,33",76,"50,33",2,74,"49,01"
330590,TRAJANO DE MORAIS,RJ,07/2022,136,81,"59,56",81,0,"100,00",55,"40,44",2,53,"38,97"
330600,TRÊS RIOS,RJ,07/2022,941,751,"79,81",674,77,"89,75",190,"20,19",5,185,"19,66"
330600,TRÊS RIOS,RJ,11/2022,1081,881,"81,50",832,49,"94,44",200,"18,50",8,192,"17,76"
330600,TRÊS RIOS,RJ,09/2022,1057,670,"63,39",585,85,"87,31",387,"36,61",143,244,"23,08"
330610,VALENÇA,RJ,09/2022,963,189,"19,63",179,10,"94,71",774,"80,37",488,286,"29,70"
330610,VALENÇA,RJ,11/2022,968,455,"47,00",422,33,"92,75",513,"53,00",139,374,"38,64"
330610,VALENÇA,RJ,07/2022,914,50,"5,47",41,9,"82,00",864,"94,53",754,110,"12,04"
330615,VARRE-SAI,RJ,07/2022,260,233,"89,62",229,4,"98,28",27,"10,38",7,20,"7,69"
330615,VARRE-SAI,RJ,11/2022,248,217,"87,50",209,8,"96,31",31,"12,50",23,8,"3,23"
330615,VARRE-SAI,RJ,09/2022,268,237,"88,43",237,0,"100,00",31,"11,57",7,24,"8,96"
330620,VASSOURAS,RJ,09/2022,426,367,"86,15",353,14,"96,19",59,"13,85",7,52,"12,21"
330620,VASSOURAS,RJ,11/2022,441,374,"84,81",359,15,"95,99",67,"15,19",8,59,"13,38"
330620,VASSOURAS,RJ,07/2022,371,270,"72,78",242,28,"89,63",101,"27,22",3,98,"26,42"
330630,VOLTA REDONDA,RJ,07/2022,1968,797,"40,50",656,141,"82,31",1171,"59,50",586,585,"29,73"
330630,VOLTA REDONDA,RJ,11/2022,2228,938,"42,10",835,103,"89,02",1290,"57,90",657,633,"28,41"
330630,VOLTA REDONDA,RJ,09/2022,2207,649,"29,41",567,82,"87,37",1558,"70,59",971,587,"26,60"
240010,ACARI,RN,11/2022,159,142,"89,31",142,0,"100,00",17,"10,69",10,7,"4,40"
240010,ACARI,RN,07/2022,169,160,"94,67",160,0,"100,00",9,"5,33",0,9,"5,33"
240010,ACARI,RN,09/2022,175,165,"94,29",165,0,"100,00",10,"5,71",1,9,"5,14"
240020,AÇU,RN,09/2022,1158,1,"0,09",0,1,"0,00",1157,"99,91",1057,100,"8,64"
240020,AÇU,RN,07/2022,1160,1057,"91,12",1057,0,"100,00",103,"8,88",5,98,"8,45"
240020,AÇU,RN,11/2022,1209,1073,"88,75",1070,3,"99,72",136,"11,25",32,104,"8,60"
240030,AFONSO BEZERRA,RN,11/2022,276,198,"71,74",197,1,"99,49",78,"28,26",0,78,"28,26"
240030,AFONSO BEZERRA,RN,07/2022,275,127,"46,18",126,1,"99,21",148,"53,82",1,147,"53,45"
240030,AFONSO BEZERRA,RN,09/2022,296,138,"46,62",138,0,"100,00",158,"53,38",2,156,"52,70"
240040,ÁGUA NOVA,RN,09/2022,66,21,"31,82",17,4,"80,95",45,"68,18",37,8,"12,12"
240040,ÁGUA NOVA,RN,07/2022,68,52,"76,47",52,0,"100,00",16,"23,53",0,16,"23,53"
240040,ÁGUA NOVA,RN,11/2022,57,43,"75,44",36,7,"83,72",14,"24,56",8,6,"10,53"
240050,ALEXANDRIA,RN,07/2022,256,183,"71,48",176,7,"96,17",73,"28,52",10,63,"24,61"
240050,ALEXANDRIA,RN,11/2022,253,193,"76,28",193,0,"100,00",60,"23,72",1,59,"23,32"
240050,ALEXANDRIA,RN,09/2022,260,192,"73,85",187,5,"97,40",68,"26,15",2,66,"25,38"
240060,ALMINO AFONSO,RN,09/2022,128,109,"85,16",108,1,"99,08",19,"14,84",1,18,"14,06"
240060,ALMINO AFONSO,RN,07/2022,126,104,"82,54",104,0,"100,00",22,"17,46",3,19,"15,08"
240060,ALMINO AFONSO,RN,11/2022,120,100,"83,33",100,0,"100,00",20,"16,67",1,19,"15,83"
240070,ALTO DO RODRIGUES,RN,07/2022,233,128,"54,94",107,21,"83,59",105,"45,06",0,105,"45,06"
240070,ALTO DO RODRIGUES,RN,11/2022,240,207,"86,25",169,38,"81,64",33,"13,75",0,33,"13,75"
240070,ALTO DO RODRIGUES,RN,09/2022,251,224,"89,24",174,50,"77,68",27,"10,76",3,24,"9,56"
240080,ANGICOS,RN,09/2022,226,104,"46,02",89,15,"85,58",122,"53,98",106,16,"7,08"
240080,ANGICOS,RN,11/2022,220,201,"91,36",183,18,"91,04",19,"8,64",5,14,"6,36"
240080,ANGICOS,RN,07/2022,217,83,"38,25",62,21,"74,70",134,"61,75",106,28,"12,90"
240090,ANTÔNIO MARTINS,RN,11/2022,145,126,"86,90",110,16,"87,30",19,"13,10",0,19,"13,10"
240090,ANTÔNIO MARTINS,RN,07/2022,148,128,"86,49",113,15,"88,28",20,"13,51",1,19,"12,84"
240090,ANTÔNIO MARTINS,RN,09/2022,152,129,"84,87",112,17,"86,82",23,"15,13",3,20,"13,16"
240100,APODI,RN,09/2022,781,588,"75,29",582,6,"98,98",193,"24,71",13,180,"23,05"
240100,APODI,RN,07/2022,733,555,"75,72",548,7,"98,74",178,"24,28",9,169,"23,06"
240100,APODI,RN,11/2022,746,578,"77,48",573,5,"99,13",168,"22,52",4,164,"21,98"
240110,AREIA BRANCA,RN,11/2022,448,171,"38,17",142,29,"83,04",277,"61,83",33,244,"54,46"
240110,AREIA BRANCA,RN,07/2022,433,109,"25,17",105,4,"96,33",324,"74,83",128,196,"45,27"
240110,AREIA BRANCA,RN,09/2022,457,128,"28,01",115,13,"89,84",329,"71,99",95,234,"51,20"
240120,ARÊS,RN,09/2022,292,223,"76,37",211,12,"94,62",69,"23,63",14,55,"18,84"
240120,ARÊS,RN,11/2022,266,214,"80,45",207,7,"96,73",52,"19,55",2,50,"18,80"
240120,ARÊS,RN,07/2022,281,218,"77,58",206,12,"94,50",63,"22,42",9,54,"19,22"
240130,AUGUSTO SEVERO,RN,11/2022,233,212,"90,99",204,8,"96,23",21,"9,01",3,18,"7,73"
240130,AUGUSTO SEVERO,RN,07/2022,247,225,"91,09",222,3,"98,67",22,"8,91",4,18,"7,29"
240130,AUGUSTO SEVERO,RN,09/2022,248,32,"12,90",30,2,"93,75",216,"87,10",196,20,"8,06"
240140,BAÍA FORMOSA,RN,09/2022,215,171,"79,53",171,0,"100,00",44,"20,47",28,16,"7,44"
240140,BAÍA FORMOSA,RN,11/2022,213,182,"85,45",169,13,"92,86",31,"14,55",9,22,"10,33"
240140,BAÍA FORMOSA,RN,07/2022,199,159,"79,90",159,0,"100,00",40,"20,10",25,15,"7,54"
240145,BARAÚNA,RN,07/2022,680,330,"48,53",327,3,"99,09",350,"51,47",24,326,"47,94"
240145,BARAÚNA,RN,11/2022,709,452,"63,75",429,23,"94,91",257,"36,25",28,229,"32,30"
240145,BARAÚNA,RN,09/2022,710,353,"49,72",351,2,"99,43",357,"50,28",91,266,"37,46"
240150,BARCELONA,RN,09/2022,73,69,"94,52",56,13,"81,16",4,"5,48",0,4,"5,48"
240150,BARCELONA,RN,11/2022,74,67,"90,54",58,9,"86,57",7,"9,46",1,6,"8,11"
240150,BARCELONA,RN,07/2022,80,62,"77,50",60,2,"96,77",18,"22,50",0,18,"22,50"
240160,BENTO FERNANDES,RN,11/2022,143,135,"94,41",135,0,"100,00",8,"5,59",0,8,"5,59"
240160,BENTO FERNANDES,RN,07/2022,141,134,"95,04",134,0,"100,00",7,"4,96",1,6,"4,26"
240160,BENTO FERNANDES,RN,09/2022,148,139,"93,92",137,2,"98,56",9,"6,08",2,7,"4,73"
240165,BODÓ,RN,09/2022,75,10,"13,33",10,0,"100,00",65,"86,67",48,17,"22,67"
240165,BODÓ,RN,07/2022,81,55,"67,90",55,0,"100,00",26,"32,10",0,26,"32,10"
240165,BODÓ,RN,11/2022,75,59,"78,67",59,0,"100,00",16,"21,33",2,14,"18,67"
240170,BOM JESUS,RN,07/2022,240,73,"30,42",72,1,"98,63",167,"69,58",149,18,"7,50"
240170,BOM JESUS,RN,11/2022,249,85,"34,14",73,12,"85,88",164,"65,86",86,78,"31,33"
240170,BOM JESUS,RN,09/2022,253,16,"6,32",5,11,"31,25",237,"93,68",217,20,"7,91"
240180,BREJINHO,RN,09/2022,318,274,"86,16",272,2,"99,27",44,"13,84",0,44,"13,84"
240180,BREJINHO,RN,11/2022,310,264,"85,16",264,0,"100,00",46,"14,84",4,42,"13,55"
240180,BREJINHO,RN,07/2022,308,255,"82,79",253,2,"99,22",53,"17,21",0,53,"17,21"
240185,CAIÇARA DO NORTE,RN,07/2022,149,117,"78,52",116,1,"99,15",32,"21,48",3,29,"19,46"
240185,CAIÇARA DO NORTE,RN,11/2022,150,74,"49,33",62,12,"83,78",76,"50,67",17,59,"39,33"
240185,CAIÇARA DO NORTE,RN,09/2022,160,112,"70,00",106,6,"94,64",48,"30,00",11,37,"23,13"
240190,CAIÇARA DO RIO DO VENTO,RN,09/2022,110,86,"78,18",74,12,"86,05",24,"21,82",4,20,"18,18"
240190,CAIÇARA DO RIO DO VENTO,RN,11/2022,87,64,"73,56",56,8,"87,50",23,"26,44",5,18,"20,69"
240190,CAIÇARA DO RIO DO VENTO,RN,07/2022,110,100,"90,91",100,0,"100,00",10,"9,09",1,9,"8,18"
240200,CAICÓ,RN,11/2022,947,410,"43,29",384,26,"93,66",537,"56,71",236,301,"31,78"
240200,CAICÓ,RN,07/2022,888,320,"36,04",293,27,"91,56",568,"63,96",299,269,"30,29"
240200,CAICÓ,RN,09/2022,983,341,"34,69",306,35,"89,74",642,"65,31",343,299,"30,42"
240210,CAMPO REDONDO,RN,09/2022,203,189,"93,10",162,27,"85,71",14,"6,90",0,14,"6,90"
240210,CAMPO REDONDO,RN,07/2022,187,175,"93,58",167,8,"95,43",12,"6,42",1,11,"5,88"
240210,CAMPO REDONDO,RN,11/2022,191,174,"91,10",148,26,"85,06",17,"8,90",0,17,"8,90"
240220,CANGUARETAMA,RN,07/2022,870,796,"91,49",787,9,"98,87",74,"8,51",20,54,"6,21"
240220,CANGUARETAMA,RN,11/2022,887,636,"71,70",614,22,"96,54",251,"28,30",13,238,"26,83"
240220,CANGUARETAMA,RN,09/2022,912,816,"89,47",805,11,"98,65",96,"10,53",27,69,"7,57"
240230,CARAÚBAS,RN,09/2022,534,459,"85,96",459,0,"100,00",75,"14,04",2,73,"13,67"
240230,CARAÚBAS,RN,07/2022,506,431,"85,18",431,0,"100,00",75,"14,82",2,73,"14,43"
240230,CARAÚBAS,RN,11/2022,524,454,"86,64",454,0,"100,00",70,"13,36",2,68,"12,98"
240240,CARNAÚBA DOS DANTAS,RN,07/2022,83,56,"67,47",48,8,"85,71",27,"32,53",7,20,"24,10"
240240,CARNAÚBA DOS DANTAS,RN,11/2022,84,65,"77,38",56,9,"86,15",19,"22,62",1,18,"21,43"
240240,CARNAÚBA DOS DANTAS,RN,09/2022,90,64,"71,11",52,12,"81,25",26,"28,89",4,22,"24,44"
240250,CARNAUBAIS,RN,09/2022,258,58,"22,48",57,1,"98,28",200,"77,52",93,107,"41,47"
240250,CARNAUBAIS,RN,07/2022,247,100,"40,49",93,7,"93,00",147,"59,51",46,101,"40,89"
240250,CARNAUBAIS,RN,11/2022,243,100,"41,15",96,4,"96,00",143,"58,85",28,115,"47,33"
240260,CEARÁ-MIRIM,RN,11/2022,2006,1638,"81,66",1624,14,"99,15",368,"18,34",3,365,"18,20"
240260,CEARÁ-MIRIM,RN,07/2022,1862,1556,"83,57",1553,3,"99,81",306,"16,43",34,272,"14,61"
240260,CEARÁ-MIRIM,RN,09/2022,2018,1630,"80,77",1626,4,"99,75",388,"19,23",28,360,"17,84"
240270,CERRO CORÁ,RN,09/2022,307,263,"85,67",262,1,"99,62",44,"14,33",7,37,"12,05"
240270,CERRO CORÁ,RN,07/2022,302,259,"85,76",257,2,"99,23",43,"14,24",6,37,"12,25"
240270,CERRO CORÁ,RN,11/2022,292,190,"65,07",190,0,"100,00",102,"34,93",66,36,"12,33"
240280,CORONEL EZEQUIEL,RN,11/2022,133,96,"72,18",95,1,"98,96",37,"27,82",6,31,"23,31"
240280,CORONEL EZEQUIEL,RN,07/2022,112,72,"64,29",71,1,"98,61",40,"35,71",5,35,"31,25"
240280,CORONEL EZEQUIEL,RN,09/2022,130,90,"69,23",90,0,"100,00",40,"30,77",3,37,"28,46"
240290,CORONEL JOÃO PESSOA,RN,09/2022,90,81,"90,00",81,0,"100,00",9,"10,00",0,9,"10,00"
240290,CORONEL JOÃO PESSOA,RN,07/2022,94,85,"90,43",85,0,"100,00",9,"9,57",0,9,"9,57"
240290,CORONEL JOÃO PESSOA,RN,11/2022,82,45,"54,88",37,8,"82,22",37,"45,12",1,36,"43,90"
240300,CRUZETA,RN,07/2022,127,101,"79,53",85,16,"84,16",26,"20,47",5,21,"16,54"
240300,CRUZETA,RN,11/2022,125,93,"74,40",92,1,"98,92",32,"25,60",15,17,"13,60"
240300,CRUZETA,RN,09/2022,140,105,"75,00",96,9,"91,43",35,"25,00",13,22,"15,71"
240310,CURRAIS NOVOS,RN,09/2022,685,613,"89,49",542,71,"88,42",72,"10,51",3,69,"10,07"
240310,CURRAIS NOVOS,RN,11/2022,670,585,"87,31",537,48,"91,79",85,"12,69",3,82,"12,24"
240310,CURRAIS NOVOS,RN,07/2022,649,559,"86,13",521,38,"93,20",90,"13,87",3,87,"13,41"
240320,DOUTOR SEVERIANO,RN,07/2022,153,149,"97,39",134,15,"89,93",4,"2,61",0,4,"2,61"
240320,DOUTOR SEVERIANO,RN,11/2022,151,142,"94,04",128,14,"90,14",9,"5,96",4,5,"3,31"
240320,DOUTOR SEVERIANO,RN,09/2022,159,150,"94,34",128,22,"85,33",9,"5,66",4,5,"3,14"
240325,PARNAMIRIM,RN,09/2022,2746,1333,"48,54",1213,120,"91,00",1413,"51,46",73,1340,"48,80"
240325,PARNAMIRIM,RN,11/2022,2755,1498,"54,37",1352,146,"90,25",1257,"45,63",95,1162,"42,18"
240325,PARNAMIRIM,RN,07/2022,2461,986,"40,07",869,117,"88,13",1475,"59,93",150,1325,"53,84"
240330,ENCANTO,RN,07/2022,99,76,"76,77",76,0,"100,00",23,"23,23",1,22,"22,22"
240330,ENCANTO,RN,11/2022,115,91,"79,13",84,7,"92,31",24,"20,87",1,23,"20,00"
240330,ENCANTO,RN,09/2022,113,87,"76,99",72,15,"82,76",26,"23,01",2,24,"21,24"
240340,EQUADOR,RN,09/2022,150,12,"8,00",12,0,"100,00",138,"92,00",118,20,"13,33"
240340,EQUADOR,RN,11/2022,173,153,"88,44",153,0,"100,00",20,"11,56",0,20,"11,56"
240340,EQUADOR,RN,07/2022,143,9,"6,29",9,0,"100,00",134,"93,71",115,19,"13,29"
240350,ESPÍRITO SANTO,RN,11/2022,209,97,"46,41",95,2,"97,94",112,"53,59",82,30,"14,35"
240350,ESPÍRITO SANTO,RN,07/2022,227,60,"26,43",55,5,"91,67",167,"73,57",137,30,"13,22"
240350,ESPÍRITO SANTO,RN,09/2022,234,155,"66,24",148,7,"95,48",79,"33,76",45,34,"14,53"
240360,EXTREMOZ,RN,09/2022,1065,591,"55,49",574,17,"97,12",474,"44,51",8,466,"43,76"
240360,EXTREMOZ,RN,11/2022,1085,589,"54,29",531,58,"90,15",496,"45,71",7,489,"45,07"
240360,EXTREMOZ,RN,07/2022,965,496,"51,40",458,38,"92,34",469,"48,60",15,454,"47,05"
240370,FELIPE GUERRA,RN,11/2022,155,137,"88,39",136,1,"99,27",18,"11,61",2,16,"10,32"
240370,FELIPE GUERRA,RN,07/2022,145,126,"86,90",126,0,"100,00",19,"13,10",0,19,"13,10"
240370,FELIPE GUERRA,RN,09/2022,155,137,"88,39",134,3,"97,81",18,"11,61",0,18,"11,61"
240375,FERNANDO PEDROZA,RN,09/2022,51,30,"58,82",27,3,"90,00",21,"41,18",10,11,"21,57"
240375,FERNANDO PEDROZA,RN,07/2022,48,29,"60,42",24,5,"82,76",19,"39,58",9,10,"20,83"
240375,FERNANDO PEDROZA,RN,11/2022,49,28,"57,14",21,7,"75,00",21,"42,86",11,10,"20,41"
240380,FLORÂNIA,RN,07/2022,174,117,"67,24",117,0,"100,00",57,"32,76",20,37,"21,26"
240380,FLORÂNIA,RN,11/2022,163,105,"64,42",99,6,"94,29",58,"35,58",29,29,"17,79"
240380,FLORÂNIA,RN,09/2022,168,83,"49,40",81,2,"97,59",85,"50,60",45,40,"23,81"
240390,FRANCISCO DANTAS,RN,09/2022,61,42,"68,85",42,0,"100,00",19,"31,15",0,19,"31,15"
240390,FRANCISCO DANTAS,RN,07/2022,53,24,"45,28",21,3,"87,50",29,"54,72",12,17,"32,08"
240390,FRANCISCO DANTAS,RN,11/2022,55,26,"47,27",26,0,"100,00",29,"52,73",14,15,"27,27"
240400,FRUTUOSO GOMES,RN,11/2022,75,65,"86,67",61,4,"93,85",10,"13,33",0,10,"13,33"
240400,FRUTUOSO GOMES,RN,07/2022,78,70,"89,74",65,5,"92,86",8,"10,26",2,6,"7,69"
240400,FRUTUOSO GOMES,RN,09/2022,80,60,"75,00",57,3,"95,00",20,"25,00",11,9,"11,25"
240410,GALINHOS,RN,09/2022,46,35,"76,09",35,0,"100,00",11,"23,91",6,5,"10,87"
240410,GALINHOS,RN,07/2022,40,5,"12,50",5,0,"100,00",35,"87,50",32,3,"7,50"
240410,GALINHOS,RN,11/2022,42,13,"30,95",9,4,"69,23",29,"69,05",24,5,"11,90"
240420,GOIANINHA,RN,11/2022,653,497,"76,11",413,84,"83,10",156,"23,89",40,116,"17,76"
240420,GOIANINHA,RN,07/2022,635,181,"28,50",178,3,"98,34",454,"71,50",288,166,"26,14"
240420,GOIANINHA,RN,09/2022,652,241,"36,96",224,17,"92,95",411,"63,04",279,132,"20,25"
240430,GOVERNADOR DIX-SEPT ROSADO,RN,09/2022,240,222,"92,50",198,24,"89,19",18,"7,50",2,16,"6,67"
240430,GOVERNADOR DIX-SEPT ROSADO,RN,07/2022,224,199,"88,84",174,25,"87,44",25,"11,16",1,24,"10,71"
240430,GOVERNADOR DIX-SEPT ROSADO,RN,11/2022,253,231,"91,30",198,33,"85,71",22,"8,70",4,18,"7,11"
240440,GROSSOS,RN,07/2022,200,190,"95,00",190,0,"100,00",10,"5,00",0,10,"5,00"
240440,GROSSOS,RN,11/2022,217,205,"94,47",204,1,"99,51",12,"5,53",1,11,"5,07"
240440,GROSSOS,RN,09/2022,224,214,"95,54",214,0,"100,00",10,"4,46",0,10,"4,46"
240450,GUAMARÉ,RN,09/2022,365,320,"87,67",320,0,"100,00",45,"12,33",13,32,"8,77"
240450,GUAMARÉ,RN,07/2022,321,0,"0,00",0,0,,321,"100,00",293,28,"8,72"
240450,GUAMARÉ,RN,11/2022,345,241,"69,86",212,29,"87,97",104,"30,14",2,102,"29,57"
240460,IELMO MARINHO,RN,11/2022,411,297,"72,26",297,0,"100,00",114,"27,74",76,38,"9,25"
240460,IELMO MARINHO,RN,07/2022,379,321,"84,70",320,1,"99,69",58,"15,30",28,30,"7,92"
240460,IELMO MARINHO,RN,09/2022,401,337,"84,04",335,2,"99,41",64,"15,96",31,33,"8,23"
240470,IPANGUAÇU,RN,09/2022,444,305,"68,69",305,0,"100,00",139,"31,31",7,132,"29,73"
240470,IPANGUAÇU,RN,07/2022,415,306,"73,73",306,0,"100,00",109,"26,27",1,108,"26,02"
240470,IPANGUAÇU,RN,11/2022,403,284,"70,47",255,29,"89,79",119,"29,53",0,119,"29,53"
240480,IPUEIRA,RN,11/2022,21,19,"90,48",19,0,"100,00",2,"9,52",1,1,"4,76"
240480,IPUEIRA,RN,07/2022,21,18,"85,71",15,3,"83,33",3,"14,29",2,1,"4,76"
240480,IPUEIRA,RN,09/2022,22,19,"86,36",17,2,"89,47",3,"13,64",2,1,"4,55"
240485,ITAJÁ,RN,09/2022,223,139,"62,33",132,7,"94,96",84,"37,67",7,77,"34,53"
240485,ITAJÁ,RN,11/2022,210,132,"62,86",122,10,"92,42",78,"37,14",0,78,"37,14"
240485,ITAJÁ,RN,07/2022,211,135,"63,98",124,11,"91,85",76,"36,02",0,76,"36,02"
240490,ITAÚ,RN,11/2022,100,14,"14,00",13,1,"92,86",86,"86,00",56,30,"30,00"
240490,ITAÚ,RN,07/2022,108,71,"65,74",67,4,"94,37",37,"34,26",6,31,"28,70"
240490,ITAÚ,RN,09/2022,107,67,"62,62",63,4,"94,03",40,"37,38",7,33,"30,84"
240500,JAÇANÃ,RN,09/2022,172,149,"86,63",139,10,"93,29",23,"13,37",6,17,"9,88"
240500,JAÇANÃ,RN,07/2022,165,123,"74,55",120,3,"97,56",42,"25,45",1,41,"24,85"
240500,JAÇANÃ,RN,11/2022,165,86,"52,12",68,18,"79,07",79,"47,88",12,67,"40,61"
240510,JANDAÍRA,RN,07/2022,173,112,"64,74",103,9,"91,96",61,"35,26",56,5,"2,89"
240510,JANDAÍRA,RN,11/2022,186,174,"93,55",173,1,"99,43",12,"6,45",1,11,"5,91"
240510,JANDAÍRA,RN,09/2022,185,61,"32,97",61,0,"100,00",124,"67,03",115,9,"4,86"
240520,JANDUÍS,RN,09/2022,117,67,"57,26",67,0,"100,00",50,"42,74",24,26,"22,22"
240520,JANDUÍS,RN,07/2022,122,75,"61,48",69,6,"92,00",47,"38,52",20,27,"22,13"
240520,JANDUÍS,RN,11/2022,114,90,"78,95",90,0,"100,00",24,"21,05",2,22,"19,30"
240530,JANUÁRIO CICCO,RN,07/2022,235,81,"34,47",63,18,"77,78",154,"65,53",8,146,"62,13"
240530,JANUÁRIO CICCO,RN,11/2022,240,74,"30,83",71,3,"95,95",166,"69,17",3,163,"67,92"
240530,JANUÁRIO CICCO,RN,09/2022,246,81,"32,93",77,4,"95,06",165,"67,07",9,156,"63,41"
240540,JAPI,RN,09/2022,202,165,"81,68",165,0,"100,00",37,"18,32",1,36,"17,82"
240540,JAPI,RN,11/2022,187,131,"70,05",129,2,"98,47",56,"29,95",0,56,"29,95"
240540,JAPI,RN,07/2022,201,174,"86,57",173,1,"99,43",27,"13,43",2,25,"12,44"
240550,JARDIM DE ANGICOS,RN,11/2022,68,56,"82,35",43,13,"76,79",12,"17,65",9,3,"4,41"
240550,JARDIM DE ANGICOS,RN,07/2022,72,50,"69,44",50,0,"100,00",22,"30,56",10,12,"16,67"
240550,JARDIM DE ANGICOS,RN,09/2022,75,51,"68,00",43,8,"84,31",24,"32,00",18,6,"8,00"
240560,JARDIM DE PIRANHAS,RN,09/2022,329,109,"33,13",99,10,"90,83",220,"66,87",181,39,"11,85"
240560,JARDIM DE PIRANHAS,RN,11/2022,326,118,"36,20",102,16,"86,44",208,"63,80",167,41,"12,58"
240560,JARDIM DE PIRANHAS,RN,07/2022,312,48,"15,38",44,4,"91,67",264,"84,62",224,40,"12,82"
240570,JARDIM DO SERIDÓ,RN,11/2022,117,99,"84,62",79,20,"79,80",18,"15,38",4,14,"11,97"
240570,JARDIM DO SERIDÓ,RN,07/2022,117,71,"60,68",59,12,"83,10",46,"39,32",3,43,"36,75"
240570,JARDIM DO SERIDÓ,RN,09/2022,121,61,"50,41",49,12,"80,33",60,"49,59",13,47,"38,84"
240580,JOÃO CÂMARA,RN,09/2022,1138,1007,"88,49",1000,7,"99,30",131,"11,51",4,127,"11,16"
240580,JOÃO CÂMARA,RN,07/2022,1024,921,"89,94",882,39,"95,77",103,"10,06",2,101,"9,86"
240580,JOÃO CÂMARA,RN,11/2022,1107,978,"88,35",930,48,"95,09",129,"11,65",3,126,"11,38"
240590,JOÃO DIAS,RN,07/2022,43,37,"86,05",30,7,"81,08",6,"13,95",0,6,"13,95"
240590,JOÃO DIAS,RN,11/2022,39,35,"89,74",27,8,"77,14",4,"10,26",0,4,"10,26"
240590,JOÃO DIAS,RN,09/2022,40,37,"92,50",29,8,"78,38",3,"7,50",1,2,"5,00"
240600,JOSÉ DA PENHA,RN,09/2022,99,80,"80,81",74,6,"92,50",19,"19,19",4,15,"15,15"
240600,JOSÉ DA PENHA,RN,11/2022,96,78,"81,25",78,0,"100,00",18,"18,75",3,15,"15,63"
240600,JOSÉ DA PENHA,RN,07/2022,99,68,"68,69",66,2,"97,06",31,"31,31",2,29,"29,29"
240610,JUCURUTU,RN,07/2022,345,323,"93,62",310,13,"95,98",22,"6,38",3,19,"5,51"
240610,JUCURUTU,RN,11/2022,313,302,"96,49",275,27,"91,06",11,"3,51",1,10,"3,19"
240610,JUCURUTU,RN,09/2022,346,312,"90,17",282,30,"90,38",34,"9,83",2,32,"9,25"
240615,JUNDIÁ,RN,09/2022,89,36,"40,45",34,2,"94,44",53,"59,55",1,52,"58,43"
240615,JUNDIÁ,RN,11/2022,86,36,"41,86",32,4,"88,89",50,"58,14",1,49,"56,98"
240615,JUNDIÁ,RN,07/2022,85,37,"43,53",37,0,"100,00",48,"56,47",1,47,"55,29"
240620,LAGOA D´ANTA,RN,07/2022,201,190,"94,53",190,0,"100,00",11,"5,47",2,9,"4,48"
240620,LAGOA D´ANTA,RN,11/2022,196,178,"90,82",178,0,"100,00",18,"9,18",1,17,"8,67"
240620,LAGOA D´ANTA,RN,09/2022,204,190,"93,14",190,0,"100,00",14,"6,86",2,12,"5,88"
240630,LAGOA DE PEDRAS,RN,09/2022,223,186,"83,41",181,5,"97,31",37,"16,59",13,24,"10,76"
240630,LAGOA DE PEDRAS,RN,11/2022,218,176,"80,73",176,0,"100,00",42,"19,27",8,34,"15,60"
240630,LAGOA DE PEDRAS,RN,07/2022,212,182,"85,85",182,0,"100,00",30,"14,15",8,22,"10,38"
240640,LAGOA DE VELHOS,RN,07/2022,78,68,"87,18",68,0,"100,00",10,"12,82",0,10,"12,82"
240640,LAGOA DE VELHOS,RN,11/2022,79,66,"83,54",66,0,"100,00",13,"16,46",0,13,"16,46"
240640,LAGOA DE VELHOS,RN,09/2022,81,70,"86,42",70,0,"100,00",11,"13,58",0,11,"13,58"
240650,LAGOA NOVA,RN,09/2022,375,333,"88,80",320,13,"96,10",42,"11,20",4,38,"10,13"
240650,LAGOA NOVA,RN,11/2022,368,331,"89,95",304,27,"91,84",37,"10,05",1,36,"9,78"
240650,LAGOA NOVA,RN,07/2022,345,312,"90,43",294,18,"94,23",33,"9,57",0,33,"9,57"
240660,LAGOA SALGADA,RN,11/2022,367,320,"87,19",320,0,"100,00",47,"12,81",9,38,"10,35"
240660,LAGOA SALGADA,RN,07/2022,339,0,"0,00",0,0,,339,"100,00",306,33,"9,73"
240660,LAGOA SALGADA,RN,09/2022,355,2,"0,56",2,0,"100,00",353,"99,44",317,36,"10,14"
240670,LAJES,RN,09/2022,227,220,"96,92",220,0,"100,00",7,"3,08",2,5,"2,20"
240670,LAJES,RN,07/2022,214,205,"95,79",204,1,"99,51",9,"4,21",3,6,"2,80"
240670,LAJES,RN,11/2022,234,224,"95,73",222,2,"99,11",10,"4,27",2,8,"3,42"
240680,LAJES PINTADAS,RN,11/2022,127,118,"92,91",102,16,"86,44",9,"7,09",0,9,"7,09"
240680,LAJES PINTADAS,RN,07/2022,130,116,"89,23",116,0,"100,00",14,"10,77",3,11,"8,46"
240680,LAJES PINTADAS,RN,09/2022,133,121,"90,98",121,0,"100,00",12,"9,02",3,9,"6,77"
240690,LUCRÉCIA,RN,09/2022,87,80,"91,95",80,0,"100,00",7,"8,05",0,7,"8,05"
240690,LUCRÉCIA,RN,11/2022,86,80,"93,02",80,0,"100,00",6,"6,98",0,6,"6,98"
240690,LUCRÉCIA,RN,07/2022,85,79,"92,94",79,0,"100,00",6,"7,06",0,6,"7,06"
240700,LUÍS GOMES,RN,07/2022,251,215,"85,66",215,0,"100,00",36,"14,34",3,33,"13,15"
240700,LUÍS GOMES,RN,11/2022,256,250,"97,66",245,5,"98,00",6,"2,34",2,4,"1,56"
240700,LUÍS GOMES,RN,09/2022,258,252,"97,67",252,0,"100,00",6,"2,33",2,4,"1,55"
240710,MACAÍBA,RN,09/2022,1628,1215,"74,63",1196,19,"98,44",413,"25,37",23,390,"23,96"
240710,MACAÍBA,RN,11/2022,1613,1213,"75,20",1207,6,"99,51",400,"24,80",10,390,"24,18"
240710,MACAÍBA,RN,07/2022,1502,1110,"73,90",1095,15,"98,65",392,"26,10",58,334,"22,24"
240720,MACAU,RN,11/2022,532,410,"77,07",403,7,"98,29",122,"22,93",7,115,"21,62"
240720,MACAU,RN,07/2022,513,411,"80,12",406,5,"98,78",102,"19,88",18,84,"16,37"
240720,MACAU,RN,09/2022,537,408,"75,98",396,12,"97,06",129,"24,02",6,123,"22,91"
240725,MAJOR SALES,RN,09/2022,85,81,"95,29",81,0,"100,00",4,"4,71",0,4,"4,71"
240725,MAJOR SALES,RN,11/2022,86,76,"88,37",61,15,"80,26",10,"11,63",6,4,"4,65"
240725,MAJOR SALES,RN,07/2022,79,0,"0,00",0,0,,79,"100,00",75,4,"5,06"
240730,MARCELINO VIEIRA,RN,07/2022,170,150,"88,24",147,3,"98,00",20,"11,76",1,19,"11,18"
240730,MARCELINO VIEIRA,RN,11/2022,176,86,"48,86",79,7,"91,86",90,"51,14",71,19,"10,80"
240730,MARCELINO VIEIRA,RN,09/2022,187,118,"63,10",115,3,"97,46",69,"36,90",49,20,"10,70"
240740,MARTINS,RN,09/2022,155,116,"74,84",96,20,"82,76",39,"25,16",1,38,"24,52"
240740,MARTINS,RN,11/2022,152,113,"74,34",93,20,"82,30",39,"25,66",1,38,"25,00"
240740,MARTINS,RN,07/2022,139,95,"68,35",86,9,"90,53",44,"31,65",13,31,"22,30"
240750,MAXARANGUAPE,RN,07/2022,216,158,"73,15",144,14,"91,14",58,"26,85",4,54,"25,00"
240750,MAXARANGUAPE,RN,11/2022,222,171,"77,03",142,29,"83,04",51,"22,97",2,49,"22,07"
240750,MAXARANGUAPE,RN,09/2022,223,171,"76,68",156,15,"91,23",52,"23,32",6,46,"20,63"
240760,MESSIAS TARGINO,RN,09/2022,107,84,"78,50",70,14,"83,33",23,"21,50",0,23,"21,50"
240760,MESSIAS TARGINO,RN,11/2022,98,61,"62,24",49,12,"80,33",37,"37,76",13,24,"24,49"
240760,MESSIAS TARGINO,RN,07/2022,105,92,"87,62",85,7,"92,39",13,"12,38",1,12,"11,43"
240770,MONTANHAS,RN,11/2022,319,248,"77,74",248,0,"100,00",71,"22,26",11,60,"18,81"
240770,MONTANHAS,RN,07/2022,347,208,"59,94",208,0,"100,00",139,"40,06",7,132,"38,04"
240770,MONTANHAS,RN,09/2022,336,285,"84,82",285,0,"100,00",51,"15,18",3,48,"14,29"
240780,MONTE ALEGRE,RN,09/2022,483,389,"80,54",317,72,"81,49",94,"19,46",29,65,"13,46"
240780,MONTE ALEGRE,RN,07/2022,468,356,"76,07",327,29,"91,85",112,"23,93",24,88,"18,80"
240780,MONTE ALEGRE,RN,11/2022,429,364,"84,85",296,68,"81,32",65,"15,15",3,62,"14,45"
240790,MONTE DAS GAMELEIRAS,RN,11/2022,66,62,"93,94",47,15,"75,81",4,"6,06",0,4,"6,06"
240790,MONTE DAS GAMELEIRAS,RN,07/2022,58,50,"86,21",38,12,"76,00",8,"13,79",1,7,"12,07"
240790,MONTE DAS GAMELEIRAS,RN,09/2022,66,60,"90,91",43,17,"71,67",6,"9,09",0,6,"9,09"
240800,MOSSORÓ,RN,09/2022,3876,3452,"89,06",3354,98,"97,16",424,"10,94",26,398,"10,27"
240800,MOSSORÓ,RN,11/2022,3752,2396,"63,86",2328,68,"97,16",1356,"36,14",944,412,"10,98"
240800,MOSSORÓ,RN,07/2022,3598,3197,"88,85",3180,17,"99,47",401,"11,15",30,371,"10,31"
240810,NATAL,RN,07/2022,9246,6399,"69,21",6299,100,"98,44",2847,"30,79",751,2096,"22,67"
240810,NATAL,RN,11/2022,9811,7143,"72,81",6902,241,"96,63",2668,"27,19",327,2341,"23,86"
240810,NATAL,RN,09/2022,9870,6811,"69,01",6653,158,"97,68",3059,"30,99",505,2554,"25,88"
240820,NÍSIA FLORESTA,RN,09/2022,575,0,"0,00",0,0,,575,"100,00",470,105,"18,26"
240820,NÍSIA FLORESTA,RN,07/2022,529,0,"0,00",0,0,,529,"100,00",431,98,"18,53"
240820,NÍSIA FLORESTA,RN,11/2022,634,530,"83,60",530,0,"100,00",104,"16,40",17,87,"13,72"
240830,NOVA CRUZ,RN,11/2022,905,350,"38,67",344,6,"98,29",555,"61,33",202,353,"39,01"
240830,NOVA CRUZ,RN,07/2022,937,218,"23,27",217,1,"99,54",719,"76,73",456,263,"28,07"
240830,NOVA CRUZ,RN,09/2022,1021,416,"40,74",408,8,"98,08",605,"59,26",267,338,"33,10"
240840,OLHO-D´ÁGUA DO BORGES,RN,09/2022,80,65,"81,25",65,0,"100,00",15,"18,75",3,12,"15,00"
240840,OLHO-D´ÁGUA DO BORGES,RN,07/2022,77,61,"79,22",60,1,"98,36",16,"20,78",7,9,"11,69"
240840,OLHO-D´ÁGUA DO BORGES,RN,11/2022,75,60,"80,00",57,3,"95,00",15,"20,00",3,12,"16,00"
240850,OURO BRANCO,RN,11/2022,61,58,"95,08",46,12,"79,31",3,"4,92",0,3,"4,92"
240850,OURO BRANCO,RN,07/2022,58,51,"87,93",40,11,"78,43",7,"12,07",2,5,"8,62"
240850,OURO BRANCO,RN,09/2022,64,59,"92,19",45,14,"76,27",5,"7,81",1,4,"6,25"
240860,PARANÁ,RN,09/2022,90,40,"44,44",37,3,"92,50",50,"55,56",39,11,"12,22"
240860,PARANÁ,RN,07/2022,89,5,"5,62",5,0,"100,00",84,"94,38",69,15,"16,85"
240860,PARANÁ,RN,11/2022,91,79,"86,81",73,6,"92,41",12,"13,19",0,12,"13,19"
240870,PARAÚ,RN,11/2022,88,70,"79,55",70,0,"100,00",18,"20,45",0,18,"20,45"
240870,PARAÚ,RN,07/2022,87,83,"95,40",83,0,"100,00",4,"4,60",1,3,"3,45"
240870,PARAÚ,RN,09/2022,90,71,"78,89",66,5,"92,96",19,"21,11",3,16,"17,78"
240880,PARAZINHO,RN,09/2022,157,28,"17,83",21,7,"75,00",129,"82,17",96,33,"21,02"
240880,PARAZINHO,RN,11/2022,166,27,"16,27",23,4,"85,19",139,"83,73",105,34,"20,48"
240880,PARAZINHO,RN,07/2022,156,26,"16,67",22,4,"84,62",130,"83,33",94,36,"23,08"
240890,PARELHAS,RN,11/2022,338,314,"92,90",286,28,"91,08",24,"7,10",1,23,"6,80"
240890,PARELHAS,RN,07/2022,331,288,"87,01",272,16,"94,44",43,"12,99",3,40,"12,08"
240890,PARELHAS,RN,09/2022,328,255,"77,74",227,28,"89,02",73,"22,26",44,29,"8,84"
240895,RIO DO FOGO,RN,09/2022,390,354,"90,77",302,52,"85,31",36,"9,23",3,33,"8,46"
240895,RIO DO FOGO,RN,07/2022,371,226,"60,92",198,28,"87,61",145,"39,08",94,51,"13,75"
240895,RIO DO FOGO,RN,11/2022,375,332,"88,53",270,62,"81,33",43,"11,47",3,40,"10,67"
240910,PASSA E FICA,RN,07/2022,291,244,"83,85",240,4,"98,36",47,"16,15",11,36,"12,37"
240910,PASSA E FICA,RN,11/2022,316,270,"85,44",269,1,"99,63",46,"14,56",13,33,"10,44"
240910,PASSA E FICA,RN,09/2022,299,260,"86,96",257,3,"98,85",39,"13,04",5,34,"11,37"
240920,PASSAGEM,RN,09/2022,63,57,"90,48",52,5,"91,23",6,"9,52",0,6,"9,52"
240920,PASSAGEM,RN,07/2022,66,53,"80,30",52,1,"98,11",13,"19,70",2,11,"16,67"
240920,PASSAGEM,RN,11/2022,62,56,"90,32",45,11,"80,36",6,"9,68",2,4,"6,45"
240930,PATU,RN,11/2022,294,255,"86,73",235,20,"92,16",39,"13,27",2,37,"12,59"
240930,PATU,RN,07/2022,303,254,"83,83",234,20,"92,13",49,"16,17",2,47,"15,51"
240930,PATU,RN,09/2022,317,268,"84,54",248,20,"92,54",49,"15,46",4,45,"14,20"
240933,SANTA MARIA,RN,09/2022,177,159,"89,83",159,0,"100,00",18,"10,17",0,18,"10,17"
240933,SANTA MARIA,RN,07/2022,167,154,"92,22",154,0,"100,00",13,"7,78",0,13,"7,78"
240933,SANTA MARIA,RN,11/2022,175,151,"86,29",151,0,"100,00",24,"13,71",0,24,"13,71"
240940,PAU DOS FERROS,RN,07/2022,517,397,"76,79",387,10,"97,48",120,"23,21",1,119,"23,02"
240940,PAU DOS FERROS,RN,11/2022,548,326,"59,49",304,22,"93,25",222,"40,51",100,122,"22,26"
240940,PAU DOS FERROS,RN,09/2022,547,325,"59,41",315,10,"96,92",222,"40,59",102,120,"21,94"
240950,PEDRA GRANDE,RN,09/2022,118,11,"9,32",8,3,"72,73",107,"90,68",71,36,"30,51"
240950,PEDRA GRANDE,RN,11/2022,116,79,"68,10",64,15,"81,01",37,"31,90",1,36,"31,03"
240950,PEDRA GRANDE,RN,07/2022,118,81,"68,64",77,4,"95,06",37,"31,36",4,33,"27,97"
240960,PEDRA PRETA,RN,07/2022,57,45,"78,95",40,5,"88,89",12,"21,05",2,10,"17,54"
240960,PEDRA PRETA,RN,11/2022,58,51,"87,93",51,0,"100,00",7,"12,07",0,7,"12,07"
240960,PEDRA PRETA,RN,09/2022,59,46,"77,97",46,0,"100,00",13,"22,03",2,11,"18,64"
240970,PEDRO AVELINO,RN,09/2022,142,129,"90,85",124,5,"96,12",13,"9,15",2,11,"7,75"
240970,PEDRO AVELINO,RN,07/2022,140,117,"83,57",117,0,"100,00",23,"16,43",13,10,"7,14"
240970,PEDRO AVELINO,RN,11/2022,140,126,"90,00",122,4,"96,83",14,"10,00",3,11,"7,86"
240980,PEDRO VELHO,RN,11/2022,371,355,"95,69",355,0,"100,00",16,"4,31",4,12,"3,23"
240980,PEDRO VELHO,RN,07/2022,368,300,"81,52",299,1,"99,67",68,"18,48",52,16,"4,35"
240980,PEDRO VELHO,RN,09/2022,387,366,"94,57",366,0,"100,00",21,"5,43",2,19,"4,91"
240990,PENDÊNCIAS,RN,09/2022,232,171,"73,71",143,28,"83,63",61,"26,29",4,57,"24,57"
240990,PENDÊNCIAS,RN,07/2022,236,150,"63,56",141,9,"94,00",86,"36,44",0,86,"36,44"
240990,PENDÊNCIAS,RN,11/2022,213,153,"71,83",139,14,"90,85",60,"28,17",0,60,"28,17"
241000,PILÕES,RN,11/2022,84,61,"72,62",61,0,"100,00",23,"27,38",0,23,"27,38"
241000,PILÕES,RN,07/2022,66,61,"92,42",59,2,"96,72",5,"7,58",0,5,"7,58"
241000,PILÕES,RN,09/2022,69,24,"34,78",19,5,"79,17",45,"65,22",24,21,"30,43"
241010,POÇO BRANCO,RN,09/2022,386,183,"47,41",167,16,"91,26",203,"52,59",51,152,"39,38"
241010,POÇO BRANCO,RN,11/2022,351,182,"51,85",158,24,"86,81",169,"48,15",14,155,"44,16"
241010,POÇO BRANCO,RN,07/2022,370,149,"40,27",125,24,"83,89",221,"59,73",162,59,"15,95"
241020,PORTALEGRE,RN,07/2022,117,97,"82,91",86,11,"88,66",20,"17,09",1,19,"16,24"
241020,PORTALEGRE,RN,11/2022,118,98,"83,05",91,7,"92,86",20,"16,95",1,19,"16,10"
241020,PORTALEGRE,RN,09/2022,115,96,"83,48",87,9,"90,63",19,"16,52",2,17,"14,78"
241025,PORTO DO MANGUE,RN,09/2022,138,91,"65,94",89,2,"97,80",47,"34,06",2,45,"32,61"
241025,PORTO DO MANGUE,RN,11/2022,133,95,"71,43",91,4,"95,79",38,"28,57",0,38,"28,57"
241025,PORTO DO MANGUE,RN,07/2022,139,87,"62,59",87,0,"100,00",52,"37,41",4,48,"34,53"
241030,PRESIDENTE JUSCELINO,RN,07/2022,256,217,"84,77",194,23,"89,40",39,"15,23",6,33,"12,89"
241030,PRESIDENTE JUSCELINO,RN,11/2022,245,207,"84,49",181,26,"87,44",38,"15,51",2,36,"14,69"
241030,PRESIDENTE JUSCELINO,RN,09/2022,262,221,"84,35",198,23,"89,59",41,"15,65",3,38,"14,50"
241040,PUREZA,RN,09/2022,250,222,"88,80",220,2,"99,10",28,"11,20",0,28,"11,20"
241040,PUREZA,RN,11/2022,255,227,"89,02",226,1,"99,56",28,"10,98",1,27,"10,59"
241040,PUREZA,RN,07/2022,242,218,"90,08",217,1,"99,54",24,"9,92",0,24,"9,92"
241050,RAFAEL FERNANDES,RN,11/2022,93,67,"72,04",64,3,"95,52",26,"27,96",3,23,"24,73"
241050,RAFAEL FERNANDES,RN,07/2022,93,70,"75,27",62,8,"88,57",23,"24,73",2,21,"22,58"
241050,RAFAEL FERNANDES,RN,09/2022,102,72,"70,59",66,6,"91,67",30,"29,41",5,25,"24,51"
241060,RAFAEL GODEIRO,RN,09/2022,76,59,"77,63",59,0,"100,00",17,"22,37",6,11,"14,47"
241060,RAFAEL GODEIRO,RN,07/2022,71,52,"73,24",51,1,"98,08",19,"26,76",3,16,"22,54"
241060,RAFAEL GODEIRO,RN,11/2022,70,66,"94,29",63,3,"95,45",4,"5,71",0,4,"5,71"
241070,RIACHO DA CRUZ,RN,07/2022,58,50,"86,21",45,5,"90,00",8,"13,79",1,7,"12,07"
241070,RIACHO DA CRUZ,RN,11/2022,53,47,"88,68",44,3,"93,62",6,"11,32",0,6,"11,32"
241070,RIACHO DA CRUZ,RN,09/2022,58,52,"89,66",47,5,"90,38",6,"10,34",0,6,"10,34"
241080,RIACHO DE SANTANA,RN,09/2022,117,93,"79,49",84,9,"90,32",24,"20,51",2,22,"18,80"
241080,RIACHO DE SANTANA,RN,11/2022,109,87,"79,82",72,15,"82,76",22,"20,18",2,20,"18,35"
241080,RIACHO DE SANTANA,RN,07/2022,111,98,"88,29",98,0,"100,00",13,"11,71",0,13,"11,71"
241090,RIACHUELO,RN,07/2022,190,79,"41,58",78,1,"98,73",111,"58,42",97,14,"7,37"
241090,RIACHUELO,RN,11/2022,198,179,"90,40",179,0,"100,00",19,"9,60",1,18,"9,09"
241090,RIACHUELO,RN,09/2022,202,186,"92,08",186,0,"100,00",16,"7,92",1,15,"7,43"
241100,RODOLFO FERNANDES,RN,09/2022,94,73,"77,66",73,0,"100,00",21,"22,34",0,21,"22,34"
241100,RODOLFO FERNANDES,RN,07/2022,85,69,"81,18",58,11,"84,06",16,"18,82",1,15,"17,65"
241100,RODOLFO FERNANDES,RN,11/2022,98,77,"78,57",58,19,"75,32",21,"21,43",0,21,"21,43"
241105,TIBAU,RN,11/2022,123,109,"88,62",109,0,"100,00",14,"11,38",2,12,"9,76"
241105,TIBAU,RN,07/2022,102,94,"92,16",94,0,"100,00",8,"7,84",0,8,"7,84"
241105,TIBAU,RN,09/2022,109,101,"92,66",101,0,"100,00",8,"7,34",0,8,"7,34"
241110,RUY BARBOSA,RN,09/2022,69,60,"86,96",52,8,"86,67",9,"13,04",1,8,"11,59"
241110,RUY BARBOSA,RN,11/2022,63,56,"88,89",47,9,"83,93",7,"11,11",0,7,"11,11"
241110,RUY BARBOSA,RN,07/2022,64,54,"84,38",53,1,"98,15",10,"15,63",1,9,"14,06"
241120,SANTA CRUZ,RN,07/2022,779,746,"95,76",704,42,"94,37",33,"4,24",8,25,"3,21"
241120,SANTA CRUZ,RN,11/2022,813,676,"83,15",633,43,"93,64",137,"16,85",126,11,"1,35"
241120,SANTA CRUZ,RN,09/2022,833,708,"84,99",689,19,"97,32",125,"15,01",112,13,"1,56"
241140,SANTANA DO MATOS,RN,09/2022,183,108,"59,02",98,10,"90,74",75,"40,98",48,27,"14,75"
241140,SANTANA DO MATOS,RN,11/2022,187,124,"66,31",111,13,"89,52",63,"33,69",40,23,"12,30"
241140,SANTANA DO MATOS,RN,07/2022,165,85,"51,52",78,7,"91,76",80,"48,48",59,21,"12,73"
241142,SANTANA DO SERIDÓ,RN,11/2022,31,29,"93,55",24,5,"82,76",2,"6,45",0,2,"6,45"
241142,SANTANA DO SERIDÓ,RN,07/2022,34,31,"91,18",28,3,"90,32",3,"8,82",1,2,"5,88"
241142,SANTANA DO SERIDÓ,RN,09/2022,43,27,"62,79",24,3,"88,89",16,"37,21",8,8,"18,60"
241150,SANTO ANTÔNIO,RN,09/2022,584,437,"74,83",437,0,"100,00",147,"25,17",4,143,"24,49"
241150,SANTO ANTÔNIO,RN,11/2022,574,422,"73,52",422,0,"100,00",152,"26,48",22,130,"22,65"
241150,SANTO ANTÔNIO,RN,07/2022,576,422,"73,26",422,0,"100,00",154,"26,74",15,139,"24,13"
241160,SÃO BENTO DO NORTE,RN,07/2022,122,84,"68,85",84,0,"100,00",38,"31,15",12,26,"21,31"
241160,SÃO BENTO DO NORTE,RN,11/2022,109,79,"72,48",76,3,"96,20",30,"27,52",10,20,"18,35"
241160,SÃO BENTO DO NORTE,RN,09/2022,119,91,"76,47",86,5,"94,51",28,"23,53",4,24,"20,17"
241170,SÃO BENTO DO TRAIRÍ,RN,09/2022,123,84,"68,29",84,0,"100,00",39,"31,71",3,36,"29,27"
241170,SÃO BENTO DO TRAIRÍ,RN,11/2022,122,84,"68,85",81,3,"96,43",38,"31,15",3,35,"28,69"
241170,SÃO BENTO DO TRAIRÍ,RN,07/2022,119,82,"68,91",82,0,"100,00",37,"31,09",1,36,"30,25"
241180,SÃO FERNANDO,RN,11/2022,65,51,"78,46",41,10,"80,39",14,"21,54",2,12,"18,46"
241180,SÃO FERNANDO,RN,07/2022,62,48,"77,42",43,5,"89,58",14,"22,58",3,11,"17,74"
241180,SÃO FERNANDO,RN,09/2022,68,54,"79,41",40,14,"74,07",14,"20,59",4,10,"14,71"
241190,SÃO FRANCISCO DO OESTE,RN,09/2022,79,78,"98,73",67,11,"85,90",1,"1,27",1,0,"0,00"
241190,SÃO FRANCISCO DO OESTE,RN,11/2022,76,74,"97,37",61,13,"82,43",2,"2,63",2,0,"0,00"
241190,SÃO FRANCISCO DO OESTE,RN,07/2022,71,69,"97,18",55,14,"79,71",2,"2,82",1,1,"1,41"
241200,SÃO GONÇALO DO AMARANTE,RN,07/2022,1760,1482,"84,20",1482,0,"100,00",278,"15,80",44,234,"13,30"
241200,SÃO GONÇALO DO AMARANTE,RN,11/2022,1801,1622,"90,06",1587,35,"97,84",179,"9,94",28,151,"8,38"
241200,SÃO GONÇALO DO AMARANTE,RN,09/2022,1953,1761,"90,17",1761,0,"100,00",192,"9,83",18,174,"8,91"
241210,SÃO JOÃO DO SABUGI,RN,09/2022,90,79,"87,78",74,5,"93,67",11,"12,22",1,10,"11,11"
241210,SÃO JOÃO DO SABUGI,RN,11/2022,88,79,"89,77",77,2,"97,47",9,"10,23",1,8,"9,09"
241210,SÃO JOÃO DO SABUGI,RN,07/2022,90,71,"78,89",68,3,"95,77",19,"21,11",2,17,"18,89"
241220,SÃO JOSÉ DE MIPIBU,RN,07/2022,906,587,"64,79",532,55,"90,63",319,"35,21",34,285,"31,46"
241220,SÃO JOSÉ DE MIPIBU,RN,11/2022,897,621,"69,23",565,56,"90,98",276,"30,77",2,274,"30,55"
241220,SÃO JOSÉ DE MIPIBU,RN,09/2022,937,600,"64,03",548,52,"91,33",337,"35,97",30,307,"32,76"
241230,SÃO JOSÉ DO CAMPESTRE,RN,09/2022,295,244,"82,71",236,8,"96,72",51,"17,29",3,48,"16,27"
241230,SÃO JOSÉ DO CAMPESTRE,RN,07/2022,288,227,"78,82",197,30,"86,78",61,"21,18",2,59,"20,49"
241230,SÃO JOSÉ DO CAMPESTRE,RN,11/2022,275,208,"75,64",207,1,"99,52",67,"24,36",9,58,"21,09"
241240,SÃO JOSÉ DO SERIDÓ,RN,07/2022,52,0,"0,00",0,0,,52,"100,00",47,5,"9,62"
241240,SÃO JOSÉ DO SERIDÓ,RN,11/2022,59,53,"89,83",51,2,"96,23",6,"10,17",1,5,"8,47"
241240,SÃO JOSÉ DO SERIDÓ,RN,09/2022,57,0,"0,00",0,0,,57,"100,00",52,5,"8,77"
241250,SÃO MIGUEL,RN,09/2022,499,414,"82,97",384,30,"92,75",85,"17,03",2,83,"16,63"
241250,SÃO MIGUEL,RN,11/2022,484,375,"77,48",371,4,"98,93",109,"22,52",3,106,"21,90"
241250,SÃO MIGUEL,RN,07/2022,482,369,"76,56",364,5,"98,64",113,"23,44",3,110,"22,82"
241255,SÃO MIGUEL DO GOSTOSO,RN,07/2022,251,225,"89,64",223,2,"99,11",26,"10,36",5,21,"8,37"
241255,SÃO MIGUEL DO GOSTOSO,RN,11/2022,264,226,"85,61",199,27,"88,05",38,"14,39",7,31,"11,74"
241255,SÃO MIGUEL DO GOSTOSO,RN,09/2022,264,227,"85,98",215,12,"94,71",37,"14,02",14,23,"8,71"
241260,SÃO PAULO DO POTENGI,RN,09/2022,490,425,"86,73",419,6,"98,59",65,"13,27",1,64,"13,06"
241260,SÃO PAULO DO POTENGI,RN,11/2022,464,425,"91,59",424,1,"99,76",39,"8,41",1,38,"8,19"
241260,SÃO PAULO DO POTENGI,RN,07/2022,466,362,"77,68",362,0,"100,00",104,"22,32",3,101,"21,67"
241270,SÃO PEDRO,RN,07/2022,165,156,"94,55",156,0,"100,00",9,"5,45",0,9,"5,45"
241270,SÃO PEDRO,RN,11/2022,156,96,"61,54",92,4,"95,83",60,"38,46",2,58,"37,18"
241270,SÃO PEDRO,RN,09/2022,175,165,"94,29",165,0,"100,00",10,"5,71",1,9,"5,14"
241280,SÃO RAFAEL,RN,09/2022,205,149,"72,68",140,9,"93,96",56,"27,32",9,47,"22,93"
241280,SÃO RAFAEL,RN,07/2022,187,144,"77,01",127,17,"88,19",43,"22,99",2,41,"21,93"
241280,SÃO RAFAEL,RN,11/2022,206,155,"75,24",102,53,"65,81",51,"24,76",1,50,"24,27"
241290,SÃO TOMÉ,RN,11/2022,235,151,"64,26",150,1,"99,34",84,"35,74",80,4,"1,70"
241290,SÃO TOMÉ,RN,07/2022,229,75,"32,75",75,0,"100,00",154,"67,25",150,4,"1,75"
241290,SÃO TOMÉ,RN,09/2022,239,91,"38,08",89,2,"97,80",148,"61,92",144,4,"1,67"
241300,SÃO VICENTE,RN,09/2022,97,90,"92,78",86,4,"95,56",7,"7,22",3,4,"4,12"
241300,SÃO VICENTE,RN,11/2022,96,94,"97,92",91,3,"96,81",2,"2,08",1,1,"1,04"
241300,SÃO VICENTE,RN,07/2022,98,84,"85,71",81,3,"96,43",14,"14,29",2,12,"12,24"
241310,SENADOR ELÓI DE SOUZA,RN,07/2022,157,139,"88,54",133,6,"95,68",18,"11,46",5,13,"8,28"
241310,SENADOR ELÓI DE SOUZA,RN,11/2022,167,145,"86,83",140,5,"96,55",22,"13,17",2,20,"11,98"
241310,SENADOR ELÓI DE SOUZA,RN,09/2022,165,142,"86,06",139,3,"97,89",23,"13,94",3,20,"12,12"
241320,SENADOR GEORGINO AVELINO,RN,09/2022,140,129,"92,14",129,0,"100,00",11,"7,86",1,10,"7,14"
241320,SENADOR GEORGINO AVELINO,RN,11/2022,127,116,"91,34",116,0,"100,00",11,"8,66",0,11,"8,66"
241320,SENADOR GEORGINO AVELINO,RN,07/2022,135,126,"93,33",126,0,"100,00",9,"6,67",1,8,"5,93"
241330,SERRA DE SÃO BENTO,RN,07/2022,153,125,"81,70",123,2,"98,40",28,"18,30",7,21,"13,73"
241330,SERRA DE SÃO BENTO,RN,11/2022,158,135,"85,44",131,4,"97,04",23,"14,56",7,16,"10,13"
241330,SERRA DE SÃO BENTO,RN,09/2022,155,131,"84,52",129,2,"98,47",24,"15,48",5,19,"12,26"
241335,SERRA DO MEL,RN,09/2022,355,324,"91,27",319,5,"98,46",31,"8,73",3,28,"7,89"
241335,SERRA DO MEL,RN,07/2022,327,312,"95,41",312,0,"100,00",15,"4,59",1,14,"4,28"
241335,SERRA DO MEL,RN,11/2022,338,308,"91,12",308,0,"100,00",30,"8,88",2,28,"8,28"
241340,SERRA NEGRA DO NORTE,RN,07/2022,130,92,"70,77",84,8,"91,30",38,"29,23",10,28,"21,54"
241340,SERRA NEGRA DO NORTE,RN,11/2022,121,90,"74,38",75,15,"83,33",31,"25,62",0,31,"25,62"
241340,SERRA NEGRA DO NORTE,RN,09/2022,130,92,"70,77",78,14,"84,78",38,"29,23",14,24,"18,46"
241350,SERRINHA,RN,09/2022,209,189,"90,43",186,3,"98,41",20,"9,57",1,19,"9,09"
241350,SERRINHA,RN,11/2022,211,185,"87,68",183,2,"98,92",26,"12,32",4,22,"10,43"
241350,SERRINHA,RN,07/2022,208,190,"91,35",190,0,"100,00",18,"8,65",3,15,"7,21"
241355,SERRINHA DOS PINTOS,RN,11/2022,114,91,"79,82",71,20,"78,02",23,"20,18",1,22,"19,30"
241355,SERRINHA DOS PINTOS,RN,07/2022,112,100,"89,29",94,6,"94,00",12,"10,71",1,11,"9,82"
241355,SERRINHA DOS PINTOS,RN,09/2022,117,92,"78,63",85,7,"92,39",25,"21,37",1,24,"20,51"
241360,SEVERIANO MELO,RN,09/2022,123,23,"18,70",18,5,"78,26",100,"81,30",72,28,"22,76"
241360,SEVERIANO MELO,RN,11/2022,120,95,"79,17",89,6,"93,68",25,"20,83",1,24,"20,00"
241360,SEVERIANO MELO,RN,07/2022,122,98,"80,33",94,4,"95,92",24,"19,67",0,24,"19,67"
241370,SÍTIO NOVO,RN,07/2022,94,17,"18,09",16,1,"94,12",77,"81,91",37,40,"42,55"
241370,SÍTIO NOVO,RN,11/2022,102,25,"24,51",18,7,"72,00",77,"75,49",37,40,"39,22"
241370,SÍTIO NOVO,RN,09/2022,96,22,"22,92",18,4,"81,82",74,"77,08",35,39,"40,63"
241380,TABOLEIRO GRANDE,RN,09/2022,49,44,"89,80",44,0,"100,00",5,"10,20",0,5,"10,20"
241380,TABOLEIRO GRANDE,RN,11/2022,48,44,"91,67",44,0,"100,00",4,"8,33",0,4,"8,33"
241380,TABOLEIRO GRANDE,RN,07/2022,48,42,"87,50",42,0,"100,00",6,"12,50",1,5,"10,42"
241390,TAIPU,RN,07/2022,337,241,"71,51",241,0,"100,00",96,"28,49",70,26,"7,72"
241390,TAIPU,RN,11/2022,331,304,"91,84",304,0,"100,00",27,"8,16",6,21,"6,34"
241390,TAIPU,RN,09/2022,339,314,"92,63",314,0,"100,00",25,"7,37",1,24,"7,08"
241400,TANGARÁ,RN,09/2022,364,205,"56,32",191,14,"93,17",159,"43,68",0,159,"43,68"
241400,TANGARÁ,RN,07/2022,336,196,"58,33",184,12,"93,88",140,"41,67",2,138,"41,07"
241400,TANGARÁ,RN,11/2022,366,209,"57,10",179,30,"85,65",157,"42,90",1,156,"42,62"
241410,TENENTE ANANIAS,RN,07/2022,189,150,"79,37",147,3,"98,00",39,"20,63",2,37,"19,58"
241410,TENENTE ANANIAS,RN,11/2022,189,148,"78,31",141,7,"95,27",41,"21,69",3,38,"20,11"
241410,TENENTE ANANIAS,RN,09/2022,195,155,"79,49",151,4,"97,42",40,"20,51",2,38,"19,49"
241415,TENENTE LAURENTINO CRUZ,RN,09/2022,182,157,"86,26",154,3,"98,09",25,"13,74",5,20,"10,99"
241415,TENENTE LAURENTINO CRUZ,RN,07/2022,175,162,"92,57",154,8,"95,06",13,"7,43",3,10,"5,71"
241415,TENENTE LAURENTINO CRUZ,RN,11/2022,177,153,"86,44",153,0,"100,00",24,"13,56",3,21,"11,86"
241420,TIBAU DO SUL,RN,07/2022,328,232,"70,73",232,0,"100,00",96,"29,27",5,91,"27,74"
241420,TIBAU DO SUL,RN,11/2022,338,274,"81,07",247,27,"90,15",64,"18,93",1,63,"18,64"
241420,TIBAU DO SUL,RN,09/2022,349,298,"85,39",296,2,"99,33",51,"14,61",9,42,"12,03"
241430,TIMBAÚBA DOS BATISTAS,RN,09/2022,46,37,"80,43",37,0,"100,00",9,"19,57",1,8,"17,39"
241430,TIMBAÚBA DOS BATISTAS,RN,07/2022,44,36,"81,82",36,0,"100,00",8,"18,18",0,8,"18,18"
241430,TIMBAÚBA DOS BATISTAS,RN,11/2022,45,35,"77,78",35,0,"100,00",10,"22,22",1,9,"20,00"
241440,TOUROS,RN,11/2022,875,522,"59,66",481,41,"92,15",353,"40,34",2,351,"40,11"
241440,TOUROS,RN,07/2022,928,402,"43,32",364,38,"90,55",526,"56,68",5,521,"56,14"
241440,TOUROS,RN,09/2022,937,580,"61,90",536,44,"92,41",357,"38,10",4,353,"37,67"
241445,TRIUNFO POTIGUAR,RN,09/2022,175,166,"94,86",166,0,"100,00",9,"5,14",2,7,"4,00"
241445,TRIUNFO POTIGUAR,RN,07/2022,162,151,"93,21",151,0,"100,00",11,"6,79",3,8,"4,94"
241445,TRIUNFO POTIGUAR,RN,11/2022,163,152,"93,25",131,21,"86,18",11,"6,75",1,10,"6,13"
241450,UMARIZAL,RN,11/2022,240,137,"57,08",136,1,"99,27",103,"42,92",24,79,"32,92"
241450,UMARIZAL,RN,07/2022,238,25,"10,50",23,2,"92,00",213,"89,50",137,76,"31,93"
241450,UMARIZAL,RN,09/2022,244,29,"11,89",29,0,"100,00",215,"88,11",135,80,"32,79"
241460,UPANEMA,RN,09/2022,243,215,"88,48",208,7,"96,74",28,"11,52",3,25,"10,29"
241460,UPANEMA,RN,11/2022,223,149,"66,82",136,13,"91,28",74,"33,18",53,21,"9,42"
241460,UPANEMA,RN,07/2022,237,180,"75,95",177,3,"98,33",57,"24,05",29,28,"11,81"
241470,VÁRZEA,RN,07/2022,128,85,"66,41",82,3,"96,47",43,"33,59",5,38,"29,69"
241470,VÁRZEA,RN,11/2022,146,113,"77,40",110,3,"97,35",33,"22,60",7,26,"17,81"
241470,VÁRZEA,RN,09/2022,144,89,"61,81",85,4,"95,51",55,"38,19",4,51,"35,42"
241475,VENHA-VER,RN,09/2022,76,62,"81,58",47,15,"75,81",14,"18,42",1,13,"17,11"
241475,VENHA-VER,RN,07/2022,76,54,"71,05",45,9,"83,33",22,"28,95",0,22,"28,95"
241475,VENHA-VER,RN,11/2022,61,42,"68,85",39,3,"92,86",19,"31,15",0,19,"31,15"
241480,VERA CRUZ,RN,07/2022,312,279,"89,42",279,0,"100,00",33,"10,58",2,31,"9,94"
241480,VERA CRUZ,RN,11/2022,305,268,"87,87",268,0,"100,00",37,"12,13",2,35,"11,48"
241480,VERA CRUZ,RN,09/2022,314,279,"88,85",279,0,"100,00",35,"11,15",2,33,"10,51"
241490,VIÇOSA,RN,09/2022,33,29,"87,88",29,0,"100,00",4,"12,12",1,3,"9,09"
241490,VIÇOSA,RN,07/2022,34,28,"82,35",26,2,"92,86",6,"17,65",2,4,"11,76"
241490,VIÇOSA,RN,11/2022,28,25,"89,29",25,0,"100,00",3,"10,71",0,3,"10,71"
241500,VILA FLOR,RN,11/2022,104,97,"93,27",91,6,"93,81",7,"6,73",3,4,"3,85"
241500,VILA FLOR,RN,07/2022,102,97,"95,10",97,0,"100,00",5,"4,90",2,3,"2,94"
241500,VILA FLOR,RN,09/2022,108,102,"94,44",102,0,"100,00",6,"5,56",1,5,"4,63"
110001,ALTA FLORESTA D´OESTE,RO,07/2022,297,240,"80,81",222,18,"92,50",57,"19,19",3,54,"18,18"
110001,ALTA FLORESTA D´OESTE,RO,11/2022,308,264,"85,71",255,9,"96,59",44,"14,29",1,43,"13,96"
110001,ALTA FLORESTA D´OESTE,RO,09/2022,296,253,"85,47",233,20,"92,09",43,"14,53",2,41,"13,85"
110002,ARIQUEMES,RO,09/2022,901,714,"79,25",661,53,"92,58",187,"20,75",2,185,"20,53"
110002,ARIQUEMES,RO,11/2022,899,716,"79,64",669,47,"93,44",183,"20,36",7,176,"19,58"
110002,ARIQUEMES,RO,07/2022,876,657,"75,00",627,30,"95,43",219,"25,00",13,206,"23,52"
110003,CABIXI,RO,11/2022,57,39,"68,42",35,4,"89,74",18,"31,58",1,17,"29,82"
110003,CABIXI,RO,07/2022,55,37,"67,27",37,0,"100,00",18,"32,73",2,16,"29,09"
110003,CABIXI,RO,09/2022,60,39,"65,00",39,0,"100,00",21,"35,00",1,20,"33,33"
110004,CACOAL,RO,09/2022,752,670,"89,10",639,31,"95,37",82,"10,90",21,61,"8,11"
110004,CACOAL,RO,11/2022,772,693,"89,77",651,42,"93,94",79,"10,23",18,61,"7,90"
110004,CACOAL,RO,07/2022,678,485,"71,53",467,18,"96,29",193,"28,47",117,76,"11,21"
110005,CEREJEIRAS,RO,07/2022,143,109,"76,22",98,11,"89,91",34,"23,78",8,26,"18,18"
110005,CEREJEIRAS,RO,11/2022,147,135,"91,84",116,19,"85,93",12,"8,16",0,12,"8,16"
110005,CEREJEIRAS,RO,09/2022,146,117,"80,14",98,19,"83,76",29,"19,86",0,29,"19,86"
110006,COLORADO DO OESTE,RO,09/2022,98,88,"89,80",85,3,"96,59",10,"10,20",3,7,"7,14"
110006,COLORADO DO OESTE,RO,11/2022,105,87,"82,86",80,7,"91,95",18,"17,14",11,7,"6,67"
110006,COLORADO DO OESTE,RO,07/2022,92,77,"83,70",74,3,"96,10",15,"16,30",9,6,"6,52"
110007,CORUMBIARA,RO,07/2022,98,62,"63,27",59,3,"95,16",36,"36,73",1,35,"35,71"
110007,CORUMBIARA,RO,11/2022,85,51,"60,00",50,1,"98,04",34,"40,00",0,34,"40,00"
110007,CORUMBIARA,RO,09/2022,104,66,"63,46",62,4,"93,94",38,"36,54",1,37,"35,58"
110008,COSTA MARQUES,RO,09/2022,363,194,"53,44",179,15,"92,27",169,"46,56",2,167,"46,01"
110008,COSTA MARQUES,RO,07/2022,346,180,"52,02",162,18,"90,00",166,"47,98",12,154,"44,51"
110008,COSTA MARQUES,RO,11/2022,354,251,"70,90",221,30,"88,05",103,"29,10",6,97,"27,40"
110009,ESPIGÃO D´OESTE,RO,11/2022,344,216,"62,79",205,11,"94,91",128,"37,21",1,127,"36,92"
110009,ESPIGÃO D´OESTE,RO,07/2022,325,167,"51,38",161,6,"96,41",158,"48,62",68,90,"27,69"
110009,ESPIGÃO D´OESTE,RO,09/2022,344,160,"46,51",154,6,"96,25",184,"53,49",46,138,"40,12"
110010,GUAJARÁ-MIRIM,RO,09/2022,896,846,"94,42",805,41,"95,15",50,"5,58",3,47,"5,25"
110010,GUAJARÁ-MIRIM,RO,07/2022,889,748,"84,14",732,16,"97,86",141,"15,86",6,135,"15,19"
110010,GUAJARÁ-MIRIM,RO,11/2022,882,830,"94,10",810,20,"97,59",52,"5,90",4,48,"5,44"
110011,JARU,RO,07/2022,464,392,"84,48",354,38,"90,31",72,"15,52",6,66,"14,22"
110011,JARU,RO,11/2022,459,396,"86,27",336,60,"84,85",63,"13,73",6,57,"12,42"
110011,JARU,RO,09/2022,453,386,"85,21",312,74,"80,83",67,"14,79",18,49,"10,82"
110012,JI-PARANÁ,RO,09/2022,820,664,"80,98",613,51,"92,32",156,"19,02",15,141,"17,20"
110012,JI-PARANÁ,RO,07/2022,724,544,"75,14",512,32,"94,12",180,"24,86",9,171,"23,62"
110012,JI-PARANÁ,RO,11/2022,840,684,"81,43",641,43,"93,71",156,"18,57",2,154,"18,33"
110013,MACHADINHO D´OESTE,RO,11/2022,474,419,"88,40",369,50,"88,07",55,"11,60",28,27,"5,70"
110013,MACHADINHO D´OESTE,RO,07/2022,464,298,"64,22",293,5,"98,32",166,"35,78",2,164,"35,34"
110013,MACHADINHO D´OESTE,RO,09/2022,466,434,"93,13",398,36,"91,71",32,"6,87",0,32,"6,87"
110014,NOVA BRASILÂNDIA D´OESTE,RO,09/2022,237,185,"78,06",175,10,"94,59",52,"21,94",0,52,"21,94"
110014,NOVA BRASILÂNDIA D´OESTE,RO,07/2022,226,161,"71,24",157,4,"97,52",65,"28,76",5,60,"26,55"
110014,NOVA BRASILÂNDIA D´OESTE,RO,11/2022,258,195,"75,58",185,10,"94,87",63,"24,42",1,62,"24,03"
110015,OURO PRETO DO OESTE,RO,11/2022,296,219,"73,99",190,29,"86,76",77,"26,01",3,74,"25,00"
110015,OURO PRETO DO OESTE,RO,07/2022,276,165,"59,78",153,12,"92,73",111,"40,22",13,98,"35,51"
110015,OURO PRETO DO OESTE,RO,09/2022,295,206,"69,83",186,20,"90,29",89,"30,17",1,88,"29,83"
110018,PIMENTA BUENO,RO,09/2022,233,188,"80,69",178,10,"94,68",45,"19,31",1,44,"18,88"
110018,PIMENTA BUENO,RO,11/2022,236,188,"79,66",137,51,"72,87",48,"20,34",3,45,"19,07"
110018,PIMENTA BUENO,RO,07/2022,220,155,"70,45",87,68,"56,13",65,"29,55",3,62,"28,18"
110020,PORTO VELHO,RO,11/2022,6565,3921,"59,73",3672,249,"93,65",2644,"40,27",751,1893,"28,83"
110020,PORTO VELHO,RO,07/2022,5681,2306,"40,59",2183,123,"94,67",3375,"59,41",1420,1955,"34,41"
110020,PORTO VELHO,RO,09/2022,6504,4515,"69,42",4321,194,"95,70",1989,"30,58",87,1902,"29,24"
110025,PRESIDENTE MÉDICI,RO,09/2022,252,193,"76,59",178,15,"92,23",59,"23,41",3,56,"22,22"
110025,PRESIDENTE MÉDICI,RO,07/2022,241,176,"73,03",169,7,"96,02",65,"26,97",6,59,"24,48"
110025,PRESIDENTE MÉDICI,RO,11/2022,244,185,"75,82",171,14,"92,43",59,"24,18",8,51,"20,90"
110026,RIO CRESPO,RO,11/2022,46,30,"65,22",28,2,"93,33",16,"34,78",1,15,"32,61"
110026,RIO CRESPO,RO,07/2022,46,30,"65,22",30,0,"100,00",16,"34,78",3,13,"28,26"
110026,RIO CRESPO,RO,09/2022,47,32,"68,09",31,1,"96,88",15,"31,91",0,15,"31,91"
110028,ROLIM DE MOURA,RO,09/2022,344,243,"70,64",232,11,"95,47",101,"29,36",3,98,"28,49"
110028,ROLIM DE MOURA,RO,11/2022,310,247,"79,68",226,21,"91,50",63,"20,32",2,61,"19,68"
110028,ROLIM DE MOURA,RO,07/2022,335,211,"62,99",202,9,"95,73",124,"37,01",4,120,"35,82"
110029,SANTA LUZIA D´OESTE,RO,11/2022,82,73,"89,02",73,0,"100,00",9,"10,98",1,8,"9,76"
110029,SANTA LUZIA D´OESTE,RO,07/2022,77,56,"72,73",56,0,"100,00",21,"27,27",9,12,"15,58"
110029,SANTA LUZIA D´OESTE,RO,09/2022,83,64,"77,11",63,1,"98,44",19,"22,89",2,17,"20,48"
110030,VILHENA,RO,09/2022,697,503,"72,17",408,95,"81,11",194,"27,83",3,191,"27,40"
110030,VILHENA,RO,11/2022,713,506,"70,97",460,46,"90,91",207,"29,03",6,201,"28,19"
110030,VILHENA,RO,07/2022,663,425,"64,10",402,23,"94,59",238,"35,90",6,232,"34,99"
110032,SÃO MIGUEL DO GUAPORÉ,RO,07/2022,175,119,"68,00",116,3,"97,48",56,"32,00",17,39,"22,29"
110032,SÃO MIGUEL DO GUAPORÉ,RO,11/2022,186,148,"79,57",140,8,"94,59",38,"20,43",0,38,"20,43"
110032,SÃO MIGUEL DO GUAPORÉ,RO,09/2022,185,140,"75,68",131,9,"93,57",45,"24,32",1,44,"23,78"
110033,NOVA MAMORÉ,RO,09/2022,381,325,"85,30",276,49,"84,92",56,"14,70",0,56,"14,70"
110033,NOVA MAMORÉ,RO,07/2022,376,279,"74,20",249,30,"89,25",97,"25,80",24,73,"19,41"
110033,NOVA MAMORÉ,RO,11/2022,402,324,"80,60",275,49,"84,88",78,"19,40",11,67,"16,67"
110034,ALVORADA D´OESTE,RO,07/2022,220,173,"78,64",146,27,"84,39",47,"21,36",6,41,"18,64"
110034,ALVORADA D´OESTE,RO,11/2022,212,183,"86,32",167,16,"91,26",29,"13,68",4,25,"11,79"
110034,ALVORADA D´OESTE,RO,09/2022,223,192,"86,10",177,15,"92,19",31,"13,90",3,28,"12,56"
110037,ALTO ALEGRE DOS PARECIS,RO,09/2022,130,104,"80,00",88,16,"84,62",26,"20,00",2,24,"18,46"
110037,ALTO ALEGRE DOS PARECIS,RO,11/2022,132,107,"81,06",91,16,"85,05",25,"18,94",0,25,"18,94"
110037,ALTO ALEGRE DOS PARECIS,RO,07/2022,132,100,"75,76",89,11,"89,00",32,"24,24",2,30,"22,73"
110040,ALTO PARAÍSO,RO,11/2022,223,180,"80,72",180,0,"100,00",43,"19,28",3,40,"17,94"
110040,ALTO PARAÍSO,RO,07/2022,210,169,"80,48",169,0,"100,00",41,"19,52",4,37,"17,62"
110040,ALTO PARAÍSO,RO,09/2022,216,177,"81,94",176,1,"99,44",39,"18,06",0,39,"18,06"
110045,BURITIS,RO,09/2022,380,310,"81,58",270,40,"87,10",70,"18,42",4,66,"17,37"
110045,BURITIS,RO,07/2022,393,280,"71,25",256,24,"91,43",113,"28,75",18,95,"24,17"
110045,BURITIS,RO,11/2022,389,321,"82,52",267,54,"83,18",68,"17,48",13,55,"14,14"
110050,NOVO HORIZONTE DO OESTE,RO,07/2022,108,93,"86,11",84,9,"90,32",15,"13,89",0,15,"13,89"
110050,NOVO HORIZONTE DO OESTE,RO,11/2022,98,93,"94,90",88,5,"94,62",5,"5,10",0,5,"5,10"
110050,NOVO HORIZONTE DO OESTE,RO,09/2022,105,104,"99,05",95,9,"91,35",1,"0,95",0,1,"0,95"
110060,CACAULÂNDIA,RO,09/2022,46,39,"84,78",30,9,"76,92",7,"15,22",1,6,"13,04"
110060,CACAULÂNDIA,RO,11/2022,44,30,"68,18",15,15,"50,00",14,"31,82",2,12,"27,27"
110060,CACAULÂNDIA,RO,07/2022,49,44,"89,80",44,0,"100,00",5,"10,20",3,2,"4,08"
110070,CAMPO NOVO DE RONDÔNIA,RO,11/2022,104,71,"68,27",70,1,"98,59",33,"31,73",5,28,"26,92"
110070,CAMPO NOVO DE RONDÔNIA,RO,07/2022,101,41,"40,59",37,4,"90,24",60,"59,41",24,36,"35,64"
110070,CAMPO NOVO DE RONDÔNIA,RO,09/2022,101,70,"69,31",67,3,"95,71",31,"30,69",5,26,"25,74"
110080,CANDEIAS DO JAMARI,RO,09/2022,477,368,"77,15",333,35,"90,49",109,"22,85",37,72,"15,09"
110080,CANDEIAS DO JAMARI,RO,07/2022,470,252,"53,62",247,5,"98,02",218,"46,38",99,119,"25,32"
110080,CANDEIAS DO JAMARI,RO,11/2022,473,386,"81,61",331,55,"85,75",87,"18,39",15,72,"15,22"
110090,CASTANHEIRAS,RO,07/2022,29,27,"93,10",27,0,"100,00",2,"6,90",0,2,"6,90"
110090,CASTANHEIRAS,RO,11/2022,36,35,"97,22",33,2,"94,29",1,"2,78",0,1,"2,78"
110090,CASTANHEIRAS,RO,09/2022,30,29,"96,67",29,0,"100,00",1,"3,33",0,1,"3,33"
110092,CHUPINGUAIA,RO,09/2022,130,122,"93,85",122,0,"100,00",8,"6,15",0,8,"6,15"
110092,CHUPINGUAIA,RO,11/2022,134,121,"90,30",121,0,"100,00",13,"9,70",4,9,"6,72"
110092,CHUPINGUAIA,RO,07/2022,112,22,"19,64",22,0,"100,00",90,"80,36",79,11,"9,82"
110094,CUJUBIM,RO,07/2022,222,142,"63,96",134,8,"94,37",80,"36,04",5,75,"33,78"
110094,CUJUBIM,RO,11/2022,234,163,"69,66",128,35,"78,53",71,"30,34",5,66,"28,21"
110094,CUJUBIM,RO,09/2022,227,172,"75,77",166,6,"96,51",55,"24,23",0,55,"24,23"
110100,GOVERNADOR JORGE TEIXEIRA,RO,09/2022,134,110,"82,09",97,13,"88,18",24,"17,91",2,22,"16,42"
110100,GOVERNADOR JORGE TEIXEIRA,RO,11/2022,137,111,"81,02",107,4,"96,40",26,"18,98",2,24,"17,52"
110100,GOVERNADOR JORGE TEIXEIRA,RO,07/2022,137,102,"74,45",94,8,"92,16",35,"25,55",7,28,"20,44"
110110,ITAPUÃ DO OESTE,RO,07/2022,132,110,"83,33",103,7,"93,64",22,"16,67",1,21,"15,91"
110110,ITAPUÃ DO OESTE,RO,11/2022,140,114,"81,43",91,23,"79,82",26,"18,57",7,19,"13,57"
110110,ITAPUÃ DO OESTE,RO,09/2022,137,117,"85,40",88,29,"75,21",20,"14,60",2,18,"13,14"
110120,MINISTRO ANDREAZZA,RO,09/2022,82,73,"89,02",68,5,"93,15",9,"10,98",1,8,"9,76"
110120,MINISTRO ANDREAZZA,RO,07/2022,87,74,"85,06",74,0,"100,00",13,"14,94",4,9,"10,34"
110120,MINISTRO ANDREAZZA,RO,11/2022,83,75,"90,36",70,5,"93,33",8,"9,64",0,8,"9,64"
110130,MIRANTE DA SERRA,RO,07/2022,116,74,"63,79",62,12,"83,78",42,"36,21",21,21,"18,10"
110130,MIRANTE DA SERRA,RO,11/2022,102,86,"84,31",70,16,"81,40",16,"15,69",3,13,"12,75"
110130,MIRANTE DA SERRA,RO,09/2022,103,88,"85,44",71,17,"80,68",15,"14,56",4,11,"10,68"
110140,MONTE NEGRO,RO,09/2022,161,112,"69,57",106,6,"94,64",49,"30,43",1,48,"29,81"
110140,MONTE NEGRO,RO,07/2022,149,16,"10,74",15,1,"93,75",133,"89,26",87,46,"30,87"
110140,MONTE NEGRO,RO,11/2022,167,107,"64,07",103,4,"96,26",60,"35,93",17,43,"25,75"
110143,NOVA UNIÃO,RO,11/2022,88,64,"72,73",56,8,"87,50",24,"27,27",0,24,"27,27"
110143,NOVA UNIÃO,RO,07/2022,78,53,"67,95",53,0,"100,00",25,"32,05",0,25,"32,05"
110143,NOVA UNIÃO,RO,09/2022,80,59,"73,75",55,4,"93,22",21,"26,25",0,21,"26,25"
110145,PARECIS,RO,09/2022,48,37,"77,08",36,1,"97,30",11,"22,92",1,10,"20,83"
110145,PARECIS,RO,07/2022,49,31,"63,27",30,1,"96,77",18,"36,73",3,15,"30,61"
110145,PARECIS,RO,11/2022,44,35,"79,55",30,5,"85,71",9,"20,45",0,9,"20,45"
110146,PIMENTEIRAS DO OESTE,RO,07/2022,42,31,"73,81",31,0,"100,00",11,"26,19",3,8,"19,05"
110146,PIMENTEIRAS DO OESTE,RO,11/2022,36,22,"61,11",22,0,"100,00",14,"38,89",0,14,"38,89"
110146,PIMENTEIRAS DO OESTE,RO,09/2022,40,26,"65,00",26,0,"100,00",14,"35,00",0,14,"35,00"
110147,PRIMAVERA DE RONDÔNIA,RO,09/2022,35,23,"65,71",23,0,"100,00",12,"34,29",0,12,"34,29"
110147,PRIMAVERA DE RONDÔNIA,RO,11/2022,31,25,"80,65",25,0,"100,00",6,"19,35",0,6,"19,35"
110147,PRIMAVERA DE RONDÔNIA,RO,07/2022,34,20,"58,82",19,1,"95,00",14,"41,18",1,13,"38,24"
110148,SÃO FELIPE D´OESTE,RO,07/2022,38,26,"68,42",23,3,"88,46",12,"31,58",0,12,"31,58"
110148,SÃO FELIPE D´OESTE,RO,11/2022,39,29,"74,36",21,8,"72,41",10,"25,64",1,9,"23,08"
110148,SÃO FELIPE D´OESTE,RO,09/2022,36,26,"72,22",24,2,"92,31",10,"27,78",0,10,"27,78"
110149,SÃO FRANCISCO DO GUAPORÉ,RO,09/2022,237,162,"68,35",136,26,"83,95",75,"31,65",4,71,"29,96"
110149,SÃO FRANCISCO DO GUAPORÉ,RO,07/2022,234,108,"46,15",100,8,"92,59",126,"53,85",6,120,"51,28"
110149,SÃO FRANCISCO DO GUAPORÉ,RO,11/2022,244,173,"70,90",156,17,"90,17",71,"29,10",14,57,"23,36"
110150,SERINGUEIRAS,RO,07/2022,162,123,"75,93",121,2,"98,37",39,"24,07",4,35,"21,60"
110150,SERINGUEIRAS,RO,11/2022,160,157,"98,13",157,0,"100,00",3,"1,88",2,1,"0,63"
110150,SERINGUEIRAS,RO,09/2022,159,137,"86,16",137,0,"100,00",22,"13,84",5,17,"10,69"
110155,TEIXEIRÓPOLIS,RO,09/2022,52,43,"82,69",37,6,"86,05",9,"17,31",0,9,"17,31"
110155,TEIXEIRÓPOLIS,RO,11/2022,55,46,"83,64",41,5,"89,13",9,"16,36",0,9,"16,36"
110155,TEIXEIRÓPOLIS,RO,07/2022,52,39,"75,00",32,7,"82,05",13,"25,00",1,12,"23,08"
110160,THEOBROMA,RO,07/2022,121,80,"66,12",80,0,"100,00",41,"33,88",0,41,"33,88"
110160,THEOBROMA,RO,11/2022,128,86,"67,19",85,1,"98,84",42,"32,81",0,42,"32,81"
110160,THEOBROMA,RO,09/2022,132,89,"67,42",85,4,"95,51",43,"32,58",0,43,"32,58"
110170,URUPÁ,RO,09/2022,131,98,"74,81",88,10,"89,80",33,"25,19",11,22,"16,79"
110170,URUPÁ,RO,07/2022,131,110,"83,97",108,2,"98,18",21,"16,03",1,20,"15,27"
110170,URUPÁ,RO,11/2022,120,98,"81,67",90,8,"91,84",22,"18,33",0,22,"18,33"
110175,VALE DO ANARI,RO,11/2022,113,93,"82,30",92,1,"98,92",20,"17,70",0,20,"17,70"
110175,VALE DO ANARI,RO,07/2022,107,69,"64,49",69,0,"100,00",38,"35,51",3,35,"32,71"
110175,VALE DO ANARI,RO,09/2022,107,88,"82,24",88,0,"100,00",19,"17,76",1,18,"16,82"
110180,VALE DO PARAÍSO,RO,09/2022,86,76,"88,37",75,1,"98,68",10,"11,63",0,10,"11,63"
110180,VALE DO PARAÍSO,RO,11/2022,82,73,"89,02",73,0,"100,00",9,"10,98",0,9,"10,98"
110180,VALE DO PARAÍSO,RO,07/2022,81,73,"90,12",72,1,"98,63",8,"9,88",0,8,"9,88"
140002,AMAJARI,RR,07/2022,322,196,"60,87",170,26,"86,73",126,"39,13",21,105,"32,61"
140002,AMAJARI,RR,11/2022,319,196,"61,44",176,20,"89,80",123,"38,56",10,113,"35,42"
140002,AMAJARI,RR,09/2022,333,227,"68,17",194,33,"85,46",106,"31,83",5,101,"30,33"
140005,ALTO ALEGRE,RR,09/2022,431,312,"72,39",312,0,"100,00",119,"27,61",29,90,"20,88"
140005,ALTO ALEGRE,RR,07/2022,415,311,"74,94",310,1,"99,68",104,"25,06",28,76,"18,31"
140005,ALTO ALEGRE,RR,11/2022,418,269,"64,35",241,28,"89,59",149,"35,65",43,106,"25,36"
140010,BOA VISTA,RR,07/2022,4157,3162,"76,06",3158,4,"99,87",995,"23,94",194,801,"19,27"
140010,BOA VISTA,RR,11/2022,4424,3572,"80,74",3569,3,"99,92",852,"19,26",95,757,"17,11"
140010,BOA VISTA,RR,09/2022,4391,3580,"81,53",3574,6,"99,83",811,"18,47",153,658,"14,99"
140015,BONFIM,RR,09/2022,515,164,"31,84",164,0,"100,00",351,"68,16",316,35,"6,80"
140015,BONFIM,RR,07/2022,513,0,"0,00",0,0,,513,"100,00",486,27,"5,26"
140015,BONFIM,RR,11/2022,522,0,"0,00",0,0,,522,"100,00",480,42,"8,05"
140017,CANTÁ,RR,11/2022,564,373,"66,13",373,0,"100,00",191,"33,87",4,187,"33,16"
140017,CANTÁ,RR,07/2022,516,359,"69,57",341,18,"94,99",157,"30,43",12,145,"28,10"
140017,CANTÁ,RR,09/2022,573,377,"65,79",372,5,"98,67",196,"34,21",4,192,"33,51"
140020,CARACARAÍ,RR,09/2022,609,0,"0,00",0,0,,609,"100,00",464,145,"23,81"
140020,CARACARAÍ,RR,11/2022,664,475,"71,54",475,0,"100,00",189,"28,46",26,163,"24,55"
140020,CARACARAÍ,RR,07/2022,558,18,"3,23",1,17,"5,56",540,"96,77",413,127,"22,76"
140023,CAROEBE,RR,07/2022,281,163,"58,01",158,5,"96,93",118,"41,99",65,53,"18,86"
140023,CAROEBE,RR,11/2022,284,237,"83,45",236,1,"99,58",47,"16,55",4,43,"15,14"
140023,CAROEBE,RR,09/2022,295,237,"80,34",232,5,"97,89",58,"19,66",12,46,"15,59"
140028,IRACEMA,RR,09/2022,188,145,"77,13",122,23,"84,14",43,"22,87",0,43,"22,87"
140028,IRACEMA,RR,11/2022,184,137,"74,46",125,12,"91,24",47,"25,54",0,47,"25,54"
140028,IRACEMA,RR,07/2022,181,147,"81,22",123,24,"83,67",34,"18,78",9,25,"13,81"
140030,MUCAJAÍ,RR,11/2022,536,391,"72,95",389,2,"99,49",145,"27,05",3,142,"26,49"
140030,MUCAJAÍ,RR,07/2022,514,368,"71,60",366,2,"99,46",146,"28,40",14,132,"25,68"
140030,MUCAJAÍ,RR,09/2022,544,397,"72,98",397,0,"100,00",147,"27,02",10,137,"25,18"
140040,NORMANDIA,RR,09/2022,546,459,"84,07",459,0,"100,00",87,"15,93",6,81,"14,84"
140040,NORMANDIA,RR,07/2022,509,436,"85,66",436,0,"100,00",73,"14,34",7,66,"12,97"
140040,NORMANDIA,RR,11/2022,522,445,"85,25",445,0,"100,00",77,"14,75",6,71,"13,60"
140045,PACARAIMA,RR,11/2022,477,431,"90,36",431,0,"100,00",46,"9,64",1,45,"9,43"
140045,PACARAIMA,RR,07/2022,408,362,"88,73",362,0,"100,00",46,"11,27",8,38,"9,31"
140045,PACARAIMA,RR,09/2022,464,411,"88,58",411,0,"100,00",53,"11,42",10,43,"9,27"
140047,RORAINÓPOLIS,RR,09/2022,700,351,"50,14",321,30,"91,45",349,"49,86",17,332,"47,43"
140047,RORAINÓPOLIS,RR,11/2022,659,343,"52,05",321,22,"93,59",316,"47,95",3,313,"47,50"
140047,RORAINÓPOLIS,RR,07/2022,698,325,"46,56",304,21,"93,54",373,"53,44",4,369,"52,87"
140050,SÃO JOÃO DA BALIZA,RR,11/2022,183,113,"61,75",113,0,"100,00",70,"38,25",4,66,"36,07"
140050,SÃO JOÃO DA BALIZA,RR,07/2022,177,101,"57,06",101,0,"100,00",76,"42,94",6,70,"39,55"
140050,SÃO JOÃO DA BALIZA,RR,09/2022,187,118,"63,10",118,0,"100,00",69,"36,90",12,57,"30,48"
140060,SÃO LUIZ,RR,09/2022,140,101,"72,14",97,4,"96,04",39,"27,86",6,33,"23,57"
140060,SÃO LUIZ,RR,11/2022,134,95,"70,90",95,0,"100,00",39,"29,10",0,39,"29,10"
140060,SÃO LUIZ,RR,07/2022,137,101,"73,72",99,2,"98,02",36,"26,28",3,33,"24,09"
140070,UIRAMUTÃ,RR,07/2022,536,0,"0,00",0,0,,536,"100,00",475,61,"11,38"
140070,UIRAMUTÃ,RR,11/2022,572,496,"86,71",480,16,"96,77",76,"13,29",4,72,"12,59"
140070,UIRAMUTÃ,RR,09/2022,558,0,"0,00",0,0,,558,"100,00",499,59,"10,57"
430003,ACEGUÁ,RS,09/2022,40,23,"57,50",20,3,"86,96",17,"42,50",2,15,"37,50"
430003,ACEGUÁ,RS,07/2022,36,21,"58,33",18,3,"85,71",15,"41,67",3,12,"33,33"
430003,ACEGUÁ,RS,11/2022,34,23,"67,65",21,2,"91,30",11,"32,35",0,11,"32,35"
430005,ÁGUA SANTA,RS,11/2022,22,20,"90,91",13,7,"65,00",2,"9,09",0,2,"9,09"
430005,ÁGUA SANTA,RS,07/2022,23,16,"69,57",12,4,"75,00",7,"30,43",2,5,"21,74"
430005,ÁGUA SANTA,RS,09/2022,25,21,"84,00",14,7,"66,67",4,"16,00",2,2,"8,00"
430010,AGUDO,RS,07/2022,121,95,"78,51",81,14,"85,26",26,"21,49",3,23,"19,01"
430010,AGUDO,RS,09/2022,121,105,"86,78",87,18,"82,86",16,"13,22",2,14,"11,57"
430010,AGUDO,RS,11/2022,126,112,"88,89",105,7,"93,75",14,"11,11",2,12,"9,52"
430020,AJURICABA,RS,11/2022,35,34,"97,14",22,12,"64,71",1,"2,86",0,1,"2,86"
430020,AJURICABA,RS,07/2022,36,34,"94,44",27,7,"79,41",2,"5,56",1,1,"2,78"
430020,AJURICABA,RS,09/2022,36,35,"97,22",27,8,"77,14",1,"2,78",0,1,"2,78"
430030,ALECRIM,RS,07/2022,36,32,"88,89",28,4,"87,50",4,"11,11",0,4,"11,11"
430030,ALECRIM,RS,09/2022,37,32,"86,49",26,6,"81,25",5,"13,51",0,5,"13,51"
430030,ALECRIM,RS,11/2022,38,35,"92,11",26,9,"74,29",3,"7,89",0,3,"7,89"
430040,ALEGRETE,RS,11/2022,487,325,"66,74",264,61,"81,23",162,"33,26",15,147,"30,18"
430040,ALEGRETE,RS,07/2022,460,280,"60,87",221,59,"78,93",180,"39,13",41,139,"30,22"
430040,ALEGRETE,RS,09/2022,500,261,"52,20",207,54,"79,31",239,"47,80",81,158,"31,60"
430045,ALEGRIA,RS,09/2022,42,36,"85,71",31,5,"86,11",6,"14,29",2,4,"9,52"
430045,ALEGRIA,RS,07/2022,35,32,"91,43",28,4,"87,50",3,"8,57",0,3,"8,57"
430045,ALEGRIA,RS,11/2022,40,37,"92,50",33,4,"89,19",3,"7,50",1,2,"5,00"
430047,ALMIRANTE TAMANDARÉ DO SUL,RS,11/2022,2,2,"100,00",2,0,"100,00",0,"0,00",0,0,"0,00"
430047,ALMIRANTE TAMANDARÉ DO SUL,RS,09/2022,4,4,"100,00",4,0,"100,00",0,"0,00",0,0,"0,00"
430047,ALMIRANTE TAMANDARÉ DO SUL,RS,07/2022,3,3,"100,00",3,0,"100,00",0,"0,00",0,0,"0,00"
430050,ALPESTRE,RS,09/2022,49,34,"69,39",30,4,"88,24",15,"30,61",6,9,"18,37"
430050,ALPESTRE,RS,07/2022,50,35,"70,00",33,2,"94,29",15,"30,00",5,10,"20,00"
430050,ALPESTRE,RS,11/2022,49,39,"79,59",39,0,"100,00",10,"20,41",2,8,"16,33"
430055,ALTO ALEGRE,RS,11/2022,8,7,"87,50",6,1,"85,71",1,"12,50",0,1,"12,50"
430055,ALTO ALEGRE,RS,09/2022,7,6,"85,71",6,0,"100,00",1,"14,29",0,1,"14,29"
430055,ALTO ALEGRE,RS,07/2022,6,6,"100,00",6,0,"100,00",0,"0,00",0,0,"0,00"
430057,ALTO FELIZ,RS,07/2022,3,1,"33,33",1,0,"100,00",2,"66,67",2,0,"0,00"
430057,ALTO FELIZ,RS,09/2022,4,3,"75,00",3,0,"100,00",1,"25,00",0,1,"25,00"
430057,ALTO FELIZ,RS,11/2022,6,5,"83,33",5,0,"100,00",1,"16,67",0,1,"16,67"
430060,ALVORADA,RS,11/2022,1748,1459,"83,47",1133,326,"77,66",289,"16,53",2,287,"16,42"
430060,ALVORADA,RS,07/2022,1615,1124,"69,60",877,247,"78,02",491,"30,40",5,486,"30,09"
430060,ALVORADA,RS,09/2022,1755,1279,"72,88",959,320,"74,98",476,"27,12",3,473,"26,95"
430063,AMARAL FERRADOR,RS,09/2022,79,67,"84,81",53,14,"79,10",12,"15,19",3,9,"11,39"
430063,AMARAL FERRADOR,RS,07/2022,80,66,"82,50",52,14,"78,79",14,"17,50",6,8,"10,00"
430063,AMARAL FERRADOR,RS,11/2022,77,61,"79,22",52,9,"85,25",16,"20,78",7,9,"11,69"
430064,AMETISTA DO SUL,RS,11/2022,92,53,"57,61",52,1,"98,11",39,"42,39",24,15,"16,30"
430064,AMETISTA DO SUL,RS,07/2022,87,68,"78,16",55,13,"80,88",19,"21,84",1,18,"20,69"
430064,AMETISTA DO SUL,RS,09/2022,87,69,"79,31",58,11,"84,06",18,"20,69",1,17,"19,54"
430066,ANDRÉ DA ROCHA,RS,09/2022,8,6,"75,00",4,2,"66,67",2,"25,00",0,2,"25,00"
430066,ANDRÉ DA ROCHA,RS,07/2022,6,4,"66,67",3,1,"75,00",2,"33,33",0,2,"33,33"
430066,ANDRÉ DA ROCHA,RS,11/2022,7,5,"71,43",4,1,"80,00",2,"28,57",1,1,"14,29"
430070,ANTA GORDA,RS,11/2022,10,9,"90,00",7,2,"77,78",1,"10,00",0,1,"10,00"
430070,ANTA GORDA,RS,09/2022,14,10,"71,43",8,2,"80,00",4,"28,57",1,3,"21,43"
430070,ANTA GORDA,RS,07/2022,11,8,"72,73",7,1,"87,50",3,"27,27",0,3,"27,27"
430080,ANTÔNIO PRADO,RS,07/2022,38,32,"84,21",20,12,"62,50",6,"15,79",0,6,"15,79"
430080,ANTÔNIO PRADO,RS,09/2022,47,36,"76,60",27,9,"75,00",11,"23,40",0,11,"23,40"
430080,ANTÔNIO PRADO,RS,11/2022,50,38,"76,00",26,12,"68,42",12,"24,00",0,12,"24,00"
430085,ARAMBARÉ,RS,11/2022,43,40,"93,02",27,13,"67,50",3,"6,98",0,3,"6,98"
430085,ARAMBARÉ,RS,09/2022,41,37,"90,24",23,14,"62,16",4,"9,76",0,4,"9,76"
430085,ARAMBARÉ,RS,07/2022,43,38,"88,37",29,9,"76,32",5,"11,63",0,5,"11,63"
430087,ARARICÁ,RS,07/2022,58,31,"53,45",23,8,"74,19",27,"46,55",1,26,"44,83"
430087,ARARICÁ,RS,09/2022,70,37,"52,86",36,1,"97,30",33,"47,14",1,32,"45,71"
430087,ARARICÁ,RS,11/2022,69,35,"50,72",29,6,"82,86",34,"49,28",2,32,"46,38"
430090,ARATIBA,RS,11/2022,10,9,"90,00",8,1,"88,89",1,"10,00",0,1,"10,00"
430090,ARATIBA,RS,09/2022,11,10,"90,91",9,1,"90,00",1,"9,09",0,1,"9,09"
430090,ARATIBA,RS,07/2022,9,8,"88,89",5,3,"62,50",1,"11,11",1,0,"0,00"
430100,ARROIO DO MEIO,RS,07/2022,39,25,"64,10",21,4,"84,00",14,"35,90",2,12,"30,77"
430100,ARROIO DO MEIO,RS,09/2022,42,31,"73,81",20,11,"64,52",11,"26,19",0,11,"26,19"
430100,ARROIO DO MEIO,RS,11/2022,39,30,"76,92",20,10,"66,67",9,"23,08",1,8,"20,51"
430105,ARROIO DO SAL,RS,11/2022,82,77,"93,90",58,19,"75,32",5,"6,10",2,3,"3,66"
430105,ARROIO DO SAL,RS,09/2022,81,74,"91,36",62,12,"83,78",7,"8,64",1,6,"7,41"
430105,ARROIO DO SAL,RS,07/2022,70,59,"84,29",45,14,"76,27",11,"15,71",2,9,"12,86"
430107,ARROIO DO PADRE,RS,09/2022,12,10,"83,33",9,1,"90,00",2,"16,67",0,2,"16,67"
430107,ARROIO DO PADRE,RS,07/2022,10,8,"80,00",7,1,"87,50",2,"20,00",0,2,"20,00"
430107,ARROIO DO PADRE,RS,11/2022,13,11,"84,62",10,1,"90,91",2,"15,38",0,2,"15,38"
430110,ARROIO DOS RATOS,RS,11/2022,171,144,"84,21",135,9,"93,75",27,"15,79",1,26,"15,20"
430110,ARROIO DOS RATOS,RS,07/2022,173,134,"77,46",110,24,"82,09",39,"22,54",0,39,"22,54"
430110,ARROIO DOS RATOS,RS,09/2022,178,154,"86,52",153,1,"99,35",24,"13,48",1,23,"12,92"
430120,ARROIO DO TIGRE,RS,09/2022,110,89,"80,91",66,23,"74,16",21,"19,09",0,21,"19,09"
430120,ARROIO DO TIGRE,RS,07/2022,106,81,"76,42",59,22,"72,84",25,"23,58",3,22,"20,75"
430120,ARROIO DO TIGRE,RS,11/2022,98,85,"86,73",65,20,"76,47",13,"13,27",0,13,"13,27"
430130,ARROIO GRANDE,RS,11/2022,191,127,"66,49",108,19,"85,04",64,"33,51",12,52,"27,23"
430130,ARROIO GRANDE,RS,07/2022,189,110,"58,20",98,12,"89,09",79,"41,80",34,45,"23,81"
430130,ARROIO GRANDE,RS,09/2022,195,113,"57,95",95,18,"84,07",82,"42,05",23,59,"30,26"
430140,ARVOREZINHA,RS,09/2022,80,6,"7,50",6,0,"100,00",74,"92,50",66,8,"10,00"
430140,ARVOREZINHA,RS,07/2022,78,70,"89,74",49,21,"70,00",8,"10,26",3,5,"6,41"
430140,ARVOREZINHA,RS,11/2022,74,63,"85,14",47,16,"74,60",11,"14,86",2,9,"12,16"
430150,AUGUSTO PESTANA,RS,11/2022,16,16,"100,00",12,4,"75,00",0,"0,00",0,0,"0,00"
430150,AUGUSTO PESTANA,RS,09/2022,17,15,"88,24",10,5,"66,67",2,"11,76",0,2,"11,76"
430150,AUGUSTO PESTANA,RS,07/2022,17,17,"100,00",10,7,"58,82",0,"0,00",0,0,"0,00"
430155,ÁUREA,RS,09/2022,6,6,"100,00",3,3,"50,00",0,"0,00",0,0,"0,00"
430155,ÁUREA,RS,07/2022,5,5,"100,00",3,2,"60,00",0,"0,00",0,0,"0,00"
430155,ÁUREA,RS,11/2022,6,6,"100,00",3,3,"50,00",0,"0,00",0,0,"0,00"
430160,BAGÉ,RS,11/2022,1567,1286,"82,07",1286,0,"100,00",281,"17,93",3,278,"17,74"
430160,BAGÉ,RS,07/2022,1491,1179,"79,07",1178,1,"99,92",312,"20,93",33,279,"18,71"
430160,BAGÉ,RS,09/2022,1618,1305,"80,66",1305,0,"100,00",313,"19,34",3,310,"19,16"
430163,BALNEÁRIO PINHAL,RS,07/2022,181,0,"0,00",0,0,,181,"100,00",149,32,"17,68"
430163,BALNEÁRIO PINHAL,RS,09/2022,231,142,"61,47",113,29,"79,58",89,"38,53",2,87,"37,66"
430163,BALNEÁRIO PINHAL,RS,11/2022,210,24,"11,43",24,0,"100,00",186,"88,57",104,82,"39,05"
430165,BARÃO,RS,11/2022,1,1,"100,00",1,0,"100,00",0,"0,00",0,0,"0,00"
430165,BARÃO,RS,09/2022,1,0,"0,00",0,0,,1,"100,00",0,1,"100,00"
430165,BARÃO,RS,07/2022,1,0,"0,00",0,0,,1,"100,00",0,1,"100,00"
430170,BARÃO DE COTEGIPE,RS,09/2022,23,21,"91,30",12,9,"57,14",2,"8,70",0,2,"8,70"
430170,BARÃO DE COTEGIPE,RS,07/2022,18,17,"94,44",9,8,"52,94",1,"5,56",0,1,"5,56"
430170,BARÃO DE COTEGIPE,RS,11/2022,17,15,"88,24",10,5,"66,67",2,"11,76",0,2,"11,76"
430175,BARÃO DO TRIUNFO,RS,11/2022,69,65,"94,20",41,24,"63,08",4,"5,80",0,4,"5,80"
430175,BARÃO DO TRIUNFO,RS,09/2022,78,67,"85,90",41,26,"61,19",11,"14,10",2,9,"11,54"
430175,BARÃO DO TRIUNFO,RS,07/2022,75,54,"72,00",39,15,"72,22",21,"28,00",1,20,"26,67"
430180,BARRACÃO,RS,09/2022,60,24,"40,00",22,2,"91,67",36,"60,00",3,33,"55,00"
430180,BARRACÃO,RS,07/2022,55,0,"0,00",0,0,,55,"100,00",52,3,"5,45"
430180,BARRACÃO,RS,11/2022,49,44,"89,80",37,7,"84,09",5,"10,20",5,0,"0,00"
430185,BARRA DO GUARITA,RS,11/2022,21,15,"71,43",11,4,"73,33",6,"28,57",1,5,"23,81"
430185,BARRA DO GUARITA,RS,09/2022,16,1,"6,25",0,1,"0,00",15,"93,75",10,5,"31,25"
430185,BARRA DO GUARITA,RS,07/2022,18,12,"66,67",11,1,"91,67",6,"33,33",1,5,"27,78"
430187,BARRA DO QUARAÍ,RS,09/2022,54,0,"0,00",0,0,,54,"100,00",49,5,"9,26"
430187,BARRA DO QUARAÍ,RS,07/2022,56,50,"89,29",48,2,"96,00",6,"10,71",0,6,"10,71"
430187,BARRA DO QUARAÍ,RS,11/2022,56,51,"91,07",49,2,"96,08",5,"8,93",0,5,"8,93"
430190,BARRA DO RIBEIRO,RS,11/2022,116,61,"52,59",42,19,"68,85",55,"47,41",4,51,"43,97"
430190,BARRA DO RIBEIRO,RS,09/2022,120,35,"29,17",17,18,"48,57",85,"70,83",33,52,"43,33"
430190,BARRA DO RIBEIRO,RS,07/2022,104,0,"0,00",0,0,,104,"100,00",61,43,"41,35"
430192,BARRA DO RIO AZUL,RS,07/2022,1,1,"100,00",1,0,"100,00",0,"0,00",0,0,"0,00"
430192,BARRA DO RIO AZUL,RS,09/2022,2,2,"100,00",2,0,"100,00",0,"0,00",0,0,"0,00"
430192,BARRA DO RIO AZUL,RS,11/2022,2,2,"100,00",2,0,"100,00",0,"0,00",0,0,"0,00"
430195,BARRA FUNDA,RS,11/2022,2,1,"50,00",1,0,"100,00",1,"50,00",1,0,"0,00"
430195,BARRA FUNDA,RS,07/2022,1,1,"100,00",1,0,"100,00",0,"0,00",0,0,"0,00"
430195,BARRA FUNDA,RS,09/2022,3,2,"66,67",2,0,"100,00",1,"33,33",1,0,"0,00"
430200,BARROS CASSAL,RS,09/2022,111,84,"75,68",82,2,"97,62",27,"24,32",3,24,"21,62"
430200,BARROS CASSAL,RS,07/2022,106,80,"75,47",79,1,"98,75",26,"24,53",3,23,"21,70"
430200,BARROS CASSAL,RS,11/2022,109,85,"77,98",85,0,"100,00",24,"22,02",2,22,"20,18"
430205,BENJAMIN CONSTANT DO SUL,RS,11/2022,40,34,"85,00",28,6,"82,35",6,"15,00",1,5,"12,50"
430205,BENJAMIN CONSTANT DO SUL,RS,07/2022,49,47,"95,92",46,1,"97,87",2,"4,08",0,2,"4,08"
430205,BENJAMIN CONSTANT DO SUL,RS,09/2022,46,42,"91,30",32,10,"76,19",4,"8,70",1,3,"6,52"
430210,BENTO GONÇALVES,RS,09/2022,232,133,"57,33",91,42,"68,42",99,"42,67",1,98,"42,24"
430210,BENTO GONÇALVES,RS,07/2022,219,118,"53,88",83,35,"70,34",101,"46,12",2,99,"45,21"
430210,BENTO GONÇALVES,RS,11/2022,236,138,"58,47",93,45,"67,39",98,"41,53",2,96,"40,68"
430215,BOA VISTA DAS MISSÕES,RS,11/2022,17,13,"76,47",10,3,"76,92",4,"23,53",1,3,"17,65"
430215,BOA VISTA DAS MISSÕES,RS,07/2022,11,9,"81,82",7,2,"77,78",2,"18,18",0,2,"18,18"
430215,BOA VISTA DAS MISSÕES,RS,09/2022,15,11,"73,33",8,3,"72,73",4,"26,67",0,4,"26,67"
430220,BOA VISTA DO BURICÁ,RS,09/2022,15,12,"80,00",10,2,"83,33",3,"20,00",1,2,"13,33"
430220,BOA VISTA DO BURICÁ,RS,07/2022,14,12,"85,71",11,1,"91,67",2,"14,29",0,2,"14,29"
430220,BOA VISTA DO BURICÁ,RS,11/2022,14,12,"85,71",9,3,"75,00",2,"14,29",0,2,"14,29"
430222,BOA VISTA DO CADEADO,RS,11/2022,13,10,"76,92",9,1,"90,00",3,"23,08",2,1,"7,69"
430222,BOA VISTA DO CADEADO,RS,07/2022,13,8,"61,54",6,2,"75,00",5,"38,46",0,5,"38,46"
430222,BOA VISTA DO CADEADO,RS,09/2022,15,11,"73,33",7,4,"63,64",4,"26,67",1,3,"20,00"
430223,BOA VISTA DO INCRA,RS,07/2022,15,11,"73,33",11,0,"100,00",4,"26,67",1,3,"20,00"
430223,BOA VISTA DO INCRA,RS,09/2022,19,16,"84,21",16,0,"100,00",3,"15,79",0,3,"15,79"
430223,BOA VISTA DO INCRA,RS,11/2022,23,19,"82,61",19,0,"100,00",4,"17,39",0,4,"17,39"
430225,BOA VISTA DO SUL,RS,11/2022,5,3,"60,00",2,1,"66,67",2,"40,00",0,2,"40,00"
430225,BOA VISTA DO SUL,RS,09/2022,3,2,"66,67",2,0,"100,00",1,"33,33",0,1,"33,33"
430225,BOA VISTA DO SUL,RS,07/2022,3,2,"66,67",2,0,"100,00",1,"33,33",0,1,"33,33"
430230,BOM JESUS,RS,09/2022,215,197,"91,63",197,0,"100,00",18,"8,37",2,16,"7,44"
430230,BOM JESUS,RS,07/2022,197,181,"91,88",181,0,"100,00",16,"8,12",2,14,"7,11"
430230,BOM JESUS,RS,11/2022,201,182,"90,55",181,1,"99,45",19,"9,45",2,17,"8,46"
430235,BOM PRINCÍPIO,RS,11/2022,11,6,"54,55",5,1,"83,33",5,"45,45",1,4,"36,36"
430235,BOM PRINCÍPIO,RS,07/2022,16,7,"43,75",7,0,"100,00",9,"56,25",1,8,"50,00"
430235,BOM PRINCÍPIO,RS,09/2022,14,6,"42,86",5,1,"83,33",8,"57,14",1,7,"50,00"
430237,BOM PROGRESSO,RS,07/2022,30,0,"0,00",0,0,,30,"100,00",26,4,"13,33"
430237,BOM PROGRESSO,RS,09/2022,35,30,"85,71",18,12,"60,00",5,"14,29",1,4,"11,43"
430237,BOM PROGRESSO,RS,11/2022,29,0,"0,00",0,0,,29,"100,00",26,3,"10,34"
430240,BOM RETIRO DO SUL,RS,11/2022,52,1,"1,92",1,0,"100,00",51,"98,08",36,15,"28,85"
430240,BOM RETIRO DO SUL,RS,09/2022,58,16,"27,59",16,0,"100,00",42,"72,41",31,11,"18,97"
430240,BOM RETIRO DO SUL,RS,07/2022,50,0,"0,00",0,0,,50,"100,00",42,8,"16,00"
430245,BOQUEIRÃO DO LEÃO,RS,09/2022,92,74,"80,43",60,14,"81,08",18,"19,57",1,17,"18,48"
430245,BOQUEIRÃO DO LEÃO,RS,07/2022,86,70,"81,40",53,17,"75,71",16,"18,60",0,16,"18,60"
430245,BOQUEIRÃO DO LEÃO,RS,11/2022,89,76,"85,39",57,19,"75,00",13,"14,61",0,13,"14,61"
430250,BOSSOROCA,RS,11/2022,62,52,"83,87",47,5,"90,38",10,"16,13",0,10,"16,13"
430250,BOSSOROCA,RS,09/2022,58,10,"17,24",10,0,"100,00",48,"82,76",42,6,"10,34"
430250,BOSSOROCA,RS,07/2022,56,46,"82,14",37,9,"80,43",10,"17,86",5,5,"8,93"
430258,BOZANO,RS,09/2022,7,7,"100,00",7,0,"100,00",0,"0,00",0,0,"0,00"
430258,BOZANO,RS,07/2022,6,6,"100,00",6,0,"100,00",0,"0,00",0,0,"0,00"
430258,BOZANO,RS,11/2022,5,5,"100,00",5,0,"100,00",0,"0,00",0,0,"0,00"
430260,BRAGA,RS,11/2022,52,50,"96,15",35,15,"70,00",2,"3,85",0,2,"3,85"
430260,BRAGA,RS,07/2022,53,47,"88,68",38,9,"80,85",6,"11,32",1,5,"9,43"
430260,BRAGA,RS,09/2022,55,53,"96,36",38,15,"71,70",2,"3,64",1,1,"1,82"
430265,BROCHIER,RS,07/2022,14,11,"78,57",2,9,"18,18",3,"21,43",1,2,"14,29"
430265,BROCHIER,RS,09/2022,18,16,"88,89",8,8,"50,00",2,"11,11",1,1,"5,56"
430265,BROCHIER,RS,11/2022,17,17,"100,00",9,8,"52,94",0,"0,00",0,0,"0,00"
430270,BUTIÁ,RS,11/2022,253,192,"75,89",136,56,"70,83",61,"24,11",48,13,"5,14"
430270,BUTIÁ,RS,07/2022,242,149,"61,57",110,39,"73,83",93,"38,43",62,31,"12,81"
430270,BUTIÁ,RS,09/2022,261,178,"68,20",132,46,"74,16",83,"31,80",69,14,"5,36"
430280,CAÇAPAVA DO SUL,RS,09/2022,332,271,"81,63",265,6,"97,79",61,"18,37",1,60,"18,07"
430280,CAÇAPAVA DO SUL,RS,07/2022,314,230,"73,25",221,9,"96,09",84,"26,75",2,82,"26,11"
430280,CAÇAPAVA DO SUL,RS,11/2022,315,267,"84,76",244,23,"91,39",48,"15,24",0,48,"15,24"
430290,CACEQUI,RS,11/2022,168,104,"61,90",93,11,"89,42",64,"38,10",7,57,"33,93"
430290,CACEQUI,RS,07/2022,175,94,"53,71",91,3,"96,81",81,"46,29",27,54,"30,86"
430290,CACEQUI,RS,09/2022,184,106,"57,61",98,8,"92,45",78,"42,39",18,60,"32,61"
430300,CACHOEIRA DO SUL,RS,09/2022,822,753,"91,61",666,87,"88,45",69,"8,39",12,57,"6,93"
430300,CACHOEIRA DO SUL,RS,07/2022,778,718,"92,29",651,67,"90,67",60,"7,71",10,50,"6,43"
430300,CACHOEIRA DO SUL,RS,11/2022,776,729,"93,94",650,79,"89,16",47,"6,06",2,45,"5,80"
430310,CACHOEIRINHA,RS,11/2022,775,623,"80,39",513,110,"82,34",152,"19,61",3,149,"19,23"
430310,CACHOEIRINHA,RS,09/2022,757,535,"70,67",423,112,"79,07",222,"29,33",17,205,"27,08"
430310,CACHOEIRINHA,RS,07/2022,655,359,"54,81",291,68,"81,06",296,"45,19",7,289,"44,12"
430320,CACIQUE DOBLE,RS,09/2022,62,57,"91,94",43,14,"75,44",5,"8,06",1,4,"6,45"
430320,CACIQUE DOBLE,RS,07/2022,70,56,"80,00",42,14,"75,00",14,"20,00",8,6,"8,57"
430320,CACIQUE DOBLE,RS,11/2022,59,46,"77,97",43,3,"93,48",13,"22,03",8,5,"8,47"
430330,CAIBATÉ,RS,11/2022,25,25,"100,00",22,3,"88,00",0,"0,00",0,0,"0,00"
430330,CAIBATÉ,RS,07/2022,30,28,"93,33",23,5,"82,14",2,"6,67",2,0,"0,00"
430330,CAIBATÉ,RS,09/2022,29,29,"100,00",25,4,"86,21",0,"0,00",0,0,"0,00"
430340,CAIÇARA,RS,09/2022,36,25,"69,44",17,8,"68,00",11,"30,56",1,10,"27,78"
430340,CAIÇARA,RS,07/2022,34,22,"64,71",21,1,"95,45",12,"35,29",0,12,"35,29"
430340,CAIÇARA,RS,11/2022,32,23,"71,88",19,4,"82,61",9,"28,13",1,8,"25,00"
430350,CAMAQUÃ,RS,11/2022,600,427,"71,17",314,113,"73,54",173,"28,83",1,172,"28,67"
430350,CAMAQUÃ,RS,09/2022,597,430,"72,03",311,119,"72,33",167,"27,97",5,162,"27,14"
430350,CAMAQUÃ,RS,07/2022,589,297,"50,42",220,77,"74,07",292,"49,58",2,290,"49,24"
430355,CAMARGO,RS,07/2022,4,3,"75,00",2,1,"66,67",1,"25,00",0,1,"25,00"
430355,CAMARGO,RS,09/2022,5,4,"80,00",2,2,"50,00",1,"20,00",0,1,"20,00"
430355,CAMARGO,RS,11/2022,5,4,"80,00",2,2,"50,00",1,"20,00",0,1,"20,00"
430360,CAMBARÁ DO SUL,RS,11/2022,30,28,"93,33",17,11,"60,71",2,"6,67",0,2,"6,67"
430360,CAMBARÁ DO SUL,RS,07/2022,30,21,"70,00",18,3,"85,71",9,"30,00",5,4,"13,33"
430360,CAMBARÁ DO SUL,RS,09/2022,29,26,"89,66",18,8,"69,23",3,"10,34",0,3,"10,34"
430367,CAMPESTRE DA SERRA,RS,09/2022,15,1,"6,67",0,1,"0,00",14,"93,33",6,8,"53,33"
430367,CAMPESTRE DA SERRA,RS,07/2022,14,1,"7,14",1,0,"100,00",13,"92,86",5,8,"57,14"
430367,CAMPESTRE DA SERRA,RS,11/2022,15,3,"20,00",3,0,"100,00",12,"80,00",0,12,"80,00"
430370,CAMPINA DAS MISSÕES,RS,11/2022,14,13,"92,86",11,2,"84,62",1,"7,14",0,1,"7,14"
430370,CAMPINA DAS MISSÕES,RS,09/2022,15,15,"100,00",13,2,"86,67",0,"0,00",0,0,"0,00"
430370,CAMPINA DAS MISSÕES,RS,07/2022,12,12,"100,00",10,2,"83,33",0,"0,00",0,0,"0,00"
430380,CAMPINAS DO SUL,RS,07/2022,18,1,"5,56",1,0,"100,00",17,"94,44",10,7,"38,89"
430380,CAMPINAS DO SUL,RS,09/2022,23,0,"0,00",0,0,,23,"100,00",15,8,"34,78"
430380,CAMPINAS DO SUL,RS,11/2022,21,6,"28,57",6,0,"100,00",15,"71,43",8,7,"33,33"
430390,CAMPO BOM,RS,11/2022,131,109,"83,21",85,24,"77,98",22,"16,79",0,22,"16,79"
430390,CAMPO BOM,RS,07/2022,132,106,"80,30",80,26,"75,47",26,"19,70",2,24,"18,18"
430390,CAMPO BOM,RS,09/2022,136,117,"86,03",76,41,"64,96",19,"13,97",3,16,"11,76"
430400,CAMPO NOVO,RS,09/2022,35,27,"77,14",16,11,"59,26",8,"22,86",0,8,"22,86"
430400,CAMPO NOVO,RS,07/2022,33,25,"75,76",16,9,"64,00",8,"24,24",1,7,"21,21"
430400,CAMPO NOVO,RS,11/2022,38,27,"71,05",19,8,"70,37",11,"28,95",1,10,"26,32"
430410,CAMPOS BORGES,RS,11/2022,36,28,"77,78",28,0,"100,00",8,"22,22",1,7,"19,44"
430410,CAMPOS BORGES,RS,09/2022,35,28,"80,00",28,0,"100,00",7,"20,00",0,7,"20,00"
430410,CAMPOS BORGES,RS,07/2022,28,23,"82,14",23,0,"100,00",5,"17,86",0,5,"17,86"
430420,CANDELÁRIA,RS,09/2022,197,147,"74,62",118,29,"80,27",50,"25,38",21,29,"14,72"
430420,CANDELÁRIA,RS,07/2022,200,192,"96,00",141,51,"73,44",8,"4,00",2,6,"3,00"
430420,CANDELÁRIA,RS,11/2022,206,200,"97,09",142,58,"71,00",6,"2,91",1,5,"2,43"
430430,CÂNDIDO GODÓI,RS,11/2022,23,23,"100,00",19,4,"82,61",0,"0,00",0,0,"0,00"
430430,CÂNDIDO GODÓI,RS,09/2022,24,23,"95,83",20,3,"86,96",1,"4,17",1,0,"0,00"
430430,CÂNDIDO GODÓI,RS,07/2022,24,23,"95,83",20,3,"86,96",1,"4,17",0,1,"4,17"
430435,CANDIOTA,RS,09/2022,136,85,"62,50",63,22,"74,12",51,"37,50",3,48,"35,29"
430435,CANDIOTA,RS,07/2022,124,72,"58,06",56,16,"77,78",52,"41,94",4,48,"38,71"
430435,CANDIOTA,RS,11/2022,137,97,"70,80",97,0,"100,00",40,"29,20",0,40,"29,20"
430440,CANELA,RS,11/2022,330,302,"91,52",154,148,"50,99",28,"8,48",6,22,"6,67"
430440,CANELA,RS,07/2022,275,254,"92,36",130,124,"51,18",21,"7,64",6,15,"5,45"
430440,CANELA,RS,09/2022,316,232,"73,42",148,84,"63,79",84,"26,58",5,79,"25,00"
430450,CANGUÇU,RS,07/2022,508,396,"77,95",319,77,"80,56",112,"22,05",7,105,"20,67"
430450,CANGUÇU,RS,09/2022,532,474,"89,10",394,80,"83,12",58,"10,90",8,50,"9,40"
430450,CANGUÇU,RS,11/2022,528,472,"89,39",385,87,"81,57",56,"10,61",7,49,"9,28"
430460,CANOAS,RS,11/2022,2801,1852,"66,12",1815,37,"98,00",949,"33,88",22,927,"33,10"
430460,CANOAS,RS,09/2022,2789,1805,"64,72",1751,54,"97,01",984,"35,28",22,962,"34,49"
430460,CANOAS,RS,07/2022,2479,1622,"65,43",1595,27,"98,34",857,"34,57",45,812,"32,76"
430461,CANUDOS DO VALE,RS,07/2022,2,2,"100,00",2,0,"100,00",0,"0,00",0,0,"0,00"
430461,CANUDOS DO VALE,RS,09/2022,2,2,"100,00",2,0,"100,00",0,"0,00",0,0,"0,00"
430461,CANUDOS DO VALE,RS,11/2022,6,6,"100,00",6,0,"100,00",0,"0,00",0,0,"0,00"
430462,CAPÃO BONITO DO SUL,RS,11/2022,7,7,"100,00",6,1,"85,71",0,"0,00",0,0,"0,00"
430462,CAPÃO BONITO DO SUL,RS,07/2022,7,7,"100,00",7,0,"100,00",0,"0,00",0,0,"0,00"
430462,CAPÃO BONITO DO SUL,RS,09/2022,7,7,"100,00",6,1,"85,71",0,"0,00",0,0,"0,00"
430463,CAPÃO DA CANOA,RS,07/2022,462,371,"80,30",371,0,"100,00",91,"19,70",1,90,"19,48"
430463,CAPÃO DA CANOA,RS,09/2022,532,422,"79,32",422,0,"100,00",110,"20,68",0,110,"20,68"
430463,CAPÃO DA CANOA,RS,11/2022,527,420,"79,70",420,0,"100,00",107,"20,30",1,106,"20,11"
430465,CAPÃO DO CIPÓ,RS,11/2022,33,28,"84,85",26,2,"92,86",5,"15,15",0,5,"15,15"
430465,CAPÃO DO CIPÓ,RS,07/2022,37,28,"75,68",27,1,"96,43",9,"24,32",1,8,"21,62"
430465,CAPÃO DO CIPÓ,RS,09/2022,33,26,"78,79",24,2,"92,31",7,"21,21",1,6,"18,18"
430466,CAPÃO DO LEÃO,RS,09/2022,367,232,"63,22",192,40,"82,76",135,"36,78",11,124,"33,79"
430466,CAPÃO DO LEÃO,RS,07/2022,337,238,"70,62",218,20,"91,60",99,"29,38",10,89,"26,41"
430466,CAPÃO DO LEÃO,RS,11/2022,354,250,"70,62",208,42,"83,20",104,"29,38",3,101,"28,53"
430467,CAPIVARI DO SUL,RS,11/2022,44,31,"70,45",24,7,"77,42",13,"29,55",4,9,"20,45"
430467,CAPIVARI DO SUL,RS,07/2022,34,5,"14,71",5,0,"100,00",29,"85,29",27,2,"5,88"
430467,CAPIVARI DO SUL,RS,09/2022,46,29,"63,04",26,3,"89,66",17,"36,96",8,9,"19,57"
430468,CAPELA DE SANTANA,RS,07/2022,127,110,"86,61",110,0,"100,00",17,"13,39",1,16,"12,60"
430468,CAPELA DE SANTANA,RS,09/2022,137,119,"86,86",119,0,"100,00",18,"13,14",0,18,"13,14"
430468,CAPELA DE SANTANA,RS,11/2022,133,110,"82,71",109,1,"99,09",23,"17,29",2,21,"15,79"
430469,CAPITÃO,RS,11/2022,3,3,"100,00",2,1,"66,67",0,"0,00",0,0,"0,00"
430469,CAPITÃO,RS,07/2022,2,2,"100,00",2,0,"100,00",0,"0,00",0,0,"0,00"
430469,CAPITÃO,RS,09/2022,2,0,"0,00",0,0,,2,"100,00",2,0,"0,00"
430470,CARAZINHO,RS,07/2022,306,262,"85,62",163,99,"62,21",44,"14,38",7,37,"12,09"
430470,CARAZINHO,RS,09/2022,320,275,"85,94",164,111,"59,64",45,"14,06",8,37,"11,56"
430470,CARAZINHO,RS,11/2022,316,270,"85,44",181,89,"67,04",46,"14,56",4,42,"13,29"
430471,CARAÁ,RS,11/2022,66,62,"93,94",50,12,"80,65",4,"6,06",0,4,"6,06"
430471,CARAÁ,RS,07/2022,62,51,"82,26",40,11,"78,43",11,"17,74",0,11,"17,74"
430471,CARAÁ,RS,09/2022,66,62,"93,94",50,12,"80,65",4,"6,06",2,2,"3,03"
430480,CARLOS BARBOSA,RS,07/2022,11,4,"36,36",4,0,"100,00",7,"63,64",6,1,"9,09"
430480,CARLOS BARBOSA,RS,09/2022,13,1,"7,69",0,1,"0,00",12,"92,31",11,1,"7,69"
430480,CARLOS BARBOSA,RS,11/2022,21,15,"71,43",11,4,"73,33",6,"28,57",5,1,"4,76"
430485,CARLOS GOMES,RS,11/2022,9,8,"88,89",8,0,"100,00",1,"11,11",0,1,"11,11"
430485,CARLOS GOMES,RS,07/2022,9,8,"88,89",8,0,"100,00",1,"11,11",0,1,"11,11"
430485,CARLOS GOMES,RS,09/2022,9,8,"88,89",8,0,"100,00",1,"11,11",0,1,"11,11"
430490,CASCA,RS,09/2022,15,10,"66,67",9,1,"90,00",5,"33,33",4,1,"6,67"
430490,CASCA,RS,07/2022,11,10,"90,91",8,2,"80,00",1,"9,09",1,0,"0,00"
430490,CASCA,RS,11/2022,14,11,"78,57",11,0,"100,00",3,"21,43",2,1,"7,14"
430495,CASEIROS,RS,11/2022,17,13,"76,47",10,3,"76,92",4,"23,53",0,4,"23,53"
430495,CASEIROS,RS,09/2022,19,14,"73,68",9,5,"64,29",5,"26,32",1,4,"21,05"
430495,CASEIROS,RS,07/2022,14,12,"85,71",9,3,"75,00",2,"14,29",0,2,"14,29"
430500,CATUÍPE,RS,09/2022,72,35,"48,61",25,10,"71,43",37,"51,39",1,36,"50,00"
430500,CATUÍPE,RS,07/2022,67,26,"38,81",20,6,"76,92",41,"61,19",5,36,"53,73"
430500,CATUÍPE,RS,11/2022,61,46,"75,41",46,0,"100,00",15,"24,59",1,14,"22,95"
430510,CAXIAS DO SUL,RS,11/2022,1672,1057,"63,22",719,338,"68,02",615,"36,78",384,231,"13,82"
430510,CAXIAS DO SUL,RS,07/2022,1493,969,"64,90",661,308,"68,21",524,"35,10",316,208,"13,93"
430510,CAXIAS DO SUL,RS,09/2022,1700,1192,"70,12",831,361,"69,71",508,"29,88",318,190,"11,18"
430511,CENTENÁRIO,RS,09/2022,7,6,"85,71",5,1,"83,33",1,"14,29",0,1,"14,29"
430511,CENTENÁRIO,RS,07/2022,8,7,"87,50",6,1,"85,71",1,"12,50",0,1,"12,50"
430511,CENTENÁRIO,RS,11/2022,7,6,"85,71",6,0,"100,00",1,"14,29",0,1,"14,29"
430512,CERRITO,RS,11/2022,60,58,"96,67",50,8,"86,21",2,"3,33",1,1,"1,67"
430512,CERRITO,RS,07/2022,51,47,"92,16",39,8,"82,98",4,"7,84",2,2,"3,92"
430512,CERRITO,RS,09/2022,56,53,"94,64",45,8,"84,91",3,"5,36",2,1,"1,79"
430513,CERRO BRANCO,RS,09/2022,51,49,"96,08",49,0,"100,00",2,"3,92",0,2,"3,92"
430513,CERRO BRANCO,RS,07/2022,45,43,"95,56",43,0,"100,00",2,"4,44",0,2,"4,44"
430513,CERRO BRANCO,RS,11/2022,51,45,"88,24",45,0,"100,00",6,"11,76",0,6,"11,76"
430515,CERRO GRANDE,RS,11/2022,25,15,"60,00",12,3,"80,00",10,"40,00",6,4,"16,00"
430515,CERRO GRANDE,RS,07/2022,28,18,"64,29",17,1,"94,44",10,"35,71",0,10,"35,71"
430515,CERRO GRANDE,RS,09/2022,21,17,"80,95",15,2,"88,24",4,"19,05",0,4,"19,05"
430517,CERRO GRANDE DO SUL,RS,09/2022,139,103,"74,10",71,32,"68,93",36,"25,90",1,35,"25,18"
430517,CERRO GRANDE DO SUL,RS,07/2022,130,95,"73,08",71,24,"74,74",35,"26,92",1,34,"26,15"
430517,CERRO GRANDE DO SUL,RS,11/2022,144,109,"75,69",71,38,"65,14",35,"24,31",1,34,"23,61"
430520,CERRO LARGO,RS,11/2022,50,42,"84,00",32,10,"76,19",8,"16,00",2,6,"12,00"
430520,CERRO LARGO,RS,09/2022,46,40,"86,96",25,15,"62,50",6,"13,04",1,5,"10,87"
430520,CERRO LARGO,RS,07/2022,50,41,"82,00",24,17,"58,54",9,"18,00",1,8,"16,00"
430530,CHAPADA,RS,09/2022,26,14,"53,85",10,4,"71,43",12,"46,15",2,10,"38,46"
430530,CHAPADA,RS,07/2022,27,10,"37,04",9,1,"90,00",17,"62,96",4,13,"48,15"
430530,CHAPADA,RS,11/2022,28,19,"67,86",14,5,"73,68",9,"32,14",3,6,"21,43"
430535,CHARQUEADAS,RS,11/2022,290,231,"79,66",175,56,"75,76",59,"20,34",0,59,"20,34"
430535,CHARQUEADAS,RS,07/2022,268,198,"73,88",165,33,"83,33",70,"26,12",1,69,"25,75"
430535,CHARQUEADAS,RS,09/2022,285,200,"70,18",166,34,"83,00",85,"29,82",9,76,"26,67"
430537,CHARRUA,RS,09/2022,61,53,"86,89",46,7,"86,79",8,"13,11",2,6,"9,84"
430537,CHARRUA,RS,07/2022,58,50,"86,21",45,5,"90,00",8,"13,79",2,6,"10,34"
430537,CHARRUA,RS,11/2022,55,50,"90,91",42,8,"84,00",5,"9,09",1,4,"7,27"
430540,CHIAPETTA,RS,11/2022,29,24,"82,76",21,3,"87,50",5,"17,24",2,3,"10,34"
430540,CHIAPETTA,RS,09/2022,30,18,"60,00",16,2,"88,89",12,"40,00",1,11,"36,67"
430540,CHIAPETTA,RS,07/2022,27,16,"59,26",14,2,"87,50",11,"40,74",0,11,"40,74"
430543,CHUÍ,RS,09/2022,48,34,"70,83",25,9,"73,53",14,"29,17",0,14,"29,17"
430543,CHUÍ,RS,07/2022,50,33,"66,00",26,7,"78,79",17,"34,00",4,13,"26,00"
430543,CHUÍ,RS,11/2022,48,32,"66,67",28,4,"87,50",16,"33,33",0,16,"33,33"
430544,CHUVISCA,RS,11/2022,67,56,"83,58",49,7,"87,50",11,"16,42",1,10,"14,93"
430544,CHUVISCA,RS,07/2022,57,51,"89,47",44,7,"86,27",6,"10,53",0,6,"10,53"
430544,CHUVISCA,RS,09/2022,64,57,"89,06",50,7,"87,72",7,"10,94",0,7,"10,94"
430545,CIDREIRA,RS,09/2022,198,45,"22,73",33,12,"73,33",153,"77,27",70,83,"41,92"
430545,CIDREIRA,RS,07/2022,181,104,"57,46",87,17,"83,65",77,"42,54",8,69,"38,12"
430545,CIDREIRA,RS,11/2022,195,111,"56,92",96,15,"86,49",84,"43,08",4,80,"41,03"
430550,CIRÍACO,RS,11/2022,23,18,"78,26",15,3,"83,33",5,"21,74",3,2,"8,70"
430550,CIRÍACO,RS,09/2022,22,20,"90,91",15,5,"75,00",2,"9,09",0,2,"9,09"
430550,CIRÍACO,RS,07/2022,20,6,"30,00",6,0,"100,00",14,"70,00",13,1,"5,00"
430558,COLINAS,RS,09/2022,7,1,"14,29",1,0,"100,00",6,"85,71",6,0,"0,00"
430558,COLINAS,RS,07/2022,6,1,"16,67",1,0,"100,00",5,"83,33",5,0,"0,00"
430558,COLINAS,RS,11/2022,6,0,"0,00",0,0,,6,"100,00",6,0,"0,00"
430560,COLORADO,RS,11/2022,9,8,"88,89",4,4,"50,00",1,"11,11",0,1,"11,11"
430560,COLORADO,RS,07/2022,10,8,"80,00",6,2,"75,00",2,"20,00",0,2,"20,00"
430560,COLORADO,RS,09/2022,10,9,"90,00",5,4,"55,56",1,"10,00",0,1,"10,00"
430570,CONDOR,RS,09/2022,51,45,"88,24",36,9,"80,00",6,"11,76",2,4,"7,84"
430570,CONDOR,RS,07/2022,45,40,"88,89",33,7,"82,50",5,"11,11",0,5,"11,11"
430570,CONDOR,RS,11/2022,48,44,"91,67",28,16,"63,64",4,"8,33",0,4,"8,33"
430580,CONSTANTINA,RS,11/2022,53,45,"84,91",30,15,"66,67",8,"15,09",1,7,"13,21"
430580,CONSTANTINA,RS,07/2022,57,46,"80,70",29,17,"63,04",11,"19,30",2,9,"15,79"
430580,CONSTANTINA,RS,09/2022,58,49,"84,48",31,18,"63,27",9,"15,52",0,9,"15,52"
430583,COQUEIRO BAIXO,RS,09/2022,0,0,,0,0,,0,,0,0,
430583,COQUEIRO BAIXO,RS,07/2022,0,0,,0,0,,0,,0,0,
430583,COQUEIRO BAIXO,RS,11/2022,0,0,,0,0,,0,,0,0,
430585,COQUEIROS DO SUL,RS,11/2022,9,7,"77,78",4,3,"57,14",2,"22,22",0,2,"22,22"
430585,COQUEIROS DO SUL,RS,09/2022,8,7,"87,50",4,3,"57,14",1,"12,50",0,1,"12,50"
430585,COQUEIROS DO SUL,RS,07/2022,9,9,"100,00",6,3,"66,67",0,"0,00",0,0,"0,00"
430587,CORONEL BARROS,RS,07/2022,9,7,"77,78",5,2,"71,43",2,"22,22",0,2,"22,22"
430587,CORONEL BARROS,RS,09/2022,10,8,"80,00",4,4,"50,00",2,"20,00",0,2,"20,00"
430587,CORONEL BARROS,RS,11/2022,10,9,"90,00",6,3,"66,67",1,"10,00",0,1,"10,00"
430590,CORONEL BICACO,RS,11/2022,102,47,"46,08",38,9,"80,85",55,"53,92",2,53,"51,96"
430590,CORONEL BICACO,RS,07/2022,106,0,"0,00",0,0,,106,"100,00",95,11,"10,38"
430590,CORONEL BICACO,RS,09/2022,110,49,"44,55",35,14,"71,43",61,"55,45",7,54,"49,09"
430593,CORONEL PILAR,RS,09/2022,1,1,"100,00",0,1,"0,00",0,"0,00",0,0,"0,00"
430593,CORONEL PILAR,RS,07/2022,1,1,"100,00",0,1,"0,00",0,"0,00",0,0,"0,00"
430593,CORONEL PILAR,RS,11/2022,2,1,"50,00",0,1,"0,00",1,"50,00",0,1,"50,00"
430595,COTIPORÃ,RS,11/2022,4,4,"100,00",1,3,"25,00",0,"0,00",0,0,"0,00"
430595,COTIPORÃ,RS,07/2022,4,4,"100,00",2,2,"50,00",0,"0,00",0,0,"0,00"
430595,COTIPORÃ,RS,09/2022,4,4,"100,00",2,2,"50,00",0,"0,00",0,0,"0,00"
430597,COXILHA,RS,07/2022,8,6,"75,00",5,1,"83,33",2,"25,00",0,2,"25,00"
430597,COXILHA,RS,09/2022,8,6,"75,00",5,1,"83,33",2,"25,00",0,2,"25,00"
430597,COXILHA,RS,11/2022,10,8,"80,00",7,1,"87,50",2,"20,00",0,2,"20,00"
430600,CRISSIUMAL,RS,11/2022,37,37,"100,00",32,5,"86,49",0,"0,00",0,0,"0,00"
430600,CRISSIUMAL,RS,09/2022,47,44,"93,62",34,10,"77,27",3,"6,38",1,2,"4,26"
430600,CRISSIUMAL,RS,07/2022,41,37,"90,24",33,4,"89,19",4,"9,76",0,4,"9,76"
430605,CRISTAL,RS,09/2022,85,74,"87,06",48,26,"64,86",11,"12,94",0,11,"12,94"
430605,CRISTAL,RS,07/2022,76,51,"67,11",35,16,"68,63",25,"32,89",9,16,"21,05"
430605,CRISTAL,RS,11/2022,86,76,"88,37",55,21,"72,37",10,"11,63",0,10,"11,63"
430607,CRISTAL DO SUL,RS,11/2022,36,30,"83,33",30,0,"100,00",6,"16,67",1,5,"13,89"
430607,CRISTAL DO SUL,RS,07/2022,33,27,"81,82",27,0,"100,00",6,"18,18",1,5,"15,15"
430607,CRISTAL DO SUL,RS,09/2022,35,28,"80,00",28,0,"100,00",7,"20,00",0,7,"20,00"
430610,CRUZ ALTA,RS,09/2022,323,225,"69,66",157,68,"69,78",98,"30,34",10,88,"27,24"
430610,CRUZ ALTA,RS,07/2022,293,193,"65,87",145,48,"75,13",100,"34,13",17,83,"28,33"
430610,CRUZ ALTA,RS,11/2022,340,249,"73,24",179,70,"71,89",91,"26,76",30,61,"17,94"
430613,CRUZALTENSE,RS,11/2022,2,2,"100,00",2,0,"100,00",0,"0,00",0,0,"0,00"
430613,CRUZALTENSE,RS,09/2022,2,1,"50,00",1,0,"100,00",1,"50,00",1,0,"0,00"
430613,CRUZALTENSE,RS,07/2022,2,1,"50,00",1,0,"100,00",1,"50,00",1,0,"0,00"
430620,CRUZEIRO DO SUL,RS,07/2022,40,31,"77,50",23,8,"74,19",9,"22,50",3,6,"15,00"
430620,CRUZEIRO DO SUL,RS,09/2022,40,28,"70,00",19,9,"67,86",12,"30,00",5,7,"17,50"
430620,CRUZEIRO DO SUL,RS,11/2022,41,27,"65,85",19,8,"70,37",14,"34,15",6,8,"19,51"
430630,DAVID CANABARRO,RS,11/2022,2,2,"100,00",2,0,"100,00",0,"0,00",0,0,"0,00"
430630,DAVID CANABARRO,RS,09/2022,2,2,"100,00",2,0,"100,00",0,"0,00",0,0,"0,00"
430630,DAVID CANABARRO,RS,07/2022,3,3,"100,00",3,0,"100,00",0,"0,00",0,0,"0,00"
430632,DERRUBADAS,RS,09/2022,17,14,"82,35",11,3,"78,57",3,"17,65",0,3,"17,65"
430632,DERRUBADAS,RS,07/2022,19,15,"78,95",11,4,"73,33",4,"21,05",0,4,"21,05"
430632,DERRUBADAS,RS,11/2022,13,12,"92,31",9,3,"75,00",1,"7,69",0,1,"7,69"
430635,DEZESSEIS DE NOVEMBRO,RS,11/2022,35,33,"94,29",27,6,"81,82",2,"5,71",0,2,"5,71"
430635,DEZESSEIS DE NOVEMBRO,RS,09/2022,33,31,"93,94",26,5,"83,87",2,"6,06",1,1,"3,03"
430635,DEZESSEIS DE NOVEMBRO,RS,07/2022,35,32,"91,43",29,3,"90,63",3,"8,57",1,2,"5,71"
430637,DILERMANDO DE AGUIAR,RS,07/2022,37,0,"0,00",0,0,,37,"100,00",30,7,"18,92"
430637,DILERMANDO DE AGUIAR,RS,09/2022,36,0,"0,00",0,0,,36,"100,00",28,8,"22,22"
430637,DILERMANDO DE AGUIAR,RS,11/2022,36,0,"0,00",0,0,,36,"100,00",28,8,"22,22"
430640,DOIS IRMÃOS,RS,11/2022,61,42,"68,85",30,12,"71,43",19,"31,15",0,19,"31,15"
430640,DOIS IRMÃOS,RS,09/2022,62,40,"64,52",28,12,"70,00",22,"35,48",0,22,"35,48"
430640,DOIS IRMÃOS,RS,07/2022,53,36,"67,92",30,6,"83,33",17,"32,08",1,16,"30,19"
430642,DOIS IRMÃOS DAS MISSÕES,RS,09/2022,17,16,"94,12",16,0,"100,00",1,"5,88",0,1,"5,88"
430642,DOIS IRMÃOS DAS MISSÕES,RS,07/2022,18,17,"94,44",17,0,"100,00",1,"5,56",0,1,"5,56"
430642,DOIS IRMÃOS DAS MISSÕES,RS,11/2022,17,16,"94,12",16,0,"100,00",1,"5,88",0,1,"5,88"
430645,DOIS LAJEADOS,RS,11/2022,7,3,"42,86",3,0,"100,00",4,"57,14",0,4,"57,14"
430645,DOIS LAJEADOS,RS,07/2022,6,3,"50,00",3,0,"100,00",3,"50,00",0,3,"50,00"
430645,DOIS LAJEADOS,RS,09/2022,6,3,"50,00",2,1,"66,67",3,"50,00",0,3,"50,00"
430650,DOM FELICIANO,RS,09/2022,180,149,"82,78",111,38,"74,50",31,"17,22",2,29,"16,11"
430650,DOM FELICIANO,RS,07/2022,181,112,"61,88",85,27,"75,89",69,"38,12",42,27,"14,92"
430650,DOM FELICIANO,RS,11/2022,169,146,"86,39",107,39,"73,29",23,"13,61",1,22,"13,02"
430655,DOM PEDRO DE ALCÂNTARA,RS,11/2022,8,7,"87,50",4,3,"57,14",1,"12,50",0,1,"12,50"
430655,DOM PEDRO DE ALCÂNTARA,RS,07/2022,13,8,"61,54",3,5,"37,50",5,"38,46",2,3,"23,08"
430655,DOM PEDRO DE ALCÂNTARA,RS,09/2022,12,9,"75,00",4,5,"44,44",3,"25,00",0,3,"25,00"
430660,DOM PEDRITO,RS,07/2022,350,266,"76,00",217,49,"81,58",84,"24,00",4,80,"22,86"
430660,DOM PEDRITO,RS,09/2022,371,279,"75,20",227,52,"81,36",92,"24,80",3,89,"23,99"
430660,DOM PEDRITO,RS,11/2022,372,282,"75,81",234,48,"82,98",90,"24,19",0,90,"24,19"
430670,DONA FRANCISCA,RS,11/2022,27,24,"88,89",17,7,"70,83",3,"11,11",1,2,"7,41"
430670,DONA FRANCISCA,RS,09/2022,28,26,"92,86",22,4,"84,62",2,"7,14",0,2,"7,14"
430670,DONA FRANCISCA,RS,07/2022,33,0,"0,00",0,0,,33,"100,00",29,4,"12,12"
430673,DOUTOR MAURÍCIO CARDOSO,RS,09/2022,23,15,"65,22",14,1,"93,33",8,"34,78",0,8,"34,78"
430673,DOUTOR MAURÍCIO CARDOSO,RS,07/2022,17,14,"82,35",14,0,"100,00",3,"17,65",0,3,"17,65"
430673,DOUTOR MAURÍCIO CARDOSO,RS,11/2022,22,14,"63,64",14,0,"100,00",8,"36,36",0,8,"36,36"
430675,DOUTOR RICARDO,RS,11/2022,4,4,"100,00",1,3,"25,00",0,"0,00",0,0,"0,00"
430675,DOUTOR RICARDO,RS,07/2022,5,1,"20,00",1,0,"100,00",4,"80,00",4,0,"0,00"
430675,DOUTOR RICARDO,RS,09/2022,6,5,"83,33",3,2,"60,00",1,"16,67",1,0,"0,00"
430676,ELDORADO DO SUL,RS,09/2022,409,239,"58,44",202,37,"84,52",170,"41,56",5,165,"40,34"
430676,ELDORADO DO SUL,RS,07/2022,356,199,"55,90",167,32,"83,92",157,"44,10",8,149,"41,85"
430676,ELDORADO DO SUL,RS,11/2022,389,257,"66,07",222,35,"86,38",132,"33,93",3,129,"33,16"
430680,ENCANTADO,RS,11/2022,62,31,"50,00",19,12,"61,29",31,"50,00",8,23,"37,10"
430680,ENCANTADO,RS,09/2022,55,17,"30,91",11,6,"64,71",38,"69,09",14,24,"43,64"
430680,ENCANTADO,RS,07/2022,51,17,"33,33",14,3,"82,35",34,"66,67",11,23,"45,10"
430690,ENCRUZILHADA DO SUL,RS,07/2022,291,164,"56,36",118,46,"71,95",127,"43,64",34,93,"31,96"
430690,ENCRUZILHADA DO SUL,RS,09/2022,302,133,"44,04",85,48,"63,91",169,"55,96",66,103,"34,11"
430690,ENCRUZILHADA DO SUL,RS,11/2022,287,176,"61,32",128,48,"72,73",111,"38,68",16,95,"33,10"
430692,ENGENHO VELHO,RS,11/2022,30,28,"93,33",20,8,"71,43",2,"6,67",2,0,"0,00"
430692,ENGENHO VELHO,RS,09/2022,30,30,"100,00",19,11,"63,33",0,"0,00",0,0,"0,00"
430692,ENGENHO VELHO,RS,07/2022,28,26,"92,86",15,11,"57,69",2,"7,14",2,0,"0,00"
430693,ENTRE-IJUÍS,RS,07/2022,41,32,"78,05",26,6,"81,25",9,"21,95",1,8,"19,51"
430693,ENTRE-IJUÍS,RS,09/2022,40,30,"75,00",22,8,"73,33",10,"25,00",3,7,"17,50"
430693,ENTRE-IJUÍS,RS,11/2022,37,34,"91,89",26,8,"76,47",3,"8,11",0,3,"8,11"
430695,ENTRE RIOS DO SUL,RS,11/2022,15,15,"100,00",15,0,"100,00",0,"0,00",0,0,"0,00"
430695,ENTRE RIOS DO SUL,RS,09/2022,19,19,"100,00",16,3,"84,21",0,"0,00",0,0,"0,00"
430695,ENTRE RIOS DO SUL,RS,07/2022,21,0,"0,00",0,0,,21,"100,00",16,5,"23,81"
430697,EREBANGO,RS,09/2022,38,18,"47,37",12,6,"66,67",20,"52,63",15,5,"13,16"
430697,EREBANGO,RS,07/2022,36,14,"38,89",14,0,"100,00",22,"61,11",15,7,"19,44"
430697,EREBANGO,RS,11/2022,29,21,"72,41",21,0,"100,00",8,"27,59",0,8,"27,59"
430700,ERECHIM,RS,11/2022,303,224,"73,93",154,70,"68,75",79,"26,07",18,61,"20,13"
430700,ERECHIM,RS,07/2022,249,145,"58,23",92,53,"63,45",104,"41,77",38,66,"26,51"
430700,ERECHIM,RS,09/2022,289,183,"63,32",115,68,"62,84",106,"36,68",20,86,"29,76"
430705,ERNESTINA,RS,07/2022,13,11,"84,62",10,1,"90,91",2,"15,38",1,1,"7,69"
430705,ERNESTINA,RS,09/2022,14,10,"71,43",10,0,"100,00",4,"28,57",3,1,"7,14"
430705,ERNESTINA,RS,11/2022,12,11,"91,67",10,1,"90,91",1,"8,33",1,0,"0,00"
430710,HERVAL,RS,11/2022,84,73,"86,90",62,11,"84,93",11,"13,10",4,7,"8,33"
430710,HERVAL,RS,09/2022,97,81,"83,51",70,11,"86,42",16,"16,49",9,7,"7,22"
430710,HERVAL,RS,07/2022,94,77,"81,91",77,0,"100,00",17,"18,09",8,9,"9,57"
430720,ERVAL GRANDE,RS,07/2022,49,36,"73,47",21,15,"58,33",13,"26,53",10,3,"6,12"
430720,ERVAL GRANDE,RS,09/2022,49,44,"89,80",23,21,"52,27",5,"10,20",4,1,"2,04"
430720,ERVAL GRANDE,RS,11/2022,46,40,"86,96",28,12,"70,00",6,"13,04",0,6,"13,04"
430730,ERVAL SECO,RS,11/2022,59,39,"66,10",39,0,"100,00",20,"33,90",3,17,"28,81"
430730,ERVAL SECO,RS,09/2022,62,22,"35,48",22,0,"100,00",40,"64,52",23,17,"27,42"
430730,ERVAL SECO,RS,07/2022,68,44,"64,71",44,0,"100,00",24,"35,29",3,21,"30,88"
430740,ESMERALDA,RS,09/2022,32,27,"84,38",19,8,"70,37",5,"15,63",0,5,"15,63"
430740,ESMERALDA,RS,07/2022,32,26,"81,25",20,6,"76,92",6,"18,75",0,6,"18,75"
430740,ESMERALDA,RS,11/2022,30,27,"90,00",20,7,"74,07",3,"10,00",1,2,"6,67"
430745,ESPERANÇA DO SUL,RS,11/2022,22,15,"68,18",10,5,"66,67",7,"31,82",0,7,"31,82"
430745,ESPERANÇA DO SUL,RS,07/2022,18,14,"77,78",9,5,"64,29",4,"22,22",1,3,"16,67"
430745,ESPERANÇA DO SUL,RS,09/2022,20,16,"80,00",11,5,"68,75",4,"20,00",1,3,"15,00"
430750,ESPUMOSO,RS,09/2022,100,79,"79,00",55,24,"69,62",21,"21,00",2,19,"19,00"
430750,ESPUMOSO,RS,07/2022,98,68,"69,39",50,18,"73,53",30,"30,61",3,27,"27,55"
430750,ESPUMOSO,RS,11/2022,102,81,"79,41",64,17,"79,01",21,"20,59",2,19,"18,63"
430755,ESTAÇÃO,RS,11/2022,22,17,"77,27",8,9,"47,06",5,"22,73",3,2,"9,09"
430755,ESTAÇÃO,RS,07/2022,20,16,"80,00",7,9,"43,75",4,"20,00",1,3,"15,00"
430755,ESTAÇÃO,RS,09/2022,23,20,"86,96",10,10,"50,00",3,"13,04",0,3,"13,04"
430760,ESTÂNCIA VELHA,RS,07/2022,167,83,"49,70",74,9,"89,16",84,"50,30",4,80,"47,90"
430760,ESTÂNCIA VELHA,RS,09/2022,176,67,"38,07",47,20,"70,15",109,"61,93",21,88,"50,00"
430760,ESTÂNCIA VELHA,RS,11/2022,175,76,"43,43",60,16,"78,95",99,"56,57",19,80,"45,71"
430770,ESTEIO,RS,11/2022,602,474,"78,74",351,123,"74,05",128,"21,26",7,121,"20,10"
430770,ESTEIO,RS,07/2022,563,425,"75,49",342,83,"80,47",138,"24,51",10,128,"22,74"
430770,ESTEIO,RS,09/2022,597,461,"77,22",367,94,"79,61",136,"22,78",10,126,"21,11"
430780,ESTRELA,RS,07/2022,110,76,"69,09",42,34,"55,26",34,"30,91",3,31,"28,18"
430780,ESTRELA,RS,09/2022,118,89,"75,42",50,39,"56,18",29,"24,58",4,25,"21,19"
430780,ESTRELA,RS,11/2022,119,87,"73,11",46,41,"52,87",32,"26,89",1,31,"26,05"
430781,ESTRELA VELHA,RS,11/2022,26,22,"84,62",22,0,"100,00",4,"15,38",1,3,"11,54"
430781,ESTRELA VELHA,RS,09/2022,25,20,"80,00",19,1,"95,00",5,"20,00",2,3,"12,00"
430781,ESTRELA VELHA,RS,07/2022,21,18,"85,71",17,1,"94,44",3,"14,29",0,3,"14,29"
430783,EUGÊNIO DE CASTRO,RS,07/2022,17,11,"64,71",10,1,"90,91",6,"35,29",0,6,"35,29"
430783,EUGÊNIO DE CASTRO,RS,09/2022,18,12,"66,67",8,4,"66,67",6,"33,33",0,6,"33,33"
430783,EUGÊNIO DE CASTRO,RS,11/2022,16,14,"87,50",12,2,"85,71",2,"12,50",0,2,"12,50"
430786,FAGUNDES VARELA,RS,11/2022,1,1,"100,00",0,1,"0,00",0,"0,00",0,0,"0,00"
430786,FAGUNDES VARELA,RS,09/2022,1,1,"100,00",1,0,"100,00",0,"0,00",0,0,"0,00"
430786,FAGUNDES VARELA,RS,07/2022,1,0,"0,00",0,0,,1,"100,00",1,0,"0,00"
430790,FARROUPILHA,RS,07/2022,238,53,"22,27",45,8,"84,91",185,"77,73",81,104,"43,70"
430790,FARROUPILHA,RS,09/2022,273,66,"24,18",61,5,"92,42",207,"75,82",91,116,"42,49"
430790,FARROUPILHA,RS,11/2022,280,36,"12,86",27,9,"75,00",244,"87,14",123,121,"43,21"
430800,FAXINAL DO SOTURNO,RS,11/2022,49,46,"93,88",28,18,"60,87",3,"6,12",0,3,"6,12"
430800,FAXINAL DO SOTURNO,RS,07/2022,54,48,"88,89",48,0,"100,00",6,"11,11",0,6,"11,11"
430800,FAXINAL DO SOTURNO,RS,09/2022,55,49,"89,09",49,0,"100,00",6,"10,91",0,6,"10,91"
430805,FAXINALZINHO,RS,07/2022,17,15,"88,24",11,4,"73,33",2,"11,76",1,1,"5,88"
430805,FAXINALZINHO,RS,09/2022,19,17,"89,47",12,5,"70,59",2,"10,53",1,1,"5,26"
430805,FAXINALZINHO,RS,11/2022,17,15,"88,24",8,7,"53,33",2,"11,76",1,1,"5,88"
430807,FAZENDA VILANOVA,RS,11/2022,24,7,"29,17",6,1,"85,71",17,"70,83",3,14,"58,33"
430807,FAZENDA VILANOVA,RS,09/2022,28,0,"0,00",0,0,,28,"100,00",12,16,"57,14"
430807,FAZENDA VILANOVA,RS,07/2022,27,1,"3,70",1,0,"100,00",26,"96,30",8,18,"66,67"
430810,FELIZ,RS,09/2022,26,20,"76,92",18,2,"90,00",6,"23,08",2,4,"15,38"
430810,FELIZ,RS,07/2022,17,10,"58,82",9,1,"90,00",7,"41,18",2,5,"29,41"
430810,FELIZ,RS,11/2022,23,17,"73,91",13,4,"76,47",6,"26,09",0,6,"26,09"
430820,FLORES DA CUNHA,RS,11/2022,56,43,"76,79",26,17,"60,47",13,"23,21",2,11,"19,64"
430820,FLORES DA CUNHA,RS,09/2022,57,44,"77,19",26,18,"59,09",13,"22,81",2,11,"19,30"
430820,FLORES DA CUNHA,RS,07/2022,56,44,"78,57",26,18,"59,09",12,"21,43",1,11,"19,64"
430825,FLORIANO PEIXOTO,RS,09/2022,0,0,,0,0,,0,,0,0,
430825,FLORIANO PEIXOTO,RS,07/2022,0,0,,0,0,,0,,0,0,
430825,FLORIANO PEIXOTO,RS,11/2022,0,0,,0,0,,0,,0,0,
430830,FONTOURA XAVIER,RS,11/2022,159,138,"86,79",132,6,"95,65",21,"13,21",2,19,"11,95"
430830,FONTOURA XAVIER,RS,07/2022,152,123,"80,92",110,13,"89,43",29,"19,08",2,27,"17,76"
430830,FONTOURA XAVIER,RS,09/2022,160,130,"81,25",123,7,"94,62",30,"18,75",3,27,"16,88"
430840,FORMIGUEIRO,RS,09/2022,63,15,"23,81",13,2,"86,67",48,"76,19",45,3,"4,76"
430840,FORMIGUEIRO,RS,07/2022,67,64,"95,52",64,0,"100,00",3,"4,48",0,3,"4,48"
430840,FORMIGUEIRO,RS,11/2022,62,59,"95,16",54,5,"91,53",3,"4,84",0,3,"4,84"
430843,FORQUETINHA,RS,11/2022,3,0,"0,00",0,0,,3,"100,00",3,0,"0,00"
430843,FORQUETINHA,RS,09/2022,1,0,"0,00",0,0,,1,"100,00",1,0,"0,00"
430843,FORQUETINHA,RS,07/2022,1,0,"0,00",0,0,,1,"100,00",0,1,"100,00"
430845,FORTALEZA DOS VALOS,RS,07/2022,17,16,"94,12",16,0,"100,00",1,"5,88",0,1,"5,88"
430845,FORTALEZA DOS VALOS,RS,09/2022,18,18,"100,00",17,1,"94,44",0,"0,00",0,0,"0,00"
430845,FORTALEZA DOS VALOS,RS,11/2022,25,24,"96,00",21,3,"87,50",1,"4,00",1,0,"0,00"
430850,FREDERICO WESTPHALEN,RS,11/2022,175,92,"52,57",62,30,"67,39",83,"47,43",4,79,"45,14"
430850,FREDERICO WESTPHALEN,RS,07/2022,165,93,"56,36",63,30,"67,74",72,"43,64",5,67,"40,61"
430850,FREDERICO WESTPHALEN,RS,09/2022,176,92,"52,27",68,24,"73,91",84,"47,73",7,77,"43,75"
430860,GARIBALDI,RS,09/2022,37,27,"72,97",18,9,"66,67",10,"27,03",1,9,"24,32"
430860,GARIBALDI,RS,07/2022,31,25,"80,65",13,12,"52,00",6,"19,35",0,6,"19,35"
430860,GARIBALDI,RS,11/2022,34,26,"76,47",15,11,"57,69",8,"23,53",0,8,"23,53"
430865,GARRUCHOS,RS,11/2022,34,0,"0,00",0,0,,34,"100,00",32,2,"5,88"
430865,GARRUCHOS,RS,09/2022,36,0,"0,00",0,0,,36,"100,00",34,2,"5,56"
430865,GARRUCHOS,RS,07/2022,29,0,"0,00",0,0,,29,"100,00",28,1,"3,45"
430870,GAURAMA,RS,09/2022,21,21,"100,00",14,7,"66,67",0,"0,00",0,0,"0,00"
430870,GAURAMA,RS,07/2022,19,15,"78,95",14,1,"93,33",4,"21,05",0,4,"21,05"
430870,GAURAMA,RS,11/2022,19,19,"100,00",16,3,"84,21",0,"0,00",0,0,"0,00"
430880,GENERAL CÂMARA,RS,11/2022,70,63,"90,00",46,17,"73,02",7,"10,00",0,7,"10,00"
430880,GENERAL CÂMARA,RS,09/2022,75,67,"89,33",50,17,"74,63",8,"10,67",1,7,"9,33"
430880,GENERAL CÂMARA,RS,07/2022,74,69,"93,24",50,19,"72,46",5,"6,76",0,5,"6,76"
430885,GENTIL,RS,07/2022,7,7,"100,00",5,2,"71,43",0,"0,00",0,0,"0,00"
430885,GENTIL,RS,09/2022,9,6,"66,67",4,2,"66,67",3,"33,33",2,1,"11,11"
430885,GENTIL,RS,11/2022,7,6,"85,71",5,1,"83,33",1,"14,29",0,1,"14,29"
430890,GETÚLIO VARGAS,RS,11/2022,55,47,"85,45",33,14,"70,21",8,"14,55",0,8,"14,55"
430890,GETÚLIO VARGAS,RS,09/2022,51,41,"80,39",29,12,"70,73",10,"19,61",0,10,"19,61"
430890,GETÚLIO VARGAS,RS,07/2022,48,37,"77,08",19,18,"51,35",11,"22,92",0,11,"22,92"
430900,GIRUÁ,RS,09/2022,136,128,"94,12",99,29,"77,34",8,"5,88",1,7,"5,15"
430900,GIRUÁ,RS,07/2022,144,121,"84,03",90,31,"74,38",23,"15,97",7,16,"11,11"
430900,GIRUÁ,RS,11/2022,129,122,"94,57",98,24,"80,33",7,"5,43",1,6,"4,65"
430905,GLORINHA,RS,11/2022,43,35,"81,40",26,9,"74,29",8,"18,60",4,4,"9,30"
430905,GLORINHA,RS,07/2022,37,27,"72,97",19,8,"70,37",10,"27,03",1,9,"24,32"
430905,GLORINHA,RS,09/2022,39,29,"74,36",23,6,"79,31",10,"25,64",5,5,"12,82"
430910,GRAMADO,RS,07/2022,122,38,"31,15",32,6,"84,21",84,"68,85",23,61,"50,00"
430910,GRAMADO,RS,09/2022,136,33,"24,26",23,10,"69,70",103,"75,74",32,71,"52,21"
430910,GRAMADO,RS,11/2022,144,45,"31,25",31,14,"68,89",99,"68,75",31,68,"47,22"
430912,GRAMADO DOS LOUREIROS,RS,11/2022,46,34,"73,91",20,14,"58,82",12,"26,09",0,12,"26,09"
430912,GRAMADO DOS LOUREIROS,RS,09/2022,47,35,"74,47",20,15,"57,14",12,"25,53",1,11,"23,40"
430912,GRAMADO DOS LOUREIROS,RS,07/2022,45,36,"80,00",27,9,"75,00",9,"20,00",1,8,"17,78"
430915,GRAMADO XAVIER,RS,07/2022,41,29,"70,73",18,11,"62,07",12,"29,27",3,9,"21,95"
430915,GRAMADO XAVIER,RS,09/2022,41,29,"70,73",19,10,"65,52",12,"29,27",3,9,"21,95"
430915,GRAMADO XAVIER,RS,11/2022,42,34,"80,95",22,12,"64,71",8,"19,05",2,6,"14,29"
430920,GRAVATAÍ,RS,11/2022,2110,1752,"83,03",1490,262,"85,05",358,"16,97",25,333,"15,78"
430920,GRAVATAÍ,RS,07/2022,1994,1013,"50,80",849,164,"83,81",981,"49,20",322,659,"33,05"
430920,GRAVATAÍ,RS,09/2022,2135,1274,"59,67",1052,222,"82,57",861,"40,33",248,613,"28,71"
430925,GUABIJU,RS,09/2022,3,2,"66,67",1,1,"50,00",1,"33,33",0,1,"33,33"
430925,GUABIJU,RS,07/2022,2,1,"50,00",1,0,"100,00",1,"50,00",0,1,"50,00"
430925,GUABIJU,RS,11/2022,3,2,"66,67",2,0,"100,00",1,"33,33",1,0,"0,00"
430930,GUAÍBA,RS,11/2022,774,508,"65,63",399,109,"78,54",266,"34,37",5,261,"33,72"
430930,GUAÍBA,RS,09/2022,770,491,"63,77",363,128,"73,93",279,"36,23",2,277,"35,97"
430930,GUAÍBA,RS,07/2022,724,484,"66,85",377,107,"77,89",240,"33,15",6,234,"32,32"
430940,GUAPORÉ,RS,09/2022,56,44,"78,57",29,15,"65,91",12,"21,43",1,11,"19,64"
430940,GUAPORÉ,RS,07/2022,46,32,"69,57",26,6,"81,25",14,"30,43",3,11,"23,91"
430940,GUAPORÉ,RS,11/2022,55,49,"89,09",31,18,"63,27",6,"10,91",1,5,"9,09"
430950,GUARANI DAS MISSÕES,RS,11/2022,62,56,"90,32",54,2,"96,43",6,"9,68",0,6,"9,68"
430950,GUARANI DAS MISSÕES,RS,09/2022,72,66,"91,67",66,0,"100,00",6,"8,33",0,6,"8,33"
430950,GUARANI DAS MISSÕES,RS,07/2022,62,54,"87,10",52,2,"96,30",8,"12,90",2,6,"9,68"
430955,HARMONIA,RS,07/2022,8,6,"75,00",3,3,"50,00",2,"25,00",0,2,"25,00"
430955,HARMONIA,RS,09/2022,7,0,"0,00",0,0,,7,"100,00",5,2,"28,57"
430955,HARMONIA,RS,11/2022,7,5,"71,43",3,2,"60,00",2,"28,57",0,2,"28,57"
430957,HERVEIRAS,RS,11/2022,43,41,"95,35",33,8,"80,49",2,"4,65",1,1,"2,33"
430957,HERVEIRAS,RS,07/2022,41,39,"95,12",31,8,"79,49",2,"4,88",2,0,"0,00"
430957,HERVEIRAS,RS,09/2022,45,43,"95,56",32,11,"74,42",2,"4,44",2,0,"0,00"
430960,HORIZONTINA,RS,09/2022,79,73,"92,41",55,18,"75,34",6,"7,59",0,6,"7,59"
430960,HORIZONTINA,RS,07/2022,78,68,"87,18",52,16,"76,47",10,"12,82",2,8,"10,26"
430960,HORIZONTINA,RS,11/2022,78,73,"93,59",59,14,"80,82",5,"6,41",0,5,"6,41"
430965,HULHA NEGRA,RS,11/2022,135,82,"60,74",80,2,"97,56",53,"39,26",36,17,"12,59"
430965,HULHA NEGRA,RS,07/2022,120,57,"47,50",57,0,"100,00",63,"52,50",52,11,"9,17"
430965,HULHA NEGRA,RS,09/2022,136,60,"44,12",60,0,"100,00",76,"55,88",62,14,"10,29"
430970,HUMAITÁ,RS,07/2022,18,14,"77,78",14,0,"100,00",4,"22,22",2,2,"11,11"
430970,HUMAITÁ,RS,09/2022,19,15,"78,95",15,0,"100,00",4,"21,05",1,3,"15,79"
430970,HUMAITÁ,RS,11/2022,18,16,"88,89",15,1,"93,75",2,"11,11",2,0,"0,00"
430975,IBARAMA,RS,11/2022,38,35,"92,11",28,7,"80,00",3,"7,89",0,3,"7,89"
430975,IBARAMA,RS,09/2022,37,33,"89,19",30,3,"90,91",4,"10,81",0,4,"10,81"
430975,IBARAMA,RS,07/2022,41,35,"85,37",30,5,"85,71",6,"14,63",1,5,"12,20"
430980,IBIAÇÁ,RS,09/2022,18,13,"72,22",9,4,"69,23",5,"27,78",0,5,"27,78"
430980,IBIAÇÁ,RS,07/2022,15,9,"60,00",7,2,"77,78",6,"40,00",2,4,"26,67"
430980,IBIAÇÁ,RS,11/2022,19,15,"78,95",12,3,"80,00",4,"21,05",0,4,"21,05"
430990,IBIRAIARAS,RS,11/2022,23,21,"91,30",17,4,"80,95",2,"8,70",1,1,"4,35"
430990,IBIRAIARAS,RS,07/2022,31,22,"70,97",17,5,"77,27",9,"29,03",0,9,"29,03"
430990,IBIRAIARAS,RS,09/2022,24,20,"83,33",15,5,"75,00",4,"16,67",0,4,"16,67"
430995,IBIRAPUITÃ,RS,09/2022,38,0,"0,00",0,0,,38,"100,00",33,5,"13,16"
430995,IBIRAPUITÃ,RS,07/2022,39,0,"0,00",0,0,,39,"100,00",34,5,"12,82"
430995,IBIRAPUITÃ,RS,11/2022,36,0,"0,00",0,0,,36,"100,00",32,4,"11,11"
431000,IBIRUBÁ,RS,11/2022,34,20,"58,82",13,7,"65,00",14,"41,18",7,7,"20,59"
431000,IBIRUBÁ,RS,07/2022,27,16,"59,26",12,4,"75,00",11,"40,74",1,10,"37,04"
431000,IBIRUBÁ,RS,09/2022,40,29,"72,50",16,13,"55,17",11,"27,50",1,10,"25,00"
431010,IGREJINHA,RS,09/2022,143,76,"53,15",59,17,"77,63",67,"46,85",4,63,"44,06"
431010,IGREJINHA,RS,07/2022,125,51,"40,80",37,14,"72,55",74,"59,20",13,61,"48,80"
431010,IGREJINHA,RS,11/2022,135,77,"57,04",61,16,"79,22",58,"42,96",4,54,"40,00"
431020,IJUÍ,RS,11/2022,376,328,"87,23",242,86,"73,78",48,"12,77",0,48,"12,77"
431020,IJUÍ,RS,09/2022,393,323,"82,19",211,112,"65,33",70,"17,81",10,60,"15,27"
431020,IJUÍ,RS,07/2022,377,251,"66,58",172,79,"68,53",126,"33,42",9,117,"31,03"
431030,ILÓPOLIS,RS,07/2022,13,9,"69,23",4,5,"44,44",4,"30,77",0,4,"30,77"
431030,ILÓPOLIS,RS,09/2022,15,11,"73,33",4,7,"36,36",4,"26,67",0,4,"26,67"
431030,ILÓPOLIS,RS,11/2022,16,12,"75,00",5,7,"41,67",4,"25,00",0,4,"25,00"
431033,IMBÉ,RS,11/2022,220,165,"75,00",130,35,"78,79",55,"25,00",3,52,"23,64"
431033,IMBÉ,RS,07/2022,221,199,"90,05",191,8,"95,98",22,"9,95",1,21,"9,50"
431033,IMBÉ,RS,09/2022,218,180,"82,57",165,15,"91,67",38,"17,43",6,32,"14,68"
431036,IMIGRANTE,RS,07/2022,5,5,"100,00",5,0,"100,00",0,"0,00",0,0,"0,00"
431036,IMIGRANTE,RS,09/2022,2,0,"0,00",0,0,,2,"100,00",2,0,"0,00"
431036,IMIGRANTE,RS,11/2022,2,2,"100,00",2,0,"100,00",0,"0,00",0,0,"0,00"
431040,INDEPENDÊNCIA,RS,11/2022,46,44,"95,65",29,15,"65,91",2,"4,35",2,0,"0,00"
431040,INDEPENDÊNCIA,RS,09/2022,45,39,"86,67",27,12,"69,23",6,"13,33",2,4,"8,89"
431040,INDEPENDÊNCIA,RS,07/2022,49,39,"79,59",28,11,"71,79",10,"20,41",3,7,"14,29"
431041,INHACORÁ,RS,09/2022,28,27,"96,43",12,15,"44,44",1,"3,57",1,0,"0,00"
431041,INHACORÁ,RS,07/2022,31,22,"70,97",10,12,"45,45",9,"29,03",4,5,"16,13"
431041,INHACORÁ,RS,11/2022,23,21,"91,30",12,9,"57,14",2,"8,70",1,1,"4,35"
431043,IPÊ,RS,11/2022,19,11,"57,89",9,2,"81,82",8,"42,11",0,8,"42,11"
431043,IPÊ,RS,07/2022,11,8,"72,73",4,4,"50,00",3,"27,27",0,3,"27,27"
431043,IPÊ,RS,09/2022,18,10,"55,56",5,5,"50,00",8,"44,44",2,6,"33,33"
431046,IPIRANGA DO SUL,RS,09/2022,6,6,"100,00",6,0,"100,00",0,"0,00",0,0,"0,00"
431046,IPIRANGA DO SUL,RS,07/2022,5,5,"100,00",4,1,"80,00",0,"0,00",0,0,"0,00"
431046,IPIRANGA DO SUL,RS,11/2022,7,7,"100,00",6,1,"85,71",0,"0,00",0,0,"0,00"
431050,IRAÍ,RS,11/2022,64,48,"75,00",34,14,"70,83",16,"25,00",6,10,"15,63"
431050,IRAÍ,RS,07/2022,62,40,"64,52",34,6,"85,00",22,"35,48",8,14,"22,58"
431050,IRAÍ,RS,09/2022,71,48,"67,61",37,11,"77,08",23,"32,39",12,11,"15,49"
431053,ITAARA,RS,07/2022,35,25,"71,43",25,0,"100,00",10,"28,57",6,4,"11,43"
431053,ITAARA,RS,09/2022,37,30,"81,08",30,0,"100,00",7,"18,92",4,3,"8,11"
431053,ITAARA,RS,11/2022,37,34,"91,89",34,0,"100,00",3,"8,11",0,3,"8,11"
431055,ITACURUBI,RS,11/2022,41,33,"80,49",33,0,"100,00",8,"19,51",1,7,"17,07"
431055,ITACURUBI,RS,09/2022,39,0,"0,00",0,0,,39,"100,00",29,10,"25,64"
431055,ITACURUBI,RS,07/2022,39,24,"61,54",22,2,"91,67",15,"38,46",6,9,"23,08"
431057,ITAPUCA,RS,09/2022,6,0,"0,00",0,0,,6,"100,00",5,1,"16,67"
431057,ITAPUCA,RS,07/2022,4,2,"50,00",2,0,"100,00",2,"50,00",1,1,"25,00"
431057,ITAPUCA,RS,11/2022,8,7,"87,50",7,0,"100,00",1,"12,50",0,1,"12,50"
431060,ITAQUI,RS,11/2022,376,76,"20,21",76,0,"100,00",300,"79,79",273,27,"7,18"
431060,ITAQUI,RS,07/2022,368,0,"0,00",0,0,,368,"100,00",340,28,"7,61"
431060,ITAQUI,RS,09/2022,376,0,"0,00",0,0,,376,"100,00",350,26,"6,91"
431065,ITATI,RS,09/2022,23,18,"78,26",11,7,"61,11",5,"21,74",0,5,"21,74"
431065,ITATI,RS,07/2022,21,16,"76,19",11,5,"68,75",5,"23,81",0,5,"23,81"
431065,ITATI,RS,11/2022,20,16,"80,00",12,4,"75,00",4,"20,00",0,4,"20,00"
431070,ITATIBA DO SUL,RS,11/2022,25,19,"76,00",17,2,"89,47",6,"24,00",2,4,"16,00"
431070,ITATIBA DO SUL,RS,07/2022,20,15,"75,00",14,1,"93,33",5,"25,00",2,3,"15,00"
431070,ITATIBA DO SUL,RS,09/2022,24,16,"66,67",14,2,"87,50",8,"33,33",5,3,"12,50"
431075,IVORÁ,RS,07/2022,14,14,"100,00",9,5,"64,29",0,"0,00",0,0,"0,00"
431075,IVORÁ,RS,09/2022,16,14,"87,50",9,5,"64,29",2,"12,50",0,2,"12,50"
431075,IVORÁ,RS,11/2022,18,16,"88,89",12,4,"75,00",2,"11,11",0,2,"11,11"
431080,IVOTI,RS,11/2022,30,12,"40,00",6,6,"50,00",18,"60,00",0,18,"60,00"
431080,IVOTI,RS,09/2022,29,15,"51,72",8,7,"53,33",14,"48,28",0,14,"48,28"
431080,IVOTI,RS,07/2022,25,13,"52,00",7,6,"53,85",12,"48,00",1,11,"44,00"
431085,JABOTICABA,RS,09/2022,35,30,"85,71",24,6,"80,00",5,"14,29",0,5,"14,29"
431085,JABOTICABA,RS,07/2022,37,31,"83,78",25,6,"80,65",6,"16,22",0,6,"16,22"
431085,JABOTICABA,RS,11/2022,30,29,"96,67",23,6,"79,31",1,"3,33",0,1,"3,33"
431087,JACUIZINHO,RS,11/2022,38,34,"89,47",34,0,"100,00",4,"10,53",1,3,"7,89"
431087,JACUIZINHO,RS,07/2022,39,35,"89,74",33,2,"94,29",4,"10,26",1,3,"7,69"
431087,JACUIZINHO,RS,09/2022,36,30,"83,33",28,2,"93,33",6,"16,67",2,4,"11,11"
431090,JACUTINGA,RS,07/2022,10,7,"70,00",4,3,"57,14",3,"30,00",2,1,"10,00"
431090,JACUTINGA,RS,09/2022,7,5,"71,43",3,2,"60,00",2,"28,57",2,0,"0,00"
431090,JACUTINGA,RS,11/2022,7,6,"85,71",2,4,"33,33",1,"14,29",0,1,"14,29"
431100,JAGUARÃO,RS,11/2022,268,201,"75,00",178,23,"88,56",67,"25,00",6,61,"22,76"
431100,JAGUARÃO,RS,09/2022,253,182,"71,94",159,23,"87,36",71,"28,06",5,66,"26,09"
431100,JAGUARÃO,RS,07/2022,243,159,"65,43",124,35,"77,99",84,"34,57",4,80,"32,92"
431110,JAGUARI,RS,09/2022,64,59,"92,19",53,6,"89,83",5,"7,81",0,5,"7,81"
431110,JAGUARI,RS,07/2022,56,52,"92,86",46,6,"88,46",4,"7,14",0,4,"7,14"
431110,JAGUARI,RS,11/2022,66,62,"93,94",58,4,"93,55",4,"6,06",0,4,"6,06"
431112,JAQUIRANA,RS,11/2022,63,0,"0,00",0,0,,63,"100,00",59,4,"6,35"
431112,JAQUIRANA,RS,09/2022,61,0,"0,00",0,0,,61,"100,00",57,4,"6,56"
431112,JAQUIRANA,RS,07/2022,58,0,"0,00",0,0,,58,"100,00",54,4,"6,90"
431113,JARI,RS,07/2022,40,32,"80,00",29,3,"90,63",8,"20,00",4,4,"10,00"
431113,JARI,RS,09/2022,38,33,"86,84",32,1,"96,97",5,"13,16",0,5,"13,16"
431113,JARI,RS,11/2022,36,34,"94,44",28,6,"82,35",2,"5,56",0,2,"5,56"
431115,JÓIA,RS,11/2022,113,111,"98,23",111,0,"100,00",2,"1,77",1,1,"0,88"
431115,JÓIA,RS,09/2022,105,102,"97,14",102,0,"100,00",3,"2,86",0,3,"2,86"
431115,JÓIA,RS,07/2022,90,87,"96,67",87,0,"100,00",3,"3,33",1,2,"2,22"
431120,JÚLIO DE CASTILHOS,RS,09/2022,207,181,"87,44",142,39,"78,45",26,"12,56",2,24,"11,59"
431120,JÚLIO DE CASTILHOS,RS,07/2022,201,161,"80,10",124,37,"77,02",40,"19,90",1,39,"19,40"
431120,JÚLIO DE CASTILHOS,RS,11/2022,217,191,"88,02",151,40,"79,06",26,"11,98",2,24,"11,06"
431123,LAGOA BONITA DO SUL,RS,11/2022,31,28,"90,32",25,3,"89,29",3,"9,68",1,2,"6,45"
431123,LAGOA BONITA DO SUL,RS,07/2022,30,28,"93,33",23,5,"82,14",2,"6,67",1,1,"3,33"
431123,LAGOA BONITA DO SUL,RS,09/2022,29,27,"93,10",23,4,"85,19",2,"6,90",0,2,"6,90"
431125,LAGOÃO,RS,09/2022,94,56,"59,57",45,11,"80,36",38,"40,43",30,8,"8,51"
431125,LAGOÃO,RS,07/2022,85,0,"0,00",0,0,,85,"100,00",77,8,"9,41"
431125,LAGOÃO,RS,11/2022,86,70,"81,40",46,24,"65,71",16,"18,60",6,10,"11,63"
431127,LAGOA DOS TRÊS CANTOS,RS,11/2022,0,0,,0,0,,0,,0,0,
431127,LAGOA DOS TRÊS CANTOS,RS,07/2022,0,0,,0,0,,0,,0,0,
431127,LAGOA DOS TRÊS CANTOS,RS,09/2022,0,0,,0,0,,0,,0,0,
431130,LAGOA VERMELHA,RS,09/2022,216,130,"60,19",105,25,"80,77",86,"39,81",10,76,"35,19"
431130,LAGOA VERMELHA,RS,07/2022,212,123,"58,02",91,32,"73,98",89,"41,98",11,78,"36,79"
431130,LAGOA VERMELHA,RS,11/2022,220,138,"62,73",108,30,"78,26",82,"37,27",5,77,"35,00"
431140,LAJEADO,RS,11/2022,198,155,"78,28",99,56,"63,87",43,"21,72",2,41,"20,71"
431140,LAJEADO,RS,07/2022,190,145,"76,32",90,55,"62,07",45,"23,68",1,44,"23,16"
431140,LAJEADO,RS,09/2022,199,151,"75,88",91,60,"60,26",48,"24,12",4,44,"22,11"
431142,LAJEADO DO BUGRE,RS,07/2022,49,36,"73,47",34,2,"94,44",13,"26,53",6,7,"14,29"
431142,LAJEADO DO BUGRE,RS,09/2022,59,51,"86,44",44,7,"86,27",8,"13,56",5,3,"5,08"
431142,LAJEADO DO BUGRE,RS,11/2022,56,48,"85,71",44,4,"91,67",8,"14,29",8,0,"0,00"
431150,LAVRAS DO SUL,RS,11/2022,70,58,"82,86",46,12,"79,31",12,"17,14",0,12,"17,14"
431150,LAVRAS DO SUL,RS,07/2022,77,65,"84,42",52,13,"80,00",12,"15,58",0,12,"15,58"
431150,LAVRAS DO SUL,RS,09/2022,79,64,"81,01",45,19,"70,31",15,"18,99",0,15,"18,99"
431160,LIBERATO SALZANO,RS,07/2022,43,30,"69,77",30,0,"100,00",13,"30,23",0,13,"30,23"
431160,LIBERATO SALZANO,RS,09/2022,45,31,"68,89",30,1,"96,77",14,"31,11",0,14,"31,11"
431160,LIBERATO SALZANO,RS,11/2022,42,28,"66,67",26,2,"92,86",14,"33,33",0,14,"33,33"
431162,LINDOLFO COLLOR,RS,11/2022,27,13,"48,15",13,0,"100,00",14,"51,85",0,14,"51,85"
431162,LINDOLFO COLLOR,RS,07/2022,27,12,"44,44",12,0,"100,00",15,"55,56",1,14,"51,85"
431162,LINDOLFO COLLOR,RS,09/2022,26,4,"15,38",3,1,"75,00",22,"84,62",9,13,"50,00"
431164,LINHA NOVA,RS,09/2022,2,1,"50,00",1,0,"100,00",1,"50,00",1,0,"0,00"
431164,LINHA NOVA,RS,07/2022,2,2,"100,00",2,0,"100,00",0,"0,00",0,0,"0,00"
431164,LINHA NOVA,RS,11/2022,2,2,"100,00",2,0,"100,00",0,"0,00",0,0,"0,00"
431170,MACHADINHO,RS,11/2022,29,28,"96,55",10,18,"35,71",1,"3,45",0,1,"3,45"
431170,MACHADINHO,RS,09/2022,27,20,"74,07",12,8,"60,00",7,"25,93",0,7,"25,93"
431170,MACHADINHO,RS,07/2022,34,24,"70,59",14,10,"58,33",10,"29,41",1,9,"26,47"
431171,MAÇAMBARA,RS,09/2022,70,0,"0,00",0,0,,70,"100,00",63,7,"10,00"
431171,MAÇAMBARA,RS,07/2022,66,0,"0,00",0,0,,66,"100,00",61,5,"7,58"
431171,MAÇAMBARA,RS,11/2022,66,27,"40,91",27,0,"100,00",39,"59,09",32,7,"10,61"
431173,MAMPITUBA,RS,11/2022,28,17,"60,71",14,3,"82,35",11,"39,29",0,11,"39,29"
431173,MAMPITUBA,RS,09/2022,33,20,"60,61",20,0,"100,00",13,"39,39",0,13,"39,39"
431173,MAMPITUBA,RS,07/2022,31,22,"70,97",22,0,"100,00",9,"29,03",0,9,"29,03"
431175,MANOEL VIANA,RS,07/2022,59,38,"64,41",29,9,"76,32",21,"35,59",0,21,"35,59"
431175,MANOEL VIANA,RS,09/2022,55,43,"78,18",39,4,"90,70",12,"21,82",0,12,"21,82"
431175,MANOEL VIANA,RS,11/2022,53,43,"81,13",38,5,"88,37",10,"18,87",0,10,"18,87"
431177,MAQUINÉ,RS,11/2022,67,53,"79,10",43,10,"81,13",14,"20,90",7,7,"10,45"
431177,MAQUINÉ,RS,09/2022,71,51,"71,83",44,7,"86,27",20,"28,17",4,16,"22,54"
431177,MAQUINÉ,RS,07/2022,65,37,"56,92",28,9,"75,68",28,"43,08",9,19,"29,23"
431179,MARATÁ,RS,07/2022,7,4,"57,14",2,2,"50,00",3,"42,86",2,1,"14,29"
431179,MARATÁ,RS,09/2022,8,1,"12,50",0,1,"0,00",7,"87,50",6,1,"12,50"
431179,MARATÁ,RS,11/2022,12,9,"75,00",5,4,"55,56",3,"25,00",0,3,"25,00"
431180,MARAU,RS,11/2022,88,53,"60,23",51,2,"96,23",35,"39,77",0,35,"39,77"
431180,MARAU,RS,09/2022,105,75,"71,43",66,9,"88,00",30,"28,57",0,30,"28,57"
431180,MARAU,RS,07/2022,85,57,"67,06",57,0,"100,00",28,"32,94",1,27,"31,76"
431190,MARCELINO RAMOS,RS,09/2022,8,8,"100,00",4,4,"50,00",0,"0,00",0,0,"0,00"
431190,MARCELINO RAMOS,RS,07/2022,8,6,"75,00",3,3,"50,00",2,"25,00",2,0,"0,00"
431190,MARCELINO RAMOS,RS,11/2022,6,6,"100,00",6,0,"100,00",0,"0,00",0,0,"0,00"
431198,MARIANA PIMENTEL,RS,11/2022,48,39,"81,25",37,2,"94,87",9,"18,75",2,7,"14,58"
431198,MARIANA PIMENTEL,RS,07/2022,48,38,"79,17",34,4,"89,47",10,"20,83",1,9,"18,75"
431198,MARIANA PIMENTEL,RS,09/2022,52,40,"76,92",37,3,"92,50",12,"23,08",1,11,"21,15"
431200,MARIANO MORO,RS,07/2022,3,2,"66,67",2,0,"100,00",1,"33,33",0,1,"33,33"
431200,MARIANO MORO,RS,09/2022,6,5,"83,33",5,0,"100,00",1,"16,67",0,1,"16,67"
431200,MARIANO MORO,RS,11/2022,6,5,"83,33",5,0,"100,00",1,"16,67",0,1,"16,67"
431205,MARQUES DE SOUZA,RS,11/2022,12,6,"50,00",5,1,"83,33",6,"50,00",0,6,"50,00"
431205,MARQUES DE SOUZA,RS,09/2022,11,6,"54,55",4,2,"66,67",5,"45,45",0,5,"45,45"
431205,MARQUES DE SOUZA,RS,07/2022,8,5,"62,50",4,1,"80,00",3,"37,50",0,3,"37,50"
431210,MATA,RS,09/2022,40,28,"70,00",23,5,"82,14",12,"30,00",7,5,"12,50"
431210,MATA,RS,07/2022,44,36,"81,82",28,8,"77,78",8,"18,18",0,8,"18,18"
431210,MATA,RS,11/2022,40,34,"85,00",26,8,"76,47",6,"15,00",0,6,"15,00"
431213,MATO CASTELHANO,RS,11/2022,8,7,"87,50",4,3,"57,14",1,"12,50",0,1,"12,50"
431213,MATO CASTELHANO,RS,07/2022,8,5,"62,50",5,0,"100,00",3,"37,50",1,2,"25,00"
431213,MATO CASTELHANO,RS,09/2022,8,6,"75,00",5,1,"83,33",2,"25,00",0,2,"25,00"
431215,MATO LEITÃO,RS,09/2022,20,18,"90,00",12,6,"66,67",2,"10,00",0,2,"10,00"
431215,MATO LEITÃO,RS,07/2022,15,13,"86,67",9,4,"69,23",2,"13,33",0,2,"13,33"
431215,MATO LEITÃO,RS,11/2022,19,17,"89,47",13,4,"76,47",2,"10,53",1,1,"5,26"
431217,MATO QUEIMADO,RS,11/2022,7,7,"100,00",5,2,"71,43",0,"0,00",0,0,"0,00"
431217,MATO QUEIMADO,RS,07/2022,8,8,"100,00",7,1,"87,50",0,"0,00",0,0,"0,00"
431217,MATO QUEIMADO,RS,09/2022,8,8,"100,00",6,2,"75,00",0,"0,00",0,0,"0,00"
431220,MAXIMILIANO DE ALMEIDA,RS,07/2022,27,24,"88,89",18,6,"75,00",3,"11,11",0,3,"11,11"
431220,MAXIMILIANO DE ALMEIDA,RS,09/2022,28,28,"100,00",17,11,"60,71",0,"0,00",0,0,"0,00"
431220,MAXIMILIANO DE ALMEIDA,RS,11/2022,29,27,"93,10",19,8,"70,37",2,"6,90",0,2,"6,90"
431225,MINAS DO LEÃO,RS,11/2022,124,119,"95,97",101,18,"84,87",5,"4,03",2,3,"2,42"
431225,MINAS DO LEÃO,RS,07/2022,117,104,"88,89",91,13,"87,50",13,"11,11",3,10,"8,55"
431225,MINAS DO LEÃO,RS,09/2022,127,117,"92,13",103,14,"88,03",10,"7,87",1,9,"7,09"
431230,MIRAGUAÍ,RS,07/2022,63,40,"63,49",30,10,"75,00",23,"36,51",5,18,"28,57"
431230,MIRAGUAÍ,RS,09/2022,59,43,"72,88",32,11,"74,42",16,"27,12",1,15,"25,42"
431230,MIRAGUAÍ,RS,11/2022,55,40,"72,73",33,7,"82,50",15,"27,27",0,15,"27,27"
431235,MONTAURI,RS,11/2022,3,2,"66,67",2,0,"100,00",1,"33,33",0,1,"33,33"
431235,MONTAURI,RS,09/2022,3,0,"0,00",0,0,,3,"100,00",3,0,"0,00"
431235,MONTAURI,RS,07/2022,2,2,"100,00",2,0,"100,00",0,"0,00",0,0,"0,00"
431237,MONTE ALEGRE DOS CAMPOS,RS,07/2022,26,20,"76,92",17,3,"85,00",6,"23,08",2,4,"15,38"
431237,MONTE ALEGRE DOS CAMPOS,RS,09/2022,29,23,"79,31",20,3,"86,96",6,"20,69",3,3,"10,34"
431237,MONTE ALEGRE DOS CAMPOS,RS,11/2022,27,21,"77,78",16,5,"76,19",6,"22,22",2,4,"14,81"
431238,MONTE BELO DO SUL,RS,11/2022,5,4,"80,00",4,0,"100,00",1,"20,00",0,1,"20,00"
431238,MONTE BELO DO SUL,RS,09/2022,5,4,"80,00",4,0,"100,00",1,"20,00",0,1,"20,00"
431238,MONTE BELO DO SUL,RS,07/2022,3,2,"66,67",2,0,"100,00",1,"33,33",0,1,"33,33"
431240,MONTENEGRO,RS,07/2022,317,155,"48,90",106,49,"68,39",162,"51,10",21,141,"44,48"
431240,MONTENEGRO,RS,09/2022,360,203,"56,39",147,56,"72,41",157,"43,61",5,152,"42,22"
431240,MONTENEGRO,RS,11/2022,345,214,"62,03",156,58,"72,90",131,"37,97",3,128,"37,10"
431242,MORMAÇO,RS,11/2022,19,18,"94,74",17,1,"94,44",1,"5,26",0,1,"5,26"
431242,MORMAÇO,RS,09/2022,24,22,"91,67",16,6,"72,73",2,"8,33",0,2,"8,33"
431242,MORMAÇO,RS,07/2022,23,19,"82,61",15,4,"78,95",4,"17,39",0,4,"17,39"
431244,MORRINHOS DO SUL,RS,09/2022,10,0,"0,00",0,0,,10,"100,00",9,1,"10,00"
431244,MORRINHOS DO SUL,RS,07/2022,8,7,"87,50",7,0,"100,00",1,"12,50",0,1,"12,50"
431244,MORRINHOS DO SUL,RS,11/2022,9,8,"88,89",8,0,"100,00",1,"11,11",0,1,"11,11"
431245,MORRO REDONDO,RS,11/2022,57,40,"70,18",40,0,"100,00",17,"29,82",2,15,"26,32"
431245,MORRO REDONDO,RS,09/2022,61,42,"68,85",35,7,"83,33",19,"31,15",5,14,"22,95"
431245,MORRO REDONDO,RS,07/2022,53,39,"73,58",33,6,"84,62",14,"26,42",5,9,"16,98"
431247,MORRO REUTER,RS,07/2022,4,2,"50,00",2,0,"100,00",2,"50,00",0,2,"50,00"
431247,MORRO REUTER,RS,09/2022,5,3,"60,00",3,0,"100,00",2,"40,00",0,2,"40,00"
431247,MORRO REUTER,RS,11/2022,5,4,"80,00",4,0,"100,00",1,"20,00",1,0,"0,00"
431250,MOSTARDAS,RS,11/2022,129,119,"92,25",78,41,"65,55",10,"7,75",6,4,"3,10"
431250,MOSTARDAS,RS,09/2022,143,96,"67,13",69,27,"71,88",47,"32,87",0,47,"32,87"
431250,MOSTARDAS,RS,07/2022,146,88,"60,27",69,19,"78,41",58,"39,73",6,52,"35,62"
431260,MUÇUM,RS,07/2022,14,12,"85,71",8,4,"66,67",2,"14,29",1,1,"7,14"
431260,MUÇUM,RS,09/2022,20,17,"85,00",11,6,"64,71",3,"15,00",2,1,"5,00"
431260,MUÇUM,RS,11/2022,18,16,"88,89",10,6,"62,50",2,"11,11",1,1,"5,56"
431261,MUITOS CAPÕES,RS,11/2022,20,19,"95,00",14,5,"73,68",1,"5,00",0,1,"5,00"
431261,MUITOS CAPÕES,RS,09/2022,22,18,"81,82",8,10,"44,44",4,"18,18",0,4,"18,18"
431261,MUITOS CAPÕES,RS,07/2022,22,17,"77,27",13,4,"76,47",5,"22,73",1,4,"18,18"
431262,MULITERNO,RS,07/2022,15,13,"86,67",11,2,"84,62",2,"13,33",0,2,"13,33"
431262,MULITERNO,RS,09/2022,17,17,"100,00",13,4,"76,47",0,"0,00",0,0,"0,00"
431262,MULITERNO,RS,11/2022,17,17,"100,00",12,5,"70,59",0,"0,00",0,0,"0,00"
431265,NÃO-ME-TOQUE,RS,11/2022,42,29,"69,05",18,11,"62,07",13,"30,95",7,6,"14,29"
431265,NÃO-ME-TOQUE,RS,07/2022,35,19,"54,29",10,9,"52,63",16,"45,71",3,13,"37,14"
431265,NÃO-ME-TOQUE,RS,09/2022,35,25,"71,43",16,9,"64,00",10,"28,57",3,7,"20,00"
431267,NICOLAU VERGUEIRO,RS,07/2022,6,5,"83,33",3,2,"60,00",1,"16,67",1,0,"0,00"
431267,NICOLAU VERGUEIRO,RS,09/2022,7,5,"71,43",4,1,"80,00",2,"28,57",2,0,"0,00"
431267,NICOLAU VERGUEIRO,RS,11/2022,7,6,"85,71",6,0,"100,00",1,"14,29",1,0,"0,00"
431270,NONOAI,RS,11/2022,99,73,"73,74",48,25,"65,75",26,"26,26",1,25,"25,25"
431270,NONOAI,RS,09/2022,105,68,"64,76",39,29,"57,35",37,"35,24",8,29,"27,62"
431270,NONOAI,RS,07/2022,102,70,"68,63",39,31,"55,71",32,"31,37",5,27,"26,47"
431275,NOVA ALVORADA,RS,09/2022,9,4,"44,44",3,1,"75,00",5,"55,56",1,4,"44,44"
431275,NOVA ALVORADA,RS,07/2022,5,3,"60,00",3,0,"100,00",2,"40,00",1,1,"20,00"
431275,NOVA ALVORADA,RS,11/2022,9,4,"44,44",3,1,"75,00",5,"55,56",0,5,"55,56"
431280,NOVA ARAÇÁ,RS,11/2022,5,4,"80,00",3,1,"75,00",1,"20,00",0,1,"20,00"
431280,NOVA ARAÇÁ,RS,07/2022,1,1,"100,00",1,0,"100,00",0,"0,00",0,0,"0,00"
431280,NOVA ARAÇÁ,RS,09/2022,5,4,"80,00",4,0,"100,00",1,"20,00",0,1,"20,00"
431290,NOVA BASSANO,RS,07/2022,7,6,"85,71",0,6,"0,00",1,"14,29",0,1,"14,29"
431290,NOVA BASSANO,RS,09/2022,12,11,"91,67",7,4,"63,64",1,"8,33",0,1,"8,33"
431290,NOVA BASSANO,RS,11/2022,14,13,"92,86",9,4,"69,23",1,"7,14",0,1,"7,14"
431295,NOVA BOA VISTA,RS,11/2022,5,3,"60,00",3,0,"100,00",2,"40,00",1,1,"20,00"
431295,NOVA BOA VISTA,RS,07/2022,3,0,"0,00",0,0,,3,"100,00",2,1,"33,33"
431295,NOVA BOA VISTA,RS,09/2022,3,0,"0,00",0,0,,3,"100,00",2,1,"33,33"
431300,NOVA BRÉSCIA,RS,07/2022,0,0,,0,0,,0,,0,0,
431300,NOVA BRÉSCIA,RS,09/2022,1,1,"100,00",1,0,"100,00",0,"0,00",0,0,"0,00"
431300,NOVA BRÉSCIA,RS,11/2022,2,2,"100,00",2,0,"100,00",0,"0,00",0,0,"0,00"
431301,NOVA CANDELÁRIA,RS,11/2022,2,2,"100,00",2,0,"100,00",0,"0,00",0,0,"0,00"
431301,NOVA CANDELÁRIA,RS,09/2022,2,2,"100,00",2,0,"100,00",0,"0,00",0,0,"0,00"
431301,NOVA CANDELÁRIA,RS,07/2022,3,2,"66,67",2,0,"100,00",1,"33,33",1,0,"0,00"
431303,NOVA ESPERANÇA DO SUL,RS,07/2022,17,11,"64,71",6,5,"54,55",6,"35,29",1,5,"29,41"
431303,NOVA ESPERANÇA DO SUL,RS,09/2022,21,14,"66,67",11,3,"78,57",7,"33,33",1,6,"28,57"
431303,NOVA ESPERANÇA DO SUL,RS,11/2022,26,17,"65,38",15,2,"88,24",9,"34,62",2,7,"26,92"
431306,NOVA HARTZ,RS,11/2022,99,64,"64,65",45,19,"70,31",35,"35,35",1,34,"34,34"
431306,NOVA HARTZ,RS,07/2022,99,46,"46,46",37,9,"80,43",53,"53,54",7,46,"46,46"
431306,NOVA HARTZ,RS,09/2022,106,64,"60,38",48,16,"75,00",42,"39,62",3,39,"36,79"
431308,NOVA PÁDUA,RS,07/2022,3,2,"66,67",2,0,"100,00",1,"33,33",0,1,"33,33"
431308,NOVA PÁDUA,RS,09/2022,4,2,"50,00",2,0,"100,00",2,"50,00",0,2,"50,00"
431308,NOVA PÁDUA,RS,11/2022,6,4,"66,67",4,0,"100,00",2,"33,33",0,2,"33,33"
431310,NOVA PALMA,RS,11/2022,29,26,"89,66",21,5,"80,77",3,"10,34",0,3,"10,34"
431310,NOVA PALMA,RS,07/2022,31,29,"93,55",24,5,"82,76",2,"6,45",0,2,"6,45"
431310,NOVA PALMA,RS,09/2022,26,24,"92,31",19,5,"79,17",2,"7,69",0,2,"7,69"
431320,NOVA PETRÓPOLIS,RS,09/2022,30,1,"3,33",1,0,"100,00",29,"96,67",21,8,"26,67"
431320,NOVA PETRÓPOLIS,RS,07/2022,28,4,"14,29",4,0,"100,00",24,"85,71",15,9,"32,14"
431320,NOVA PETRÓPOLIS,RS,11/2022,37,24,"64,86",14,10,"58,33",13,"35,14",4,9,"24,32"
431330,NOVA PRATA,RS,11/2022,72,54,"75,00",36,18,"66,67",18,"25,00",5,13,"18,06"
431330,NOVA PRATA,RS,07/2022,71,39,"54,93",22,17,"56,41",32,"45,07",6,26,"36,62"
431330,NOVA PRATA,RS,09/2022,70,47,"67,14",25,22,"53,19",23,"32,86",1,22,"31,43"
431333,NOVA RAMADA,RS,07/2022,4,4,"100,00",3,1,"75,00",0,"0,00",0,0,"0,00"
431333,NOVA RAMADA,RS,09/2022,7,6,"85,71",5,1,"83,33",1,"14,29",0,1,"14,29"
431333,NOVA RAMADA,RS,11/2022,9,8,"88,89",7,1,"87,50",1,"11,11",0,1,"11,11"
431335,NOVA ROMA DO SUL,RS,11/2022,0,0,,0,0,,0,,0,0,
431335,NOVA ROMA DO SUL,RS,09/2022,1,0,"0,00",0,0,,1,"100,00",0,1,"100,00"
431335,NOVA ROMA DO SUL,RS,07/2022,1,0,"0,00",0,0,,1,"100,00",0,1,"100,00"
431337,NOVA SANTA RITA,RS,09/2022,277,66,"23,83",61,5,"92,42",211,"76,17",57,154,"55,60"
431337,NOVA SANTA RITA,RS,07/2022,224,42,"18,75",37,5,"88,10",182,"81,25",50,132,"58,93"
431337,NOVA SANTA RITA,RS,11/2022,283,45,"15,90",41,4,"91,11",238,"84,10",91,147,"51,94"
431339,NOVO CABRAIS,RS,11/2022,30,27,"90,00",24,3,"88,89",3,"10,00",0,3,"10,00"
431339,NOVO CABRAIS,RS,09/2022,28,23,"82,14",20,3,"86,96",5,"17,86",1,4,"14,29"
431339,NOVO CABRAIS,RS,07/2022,25,20,"80,00",18,2,"90,00",5,"20,00",3,2,"8,00"
431340,NOVO HAMBURGO,RS,07/2022,1079,617,"57,18",391,226,"63,37",462,"42,82",13,449,"41,61"
431340,NOVO HAMBURGO,RS,09/2022,1149,881,"76,68",564,317,"64,02",268,"23,32",13,255,"22,19"
431340,NOVO HAMBURGO,RS,11/2022,1126,872,"77,44",580,292,"66,51",254,"22,56",7,247,"21,94"
431342,NOVO MACHADO,RS,11/2022,28,27,"96,43",16,11,"59,26",1,"3,57",1,0,"0,00"
431342,NOVO MACHADO,RS,09/2022,28,27,"96,43",18,9,"66,67",1,"3,57",1,0,"0,00"
431342,NOVO MACHADO,RS,07/2022,30,16,"53,33",15,1,"93,75",14,"46,67",1,13,"43,33"
431344,NOVO TIRADENTES,RS,07/2022,18,13,"72,22",13,0,"100,00",5,"27,78",3,2,"11,11"
431344,NOVO TIRADENTES,RS,09/2022,18,12,"66,67",12,0,"100,00",6,"33,33",3,3,"16,67"
431344,NOVO TIRADENTES,RS,11/2022,21,16,"76,19",16,0,"100,00",5,"23,81",0,5,"23,81"
431346,NOVO XINGU,RS,11/2022,6,6,"100,00",5,1,"83,33",0,"0,00",0,0,"0,00"
431346,NOVO XINGU,RS,09/2022,10,10,"100,00",8,2,"80,00",0,"0,00",0,0,"0,00"
431346,NOVO XINGU,RS,07/2022,10,10,"100,00",9,1,"90,00",0,"0,00",0,0,"0,00"
431349,NOVO BARREIRO,RS,07/2022,38,33,"86,84",29,4,"87,88",5,"13,16",0,5,"13,16"
431349,NOVO BARREIRO,RS,09/2022,43,35,"81,40",30,5,"85,71",8,"18,60",2,6,"13,95"
431349,NOVO BARREIRO,RS,11/2022,43,35,"81,40",32,3,"91,43",8,"18,60",3,5,"11,63"
431350,OSÓRIO,RS,11/2022,325,178,"54,77",120,58,"67,42",147,"45,23",2,145,"44,62"
431350,OSÓRIO,RS,07/2022,280,158,"56,43",91,67,"57,59",122,"43,57",0,122,"43,57"
431350,OSÓRIO,RS,09/2022,328,171,"52,13",114,57,"66,67",157,"47,87",1,156,"47,56"
431360,PAIM FILHO,RS,09/2022,26,20,"76,92",18,2,"90,00",6,"23,08",2,4,"15,38"
431360,PAIM FILHO,RS,07/2022,21,16,"76,19",15,1,"93,75",5,"23,81",0,5,"23,81"
431360,PAIM FILHO,RS,11/2022,20,16,"80,00",15,1,"93,75",4,"20,00",0,4,"20,00"
431365,PALMARES DO SUL,RS,11/2022,168,81,"48,21",57,24,"70,37",87,"51,79",8,79,"47,02"
431365,PALMARES DO SUL,RS,07/2022,167,104,"62,28",55,49,"52,88",63,"37,72",7,56,"33,53"
431365,PALMARES DO SUL,RS,09/2022,176,81,"46,02",54,27,"66,67",95,"53,98",3,92,"52,27"
431370,PALMEIRA DAS MISSÕES,RS,09/2022,367,215,"58,58",187,28,"86,98",152,"41,42",45,107,"29,16"
431370,PALMEIRA DAS MISSÕES,RS,07/2022,350,140,"40,00",114,26,"81,43",210,"60,00",107,103,"29,43"
431370,PALMEIRA DAS MISSÕES,RS,11/2022,355,235,"66,20",206,29,"87,66",120,"33,80",30,90,"25,35"
431380,PALMITINHO,RS,11/2022,80,60,"75,00",51,9,"85,00",20,"25,00",3,17,"21,25"
431380,PALMITINHO,RS,07/2022,73,53,"72,60",44,9,"83,02",20,"27,40",3,17,"23,29"
431380,PALMITINHO,RS,09/2022,76,58,"76,32",48,10,"82,76",18,"23,68",1,17,"22,37"
431390,PANAMBI,RS,07/2022,119,109,"91,60",76,33,"69,72",10,"8,40",3,7,"5,88"
431390,PANAMBI,RS,09/2022,127,121,"95,28",89,32,"73,55",6,"4,72",2,4,"3,15"
431390,PANAMBI,RS,11/2022,122,117,"95,90",80,37,"68,38",5,"4,10",0,5,"4,10"
431395,PANTANO GRANDE,RS,11/2022,134,117,"87,31",109,8,"93,16",17,"12,69",0,17,"12,69"
431395,PANTANO GRANDE,RS,07/2022,117,40,"34,19",21,19,"52,50",77,"65,81",57,20,"17,09"
431395,PANTANO GRANDE,RS,09/2022,142,110,"77,46",104,6,"94,55",32,"22,54",12,20,"14,08"
431400,PARAÍ,RS,09/2022,11,9,"81,82",6,3,"66,67",2,"18,18",1,1,"9,09"
431400,PARAÍ,RS,07/2022,10,7,"70,00",5,2,"71,43",3,"30,00",2,1,"10,00"
431400,PARAÍ,RS,11/2022,12,10,"83,33",7,3,"70,00",2,"16,67",0,2,"16,67"
431402,PARAÍSO DO SUL,RS,11/2022,58,38,"65,52",35,3,"92,11",20,"34,48",5,15,"25,86"
431402,PARAÍSO DO SUL,RS,07/2022,56,34,"60,71",32,2,"94,12",22,"39,29",7,15,"26,79"
431402,PARAÍSO DO SUL,RS,09/2022,62,40,"64,52",36,4,"90,00",22,"35,48",6,16,"25,81"
431403,PARECI NOVO,RS,07/2022,15,7,"46,67",7,0,"100,00",8,"53,33",3,5,"33,33"
431403,PARECI NOVO,RS,09/2022,13,9,"69,23",6,3,"66,67",4,"30,77",0,4,"30,77"
431403,PARECI NOVO,RS,11/2022,17,7,"41,18",5,2,"71,43",10,"58,82",4,6,"35,29"
431405,PAROBÉ,RS,11/2022,356,280,"78,65",189,91,"67,50",76,"21,35",7,69,"19,38"
431405,PAROBÉ,RS,07/2022,322,206,"63,98",133,73,"64,56",116,"36,02",21,95,"29,50"
431405,PAROBÉ,RS,09/2022,359,282,"78,55",185,97,"65,60",77,"21,45",6,71,"19,78"
431406,PASSA SETE,RS,07/2022,34,28,"82,35",23,5,"82,14",6,"17,65",1,5,"14,71"
431406,PASSA SETE,RS,09/2022,37,30,"81,08",24,6,"80,00",7,"18,92",0,7,"18,92"
431406,PASSA SETE,RS,11/2022,31,25,"80,65",18,7,"72,00",6,"19,35",0,6,"19,35"
431407,PASSO DO SOBRADO,RS,11/2022,39,34,"87,18",24,10,"70,59",5,"12,82",0,5,"12,82"
431407,PASSO DO SOBRADO,RS,09/2022,45,37,"82,22",37,0,"100,00",8,"17,78",3,5,"11,11"
431407,PASSO DO SOBRADO,RS,07/2022,42,37,"88,10",37,0,"100,00",5,"11,90",0,5,"11,90"
431410,PASSO FUNDO,RS,09/2022,1146,633,"55,24",416,217,"65,72",513,"44,76",89,424,"37,00"
431410,PASSO FUNDO,RS,07/2022,1021,531,"52,01",377,154,"71,00",490,"47,99",90,400,"39,18"
431410,PASSO FUNDO,RS,11/2022,1143,703,"61,50",492,211,"69,99",440,"38,50",11,429,"37,53"
431413,PAULO BENTO,RS,11/2022,1,0,"0,00",0,0,,1,"100,00",1,0,"0,00"
431413,PAULO BENTO,RS,07/2022,1,0,"0,00",0,0,,1,"100,00",0,1,"100,00"
431413,PAULO BENTO,RS,09/2022,1,0,"0,00",0,0,,1,"100,00",0,1,"100,00"
431415,PAVERAMA,RS,07/2022,32,9,"28,13",5,4,"55,56",23,"71,88",13,10,"31,25"
431415,PAVERAMA,RS,09/2022,33,6,"18,18",1,5,"16,67",27,"81,82",16,11,"33,33"
431415,PAVERAMA,RS,11/2022,30,19,"63,33",12,7,"63,16",11,"36,67",1,10,"33,33"
431417,PEDRAS ALTAS,RS,11/2022,19,6,"31,58",5,1,"83,33",13,"68,42",0,13,"68,42"
431417,PEDRAS ALTAS,RS,09/2022,21,6,"28,57",4,2,"66,67",15,"71,43",1,14,"66,67"
431417,PEDRAS ALTAS,RS,07/2022,21,7,"33,33",6,1,"85,71",14,"66,67",0,14,"66,67"
431420,PEDRO OSÓRIO,RS,07/2022,107,77,"71,96",66,11,"85,71",30,"28,04",1,29,"27,10"
431420,PEDRO OSÓRIO,RS,09/2022,119,80,"67,23",64,16,"80,00",39,"32,77",4,35,"29,41"
431420,PEDRO OSÓRIO,RS,11/2022,119,77,"64,71",58,19,"75,32",42,"35,29",5,37,"31,09"
431430,PEJUÇARA,RS,11/2022,15,10,"66,67",5,5,"50,00",5,"33,33",1,4,"26,67"
431430,PEJUÇARA,RS,09/2022,14,11,"78,57",5,6,"45,45",3,"21,43",0,3,"21,43"
431430,PEJUÇARA,RS,07/2022,15,10,"66,67",6,4,"60,00",5,"33,33",2,3,"20,00"
431440,PELOTAS,RS,09/2022,1973,1124,"56,97",845,279,"75,18",849,"43,03",166,683,"34,62"
431440,PELOTAS,RS,07/2022,1780,968,"54,38",758,210,"78,31",812,"45,62",208,604,"33,93"
431440,PELOTAS,RS,11/2022,2040,1355,"66,42",1113,242,"82,14",685,"33,58",54,631,"30,93"
431442,PICADA CAFÉ,RS,11/2022,3,1,"33,33",0,1,"0,00",2,"66,67",0,2,"66,67"
431442,PICADA CAFÉ,RS,07/2022,2,0,"0,00",0,0,,2,"100,00",0,2,"100,00"
431442,PICADA CAFÉ,RS,09/2022,3,1,"33,33",1,0,"100,00",2,"66,67",0,2,"66,67"
431445,PINHAL,RS,07/2022,4,4,"100,00",4,0,"100,00",0,"0,00",0,0,"0,00"
431445,PINHAL,RS,09/2022,4,4,"100,00",3,1,"75,00",0,"0,00",0,0,"0,00"
431445,PINHAL,RS,11/2022,6,5,"83,33",5,0,"100,00",1,"16,67",0,1,"16,67"
431446,PINHAL DA SERRA,RS,11/2022,21,21,"100,00",19,2,"90,48",0,"0,00",0,0,"0,00"
431446,PINHAL DA SERRA,RS,09/2022,25,24,"96,00",17,7,"70,83",1,"4,00",0,1,"4,00"
431446,PINHAL DA SERRA,RS,07/2022,21,20,"95,24",20,0,"100,00",1,"4,76",0,1,"4,76"
431447,PINHAL GRANDE,RS,09/2022,34,34,"100,00",23,11,"67,65",0,"0,00",0,0,"0,00"
431447,PINHAL GRANDE,RS,07/2022,37,37,"100,00",25,12,"67,57",0,"0,00",0,0,"0,00"
431447,PINHAL GRANDE,RS,11/2022,33,33,"100,00",23,10,"69,70",0,"0,00",0,0,"0,00"
431449,PINHEIRINHO DO VALE,RS,11/2022,47,29,"61,70",17,12,"58,62",18,"38,30",1,17,"36,17"
431449,PINHEIRINHO DO VALE,RS,07/2022,42,30,"71,43",23,7,"76,67",12,"28,57",0,12,"28,57"
431449,PINHEIRINHO DO VALE,RS,09/2022,51,34,"66,67",26,8,"76,47",17,"33,33",1,16,"31,37"
431450,PINHEIRO MACHADO,RS,07/2022,127,104,"81,89",77,27,"74,04",23,"18,11",8,15,"11,81"
431450,PINHEIRO MACHADO,RS,09/2022,134,118,"88,06",71,47,"60,17",16,"11,94",14,2,"1,49"
431450,PINHEIRO MACHADO,RS,11/2022,133,124,"93,23",85,39,"68,55",9,"6,77",7,2,"1,50"
431454,PINTO BANDEIRA,RS,11/2022,1,1,"100,00",1,0,"100,00",0,"0,00",0,0,"0,00"
431454,PINTO BANDEIRA,RS,07/2022,1,1,"100,00",1,0,"100,00",0,"0,00",0,0,"0,00"
431454,PINTO BANDEIRA,RS,09/2022,1,1,"100,00",1,0,"100,00",0,"0,00",0,0,"0,00"
431455,PIRAPÓ,RS,07/2022,16,15,"93,75",15,0,"100,00",1,"6,25",0,1,"6,25"
431455,PIRAPÓ,RS,09/2022,19,17,"89,47",17,0,"100,00",2,"10,53",1,1,"5,26"
431455,PIRAPÓ,RS,11/2022,19,17,"89,47",17,0,"100,00",2,"10,53",1,1,"5,26"
431460,PIRATINI,RS,11/2022,165,122,"73,94",97,25,"79,51",43,"26,06",1,42,"25,45"
431460,PIRATINI,RS,07/2022,160,122,"76,25",92,30,"75,41",38,"23,75",1,37,"23,13"
431460,PIRATINI,RS,09/2022,183,137,"74,86",104,33,"75,91",46,"25,14",2,44,"24,04"
431470,PLANALTO,RS,07/2022,86,63,"73,26",55,8,"87,30",23,"26,74",2,21,"24,42"
431470,PLANALTO,RS,09/2022,82,55,"67,07",47,8,"85,45",27,"32,93",7,20,"24,39"
431470,PLANALTO,RS,11/2022,79,58,"73,42",53,5,"91,38",21,"26,58",0,21,"26,58"
431475,POÇO DAS ANTAS,RS,11/2022,1,1,"100,00",0,1,"0,00",0,"0,00",0,0,"0,00"
431475,POÇO DAS ANTAS,RS,09/2022,2,2,"100,00",1,1,"50,00",0,"0,00",0,0,"0,00"
431475,POÇO DAS ANTAS,RS,07/2022,3,3,"100,00",3,0,"100,00",0,"0,00",0,0,"0,00"
431477,PONTÃO,RS,09/2022,17,12,"70,59",9,3,"75,00",5,"29,41",0,5,"29,41"
431477,PONTÃO,RS,07/2022,20,13,"65,00",11,2,"84,62",7,"35,00",1,6,"30,00"
431477,PONTÃO,RS,11/2022,17,12,"70,59",12,0,"100,00",5,"29,41",1,4,"23,53"
431478,PONTE PRETA,RS,11/2022,3,2,"66,67",2,0,"100,00",1,"33,33",0,1,"33,33"
431478,PONTE PRETA,RS,09/2022,4,4,"100,00",4,0,"100,00",0,"0,00",0,0,"0,00"
431478,PONTE PRETA,RS,07/2022,4,4,"100,00",4,0,"100,00",0,"0,00",0,0,"0,00"
431480,PORTÃO,RS,07/2022,255,85,"33,33",55,30,"64,71",170,"66,67",142,28,"10,98"
431480,PORTÃO,RS,09/2022,268,174,"64,93",128,46,"73,56",94,"35,07",36,58,"21,64"
431480,PORTÃO,RS,11/2022,252,182,"72,22",127,55,"69,78",70,"27,78",9,61,"24,21"
431490,PORTO ALEGRE,RS,11/2022,8758,8296,"94,72",6773,1523,"81,64",462,"5,28",23,439,"5,01"
431490,PORTO ALEGRE,RS,09/2022,8751,7531,"86,06",6399,1132,"84,97",1220,"13,94",26,1194,"13,64"
431490,PORTO ALEGRE,RS,07/2022,7902,6552,"82,92",5848,704,"89,26",1350,"17,08",25,1325,"16,77"
431500,PORTO LUCENA,RS,07/2022,30,26,"86,67",23,3,"88,46",4,"13,33",0,4,"13,33"
431500,PORTO LUCENA,RS,09/2022,33,29,"87,88",23,6,"79,31",4,"12,12",0,4,"12,12"
431500,PORTO LUCENA,RS,11/2022,28,25,"89,29",22,3,"88,00",3,"10,71",0,3,"10,71"
431505,PORTO MAUÁ,RS,11/2022,23,17,"73,91",10,7,"58,82",6,"26,09",4,2,"8,70"
431505,PORTO MAUÁ,RS,07/2022,21,13,"61,90",7,6,"53,85",8,"38,10",6,2,"9,52"
431505,PORTO MAUÁ,RS,09/2022,18,14,"77,78",8,6,"57,14",4,"22,22",3,1,"5,56"
431507,PORTO VERA CRUZ,RS,09/2022,5,5,"100,00",5,0,"100,00",0,"0,00",0,0,"0,00"
431507,PORTO VERA CRUZ,RS,07/2022,5,5,"100,00",5,0,"100,00",0,"0,00",0,0,"0,00"
431507,PORTO VERA CRUZ,RS,11/2022,7,7,"100,00",7,0,"100,00",0,"0,00",0,0,"0,00"
431510,PORTO XAVIER,RS,11/2022,96,90,"93,75",69,21,"76,67",6,"6,25",0,6,"6,25"
431510,PORTO XAVIER,RS,09/2022,98,93,"94,90",67,26,"72,04",5,"5,10",1,4,"4,08"
431510,PORTO XAVIER,RS,07/2022,85,78,"91,76",59,19,"75,64",7,"8,24",1,6,"7,06"
431513,POUSO NOVO,RS,07/2022,5,5,"100,00",3,2,"60,00",0,"0,00",0,0,"0,00"
431513,POUSO NOVO,RS,09/2022,4,0,"0,00",0,0,,4,"100,00",4,0,"0,00"
431513,POUSO NOVO,RS,11/2022,4,4,"100,00",3,1,"75,00",0,"0,00",0,0,"0,00"
431514,PRESIDENTE LUCENA,RS,11/2022,3,1,"33,33",1,0,"100,00",2,"66,67",2,0,"0,00"
431514,PRESIDENTE LUCENA,RS,07/2022,3,3,"100,00",3,0,"100,00",0,"0,00",0,0,"0,00"
431514,PRESIDENTE LUCENA,RS,09/2022,3,3,"100,00",3,0,"100,00",0,"0,00",0,0,"0,00"
431515,PROGRESSO,RS,09/2022,38,32,"84,21",22,10,"68,75",6,"15,79",3,3,"7,89"
431515,PROGRESSO,RS,07/2022,36,32,"88,89",24,8,"75,00",4,"11,11",0,4,"11,11"
431515,PROGRESSO,RS,11/2022,39,35,"89,74",24,11,"68,57",4,"10,26",0,4,"10,26"
431517,PROTÁSIO ALVES,RS,11/2022,5,5,"100,00",3,2,"60,00",0,"0,00",0,0,"0,00"
431517,PROTÁSIO ALVES,RS,07/2022,1,1,"100,00",1,0,"100,00",0,"0,00",0,0,"0,00"
431517,PROTÁSIO ALVES,RS,09/2022,3,3,"100,00",3,0,"100,00",0,"0,00",0,0,"0,00"
431520,PUTINGA,RS,07/2022,14,12,"85,71",7,5,"58,33",2,"14,29",0,2,"14,29"
431520,PUTINGA,RS,09/2022,17,15,"88,24",8,7,"53,33",2,"11,76",0,2,"11,76"
431520,PUTINGA,RS,11/2022,17,15,"88,24",12,3,"80,00",2,"11,76",0,2,"11,76"
431530,QUARAÍ,RS,11/2022,240,204,"85,00",181,23,"88,73",36,"15,00",0,36,"15,00"
431530,QUARAÍ,RS,07/2022,210,175,"83,33",159,16,"90,86",35,"16,67",0,35,"16,67"
431530,QUARAÍ,RS,09/2022,226,194,"85,84",172,22,"88,66",32,"14,16",2,30,"13,27"
431531,QUATRO IRMÃOS,RS,07/2022,6,6,"100,00",3,3,"50,00",0,"0,00",0,0,"0,00"
431531,QUATRO IRMÃOS,RS,09/2022,7,6,"85,71",5,1,"83,33",1,"14,29",1,0,"0,00"
431531,QUATRO IRMÃOS,RS,11/2022,6,6,"100,00",4,2,"66,67",0,"0,00",0,0,"0,00"
431532,QUEVEDOS,RS,11/2022,31,26,"83,87",21,5,"80,77",5,"16,13",0,5,"16,13"
431532,QUEVEDOS,RS,07/2022,28,25,"89,29",18,7,"72,00",3,"10,71",0,3,"10,71"
431532,QUEVEDOS,RS,09/2022,29,25,"86,21",18,7,"72,00",4,"13,79",1,3,"10,34"
431535,QUINZE DE NOVEMBRO,RS,07/2022,6,6,"100,00",3,3,"50,00",0,"0,00",0,0,"0,00"
431535,QUINZE DE NOVEMBRO,RS,09/2022,6,6,"100,00",2,4,"33,33",0,"0,00",0,0,"0,00"
431535,QUINZE DE NOVEMBRO,RS,11/2022,6,6,"100,00",2,4,"33,33",0,"0,00",0,0,"0,00"
431540,REDENTORA,RS,11/2022,230,111,"48,26",111,0,"100,00",119,"51,74",105,14,"6,09"
431540,REDENTORA,RS,09/2022,255,135,"52,94",135,0,"100,00",120,"47,06",103,17,"6,67"
431540,REDENTORA,RS,07/2022,243,196,"80,66",196,0,"100,00",47,"19,34",31,16,"6,58"
431545,RELVADO,RS,09/2022,7,6,"85,71",5,1,"83,33",1,"14,29",1,0,"0,00"
431545,RELVADO,RS,07/2022,6,6,"100,00",4,2,"66,67",0,"0,00",0,0,"0,00"
431545,RELVADO,RS,11/2022,6,6,"100,00",6,0,"100,00",0,"0,00",0,0,"0,00"
431550,RESTINGA SECA,RS,11/2022,141,129,"91,49",100,29,"77,52",12,"8,51",2,10,"7,09"
431550,RESTINGA SECA,RS,07/2022,142,44,"30,99",26,18,"59,09",98,"69,01",63,35,"24,65"
431550,RESTINGA SECA,RS,09/2022,154,134,"87,01",105,29,"78,36",20,"12,99",6,14,"9,09"
431555,RIO DOS ÍNDIOS,RS,09/2022,34,0,"0,00",0,0,,34,"100,00",29,5,"14,71"
431555,RIO DOS ÍNDIOS,RS,07/2022,39,30,"76,92",28,2,"93,33",9,"23,08",3,6,"15,38"
431555,RIO DOS ÍNDIOS,RS,11/2022,32,26,"81,25",26,0,"100,00",6,"18,75",2,4,"12,50"
431560,RIO GRANDE,RS,11/2022,1453,1202,"82,73",936,266,"77,87",251,"17,27",2,249,"17,14"
431560,RIO GRANDE,RS,07/2022,1422,1233,"86,71",987,246,"80,05",189,"13,29",6,183,"12,87"
431560,RIO GRANDE,RS,09/2022,1510,1222,"80,93",898,324,"73,49",288,"19,07",8,280,"18,54"
431570,RIO PARDO,RS,09/2022,394,348,"88,32",280,68,"80,46",46,"11,68",3,43,"10,91"
431570,RIO PARDO,RS,07/2022,360,313,"86,94",257,56,"82,11",47,"13,06",3,44,"12,22"
431570,RIO PARDO,RS,11/2022,385,348,"90,39",292,56,"83,91",37,"9,61",2,35,"9,09"
431575,RIOZINHO,RS,11/2022,15,4,"26,67",3,1,"75,00",11,"73,33",5,6,"40,00"
431575,RIOZINHO,RS,09/2022,16,9,"56,25",8,1,"88,89",7,"43,75",0,7,"43,75"
431575,RIOZINHO,RS,07/2022,16,6,"37,50",6,0,"100,00",10,"62,50",2,8,"50,00"
431580,ROCA SALES,RS,07/2022,38,32,"84,21",32,0,"100,00",6,"15,79",0,6,"15,79"
431580,ROCA SALES,RS,09/2022,32,0,"0,00",0,0,,32,"100,00",27,5,"15,63"
431580,ROCA SALES,RS,11/2022,38,31,"81,58",31,0,"100,00",7,"18,42",0,7,"18,42"
431590,RODEIO BONITO,RS,11/2022,45,20,"44,44",16,4,"80,00",25,"55,56",0,25,"55,56"
431590,RODEIO BONITO,RS,07/2022,43,26,"60,47",20,6,"76,92",17,"39,53",5,12,"27,91"
431590,RODEIO BONITO,RS,09/2022,49,25,"51,02",21,4,"84,00",24,"48,98",1,23,"46,94"
431595,ROLADOR,RS,07/2022,13,11,"84,62",10,1,"90,91",2,"15,38",1,1,"7,69"
431595,ROLADOR,RS,09/2022,13,12,"92,31",12,0,"100,00",1,"7,69",0,1,"7,69"
431595,ROLADOR,RS,11/2022,18,17,"94,44",17,0,"100,00",1,"5,56",0,1,"5,56"
431600,ROLANTE,RS,11/2022,92,65,"70,65",42,23,"64,62",27,"29,35",1,26,"28,26"
431600,ROLANTE,RS,09/2022,86,56,"65,12",39,17,"69,64",30,"34,88",1,29,"33,72"
431600,ROLANTE,RS,07/2022,78,54,"69,23",40,14,"74,07",24,"30,77",1,23,"29,49"
431610,RONDA ALTA,RS,07/2022,66,49,"74,24",29,20,"59,18",17,"25,76",2,15,"22,73"
431610,RONDA ALTA,RS,09/2022,69,59,"85,51",40,19,"67,80",10,"14,49",0,10,"14,49"
431610,RONDA ALTA,RS,11/2022,71,61,"85,92",43,18,"70,49",10,"14,08",1,9,"12,68"
431620,RONDINHA,RS,11/2022,20,19,"95,00",19,0,"100,00",1,"5,00",0,1,"5,00"
431620,RONDINHA,RS,07/2022,17,14,"82,35",14,0,"100,00",3,"17,65",0,3,"17,65"
431620,RONDINHA,RS,09/2022,22,18,"81,82",18,0,"100,00",4,"18,18",1,3,"13,64"
431630,ROQUE GONZALES,RS,07/2022,42,32,"76,19",30,2,"93,75",10,"23,81",2,8,"19,05"
431630,ROQUE GONZALES,RS,09/2022,45,35,"77,78",34,1,"97,14",10,"22,22",2,8,"17,78"
431630,ROQUE GONZALES,RS,11/2022,47,39,"82,98",36,3,"92,31",8,"17,02",1,7,"14,89"
431640,ROSÁRIO DO SUL,RS,11/2022,592,513,"86,66",512,1,"99,81",79,"13,34",5,74,"12,50"
431640,ROSÁRIO DO SUL,RS,07/2022,580,529,"91,21",514,15,"97,16",51,"8,79",11,40,"6,90"
431640,ROSÁRIO DO SUL,RS,09/2022,639,556,"87,01",556,0,"100,00",83,"12,99",3,80,"12,52"
431642,SAGRADA FAMÍLIA,RS,09/2022,31,29,"93,55",27,2,"93,10",2,"6,45",1,1,"3,23"
431642,SAGRADA FAMÍLIA,RS,07/2022,29,27,"93,10",22,5,"81,48",2,"6,90",2,0,"0,00"
431642,SAGRADA FAMÍLIA,RS,11/2022,26,26,"100,00",22,4,"84,62",0,"0,00",0,0,"0,00"
431643,SALDANHA MARINHO,RS,11/2022,1,0,"0,00",0,0,,1,"100,00",1,0,"0,00"
431643,SALDANHA MARINHO,RS,09/2022,2,2,"100,00",2,0,"100,00",0,"0,00",0,0,"0,00"
431643,SALDANHA MARINHO,RS,07/2022,3,2,"66,67",2,0,"100,00",1,"33,33",1,0,"0,00"
431645,SALTO DO JACUÍ,RS,07/2022,133,106,"79,70",65,41,"61,32",27,"20,30",9,18,"13,53"
431645,SALTO DO JACUÍ,RS,09/2022,140,117,"83,57",77,40,"65,81",23,"16,43",4,19,"13,57"
431645,SALTO DO JACUÍ,RS,11/2022,135,113,"83,70",80,33,"70,80",22,"16,30",1,21,"15,56"
431647,SALVADOR DAS MISSÕES,RS,11/2022,5,4,"80,00",3,1,"75,00",1,"20,00",0,1,"20,00"
431647,SALVADOR DAS MISSÕES,RS,09/2022,5,2,"40,00",2,0,"100,00",3,"60,00",1,2,"40,00"
431647,SALVADOR DAS MISSÕES,RS,07/2022,3,2,"66,67",1,1,"50,00",1,"33,33",0,1,"33,33"
431650,SALVADOR DO SUL,RS,09/2022,7,6,"85,71",4,2,"66,67",1,"14,29",1,0,"0,00"
431650,SALVADOR DO SUL,RS,07/2022,5,5,"100,00",3,2,"60,00",0,"0,00",0,0,"0,00"
431650,SALVADOR DO SUL,RS,11/2022,9,9,"100,00",7,2,"77,78",0,"0,00",0,0,"0,00"
431660,SANANDUVA,RS,11/2022,41,35,"85,37",28,7,"80,00",6,"14,63",4,2,"4,88"
431660,SANANDUVA,RS,07/2022,33,26,"78,79",20,6,"76,92",7,"21,21",3,4,"12,12"
431660,SANANDUVA,RS,09/2022,44,35,"79,55",27,8,"77,14",9,"20,45",5,4,"9,09"
431670,SANTA BÁRBARA DO SUL,RS,07/2022,56,30,"53,57",25,5,"83,33",26,"46,43",4,22,"39,29"
431670,SANTA BÁRBARA DO SUL,RS,09/2022,60,43,"71,67",37,6,"86,05",17,"28,33",2,15,"25,00"
431670,SANTA BÁRBARA DO SUL,RS,11/2022,62,46,"74,19",42,4,"91,30",16,"25,81",0,16,"25,81"
431673,SANTA CECÍLIA DO SUL,RS,11/2022,5,4,"80,00",3,1,"75,00",1,"20,00",0,1,"20,00"
431673,SANTA CECÍLIA DO SUL,RS,09/2022,3,3,"100,00",2,1,"66,67",0,"0,00",0,0,"0,00"
431673,SANTA CECÍLIA DO SUL,RS,07/2022,3,3,"100,00",2,1,"66,67",0,"0,00",0,0,"0,00"
431675,SANTA CLARA DO SUL,RS,09/2022,12,8,"66,67",4,4,"50,00",4,"33,33",0,4,"33,33"
431675,SANTA CLARA DO SUL,RS,07/2022,10,7,"70,00",3,4,"42,86",3,"30,00",0,3,"30,00"
431675,SANTA CLARA DO SUL,RS,11/2022,11,7,"63,64",3,4,"42,86",4,"36,36",0,4,"36,36"
431680,SANTA CRUZ DO SUL,RS,11/2022,626,482,"77,00",350,132,"72,61",144,"23,00",9,135,"21,57"
431680,SANTA CRUZ DO SUL,RS,07/2022,604,395,"65,40",286,109,"72,41",209,"34,60",26,183,"30,30"
431680,SANTA CRUZ DO SUL,RS,09/2022,619,414,"66,88",290,124,"70,05",205,"33,12",21,184,"29,73"
431690,SANTA MARIA,RS,07/2022,1580,1149,"72,72",1036,113,"90,17",431,"27,28",19,412,"26,08"
431690,SANTA MARIA,RS,09/2022,1714,1278,"74,56",1090,188,"85,29",436,"25,44",9,427,"24,91"
431690,SANTA MARIA,RS,11/2022,1693,1310,"77,38",1141,169,"87,10",383,"22,62",6,377,"22,27"
431695,SANTA MARIA DO HERVAL,RS,11/2022,8,4,"50,00",4,0,"100,00",4,"50,00",0,4,"50,00"
431695,SANTA MARIA DO HERVAL,RS,07/2022,9,5,"55,56",5,0,"100,00",4,"44,44",0,4,"44,44"
431695,SANTA MARIA DO HERVAL,RS,09/2022,9,5,"55,56",5,0,"100,00",4,"44,44",0,4,"44,44"
431697,SANTA MARGARIDA DO SUL,RS,09/2022,33,13,"39,39",11,2,"84,62",20,"60,61",1,19,"57,58"
431697,SANTA MARGARIDA DO SUL,RS,07/2022,31,13,"41,94",11,2,"84,62",18,"58,06",0,18,"58,06"
431697,SANTA MARGARIDA DO SUL,RS,11/2022,30,11,"36,67",8,3,"72,73",19,"63,33",0,19,"63,33"
431700,SANTANA DA BOA VISTA,RS,11/2022,106,98,"92,45",98,0,"100,00",8,"7,55",4,4,"3,77"
431700,SANTANA DA BOA VISTA,RS,07/2022,101,0,"0,00",0,0,,101,"100,00",99,2,"1,98"
431700,SANTANA DA BOA VISTA,RS,09/2022,109,0,"0,00",0,0,,109,"100,00",106,3,"2,75"
431710,SANTANA DO LIVRAMENTO,RS,09/2022,958,708,"73,90",706,2,"99,72",250,"26,10",9,241,"25,16"
431710,SANTANA DO LIVRAMENTO,RS,07/2022,887,700,"78,92",666,34,"95,14",187,"21,08",3,184,"20,74"
431710,SANTANA DO LIVRAMENTO,RS,11/2022,981,733,"74,72",712,21,"97,14",248,"25,28",2,246,"25,08"
431720,SANTA ROSA,RS,11/2022,264,257,"97,35",209,48,"81,32",7,"2,65",2,5,"1,89"
431720,SANTA ROSA,RS,07/2022,256,219,"85,55",206,13,"94,06",37,"14,45",5,32,"12,50"
431720,SANTA ROSA,RS,09/2022,274,258,"94,16",220,38,"85,27",16,"5,84",1,15,"5,47"
431725,SANTA TEREZA,RS,09/2022,5,5,"100,00",5,0,"100,00",0,"0,00",0,0,"0,00"
431725,SANTA TEREZA,RS,07/2022,4,4,"100,00",4,0,"100,00",0,"0,00",0,0,"0,00"
431725,SANTA TEREZA,RS,11/2022,5,5,"100,00",5,0,"100,00",0,"0,00",0,0,"0,00"
431730,SANTA VITÓRIA DO PALMAR,RS,11/2022,287,215,"74,91",194,21,"90,23",72,"25,09",1,71,"24,74"
431730,SANTA VITÓRIA DO PALMAR,RS,09/2022,284,209,"73,59",176,33,"84,21",75,"26,41",1,74,"26,06"
431730,SANTA VITÓRIA DO PALMAR,RS,07/2022,262,200,"76,34",164,36,"82,00",62,"23,66",0,62,"23,66"
431740,SANTIAGO,RS,09/2022,282,224,"79,43",164,60,"73,21",58,"20,57",5,53,"18,79"
431740,SANTIAGO,RS,07/2022,258,189,"73,26",137,52,"72,49",69,"26,74",20,49,"18,99"
431740,SANTIAGO,RS,11/2022,266,211,"79,32",174,37,"82,46",55,"20,68",13,42,"15,79"
431750,SANTO ÂNGELO,RS,11/2022,570,366,"64,21",268,98,"73,22",204,"35,79",0,204,"35,79"
431750,SANTO ÂNGELO,RS,09/2022,611,388,"63,50",272,116,"70,10",223,"36,50",1,222,"36,33"
431750,SANTO ÂNGELO,RS,07/2022,583,350,"60,03",256,94,"73,14",233,"39,97",5,228,"39,11"
431755,SANTO ANTÔNIO DO PALMA,RS,09/2022,4,3,"75,00",3,0,"100,00",1,"25,00",0,1,"25,00"
431755,SANTO ANTÔNIO DO PALMA,RS,07/2022,3,2,"66,67",2,0,"100,00",1,"33,33",0,1,"33,33"
431755,SANTO ANTÔNIO DO PALMA,RS,11/2022,4,3,"75,00",2,1,"66,67",1,"25,00",0,1,"25,00"
431760,SANTO ANTÔNIO DA PATRULHA,RS,11/2022,263,218,"82,89",162,56,"74,31",45,"17,11",1,44,"16,73"
431760,SANTO ANTÔNIO DA PATRULHA,RS,09/2022,288,232,"80,56",159,73,"68,53",56,"19,44",0,56,"19,44"
431760,SANTO ANTÔNIO DA PATRULHA,RS,07/2022,280,185,"66,07",129,56,"69,73",95,"33,93",3,92,"32,86"
431770,SANTO ANTÔNIO DAS MISSÕES,RS,09/2022,170,135,"79,41",100,35,"74,07",35,"20,59",13,22,"12,94"
431770,SANTO ANTÔNIO DAS MISSÕES,RS,07/2022,162,129,"79,63",96,33,"74,42",33,"20,37",10,23,"14,20"
431770,SANTO ANTÔNIO DAS MISSÕES,RS,11/2022,145,123,"84,83",92,31,"74,80",22,"15,17",6,16,"11,03"
431775,SANTO ANTÔNIO DO PLANALTO,RS,11/2022,5,4,"80,00",4,0,"100,00",1,"20,00",1,0,"0,00"
431775,SANTO ANTÔNIO DO PLANALTO,RS,09/2022,5,5,"100,00",4,1,"80,00",0,"0,00",0,0,"0,00"
431775,SANTO ANTÔNIO DO PLANALTO,RS,07/2022,4,4,"100,00",4,0,"100,00",0,"0,00",0,0,"0,00"
431780,SANTO AUGUSTO,RS,07/2022,97,78,"80,41",62,16,"79,49",19,"19,59",4,15,"15,46"
431780,SANTO AUGUSTO,RS,09/2022,107,88,"82,24",66,22,"75,00",19,"17,76",4,15,"14,02"
431780,SANTO AUGUSTO,RS,11/2022,101,83,"82,18",62,21,"74,70",18,"17,82",4,14,"13,86"
431790,SANTO CRISTO,RS,11/2022,49,49,"100,00",33,16,"67,35",0,"0,00",0,0,"0,00"
431790,SANTO CRISTO,RS,07/2022,49,48,"97,96",25,23,"52,08",1,"2,04",0,1,"2,04"
431790,SANTO CRISTO,RS,09/2022,48,48,"100,00",31,17,"64,58",0,"0,00",0,0,"0,00"
431795,SANTO EXPEDITO DO SUL,RS,09/2022,6,4,"66,67",3,1,"75,00",2,"33,33",0,2,"33,33"
431795,SANTO EXPEDITO DO SUL,RS,07/2022,6,4,"66,67",3,1,"75,00",2,"33,33",0,2,"33,33"
431795,SANTO EXPEDITO DO SUL,RS,11/2022,4,3,"75,00",3,0,"100,00",1,"25,00",0,1,"25,00"
431800,SÃO BORJA,RS,11/2022,335,277,"82,69",225,52,"81,23",58,"17,31",5,53,"15,82"
431800,SÃO BORJA,RS,09/2022,361,290,"80,33",239,51,"82,41",71,"19,67",10,61,"16,90"
431800,SÃO BORJA,RS,07/2022,354,296,"83,62",276,20,"93,24",58,"16,38",11,47,"13,28"
431805,SÃO DOMINGOS DO SUL,RS,09/2022,1,0,"0,00",0,0,,1,"100,00",0,1,"100,00"
431805,SÃO DOMINGOS DO SUL,RS,07/2022,1,0,"0,00",0,0,,1,"100,00",0,1,"100,00"
431805,SÃO DOMINGOS DO SUL,RS,11/2022,1,1,"100,00",1,0,"100,00",0,"0,00",0,0,"0,00"
431810,SÃO FRANCISCO DE ASSIS,RS,11/2022,160,134,"83,75",117,17,"87,31",26,"16,25",1,25,"15,63"
431810,SÃO FRANCISCO DE ASSIS,RS,07/2022,152,131,"86,18",97,34,"74,05",21,"13,82",2,19,"12,50"
431810,SÃO FRANCISCO DE ASSIS,RS,09/2022,165,140,"84,85",104,36,"74,29",25,"15,15",1,24,"14,55"
431820,SÃO FRANCISCO DE PAULA,RS,09/2022,215,143,"66,51",83,60,"58,04",72,"33,49",4,68,"31,63"
431820,SÃO FRANCISCO DE PAULA,RS,07/2022,210,142,"67,62",98,44,"69,01",68,"32,38",5,63,"30,00"
431820,SÃO FRANCISCO DE PAULA,RS,11/2022,209,148,"70,81",87,61,"58,78",61,"29,19",0,61,"29,19"
431830,SÃO GABRIEL,RS,11/2022,498,257,"51,61",232,25,"90,27",241,"48,39",0,241,"48,39"
431830,SÃO GABRIEL,RS,07/2022,498,298,"59,84",278,20,"93,29",200,"40,16",10,190,"38,15"
431830,SÃO GABRIEL,RS,09/2022,518,315,"60,81",315,0,"100,00",203,"39,19",1,202,"39,00"
431840,SÃO JERÔNIMO,RS,07/2022,232,149,"64,22",103,46,"69,13",83,"35,78",0,83,"35,78"
431840,SÃO JERÔNIMO,RS,09/2022,245,139,"56,73",104,35,"74,82",106,"43,27",1,105,"42,86"
431840,SÃO JERÔNIMO,RS,11/2022,250,134,"53,60",102,32,"76,12",116,"46,40",0,116,"46,40"
431842,SÃO JOÃO DA URTIGA,RS,11/2022,11,10,"90,91",9,1,"90,00",1,"9,09",0,1,"9,09"
431842,SÃO JOÃO DA URTIGA,RS,09/2022,13,12,"92,31",9,3,"75,00",1,"7,69",0,1,"7,69"
431842,SÃO JOÃO DA URTIGA,RS,07/2022,11,10,"90,91",6,4,"60,00",1,"9,09",0,1,"9,09"
431843,SÃO JOÃO DO POLÊSINE,RS,09/2022,15,15,"100,00",14,1,"93,33",0,"0,00",0,0,"0,00"
431843,SÃO JOÃO DO POLÊSINE,RS,07/2022,12,12,"100,00",11,1,"91,67",0,"0,00",0,0,"0,00"
431843,SÃO JOÃO DO POLÊSINE,RS,11/2022,15,15,"100,00",13,2,"86,67",0,"0,00",0,0,"0,00"
431844,SÃO JORGE,RS,11/2022,4,4,"100,00",3,1,"75,00",0,"0,00",0,0,"0,00"
431844,SÃO JORGE,RS,09/2022,3,3,"100,00",3,0,"100,00",0,"0,00",0,0,"0,00"
431844,SÃO JORGE,RS,07/2022,5,3,"60,00",3,0,"100,00",2,"40,00",0,2,"40,00"
431845,SÃO JOSÉ DAS MISSÕES,RS,09/2022,35,28,"80,00",23,5,"82,14",7,"20,00",1,6,"17,14"
431845,SÃO JOSÉ DAS MISSÕES,RS,07/2022,33,26,"78,79",24,2,"92,31",7,"21,21",1,6,"18,18"
431845,SÃO JOSÉ DAS MISSÕES,RS,11/2022,31,28,"90,32",26,2,"92,86",3,"9,68",0,3,"9,68"
431846,SÃO JOSÉ DO HERVAL,RS,11/2022,31,18,"58,06",15,3,"83,33",13,"41,94",0,13,"41,94"
431846,SÃO JOSÉ DO HERVAL,RS,07/2022,33,19,"57,58",16,3,"84,21",14,"42,42",1,13,"39,39"
431846,SÃO JOSÉ DO HERVAL,RS,09/2022,33,20,"60,61",17,3,"85,00",13,"39,39",0,13,"39,39"
431848,SÃO JOSÉ DO HORTÊNCIO,RS,07/2022,5,1,"20,00",1,0,"100,00",4,"80,00",2,2,"40,00"
431848,SÃO JOSÉ DO HORTÊNCIO,RS,09/2022,6,4,"66,67",4,0,"100,00",2,"33,33",0,2,"33,33"
431848,SÃO JOSÉ DO HORTÊNCIO,RS,11/2022,6,3,"50,00",3,0,"100,00",3,"50,00",0,3,"50,00"
431849,SÃO JOSÉ DO INHACORÁ,RS,11/2022,2,2,"100,00",2,0,"100,00",0,"0,00",0,0,"0,00"
431849,SÃO JOSÉ DO INHACORÁ,RS,09/2022,3,1,"33,33",1,0,"100,00",2,"66,67",2,0,"0,00"
431849,SÃO JOSÉ DO INHACORÁ,RS,07/2022,1,1,"100,00",1,0,"100,00",0,"0,00",0,0,"0,00"
431850,SÃO JOSÉ DO NORTE,RS,09/2022,256,166,"64,84",141,25,"84,94",90,"35,16",51,39,"15,23"
431850,SÃO JOSÉ DO NORTE,RS,07/2022,247,219,"88,66",193,26,"88,13",28,"11,34",2,26,"10,53"
431850,SÃO JOSÉ DO NORTE,RS,11/2022,253,220,"86,96",188,32,"85,45",33,"13,04",0,33,"13,04"
431860,SÃO JOSÉ DO OURO,RS,11/2022,30,28,"93,33",24,4,"85,71",2,"6,67",0,2,"6,67"
431860,SÃO JOSÉ DO OURO,RS,07/2022,29,14,"48,28",10,4,"71,43",15,"51,72",13,2,"6,90"
431860,SÃO JOSÉ DO OURO,RS,09/2022,33,19,"57,58",11,8,"57,89",14,"42,42",11,3,"9,09"
431861,SÃO JOSÉ DO SUL,RS,07/2022,7,5,"71,43",4,1,"80,00",2,"28,57",0,2,"28,57"
431861,SÃO JOSÉ DO SUL,RS,09/2022,9,7,"77,78",6,1,"85,71",2,"22,22",0,2,"22,22"
431861,SÃO JOSÉ DO SUL,RS,11/2022,12,8,"66,67",7,1,"87,50",4,"33,33",1,3,"25,00"
431862,SÃO JOSÉ DOS AUSENTES,RS,11/2022,42,30,"71,43",22,8,"73,33",12,"28,57",0,12,"28,57"
431862,SÃO JOSÉ DOS AUSENTES,RS,07/2022,43,29,"67,44",20,9,"68,97",14,"32,56",0,14,"32,56"
431862,SÃO JOSÉ DOS AUSENTES,RS,09/2022,49,28,"57,14",18,10,"64,29",21,"42,86",2,19,"38,78"
431870,SÃO LEOPOLDO,RS,09/2022,1663,1234,"74,20",982,252,"79,58",429,"25,80",44,385,"23,15"
431870,SÃO LEOPOLDO,RS,07/2022,1544,868,"56,22",701,167,"80,76",676,"43,78",128,548,"35,49"
431870,SÃO LEOPOLDO,RS,11/2022,1665,1298,"77,96",998,300,"76,89",367,"22,04",7,360,"21,62"
431880,SÃO LOURENÇO DO SUL,RS,11/2022,275,228,"82,91",151,77,"66,23",47,"17,09",0,47,"17,09"
431880,SÃO LOURENÇO DO SUL,RS,07/2022,268,217,"80,97",150,67,"69,12",51,"19,03",1,50,"18,66"
431880,SÃO LOURENÇO DO SUL,RS,09/2022,282,227,"80,50",141,86,"62,11",55,"19,50",0,55,"19,50"
431890,SÃO LUIZ GONZAGA,RS,09/2022,263,212,"80,61",162,50,"76,42",51,"19,39",10,41,"15,59"
431890,SÃO LUIZ GONZAGA,RS,07/2022,251,170,"67,73",145,25,"85,29",81,"32,27",5,76,"30,28"
431890,SÃO LUIZ GONZAGA,RS,11/2022,273,226,"82,78",197,29,"87,17",47,"17,22",9,38,"13,92"
431900,SÃO MARCOS,RS,11/2022,46,12,"26,09",11,1,"91,67",34,"73,91",20,14,"30,43"
431900,SÃO MARCOS,RS,09/2022,56,39,"69,64",32,7,"82,05",17,"30,36",1,16,"28,57"
431900,SÃO MARCOS,RS,07/2022,47,31,"65,96",28,3,"90,32",16,"34,04",1,15,"31,91"
431910,SÃO MARTINHO,RS,09/2022,12,10,"83,33",10,0,"100,00",2,"16,67",1,1,"8,33"
431910,SÃO MARTINHO,RS,07/2022,14,10,"71,43",10,0,"100,00",4,"28,57",4,0,"0,00"
431910,SÃO MARTINHO,RS,11/2022,15,13,"86,67",7,6,"53,85",2,"13,33",1,1,"6,67"
431912,SÃO MARTINHO DA SERRA,RS,11/2022,37,0,"0,00",0,0,,37,"100,00",36,1,"2,70"
431912,SÃO MARTINHO DA SERRA,RS,09/2022,44,0,"0,00",0,0,,44,"100,00",42,2,"4,55"
431912,SÃO MARTINHO DA SERRA,RS,07/2022,44,0,"0,00",0,0,,44,"100,00",42,2,"4,55"
431915,SÃO MIGUEL DAS MISSÕES,RS,09/2022,90,69,"76,67",62,7,"89,86",21,"23,33",3,18,"20,00"
431915,SÃO MIGUEL DAS MISSÕES,RS,07/2022,91,72,"79,12",67,5,"93,06",19,"20,88",3,16,"17,58"
431915,SÃO MIGUEL DAS MISSÕES,RS,11/2022,81,65,"80,25",54,11,"83,08",16,"19,75",1,15,"18,52"
431920,SÃO NICOLAU,RS,11/2022,89,82,"92,13",54,28,"65,85",7,"7,87",2,5,"5,62"
431920,SÃO NICOLAU,RS,09/2022,102,98,"96,08",64,34,"65,31",4,"3,92",2,2,"1,96"
431920,SÃO NICOLAU,RS,07/2022,103,97,"94,17",67,30,"69,07",6,"5,83",0,6,"5,83"
431930,SÃO PAULO DAS MISSÕES,RS,07/2022,46,45,"97,83",34,11,"75,56",1,"2,17",0,1,"2,17"
431930,SÃO PAULO DAS MISSÕES,RS,09/2022,48,47,"97,92",38,9,"80,85",1,"2,08",0,1,"2,08"
431930,SÃO PAULO DAS MISSÕES,RS,11/2022,44,40,"90,91",36,4,"90,00",4,"9,09",1,3,"6,82"
431935,SÃO PEDRO DA SERRA,RS,07/2022,0,0,,0,0,,0,,0,0,
431935,SÃO PEDRO DA SERRA,RS,09/2022,0,0,,0,0,,0,,0,0,
431935,SÃO PEDRO DA SERRA,RS,11/2022,1,1,"100,00",1,0,"100,00",0,"0,00",0,0,"0,00"
431936,SÃO PEDRO DAS MISSÕES,RS,11/2022,13,9,"69,23",7,2,"77,78",4,"30,77",0,4,"30,77"
431936,SÃO PEDRO DAS MISSÕES,RS,09/2022,13,5,"38,46",3,2,"60,00",8,"61,54",4,4,"30,77"
431936,SÃO PEDRO DAS MISSÕES,RS,07/2022,12,8,"66,67",7,1,"87,50",4,"33,33",0,4,"33,33"
431937,SÃO PEDRO DO BUTIÁ,RS,07/2022,7,6,"85,71",6,0,"100,00",1,"14,29",0,1,"14,29"
431937,SÃO PEDRO DO BUTIÁ,RS,09/2022,8,8,"100,00",8,0,"100,00",0,"0,00",0,0,"0,00"
431937,SÃO PEDRO DO BUTIÁ,RS,11/2022,6,6,"100,00",6,0,"100,00",0,"0,00",0,0,"0,00"
431940,SÃO PEDRO DO SUL,RS,11/2022,151,148,"98,01",148,0,"100,00",3,"1,99",1,2,"1,32"
431940,SÃO PEDRO DO SUL,RS,09/2022,146,144,"98,63",139,5,"96,53",2,"1,37",2,0,"0,00"
431940,SÃO PEDRO DO SUL,RS,07/2022,142,138,"97,18",134,4,"97,10",4,"2,82",3,1,"0,70"
431950,SÃO SEBASTIÃO DO CAÍ,RS,09/2022,178,122,"68,54",88,34,"72,13",56,"31,46",7,49,"27,53"
431950,SÃO SEBASTIÃO DO CAÍ,RS,07/2022,159,89,"55,97",69,20,"77,53",70,"44,03",20,50,"31,45"
431950,SÃO SEBASTIÃO DO CAÍ,RS,11/2022,182,133,"73,08",100,33,"75,19",49,"26,92",1,48,"26,37"
431960,SÃO SEPÉ,RS,11/2022,182,146,"80,22",115,31,"78,77",36,"19,78",0,36,"19,78"
431960,SÃO SEPÉ,RS,07/2022,187,137,"73,26",100,37,"72,99",50,"26,74",8,42,"22,46"
431960,SÃO SEPÉ,RS,09/2022,198,144,"72,73",127,17,"88,19",54,"27,27",4,50,"25,25"
431970,SÃO VALENTIM,RS,09/2022,14,11,"78,57",9,2,"81,82",3,"21,43",3,0,"0,00"
431970,SÃO VALENTIM,RS,07/2022,13,8,"61,54",8,0,"100,00",5,"38,46",2,3,"23,08"
431970,SÃO VALENTIM,RS,11/2022,14,13,"92,86",11,2,"84,62",1,"7,14",1,0,"0,00"
431971,SÃO VALENTIM DO SUL,RS,11/2022,2,0,"0,00",0,0,,2,"100,00",1,1,"50,00"
431971,SÃO VALENTIM DO SUL,RS,07/2022,2,2,"100,00",2,0,"100,00",0,"0,00",0,0,"0,00"
431971,SÃO VALENTIM DO SUL,RS,09/2022,2,2,"100,00",2,0,"100,00",0,"0,00",0,0,"0,00"
431973,SÃO VALÉRIO DO SUL,RS,09/2022,72,69,"95,83",60,9,"86,96",3,"4,17",0,3,"4,17"
431973,SÃO VALÉRIO DO SUL,RS,07/2022,78,72,"92,31",59,13,"81,94",6,"7,69",1,5,"6,41"
431973,SÃO VALÉRIO DO SUL,RS,11/2022,71,67,"94,37",64,3,"95,52",4,"5,63",1,3,"4,23"
431975,SÃO VENDELINO,RS,11/2022,3,3,"100,00",3,0,"100,00",0,"0,00",0,0,"0,00"
431975,SÃO VENDELINO,RS,07/2022,3,2,"66,67",1,1,"50,00",1,"33,33",1,0,"0,00"
431975,SÃO VENDELINO,RS,09/2022,4,4,"100,00",4,0,"100,00",0,"0,00",0,0,"0,00"
431980,SÃO VICENTE DO SUL,RS,07/2022,106,74,"69,81",70,4,"94,59",32,"30,19",2,30,"28,30"
431980,SÃO VICENTE DO SUL,RS,09/2022,122,86,"70,49",79,7,"91,86",36,"29,51",2,34,"27,87"
431980,SÃO VICENTE DO SUL,RS,11/2022,126,89,"70,63",84,5,"94,38",37,"29,37",3,34,"26,98"
431990,SAPIRANGA,RS,11/2022,427,175,"40,98",142,33,"81,14",252,"59,02",29,223,"52,22"
431990,SAPIRANGA,RS,09/2022,447,172,"38,48",119,53,"69,19",275,"61,52",40,235,"52,57"
431990,SAPIRANGA,RS,07/2022,407,157,"38,57",99,58,"63,06",250,"61,43",25,225,"55,28"
432000,SAPUCAIA DO SUL,RS,09/2022,955,848,"88,80",642,206,"75,71",107,"11,20",8,99,"10,37"
432000,SAPUCAIA DO SUL,RS,07/2022,867,761,"87,77",617,144,"81,08",106,"12,23",8,98,"11,30"
432000,SAPUCAIA DO SUL,RS,11/2022,947,829,"87,54",619,210,"74,67",118,"12,46",4,114,"12,04"
432010,SARANDI,RS,11/2022,124,102,"82,26",83,19,"81,37",22,"17,74",4,18,"14,52"
432010,SARANDI,RS,07/2022,133,84,"63,16",58,26,"69,05",49,"36,84",8,41,"30,83"
432010,SARANDI,RS,09/2022,131,102,"77,86",69,33,"67,65",29,"22,14",5,24,"18,32"
432020,SEBERI,RS,09/2022,76,58,"76,32",39,19,"67,24",18,"23,68",0,18,"23,68"
432020,SEBERI,RS,07/2022,67,50,"74,63",31,19,"62,00",17,"25,37",5,12,"17,91"
432020,SEBERI,RS,11/2022,81,69,"85,19",43,26,"62,32",12,"14,81",1,11,"13,58"
432023,SEDE NOVA,RS,11/2022,18,15,"83,33",10,5,"66,67",3,"16,67",0,3,"16,67"
432023,SEDE NOVA,RS,09/2022,16,14,"87,50",6,8,"42,86",2,"12,50",0,2,"12,50"
432023,SEDE NOVA,RS,07/2022,16,12,"75,00",7,5,"58,33",4,"25,00",2,2,"12,50"
432026,SEGREDO,RS,07/2022,79,71,"89,87",56,15,"78,87",8,"10,13",4,4,"5,06"
432026,SEGREDO,RS,09/2022,80,68,"85,00",58,10,"85,29",12,"15,00",1,11,"13,75"
432026,SEGREDO,RS,11/2022,75,63,"84,00",59,4,"93,65",12,"16,00",0,12,"16,00"
432030,SELBACH,RS,11/2022,20,13,"65,00",10,3,"76,92",7,"35,00",0,7,"35,00"
432030,SELBACH,RS,07/2022,15,10,"66,67",8,2,"80,00",5,"33,33",0,5,"33,33"
432030,SELBACH,RS,09/2022,18,12,"66,67",11,1,"91,67",6,"33,33",0,6,"33,33"
432032,SENADOR SALGADO FILHO,RS,07/2022,17,17,"100,00",12,5,"70,59",0,"0,00",0,0,"0,00"
432032,SENADOR SALGADO FILHO,RS,09/2022,20,20,"100,00",15,5,"75,00",0,"0,00",0,0,"0,00"
432032,SENADOR SALGADO FILHO,RS,11/2022,21,21,"100,00",15,6,"71,43",0,"0,00",0,0,"0,00"
432035,SENTINELA DO SUL,RS,11/2022,60,49,"81,67",48,1,"97,96",11,"18,33",0,11,"18,33"
432035,SENTINELA DO SUL,RS,09/2022,64,51,"79,69",43,8,"84,31",13,"20,31",1,12,"18,75"
432035,SENTINELA DO SUL,RS,07/2022,65,49,"75,38",39,10,"79,59",16,"24,62",3,13,"20,00"
432040,SERAFINA CORRÊA,RS,07/2022,28,22,"78,57",17,5,"77,27",6,"21,43",1,5,"17,86"
432040,SERAFINA CORRÊA,RS,09/2022,36,29,"80,56",24,5,"82,76",7,"19,44",1,6,"16,67"
432040,SERAFINA CORRÊA,RS,11/2022,35,29,"82,86",22,7,"75,86",6,"17,14",0,6,"17,14"
432045,SÉRIO,RS,11/2022,8,5,"62,50",5,0,"100,00",3,"37,50",0,3,"37,50"
432045,SÉRIO,RS,09/2022,10,5,"50,00",5,0,"100,00",5,"50,00",0,5,"50,00"
432045,SÉRIO,RS,07/2022,12,0,"0,00",0,0,,12,"100,00",6,6,"50,00"
432050,SERTÃO,RS,09/2022,60,52,"86,67",43,9,"82,69",8,"13,33",4,4,"6,67"
432050,SERTÃO,RS,07/2022,54,47,"87,04",42,5,"89,36",7,"12,96",2,5,"9,26"
432050,SERTÃO,RS,11/2022,58,55,"94,83",42,13,"76,36",3,"5,17",1,2,"3,45"
432055,SERTÃO SANTANA,RS,11/2022,52,35,"67,31",32,3,"91,43",17,"32,69",1,16,"30,77"
432055,SERTÃO SANTANA,RS,07/2022,47,28,"59,57",24,4,"85,71",19,"40,43",4,15,"31,91"
432055,SERTÃO SANTANA,RS,09/2022,51,33,"64,71",30,3,"90,91",18,"35,29",2,16,"31,37"
432057,SETE DE SETEMBRO,RS,07/2022,12,11,"91,67",10,1,"90,91",1,"8,33",0,1,"8,33"
432057,SETE DE SETEMBRO,RS,09/2022,14,13,"92,86",12,1,"92,31",1,"7,14",0,1,"7,14"
432057,SETE DE SETEMBRO,RS,11/2022,13,12,"92,31",11,1,"91,67",1,"7,69",0,1,"7,69"
432060,SEVERIANO DE ALMEIDA,RS,11/2022,6,6,"100,00",6,0,"100,00",0,"0,00",0,0,"0,00"
432060,SEVERIANO DE ALMEIDA,RS,09/2022,7,0,"0,00",0,0,,7,"100,00",5,2,"28,57"
432060,SEVERIANO DE ALMEIDA,RS,07/2022,7,0,"0,00",0,0,,7,"100,00",5,2,"28,57"
432065,SILVEIRA MARTINS,RS,09/2022,16,14,"87,50",5,9,"35,71",2,"12,50",0,2,"12,50"
432065,SILVEIRA MARTINS,RS,07/2022,11,10,"90,91",10,0,"100,00",1,"9,09",0,1,"9,09"
432065,SILVEIRA MARTINS,RS,11/2022,16,15,"93,75",6,9,"40,00",1,"6,25",0,1,"6,25"
432067,SINIMBU,RS,11/2022,53,52,"98,11",36,16,"69,23",1,"1,89",0,1,"1,89"
432067,SINIMBU,RS,09/2022,56,53,"94,64",37,16,"69,81",3,"5,36",1,2,"3,57"
432067,SINIMBU,RS,07/2022,56,47,"83,93",30,17,"63,83",9,"16,07",8,1,"1,79"
432070,SOBRADINHO,RS,07/2022,98,85,"86,73",66,19,"77,65",13,"13,27",3,10,"10,20"
432070,SOBRADINHO,RS,09/2022,104,91,"87,50",69,22,"75,82",13,"12,50",4,9,"8,65"
432070,SOBRADINHO,RS,11/2022,103,95,"92,23",70,25,"73,68",8,"7,77",2,6,"5,83"
432080,SOLEDADE,RS,11/2022,278,196,"70,50",128,68,"65,31",82,"29,50",5,77,"27,70"
432080,SOLEDADE,RS,09/2022,290,193,"66,55",113,80,"58,55",97,"33,45",17,80,"27,59"
432080,SOLEDADE,RS,07/2022,277,191,"68,95",117,74,"61,26",86,"31,05",8,78,"28,16"
432085,TABAÍ,RS,07/2022,28,17,"60,71",11,6,"64,71",11,"39,29",3,8,"28,57"
432085,TABAÍ,RS,09/2022,30,19,"63,33",11,8,"57,89",11,"36,67",2,9,"30,00"
432085,TABAÍ,RS,11/2022,23,21,"91,30",15,6,"71,43",2,"8,70",2,0,"0,00"
432090,TAPEJARA,RS,11/2022,115,98,"85,22",50,48,"51,02",17,"14,78",4,13,"11,30"
432090,TAPEJARA,RS,09/2022,116,84,"72,41",53,31,"63,10",32,"27,59",8,24,"20,69"
432090,TAPEJARA,RS,07/2022,93,68,"73,12",39,29,"57,35",25,"26,88",4,21,"22,58"
432100,TAPERA,RS,07/2022,27,17,"62,96",11,6,"64,71",10,"37,04",2,8,"29,63"
432100,TAPERA,RS,09/2022,30,17,"56,67",12,5,"70,59",13,"43,33",5,8,"26,67"
432100,TAPERA,RS,11/2022,30,19,"63,33",14,5,"73,68",11,"36,67",2,9,"30,00"
432110,TAPES,RS,11/2022,123,112,"91,06",95,17,"84,82",11,"8,94",0,11,"8,94"
432110,TAPES,RS,09/2022,130,119,"91,54",94,25,"78,99",11,"8,46",0,11,"8,46"
432110,TAPES,RS,07/2022,128,112,"87,50",72,40,"64,29",16,"12,50",1,15,"11,72"
432120,TAQUARA,RS,09/2022,313,253,"80,83",169,84,"66,80",60,"19,17",2,58,"18,53"
432120,TAQUARA,RS,07/2022,293,211,"72,01",147,64,"69,67",82,"27,99",6,76,"25,94"
432120,TAQUARA,RS,11/2022,316,273,"86,39",178,95,"65,20",43,"13,61",1,42,"13,29"
432130,TAQUARI,RS,11/2022,230,87,"37,83",81,6,"93,10",143,"62,17",65,78,"33,91"
432130,TAQUARI,RS,09/2022,237,61,"25,74",58,3,"95,08",176,"74,26",87,89,"37,55"
432130,TAQUARI,RS,07/2022,225,57,"25,33",50,7,"87,72",168,"74,67",80,88,"39,11"
432132,TAQUARUÇU DO SUL,RS,09/2022,9,8,"88,89",7,1,"87,50",1,"11,11",0,1,"11,11"
432132,TAQUARUÇU DO SUL,RS,07/2022,6,4,"66,67",3,1,"75,00",2,"33,33",0,2,"33,33"
432132,TAQUARUÇU DO SUL,RS,11/2022,7,5,"71,43",4,1,"80,00",2,"28,57",1,1,"14,29"
432135,TAVARES,RS,09/2022,67,62,"92,54",46,16,"74,19",5,"7,46",1,4,"5,97"
432135,TAVARES,RS,07/2022,70,67,"95,71",41,26,"61,19",3,"4,29",0,3,"4,29"
432135,TAVARES,RS,11/2022,59,58,"98,31",41,17,"70,69",1,"1,69",0,1,"1,69"
432140,TENENTE PORTELA,RS,11/2022,194,165,"85,05",147,18,"89,09",29,"14,95",4,25,"12,89"
432140,TENENTE PORTELA,RS,09/2022,203,167,"82,27",165,2,"98,80",36,"17,73",2,34,"16,75"
432140,TENENTE PORTELA,RS,07/2022,200,159,"79,50",157,2,"98,74",41,"20,50",6,35,"17,50"
432143,TERRA DE AREIA,RS,07/2022,98,69,"70,41",56,13,"81,16",29,"29,59",2,27,"27,55"
432143,TERRA DE AREIA,RS,09/2022,106,76,"71,70",56,20,"73,68",30,"28,30",0,30,"28,30"
432143,TERRA DE AREIA,RS,11/2022,101,91,"90,10",75,16,"82,42",10,"9,90",0,10,"9,90"
432145,TEUTÔNIA,RS,11/2022,71,39,"54,93",26,13,"66,67",32,"45,07",3,29,"40,85"
432145,TEUTÔNIA,RS,09/2022,69,42,"60,87",32,10,"76,19",27,"39,13",1,26,"37,68"
432145,TEUTÔNIA,RS,07/2022,65,42,"64,62",33,9,"78,57",23,"35,38",1,22,"33,85"
432146,TIO HUGO,RS,09/2022,8,8,"100,00",7,1,"87,50",0,"0,00",0,0,"0,00"
432146,TIO HUGO,RS,07/2022,8,8,"100,00",7,1,"87,50",0,"0,00",0,0,"0,00"
432146,TIO HUGO,RS,11/2022,10,10,"100,00",7,3,"70,00",0,"0,00",0,0,"0,00"
432147,TIRADENTES DO SUL,RS,11/2022,27,23,"85,19",18,5,"78,26",4,"14,81",0,4,"14,81"
432147,TIRADENTES DO SUL,RS,07/2022,26,24,"92,31",17,7,"70,83",2,"7,69",0,2,"7,69"
432147,TIRADENTES DO SUL,RS,09/2022,25,21,"84,00",15,6,"71,43",4,"16,00",0,4,"16,00"
432149,TOROPI,RS,09/2022,17,16,"94,12",14,2,"87,50",1,"5,88",1,0,"0,00"
432149,TOROPI,RS,07/2022,10,0,"0,00",0,0,,10,"100,00",10,0,"0,00"
432149,TOROPI,RS,11/2022,17,17,"100,00",13,4,"76,47",0,"0,00",0,0,"0,00"
432150,TORRES,RS,11/2022,232,195,"84,05",164,31,"84,10",37,"15,95",1,36,"15,52"
432150,TORRES,RS,09/2022,225,189,"84,00",162,27,"85,71",36,"16,00",2,34,"15,11"
432150,TORRES,RS,07/2022,215,95,"44,19",81,14,"85,26",120,"55,81",53,67,"31,16"
432160,TRAMANDAÍ,RS,09/2022,402,218,"54,23",194,24,"88,99",184,"45,77",0,184,"45,77"
432160,TRAMANDAÍ,RS,07/2022,377,208,"55,17",194,14,"93,27",169,"44,83",1,168,"44,56"
432160,TRAMANDAÍ,RS,11/2022,392,214,"54,59",167,47,"78,04",178,"45,41",0,178,"45,41"
432162,TRAVESSEIRO,RS,11/2022,2,2,"100,00",1,1,"50,00",0,"0,00",0,0,"0,00"
432162,TRAVESSEIRO,RS,09/2022,4,2,"50,00",2,0,"100,00",2,"50,00",0,2,"50,00"
432162,TRAVESSEIRO,RS,07/2022,4,2,"50,00",2,0,"100,00",2,"50,00",0,2,"50,00"
432163,TRÊS ARROIOS,RS,07/2022,2,2,"100,00",2,0,"100,00",0,"0,00",0,0,"0,00"
432163,TRÊS ARROIOS,RS,09/2022,0,0,,0,0,,0,,0,0,
432163,TRÊS ARROIOS,RS,11/2022,2,2,"100,00",2,0,"100,00",0,"0,00",0,0,"0,00"
432166,TRÊS CACHOEIRAS,RS,11/2022,38,29,"76,32",24,5,"82,76",9,"23,68",0,9,"23,68"
432166,TRÊS CACHOEIRAS,RS,09/2022,39,24,"61,54",19,5,"79,17",15,"38,46",2,13,"33,33"
432166,TRÊS CACHOEIRAS,RS,07/2022,35,26,"74,29",21,5,"80,77",9,"25,71",1,8,"22,86"
432170,TRÊS COROAS,RS,07/2022,91,19,"20,88",13,6,"68,42",72,"79,12",49,23,"25,27"
432170,TRÊS COROAS,RS,09/2022,97,55,"56,70",34,21,"61,82",42,"43,30",15,27,"27,84"
432170,TRÊS COROAS,RS,11/2022,100,61,"61,00",32,29,"52,46",39,"39,00",4,35,"35,00"
432180,TRÊS DE MAIO,RS,11/2022,126,113,"89,68",75,38,"66,37",13,"10,32",0,13,"10,32"
432180,TRÊS DE MAIO,RS,09/2022,128,112,"87,50",67,45,"59,82",16,"12,50",1,15,"11,72"
432180,TRÊS DE MAIO,RS,07/2022,124,104,"83,87",72,32,"69,23",20,"16,13",3,17,"13,71"
432183,TRÊS FORQUILHAS,RS,09/2022,19,13,"68,42",11,2,"84,62",6,"31,58",0,6,"31,58"
432183,TRÊS FORQUILHAS,RS,07/2022,19,13,"68,42",12,1,"92,31",6,"31,58",0,6,"31,58"
432183,TRÊS FORQUILHAS,RS,11/2022,22,16,"72,73",14,2,"87,50",6,"27,27",2,4,"18,18"
432185,TRÊS PALMEIRAS,RS,11/2022,42,36,"85,71",33,3,"91,67",6,"14,29",0,6,"14,29"
432185,TRÊS PALMEIRAS,RS,09/2022,49,37,"75,51",31,6,"83,78",12,"24,49",3,9,"18,37"
432185,TRÊS PALMEIRAS,RS,07/2022,46,36,"78,26",26,10,"72,22",10,"21,74",1,9,"19,57"
432190,TRÊS PASSOS,RS,09/2022,133,97,"72,93",77,20,"79,38",36,"27,07",4,32,"24,06"
432190,TRÊS PASSOS,RS,07/2022,127,89,"70,08",74,15,"83,15",38,"29,92",7,31,"24,41"
432190,TRÊS PASSOS,RS,11/2022,129,94,"72,87",79,15,"84,04",35,"27,13",6,29,"22,48"
432195,TRINDADE DO SUL,RS,11/2022,53,42,"79,25",24,18,"57,14",11,"20,75",0,11,"20,75"
432195,TRINDADE DO SUL,RS,09/2022,54,43,"79,63",26,17,"60,47",11,"20,37",0,11,"20,37"
432195,TRINDADE DO SUL,RS,07/2022,49,38,"77,55",22,16,"57,89",11,"22,45",1,10,"20,41"
432200,TRIUNFO,RS,07/2022,225,166,"73,78",132,34,"79,52",59,"26,22",5,54,"24,00"
432200,TRIUNFO,RS,09/2022,246,197,"80,08",159,38,"80,71",49,"19,92",1,48,"19,51"
432200,TRIUNFO,RS,11/2022,261,213,"81,61",166,47,"77,93",48,"18,39",2,46,"17,62"
432210,TUCUNDUVA,RS,11/2022,16,13,"81,25",10,3,"76,92",3,"18,75",1,2,"12,50"
432210,TUCUNDUVA,RS,07/2022,14,9,"64,29",6,3,"66,67",5,"35,71",0,5,"35,71"
432210,TUCUNDUVA,RS,09/2022,16,10,"62,50",8,2,"80,00",6,"37,50",0,6,"37,50"
432215,TUNAS,RS,07/2022,64,57,"89,06",52,5,"91,23",7,"10,94",1,6,"9,38"
432215,TUNAS,RS,09/2022,64,59,"92,19",55,4,"93,22",5,"7,81",0,5,"7,81"
432215,TUNAS,RS,11/2022,71,64,"90,14",58,6,"90,63",7,"9,86",2,5,"7,04"
432218,TUPANCI DO SUL,RS,11/2022,8,7,"87,50",7,0,"100,00",1,"12,50",0,1,"12,50"
432218,TUPANCI DO SUL,RS,09/2022,7,1,"14,29",0,1,"0,00",6,"85,71",5,1,"14,29"
432218,TUPANCI DO SUL,RS,07/2022,6,0,"0,00",0,0,,6,"100,00",6,0,"0,00"
432220,TUPANCIRETÃ,RS,07/2022,264,192,"72,73",155,37,"80,73",72,"27,27",20,52,"19,70"
432220,TUPANCIRETÃ,RS,09/2022,266,174,"65,41",148,26,"85,06",92,"34,59",20,72,"27,07"
432220,TUPANCIRETÃ,RS,11/2022,253,176,"69,57",155,21,"88,07",77,"30,43",21,56,"22,13"
432225,TUPANDI,RS,11/2022,7,2,"28,57",1,1,"50,00",5,"71,43",3,2,"28,57"
432225,TUPANDI,RS,07/2022,4,4,"100,00",3,1,"75,00",0,"0,00",0,0,"0,00"
432225,TUPANDI,RS,09/2022,7,5,"71,43",4,1,"80,00",2,"28,57",1,1,"14,29"
432230,TUPARENDI,RS,09/2022,20,20,"100,00",12,8,"60,00",0,"0,00",0,0,"0,00"
432230,TUPARENDI,RS,07/2022,16,15,"93,75",11,4,"73,33",1,"6,25",0,1,"6,25"
432230,TUPARENDI,RS,11/2022,19,17,"89,47",12,5,"70,59",2,"10,53",1,1,"5,26"
432232,TURUÇU,RS,11/2022,36,28,"77,78",22,6,"78,57",8,"22,22",4,4,"11,11"
432232,TURUÇU,RS,09/2022,35,26,"74,29",19,7,"73,08",9,"25,71",7,2,"5,71"
432232,TURUÇU,RS,07/2022,34,18,"52,94",16,2,"88,89",16,"47,06",15,1,"2,94"
432234,UBIRETAMA,RS,07/2022,8,7,"87,50",6,1,"85,71",1,"12,50",0,1,"12,50"
432234,UBIRETAMA,RS,09/2022,9,8,"88,89",7,1,"87,50",1,"11,11",0,1,"11,11"
432234,UBIRETAMA,RS,11/2022,7,7,"100,00",6,1,"85,71",0,"0,00",0,0,"0,00"
432235,UNIÃO DA SERRA,RS,11/2022,2,2,"100,00",1,1,"50,00",0,"0,00",0,0,"0,00"
432235,UNIÃO DA SERRA,RS,09/2022,3,1,"33,33",1,0,"100,00",2,"66,67",2,0,"0,00"
432235,UNIÃO DA SERRA,RS,07/2022,3,3,"100,00",2,1,"66,67",0,"0,00",0,0,"0,00"
432237,UNISTALDA,RS,09/2022,22,21,"95,45",18,3,"85,71",1,"4,55",1,0,"0,00"
432237,UNISTALDA,RS,07/2022,19,18,"94,74",15,3,"83,33",1,"5,26",1,0,"0,00"
432237,UNISTALDA,RS,11/2022,18,17,"94,44",16,1,"94,12",1,"5,56",1,0,"0,00"
432240,URUGUAIANA,RS,11/2022,1452,791,"54,48",672,119,"84,96",661,"45,52",234,427,"29,41"
432240,URUGUAIANA,RS,07/2022,1424,760,"53,37",649,111,"85,39",664,"46,63",285,379,"26,62"
432240,URUGUAIANA,RS,09/2022,1486,731,"49,19",606,125,"82,90",755,"50,81",370,385,"25,91"
432250,VACARIA,RS,09/2022,520,185,"35,58",126,59,"68,11",335,"64,42",131,204,"39,23"
432250,VACARIA,RS,07/2022,500,209,"41,80",146,63,"69,86",291,"58,20",88,203,"40,60"
432250,VACARIA,RS,11/2022,530,279,"52,64",192,87,"68,82",251,"47,36",51,200,"37,74"
432252,VALE VERDE,RS,11/2022,16,10,"62,50",8,2,"80,00",6,"37,50",1,5,"31,25"
432252,VALE VERDE,RS,07/2022,19,14,"73,68",12,2,"85,71",5,"26,32",1,4,"21,05"
432252,VALE VERDE,RS,09/2022,18,11,"61,11",9,2,"81,82",7,"38,89",2,5,"27,78"
432253,VALE DO SOL,RS,09/2022,54,52,"96,30",26,26,"50,00",2,"3,70",0,2,"3,70"
432253,VALE DO SOL,RS,07/2022,48,43,"89,58",26,17,"60,47",5,"10,42",0,5,"10,42"
432253,VALE DO SOL,RS,11/2022,53,48,"90,57",33,15,"68,75",5,"9,43",0,5,"9,43"
432254,VALE REAL,RS,11/2022,4,3,"75,00",3,0,"100,00",1,"25,00",0,1,"25,00"
432254,VALE REAL,RS,09/2022,4,3,"75,00",3,0,"100,00",1,"25,00",0,1,"25,00"
432254,VALE REAL,RS,07/2022,3,0,"0,00",0,0,,3,"100,00",0,3,"100,00"
432255,VANINI,RS,09/2022,2,1,"50,00",1,0,"100,00",1,"50,00",1,0,"0,00"
432255,VANINI,RS,07/2022,3,0,"0,00",0,0,,3,"100,00",3,0,"0,00"
432255,VANINI,RS,11/2022,1,1,"100,00",1,0,"100,00",0,"0,00",0,0,"0,00"
432260,VENÂNCIO AIRES,RS,11/2022,359,246,"68,52",188,58,"76,42",113,"31,48",13,100,"27,86"
432260,VENÂNCIO AIRES,RS,07/2022,327,171,"52,29",115,56,"67,25",156,"47,71",42,114,"34,86"
432260,VENÂNCIO AIRES,RS,09/2022,369,221,"59,89",148,73,"66,97",148,"40,11",28,120,"32,52"
432270,VERA CRUZ,RS,07/2022,162,124,"76,54",97,27,"78,23",38,"23,46",0,38,"23,46"
432270,VERA CRUZ,RS,09/2022,180,144,"80,00",115,29,"79,86",36,"20,00",0,36,"20,00"
432270,VERA CRUZ,RS,11/2022,173,140,"80,92",106,34,"75,71",33,"19,08",0,33,"19,08"
432280,VERANÓPOLIS,RS,11/2022,43,36,"83,72",17,19,"47,22",7,"16,28",0,7,"16,28"
432280,VERANÓPOLIS,RS,07/2022,41,26,"63,41",17,9,"65,38",15,"36,59",2,13,"31,71"
432280,VERANÓPOLIS,RS,09/2022,47,31,"65,96",19,12,"61,29",16,"34,04",0,16,"34,04"
432285,VESPASIANO CORREA,RS,09/2022,1,0,"0,00",0,0,,1,"100,00",1,0,"0,00"
432285,VESPASIANO CORREA,RS,07/2022,0,0,,0,0,,0,,0,0,
432285,VESPASIANO CORREA,RS,11/2022,1,1,"100,00",1,0,"100,00",0,"0,00",0,0,"0,00"
432290,VIADUTOS,RS,11/2022,13,11,"84,62",9,2,"81,82",2,"15,38",0,2,"15,38"
432290,VIADUTOS,RS,07/2022,11,9,"81,82",5,4,"55,56",2,"18,18",0,2,"18,18"
432290,VIADUTOS,RS,09/2022,14,12,"85,71",9,3,"75,00",2,"14,29",0,2,"14,29"
432300,VIAMÃO,RS,07/2022,1941,1129,"58,17",837,292,"74,14",812,"41,83",41,771,"39,72"
432300,VIAMÃO,RS,09/2022,2055,1959,"95,33",1289,670,"65,80",96,"4,67",22,74,"3,60"
432300,VIAMÃO,RS,11/2022,2078,1820,"87,58",1364,456,"74,95",258,"12,42",20,238,"11,45"
432310,VICENTE DUTRA,RS,11/2022,78,51,"65,38",50,1,"98,04",27,"34,62",0,27,"34,62"
432310,VICENTE DUTRA,RS,07/2022,80,55,"68,75",53,2,"96,36",25,"31,25",0,25,"31,25"
432310,VICENTE DUTRA,RS,09/2022,83,54,"65,06",53,1,"98,15",29,"34,94",0,29,"34,94"
432320,VICTOR GRAEFF,RS,11/2022,4,4,"100,00",3,1,"75,00",0,"0,00",0,0,"0,00"
432320,VICTOR GRAEFF,RS,09/2022,5,5,"100,00",4,1,"80,00",0,"0,00",0,0,"0,00"
432320,VICTOR GRAEFF,RS,07/2022,5,5,"100,00",3,2,"60,00",0,"0,00",0,0,"0,00"
432330,VILA FLORES,RS,09/2022,3,3,"100,00",3,0,"100,00",0,"0,00",0,0,"0,00"
432330,VILA FLORES,RS,07/2022,3,3,"100,00",3,0,"100,00",0,"0,00",0,0,"0,00"
432330,VILA FLORES,RS,11/2022,4,3,"75,00",3,0,"100,00",1,"25,00",1,0,"0,00"
432335,VILA LÂNGARO,RS,11/2022,2,1,"50,00",1,0,"100,00",1,"50,00",0,1,"50,00"
432335,VILA LÂNGARO,RS,09/2022,2,0,"0,00",0,0,,2,"100,00",1,1,"50,00"
432335,VILA LÂNGARO,RS,07/2022,1,0,"0,00",0,0,,1,"100,00",0,1,"100,00"
432340,VILA MARIA,RS,07/2022,4,4,"100,00",4,0,"100,00",0,"0,00",0,0,"0,00"
432340,VILA MARIA,RS,09/2022,9,8,"88,89",7,1,"87,50",1,"11,11",1,0,"0,00"
432340,VILA MARIA,RS,11/2022,10,9,"90,00",8,1,"88,89",1,"10,00",1,0,"0,00"
432345,VILA NOVA DO SUL,RS,11/2022,64,51,"79,69",35,16,"68,63",13,"20,31",1,12,"18,75"
432345,VILA NOVA DO SUL,RS,07/2022,63,3,"4,76",3,0,"100,00",60,"95,24",51,9,"14,29"
432345,VILA NOVA DO SUL,RS,09/2022,70,3,"4,29",3,0,"100,00",67,"95,71",58,9,"12,86"
432350,VISTA ALEGRE,RS,07/2022,8,6,"75,00",6,0,"100,00",2,"25,00",0,2,"25,00"
432350,VISTA ALEGRE,RS,09/2022,10,8,"80,00",8,0,"100,00",2,"20,00",0,2,"20,00"
432350,VISTA ALEGRE,RS,11/2022,10,7,"70,00",7,0,"100,00",3,"30,00",1,2,"20,00"
432360,VISTA ALEGRE DO PRATA,RS,11/2022,2,1,"50,00",0,1,"0,00",1,"50,00",0,1,"50,00"
432360,VISTA ALEGRE DO PRATA,RS,09/2022,2,1,"50,00",1,0,"100,00",1,"50,00",0,1,"50,00"
432360,VISTA ALEGRE DO PRATA,RS,07/2022,2,1,"50,00",1,0,"100,00",1,"50,00",0,1,"50,00"
432370,VISTA GAÚCHA,RS,07/2022,13,10,"76,92",10,0,"100,00",3,"23,08",1,2,"15,38"
432370,VISTA GAÚCHA,RS,09/2022,14,11,"78,57",9,2,"81,82",3,"21,43",0,3,"21,43"
432370,VISTA GAÚCHA,RS,11/2022,11,9,"81,82",8,1,"88,89",2,"18,18",1,1,"9,09"
432375,VITÓRIA DAS MISSÕES,RS,11/2022,29,29,"100,00",29,0,"100,00",0,"0,00",0,0,"0,00"
432375,VITÓRIA DAS MISSÕES,RS,09/2022,28,26,"92,86",26,0,"100,00",2,"7,14",2,0,"0,00"
432375,VITÓRIA DAS MISSÕES,RS,07/2022,26,26,"100,00",26,0,"100,00",0,"0,00",0,0,"0,00"
432377,WESTFALIA,RS,09/2022,0,0,,0,0,,0,,0,0,
432377,WESTFALIA,RS,07/2022,0,0,,0,0,,0,,0,0,
432377,WESTFALIA,RS,11/2022,0,0,,0,0,,0,,0,0,
432380,XANGRI-LÁ,RS,11/2022,127,59,"46,46",34,25,"57,63",68,"53,54",0,68,"53,54"
432380,XANGRI-LÁ,RS,09/2022,123,53,"43,09",31,22,"58,49",70,"56,91",0,70,"56,91"
432380,XANGRI-LÁ,RS,07/2022,111,37,"33,33",20,17,"54,05",74,"66,67",0,74,"66,67"
420005,ABDON BATISTA,SC,07/2022,20,19,"95,00",18,1,"94,74",1,"5,00",0,1,"5,00"
420005,ABDON BATISTA,SC,09/2022,21,19,"90,48",19,0,"100,00",2,"9,52",0,2,"9,52"
420005,ABDON BATISTA,SC,11/2022,23,21,"91,30",21,0,"100,00",2,"8,70",0,2,"8,70"
420010,ABELARDO LUZ,SC,11/2022,203,193,"95,07",151,42,"78,24",10,"4,93",1,9,"4,43"
420010,ABELARDO LUZ,SC,09/2022,208,195,"93,75",146,49,"74,87",13,"6,25",5,8,"3,85"
420010,ABELARDO LUZ,SC,07/2022,210,183,"87,14",150,33,"81,97",27,"12,86",7,20,"9,52"
420020,AGROLÂNDIA,SC,07/2022,23,18,"78,26",14,4,"77,78",5,"21,74",2,3,"13,04"
420020,AGROLÂNDIA,SC,09/2022,24,17,"70,83",12,5,"70,59",7,"29,17",1,6,"25,00"
420020,AGROLÂNDIA,SC,11/2022,26,21,"80,77",15,6,"71,43",5,"19,23",1,4,"15,38"
420030,AGRONÔMICA,SC,11/2022,19,18,"94,74",13,5,"72,22",1,"5,26",0,1,"5,26"
420030,AGRONÔMICA,SC,09/2022,18,16,"88,89",10,6,"62,50",2,"11,11",0,2,"11,11"
420030,AGRONÔMICA,SC,07/2022,14,13,"92,86",9,4,"69,23",1,"7,14",0,1,"7,14"
420040,ÁGUA DOCE,SC,07/2022,27,18,"66,67",14,4,"77,78",9,"33,33",1,8,"29,63"
420040,ÁGUA DOCE,SC,09/2022,24,19,"79,17",15,4,"78,95",5,"20,83",0,5,"20,83"
420040,ÁGUA DOCE,SC,11/2022,23,23,"100,00",19,4,"82,61",0,"0,00",0,0,"0,00"
420050,ÁGUAS DE CHAPECÓ,SC,11/2022,26,25,"96,15",25,0,"100,00",1,"3,85",0,1,"3,85"
420050,ÁGUAS DE CHAPECÓ,SC,09/2022,26,21,"80,77",17,4,"80,95",5,"19,23",1,4,"15,38"
420050,ÁGUAS DE CHAPECÓ,SC,07/2022,31,23,"74,19",19,4,"82,61",8,"25,81",4,4,"12,90"
420055,ÁGUAS FRIAS,SC,07/2022,9,7,"77,78",7,0,"100,00",2,"22,22",1,1,"11,11"
420055,ÁGUAS FRIAS,SC,09/2022,9,7,"77,78",7,0,"100,00",2,"22,22",1,1,"11,11"
420055,ÁGUAS FRIAS,SC,11/2022,8,7,"87,50",7,0,"100,00",1,"12,50",0,1,"12,50"
420060,ÁGUAS MORNAS,SC,11/2022,13,13,"100,00",10,3,"76,92",0,"0,00",0,0,"0,00"
420060,ÁGUAS MORNAS,SC,09/2022,13,13,"100,00",10,3,"76,92",0,"0,00",0,0,"0,00"
420060,ÁGUAS MORNAS,SC,07/2022,9,9,"100,00",6,3,"66,67",0,"0,00",0,0,"0,00"
420070,ALFREDO WAGNER,SC,07/2022,63,46,"73,02",46,0,"100,00",17,"26,98",5,12,"19,05"
420070,ALFREDO WAGNER,SC,09/2022,65,49,"75,38",49,0,"100,00",16,"24,62",0,16,"24,62"
420070,ALFREDO WAGNER,SC,11/2022,69,65,"94,20",62,3,"95,38",4,"5,80",0,4,"5,80"
420075,ALTO BELA VISTA,SC,11/2022,3,3,"100,00",3,0,"100,00",0,"0,00",0,0,"0,00"
420075,ALTO BELA VISTA,SC,09/2022,5,5,"100,00",3,2,"60,00",0,"0,00",0,0,"0,00"
420075,ALTO BELA VISTA,SC,07/2022,4,2,"50,00",2,0,"100,00",2,"50,00",1,1,"25,00"
420080,ANCHIETA,SC,07/2022,37,31,"83,78",31,0,"100,00",6,"16,22",4,2,"5,41"
420080,ANCHIETA,SC,09/2022,35,31,"88,57",29,2,"93,55",4,"11,43",2,2,"5,71"
420080,ANCHIETA,SC,11/2022,30,27,"90,00",26,1,"96,30",3,"10,00",2,1,"3,33"
420090,ANGELINA,SC,11/2022,20,17,"85,00",16,1,"94,12",3,"15,00",0,3,"15,00"
420090,ANGELINA,SC,09/2022,30,24,"80,00",21,3,"87,50",6,"20,00",2,4,"13,33"
420090,ANGELINA,SC,07/2022,31,27,"87,10",20,7,"74,07",4,"12,90",4,0,"0,00"
420100,ANITA GARIBALDI,SC,07/2022,102,82,"80,39",73,9,"89,02",20,"19,61",6,14,"13,73"
420100,ANITA GARIBALDI,SC,09/2022,105,77,"73,33",67,10,"87,01",28,"26,67",17,11,"10,48"
420100,ANITA GARIBALDI,SC,11/2022,107,90,"84,11",86,4,"95,56",17,"15,89",2,15,"14,02"
420110,ANITÁPOLIS,SC,11/2022,16,15,"93,75",14,1,"93,33",1,"6,25",0,1,"6,25"
420110,ANITÁPOLIS,SC,09/2022,18,15,"83,33",15,0,"100,00",3,"16,67",1,2,"11,11"
420110,ANITÁPOLIS,SC,07/2022,16,13,"81,25",12,1,"92,31",3,"18,75",1,2,"12,50"
420120,ANTÔNIO CARLOS,SC,07/2022,29,24,"82,76",24,0,"100,00",5,"17,24",0,5,"17,24"
420120,ANTÔNIO CARLOS,SC,09/2022,32,30,"93,75",27,3,"90,00",2,"6,25",1,1,"3,13"
420120,ANTÔNIO CARLOS,SC,11/2022,31,26,"83,87",26,0,"100,00",5,"16,13",2,3,"9,68"
420125,APIÚNA,SC,11/2022,29,24,"82,76",24,0,"100,00",5,"17,24",1,4,"13,79"
420125,APIÚNA,SC,09/2022,29,25,"86,21",25,0,"100,00",4,"13,79",1,3,"10,34"
420125,APIÚNA,SC,07/2022,26,24,"92,31",24,0,"100,00",2,"7,69",0,2,"7,69"
420127,ARABUTÃ,SC,07/2022,8,0,"0,00",0,0,,8,"100,00",7,1,"12,50"
420127,ARABUTÃ,SC,09/2022,9,9,"100,00",6,3,"66,67",0,"0,00",0,0,"0,00"
420127,ARABUTÃ,SC,11/2022,7,7,"100,00",6,1,"85,71",0,"0,00",0,0,"0,00"
420130,ARAQUARI,SC,11/2022,293,245,"83,62",196,49,"80,00",48,"16,38",10,38,"12,97"
420130,ARAQUARI,SC,09/2022,306,230,"75,16",202,28,"87,83",76,"24,84",13,63,"20,59"
420130,ARAQUARI,SC,07/2022,262,160,"61,07",153,7,"95,63",102,"38,93",58,44,"16,79"
420140,ARARANGUÁ,SC,07/2022,251,236,"94,02",199,37,"84,32",15,"5,98",1,14,"5,58"
420140,ARARANGUÁ,SC,09/2022,273,267,"97,80",225,42,"84,27",6,"2,20",0,6,"2,20"
420140,ARARANGUÁ,SC,11/2022,294,282,"95,92",247,35,"87,59",12,"4,08",0,12,"4,08"
420150,ARMAZÉM,SC,11/2022,31,23,"74,19",23,0,"100,00",8,"25,81",3,5,"16,13"
420150,ARMAZÉM,SC,09/2022,35,26,"74,29",26,0,"100,00",9,"25,71",3,6,"17,14"
420150,ARMAZÉM,SC,07/2022,30,21,"70,00",21,0,"100,00",9,"30,00",4,5,"16,67"
420160,ARROIO TRINTA,SC,07/2022,10,8,"80,00",7,1,"87,50",2,"20,00",0,2,"20,00"
420160,ARROIO TRINTA,SC,09/2022,10,7,"70,00",7,0,"100,00",3,"30,00",1,2,"20,00"
420160,ARROIO TRINTA,SC,11/2022,9,6,"66,67",5,1,"83,33",3,"33,33",0,3,"33,33"
420165,ARVOREDO,SC,11/2022,7,6,"85,71",5,1,"83,33",1,"14,29",0,1,"14,29"
420165,ARVOREDO,SC,09/2022,9,8,"88,89",7,1,"87,50",1,"11,11",0,1,"11,11"
420165,ARVOREDO,SC,07/2022,5,5,"100,00",5,0,"100,00",0,"0,00",0,0,"0,00"
420170,ASCURRA,SC,07/2022,14,6,"42,86",6,0,"100,00",8,"57,14",2,6,"42,86"
420170,ASCURRA,SC,09/2022,22,14,"63,64",11,3,"78,57",8,"36,36",2,6,"27,27"
420170,ASCURRA,SC,11/2022,29,21,"72,41",18,3,"85,71",8,"27,59",1,7,"24,14"
420180,ATALANTA,SC,11/2022,9,8,"88,89",8,0,"100,00",1,"11,11",0,1,"11,11"
420180,ATALANTA,SC,09/2022,8,7,"87,50",7,0,"100,00",1,"12,50",0,1,"12,50"
420180,ATALANTA,SC,07/2022,6,5,"83,33",5,0,"100,00",1,"16,67",1,0,"0,00"
420190,AURORA,SC,07/2022,11,11,"100,00",10,1,"90,91",0,"0,00",0,0,"0,00"
420190,AURORA,SC,09/2022,10,10,"100,00",9,1,"90,00",0,"0,00",0,0,"0,00"
420190,AURORA,SC,11/2022,7,7,"100,00",6,1,"85,71",0,"0,00",0,0,"0,00"
420195,BALNEÁRIO ARROIO DO SILVA,SC,11/2022,131,119,"90,84",112,7,"94,12",12,"9,16",0,12,"9,16"
420195,BALNEÁRIO ARROIO DO SILVA,SC,09/2022,139,112,"80,58",96,16,"85,71",27,"19,42",1,26,"18,71"
420195,BALNEÁRIO ARROIO DO SILVA,SC,07/2022,117,93,"79,49",87,6,"93,55",24,"20,51",0,24,"20,51"
420200,BALNEÁRIO CAMBORIÚ,SC,07/2022,234,122,"52,14",108,14,"88,52",112,"47,86",7,105,"44,87"
420200,BALNEÁRIO CAMBORIÚ,SC,09/2022,270,137,"50,74",127,10,"92,70",133,"49,26",9,124,"45,93"
420200,BALNEÁRIO CAMBORIÚ,SC,11/2022,273,155,"56,78",142,13,"91,61",118,"43,22",8,110,"40,29"
420205,BALNEÁRIO BARRA DO SUL,SC,11/2022,137,114,"83,21",112,2,"98,25",23,"16,79",3,20,"14,60"
420205,BALNEÁRIO BARRA DO SUL,SC,09/2022,137,117,"85,40",110,7,"94,02",20,"14,60",6,14,"10,22"
420205,BALNEÁRIO BARRA DO SUL,SC,07/2022,120,97,"80,83",97,0,"100,00",23,"19,17",4,19,"15,83"
420207,BALNEÁRIO GAIVOTA,SC,07/2022,85,69,"81,18",64,5,"92,75",16,"18,82",1,15,"17,65"
420207,BALNEÁRIO GAIVOTA,SC,09/2022,104,82,"78,85",77,5,"93,90",22,"21,15",0,22,"21,15"
420207,BALNEÁRIO GAIVOTA,SC,11/2022,103,88,"85,44",85,3,"96,59",15,"14,56",0,15,"14,56"
420208,BANDEIRANTE,SC,11/2022,22,19,"86,36",14,5,"73,68",3,"13,64",3,0,"0,00"
420208,BANDEIRANTE,SC,09/2022,23,3,"13,04",0,3,"0,00",20,"86,96",16,4,"17,39"
420208,BANDEIRANTE,SC,07/2022,20,2,"10,00",1,1,"50,00",18,"90,00",16,2,"10,00"
420209,BARRA BONITA,SC,07/2022,5,5,"100,00",5,0,"100,00",0,"0,00",0,0,"0,00"
420209,BARRA BONITA,SC,09/2022,6,5,"83,33",5,0,"100,00",1,"16,67",1,0,"0,00"
420209,BARRA BONITA,SC,11/2022,6,5,"83,33",5,0,"100,00",1,"16,67",1,0,"0,00"
420210,BARRA VELHA,SC,11/2022,225,167,"74,22",160,7,"95,81",58,"25,78",9,49,"21,78"
420210,BARRA VELHA,SC,09/2022,211,151,"71,56",111,40,"73,51",60,"28,44",17,43,"20,38"
420210,BARRA VELHA,SC,07/2022,178,127,"71,35",108,19,"85,04",51,"28,65",21,30,"16,85"
420213,BELA VISTA DO TOLDO,SC,07/2022,71,65,"91,55",61,4,"93,85",6,"8,45",1,5,"7,04"
420213,BELA VISTA DO TOLDO,SC,09/2022,77,1,"1,30",1,0,"100,00",76,"98,70",70,6,"7,79"
420213,BELA VISTA DO TOLDO,SC,11/2022,76,75,"98,68",71,4,"94,67",1,"1,32",0,1,"1,32"
420215,BELMONTE,SC,11/2022,13,11,"84,62",9,2,"81,82",2,"15,38",0,2,"15,38"
420215,BELMONTE,SC,09/2022,13,10,"76,92",8,2,"80,00",3,"23,08",1,2,"15,38"
420215,BELMONTE,SC,07/2022,10,8,"80,00",6,2,"75,00",2,"20,00",1,1,"10,00"
420220,BENEDITO NOVO,SC,07/2022,22,21,"95,45",11,10,"52,38",1,"4,55",0,1,"4,55"
420220,BENEDITO NOVO,SC,09/2022,25,23,"92,00",11,12,"47,83",2,"8,00",1,1,"4,00"
420220,BENEDITO NOVO,SC,11/2022,22,21,"95,45",12,9,"57,14",1,"4,55",1,0,"0,00"
420230,BIGUAÇU,SC,09/2022,428,288,"67,29",229,59,"79,51",140,"32,71",16,124,"28,97"
420230,BIGUAÇU,SC,11/2022,441,322,"73,02",257,65,"79,81",119,"26,98",13,106,"24,04"
420230,BIGUAÇU,SC,07/2022,376,239,"63,56",189,50,"79,08",137,"36,44",23,114,"30,32"
420240,BLUMENAU,SC,07/2022,670,394,"58,81",348,46,"88,32",276,"41,19",126,150,"22,39"
420240,BLUMENAU,SC,11/2022,784,490,"62,50",437,53,"89,18",294,"37,50",115,179,"22,83"
420240,BLUMENAU,SC,09/2022,791,594,"75,09",524,70,"88,22",197,"24,91",20,177,"22,38"
420243,BOCAINA DO SUL,SC,09/2022,41,37,"90,24",36,1,"97,30",4,"9,76",0,4,"9,76"
420243,BOCAINA DO SUL,SC,11/2022,44,39,"88,64",36,3,"92,31",5,"11,36",0,5,"11,36"
420243,BOCAINA DO SUL,SC,07/2022,37,32,"86,49",29,3,"90,63",5,"13,51",0,5,"13,51"
420245,BOMBINHAS,SC,07/2022,90,64,"71,11",56,8,"87,50",26,"28,89",5,21,"23,33"
420245,BOMBINHAS,SC,11/2022,126,100,"79,37",86,14,"86,00",26,"20,63",3,23,"18,25"
420245,BOMBINHAS,SC,09/2022,112,86,"76,79",71,15,"82,56",26,"23,21",8,18,"16,07"
420250,BOM JARDIM DA SERRA,SC,09/2022,68,57,"83,82",45,12,"78,95",11,"16,18",1,10,"14,71"
420250,BOM JARDIM DA SERRA,SC,11/2022,63,54,"85,71",47,7,"87,04",9,"14,29",2,7,"11,11"
420250,BOM JARDIM DA SERRA,SC,07/2022,54,43,"79,63",43,0,"100,00",11,"20,37",0,11,"20,37"
420253,BOM JESUS,SC,07/2022,23,20,"86,96",20,0,"100,00",3,"13,04",2,1,"4,35"
420253,BOM JESUS,SC,11/2022,28,25,"89,29",25,0,"100,00",3,"10,71",2,1,"3,57"
420253,BOM JESUS,SC,09/2022,22,19,"86,36",19,0,"100,00",3,"13,64",2,1,"4,55"
420257,BOM JESUS DO OESTE,SC,09/2022,11,10,"90,91",7,3,"70,00",1,"9,09",0,1,"9,09"
420257,BOM JESUS DO OESTE,SC,11/2022,13,10,"76,92",10,0,"100,00",3,"23,08",0,3,"23,08"
420257,BOM JESUS DO OESTE,SC,07/2022,11,8,"72,73",6,2,"75,00",3,"27,27",0,3,"27,27"
420260,BOM RETIRO,SC,07/2022,90,90,"100,00",82,8,"91,11",0,"0,00",0,0,"0,00"
420260,BOM RETIRO,SC,11/2022,102,99,"97,06",94,5,"94,95",3,"2,94",0,3,"2,94"
420260,BOM RETIRO,SC,09/2022,96,87,"90,63",81,6,"93,10",9,"9,38",2,7,"7,29"
420270,BOTUVERÁ,SC,09/2022,12,4,"33,33",3,1,"75,00",8,"66,67",1,7,"58,33"
420270,BOTUVERÁ,SC,11/2022,9,7,"77,78",5,2,"71,43",2,"22,22",1,1,"11,11"
420270,BOTUVERÁ,SC,07/2022,9,2,"22,22",2,0,"100,00",7,"77,78",0,7,"77,78"
420280,BRAÇO DO NORTE,SC,07/2022,82,46,"56,10",33,13,"71,74",36,"43,90",15,21,"25,61"
420280,BRAÇO DO NORTE,SC,11/2022,113,82,"72,57",71,11,"86,59",31,"27,43",1,30,"26,55"
420280,BRAÇO DO NORTE,SC,09/2022,101,69,"68,32",61,8,"88,41",32,"31,68",7,25,"24,75"
420285,BRAÇO DO TROMBUDO,SC,09/2022,4,4,"100,00",4,0,"100,00",0,"0,00",0,0,"0,00"
420285,BRAÇO DO TROMBUDO,SC,11/2022,4,4,"100,00",4,0,"100,00",0,"0,00",0,0,"0,00"
420285,BRAÇO DO TROMBUDO,SC,07/2022,1,1,"100,00",1,0,"100,00",0,"0,00",0,0,"0,00"
420287,BRUNÓPOLIS,SC,07/2022,26,22,"84,62",20,2,"90,91",4,"15,38",0,4,"15,38"
420287,BRUNÓPOLIS,SC,11/2022,26,24,"92,31",24,0,"100,00",2,"7,69",0,2,"7,69"
420287,BRUNÓPOLIS,SC,09/2022,28,24,"85,71",22,2,"91,67",4,"14,29",0,4,"14,29"
420290,BRUSQUE,SC,09/2022,336,170,"50,60",154,16,"90,59",166,"49,40",46,120,"35,71"
420290,BRUSQUE,SC,11/2022,325,195,"60,00",176,19,"90,26",130,"40,00",22,108,"33,23"
420290,BRUSQUE,SC,07/2022,283,73,"25,80",64,9,"87,67",210,"74,20",116,94,"33,22"
420300,CAÇADOR,SC,07/2022,304,177,"58,22",143,34,"80,79",127,"41,78",17,110,"36,18"
420300,CAÇADOR,SC,11/2022,342,321,"93,86",226,95,"70,40",21,"6,14",1,20,"5,85"
420300,CAÇADOR,SC,09/2022,330,219,"66,36",176,43,"80,37",111,"33,64",27,84,"25,45"
420310,CAIBI,SC,09/2022,41,36,"87,80",36,0,"100,00",5,"12,20",0,5,"12,20"
420310,CAIBI,SC,11/2022,40,40,"100,00",31,9,"77,50",0,"0,00",0,0,"0,00"
420310,CAIBI,SC,07/2022,32,0,"0,00",0,0,,32,"100,00",18,14,"43,75"
420315,CALMON,SC,07/2022,47,35,"74,47",20,15,"57,14",12,"25,53",1,11,"23,40"
420315,CALMON,SC,11/2022,55,50,"90,91",31,19,"62,00",5,"9,09",0,5,"9,09"
420315,CALMON,SC,09/2022,52,44,"84,62",29,15,"65,91",8,"15,38",0,8,"15,38"
420320,CAMBORIÚ,SC,09/2022,408,125,"30,64",117,8,"93,60",283,"69,36",157,126,"30,88"
420320,CAMBORIÚ,SC,11/2022,449,291,"64,81",278,13,"95,53",158,"35,19",18,140,"31,18"
420320,CAMBORIÚ,SC,07/2022,342,167,"48,83",158,9,"94,61",175,"51,17",79,96,"28,07"
420325,CAPÃO ALTO,SC,07/2022,20,11,"55,00",10,1,"90,91",9,"45,00",3,6,"30,00"
420325,CAPÃO ALTO,SC,11/2022,18,15,"83,33",14,1,"93,33",3,"16,67",2,1,"5,56"
420325,CAPÃO ALTO,SC,09/2022,18,13,"72,22",13,0,"100,00",5,"27,78",3,2,"11,11"
420330,CAMPO ALEGRE,SC,09/2022,56,47,"83,93",42,5,"89,36",9,"16,07",5,4,"7,14"
420330,CAMPO ALEGRE,SC,11/2022,48,42,"87,50",39,3,"92,86",6,"12,50",5,1,"2,08"
420330,CAMPO ALEGRE,SC,07/2022,57,47,"82,46",41,6,"87,23",10,"17,54",8,2,"3,51"
420340,CAMPO BELO DO SUL,SC,07/2022,76,57,"75,00",46,11,"80,70",19,"25,00",2,17,"22,37"
420340,CAMPO BELO DO SUL,SC,11/2022,75,22,"29,33",14,8,"63,64",53,"70,67",37,16,"21,33"
420340,CAMPO BELO DO SUL,SC,09/2022,74,21,"28,38",18,3,"85,71",53,"71,62",34,19,"25,68"
420350,CAMPO ERÊ,SC,09/2022,98,89,"90,82",81,8,"91,01",9,"9,18",7,2,"2,04"
420350,CAMPO ERÊ,SC,11/2022,95,78,"82,11",78,0,"100,00",17,"17,89",5,12,"12,63"
420350,CAMPO ERÊ,SC,07/2022,98,80,"81,63",70,10,"87,50",18,"18,37",6,12,"12,24"
420360,CAMPOS NOVOS,SC,07/2022,94,75,"79,79",75,0,"100,00",19,"20,21",0,19,"20,21"
420360,CAMPOS NOVOS,SC,11/2022,102,73,"71,57",55,18,"75,34",29,"28,43",0,29,"28,43"
420360,CAMPOS NOVOS,SC,09/2022,100,81,"81,00",70,11,"86,42",19,"19,00",0,19,"19,00"
420370,CANELINHA,SC,09/2022,116,90,"77,59",79,11,"87,78",26,"22,41",2,24,"20,69"
420370,CANELINHA,SC,11/2022,110,89,"80,91",80,9,"89,89",21,"19,09",0,21,"19,09"
420370,CANELINHA,SC,07/2022,109,77,"70,64",66,11,"85,71",32,"29,36",7,25,"22,94"
420380,CANOINHAS,SC,07/2022,282,257,"91,13",231,26,"89,88",25,"8,87",9,16,"5,67"
420380,CANOINHAS,SC,11/2022,317,300,"94,64",267,33,"89,00",17,"5,36",5,12,"3,79"
420380,CANOINHAS,SC,09/2022,307,274,"89,25",236,38,"86,13",33,"10,75",15,18,"5,86"
420390,CAPINZAL,SC,09/2022,41,31,"75,61",26,5,"83,87",10,"24,39",1,9,"21,95"
420390,CAPINZAL,SC,11/2022,41,39,"95,12",30,9,"76,92",2,"4,88",0,2,"4,88"
420390,CAPINZAL,SC,07/2022,39,30,"76,92",28,2,"93,33",9,"23,08",0,9,"23,08"
420395,CAPIVARI DE BAIXO,SC,07/2022,48,44,"91,67",39,5,"88,64",4,"8,33",1,3,"6,25"
420395,CAPIVARI DE BAIXO,SC,11/2022,63,51,"80,95",49,2,"96,08",12,"19,05",5,7,"11,11"
420395,CAPIVARI DE BAIXO,SC,09/2022,55,48,"87,27",45,3,"93,75",7,"12,73",1,6,"10,91"
420400,CATANDUVAS,SC,09/2022,53,44,"83,02",39,5,"88,64",9,"16,98",2,7,"13,21"
420400,CATANDUVAS,SC,11/2022,55,50,"90,91",41,9,"82,00",5,"9,09",1,4,"7,27"
420400,CATANDUVAS,SC,07/2022,50,40,"80,00",36,4,"90,00",10,"20,00",1,9,"18,00"
420410,CAXAMBU DO SUL,SC,07/2022,32,7,"21,88",6,1,"85,71",25,"78,13",21,4,"12,50"
420410,CAXAMBU DO SUL,SC,11/2022,35,23,"65,71",20,3,"86,96",12,"34,29",2,10,"28,57"
420410,CAXAMBU DO SUL,SC,09/2022,36,28,"77,78",27,1,"96,43",8,"22,22",3,5,"13,89"
420415,CELSO RAMOS,SC,09/2022,28,26,"92,86",26,0,"100,00",2,"7,14",0,2,"7,14"
420415,CELSO RAMOS,SC,11/2022,27,24,"88,89",24,0,"100,00",3,"11,11",0,3,"11,11"
420415,CELSO RAMOS,SC,07/2022,28,27,"96,43",27,0,"100,00",1,"3,57",0,1,"3,57"
420417,CERRO NEGRO,SC,07/2022,39,27,"69,23",23,4,"85,19",12,"30,77",6,6,"15,38"
420417,CERRO NEGRO,SC,11/2022,32,20,"62,50",20,0,"100,00",12,"37,50",6,6,"18,75"
420417,CERRO NEGRO,SC,09/2022,40,3,"7,50",3,0,"100,00",37,"92,50",29,8,"20,00"
420419,CHAPADÃO DO LAGEADO,SC,09/2022,16,14,"87,50",14,0,"100,00",2,"12,50",1,1,"6,25"
420419,CHAPADÃO DO LAGEADO,SC,11/2022,9,9,"100,00",9,0,"100,00",0,"0,00",0,0,"0,00"
420419,CHAPADÃO DO LAGEADO,SC,07/2022,14,13,"92,86",11,2,"84,62",1,"7,14",0,1,"7,14"
420420,CHAPECÓ,SC,07/2022,731,461,"63,06",399,62,"86,55",270,"36,94",87,183,"25,03"
420420,CHAPECÓ,SC,11/2022,824,684,"83,01",547,137,"79,97",140,"16,99",22,118,"14,32"
420420,CHAPECÓ,SC,09/2022,784,451,"57,53",384,67,"85,14",333,"42,47",128,205,"26,15"
420425,COCAL DO SUL,SC,09/2022,37,28,"75,68",15,13,"53,57",9,"24,32",0,9,"24,32"
420425,COCAL DO SUL,SC,11/2022,34,28,"82,35",21,7,"75,00",6,"17,65",0,6,"17,65"
420425,COCAL DO SUL,SC,07/2022,35,31,"88,57",21,10,"67,74",4,"11,43",1,3,"8,57"
420430,CONCÓRDIA,SC,07/2022,135,109,"80,74",89,20,"81,65",26,"19,26",7,19,"14,07"
420430,CONCÓRDIA,SC,11/2022,157,146,"92,99",121,25,"82,88",11,"7,01",3,8,"5,10"
420430,CONCÓRDIA,SC,09/2022,147,136,"92,52",115,21,"84,56",11,"7,48",3,8,"5,44"
420435,CORDILHEIRA ALTA,SC,09/2022,11,0,"0,00",0,0,,11,"100,00",11,0,"0,00"
420435,CORDILHEIRA ALTA,SC,11/2022,13,10,"76,92",10,0,"100,00",3,"23,08",1,2,"15,38"
420435,CORDILHEIRA ALTA,SC,07/2022,9,0,"0,00",0,0,,9,"100,00",9,0,"0,00"
420440,CORONEL FREITAS,SC,07/2022,40,19,"47,50",13,6,"68,42",21,"52,50",11,10,"25,00"
420440,CORONEL FREITAS,SC,11/2022,47,25,"53,19",20,5,"80,00",22,"46,81",11,11,"23,40"
420440,CORONEL FREITAS,SC,09/2022,44,20,"45,45",17,3,"85,00",24,"54,55",11,13,"29,55"
420445,CORONEL MARTINS,SC,09/2022,15,13,"86,67",12,1,"92,31",2,"13,33",1,1,"6,67"
420445,CORONEL MARTINS,SC,11/2022,14,14,"100,00",13,1,"92,86",0,"0,00",0,0,"0,00"
420445,CORONEL MARTINS,SC,07/2022,13,11,"84,62",11,0,"100,00",2,"15,38",2,0,"0,00"
420450,CORUPÁ,SC,07/2022,49,5,"10,20",5,0,"100,00",44,"89,80",22,22,"44,90"
420450,CORUPÁ,SC,11/2022,61,32,"52,46",28,4,"87,50",29,"47,54",2,27,"44,26"
420450,CORUPÁ,SC,09/2022,60,28,"46,67",25,3,"89,29",32,"53,33",2,30,"50,00"
420455,CORREIA PINTO,SC,09/2022,128,78,"60,94",70,8,"89,74",50,"39,06",21,29,"22,66"
420455,CORREIA PINTO,SC,11/2022,138,102,"73,91",92,10,"90,20",36,"26,09",14,22,"15,94"
420455,CORREIA PINTO,SC,07/2022,124,78,"62,90",71,7,"91,03",46,"37,10",17,29,"23,39"
420460,CRICIÚMA,SC,07/2022,671,626,"93,29",525,101,"83,87",45,"6,71",5,40,"5,96"
420460,CRICIÚMA,SC,11/2022,721,663,"91,96",519,144,"78,28",58,"8,04",1,57,"7,91"
420460,CRICIÚMA,SC,09/2022,764,710,"92,93",548,162,"77,18",54,"7,07",2,52,"6,81"
420470,CUNHA PORÃ,SC,09/2022,31,18,"58,06",12,6,"66,67",13,"41,94",0,13,"41,94"
420470,CUNHA PORÃ,SC,11/2022,31,19,"61,29",16,3,"84,21",12,"38,71",1,11,"35,48"
420470,CUNHA PORÃ,SC,07/2022,29,17,"58,62",17,0,"100,00",12,"41,38",0,12,"41,38"
420475,CUNHATAÍ,SC,07/2022,2,2,"100,00",2,0,"100,00",0,"0,00",0,0,"0,00"
420475,CUNHATAÍ,SC,11/2022,2,2,"100,00",1,1,"50,00",0,"0,00",0,0,"0,00"
420475,CUNHATAÍ,SC,09/2022,2,2,"100,00",2,0,"100,00",0,"0,00",0,0,"0,00"
420480,CURITIBANOS,SC,09/2022,343,259,"75,51",240,19,"92,66",84,"24,49",9,75,"21,87"
420480,CURITIBANOS,SC,11/2022,317,270,"85,17",263,7,"97,41",47,"14,83",2,45,"14,20"
420480,CURITIBANOS,SC,07/2022,311,230,"73,95",213,17,"92,61",81,"26,05",11,70,"22,51"
420490,DESCANSO,SC,07/2022,25,21,"84,00",19,2,"90,48",4,"16,00",1,3,"12,00"
420490,DESCANSO,SC,11/2022,25,21,"84,00",16,5,"76,19",4,"16,00",1,3,"12,00"
420490,DESCANSO,SC,09/2022,26,22,"84,62",18,4,"81,82",4,"15,38",2,2,"7,69"
420500,DIONÍSIO CERQUEIRA,SC,09/2022,89,55,"61,80",52,3,"94,55",34,"38,20",2,32,"35,96"
420500,DIONÍSIO CERQUEIRA,SC,11/2022,80,52,"65,00",50,2,"96,15",28,"35,00",0,28,"35,00"
420500,DIONÍSIO CERQUEIRA,SC,07/2022,85,54,"63,53",47,7,"87,04",31,"36,47",1,30,"35,29"
420510,DONA EMMA,SC,07/2022,4,4,"100,00",4,0,"100,00",0,"0,00",0,0,"0,00"
420510,DONA EMMA,SC,11/2022,4,4,"100,00",4,0,"100,00",0,"0,00",0,0,"0,00"
420510,DONA EMMA,SC,09/2022,4,4,"100,00",4,0,"100,00",0,"0,00",0,0,"0,00"
420515,DOUTOR PEDRINHO,SC,09/2022,3,3,"100,00",2,1,"66,67",0,"0,00",0,0,"0,00"
420515,DOUTOR PEDRINHO,SC,11/2022,2,2,"100,00",1,1,"50,00",0,"0,00",0,0,"0,00"
420515,DOUTOR PEDRINHO,SC,07/2022,5,5,"100,00",4,1,"80,00",0,"0,00",0,0,"0,00"
420517,ENTRE RIOS,SC,07/2022,69,51,"73,91",47,4,"92,16",18,"26,09",6,12,"17,39"
420517,ENTRE RIOS,SC,11/2022,65,52,"80,00",47,5,"90,38",13,"20,00",3,10,"15,38"
420517,ENTRE RIOS,SC,09/2022,74,59,"79,73",53,6,"89,83",15,"20,27",1,14,"18,92"
420519,ERMO,SC,09/2022,26,25,"96,15",21,4,"84,00",1,"3,85",0,1,"3,85"
420519,ERMO,SC,11/2022,23,22,"95,65",22,0,"100,00",1,"4,35",0,1,"4,35"
420519,ERMO,SC,07/2022,24,19,"79,17",18,1,"94,74",5,"20,83",0,5,"20,83"
420520,ERVAL VELHO,SC,07/2022,5,4,"80,00",1,3,"25,00",1,"20,00",0,1,"20,00"
420520,ERVAL VELHO,SC,11/2022,3,2,"66,67",2,0,"100,00",1,"33,33",0,1,"33,33"
420520,ERVAL VELHO,SC,09/2022,5,4,"80,00",1,3,"25,00",1,"20,00",0,1,"20,00"
420530,FAXINAL DOS GUEDES,SC,09/2022,37,10,"27,03",9,1,"90,00",27,"72,97",22,5,"13,51"
420530,FAXINAL DOS GUEDES,SC,11/2022,36,31,"86,11",27,4,"87,10",5,"13,89",2,3,"8,33"
420530,FAXINAL DOS GUEDES,SC,07/2022,42,8,"19,05",7,1,"87,50",34,"80,95",26,8,"19,05"
420535,FLOR DO SERTÃO,SC,07/2022,8,7,"87,50",6,1,"85,71",1,"12,50",0,1,"12,50"
420535,FLOR DO SERTÃO,SC,11/2022,6,6,"100,00",5,1,"83,33",0,"0,00",0,0,"0,00"
420535,FLOR DO SERTÃO,SC,09/2022,8,7,"87,50",6,1,"85,71",1,"12,50",0,1,"12,50"
420540,FLORIANÓPOLIS,SC,09/2022,1798,1074,"59,73",995,79,"92,64",724,"40,27",26,698,"38,82"
420540,FLORIANÓPOLIS,SC,11/2022,1853,1135,"61,25",979,156,"86,26",718,"38,75",14,704,"37,99"
420540,FLORIANÓPOLIS,SC,07/2022,1462,785,"53,69",673,112,"85,73",677,"46,31",94,583,"39,88"
420543,FORMOSA DO SUL,SC,07/2022,25,16,"64,00",16,0,"100,00",9,"36,00",0,9,"36,00"
420543,FORMOSA DO SUL,SC,11/2022,20,11,"55,00",10,1,"90,91",9,"45,00",0,9,"45,00"
420543,FORMOSA DO SUL,SC,09/2022,23,15,"65,22",14,1,"93,33",8,"34,78",0,8,"34,78"
420545,FORQUILHINHA,SC,09/2022,76,59,"77,63",53,6,"89,83",17,"22,37",5,12,"15,79"
420545,FORQUILHINHA,SC,11/2022,74,57,"77,03",54,3,"94,74",17,"22,97",5,12,"16,22"
420545,FORQUILHINHA,SC,07/2022,68,61,"89,71",54,7,"88,52",7,"10,29",4,3,"4,41"
420550,FRAIBURGO,SC,07/2022,219,155,"70,78",132,23,"85,16",64,"29,22",1,63,"28,77"
420550,FRAIBURGO,SC,11/2022,241,192,"79,67",163,29,"84,90",49,"20,33",0,49,"20,33"
420550,FRAIBURGO,SC,09/2022,234,166,"70,94",144,22,"86,75",68,"29,06",2,66,"28,21"
420555,FREI ROGÉRIO,SC,09/2022,23,16,"69,57",16,0,"100,00",7,"30,43",0,7,"30,43"
420555,FREI ROGÉRIO,SC,11/2022,23,16,"69,57",16,0,"100,00",7,"30,43",0,7,"30,43"
420555,FREI ROGÉRIO,SC,07/2022,28,21,"75,00",21,0,"100,00",7,"25,00",0,7,"25,00"
420560,GALVÃO,SC,07/2022,26,22,"84,62",22,0,"100,00",4,"15,38",0,4,"15,38"
420560,GALVÃO,SC,11/2022,21,20,"95,24",18,2,"90,00",1,"4,76",0,1,"4,76"
420560,GALVÃO,SC,09/2022,27,24,"88,89",20,4,"83,33",3,"11,11",0,3,"11,11"
420570,GAROPABA,SC,09/2022,177,150,"84,75",149,1,"99,33",27,"15,25",2,25,"14,12"
420570,GAROPABA,SC,11/2022,185,159,"85,95",157,2,"98,74",26,"14,05",0,26,"14,05"
420570,GAROPABA,SC,07/2022,147,86,"58,50",82,4,"95,35",61,"41,50",50,11,"7,48"
420580,GARUVA,SC,07/2022,108,79,"73,15",57,22,"72,15",29,"26,85",2,27,"25,00"
420580,GARUVA,SC,11/2022,105,68,"64,76",43,25,"63,24",37,"35,24",6,31,"29,52"
420580,GARUVA,SC,09/2022,118,81,"68,64",43,38,"53,09",37,"31,36",1,36,"30,51"
420590,GASPAR,SC,09/2022,138,114,"82,61",104,10,"91,23",24,"17,39",2,22,"15,94"
420590,GASPAR,SC,11/2022,141,120,"85,11",102,18,"85,00",21,"14,89",0,21,"14,89"
420590,GASPAR,SC,07/2022,122,95,"77,87",78,17,"82,11",27,"22,13",1,26,"21,31"
420600,GOVERNADOR CELSO RAMOS,SC,07/2022,66,33,"50,00",28,5,"84,85",33,"50,00",5,28,"42,42"
420600,GOVERNADOR CELSO RAMOS,SC,11/2022,83,47,"56,63",39,8,"82,98",36,"43,37",7,29,"34,94"
420600,GOVERNADOR CELSO RAMOS,SC,09/2022,74,43,"58,11",37,6,"86,05",31,"41,89",0,31,"41,89"
420610,GRÃO PARÁ,SC,09/2022,26,20,"76,92",14,6,"70,00",6,"23,08",3,3,"11,54"
420610,GRÃO PARÁ,SC,11/2022,30,20,"66,67",16,4,"80,00",10,"33,33",7,3,"10,00"
420610,GRÃO PARÁ,SC,07/2022,18,16,"88,89",10,6,"62,50",2,"11,11",0,2,"11,11"
420620,GRAVATAL,SC,07/2022,38,34,"89,47",23,11,"67,65",4,"10,53",2,2,"5,26"
420620,GRAVATAL,SC,11/2022,41,37,"90,24",29,8,"78,38",4,"9,76",2,2,"4,88"
420620,GRAVATAL,SC,09/2022,38,19,"50,00",17,2,"89,47",19,"50,00",17,2,"5,26"
420630,GUABIRUBA,SC,09/2022,65,34,"52,31",27,7,"79,41",31,"47,69",18,13,"20,00"
420630,GUABIRUBA,SC,11/2022,62,49,"79,03",43,6,"87,76",13,"20,97",3,10,"16,13"
420630,GUABIRUBA,SC,07/2022,56,14,"25,00",13,1,"92,86",42,"75,00",34,8,"14,29"
420640,GUARACIABA,SC,07/2022,24,21,"87,50",21,0,"100,00",3,"12,50",1,2,"8,33"
420640,GUARACIABA,SC,11/2022,26,22,"84,62",19,3,"86,36",4,"15,38",3,1,"3,85"
420640,GUARACIABA,SC,09/2022,26,20,"76,92",18,2,"90,00",6,"23,08",3,3,"11,54"
420650,GUARAMIRIM,SC,09/2022,195,167,"85,64",142,25,"85,03",28,"14,36",1,27,"13,85"
420650,GUARAMIRIM,SC,11/2022,214,174,"81,31",173,1,"99,43",40,"18,69",3,37,"17,29"
420650,GUARAMIRIM,SC,07/2022,164,126,"76,83",119,7,"94,44",38,"23,17",2,36,"21,95"
420660,GUARUJÁ DO SUL,SC,07/2022,6,5,"83,33",4,1,"80,00",1,"16,67",0,1,"16,67"
420660,GUARUJÁ DO SUL,SC,11/2022,11,11,"100,00",8,3,"72,73",0,"0,00",0,0,"0,00"
420660,GUARUJÁ DO SUL,SC,09/2022,11,10,"90,91",9,1,"90,00",1,"9,09",1,0,"0,00"
420665,GUATAMBÚ,SC,09/2022,34,27,"79,41",23,4,"85,19",7,"20,59",3,4,"11,76"
420665,GUATAMBÚ,SC,11/2022,34,32,"94,12",29,3,"90,63",2,"5,88",1,1,"2,94"
420665,GUATAMBÚ,SC,07/2022,32,27,"84,38",26,1,"96,30",5,"15,63",3,2,"6,25"
420670,HERVAL D´OESTE,SC,07/2022,44,36,"81,82",36,0,"100,00",8,"18,18",1,7,"15,91"
420670,HERVAL D´OESTE,SC,11/2022,33,31,"93,94",29,2,"93,55",2,"6,06",0,2,"6,06"
420670,HERVAL D´OESTE,SC,09/2022,46,39,"84,78",39,0,"100,00",7,"15,22",0,7,"15,22"
420675,IBIAM,SC,09/2022,13,9,"69,23",8,1,"88,89",4,"30,77",1,3,"23,08"
420675,IBIAM,SC,11/2022,11,9,"81,82",8,1,"88,89",2,"18,18",0,2,"18,18"
420675,IBIAM,SC,07/2022,8,6,"75,00",6,0,"100,00",2,"25,00",0,2,"25,00"
420680,IBICARÉ,SC,07/2022,9,8,"88,89",8,0,"100,00",1,"11,11",0,1,"11,11"
420680,IBICARÉ,SC,11/2022,10,10,"100,00",8,2,"80,00",0,"0,00",0,0,"0,00"
420680,IBICARÉ,SC,09/2022,7,7,"100,00",5,2,"71,43",0,"0,00",0,0,"0,00"
420690,IBIRAMA,SC,09/2022,47,46,"97,87",33,13,"71,74",1,"2,13",0,1,"2,13"
420690,IBIRAMA,SC,11/2022,46,45,"97,83",29,16,"64,44",1,"2,17",1,0,"0,00"
420690,IBIRAMA,SC,07/2022,40,39,"97,50",27,12,"69,23",1,"2,50",0,1,"2,50"
420700,IÇARA,SC,07/2022,210,179,"85,24",127,52,"70,95",31,"14,76",3,28,"13,33"
420700,IÇARA,SC,11/2022,238,221,"92,86",181,40,"81,90",17,"7,14",2,15,"6,30"
420700,IÇARA,SC,09/2022,233,214,"91,85",171,43,"79,91",19,"8,15",2,17,"7,30"
420710,ILHOTA,SC,09/2022,82,72,"87,80",64,8,"88,89",10,"12,20",3,7,"8,54"
420710,ILHOTA,SC,11/2022,76,69,"90,79",63,6,"91,30",7,"9,21",1,6,"7,89"
420710,ILHOTA,SC,07/2022,74,63,"85,14",57,6,"90,48",11,"14,86",2,9,"12,16"
420720,IMARUÍ,SC,07/2022,101,15,"14,85",15,0,"100,00",86,"85,15",49,37,"36,63"
420720,IMARUÍ,SC,11/2022,111,10,"9,01",7,3,"70,00",101,"90,99",64,37,"33,33"
420720,IMARUÍ,SC,09/2022,107,5,"4,67",5,0,"100,00",102,"95,33",66,36,"33,64"
420730,IMBITUBA,SC,09/2022,263,77,"29,28",69,8,"89,61",186,"70,72",146,40,"15,21"
420730,IMBITUBA,SC,11/2022,283,241,"85,16",236,5,"97,93",42,"14,84",1,41,"14,49"
420730,IMBITUBA,SC,07/2022,229,72,"31,44",64,8,"88,89",157,"68,56",123,34,"14,85"
420740,IMBUIA,SC,07/2022,23,22,"95,65",22,0,"100,00",1,"4,35",1,0,"0,00"
420740,IMBUIA,SC,11/2022,26,26,"100,00",26,0,"100,00",0,"0,00",0,0,"0,00"
420740,IMBUIA,SC,09/2022,25,23,"92,00",21,2,"91,30",2,"8,00",2,0,"0,00"
420750,INDAIAL,SC,09/2022,131,83,"63,36",58,25,"69,88",48,"36,64",12,36,"27,48"
420750,INDAIAL,SC,11/2022,109,90,"82,57",52,38,"57,78",19,"17,43",13,6,"5,50"
420750,INDAIAL,SC,07/2022,110,71,"64,55",56,15,"78,87",39,"35,45",15,24,"21,82"
420757,IOMERÊ,SC,07/2022,2,2,"100,00",2,0,"100,00",0,"0,00",0,0,"0,00"
420757,IOMERÊ,SC,11/2022,2,1,"50,00",1,0,"100,00",1,"50,00",1,0,"0,00"
420757,IOMERÊ,SC,09/2022,2,2,"100,00",2,0,"100,00",0,"0,00",0,0,"0,00"
420760,IPIRA,SC,09/2022,9,9,"100,00",8,1,"88,89",0,"0,00",0,0,"0,00"
420760,IPIRA,SC,11/2022,10,10,"100,00",8,2,"80,00",0,"0,00",0,0,"0,00"
420760,IPIRA,SC,07/2022,7,5,"71,43",5,0,"100,00",2,"28,57",1,1,"14,29"
420765,IPORÃ DO OESTE,SC,07/2022,28,21,"75,00",16,5,"76,19",7,"25,00",5,2,"7,14"
420765,IPORÃ DO OESTE,SC,11/2022,22,19,"86,36",18,1,"94,74",3,"13,64",1,2,"9,09"
420765,IPORÃ DO OESTE,SC,09/2022,24,21,"87,50",19,2,"90,48",3,"12,50",1,2,"8,33"
420768,IPUAÇU,SC,09/2022,175,150,"85,71",136,14,"90,67",25,"14,29",12,13,"7,43"
420768,IPUAÇU,SC,11/2022,176,152,"86,36",133,19,"87,50",24,"13,64",7,17,"9,66"
420768,IPUAÇU,SC,07/2022,172,143,"83,14",121,22,"84,62",29,"16,86",16,13,"7,56"
420770,IPUMIRIM,SC,07/2022,8,8,"100,00",5,3,"62,50",0,"0,00",0,0,"0,00"
420770,IPUMIRIM,SC,11/2022,9,9,"100,00",7,2,"77,78",0,"0,00",0,0,"0,00"
420770,IPUMIRIM,SC,09/2022,10,10,"100,00",6,4,"60,00",0,"0,00",0,0,"0,00"
420775,IRACEMINHA,SC,09/2022,13,9,"69,23",8,1,"88,89",4,"30,77",4,0,"0,00"
420775,IRACEMINHA,SC,11/2022,12,7,"58,33",6,1,"85,71",5,"41,67",4,1,"8,33"
420775,IRACEMINHA,SC,07/2022,12,8,"66,67",7,1,"87,50",4,"33,33",4,0,"0,00"
420780,IRANI,SC,07/2022,40,32,"80,00",27,5,"84,38",8,"20,00",0,8,"20,00"
420780,IRANI,SC,11/2022,41,39,"95,12",34,5,"87,18",2,"4,88",0,2,"4,88"
420780,IRANI,SC,09/2022,38,34,"89,47",30,4,"88,24",4,"10,53",1,3,"7,89"
420785,IRATI,SC,09/2022,13,12,"92,31",12,0,"100,00",1,"7,69",1,0,"0,00"
420785,IRATI,SC,11/2022,14,13,"92,86",11,2,"84,62",1,"7,14",0,1,"7,14"
420785,IRATI,SC,07/2022,13,13,"100,00",12,1,"92,31",0,"0,00",0,0,"0,00"
420790,IRINEÓPOLIS,SC,07/2022,97,72,"74,23",61,11,"84,72",25,"25,77",8,17,"17,53"
420790,IRINEÓPOLIS,SC,11/2022,92,8,"8,70",8,0,"100,00",84,"91,30",68,16,"17,39"
420790,IRINEÓPOLIS,SC,09/2022,102,77,"75,49",71,6,"92,21",25,"24,51",5,20,"19,61"
420800,ITÁ,SC,09/2022,34,28,"82,35",20,8,"71,43",6,"17,65",4,2,"5,88"
420800,ITÁ,SC,11/2022,25,23,"92,00",17,6,"73,91",2,"8,00",1,1,"4,00"
420800,ITÁ,SC,07/2022,28,27,"96,43",21,6,"77,78",1,"3,57",1,0,"0,00"
420810,ITAIÓPOLIS,SC,07/2022,127,82,"64,57",77,5,"93,90",45,"35,43",33,12,"9,45"
420810,ITAIÓPOLIS,SC,11/2022,137,98,"71,53",93,5,"94,90",39,"28,47",23,16,"11,68"
420810,ITAIÓPOLIS,SC,09/2022,134,88,"65,67",84,4,"95,45",46,"34,33",30,16,"11,94"
420820,ITAJAÍ,SC,09/2022,895,752,"84,02",644,108,"85,64",143,"15,98",9,134,"14,97"
420820,ITAJAÍ,SC,11/2022,859,736,"85,68",649,87,"88,18",123,"14,32",3,120,"13,97"
420820,ITAJAÍ,SC,07/2022,776,619,"79,77",534,85,"86,27",157,"20,23",8,149,"19,20"
420830,ITAPEMA,SC,07/2022,248,85,"34,27",83,2,"97,65",163,"65,73",20,143,"57,66"
420830,ITAPEMA,SC,11/2022,298,121,"40,60",109,12,"90,08",177,"59,40",26,151,"50,67"
420830,ITAPEMA,SC,09/2022,272,50,"18,38",46,4,"92,00",222,"81,62",67,155,"56,99"
420840,ITAPIRANGA,SC,09/2022,33,27,"81,82",22,5,"81,48",6,"18,18",2,4,"12,12"
420840,ITAPIRANGA,SC,11/2022,34,31,"91,18",19,12,"61,29",3,"8,82",0,3,"8,82"
420840,ITAPIRANGA,SC,07/2022,27,11,"40,74",8,3,"72,73",16,"59,26",10,6,"22,22"
420845,ITAPOÁ,SC,07/2022,141,70,"49,65",68,2,"97,14",71,"50,35",46,25,"17,73"
420845,ITAPOÁ,SC,11/2022,168,117,"69,64",96,21,"82,05",51,"30,36",7,44,"26,19"
420845,ITAPOÁ,SC,09/2022,169,109,"64,50",89,20,"81,65",60,"35,50",17,43,"25,44"
420850,ITUPORANGA,SC,09/2022,74,60,"81,08",53,7,"88,33",14,"18,92",3,11,"14,86"
420850,ITUPORANGA,SC,11/2022,73,62,"84,93",56,6,"90,32",11,"15,07",2,9,"12,33"
420850,ITUPORANGA,SC,07/2022,71,59,"83,10",57,2,"96,61",12,"16,90",3,9,"12,68"
420860,JABORÁ,SC,07/2022,12,11,"91,67",9,2,"81,82",1,"8,33",0,1,"8,33"
420860,JABORÁ,SC,11/2022,18,17,"94,44",14,3,"82,35",1,"5,56",0,1,"5,56"
420860,JABORÁ,SC,09/2022,15,15,"100,00",12,3,"80,00",0,"0,00",0,0,"0,00"
420870,JACINTO MACHADO,SC,09/2022,65,56,"86,15",55,1,"98,21",9,"13,85",1,8,"12,31"
420870,JACINTO MACHADO,SC,11/2022,59,58,"98,31",51,7,"87,93",1,"1,69",0,1,"1,69"
420870,JACINTO MACHADO,SC,07/2022,58,44,"75,86",40,4,"90,91",14,"24,14",0,14,"24,14"
420880,JAGUARUNA,SC,07/2022,78,60,"76,92",41,19,"68,33",18,"23,08",2,16,"20,51"
420880,JAGUARUNA,SC,11/2022,86,76,"88,37",51,25,"67,11",10,"11,63",2,8,"9,30"
420880,JAGUARUNA,SC,09/2022,86,64,"74,42",48,16,"75,00",22,"25,58",3,19,"22,09"
420890,JARAGUÁ DO SUL,SC,09/2022,375,338,"90,13",301,37,"89,05",37,"9,87",5,32,"8,53"
420890,JARAGUÁ DO SUL,SC,11/2022,378,331,"87,57",288,43,"87,01",47,"12,43",22,25,"6,61"
420890,JARAGUÁ DO SUL,SC,07/2022,342,291,"85,09",249,42,"85,57",51,"14,91",5,46,"13,45"
420895,JARDINÓPOLIS,SC,07/2022,8,7,"87,50",6,1,"85,71",1,"12,50",1,0,"0,00"
420895,JARDINÓPOLIS,SC,11/2022,9,9,"100,00",7,2,"77,78",0,"0,00",0,0,"0,00"
420895,JARDINÓPOLIS,SC,09/2022,9,7,"77,78",6,1,"85,71",2,"22,22",1,1,"11,11"
420900,JOAÇABA,SC,09/2022,74,73,"98,65",53,20,"72,60",1,"1,35",0,1,"1,35"
420900,JOAÇABA,SC,11/2022,69,66,"95,65",44,22,"66,67",3,"4,35",0,3,"4,35"
420900,JOAÇABA,SC,07/2022,66,54,"81,82",43,11,"79,63",12,"18,18",4,8,"12,12"
420910,JOINVILLE,SC,07/2022,1524,879,"57,68",784,95,"89,19",645,"42,32",415,230,"15,09"
420910,JOINVILLE,SC,11/2022,1910,1661,"86,96",1497,164,"90,13",249,"13,04",40,209,"10,94"
420910,JOINVILLE,SC,09/2022,1821,1434,"78,75",1279,155,"89,19",387,"21,25",145,242,"13,29"
420915,JOSÉ BOITEUX,SC,09/2022,89,86,"96,63",77,9,"89,53",3,"3,37",0,3,"3,37"
420915,JOSÉ BOITEUX,SC,11/2022,88,83,"94,32",66,17,"79,52",5,"5,68",0,5,"5,68"
420915,JOSÉ BOITEUX,SC,07/2022,94,93,"98,94",73,20,"78,49",1,"1,06",0,1,"1,06"
420917,JUPIÁ,SC,07/2022,16,14,"87,50",10,4,"71,43",2,"12,50",0,2,"12,50"
420917,JUPIÁ,SC,11/2022,16,13,"81,25",9,4,"69,23",3,"18,75",1,2,"12,50"
420917,JUPIÁ,SC,09/2022,16,13,"81,25",10,3,"76,92",3,"18,75",1,2,"12,50"
420920,LACERDÓPOLIS,SC,09/2022,2,1,"50,00",1,0,"100,00",1,"50,00",1,0,"0,00"
420920,LACERDÓPOLIS,SC,11/2022,2,2,"100,00",2,0,"100,00",0,"0,00",0,0,"0,00"
420920,LACERDÓPOLIS,SC,07/2022,3,3,"100,00",2,1,"66,67",0,"0,00",0,0,"0,00"
420930,LAGES,SC,07/2022,1238,1058,"85,46",1019,39,"96,31",180,"14,54",5,175,"14,14"
420930,LAGES,SC,11/2022,1335,1275,"95,51",1073,202,"84,16",60,"4,49",10,50,"3,75"
420930,LAGES,SC,09/2022,1321,1188,"89,93",1102,86,"92,76",133,"10,07",10,123,"9,31"
420940,LAGUNA,SC,09/2022,152,117,"76,97",103,14,"88,03",35,"23,03",9,26,"17,11"
420940,LAGUNA,SC,11/2022,154,125,"81,17",113,12,"90,40",29,"18,83",1,28,"18,18"
420940,LAGUNA,SC,07/2022,136,68,"50,00",57,11,"83,82",68,"50,00",45,23,"16,91"
420945,LAJEADO GRANDE,SC,07/2022,8,6,"75,00",6,0,"100,00",2,"25,00",2,0,"0,00"
420945,LAJEADO GRANDE,SC,11/2022,13,11,"84,62",9,2,"81,82",2,"15,38",2,0,"0,00"
420945,LAJEADO GRANDE,SC,09/2022,13,11,"84,62",10,1,"90,91",2,"15,38",2,0,"0,00"
420950,LAURENTINO,SC,09/2022,17,15,"88,24",15,0,"100,00",2,"11,76",0,2,"11,76"
420950,LAURENTINO,SC,11/2022,20,17,"85,00",14,3,"82,35",3,"15,00",0,3,"15,00"
420950,LAURENTINO,SC,07/2022,10,6,"60,00",6,0,"100,00",4,"40,00",1,3,"30,00"
420960,LAURO MULLER,SC,07/2022,49,28,"57,14",25,3,"89,29",21,"42,86",2,19,"38,78"
420960,LAURO MULLER,SC,11/2022,59,39,"66,10",32,7,"82,05",20,"33,90",1,19,"32,20"
420960,LAURO MULLER,SC,09/2022,53,34,"64,15",29,5,"85,29",19,"35,85",1,18,"33,96"
420970,LEBON RÉGIS,SC,09/2022,166,123,"74,10",119,4,"96,75",43,"25,90",6,37,"22,29"
420970,LEBON RÉGIS,SC,11/2022,169,145,"85,80",132,13,"91,03",24,"14,20",10,14,"8,28"
420970,LEBON RÉGIS,SC,07/2022,152,85,"55,92",83,2,"97,65",67,"44,08",42,25,"16,45"
420980,LEOBERTO LEAL,SC,07/2022,43,40,"93,02",39,1,"97,50",3,"6,98",1,2,"4,65"
420980,LEOBERTO LEAL,SC,11/2022,46,41,"89,13",40,1,"97,56",5,"10,87",2,3,"6,52"
420980,LEOBERTO LEAL,SC,09/2022,47,44,"93,62",44,0,"100,00",3,"6,38",0,3,"6,38"
420985,LINDÓIA DO SUL,SC,09/2022,9,8,"88,89",7,1,"87,50",1,"11,11",0,1,"11,11"
420985,LINDÓIA DO SUL,SC,11/2022,12,10,"83,33",10,0,"100,00",2,"16,67",0,2,"16,67"
420985,LINDÓIA DO SUL,SC,07/2022,12,3,"25,00",3,0,"100,00",9,"75,00",2,7,"58,33"
420990,LONTRAS,SC,07/2022,16,14,"87,50",11,3,"78,57",2,"12,50",0,2,"12,50"
420990,LONTRAS,SC,11/2022,23,20,"86,96",15,5,"75,00",3,"13,04",0,3,"13,04"
420990,LONTRAS,SC,09/2022,17,15,"88,24",11,4,"73,33",2,"11,76",0,2,"11,76"
421000,LUIZ ALVES,SC,09/2022,30,22,"73,33",18,4,"81,82",8,"26,67",0,8,"26,67"
421000,LUIZ ALVES,SC,11/2022,31,23,"74,19",18,5,"78,26",8,"25,81",0,8,"25,81"
421000,LUIZ ALVES,SC,07/2022,22,1,"4,55",1,0,"100,00",21,"95,45",18,3,"13,64"
421003,LUZERNA,SC,07/2022,8,8,"100,00",6,2,"75,00",0,"0,00",0,0,"0,00"
421003,LUZERNA,SC,11/2022,12,12,"100,00",10,2,"83,33",0,"0,00",0,0,"0,00"
421003,LUZERNA,SC,09/2022,13,13,"100,00",10,3,"76,92",0,"0,00",0,0,"0,00"
421005,MACIEIRA,SC,09/2022,7,5,"71,43",5,0,"100,00",2,"28,57",0,2,"28,57"
421005,MACIEIRA,SC,11/2022,8,5,"62,50",4,1,"80,00",3,"37,50",0,3,"37,50"
421005,MACIEIRA,SC,07/2022,7,5,"71,43",5,0,"100,00",2,"28,57",0,2,"28,57"
421010,MAFRA,SC,07/2022,220,156,"70,91",134,22,"85,90",64,"29,09",30,34,"15,45"
421010,MAFRA,SC,11/2022,230,204,"88,70",172,32,"84,31",26,"11,30",8,18,"7,83"
421010,MAFRA,SC,09/2022,237,181,"76,37",146,35,"80,66",56,"23,63",16,40,"16,88"
421020,MAJOR GERCINO,SC,09/2022,30,25,"83,33",25,0,"100,00",5,"16,67",0,5,"16,67"
421020,MAJOR GERCINO,SC,11/2022,32,28,"87,50",28,0,"100,00",4,"12,50",0,4,"12,50"
421020,MAJOR GERCINO,SC,07/2022,30,23,"76,67",23,0,"100,00",7,"23,33",2,5,"16,67"
421030,MAJOR VIEIRA,SC,07/2022,85,77,"90,59",73,4,"94,81",8,"9,41",2,6,"7,06"
421030,MAJOR VIEIRA,SC,11/2022,86,78,"90,70",77,1,"98,72",8,"9,30",2,6,"6,98"
421030,MAJOR VIEIRA,SC,09/2022,89,76,"85,39",75,1,"98,68",13,"14,61",6,7,"7,87"
421040,MARACAJÁ,SC,09/2022,31,31,"100,00",26,5,"83,87",0,"0,00",0,0,"0,00"
421040,MARACAJÁ,SC,11/2022,33,33,"100,00",28,5,"84,85",0,"0,00",0,0,"0,00"
421040,MARACAJÁ,SC,07/2022,29,29,"100,00",24,5,"82,76",0,"0,00",0,0,"0,00"
421050,MARAVILHA,SC,07/2022,57,29,"50,88",27,2,"93,10",28,"49,12",14,14,"24,56"
421050,MARAVILHA,SC,11/2022,69,49,"71,01",47,2,"95,92",20,"28,99",2,18,"26,09"
421050,MARAVILHA,SC,09/2022,58,35,"60,34",34,1,"97,14",23,"39,66",10,13,"22,41"
421055,MAREMA,SC,09/2022,6,1,"16,67",0,1,"0,00",5,"83,33",1,4,"66,67"
421055,MAREMA,SC,11/2022,2,1,"50,00",0,1,"0,00",1,"50,00",0,1,"50,00"
421055,MAREMA,SC,07/2022,7,1,"14,29",0,1,"0,00",6,"85,71",1,5,"71,43"
421060,MASSARANDUBA,SC,07/2022,44,27,"61,36",24,3,"88,89",17,"38,64",4,13,"29,55"
421060,MASSARANDUBA,SC,11/2022,42,28,"66,67",27,1,"96,43",14,"33,33",6,8,"19,05"
421060,MASSARANDUBA,SC,09/2022,44,32,"72,73",28,4,"87,50",12,"27,27",0,12,"27,27"
421070,MATOS COSTA,SC,09/2022,44,32,"72,73",19,13,"59,38",12,"27,27",6,6,"13,64"
421070,MATOS COSTA,SC,11/2022,36,31,"86,11",19,12,"61,29",5,"13,89",0,5,"13,89"
421070,MATOS COSTA,SC,07/2022,45,34,"75,56",23,11,"67,65",11,"24,44",3,8,"17,78"
421080,MELEIRO,SC,07/2022,48,44,"91,67",35,9,"79,55",4,"8,33",1,3,"6,25"
421080,MELEIRO,SC,11/2022,43,42,"97,67",39,3,"92,86",1,"2,33",0,1,"2,33"
421080,MELEIRO,SC,09/2022,47,42,"89,36",39,3,"92,86",5,"10,64",1,4,"8,51"
421085,MIRIM DOCE,SC,09/2022,7,6,"85,71",6,0,"100,00",1,"14,29",0,1,"14,29"
421085,MIRIM DOCE,SC,11/2022,7,6,"85,71",6,0,"100,00",1,"14,29",0,1,"14,29"
421085,MIRIM DOCE,SC,07/2022,6,4,"66,67",4,0,"100,00",2,"33,33",1,1,"16,67"
421090,MODELO,SC,07/2022,5,0,"0,00",0,0,,5,"100,00",5,0,"0,00"
421090,MODELO,SC,11/2022,9,7,"77,78",5,2,"71,43",2,"22,22",2,0,"0,00"
421090,MODELO,SC,09/2022,10,7,"70,00",6,1,"85,71",3,"30,00",3,0,"0,00"
421100,MONDAÍ,SC,09/2022,25,20,"80,00",20,0,"100,00",5,"20,00",3,2,"8,00"
421100,MONDAÍ,SC,11/2022,25,21,"84,00",19,2,"90,48",4,"16,00",1,3,"12,00"
421100,MONDAÍ,SC,07/2022,23,3,"13,04",3,0,"100,00",20,"86,96",19,1,"4,35"
421105,MONTE CARLO,SC,07/2022,102,74,"72,55",67,7,"90,54",28,"27,45",3,25,"24,51"
421105,MONTE CARLO,SC,11/2022,98,71,"72,45",65,6,"91,55",27,"27,55",2,25,"25,51"
421105,MONTE CARLO,SC,09/2022,105,77,"73,33",72,5,"93,51",28,"26,67",2,26,"24,76"
421110,MONTE CASTELO,SC,09/2022,95,72,"75,79",72,0,"100,00",23,"24,21",0,23,"24,21"
421110,MONTE CASTELO,SC,11/2022,98,73,"74,49",73,0,"100,00",25,"25,51",0,25,"25,51"
421110,MONTE CASTELO,SC,07/2022,89,67,"75,28",65,2,"97,01",22,"24,72",0,22,"24,72"
421120,MORRO DA FUMAÇA,SC,07/2022,59,47,"79,66",38,9,"80,85",12,"20,34",3,9,"15,25"
421120,MORRO DA FUMAÇA,SC,11/2022,66,51,"77,27",39,12,"76,47",15,"22,73",2,13,"19,70"
421120,MORRO DA FUMAÇA,SC,09/2022,70,55,"78,57",45,10,"81,82",15,"21,43",2,13,"18,57"
421125,MORRO GRANDE,SC,09/2022,33,31,"93,94",30,1,"96,77",2,"6,06",2,0,"0,00"
421125,MORRO GRANDE,SC,11/2022,29,28,"96,55",28,0,"100,00",1,"3,45",0,1,"3,45"
421125,MORRO GRANDE,SC,07/2022,27,26,"96,30",25,1,"96,15",1,"3,70",1,0,"0,00"
421130,NAVEGANTES,SC,07/2022,456,237,"51,97",231,6,"97,47",219,"48,03",7,212,"46,49"
421130,NAVEGANTES,SC,11/2022,519,291,"56,07",291,0,"100,00",228,"43,93",2,226,"43,55"
421130,NAVEGANTES,SC,09/2022,519,279,"53,76",279,0,"100,00",240,"46,24",4,236,"45,47"
421140,NOVA ERECHIM,SC,09/2022,11,0,"0,00",0,0,,11,"100,00",10,1,"9,09"
421140,NOVA ERECHIM,SC,11/2022,12,8,"66,67",3,5,"37,50",4,"33,33",3,1,"8,33"
421140,NOVA ERECHIM,SC,07/2022,9,0,"0,00",0,0,,9,"100,00",8,1,"11,11"
421145,NOVA ITABERABA,SC,07/2022,25,0,"0,00",0,0,,25,"100,00",21,4,"16,00"
421145,NOVA ITABERABA,SC,11/2022,21,13,"61,90",12,1,"92,31",8,"38,10",0,8,"38,10"
421145,NOVA ITABERABA,SC,09/2022,24,18,"75,00",14,4,"77,78",6,"25,00",0,6,"25,00"
421150,NOVA TRENTO,SC,09/2022,42,36,"85,71",30,6,"83,33",6,"14,29",0,6,"14,29"
421150,NOVA TRENTO,SC,11/2022,41,35,"85,37",29,6,"82,86",6,"14,63",1,5,"12,20"
421150,NOVA TRENTO,SC,07/2022,43,30,"69,77",27,3,"90,00",13,"30,23",1,12,"27,91"
421160,NOVA VENEZA,SC,07/2022,35,29,"82,86",28,1,"96,55",6,"17,14",0,6,"17,14"
421160,NOVA VENEZA,SC,11/2022,40,35,"87,50",30,5,"85,71",5,"12,50",0,5,"12,50"
421160,NOVA VENEZA,SC,09/2022,44,38,"86,36",34,4,"89,47",6,"13,64",1,5,"11,36"
421165,NOVO HORIZONTE,SC,09/2022,19,17,"89,47",17,0,"100,00",2,"10,53",0,2,"10,53"
421165,NOVO HORIZONTE,SC,11/2022,15,13,"86,67",10,3,"76,92",2,"13,33",0,2,"13,33"
421165,NOVO HORIZONTE,SC,07/2022,15,0,"0,00",0,0,,15,"100,00",13,2,"13,33"
421170,ORLEANS,SC,07/2022,92,79,"85,87",67,12,"84,81",13,"14,13",2,11,"11,96"
421170,ORLEANS,SC,11/2022,100,98,"98,00",81,17,"82,65",2,"2,00",0,2,"2,00"
421170,ORLEANS,SC,09/2022,105,105,"100,00",83,22,"79,05",0,"0,00",0,0,"0,00"
421175,OTACÍLIO COSTA,SC,09/2022,70,53,"75,71",47,6,"88,68",17,"24,29",7,10,"14,29"
421175,OTACÍLIO COSTA,SC,11/2022,74,55,"74,32",45,10,"81,82",19,"25,68",9,10,"13,51"
421175,OTACÍLIO COSTA,SC,07/2022,63,44,"69,84",40,4,"90,91",19,"30,16",9,10,"15,87"
421180,OURO,SC,09/2022,12,9,"75,00",9,0,"100,00",3,"25,00",0,3,"25,00"
421180,OURO,SC,07/2022,10,8,"80,00",7,1,"87,50",2,"20,00",0,2,"20,00"
421180,OURO,SC,11/2022,13,13,"100,00",12,1,"92,31",0,"0,00",0,0,"0,00"
421185,OURO VERDE,SC,11/2022,22,18,"81,82",15,3,"83,33",4,"18,18",3,1,"4,55"
421185,OURO VERDE,SC,07/2022,20,14,"70,00",12,2,"85,71",6,"30,00",6,0,"0,00"
421185,OURO VERDE,SC,09/2022,20,19,"95,00",14,5,"73,68",1,"5,00",0,1,"5,00"
421187,PAIAL,SC,09/2022,11,9,"81,82",9,0,"100,00",2,"18,18",1,1,"9,09"
421187,PAIAL,SC,07/2022,10,6,"60,00",4,2,"66,67",4,"40,00",4,0,"0,00"
421187,PAIAL,SC,11/2022,8,6,"75,00",5,1,"83,33",2,"25,00",1,1,"12,50"
421189,PAINEL,SC,11/2022,17,10,"58,82",10,0,"100,00",7,"41,18",3,4,"23,53"
421189,PAINEL,SC,07/2022,13,5,"38,46",4,1,"80,00",8,"61,54",4,4,"30,77"
421189,PAINEL,SC,09/2022,16,9,"56,25",9,0,"100,00",7,"43,75",4,3,"18,75"
421190,PALHOÇA,SC,09/2022,749,624,"83,31",476,148,"76,28",125,"16,69",15,110,"14,69"
421190,PALHOÇA,SC,07/2022,617,466,"75,53",379,87,"81,33",151,"24,47",38,113,"18,31"
421190,PALHOÇA,SC,11/2022,789,670,"84,92",539,131,"80,45",119,"15,08",6,113,"14,32"
421200,PALMA SOLA,SC,11/2022,73,49,"67,12",33,16,"67,35",24,"32,88",0,24,"32,88"
421200,PALMA SOLA,SC,07/2022,69,41,"59,42",29,12,"70,73",28,"40,58",2,26,"37,68"
421200,PALMA SOLA,SC,09/2022,73,46,"63,01",36,10,"78,26",27,"36,99",4,23,"31,51"
421205,PALMEIRA,SC,07/2022,13,4,"30,77",4,0,"100,00",9,"69,23",0,9,"69,23"
421205,PALMEIRA,SC,09/2022,11,4,"36,36",4,0,"100,00",7,"63,64",0,7,"63,64"
421205,PALMEIRA,SC,11/2022,12,4,"33,33",4,0,"100,00",8,"66,67",0,8,"66,67"
421210,PALMITOS,SC,11/2022,65,61,"93,85",41,20,"67,21",4,"6,15",2,2,"3,08"
421210,PALMITOS,SC,09/2022,58,55,"94,83",54,1,"98,18",3,"5,17",2,1,"1,72"
421210,PALMITOS,SC,07/2022,54,35,"64,81",25,10,"71,43",19,"35,19",9,10,"18,52"
421220,PAPANDUVA,SC,09/2022,113,102,"90,27",88,14,"86,27",11,"9,73",1,10,"8,85"
421220,PAPANDUVA,SC,07/2022,110,98,"89,09",81,17,"82,65",12,"10,91",3,9,"8,18"
421220,PAPANDUVA,SC,11/2022,109,100,"91,74",92,8,"92,00",9,"8,26",0,9,"8,26"
421223,PARAÍSO,SC,11/2022,33,27,"81,82",1,26,"3,70",6,"18,18",2,4,"12,12"
421223,PARAÍSO,SC,07/2022,31,23,"74,19",22,1,"95,65",8,"25,81",6,2,"6,45"
421223,PARAÍSO,SC,09/2022,31,27,"87,10",26,1,"96,30",4,"12,90",2,2,"6,45"
421225,PASSO DE TORRES,SC,07/2022,77,59,"76,62",52,7,"88,14",18,"23,38",1,17,"22,08"
421225,PASSO DE TORRES,SC,09/2022,102,100,"98,04",78,22,"78,00",2,"1,96",1,1,"0,98"
421225,PASSO DE TORRES,SC,11/2022,100,94,"94,00",77,17,"81,91",6,"6,00",0,6,"6,00"
421227,PASSOS MAIA,SC,11/2022,56,43,"76,79",37,6,"86,05",13,"23,21",5,8,"14,29"
421227,PASSOS MAIA,SC,09/2022,59,48,"81,36",34,14,"70,83",11,"18,64",3,8,"13,56"
421227,PASSOS MAIA,SC,07/2022,52,41,"78,85",30,11,"73,17",11,"21,15",5,6,"11,54"
421230,PAULO LOPES,SC,09/2022,40,37,"92,50",30,7,"81,08",3,"7,50",2,1,"2,50"
421230,PAULO LOPES,SC,07/2022,41,34,"82,93",27,7,"79,41",7,"17,07",5,2,"4,88"
421230,PAULO LOPES,SC,11/2022,33,32,"96,97",28,4,"87,50",1,"3,03",0,1,"3,03"
421240,PEDRAS GRANDES,SC,11/2022,11,10,"90,91",9,1,"90,00",1,"9,09",0,1,"9,09"
421240,PEDRAS GRANDES,SC,09/2022,9,8,"88,89",8,0,"100,00",1,"11,11",0,1,"11,11"
421240,PEDRAS GRANDES,SC,07/2022,8,5,"62,50",5,0,"100,00",3,"37,50",3,0,"0,00"
421250,PENHA,SC,09/2022,147,86,"58,50",69,17,"80,23",61,"41,50",7,54,"36,73"
421250,PENHA,SC,07/2022,124,73,"58,87",62,11,"84,93",51,"41,13",1,50,"40,32"
421250,PENHA,SC,11/2022,152,95,"62,50",86,9,"90,53",57,"37,50",5,52,"34,21"
421260,PERITIBA,SC,11/2022,6,6,"100,00",5,1,"83,33",0,"0,00",0,0,"0,00"
421260,PERITIBA,SC,09/2022,9,8,"88,89",7,1,"87,50",1,"11,11",1,0,"0,00"
421260,PERITIBA,SC,07/2022,7,6,"85,71",6,0,"100,00",1,"14,29",1,0,"0,00"
421265,PESCARIA BRAVA,SC,07/2022,83,27,"32,53",27,0,"100,00",56,"67,47",0,56,"67,47"
421265,PESCARIA BRAVA,SC,09/2022,100,43,"43,00",42,1,"97,67",57,"57,00",1,56,"56,00"
421265,PESCARIA BRAVA,SC,11/2022,94,40,"42,55",40,0,"100,00",54,"57,45",20,34,"36,17"
421270,PETROLÂNDIA,SC,11/2022,21,19,"90,48",19,0,"100,00",2,"9,52",1,1,"4,76"
421270,PETROLÂNDIA,SC,09/2022,17,3,"17,65",3,0,"100,00",14,"82,35",13,1,"5,88"
421270,PETROLÂNDIA,SC,07/2022,15,14,"93,33",14,0,"100,00",1,"6,67",0,1,"6,67"
421280,BALNEÁRIO PIÇARRAS,SC,07/2022,133,44,"33,08",36,8,"81,82",89,"66,92",5,84,"63,16"
421280,BALNEÁRIO PIÇARRAS,SC,09/2022,146,43,"29,45",35,8,"81,40",103,"70,55",15,88,"60,27"
421280,BALNEÁRIO PIÇARRAS,SC,11/2022,150,64,"42,67",51,13,"79,69",86,"57,33",3,83,"55,33"
421290,PINHALZINHO,SC,11/2022,31,27,"87,10",17,10,"62,96",4,"12,90",0,4,"12,90"
421290,PINHALZINHO,SC,07/2022,36,32,"88,89",18,14,"56,25",4,"11,11",0,4,"11,11"
421290,PINHALZINHO,SC,09/2022,33,29,"87,88",19,10,"65,52",4,"12,12",0,4,"12,12"
421300,PINHEIRO PRETO,SC,09/2022,11,9,"81,82",9,0,"100,00",2,"18,18",1,1,"9,09"
421300,PINHEIRO PRETO,SC,07/2022,10,7,"70,00",7,0,"100,00",3,"30,00",1,2,"20,00"
421300,PINHEIRO PRETO,SC,11/2022,12,10,"83,33",10,0,"100,00",2,"16,67",1,1,"8,33"
421310,PIRATUBA,SC,11/2022,14,14,"100,00",14,0,"100,00",0,"0,00",0,0,"0,00"
421310,PIRATUBA,SC,07/2022,23,23,"100,00",19,4,"82,61",0,"0,00",0,0,"0,00"
421310,PIRATUBA,SC,09/2022,24,23,"95,83",19,4,"82,61",1,"4,17",0,1,"4,17"
421315,PLANALTO ALEGRE,SC,07/2022,14,11,"78,57",9,2,"81,82",3,"21,43",0,3,"21,43"
421315,PLANALTO ALEGRE,SC,09/2022,13,9,"69,23",7,2,"77,78",4,"30,77",1,3,"23,08"
421315,PLANALTO ALEGRE,SC,11/2022,13,12,"92,31",10,2,"83,33",1,"7,69",0,1,"7,69"
421320,POMERODE,SC,11/2022,14,11,"78,57",7,4,"63,64",3,"21,43",0,3,"21,43"
421320,POMERODE,SC,09/2022,17,14,"82,35",10,4,"71,43",3,"17,65",0,3,"17,65"
421320,POMERODE,SC,07/2022,13,10,"76,92",8,2,"80,00",3,"23,08",0,3,"23,08"
421330,PONTE ALTA,SC,09/2022,34,14,"41,18",12,2,"85,71",20,"58,82",15,5,"14,71"
421330,PONTE ALTA,SC,07/2022,31,14,"45,16",14,0,"100,00",17,"54,84",13,4,"12,90"
421330,PONTE ALTA,SC,11/2022,34,14,"41,18",12,2,"85,71",20,"58,82",15,5,"14,71"
421335,PONTE ALTA DO NORTE,SC,11/2022,34,28,"82,35",28,0,"100,00",6,"17,65",1,5,"14,71"
421335,PONTE ALTA DO NORTE,SC,07/2022,28,8,"28,57",8,0,"100,00",20,"71,43",14,6,"21,43"
421335,PONTE ALTA DO NORTE,SC,09/2022,30,0,"0,00",0,0,,30,"100,00",23,7,"23,33"
421340,PONTE SERRADA,SC,07/2022,105,88,"83,81",79,9,"89,77",17,"16,19",2,15,"14,29"
421340,PONTE SERRADA,SC,09/2022,97,81,"83,51",73,8,"90,12",16,"16,49",3,13,"13,40"
421340,PONTE SERRADA,SC,11/2022,95,84,"88,42",77,7,"91,67",11,"11,58",2,9,"9,47"
421350,PORTO BELO,SC,11/2022,108,44,"40,74",44,0,"100,00",64,"59,26",2,62,"57,41"
421350,PORTO BELO,SC,07/2022,101,61,"60,40",61,0,"100,00",40,"39,60",4,36,"35,64"
421350,PORTO BELO,SC,09/2022,111,43,"38,74",43,0,"100,00",68,"61,26",2,66,"59,46"
421360,PORTO UNIÃO,SC,07/2022,200,151,"75,50",142,9,"94,04",49,"24,50",4,45,"22,50"
421360,PORTO UNIÃO,SC,09/2022,212,176,"83,02",166,10,"94,32",36,"16,98",3,33,"15,57"
421360,PORTO UNIÃO,SC,11/2022,193,168,"87,05",145,23,"86,31",25,"12,95",0,25,"12,95"
421370,POUSO REDONDO,SC,11/2022,43,33,"76,74",33,0,"100,00",10,"23,26",5,5,"11,63"
421370,POUSO REDONDO,SC,09/2022,42,36,"85,71",36,0,"100,00",6,"14,29",3,3,"7,14"
421370,POUSO REDONDO,SC,07/2022,39,33,"84,62",33,0,"100,00",6,"15,38",5,1,"2,56"
421380,PRAIA GRANDE,SC,09/2022,62,60,"96,77",56,4,"93,33",2,"3,23",1,1,"1,61"
421380,PRAIA GRANDE,SC,07/2022,60,55,"91,67",52,3,"94,55",5,"8,33",1,4,"6,67"
421380,PRAIA GRANDE,SC,11/2022,61,56,"91,80",56,0,"100,00",5,"8,20",0,5,"8,20"
421390,PRESIDENTE CASTELO BRANCO,SC,11/2022,4,4,"100,00",3,1,"75,00",0,"0,00",0,0,"0,00"
421390,PRESIDENTE CASTELO BRANCO,SC,07/2022,3,3,"100,00",3,0,"100,00",0,"0,00",0,0,"0,00"
421390,PRESIDENTE CASTELO BRANCO,SC,09/2022,4,3,"75,00",2,1,"66,67",1,"25,00",1,0,"0,00"
421400,PRESIDENTE GETÚLIO,SC,09/2022,28,22,"78,57",21,1,"95,45",6,"21,43",1,5,"17,86"
421400,PRESIDENTE GETÚLIO,SC,07/2022,25,21,"84,00",21,0,"100,00",4,"16,00",0,4,"16,00"
421400,PRESIDENTE GETÚLIO,SC,11/2022,24,19,"79,17",19,0,"100,00",5,"20,83",1,4,"16,67"
421410,PRESIDENTE NEREU,SC,11/2022,7,7,"100,00",7,0,"100,00",0,"0,00",0,0,"0,00"
421410,PRESIDENTE NEREU,SC,07/2022,5,4,"80,00",4,0,"100,00",1,"20,00",1,0,"0,00"
421410,PRESIDENTE NEREU,SC,09/2022,5,3,"60,00",3,0,"100,00",2,"40,00",0,2,"40,00"
421415,PRINCESA,SC,07/2022,15,10,"66,67",10,0,"100,00",5,"33,33",0,5,"33,33"
421415,PRINCESA,SC,09/2022,14,9,"64,29",9,0,"100,00",5,"35,71",0,5,"35,71"
421415,PRINCESA,SC,11/2022,12,9,"75,00",9,0,"100,00",3,"25,00",0,3,"25,00"
421420,QUILOMBO,SC,11/2022,57,45,"78,95",37,8,"82,22",12,"21,05",2,10,"17,54"
421420,QUILOMBO,SC,07/2022,49,33,"67,35",25,8,"75,76",16,"32,65",9,7,"14,29"
421420,QUILOMBO,SC,09/2022,57,47,"82,46",39,8,"82,98",10,"17,54",2,8,"14,04"
421430,RANCHO QUEIMADO,SC,07/2022,6,6,"100,00",5,1,"83,33",0,"0,00",0,0,"0,00"
421430,RANCHO QUEIMADO,SC,09/2022,6,6,"100,00",6,0,"100,00",0,"0,00",0,0,"0,00"
421430,RANCHO QUEIMADO,SC,11/2022,6,6,"100,00",5,1,"83,33",0,"0,00",0,0,"0,00"
421440,RIO DAS ANTAS,SC,11/2022,36,32,"88,89",19,13,"59,38",4,"11,11",0,4,"11,11"
421440,RIO DAS ANTAS,SC,09/2022,36,6,"16,67",5,1,"83,33",30,"83,33",23,7,"19,44"
421440,RIO DAS ANTAS,SC,07/2022,36,21,"58,33",17,4,"80,95",15,"41,67",5,10,"27,78"
421450,RIO DO CAMPO,SC,07/2022,19,14,"73,68",13,1,"92,86",5,"26,32",4,1,"5,26"
421450,RIO DO CAMPO,SC,09/2022,21,15,"71,43",15,0,"100,00",6,"28,57",5,1,"4,76"
421450,RIO DO CAMPO,SC,11/2022,22,17,"77,27",17,0,"100,00",5,"22,73",2,3,"13,64"
421460,RIO DO OESTE,SC,11/2022,16,14,"87,50",14,0,"100,00",2,"12,50",0,2,"12,50"
421460,RIO DO OESTE,SC,09/2022,19,19,"100,00",15,4,"78,95",0,"0,00",0,0,"0,00"
421460,RIO DO OESTE,SC,07/2022,19,18,"94,74",17,1,"94,44",1,"5,26",0,1,"5,26"
421470,RIO DOS CEDROS,SC,07/2022,17,12,"70,59",5,7,"41,67",5,"29,41",0,5,"29,41"
421470,RIO DOS CEDROS,SC,09/2022,19,13,"68,42",5,8,"38,46",6,"31,58",0,6,"31,58"
421470,RIO DOS CEDROS,SC,11/2022,16,11,"68,75",6,5,"54,55",5,"31,25",0,5,"31,25"
421480,RIO DO SUL,SC,11/2022,154,143,"92,86",112,31,"78,32",11,"7,14",3,8,"5,19"
421480,RIO DO SUL,SC,09/2022,147,133,"90,48",101,32,"75,94",14,"9,52",5,9,"6,12"
421480,RIO DO SUL,SC,07/2022,139,126,"90,65",102,24,"80,95",13,"9,35",7,6,"4,32"
421490,RIO FORTUNA,SC,09/2022,2,1,"50,00",1,0,"100,00",1,"50,00",0,1,"50,00"
421490,RIO FORTUNA,SC,07/2022,4,3,"75,00",2,1,"66,67",1,"25,00",0,1,"25,00"
421490,RIO FORTUNA,SC,11/2022,4,3,"75,00",3,0,"100,00",1,"25,00",0,1,"25,00"
421500,RIO NEGRINHO,SC,11/2022,170,156,"91,76",136,20,"87,18",14,"8,24",5,9,"5,29"
421500,RIO NEGRINHO,SC,09/2022,166,154,"92,77",129,25,"83,77",12,"7,23",2,10,"6,02"
421500,RIO NEGRINHO,SC,07/2022,154,140,"90,91",125,15,"89,29",14,"9,09",2,12,"7,79"
421505,RIO RUFINO,SC,07/2022,28,24,"85,71",19,5,"79,17",4,"14,29",0,4,"14,29"
421505,RIO RUFINO,SC,09/2022,28,25,"89,29",19,6,"76,00",3,"10,71",0,3,"10,71"
421505,RIO RUFINO,SC,11/2022,26,22,"84,62",16,6,"72,73",4,"15,38",0,4,"15,38"
421507,RIQUEZA,SC,11/2022,26,25,"96,15",20,5,"80,00",1,"3,85",0,1,"3,85"
421507,RIQUEZA,SC,09/2022,23,22,"95,65",16,6,"72,73",1,"4,35",1,0,"0,00"
421507,RIQUEZA,SC,07/2022,22,13,"59,09",9,4,"69,23",9,"40,91",6,3,"13,64"
421510,RODEIO,SC,09/2022,19,16,"84,21",14,2,"87,50",3,"15,79",1,2,"10,53"
421510,RODEIO,SC,07/2022,18,14,"77,78",12,2,"85,71",4,"22,22",3,1,"5,56"
421510,RODEIO,SC,11/2022,18,16,"88,89",14,2,"87,50",2,"11,11",1,1,"5,56"
421520,ROMELÂNDIA,SC,11/2022,23,21,"91,30",20,1,"95,24",2,"8,70",1,1,"4,35"
421520,ROMELÂNDIA,SC,09/2022,23,18,"78,26",18,0,"100,00",5,"21,74",2,3,"13,04"
421520,ROMELÂNDIA,SC,07/2022,21,15,"71,43",14,1,"93,33",6,"28,57",2,4,"19,05"
421530,SALETE,SC,07/2022,14,13,"92,86",9,4,"69,23",1,"7,14",0,1,"7,14"
421530,SALETE,SC,09/2022,15,13,"86,67",10,3,"76,92",2,"13,33",0,2,"13,33"
421530,SALETE,SC,11/2022,17,15,"88,24",11,4,"73,33",2,"11,76",2,0,"0,00"
421535,SALTINHO,SC,11/2022,20,15,"75,00",15,0,"100,00",5,"25,00",0,5,"25,00"
421535,SALTINHO,SC,09/2022,20,20,"100,00",17,3,"85,00",0,"0,00",0,0,"0,00"
421535,SALTINHO,SC,07/2022,21,17,"80,95",17,0,"100,00",4,"19,05",2,2,"9,52"
421540,SALTO VELOSO,SC,07/2022,11,9,"81,82",7,2,"77,78",2,"18,18",1,1,"9,09"
421540,SALTO VELOSO,SC,09/2022,12,10,"83,33",9,1,"90,00",2,"16,67",0,2,"16,67"
421540,SALTO VELOSO,SC,11/2022,12,10,"83,33",7,3,"70,00",2,"16,67",0,2,"16,67"
421545,SANGÃO,SC,11/2022,52,30,"57,69",26,4,"86,67",22,"42,31",13,9,"17,31"
421545,SANGÃO,SC,09/2022,51,13,"25,49",9,4,"69,23",38,"74,51",26,12,"23,53"
421545,SANGÃO,SC,07/2022,50,30,"60,00",25,5,"83,33",20,"40,00",9,11,"22,00"
421550,SANTA CECÍLIA,SC,07/2022,185,142,"76,76",135,7,"95,07",43,"23,24",11,32,"17,30"
421550,SANTA CECÍLIA,SC,09/2022,193,149,"77,20",127,22,"85,23",44,"22,80",10,34,"17,62"
421550,SANTA CECÍLIA,SC,11/2022,206,169,"82,04",152,17,"89,94",37,"17,96",2,35,"16,99"
421555,SANTA HELENA,SC,11/2022,6,4,"66,67",3,1,"75,00",2,"33,33",1,1,"16,67"
421555,SANTA HELENA,SC,07/2022,4,2,"50,00",2,0,"100,00",2,"50,00",0,2,"50,00"
421555,SANTA HELENA,SC,09/2022,5,3,"60,00",1,2,"33,33",2,"40,00",0,2,"40,00"
421560,SANTA ROSA DE LIMA,SC,09/2022,5,5,"100,00",4,1,"80,00",0,"0,00",0,0,"0,00"
421560,SANTA ROSA DE LIMA,SC,07/2022,6,0,"0,00",0,0,,6,"100,00",6,0,"0,00"
421560,SANTA ROSA DE LIMA,SC,11/2022,5,3,"60,00",3,0,"100,00",2,"40,00",0,2,"40,00"
421565,SANTA ROSA DO SUL,SC,11/2022,77,66,"85,71",62,4,"93,94",11,"14,29",0,11,"14,29"
421565,SANTA ROSA DO SUL,SC,07/2022,67,49,"73,13",49,0,"100,00",18,"26,87",0,18,"26,87"
421565,SANTA ROSA DO SUL,SC,09/2022,76,53,"69,74",52,1,"98,11",23,"30,26",4,19,"25,00"
421567,SANTA TEREZINHA,SC,09/2022,36,20,"55,56",19,1,"95,00",16,"44,44",15,1,"2,78"
421567,SANTA TEREZINHA,SC,07/2022,39,36,"92,31",34,2,"94,44",3,"7,69",1,2,"5,13"
421567,SANTA TEREZINHA,SC,11/2022,37,36,"97,30",34,2,"94,44",1,"2,70",0,1,"2,70"
421568,SANTA TEREZINHA DO PROGRESSO,SC,11/2022,19,19,"100,00",19,0,"100,00",0,"0,00",0,0,"0,00"
421568,SANTA TEREZINHA DO PROGRESSO,SC,09/2022,15,15,"100,00",15,0,"100,00",0,"0,00",0,0,"0,00"
421568,SANTA TEREZINHA DO PROGRESSO,SC,07/2022,18,17,"94,44",17,0,"100,00",1,"5,56",0,1,"5,56"
421569,SANTIAGO DO SUL,SC,09/2022,11,11,"100,00",11,0,"100,00",0,"0,00",0,0,"0,00"
421569,SANTIAGO DO SUL,SC,07/2022,10,9,"90,00",9,0,"100,00",1,"10,00",1,0,"0,00"
421569,SANTIAGO DO SUL,SC,11/2022,10,10,"100,00",10,0,"100,00",0,"0,00",0,0,"0,00"
421570,SANTO AMARO DA IMPERATRIZ,SC,11/2022,64,50,"78,13",37,13,"74,00",14,"21,88",1,13,"20,31"
421570,SANTO AMARO DA IMPERATRIZ,SC,07/2022,61,38,"62,30",36,2,"94,74",23,"37,70",4,19,"31,15"
421570,SANTO AMARO DA IMPERATRIZ,SC,09/2022,62,45,"72,58",40,5,"88,89",17,"27,42",2,15,"24,19"
421575,SÃO BERNARDINO,SC,07/2022,21,16,"76,19",15,1,"93,75",5,"23,81",0,5,"23,81"
421575,SÃO BERNARDINO,SC,09/2022,19,17,"89,47",13,4,"76,47",2,"10,53",0,2,"10,53"
421575,SÃO BERNARDINO,SC,11/2022,16,13,"81,25",13,0,"100,00",3,"18,75",0,3,"18,75"
421580,SÃO BENTO DO SUL,SC,11/2022,254,180,"70,87",125,55,"69,44",74,"29,13",8,66,"25,98"
421580,SÃO BENTO DO SUL,SC,07/2022,205,138,"67,32",120,18,"86,96",67,"32,68",7,60,"29,27"
421580,SÃO BENTO DO SUL,SC,09/2022,233,162,"69,53",121,41,"74,69",71,"30,47",10,61,"26,18"
421590,SÃO BONIFÁCIO,SC,09/2022,19,17,"89,47",16,1,"94,12",2,"10,53",0,2,"10,53"
421590,SÃO BONIFÁCIO,SC,07/2022,16,13,"81,25",13,0,"100,00",3,"18,75",1,2,"12,50"
421590,SÃO BONIFÁCIO,SC,11/2022,18,17,"94,44",17,0,"100,00",1,"5,56",0,1,"5,56"
421600,SÃO CARLOS,SC,11/2022,32,27,"84,38",26,1,"96,30",5,"15,63",0,5,"15,63"
421600,SÃO CARLOS,SC,09/2022,34,28,"82,35",21,7,"75,00",6,"17,65",0,6,"17,65"
421600,SÃO CARLOS,SC,07/2022,30,14,"46,67",11,3,"78,57",16,"53,33",9,7,"23,33"
421605,SÃO CRISTOVÃO DO SUL,SC,07/2022,33,1,"3,03",1,0,"100,00",32,"96,97",20,12,"36,36"
421605,SÃO CRISTOVÃO DO SUL,SC,09/2022,37,25,"67,57",25,0,"100,00",12,"32,43",0,12,"32,43"
421605,SÃO CRISTOVÃO DO SUL,SC,11/2022,37,0,"0,00",0,0,,37,"100,00",28,9,"24,32"
421610,SÃO DOMINGOS,SC,11/2022,48,36,"75,00",36,0,"100,00",12,"25,00",3,9,"18,75"
421610,SÃO DOMINGOS,SC,07/2022,41,32,"78,05",32,0,"100,00",9,"21,95",4,5,"12,20"
421610,SÃO DOMINGOS,SC,09/2022,42,33,"78,57",32,1,"96,97",9,"21,43",4,5,"11,90"
421620,SÃO FRANCISCO DO SUL,SC,07/2022,264,188,"71,21",172,16,"91,49",76,"28,79",16,60,"22,73"
421620,SÃO FRANCISCO DO SUL,SC,09/2022,270,241,"89,26",217,24,"90,04",29,"10,74",13,16,"5,93"
421620,SÃO FRANCISCO DO SUL,SC,11/2022,259,234,"90,35",209,25,"89,32",25,"9,65",4,21,"8,11"
421625,SÃO JOÃO DO OESTE,SC,11/2022,2,2,"100,00",2,0,"100,00",0,"0,00",0,0,"0,00"
421625,SÃO JOÃO DO OESTE,SC,07/2022,5,2,"40,00",2,0,"100,00",3,"60,00",1,2,"40,00"
421625,SÃO JOÃO DO OESTE,SC,09/2022,5,0,"0,00",0,0,,5,"100,00",3,2,"40,00"
421630,SÃO JOÃO BATISTA,SC,09/2022,104,61,"58,65",48,13,"78,69",43,"41,35",14,29,"27,88"
421630,SÃO JOÃO BATISTA,SC,07/2022,79,36,"45,57",27,9,"75,00",43,"54,43",16,27,"34,18"
421630,SÃO JOÃO BATISTA,SC,11/2022,107,68,"63,55",53,15,"77,94",39,"36,45",10,29,"27,10"
421635,SÃO JOÃO DO ITAPERIÚ,SC,11/2022,23,18,"78,26",12,6,"66,67",5,"21,74",1,4,"17,39"
421635,SÃO JOÃO DO ITAPERIÚ,SC,07/2022,23,17,"73,91",7,10,"41,18",6,"26,09",2,4,"17,39"
421635,SÃO JOÃO DO ITAPERIÚ,SC,09/2022,25,19,"76,00",12,7,"63,16",6,"24,00",1,5,"20,00"
421640,SÃO JOÃO DO SUL,SC,07/2022,57,54,"94,74",47,7,"87,04",3,"5,26",0,3,"5,26"
421640,SÃO JOÃO DO SUL,SC,09/2022,64,59,"92,19",51,8,"86,44",5,"7,81",3,2,"3,13"
421640,SÃO JOÃO DO SUL,SC,11/2022,60,58,"96,67",51,7,"87,93",2,"3,33",0,2,"3,33"
421650,SÃO JOAQUIM,SC,11/2022,167,137,"82,04",134,3,"97,81",30,"17,96",0,30,"17,96"
421650,SÃO JOAQUIM,SC,09/2022,152,126,"82,89",117,9,"92,86",26,"17,11",0,26,"17,11"
421650,SÃO JOAQUIM,SC,07/2022,153,113,"73,86",110,3,"97,35",40,"26,14",0,40,"26,14"
421660,SÃO JOSÉ,SC,07/2022,626,502,"80,19",440,62,"87,65",124,"19,81",32,92,"14,70"
421660,SÃO JOSÉ,SC,09/2022,711,578,"81,29",499,79,"86,33",133,"18,71",7,126,"17,72"
421660,SÃO JOSÉ,SC,11/2022,741,598,"80,70",518,80,"86,62",143,"19,30",4,139,"18,76"
421670,SÃO JOSÉ DO CEDRO,SC,11/2022,63,49,"77,78",46,3,"93,88",14,"22,22",2,12,"19,05"
421670,SÃO JOSÉ DO CEDRO,SC,07/2022,57,39,"68,42",35,4,"89,74",18,"31,58",6,12,"21,05"
421670,SÃO JOSÉ DO CEDRO,SC,09/2022,60,44,"73,33",40,4,"90,91",16,"26,67",3,13,"21,67"
421680,SÃO JOSÉ DO CERRITO,SC,07/2022,120,108,"90,00",106,2,"98,15",12,"10,00",5,7,"5,83"
421680,SÃO JOSÉ DO CERRITO,SC,09/2022,117,108,"92,31",105,3,"97,22",9,"7,69",2,7,"5,98"
421680,SÃO JOSÉ DO CERRITO,SC,11/2022,124,115,"92,74",112,3,"97,39",9,"7,26",2,7,"5,65"
421690,SÃO LOURENÇO DO OESTE,SC,11/2022,89,66,"74,16",52,14,"78,79",23,"25,84",8,15,"16,85"
421690,SÃO LOURENÇO DO OESTE,SC,07/2022,88,66,"75,00",57,9,"86,36",22,"25,00",11,11,"12,50"
421690,SÃO LOURENÇO DO OESTE,SC,09/2022,92,75,"81,52",58,17,"77,33",17,"18,48",5,12,"13,04"
421700,SÃO LUDGERO,SC,07/2022,30,22,"73,33",22,0,"100,00",8,"26,67",0,8,"26,67"
421700,SÃO LUDGERO,SC,09/2022,37,29,"78,38",29,0,"100,00",8,"21,62",0,8,"21,62"
421700,SÃO LUDGERO,SC,11/2022,37,31,"83,78",31,0,"100,00",6,"16,22",0,6,"16,22"
421710,SÃO MARTINHO,SC,11/2022,7,6,"85,71",6,0,"100,00",1,"14,29",0,1,"14,29"
421710,SÃO MARTINHO,SC,09/2022,9,8,"88,89",7,1,"87,50",1,"11,11",0,1,"11,11"
421710,SÃO MARTINHO,SC,07/2022,6,6,"100,00",5,1,"83,33",0,"0,00",0,0,"0,00"
421715,SÃO MIGUEL DA BOA VISTA,SC,09/2022,10,7,"70,00",6,1,"85,71",3,"30,00",2,1,"10,00"
421715,SÃO MIGUEL DA BOA VISTA,SC,07/2022,10,7,"70,00",6,1,"85,71",3,"30,00",2,1,"10,00"
421715,SÃO MIGUEL DA BOA VISTA,SC,11/2022,7,6,"85,71",6,0,"100,00",1,"14,29",0,1,"14,29"
421720,SÃO MIGUEL DO OESTE,SC,11/2022,108,58,"53,70",53,5,"91,38",50,"46,30",18,32,"29,63"
421720,SÃO MIGUEL DO OESTE,SC,09/2022,116,76,"65,52",61,15,"80,26",40,"34,48",9,31,"26,72"
421720,SÃO MIGUEL DO OESTE,SC,07/2022,100,69,"69,00",59,10,"85,51",31,"31,00",6,25,"25,00"
421725,SÃO PEDRO DE ALCÂNTARA,SC,07/2022,9,8,"88,89",8,0,"100,00",1,"11,11",0,1,"11,11"
421725,SÃO PEDRO DE ALCÂNTARA,SC,09/2022,11,10,"90,91",10,0,"100,00",1,"9,09",0,1,"9,09"
421725,SÃO PEDRO DE ALCÂNTARA,SC,11/2022,13,12,"92,31",12,0,"100,00",1,"7,69",0,1,"7,69"
421730,SAUDADES,SC,11/2022,23,9,"39,13",7,2,"77,78",14,"60,87",12,2,"8,70"
421730,SAUDADES,SC,07/2022,15,5,"33,33",4,1,"80,00",10,"66,67",8,2,"13,33"
421730,SAUDADES,SC,09/2022,18,5,"27,78",3,2,"60,00",13,"72,22",12,1,"5,56"
421740,SCHROEDER,SC,09/2022,44,42,"95,45",36,6,"85,71",2,"4,55",0,2,"4,55"
421740,SCHROEDER,SC,07/2022,39,35,"89,74",30,5,"85,71",4,"10,26",1,3,"7,69"
421740,SCHROEDER,SC,11/2022,34,31,"91,18",30,1,"96,77",3,"8,82",0,3,"8,82"
421750,SEARA,SC,11/2022,47,44,"93,62",36,8,"81,82",3,"6,38",0,3,"6,38"
421750,SEARA,SC,09/2022,37,20,"54,05",16,4,"80,00",17,"45,95",15,2,"5,41"
421750,SEARA,SC,07/2022,31,25,"80,65",19,6,"76,00",6,"19,35",2,4,"12,90"
421755,SERRA ALTA,SC,09/2022,9,0,"0,00",0,0,,9,"100,00",6,3,"33,33"
421755,SERRA ALTA,SC,07/2022,9,6,"66,67",6,0,"100,00",3,"33,33",0,3,"33,33"
421755,SERRA ALTA,SC,11/2022,9,9,"100,00",8,1,"88,89",0,"0,00",0,0,"0,00"
421760,SIDERÓPOLIS,SC,11/2022,53,52,"98,11",39,13,"75,00",1,"1,89",0,1,"1,89"
421760,SIDERÓPOLIS,SC,07/2022,49,45,"91,84",31,14,"68,89",4,"8,16",0,4,"8,16"
421760,SIDERÓPOLIS,SC,09/2022,52,51,"98,08",42,9,"82,35",1,"1,92",0,1,"1,92"
421770,SOMBRIO,SC,09/2022,178,156,"87,64",155,1,"99,36",22,"12,36",3,19,"10,67"
421770,SOMBRIO,SC,07/2022,158,104,"65,82",97,7,"93,27",54,"34,18",4,50,"31,65"
421770,SOMBRIO,SC,11/2022,194,178,"91,75",172,6,"96,63",16,"8,25",2,14,"7,22"
421775,SUL BRASIL,SC,11/2022,9,9,"100,00",9,0,"100,00",0,"0,00",0,0,"0,00"
421775,SUL BRASIL,SC,09/2022,8,8,"100,00",7,1,"87,50",0,"0,00",0,0,"0,00"
421775,SUL BRASIL,SC,07/2022,8,8,"100,00",7,1,"87,50",0,"0,00",0,0,"0,00"
421780,TAIÓ,SC,07/2022,56,20,"35,71",13,7,"65,00",36,"64,29",21,15,"26,79"
421780,TAIÓ,SC,09/2022,65,49,"75,38",38,11,"77,55",16,"24,62",3,13,"20,00"
421780,TAIÓ,SC,11/2022,55,43,"78,18",37,6,"86,05",12,"21,82",0,12,"21,82"
421790,TANGARÁ,SC,11/2022,42,17,"40,48",16,1,"94,12",25,"59,52",20,5,"11,90"
421790,TANGARÁ,SC,09/2022,40,4,"10,00",4,0,"100,00",36,"90,00",30,6,"15,00"
421790,TANGARÁ,SC,07/2022,42,24,"57,14",24,0,"100,00",18,"42,86",13,5,"11,90"
421795,TIGRINHOS,SC,07/2022,8,6,"75,00",6,0,"100,00",2,"25,00",1,1,"12,50"
421795,TIGRINHOS,SC,09/2022,10,9,"90,00",9,0,"100,00",1,"10,00",1,0,"0,00"
421795,TIGRINHOS,SC,11/2022,12,10,"83,33",10,0,"100,00",2,"16,67",2,0,"0,00"
421800,TIJUCAS,SC,11/2022,251,178,"70,92",162,16,"91,01",73,"29,08",4,69,"27,49"
421800,TIJUCAS,SC,07/2022,205,135,"65,85",104,31,"77,04",70,"34,15",20,50,"24,39"
421800,TIJUCAS,SC,09/2022,246,173,"70,33",158,15,"91,33",73,"29,67",6,67,"27,24"
421810,TIMBÉ DO SUL,SC,09/2022,43,41,"95,35",36,5,"87,80",2,"4,65",0,2,"4,65"
421810,TIMBÉ DO SUL,SC,07/2022,47,35,"74,47",31,4,"88,57",12,"25,53",1,11,"23,40"
421810,TIMBÉ DO SUL,SC,11/2022,36,36,"100,00",33,3,"91,67",0,"0,00",0,0,"0,00"
421820,TIMBÓ,SC,11/2022,48,30,"62,50",21,9,"70,00",18,"37,50",0,18,"37,50"
421820,TIMBÓ,SC,07/2022,44,26,"59,09",19,7,"73,08",18,"40,91",1,17,"38,64"
421820,TIMBÓ,SC,09/2022,50,29,"58,00",21,8,"72,41",21,"42,00",3,18,"36,00"
421825,TIMBÓ GRANDE,SC,07/2022,123,75,"60,98",72,3,"96,00",48,"39,02",7,41,"33,33"
421825,TIMBÓ GRANDE,SC,09/2022,154,0,"0,00",0,0,,154,"100,00",113,41,"26,62"
421825,TIMBÓ GRANDE,SC,11/2022,160,114,"71,25",100,14,"87,72",46,"28,75",6,40,"25,00"
421830,TRÊS BARRAS,SC,11/2022,139,106,"76,26",74,32,"69,81",33,"23,74",6,27,"19,42"
421830,TRÊS BARRAS,SC,07/2022,126,14,"11,11",7,7,"50,00",112,"88,89",85,27,"21,43"
421830,TRÊS BARRAS,SC,09/2022,136,14,"10,29",11,3,"78,57",122,"89,71",96,26,"19,12"
421835,TREVISO,SC,07/2022,10,8,"80,00",6,2,"75,00",2,"20,00",0,2,"20,00"
421835,TREVISO,SC,09/2022,16,12,"75,00",10,2,"83,33",4,"25,00",0,4,"25,00"
421835,TREVISO,SC,11/2022,13,10,"76,92",10,0,"100,00",3,"23,08",0,3,"23,08"
421840,TREZE DE MAIO,SC,11/2022,21,16,"76,19",13,3,"81,25",5,"23,81",1,4,"19,05"
421840,TREZE DE MAIO,SC,09/2022,20,14,"70,00",10,4,"71,43",6,"30,00",1,5,"25,00"
421840,TREZE DE MAIO,SC,07/2022,18,15,"83,33",9,6,"60,00",3,"16,67",0,3,"16,67"
421850,TREZE TÍLIAS,SC,09/2022,12,11,"91,67",10,1,"90,91",1,"8,33",0,1,"8,33"
421850,TREZE TÍLIAS,SC,07/2022,12,11,"91,67",10,1,"90,91",1,"8,33",0,1,"8,33"
421850,TREZE TÍLIAS,SC,11/2022,11,11,"100,00",9,2,"81,82",0,"0,00",0,0,"0,00"
421860,TROMBUDO CENTRAL,SC,11/2022,17,17,"100,00",15,2,"88,24",0,"0,00",0,0,"0,00"
421860,TROMBUDO CENTRAL,SC,07/2022,17,16,"94,12",10,6,"62,50",1,"5,88",1,0,"0,00"
421860,TROMBUDO CENTRAL,SC,09/2022,18,18,"100,00",11,7,"61,11",0,"0,00",0,0,"0,00"
421870,TUBARÃO,SC,07/2022,259,233,"89,96",203,30,"87,12",26,"10,04",2,24,"9,27"
421870,TUBARÃO,SC,09/2022,294,273,"92,86",246,27,"90,11",21,"7,14",2,19,"6,46"
421870,TUBARÃO,SC,11/2022,288,268,"93,06",239,29,"89,18",20,"6,94",1,19,"6,60"
421875,TUNÁPOLIS,SC,11/2022,8,6,"75,00",5,1,"83,33",2,"25,00",0,2,"25,00"
421875,TUNÁPOLIS,SC,07/2022,10,8,"80,00",8,0,"100,00",2,"20,00",0,2,"20,00"
421875,TUNÁPOLIS,SC,09/2022,11,9,"81,82",9,0,"100,00",2,"18,18",0,2,"18,18"
421880,TURVO,SC,09/2022,48,46,"95,83",33,13,"71,74",2,"4,17",1,1,"2,08"
421880,TURVO,SC,07/2022,49,47,"95,92",40,7,"85,11",2,"4,08",0,2,"4,08"
421880,TURVO,SC,11/2022,43,42,"97,67",36,6,"85,71",1,"2,33",1,0,"0,00"
421885,UNIÃO DO OESTE,SC,11/2022,12,10,"83,33",9,1,"90,00",2,"16,67",0,2,"16,67"
421885,UNIÃO DO OESTE,SC,07/2022,7,5,"71,43",4,1,"80,00",2,"28,57",0,2,"28,57"
421885,UNIÃO DO OESTE,SC,09/2022,9,7,"77,78",6,1,"85,71",2,"22,22",0,2,"22,22"
421890,URUBICI,SC,07/2022,71,58,"81,69",44,14,"75,86",13,"18,31",0,13,"18,31"
421890,URUBICI,SC,09/2022,79,64,"81,01",50,14,"78,13",15,"18,99",0,15,"18,99"
421890,URUBICI,SC,11/2022,73,62,"84,93",46,16,"74,19",11,"15,07",0,11,"15,07"
421895,URUPEMA,SC,11/2022,30,27,"90,00",27,0,"100,00",3,"10,00",0,3,"10,00"
421895,URUPEMA,SC,09/2022,31,27,"87,10",27,0,"100,00",4,"12,90",1,3,"9,68"
421895,URUPEMA,SC,07/2022,25,22,"88,00",22,0,"100,00",3,"12,00",0,3,"12,00"
421900,URUSSANGA,SC,07/2022,47,37,"78,72",36,1,"97,30",10,"21,28",0,10,"21,28"
421900,URUSSANGA,SC,09/2022,51,48,"94,12",43,5,"89,58",3,"5,88",0,3,"5,88"
421900,URUSSANGA,SC,11/2022,56,48,"85,71",48,0,"100,00",8,"14,29",0,8,"14,29"
421910,VARGEÃO,SC,11/2022,10,8,"80,00",5,3,"62,50",2,"20,00",0,2,"20,00"
421910,VARGEÃO,SC,09/2022,9,8,"88,89",7,1,"87,50",1,"11,11",0,1,"11,11"
421910,VARGEÃO,SC,07/2022,8,8,"100,00",6,2,"75,00",0,"0,00",0,0,"0,00"
421915,VARGEM,SC,09/2022,18,13,"72,22",10,3,"76,92",5,"27,78",0,5,"27,78"
421915,VARGEM,SC,07/2022,17,12,"70,59",12,0,"100,00",5,"29,41",0,5,"29,41"
421915,VARGEM,SC,11/2022,20,15,"75,00",15,0,"100,00",5,"25,00",0,5,"25,00"
421917,VARGEM BONITA,SC,11/2022,36,33,"91,67",27,6,"81,82",3,"8,33",0,3,"8,33"
421917,VARGEM BONITA,SC,09/2022,44,41,"93,18",36,5,"87,80",3,"6,82",0,3,"6,82"
421917,VARGEM BONITA,SC,07/2022,39,38,"97,44",37,1,"97,37",1,"2,56",0,1,"2,56"
421920,VIDAL RAMOS,SC,07/2022,30,23,"76,67",22,1,"95,65",7,"23,33",4,3,"10,00"
421920,VIDAL RAMOS,SC,09/2022,33,29,"87,88",25,4,"86,21",4,"12,12",1,3,"9,09"
421920,VIDAL RAMOS,SC,11/2022,30,27,"90,00",26,1,"96,30",3,"10,00",0,3,"10,00"
421930,VIDEIRA,SC,11/2022,139,74,"53,24",60,14,"81,08",65,"46,76",11,54,"38,85"
421930,VIDEIRA,SC,07/2022,117,57,"48,72",42,15,"73,68",60,"51,28",21,39,"33,33"
421930,VIDEIRA,SC,09/2022,126,62,"49,21",43,19,"69,35",64,"50,79",9,55,"43,65"
421935,VITOR MEIRELES,SC,09/2022,37,32,"86,49",25,7,"78,13",5,"13,51",0,5,"13,51"
421935,VITOR MEIRELES,SC,07/2022,34,27,"79,41",23,4,"85,19",7,"20,59",1,6,"17,65"
421935,VITOR MEIRELES,SC,11/2022,35,30,"85,71",25,5,"83,33",5,"14,29",1,4,"11,43"
421940,WITMARSUM,SC,11/2022,16,14,"87,50",10,4,"71,43",2,"12,50",1,1,"6,25"
421940,WITMARSUM,SC,07/2022,13,11,"84,62",10,1,"90,91",2,"15,38",0,2,"15,38"
421940,WITMARSUM,SC,09/2022,16,13,"81,25",12,1,"92,31",3,"18,75",0,3,"18,75"
421950,XANXERÊ,SC,07/2022,123,86,"69,92",72,14,"83,72",37,"30,08",13,24,"19,51"
421950,XANXERÊ,SC,09/2022,130,94,"72,31",70,24,"74,47",36,"27,69",7,29,"22,31"
421950,XANXERÊ,SC,11/2022,127,94,"74,02",69,25,"73,40",33,"25,98",6,27,"21,26"
421960,XAVANTINA,SC,11/2022,2,0,"0,00",0,0,,2,"100,00",2,0,"0,00"
421960,XAVANTINA,SC,09/2022,5,5,"100,00",5,0,"100,00",0,"0,00",0,0,"0,00"
421960,XAVANTINA,SC,07/2022,4,4,"100,00",4,0,"100,00",0,"0,00",0,0,"0,00"
421970,XAXIM,SC,09/2022,116,97,"83,62",74,23,"76,29",19,"16,38",1,18,"15,52"
421970,XAXIM,SC,07/2022,102,83,"81,37",65,18,"78,31",19,"18,63",6,13,"12,75"
421970,XAXIM,SC,11/2022,111,95,"85,59",73,22,"76,84",16,"14,41",1,15,"13,51"
421985,ZORTÉA,SC,11/2022,17,12,"70,59",12,0,"100,00",5,"29,41",0,5,"29,41"
421985,ZORTÉA,SC,07/2022,14,10,"71,43",10,0,"100,00",4,"28,57",0,4,"28,57"
421985,ZORTÉA,SC,09/2022,15,10,"66,67",10,0,"100,00",5,"33,33",0,5,"33,33"
422000,BALNEÁRIO RINCÃO,SC,07/2022,115,26,"22,61",26,0,"100,00",89,"77,39",3,86,"74,78"
422000,BALNEÁRIO RINCÃO,SC,09/2022,126,38,"30,16",38,0,"100,00",88,"69,84",0,88,"69,84"
422000,BALNEÁRIO RINCÃO,SC,11/2022,118,40,"33,90",37,3,"92,50",78,"66,10",2,76,"64,41"
280010,AMPARO DE SÃO FRANCISCO,SE,09/2022,39,36,"92,31",24,12,"66,67",3,"7,69",0,3,"7,69"
280010,AMPARO DE SÃO FRANCISCO,SE,11/2022,41,37,"90,24",24,13,"64,86",4,"9,76",0,4,"9,76"
280010,AMPARO DE SÃO FRANCISCO,SE,07/2022,43,39,"90,70",35,4,"89,74",4,"9,30",0,4,"9,30"
280020,AQUIDABÃ,SE,09/2022,517,488,"94,39",488,0,"100,00",29,"5,61",0,29,"5,61"
280020,AQUIDABÃ,SE,11/2022,501,473,"94,41",473,0,"100,00",28,"5,59",2,26,"5,19"
280020,AQUIDABÃ,SE,07/2022,456,238,"52,19",237,1,"99,58",218,"47,81",195,23,"5,04"
280030,ARACAJU,SE,11/2022,7067,5306,"75,08",4909,397,"92,52",1761,"24,92",85,1676,"23,72"
280030,ARACAJU,SE,07/2022,6425,3018,"46,97",2950,68,"97,75",3407,"53,03",726,2681,"41,73"
280030,ARACAJU,SE,09/2022,7095,5293,"74,60",3856,1437,"72,85",1802,"25,40",97,1705,"24,03"
280040,ARAUÁ,SE,09/2022,309,208,"67,31",189,19,"90,87",101,"32,69",3,98,"31,72"
280040,ARAUÁ,SE,07/2022,297,180,"60,61",173,7,"96,11",117,"39,39",4,113,"38,05"
280040,ARAUÁ,SE,11/2022,290,228,"78,62",182,46,"79,82",62,"21,38",2,60,"20,69"
280050,AREIA BRANCA,SE,09/2022,399,339,"84,96",301,38,"88,79",60,"15,04",5,55,"13,78"
280050,AREIA BRANCA,SE,11/2022,370,299,"80,81",279,20,"93,31",71,"19,19",0,71,"19,19"
280050,AREIA BRANCA,SE,07/2022,411,322,"78,35",280,42,"86,96",89,"21,65",14,75,"18,25"
280060,BARRA DOS COQUEIROS,SE,07/2022,535,354,"66,17",353,1,"99,72",181,"33,83",102,79,"14,77"
280060,BARRA DOS COQUEIROS,SE,09/2022,577,483,"83,71",483,0,"100,00",94,"16,29",10,84,"14,56"
280060,BARRA DOS COQUEIROS,SE,11/2022,553,356,"64,38",355,1,"99,72",197,"35,62",112,85,"15,37"
280067,BOQUIM,SE,07/2022,581,397,"68,33",387,10,"97,48",184,"31,67",4,180,"30,98"
280067,BOQUIM,SE,09/2022,605,405,"66,94",372,33,"91,85",200,"33,06",3,197,"32,56"
280067,BOQUIM,SE,11/2022,586,392,"66,89",377,15,"96,17",194,"33,11",6,188,"32,08"
280070,BREJO GRANDE,SE,07/2022,235,118,"50,21",118,0,"100,00",117,"49,79",109,8,"3,40"
280070,BREJO GRANDE,SE,11/2022,242,77,"31,82",77,0,"100,00",165,"68,18",146,19,"7,85"
280070,BREJO GRANDE,SE,09/2022,250,167,"66,80",167,0,"100,00",83,"33,20",60,23,"9,20"
280100,CAMPO DO BRITO,SE,09/2022,397,299,"75,31",255,44,"85,28",98,"24,69",2,96,"24,18"
280100,CAMPO DO BRITO,SE,11/2022,389,291,"74,81",252,39,"86,60",98,"25,19",0,98,"25,19"
280100,CAMPO DO BRITO,SE,07/2022,379,284,"74,93",266,18,"93,66",95,"25,07",1,94,"24,80"
280110,CANHOBA,SE,11/2022,100,65,"65,00",65,0,"100,00",35,"35,00",6,29,"29,00"
280110,CANHOBA,SE,09/2022,95,64,"67,37",64,0,"100,00",31,"32,63",17,14,"14,74"
280110,CANHOBA,SE,07/2022,112,31,"27,68",31,0,"100,00",81,"72,32",76,5,"4,46"
280120,CANINDÉ DE SÃO FRANCISCO,SE,07/2022,889,822,"92,46",762,60,"92,70",67,"7,54",7,60,"6,75"
280120,CANINDÉ DE SÃO FRANCISCO,SE,11/2022,888,550,"61,94",531,19,"96,55",338,"38,06",37,301,"33,90"
280120,CANINDÉ DE SÃO FRANCISCO,SE,09/2022,899,610,"67,85",579,31,"94,92",289,"32,15",10,279,"31,03"
280130,CAPELA,SE,11/2022,777,558,"71,81",521,37,"93,37",219,"28,19",6,213,"27,41"
280130,CAPELA,SE,09/2022,834,553,"66,31",519,34,"93,85",281,"33,69",10,271,"32,49"
280130,CAPELA,SE,07/2022,813,418,"51,41",394,24,"94,26",395,"48,59",10,385,"47,36"
280140,CARIRA,SE,11/2022,488,258,"52,87",248,10,"96,12",230,"47,13",1,229,"46,93"
280140,CARIRA,SE,09/2022,511,266,"52,05",256,10,"96,24",245,"47,95",7,238,"46,58"
280140,CARIRA,SE,07/2022,493,245,"49,70",238,7,"97,14",248,"50,30",36,212,"43,00"
280150,CARMÓPOLIS,SE,09/2022,433,222,"51,27",201,21,"90,54",211,"48,73",185,26,"6,00"
280150,CARMÓPOLIS,SE,07/2022,426,261,"61,27",242,19,"92,72",165,"38,73",124,41,"9,62"
280150,CARMÓPOLIS,SE,11/2022,435,250,"57,47",241,9,"96,40",185,"42,53",156,29,"6,67"
280160,CEDRO DE SÃO JOÃO,SE,11/2022,114,97,"85,09",90,7,"92,78",17,"14,91",2,15,"13,16"
280160,CEDRO DE SÃO JOÃO,SE,07/2022,104,83,"79,81",79,4,"95,18",21,"20,19",2,19,"18,27"
280160,CEDRO DE SÃO JOÃO,SE,09/2022,110,92,"83,64",78,14,"84,78",18,"16,36",0,18,"16,36"
280170,CRISTINÁPOLIS,SE,09/2022,532,484,"90,98",464,20,"95,87",48,"9,02",2,46,"8,65"
280170,CRISTINÁPOLIS,SE,11/2022,525,523,"99,62",438,85,"83,75",2,"0,38",1,1,"0,19"
280170,CRISTINÁPOLIS,SE,07/2022,511,455,"89,04",412,43,"90,55",56,"10,96",1,55,"10,76"
280190,CUMBE,SE,09/2022,92,87,"94,57",87,0,"100,00",5,"5,43",0,5,"5,43"
280190,CUMBE,SE,07/2022,92,0,"0,00",0,0,,92,"100,00",86,6,"6,52"
280190,CUMBE,SE,11/2022,77,0,"0,00",0,0,,77,"100,00",72,5,"6,49"
280200,DIVINA PASTORA,SE,07/2022,119,60,"50,42",54,6,"90,00",59,"49,58",39,20,"16,81"
280200,DIVINA PASTORA,SE,11/2022,127,97,"76,38",83,14,"85,57",30,"23,62",2,28,"22,05"
280200,DIVINA PASTORA,SE,09/2022,116,55,"47,41",53,2,"96,36",61,"52,59",37,24,"20,69"
280210,ESTÂNCIA,SE,11/2022,1458,1129,"77,43",1114,15,"98,67",329,"22,57",4,325,"22,29"
280210,ESTÂNCIA,SE,09/2022,1470,1216,"82,72",1181,35,"97,12",254,"17,28",7,247,"16,80"
280210,ESTÂNCIA,SE,07/2022,1387,1173,"84,57",1156,17,"98,55",214,"15,43",17,197,"14,20"
280220,FEIRA NOVA,SE,11/2022,174,165,"94,83",165,0,"100,00",9,"5,17",2,7,"4,02"
280220,FEIRA NOVA,SE,07/2022,169,140,"82,84",140,0,"100,00",29,"17,16",13,16,"9,47"
280220,FEIRA NOVA,SE,09/2022,180,171,"95,00",169,2,"98,83",9,"5,00",1,8,"4,44"
280230,FREI PAULO,SE,09/2022,338,265,"78,40",254,11,"95,85",73,"21,60",3,70,"20,71"
280230,FREI PAULO,SE,11/2022,337,267,"79,23",257,10,"96,25",70,"20,77",2,68,"20,18"
280230,FREI PAULO,SE,07/2022,321,245,"76,32",240,5,"97,96",76,"23,68",6,70,"21,81"
280240,GARARU,SE,07/2022,302,203,"67,22",191,12,"94,09",99,"32,78",3,96,"31,79"
280240,GARARU,SE,09/2022,327,221,"67,58",190,31,"85,97",106,"32,42",1,105,"32,11"
280240,GARARU,SE,11/2022,290,249,"85,86",221,28,"88,76",41,"14,14",0,41,"14,14"
280250,GENERAL MAYNARD,SE,07/2022,72,59,"81,94",53,6,"89,83",13,"18,06",4,9,"12,50"
280250,GENERAL MAYNARD,SE,09/2022,90,75,"83,33",58,17,"77,33",15,"16,67",3,12,"13,33"
280250,GENERAL MAYNARD,SE,11/2022,78,71,"91,03",47,24,"66,20",7,"8,97",1,6,"7,69"
280260,GRACHO CARDOSO,SE,11/2022,176,133,"75,57",123,10,"92,48",43,"24,43",1,42,"23,86"
280260,GRACHO CARDOSO,SE,09/2022,179,133,"74,30",117,16,"87,97",46,"25,70",2,44,"24,58"
280260,GRACHO CARDOSO,SE,07/2022,180,124,"68,89",114,10,"91,94",56,"31,11",7,49,"27,22"
280270,ILHA DAS FLORES,SE,11/2022,261,187,"71,65",187,0,"100,00",74,"28,35",14,60,"22,99"
280270,ILHA DAS FLORES,SE,09/2022,255,189,"74,12",187,2,"98,94",66,"25,88",4,62,"24,31"
280270,ILHA DAS FLORES,SE,07/2022,259,160,"61,78",160,0,"100,00",99,"38,22",3,96,"37,07"
280280,INDIAROBA,SE,09/2022,536,450,"83,96",411,39,"91,33",86,"16,04",2,84,"15,67"
280280,INDIAROBA,SE,11/2022,505,467,"92,48",422,45,"90,36",38,"7,52",0,38,"7,52"
280280,INDIAROBA,SE,07/2022,522,438,"83,91",376,62,"85,84",84,"16,09",4,80,"15,33"
280290,ITABAIANA,SE,09/2022,1981,1369,"69,11",1253,116,"91,53",612,"30,89",66,546,"27,56"
280290,ITABAIANA,SE,07/2022,1834,1177,"64,18",1129,48,"95,92",657,"35,82",107,550,"29,99"
280290,ITABAIANA,SE,11/2022,1974,1367,"69,25",1294,73,"94,66",607,"30,75",41,566,"28,67"
280300,ITABAIANINHA,SE,07/2022,1164,571,"49,05",554,17,"97,02",593,"50,95",508,85,"7,30"
280300,ITABAIANINHA,SE,11/2022,1201,1104,"91,92",1104,0,"100,00",97,"8,08",0,97,"8,08"
280300,ITABAIANINHA,SE,09/2022,1232,1111,"90,18",1111,0,"100,00",121,"9,82",1,120,"9,74"
280310,ITABI,SE,07/2022,111,103,"92,79",99,4,"96,12",8,"7,21",0,8,"7,21"
280310,ITABI,SE,11/2022,111,108,"97,30",107,1,"99,07",3,"2,70",0,3,"2,70"
280310,ITABI,SE,09/2022,116,103,"88,79",97,6,"94,17",13,"11,21",1,12,"10,34"
280320,ITAPORANGA D´AJUDA,SE,09/2022,823,493,"59,90",453,40,"91,89",330,"40,10",0,330,"40,10"
280320,ITAPORANGA D´AJUDA,SE,11/2022,804,521,"64,80",487,34,"93,47",283,"35,20",1,282,"35,07"
280320,ITAPORANGA D´AJUDA,SE,07/2022,770,410,"53,25",383,27,"93,41",360,"46,75",4,356,"46,23"
280330,JAPARATUBA,SE,11/2022,410,267,"65,12",262,5,"98,13",143,"34,88",7,136,"33,17"
280330,JAPARATUBA,SE,09/2022,414,176,"42,51",159,17,"90,34",238,"57,49",63,175,"42,27"
280330,JAPARATUBA,SE,07/2022,385,99,"25,71",99,0,"100,00",286,"74,29",129,157,"40,78"
280340,JAPOATÃ,SE,07/2022,416,0,"0,00",0,0,,416,"100,00",371,45,"10,82"
280340,JAPOATÃ,SE,09/2022,446,143,"32,06",137,6,"95,80",303,"67,94",186,117,"26,23"
280340,JAPOATÃ,SE,11/2022,436,283,"64,91",266,17,"93,99",153,"35,09",64,89,"20,41"
280350,LAGARTO,SE,07/2022,2203,1557,"70,68",1553,4,"99,74",646,"29,32",185,461,"20,93"
280350,LAGARTO,SE,09/2022,2342,1993,"85,10",1984,9,"99,55",349,"14,90",11,338,"14,43"
280350,LAGARTO,SE,11/2022,2246,1806,"80,41",1782,24,"98,67",440,"19,59",7,433,"19,28"
280360,LARANJEIRAS,SE,07/2022,592,206,"34,80",176,30,"85,44",386,"65,20",21,365,"61,66"
280360,LARANJEIRAS,SE,11/2022,601,261,"43,43",225,36,"86,21",340,"56,57",12,328,"54,58"
280360,LARANJEIRAS,SE,09/2022,610,220,"36,07",199,21,"90,45",390,"63,93",12,378,"61,97"
280370,MACAMBIRA,SE,09/2022,170,151,"88,82",136,15,"90,07",19,"11,18",6,13,"7,65"
280370,MACAMBIRA,SE,07/2022,167,130,"77,84",124,6,"95,38",37,"22,16",1,36,"21,56"
280370,MACAMBIRA,SE,11/2022,165,145,"87,88",137,8,"94,48",20,"12,12",0,20,"12,12"
280380,MALHADA DOS BOIS,SE,07/2022,66,47,"71,21",43,4,"91,49",19,"28,79",7,12,"18,18"
280380,MALHADA DOS BOIS,SE,09/2022,71,53,"74,65",46,7,"86,79",18,"25,35",5,13,"18,31"
280380,MALHADA DOS BOIS,SE,11/2022,65,52,"80,00",44,8,"84,62",13,"20,00",2,11,"16,92"
280390,MALHADOR,SE,11/2022,276,229,"82,97",213,16,"93,01",47,"17,03",1,46,"16,67"
280390,MALHADOR,SE,09/2022,278,231,"83,09",216,15,"93,51",47,"16,91",0,47,"16,91"
280390,MALHADOR,SE,07/2022,262,210,"80,15",206,4,"98,10",52,"19,85",4,48,"18,32"
280400,MARUIM,SE,09/2022,366,332,"90,71",326,6,"98,19",34,"9,29",3,31,"8,47"
280400,MARUIM,SE,07/2022,349,331,"94,84",326,5,"98,49",18,"5,16",2,16,"4,58"
280400,MARUIM,SE,11/2022,365,331,"90,68",328,3,"99,09",34,"9,32",3,31,"8,49"
280410,MOITA BONITA,SE,11/2022,194,173,"89,18",152,21,"87,86",21,"10,82",4,17,"8,76"
280410,MOITA BONITA,SE,07/2022,173,150,"86,71",142,8,"94,67",23,"13,29",10,13,"7,51"
280410,MOITA BONITA,SE,09/2022,189,166,"87,83",147,19,"88,55",23,"12,17",9,14,"7,41"
280420,MONTE ALEGRE DE SERGIPE,SE,09/2022,500,409,"81,80",353,56,"86,31",91,"18,20",2,89,"17,80"
280420,MONTE ALEGRE DE SERGIPE,SE,11/2022,503,415,"82,50",371,44,"89,40",88,"17,50",0,88,"17,50"
280420,MONTE ALEGRE DE SERGIPE,SE,07/2022,479,353,"73,70",282,71,"79,89",126,"26,30",2,124,"25,89"
280430,MURIBECA,SE,11/2022,227,162,"71,37",162,0,"100,00",65,"28,63",7,58,"25,55"
280430,MURIBECA,SE,07/2022,210,175,"83,33",155,20,"88,57",35,"16,67",2,33,"15,71"
280430,MURIBECA,SE,09/2022,221,156,"70,59",153,3,"98,08",65,"29,41",3,62,"28,05"
280440,NEÓPOLIS,SE,11/2022,471,225,"47,77",225,0,"100,00",246,"52,23",45,201,"42,68"
280440,NEÓPOLIS,SE,09/2022,522,305,"58,43",304,1,"99,67",217,"41,57",23,194,"37,16"
280440,NEÓPOLIS,SE,07/2022,471,282,"59,87",282,0,"100,00",189,"40,13",13,176,"37,37"
280445,NOSSA SENHORA APARECIDA,SE,07/2022,176,157,"89,20",147,10,"93,63",19,"10,80",3,16,"9,09"
280445,NOSSA SENHORA APARECIDA,SE,09/2022,192,171,"89,06",162,9,"94,74",21,"10,94",3,18,"9,38"
280445,NOSSA SENHORA APARECIDA,SE,11/2022,181,161,"88,95",159,2,"98,76",20,"11,05",1,19,"10,50"
280450,NOSSA SENHORA DA GLÓRIA,SE,07/2022,942,587,"62,31",522,65,"88,93",355,"37,69",15,340,"36,09"
280450,NOSSA SENHORA DA GLÓRIA,SE,09/2022,983,728,"74,06",692,36,"95,05",255,"25,94",42,213,"21,67"
280450,NOSSA SENHORA DA GLÓRIA,SE,11/2022,951,778,"81,81",730,48,"93,83",173,"18,19",14,159,"16,72"
280460,NOSSA SENHORA DAS DORES,SE,09/2022,747,640,"85,68",640,0,"100,00",107,"14,32",0,107,"14,32"
280460,NOSSA SENHORA DAS DORES,SE,11/2022,738,626,"84,82",623,3,"99,52",112,"15,18",2,110,"14,91"
280460,NOSSA SENHORA DAS DORES,SE,07/2022,695,619,"89,06",619,0,"100,00",76,"10,94",2,74,"10,65"
280470,NOSSA SENHORA DE LOURDES,SE,09/2022,178,103,"57,87",91,12,"88,35",75,"42,13",1,74,"41,57"
280470,NOSSA SENHORA DE LOURDES,SE,07/2022,181,110,"60,77",104,6,"94,55",71,"39,23",2,69,"38,12"
280470,NOSSA SENHORA DE LOURDES,SE,11/2022,165,126,"76,36",126,0,"100,00",39,"23,64",1,38,"23,03"
280480,NOSSA SENHORA DO SOCORRO,SE,11/2022,3677,1396,"37,97",1336,60,"95,70",2281,"62,03",427,1854,"50,42"
280480,NOSSA SENHORA DO SOCORRO,SE,09/2022,3730,1398,"37,48",1274,124,"91,13",2332,"62,52",466,1866,"50,03"
280480,NOSSA SENHORA DO SOCORRO,SE,07/2022,3505,1143,"32,61",1019,124,"89,15",2362,"67,39",442,1920,"54,78"
280490,PACATUBA,SE,09/2022,379,267,"70,45",267,0,"100,00",112,"29,55",13,99,"26,12"
280490,PACATUBA,SE,11/2022,364,271,"74,45",268,3,"98,89",93,"25,55",5,88,"24,18"
280490,PACATUBA,SE,07/2022,357,251,"70,31",251,0,"100,00",106,"29,69",14,92,"25,77"
280500,PEDRA MOLE,SE,09/2022,84,62,"73,81",58,4,"93,55",22,"26,19",0,22,"26,19"
280500,PEDRA MOLE,SE,07/2022,90,78,"86,67",77,1,"98,72",12,"13,33",0,12,"13,33"
280500,PEDRA MOLE,SE,11/2022,78,57,"73,08",52,5,"91,23",21,"26,92",0,21,"26,92"
280510,PEDRINHAS,SE,09/2022,288,227,"78,82",226,1,"99,56",61,"21,18",0,61,"21,18"
280510,PEDRINHAS,SE,07/2022,270,214,"79,26",213,1,"99,53",56,"20,74",2,54,"20,00"
280510,PEDRINHAS,SE,11/2022,249,202,"81,12",200,2,"99,01",47,"18,88",0,47,"18,88"
280520,PINHÃO,SE,09/2022,145,134,"92,41",122,12,"91,04",11,"7,59",0,11,"7,59"
280520,PINHÃO,SE,11/2022,135,120,"88,89",108,12,"90,00",15,"11,11",0,15,"11,11"
280520,PINHÃO,SE,07/2022,142,126,"88,73",121,5,"96,03",16,"11,27",2,14,"9,86"
280530,PIRAMBU,SE,09/2022,272,228,"83,82",205,23,"89,91",44,"16,18",9,35,"12,87"
280530,PIRAMBU,SE,11/2022,249,205,"82,33",192,13,"93,66",44,"17,67",9,35,"14,06"
280530,PIRAMBU,SE,07/2022,262,200,"76,34",191,9,"95,50",62,"23,66",24,38,"14,50"
280540,POÇO REDONDO,SE,09/2022,996,925,"92,87",923,2,"99,78",71,"7,13",1,70,"7,03"
280540,POÇO REDONDO,SE,07/2022,953,903,"94,75",903,0,"100,00",50,"5,25",5,45,"4,72"
280540,POÇO REDONDO,SE,11/2022,954,869,"91,09",868,1,"99,88",85,"8,91",24,61,"6,39"
280550,POÇO VERDE,SE,11/2022,571,507,"88,79",475,32,"93,69",64,"11,21",3,61,"10,68"
280550,POÇO VERDE,SE,07/2022,537,433,"80,63",408,25,"94,23",104,"19,37",27,77,"14,34"
280550,POÇO VERDE,SE,09/2022,580,516,"88,97",487,29,"94,38",64,"11,03",1,63,"10,86"
280560,PORTO DA FOLHA,SE,07/2022,714,572,"80,11",532,40,"93,01",142,"19,89",3,139,"19,47"
280560,PORTO DA FOLHA,SE,11/2022,752,587,"78,06",512,75,"87,22",165,"21,94",1,164,"21,81"
280560,PORTO DA FOLHA,SE,09/2022,766,596,"77,81",555,41,"93,12",170,"22,19",0,170,"22,19"
280570,PROPRIÁ,SE,07/2022,585,299,"51,11",271,28,"90,64",286,"48,89",64,222,"37,95"
280570,PROPRIÁ,SE,11/2022,583,440,"75,47",413,27,"93,86",143,"24,53",1,142,"24,36"
280570,PROPRIÁ,SE,09/2022,596,317,"53,19",268,49,"84,54",279,"46,81",1,278,"46,64"
280580,RIACHÃO DO DANTAS,SE,07/2022,565,539,"95,40",537,2,"99,63",26,"4,60",5,21,"3,72"
280580,RIACHÃO DO DANTAS,SE,11/2022,548,525,"95,80",524,1,"99,81",23,"4,20",2,21,"3,83"
280580,RIACHÃO DO DANTAS,SE,09/2022,576,554,"96,18",537,17,"96,93",22,"3,82",4,18,"3,13"
280590,RIACHUELO,SE,09/2022,242,120,"49,59",101,19,"84,17",122,"50,41",38,84,"34,71"
280590,RIACHUELO,SE,07/2022,218,104,"47,71",102,2,"98,08",114,"52,29",53,61,"27,98"
280590,RIACHUELO,SE,11/2022,233,138,"59,23",136,2,"98,55",95,"40,77",30,65,"27,90"
280600,RIBEIRÓPOLIS,SE,09/2022,336,200,"59,52",190,10,"95,00",136,"40,48",37,99,"29,46"
280600,RIBEIRÓPOLIS,SE,11/2022,338,225,"66,57",211,14,"93,78",113,"33,43",26,87,"25,74"
280600,RIBEIRÓPOLIS,SE,07/2022,325,158,"48,62",153,5,"96,84",167,"51,38",69,98,"30,15"
280610,ROSÁRIO DO CATETE,SE,11/2022,245,197,"80,41",197,0,"100,00",48,"19,59",5,43,"17,55"
280610,ROSÁRIO DO CATETE,SE,09/2022,244,212,"86,89",212,0,"100,00",32,"13,11",2,30,"12,30"
280610,ROSÁRIO DO CATETE,SE,07/2022,234,203,"86,75",201,2,"99,01",31,"13,25",6,25,"10,68"
280620,SALGADO,SE,09/2022,528,343,"64,96",319,24,"93,00",185,"35,04",10,175,"33,14"
280620,SALGADO,SE,11/2022,526,349,"66,35",335,14,"95,99",177,"33,65",12,165,"31,37"
280620,SALGADO,SE,07/2022,492,271,"55,08",263,8,"97,05",221,"44,92",56,165,"33,54"
280630,SANTA LUZIA DO ITANHY,SE,09/2022,434,157,"36,18",134,23,"85,35",277,"63,82",88,189,"43,55"
280630,SANTA LUZIA DO ITANHY,SE,07/2022,424,150,"35,38",141,9,"94,00",274,"64,62",86,188,"44,34"
280630,SANTA LUZIA DO ITANHY,SE,11/2022,423,233,"55,08",200,33,"85,84",190,"44,92",4,186,"43,97"
280640,SANTANA DO SÃO FRANCISCO,SE,07/2022,256,146,"57,03",146,0,"100,00",110,"42,97",1,109,"42,58"
280640,SANTANA DO SÃO FRANCISCO,SE,09/2022,250,186,"74,40",183,3,"98,39",64,"25,60",1,63,"25,20"
280640,SANTANA DO SÃO FRANCISCO,SE,11/2022,255,175,"68,63",170,5,"97,14",80,"31,37",26,54,"21,18"
280650,SANTA ROSA DE LIMA,SE,11/2022,122,121,"99,18",121,0,"100,00",1,"0,82",0,1,"0,82"
280650,SANTA ROSA DE LIMA,SE,09/2022,125,122,"97,60",122,0,"100,00",3,"2,40",1,2,"1,60"
280650,SANTA ROSA DE LIMA,SE,07/2022,118,114,"96,61",114,0,"100,00",4,"3,39",1,3,"2,54"
280660,SANTO AMARO DAS BROTAS,SE,11/2022,346,24,"6,94",24,0,"100,00",322,"93,06",302,20,"5,78"
280660,SANTO AMARO DAS BROTAS,SE,09/2022,342,54,"15,79",53,1,"98,15",288,"84,21",269,19,"5,56"
280660,SANTO AMARO DAS BROTAS,SE,07/2022,314,1,"0,32",1,0,"100,00",313,"99,68",293,20,"6,37"
280670,SÃO CRISTÓVÃO,SE,11/2022,1741,1267,"72,77",1220,47,"96,29",474,"27,23",5,469,"26,94"
280670,SÃO CRISTÓVÃO,SE,07/2022,1689,1039,"61,52",993,46,"95,57",650,"38,48",12,638,"37,77"
280670,SÃO CRISTÓVÃO,SE,09/2022,1781,1273,"71,48",1228,45,"96,47",508,"28,52",9,499,"28,02"
280680,SÃO DOMINGOS,SE,09/2022,228,126,"55,26",116,10,"92,06",102,"44,74",0,102,"44,74"
280680,SÃO DOMINGOS,SE,07/2022,223,142,"63,68",139,3,"97,89",81,"36,32",0,81,"36,32"
280680,SÃO DOMINGOS,SE,11/2022,234,179,"76,50",169,10,"94,41",55,"23,50",0,55,"23,50"
280690,SÃO FRANCISCO,SE,11/2022,73,60,"82,19",60,0,"100,00",13,"17,81",0,13,"17,81"
280690,SÃO FRANCISCO,SE,07/2022,84,72,"85,71",72,0,"100,00",12,"14,29",3,9,"10,71"
280690,SÃO FRANCISCO,SE,09/2022,84,68,"80,95",67,1,"98,53",16,"19,05",1,15,"17,86"
280700,SÃO MIGUEL DO ALEIXO,SE,07/2022,65,46,"70,77",41,5,"89,13",19,"29,23",1,18,"27,69"
280700,SÃO MIGUEL DO ALEIXO,SE,11/2022,61,49,"80,33",42,7,"85,71",12,"19,67",1,11,"18,03"
280700,SÃO MIGUEL DO ALEIXO,SE,09/2022,66,48,"72,73",47,1,"97,92",18,"27,27",0,18,"27,27"
280710,SIMÃO DIAS,SE,09/2022,1260,1013,"80,40",975,38,"96,25",247,"19,60",88,159,"12,62"
280710,SIMÃO DIAS,SE,07/2022,1218,621,"50,99",590,31,"95,01",597,"49,01",322,275,"22,58"
280710,SIMÃO DIAS,SE,11/2022,1203,1009,"83,87",968,41,"95,94",194,"16,13",51,143,"11,89"
280720,SIRIRI,SE,11/2022,208,193,"92,79",193,0,"100,00",15,"7,21",1,14,"6,73"
280720,SIRIRI,SE,09/2022,218,205,"94,04",205,0,"100,00",13,"5,96",2,11,"5,05"
280720,SIRIRI,SE,07/2022,211,199,"94,31",199,0,"100,00",12,"5,69",0,12,"5,69"
280730,TELHA,SE,07/2022,80,61,"76,25",61,0,"100,00",19,"23,75",1,18,"22,50"
280730,TELHA,SE,09/2022,86,64,"74,42",64,0,"100,00",22,"25,58",0,22,"25,58"
280730,TELHA,SE,11/2022,82,61,"74,39",61,0,"100,00",21,"25,61",0,21,"25,61"
280740,TOBIAS BARRETO,SE,09/2022,1215,923,"75,97",880,43,"95,34",292,"24,03",25,267,"21,98"
280740,TOBIAS BARRETO,SE,11/2022,1207,966,"80,03",917,49,"94,93",241,"19,97",16,225,"18,64"
280740,TOBIAS BARRETO,SE,07/2022,1145,573,"50,04",550,23,"95,99",572,"49,96",8,564,"49,26"
280750,TOMAR DO GERU,SE,11/2022,342,231,"67,54",220,11,"95,24",111,"32,46",0,111,"32,46"
280750,TOMAR DO GERU,SE,09/2022,374,245,"65,51",228,17,"93,06",129,"34,49",0,129,"34,49"
280750,TOMAR DO GERU,SE,07/2022,366,235,"64,21",231,4,"98,30",131,"35,79",5,126,"34,43"
280760,UMBAÚBA,SE,11/2022,703,658,"93,60",582,76,"88,45",45,"6,40",1,44,"6,26"
280760,UMBAÚBA,SE,07/2022,697,569,"81,64",540,29,"94,90",128,"18,36",3,125,"17,93"
280760,UMBAÚBA,SE,09/2022,736,641,"87,09",555,86,"86,58",95,"12,91",2,93,"12,64"
350010,ADAMANTINA,SP,07/2022,130,126,"96,92",105,21,"83,33",4,"3,08",0,4,"3,08"
350010,ADAMANTINA,SP,09/2022,144,139,"96,53",93,46,"66,91",5,"3,47",0,5,"3,47"
350010,ADAMANTINA,SP,11/2022,145,144,"99,31",142,2,"98,61",1,"0,69",0,1,"0,69"
350020,ADOLFO,SP,11/2022,27,18,"66,67",13,5,"72,22",9,"33,33",1,8,"29,63"
350020,ADOLFO,SP,09/2022,25,17,"68,00",15,2,"88,24",8,"32,00",1,7,"28,00"
350020,ADOLFO,SP,07/2022,27,18,"66,67",18,0,"100,00",9,"33,33",2,7,"25,93"
350030,AGUAÍ,SP,07/2022,283,246,"86,93",226,20,"91,87",37,"13,07",6,31,"10,95"
350030,AGUAÍ,SP,09/2022,291,237,"81,44",143,94,"60,34",54,"18,56",4,50,"17,18"
350030,AGUAÍ,SP,11/2022,290,233,"80,34",140,93,"60,09",57,"19,66",0,57,"19,66"
350040,ÁGUAS DA PRATA,SP,11/2022,24,19,"79,17",19,0,"100,00",5,"20,83",0,5,"20,83"
350040,ÁGUAS DA PRATA,SP,09/2022,22,17,"77,27",17,0,"100,00",5,"22,73",1,4,"18,18"
350040,ÁGUAS DA PRATA,SP,07/2022,20,16,"80,00",16,0,"100,00",4,"20,00",0,4,"20,00"
350050,ÁGUAS DE LINDÓIA,SP,07/2022,53,35,"66,04",35,0,"100,00",18,"33,96",0,18,"33,96"
350050,ÁGUAS DE LINDÓIA,SP,09/2022,59,42,"71,19",42,0,"100,00",17,"28,81",0,17,"28,81"
350050,ÁGUAS DE LINDÓIA,SP,11/2022,60,44,"73,33",44,0,"100,00",16,"26,67",0,16,"26,67"
350055,ÁGUAS DE SANTA BÁRBARA,SP,11/2022,47,31,"65,96",29,2,"93,55",16,"34,04",0,16,"34,04"
350055,ÁGUAS DE SANTA BÁRBARA,SP,09/2022,49,42,"85,71",42,0,"100,00",7,"14,29",0,7,"14,29"
350055,ÁGUAS DE SANTA BÁRBARA,SP,07/2022,50,26,"52,00",25,1,"96,15",24,"48,00",16,8,"16,00"
350060,ÁGUAS DE SÃO PEDRO,SP,07/2022,16,14,"87,50",14,0,"100,00",2,"12,50",1,1,"6,25"
350060,ÁGUAS DE SÃO PEDRO,SP,09/2022,9,6,"66,67",5,1,"83,33",3,"33,33",2,1,"11,11"
350060,ÁGUAS DE SÃO PEDRO,SP,11/2022,11,10,"90,91",10,0,"100,00",1,"9,09",0,1,"9,09"
350070,AGUDOS,SP,11/2022,193,192,"99,48",155,37,"80,73",1,"0,52",0,1,"0,52"
350070,AGUDOS,SP,09/2022,180,167,"92,78",158,9,"94,61",13,"7,22",1,12,"6,67"
350070,AGUDOS,SP,07/2022,165,153,"92,73",145,8,"94,77",12,"7,27",3,9,"5,45"
350075,ALAMBARI,SP,07/2022,36,1,"2,78",1,0,"100,00",35,"97,22",32,3,"8,33"
350075,ALAMBARI,SP,09/2022,43,0,"0,00",0,0,,43,"100,00",36,7,"16,28"
350075,ALAMBARI,SP,11/2022,40,0,"0,00",0,0,,40,"100,00",33,7,"17,50"
350080,ALFREDO MARCONDES,SP,11/2022,34,25,"73,53",19,6,"76,00",9,"26,47",0,9,"26,47"
350080,ALFREDO MARCONDES,SP,09/2022,31,23,"74,19",18,5,"78,26",8,"25,81",0,8,"25,81"
350080,ALFREDO MARCONDES,SP,07/2022,28,18,"64,29",12,6,"66,67",10,"35,71",1,9,"32,14"
350090,ALTAIR,SP,07/2022,24,0,"0,00",0,0,,24,"100,00",21,3,"12,50"
350090,ALTAIR,SP,09/2022,28,25,"89,29",25,0,"100,00",3,"10,71",0,3,"10,71"
350090,ALTAIR,SP,11/2022,31,27,"87,10",24,3,"88,89",4,"12,90",0,4,"12,90"
350100,ALTINÓPOLIS,SP,11/2022,155,113,"72,90",101,12,"89,38",42,"27,10",2,40,"25,81"
350100,ALTINÓPOLIS,SP,09/2022,161,113,"70,19",88,25,"77,88",48,"29,81",2,46,"28,57"
350100,ALTINÓPOLIS,SP,07/2022,138,91,"65,94",81,10,"89,01",47,"34,06",6,41,"29,71"
350110,ALTO ALEGRE,SP,07/2022,29,25,"86,21",24,1,"96,00",4,"13,79",1,3,"10,34"
350110,ALTO ALEGRE,SP,09/2022,28,23,"82,14",14,9,"60,87",5,"17,86",0,5,"17,86"
350110,ALTO ALEGRE,SP,11/2022,26,21,"80,77",21,0,"100,00",5,"19,23",0,5,"19,23"
350115,ALUMÍNIO,SP,11/2022,96,85,"88,54",42,43,"49,41",11,"11,46",0,11,"11,46"
350115,ALUMÍNIO,SP,09/2022,107,95,"88,79",78,17,"82,11",12,"11,21",0,12,"11,21"
350115,ALUMÍNIO,SP,07/2022,99,85,"85,86",78,7,"91,76",14,"14,14",1,13,"13,13"
350120,ÁLVARES FLORENCE,SP,07/2022,20,19,"95,00",19,0,"100,00",1,"5,00",0,1,"5,00"
350120,ÁLVARES FLORENCE,SP,09/2022,18,18,"100,00",16,2,"88,89",0,"0,00",0,0,"0,00"
350120,ÁLVARES FLORENCE,SP,11/2022,18,18,"100,00",18,0,"100,00",0,"0,00",0,0,"0,00"
350130,ÁLVARES MACHADO,SP,11/2022,221,205,"92,76",173,32,"84,39",16,"7,24",8,8,"3,62"
350130,ÁLVARES MACHADO,SP,09/2022,240,204,"85,00",182,22,"89,22",36,"15,00",10,26,"10,83"
350130,ÁLVARES MACHADO,SP,07/2022,219,167,"76,26",157,10,"94,01",52,"23,74",9,43,"19,63"
350140,ÁLVARO DE CARVALHO,SP,07/2022,38,34,"89,47",22,12,"64,71",4,"10,53",0,4,"10,53"
350140,ÁLVARO DE CARVALHO,SP,09/2022,38,33,"86,84",15,18,"45,45",5,"13,16",2,3,"7,89"
350140,ÁLVARO DE CARVALHO,SP,11/2022,36,31,"86,11",20,11,"64,52",5,"13,89",1,4,"11,11"
350150,ALVINLÂNDIA,SP,11/2022,30,28,"93,33",28,0,"100,00",2,"6,67",0,2,"6,67"
350150,ALVINLÂNDIA,SP,09/2022,29,27,"93,10",25,2,"92,59",2,"6,90",0,2,"6,90"
350150,ALVINLÂNDIA,SP,07/2022,25,20,"80,00",18,2,"90,00",5,"20,00",1,4,"16,00"
350160,AMERICANA,SP,07/2022,711,626,"88,05",621,5,"99,20",85,"11,95",7,78,"10,97"
350160,AMERICANA,SP,09/2022,790,700,"88,61",536,164,"76,57",90,"11,39",5,85,"10,76"
350160,AMERICANA,SP,11/2022,789,704,"89,23",582,122,"82,67",85,"10,77",1,84,"10,65"
350170,AMÉRICO BRASILIENSE,SP,11/2022,170,155,"91,18",154,1,"99,35",15,"8,82",1,14,"8,24"
350170,AMÉRICO BRASILIENSE,SP,09/2022,175,148,"84,57",117,31,"79,05",27,"15,43",9,18,"10,29"
350170,AMÉRICO BRASILIENSE,SP,07/2022,166,128,"77,11",112,16,"87,50",38,"22,89",17,21,"12,65"
350180,AMÉRICO DE CAMPOS,SP,07/2022,40,32,"80,00",23,9,"71,88",8,"20,00",0,8,"20,00"
350180,AMÉRICO DE CAMPOS,SP,09/2022,47,38,"80,85",29,9,"76,32",9,"19,15",0,9,"19,15"
350180,AMÉRICO DE CAMPOS,SP,11/2022,44,38,"86,36",38,0,"100,00",6,"13,64",0,6,"13,64"
350190,AMPARO,SP,11/2022,237,198,"83,54",179,19,"90,40",39,"16,46",12,27,"11,39"
350190,AMPARO,SP,09/2022,221,153,"69,23",144,9,"94,12",68,"30,77",44,24,"10,86"
350190,AMPARO,SP,07/2022,198,109,"55,05",104,5,"95,41",89,"44,95",67,22,"11,11"
350200,ANALÂNDIA,SP,07/2022,35,31,"88,57",31,0,"100,00",4,"11,43",1,3,"8,57"
350200,ANALÂNDIA,SP,09/2022,38,33,"86,84",31,2,"93,94",5,"13,16",3,2,"5,26"
350200,ANALÂNDIA,SP,11/2022,39,31,"79,49",31,0,"100,00",8,"20,51",1,7,"17,95"
350210,ANDRADINA,SP,11/2022,396,299,"75,51",269,30,"89,97",97,"24,49",3,94,"23,74"
350210,ANDRADINA,SP,09/2022,384,272,"70,83",244,28,"89,71",112,"29,17",10,102,"26,56"
350210,ANDRADINA,SP,07/2022,350,252,"72,00",241,11,"95,63",98,"28,00",4,94,"26,86"
350220,ANGATUBA,SP,07/2022,131,123,"93,89",96,27,"78,05",8,"6,11",3,5,"3,82"
350220,ANGATUBA,SP,09/2022,139,133,"95,68",97,36,"72,93",6,"4,32",2,4,"2,88"
350220,ANGATUBA,SP,11/2022,153,150,"98,04",110,40,"73,33",3,"1,96",0,3,"1,96"
350230,ANHEMBI,SP,11/2022,77,49,"63,64",48,1,"97,96",28,"36,36",4,24,"31,17"
350230,ANHEMBI,SP,09/2022,77,47,"61,04",47,0,"100,00",30,"38,96",10,20,"25,97"
350230,ANHEMBI,SP,07/2022,65,42,"64,62",42,0,"100,00",23,"35,38",2,21,"32,31"
350240,ANHUMAS,SP,07/2022,22,13,"59,09",13,0,"100,00",9,"40,91",3,6,"27,27"
350240,ANHUMAS,SP,09/2022,23,15,"65,22",10,5,"66,67",8,"34,78",3,5,"21,74"
350240,ANHUMAS,SP,11/2022,25,20,"80,00",11,9,"55,00",5,"20,00",3,2,"8,00"
350250,APARECIDA,SP,11/2022,263,187,"71,10",151,36,"80,75",76,"28,90",6,70,"26,62"
350250,APARECIDA,SP,09/2022,273,198,"72,53",181,17,"91,41",75,"27,47",10,65,"23,81"
350250,APARECIDA,SP,07/2022,253,186,"73,52",175,11,"94,09",67,"26,48",17,50,"19,76"
350260,APARECIDA D´OESTE,SP,07/2022,47,0,"0,00",0,0,,47,"100,00",44,3,"6,38"
350260,APARECIDA D´OESTE,SP,09/2022,47,0,"0,00",0,0,,47,"100,00",43,4,"8,51"
350260,APARECIDA D´OESTE,SP,11/2022,45,38,"84,44",23,15,"60,53",7,"15,56",2,5,"11,11"
350270,APIAÍ,SP,11/2022,327,304,"92,97",247,57,"81,25",23,"7,03",7,16,"4,89"
350270,APIAÍ,SP,09/2022,340,242,"71,18",208,34,"85,95",98,"28,82",42,56,"16,47"
350270,APIAÍ,SP,07/2022,335,272,"81,19",231,41,"84,93",63,"18,81",7,56,"16,72"
350275,ARAÇARIGUAMA,SP,07/2022,182,145,"79,67",121,24,"83,45",37,"20,33",2,35,"19,23"
350275,ARAÇARIGUAMA,SP,09/2022,234,186,"79,49",148,38,"79,57",48,"20,51",2,46,"19,66"
350275,ARAÇARIGUAMA,SP,11/2022,233,188,"80,69",159,29,"84,57",45,"19,31",3,42,"18,03"
350280,ARAÇATUBA,SP,11/2022,893,678,"75,92",539,139,"79,50",215,"24,08",133,82,"9,18"
350280,ARAÇATUBA,SP,07/2022,839,709,"84,51",604,105,"85,19",130,"15,49",49,81,"9,65"
350280,ARAÇATUBA,SP,09/2022,907,757,"83,46",600,157,"79,26",150,"16,54",50,100,"11,03"
350290,ARAÇOIABA DA SERRA,SP,09/2022,210,137,"65,24",85,52,"62,04",73,"34,76",5,68,"32,38"
350290,ARAÇOIABA DA SERRA,SP,07/2022,172,50,"29,07",47,3,"94,00",122,"70,93",68,54,"31,40"
350290,ARAÇOIABA DA SERRA,SP,11/2022,196,169,"86,22",150,19,"88,76",27,"13,78",0,27,"13,78"
350300,ARAMINA,SP,11/2022,40,37,"92,50",27,10,"72,97",3,"7,50",0,3,"7,50"
350300,ARAMINA,SP,09/2022,36,0,"0,00",0,0,,36,"100,00",34,2,"5,56"
350300,ARAMINA,SP,07/2022,38,34,"89,47",34,0,"100,00",4,"10,53",0,4,"10,53"
350310,ARANDU,SP,07/2022,57,44,"77,19",36,8,"81,82",13,"22,81",0,13,"22,81"
350310,ARANDU,SP,09/2022,58,45,"77,59",38,7,"84,44",13,"22,41",0,13,"22,41"
350310,ARANDU,SP,11/2022,60,46,"76,67",42,4,"91,30",14,"23,33",0,14,"23,33"
350315,ARAPEÍ,SP,11/2022,36,26,"72,22",21,5,"80,77",10,"27,78",0,10,"27,78"
350315,ARAPEÍ,SP,09/2022,35,0,"0,00",0,0,,35,"100,00",28,7,"20,00"
350315,ARAPEÍ,SP,07/2022,33,26,"78,79",21,5,"80,77",7,"21,21",2,5,"15,15"
350320,ARARAQUARA,SP,09/2022,1139,875,"76,82",664,211,"75,89",264,"23,18",59,205,"18,00"
350320,ARARAQUARA,SP,07/2022,1007,827,"82,13",763,64,"92,26",180,"17,87",8,172,"17,08"
350320,ARARAQUARA,SP,11/2022,1109,1004,"90,53",956,48,"95,22",105,"9,47",3,102,"9,20"
350330,ARARAS,SP,11/2022,861,695,"80,72",565,130,"81,29",166,"19,28",31,135,"15,68"
350330,ARARAS,SP,07/2022,785,656,"83,57",542,114,"82,62",129,"16,43",41,88,"11,21"
350330,ARARAS,SP,09/2022,884,723,"81,79",618,105,"85,48",161,"18,21",29,132,"14,93"
350335,ARCO-ÍRIS,SP,07/2022,20,15,"75,00",15,0,"100,00",5,"25,00",0,5,"25,00"
350335,ARCO-ÍRIS,SP,09/2022,27,20,"74,07",13,7,"65,00",7,"25,93",1,6,"22,22"
350335,ARCO-ÍRIS,SP,11/2022,24,19,"79,17",16,3,"84,21",5,"20,83",0,5,"20,83"
350340,AREALVA,SP,11/2022,66,48,"72,73",45,3,"93,75",18,"27,27",0,18,"27,27"
350340,AREALVA,SP,09/2022,62,44,"70,97",32,12,"72,73",18,"29,03",0,18,"29,03"
350340,AREALVA,SP,07/2022,55,1,"1,82",1,0,"100,00",54,"98,18",31,23,"41,82"
350350,AREIAS,SP,09/2022,76,72,"94,74",59,13,"81,94",4,"5,26",1,3,"3,95"
350350,AREIAS,SP,07/2022,65,59,"90,77",44,15,"74,58",6,"9,23",2,4,"6,15"
350350,AREIAS,SP,11/2022,75,70,"93,33",70,0,"100,00",5,"6,67",0,5,"6,67"
350360,AREIÓPOLIS,SP,11/2022,78,66,"84,62",61,5,"92,42",12,"15,38",0,12,"15,38"
350360,AREIÓPOLIS,SP,09/2022,83,65,"78,31",61,4,"93,85",18,"21,69",0,18,"21,69"
350360,AREIÓPOLIS,SP,07/2022,80,59,"73,75",46,13,"77,97",21,"26,25",1,20,"25,00"
350370,ARIRANHA,SP,07/2022,38,33,"86,84",25,8,"75,76",5,"13,16",0,5,"13,16"
350370,ARIRANHA,SP,09/2022,43,36,"83,72",28,8,"77,78",7,"16,28",1,6,"13,95"
350370,ARIRANHA,SP,11/2022,36,30,"83,33",30,0,"100,00",6,"16,67",0,6,"16,67"
350380,ARTUR NOGUEIRA,SP,11/2022,316,258,"81,65",246,12,"95,35",58,"18,35",1,57,"18,04"
350380,ARTUR NOGUEIRA,SP,07/2022,261,214,"81,99",213,1,"99,53",47,"18,01",0,47,"18,01"
350380,ARTUR NOGUEIRA,SP,09/2022,302,245,"81,13",228,17,"93,06",57,"18,87",2,55,"18,21"
350390,ARUJÁ,SP,07/2022,815,1,"0,12",1,0,"100,00",814,"99,88",693,121,"14,85"
350390,ARUJÁ,SP,09/2022,930,154,"16,56",148,6,"96,10",776,"83,44",643,133,"14,30"
350390,ARUJÁ,SP,11/2022,932,582,"62,45",466,116,"80,07",350,"37,55",231,119,"12,77"
350395,ASPÁSIA,SP,11/2022,15,14,"93,33",13,1,"92,86",1,"6,67",0,1,"6,67"
350395,ASPÁSIA,SP,07/2022,17,14,"82,35",9,5,"64,29",3,"17,65",0,3,"17,65"
350395,ASPÁSIA,SP,09/2022,18,12,"66,67",11,1,"91,67",6,"33,33",0,6,"33,33"
350400,ASSIS,SP,07/2022,464,362,"78,02",292,70,"80,66",102,"21,98",70,32,"6,90"
350400,ASSIS,SP,09/2022,497,437,"87,93",281,156,"64,30",60,"12,07",16,44,"8,85"
350400,ASSIS,SP,11/2022,508,405,"79,72",317,88,"78,27",103,"20,28",55,48,"9,45"
350410,ATIBAIA,SP,11/2022,820,717,"87,44",554,163,"77,27",103,"12,56",10,93,"11,34"
350410,ATIBAIA,SP,07/2022,758,650,"85,75",436,214,"67,08",108,"14,25",23,85,"11,21"
350410,ATIBAIA,SP,09/2022,821,706,"85,99",465,241,"65,86",115,"14,01",12,103,"12,55"
350420,AURIFLAMA,SP,07/2022,37,30,"81,08",12,18,"40,00",7,"18,92",0,7,"18,92"
350420,AURIFLAMA,SP,09/2022,37,33,"89,19",18,15,"54,55",4,"10,81",1,3,"8,11"
350420,AURIFLAMA,SP,11/2022,40,37,"92,50",30,7,"81,08",3,"7,50",0,3,"7,50"
350430,AVAÍ,SP,11/2022,37,34,"91,89",33,1,"97,06",3,"8,11",0,3,"8,11"
350430,AVAÍ,SP,07/2022,33,28,"84,85",25,3,"89,29",5,"15,15",1,4,"12,12"
350430,AVAÍ,SP,09/2022,38,33,"86,84",29,4,"87,88",5,"13,16",2,3,"7,89"
350440,AVANHANDAVA,SP,09/2022,158,108,"68,35",102,6,"94,44",50,"31,65",0,50,"31,65"
350440,AVANHANDAVA,SP,07/2022,139,91,"65,47",91,0,"100,00",48,"34,53",0,48,"34,53"
350440,AVANHANDAVA,SP,11/2022,164,111,"67,68",85,26,"76,58",53,"32,32",0,53,"32,32"
350450,AVARÉ,SP,11/2022,565,504,"89,20",399,105,"79,17",61,"10,80",4,57,"10,09"
350450,AVARÉ,SP,09/2022,565,540,"95,58",374,166,"69,26",25,"4,42",4,21,"3,72"
350450,AVARÉ,SP,07/2022,485,423,"87,22",392,31,"92,67",62,"12,78",4,58,"11,96"
350460,BADY BASSITT,SP,07/2022,58,46,"79,31",38,8,"82,61",12,"20,69",2,10,"17,24"
350460,BADY BASSITT,SP,09/2022,78,68,"87,18",50,18,"73,53",10,"12,82",2,8,"10,26"
350460,BADY BASSITT,SP,11/2022,80,69,"86,25",56,13,"81,16",11,"13,75",3,8,"10,00"
350470,BALBINOS,SP,11/2022,15,14,"93,33",13,1,"92,86",1,"6,67",0,1,"6,67"
350470,BALBINOS,SP,09/2022,15,13,"86,67",13,0,"100,00",2,"13,33",0,2,"13,33"
350470,BALBINOS,SP,07/2022,18,12,"66,67",12,0,"100,00",6,"33,33",1,5,"27,78"
350480,BÁLSAMO,SP,07/2022,43,40,"93,02",40,0,"100,00",3,"6,98",0,3,"6,98"
350480,BÁLSAMO,SP,09/2022,52,48,"92,31",48,0,"100,00",4,"7,69",0,4,"7,69"
350480,BÁLSAMO,SP,11/2022,49,42,"85,71",37,5,"88,10",7,"14,29",1,6,"12,24"
350490,BANANAL,SP,11/2022,129,108,"83,72",102,6,"94,44",21,"16,28",3,18,"13,95"
350490,BANANAL,SP,07/2022,117,94,"80,34",88,6,"93,62",23,"19,66",13,10,"8,55"
350490,BANANAL,SP,09/2022,125,97,"77,60",89,8,"91,75",28,"22,40",10,18,"14,40"
350500,BARÃO DE ANTONINA,SP,07/2022,24,22,"91,67",18,4,"81,82",2,"8,33",0,2,"8,33"
350500,BARÃO DE ANTONINA,SP,09/2022,22,21,"95,45",10,11,"47,62",1,"4,55",0,1,"4,55"
350500,BARÃO DE ANTONINA,SP,11/2022,21,20,"95,24",7,13,"35,00",1,"4,76",1,0,"0,00"
350510,BARBOSA,SP,11/2022,63,52,"82,54",45,7,"86,54",11,"17,46",0,11,"17,46"
350510,BARBOSA,SP,09/2022,65,55,"84,62",48,7,"87,27",10,"15,38",1,9,"13,85"
350510,BARBOSA,SP,07/2022,55,47,"85,45",36,11,"76,60",8,"14,55",1,7,"12,73"
350520,BARIRI,SP,07/2022,177,111,"62,71",96,15,"86,49",66,"37,29",7,59,"33,33"
350520,BARIRI,SP,09/2022,181,50,"27,62",35,15,"70,00",131,"72,38",74,57,"31,49"
350520,BARIRI,SP,11/2022,179,128,"71,51",103,25,"80,47",51,"28,49",2,49,"27,37"
350530,BARRA BONITA,SP,11/2022,226,200,"88,50",183,17,"91,50",26,"11,50",0,26,"11,50"
350530,BARRA BONITA,SP,09/2022,236,209,"88,56",184,25,"88,04",27,"11,44",1,26,"11,02"
350530,BARRA BONITA,SP,07/2022,208,188,"90,38",173,15,"92,02",20,"9,62",4,16,"7,69"
350535,BARRA DO CHAPÉU,SP,07/2022,124,111,"89,52",111,0,"100,00",13,"10,48",1,12,"9,68"
350535,BARRA DO CHAPÉU,SP,09/2022,145,129,"88,97",129,0,"100,00",16,"11,03",1,15,"10,34"
350535,BARRA DO CHAPÉU,SP,11/2022,145,131,"90,34",131,0,"100,00",14,"9,66",0,14,"9,66"
350540,BARRA DO TURVO,SP,11/2022,138,109,"78,99",98,11,"89,91",29,"21,01",0,29,"21,01"
350540,BARRA DO TURVO,SP,09/2022,153,117,"76,47",96,21,"82,05",36,"23,53",7,29,"18,95"
350540,BARRA DO TURVO,SP,07/2022,141,100,"70,92",85,15,"85,00",41,"29,08",18,23,"16,31"
350550,BARRETOS,SP,07/2022,507,387,"76,33",278,109,"71,83",120,"23,67",23,97,"19,13"
350550,BARRETOS,SP,09/2022,573,437,"76,27",314,123,"71,85",136,"23,73",23,113,"19,72"
350550,BARRETOS,SP,11/2022,579,455,"78,58",374,81,"82,20",124,"21,42",16,108,"18,65"
350560,BARRINHA,SP,11/2022,362,302,"83,43",258,44,"85,43",60,"16,57",7,53,"14,64"
350560,BARRINHA,SP,09/2022,365,301,"82,47",270,31,"89,70",64,"17,53",13,51,"13,97"
350560,BARRINHA,SP,07/2022,323,272,"84,21",232,40,"85,29",51,"15,79",7,44,"13,62"
350570,BARUERI,SP,07/2022,2354,1886,"80,12",1822,64,"96,61",468,"19,88",21,447,"18,99"
350570,BARUERI,SP,09/2022,2694,1839,"68,26",1597,242,"86,84",855,"31,74",307,548,"20,34"
350570,BARUERI,SP,11/2022,2738,2146,"78,38",1968,178,"91,71",592,"21,62",14,578,"21,11"
350580,BASTOS,SP,11/2022,87,80,"91,95",59,21,"73,75",7,"8,05",0,7,"8,05"
350580,BASTOS,SP,09/2022,88,81,"92,05",33,48,"40,74",7,"7,95",0,7,"7,95"
350580,BASTOS,SP,07/2022,84,72,"85,71",27,45,"37,50",12,"14,29",0,12,"14,29"
350590,BATATAIS,SP,09/2022,388,326,"84,02",233,93,"71,47",62,"15,98",2,60,"15,46"
350590,BATATAIS,SP,07/2022,360,196,"54,44",158,38,"80,61",164,"45,56",107,57,"15,83"
350590,BATATAIS,SP,11/2022,349,289,"82,81",213,76,"73,70",60,"17,19",2,58,"16,62"
350600,BAURU,SP,11/2022,1661,1614,"97,17",1499,115,"92,87",47,"2,83",4,43,"2,59"
350600,BAURU,SP,09/2022,1812,1786,"98,57",1677,109,"93,90",26,"1,43",7,19,"1,05"
350600,BAURU,SP,07/2022,1658,1544,"93,12",1378,166,"89,25",114,"6,88",52,62,"3,74"
350610,BEBEDOURO,SP,09/2022,551,433,"78,58",237,196,"54,73",118,"21,42",63,55,"9,98"
350610,BEBEDOURO,SP,07/2022,500,406,"81,20",249,157,"61,33",94,"18,80",7,87,"17,40"
350610,BEBEDOURO,SP,11/2022,513,452,"88,11",252,200,"55,75",61,"11,89",10,51,"9,94"
350620,BENTO DE ABREU,SP,11/2022,16,13,"81,25",8,5,"61,54",3,"18,75",2,1,"6,25"
350620,BENTO DE ABREU,SP,07/2022,13,9,"69,23",5,4,"55,56",4,"30,77",0,4,"30,77"
350620,BENTO DE ABREU,SP,09/2022,14,12,"85,71",6,6,"50,00",2,"14,29",1,1,"7,14"
350630,BERNARDINO DE CAMPOS,SP,09/2022,98,84,"85,71",54,30,"64,29",14,"14,29",2,12,"12,24"
350630,BERNARDINO DE CAMPOS,SP,07/2022,80,68,"85,00",52,16,"76,47",12,"15,00",2,10,"12,50"
350630,BERNARDINO DE CAMPOS,SP,11/2022,89,80,"89,89",52,28,"65,00",9,"10,11",0,9,"10,11"
350635,BERTIOGA,SP,11/2022,871,554,"63,61",371,183,"66,97",317,"36,39",17,300,"34,44"
350635,BERTIOGA,SP,07/2022,752,448,"59,57",321,127,"71,65",304,"40,43",21,283,"37,63"
350635,BERTIOGA,SP,09/2022,854,511,"59,84",326,185,"63,80",343,"40,16",38,305,"35,71"
350640,BILAC,SP,07/2022,26,22,"84,62",22,0,"100,00",4,"15,38",0,4,"15,38"
350640,BILAC,SP,09/2022,25,22,"88,00",19,3,"86,36",3,"12,00",0,3,"12,00"
350640,BILAC,SP,11/2022,24,21,"87,50",19,2,"90,48",3,"12,50",0,3,"12,50"
350650,BIRIGUI,SP,11/2022,550,476,"86,55",392,84,"82,35",74,"13,45",2,72,"13,09"
350650,BIRIGUI,SP,09/2022,551,469,"85,12",365,104,"77,83",82,"14,88",7,75,"13,61"
350650,BIRIGUI,SP,07/2022,500,424,"84,80",325,99,"76,65",76,"15,20",15,61,"12,20"
350660,BIRITIBA-MIRIM,SP,07/2022,338,243,"71,89",217,26,"89,30",95,"28,11",49,46,"13,61"
350660,BIRITIBA-MIRIM,SP,09/2022,372,315,"84,68",305,10,"96,83",57,"15,32",17,40,"10,75"
350660,BIRITIBA-MIRIM,SP,11/2022,361,318,"88,09",317,1,"99,69",43,"11,91",2,41,"11,36"
350670,BOA ESPERANÇA DO SUL,SP,11/2022,143,8,"5,59",4,4,"50,00",135,"94,41",114,21,"14,69"
350670,BOA ESPERANÇA DO SUL,SP,09/2022,149,128,"85,91",116,12,"90,63",21,"14,09",2,19,"12,75"
350670,BOA ESPERANÇA DO SUL,SP,07/2022,142,121,"85,21",115,6,"95,04",21,"14,79",2,19,"13,38"
350680,BOCAINA,SP,07/2022,57,53,"92,98",36,17,"67,92",4,"7,02",1,3,"5,26"
350680,BOCAINA,SP,09/2022,64,56,"87,50",13,43,"23,21",8,"12,50",0,8,"12,50"
350680,BOCAINA,SP,11/2022,66,60,"90,91",22,38,"36,67",6,"9,09",0,6,"9,09"
350690,BOFETE,SP,11/2022,85,72,"84,71",72,0,"100,00",13,"15,29",3,10,"11,76"
350690,BOFETE,SP,09/2022,87,72,"82,76",72,0,"100,00",15,"17,24",5,10,"11,49"
350690,BOFETE,SP,07/2022,83,33,"39,76",33,0,"100,00",50,"60,24",37,13,"15,66"
350700,BOITUVA,SP,07/2022,356,248,"69,66",246,2,"99,19",108,"30,34",3,105,"29,49"
350700,BOITUVA,SP,09/2022,395,275,"69,62",268,7,"97,45",120,"30,38",1,119,"30,13"
350700,BOITUVA,SP,11/2022,397,278,"70,03",228,50,"82,01",119,"29,97",2,117,"29,47"
350710,BOM JESUS DOS PERDÕES,SP,11/2022,242,124,"51,24",108,16,"87,10",118,"48,76",81,37,"15,29"
350710,BOM JESUS DOS PERDÕES,SP,07/2022,227,123,"54,19",70,53,"56,91",104,"45,81",75,29,"12,78"
350710,BOM JESUS DOS PERDÕES,SP,09/2022,252,134,"53,17",58,76,"43,28",118,"46,83",82,36,"14,29"
350715,BOM SUCESSO DE ITARARÉ,SP,09/2022,66,52,"78,79",28,24,"53,85",14,"21,21",1,13,"19,70"
350715,BOM SUCESSO DE ITARARÉ,SP,07/2022,66,52,"78,79",46,6,"88,46",14,"21,21",0,14,"21,21"
350715,BOM SUCESSO DE ITARARÉ,SP,11/2022,64,53,"82,81",44,9,"83,02",11,"17,19",0,11,"17,19"
350720,BORÁ,SP,11/2022,12,12,"100,00",12,0,"100,00",0,"0,00",0,0,"0,00"
350720,BORÁ,SP,07/2022,8,0,"0,00",0,0,,8,"100,00",7,1,"12,50"
350720,BORÁ,SP,09/2022,10,10,"100,00",10,0,"100,00",0,"0,00",0,0,"0,00"
350730,BORACÉIA,SP,07/2022,44,35,"79,55",35,0,"100,00",9,"20,45",1,8,"18,18"
350730,BORACÉIA,SP,09/2022,45,37,"82,22",37,0,"100,00",8,"17,78",1,7,"15,56"
350730,BORACÉIA,SP,11/2022,53,44,"83,02",44,0,"100,00",9,"16,98",1,8,"15,09"
350740,BORBOREMA,SP,11/2022,76,72,"94,74",69,3,"95,83",4,"5,26",0,4,"5,26"
350740,BORBOREMA,SP,09/2022,76,69,"90,79",53,16,"76,81",7,"9,21",1,6,"7,89"
350740,BORBOREMA,SP,07/2022,72,59,"81,94",42,17,"71,19",13,"18,06",1,12,"16,67"
350745,BOREBI,SP,07/2022,18,16,"88,89",16,0,"100,00",2,"11,11",0,2,"11,11"
350745,BOREBI,SP,09/2022,24,22,"91,67",19,3,"86,36",2,"8,33",0,2,"8,33"
350745,BOREBI,SP,11/2022,23,21,"91,30",19,2,"90,48",2,"8,70",0,2,"8,70"
350750,BOTUCATU,SP,11/2022,791,316,"39,95",275,41,"87,03",475,"60,05",439,36,"4,55"
350750,BOTUCATU,SP,09/2022,800,325,"40,63",254,71,"78,15",475,"59,38",410,65,"8,13"
350750,BOTUCATU,SP,07/2022,749,250,"33,38",191,59,"76,40",499,"66,62",430,69,"9,21"
350760,BRAGANÇA PAULISTA,SP,09/2022,997,953,"95,59",643,310,"67,47",44,"4,41",6,38,"3,81"
350760,BRAGANÇA PAULISTA,SP,07/2022,861,806,"93,61",611,195,"75,81",55,"6,39",12,43,"4,99"
350760,BRAGANÇA PAULISTA,SP,11/2022,1041,990,"95,10",745,245,"75,25",51,"4,90",15,36,"3,46"
350770,BRAÚNA,SP,11/2022,65,53,"81,54",31,22,"58,49",12,"18,46",0,12,"18,46"
350770,BRAÚNA,SP,09/2022,55,44,"80,00",24,20,"54,55",11,"20,00",0,11,"20,00"
350770,BRAÚNA,SP,07/2022,51,40,"78,43",24,16,"60,00",11,"21,57",1,10,"19,61"
350775,BREJO ALEGRE,SP,07/2022,30,26,"86,67",18,8,"69,23",4,"13,33",0,4,"13,33"
350775,BREJO ALEGRE,SP,09/2022,32,28,"87,50",8,20,"28,57",4,"12,50",0,4,"12,50"
350775,BREJO ALEGRE,SP,11/2022,38,36,"94,74",20,16,"55,56",2,"5,26",1,1,"2,63"
350780,BRODOWSKI,SP,11/2022,150,129,"86,00",84,45,"65,12",21,"14,00",0,21,"14,00"
350780,BRODOWSKI,SP,07/2022,139,120,"86,33",93,27,"77,50",19,"13,67",4,15,"10,79"
350780,BRODOWSKI,SP,09/2022,162,150,"92,59",73,77,"48,67",12,"7,41",5,7,"4,32"
350790,BROTAS,SP,07/2022,100,78,"78,00",71,7,"91,03",22,"22,00",1,21,"21,00"
350790,BROTAS,SP,09/2022,99,96,"96,97",70,26,"72,92",3,"3,03",3,0,"0,00"
350790,BROTAS,SP,11/2022,100,84,"84,00",71,13,"84,52",16,"16,00",1,15,"15,00"
350800,BURI,SP,11/2022,326,273,"83,74",126,147,"46,15",53,"16,26",0,53,"16,26"
350800,BURI,SP,09/2022,349,265,"75,93",121,144,"45,66",84,"24,07",3,81,"23,21"
350800,BURI,SP,07/2022,324,238,"73,46",162,76,"68,07",86,"26,54",2,84,"25,93"
350810,BURITAMA,SP,09/2022,170,128,"75,29",119,9,"92,97",42,"24,71",3,39,"22,94"
350810,BURITAMA,SP,07/2022,156,114,"73,08",100,14,"87,72",42,"26,92",3,39,"25,00"
350810,BURITAMA,SP,11/2022,166,133,"80,12",122,11,"91,73",33,"19,88",0,33,"19,88"
350820,BURITIZAL,SP,11/2022,37,27,"72,97",25,2,"92,59",10,"27,03",0,10,"27,03"
350820,BURITIZAL,SP,07/2022,30,21,"70,00",8,13,"38,10",9,"30,00",0,9,"30,00"
350820,BURITIZAL,SP,09/2022,35,24,"68,57",13,11,"54,17",11,"31,43",0,11,"31,43"
350830,CABRÁLIA PAULISTA,SP,07/2022,42,37,"88,10",37,0,"100,00",5,"11,90",0,5,"11,90"
350830,CABRÁLIA PAULISTA,SP,09/2022,44,39,"88,64",37,2,"94,87",5,"11,36",0,5,"11,36"
350830,CABRÁLIA PAULISTA,SP,11/2022,52,48,"92,31",41,7,"85,42",4,"7,69",0,4,"7,69"
350840,CABREÚVA,SP,11/2022,281,242,"86,12",203,39,"83,88",39,"13,88",6,33,"11,74"
350840,CABREÚVA,SP,09/2022,281,215,"76,51",178,37,"82,79",66,"23,49",43,23,"8,19"
350840,CABREÚVA,SP,07/2022,245,204,"83,27",176,28,"86,27",41,"16,73",7,34,"13,88"
350850,CAÇAPAVA,SP,09/2022,666,469,"70,42",469,0,"100,00",197,"29,58",5,192,"28,83"
350850,CAÇAPAVA,SP,07/2022,642,447,"69,63",447,0,"100,00",195,"30,37",3,192,"29,91"
350850,CAÇAPAVA,SP,11/2022,664,491,"73,95",491,0,"100,00",173,"26,05",2,171,"25,75"
350860,CACHOEIRA PAULISTA,SP,11/2022,388,365,"94,07",365,0,"100,00",23,"5,93",3,20,"5,15"
350860,CACHOEIRA PAULISTA,SP,09/2022,418,390,"93,30",390,0,"100,00",28,"6,70",6,22,"5,26"
350860,CACHOEIRA PAULISTA,SP,07/2022,390,373,"95,64",373,0,"100,00",17,"4,36",2,15,"3,85"
350870,CACONDE,SP,07/2022,251,232,"92,43",232,0,"100,00",19,"7,57",1,18,"7,17"
350870,CACONDE,SP,09/2022,258,123,"47,67",97,26,"78,86",135,"52,33",114,21,"8,14"
350870,CACONDE,SP,11/2022,226,136,"60,18",123,13,"90,44",90,"39,82",66,24,"10,62"
350880,CAFELÂNDIA,SP,11/2022,104,96,"92,31",72,24,"75,00",8,"7,69",3,5,"4,81"
350880,CAFELÂNDIA,SP,09/2022,117,108,"92,31",92,16,"85,19",9,"7,69",4,5,"4,27"
350880,CAFELÂNDIA,SP,07/2022,92,87,"94,57",62,25,"71,26",5,"5,43",2,3,"3,26"
350890,CAIABU,SP,07/2022,25,20,"80,00",11,9,"55,00",5,"20,00",1,4,"16,00"
350890,CAIABU,SP,09/2022,23,19,"82,61",19,0,"100,00",4,"17,39",0,4,"17,39"
350890,CAIABU,SP,11/2022,20,15,"75,00",12,3,"80,00",5,"25,00",0,5,"25,00"
350900,CAIEIRAS,SP,11/2022,668,643,"96,26",634,9,"98,60",25,"3,74",4,21,"3,14"
350900,CAIEIRAS,SP,07/2022,540,485,"89,81",485,0,"100,00",55,"10,19",1,54,"10,00"
350900,CAIEIRAS,SP,09/2022,651,623,"95,70",610,13,"97,91",28,"4,30",2,26,"3,99"
350910,CAIUÁ,SP,07/2022,59,52,"88,14",52,0,"100,00",7,"11,86",0,7,"11,86"
350910,CAIUÁ,SP,09/2022,74,60,"81,08",60,0,"100,00",14,"18,92",3,11,"14,86"
350910,CAIUÁ,SP,11/2022,82,73,"89,02",73,0,"100,00",9,"10,98",2,7,"8,54"
350920,CAJAMAR,SP,11/2022,996,771,"77,41",557,214,"72,24",225,"22,59",30,195,"19,58"
350920,CAJAMAR,SP,09/2022,1005,558,"55,52",386,172,"69,18",447,"44,48",274,173,"17,21"
350920,CAJAMAR,SP,07/2022,871,320,"36,74",278,42,"86,88",551,"63,26",393,158,"18,14"
350925,CAJATI,SP,07/2022,288,157,"54,51",157,0,"100,00",131,"45,49",90,41,"14,24"
350925,CAJATI,SP,09/2022,292,215,"73,63",161,54,"74,88",77,"26,37",8,69,"23,63"
350925,CAJATI,SP,11/2022,282,210,"74,47",171,39,"81,43",72,"25,53",3,69,"24,47"
350930,CAJOBI,SP,11/2022,76,56,"73,68",46,10,"82,14",20,"26,32",4,16,"21,05"
350930,CAJOBI,SP,07/2022,66,31,"46,97",31,0,"100,00",35,"53,03",0,35,"53,03"
350930,CAJOBI,SP,09/2022,77,40,"51,95",36,4,"90,00",37,"48,05",0,37,"48,05"
350940,CAJURU,SP,09/2022,193,184,"95,34",122,62,"66,30",9,"4,66",1,8,"4,15"
350940,CAJURU,SP,07/2022,178,169,"94,94",126,43,"74,56",9,"5,06",4,5,"2,81"
350940,CAJURU,SP,11/2022,202,196,"97,03",123,73,"62,76",6,"2,97",1,5,"2,48"
350945,CAMPINA DO MONTE ALEGRE,SP,11/2022,71,59,"83,10",51,8,"86,44",12,"16,90",0,12,"16,90"
350945,CAMPINA DO MONTE ALEGRE,SP,07/2022,69,57,"82,61",57,0,"100,00",12,"17,39",0,12,"17,39"
350945,CAMPINA DO MONTE ALEGRE,SP,09/2022,73,56,"76,71",49,7,"87,50",17,"23,29",6,11,"15,07"
350950,CAMPINAS,SP,09/2022,6553,5407,"82,51",4634,773,"85,70",1146,"17,49",1118,28,"0,43"
350950,CAMPINAS,SP,07/2022,6089,6034,"99,10",5543,491,"91,86",55,"0,90",37,18,"0,30"
350950,CAMPINAS,SP,11/2022,6398,6314,"98,69",5731,583,"90,77",84,"1,31",19,65,"1,02"
350960,CAMPO LIMPO PAULISTA,SP,11/2022,508,492,"96,85",492,0,"100,00",16,"3,15",2,14,"2,76"
350960,CAMPO LIMPO PAULISTA,SP,07/2022,483,476,"98,55",476,0,"100,00",7,"1,45",2,5,"1,04"
350960,CAMPO LIMPO PAULISTA,SP,09/2022,537,528,"98,32",528,0,"100,00",9,"1,68",1,8,"1,49"
350970,CAMPOS DO JORDÃO,SP,07/2022,254,206,"81,10",171,35,"83,01",48,"18,90",3,45,"17,72"
350970,CAMPOS DO JORDÃO,SP,09/2022,283,223,"78,80",133,90,"59,64",60,"21,20",5,55,"19,43"
350970,CAMPOS DO JORDÃO,SP,11/2022,283,228,"80,57",146,82,"64,04",55,"19,43",0,55,"19,43"
350980,CAMPOS NOVOS PAULISTA,SP,11/2022,62,39,"62,90",24,15,"61,54",23,"37,10",7,16,"25,81"
350980,CAMPOS NOVOS PAULISTA,SP,07/2022,56,0,"0,00",0,0,,56,"100,00",46,10,"17,86"
350980,CAMPOS NOVOS PAULISTA,SP,09/2022,64,6,"9,38",1,5,"16,67",58,"90,63",43,15,"23,44"
350990,CANANÉIA,SP,09/2022,178,141,"79,21",78,63,"55,32",37,"20,79",6,31,"17,42"
350990,CANANÉIA,SP,07/2022,174,143,"82,18",88,55,"61,54",31,"17,82",4,27,"15,52"
350990,CANANÉIA,SP,11/2022,163,137,"84,05",69,68,"50,36",26,"15,95",2,24,"14,72"
350995,CANAS,SP,11/2022,75,64,"85,33",36,28,"56,25",11,"14,67",1,10,"13,33"
350995,CANAS,SP,07/2022,65,45,"69,23",11,34,"24,44",20,"30,77",14,6,"9,23"
350995,CANAS,SP,09/2022,75,54,"72,00",23,31,"42,59",21,"28,00",11,10,"13,33"
351000,CÂNDIDO MOTA,SP,07/2022,186,160,"86,02",144,16,"90,00",26,"13,98",3,23,"12,37"
351000,CÂNDIDO MOTA,SP,09/2022,184,131,"71,20",121,10,"92,37",53,"28,80",23,30,"16,30"
351000,CÂNDIDO MOTA,SP,11/2022,196,178,"90,82",155,23,"87,08",18,"9,18",5,13,"6,63"
351010,CÂNDIDO RODRIGUES,SP,11/2022,20,17,"85,00",14,3,"82,35",3,"15,00",1,2,"10,00"
351010,CÂNDIDO RODRIGUES,SP,09/2022,20,16,"80,00",14,2,"87,50",4,"20,00",0,4,"20,00"
351010,CÂNDIDO RODRIGUES,SP,07/2022,17,16,"94,12",13,3,"81,25",1,"5,88",0,1,"5,88"
351015,CANITAR,SP,07/2022,57,9,"15,79",9,0,"100,00",48,"84,21",45,3,"5,26"
351015,CANITAR,SP,09/2022,64,15,"23,44",15,0,"100,00",49,"76,56",46,3,"4,69"
351015,CANITAR,SP,11/2022,56,5,"8,93",5,0,"100,00",51,"91,07",48,3,"5,36"
351020,CAPÃO BONITO,SP,11/2022,696,622,"89,37",589,33,"94,69",74,"10,63",13,61,"8,76"
351020,CAPÃO BONITO,SP,07/2022,704,571,"81,11",503,68,"88,09",133,"18,89",14,119,"16,90"
351020,CAPÃO BONITO,SP,09/2022,739,593,"80,24",541,52,"91,23",146,"19,76",18,128,"17,32"
351030,CAPELA DO ALTO,SP,09/2022,264,259,"98,11",243,16,"93,82",5,"1,89",2,3,"1,14"
351030,CAPELA DO ALTO,SP,07/2022,236,8,"3,39",8,0,"100,00",228,"96,61",191,37,"15,68"
351030,CAPELA DO ALTO,SP,11/2022,265,251,"94,72",181,70,"72,11",14,"5,28",0,14,"5,28"
351040,CAPIVARI,SP,11/2022,438,379,"86,53",244,135,"64,38",59,"13,47",1,58,"13,24"
351040,CAPIVARI,SP,07/2022,392,339,"86,48",239,100,"70,50",53,"13,52",1,52,"13,27"
351040,CAPIVARI,SP,09/2022,440,381,"86,59",215,166,"56,43",59,"13,41",0,59,"13,41"
351050,CARAGUATATUBA,SP,09/2022,1296,1242,"95,83",1230,12,"99,03",54,"4,17",16,38,"2,93"
351050,CARAGUATATUBA,SP,07/2022,1099,238,"21,66",204,34,"85,71",861,"78,34",560,301,"27,39"
351050,CARAGUATATUBA,SP,11/2022,1303,1141,"87,57",1123,18,"98,42",162,"12,43",106,56,"4,30"
351060,CARAPICUÍBA,SP,11/2022,3865,2636,"68,20",2374,262,"90,06",1229,"31,80",65,1164,"30,12"
351060,CARAPICUÍBA,SP,09/2022,3967,2640,"66,55",2293,347,"86,86",1327,"33,45",99,1228,"30,96"
351060,CARAPICUÍBA,SP,07/2022,3698,2369,"64,06",2117,252,"89,36",1329,"35,94",222,1107,"29,94"
351070,CARDOSO,SP,07/2022,57,41,"71,93",39,2,"95,12",16,"28,07",0,16,"28,07"
351070,CARDOSO,SP,09/2022,63,45,"71,43",38,7,"84,44",18,"28,57",3,15,"23,81"
351070,CARDOSO,SP,11/2022,59,47,"79,66",40,7,"85,11",12,"20,34",0,12,"20,34"
351080,CASA BRANCA,SP,11/2022,242,203,"83,88",158,45,"77,83",39,"16,12",3,36,"14,88"
351080,CASA BRANCA,SP,09/2022,237,166,"70,04",123,43,"74,10",71,"29,96",35,36,"15,19"
351080,CASA BRANCA,SP,07/2022,229,70,"30,57",44,26,"62,86",159,"69,43",125,34,"14,85"
351090,CÁSSIA DOS COQUEIROS,SP,07/2022,28,22,"78,57",20,2,"90,91",6,"21,43",0,6,"21,43"
351090,CÁSSIA DOS COQUEIROS,SP,09/2022,27,19,"70,37",18,1,"94,74",8,"29,63",3,5,"18,52"
351090,CÁSSIA DOS COQUEIROS,SP,11/2022,21,20,"95,24",18,2,"90,00",1,"4,76",0,1,"4,76"
351100,CASTILHO,SP,11/2022,166,112,"67,47",102,10,"91,07",54,"32,53",0,54,"32,53"
351100,CASTILHO,SP,09/2022,160,107,"66,88",95,12,"88,79",53,"33,13",1,52,"32,50"
351100,CASTILHO,SP,07/2022,144,92,"63,89",91,1,"98,91",52,"36,11",4,48,"33,33"
351110,CATANDUVA,SP,07/2022,405,328,"80,99",260,68,"79,27",77,"19,01",4,73,"18,02"
351110,CATANDUVA,SP,09/2022,437,367,"83,98",263,104,"71,66",70,"16,02",6,64,"14,65"
351110,CATANDUVA,SP,11/2022,438,367,"83,79",252,115,"68,66",71,"16,21",2,69,"15,75"
351120,CATIGUÁ,SP,11/2022,34,30,"88,24",26,4,"86,67",4,"11,76",0,4,"11,76"
351120,CATIGUÁ,SP,07/2022,31,29,"93,55",26,3,"89,66",2,"6,45",0,2,"6,45"
351120,CATIGUÁ,SP,09/2022,34,29,"85,29",23,6,"79,31",5,"14,71",1,4,"11,76"
351130,CEDRAL,SP,09/2022,37,28,"75,68",21,7,"75,00",9,"24,32",2,7,"18,92"
351130,CEDRAL,SP,07/2022,34,27,"79,41",22,5,"81,48",7,"20,59",2,5,"14,71"
351130,CEDRAL,SP,11/2022,30,19,"63,33",16,3,"84,21",11,"36,67",1,10,"33,33"
351140,CERQUEIRA CÉSAR,SP,11/2022,154,150,"97,40",138,12,"92,00",4,"2,60",1,3,"1,95"
351140,CERQUEIRA CÉSAR,SP,09/2022,162,131,"80,86",117,14,"89,31",31,"19,14",0,31,"19,14"
351140,CERQUEIRA CÉSAR,SP,07/2022,144,117,"81,25",107,10,"91,45",27,"18,75",2,25,"17,36"
351150,CERQUILHO,SP,07/2022,150,120,"80,00",85,35,"70,83",30,"20,00",6,24,"16,00"
351150,CERQUILHO,SP,09/2022,165,119,"72,12",103,16,"86,55",46,"27,88",10,36,"21,82"
351150,CERQUILHO,SP,11/2022,168,126,"75,00",113,13,"89,68",42,"25,00",3,39,"23,21"
351160,CESÁRIO LANGE,SP,11/2022,88,73,"82,95",71,2,"97,26",15,"17,05",2,13,"14,77"
351160,CESÁRIO LANGE,SP,07/2022,76,68,"89,47",64,4,"94,12",8,"10,53",0,8,"10,53"
351160,CESÁRIO LANGE,SP,09/2022,91,77,"84,62",77,0,"100,00",14,"15,38",2,12,"13,19"
351170,CHARQUEADA,SP,09/2022,134,112,"83,58",95,17,"84,82",22,"16,42",0,22,"16,42"
351170,CHARQUEADA,SP,07/2022,111,103,"92,79",85,18,"82,52",8,"7,21",0,8,"7,21"
351170,CHARQUEADA,SP,11/2022,125,112,"89,60",95,17,"84,82",13,"10,40",1,12,"9,60"
351190,CLEMENTINA,SP,11/2022,77,74,"96,10",74,0,"100,00",3,"3,90",0,3,"3,90"
351190,CLEMENTINA,SP,09/2022,76,73,"96,05",73,0,"100,00",3,"3,95",0,3,"3,95"
351190,CLEMENTINA,SP,07/2022,73,69,"94,52",69,0,"100,00",4,"5,48",1,3,"4,11"
351200,COLINA,SP,09/2022,100,79,"79,00",31,48,"39,24",21,"21,00",1,20,"20,00"
351200,COLINA,SP,07/2022,93,72,"77,42",63,9,"87,50",21,"22,58",1,20,"21,51"
351200,COLINA,SP,11/2022,94,75,"79,79",75,0,"100,00",19,"20,21",1,18,"19,15"
351210,COLÔMBIA,SP,11/2022,84,56,"66,67",56,0,"100,00",28,"33,33",1,27,"32,14"
351210,COLÔMBIA,SP,09/2022,84,62,"73,81",62,0,"100,00",22,"26,19",8,14,"16,67"
351210,COLÔMBIA,SP,07/2022,70,52,"74,29",52,0,"100,00",18,"25,71",1,17,"24,29"
351220,CONCHAL,SP,09/2022,315,248,"78,73",171,77,"68,95",67,"21,27",8,59,"18,73"
351220,CONCHAL,SP,07/2022,288,216,"75,00",187,29,"86,57",72,"25,00",19,53,"18,40"
351220,CONCHAL,SP,11/2022,309,243,"78,64",178,65,"73,25",66,"21,36",3,63,"20,39"
351230,CONCHAS,SP,11/2022,159,143,"89,94",143,0,"100,00",16,"10,06",3,13,"8,18"
351230,CONCHAS,SP,07/2022,140,121,"86,43",121,0,"100,00",19,"13,57",6,13,"9,29"
351230,CONCHAS,SP,09/2022,151,76,"50,33",76,0,"100,00",75,"49,67",62,13,"8,61"
351240,CORDEIRÓPOLIS,SP,09/2022,100,97,"97,00",82,15,"84,54",3,"3,00",1,2,"2,00"
351240,CORDEIRÓPOLIS,SP,07/2022,90,86,"95,56",70,16,"81,40",4,"4,44",0,4,"4,44"
351240,CORDEIRÓPOLIS,SP,11/2022,99,98,"98,99",85,13,"86,73",1,"1,01",0,1,"1,01"
351250,COROADOS,SP,11/2022,54,51,"94,44",51,0,"100,00",3,"5,56",0,3,"5,56"
351250,COROADOS,SP,07/2022,41,36,"87,80",36,0,"100,00",5,"12,20",1,4,"9,76"
351250,COROADOS,SP,09/2022,50,44,"88,00",44,0,"100,00",6,"12,00",3,3,"6,00"
351260,CORONEL MACEDO,SP,09/2022,46,38,"82,61",29,9,"76,32",8,"17,39",1,7,"15,22"
351260,CORONEL MACEDO,SP,07/2022,44,37,"84,09",37,0,"100,00",7,"15,91",1,6,"13,64"
351260,CORONEL MACEDO,SP,11/2022,45,39,"86,67",26,13,"66,67",6,"13,33",0,6,"13,33"
351270,CORUMBATAÍ,SP,11/2022,40,34,"85,00",13,21,"38,24",6,"15,00",0,6,"15,00"
351270,CORUMBATAÍ,SP,09/2022,37,30,"81,08",21,9,"70,00",7,"18,92",0,7,"18,92"
351270,CORUMBATAÍ,SP,07/2022,34,26,"76,47",19,7,"73,08",8,"23,53",0,8,"23,53"
351280,COSMÓPOLIS,SP,07/2022,241,213,"88,38",201,12,"94,37",28,"11,62",0,28,"11,62"
351280,COSMÓPOLIS,SP,09/2022,258,216,"83,72",184,32,"85,19",42,"16,28",1,41,"15,89"
351280,COSMÓPOLIS,SP,11/2022,247,218,"88,26",186,32,"85,32",29,"11,74",0,29,"11,74"
351290,COSMORAMA,SP,11/2022,85,64,"75,29",60,4,"93,75",21,"24,71",2,19,"22,35"
351290,COSMORAMA,SP,07/2022,73,17,"23,29",7,10,"41,18",56,"76,71",45,11,"15,07"
351290,COSMORAMA,SP,09/2022,85,60,"70,59",57,3,"95,00",25,"29,41",3,22,"25,88"
351300,COTIA,SP,07/2022,1424,1109,"77,88",1089,20,"98,20",315,"22,12",8,307,"21,56"
351300,COTIA,SP,09/2022,1523,1138,"74,72",1015,123,"89,19",385,"25,28",9,376,"24,69"
351300,COTIA,SP,11/2022,1528,1173,"76,77",993,180,"84,65",355,"23,23",10,345,"22,58"
351310,CRAVINHOS,SP,11/2022,285,270,"94,74",251,19,"92,96",15,"5,26",1,14,"4,91"
351310,CRAVINHOS,SP,07/2022,255,240,"94,12",201,39,"83,75",15,"5,88",8,7,"2,75"
351310,CRAVINHOS,SP,09/2022,292,262,"89,73",225,37,"85,88",30,"10,27",17,13,"4,45"
351320,CRISTAIS PAULISTA,SP,07/2022,43,36,"83,72",32,4,"88,89",7,"16,28",0,7,"16,28"
351320,CRISTAIS PAULISTA,SP,09/2022,47,41,"87,23",40,1,"97,56",6,"12,77",0,6,"12,77"
351320,CRISTAIS PAULISTA,SP,11/2022,43,37,"86,05",37,0,"100,00",6,"13,95",0,6,"13,95"
351330,CRUZÁLIA,SP,11/2022,7,6,"85,71",4,2,"66,67",1,"14,29",0,1,"14,29"
351330,CRUZÁLIA,SP,07/2022,12,7,"58,33",1,6,"14,29",5,"41,67",0,5,"41,67"
351330,CRUZÁLIA,SP,09/2022,14,9,"64,29",6,3,"66,67",5,"35,71",0,5,"35,71"
351340,CRUZEIRO,SP,07/2022,611,510,"83,47",506,4,"99,22",101,"16,53",26,75,"12,27"
351340,CRUZEIRO,SP,09/2022,609,64,"10,51",62,2,"96,88",545,"89,49",466,79,"12,97"
351340,CRUZEIRO,SP,11/2022,659,584,"88,62",569,15,"97,43",75,"11,38",8,67,"10,17"
351350,CUBATÃO,SP,11/2022,1099,1005,"91,45",942,63,"93,73",94,"8,55",8,86,"7,83"
351350,CUBATÃO,SP,09/2022,1148,911,"79,36",834,77,"91,55",237,"20,64",126,111,"9,67"
351350,CUBATÃO,SP,07/2022,1056,934,"88,45",847,87,"90,69",122,"11,55",13,109,"10,32"
351360,CUNHA,SP,07/2022,255,160,"62,75",147,13,"91,88",95,"37,25",9,86,"33,73"
351360,CUNHA,SP,09/2022,267,177,"66,29",151,26,"85,31",90,"33,71",7,83,"31,09"
351360,CUNHA,SP,11/2022,261,175,"67,05",147,28,"84,00",86,"32,95",9,77,"29,50"
351370,DESCALVADO,SP,11/2022,123,104,"84,55",57,47,"54,81",19,"15,45",0,19,"15,45"
351370,DESCALVADO,SP,09/2022,132,108,"81,82",51,57,"47,22",24,"18,18",2,22,"16,67"
351370,DESCALVADO,SP,07/2022,132,106,"80,30",47,59,"44,34",26,"19,70",3,23,"17,42"
351380,DIADEMA,SP,07/2022,3285,1570,"47,79",1421,149,"90,51",1715,"52,21",1007,708,"21,55"
351380,DIADEMA,SP,09/2022,3589,2739,"76,32",2730,9,"99,67",850,"23,68",84,766,"21,34"
351380,DIADEMA,SP,11/2022,3533,2723,"77,07",2720,3,"99,89",810,"22,93",91,719,"20,35"
351385,DIRCE REIS,SP,11/2022,18,13,"72,22",13,0,"100,00",5,"27,78",0,5,"27,78"
351385,DIRCE REIS,SP,07/2022,14,9,"64,29",9,0,"100,00",5,"35,71",1,4,"28,57"
351385,DIRCE REIS,SP,09/2022,15,0,"0,00",0,0,,15,"100,00",11,4,"26,67"
351390,DIVINOLÂNDIA,SP,09/2022,104,0,"0,00",0,0,,104,"100,00",86,18,"17,31"
351390,DIVINOLÂNDIA,SP,07/2022,100,83,"83,00",83,0,"100,00",17,"17,00",0,17,"17,00"
351390,DIVINOLÂNDIA,SP,11/2022,103,87,"84,47",87,0,"100,00",16,"15,53",1,15,"14,56"
351400,DOBRADA,SP,11/2022,92,87,"94,57",87,0,"100,00",5,"5,43",2,3,"3,26"
351400,DOBRADA,SP,07/2022,79,70,"88,61",70,0,"100,00",9,"11,39",5,4,"5,06"
351400,DOBRADA,SP,09/2022,85,79,"92,94",73,6,"92,41",6,"7,06",3,3,"3,53"
351410,DOIS CÓRREGOS,SP,09/2022,206,201,"97,57",167,34,"83,08",5,"2,43",2,3,"1,46"
351410,DOIS CÓRREGOS,SP,07/2022,204,190,"93,14",178,12,"93,68",14,"6,86",4,10,"4,90"
351410,DOIS CÓRREGOS,SP,11/2022,188,180,"95,74",159,21,"88,33",8,"4,26",3,5,"2,66"
351420,DOLCINÓPOLIS,SP,11/2022,16,12,"75,00",7,5,"58,33",4,"25,00",0,4,"25,00"
351420,DOLCINÓPOLIS,SP,07/2022,12,9,"75,00",7,2,"77,78",3,"25,00",2,1,"8,33"
351420,DOLCINÓPOLIS,SP,09/2022,20,13,"65,00",9,4,"69,23",7,"35,00",4,3,"15,00"
351430,DOURADO,SP,09/2022,72,64,"88,89",35,29,"54,69",8,"11,11",0,8,"11,11"
351430,DOURADO,SP,07/2022,64,55,"85,94",16,39,"29,09",9,"14,06",2,7,"10,94"
351430,DOURADO,SP,11/2022,72,60,"83,33",43,17,"71,67",12,"16,67",2,10,"13,89"
351440,DRACENA,SP,11/2022,184,171,"92,93",140,31,"81,87",13,"7,07",0,13,"7,07"
351440,DRACENA,SP,07/2022,173,128,"73,99",109,19,"85,16",45,"26,01",30,15,"8,67"
351440,DRACENA,SP,09/2022,182,175,"96,15",122,53,"69,71",7,"3,85",0,7,"3,85"
351450,DUARTINA,SP,07/2022,47,45,"95,74",40,5,"88,89",2,"4,26",0,2,"4,26"
351450,DUARTINA,SP,09/2022,59,53,"89,83",27,26,"50,94",6,"10,17",3,3,"5,08"
351450,DUARTINA,SP,11/2022,63,61,"96,83",27,34,"44,26",2,"3,17",1,1,"1,59"
351460,DUMONT,SP,11/2022,90,73,"81,11",57,16,"78,08",17,"18,89",0,17,"18,89"
351460,DUMONT,SP,09/2022,86,66,"76,74",39,27,"59,09",20,"23,26",4,16,"18,60"
351460,DUMONT,SP,07/2022,77,60,"77,92",49,11,"81,67",17,"22,08",2,15,"19,48"
351470,ECHAPORÃ,SP,09/2022,69,51,"73,91",44,7,"86,27",18,"26,09",1,17,"24,64"
351470,ECHAPORÃ,SP,07/2022,62,43,"69,35",35,8,"81,40",19,"30,65",4,15,"24,19"
351470,ECHAPORÃ,SP,11/2022,71,54,"76,06",46,8,"85,19",17,"23,94",0,17,"23,94"
351480,ELDORADO,SP,11/2022,228,179,"78,51",179,0,"100,00",49,"21,49",5,44,"19,30"
351480,ELDORADO,SP,09/2022,230,162,"70,43",151,11,"93,21",68,"29,57",6,62,"26,96"
351480,ELDORADO,SP,07/2022,217,149,"68,66",137,12,"91,95",68,"31,34",8,60,"27,65"
351490,ELIAS FAUSTO,SP,07/2022,158,137,"86,71",136,1,"99,27",21,"13,29",1,20,"12,66"
351490,ELIAS FAUSTO,SP,09/2022,189,164,"86,77",164,0,"100,00",25,"13,23",2,23,"12,17"
351490,ELIAS FAUSTO,SP,11/2022,188,173,"92,02",172,1,"99,42",15,"7,98",4,11,"5,85"
351492,ELISIÁRIO,SP,11/2022,26,21,"80,77",20,1,"95,24",5,"19,23",0,5,"19,23"
351492,ELISIÁRIO,SP,09/2022,26,21,"80,77",17,4,"80,95",5,"19,23",1,4,"15,38"
351492,ELISIÁRIO,SP,07/2022,19,16,"84,21",16,0,"100,00",3,"15,79",0,3,"15,79"
351495,EMBAÚBA,SP,07/2022,15,11,"73,33",11,0,"100,00",4,"26,67",1,3,"20,00"
351495,EMBAÚBA,SP,09/2022,17,0,"0,00",0,0,,17,"100,00",13,4,"23,53"
351495,EMBAÚBA,SP,11/2022,15,10,"66,67",9,1,"90,00",5,"33,33",1,4,"26,67"
351500,EMBU,SP,11/2022,3214,2415,"75,14",2186,229,"90,52",799,"24,86",465,334,"10,39"
351500,EMBU,SP,09/2022,3119,1710,"54,83",1482,228,"86,67",1409,"45,17",953,456,"14,62"
351500,EMBU,SP,07/2022,2783,1818,"65,33",1719,99,"94,55",965,"34,67",547,418,"15,02"
351510,EMBU-GUAÇU,SP,07/2022,892,706,"79,15",655,51,"92,78",186,"20,85",11,175,"19,62"
351510,EMBU-GUAÇU,SP,09/2022,986,540,"54,77",505,35,"93,52",446,"45,23",264,182,"18,46"
351510,EMBU-GUAÇU,SP,11/2022,970,872,"89,90",705,167,"80,85",98,"10,10",19,79,"8,14"
351512,EMILIANÓPOLIS,SP,11/2022,23,21,"91,30",19,2,"90,48",2,"8,70",0,2,"8,70"
351512,EMILIANÓPOLIS,SP,07/2022,24,21,"87,50",17,4,"80,95",3,"12,50",0,3,"12,50"
351512,EMILIANÓPOLIS,SP,09/2022,26,22,"84,62",18,4,"81,82",4,"15,38",0,4,"15,38"
351515,ENGENHEIRO COELHO,SP,07/2022,145,111,"76,55",90,21,"81,08",34,"23,45",4,30,"20,69"
351515,ENGENHEIRO COELHO,SP,09/2022,165,128,"77,58",72,56,"56,25",37,"22,42",5,32,"19,39"
351515,ENGENHEIRO COELHO,SP,11/2022,160,133,"83,13",88,45,"66,17",27,"16,88",3,24,"15,00"
351518,ESPÍRITO SANTO DO PINHAL,SP,11/2022,146,137,"93,84",137,0,"100,00",9,"6,16",0,9,"6,16"
351518,ESPÍRITO SANTO DO PINHAL,SP,09/2022,152,141,"92,76",141,0,"100,00",11,"7,24",1,10,"6,58"
351518,ESPÍRITO SANTO DO PINHAL,SP,07/2022,147,136,"92,52",136,0,"100,00",11,"7,48",0,11,"7,48"
351519,ESPÍRITO SANTO DO TURVO,SP,07/2022,25,22,"88,00",21,1,"95,45",3,"12,00",0,3,"12,00"
351519,ESPÍRITO SANTO DO TURVO,SP,09/2022,27,23,"85,19",23,0,"100,00",4,"14,81",0,4,"14,81"
351519,ESPÍRITO SANTO DO TURVO,SP,11/2022,26,21,"80,77",21,0,"100,00",5,"19,23",0,5,"19,23"
351520,ESTRELA D´OESTE,SP,11/2022,48,45,"93,75",33,12,"73,33",3,"6,25",0,3,"6,25"
351520,ESTRELA D´OESTE,SP,07/2022,44,0,"0,00",0,0,,44,"100,00",42,2,"4,55"
351520,ESTRELA D´OESTE,SP,09/2022,49,49,"100,00",26,23,"53,06",0,"0,00",0,0,"0,00"
351530,ESTRELA DO NORTE,SP,07/2022,14,0,"0,00",0,0,,14,"100,00",14,0,"0,00"
351530,ESTRELA DO NORTE,SP,09/2022,14,14,"100,00",12,2,"85,71",0,"0,00",0,0,"0,00"
351530,ESTRELA DO NORTE,SP,11/2022,15,15,"100,00",14,1,"93,33",0,"0,00",0,0,"0,00"
351535,EUCLIDES DA CUNHA PAULISTA,SP,11/2022,119,104,"87,39",104,0,"100,00",15,"12,61",0,15,"12,61"
351535,EUCLIDES DA CUNHA PAULISTA,SP,09/2022,125,123,"98,40",110,13,"89,43",2,"1,60",0,2,"1,60"
351535,EUCLIDES DA CUNHA PAULISTA,SP,07/2022,123,102,"82,93",102,0,"100,00",21,"17,07",2,19,"15,45"
351540,FARTURA,SP,09/2022,126,112,"88,89",66,46,"58,93",14,"11,11",1,13,"10,32"
351540,FARTURA,SP,07/2022,111,89,"80,18",52,37,"58,43",22,"19,82",2,20,"18,02"
351540,FARTURA,SP,11/2022,121,100,"82,64",94,6,"94,00",21,"17,36",0,21,"17,36"
351550,FERNANDÓPOLIS,SP,11/2022,371,336,"90,57",240,96,"71,43",35,"9,43",2,33,"8,89"
351550,FERNANDÓPOLIS,SP,09/2022,387,335,"86,56",266,69,"79,40",52,"13,44",5,47,"12,14"
351550,FERNANDÓPOLIS,SP,07/2022,339,286,"84,37",225,61,"78,67",53,"15,63",5,48,"14,16"
351560,FERNANDO PRESTES,SP,07/2022,41,32,"78,05",28,4,"87,50",9,"21,95",0,9,"21,95"
351560,FERNANDO PRESTES,SP,09/2022,51,37,"72,55",37,0,"100,00",14,"27,45",2,12,"23,53"
351560,FERNANDO PRESTES,SP,11/2022,46,36,"78,26",33,3,"91,67",10,"21,74",1,9,"19,57"
351565,FERNÃO,SP,11/2022,19,17,"89,47",17,0,"100,00",2,"10,53",0,2,"10,53"
351565,FERNÃO,SP,09/2022,15,0,"0,00",0,0,,15,"100,00",15,0,"0,00"
351565,FERNÃO,SP,07/2022,16,16,"100,00",16,0,"100,00",0,"0,00",0,0,"0,00"
351570,FERRAZ DE VASCONCELOS,SP,09/2022,1695,871,"51,39",725,146,"83,24",824,"48,61",488,336,"19,82"
351570,FERRAZ DE VASCONCELOS,SP,07/2022,1556,981,"63,05",938,43,"95,62",575,"36,95",268,307,"19,73"
351570,FERRAZ DE VASCONCELOS,SP,11/2022,1751,1285,"73,39",1112,173,"86,54",466,"26,61",141,325,"18,56"
351580,FLORA RICA,SP,11/2022,21,19,"90,48",19,0,"100,00",2,"9,52",0,2,"9,52"
351580,FLORA RICA,SP,07/2022,15,14,"93,33",10,4,"71,43",1,"6,67",0,1,"6,67"
351580,FLORA RICA,SP,09/2022,18,15,"83,33",11,4,"73,33",3,"16,67",1,2,"11,11"
351590,FLOREAL,SP,07/2022,20,16,"80,00",16,0,"100,00",4,"20,00",2,2,"10,00"
351590,FLOREAL,SP,09/2022,21,18,"85,71",11,7,"61,11",3,"14,29",1,2,"9,52"
351590,FLOREAL,SP,11/2022,20,16,"80,00",14,2,"87,50",4,"20,00",2,2,"10,00"
351600,FLÓRIDA PAULISTA,SP,11/2022,89,79,"88,76",68,11,"86,08",10,"11,24",1,9,"10,11"
351600,FLÓRIDA PAULISTA,SP,07/2022,88,70,"79,55",39,31,"55,71",18,"20,45",0,18,"20,45"
351600,FLÓRIDA PAULISTA,SP,09/2022,91,74,"81,32",61,13,"82,43",17,"18,68",1,16,"17,58"
351610,FLORÍNIA,SP,07/2022,23,21,"91,30",19,2,"90,48",2,"8,70",0,2,"8,70"
351610,FLORÍNIA,SP,09/2022,24,21,"87,50",19,2,"90,48",3,"12,50",0,3,"12,50"
351610,FLORÍNIA,SP,11/2022,25,21,"84,00",19,2,"90,48",4,"16,00",0,4,"16,00"
351620,FRANCA,SP,11/2022,1660,1465,"88,25",1263,202,"86,21",195,"11,75",1,194,"11,69"
351620,FRANCA,SP,07/2022,1621,1489,"91,86",1449,40,"97,31",132,"8,14",2,130,"8,02"
351620,FRANCA,SP,09/2022,1733,1544,"89,09",1350,194,"87,44",189,"10,91",3,186,"10,73"
351630,FRANCISCO MORATO,SP,07/2022,2350,2074,"88,26",1986,88,"95,76",276,"11,74",57,219,"9,32"
351630,FRANCISCO MORATO,SP,09/2022,2480,1742,"70,24",1635,107,"93,86",738,"29,76",510,228,"9,19"
351630,FRANCISCO MORATO,SP,11/2022,2475,2251,"90,95",2161,90,"96,00",224,"9,05",87,137,"5,54"
351640,FRANCO DA ROCHA,SP,11/2022,1589,1460,"91,88",1359,101,"93,08",129,"8,12",10,119,"7,49"
351640,FRANCO DA ROCHA,SP,09/2022,1644,1474,"89,66",1371,103,"93,01",170,"10,34",53,117,"7,12"
351640,FRANCO DA ROCHA,SP,07/2022,1431,1223,"85,46",1135,88,"92,80",208,"14,54",94,114,"7,97"
351650,GABRIEL MONTEIRO,SP,07/2022,14,13,"92,86",13,0,"100,00",1,"7,14",0,1,"7,14"
351650,GABRIEL MONTEIRO,SP,09/2022,12,11,"91,67",11,0,"100,00",1,"8,33",0,1,"8,33"
351650,GABRIEL MONTEIRO,SP,11/2022,13,12,"92,31",11,1,"91,67",1,"7,69",0,1,"7,69"
351660,GÁLIA,SP,11/2022,27,23,"85,19",21,2,"91,30",4,"14,81",0,4,"14,81"
351660,GÁLIA,SP,09/2022,30,21,"70,00",12,9,"57,14",9,"30,00",4,5,"16,67"
351660,GÁLIA,SP,07/2022,23,17,"73,91",15,2,"88,24",6,"26,09",1,5,"21,74"
351670,GARÇA,SP,09/2022,358,321,"89,66",320,1,"99,69",37,"10,34",5,32,"8,94"
351670,GARÇA,SP,07/2022,314,285,"90,76",276,9,"96,84",29,"9,24",1,28,"8,92"
351670,GARÇA,SP,11/2022,350,317,"90,57",316,1,"99,68",33,"9,43",5,28,"8,00"
351680,GASTÃO VIDIGAL,SP,11/2022,17,14,"82,35",9,5,"64,29",3,"17,65",0,3,"17,65"
351680,GASTÃO VIDIGAL,SP,07/2022,16,14,"87,50",9,5,"64,29",2,"12,50",0,2,"12,50"
351680,GASTÃO VIDIGAL,SP,09/2022,19,16,"84,21",8,8,"50,00",3,"15,79",0,3,"15,79"
351685,GAVIÃO PEIXOTO,SP,07/2022,33,33,"100,00",32,1,"96,97",0,"0,00",0,0,"0,00"
351685,GAVIÃO PEIXOTO,SP,09/2022,39,38,"97,44",38,0,"100,00",1,"2,56",0,1,"2,56"
351685,GAVIÃO PEIXOTO,SP,11/2022,34,33,"97,06",32,1,"96,97",1,"2,94",0,1,"2,94"
351690,GENERAL SALGADO,SP,11/2022,51,41,"80,39",37,4,"90,24",10,"19,61",0,10,"19,61"
351690,GENERAL SALGADO,SP,09/2022,52,43,"82,69",29,14,"67,44",9,"17,31",2,7,"13,46"
351690,GENERAL SALGADO,SP,07/2022,50,43,"86,00",33,10,"76,74",7,"14,00",0,7,"14,00"
351700,GETULINA,SP,09/2022,89,88,"98,88",48,40,"54,55",1,"1,12",1,0,"0,00"
351700,GETULINA,SP,07/2022,88,65,"73,86",65,0,"100,00",23,"26,14",1,22,"25,00"
351700,GETULINA,SP,11/2022,85,83,"97,65",83,0,"100,00",2,"2,35",1,1,"1,18"
351710,GLICÉRIO,SP,11/2022,43,30,"69,77",30,0,"100,00",13,"30,23",0,13,"30,23"
351710,GLICÉRIO,SP,07/2022,33,18,"54,55",17,1,"94,44",15,"45,45",0,15,"45,45"
351710,GLICÉRIO,SP,09/2022,44,28,"63,64",28,0,"100,00",16,"36,36",1,15,"34,09"
351720,GUAIÇARA,SP,09/2022,77,45,"58,44",33,12,"73,33",32,"41,56",1,31,"40,26"
351720,GUAIÇARA,SP,07/2022,65,36,"55,38",0,36,"0,00",29,"44,62",0,29,"44,62"
351720,GUAIÇARA,SP,11/2022,68,38,"55,88",31,7,"81,58",30,"44,12",0,30,"44,12"
351730,GUAIMBÊ,SP,11/2022,70,63,"90,00",63,0,"100,00",7,"10,00",0,7,"10,00"
351730,GUAIMBÊ,SP,09/2022,66,1,"1,52",1,0,"100,00",65,"98,48",50,15,"22,73"
351730,GUAIMBÊ,SP,07/2022,59,47,"79,66",43,4,"91,49",12,"20,34",0,12,"20,34"
351740,GUAÍRA,SP,09/2022,305,276,"90,49",276,0,"100,00",29,"9,51",1,28,"9,18"
351740,GUAÍRA,SP,07/2022,275,251,"91,27",246,5,"98,01",24,"8,73",0,24,"8,73"
351740,GUAÍRA,SP,11/2022,300,273,"91,00",273,0,"100,00",27,"9,00",0,27,"9,00"
351750,GUAPIAÇU,SP,11/2022,85,67,"78,82",34,33,"50,75",18,"21,18",1,17,"20,00"
351750,GUAPIAÇU,SP,09/2022,92,80,"86,96",27,53,"33,75",12,"13,04",2,10,"10,87"
351750,GUAPIAÇU,SP,07/2022,89,75,"84,27",68,7,"90,67",14,"15,73",1,13,"14,61"
351760,GUAPIARA,SP,09/2022,212,163,"76,89",107,56,"65,64",49,"23,11",21,28,"13,21"
351760,GUAPIARA,SP,07/2022,190,135,"71,05",119,16,"88,15",55,"28,95",27,28,"14,74"
351760,GUAPIARA,SP,11/2022,198,167,"84,34",149,18,"89,22",31,"15,66",4,27,"13,64"
351770,GUARÁ,SP,11/2022,201,170,"84,58",70,100,"41,18",31,"15,42",0,31,"15,42"
351770,GUARÁ,SP,09/2022,211,181,"85,78",66,115,"36,46",30,"14,22",2,28,"13,27"
351770,GUARÁ,SP,07/2022,210,180,"85,71",54,126,"30,00",30,"14,29",2,28,"13,33"
351780,GUARAÇAÍ,SP,09/2022,52,41,"78,85",39,2,"95,12",11,"21,15",1,10,"19,23"
351780,GUARAÇAÍ,SP,07/2022,48,36,"75,00",35,1,"97,22",12,"25,00",2,10,"20,83"
351780,GUARAÇAÍ,SP,11/2022,53,41,"77,36",40,1,"97,56",12,"22,64",1,11,"20,75"
351790,GUARACI,SP,11/2022,122,97,"79,51",85,12,"87,63",25,"20,49",3,22,"18,03"
351790,GUARACI,SP,09/2022,127,97,"76,38",87,10,"89,69",30,"23,62",5,25,"19,69"
351790,GUARACI,SP,07/2022,108,87,"80,56",80,7,"91,95",21,"19,44",5,16,"14,81"
351800,GUARANI D´OESTE,SP,09/2022,11,8,"72,73",5,3,"62,50",3,"27,27",2,1,"9,09"
351800,GUARANI D´OESTE,SP,07/2022,10,8,"80,00",3,5,"37,50",2,"20,00",1,1,"10,00"
351800,GUARANI D´OESTE,SP,11/2022,11,8,"72,73",7,1,"87,50",3,"27,27",2,1,"9,09"
351810,GUARANTÃ,SP,11/2022,71,53,"74,65",53,0,"100,00",18,"25,35",0,18,"25,35"
351810,GUARANTÃ,SP,09/2022,72,54,"75,00",48,6,"88,89",18,"25,00",0,18,"25,00"
351810,GUARANTÃ,SP,07/2022,71,54,"76,06",54,0,"100,00",17,"23,94",2,15,"21,13"
351820,GUARARAPES,SP,09/2022,179,156,"87,15",125,31,"80,13",23,"12,85",2,21,"11,73"
351820,GUARARAPES,SP,07/2022,171,142,"83,04",116,26,"81,69",29,"16,96",3,26,"15,20"
351820,GUARARAPES,SP,11/2022,175,152,"86,86",127,25,"83,55",23,"13,14",3,20,"11,43"
351830,GUARAREMA,SP,11/2022,351,251,"71,51",251,0,"100,00",100,"28,49",2,98,"27,92"
351830,GUARAREMA,SP,09/2022,366,262,"71,58",185,77,"70,61",104,"28,42",5,99,"27,05"
351830,GUARAREMA,SP,07/2022,340,254,"74,71",194,60,"76,38",86,"25,29",3,83,"24,41"
351840,GUARATINGUETÁ,SP,09/2022,744,522,"70,16",460,62,"88,12",222,"29,84",72,150,"20,16"
351840,GUARATINGUETÁ,SP,07/2022,679,461,"67,89",425,36,"92,19",218,"32,11",82,136,"20,03"
351840,GUARATINGUETÁ,SP,11/2022,709,499,"70,38",440,59,"88,18",210,"29,62",73,137,"19,32"
351850,GUAREÍ,SP,11/2022,78,71,"91,03",71,0,"100,00",7,"8,97",0,7,"8,97"
351850,GUAREÍ,SP,07/2022,80,75,"93,75",75,0,"100,00",5,"6,25",0,5,"6,25"
351850,GUAREÍ,SP,09/2022,83,76,"91,57",76,0,"100,00",7,"8,43",0,7,"8,43"
351860,GUARIBA,SP,07/2022,275,218,"79,27",204,14,"93,58",57,"20,73",3,54,"19,64"
351860,GUARIBA,SP,09/2022,293,250,"85,32",162,88,"64,80",43,"14,68",2,41,"13,99"
351860,GUARIBA,SP,11/2022,278,242,"87,05",158,84,"65,29",36,"12,95",0,36,"12,95"
351870,GUARUJÁ,SP,11/2022,2230,1958,"87,80",1659,299,"84,73",272,"12,20",2,270,"12,11"
351870,GUARUJÁ,SP,09/2022,2289,1899,"82,96",1617,282,"85,15",390,"17,04",6,384,"16,78"
351870,GUARUJÁ,SP,07/2022,2153,1772,"82,30",1607,165,"90,69",381,"17,70",4,377,"17,51"
351880,GUARULHOS,SP,07/2022,10887,8181,"75,14",6538,1643,"79,92",2706,"24,86",735,1971,"18,10"
351880,GUARULHOS,SP,09/2022,12195,7772,"63,73",5556,2216,"71,49",4423,"36,27",2190,2233,"18,31"
351880,GUARULHOS,SP,11/2022,12514,9442,"75,45",7515,1927,"79,59",3072,"24,55",804,2268,"18,12"
351885,GUATAPARÁ,SP,11/2022,80,79,"98,75",37,42,"46,84",1,"1,25",0,1,"1,25"
351885,GUATAPARÁ,SP,07/2022,74,57,"77,03",37,20,"64,91",17,"22,97",5,12,"16,22"
351885,GUATAPARÁ,SP,09/2022,86,72,"83,72",45,27,"62,50",14,"16,28",1,13,"15,12"
351890,GUZOLÂNDIA,SP,07/2022,31,27,"87,10",20,7,"74,07",4,"12,90",1,3,"9,68"
351890,GUZOLÂNDIA,SP,09/2022,36,28,"77,78",18,10,"64,29",8,"22,22",2,6,"16,67"
351890,GUZOLÂNDIA,SP,11/2022,25,21,"84,00",21,0,"100,00",4,"16,00",0,4,"16,00"
351900,HERCULÂNDIA,SP,11/2022,110,103,"93,64",98,5,"95,15",7,"6,36",0,7,"6,36"
351900,HERCULÂNDIA,SP,09/2022,98,15,"15,31",7,8,"46,67",83,"84,69",76,7,"7,14"
351900,HERCULÂNDIA,SP,07/2022,105,97,"92,38",90,7,"92,78",8,"7,62",0,8,"7,62"
351905,HOLAMBRA,SP,07/2022,24,18,"75,00",7,11,"38,89",6,"25,00",0,6,"25,00"
351905,HOLAMBRA,SP,09/2022,29,22,"75,86",6,16,"27,27",7,"24,14",1,6,"20,69"
351905,HOLAMBRA,SP,11/2022,32,28,"87,50",5,23,"17,86",4,"12,50",0,4,"12,50"
351907,HORTOLÂNDIA,SP,11/2022,1696,1574,"92,81",1316,258,"83,61",122,"7,19",6,116,"6,84"
351907,HORTOLÂNDIA,SP,07/2022,1595,1142,"71,60",969,173,"84,85",453,"28,40",77,376,"23,57"
351907,HORTOLÂNDIA,SP,09/2022,1809,1352,"74,74",1159,193,"85,72",457,"25,26",34,423,"23,38"
351910,IACANGA,SP,07/2022,78,54,"69,23",45,9,"83,33",24,"30,77",4,20,"25,64"
351910,IACANGA,SP,09/2022,92,69,"75,00",67,2,"97,10",23,"25,00",2,21,"22,83"
351910,IACANGA,SP,11/2022,97,80,"82,47",78,2,"97,50",17,"17,53",2,15,"15,46"
351920,IACRI,SP,11/2022,49,39,"79,59",39,0,"100,00",10,"20,41",0,10,"20,41"
351920,IACRI,SP,07/2022,48,39,"81,25",39,0,"100,00",9,"18,75",2,7,"14,58"
351920,IACRI,SP,09/2022,49,39,"79,59",39,0,"100,00",10,"20,41",2,8,"16,33"
351925,IARAS,SP,07/2022,76,47,"61,84",46,1,"97,87",29,"38,16",3,26,"34,21"
351925,IARAS,SP,09/2022,87,58,"66,67",58,0,"100,00",29,"33,33",2,27,"31,03"
351925,IARAS,SP,11/2022,81,61,"75,31",50,11,"81,97",20,"24,69",1,19,"23,46"
351930,IBATÉ,SP,11/2022,397,290,"73,05",237,53,"81,72",107,"26,95",1,106,"26,70"
351930,IBATÉ,SP,07/2022,341,246,"72,14",208,38,"84,55",95,"27,86",13,82,"24,05"
351930,IBATÉ,SP,09/2022,390,274,"70,26",226,48,"82,48",116,"29,74",15,101,"25,90"
351940,IBIRÁ,SP,09/2022,80,64,"80,00",34,30,"53,13",16,"20,00",0,16,"20,00"
351940,IBIRÁ,SP,07/2022,80,61,"76,25",57,4,"93,44",19,"23,75",0,19,"23,75"
351940,IBIRÁ,SP,11/2022,76,65,"85,53",48,17,"73,85",11,"14,47",0,11,"14,47"
351950,IBIRAREMA,SP,11/2022,96,68,"70,83",53,15,"77,94",28,"29,17",1,27,"28,13"
351950,IBIRAREMA,SP,09/2022,108,72,"66,67",48,24,"66,67",36,"33,33",0,36,"33,33"
351950,IBIRAREMA,SP,07/2022,104,69,"66,35",69,0,"100,00",35,"33,65",1,34,"32,69"
351960,IBITINGA,SP,09/2022,312,274,"87,82",274,0,"100,00",38,"12,18",2,36,"11,54"
351960,IBITINGA,SP,07/2022,268,196,"73,13",178,18,"90,82",72,"26,87",39,33,"12,31"
351960,IBITINGA,SP,11/2022,296,258,"87,16",219,39,"84,88",38,"12,84",2,36,"12,16"
351970,IBIÚNA,SP,11/2022,788,706,"89,59",453,253,"64,16",82,"10,41",0,82,"10,41"
351970,IBIÚNA,SP,09/2022,776,704,"90,72",503,201,"71,45",72,"9,28",3,69,"8,89"
351970,IBIÚNA,SP,07/2022,702,627,"89,32",501,126,"79,90",75,"10,68",5,70,"9,97"
351980,ICÉM,SP,09/2022,56,42,"75,00",42,0,"100,00",14,"25,00",3,11,"19,64"
351980,ICÉM,SP,07/2022,49,36,"73,47",36,0,"100,00",13,"26,53",2,11,"22,45"
351980,ICÉM,SP,11/2022,62,47,"75,81",47,0,"100,00",15,"24,19",0,15,"24,19"
351990,IEPÊ,SP,11/2022,70,61,"87,14",42,19,"68,85",9,"12,86",0,9,"12,86"
351990,IEPÊ,SP,07/2022,67,51,"76,12",47,4,"92,16",16,"23,88",4,12,"17,91"
351990,IEPÊ,SP,09/2022,70,59,"84,29",50,9,"84,75",11,"15,71",0,11,"15,71"
352000,IGARAÇU DO TIETÊ,SP,09/2022,212,174,"82,08",83,91,"47,70",38,"17,92",4,34,"16,04"
352000,IGARAÇU DO TIETÊ,SP,07/2022,201,124,"61,69",119,5,"95,97",77,"38,31",6,71,"35,32"
352000,IGARAÇU DO TIETÊ,SP,11/2022,196,155,"79,08",93,62,"60,00",41,"20,92",7,34,"17,35"
352010,IGARAPAVA,SP,11/2022,180,153,"85,00",153,0,"100,00",27,"15,00",0,27,"15,00"
352010,IGARAPAVA,SP,09/2022,189,161,"85,19",107,54,"66,46",28,"14,81",6,22,"11,64"
352010,IGARAPAVA,SP,07/2022,167,152,"91,02",131,21,"86,18",15,"8,98",2,13,"7,78"
352020,IGARATÁ,SP,07/2022,102,80,"78,43",49,31,"61,25",22,"21,57",17,5,"4,90"
352020,IGARATÁ,SP,09/2022,112,102,"91,07",66,36,"64,71",10,"8,93",3,7,"6,25"
352020,IGARATÁ,SP,11/2022,119,113,"94,96",76,37,"67,26",6,"5,04",1,5,"4,20"
352030,IGUAPE,SP,11/2022,508,426,"83,86",284,142,"66,67",82,"16,14",27,55,"10,83"
352030,IGUAPE,SP,07/2022,460,262,"56,96",229,33,"87,40",198,"43,04",125,73,"15,87"
352030,IGUAPE,SP,09/2022,518,446,"86,10",351,95,"78,70",72,"13,90",11,61,"11,78"
352040,ILHABELA,SP,07/2022,188,131,"69,68",85,46,"64,89",57,"30,32",17,40,"21,28"
352040,ILHABELA,SP,09/2022,227,177,"77,97",139,38,"78,53",50,"22,03",2,48,"21,15"
352040,ILHABELA,SP,11/2022,232,190,"81,90",148,42,"77,89",42,"18,10",3,39,"16,81"
352042,ILHA COMPRIDA,SP,11/2022,198,190,"95,96",187,3,"98,42",8,"4,04",1,7,"3,54"
352042,ILHA COMPRIDA,SP,07/2022,169,126,"74,56",126,0,"100,00",43,"25,44",36,7,"4,14"
352042,ILHA COMPRIDA,SP,09/2022,198,197,"99,49",192,5,"97,46",1,"0,51",1,0,"0,00"
352044,ILHA SOLTEIRA,SP,07/2022,74,57,"77,03",57,0,"100,00",17,"22,97",0,17,"22,97"
352044,ILHA SOLTEIRA,SP,09/2022,87,60,"68,97",56,4,"93,33",27,"31,03",8,19,"21,84"
352044,ILHA SOLTEIRA,SP,11/2022,87,77,"88,51",75,2,"97,40",10,"11,49",1,9,"10,34"
352050,INDAIATUBA,SP,11/2022,692,493,"71,24",395,98,"80,12",199,"28,76",29,170,"24,57"
352050,INDAIATUBA,SP,07/2022,620,451,"72,74",344,107,"76,27",169,"27,26",28,141,"22,74"
352050,INDAIATUBA,SP,09/2022,676,498,"73,67",388,110,"77,91",178,"26,33",25,153,"22,63"
352060,INDIANA,SP,07/2022,28,18,"64,29",12,6,"66,67",10,"35,71",1,9,"32,14"
352060,INDIANA,SP,09/2022,30,20,"66,67",15,5,"75,00",10,"33,33",1,9,"30,00"
352060,INDIANA,SP,11/2022,32,24,"75,00",20,4,"83,33",8,"25,00",1,7,"21,88"
352070,INDIAPORÃ,SP,11/2022,36,26,"72,22",26,0,"100,00",10,"27,78",4,6,"16,67"
352070,INDIAPORÃ,SP,09/2022,33,24,"72,73",24,0,"100,00",9,"27,27",3,6,"18,18"
352070,INDIAPORÃ,SP,07/2022,27,18,"66,67",18,0,"100,00",9,"33,33",4,5,"18,52"
352080,INÚBIA PAULISTA,SP,07/2022,13,9,"69,23",6,3,"66,67",4,"30,77",0,4,"30,77"
352080,INÚBIA PAULISTA,SP,09/2022,16,11,"68,75",9,2,"81,82",5,"31,25",0,5,"31,25"
352080,INÚBIA PAULISTA,SP,11/2022,12,10,"83,33",9,1,"90,00",2,"16,67",0,2,"16,67"
352090,IPAUSSU,SP,11/2022,115,106,"92,17",72,34,"67,92",9,"7,83",1,8,"6,96"
352090,IPAUSSU,SP,07/2022,120,108,"90,00",95,13,"87,96",12,"10,00",2,10,"8,33"
352090,IPAUSSU,SP,09/2022,129,118,"91,47",74,44,"62,71",11,"8,53",2,9,"6,98"
352100,IPERÓ,SP,09/2022,302,243,"80,46",190,53,"78,19",59,"19,54",0,59,"19,54"
352100,IPERÓ,SP,07/2022,269,194,"72,12",144,50,"74,23",75,"27,88",13,62,"23,05"
352100,IPERÓ,SP,11/2022,301,243,"80,73",188,55,"77,37",58,"19,27",0,58,"19,27"
352110,IPEÚNA,SP,11/2022,42,37,"88,10",30,7,"81,08",5,"11,90",0,5,"11,90"
352110,IPEÚNA,SP,07/2022,48,43,"89,58",37,6,"86,05",5,"10,42",1,4,"8,33"
352110,IPEÚNA,SP,09/2022,51,41,"80,39",30,11,"73,17",10,"19,61",0,10,"19,61"
352115,IPIGUÁ,SP,07/2022,35,27,"77,14",20,7,"74,07",8,"22,86",5,3,"8,57"
352115,IPIGUÁ,SP,09/2022,43,31,"72,09",24,7,"77,42",12,"27,91",5,7,"16,28"
352115,IPIGUÁ,SP,11/2022,42,31,"73,81",26,5,"83,87",11,"26,19",4,7,"16,67"
352120,IPORANGA,SP,11/2022,69,66,"95,65",36,30,"54,55",3,"4,35",3,0,"0,00"
352120,IPORANGA,SP,07/2022,79,73,"92,41",72,1,"98,63",6,"7,59",2,4,"5,06"
352120,IPORANGA,SP,09/2022,81,75,"92,59",73,2,"97,33",6,"7,41",3,3,"3,70"
352130,IPUÃ,SP,09/2022,108,82,"75,93",63,19,"76,83",26,"24,07",3,23,"21,30"
352130,IPUÃ,SP,07/2022,100,71,"71,00",55,16,"77,46",29,"29,00",2,27,"27,00"
352130,IPUÃ,SP,11/2022,107,85,"79,44",55,30,"64,71",22,"20,56",1,21,"19,63"
352140,IRACEMÁPOLIS,SP,11/2022,96,92,"95,83",92,0,"100,00",4,"4,17",2,2,"2,08"
352140,IRACEMÁPOLIS,SP,07/2022,91,83,"91,21",79,4,"95,18",8,"8,79",4,4,"4,40"
352140,IRACEMÁPOLIS,SP,09/2022,96,88,"91,67",82,6,"93,18",8,"8,33",2,6,"6,25"
352150,IRAPUÃ,SP,09/2022,80,36,"45,00",36,0,"100,00",44,"55,00",6,38,"47,50"
352150,IRAPUÃ,SP,07/2022,70,40,"57,14",39,1,"97,50",30,"42,86",0,30,"42,86"
352150,IRAPUÃ,SP,11/2022,75,39,"52,00",39,0,"100,00",36,"48,00",2,34,"45,33"
352160,IRAPURU,SP,11/2022,66,61,"92,42",54,7,"88,52",5,"7,58",0,5,"7,58"
352160,IRAPURU,SP,09/2022,68,68,"100,00",50,18,"73,53",0,"0,00",0,0,"0,00"
352160,IRAPURU,SP,07/2022,68,63,"92,65",50,13,"79,37",5,"7,35",1,4,"5,88"
352170,ITABERÁ,SP,07/2022,196,173,"88,27",158,15,"91,33",23,"11,73",1,22,"11,22"
352170,ITABERÁ,SP,09/2022,208,187,"89,90",160,27,"85,56",21,"10,10",1,20,"9,62"
352170,ITABERÁ,SP,11/2022,192,185,"96,35",152,33,"82,16",7,"3,65",0,7,"3,65"
352180,ITAÍ,SP,11/2022,201,164,"81,59",142,22,"86,59",37,"18,41",3,34,"16,92"
352180,ITAÍ,SP,07/2022,187,155,"82,89",128,27,"82,58",32,"17,11",2,30,"16,04"
352180,ITAÍ,SP,09/2022,189,160,"84,66",119,41,"74,38",29,"15,34",0,29,"15,34"
352190,ITAJOBI,SP,07/2022,68,55,"80,88",54,1,"98,18",13,"19,12",1,12,"17,65"
352190,ITAJOBI,SP,09/2022,95,72,"75,79",40,32,"55,56",23,"24,21",1,22,"23,16"
352190,ITAJOBI,SP,11/2022,107,79,"73,83",48,31,"60,76",28,"26,17",0,28,"26,17"
352200,ITAJU,SP,11/2022,25,22,"88,00",22,0,"100,00",3,"12,00",0,3,"12,00"
352200,ITAJU,SP,09/2022,26,20,"76,92",20,0,"100,00",6,"23,08",2,4,"15,38"
352200,ITAJU,SP,07/2022,24,20,"83,33",19,1,"95,00",4,"16,67",0,4,"16,67"
352210,ITANHAÉM,SP,07/2022,1590,1160,"72,96",1151,9,"99,22",430,"27,04",31,399,"25,09"
352210,ITANHAÉM,SP,09/2022,1730,1319,"76,24",1210,109,"91,74",411,"23,76",30,381,"22,02"
352210,ITANHAÉM,SP,11/2022,1723,1329,"77,13",1118,211,"84,12",394,"22,87",29,365,"21,18"
352215,ITAÓCA,SP,11/2022,61,59,"96,72",54,5,"91,53",2,"3,28",0,2,"3,28"
352215,ITAÓCA,SP,09/2022,59,54,"91,53",44,10,"81,48",5,"8,47",0,5,"8,47"
352215,ITAÓCA,SP,07/2022,57,53,"92,98",49,4,"92,45",4,"7,02",0,4,"7,02"
352220,ITAPECERICA DA SERRA,SP,09/2022,1731,1077,"62,22",814,263,"75,58",654,"37,78",374,280,"16,18"
352220,ITAPECERICA DA SERRA,SP,07/2022,1481,791,"53,41",593,198,"74,97",690,"46,59",467,223,"15,06"
352220,ITAPECERICA DA SERRA,SP,11/2022,1739,1149,"66,07",950,199,"82,68",590,"33,93",273,317,"18,23"
352230,ITAPETININGA,SP,11/2022,1383,1217,"88,00",1059,158,"87,02",166,"12,00",19,147,"10,63"
352230,ITAPETININGA,SP,09/2022,1368,1206,"88,16",1206,0,"100,00",162,"11,84",16,146,"10,67"
352230,ITAPETININGA,SP,07/2022,1274,1152,"90,42",1094,58,"94,97",122,"9,58",8,114,"8,95"
352240,ITAPEVA,SP,09/2022,904,791,"87,50",603,188,"76,23",113,"12,50",3,110,"12,17"
352240,ITAPEVA,SP,07/2022,838,641,"76,49",545,96,"85,02",197,"23,51",65,132,"15,75"
352240,ITAPEVA,SP,11/2022,893,813,"91,04",685,128,"84,26",80,"8,96",0,80,"8,96"
352250,ITAPEVI,SP,11/2022,2372,1289,"54,34",1059,230,"82,16",1083,"45,66",1014,69,"2,91"
352250,ITAPEVI,SP,07/2022,2281,238,"10,43",212,26,"89,08",2043,"89,57",1943,100,"4,38"
352250,ITAPEVI,SP,09/2022,2429,922,"37,96",823,99,"89,26",1507,"62,04",1382,125,"5,15"
352260,ITAPIRA,SP,09/2022,288,198,"68,75",182,16,"91,92",90,"31,25",41,49,"17,01"
352260,ITAPIRA,SP,07/2022,263,216,"82,13",207,9,"95,83",47,"17,87",1,46,"17,49"
352260,ITAPIRA,SP,11/2022,291,236,"81,10",207,29,"87,71",55,"18,90",5,50,"17,18"
352265,ITAPIRAPUÃ PAULISTA,SP,11/2022,96,84,"87,50",60,24,"71,43",12,"12,50",1,11,"11,46"
352265,ITAPIRAPUÃ PAULISTA,SP,07/2022,98,79,"80,61",50,29,"63,29",19,"19,39",10,9,"9,18"
352265,ITAPIRAPUÃ PAULISTA,SP,09/2022,103,75,"72,82",64,11,"85,33",28,"27,18",19,9,"8,74"
352270,ITÁPOLIS,SP,09/2022,133,54,"40,60",54,0,"100,00",79,"59,40",60,19,"14,29"
352270,ITÁPOLIS,SP,07/2022,121,77,"63,64",77,0,"100,00",44,"36,36",22,22,"18,18"
352270,ITÁPOLIS,SP,11/2022,152,133,"87,50",133,0,"100,00",19,"12,50",0,19,"12,50"
352280,ITAPORANGA,SP,11/2022,178,33,"18,54",31,2,"93,94",145,"81,46",136,9,"5,06"
352280,ITAPORANGA,SP,09/2022,176,35,"19,89",31,4,"88,57",141,"80,11",132,9,"5,11"
352280,ITAPORANGA,SP,07/2022,168,34,"20,24",28,6,"82,35",134,"79,76",123,11,"6,55"
352290,ITAPUÍ,SP,07/2022,76,0,"0,00",0,0,,76,"100,00",48,28,"36,84"
352290,ITAPUÍ,SP,09/2022,91,66,"72,53",42,24,"63,64",25,"27,47",2,23,"25,27"
352290,ITAPUÍ,SP,11/2022,85,78,"91,76",77,1,"98,72",7,"8,24",2,5,"5,88"
352300,ITAPURA,SP,11/2022,44,30,"68,18",22,8,"73,33",14,"31,82",0,14,"31,82"
352300,ITAPURA,SP,07/2022,53,40,"75,47",36,4,"90,00",13,"24,53",0,13,"24,53"
352300,ITAPURA,SP,09/2022,54,35,"64,81",21,14,"60,00",19,"35,19",4,15,"27,78"
352310,ITAQUAQUECETUBA,SP,07/2022,3772,2448,"64,90",2222,226,"90,77",1324,"35,10",592,732,"19,41"
352310,ITAQUAQUECETUBA,SP,09/2022,3959,2152,"54,36",1797,355,"83,50",1807,"45,64",1039,768,"19,40"
352310,ITAQUAQUECETUBA,SP,11/2022,3793,2890,"76,19",2500,390,"86,51",903,"23,81",503,400,"10,55"
352320,ITARARÉ,SP,11/2022,501,414,"82,63",351,63,"84,78",87,"17,37",0,87,"17,37"
352320,ITARARÉ,SP,09/2022,490,413,"84,29",329,84,"79,66",77,"15,71",11,66,"13,47"
352320,ITARARÉ,SP,07/2022,484,423,"87,40",323,100,"76,36",61,"12,60",1,60,"12,40"
352330,ITARIRI,SP,09/2022,234,0,"0,00",0,0,,234,"100,00",199,35,"14,96"
352330,ITARIRI,SP,07/2022,229,2,"0,87",1,1,"50,00",227,"99,13",194,33,"14,41"
352330,ITARIRI,SP,11/2022,209,0,"0,00",0,0,,209,"100,00",196,13,"6,22"
352340,ITATIBA,SP,11/2022,470,401,"85,32",297,104,"74,06",69,"14,68",1,68,"14,47"
352340,ITATIBA,SP,09/2022,476,408,"85,71",281,127,"68,87",68,"14,29",4,64,"13,45"
352340,ITATIBA,SP,07/2022,411,340,"82,73",317,23,"93,24",71,"17,27",3,68,"16,55"
352350,ITATINGA,SP,09/2022,196,158,"80,61",80,78,"50,63",38,"19,39",6,32,"16,33"
352350,ITATINGA,SP,07/2022,176,137,"77,84",92,45,"67,15",39,"22,16",7,32,"18,18"
352350,ITATINGA,SP,11/2022,207,168,"81,16",107,61,"63,69",39,"18,84",8,31,"14,98"
352360,ITIRAPINA,SP,11/2022,120,100,"83,33",100,0,"100,00",20,"16,67",2,18,"15,00"
352360,ITIRAPINA,SP,07/2022,123,105,"85,37",94,11,"89,52",18,"14,63",8,10,"8,13"
352360,ITIRAPINA,SP,09/2022,143,109,"76,22",109,0,"100,00",34,"23,78",7,27,"18,88"
352370,ITIRAPUÃ,SP,09/2022,106,94,"88,68",93,1,"98,94",12,"11,32",0,12,"11,32"
352370,ITIRAPUÃ,SP,07/2022,88,71,"80,68",56,15,"78,87",17,"19,32",9,8,"9,09"
352370,ITIRAPUÃ,SP,11/2022,96,83,"86,46",73,10,"87,95",13,"13,54",0,13,"13,54"
352380,ITOBI,SP,11/2022,57,46,"80,70",24,22,"52,17",11,"19,30",0,11,"19,30"
352380,ITOBI,SP,07/2022,59,47,"79,66",31,16,"65,96",12,"20,34",1,11,"18,64"
352380,ITOBI,SP,09/2022,61,48,"78,69",16,32,"33,33",13,"21,31",0,13,"21,31"
352390,ITU,SP,09/2022,940,814,"86,60",524,290,"64,37",126,"13,40",10,116,"12,34"
352390,ITU,SP,07/2022,856,727,"84,93",582,145,"80,06",129,"15,07",6,123,"14,37"
352390,ITU,SP,11/2022,906,757,"83,55",582,175,"76,88",149,"16,45",13,136,"15,01"
352400,ITUPEVA,SP,11/2022,242,1,"0,41",1,0,"100,00",241,"99,59",208,33,"13,64"
352400,ITUPEVA,SP,07/2022,274,1,"0,36",1,0,"100,00",273,"99,64",241,32,"11,68"
352400,ITUPEVA,SP,09/2022,283,0,"0,00",0,0,,283,"100,00",249,34,"12,01"
352410,ITUVERAVA,SP,09/2022,308,195,"63,31",139,56,"71,28",113,"36,69",40,73,"23,70"
352410,ITUVERAVA,SP,07/2022,270,172,"63,70",145,27,"84,30",98,"36,30",33,65,"24,07"
352410,ITUVERAVA,SP,11/2022,305,243,"79,67",194,49,"79,84",62,"20,33",3,59,"19,34"
352420,JABORANDI,SP,11/2022,41,36,"87,80",32,4,"88,89",5,"12,20",1,4,"9,76"
352420,JABORANDI,SP,07/2022,50,39,"78,00",37,2,"94,87",11,"22,00",5,6,"12,00"
352420,JABORANDI,SP,09/2022,47,41,"87,23",28,13,"68,29",6,"12,77",2,4,"8,51"
352430,JABOTICABAL,SP,07/2022,506,355,"70,16",292,63,"82,25",151,"29,84",66,85,"16,80"
352430,JABOTICABAL,SP,09/2022,583,427,"73,24",333,94,"77,99",156,"26,76",60,96,"16,47"
352430,JABOTICABAL,SP,11/2022,589,496,"84,21",442,54,"89,11",93,"15,79",0,93,"15,79"
352440,JACAREÍ,SP,11/2022,1507,1105,"73,32",868,237,"78,55",402,"26,68",7,395,"26,21"
352440,JACAREÍ,SP,09/2022,1521,1107,"72,78",717,390,"64,77",414,"27,22",6,408,"26,82"
352440,JACAREÍ,SP,07/2022,1442,1116,"77,39",918,198,"82,26",326,"22,61",3,323,"22,40"
352450,JACI,SP,09/2022,26,20,"76,92",15,5,"75,00",6,"23,08",0,6,"23,08"
352450,JACI,SP,07/2022,27,22,"81,48",22,0,"100,00",5,"18,52",0,5,"18,52"
352450,JACI,SP,11/2022,27,22,"81,48",18,4,"81,82",5,"18,52",0,5,"18,52"
352460,JACUPIRANGA,SP,11/2022,215,147,"68,37",144,3,"97,96",68,"31,63",0,68,"31,63"
352460,JACUPIRANGA,SP,09/2022,231,104,"45,02",51,53,"49,04",127,"54,98",8,119,"51,52"
352460,JACUPIRANGA,SP,07/2022,224,106,"47,32",73,33,"68,87",118,"52,68",19,99,"44,20"
352470,JAGUARIÚNA,SP,09/2022,247,196,"79,35",142,54,"72,45",51,"20,65",20,31,"12,55"
352470,JAGUARIÚNA,SP,07/2022,214,113,"52,80",9,104,"7,96",101,"47,20",81,20,"9,35"
352470,JAGUARIÚNA,SP,11/2022,228,193,"84,65",174,19,"90,16",35,"15,35",1,34,"14,91"
352480,JALES,SP,11/2022,225,187,"83,11",164,23,"87,70",38,"16,89",16,22,"9,78"
352480,JALES,SP,07/2022,209,178,"85,17",153,25,"85,96",31,"14,83",13,18,"8,61"
352480,JALES,SP,09/2022,229,200,"87,34",169,31,"84,50",29,"12,66",7,22,"9,61"
352490,JAMBEIRO,SP,09/2022,43,6,"13,95",2,4,"33,33",37,"86,05",29,8,"18,60"
352490,JAMBEIRO,SP,07/2022,42,6,"14,29",6,0,"100,00",36,"85,71",28,8,"19,05"
352490,JAMBEIRO,SP,11/2022,40,6,"15,00",2,4,"33,33",34,"85,00",29,5,"12,50"
352500,JANDIRA,SP,11/2022,687,448,"65,21",448,0,"100,00",239,"34,79",4,235,"34,21"
352500,JANDIRA,SP,09/2022,713,131,"18,37",110,21,"83,97",582,"81,63",0,582,"81,63"
352500,JANDIRA,SP,07/2022,683,118,"17,28",111,7,"94,07",565,"82,72",1,564,"82,58"
352510,JARDINÓPOLIS,SP,07/2022,297,257,"86,53",223,34,"86,77",40,"13,47",8,32,"10,77"
352510,JARDINÓPOLIS,SP,09/2022,331,282,"85,20",233,49,"82,62",49,"14,80",13,36,"10,88"
352510,JARDINÓPOLIS,SP,11/2022,330,286,"86,67",257,29,"89,86",44,"13,33",0,44,"13,33"
352520,JARINU,SP,11/2022,225,213,"94,67",186,27,"87,32",12,"5,33",3,9,"4,00"
352520,JARINU,SP,09/2022,233,159,"68,24",130,29,"81,76",74,"31,76",44,30,"12,88"
352520,JARINU,SP,07/2022,210,183,"87,14",145,38,"79,23",27,"12,86",1,26,"12,38"
352530,JAÚ,SP,07/2022,608,427,"70,23",337,90,"78,92",181,"29,77",17,164,"26,97"
352530,JAÚ,SP,09/2022,662,484,"73,11",295,189,"60,95",178,"26,89",8,170,"25,68"
352530,JAÚ,SP,11/2022,659,470,"71,32",313,157,"66,60",189,"28,68",4,185,"28,07"
352540,JERIQUARA,SP,11/2022,43,38,"88,37",35,3,"92,11",5,"11,63",0,5,"11,63"
352540,JERIQUARA,SP,07/2022,37,33,"89,19",30,3,"90,91",4,"10,81",0,4,"10,81"
352540,JERIQUARA,SP,09/2022,44,38,"86,36",35,3,"92,11",6,"13,64",0,6,"13,64"
352550,JOANÓPOLIS,SP,09/2022,76,2,"2,63",2,0,"100,00",74,"97,37",50,24,"31,58"
352550,JOANÓPOLIS,SP,07/2022,74,3,"4,05",2,1,"66,67",71,"95,95",51,20,"27,03"
352550,JOANÓPOLIS,SP,11/2022,73,6,"8,22",5,1,"83,33",67,"91,78",51,16,"21,92"
352560,JOÃO RAMALHO,SP,11/2022,50,38,"76,00",34,4,"89,47",12,"24,00",1,11,"22,00"
352560,JOÃO RAMALHO,SP,09/2022,52,36,"69,23",33,3,"91,67",16,"30,77",1,15,"28,85"
352560,JOÃO RAMALHO,SP,07/2022,47,31,"65,96",29,2,"93,55",16,"34,04",2,14,"29,79"
352570,JOSÉ BONIFÁCIO,SP,09/2022,116,92,"79,31",80,12,"86,96",24,"20,69",2,22,"18,97"
352570,JOSÉ BONIFÁCIO,SP,07/2022,111,72,"64,86",69,3,"95,83",39,"35,14",2,37,"33,33"
352570,JOSÉ BONIFÁCIO,SP,11/2022,107,84,"78,50",81,3,"96,43",23,"21,50",3,20,"18,69"
352580,JÚLIO MESQUITA,SP,11/2022,53,45,"84,91",44,1,"97,78",8,"15,09",0,8,"15,09"
352580,JÚLIO MESQUITA,SP,09/2022,47,40,"85,11",36,4,"90,00",7,"14,89",0,7,"14,89"
352580,JÚLIO MESQUITA,SP,07/2022,49,39,"79,59",31,8,"79,49",10,"20,41",1,9,"18,37"
352585,JUMIRIM,SP,07/2022,21,16,"76,19",15,1,"93,75",5,"23,81",1,4,"19,05"
352585,JUMIRIM,SP,11/2022,17,13,"76,47",13,0,"100,00",4,"23,53",2,2,"11,76"
352585,JUMIRIM,SP,09/2022,23,16,"69,57",15,1,"93,75",7,"30,43",2,5,"21,74"
352590,JUNDIAÍ,SP,11/2022,1048,931,"88,84",779,152,"83,67",117,"11,16",11,106,"10,11"
352590,JUNDIAÍ,SP,07/2022,1022,915,"89,53",850,65,"92,90",107,"10,47",37,70,"6,85"
352590,JUNDIAÍ,SP,09/2022,1121,1009,"90,01",909,100,"90,09",112,"9,99",13,99,"8,83"
352600,JUNQUEIRÓPOLIS,SP,09/2022,146,133,"91,10",78,55,"58,65",13,"8,90",1,12,"8,22"
352600,JUNQUEIRÓPOLIS,SP,07/2022,128,113,"88,28",106,7,"93,81",15,"11,72",4,11,"8,59"
352600,JUNQUEIRÓPOLIS,SP,11/2022,140,128,"91,43",71,57,"55,47",12,"8,57",1,11,"7,86"
352610,JUQUIÁ,SP,11/2022,249,201,"80,72",173,28,"86,07",48,"19,28",1,47,"18,88"
352610,JUQUIÁ,SP,09/2022,256,195,"76,17",168,27,"86,15",61,"23,83",2,59,"23,05"
352610,JUQUIÁ,SP,07/2022,233,176,"75,54",162,14,"92,05",57,"24,46",0,57,"24,46"
352620,JUQUITIBA,SP,07/2022,440,187,"42,50",174,13,"93,05",253,"57,50",192,61,"13,86"
352620,JUQUITIBA,SP,09/2022,482,244,"50,62",235,9,"96,31",238,"49,38",173,65,"13,49"
352620,JUQUITIBA,SP,11/2022,473,241,"50,95",232,9,"96,27",232,"49,05",184,48,"10,15"
352630,LAGOINHA,SP,11/2022,55,46,"83,64",46,0,"100,00",9,"16,36",1,8,"14,55"
352630,LAGOINHA,SP,09/2022,56,43,"76,79",43,0,"100,00",13,"23,21",1,12,"21,43"
352630,LAGOINHA,SP,07/2022,51,41,"80,39",40,1,"97,56",10,"19,61",0,10,"19,61"
352640,LARANJAL PAULISTA,SP,09/2022,215,171,"79,53",165,6,"96,49",44,"20,47",4,40,"18,60"
352640,LARANJAL PAULISTA,SP,07/2022,186,149,"80,11",145,4,"97,32",37,"19,89",5,32,"17,20"
352640,LARANJAL PAULISTA,SP,11/2022,208,162,"77,88",161,1,"99,38",46,"22,12",3,43,"20,67"
352650,LAVÍNIA,SP,11/2022,35,27,"77,14",27,0,"100,00",8,"22,86",0,8,"22,86"
352650,LAVÍNIA,SP,07/2022,33,0,"0,00",0,0,,33,"100,00",25,8,"24,24"
352650,LAVÍNIA,SP,09/2022,36,25,"69,44",25,0,"100,00",11,"30,56",0,11,"30,56"
352660,LAVRINHAS,SP,07/2022,89,62,"69,66",46,16,"74,19",27,"30,34",12,15,"16,85"
352660,LAVRINHAS,SP,09/2022,108,76,"70,37",52,24,"68,42",32,"29,63",16,16,"14,81"
352660,LAVRINHAS,SP,11/2022,81,77,"95,06",68,9,"88,31",4,"4,94",0,4,"4,94"
352670,LEME,SP,11/2022,728,665,"91,35",593,72,"89,17",63,"8,65",7,56,"7,69"
352670,LEME,SP,07/2022,612,546,"89,22",507,39,"92,86",66,"10,78",4,62,"10,13"
352670,LEME,SP,09/2022,716,634,"88,55",520,114,"82,02",82,"11,45",6,76,"10,61"
352680,LENÇÓIS PAULISTA,SP,07/2022,229,213,"93,01",170,43,"79,81",16,"6,99",3,13,"5,68"
352680,LENÇÓIS PAULISTA,SP,09/2022,241,238,"98,76",149,89,"62,61",3,"1,24",0,3,"1,24"
352680,LENÇÓIS PAULISTA,SP,11/2022,249,241,"96,79",157,84,"65,15",8,"3,21",0,8,"3,21"
352690,LIMEIRA,SP,11/2022,2113,1504,"71,18",1093,411,"72,67",609,"28,82",107,502,"23,76"
352690,LIMEIRA,SP,09/2022,2153,1503,"69,81",1015,488,"67,53",650,"30,19",83,567,"26,34"
352690,LIMEIRA,SP,07/2022,1923,1296,"67,39",1069,227,"82,48",627,"32,61",169,458,"23,82"
352700,LINDÓIA,SP,09/2022,47,29,"61,70",24,5,"82,76",18,"38,30",2,16,"34,04"
352700,LINDÓIA,SP,07/2022,44,30,"68,18",28,2,"93,33",14,"31,82",3,11,"25,00"
352700,LINDÓIA,SP,11/2022,49,32,"65,31",24,8,"75,00",17,"34,69",0,17,"34,69"
352710,LINS,SP,11/2022,381,371,"97,38",300,71,"80,86",10,"2,62",1,9,"2,36"
352710,LINS,SP,07/2022,332,312,"93,98",290,22,"92,95",20,"6,02",6,14,"4,22"
352710,LINS,SP,09/2022,374,356,"95,19",236,120,"66,29",18,"4,81",6,12,"3,21"
352720,LORENA,SP,09/2022,725,173,"23,86",112,61,"64,74",552,"76,14",463,89,"12,28"
352720,LORENA,SP,07/2022,672,184,"27,38",130,54,"70,65",488,"72,62",371,117,"17,41"
352720,LORENA,SP,11/2022,771,684,"88,72",523,161,"76,46",87,"11,28",3,84,"10,89"
352725,LOURDES,SP,11/2022,15,14,"93,33",14,0,"100,00",1,"6,67",0,1,"6,67"
352725,LOURDES,SP,09/2022,17,15,"88,24",15,0,"100,00",2,"11,76",0,2,"11,76"
352725,LOURDES,SP,07/2022,12,10,"83,33",10,0,"100,00",2,"16,67",0,2,"16,67"
352730,LOUVEIRA,SP,09/2022,281,208,"74,02",202,6,"97,12",73,"25,98",2,71,"25,27"
352730,LOUVEIRA,SP,07/2022,248,181,"72,98",178,3,"98,34",67,"27,02",3,64,"25,81"
352730,LOUVEIRA,SP,11/2022,268,202,"75,37",202,0,"100,00",66,"24,63",2,64,"23,88"
352740,LUCÉLIA,SP,11/2022,138,123,"89,13",105,18,"85,37",15,"10,87",3,12,"8,70"
352740,LUCÉLIA,SP,07/2022,142,127,"89,44",97,30,"76,38",15,"10,56",3,12,"8,45"
352740,LUCÉLIA,SP,09/2022,152,135,"88,82",86,49,"63,70",17,"11,18",2,15,"9,87"
352750,LUCIANÓPOLIS,SP,07/2022,18,14,"77,78",14,0,"100,00",4,"22,22",1,3,"16,67"
352750,LUCIANÓPOLIS,SP,09/2022,24,21,"87,50",20,1,"95,24",3,"12,50",1,2,"8,33"
352750,LUCIANÓPOLIS,SP,11/2022,20,19,"95,00",19,0,"100,00",1,"5,00",0,1,"5,00"
352760,LUÍS ANTÔNIO,SP,11/2022,106,96,"90,57",89,7,"92,71",10,"9,43",0,10,"9,43"
352760,LUÍS ANTÔNIO,SP,07/2022,101,84,"83,17",79,5,"94,05",17,"16,83",9,8,"7,92"
352760,LUÍS ANTÔNIO,SP,09/2022,113,88,"77,88",80,8,"90,91",25,"22,12",15,10,"8,85"
352770,LUIZIÂNIA,SP,09/2022,60,42,"70,00",42,0,"100,00",18,"30,00",0,18,"30,00"
352770,LUIZIÂNIA,SP,07/2022,50,43,"86,00",43,0,"100,00",7,"14,00",0,7,"14,00"
352770,LUIZIÂNIA,SP,11/2022,63,44,"69,84",44,0,"100,00",19,"30,16",0,19,"30,16"
352780,LUPÉRCIO,SP,11/2022,39,32,"82,05",19,13,"59,38",7,"17,95",2,5,"12,82"
352780,LUPÉRCIO,SP,07/2022,26,22,"84,62",22,0,"100,00",4,"15,38",0,4,"15,38"
352780,LUPÉRCIO,SP,09/2022,29,24,"82,76",5,19,"20,83",5,"17,24",0,5,"17,24"
352790,LUTÉCIA,SP,09/2022,16,0,"0,00",0,0,,16,"100,00",11,5,"31,25"
352790,LUTÉCIA,SP,07/2022,14,8,"57,14",7,1,"87,50",6,"42,86",1,5,"35,71"
352790,LUTÉCIA,SP,11/2022,18,13,"72,22",9,4,"69,23",5,"27,78",1,4,"22,22"
352800,MACATUBA,SP,11/2022,58,53,"91,38",44,9,"83,02",5,"8,62",0,5,"8,62"
352800,MACATUBA,SP,07/2022,63,7,"11,11",7,0,"100,00",56,"88,89",49,7,"11,11"
352800,MACATUBA,SP,09/2022,66,58,"87,88",50,8,"86,21",8,"12,12",3,5,"7,58"
352810,MACAUBAL,SP,07/2022,64,52,"81,25",43,9,"82,69",12,"18,75",5,7,"10,94"
352810,MACAUBAL,SP,09/2022,71,54,"76,06",11,43,"20,37",17,"23,94",6,11,"15,49"
352810,MACAUBAL,SP,11/2022,66,54,"81,82",8,46,"14,81",12,"18,18",4,8,"12,12"
352820,MACEDÔNIA,SP,11/2022,26,26,"100,00",13,13,"50,00",0,"0,00",0,0,"0,00"
352820,MACEDÔNIA,SP,09/2022,30,30,"100,00",14,16,"46,67",0,"0,00",0,0,"0,00"
352820,MACEDÔNIA,SP,07/2022,28,28,"100,00",21,7,"75,00",0,"0,00",0,0,"0,00"
352830,MAGDA,SP,07/2022,16,13,"81,25",13,0,"100,00",3,"18,75",0,3,"18,75"
352830,MAGDA,SP,09/2022,16,13,"81,25",11,2,"84,62",3,"18,75",0,3,"18,75"
352830,MAGDA,SP,11/2022,17,13,"76,47",12,1,"92,31",4,"23,53",0,4,"23,53"
352840,MAIRINQUE,SP,11/2022,403,375,"93,05",354,21,"94,40",28,"6,95",5,23,"5,71"
352840,MAIRINQUE,SP,07/2022,401,363,"90,52",351,12,"96,69",38,"9,48",6,32,"7,98"
352840,MAIRINQUE,SP,09/2022,419,376,"89,74",307,69,"81,65",43,"10,26",7,36,"8,59"
352850,MAIRIPORÃ,SP,09/2022,745,471,"63,22",333,138,"70,70",274,"36,78",10,264,"35,44"
352850,MAIRIPORÃ,SP,07/2022,669,407,"60,84",355,52,"87,22",262,"39,16",6,256,"38,27"
352850,MAIRIPORÃ,SP,11/2022,778,512,"65,81",406,106,"79,30",266,"34,19",5,261,"33,55"
352860,MANDURI,SP,11/2022,72,53,"73,61",52,1,"98,11",19,"26,39",1,18,"25,00"
352860,MANDURI,SP,07/2022,68,53,"77,94",51,2,"96,23",15,"22,06",1,14,"20,59"
352860,MANDURI,SP,09/2022,76,59,"77,63",56,3,"94,92",17,"22,37",1,16,"21,05"
352870,MARABÁ PAULISTA,SP,09/2022,43,15,"34,88",12,3,"80,00",28,"65,12",21,7,"16,28"
352870,MARABÁ PAULISTA,SP,07/2022,33,0,"0,00",0,0,,33,"100,00",29,4,"12,12"
352870,MARABÁ PAULISTA,SP,11/2022,33,24,"72,73",22,2,"91,67",9,"27,27",3,6,"18,18"
352880,MARACAÍ,SP,11/2022,107,78,"72,90",69,9,"88,46",29,"27,10",0,29,"27,10"
352880,MARACAÍ,SP,09/2022,106,75,"70,75",71,4,"94,67",31,"29,25",0,31,"29,25"
352880,MARACAÍ,SP,07/2022,99,70,"70,71",68,2,"97,14",29,"29,29",0,29,"29,29"
352885,MARAPOAMA,SP,09/2022,22,20,"90,91",16,4,"80,00",2,"9,09",0,2,"9,09"
352885,MARAPOAMA,SP,07/2022,21,18,"85,71",18,0,"100,00",3,"14,29",1,2,"9,52"
352885,MARAPOAMA,SP,11/2022,23,19,"82,61",15,4,"78,95",4,"17,39",1,3,"13,04"
352890,MARIÁPOLIS,SP,11/2022,31,29,"93,55",7,22,"24,14",2,"6,45",1,1,"3,23"
352890,MARIÁPOLIS,SP,07/2022,27,0,"0,00",0,0,,27,"100,00",27,0,"0,00"
352890,MARIÁPOLIS,SP,09/2022,29,27,"93,10",6,21,"22,22",2,"6,90",1,1,"3,45"
352900,MARÍLIA,SP,09/2022,1068,912,"85,39",906,6,"99,34",156,"14,61",10,146,"13,67"
352900,MARÍLIA,SP,07/2022,982,827,"84,22",788,39,"95,28",155,"15,78",18,137,"13,95"
352900,MARÍLIA,SP,11/2022,1044,931,"89,18",931,0,"100,00",113,"10,82",5,108,"10,34"
352910,MARINÓPOLIS,SP,11/2022,11,9,"81,82",9,0,"100,00",2,"18,18",0,2,"18,18"
352910,MARINÓPOLIS,SP,09/2022,10,8,"80,00",8,0,"100,00",2,"20,00",0,2,"20,00"
352910,MARINÓPOLIS,SP,07/2022,9,9,"100,00",8,1,"88,89",0,"0,00",0,0,"0,00"
352920,MARTINÓPOLIS,SP,07/2022,190,155,"81,58",147,8,"94,84",35,"18,42",7,28,"14,74"
352920,MARTINÓPOLIS,SP,09/2022,199,170,"85,43",159,11,"93,53",29,"14,57",10,19,"9,55"
352920,MARTINÓPOLIS,SP,11/2022,205,172,"83,90",156,16,"90,70",33,"16,10",9,24,"11,71"
352930,MATÃO,SP,11/2022,393,331,"84,22",252,79,"76,13",62,"15,78",1,61,"15,52"
352930,MATÃO,SP,09/2022,411,331,"80,54",266,65,"80,36",80,"19,46",8,72,"17,52"
352930,MATÃO,SP,07/2022,385,303,"78,70",237,66,"78,22",82,"21,30",13,69,"17,92"
352940,MAUÁ,SP,09/2022,2052,1470,"71,64",1091,379,"74,22",582,"28,36",433,149,"7,26"
352940,MAUÁ,SP,07/2022,1948,1754,"90,04",1607,147,"91,62",194,"9,96",54,140,"7,19"
352940,MAUÁ,SP,11/2022,2158,2038,"94,44",1650,388,"80,96",120,"5,56",37,83,"3,85"
352950,MENDONÇA,SP,11/2022,31,27,"87,10",27,0,"100,00",4,"12,90",0,4,"12,90"
352950,MENDONÇA,SP,09/2022,33,31,"93,94",24,7,"77,42",2,"6,06",2,0,"0,00"
352950,MENDONÇA,SP,07/2022,31,22,"70,97",22,0,"100,00",9,"29,03",2,7,"22,58"
352960,MERIDIANO,SP,07/2022,26,16,"61,54",7,9,"43,75",10,"38,46",0,10,"38,46"
352960,MERIDIANO,SP,09/2022,27,18,"66,67",15,3,"83,33",9,"33,33",0,9,"33,33"
352960,MERIDIANO,SP,11/2022,28,21,"75,00",14,7,"66,67",7,"25,00",0,7,"25,00"
352965,MESÓPOLIS,SP,11/2022,16,14,"87,50",12,2,"85,71",2,"12,50",0,2,"12,50"
352965,MESÓPOLIS,SP,09/2022,14,12,"85,71",10,2,"83,33",2,"14,29",0,2,"14,29"
352965,MESÓPOLIS,SP,07/2022,15,12,"80,00",10,2,"83,33",3,"20,00",0,3,"20,00"
352970,MIGUELÓPOLIS,SP,09/2022,266,250,"93,98",250,0,"100,00",16,"6,02",1,15,"5,64"
352970,MIGUELÓPOLIS,SP,07/2022,236,223,"94,49",223,0,"100,00",13,"5,51",1,12,"5,08"
352970,MIGUELÓPOLIS,SP,11/2022,265,247,"93,21",247,0,"100,00",18,"6,79",0,18,"6,79"
352980,MINEIROS DO TIETÊ,SP,11/2022,133,100,"75,19",63,37,"63,00",33,"24,81",2,31,"23,31"
352980,MINEIROS DO TIETÊ,SP,07/2022,128,91,"71,09",38,53,"41,76",37,"28,91",3,34,"26,56"
352980,MINEIROS DO TIETÊ,SP,09/2022,141,90,"63,83",48,42,"53,33",51,"36,17",4,47,"33,33"
352990,MIRACATU,SP,07/2022,361,337,"93,35",337,0,"100,00",24,"6,65",1,23,"6,37"
352990,MIRACATU,SP,09/2022,365,271,"74,25",255,16,"94,10",94,"25,75",31,63,"17,26"
352990,MIRACATU,SP,11/2022,355,249,"70,14",229,20,"91,97",106,"29,86",15,91,"25,63"
353000,MIRA ESTRELA,SP,11/2022,12,11,"91,67",10,1,"90,91",1,"8,33",0,1,"8,33"
353000,MIRA ESTRELA,SP,09/2022,14,0,"0,00",0,0,,14,"100,00",9,5,"35,71"
353000,MIRA ESTRELA,SP,07/2022,13,9,"69,23",6,3,"66,67",4,"30,77",0,4,"30,77"
353010,MIRANDÓPOLIS,SP,09/2022,142,125,"88,03",96,29,"76,80",17,"11,97",2,15,"10,56"
353010,MIRANDÓPOLIS,SP,07/2022,143,115,"80,42",101,14,"87,83",28,"19,58",3,25,"17,48"
353010,MIRANDÓPOLIS,SP,11/2022,134,119,"88,81",90,29,"75,63",15,"11,19",1,14,"10,45"
353020,MIRANTE DO PARANAPANEMA,SP,11/2022,155,145,"93,55",144,1,"99,31",10,"6,45",3,7,"4,52"
353020,MIRANTE DO PARANAPANEMA,SP,07/2022,153,114,"74,51",106,8,"92,98",39,"25,49",4,35,"22,88"
353020,MIRANTE DO PARANAPANEMA,SP,09/2022,168,159,"94,64",126,33,"79,25",9,"5,36",1,8,"4,76"
353030,MIRASSOL,SP,09/2022,331,269,"81,27",267,2,"99,26",62,"18,73",7,55,"16,62"
353030,MIRASSOL,SP,07/2022,292,224,"76,71",212,12,"94,64",68,"23,29",4,64,"21,92"
353030,MIRASSOL,SP,11/2022,320,258,"80,63",219,39,"84,88",62,"19,38",4,58,"18,13"
353040,MIRASSOLÂNDIA,SP,11/2022,40,36,"90,00",30,6,"83,33",4,"10,00",2,2,"5,00"
353040,MIRASSOLÂNDIA,SP,09/2022,32,0,"0,00",0,0,,32,"100,00",22,10,"31,25"
353040,MIRASSOLÂNDIA,SP,07/2022,28,17,"60,71",14,3,"82,35",11,"39,29",2,9,"32,14"
353050,MOCOCA,SP,07/2022,407,369,"90,66",362,7,"98,10",38,"9,34",1,37,"9,09"
353050,MOCOCA,SP,09/2022,437,379,"86,73",348,31,"91,82",58,"13,27",13,45,"10,30"
353050,MOCOCA,SP,11/2022,425,387,"91,06",383,4,"98,97",38,"8,94",4,34,"8,00"
353060,MOGI DAS CRUZES,SP,11/2022,4364,3487,"79,90",3113,374,"89,27",877,"20,10",123,754,"17,28"
353060,MOGI DAS CRUZES,SP,07/2022,4226,2896,"68,53",2452,444,"84,67",1330,"31,47",287,1043,"24,68"
353060,MOGI DAS CRUZES,SP,09/2022,4518,2331,"51,59",1826,505,"78,34",2187,"48,41",1047,1140,"25,23"
353070,MOGI GUAÇU,SP,09/2022,789,644,"81,62",564,80,"87,58",145,"18,38",7,138,"17,49"
353070,MOGI GUAÇU,SP,07/2022,719,629,"87,48",604,25,"96,03",90,"12,52",4,86,"11,96"
353070,MOGI GUAÇU,SP,11/2022,776,702,"90,46",581,121,"82,76",74,"9,54",21,53,"6,83"
353080,MOGI MIRIM,SP,11/2022,338,245,"72,49",185,60,"75,51",93,"27,51",6,87,"25,74"
353080,MOGI MIRIM,SP,07/2022,269,18,"6,69",16,2,"88,89",251,"93,31",199,52,"19,33"
353080,MOGI MIRIM,SP,09/2022,325,231,"71,08",191,40,"82,68",94,"28,92",12,82,"25,23"
353090,MOMBUCA,SP,07/2022,39,32,"82,05",25,7,"78,13",7,"17,95",0,7,"17,95"
353090,MOMBUCA,SP,09/2022,45,35,"77,78",24,11,"68,57",10,"22,22",0,10,"22,22"
353090,MOMBUCA,SP,11/2022,48,38,"79,17",31,7,"81,58",10,"20,83",0,10,"20,83"
353100,MONÇÕES,SP,11/2022,9,9,"100,00",1,8,"11,11",0,"0,00",0,0,"0,00"
353100,MONÇÕES,SP,09/2022,8,8,"100,00",4,4,"50,00",0,"0,00",0,0,"0,00"
353100,MONÇÕES,SP,07/2022,7,7,"100,00",7,0,"100,00",0,"0,00",0,0,"0,00"
353110,MONGAGUÁ,SP,07/2022,769,516,"67,10",438,78,"84,88",253,"32,90",195,58,"7,54"
353110,MONGAGUÁ,SP,09/2022,858,712,"82,98",611,101,"85,81",146,"17,02",71,75,"8,74"
353110,MONGAGUÁ,SP,11/2022,830,739,"89,04",664,75,"89,85",91,"10,96",10,81,"9,76"
353120,MONTE ALEGRE DO SUL,SP,11/2022,15,4,"26,67",4,0,"100,00",11,"73,33",7,4,"26,67"
353120,MONTE ALEGRE DO SUL,SP,09/2022,26,20,"76,92",19,1,"95,00",6,"23,08",2,4,"15,38"
353120,MONTE ALEGRE DO SUL,SP,07/2022,22,16,"72,73",13,3,"81,25",6,"27,27",1,5,"22,73"
353130,MONTE ALTO,SP,07/2022,139,124,"89,21",114,10,"91,94",15,"10,79",1,14,"10,07"
353130,MONTE ALTO,SP,09/2022,153,139,"90,85",106,33,"76,26",14,"9,15",1,13,"8,50"
353130,MONTE ALTO,SP,11/2022,135,58,"42,96",54,4,"93,10",77,"57,04",64,13,"9,63"
353140,MONTE APRAZÍVEL,SP,11/2022,211,177,"83,89",177,0,"100,00",34,"16,11",1,33,"15,64"
353140,MONTE APRAZÍVEL,SP,07/2022,174,148,"85,06",139,9,"93,92",26,"14,94",4,22,"12,64"
353140,MONTE APRAZÍVEL,SP,09/2022,197,166,"84,26",158,8,"95,18",31,"15,74",0,31,"15,74"
353150,MONTE AZUL PAULISTA,SP,07/2022,73,52,"71,23",12,40,"23,08",21,"28,77",5,16,"21,92"
353150,MONTE AZUL PAULISTA,SP,09/2022,82,60,"73,17",12,48,"20,00",22,"26,83",5,17,"20,73"
353150,MONTE AZUL PAULISTA,SP,11/2022,82,63,"76,83",13,50,"20,63",19,"23,17",2,17,"20,73"
353160,MONTE CASTELO,SP,11/2022,31,25,"80,65",12,13,"48,00",6,"19,35",0,6,"19,35"
353160,MONTE CASTELO,SP,07/2022,27,21,"77,78",5,16,"23,81",6,"22,22",2,4,"14,81"
353160,MONTE CASTELO,SP,09/2022,27,24,"88,89",5,19,"20,83",3,"11,11",0,3,"11,11"
353170,MONTEIRO LOBATO,SP,07/2022,44,36,"81,82",33,3,"91,67",8,"18,18",3,5,"11,36"
353170,MONTEIRO LOBATO,SP,09/2022,48,40,"83,33",29,11,"72,50",8,"16,67",2,6,"12,50"
353170,MONTEIRO LOBATO,SP,11/2022,48,40,"83,33",35,5,"87,50",8,"16,67",1,7,"14,58"
353180,MONTE MOR,SP,11/2022,676,329,"48,67",283,46,"86,02",347,"51,33",195,152,"22,49"
353180,MONTE MOR,SP,07/2022,659,446,"67,68",423,23,"94,84",213,"32,32",55,158,"23,98"
353180,MONTE MOR,SP,09/2022,698,269,"38,54",176,93,"65,43",429,"61,46",262,167,"23,93"
353190,MORRO AGUDO,SP,09/2022,271,220,"81,18",202,18,"91,82",51,"18,82",2,49,"18,08"
353190,MORRO AGUDO,SP,07/2022,247,178,"72,06",165,13,"92,70",69,"27,94",2,67,"27,13"
353190,MORRO AGUDO,SP,11/2022,257,213,"82,88",202,11,"94,84",44,"17,12",0,44,"17,12"
353200,MORUNGABA,SP,11/2022,66,62,"93,94",42,20,"67,74",4,"6,06",1,3,"4,55"
353200,MORUNGABA,SP,09/2022,67,43,"64,18",29,14,"67,44",24,"35,82",1,23,"34,33"
353200,MORUNGABA,SP,07/2022,57,35,"61,40",31,4,"88,57",22,"38,60",1,21,"36,84"
353205,MOTUCA,SP,09/2022,33,30,"90,91",29,1,"96,67",3,"9,09",1,2,"6,06"
353205,MOTUCA,SP,07/2022,30,30,"100,00",29,1,"96,67",0,"0,00",0,0,"0,00"
353205,MOTUCA,SP,11/2022,30,27,"90,00",27,0,"100,00",3,"10,00",0,3,"10,00"
353210,MURUTINGA DO SUL,SP,11/2022,35,29,"82,86",21,8,"72,41",6,"17,14",0,6,"17,14"
353210,MURUTINGA DO SUL,SP,07/2022,36,28,"77,78",20,8,"71,43",8,"22,22",0,8,"22,22"
353210,MURUTINGA DO SUL,SP,09/2022,39,30,"76,92",26,4,"86,67",9,"23,08",0,9,"23,08"
353215,NANTES,SP,09/2022,19,14,"73,68",14,0,"100,00",5,"26,32",0,5,"26,32"
353215,NANTES,SP,07/2022,19,0,"0,00",0,0,,19,"100,00",19,0,"0,00"
353215,NANTES,SP,11/2022,21,17,"80,95",17,0,"100,00",4,"19,05",0,4,"19,05"
353220,NARANDIBA,SP,11/2022,35,30,"85,71",24,6,"80,00",5,"14,29",0,5,"14,29"
353220,NARANDIBA,SP,07/2022,31,22,"70,97",15,7,"68,18",9,"29,03",1,8,"25,81"
353220,NARANDIBA,SP,09/2022,34,26,"76,47",19,7,"73,08",8,"23,53",1,7,"20,59"
353230,NATIVIDADE DA SERRA,SP,09/2022,71,54,"76,06",54,0,"100,00",17,"23,94",5,12,"16,90"
353230,NATIVIDADE DA SERRA,SP,07/2022,69,52,"75,36",52,0,"100,00",17,"24,64",4,13,"18,84"
353230,NATIVIDADE DA SERRA,SP,11/2022,66,55,"83,33",54,1,"98,18",11,"16,67",1,10,"15,15"
353240,NAZARÉ PAULISTA,SP,11/2022,167,147,"88,02",131,16,"89,12",20,"11,98",6,14,"8,38"
353240,NAZARÉ PAULISTA,SP,09/2022,149,43,"28,86",30,13,"69,77",106,"71,14",97,9,"6,04"
353240,NAZARÉ PAULISTA,SP,07/2022,143,28,"19,58",26,2,"92,86",115,"80,42",104,11,"7,69"
353250,NEVES PAULISTA,SP,07/2022,57,49,"85,96",38,11,"77,55",8,"14,04",1,7,"12,28"
353250,NEVES PAULISTA,SP,09/2022,68,62,"91,18",45,17,"72,58",6,"8,82",0,6,"8,82"
353250,NEVES PAULISTA,SP,11/2022,63,57,"90,48",50,7,"87,72",6,"9,52",1,5,"7,94"
353260,NHANDEARA,SP,11/2022,49,41,"83,67",12,29,"29,27",8,"16,33",0,8,"16,33"
353260,NHANDEARA,SP,07/2022,40,32,"80,00",9,23,"28,13",8,"20,00",0,8,"20,00"
353260,NHANDEARA,SP,09/2022,48,39,"81,25",20,19,"51,28",9,"18,75",1,8,"16,67"
353270,NIPOÃ,SP,07/2022,63,57,"90,48",38,19,"66,67",6,"9,52",0,6,"9,52"
353270,NIPOÃ,SP,09/2022,67,59,"88,06",35,24,"59,32",8,"11,94",0,8,"11,94"
353270,NIPOÃ,SP,11/2022,65,56,"86,15",42,14,"75,00",9,"13,85",0,9,"13,85"
353280,NOVA ALIANÇA,SP,11/2022,44,31,"70,45",27,4,"87,10",13,"29,55",0,13,"29,55"
353280,NOVA ALIANÇA,SP,09/2022,47,31,"65,96",22,9,"70,97",16,"34,04",1,15,"31,91"
353280,NOVA ALIANÇA,SP,07/2022,40,31,"77,50",28,3,"90,32",9,"22,50",0,9,"22,50"
353282,NOVA CAMPINA,SP,07/2022,167,3,"1,80",3,0,"100,00",164,"98,20",142,22,"13,17"
353282,NOVA CAMPINA,SP,09/2022,168,130,"77,38",74,56,"56,92",38,"22,62",0,38,"22,62"
353282,NOVA CAMPINA,SP,11/2022,152,125,"82,24",59,66,"47,20",27,"17,76",1,26,"17,11"
353284,NOVA CANAÃ PAULISTA,SP,11/2022,12,11,"91,67",9,2,"81,82",1,"8,33",0,1,"8,33"
353284,NOVA CANAÃ PAULISTA,SP,09/2022,14,0,"0,00",0,0,,14,"100,00",12,2,"14,29"
353284,NOVA CANAÃ PAULISTA,SP,07/2022,15,6,"40,00",3,3,"50,00",9,"60,00",5,4,"26,67"
353286,NOVA CASTILHO,SP,07/2022,4,3,"75,00",2,1,"66,67",1,"25,00",0,1,"25,00"
353286,NOVA CASTILHO,SP,09/2022,5,4,"80,00",3,1,"75,00",1,"20,00",0,1,"20,00"
353286,NOVA CASTILHO,SP,11/2022,4,3,"75,00",3,0,"100,00",1,"25,00",0,1,"25,00"
353290,NOVA EUROPA,SP,11/2022,48,41,"85,42",41,0,"100,00",7,"14,58",0,7,"14,58"
353290,NOVA EUROPA,SP,07/2022,56,54,"96,43",54,0,"100,00",2,"3,57",0,2,"3,57"
353290,NOVA EUROPA,SP,09/2022,52,45,"86,54",28,17,"62,22",7,"13,46",0,7,"13,46"
353300,NOVA GRANADA,SP,09/2022,119,100,"84,03",98,2,"98,00",19,"15,97",1,18,"15,13"
353300,NOVA GRANADA,SP,07/2022,103,86,"83,50",82,4,"95,35",17,"16,50",1,16,"15,53"
353300,NOVA GRANADA,SP,11/2022,119,105,"88,24",102,3,"97,14",14,"11,76",1,13,"10,92"
353310,NOVA GUATAPORANGA,SP,11/2022,25,22,"88,00",17,5,"77,27",3,"12,00",0,3,"12,00"
353310,NOVA GUATAPORANGA,SP,09/2022,26,24,"92,31",24,0,"100,00",2,"7,69",0,2,"7,69"
353310,NOVA GUATAPORANGA,SP,07/2022,25,24,"96,00",24,0,"100,00",1,"4,00",0,1,"4,00"
353320,NOVA INDEPENDÊNCIA,SP,07/2022,43,32,"74,42",28,4,"87,50",11,"25,58",2,9,"20,93"
353320,NOVA INDEPENDÊNCIA,SP,09/2022,49,37,"75,51",34,3,"91,89",12,"24,49",1,11,"22,45"
353320,NOVA INDEPENDÊNCIA,SP,11/2022,46,37,"80,43",36,1,"97,30",9,"19,57",0,9,"19,57"
353325,NOVAIS,SP,11/2022,30,21,"70,00",19,2,"90,48",9,"30,00",1,8,"26,67"
353325,NOVAIS,SP,09/2022,34,29,"85,29",14,15,"48,28",5,"14,71",0,5,"14,71"
353325,NOVAIS,SP,07/2022,28,24,"85,71",18,6,"75,00",4,"14,29",0,4,"14,29"
353330,NOVA LUZITÂNIA,SP,09/2022,32,28,"87,50",21,7,"75,00",4,"12,50",0,4,"12,50"
353330,NOVA LUZITÂNIA,SP,07/2022,30,25,"83,33",19,6,"76,00",5,"16,67",0,5,"16,67"
353330,NOVA LUZITÂNIA,SP,11/2022,27,23,"85,19",22,1,"95,65",4,"14,81",0,4,"14,81"
353340,NOVA ODESSA,SP,11/2022,223,201,"90,13",183,18,"91,04",22,"9,87",1,21,"9,42"
353340,NOVA ODESSA,SP,07/2022,212,194,"91,51",150,44,"77,32",18,"8,49",4,14,"6,60"
353340,NOVA ODESSA,SP,09/2022,236,211,"89,41",177,34,"83,89",25,"10,59",7,18,"7,63"
353350,NOVO HORIZONTE,SP,09/2022,231,218,"94,37",162,56,"74,31",13,"5,63",2,11,"4,76"
353350,NOVO HORIZONTE,SP,07/2022,204,194,"95,10",164,30,"84,54",10,"4,90",1,9,"4,41"
353350,NOVO HORIZONTE,SP,11/2022,227,207,"91,19",145,62,"70,05",20,"8,81",2,18,"7,93"
353360,NUPORANGA,SP,11/2022,49,33,"67,35",33,0,"100,00",16,"32,65",0,16,"32,65"
353360,NUPORANGA,SP,07/2022,45,32,"71,11",32,0,"100,00",13,"28,89",1,12,"26,67"
353360,NUPORANGA,SP,09/2022,48,30,"62,50",22,8,"73,33",18,"37,50",3,15,"31,25"
353370,OCAUÇU,SP,09/2022,40,34,"85,00",11,23,"32,35",6,"15,00",2,4,"10,00"
353370,OCAUÇU,SP,07/2022,37,30,"81,08",14,16,"46,67",7,"18,92",1,6,"16,22"
353370,OCAUÇU,SP,11/2022,35,4,"11,43",1,3,"25,00",31,"88,57",30,1,"2,86"
353380,ÓLEO,SP,11/2022,14,10,"71,43",6,4,"60,00",4,"28,57",0,4,"28,57"
353380,ÓLEO,SP,07/2022,18,12,"66,67",11,1,"91,67",6,"33,33",1,5,"27,78"
353380,ÓLEO,SP,09/2022,17,13,"76,47",9,4,"69,23",4,"23,53",0,4,"23,53"
353390,OLÍMPIA,SP,07/2022,384,275,"71,61",270,5,"98,18",109,"28,39",15,94,"24,48"
353390,OLÍMPIA,SP,09/2022,430,315,"73,26",308,7,"97,78",115,"26,74",6,109,"25,35"
353390,OLÍMPIA,SP,11/2022,429,326,"75,99",311,15,"95,40",103,"24,01",5,98,"22,84"
353400,ONDA VERDE,SP,11/2022,26,24,"92,31",24,0,"100,00",2,"7,69",0,2,"7,69"
353400,ONDA VERDE,SP,07/2022,25,22,"88,00",22,0,"100,00",3,"12,00",1,2,"8,00"
353400,ONDA VERDE,SP,09/2022,28,25,"89,29",25,0,"100,00",3,"10,71",0,3,"10,71"
353410,ORIENTE,SP,07/2022,25,0,"0,00",0,0,,25,"100,00",24,1,"4,00"
353410,ORIENTE,SP,09/2022,25,23,"92,00",23,0,"100,00",2,"8,00",0,2,"8,00"
353410,ORIENTE,SP,11/2022,23,21,"91,30",21,0,"100,00",2,"8,70",0,2,"8,70"
353420,ORINDIÚVA,SP,11/2022,15,13,"86,67",13,0,"100,00",2,"13,33",0,2,"13,33"
353420,ORINDIÚVA,SP,09/2022,14,9,"64,29",9,0,"100,00",5,"35,71",0,5,"35,71"
353420,ORINDIÚVA,SP,07/2022,11,7,"63,64",7,0,"100,00",4,"36,36",0,4,"36,36"
353430,ORLÂNDIA,SP,07/2022,176,139,"78,98",121,18,"87,05",37,"21,02",3,34,"19,32"
353430,ORLÂNDIA,SP,09/2022,188,146,"77,66",84,62,"57,53",42,"22,34",2,40,"21,28"
353430,ORLÂNDIA,SP,11/2022,189,149,"78,84",126,23,"84,56",40,"21,16",0,40,"21,16"
353440,OSASCO,SP,11/2022,5459,5037,"92,27",4832,205,"95,93",422,"7,73",80,342,"6,26"
353440,OSASCO,SP,09/2022,5580,5105,"91,49",4857,248,"95,14",475,"8,51",82,393,"7,04"
353440,OSASCO,SP,07/2022,5148,4570,"88,77",4276,294,"93,57",578,"11,23",74,504,"9,79"
353450,OSCAR BRESSANE,SP,07/2022,20,18,"90,00",15,3,"83,33",2,"10,00",0,2,"10,00"
353450,OSCAR BRESSANE,SP,09/2022,21,19,"90,48",13,6,"68,42",2,"9,52",0,2,"9,52"
353450,OSCAR BRESSANE,SP,11/2022,24,23,"95,83",23,0,"100,00",1,"4,17",0,1,"4,17"
353460,OSVALDO CRUZ,SP,11/2022,195,175,"89,74",168,7,"96,00",20,"10,26",1,19,"9,74"
353460,OSVALDO CRUZ,SP,07/2022,191,181,"94,76",160,21,"88,40",10,"5,24",1,9,"4,71"
353460,OSVALDO CRUZ,SP,09/2022,200,188,"94,00",156,32,"82,98",12,"6,00",1,11,"5,50"
353470,OURINHOS,SP,07/2022,546,403,"73,81",345,58,"85,61",143,"26,19",55,88,"16,12"
353470,OURINHOS,SP,09/2022,591,488,"82,57",356,132,"72,95",103,"17,43",6,97,"16,41"
353470,OURINHOS,SP,11/2022,578,489,"84,60",425,64,"86,91",89,"15,40",5,84,"14,53"
353475,OUROESTE,SP,11/2022,93,79,"84,95",78,1,"98,73",14,"15,05",1,13,"13,98"
353475,OUROESTE,SP,09/2022,96,83,"86,46",83,0,"100,00",13,"13,54",2,11,"11,46"
353475,OUROESTE,SP,07/2022,80,68,"85,00",67,1,"98,53",12,"15,00",2,10,"12,50"
353480,OURO VERDE,SP,09/2022,120,102,"85,00",54,48,"52,94",18,"15,00",1,17,"14,17"
353480,OURO VERDE,SP,07/2022,117,109,"93,16",109,0,"100,00",8,"6,84",0,8,"6,84"
353480,OURO VERDE,SP,11/2022,110,101,"91,82",54,47,"53,47",9,"8,18",1,8,"7,27"
353490,PACAEMBU,SP,11/2022,66,64,"96,97",44,20,"68,75",2,"3,03",0,2,"3,03"
353490,PACAEMBU,SP,07/2022,51,43,"84,31",27,16,"62,79",8,"15,69",0,8,"15,69"
353490,PACAEMBU,SP,09/2022,62,61,"98,39",34,27,"55,74",1,"1,61",0,1,"1,61"
353500,PALESTINA,SP,07/2022,64,40,"62,50",40,0,"100,00",24,"37,50",0,24,"37,50"
353500,PALESTINA,SP,09/2022,73,46,"63,01",45,1,"97,83",27,"36,99",0,27,"36,99"
353500,PALESTINA,SP,11/2022,77,48,"62,34",48,0,"100,00",29,"37,66",0,29,"37,66"
353510,PALMARES PAULISTA,SP,11/2022,60,38,"63,33",34,4,"89,47",22,"36,67",0,22,"36,67"
353510,PALMARES PAULISTA,SP,07/2022,57,33,"57,89",26,7,"78,79",24,"42,11",0,24,"42,11"
353510,PALMARES PAULISTA,SP,09/2022,62,37,"59,68",15,22,"40,54",25,"40,32",0,25,"40,32"
353520,PALMEIRA D´OESTE,SP,07/2022,51,39,"76,47",31,8,"79,49",12,"23,53",3,9,"17,65"
353520,PALMEIRA D´OESTE,SP,09/2022,53,10,"18,87",10,0,"100,00",43,"81,13",31,12,"22,64"
353520,PALMEIRA D´OESTE,SP,11/2022,57,43,"75,44",43,0,"100,00",14,"24,56",1,13,"22,81"
353530,PALMITAL,SP,11/2022,156,145,"92,95",139,6,"95,86",11,"7,05",0,11,"7,05"
353530,PALMITAL,SP,09/2022,157,142,"90,45",120,22,"84,51",15,"9,55",4,11,"7,01"
353530,PALMITAL,SP,07/2022,136,126,"92,65",104,22,"82,54",10,"7,35",2,8,"5,88"
353540,PANORAMA,SP,09/2022,165,137,"83,03",63,74,"45,99",28,"16,97",3,25,"15,15"
353540,PANORAMA,SP,07/2022,163,140,"85,89",104,36,"74,29",23,"14,11",5,18,"11,04"
353540,PANORAMA,SP,11/2022,160,132,"82,50",90,42,"68,18",28,"17,50",1,27,"16,88"
353550,PARAGUAÇU PAULISTA,SP,11/2022,402,377,"93,78",267,110,"70,82",25,"6,22",5,20,"4,98"
353550,PARAGUAÇU PAULISTA,SP,09/2022,423,365,"86,29",237,128,"64,93",58,"13,71",6,52,"12,29"
353550,PARAGUAÇU PAULISTA,SP,07/2022,371,321,"86,52",246,75,"76,64",50,"13,48",9,41,"11,05"
353560,PARAIBUNA,SP,09/2022,149,133,"89,26",112,21,"84,21",16,"10,74",5,11,"7,38"
353560,PARAIBUNA,SP,07/2022,143,134,"93,71",108,26,"80,60",9,"6,29",3,6,"4,20"
353560,PARAIBUNA,SP,11/2022,156,144,"92,31",114,30,"79,17",12,"7,69",1,11,"7,05"
353570,PARAÍSO,SP,11/2022,24,15,"62,50",14,1,"93,33",9,"37,50",3,6,"25,00"
353570,PARAÍSO,SP,07/2022,25,12,"48,00",12,0,"100,00",13,"52,00",0,13,"52,00"
353570,PARAÍSO,SP,09/2022,30,14,"46,67",11,3,"78,57",16,"53,33",1,15,"50,00"
353580,PARANAPANEMA,SP,07/2022,152,5,"3,29",4,1,"80,00",147,"96,71",116,31,"20,39"
353580,PARANAPANEMA,SP,09/2022,155,10,"6,45",8,2,"80,00",145,"93,55",110,35,"22,58"
353580,PARANAPANEMA,SP,11/2022,153,12,"7,84",11,1,"91,67",141,"92,16",104,37,"24,18"
353590,PARANAPUÃ,SP,11/2022,52,0,"0,00",0,0,,52,"100,00",48,4,"7,69"
353590,PARANAPUÃ,SP,07/2022,42,39,"92,86",39,0,"100,00",3,"7,14",1,2,"4,76"
353590,PARANAPUÃ,SP,09/2022,45,41,"91,11",40,1,"97,56",4,"8,89",0,4,"8,89"
353600,PARAPUÃ,SP,09/2022,80,11,"13,75",1,10,"9,09",69,"86,25",63,6,"7,50"
353600,PARAPUÃ,SP,07/2022,84,45,"53,57",9,36,"20,00",39,"46,43",36,3,"3,57"
353600,PARAPUÃ,SP,11/2022,80,70,"87,50",40,30,"57,14",10,"12,50",1,9,"11,25"
353610,PARDINHO,SP,11/2022,49,46,"93,88",34,12,"73,91",3,"6,12",3,0,"0,00"
353610,PARDINHO,SP,09/2022,56,51,"91,07",43,8,"84,31",5,"8,93",3,2,"3,57"
353610,PARDINHO,SP,07/2022,46,40,"86,96",30,10,"75,00",6,"13,04",5,1,"2,17"
353620,PARIQUERA-AÇU,SP,09/2022,178,140,"78,65",117,23,"83,57",38,"21,35",2,36,"20,22"
353620,PARIQUERA-AÇU,SP,07/2022,178,133,"74,72",102,31,"76,69",45,"25,28",2,43,"24,16"
353620,PARIQUERA-AÇU,SP,11/2022,164,138,"84,15",123,15,"89,13",26,"15,85",0,26,"15,85"
353625,PARISI,SP,11/2022,30,18,"60,00",15,3,"83,33",12,"40,00",0,12,"40,00"
353625,PARISI,SP,09/2022,35,23,"65,71",17,6,"73,91",12,"34,29",1,11,"31,43"
353625,PARISI,SP,07/2022,32,23,"71,88",19,4,"82,61",9,"28,13",1,8,"25,00"
353630,PATROCÍNIO PAULISTA,SP,07/2022,123,99,"80,49",90,9,"90,91",24,"19,51",0,24,"19,51"
353630,PATROCÍNIO PAULISTA,SP,09/2022,134,100,"74,63",97,3,"97,00",34,"25,37",0,34,"25,37"
353630,PATROCÍNIO PAULISTA,SP,11/2022,124,92,"74,19",92,0,"100,00",32,"25,81",0,32,"25,81"
353640,PAULICÉIA,SP,11/2022,85,73,"85,88",65,8,"89,04",12,"14,12",2,10,"11,76"
353640,PAULICÉIA,SP,09/2022,84,74,"88,10",64,10,"86,49",10,"11,90",5,5,"5,95"
353640,PAULICÉIA,SP,07/2022,82,26,"31,71",18,8,"69,23",56,"68,29",50,6,"7,32"
353650,PAULÍNIA,SP,09/2022,540,508,"94,07",391,117,"76,97",32,"5,93",16,16,"2,96"
353650,PAULÍNIA,SP,07/2022,477,454,"95,18",428,26,"94,27",23,"4,82",8,15,"3,14"
353650,PAULÍNIA,SP,11/2022,529,529,"100,00",442,87,"83,55",0,"0,00",0,0,"0,00"
353657,PAULISTÂNIA,SP,11/2022,20,17,"85,00",14,3,"82,35",3,"15,00",0,3,"15,00"
353657,PAULISTÂNIA,SP,09/2022,19,15,"78,95",9,6,"60,00",4,"21,05",0,4,"21,05"
353657,PAULISTÂNIA,SP,07/2022,18,15,"83,33",14,1,"93,33",3,"16,67",0,3,"16,67"
353660,PAULO DE FARIA,SP,09/2022,81,60,"74,07",43,17,"71,67",21,"25,93",4,17,"20,99"
353660,PAULO DE FARIA,SP,07/2022,70,54,"77,14",26,28,"48,15",16,"22,86",1,15,"21,43"
353660,PAULO DE FARIA,SP,11/2022,78,62,"79,49",42,20,"67,74",16,"20,51",1,15,"19,23"
353670,PEDERNEIRAS,SP,11/2022,327,290,"88,69",284,6,"97,93",37,"11,31",3,34,"10,40"
353670,PEDERNEIRAS,SP,07/2022,295,241,"81,69",241,0,"100,00",54,"18,31",10,44,"14,92"
353670,PEDERNEIRAS,SP,09/2022,344,290,"84,30",228,62,"78,62",54,"15,70",5,49,"14,24"
353680,PEDRA BELA,SP,07/2022,54,45,"83,33",42,3,"93,33",9,"16,67",1,8,"14,81"
353680,PEDRA BELA,SP,09/2022,52,42,"80,77",28,14,"66,67",10,"19,23",3,7,"13,46"
353680,PEDRA BELA,SP,11/2022,54,37,"68,52",37,0,"100,00",17,"31,48",3,14,"25,93"
353690,PEDRANÓPOLIS,SP,11/2022,13,9,"69,23",9,0,"100,00",4,"30,77",0,4,"30,77"
353690,PEDRANÓPOLIS,SP,09/2022,11,0,"0,00",0,0,,11,"100,00",8,3,"27,27"
353690,PEDRANÓPOLIS,SP,07/2022,12,10,"83,33",10,0,"100,00",2,"16,67",0,2,"16,67"
353700,PEDREGULHO,SP,09/2022,170,153,"90,00",116,37,"75,82",17,"10,00",1,16,"9,41"
353700,PEDREGULHO,SP,07/2022,152,141,"92,76",102,39,"72,34",11,"7,24",0,11,"7,24"
353700,PEDREGULHO,SP,11/2022,157,142,"90,45",89,53,"62,68",15,"9,55",0,15,"9,55"
353710,PEDREIRA,SP,11/2022,194,154,"79,38",126,28,"81,82",40,"20,62",2,38,"19,59"
353710,PEDREIRA,SP,09/2022,194,146,"75,26",99,47,"67,81",48,"24,74",6,42,"21,65"
353710,PEDREIRA,SP,07/2022,165,93,"56,36",81,12,"87,10",72,"43,64",31,41,"24,85"
353715,PEDRINHAS PAULISTA,SP,07/2022,16,11,"68,75",2,9,"18,18",5,"31,25",1,4,"25,00"
353715,PEDRINHAS PAULISTA,SP,09/2022,18,13,"72,22",9,4,"69,23",5,"27,78",0,5,"27,78"
353715,PEDRINHAS PAULISTA,SP,11/2022,16,13,"81,25",13,0,"100,00",3,"18,75",0,3,"18,75"
353720,PEDRO DE TOLEDO,SP,11/2022,191,142,"74,35",111,31,"78,17",49,"25,65",4,45,"23,56"
353720,PEDRO DE TOLEDO,SP,07/2022,191,79,"41,36",79,0,"100,00",112,"58,64",82,30,"15,71"
353720,PEDRO DE TOLEDO,SP,09/2022,192,137,"71,35",102,35,"74,45",55,"28,65",3,52,"27,08"
353730,PENÁPOLIS,SP,07/2022,352,240,"68,18",205,35,"85,42",112,"31,82",3,109,"30,97"
353730,PENÁPOLIS,SP,09/2022,383,262,"68,41",203,59,"77,48",121,"31,59",2,119,"31,07"
353730,PENÁPOLIS,SP,11/2022,375,261,"69,60",214,47,"81,99",114,"30,40",1,113,"30,13"
353740,PEREIRA BARRETO,SP,11/2022,109,84,"77,06",82,2,"97,62",25,"22,94",2,23,"21,10"
353740,PEREIRA BARRETO,SP,09/2022,118,90,"76,27",88,2,"97,78",28,"23,73",4,24,"20,34"
353740,PEREIRA BARRETO,SP,07/2022,112,82,"73,21",78,4,"95,12",30,"26,79",2,28,"25,00"
353750,PEREIRAS,SP,07/2022,63,56,"88,89",54,2,"96,43",7,"11,11",1,6,"9,52"
353750,PEREIRAS,SP,09/2022,66,0,"0,00",0,0,,66,"100,00",61,5,"7,58"
353750,PEREIRAS,SP,11/2022,65,61,"93,85",57,4,"93,44",4,"6,15",1,3,"4,62"
353760,PERUÍBE,SP,11/2022,1080,900,"83,33",766,134,"85,11",180,"16,67",54,126,"11,67"
353760,PERUÍBE,SP,07/2022,926,748,"80,78",702,46,"93,85",178,"19,22",46,132,"14,25"
353760,PERUÍBE,SP,09/2022,1071,925,"86,37",733,192,"79,24",146,"13,63",51,95,"8,87"
353770,PIACATU,SP,07/2022,25,24,"96,00",17,7,"70,83",1,"4,00",0,1,"4,00"
353770,PIACATU,SP,09/2022,24,23,"95,83",12,11,"52,17",1,"4,17",0,1,"4,17"
353770,PIACATU,SP,11/2022,23,22,"95,65",17,5,"77,27",1,"4,35",0,1,"4,35"
353780,PIEDADE,SP,11/2022,413,367,"88,86",307,60,"83,65",46,"11,14",1,45,"10,90"
353780,PIEDADE,SP,09/2022,441,421,"95,46",324,97,"76,96",20,"4,54",7,13,"2,95"
353780,PIEDADE,SP,07/2022,402,359,"89,30",255,104,"71,03",43,"10,70",6,37,"9,20"
353790,PILAR DO SUL,SP,09/2022,207,158,"76,33",107,51,"67,72",49,"23,67",6,43,"20,77"
353790,PILAR DO SUL,SP,07/2022,187,142,"75,94",112,30,"78,87",45,"24,06",6,39,"20,86"
353790,PILAR DO SUL,SP,11/2022,198,159,"80,30",126,33,"79,25",39,"19,70",4,35,"17,68"
353800,PINDAMONHANGABA,SP,11/2022,1296,933,"71,99",737,196,"78,99",363,"28,01",262,101,"7,79"
353800,PINDAMONHANGABA,SP,07/2022,1274,444,"34,85",246,198,"55,41",830,"65,15",617,213,"16,72"
353800,PINDAMONHANGABA,SP,09/2022,1399,480,"34,31",313,167,"65,21",919,"65,69",723,196,"14,01"
353810,PINDORAMA,SP,09/2022,64,52,"81,25",31,21,"59,62",12,"18,75",0,12,"18,75"
353810,PINDORAMA,SP,07/2022,63,49,"77,78",49,0,"100,00",14,"22,22",0,14,"22,22"
353810,PINDORAMA,SP,11/2022,60,50,"83,33",50,0,"100,00",10,"16,67",2,8,"13,33"
353820,PINHALZINHO,SP,11/2022,84,60,"71,43",58,2,"96,67",24,"28,57",9,15,"17,86"
353820,PINHALZINHO,SP,07/2022,87,62,"71,26",57,5,"91,94",25,"28,74",10,15,"17,24"
353820,PINHALZINHO,SP,09/2022,97,80,"82,47",59,21,"73,75",17,"17,53",4,13,"13,40"
353830,PIQUEROBI,SP,07/2022,33,26,"78,79",25,1,"96,15",7,"21,21",0,7,"21,21"
353830,PIQUEROBI,SP,09/2022,43,29,"67,44",24,5,"82,76",14,"32,56",8,6,"13,95"
353830,PIQUEROBI,SP,11/2022,41,33,"80,49",27,6,"81,82",8,"19,51",3,5,"12,20"
353850,PIQUETE,SP,11/2022,112,97,"86,61",48,49,"49,48",15,"13,39",1,14,"12,50"
353850,PIQUETE,SP,09/2022,124,93,"75,00",58,35,"62,37",31,"25,00",14,17,"13,71"
353850,PIQUETE,SP,07/2022,113,96,"84,96",68,28,"70,83",17,"15,04",3,14,"12,39"
353860,PIRACAIA,SP,09/2022,236,0,"0,00",0,0,,236,"100,00",215,21,"8,90"
353860,PIRACAIA,SP,07/2022,224,200,"89,29",200,0,"100,00",24,"10,71",0,24,"10,71"
353860,PIRACAIA,SP,11/2022,247,244,"98,79",244,0,"100,00",3,"1,21",0,3,"1,21"
353870,PIRACICABA,SP,11/2022,2097,1617,"77,11",1364,253,"84,35",480,"22,89",16,464,"22,13"
353870,PIRACICABA,SP,07/2022,1947,1374,"70,57",1121,253,"81,59",573,"29,43",53,520,"26,71"
353870,PIRACICABA,SP,09/2022,2151,1505,"69,97",1148,357,"76,28",646,"30,03",12,634,"29,47"
353880,PIRAJU,SP,07/2022,205,160,"78,05",133,27,"83,13",45,"21,95",1,44,"21,46"
353880,PIRAJU,SP,09/2022,230,190,"82,61",129,61,"67,89",40,"17,39",1,39,"16,96"
353880,PIRAJU,SP,11/2022,229,198,"86,46",121,77,"61,11",31,"13,54",2,29,"12,66"
353890,PIRAJUÍ,SP,11/2022,157,136,"86,62",101,35,"74,26",21,"13,38",0,21,"13,38"
353890,PIRAJUÍ,SP,09/2022,152,128,"84,21",80,48,"62,50",24,"15,79",3,21,"13,82"
353890,PIRAJUÍ,SP,07/2022,141,118,"83,69",117,1,"99,15",23,"16,31",4,19,"13,48"
353900,PIRANGI,SP,07/2022,41,32,"78,05",20,12,"62,50",9,"21,95",0,9,"21,95"
353900,PIRANGI,SP,09/2022,45,24,"53,33",11,13,"45,83",21,"46,67",0,21,"46,67"
353900,PIRANGI,SP,11/2022,38,29,"76,32",24,5,"82,76",9,"23,68",0,9,"23,68"
353910,PIRAPORA DO BOM JESUS,SP,11/2022,293,127,"43,34",106,21,"83,46",166,"56,66",4,162,"55,29"
353910,PIRAPORA DO BOM JESUS,SP,09/2022,277,124,"44,77",103,21,"83,06",153,"55,23",6,147,"53,07"
353910,PIRAPORA DO BOM JESUS,SP,07/2022,236,105,"44,49",91,14,"86,67",131,"55,51",7,124,"52,54"
353920,PIRAPOZINHO,SP,09/2022,104,73,"70,19",60,13,"82,19",31,"29,81",5,26,"25,00"
353920,PIRAPOZINHO,SP,07/2022,101,38,"37,62",32,6,"84,21",63,"62,38",39,24,"23,76"
353920,PIRAPOZINHO,SP,11/2022,98,64,"65,31",47,17,"73,44",34,"34,69",11,23,"23,47"
353930,PIRASSUNUNGA,SP,11/2022,337,298,"88,43",251,47,"84,23",39,"11,57",5,34,"10,09"
353930,PIRASSUNUNGA,SP,09/2022,325,201,"61,85",154,47,"76,62",124,"38,15",92,32,"9,85"
353930,PIRASSUNUNGA,SP,07/2022,321,295,"91,90",255,40,"86,44",26,"8,10",10,16,"4,98"
353940,PIRATININGA,SP,09/2022,72,69,"95,83",66,3,"95,65",3,"4,17",1,2,"2,78"
353940,PIRATININGA,SP,07/2022,63,60,"95,24",60,0,"100,00",3,"4,76",1,2,"3,17"
353940,PIRATININGA,SP,11/2022,68,63,"92,65",47,16,"74,60",5,"7,35",1,4,"5,88"
353950,PITANGUEIRAS,SP,11/2022,309,284,"91,91",263,21,"92,61",25,"8,09",1,24,"7,77"
353950,PITANGUEIRAS,SP,09/2022,313,288,"92,01",271,17,"94,10",25,"7,99",4,21,"6,71"
353950,PITANGUEIRAS,SP,07/2022,313,239,"76,36",239,0,"100,00",74,"23,64",23,51,"16,29"
353960,PLANALTO,SP,09/2022,47,35,"74,47",12,23,"34,29",12,"25,53",1,11,"23,40"
353960,PLANALTO,SP,07/2022,44,36,"81,82",11,25,"30,56",8,"18,18",0,8,"18,18"
353960,PLANALTO,SP,11/2022,40,35,"87,50",21,14,"60,00",5,"12,50",1,4,"10,00"
353970,PLATINA,SP,11/2022,35,33,"94,29",26,7,"78,79",2,"5,71",1,1,"2,86"
353970,PLATINA,SP,09/2022,40,37,"92,50",37,0,"100,00",3,"7,50",0,3,"7,50"
353970,PLATINA,SP,07/2022,38,36,"94,74",33,3,"91,67",2,"5,26",1,1,"2,63"
353980,POÁ,SP,07/2022,1144,874,"76,40",801,73,"91,65",270,"23,60",34,236,"20,63"
353980,POÁ,SP,09/2022,1283,1085,"84,57",912,173,"84,06",198,"15,43",51,147,"11,46"
353980,POÁ,SP,11/2022,1212,1175,"96,95",1021,154,"86,89",37,"3,05",21,16,"1,32"
353990,POLONI,SP,11/2022,59,49,"83,05",44,5,"89,80",10,"16,95",1,9,"15,25"
353990,POLONI,SP,07/2022,43,29,"67,44",29,0,"100,00",14,"32,56",1,13,"30,23"
353990,POLONI,SP,09/2022,52,41,"78,85",34,7,"82,93",11,"21,15",1,10,"19,23"
354000,POMPÉIA,SP,07/2022,97,83,"85,57",63,20,"75,90",14,"14,43",2,12,"12,37"
354000,POMPÉIA,SP,09/2022,97,84,"86,60",55,29,"65,48",13,"13,40",1,12,"12,37"
354000,POMPÉIA,SP,11/2022,97,91,"93,81",72,19,"79,12",6,"6,19",0,6,"6,19"
354010,PONGAÍ,SP,11/2022,35,0,"0,00",0,0,,35,"100,00",32,3,"8,57"
354010,PONGAÍ,SP,09/2022,39,8,"20,51",8,0,"100,00",31,"79,49",28,3,"7,69"
354010,PONGAÍ,SP,07/2022,34,30,"88,24",30,0,"100,00",4,"11,76",0,4,"11,76"
354020,PONTAL,SP,07/2022,292,224,"76,71",122,102,"54,46",68,"23,29",4,64,"21,92"
354020,PONTAL,SP,09/2022,311,223,"71,70",119,104,"53,36",88,"28,30",3,85,"27,33"
354020,PONTAL,SP,11/2022,292,229,"78,42",134,95,"58,52",63,"21,58",0,63,"21,58"
354025,PONTALINDA,SP,11/2022,34,25,"73,53",19,6,"76,00",9,"26,47",0,9,"26,47"
354025,PONTALINDA,SP,07/2022,31,18,"58,06",8,10,"44,44",13,"41,94",2,11,"35,48"
354025,PONTALINDA,SP,09/2022,35,24,"68,57",14,10,"58,33",11,"31,43",0,11,"31,43"
354030,PONTES GESTAL,SP,09/2022,15,12,"80,00",6,6,"50,00",3,"20,00",1,2,"13,33"
354030,PONTES GESTAL,SP,07/2022,12,10,"83,33",4,6,"40,00",2,"16,67",0,2,"16,67"
354030,PONTES GESTAL,SP,11/2022,11,9,"81,82",8,1,"88,89",2,"18,18",0,2,"18,18"
354040,POPULINA,SP,11/2022,52,37,"71,15",25,12,"67,57",15,"28,85",2,13,"25,00"
354040,POPULINA,SP,09/2022,50,31,"62,00",24,7,"77,42",19,"38,00",5,14,"28,00"
354040,POPULINA,SP,07/2022,43,27,"62,79",27,0,"100,00",16,"37,21",4,12,"27,91"
354050,PORANGABA,SP,09/2022,63,0,"0,00",0,0,,63,"100,00",57,6,"9,52"
354050,PORANGABA,SP,07/2022,67,58,"86,57",57,1,"98,28",9,"13,43",0,9,"13,43"
354050,PORANGABA,SP,11/2022,68,59,"86,76",59,0,"100,00",9,"13,24",0,9,"13,24"
354060,PORTO FELIZ,SP,11/2022,276,226,"81,88",156,70,"69,03",50,"18,12",11,39,"14,13"
354060,PORTO FELIZ,SP,09/2022,285,261,"91,58",146,115,"55,94",24,"8,42",10,14,"4,91"
354060,PORTO FELIZ,SP,07/2022,241,169,"70,12",137,32,"81,07",72,"29,88",41,31,"12,86"
354070,PORTO FERREIRA,SP,09/2022,256,127,"49,61",56,71,"44,09",129,"50,39",51,78,"30,47"
354070,PORTO FERREIRA,SP,07/2022,255,137,"53,73",116,21,"84,67",118,"46,27",42,76,"29,80"
354070,PORTO FERREIRA,SP,11/2022,264,135,"51,14",84,51,"62,22",129,"48,86",53,76,"28,79"
354075,POTIM,SP,11/2022,213,122,"57,28",118,4,"96,72",91,"42,72",29,62,"29,11"
354075,POTIM,SP,07/2022,206,93,"45,15",87,6,"93,55",113,"54,85",58,55,"26,70"
354075,POTIM,SP,09/2022,214,10,"4,67",10,0,"100,00",204,"95,33",138,66,"30,84"
354080,POTIRENDABA,SP,07/2022,80,76,"95,00",58,18,"76,32",4,"5,00",1,3,"3,75"
354080,POTIRENDABA,SP,09/2022,87,82,"94,25",45,37,"54,88",5,"5,75",1,4,"4,60"
354080,POTIRENDABA,SP,11/2022,86,82,"95,35",50,32,"60,98",4,"4,65",1,3,"3,49"
354085,PRACINHA,SP,11/2022,11,10,"90,91",7,3,"70,00",1,"9,09",1,0,"0,00"
354085,PRACINHA,SP,09/2022,18,15,"83,33",7,8,"46,67",3,"16,67",0,3,"16,67"
354085,PRACINHA,SP,07/2022,20,16,"80,00",0,16,"0,00",4,"20,00",0,4,"20,00"
354090,PRADÓPOLIS,SP,09/2022,154,146,"94,81",100,46,"68,49",8,"5,19",2,6,"3,90"
354090,PRADÓPOLIS,SP,07/2022,142,131,"92,25",131,0,"100,00",11,"7,75",3,8,"5,63"
354090,PRADÓPOLIS,SP,11/2022,156,146,"93,59",112,34,"76,71",10,"6,41",1,9,"5,77"
354100,PRAIA GRANDE,SP,11/2022,2012,1574,"78,23",1370,204,"87,04",438,"21,77",21,417,"20,73"
354100,PRAIA GRANDE,SP,09/2022,1939,1232,"63,54",975,257,"79,14",707,"36,46",305,402,"20,73"
354100,PRAIA GRANDE,SP,07/2022,1719,770,"44,79",702,68,"91,17",949,"55,21",589,360,"20,94"
354105,PRATÂNIA,SP,07/2022,63,33,"52,38",33,0,"100,00",30,"47,62",0,30,"47,62"
354105,PRATÂNIA,SP,09/2022,70,47,"67,14",46,1,"97,87",23,"32,86",0,23,"32,86"
354105,PRATÂNIA,SP,11/2022,67,47,"70,15",45,2,"95,74",20,"29,85",0,20,"29,85"
354110,PRESIDENTE ALVES,SP,11/2022,28,25,"89,29",20,5,"80,00",3,"10,71",0,3,"10,71"
354110,PRESIDENTE ALVES,SP,07/2022,29,28,"96,55",28,0,"100,00",1,"3,45",0,1,"3,45"
354110,PRESIDENTE ALVES,SP,09/2022,27,0,"0,00",0,0,,27,"100,00",25,2,"7,41"
354120,PRESIDENTE BERNARDES,SP,07/2022,66,53,"80,30",45,8,"84,91",13,"19,70",9,4,"6,06"
354120,PRESIDENTE BERNARDES,SP,09/2022,74,65,"87,84",54,11,"83,08",9,"12,16",2,7,"9,46"
354120,PRESIDENTE BERNARDES,SP,11/2022,72,55,"76,39",48,7,"87,27",17,"23,61",10,7,"9,72"
354130,PRESIDENTE EPITÁCIO,SP,11/2022,261,213,"81,61",200,13,"93,90",48,"18,39",3,45,"17,24"
354130,PRESIDENTE EPITÁCIO,SP,07/2022,245,175,"71,43",143,32,"81,71",70,"28,57",10,60,"24,49"
354130,PRESIDENTE EPITÁCIO,SP,09/2022,268,184,"68,66",172,12,"93,48",84,"31,34",6,78,"29,10"
354140,PRESIDENTE PRUDENTE,SP,07/2022,1009,741,"73,44",690,51,"93,12",268,"26,56",54,214,"21,21"
354140,PRESIDENTE PRUDENTE,SP,09/2022,1148,873,"76,05",729,144,"83,51",275,"23,95",55,220,"19,16"
354140,PRESIDENTE PRUDENTE,SP,11/2022,1144,886,"77,45",770,116,"86,91",258,"22,55",51,207,"18,09"
354150,PRESIDENTE VENCESLAU,SP,11/2022,206,172,"83,50",143,29,"83,14",34,"16,50",20,14,"6,80"
354150,PRESIDENTE VENCESLAU,SP,09/2022,198,0,"0,00",0,0,,198,"100,00",181,17,"8,59"
354150,PRESIDENTE VENCESLAU,SP,07/2022,221,204,"92,31",159,45,"77,94",17,"7,69",2,15,"6,79"
354160,PROMISSÃO,SP,07/2022,197,174,"88,32",155,19,"89,08",23,"11,68",6,17,"8,63"
354160,PROMISSÃO,SP,09/2022,215,187,"86,98",178,9,"95,19",28,"13,02",1,27,"12,56"
354160,PROMISSÃO,SP,11/2022,215,193,"89,77",181,12,"93,78",22,"10,23",2,20,"9,30"
354165,QUADRA,SP,11/2022,61,50,"81,97",50,0,"100,00",11,"18,03",0,11,"18,03"
354165,QUADRA,SP,07/2022,62,48,"77,42",48,0,"100,00",14,"22,58",1,13,"20,97"
354165,QUADRA,SP,09/2022,60,56,"93,33",44,12,"78,57",4,"6,67",1,3,"5,00"
354170,QUATÁ,SP,09/2022,136,120,"88,24",73,47,"60,83",16,"11,76",2,14,"10,29"
354170,QUATÁ,SP,07/2022,119,106,"89,08",69,37,"65,09",13,"10,92",2,11,"9,24"
354170,QUATÁ,SP,11/2022,120,107,"89,17",71,36,"66,36",13,"10,83",0,13,"10,83"
354180,QUEIROZ,SP,11/2022,26,25,"96,15",14,11,"56,00",1,"3,85",1,0,"0,00"
354180,QUEIROZ,SP,09/2022,18,18,"100,00",6,12,"33,33",0,"0,00",0,0,"0,00"
354180,QUEIROZ,SP,07/2022,19,19,"100,00",15,4,"78,95",0,"0,00",0,0,"0,00"
354190,QUELUZ,SP,07/2022,88,77,"87,50",59,18,"76,62",11,"12,50",1,10,"11,36"
354190,QUELUZ,SP,09/2022,96,82,"85,42",64,18,"78,05",14,"14,58",5,9,"9,38"
354190,QUELUZ,SP,11/2022,89,82,"92,13",66,16,"80,49",7,"7,87",0,7,"7,87"
354200,QUINTANA,SP,11/2022,72,47,"65,28",36,11,"76,60",25,"34,72",0,25,"34,72"
354200,QUINTANA,SP,09/2022,75,47,"62,67",43,4,"91,49",28,"37,33",0,28,"37,33"
354200,QUINTANA,SP,07/2022,70,47,"67,14",47,0,"100,00",23,"32,86",0,23,"32,86"
354210,RAFARD,SP,09/2022,106,100,"94,34",65,35,"65,00",6,"5,66",2,4,"3,77"
354210,RAFARD,SP,07/2022,82,79,"96,34",72,7,"91,14",3,"3,66",0,3,"3,66"
354210,RAFARD,SP,11/2022,102,97,"95,10",67,30,"69,07",5,"4,90",1,4,"3,92"
354220,RANCHARIA,SP,11/2022,236,228,"96,61",188,40,"82,46",8,"3,39",2,6,"2,54"
354220,RANCHARIA,SP,07/2022,234,185,"79,06",174,11,"94,05",49,"20,94",1,48,"20,51"
354220,RANCHARIA,SP,09/2022,250,226,"90,40",189,37,"83,63",24,"9,60",2,22,"8,80"
354230,REDENÇÃO DA SERRA,SP,09/2022,78,53,"67,95",49,4,"92,45",25,"32,05",1,24,"30,77"
354230,REDENÇÃO DA SERRA,SP,07/2022,73,50,"68,49",45,5,"90,00",23,"31,51",1,22,"30,14"
354230,REDENÇÃO DA SERRA,SP,11/2022,70,52,"74,29",49,3,"94,23",18,"25,71",0,18,"25,71"
354240,REGENTE FEIJÓ,SP,11/2022,94,77,"81,91",57,20,"74,03",17,"18,09",2,15,"15,96"
354240,REGENTE FEIJÓ,SP,09/2022,88,71,"80,68",47,24,"66,20",17,"19,32",1,16,"18,18"
354240,REGENTE FEIJÓ,SP,07/2022,82,63,"76,83",43,20,"68,25",19,"23,17",0,19,"23,17"
354250,REGINÓPOLIS,SP,07/2022,20,18,"90,00",18,0,"100,00",2,"10,00",0,2,"10,00"
354250,REGINÓPOLIS,SP,09/2022,24,23,"95,83",23,0,"100,00",1,"4,17",1,0,"0,00"
354250,REGINÓPOLIS,SP,11/2022,27,27,"100,00",27,0,"100,00",0,"0,00",0,0,"0,00"
354260,REGISTRO,SP,11/2022,639,551,"86,23",462,89,"83,85",88,"13,77",4,84,"13,15"
354260,REGISTRO,SP,07/2022,596,435,"72,99",398,37,"91,49",161,"27,01",19,142,"23,83"
354260,REGISTRO,SP,09/2022,653,531,"81,32",427,104,"80,41",122,"18,68",11,111,"17,00"
354270,RESTINGA,SP,07/2022,59,55,"93,22",45,10,"81,82",4,"6,78",2,2,"3,39"
354270,RESTINGA,SP,09/2022,67,65,"97,01",48,17,"73,85",2,"2,99",0,2,"2,99"
354270,RESTINGA,SP,11/2022,62,60,"96,77",49,11,"81,67",2,"3,23",0,2,"3,23"
354280,RIBEIRA,SP,11/2022,76,70,"92,11",68,2,"97,14",6,"7,89",1,5,"6,58"
354280,RIBEIRA,SP,07/2022,73,60,"82,19",58,2,"96,67",13,"17,81",5,8,"10,96"
354280,RIBEIRA,SP,09/2022,78,68,"87,18",65,3,"95,59",10,"12,82",0,10,"12,82"
354290,RIBEIRÃO BONITO,SP,09/2022,103,100,"97,09",66,34,"66,00",3,"2,91",3,0,"0,00"
354290,RIBEIRÃO BONITO,SP,07/2022,101,84,"83,17",79,5,"94,05",17,"16,83",6,11,"10,89"
354290,RIBEIRÃO BONITO,SP,11/2022,99,96,"96,97",70,26,"72,92",3,"3,03",2,1,"1,01"
354300,RIBEIRÃO BRANCO,SP,11/2022,320,263,"82,19",175,88,"66,54",57,"17,81",2,55,"17,19"
354300,RIBEIRÃO BRANCO,SP,09/2022,318,222,"69,81",159,63,"71,62",96,"30,19",50,46,"14,47"
354300,RIBEIRÃO BRANCO,SP,07/2022,298,114,"38,26",60,54,"52,63",184,"61,74",146,38,"12,75"
354310,RIBEIRÃO CORRENTE,SP,09/2022,64,57,"89,06",50,7,"87,72",7,"10,94",0,7,"10,94"
354310,RIBEIRÃO CORRENTE,SP,07/2022,50,45,"90,00",37,8,"82,22",5,"10,00",0,5,"10,00"
354310,RIBEIRÃO CORRENTE,SP,11/2022,58,53,"91,38",45,8,"84,91",5,"8,62",0,5,"8,62"
354320,RIBEIRÃO DO SUL,SP,11/2022,41,39,"95,12",32,7,"82,05",2,"4,88",0,2,"4,88"
354320,RIBEIRÃO DO SUL,SP,09/2022,42,40,"95,24",20,20,"50,00",2,"4,76",1,1,"2,38"
354320,RIBEIRÃO DO SUL,SP,07/2022,39,36,"92,31",28,8,"77,78",3,"7,69",1,2,"5,13"
354323,RIBEIRÃO DOS ÍNDIOS,SP,07/2022,19,12,"63,16",11,1,"91,67",7,"36,84",0,7,"36,84"
354323,RIBEIRÃO DOS ÍNDIOS,SP,09/2022,20,0,"0,00",0,0,,20,"100,00",13,7,"35,00"
354323,RIBEIRÃO DOS ÍNDIOS,SP,11/2022,22,14,"63,64",12,2,"85,71",8,"36,36",0,8,"36,36"
354325,RIBEIRÃO GRANDE,SP,11/2022,92,77,"83,70",62,15,"80,52",15,"16,30",0,15,"16,30"
354325,RIBEIRÃO GRANDE,SP,07/2022,89,75,"84,27",66,9,"88,00",14,"15,73",1,13,"14,61"
354325,RIBEIRÃO GRANDE,SP,09/2022,95,73,"76,84",50,23,"68,49",22,"23,16",6,16,"16,84"
354330,RIBEIRÃO PIRES,SP,07/2022,653,445,"68,15",396,49,"88,99",208,"31,85",93,115,"17,61"
354330,RIBEIRÃO PIRES,SP,09/2022,729,566,"77,64",477,89,"84,28",163,"22,36",29,134,"18,38"
354330,RIBEIRÃO PIRES,SP,11/2022,688,544,"79,07",499,45,"91,73",144,"20,93",45,99,"14,39"
354340,RIBEIRÃO PRETO,SP,11/2022,2731,2355,"86,23",1960,395,"83,23",376,"13,77",7,369,"13,51"
354340,RIBEIRÃO PRETO,SP,09/2022,2687,1438,"53,52",1055,383,"73,37",1249,"46,48",707,542,"20,17"
354340,RIBEIRÃO PRETO,SP,07/2022,2503,1353,"54,06",1168,185,"86,33",1150,"45,94",597,553,"22,09"
354350,RIVERSUL,SP,07/2022,88,66,"75,00",65,1,"98,48",22,"25,00",3,19,"21,59"
354350,RIVERSUL,SP,09/2022,97,77,"79,38",43,34,"55,84",20,"20,62",3,17,"17,53"
354350,RIVERSUL,SP,11/2022,85,74,"87,06",45,29,"60,81",11,"12,94",5,6,"7,06"
354360,RIFAINA,SP,11/2022,26,25,"96,15",17,8,"68,00",1,"3,85",0,1,"3,85"
354360,RIFAINA,SP,07/2022,26,24,"92,31",18,6,"75,00",2,"7,69",0,2,"7,69"
354360,RIFAINA,SP,09/2022,26,22,"84,62",10,12,"45,45",4,"15,38",0,4,"15,38"
354370,RINCÃO,SP,07/2022,107,93,"86,92",59,34,"63,44",14,"13,08",2,12,"11,21"
354370,RINCÃO,SP,09/2022,108,93,"86,11",64,29,"68,82",15,"13,89",2,13,"12,04"
354370,RINCÃO,SP,11/2022,98,87,"88,78",68,19,"78,16",11,"11,22",0,11,"11,22"
354380,RINÓPOLIS,SP,11/2022,36,30,"83,33",14,16,"46,67",6,"16,67",0,6,"16,67"
354380,RINÓPOLIS,SP,09/2022,43,33,"76,74",15,18,"45,45",10,"23,26",0,10,"23,26"
354380,RINÓPOLIS,SP,07/2022,37,28,"75,68",6,22,"21,43",9,"24,32",0,9,"24,32"
354390,RIO CLARO,SP,09/2022,797,675,"84,69",489,186,"72,44",122,"15,31",55,67,"8,41"
354390,RIO CLARO,SP,07/2022,738,649,"87,94",501,148,"77,20",89,"12,06",22,67,"9,08"
354390,RIO CLARO,SP,11/2022,799,699,"87,48",544,155,"77,83",100,"12,52",16,84,"10,51"
354400,RIO DAS PEDRAS,SP,11/2022,140,94,"67,14",64,30,"68,09",46,"32,86",3,43,"30,71"
354400,RIO DAS PEDRAS,SP,07/2022,160,110,"68,75",83,27,"75,45",50,"31,25",4,46,"28,75"
354400,RIO DAS PEDRAS,SP,09/2022,165,114,"69,09",73,41,"64,04",51,"30,91",4,47,"28,48"
354410,RIO GRANDE DA SERRA,SP,09/2022,503,429,"85,29",374,55,"87,18",74,"14,71",16,58,"11,53"
354410,RIO GRANDE DA SERRA,SP,07/2022,471,381,"80,89",331,50,"86,88",90,"19,11",20,70,"14,86"
354410,RIO GRANDE DA SERRA,SP,11/2022,486,411,"84,57",358,53,"87,10",75,"15,43",8,67,"13,79"
354420,RIOLÂNDIA,SP,11/2022,106,83,"78,30",27,56,"32,53",23,"21,70",0,23,"21,70"
354420,RIOLÂNDIA,SP,09/2022,108,87,"80,56",43,44,"49,43",21,"19,44",0,21,"19,44"
354420,RIOLÂNDIA,SP,07/2022,99,75,"75,76",57,18,"76,00",24,"24,24",3,21,"21,21"
354425,ROSANA,SP,09/2022,198,161,"81,31",107,54,"66,46",37,"18,69",2,35,"17,68"
354425,ROSANA,SP,07/2022,187,142,"75,94",98,44,"69,01",45,"24,06",13,32,"17,11"
354425,ROSANA,SP,11/2022,180,150,"83,33",119,31,"79,33",30,"16,67",1,29,"16,11"
354430,ROSEIRA,SP,11/2022,99,12,"12,12",11,1,"91,67",87,"87,88",70,17,"17,17"
354430,ROSEIRA,SP,09/2022,103,12,"11,65",9,3,"75,00",91,"88,35",76,15,"14,56"
354430,ROSEIRA,SP,07/2022,93,9,"9,68",8,1,"88,89",84,"90,32",69,15,"16,13"
354440,RUBIÁCEA,SP,07/2022,10,7,"70,00",6,1,"85,71",3,"30,00",0,3,"30,00"
354440,RUBIÁCEA,SP,09/2022,12,7,"58,33",6,1,"85,71",5,"41,67",1,4,"33,33"
354440,RUBIÁCEA,SP,11/2022,18,11,"61,11",7,4,"63,64",7,"38,89",1,6,"33,33"
354450,RUBINÉIA,SP,11/2022,19,13,"68,42",9,4,"69,23",6,"31,58",0,6,"31,58"
354450,RUBINÉIA,SP,09/2022,16,0,"0,00",0,0,,16,"100,00",10,6,"37,50"
354450,RUBINÉIA,SP,07/2022,16,10,"62,50",5,5,"50,00",6,"37,50",1,5,"31,25"
354460,SABINO,SP,07/2022,62,60,"96,77",53,7,"88,33",2,"3,23",0,2,"3,23"
354460,SABINO,SP,09/2022,61,54,"88,52",46,8,"85,19",7,"11,48",2,5,"8,20"
354460,SABINO,SP,11/2022,57,51,"89,47",48,3,"94,12",6,"10,53",0,6,"10,53"
354470,SAGRES,SP,11/2022,17,16,"94,12",12,4,"75,00",1,"5,88",0,1,"5,88"
354470,SAGRES,SP,07/2022,23,20,"86,96",12,8,"60,00",3,"13,04",2,1,"4,35"
354470,SAGRES,SP,09/2022,20,19,"95,00",12,7,"63,16",1,"5,00",0,1,"5,00"
354480,SALES,SP,09/2022,72,57,"79,17",51,6,"89,47",15,"20,83",0,15,"20,83"
354480,SALES,SP,07/2022,63,47,"74,60",43,4,"91,49",16,"25,40",2,14,"22,22"
354480,SALES,SP,11/2022,70,54,"77,14",47,7,"87,04",16,"22,86",0,16,"22,86"
354490,SALES OLIVEIRA,SP,11/2022,50,44,"88,00",38,6,"86,36",6,"12,00",1,5,"10,00"
354490,SALES OLIVEIRA,SP,09/2022,47,43,"91,49",43,0,"100,00",4,"8,51",1,3,"6,38"
354490,SALES OLIVEIRA,SP,07/2022,43,40,"93,02",35,5,"87,50",3,"6,98",1,2,"4,65"
354500,SALESÓPOLIS,SP,07/2022,172,131,"76,16",124,7,"94,66",41,"23,84",14,27,"15,70"
354500,SALESÓPOLIS,SP,09/2022,187,151,"80,75",135,16,"89,40",36,"19,25",10,26,"13,90"
354500,SALESÓPOLIS,SP,11/2022,188,167,"88,83",150,17,"89,82",21,"11,17",5,16,"8,51"
354510,SALMOURÃO,SP,11/2022,43,26,"60,47",20,6,"76,92",17,"39,53",0,17,"39,53"
354510,SALMOURÃO,SP,09/2022,44,34,"77,27",18,16,"52,94",10,"22,73",0,10,"22,73"
354510,SALMOURÃO,SP,07/2022,38,29,"76,32",16,13,"55,17",9,"23,68",0,9,"23,68"
354515,SALTINHO,SP,07/2022,23,21,"91,30",16,5,"76,19",2,"8,70",0,2,"8,70"
354515,SALTINHO,SP,09/2022,27,23,"85,19",20,3,"86,96",4,"14,81",2,2,"7,41"
354515,SALTINHO,SP,11/2022,31,27,"87,10",23,4,"85,19",4,"12,90",0,4,"12,90"
354520,SALTO,SP,11/2022,527,399,"75,71",348,51,"87,22",128,"24,29",4,124,"23,53"
354520,SALTO,SP,07/2022,485,332,"68,45",266,66,"80,12",153,"31,55",67,86,"17,73"
354520,SALTO,SP,09/2022,556,364,"65,47",262,102,"71,98",192,"34,53",79,113,"20,32"
354530,SALTO DE PIRAPORA,SP,07/2022,319,247,"77,43",239,8,"96,76",72,"22,57",13,59,"18,50"
354530,SALTO DE PIRAPORA,SP,09/2022,336,262,"77,98",259,3,"98,85",74,"22,02",6,68,"20,24"
354530,SALTO DE PIRAPORA,SP,11/2022,324,251,"77,47",249,2,"99,20",73,"22,53",1,72,"22,22"
354540,SALTO GRANDE,SP,11/2022,70,66,"94,29",66,0,"100,00",4,"5,71",0,4,"5,71"
354540,SALTO GRANDE,SP,07/2022,78,66,"84,62",66,0,"100,00",12,"15,38",0,12,"15,38"
354540,SALTO GRANDE,SP,09/2022,66,61,"92,42",56,5,"91,80",5,"7,58",0,5,"7,58"
354550,SANDOVALINA,SP,09/2022,42,39,"92,86",39,0,"100,00",3,"7,14",1,2,"4,76"
354550,SANDOVALINA,SP,07/2022,40,20,"50,00",20,0,"100,00",20,"50,00",19,1,"2,50"
354550,SANDOVALINA,SP,11/2022,38,23,"60,53",23,0,"100,00",15,"39,47",14,1,"2,63"
354560,SANTA ADÉLIA,SP,11/2022,101,74,"73,27",74,0,"100,00",27,"26,73",0,27,"26,73"
354560,SANTA ADÉLIA,SP,09/2022,103,70,"67,96",69,1,"98,57",33,"32,04",1,32,"31,07"
354560,SANTA ADÉLIA,SP,07/2022,90,66,"73,33",66,0,"100,00",24,"26,67",0,24,"26,67"
354570,SANTA ALBERTINA,SP,07/2022,24,18,"75,00",1,17,"5,56",6,"25,00",0,6,"25,00"
354570,SANTA ALBERTINA,SP,09/2022,25,15,"60,00",10,5,"66,67",10,"40,00",0,10,"40,00"
354570,SANTA ALBERTINA,SP,11/2022,19,12,"63,16",8,4,"66,67",7,"36,84",0,7,"36,84"
354580,SANTA BÁRBARA D´OESTE,SP,11/2022,555,512,"92,25",351,161,"68,55",43,"7,75",2,41,"7,39"
354580,SANTA BÁRBARA D´OESTE,SP,09/2022,582,533,"91,58",359,174,"67,35",49,"8,42",4,45,"7,73"
354580,SANTA BÁRBARA D´OESTE,SP,07/2022,539,496,"92,02",478,18,"96,37",43,"7,98",2,41,"7,61"
354600,SANTA BRANCA,SP,07/2022,136,98,"72,06",93,5,"94,90",38,"27,94",1,37,"27,21"
354600,SANTA BRANCA,SP,09/2022,148,90,"60,81",76,14,"84,44",58,"39,19",3,55,"37,16"
354600,SANTA BRANCA,SP,11/2022,160,98,"61,25",85,13,"86,73",62,"38,75",2,60,"37,50"
354610,SANTA CLARA D´OESTE,SP,11/2022,10,8,"80,00",6,2,"75,00",2,"20,00",0,2,"20,00"
354610,SANTA CLARA D´OESTE,SP,07/2022,14,10,"71,43",2,8,"20,00",4,"28,57",1,3,"21,43"
354610,SANTA CLARA D´OESTE,SP,09/2022,14,11,"78,57",4,7,"36,36",3,"21,43",0,3,"21,43"
354620,SANTA CRUZ DA CONCEIÇÃO,SP,07/2022,27,23,"85,19",23,0,"100,00",4,"14,81",2,2,"7,41"
354620,SANTA CRUZ DA CONCEIÇÃO,SP,09/2022,26,23,"88,46",18,5,"78,26",3,"11,54",1,2,"7,69"
354620,SANTA CRUZ DA CONCEIÇÃO,SP,11/2022,24,0,"0,00",0,0,,24,"100,00",22,2,"8,33"
354625,SANTA CRUZ DA ESPERANÇA,SP,11/2022,9,1,"11,11",1,0,"100,00",8,"88,89",7,1,"11,11"
354625,SANTA CRUZ DA ESPERANÇA,SP,07/2022,9,1,"11,11",1,0,"100,00",8,"88,89",7,1,"11,11"
354625,SANTA CRUZ DA ESPERANÇA,SP,09/2022,11,4,"36,36",4,0,"100,00",7,"63,64",6,1,"9,09"
354630,SANTA CRUZ DAS PALMEIRAS,SP,07/2022,196,173,"88,27",171,2,"98,84",23,"11,73",0,23,"11,73"
354630,SANTA CRUZ DAS PALMEIRAS,SP,09/2022,203,173,"85,22",137,36,"79,19",30,"14,78",3,27,"13,30"
354630,SANTA CRUZ DAS PALMEIRAS,SP,11/2022,208,178,"85,58",158,20,"88,76",30,"14,42",1,29,"13,94"
354640,SANTA CRUZ DO RIO PARDO,SP,11/2022,304,173,"56,91",112,61,"64,74",131,"43,09",103,28,"9,21"
354640,SANTA CRUZ DO RIO PARDO,SP,07/2022,262,140,"53,44",69,71,"49,29",122,"46,56",109,13,"4,96"
354640,SANTA CRUZ DO RIO PARDO,SP,09/2022,293,86,"29,35",61,25,"70,93",207,"70,65",189,18,"6,14"
354650,SANTA ERNESTINA,SP,07/2022,52,44,"84,62",43,1,"97,73",8,"15,38",1,7,"13,46"
354650,SANTA ERNESTINA,SP,09/2022,61,55,"90,16",55,0,"100,00",6,"9,84",1,5,"8,20"
354650,SANTA ERNESTINA,SP,11/2022,69,61,"88,41",61,0,"100,00",8,"11,59",0,8,"11,59"
354660,SANTA FÉ DO SUL,SP,11/2022,147,126,"85,71",57,69,"45,24",21,"14,29",0,21,"14,29"
354660,SANTA FÉ DO SUL,SP,09/2022,155,124,"80,00",59,65,"47,58",31,"20,00",6,25,"16,13"
354660,SANTA FÉ DO SUL,SP,07/2022,142,112,"78,87",112,0,"100,00",30,"21,13",2,28,"19,72"
354670,SANTA GERTRUDES,SP,07/2022,62,55,"88,71",35,20,"63,64",7,"11,29",2,5,"8,06"
354670,SANTA GERTRUDES,SP,09/2022,69,58,"84,06",40,18,"68,97",11,"15,94",0,11,"15,94"
354670,SANTA GERTRUDES,SP,11/2022,63,57,"90,48",40,17,"70,18",6,"9,52",0,6,"9,52"
354680,SANTA ISABEL,SP,11/2022,421,415,"98,57",245,170,"59,04",6,"1,43",4,2,"0,48"
354680,SANTA ISABEL,SP,07/2022,426,367,"86,15",306,61,"83,38",59,"13,85",31,28,"6,57"
354680,SANTA ISABEL,SP,09/2022,455,417,"91,65",265,152,"63,55",38,"8,35",11,27,"5,93"
354690,SANTA LÚCIA,SP,09/2022,38,34,"89,47",28,6,"82,35",4,"10,53",0,4,"10,53"
354690,SANTA LÚCIA,SP,07/2022,30,24,"80,00",24,0,"100,00",6,"20,00",0,6,"20,00"
354690,SANTA LÚCIA,SP,11/2022,31,28,"90,32",27,1,"96,43",3,"9,68",0,3,"9,68"
354700,SANTA MARIA DA SERRA,SP,11/2022,42,40,"95,24",36,4,"90,00",2,"4,76",0,2,"4,76"
354700,SANTA MARIA DA SERRA,SP,07/2022,42,36,"85,71",36,0,"100,00",6,"14,29",0,6,"14,29"
354700,SANTA MARIA DA SERRA,SP,09/2022,37,32,"86,49",30,2,"93,75",5,"13,51",1,4,"10,81"
354710,SANTA MERCEDES,SP,07/2022,18,11,"61,11",5,6,"45,45",7,"38,89",3,4,"22,22"
354710,SANTA MERCEDES,SP,09/2022,17,12,"70,59",6,6,"50,00",5,"29,41",3,2,"11,76"
354710,SANTA MERCEDES,SP,11/2022,12,11,"91,67",8,3,"72,73",1,"8,33",0,1,"8,33"
354720,SANTANA DA PONTE PENSA,SP,11/2022,7,7,"100,00",7,0,"100,00",0,"0,00",0,0,"0,00"
354720,SANTANA DA PONTE PENSA,SP,07/2022,8,8,"100,00",7,1,"87,50",0,"0,00",0,0,"0,00"
354720,SANTANA DA PONTE PENSA,SP,09/2022,10,10,"100,00",8,2,"80,00",0,"0,00",0,0,"0,00"
354730,SANTANA DE PARNAÍBA,SP,09/2022,994,852,"85,71",695,157,"81,57",142,"14,29",112,30,"3,02"
354730,SANTANA DE PARNAÍBA,SP,07/2022,962,912,"94,80",772,140,"84,65",50,"5,20",22,28,"2,91"
354730,SANTANA DE PARNAÍBA,SP,11/2022,951,883,"92,85",789,94,"89,35",68,"7,15",41,27,"2,84"
354740,SANTA RITA D´OESTE,SP,11/2022,5,4,"80,00",2,2,"50,00",1,"20,00",0,1,"20,00"
354740,SANTA RITA D´OESTE,SP,09/2022,9,7,"77,78",5,2,"71,43",2,"22,22",0,2,"22,22"
354740,SANTA RITA D´OESTE,SP,07/2022,9,6,"66,67",6,0,"100,00",3,"33,33",0,3,"33,33"
354750,SANTA RITA DO PASSA QUATRO,SP,07/2022,122,86,"70,49",75,11,"87,21",36,"29,51",5,31,"25,41"
354750,SANTA RITA DO PASSA QUATRO,SP,09/2022,137,96,"70,07",91,5,"94,79",41,"29,93",6,35,"25,55"
354750,SANTA RITA DO PASSA QUATRO,SP,11/2022,127,102,"80,31",92,10,"90,20",25,"19,69",4,21,"16,54"
354760,SANTA ROSA DE VITERBO,SP,11/2022,141,134,"95,04",102,32,"76,12",7,"4,96",0,7,"4,96"
354760,SANTA ROSA DE VITERBO,SP,09/2022,148,137,"92,57",111,26,"81,02",11,"7,43",3,8,"5,41"
354760,SANTA ROSA DE VITERBO,SP,07/2022,138,118,"85,51",102,16,"86,44",20,"14,49",13,7,"5,07"
354765,SANTA SALETE,SP,07/2022,7,5,"71,43",4,1,"80,00",2,"28,57",1,1,"14,29"
354765,SANTA SALETE,SP,09/2022,6,5,"83,33",4,1,"80,00",1,"16,67",0,1,"16,67"
354765,SANTA SALETE,SP,11/2022,7,6,"85,71",6,0,"100,00",1,"14,29",0,1,"14,29"
354770,SANTO ANASTÁCIO,SP,11/2022,156,142,"91,03",112,30,"78,87",14,"8,97",3,11,"7,05"
354770,SANTO ANASTÁCIO,SP,07/2022,147,123,"83,67",96,27,"78,05",24,"16,33",1,23,"15,65"
354770,SANTO ANASTÁCIO,SP,09/2022,162,49,"30,25",34,15,"69,39",113,"69,75",92,21,"12,96"
354780,SANTO ANDRÉ,SP,07/2022,4261,3508,"82,33",3437,71,"97,98",753,"17,67",105,648,"15,21"
354780,SANTO ANDRÉ,SP,09/2022,4682,3394,"72,49",2885,509,"85,00",1288,"27,51",416,872,"18,62"
354780,SANTO ANDRÉ,SP,11/2022,4539,3823,"84,23",3295,528,"86,19",716,"15,77",76,640,"14,10"
354790,SANTO ANTÔNIO DA ALEGRIA,SP,11/2022,73,64,"87,67",64,0,"100,00",9,"12,33",1,8,"10,96"
354790,SANTO ANTÔNIO DA ALEGRIA,SP,09/2022,74,49,"66,22",44,5,"89,80",25,"33,78",5,20,"27,03"
354790,SANTO ANTÔNIO DA ALEGRIA,SP,07/2022,65,50,"76,92",50,0,"100,00",15,"23,08",0,15,"23,08"
354800,SANTO ANTÔNIO DE POSSE,SP,09/2022,170,164,"96,47",118,46,"71,95",6,"3,53",2,4,"2,35"
354800,SANTO ANTÔNIO DE POSSE,SP,07/2022,164,130,"79,27",113,17,"86,92",34,"20,73",4,30,"18,29"
354800,SANTO ANTÔNIO DE POSSE,SP,11/2022,168,151,"89,88",115,36,"76,16",17,"10,12",2,15,"8,93"
354805,SANTO ANTÔNIO DO ARACANGUÁ,SP,11/2022,59,51,"86,44",50,1,"98,04",8,"13,56",2,6,"10,17"
354805,SANTO ANTÔNIO DO ARACANGUÁ,SP,07/2022,52,39,"75,00",35,4,"89,74",13,"25,00",7,6,"11,54"
354805,SANTO ANTÔNIO DO ARACANGUÁ,SP,09/2022,58,47,"81,03",38,9,"80,85",11,"18,97",5,6,"10,34"
354810,SANTO ANTÔNIO DO JARDIM,SP,09/2022,35,28,"80,00",18,10,"64,29",7,"20,00",1,6,"17,14"
354810,SANTO ANTÔNIO DO JARDIM,SP,07/2022,30,25,"83,33",12,13,"48,00",5,"16,67",0,5,"16,67"
354810,SANTO ANTÔNIO DO JARDIM,SP,11/2022,32,25,"78,13",21,4,"84,00",7,"21,88",1,6,"18,75"
354820,SANTO ANTÔNIO DO PINHAL,SP,11/2022,66,47,"71,21",46,1,"97,87",19,"28,79",6,13,"19,70"
354820,SANTO ANTÔNIO DO PINHAL,SP,07/2022,57,44,"77,19",43,1,"97,73",13,"22,81",3,10,"17,54"
354820,SANTO ANTÔNIO DO PINHAL,SP,09/2022,62,46,"74,19",26,20,"56,52",16,"25,81",5,11,"17,74"
354830,SANTO EXPEDITO,SP,09/2022,24,17,"70,83",16,1,"94,12",7,"29,17",2,5,"20,83"
354830,SANTO EXPEDITO,SP,07/2022,27,20,"74,07",18,2,"90,00",7,"25,93",2,5,"18,52"
354830,SANTO EXPEDITO,SP,11/2022,25,17,"68,00",16,1,"94,12",8,"32,00",2,6,"24,00"
354840,SANTÓPOLIS DO AGUAPEÍ,SP,11/2022,46,43,"93,48",43,0,"100,00",3,"6,52",0,3,"6,52"
354840,SANTÓPOLIS DO AGUAPEÍ,SP,09/2022,44,40,"90,91",40,0,"100,00",4,"9,09",0,4,"9,09"
354840,SANTÓPOLIS DO AGUAPEÍ,SP,07/2022,41,36,"87,80",36,0,"100,00",5,"12,20",0,5,"12,20"
354850,SANTOS,SP,07/2022,1633,1400,"85,73",1211,189,"86,50",233,"14,27",24,209,"12,80"
354850,SANTOS,SP,09/2022,1766,1464,"82,90",1231,233,"84,08",302,"17,10",89,213,"12,06"
354850,SANTOS,SP,11/2022,1775,1560,"87,89",1412,148,"90,51",215,"12,11",7,208,"11,72"
354860,SÃO BENTO DO SAPUCAÍ,SP,11/2022,77,59,"76,62",59,0,"100,00",18,"23,38",2,16,"20,78"
354860,SÃO BENTO DO SAPUCAÍ,SP,07/2022,75,51,"68,00",51,0,"100,00",24,"32,00",1,23,"30,67"
354860,SÃO BENTO DO SAPUCAÍ,SP,09/2022,82,61,"74,39",61,0,"100,00",21,"25,61",2,19,"23,17"
354870,SÃO BERNARDO DO CAMPO,SP,07/2022,4309,2182,"50,64",1885,297,"86,39",2127,"49,36",1222,905,"21,00"
354870,SÃO BERNARDO DO CAMPO,SP,09/2022,4814,2242,"46,57",1886,356,"84,12",2572,"53,43",1676,896,"18,61"
354870,SÃO BERNARDO DO CAMPO,SP,11/2022,4628,2689,"58,10",2359,330,"87,73",1939,"41,90",1089,850,"18,37"
354880,SÃO CAETANO DO SUL,SP,11/2022,456,434,"95,18",359,75,"82,72",22,"4,82",5,17,"3,73"
354880,SÃO CAETANO DO SUL,SP,07/2022,337,299,"88,72",231,68,"77,26",38,"11,28",28,10,"2,97"
354880,SÃO CAETANO DO SUL,SP,09/2022,359,309,"86,07",223,86,"72,17",50,"13,93",38,12,"3,34"
354890,SÃO CARLOS,SP,07/2022,1104,144,"13,04",142,2,"98,61",960,"86,96",723,237,"21,47"
354890,SÃO CARLOS,SP,09/2022,1220,177,"14,51",175,2,"98,87",1043,"85,49",782,261,"21,39"
354890,SÃO CARLOS,SP,11/2022,1273,804,"63,16",786,18,"97,76",469,"36,84",95,374,"29,38"
354900,SÃO FRANCISCO,SP,11/2022,16,15,"93,75",15,0,"100,00",1,"6,25",0,1,"6,25"
354900,SÃO FRANCISCO,SP,09/2022,18,15,"83,33",15,0,"100,00",3,"16,67",1,2,"11,11"
354900,SÃO FRANCISCO,SP,07/2022,16,14,"87,50",14,0,"100,00",2,"12,50",0,2,"12,50"
354910,SÃO JOÃO DA BOA VISTA,SP,07/2022,284,169,"59,51",148,21,"87,57",115,"40,49",2,113,"39,79"
354910,SÃO JOÃO DA BOA VISTA,SP,09/2022,299,181,"60,54",127,54,"70,17",118,"39,46",0,118,"39,46"
354910,SÃO JOÃO DA BOA VISTA,SP,11/2022,306,183,"59,80",123,60,"67,21",123,"40,20",0,123,"40,20"
354920,SÃO JOÃO DAS DUAS PONTES,SP,11/2022,15,14,"93,33",10,4,"71,43",1,"6,67",1,0,"0,00"
354920,SÃO JOÃO DAS DUAS PONTES,SP,09/2022,19,19,"100,00",17,2,"89,47",0,"0,00",0,0,"0,00"
354920,SÃO JOÃO DAS DUAS PONTES,SP,07/2022,20,18,"90,00",18,0,"100,00",2,"10,00",0,2,"10,00"
354925,SÃO JOÃO DE IRACEMA,SP,07/2022,11,10,"90,91",9,1,"90,00",1,"9,09",1,0,"0,00"
354925,SÃO JOÃO DE IRACEMA,SP,09/2022,8,8,"100,00",8,0,"100,00",0,"0,00",0,0,"0,00"
354925,SÃO JOÃO DE IRACEMA,SP,11/2022,7,7,"100,00",7,0,"100,00",0,"0,00",0,0,"0,00"
354930,SÃO JOÃO DO PAU D´ALHO,SP,11/2022,13,0,"0,00",0,0,,13,"100,00",10,3,"23,08"
354930,SÃO JOÃO DO PAU D´ALHO,SP,07/2022,12,3,"25,00",2,1,"66,67",9,"75,00",8,1,"8,33"
354930,SÃO JOÃO DO PAU D´ALHO,SP,09/2022,12,8,"66,67",8,0,"100,00",4,"33,33",1,3,"25,00"
354940,SÃO JOAQUIM DA BARRA,SP,07/2022,225,202,"89,78",165,37,"81,68",23,"10,22",1,22,"9,78"
354940,SÃO JOAQUIM DA BARRA,SP,09/2022,238,212,"89,08",175,37,"82,55",26,"10,92",2,24,"10,08"
354940,SÃO JOAQUIM DA BARRA,SP,11/2022,224,200,"89,29",194,6,"97,00",24,"10,71",3,21,"9,38"
354950,SÃO JOSÉ DA BELA VISTA,SP,11/2022,147,122,"82,99",122,0,"100,00",25,"17,01",0,25,"17,01"
354950,SÃO JOSÉ DA BELA VISTA,SP,07/2022,127,99,"77,95",98,1,"98,99",28,"22,05",0,28,"22,05"
354950,SÃO JOSÉ DA BELA VISTA,SP,09/2022,140,110,"78,57",110,0,"100,00",30,"21,43",1,29,"20,71"
354960,SÃO JOSÉ DO BARREIRO,SP,09/2022,67,59,"88,06",58,1,"98,31",8,"11,94",3,5,"7,46"
354960,SÃO JOSÉ DO BARREIRO,SP,07/2022,68,62,"91,18",58,4,"93,55",6,"8,82",2,4,"5,88"
354960,SÃO JOSÉ DO BARREIRO,SP,11/2022,65,58,"89,23",41,17,"70,69",7,"10,77",0,7,"10,77"
354970,SÃO JOSÉ DO RIO PARDO,SP,11/2022,385,289,"75,06",209,80,"72,32",96,"24,94",29,67,"17,40"
354970,SÃO JOSÉ DO RIO PARDO,SP,07/2022,352,0,"0,00",0,0,,352,"100,00",320,32,"9,09"
354970,SÃO JOSÉ DO RIO PARDO,SP,09/2022,397,301,"75,82",212,89,"70,43",96,"24,18",31,65,"16,37"
354980,SÃO JOSÉ DO RIO PRETO,SP,09/2022,1953,642,"32,87",527,115,"82,09",1311,"67,13",931,380,"19,46"
354980,SÃO JOSÉ DO RIO PRETO,SP,07/2022,1712,566,"33,06",508,58,"89,75",1146,"66,94",785,361,"21,09"
354980,SÃO JOSÉ DO RIO PRETO,SP,11/2022,1950,863,"44,26",720,143,"83,43",1087,"55,74",721,366,"18,77"
354990,SÃO JOSÉ DOS CAMPOS,SP,11/2022,4710,4232,"89,85",3671,561,"86,74",478,"10,15",87,391,"8,30"
354990,SÃO JOSÉ DOS CAMPOS,SP,09/2022,4710,4181,"88,77",3518,663,"84,14",529,"11,23",91,438,"9,30"
354990,SÃO JOSÉ DOS CAMPOS,SP,07/2022,4104,3611,"87,99",3289,322,"91,08",493,"12,01",103,390,"9,50"
354995,SÃO LOURENÇO DA SERRA,SP,07/2022,184,137,"74,46",137,0,"100,00",47,"25,54",27,20,"10,87"
354995,SÃO LOURENÇO DA SERRA,SP,09/2022,193,0,"0,00",0,0,,193,"100,00",172,21,"10,88"
354995,SÃO LOURENÇO DA SERRA,SP,11/2022,190,158,"83,16",155,3,"98,10",32,"16,84",12,20,"10,53"
355000,SÃO LUÍS DO PARAITINGA,SP,11/2022,96,83,"86,46",80,3,"96,39",13,"13,54",1,12,"12,50"
355000,SÃO LUÍS DO PARAITINGA,SP,09/2022,95,83,"87,37",76,7,"91,57",12,"12,63",0,12,"12,63"
355000,SÃO LUÍS DO PARAITINGA,SP,07/2022,91,75,"82,42",67,8,"89,33",16,"17,58",3,13,"14,29"
355010,SÃO MANUEL,SP,07/2022,224,203,"90,63",174,29,"85,71",21,"9,38",5,16,"7,14"
355010,SÃO MANUEL,SP,09/2022,249,157,"63,05",133,24,"84,71",92,"36,95",68,24,"9,64"
355010,SÃO MANUEL,SP,11/2022,258,230,"89,15",227,3,"98,70",28,"10,85",4,24,"9,30"
355020,SÃO MIGUEL ARCANJO,SP,11/2022,268,226,"84,33",161,65,"71,24",42,"15,67",1,41,"15,30"
355020,SÃO MIGUEL ARCANJO,SP,07/2022,274,249,"90,88",200,49,"80,32",25,"9,12",1,24,"8,76"
355020,SÃO MIGUEL ARCANJO,SP,09/2022,283,213,"75,27",168,45,"78,87",70,"24,73",31,39,"13,78"
355030,SÃO PAULO,SP,07/2022,77545,64794,"83,56",57237,7557,"88,34",12751,"16,44",1257,11494,"14,82"
355030,SÃO PAULO,SP,09/2022,83115,69307,"83,39",55899,13408,"80,65",13808,"16,61",3962,9846,"11,85"
355030,SÃO PAULO,SP,11/2022,80017,65042,"81,29",52736,12306,"81,08",14975,"18,71",5909,9066,"11,33"
355040,SÃO PEDRO,SP,11/2022,281,237,"84,34",175,62,"73,84",44,"15,66",5,39,"13,88"
355040,SÃO PEDRO,SP,07/2022,245,188,"76,73",140,48,"74,47",57,"23,27",31,26,"10,61"
355040,SÃO PEDRO,SP,09/2022,269,219,"81,41",155,64,"70,78",50,"18,59",9,41,"15,24"
355050,SÃO PEDRO DO TURVO,SP,07/2022,57,49,"85,96",44,5,"89,80",8,"14,04",5,3,"5,26"
355050,SÃO PEDRO DO TURVO,SP,09/2022,63,58,"92,06",50,8,"86,21",5,"7,94",4,1,"1,59"
355050,SÃO PEDRO DO TURVO,SP,11/2022,61,57,"93,44",49,8,"85,96",4,"6,56",2,2,"3,28"
355060,SÃO ROQUE,SP,11/2022,476,427,"89,71",415,12,"97,19",49,"10,29",3,46,"9,66"
355060,SÃO ROQUE,SP,09/2022,482,399,"82,78",252,147,"63,16",83,"17,22",50,33,"6,85"
355060,SÃO ROQUE,SP,07/2022,433,367,"84,76",347,20,"94,55",66,"15,24",29,37,"8,55"
355070,SÃO SEBASTIÃO,SP,07/2022,671,5,"0,75",5,0,"100,00",666,"99,25",607,59,"8,79"
355070,SÃO SEBASTIÃO,SP,09/2022,747,268,"35,88",242,26,"90,30",479,"64,12",369,110,"14,73"
355070,SÃO SEBASTIÃO,SP,11/2022,748,178,"23,80",165,13,"92,70",570,"76,20",456,114,"15,24"
355080,SÃO SEBASTIÃO DA GRAMA,SP,11/2022,42,37,"88,10",17,20,"45,95",5,"11,90",1,4,"9,52"
355080,SÃO SEBASTIÃO DA GRAMA,SP,07/2022,40,37,"92,50",28,9,"75,68",3,"7,50",0,3,"7,50"
355080,SÃO SEBASTIÃO DA GRAMA,SP,09/2022,40,37,"92,50",12,25,"32,43",3,"7,50",0,3,"7,50"
355090,SÃO SIMÃO,SP,09/2022,116,109,"93,97",77,32,"70,64",7,"6,03",1,6,"5,17"
355090,SÃO SIMÃO,SP,07/2022,117,102,"87,18",87,15,"85,29",15,"12,82",2,13,"11,11"
355090,SÃO SIMÃO,SP,11/2022,115,107,"93,04",75,32,"70,09",8,"6,96",0,8,"6,96"
355100,SÃO VICENTE,SP,11/2022,2290,1579,"68,95",1355,224,"85,81",711,"31,05",176,535,"23,36"
355100,SÃO VICENTE,SP,07/2022,2108,1306,"61,95",1173,133,"89,82",802,"38,05",207,595,"28,23"
355100,SÃO VICENTE,SP,09/2022,2294,1482,"64,60",1258,224,"84,89",812,"35,40",174,638,"27,81"
355110,SARAPUÍ,SP,07/2022,59,0,"0,00",0,0,,59,"100,00",50,9,"15,25"
355110,SARAPUÍ,SP,09/2022,59,0,"0,00",0,0,,59,"100,00",49,10,"16,95"
355110,SARAPUÍ,SP,11/2022,66,54,"81,82",54,0,"100,00",12,"18,18",1,11,"16,67"
355120,SARUTAIÁ,SP,11/2022,52,45,"86,54",45,0,"100,00",7,"13,46",1,6,"11,54"
355120,SARUTAIÁ,SP,09/2022,55,47,"85,45",47,0,"100,00",8,"14,55",0,8,"14,55"
355120,SARUTAIÁ,SP,07/2022,57,55,"96,49",55,0,"100,00",2,"3,51",0,2,"3,51"
355130,SEBASTIANÓPOLIS DO SUL,SP,07/2022,22,18,"81,82",14,4,"77,78",4,"18,18",1,3,"13,64"
355130,SEBASTIANÓPOLIS DO SUL,SP,09/2022,21,18,"85,71",15,3,"83,33",3,"14,29",1,2,"9,52"
355130,SEBASTIANÓPOLIS DO SUL,SP,11/2022,21,18,"85,71",17,1,"94,44",3,"14,29",1,2,"9,52"
355140,SERRA AZUL,SP,11/2022,150,143,"95,33",143,0,"100,00",7,"4,67",0,7,"4,67"
355140,SERRA AZUL,SP,09/2022,157,149,"94,90",110,39,"73,83",8,"5,10",4,4,"2,55"
355140,SERRA AZUL,SP,07/2022,152,144,"94,74",136,8,"94,44",8,"5,26",5,3,"1,97"
355150,SERRANA,SP,07/2022,333,297,"89,19",286,11,"96,30",36,"10,81",3,33,"9,91"
355150,SERRANA,SP,09/2022,402,351,"87,31",273,78,"77,78",51,"12,69",5,46,"11,44"
355150,SERRANA,SP,11/2022,392,324,"82,65",256,68,"79,01",68,"17,35",3,65,"16,58"
355160,SERRA NEGRA,SP,11/2022,139,108,"77,70",102,6,"94,44",31,"22,30",10,21,"15,11"
355160,SERRA NEGRA,SP,07/2022,127,97,"76,38",96,1,"98,97",30,"23,62",4,26,"20,47"
355160,SERRA NEGRA,SP,09/2022,131,111,"84,73",105,6,"94,59",20,"15,27",4,16,"12,21"
355170,SERTÃOZINHO,SP,07/2022,741,560,"75,57",460,100,"82,14",181,"24,43",21,160,"21,59"
355170,SERTÃOZINHO,SP,09/2022,867,675,"77,85",546,129,"80,89",192,"22,15",10,182,"20,99"
355170,SERTÃOZINHO,SP,11/2022,853,690,"80,89",609,81,"88,26",163,"19,11",2,161,"18,87"
355180,SETE BARRAS,SP,11/2022,190,135,"71,05",118,17,"87,41",55,"28,95",1,54,"28,42"
355180,SETE BARRAS,SP,07/2022,200,132,"66,00",111,21,"84,09",68,"34,00",13,55,"27,50"
355180,SETE BARRAS,SP,09/2022,200,139,"69,50",131,8,"94,24",61,"30,50",4,57,"28,50"
355190,SEVERÍNIA,SP,09/2022,157,118,"75,16",118,0,"100,00",39,"24,84",2,37,"23,57"
355190,SEVERÍNIA,SP,07/2022,139,104,"74,82",101,3,"97,12",35,"25,18",3,32,"23,02"
355190,SEVERÍNIA,SP,11/2022,151,118,"78,15",112,6,"94,92",33,"21,85",2,31,"20,53"
355200,SILVEIRAS,SP,11/2022,96,89,"92,71",89,0,"100,00",7,"7,29",0,7,"7,29"
355200,SILVEIRAS,SP,07/2022,95,89,"93,68",78,11,"87,64",6,"6,32",2,4,"4,21"
355200,SILVEIRAS,SP,09/2022,98,89,"90,82",88,1,"98,88",9,"9,18",3,6,"6,12"
355210,SOCORRO,SP,09/2022,221,198,"89,59",172,26,"86,87",23,"10,41",4,19,"8,60"
355210,SOCORRO,SP,07/2022,206,178,"86,41",158,20,"88,76",28,"13,59",3,25,"12,14"
355210,SOCORRO,SP,11/2022,204,183,"89,71",177,6,"96,72",21,"10,29",2,19,"9,31"
355220,SOROCABA,SP,11/2022,3530,3175,"89,94",2681,494,"84,44",355,"10,06",17,338,"9,58"
355220,SOROCABA,SP,07/2022,3160,2561,"81,04",2184,377,"85,28",599,"18,96",21,578,"18,29"
355220,SOROCABA,SP,09/2022,3559,2933,"82,41",2351,582,"80,16",626,"17,59",10,616,"17,31"
355230,SUD MENNUCCI,SP,07/2022,39,27,"69,23",4,23,"14,81",12,"30,77",0,12,"30,77"
355230,SUD MENNUCCI,SP,09/2022,43,32,"74,42",14,18,"43,75",11,"25,58",0,11,"25,58"
355230,SUD MENNUCCI,SP,11/2022,48,37,"77,08",24,13,"64,86",11,"22,92",0,11,"22,92"
355240,SUMARÉ,SP,11/2022,1801,1423,"79,01",1329,94,"93,39",378,"20,99",10,368,"20,43"
355240,SUMARÉ,SP,07/2022,1634,688,"42,11",642,46,"93,31",946,"57,89",602,344,"21,05"
355240,SUMARÉ,SP,09/2022,1849,863,"46,67",773,90,"89,57",986,"53,33",591,395,"21,36"
355250,SUZANO,SP,09/2022,3151,2532,"80,36",2250,282,"88,86",619,"19,64",408,211,"6,70"
355250,SUZANO,SP,07/2022,2864,2151,"75,10",1920,231,"89,26",713,"24,90",496,217,"7,58"
355250,SUZANO,SP,11/2022,3086,2896,"93,84",2549,347,"88,02",190,"6,16",34,156,"5,06"
355255,SUZANÁPOLIS,SP,11/2022,22,17,"77,27",13,4,"76,47",5,"22,73",0,5,"22,73"
355255,SUZANÁPOLIS,SP,09/2022,30,22,"73,33",15,7,"68,18",8,"26,67",2,6,"20,00"
355255,SUZANÁPOLIS,SP,07/2022,28,21,"75,00",20,1,"95,24",7,"25,00",1,6,"21,43"
355260,TABAPUÃ,SP,07/2022,85,82,"96,47",82,0,"100,00",3,"3,53",0,3,"3,53"
355260,TABAPUÃ,SP,09/2022,101,97,"96,04",90,7,"92,78",4,"3,96",1,3,"2,97"
355260,TABAPUÃ,SP,11/2022,102,92,"90,20",87,5,"94,57",10,"9,80",0,10,"9,80"
355270,TABATINGA,SP,11/2022,92,84,"91,30",66,18,"78,57",8,"8,70",0,8,"8,70"
355270,TABATINGA,SP,09/2022,97,86,"88,66",75,11,"87,21",11,"11,34",1,10,"10,31"
355270,TABATINGA,SP,07/2022,89,76,"85,39",47,29,"61,84",13,"14,61",3,10,"11,24"
355280,TABOÃO DA SERRA,SP,09/2022,2142,880,"41,08",626,254,"71,14",1262,"58,92",871,391,"18,25"
355280,TABOÃO DA SERRA,SP,07/2022,1876,572,"30,49",406,166,"70,98",1304,"69,51",968,336,"17,91"
355280,TABOÃO DA SERRA,SP,11/2022,2149,1240,"57,70",995,245,"80,24",909,"42,30",547,362,"16,85"
355290,TACIBA,SP,11/2022,68,62,"91,18",62,0,"100,00",6,"8,82",1,5,"7,35"
355290,TACIBA,SP,07/2022,49,0,"0,00",0,0,,49,"100,00",46,3,"6,12"
355290,TACIBA,SP,09/2022,57,0,"0,00",0,0,,57,"100,00",53,4,"7,02"
355300,TAGUAÍ,SP,09/2022,82,54,"65,85",22,32,"40,74",28,"34,15",1,27,"32,93"
355300,TAGUAÍ,SP,07/2022,74,48,"64,86",14,34,"29,17",26,"35,14",1,25,"33,78"
355300,TAGUAÍ,SP,11/2022,82,55,"67,07",26,29,"47,27",27,"32,93",1,26,"31,71"
355310,TAIAÇU,SP,11/2022,68,64,"94,12",37,27,"57,81",4,"5,88",1,3,"4,41"
355310,TAIAÇU,SP,09/2022,67,47,"70,15",12,35,"25,53",20,"29,85",10,10,"14,93"
355310,TAIAÇU,SP,07/2022,64,36,"56,25",18,18,"50,00",28,"43,75",18,10,"15,63"
355320,TAIÚVA,SP,09/2022,33,23,"69,70",14,9,"60,87",10,"30,30",3,7,"21,21"
355320,TAIÚVA,SP,07/2022,27,20,"74,07",18,2,"90,00",7,"25,93",3,4,"14,81"
355320,TAIÚVA,SP,11/2022,31,25,"80,65",19,6,"76,00",6,"19,35",1,5,"16,13"
355330,TAMBAÚ,SP,11/2022,212,176,"83,02",176,0,"100,00",36,"16,98",2,34,"16,04"
355330,TAMBAÚ,SP,07/2022,174,157,"90,23",157,0,"100,00",17,"9,77",1,16,"9,20"
355330,TAMBAÚ,SP,09/2022,198,164,"82,83",164,0,"100,00",34,"17,17",3,31,"15,66"
355340,TANABI,SP,07/2022,235,180,"76,60",143,37,"79,44",55,"23,40",8,47,"20,00"
355340,TANABI,SP,09/2022,241,201,"83,40",177,24,"88,06",40,"16,60",7,33,"13,69"
355340,TANABI,SP,11/2022,214,183,"85,51",183,0,"100,00",31,"14,49",0,31,"14,49"
355350,TAPIRAÍ,SP,11/2022,114,91,"79,82",71,20,"78,02",23,"20,18",2,21,"18,42"
355350,TAPIRAÍ,SP,09/2022,112,83,"74,11",61,22,"73,49",29,"25,89",2,27,"24,11"
355350,TAPIRAÍ,SP,07/2022,106,74,"69,81",63,11,"85,14",32,"30,19",3,29,"27,36"
355360,TAPIRATIBA,SP,09/2022,96,82,"85,42",82,0,"100,00",14,"14,58",0,14,"14,58"
355360,TAPIRATIBA,SP,07/2022,83,73,"87,95",71,2,"97,26",10,"12,05",0,10,"12,05"
355360,TAPIRATIBA,SP,11/2022,85,0,"0,00",0,0,,85,"100,00",75,10,"11,76"
355365,TAQUARAL,SP,11/2022,12,12,"100,00",12,0,"100,00",0,"0,00",0,0,"0,00"
355365,TAQUARAL,SP,07/2022,14,11,"78,57",11,0,"100,00",3,"21,43",0,3,"21,43"
355365,TAQUARAL,SP,09/2022,12,11,"91,67",11,0,"100,00",1,"8,33",0,1,"8,33"
355370,TAQUARITINGA,SP,07/2022,488,458,"93,85",433,25,"94,54",30,"6,15",3,27,"5,53"
355370,TAQUARITINGA,SP,09/2022,519,486,"93,64",442,44,"90,95",33,"6,36",4,29,"5,59"
355370,TAQUARITINGA,SP,11/2022,486,449,"92,39",420,29,"93,54",37,"7,61",2,35,"7,20"
355380,TAQUARITUBA,SP,11/2022,168,135,"80,36",119,16,"88,15",33,"19,64",13,20,"11,90"
355380,TAQUARITUBA,SP,09/2022,164,153,"93,29",148,5,"96,73",11,"6,71",0,11,"6,71"
355380,TAQUARITUBA,SP,07/2022,146,136,"93,15",136,0,"100,00",10,"6,85",0,10,"6,85"
355385,TAQUARIVAÍ,SP,09/2022,74,70,"94,59",58,12,"82,86",4,"5,41",0,4,"5,41"
355385,TAQUARIVAÍ,SP,07/2022,73,66,"90,41",55,11,"83,33",7,"9,59",3,4,"5,48"
355385,TAQUARIVAÍ,SP,11/2022,78,74,"94,87",69,5,"93,24",4,"5,13",0,4,"5,13"
355390,TARABAI,SP,11/2022,57,50,"87,72",35,15,"70,00",7,"12,28",7,0,"0,00"
355390,TARABAI,SP,09/2022,63,56,"88,89",39,17,"69,64",7,"11,11",7,0,"0,00"
355390,TARABAI,SP,07/2022,53,1,"1,89",1,0,"100,00",52,"98,11",44,8,"15,09"
355395,TARUMÃ,SP,09/2022,109,92,"84,40",67,25,"72,83",17,"15,60",5,12,"11,01"
355395,TARUMÃ,SP,07/2022,106,90,"84,91",76,14,"84,44",16,"15,09",2,14,"13,21"
355395,TARUMÃ,SP,11/2022,99,84,"84,85",56,28,"66,67",15,"15,15",5,10,"10,10"
355400,TATUÍ,SP,11/2022,806,608,"75,43",491,117,"80,76",198,"24,57",55,143,"17,74"
355400,TATUÍ,SP,07/2022,798,561,"70,30",476,85,"84,85",237,"29,70",3,234,"29,32"
355400,TATUÍ,SP,09/2022,850,611,"71,88",483,128,"79,05",239,"28,12",7,232,"27,29"
355410,TAUBATÉ,SP,07/2022,1396,1096,"78,51",1050,46,"95,80",300,"21,49",26,274,"19,63"
355410,TAUBATÉ,SP,09/2022,1448,508,"35,08",320,188,"62,99",940,"64,92",663,277,"19,13"
355410,TAUBATÉ,SP,11/2022,1526,1242,"81,39",925,317,"74,48",284,"18,61",8,276,"18,09"
355420,TEJUPÁ,SP,11/2022,55,42,"76,36",29,13,"69,05",13,"23,64",2,11,"20,00"
355420,TEJUPÁ,SP,07/2022,55,38,"69,09",29,9,"76,32",17,"30,91",0,17,"30,91"
355420,TEJUPÁ,SP,09/2022,55,38,"69,09",28,10,"73,68",17,"30,91",0,17,"30,91"
355430,TEODORO SAMPAIO,SP,07/2022,235,194,"82,55",183,11,"94,33",41,"17,45",1,40,"17,02"
355430,TEODORO SAMPAIO,SP,09/2022,243,221,"90,95",186,35,"84,16",22,"9,05",3,19,"7,82"
355430,TEODORO SAMPAIO,SP,11/2022,236,210,"88,98",191,19,"90,95",26,"11,02",2,24,"10,17"
355440,TERRA ROXA,SP,11/2022,43,38,"88,37",19,19,"50,00",5,"11,63",0,5,"11,63"
355440,TERRA ROXA,SP,07/2022,33,29,"87,88",29,0,"100,00",4,"12,12",0,4,"12,12"
355440,TERRA ROXA,SP,09/2022,35,29,"82,86",22,7,"75,86",6,"17,14",0,6,"17,14"
355450,TIETÊ,SP,07/2022,163,21,"12,88",21,0,"100,00",142,"87,12",113,29,"17,79"
355450,TIETÊ,SP,09/2022,189,0,"0,00",0,0,,189,"100,00",158,31,"16,40"
355450,TIETÊ,SP,11/2022,177,18,"10,17",16,2,"88,89",159,"89,83",126,33,"18,64"
355460,TIMBURI,SP,11/2022,22,22,"100,00",14,8,"63,64",0,"0,00",0,0,"0,00"
355460,TIMBURI,SP,09/2022,23,21,"91,30",17,4,"80,95",2,"8,70",0,2,"8,70"
355460,TIMBURI,SP,07/2022,26,24,"92,31",18,6,"75,00",2,"7,69",0,2,"7,69"
355465,TORRE DE PEDRA,SP,07/2022,34,18,"52,94",18,0,"100,00",16,"47,06",0,16,"47,06"
355465,TORRE DE PEDRA,SP,09/2022,31,20,"64,52",15,5,"75,00",11,"35,48",0,11,"35,48"
355465,TORRE DE PEDRA,SP,11/2022,35,26,"74,29",21,5,"80,77",9,"25,71",0,9,"25,71"
355470,TORRINHA,SP,11/2022,54,45,"83,33",45,0,"100,00",9,"16,67",1,8,"14,81"
355470,TORRINHA,SP,07/2022,49,36,"73,47",24,12,"66,67",13,"26,53",2,11,"22,45"
355470,TORRINHA,SP,09/2022,57,38,"66,67",28,10,"73,68",19,"33,33",2,17,"29,82"
355475,TRABIJU,SP,07/2022,31,26,"83,87",26,0,"100,00",5,"16,13",1,4,"12,90"
355475,TRABIJU,SP,09/2022,31,28,"90,32",28,0,"100,00",3,"9,68",0,3,"9,68"
355475,TRABIJU,SP,11/2022,29,27,"93,10",27,0,"100,00",2,"6,90",0,2,"6,90"
355480,TREMEMBÉ,SP,11/2022,371,315,"84,91",195,120,"61,90",56,"15,09",8,48,"12,94"
355480,TREMEMBÉ,SP,09/2022,406,304,"74,88",145,159,"47,70",102,"25,12",56,46,"11,33"
355480,TREMEMBÉ,SP,07/2022,350,268,"76,57",124,144,"46,27",82,"23,43",30,52,"14,86"
355490,TRÊS FRONTEIRAS,SP,09/2022,34,25,"73,53",25,0,"100,00",9,"26,47",1,8,"23,53"
355490,TRÊS FRONTEIRAS,SP,07/2022,34,26,"76,47",23,3,"88,46",8,"23,53",1,7,"20,59"
355490,TRÊS FRONTEIRAS,SP,11/2022,34,25,"73,53",25,0,"100,00",9,"26,47",1,8,"23,53"
355495,TUIUTI,SP,11/2022,51,39,"76,47",32,7,"82,05",12,"23,53",0,12,"23,53"
355495,TUIUTI,SP,09/2022,49,35,"71,43",32,3,"91,43",14,"28,57",3,11,"22,45"
355495,TUIUTI,SP,07/2022,47,36,"76,60",30,6,"83,33",11,"23,40",4,7,"14,89"
355500,TUPÃ,SP,09/2022,328,293,"89,33",233,60,"79,52",35,"10,67",5,30,"9,15"
355500,TUPÃ,SP,07/2022,304,268,"88,16",159,109,"59,33",36,"11,84",4,32,"10,53"
355500,TUPÃ,SP,11/2022,327,297,"90,83",231,66,"77,78",30,"9,17",0,30,"9,17"
355510,TUPI PAULISTA,SP,11/2022,72,63,"87,50",58,5,"92,06",9,"12,50",0,9,"12,50"
355510,TUPI PAULISTA,SP,09/2022,70,61,"87,14",56,5,"91,80",9,"12,86",0,9,"12,86"
355510,TUPI PAULISTA,SP,07/2022,55,48,"87,27",46,2,"95,83",7,"12,73",2,5,"9,09"
355520,TURIÚBA,SP,07/2022,13,10,"76,92",3,7,"30,00",3,"23,08",1,2,"15,38"
355520,TURIÚBA,SP,09/2022,12,10,"83,33",1,9,"10,00",2,"16,67",0,2,"16,67"
355520,TURIÚBA,SP,11/2022,11,9,"81,82",8,1,"88,89",2,"18,18",0,2,"18,18"
355530,TURMALINA,SP,11/2022,10,5,"50,00",5,0,"100,00",5,"50,00",2,3,"30,00"
355530,TURMALINA,SP,09/2022,9,0,"0,00",0,0,,9,"100,00",7,2,"22,22"
355530,TURMALINA,SP,07/2022,8,0,"0,00",0,0,,8,"100,00",7,1,"12,50"
355535,UBARANA,SP,07/2022,43,41,"95,35",23,18,"56,10",2,"4,65",1,1,"2,33"
355535,UBARANA,SP,09/2022,41,38,"92,68",24,14,"63,16",3,"7,32",1,2,"4,88"
355535,UBARANA,SP,11/2022,37,32,"86,49",25,7,"78,13",5,"13,51",0,5,"13,51"
355540,UBATUBA,SP,11/2022,1039,566,"54,48",523,43,"92,40",473,"45,52",6,467,"44,95"
355540,UBATUBA,SP,09/2022,1004,505,"50,30",415,90,"82,18",499,"49,70",13,486,"48,41"
355540,UBATUBA,SP,07/2022,893,353,"39,53",278,75,"78,75",540,"60,47",103,437,"48,94"
355550,UBIRAJARA,SP,07/2022,51,45,"88,24",45,0,"100,00",6,"11,76",0,6,"11,76"
355550,UBIRAJARA,SP,09/2022,52,0,"0,00",0,0,,52,"100,00",44,8,"15,38"
355550,UBIRAJARA,SP,11/2022,65,60,"92,31",60,0,"100,00",5,"7,69",0,5,"7,69"
355560,UCHOA,SP,11/2022,25,24,"96,00",19,5,"79,17",1,"4,00",0,1,"4,00"
355560,UCHOA,SP,07/2022,27,25,"92,59",18,7,"72,00",2,"7,41",1,1,"3,70"
355560,UCHOA,SP,09/2022,31,26,"83,87",18,8,"69,23",5,"16,13",3,2,"6,45"
355570,UNIÃO PAULISTA,SP,09/2022,11,9,"81,82",7,2,"77,78",2,"18,18",0,2,"18,18"
355570,UNIÃO PAULISTA,SP,07/2022,9,7,"77,78",7,0,"100,00",2,"22,22",0,2,"22,22"
355570,UNIÃO PAULISTA,SP,11/2022,12,7,"58,33",3,4,"42,86",5,"41,67",1,4,"33,33"
355580,URÂNIA,SP,11/2022,36,30,"83,33",22,8,"73,33",6,"16,67",0,6,"16,67"
355580,URÂNIA,SP,09/2022,44,37,"84,09",22,15,"59,46",7,"15,91",0,7,"15,91"
355580,URÂNIA,SP,07/2022,40,34,"85,00",27,7,"79,41",6,"15,00",1,5,"12,50"
355590,URU,SP,09/2022,9,0,"0,00",0,0,,9,"100,00",9,0,"0,00"
355590,URU,SP,07/2022,9,0,"0,00",0,0,,9,"100,00",9,0,"0,00"
355590,URU,SP,11/2022,11,11,"100,00",11,0,"100,00",0,"0,00",0,0,"0,00"
355600,URUPÊS,SP,11/2022,79,68,"86,08",66,2,"97,06",11,"13,92",0,11,"13,92"
355600,URUPÊS,SP,07/2022,74,64,"86,49",56,8,"87,50",10,"13,51",0,10,"13,51"
355600,URUPÊS,SP,09/2022,86,72,"83,72",61,11,"84,72",14,"16,28",0,14,"16,28"
355610,VALENTIM GENTIL,SP,09/2022,104,85,"81,73",82,3,"96,47",19,"18,27",1,18,"17,31"
355610,VALENTIM GENTIL,SP,07/2022,89,70,"78,65",69,1,"98,57",19,"21,35",0,19,"21,35"
355610,VALENTIM GENTIL,SP,11/2022,103,82,"79,61",81,1,"98,78",21,"20,39",0,21,"20,39"
355620,VALINHOS,SP,11/2022,330,285,"86,36",259,26,"90,88",45,"13,64",4,41,"12,42"
355620,VALINHOS,SP,07/2022,318,277,"87,11",256,21,"92,42",41,"12,89",9,32,"10,06"
355620,VALINHOS,SP,09/2022,319,160,"50,16",128,32,"80,00",159,"49,84",126,33,"10,34"
355630,VALPARAÍSO,SP,07/2022,164,129,"78,66",117,12,"90,70",35,"21,34",3,32,"19,51"
355630,VALPARAÍSO,SP,09/2022,173,42,"24,28",32,10,"76,19",131,"75,72",93,38,"21,97"
355630,VALPARAÍSO,SP,11/2022,160,34,"21,25",33,1,"97,06",126,"78,75",90,36,"22,50"
355635,VARGEM,SP,11/2022,31,5,"16,13",4,1,"80,00",26,"83,87",20,6,"19,35"
355635,VARGEM,SP,07/2022,40,6,"15,00",6,0,"100,00",34,"85,00",27,7,"17,50"
355635,VARGEM,SP,09/2022,53,46,"86,79",41,5,"89,13",7,"13,21",0,7,"13,21"
355640,VARGEM GRANDE DO SUL,SP,07/2022,225,146,"64,89",104,42,"71,23",79,"35,11",48,31,"13,78"
355640,VARGEM GRANDE DO SUL,SP,09/2022,231,164,"71,00",142,22,"86,59",67,"29,00",35,32,"13,85"
355640,VARGEM GRANDE DO SUL,SP,11/2022,211,109,"51,66",71,38,"65,14",102,"48,34",72,30,"14,22"
355645,VARGEM GRANDE PAULISTA,SP,11/2022,290,248,"85,52",201,47,"81,05",42,"14,48",0,42,"14,48"
355645,VARGEM GRANDE PAULISTA,SP,09/2022,304,258,"84,87",197,61,"76,36",46,"15,13",1,45,"14,80"
355645,VARGEM GRANDE PAULISTA,SP,07/2022,292,199,"68,15",148,51,"74,37",93,"31,85",49,44,"15,07"
355650,VÁRZEA PAULISTA,SP,09/2022,469,320,"68,23",295,25,"92,19",149,"31,77",69,80,"17,06"
355650,VÁRZEA PAULISTA,SP,07/2022,416,267,"64,18",246,21,"92,13",149,"35,82",85,64,"15,38"
355650,VÁRZEA PAULISTA,SP,11/2022,496,347,"69,96",326,21,"93,95",149,"30,04",64,85,"17,14"
355660,VERA CRUZ,SP,11/2022,51,49,"96,08",44,5,"89,80",2,"3,92",0,2,"3,92"
355660,VERA CRUZ,SP,07/2022,48,41,"85,42",40,1,"97,56",7,"14,58",2,5,"10,42"
355660,VERA CRUZ,SP,09/2022,46,44,"95,65",29,15,"65,91",2,"4,35",1,1,"2,17"
355670,VINHEDO,SP,09/2022,252,128,"50,79",92,36,"71,88",124,"49,21",6,118,"46,83"
355670,VINHEDO,SP,07/2022,223,103,"46,19",66,37,"64,08",120,"53,81",0,120,"53,81"
355670,VINHEDO,SP,11/2022,243,167,"68,72",128,39,"76,65",76,"31,28",0,76,"31,28"
355680,VIRADOURO,SP,11/2022,78,63,"80,77",61,2,"96,83",15,"19,23",1,14,"17,95"
355680,VIRADOURO,SP,07/2022,74,62,"83,78",47,15,"75,81",12,"16,22",0,12,"16,22"
355680,VIRADOURO,SP,09/2022,82,65,"79,27",64,1,"98,46",17,"20,73",1,16,"19,51"
355690,VISTA ALEGRE DO ALTO,SP,09/2022,41,34,"82,93",33,1,"97,06",7,"17,07",1,6,"14,63"
355690,VISTA ALEGRE DO ALTO,SP,07/2022,40,36,"90,00",35,1,"97,22",4,"10,00",0,4,"10,00"
355690,VISTA ALEGRE DO ALTO,SP,11/2022,41,37,"90,24",37,0,"100,00",4,"9,76",0,4,"9,76"
355695,VITÓRIA BRASIL,SP,11/2022,21,20,"95,24",20,0,"100,00",1,"4,76",0,1,"4,76"
355695,VITÓRIA BRASIL,SP,07/2022,16,16,"100,00",16,0,"100,00",0,"0,00",0,0,"0,00"
355695,VITÓRIA BRASIL,SP,09/2022,12,0,"0,00",0,0,,12,"100,00",12,0,"0,00"
355700,VOTORANTIM,SP,09/2022,655,474,"72,37",354,120,"74,68",181,"27,63",3,178,"27,18"
355700,VOTORANTIM,SP,07/2022,569,425,"74,69",324,101,"76,24",144,"25,31",4,140,"24,60"
355700,VOTORANTIM,SP,11/2022,618,437,"70,71",337,100,"77,12",181,"29,29",4,177,"28,64"
355710,VOTUPORANGA,SP,11/2022,474,387,"81,65",325,62,"83,98",87,"18,35",7,80,"16,88"
355710,VOTUPORANGA,SP,09/2022,514,427,"83,07",329,98,"77,05",87,"16,93",10,77,"14,98"
355710,VOTUPORANGA,SP,07/2022,424,364,"85,85",298,66,"81,87",60,"14,15",2,58,"13,68"
355715,ZACARIAS,SP,07/2022,8,5,"62,50",2,3,"40,00",3,"37,50",0,3,"37,50"
355715,ZACARIAS,SP,09/2022,8,5,"62,50",2,3,"40,00",3,"37,50",0,3,"37,50"
355715,ZACARIAS,SP,11/2022,8,5,"62,50",5,0,"100,00",3,"37,50",0,3,"37,50"
355720,CHAVANTES,SP,11/2022,110,99,"90,00",66,33,"66,67",11,"10,00",1,10,"9,09"
355720,CHAVANTES,SP,09/2022,116,104,"89,66",104,0,"100,00",12,"10,34",1,11,"9,48"
355720,CHAVANTES,SP,07/2022,105,96,"91,43",91,5,"94,79",9,"8,57",1,8,"7,62"
355730,ESTIVA GERBI,SP,07/2022,61,26,"42,62",26,0,"100,00",35,"57,38",32,3,"4,92"
355730,ESTIVA GERBI,SP,09/2022,69,34,"49,28",34,0,"100,00",35,"50,72",32,3,"4,35"
355730,ESTIVA GERBI,SP,11/2022,86,80,"93,02",80,0,"100,00",6,"6,98",1,5,"5,81"
170025,ABREULÂNDIA,TO,07/2022,39,30,"76,92",22,8,"73,33",9,"23,08",0,9,"23,08"
170025,ABREULÂNDIA,TO,09/2022,39,28,"71,79",21,7,"75,00",11,"28,21",2,9,"23,08"
170025,ABREULÂNDIA,TO,11/2022,40,31,"77,50",25,6,"80,65",9,"22,50",0,9,"22,50"
170030,AGUIARNÓPOLIS,TO,09/2022,105,68,"64,76",68,0,"100,00",37,"35,24",2,35,"33,33"
170030,AGUIARNÓPOLIS,TO,11/2022,105,65,"61,90",65,0,"100,00",40,"38,10",2,38,"36,19"
170030,AGUIARNÓPOLIS,TO,07/2022,105,68,"64,76",68,0,"100,00",37,"35,24",2,35,"33,33"
170035,ALIANÇA DO TOCANTINS,TO,07/2022,100,54,"54,00",46,8,"85,19",46,"46,00",11,35,"35,00"
170035,ALIANÇA DO TOCANTINS,TO,11/2022,82,55,"67,07",54,1,"98,18",27,"32,93",8,19,"23,17"
170035,ALIANÇA DO TOCANTINS,TO,09/2022,98,70,"71,43",57,13,"81,43",28,"28,57",13,15,"15,31"
170040,ALMAS,TO,11/2022,167,148,"88,62",142,6,"95,95",19,"11,38",0,19,"11,38"
170040,ALMAS,TO,09/2022,190,154,"81,05",136,18,"88,31",36,"18,95",2,34,"17,89"
170040,ALMAS,TO,07/2022,181,155,"85,64",152,3,"98,06",26,"14,36",4,22,"12,15"
170070,ALVORADA,TO,07/2022,135,96,"71,11",84,12,"87,50",39,"28,89",8,31,"22,96"
170070,ALVORADA,TO,09/2022,145,106,"73,10",87,19,"82,08",39,"26,90",2,37,"25,52"
170070,ALVORADA,TO,11/2022,144,111,"77,08",96,15,"86,49",33,"22,92",0,33,"22,92"
170100,ANANÁS,TO,11/2022,231,191,"82,68",181,10,"94,76",40,"17,32",1,39,"16,88"
170100,ANANÁS,TO,09/2022,232,180,"77,59",173,7,"96,11",52,"22,41",9,43,"18,53"
170100,ANANÁS,TO,07/2022,232,184,"79,31",163,21,"88,59",48,"20,69",5,43,"18,53"
170105,ANGICO,TO,07/2022,41,34,"82,93",34,0,"100,00",7,"17,07",0,7,"17,07"
170105,ANGICO,TO,09/2022,46,44,"95,65",44,0,"100,00",2,"4,35",0,2,"4,35"
170105,ANGICO,TO,11/2022,47,45,"95,74",45,0,"100,00",2,"4,26",0,2,"4,26"
170110,APARECIDA DO RIO NEGRO,TO,09/2022,100,75,"75,00",75,0,"100,00",25,"25,00",0,25,"25,00"
170110,APARECIDA DO RIO NEGRO,TO,11/2022,100,78,"78,00",78,0,"100,00",22,"22,00",0,22,"22,00"
170110,APARECIDA DO RIO NEGRO,TO,07/2022,100,76,"76,00",75,1,"98,68",24,"24,00",2,22,"22,00"
170130,ARAGOMINAS,TO,07/2022,118,95,"80,51",87,8,"91,58",23,"19,49",8,15,"12,71"
170130,ARAGOMINAS,TO,11/2022,115,98,"85,22",93,5,"94,90",17,"14,78",4,13,"11,30"
170130,ARAGOMINAS,TO,09/2022,116,96,"82,76",86,10,"89,58",20,"17,24",3,17,"14,66"
170190,ARAGUACEMA,TO,11/2022,129,112,"86,82",105,7,"93,75",17,"13,18",1,16,"12,40"
170190,ARAGUACEMA,TO,09/2022,128,107,"83,59",100,7,"93,46",21,"16,41",3,18,"14,06"
170190,ARAGUACEMA,TO,07/2022,116,90,"77,59",89,1,"98,89",26,"22,41",6,20,"17,24"
170200,ARAGUAÇU,TO,07/2022,103,87,"84,47",84,3,"96,55",16,"15,53",1,15,"14,56"
170200,ARAGUAÇU,TO,11/2022,113,85,"75,22",85,0,"100,00",28,"24,78",1,27,"23,89"
170200,ARAGUAÇU,TO,09/2022,106,79,"74,53",77,2,"97,47",27,"25,47",6,21,"19,81"
170210,ARAGUAÍNA,TO,09/2022,2046,1748,"85,43",1686,62,"96,45",298,"14,57",8,290,"14,17"
170210,ARAGUAÍNA,TO,11/2022,2017,1727,"85,62",1666,61,"96,47",290,"14,38",8,282,"13,98"
170210,ARAGUAÍNA,TO,07/2022,1960,1594,"81,33",1563,31,"98,06",366,"18,67",54,312,"15,92"
170215,ARAGUANÃ,TO,07/2022,114,100,"87,72",94,6,"94,00",14,"12,28",3,11,"9,65"
170215,ARAGUANÃ,TO,11/2022,121,107,"88,43",101,6,"94,39",14,"11,57",3,11,"9,09"
170215,ARAGUANÃ,TO,09/2022,114,101,"88,60",94,7,"93,07",13,"11,40",3,10,"8,77"
170220,ARAGUATINS,TO,11/2022,756,569,"75,26",561,8,"98,59",187,"24,74",3,184,"24,34"
170220,ARAGUATINS,TO,09/2022,784,598,"76,28",593,5,"99,16",186,"23,72",2,184,"23,47"
170220,ARAGUATINS,TO,07/2022,740,522,"70,54",513,9,"98,28",218,"29,46",45,173,"23,38"
170230,ARAPOEMA,TO,07/2022,88,27,"30,68",27,0,"100,00",61,"69,32",6,55,"62,50"
170230,ARAPOEMA,TO,09/2022,88,52,"59,09",52,0,"100,00",36,"40,91",4,32,"36,36"
170230,ARAPOEMA,TO,11/2022,93,59,"63,44",57,2,"96,61",34,"36,56",1,33,"35,48"
170240,ARRAIAS,TO,11/2022,261,198,"75,86",190,8,"95,96",63,"24,14",1,62,"23,75"
170240,ARRAIAS,TO,09/2022,280,212,"75,71",202,10,"95,28",68,"24,29",1,67,"23,93"
170240,ARRAIAS,TO,07/2022,267,204,"76,40",198,6,"97,06",63,"23,60",4,59,"22,10"
170255,AUGUSTINÓPOLIS,TO,07/2022,318,143,"44,97",142,1,"99,30",175,"55,03",149,26,"8,18"
170255,AUGUSTINÓPOLIS,TO,11/2022,335,272,"81,19",269,3,"98,90",63,"18,81",1,62,"18,51"
170255,AUGUSTINÓPOLIS,TO,09/2022,354,307,"86,72",305,2,"99,35",47,"13,28",21,26,"7,34"
170270,AURORA DO TOCANTINS,TO,09/2022,66,58,"87,88",49,9,"84,48",8,"12,12",2,6,"9,09"
170270,AURORA DO TOCANTINS,TO,11/2022,60,55,"91,67",44,11,"80,00",5,"8,33",0,5,"8,33"
170270,AURORA DO TOCANTINS,TO,07/2022,66,57,"86,36",54,3,"94,74",9,"13,64",2,7,"10,61"
170290,AXIXÁ DO TOCANTINS,TO,07/2022,386,264,"68,39",264,0,"100,00",122,"31,61",26,96,"24,87"
170290,AXIXÁ DO TOCANTINS,TO,11/2022,392,282,"71,94",282,0,"100,00",110,"28,06",15,95,"24,23"
170290,AXIXÁ DO TOCANTINS,TO,09/2022,407,254,"62,41",253,1,"99,61",153,"37,59",19,134,"32,92"
170300,BABAÇULÂNDIA,TO,11/2022,168,137,"81,55",134,3,"97,81",31,"18,45",0,31,"18,45"
170300,BABAÇULÂNDIA,TO,09/2022,182,158,"86,81",152,6,"96,20",24,"13,19",0,24,"13,19"
170300,BABAÇULÂNDIA,TO,07/2022,178,149,"83,71",147,2,"98,66",29,"16,29",4,25,"14,04"
170305,BANDEIRANTES DO TOCANTINS,TO,07/2022,52,33,"63,46",33,0,"100,00",19,"36,54",2,17,"32,69"
170305,BANDEIRANTES DO TOCANTINS,TO,11/2022,49,31,"63,27",31,0,"100,00",18,"36,73",3,15,"30,61"
170305,BANDEIRANTES DO TOCANTINS,TO,09/2022,55,37,"67,27",37,0,"100,00",18,"32,73",1,17,"30,91"
170307,BARRA DO OURO,TO,09/2022,140,94,"67,14",76,18,"80,85",46,"32,86",0,46,"32,86"
170307,BARRA DO OURO,TO,11/2022,135,114,"84,44",84,30,"73,68",21,"15,56",12,9,"6,67"
170307,BARRA DO OURO,TO,07/2022,134,85,"63,43",76,9,"89,41",49,"36,57",1,48,"35,82"
170310,BARROLÂNDIA,TO,07/2022,130,85,"65,38",83,2,"97,65",45,"34,62",8,37,"28,46"
170310,BARROLÂNDIA,TO,09/2022,125,83,"66,40",81,2,"97,59",42,"33,60",1,41,"32,80"
170310,BARROLÂNDIA,TO,11/2022,123,86,"69,92",85,1,"98,84",37,"30,08",0,37,"30,08"
170320,BERNARDO SAYÃO,TO,11/2022,73,59,"80,82",55,4,"93,22",14,"19,18",1,13,"17,81"
170320,BERNARDO SAYÃO,TO,09/2022,68,54,"79,41",51,3,"94,44",14,"20,59",1,13,"19,12"
170320,BERNARDO SAYÃO,TO,07/2022,66,54,"81,82",50,4,"92,59",12,"18,18",2,10,"15,15"
170330,BOM JESUS DO TOCANTINS,TO,07/2022,115,99,"86,09",90,9,"90,91",16,"13,91",0,16,"13,91"
170330,BOM JESUS DO TOCANTINS,TO,09/2022,132,120,"90,91",101,19,"84,17",12,"9,09",0,12,"9,09"
170330,BOM JESUS DO TOCANTINS,TO,11/2022,124,108,"87,10",99,9,"91,67",16,"12,90",0,16,"12,90"
170360,BRASILÂNDIA DO TOCANTINS,TO,09/2022,37,21,"56,76",20,1,"95,24",16,"43,24",3,13,"35,14"
170360,BRASILÂNDIA DO TOCANTINS,TO,11/2022,37,2,"5,41",0,2,"0,00",35,"94,59",22,13,"35,14"
170360,BRASILÂNDIA DO TOCANTINS,TO,07/2022,38,29,"76,32",28,1,"96,55",9,"23,68",2,7,"18,42"
170370,BREJINHO DE NAZARÉ,TO,07/2022,100,81,"81,00",81,0,"100,00",19,"19,00",0,19,"19,00"
170370,BREJINHO DE NAZARÉ,TO,11/2022,91,70,"76,92",62,8,"88,57",21,"23,08",0,21,"23,08"
170370,BREJINHO DE NAZARÉ,TO,09/2022,96,75,"78,13",70,5,"93,33",21,"21,88",0,21,"21,88"
170380,BURITI DO TOCANTINS,TO,11/2022,167,122,"73,05",120,2,"98,36",45,"26,95",0,45,"26,95"
170380,BURITI DO TOCANTINS,TO,09/2022,180,126,"70,00",122,4,"96,83",54,"30,00",0,54,"30,00"
170380,BURITI DO TOCANTINS,TO,07/2022,179,125,"69,83",122,3,"97,60",54,"30,17",0,54,"30,17"
170382,CACHOEIRINHA,TO,07/2022,53,38,"71,70",33,5,"86,84",15,"28,30",2,13,"24,53"
170382,CACHOEIRINHA,TO,09/2022,47,38,"80,85",34,4,"89,47",9,"19,15",0,9,"19,15"
170382,CACHOEIRINHA,TO,11/2022,45,36,"80,00",36,0,"100,00",9,"20,00",0,9,"20,00"
170384,CAMPOS LINDOS,TO,09/2022,220,191,"86,82",191,0,"100,00",29,"13,18",0,29,"13,18"
170384,CAMPOS LINDOS,TO,11/2022,210,185,"88,10",177,8,"95,68",25,"11,90",0,25,"11,90"
170384,CAMPOS LINDOS,TO,07/2022,203,172,"84,73",168,4,"97,67",31,"15,27",0,31,"15,27"
170386,CARIRI DO TOCANTINS,TO,07/2022,48,38,"79,17",33,5,"86,84",10,"20,83",3,7,"14,58"
170386,CARIRI DO TOCANTINS,TO,09/2022,50,45,"90,00",39,6,"86,67",5,"10,00",2,3,"6,00"
170386,CARIRI DO TOCANTINS,TO,11/2022,48,40,"83,33",33,7,"82,50",8,"16,67",3,5,"10,42"
170388,CARMOLÂNDIA,TO,11/2022,49,32,"65,31",31,1,"96,88",17,"34,69",0,17,"34,69"
170388,CARMOLÂNDIA,TO,09/2022,51,33,"64,71",29,4,"87,88",18,"35,29",0,18,"35,29"
170388,CARMOLÂNDIA,TO,07/2022,47,27,"57,45",25,2,"92,59",20,"42,55",0,20,"42,55"
170389,CARRASCO BONITO,TO,07/2022,94,67,"71,28",58,9,"86,57",27,"28,72",8,19,"20,21"
170389,CARRASCO BONITO,TO,09/2022,88,62,"70,45",57,5,"91,94",26,"29,55",0,26,"29,55"
170389,CARRASCO BONITO,TO,11/2022,91,67,"73,63",62,5,"92,54",24,"26,37",0,24,"26,37"
170390,CASEARA,TO,09/2022,144,86,"59,72",85,1,"98,84",58,"40,28",2,56,"38,89"
170390,CASEARA,TO,11/2022,139,84,"60,43",84,0,"100,00",55,"39,57",0,55,"39,57"
170390,CASEARA,TO,07/2022,128,81,"63,28",81,0,"100,00",47,"36,72",0,47,"36,72"
170410,CENTENÁRIO,TO,07/2022,54,44,"81,48",43,1,"97,73",10,"18,52",1,9,"16,67"
170410,CENTENÁRIO,TO,09/2022,59,49,"83,05",47,2,"95,92",10,"16,95",0,10,"16,95"
170410,CENTENÁRIO,TO,11/2022,59,49,"83,05",48,1,"97,96",10,"16,95",0,10,"16,95"
170460,CHAPADA DE AREIA,TO,11/2022,26,14,"53,85",14,0,"100,00",12,"46,15",0,12,"46,15"
170460,CHAPADA DE AREIA,TO,09/2022,30,17,"56,67",14,3,"82,35",13,"43,33",0,13,"43,33"
170460,CHAPADA DE AREIA,TO,07/2022,30,20,"66,67",14,6,"70,00",10,"33,33",0,10,"33,33"
170510,CHAPADA DA NATIVIDADE,TO,07/2022,65,51,"78,46",51,0,"100,00",14,"21,54",2,12,"18,46"
170510,CHAPADA DA NATIVIDADE,TO,09/2022,68,53,"77,94",51,2,"96,23",15,"22,06",1,14,"20,59"
170510,CHAPADA DA NATIVIDADE,TO,11/2022,62,53,"85,48",52,1,"98,11",9,"14,52",0,9,"14,52"
170550,COLINAS DO TOCANTINS,TO,09/2022,481,206,"42,83",205,1,"99,51",275,"57,17",100,175,"36,38"
170550,COLINAS DO TOCANTINS,TO,11/2022,478,166,"34,73",164,2,"98,80",312,"65,27",89,223,"46,65"
170550,COLINAS DO TOCANTINS,TO,07/2022,444,114,"25,68",110,4,"96,49",330,"74,32",170,160,"36,04"
170555,COMBINADO,TO,07/2022,120,95,"79,17",84,11,"88,42",25,"20,83",15,10,"8,33"
170555,COMBINADO,TO,09/2022,122,100,"81,97",81,19,"81,00",22,"18,03",4,18,"14,75"
170555,COMBINADO,TO,11/2022,110,94,"85,45",85,9,"90,43",16,"14,55",1,15,"13,64"
170560,CONCEIÇÃO DO TOCANTINS,TO,09/2022,126,83,"65,87",80,3,"96,39",43,"34,13",12,31,"24,60"
170560,CONCEIÇÃO DO TOCANTINS,TO,11/2022,113,81,"71,68",76,5,"93,83",32,"28,32",5,27,"23,89"
170560,CONCEIÇÃO DO TOCANTINS,TO,07/2022,116,83,"71,55",82,1,"98,80",33,"28,45",2,31,"26,72"
170600,COUTO DE MAGALHÃES,TO,07/2022,128,68,"53,13",68,0,"100,00",60,"46,88",6,54,"42,19"
170600,COUTO DE MAGALHÃES,TO,09/2022,133,61,"45,86",59,2,"96,72",72,"54,14",14,58,"43,61"
170600,COUTO DE MAGALHÃES,TO,11/2022,116,28,"24,14",28,0,"100,00",88,"75,86",38,50,"43,10"
170610,CRISTALÂNDIA,TO,09/2022,134,77,"57,46",56,21,"72,73",57,"42,54",6,51,"38,06"
170610,CRISTALÂNDIA,TO,11/2022,129,84,"65,12",68,16,"80,95",45,"34,88",4,41,"31,78"
170610,CRISTALÂNDIA,TO,07/2022,131,47,"35,88",46,1,"97,87",84,"64,12",51,33,"25,19"
170625,CRIXÁS DO TOCANTINS,TO,07/2022,17,12,"70,59",12,0,"100,00",5,"29,41",0,5,"29,41"
170625,CRIXÁS DO TOCANTINS,TO,11/2022,19,14,"73,68",14,0,"100,00",5,"26,32",1,4,"21,05"
170625,CRIXÁS DO TOCANTINS,TO,09/2022,18,17,"94,44",13,4,"76,47",1,"5,56",1,0,"0,00"
170650,DARCINÓPOLIS,TO,11/2022,123,86,"69,92",86,0,"100,00",37,"30,08",0,37,"30,08"
170650,DARCINÓPOLIS,TO,09/2022,123,84,"68,29",84,0,"100,00",39,"31,71",0,39,"31,71"
170650,DARCINÓPOLIS,TO,07/2022,133,98,"73,68",98,0,"100,00",35,"26,32",1,34,"25,56"
170700,DIANÓPOLIS,TO,07/2022,334,271,"81,14",271,0,"100,00",63,"18,86",4,59,"17,66"
170700,DIANÓPOLIS,TO,09/2022,360,306,"85,00",304,2,"99,35",54,"15,00",6,48,"13,33"
170700,DIANÓPOLIS,TO,11/2022,349,292,"83,67",279,13,"95,55",57,"16,33",1,56,"16,05"
170710,DIVINÓPOLIS DO TOCANTINS,TO,11/2022,134,79,"58,96",79,0,"100,00",55,"41,04",1,54,"40,30"
170710,DIVINÓPOLIS DO TOCANTINS,TO,09/2022,134,68,"50,75",66,2,"97,06",66,"49,25",0,66,"49,25"
170710,DIVINÓPOLIS DO TOCANTINS,TO,07/2022,122,57,"46,72",56,1,"98,25",65,"53,28",0,65,"53,28"
170720,DOIS IRMÃOS DO TOCANTINS,TO,07/2022,123,115,"93,50",115,0,"100,00",8,"6,50",0,8,"6,50"
170720,DOIS IRMÃOS DO TOCANTINS,TO,09/2022,122,114,"93,44",114,0,"100,00",8,"6,56",0,8,"6,56"
170720,DOIS IRMÃOS DO TOCANTINS,TO,11/2022,118,108,"91,53",107,1,"99,07",10,"8,47",2,8,"6,78"
170730,DUERÉ,TO,09/2022,74,55,"74,32",54,1,"98,18",19,"25,68",2,17,"22,97"
170730,DUERÉ,TO,11/2022,75,55,"73,33",55,0,"100,00",20,"26,67",0,20,"26,67"
170730,DUERÉ,TO,07/2022,75,58,"77,33",57,1,"98,28",17,"22,67",0,17,"22,67"
170740,ESPERANTINA,TO,07/2022,287,236,"82,23",215,21,"91,10",51,"17,77",10,41,"14,29"
170740,ESPERANTINA,TO,11/2022,302,253,"83,77",238,15,"94,07",49,"16,23",7,42,"13,91"
170740,ESPERANTINA,TO,09/2022,291,246,"84,54",225,21,"91,46",45,"15,46",5,40,"13,75"
170755,FÁTIMA,TO,11/2022,60,57,"95,00",57,0,"100,00",3,"5,00",0,3,"5,00"
170755,FÁTIMA,TO,09/2022,60,56,"93,33",56,0,"100,00",4,"6,67",0,4,"6,67"
170755,FÁTIMA,TO,07/2022,59,47,"79,66",47,0,"100,00",12,"20,34",6,6,"10,17"
170765,FIGUEIRÓPOLIS,TO,07/2022,73,8,"10,96",7,1,"87,50",65,"89,04",49,16,"21,92"
170765,FIGUEIRÓPOLIS,TO,09/2022,77,43,"55,84",34,9,"79,07",34,"44,16",9,25,"32,47"
170765,FIGUEIRÓPOLIS,TO,11/2022,71,52,"73,24",48,4,"92,31",19,"26,76",0,19,"26,76"
170770,FILADÉLFIA,TO,11/2022,222,200,"90,09",200,0,"100,00",22,"9,91",1,21,"9,46"
170770,FILADÉLFIA,TO,09/2022,230,207,"90,00",202,5,"97,58",23,"10,00",1,22,"9,57"
170770,FILADÉLFIA,TO,07/2022,221,201,"90,95",201,0,"100,00",20,"9,05",1,19,"8,60"
170820,FORMOSO DO ARAGUAIA,TO,07/2022,349,275,"78,80",275,0,"100,00",74,"21,20",8,66,"18,91"
170820,FORMOSO DO ARAGUAIA,TO,11/2022,360,238,"66,11",237,1,"99,58",122,"33,89",3,119,"33,06"
170820,FORMOSO DO ARAGUAIA,TO,09/2022,365,279,"76,44",276,3,"98,92",86,"23,56",3,83,"22,74"
170825,FORTALEZA DO TABOCÃO,TO,09/2022,64,49,"76,56",49,0,"100,00",15,"23,44",0,15,"23,44"
170825,FORTALEZA DO TABOCÃO,TO,11/2022,64,47,"73,44",47,0,"100,00",17,"26,56",2,15,"23,44"
170825,FORTALEZA DO TABOCÃO,TO,07/2022,60,44,"73,33",44,0,"100,00",16,"26,67",0,16,"26,67"
170830,GOIANORTE,TO,07/2022,102,63,"61,76",63,0,"100,00",39,"38,24",10,29,"28,43"
170830,GOIANORTE,TO,11/2022,103,85,"82,52",85,0,"100,00",18,"17,48",0,18,"17,48"
170830,GOIANORTE,TO,09/2022,106,61,"57,55",60,1,"98,36",45,"42,45",8,37,"34,91"
170900,GOIATINS,TO,09/2022,400,332,"83,00",327,5,"98,49",68,"17,00",6,62,"15,50"
170900,GOIATINS,TO,11/2022,370,301,"81,35",299,2,"99,34",69,"18,65",4,65,"17,57"
170900,GOIATINS,TO,07/2022,398,317,"79,65",313,4,"98,74",81,"20,35",6,75,"18,84"
170930,GUARAÍ,TO,07/2022,297,270,"90,91",270,0,"100,00",27,"9,09",0,27,"9,09"
170930,GUARAÍ,TO,09/2022,318,290,"91,19",290,0,"100,00",28,"8,81",0,28,"8,81"
170930,GUARAÍ,TO,11/2022,315,281,"89,21",281,0,"100,00",34,"10,79",7,27,"8,57"
170950,GURUPI,TO,09/2022,712,470,"66,01",438,32,"93,19",242,"33,99",4,238,"33,43"
170950,GURUPI,TO,11/2022,699,483,"69,10",434,49,"89,86",216,"30,90",9,207,"29,61"
170950,GURUPI,TO,07/2022,671,445,"66,32",354,91,"79,55",226,"33,68",7,219,"32,64"
170980,IPUEIRAS,TO,07/2022,25,22,"88,00",20,2,"90,91",3,"12,00",0,3,"12,00"
170980,IPUEIRAS,TO,11/2022,24,21,"87,50",21,0,"100,00",3,"12,50",0,3,"12,50"
170980,IPUEIRAS,TO,09/2022,22,19,"86,36",18,1,"94,74",3,"13,64",0,3,"13,64"
171050,ITACAJÁ,TO,11/2022,199,154,"77,39",153,1,"99,35",45,"22,61",1,44,"22,11"
171050,ITACAJÁ,TO,09/2022,203,158,"77,83",154,4,"97,47",45,"22,17",13,32,"15,76"
171050,ITACAJÁ,TO,07/2022,193,166,"86,01",166,0,"100,00",27,"13,99",1,26,"13,47"
171070,ITAGUATINS,TO,07/2022,123,91,"73,98",88,3,"96,70",32,"26,02",5,27,"21,95"
171070,ITAGUATINS,TO,11/2022,132,108,"81,82",108,0,"100,00",24,"18,18",3,21,"15,91"
171070,ITAGUATINS,TO,09/2022,132,99,"75,00",96,3,"96,97",33,"25,00",4,29,"21,97"
171090,ITAPIRATINS,TO,09/2022,79,66,"83,54",49,17,"74,24",13,"16,46",2,11,"13,92"
171090,ITAPIRATINS,TO,11/2022,72,61,"84,72",48,13,"78,69",11,"15,28",4,7,"9,72"
171090,ITAPIRATINS,TO,07/2022,80,61,"76,25",55,6,"90,16",19,"23,75",4,15,"18,75"
171110,ITAPORÃ DO TOCANTINS,TO,07/2022,27,15,"55,56",14,1,"93,33",12,"44,44",2,10,"37,04"
171110,ITAPORÃ DO TOCANTINS,TO,11/2022,24,17,"70,83",15,2,"88,24",7,"29,17",2,5,"20,83"
171110,ITAPORÃ DO TOCANTINS,TO,09/2022,25,18,"72,00",18,0,"100,00",7,"28,00",0,7,"28,00"
171150,JAÚ DO TOCANTINS,TO,09/2022,74,62,"83,78",62,0,"100,00",12,"16,22",2,10,"13,51"
171150,JAÚ DO TOCANTINS,TO,11/2022,73,64,"87,67",64,0,"100,00",9,"12,33",0,9,"12,33"
171150,JAÚ DO TOCANTINS,TO,07/2022,69,57,"82,61",57,0,"100,00",12,"17,39",1,11,"15,94"
171180,JUARINA,TO,07/2022,47,28,"59,57",28,0,"100,00",19,"40,43",1,18,"38,30"
171180,JUARINA,TO,11/2022,50,33,"66,00",30,3,"90,91",17,"34,00",0,17,"34,00"
171180,JUARINA,TO,09/2022,48,27,"56,25",26,1,"96,30",21,"43,75",2,19,"39,58"
171190,LAGOA DA CONFUSÃO,TO,11/2022,238,164,"68,91",157,7,"95,73",74,"31,09",10,64,"26,89"
171190,LAGOA DA CONFUSÃO,TO,09/2022,273,208,"76,19",206,2,"99,04",65,"23,81",4,61,"22,34"
171190,LAGOA DA CONFUSÃO,TO,07/2022,240,8,"3,33",8,0,"100,00",232,"96,67",178,54,"22,50"
171195,LAGOA DO TOCANTINS,TO,07/2022,105,100,"95,24",100,0,"100,00",5,"4,76",2,3,"2,86"
171195,LAGOA DO TOCANTINS,TO,09/2022,107,103,"96,26",101,2,"98,06",4,"3,74",1,3,"2,80"
171195,LAGOA DO TOCANTINS,TO,11/2022,101,89,"88,12",88,1,"98,88",12,"11,88",0,12,"11,88"
171200,LAJEADO,TO,11/2022,35,32,"91,43",32,0,"100,00",3,"8,57",0,3,"8,57"
171200,LAJEADO,TO,09/2022,37,32,"86,49",32,0,"100,00",5,"13,51",0,5,"13,51"
171200,LAJEADO,TO,07/2022,37,31,"83,78",31,0,"100,00",6,"16,22",1,5,"13,51"
171215,LAVANDEIRA,TO,07/2022,40,25,"62,50",20,5,"80,00",15,"37,50",1,14,"35,00"
171215,LAVANDEIRA,TO,09/2022,41,28,"68,29",23,5,"82,14",13,"31,71",0,13,"31,71"
171215,LAVANDEIRA,TO,11/2022,32,27,"84,38",25,2,"92,59",5,"15,63",0,5,"15,63"
171240,LIZARDA,TO,09/2022,106,86,"81,13",86,0,"100,00",20,"18,87",1,19,"17,92"
171240,LIZARDA,TO,11/2022,104,86,"82,69",86,0,"100,00",18,"17,31",5,13,"12,50"
171240,LIZARDA,TO,07/2022,103,82,"79,61",82,0,"100,00",21,"20,39",2,19,"18,45"
171245,LUZINÓPOLIS,TO,07/2022,52,40,"76,92",37,3,"92,50",12,"23,08",0,12,"23,08"
171245,LUZINÓPOLIS,TO,09/2022,58,45,"77,59",41,4,"91,11",13,"22,41",0,13,"22,41"
171245,LUZINÓPOLIS,TO,11/2022,51,42,"82,35",40,2,"95,24",9,"17,65",0,9,"17,65"
171250,MARIANÓPOLIS DO TOCANTINS,TO,11/2022,86,67,"77,91",61,6,"91,04",19,"22,09",2,17,"19,77"
171250,MARIANÓPOLIS DO TOCANTINS,TO,09/2022,77,65,"84,42",46,19,"70,77",12,"15,58",2,10,"12,99"
171250,MARIANÓPOLIS DO TOCANTINS,TO,07/2022,76,63,"82,89",63,0,"100,00",13,"17,11",3,10,"13,16"
171270,MATEIROS,TO,07/2022,63,0,"0,00",0,0,,63,"100,00",60,3,"4,76"
171270,MATEIROS,TO,09/2022,68,0,"0,00",0,0,,68,"100,00",65,3,"4,41"
171270,MATEIROS,TO,11/2022,67,48,"71,64",48,0,"100,00",19,"28,36",13,6,"8,96"
171280,MAURILÂNDIA DO TOCANTINS,TO,11/2022,84,75,"89,29",74,1,"98,67",9,"10,71",5,4,"4,76"
171280,MAURILÂNDIA DO TOCANTINS,TO,09/2022,89,81,"91,01",73,8,"90,12",8,"8,99",4,4,"4,49"
171280,MAURILÂNDIA DO TOCANTINS,TO,07/2022,91,76,"83,52",72,4,"94,74",15,"16,48",4,11,"12,09"
171320,MIRACEMA DO TOCANTINS,TO,07/2022,295,228,"77,29",215,13,"94,30",67,"22,71",3,64,"21,69"
171320,MIRACEMA DO TOCANTINS,TO,09/2022,307,229,"74,59",198,31,"86,46",78,"25,41",3,75,"24,43"
171320,MIRACEMA DO TOCANTINS,TO,11/2022,309,222,"71,84",197,25,"88,74",87,"28,16",2,85,"27,51"
171330,MIRANORTE,TO,09/2022,262,222,"84,73",215,7,"96,85",40,"15,27",1,39,"14,89"
171330,MIRANORTE,TO,11/2022,254,211,"83,07",188,23,"89,10",43,"16,93",0,43,"16,93"
171330,MIRANORTE,TO,07/2022,253,214,"84,58",213,1,"99,53",39,"15,42",1,38,"15,02"
171360,MONTE DO CARMO,TO,07/2022,130,88,"67,69",85,3,"96,59",42,"32,31",32,10,"7,69"
171360,MONTE DO CARMO,TO,11/2022,127,92,"72,44",92,0,"100,00",35,"27,56",20,15,"11,81"
171360,MONTE DO CARMO,TO,09/2022,128,92,"71,88",87,5,"94,57",36,"28,13",18,18,"14,06"
171370,MONTE SANTO DO TOCANTINS,TO,11/2022,13,7,"53,85",6,1,"85,71",6,"46,15",0,6,"46,15"
171370,MONTE SANTO DO TOCANTINS,TO,09/2022,11,5,"45,45",5,0,"100,00",6,"54,55",0,6,"54,55"
171370,MONTE SANTO DO TOCANTINS,TO,07/2022,15,6,"40,00",6,0,"100,00",9,"60,00",0,9,"60,00"
171380,PALMEIRAS DO TOCANTINS,TO,07/2022,146,132,"90,41",132,0,"100,00",14,"9,59",3,11,"7,53"
171380,PALMEIRAS DO TOCANTINS,TO,11/2022,147,137,"93,20",137,0,"100,00",10,"6,80",0,10,"6,80"
171380,PALMEIRAS DO TOCANTINS,TO,09/2022,159,141,"88,68",141,0,"100,00",18,"11,32",4,14,"8,81"
171395,MURICILÂNDIA,TO,11/2022,56,44,"78,57",44,0,"100,00",12,"21,43",9,3,"5,36"
171395,MURICILÂNDIA,TO,09/2022,61,53,"86,89",46,7,"86,79",8,"13,11",2,6,"9,84"
171395,MURICILÂNDIA,TO,07/2022,66,35,"53,03",30,5,"85,71",31,"46,97",18,13,"19,70"
171420,NATIVIDADE,TO,07/2022,195,190,"97,44",159,31,"83,68",5,"2,56",2,3,"1,54"
171420,NATIVIDADE,TO,09/2022,209,173,"82,78",168,5,"97,11",36,"17,22",0,36,"17,22"
171420,NATIVIDADE,TO,11/2022,205,174,"84,88",172,2,"98,85",31,"15,12",3,28,"13,66"
171430,NAZARÉ,TO,09/2022,97,81,"83,51",68,13,"83,95",16,"16,49",1,15,"15,46"
171430,NAZARÉ,TO,11/2022,88,73,"82,95",71,2,"97,26",15,"17,05",0,15,"17,05"
171430,NAZARÉ,TO,07/2022,101,84,"83,17",63,21,"75,00",17,"16,83",0,17,"16,83"
171488,NOVA OLINDA,TO,07/2022,216,146,"67,59",146,0,"100,00",70,"32,41",14,56,"25,93"
171488,NOVA OLINDA,TO,11/2022,211,101,"47,87",101,0,"100,00",110,"52,13",75,35,"16,59"
171488,NOVA OLINDA,TO,09/2022,223,171,"76,68",170,1,"99,42",52,"23,32",14,38,"17,04"
171500,NOVA ROSALÂNDIA,TO,11/2022,59,47,"79,66",42,5,"89,36",12,"20,34",0,12,"20,34"
171500,NOVA ROSALÂNDIA,TO,09/2022,62,47,"75,81",45,2,"95,74",15,"24,19",2,13,"20,97"
171500,NOVA ROSALÂNDIA,TO,07/2022,63,48,"76,19",40,8,"83,33",15,"23,81",1,14,"22,22"
171510,NOVO ACORDO,TO,09/2022,123,122,"99,19",119,3,"97,54",1,"0,81",0,1,"0,81"
171510,NOVO ACORDO,TO,11/2022,121,117,"96,69",116,1,"99,15",4,"3,31",0,4,"3,31"
171510,NOVO ACORDO,TO,07/2022,115,111,"96,52",108,3,"97,30",4,"3,48",0,4,"3,48"
171515,NOVO ALEGRE,TO,09/2022,29,29,"100,00",29,0,"100,00",0,"0,00",0,0,"0,00"
171515,NOVO ALEGRE,TO,11/2022,28,28,"100,00",28,0,"100,00",0,"0,00",0,0,"0,00"
171515,NOVO ALEGRE,TO,07/2022,25,25,"100,00",25,0,"100,00",0,"0,00",0,0,"0,00"
171525,NOVO JARDIM,TO,09/2022,62,45,"72,58",45,0,"100,00",17,"27,42",0,17,"27,42"
171525,NOVO JARDIM,TO,11/2022,55,38,"69,09",38,0,"100,00",17,"30,91",0,17,"30,91"
171525,NOVO JARDIM,TO,07/2022,61,46,"75,41",46,0,"100,00",15,"24,59",0,15,"24,59"
171550,OLIVEIRA DE FÁTIMA,TO,11/2022,33,22,"66,67",21,1,"95,45",11,"33,33",1,10,"30,30"
171550,OLIVEIRA DE FÁTIMA,TO,07/2022,40,29,"72,50",26,3,"89,66",11,"27,50",1,10,"25,00"
171550,OLIVEIRA DE FÁTIMA,TO,09/2022,43,33,"76,74",30,3,"90,91",10,"23,26",1,9,"20,93"
171570,PALMEIRANTE,TO,07/2022,133,51,"38,35",50,1,"98,04",82,"61,65",8,74,"55,64"
171570,PALMEIRANTE,TO,09/2022,127,49,"38,58",48,1,"97,96",78,"61,42",4,74,"58,27"
171570,PALMEIRANTE,TO,11/2022,116,48,"41,38",48,0,"100,00",68,"58,62",2,66,"56,90"
171575,PALMEIRÓPOLIS,TO,11/2022,107,90,"84,11",87,3,"96,67",17,"15,89",0,17,"15,89"
171575,PALMEIRÓPOLIS,TO,09/2022,122,87,"71,31",85,2,"97,70",35,"28,69",9,26,"21,31"
171575,PALMEIRÓPOLIS,TO,07/2022,120,89,"74,17",82,7,"92,13",31,"25,83",8,23,"19,17"
171610,PARAÍSO DO TOCANTINS,TO,09/2022,469,418,"89,13",362,56,"86,60",51,"10,87",5,46,"9,81"
171610,PARAÍSO DO TOCANTINS,TO,07/2022,449,387,"86,19",325,62,"83,98",62,"13,81",9,53,"11,80"
171610,PARAÍSO DO TOCANTINS,TO,11/2022,480,412,"85,83",363,49,"88,11",68,"14,17",2,66,"13,75"
171620,PARANÃ,TO,07/2022,335,233,"69,55",232,1,"99,57",102,"30,45",17,85,"25,37"
171620,PARANÃ,TO,11/2022,316,224,"70,89",224,0,"100,00",92,"29,11",5,87,"27,53"
171620,PARANÃ,TO,09/2022,341,242,"70,97",229,13,"94,63",99,"29,03",12,87,"25,51"
171630,PAU D´ARCO,TO,09/2022,107,76,"71,03",70,6,"92,11",31,"28,97",0,31,"28,97"
171630,PAU D´ARCO,TO,11/2022,105,73,"69,52",65,8,"89,04",32,"30,48",4,28,"26,67"
171630,PAU D´ARCO,TO,07/2022,99,88,"88,89",88,0,"100,00",11,"11,11",4,7,"7,07"
171650,PEDRO AFONSO,TO,07/2022,220,193,"87,73",184,9,"95,34",27,"12,27",5,22,"10,00"
171650,PEDRO AFONSO,TO,09/2022,201,150,"74,63",142,8,"94,67",51,"25,37",2,49,"24,38"
171650,PEDRO AFONSO,TO,11/2022,193,134,"69,43",131,3,"97,76",59,"30,57",0,59,"30,57"
171660,PEIXE,TO,09/2022,159,104,"65,41",95,9,"91,35",55,"34,59",8,47,"29,56"
171660,PEIXE,TO,07/2022,155,103,"66,45",102,1,"99,03",52,"33,55",8,44,"28,39"
171660,PEIXE,TO,11/2022,142,96,"67,61",88,8,"91,67",46,"32,39",7,39,"27,46"
171665,PEQUIZEIRO,TO,09/2022,92,54,"58,70",54,0,"100,00",38,"41,30",2,36,"39,13"
171665,PEQUIZEIRO,TO,07/2022,95,51,"53,68",51,0,"100,00",44,"46,32",18,26,"27,37"
171665,PEQUIZEIRO,TO,11/2022,95,67,"70,53",67,0,"100,00",28,"29,47",3,25,"26,32"
171670,COLMÉIA,TO,11/2022,127,85,"66,93",85,0,"100,00",42,"33,07",4,38,"29,92"
171670,COLMÉIA,TO,09/2022,129,69,"53,49",66,3,"95,65",60,"46,51",22,38,"29,46"
171670,COLMÉIA,TO,07/2022,121,71,"58,68",69,2,"97,18",50,"41,32",15,35,"28,93"
171700,PINDORAMA DO TOCANTINS,TO,09/2022,101,68,"67,33",64,4,"94,12",33,"32,67",5,28,"27,72"
171700,PINDORAMA DO TOCANTINS,TO,11/2022,92,65,"70,65",65,0,"100,00",27,"29,35",0,27,"29,35"
171700,PINDORAMA DO TOCANTINS,TO,07/2022,95,71,"74,74",69,2,"97,18",24,"25,26",3,21,"22,11"
171720,PIRAQUÊ,TO,11/2022,50,39,"78,00",39,0,"100,00",11,"22,00",0,11,"22,00"
171720,PIRAQUÊ,TO,09/2022,56,43,"76,79",37,6,"86,05",13,"23,21",0,13,"23,21"
171720,PIRAQUÊ,TO,07/2022,61,44,"72,13",39,5,"88,64",17,"27,87",2,15,"24,59"
171750,PIUM,TO,07/2022,78,72,"92,31",72,0,"100,00",6,"7,69",1,5,"6,41"
171750,PIUM,TO,11/2022,104,77,"74,04",76,1,"98,70",27,"25,96",19,8,"7,69"
171750,PIUM,TO,09/2022,87,77,"88,51",77,0,"100,00",10,"11,49",2,8,"9,20"
171780,PONTE ALTA DO BOM JESUS,TO,07/2022,108,28,"25,93",18,10,"64,29",80,"74,07",68,12,"11,11"
171780,PONTE ALTA DO BOM JESUS,TO,09/2022,113,103,"91,15",92,11,"89,32",10,"8,85",3,7,"6,19"
171780,PONTE ALTA DO BOM JESUS,TO,11/2022,102,97,"95,10",88,9,"90,72",5,"4,90",0,5,"4,90"
171790,PONTE ALTA DO TOCANTINS,TO,09/2022,160,151,"94,38",151,0,"100,00",9,"5,63",0,9,"5,63"
171790,PONTE ALTA DO TOCANTINS,TO,11/2022,154,145,"94,16",145,0,"100,00",9,"5,84",0,9,"5,84"
171790,PONTE ALTA DO TOCANTINS,TO,07/2022,154,145,"94,16",145,0,"100,00",9,"5,84",2,7,"4,55"
171800,PORTO ALEGRE DO TOCANTINS,TO,07/2022,72,65,"90,28",52,13,"80,00",7,"9,72",1,6,"8,33"
171800,PORTO ALEGRE DO TOCANTINS,TO,09/2022,75,71,"94,67",55,16,"77,46",4,"5,33",0,4,"5,33"
171800,PORTO ALEGRE DO TOCANTINS,TO,11/2022,65,62,"95,38",47,15,"75,81",3,"4,62",0,3,"4,62"
171820,PORTO NACIONAL,TO,11/2022,948,760,"80,17",740,20,"97,37",188,"19,83",5,183,"19,30"
171820,PORTO NACIONAL,TO,09/2022,986,756,"76,67",740,16,"97,88",230,"23,33",5,225,"22,82"
171820,PORTO NACIONAL,TO,07/2022,941,697,"74,07",697,0,"100,00",244,"25,93",4,240,"25,50"
171830,PRAIA NORTE,TO,07/2022,190,114,"60,00",114,0,"100,00",76,"40,00",51,25,"13,16"
171830,PRAIA NORTE,TO,11/2022,178,127,"71,35",127,0,"100,00",51,"28,65",1,50,"28,09"
171830,PRAIA NORTE,TO,09/2022,191,137,"71,73",127,10,"92,70",54,"28,27",0,54,"28,27"
171840,PRESIDENTE KENNEDY,TO,09/2022,59,46,"77,97",45,1,"97,83",13,"22,03",10,3,"5,08"
171840,PRESIDENTE KENNEDY,TO,07/2022,60,47,"78,33",47,0,"100,00",13,"21,67",10,3,"5,00"
171840,PRESIDENTE KENNEDY,TO,11/2022,50,38,"76,00",38,0,"100,00",12,"24,00",9,3,"6,00"
171845,PUGMIL,TO,11/2022,48,37,"77,08",37,0,"100,00",11,"22,92",0,11,"22,92"
171845,PUGMIL,TO,09/2022,49,0,"0,00",0,0,,49,"100,00",46,3,"6,12"
171845,PUGMIL,TO,07/2022,56,51,"91,07",51,0,"100,00",5,"8,93",3,2,"3,57"
171850,RECURSOLÂNDIA,TO,07/2022,111,73,"65,77",73,0,"100,00",38,"34,23",0,38,"34,23"
171850,RECURSOLÂNDIA,TO,11/2022,114,83,"72,81",76,7,"91,57",31,"27,19",1,30,"26,32"
171850,RECURSOLÂNDIA,TO,09/2022,116,72,"62,07",67,5,"93,06",44,"37,93",0,44,"37,93"
171855,RIACHINHO,TO,07/2022,106,93,"87,74",85,8,"91,40",13,"12,26",1,12,"11,32"
171855,RIACHINHO,TO,11/2022,94,82,"87,23",80,2,"97,56",12,"12,77",0,12,"12,77"
171855,RIACHINHO,TO,09/2022,106,66,"62,26",66,0,"100,00",40,"37,74",27,13,"12,26"
171865,RIO DA CONCEIÇÃO,TO,11/2022,26,23,"88,46",17,6,"73,91",3,"11,54",0,3,"11,54"
171865,RIO DA CONCEIÇÃO,TO,07/2022,27,20,"74,07",19,1,"95,00",7,"25,93",0,7,"25,93"
171865,RIO DA CONCEIÇÃO,TO,09/2022,27,26,"96,30",13,13,"50,00",1,"3,70",0,1,"3,70"
171870,RIO DOS BOIS,TO,11/2022,60,53,"88,33",36,17,"67,92",7,"11,67",0,7,"11,67"
171870,RIO DOS BOIS,TO,09/2022,58,45,"77,59",31,14,"68,89",13,"22,41",1,12,"20,69"
171870,RIO DOS BOIS,TO,07/2022,49,38,"77,55",38,0,"100,00",11,"22,45",2,9,"18,37"
171875,RIO SONO,TO,11/2022,125,122,"97,60",104,18,"85,25",3,"2,40",2,1,"0,80"
171875,RIO SONO,TO,09/2022,128,126,"98,44",102,24,"80,95",2,"1,56",1,1,"0,78"
171875,RIO SONO,TO,07/2022,135,96,"71,11",96,0,"100,00",39,"28,89",2,37,"27,41"
171880,SAMPAIO,TO,09/2022,182,88,"48,35",78,10,"88,64",94,"51,65",3,91,"50,00"
171880,SAMPAIO,TO,11/2022,169,87,"51,48",78,9,"89,66",82,"48,52",1,81,"47,93"
171880,SAMPAIO,TO,07/2022,169,81,"47,93",80,1,"98,77",88,"52,07",7,81,"47,93"
171884,SANDOLÂNDIA,TO,09/2022,83,82,"98,80",57,25,"69,51",1,"1,20",1,0,"0,00"
171884,SANDOLÂNDIA,TO,07/2022,77,13,"16,88",12,1,"92,31",64,"83,12",63,1,"1,30"
171884,SANDOLÂNDIA,TO,11/2022,79,60,"75,95",56,4,"93,33",19,"24,05",5,14,"17,72"
171886,SANTA FÉ DO ARAGUAIA,TO,11/2022,109,54,"49,54",54,0,"100,00",55,"50,46",22,33,"30,28"
171886,SANTA FÉ DO ARAGUAIA,TO,09/2022,116,81,"69,83",79,2,"97,53",35,"30,17",3,32,"27,59"
171886,SANTA FÉ DO ARAGUAIA,TO,07/2022,109,56,"51,38",54,2,"96,43",53,"48,62",30,23,"21,10"
171888,SANTA MARIA DO TOCANTINS,TO,11/2022,48,42,"87,50",38,4,"90,48",6,"12,50",0,6,"12,50"
171888,SANTA MARIA DO TOCANTINS,TO,09/2022,45,40,"88,89",35,5,"87,50",5,"11,11",0,5,"11,11"
171888,SANTA MARIA DO TOCANTINS,TO,07/2022,45,38,"84,44",34,4,"89,47",7,"15,56",0,7,"15,56"
171889,SANTA RITA DO TOCANTINS,TO,09/2022,38,19,"50,00",18,1,"94,74",19,"50,00",5,14,"36,84"
171889,SANTA RITA DO TOCANTINS,TO,11/2022,39,17,"43,59",17,0,"100,00",22,"56,41",6,16,"41,03"
171889,SANTA RITA DO TOCANTINS,TO,07/2022,32,14,"43,75",14,0,"100,00",18,"56,25",5,13,"40,63"
171890,SANTA ROSA DO TOCANTINS,TO,07/2022,102,65,"63,73",62,3,"95,38",37,"36,27",0,37,"36,27"
171890,SANTA ROSA DO TOCANTINS,TO,11/2022,108,82,"75,93",80,2,"97,56",26,"24,07",0,26,"24,07"
171890,SANTA ROSA DO TOCANTINS,TO,09/2022,115,82,"71,30",78,4,"95,12",33,"28,70",1,32,"27,83"
171900,SANTA TEREZA DO TOCANTINS,TO,11/2022,50,43,"86,00",40,3,"93,02",7,"14,00",0,7,"14,00"
171900,SANTA TEREZA DO TOCANTINS,TO,09/2022,51,45,"88,24",33,12,"73,33",6,"11,76",0,6,"11,76"
171900,SANTA TEREZA DO TOCANTINS,TO,07/2022,47,39,"82,98",35,4,"89,74",8,"17,02",0,8,"17,02"
172000,SANTA TEREZINHA DO TOCANTINS,TO,11/2022,28,24,"85,71",21,3,"87,50",4,"14,29",0,4,"14,29"
172000,SANTA TEREZINHA DO TOCANTINS,TO,09/2022,29,25,"86,21",21,4,"84,00",4,"13,79",1,3,"10,34"
172000,SANTA TEREZINHA DO TOCANTINS,TO,07/2022,33,24,"72,73",21,3,"87,50",9,"27,27",0,9,"27,27"
172010,SÃO BENTO DO TOCANTINS,TO,07/2022,138,91,"65,94",91,0,"100,00",47,"34,06",0,47,"34,06"
172010,SÃO BENTO DO TOCANTINS,TO,09/2022,148,100,"67,57",99,1,"99,00",48,"32,43",0,48,"32,43"
172010,SÃO BENTO DO TOCANTINS,TO,11/2022,148,98,"66,22",96,2,"97,96",50,"33,78",0,50,"33,78"
172015,SÃO FÉLIX DO TOCANTINS,TO,07/2022,56,56,"100,00",49,7,"87,50",0,"0,00",0,0,"0,00"
172015,SÃO FÉLIX DO TOCANTINS,TO,09/2022,58,49,"84,48",40,9,"81,63",9,"15,52",8,1,"1,72"
172015,SÃO FÉLIX DO TOCANTINS,TO,11/2022,60,59,"98,33",44,15,"74,58",1,"1,67",0,1,"1,67"
172020,SÃO MIGUEL DO TOCANTINS,TO,09/2022,297,159,"53,54",158,1,"99,37",138,"46,46",67,71,"23,91"
172020,SÃO MIGUEL DO TOCANTINS,TO,11/2022,281,181,"64,41",181,0,"100,00",100,"35,59",27,73,"25,98"
172020,SÃO MIGUEL DO TOCANTINS,TO,07/2022,294,189,"64,29",189,0,"100,00",105,"35,71",45,60,"20,41"
172025,SÃO SALVADOR DO TOCANTINS,TO,07/2022,51,40,"78,43",40,0,"100,00",11,"21,57",8,3,"5,88"
172025,SÃO SALVADOR DO TOCANTINS,TO,11/2022,85,80,"94,12",78,2,"97,50",5,"5,88",0,5,"5,88"
172025,SÃO SALVADOR DO TOCANTINS,TO,09/2022,52,20,"38,46",20,0,"100,00",32,"61,54",29,3,"5,77"
172030,SÃO SEBASTIÃO DO TOCANTINS,TO,07/2022,126,108,"85,71",78,30,"72,22",18,"14,29",1,17,"13,49"
172030,SÃO SEBASTIÃO DO TOCANTINS,TO,11/2022,104,95,"91,35",93,2,"97,89",9,"8,65",2,7,"6,73"
172030,SÃO SEBASTIÃO DO TOCANTINS,TO,09/2022,132,111,"84,09",88,23,"79,28",21,"15,91",2,19,"14,39"
172049,SÃO VALÉRIO DA NATIVIDADE,TO,11/2022,105,72,"68,57",64,8,"88,89",33,"31,43",2,31,"29,52"
172049,SÃO VALÉRIO DA NATIVIDADE,TO,09/2022,106,70,"66,04",66,4,"94,29",36,"33,96",7,29,"27,36"
172049,SÃO VALÉRIO DA NATIVIDADE,TO,07/2022,95,5,"5,26",5,0,"100,00",90,"94,74",64,26,"27,37"
172065,SILVANÓPOLIS,TO,09/2022,149,127,"85,23",119,8,"93,70",22,"14,77",6,16,"10,74"
172065,SILVANÓPOLIS,TO,07/2022,145,114,"78,62",112,2,"98,25",31,"21,38",4,27,"18,62"
172065,SILVANÓPOLIS,TO,11/2022,137,122,"89,05",122,0,"100,00",15,"10,95",3,12,"8,76"
172080,SÍTIO NOVO DO TOCANTINS,TO,07/2022,209,125,"59,81",117,8,"93,60",84,"40,19",5,79,"37,80"
172080,SÍTIO NOVO DO TOCANTINS,TO,09/2022,226,140,"61,95",133,7,"95,00",86,"38,05",3,83,"36,73"
172080,SÍTIO NOVO DO TOCANTINS,TO,11/2022,218,137,"62,84",125,12,"91,24",81,"37,16",3,78,"35,78"
172085,SUCUPIRA,TO,07/2022,27,24,"88,89",24,0,"100,00",3,"11,11",0,3,"11,11"
172085,SUCUPIRA,TO,11/2022,28,22,"78,57",16,6,"72,73",6,"21,43",0,6,"21,43"
172085,SUCUPIRA,TO,09/2022,27,22,"81,48",14,8,"63,64",5,"18,52",0,5,"18,52"
172090,TAGUATINGA,TO,07/2022,380,270,"71,05",270,0,"100,00",110,"28,95",5,105,"27,63"
172090,TAGUATINGA,TO,09/2022,399,261,"65,41",258,3,"98,85",138,"34,59",10,128,"32,08"
172090,TAGUATINGA,TO,11/2022,385,308,"80,00",304,4,"98,70",77,"20,00",0,77,"20,00"
172093,TAIPAS DO TOCANTINS,TO,11/2022,40,38,"95,00",31,7,"81,58",2,"5,00",0,2,"5,00"
172093,TAIPAS DO TOCANTINS,TO,09/2022,48,45,"93,75",41,4,"91,11",3,"6,25",0,3,"6,25"
172093,TAIPAS DO TOCANTINS,TO,07/2022,42,0,"0,00",0,0,,42,"100,00",37,5,"11,90"
172097,TALISMÃ,TO,11/2022,28,25,"89,29",23,2,"92,00",3,"10,71",0,3,"10,71"
172097,TALISMÃ,TO,07/2022,31,20,"64,52",20,0,"100,00",11,"35,48",4,7,"22,58"
172097,TALISMÃ,TO,09/2022,34,22,"64,71",21,1,"95,45",12,"35,29",5,7,"20,59"
172100,PALMAS,TO,11/2022,3133,3087,"98,53",3064,23,"99,25",46,"1,47",38,8,"0,26"
172100,PALMAS,TO,09/2022,3094,2954,"95,48",2908,46,"98,44",140,"4,52",88,52,"1,68"
172100,PALMAS,TO,07/2022,2763,2609,"94,43",2559,50,"98,08",154,"5,57",151,3,"0,11"
172110,TOCANTÍNIA,TO,09/2022,270,204,"75,56",199,5,"97,55",66,"24,44",1,65,"24,07"
172110,TOCANTÍNIA,TO,11/2022,251,193,"76,89",187,6,"96,89",58,"23,11",1,57,"22,71"
172110,TOCANTÍNIA,TO,07/2022,245,0,"0,00",0,0,,245,"100,00",214,31,"12,65"
172120,TOCANTINÓPOLIS,TO,11/2022,503,424,"84,29",396,28,"93,40",79,"15,71",8,71,"14,12"
172120,TOCANTINÓPOLIS,TO,07/2022,484,337,"69,63",327,10,"97,03",147,"30,37",80,67,"13,84"
172120,TOCANTINÓPOLIS,TO,09/2022,499,401,"80,36",375,26,"93,52",98,"19,64",9,89,"17,84"
172125,TUPIRAMA,TO,11/2022,26,22,"84,62",22,0,"100,00",4,"15,38",0,4,"15,38"
172125,TUPIRAMA,TO,07/2022,28,21,"75,00",18,3,"85,71",7,"25,00",0,7,"25,00"
172125,TUPIRAMA,TO,09/2022,29,20,"68,97",19,1,"95,00",9,"31,03",0,9,"31,03"
172130,TUPIRATINS,TO,07/2022,30,21,"70,00",20,1,"95,24",9,"30,00",2,7,"23,33"
172130,TUPIRATINS,TO,11/2022,28,22,"78,57",21,1,"95,45",6,"21,43",3,3,"10,71"
172130,TUPIRATINS,TO,09/2022,30,20,"66,67",20,0,"100,00",10,"33,33",2,8,"26,67"
172208,WANDERLÂNDIA,TO,09/2022,202,148,"73,27",148,0,"100,00",54,"26,73",25,29,"14,36"
172208,WANDERLÂNDIA,TO,11/2022,198,165,"83,33",160,5,"96,97",33,"16,67",1,32,"16,16"
172208,WANDERLÂNDIA,TO,07/2022,183,123,"67,21",123,0,"100,00",60,"32,79",37,23,"12,57"
172210,XAMBIOÁ,TO,07/2022,252,193,"76,59",193,0,"100,00",59,"23,41",3,56,"22,22"
172210,XAMBIOÁ,TO,09/2022,268,196,"73,13",192,4,"97,96",72,"26,87",1,71,"26,49"
172210,XAMBIOÁ,TO,11/2022,262,191,"72,90",191,0,"100,00",71,"27,10",1,70,"26,72"