Código,Unidade Territorial,UF,Referência,Total de beneficiários com perfil educação (6 a 15 anos),Total de beneficiários acompanhados pela educação (6 a 15 anos),Percentual de beneficiários acompanhados pela educação (6 a 15 anos),Total de beneficiários acompanhados com frequência acima da exigida (6 a 15 anos - 75%),Total de beneficiários acompanhados com frequência abaixo da exigida (6 a 15 anos - 75%),Percentual de beneficiários acompanhados com frequência acima da exigida (6 a 15 anos - 75%),Total de beneficiários sem informação de frequência escolar (6 a 15 anos),Percentual de beneficiários sem informação de frequência escolar (6 a 15 anos),Total de beneficiários localizados no acompanhamento pela educação mas sem informação de frequência (6 a 15 anos),Total de beneficiários não localizados no acompanhamento pela educação (6 a 15 anos),Percentual de beneficiários não localizados no acompanhamento pela educação (6 a 15 anos)
120001,ACRELÂNDIA,AC,07/2022,1776,1295,"72,92",1281,14,"98,92",481,"27,08",6,475,"26,75"
120001,ACRELÂNDIA,AC,09/2022,1770,1301,"73,50",1270,31,"97,62",469,"26,50",9,460,"25,99"
120001,ACRELÂNDIA,AC,11/2022,1752,1295,"73,92",1281,14,"98,92",457,"26,08",5,452,"25,80"
120005,ASSIS BRASIL,AC,11/2022,1856,1273,"68,59",1273,0,"100,00",583,"31,41",25,558,"30,06"
120005,ASSIS BRASIL,AC,09/2022,1892,1096,"57,93",1096,0,"100,00",796,"42,07",26,770,"40,70"
120005,ASSIS BRASIL,AC,07/2022,1873,995,"53,12",995,0,"100,00",878,"46,88",2,876,"46,77"
120010,BRASILÉIA,AC,07/2022,3216,1904,"59,20",1862,42,"97,79",1312,"40,80",2,1310,"40,73"
120010,BRASILÉIA,AC,11/2022,3201,1959,"61,20",1902,57,"97,09",1242,"38,80",12,1230,"38,43"
120010,BRASILÉIA,AC,09/2022,3244,1979,"61,00",1886,93,"95,30",1265,"39,00",7,1258,"38,78"
120013,BUJARI,AC,09/2022,1881,1378,"73,26",1378,0,"100,00",503,"26,74",30,473,"25,15"
120013,BUJARI,AC,11/2022,1853,1356,"73,18",1356,0,"100,00",497,"26,82",12,485,"26,17"
120013,BUJARI,AC,07/2022,1947,1264,"64,92",1264,0,"100,00",683,"35,08",22,661,"33,95"
120017,CAPIXABA,AC,07/2022,1422,1177,"82,77",1092,85,"92,78",245,"17,23",32,213,"14,98"
120017,CAPIXABA,AC,09/2022,1421,970,"68,26",860,110,"88,66",451,"31,74",215,236,"16,61"
120017,CAPIXABA,AC,11/2022,1434,1147,"79,99",940,207,"81,95",287,"20,01",12,275,"19,18"
120020,CRUZEIRO DO SUL,AC,11/2022,13041,9094,"69,73",8973,121,"98,67",3947,"30,27",808,3139,"24,07"
120020,CRUZEIRO DO SUL,AC,09/2022,13401,9803,"73,15",9590,213,"97,83",3598,"26,85",63,3535,"26,38"
120020,CRUZEIRO DO SUL,AC,07/2022,13357,8837,"66,16",8563,274,"96,90",4520,"33,84",723,3797,"28,43"
120025,EPITACIOLÂNDIA,AC,07/2022,1868,1116,"59,74",1115,1,"99,91",752,"40,26",16,736,"39,40"
120025,EPITACIOLÂNDIA,AC,11/2022,1861,1155,"62,06",1155,0,"100,00",706,"37,94",11,695,"37,35"
120025,EPITACIOLÂNDIA,AC,09/2022,1876,1146,"61,09",1144,2,"99,83",730,"38,91",1,729,"38,86"
120030,FEIJÓ,AC,11/2022,5944,4017,"67,58",3987,30,"99,25",1927,"32,42",65,1862,"31,33"
120030,FEIJÓ,AC,09/2022,5994,3565,"59,48",3513,52,"98,54",2429,"40,52",39,2390,"39,87"
120030,FEIJÓ,AC,07/2022,6106,3301,"54,06",3200,101,"96,94",2805,"45,94",80,2725,"44,63"
120032,JORDÃO,AC,07/2022,2223,1377,"61,94",1377,0,"100,00",846,"38,06",53,793,"35,67"
120032,JORDÃO,AC,09/2022,2198,1066,"48,50",1066,0,"100,00",1132,"51,50",341,791,"35,99"
120032,JORDÃO,AC,11/2022,2169,1046,"48,22",1046,0,"100,00",1123,"51,78",327,796,"36,70"
120033,MÂNCIO LIMA,AC,09/2022,3316,3144,"94,81",3140,4,"99,87",172,"5,19",12,160,"4,83"
120033,MÂNCIO LIMA,AC,11/2022,3271,3093,"94,56",3085,8,"99,74",178,"5,44",9,169,"5,17"
120033,MÂNCIO LIMA,AC,07/2022,3376,3000,"88,86",2993,7,"99,77",376,"11,14",17,359,"10,63"
120034,MANOEL URBANO,AC,07/2022,2192,1638,"74,73",1360,278,"83,03",554,"25,27",5,549,"25,05"
120034,MANOEL URBANO,AC,11/2022,2118,1793,"84,66",1679,114,"93,64",325,"15,34",1,324,"15,30"
120034,MANOEL URBANO,AC,09/2022,2188,1807,"82,59",1682,125,"93,08",381,"17,41",14,367,"16,77"
120035,MARECHAL THAUMATURGO,AC,09/2022,3784,2273,"60,07",2269,4,"99,82",1511,"39,93",982,529,"13,98"
120035,MARECHAL THAUMATURGO,AC,11/2022,3743,3077,"82,21",3077,0,"100,00",666,"17,79",151,515,"13,76"
120035,MARECHAL THAUMATURGO,AC,07/2022,3793,87,"2,29",87,0,"100,00",3706,"97,71",3177,529,"13,95"
120038,PLÁCIDO DE CASTRO,AC,07/2022,1859,1426,"76,71",1419,7,"99,51",433,"23,29",88,345,"18,56"
120038,PLÁCIDO DE CASTRO,AC,09/2022,1810,1520,"83,98",1501,19,"98,75",290,"16,02",7,283,"15,64"
120038,PLÁCIDO DE CASTRO,AC,11/2022,1778,1648,"92,69",1621,27,"98,36",130,"7,31",9,121,"6,81"
120039,PORTO WALTER,AC,09/2022,2212,1879,"84,95",1879,0,"100,00",333,"15,05",8,325,"14,69"
120039,PORTO WALTER,AC,11/2022,2160,1815,"84,03",1815,0,"100,00",345,"15,97",23,322,"14,91"
120039,PORTO WALTER,AC,07/2022,2205,1872,"84,90",1872,0,"100,00",333,"15,10",8,325,"14,74"
120040,RIO BRANCO,AC,07/2022,30726,13358,"43,47",12386,972,"92,72",17368,"56,53",1981,15387,"50,08"
120040,RIO BRANCO,AC,11/2022,31906,17292,"54,20",16266,1026,"94,07",14614,"45,80",1121,13493,"42,29"
120040,RIO BRANCO,AC,09/2022,31750,15981,"50,33",15115,866,"94,58",15769,"49,67",1059,14710,"46,33"
120042,RODRIGUES ALVES,AC,11/2022,2629,2121,"80,68",2113,8,"99,62",508,"19,32",33,475,"18,07"
120042,RODRIGUES ALVES,AC,09/2022,2700,2172,"80,44",2165,7,"99,68",528,"19,56",36,492,"18,22"
120042,RODRIGUES ALVES,AC,07/2022,2736,2251,"82,27",2159,92,"95,91",485,"17,73",35,450,"16,45"
120043,SANTA ROSA DO PURUS,AC,07/2022,1701,920,"54,09",886,34,"96,30",781,"45,91",48,733,"43,09"
120043,SANTA ROSA DO PURUS,AC,09/2022,1718,933,"54,31",891,42,"95,50",785,"45,69",60,725,"42,20"
120043,SANTA ROSA DO PURUS,AC,11/2022,1766,974,"55,15",927,47,"95,17",792,"44,85",54,738,"41,79"
120045,SENADOR GUIOMARD,AC,11/2022,3355,2654,"79,11",2647,7,"99,74",701,"20,89",34,667,"19,88"
120045,SENADOR GUIOMARD,AC,09/2022,3408,2765,"81,13",2750,15,"99,46",643,"18,87",27,616,"18,08"
120045,SENADOR GUIOMARD,AC,07/2022,3219,761,"23,64",761,0,"100,00",2458,"76,36",1760,698,"21,68"
120050,SENA MADUREIRA,AC,07/2022,6963,3997,"57,40",3981,16,"99,60",2966,"42,60",296,2670,"38,35"
120050,SENA MADUREIRA,AC,09/2022,6880,4413,"64,14",4385,28,"99,37",2467,"35,86",31,2436,"35,41"
120050,SENA MADUREIRA,AC,11/2022,6788,4529,"66,72",4498,31,"99,32",2259,"33,28",73,2186,"32,20"
120060,TARAUACÁ,AC,11/2022,9263,6496,"70,13",6489,7,"99,89",2767,"29,87",99,2668,"28,80"
120060,TARAUACÁ,AC,09/2022,9414,6010,"63,84",5995,15,"99,75",3404,"36,16",441,2963,"31,47"
120060,TARAUACÁ,AC,07/2022,9507,6235,"65,58",6232,3,"99,95",3272,"34,42",262,3010,"31,66"
120070,XAPURI,AC,07/2022,2256,1726,"76,51",1695,31,"98,20",530,"23,49",216,314,"13,92"
120070,XAPURI,AC,11/2022,2203,2022,"91,78",1967,55,"97,28",181,"8,22",36,145,"6,58"
120070,XAPURI,AC,09/2022,2215,2004,"90,47",1978,26,"98,70",211,"9,53",39,172,"7,77"
120080,PORTO ACRE,AC,09/2022,2885,2134,"73,97",2091,43,"97,99",751,"26,03",40,711,"24,64"
120080,PORTO ACRE,AC,11/2022,2842,2100,"73,89",2067,33,"98,43",742,"26,11",37,705,"24,81"
120080,PORTO ACRE,AC,07/2022,2843,2091,"73,55",2047,44,"97,90",752,"26,45",52,700,"24,62"
270010,ÁGUA BRANCA,AL,09/2022,2629,2082,"79,19",2065,17,"99,18",547,"20,81",4,543,"20,65"
270010,ÁGUA BRANCA,AL,07/2022,2666,2055,"77,08",2038,17,"99,17",611,"22,92",45,566,"21,23"
270010,ÁGUA BRANCA,AL,11/2022,2584,2075,"80,30",2051,24,"98,84",509,"19,70",10,499,"19,31"
270020,ANADIA,AL,11/2022,1918,1460,"76,12",1459,1,"99,93",458,"23,88",77,381,"19,86"
270020,ANADIA,AL,07/2022,1990,863,"43,37",863,0,"100,00",1127,"56,63",700,427,"21,46"
270020,ANADIA,AL,09/2022,1982,1440,"72,65",1440,0,"100,00",542,"27,35",123,419,"21,14"
270030,ARAPIRACA,AL,09/2022,18043,10651,"59,03",10501,150,"98,59",7392,"40,97",289,7103,"39,37"
270030,ARAPIRACA,AL,07/2022,18145,9786,"53,93",7200,2586,"73,57",8359,"46,07",1138,7221,"39,80"
270030,ARAPIRACA,AL,11/2022,17807,10357,"58,16",10244,113,"98,91",7450,"41,84",595,6855,"38,50"
270040,ATALAIA,AL,11/2022,5123,4432,"86,51",4389,43,"99,03",691,"13,49",375,316,"6,17"
270040,ATALAIA,AL,07/2022,5575,4416,"79,21",4375,41,"99,07",1159,"20,79",432,727,"13,04"
270040,ATALAIA,AL,09/2022,5292,4511,"85,24",4445,66,"98,54",781,"14,76",483,298,"5,63"
270050,BARRA DE SANTO ANTÔNIO,AL,09/2022,2530,1884,"74,47",1851,33,"98,25",646,"25,53",15,631,"24,94"
270050,BARRA DE SANTO ANTÔNIO,AL,07/2022,2566,1605,"62,55",1568,37,"97,69",961,"37,45",308,653,"25,45"
270050,BARRA DE SANTO ANTÔNIO,AL,11/2022,2417,2066,"85,48",2020,46,"97,77",351,"14,52",14,337,"13,94"
270060,BARRA DE SÃO MIGUEL,AL,11/2022,1047,846,"80,80",829,17,"97,99",201,"19,20",28,173,"16,52"
270060,BARRA DE SÃO MIGUEL,AL,09/2022,1056,870,"82,39",861,9,"98,97",186,"17,61",30,156,"14,77"
270060,BARRA DE SÃO MIGUEL,AL,07/2022,1071,822,"76,75",757,65,"92,09",249,"23,25",38,211,"19,70"
270070,BATALHA,AL,07/2022,2405,1512,"62,87",1508,4,"99,74",893,"37,13",14,879,"36,55"
270070,BATALHA,AL,09/2022,2399,1497,"62,40",1449,48,"96,79",902,"37,60",19,883,"36,81"
270070,BATALHA,AL,11/2022,2356,1431,"60,74",1400,31,"97,83",925,"39,26",9,916,"38,88"
270080,BELÉM,AL,11/2022,524,475,"90,65",475,0,"100,00",49,"9,35",10,39,"7,44"
270080,BELÉM,AL,07/2022,565,511,"90,44",511,0,"100,00",54,"9,56",4,50,"8,85"
270080,BELÉM,AL,09/2022,521,456,"87,52",455,1,"99,78",65,"12,48",5,60,"11,52"
270090,BELO MONTE,AL,07/2022,952,908,"95,38",907,1,"99,89",44,"4,62",2,42,"4,41"
270090,BELO MONTE,AL,09/2022,916,688,"75,11",688,0,"100,00",228,"24,89",175,53,"5,79"
270090,BELO MONTE,AL,11/2022,940,872,"92,77",872,0,"100,00",68,"7,23",1,67,"7,13"
270100,BOCA DA MATA,AL,11/2022,2919,2669,"91,44",2578,91,"96,59",250,"8,56",7,243,"8,32"
270100,BOCA DA MATA,AL,07/2022,2978,2732,"91,74",2710,22,"99,19",246,"8,26",12,234,"7,86"
270100,BOCA DA MATA,AL,09/2022,2978,2710,"91,00",2574,136,"94,98",268,"9,00",8,260,"8,73"
270110,BRANQUINHA,AL,09/2022,1666,1491,"89,50",1485,6,"99,60",175,"10,50",0,175,"10,50"
270110,BRANQUINHA,AL,07/2022,1660,1417,"85,36",1417,0,"100,00",243,"14,64",0,243,"14,64"
270110,BRANQUINHA,AL,11/2022,1644,1508,"91,73",1502,6,"99,60",136,"8,27",0,136,"8,27"
270120,CACIMBINHAS,AL,11/2022,1412,870,"61,61",870,0,"100,00",542,"38,39",372,170,"12,04"
270120,CACIMBINHAS,AL,09/2022,1441,1236,"85,77",1236,0,"100,00",205,"14,23",35,170,"11,80"
270120,CACIMBINHAS,AL,07/2022,1472,1270,"86,28",1270,0,"100,00",202,"13,72",34,168,"11,41"
270130,CAJUEIRO,AL,07/2022,2681,2315,"86,35",2315,0,"100,00",366,"13,65",12,354,"13,20"
270130,CAJUEIRO,AL,09/2022,2641,2294,"86,86",2294,0,"100,00",347,"13,14",2,345,"13,06"
270130,CAJUEIRO,AL,11/2022,2594,2265,"87,32",2265,0,"100,00",329,"12,68",1,328,"12,64"
270135,CAMPESTRE,AL,11/2022,896,714,"79,69",714,0,"100,00",182,"20,31",13,169,"18,86"
270135,CAMPESTRE,AL,09/2022,944,742,"78,60",742,0,"100,00",202,"21,40",23,179,"18,96"
270135,CAMPESTRE,AL,07/2022,958,752,"78,50",752,0,"100,00",206,"21,50",27,179,"18,68"
270140,CAMPO ALEGRE,AL,09/2022,3647,3274,"89,77",3080,194,"94,07",373,"10,23",75,298,"8,17"
270140,CAMPO ALEGRE,AL,07/2022,3735,3215,"86,08",3082,133,"95,86",520,"13,92",102,418,"11,19"
270140,CAMPO ALEGRE,AL,11/2022,3592,3217,"89,56",3190,27,"99,16",375,"10,44",32,343,"9,55"
270150,CAMPO GRANDE,AL,11/2022,1447,1111,"76,78",1109,2,"99,82",336,"23,22",25,311,"21,49"
270150,CAMPO GRANDE,AL,09/2022,1483,1109,"74,78",1102,7,"99,37",374,"25,22",53,321,"21,65"
270150,CAMPO GRANDE,AL,07/2022,1494,1144,"76,57",1144,0,"100,00",350,"23,43",93,257,"17,20"
270160,CANAPI,AL,07/2022,2986,1588,"53,18",1571,17,"98,93",1398,"46,82",677,721,"24,15"
270160,CANAPI,AL,09/2022,2897,1617,"55,82",1556,61,"96,23",1280,"44,18",559,721,"24,89"
270160,CANAPI,AL,11/2022,2822,1966,"69,67",1898,68,"96,54",856,"30,33",189,667,"23,64"
270170,CAPELA,AL,11/2022,1683,1463,"86,93",1356,107,"92,69",220,"13,07",78,142,"8,44"
270170,CAPELA,AL,09/2022,1713,1443,"84,24",1308,135,"90,64",270,"15,76",139,131,"7,65"
270170,CAPELA,AL,07/2022,1840,1376,"74,78",1261,115,"91,64",464,"25,22",123,341,"18,53"
270180,CARNEIROS,AL,07/2022,1527,1451,"95,02",1291,160,"88,97",76,"4,98",13,63,"4,13"
270180,CARNEIROS,AL,09/2022,1509,1444,"95,69",1417,27,"98,13",65,"4,31",19,46,"3,05"
270180,CARNEIROS,AL,11/2022,1450,1409,"97,17",1399,10,"99,29",41,"2,83",2,39,"2,69"
270190,CHÃ PRETA,AL,11/2022,1006,789,"78,43",789,0,"100,00",217,"21,57",20,197,"19,58"
270190,CHÃ PRETA,AL,09/2022,1055,826,"78,29",822,4,"99,52",229,"21,71",26,203,"19,24"
270190,CHÃ PRETA,AL,07/2022,1069,844,"78,95",844,0,"100,00",225,"21,05",19,206,"19,27"
270200,COITÉ DO NÓIA,AL,09/2022,1312,1217,"92,76",1217,0,"100,00",95,"7,24",10,85,"6,48"
270200,COITÉ DO NÓIA,AL,07/2022,1388,1175,"84,65",1174,1,"99,91",213,"15,35",3,210,"15,13"
270200,COITÉ DO NÓIA,AL,11/2022,1278,1191,"93,19",1191,0,"100,00",87,"6,81",2,85,"6,65"
270210,COLÔNIA LEOPOLDINA,AL,11/2022,2670,2067,"77,42",2067,0,"100,00",603,"22,58",8,595,"22,28"
270210,COLÔNIA LEOPOLDINA,AL,09/2022,2747,2123,"77,28",2123,0,"100,00",624,"22,72",13,611,"22,24"
270210,COLÔNIA LEOPOLDINA,AL,07/2022,2750,2136,"77,67",2136,0,"100,00",614,"22,33",16,598,"21,75"
270220,COQUEIRO SECO,AL,07/2022,664,553,"83,28",537,16,"97,11",111,"16,72",4,107,"16,11"
270220,COQUEIRO SECO,AL,09/2022,700,584,"83,43",571,13,"97,77",116,"16,57",4,112,"16,00"
270220,COQUEIRO SECO,AL,11/2022,683,574,"84,04",561,13,"97,74",109,"15,96",1,108,"15,81"
270230,CORURIPE,AL,11/2022,5290,4875,"92,16",4872,3,"99,94",415,"7,84",14,401,"7,58"
270230,CORURIPE,AL,07/2022,5391,5030,"93,30",5030,0,"100,00",361,"6,70",35,326,"6,05"
270230,CORURIPE,AL,09/2022,5322,4913,"92,31",4913,0,"100,00",409,"7,69",29,380,"7,14"
270235,CRAÍBAS,AL,07/2022,3334,2797,"83,89",2767,30,"98,93",537,"16,11",50,487,"14,61"
270235,CRAÍBAS,AL,09/2022,3211,3000,"93,43",2956,44,"98,53",211,"6,57",35,176,"5,48"
270235,CRAÍBAS,AL,11/2022,3117,2986,"95,80",2923,63,"97,89",131,"4,20",14,117,"3,75"
270240,DELMIRO GOUVEIA,AL,11/2022,5902,3547,"60,10",3456,91,"97,43",2355,"39,90",204,2151,"36,45"
270240,DELMIRO GOUVEIA,AL,09/2022,6043,3785,"62,63",3021,764,"79,82",2258,"37,37",53,2205,"36,49"
270240,DELMIRO GOUVEIA,AL,07/2022,5939,3667,"61,74",3654,13,"99,65",2272,"38,26",258,2014,"33,91"
270250,DOIS RIACHOS,AL,09/2022,1193,1020,"85,50",1018,2,"99,80",173,"14,50",13,160,"13,41"
270250,DOIS RIACHOS,AL,07/2022,1233,1132,"91,81",1132,0,"100,00",101,"8,19",4,97,"7,87"
270250,DOIS RIACHOS,AL,11/2022,1204,1010,"83,89",1007,3,"99,70",194,"16,11",18,176,"14,62"
270255,ESTRELA DE ALAGOAS,AL,11/2022,1708,1276,"74,71",1267,9,"99,29",432,"25,29",15,417,"24,41"
270255,ESTRELA DE ALAGOAS,AL,07/2022,1790,1299,"72,57",1291,8,"99,38",491,"27,43",16,475,"26,54"
270255,ESTRELA DE ALAGOAS,AL,09/2022,1757,1271,"72,34",1259,12,"99,06",486,"27,66",15,471,"26,81"
270260,FEIRA GRANDE,AL,09/2022,3065,2542,"82,94",2542,0,"100,00",523,"17,06",4,519,"16,93"
270260,FEIRA GRANDE,AL,07/2022,3099,2574,"83,06",2572,2,"99,92",525,"16,94",6,519,"16,75"
270260,FEIRA GRANDE,AL,11/2022,3016,2496,"82,76",2496,0,"100,00",520,"17,24",6,514,"17,04"
270270,FELIZ DESERTO,AL,11/2022,516,484,"93,80",484,0,"100,00",32,"6,20",3,29,"5,62"
270270,FELIZ DESERTO,AL,09/2022,528,502,"95,08",502,0,"100,00",26,"4,92",1,25,"4,73"
270270,FELIZ DESERTO,AL,07/2022,543,509,"93,74",509,0,"100,00",34,"6,26",7,27,"4,97"
270280,FLEXEIRAS,AL,09/2022,1471,1291,"87,76",1280,11,"99,15",180,"12,24",14,166,"11,28"
270280,FLEXEIRAS,AL,07/2022,1533,1034,"67,45",1034,0,"100,00",499,"32,55",305,194,"12,65"
270280,FLEXEIRAS,AL,11/2022,1451,1300,"89,59",1294,6,"99,54",151,"10,41",13,138,"9,51"
270290,GIRAU DO PONCIANO,AL,11/2022,4837,4741,"98,02",4736,5,"99,89",96,"1,98",8,88,"1,82"
270290,GIRAU DO PONCIANO,AL,07/2022,4931,4836,"98,07",4836,0,"100,00",95,"1,93",26,69,"1,40"
270290,GIRAU DO PONCIANO,AL,09/2022,4902,4816,"98,25",4816,0,"100,00",86,"1,75",7,79,"1,61"
270300,IBATEGUARA,AL,09/2022,2109,1931,"91,56",1931,0,"100,00",178,"8,44",5,173,"8,20"
270300,IBATEGUARA,AL,07/2022,2072,1896,"91,51",1896,0,"100,00",176,"8,49",7,169,"8,16"
270300,IBATEGUARA,AL,11/2022,2083,1895,"90,97",1895,0,"100,00",188,"9,03",16,172,"8,26"
270310,IGACI,AL,11/2022,2840,2618,"92,18",2605,13,"99,50",222,"7,82",40,182,"6,41"
270310,IGACI,AL,07/2022,2955,2584,"87,45",2581,3,"99,88",371,"12,55",100,271,"9,17"
270310,IGACI,AL,09/2022,2897,2670,"92,16",2648,22,"99,18",227,"7,84",52,175,"6,04"
270320,IGREJA NOVA,AL,09/2022,2720,2470,"90,81",2398,72,"97,09",250,"9,19",13,237,"8,71"
270320,IGREJA NOVA,AL,07/2022,2807,2148,"76,52",2118,30,"98,60",659,"23,48",7,652,"23,23"
270320,IGREJA NOVA,AL,11/2022,2690,2451,"91,12",2437,14,"99,43",239,"8,88",4,235,"8,74"
270330,INHAPI,AL,11/2022,2616,1108,"42,35",1057,51,"95,40",1508,"57,65",164,1344,"51,38"
270330,INHAPI,AL,07/2022,2691,671,"24,93",584,87,"87,03",2020,"75,07",579,1441,"53,55"
270330,INHAPI,AL,09/2022,2688,845,"31,44",800,45,"94,67",1843,"68,56",364,1479,"55,02"
270340,JACARÉ DOS HOMENS,AL,07/2022,829,660,"79,61",659,1,"99,85",169,"20,39",49,120,"14,48"
270340,JACARÉ DOS HOMENS,AL,09/2022,812,728,"89,66",699,29,"96,02",84,"10,34",15,69,"8,50"
270340,JACARÉ DOS HOMENS,AL,11/2022,787,753,"95,68",750,3,"99,60",34,"4,32",3,31,"3,94"
270350,JACUÍPE,AL,11/2022,807,656,"81,29",656,0,"100,00",151,"18,71",1,150,"18,59"
270350,JACUÍPE,AL,07/2022,795,619,"77,86",619,0,"100,00",176,"22,14",14,162,"20,38"
270350,JACUÍPE,AL,09/2022,805,645,"80,12",645,0,"100,00",160,"19,88",6,154,"19,13"
270360,JAPARATINGA,AL,07/2022,1514,944,"62,35",795,149,"84,22",570,"37,65",225,345,"22,79"
270360,JAPARATINGA,AL,09/2022,1532,1029,"67,17",986,43,"95,82",503,"32,83",228,275,"17,95"
270360,JAPARATINGA,AL,11/2022,1515,976,"64,42",959,17,"98,26",539,"35,58",230,309,"20,40"
270370,JARAMATAIA,AL,11/2022,788,769,"97,59",769,0,"100,00",19,"2,41",0,19,"2,41"
270370,JARAMATAIA,AL,09/2022,813,793,"97,54",793,0,"100,00",20,"2,46",0,20,"2,46"
270370,JARAMATAIA,AL,07/2022,817,185,"22,64",185,0,"100,00",632,"77,36",520,112,"13,71"
270375,JEQUIÁ DA PRAIA,AL,09/2022,1424,1056,"74,16",1056,0,"100,00",368,"25,84",42,326,"22,89"
270375,JEQUIÁ DA PRAIA,AL,07/2022,1384,1093,"78,97",1088,5,"99,54",291,"21,03",14,277,"20,01"
270375,JEQUIÁ DA PRAIA,AL,11/2022,1417,1072,"75,65",1068,4,"99,63",345,"24,35",40,305,"21,52"
270380,JOAQUIM GOMES,AL,11/2022,3045,2351,"77,21",2338,13,"99,45",694,"22,79",86,608,"19,97"
270380,JOAQUIM GOMES,AL,09/2022,3103,2084,"67,16",2057,27,"98,70",1019,"32,84",244,775,"24,98"
270380,JOAQUIM GOMES,AL,07/2022,3149,2191,"69,58",2171,20,"99,09",958,"30,42",75,883,"28,04"
270390,JUNDIÁ,AL,07/2022,596,491,"82,38",491,0,"100,00",105,"17,62",6,99,"16,61"
270390,JUNDIÁ,AL,09/2022,597,493,"82,58",493,0,"100,00",104,"17,42",3,101,"16,92"
270390,JUNDIÁ,AL,11/2022,588,479,"81,46",479,0,"100,00",109,"18,54",2,107,"18,20"
270400,JUNQUEIRO,AL,11/2022,2875,2154,"74,92",2144,10,"99,54",721,"25,08",232,489,"17,01"
270400,JUNQUEIRO,AL,09/2022,2890,2098,"72,60",2081,17,"99,19",792,"27,40",194,598,"20,69"
270400,JUNQUEIRO,AL,07/2022,2863,2158,"75,38",2155,3,"99,86",705,"24,62",105,600,"20,96"
270410,LAGOA DA CANOA,AL,07/2022,2355,1523,"64,67",1523,0,"100,00",832,"35,33",240,592,"25,14"
270410,LAGOA DA CANOA,AL,09/2022,2348,1580,"67,29",1580,0,"100,00",768,"32,71",177,591,"25,17"
270410,LAGOA DA CANOA,AL,11/2022,2303,1746,"75,81",1746,0,"100,00",557,"24,19",6,551,"23,93"
270420,LIMOEIRO DE ANADIA,AL,11/2022,3123,2572,"82,36",2447,125,"95,14",551,"17,64",14,537,"17,20"
270420,LIMOEIRO DE ANADIA,AL,09/2022,3185,2581,"81,04",2567,14,"99,46",604,"18,96",150,454,"14,25"
270420,LIMOEIRO DE ANADIA,AL,07/2022,3161,2460,"77,82",2460,0,"100,00",701,"22,18",145,556,"17,59"
270430,MACEIÓ,AL,09/2022,56830,28903,"50,86",27541,1362,"95,29",27927,"49,14",1135,26792,"47,14"
270430,MACEIÓ,AL,07/2022,57085,28006,"49,06",23506,4500,"83,93",29079,"50,94",2455,26624,"46,64"
270430,MACEIÓ,AL,11/2022,57163,30669,"53,65",29454,1215,"96,04",26494,"46,35",1131,25363,"44,37"
270440,MAJOR ISIDORO,AL,11/2022,2287,1409,"61,61",1384,25,"98,23",878,"38,39",199,679,"29,69"
270440,MAJOR ISIDORO,AL,07/2022,2338,1414,"60,48",1402,12,"99,15",924,"39,52",211,713,"30,50"
270440,MAJOR ISIDORO,AL,09/2022,2340,1490,"63,68",1485,5,"99,66",850,"36,32",141,709,"30,30"
270450,MARAGOGI,AL,09/2022,4392,3061,"69,69",2793,268,"91,24",1331,"30,31",307,1024,"23,32"
270450,MARAGOGI,AL,07/2022,4227,2910,"68,84",2698,212,"92,71",1317,"31,16",338,979,"23,16"
270450,MARAGOGI,AL,11/2022,4341,3119,"71,85",3046,73,"97,66",1222,"28,15",304,918,"21,15"
270460,MARAVILHA,AL,11/2022,1386,932,"67,24",884,48,"94,85",454,"32,76",5,449,"32,40"
270460,MARAVILHA,AL,09/2022,1418,926,"65,30",862,64,"93,09",492,"34,70",7,485,"34,20"
270460,MARAVILHA,AL,07/2022,1441,938,"65,09",934,4,"99,57",503,"34,91",6,497,"34,49"
270470,MARECHAL DEODORO,AL,09/2022,6331,3930,"62,08",3731,199,"94,94",2401,"37,92",210,2191,"34,61"
270470,MARECHAL DEODORO,AL,07/2022,6251,2084,"33,34",1767,317,"84,79",4167,"66,66",69,4098,"65,56"
270470,MARECHAL DEODORO,AL,11/2022,6238,4707,"75,46",4346,361,"92,33",1531,"24,54",57,1474,"23,63"
270480,MARIBONDO,AL,11/2022,1268,1193,"94,09",1188,5,"99,58",75,"5,91",4,71,"5,60"
270480,MARIBONDO,AL,09/2022,1287,1222,"94,95",1199,23,"98,12",65,"5,05",5,60,"4,66"
270480,MARIBONDO,AL,07/2022,1274,1199,"94,11",1178,21,"98,25",75,"5,89",9,66,"5,18"
270490,MAR VERMELHO,AL,07/2022,417,359,"86,09",359,0,"100,00",58,"13,91",7,51,"12,23"
270490,MAR VERMELHO,AL,09/2022,410,353,"86,10",353,0,"100,00",57,"13,90",8,49,"11,95"
270490,MAR VERMELHO,AL,11/2022,393,341,"86,77",340,1,"99,71",52,"13,23",5,47,"11,96"
270500,MATA GRANDE,AL,11/2022,2881,2281,"79,17",2281,0,"100,00",600,"20,83",213,387,"13,43"
270500,MATA GRANDE,AL,07/2022,3017,2586,"85,71",2586,0,"100,00",431,"14,29",43,388,"12,86"
270500,MATA GRANDE,AL,09/2022,2963,2555,"86,23",2555,0,"100,00",408,"13,77",14,394,"13,30"
270510,MATRIZ DE CAMARAGIBE,AL,09/2022,2995,2735,"91,32",2733,2,"99,93",260,"8,68",24,236,"7,88"
270510,MATRIZ DE CAMARAGIBE,AL,07/2022,3186,2338,"73,38",2338,0,"100,00",848,"26,62",55,793,"24,89"
270510,MATRIZ DE CAMARAGIBE,AL,11/2022,2993,2763,"92,32",2762,1,"99,96",230,"7,68",5,225,"7,52"
270520,MESSIAS,AL,11/2022,1934,1610,"83,25",1610,0,"100,00",324,"16,75",6,318,"16,44"
270520,MESSIAS,AL,07/2022,1973,1442,"73,09",1442,0,"100,00",531,"26,91",223,308,"15,61"
270520,MESSIAS,AL,09/2022,1974,1659,"84,04",1659,0,"100,00",315,"15,96",6,309,"15,65"
270530,MINADOR DO NEGRÃO,AL,09/2022,631,562,"89,06",562,0,"100,00",69,"10,94",2,67,"10,62"
270530,MINADOR DO NEGRÃO,AL,07/2022,637,531,"83,36",531,0,"100,00",106,"16,64",1,105,"16,48"
270530,MINADOR DO NEGRÃO,AL,11/2022,635,566,"89,13",564,2,"99,65",69,"10,87",1,68,"10,71"
270540,MONTEIRÓPOLIS,AL,11/2022,1066,819,"76,83",796,23,"97,19",247,"23,17",12,235,"22,05"
270540,MONTEIRÓPOLIS,AL,07/2022,1153,809,"70,16",758,51,"93,70",344,"29,84",17,327,"28,36"
270540,MONTEIRÓPOLIS,AL,09/2022,1161,662,"57,02",629,33,"95,02",499,"42,98",176,323,"27,82"
270550,MURICI,AL,09/2022,3821,3247,"84,98",3247,0,"100,00",574,"15,02",3,571,"14,94"
270550,MURICI,AL,07/2022,3901,3252,"83,36",3252,0,"100,00",649,"16,64",4,645,"16,53"
270550,MURICI,AL,11/2022,3727,3164,"84,89",3164,0,"100,00",563,"15,11",5,558,"14,97"
270560,NOVO LINO,AL,11/2022,1330,1188,"89,32",1188,0,"100,00",142,"10,68",2,140,"10,53"
270560,NOVO LINO,AL,09/2022,1349,1203,"89,18",1203,0,"100,00",146,"10,82",5,141,"10,45"
270560,NOVO LINO,AL,07/2022,1367,1210,"88,51",1210,0,"100,00",157,"11,49",8,149,"10,90"
270570,OLHO D´ÁGUA DAS FLORES,AL,07/2022,2567,1916,"74,64",1814,102,"94,68",651,"25,36",36,615,"23,96"
270570,OLHO D´ÁGUA DAS FLORES,AL,09/2022,2504,1149,"45,89",1079,70,"93,91",1355,"54,11",706,649,"25,92"
270570,OLHO D´ÁGUA DAS FLORES,AL,11/2022,2527,1704,"67,43",1665,39,"97,71",823,"32,57",169,654,"25,88"
270580,OLHO D´ÁGUA DO CASADO,AL,11/2022,1286,1232,"95,80",1231,1,"99,92",54,"4,20",1,53,"4,12"
270580,OLHO D´ÁGUA DO CASADO,AL,09/2022,1334,1273,"95,43",1273,0,"100,00",61,"4,57",3,58,"4,35"
270580,OLHO D´ÁGUA DO CASADO,AL,07/2022,1336,1275,"95,43",1275,0,"100,00",61,"4,57",1,60,"4,49"
270590,OLHO D´ÁGUA GRANDE,AL,07/2022,862,648,"75,17",647,1,"99,85",214,"24,83",36,178,"20,65"
270590,OLHO D´ÁGUA GRANDE,AL,09/2022,845,652,"77,16",642,10,"98,47",193,"22,84",21,172,"20,36"
270590,OLHO D´ÁGUA GRANDE,AL,11/2022,811,645,"79,53",638,7,"98,91",166,"20,47",4,162,"19,98"
270600,OLIVENÇA,AL,11/2022,1500,1342,"89,47",1247,95,"92,92",158,"10,53",4,154,"10,27"
270600,OLIVENÇA,AL,09/2022,1547,1364,"88,17",1286,78,"94,28",183,"11,83",17,166,"10,73"
270600,OLIVENÇA,AL,07/2022,1566,1390,"88,76",1390,0,"100,00",176,"11,24",6,170,"10,86"
270610,OURO BRANCO,AL,07/2022,1718,1324,"77,07",1317,7,"99,47",394,"22,93",9,385,"22,41"
270610,OURO BRANCO,AL,09/2022,1690,1506,"89,11",1458,48,"96,81",184,"10,89",11,173,"10,24"
270610,OURO BRANCO,AL,11/2022,1653,1479,"89,47",1444,35,"97,63",174,"10,53",7,167,"10,10"
270620,PALESTINA,AL,11/2022,705,572,"81,13",554,18,"96,85",133,"18,87",48,85,"12,06"
270620,PALESTINA,AL,09/2022,718,581,"80,92",550,31,"94,66",137,"19,08",52,85,"11,84"
270620,PALESTINA,AL,07/2022,722,560,"77,56",541,19,"96,61",162,"22,44",70,92,"12,74"
270630,PALMEIRA DOS ÍNDIOS,AL,07/2022,8075,4455,"55,17",4445,10,"99,78",3620,"44,83",29,3591,"44,47"
270630,PALMEIRA DOS ÍNDIOS,AL,09/2022,8099,4406,"54,40",4405,1,"99,98",3693,"45,60",35,3658,"45,17"
270630,PALMEIRA DOS ÍNDIOS,AL,11/2022,8016,4340,"54,14",4321,19,"99,56",3676,"45,86",172,3504,"43,71"
270640,PÃO DE AÇÚCAR,AL,11/2022,2962,2615,"88,28",2578,37,"98,59",347,"11,72",5,342,"11,55"
270640,PÃO DE AÇÚCAR,AL,07/2022,3109,2619,"84,24",2440,179,"93,17",490,"15,76",10,480,"15,44"
270640,PÃO DE AÇÚCAR,AL,09/2022,3047,2614,"85,79",2548,66,"97,48",433,"14,21",9,424,"13,92"
270642,PARICONHA,AL,07/2022,1539,1230,"79,92",1230,0,"100,00",309,"20,08",2,307,"19,95"
270642,PARICONHA,AL,09/2022,1527,1064,"69,68",1053,11,"98,97",463,"30,32",2,461,"30,19"
270642,PARICONHA,AL,11/2022,1504,1048,"69,68",1047,1,"99,90",456,"30,32",8,448,"29,79"
270644,PARIPUEIRA,AL,11/2022,1835,1381,"75,26",1310,71,"94,86",454,"24,74",14,440,"23,98"
270644,PARIPUEIRA,AL,09/2022,1856,1281,"69,02",1109,172,"86,57",575,"30,98",34,541,"29,15"
270644,PARIPUEIRA,AL,07/2022,1813,1284,"70,82",1202,82,"93,61",529,"29,18",44,485,"26,75"
270650,PASSO DE CAMARAGIBE,AL,07/2022,2023,1848,"91,35",1848,0,"100,00",175,"8,65",13,162,"8,01"
270650,PASSO DE CAMARAGIBE,AL,09/2022,1999,1856,"92,85",1856,0,"100,00",143,"7,15",9,134,"6,70"
270650,PASSO DE CAMARAGIBE,AL,11/2022,1957,1942,"99,23",1942,0,"100,00",15,"0,77",12,3,"0,15"
270660,PAULO JACINTO,AL,11/2022,818,633,"77,38",633,0,"100,00",185,"22,62",28,157,"19,19"
270660,PAULO JACINTO,AL,07/2022,802,315,"39,28",315,0,"100,00",487,"60,72",352,135,"16,83"
270660,PAULO JACINTO,AL,09/2022,814,646,"79,36",646,0,"100,00",168,"20,64",35,133,"16,34"
270670,PENEDO,AL,07/2022,7122,3877,"54,44",3764,113,"97,09",3245,"45,56",253,2992,"42,01"
270670,PENEDO,AL,09/2022,7186,4087,"56,87",4046,41,"99,00",3099,"43,13",60,3039,"42,29"
270670,PENEDO,AL,11/2022,7026,4288,"61,03",4280,8,"99,81",2738,"38,97",49,2689,"38,27"
270680,PIAÇABUÇU,AL,11/2022,2486,1955,"78,64",1955,0,"100,00",531,"21,36",8,523,"21,04"
270680,PIAÇABUÇU,AL,09/2022,2532,1922,"75,91",1922,0,"100,00",610,"24,09",5,605,"23,89"
270680,PIAÇABUÇU,AL,07/2022,2564,1943,"75,78",1941,2,"99,90",621,"24,22",9,612,"23,87"
270690,PILAR,AL,07/2022,4646,3006,"64,70",2969,37,"98,77",1640,"35,30",96,1544,"33,23"
270690,PILAR,AL,09/2022,4714,3226,"68,43",3119,107,"96,68",1488,"31,57",90,1398,"29,66"
270690,PILAR,AL,11/2022,4683,3387,"72,33",3284,103,"96,96",1296,"27,67",69,1227,"26,20"
270700,PINDOBA,AL,11/2022,264,204,"77,27",203,1,"99,51",60,"22,73",40,20,"7,58"
270700,PINDOBA,AL,07/2022,268,213,"79,48",213,0,"100,00",55,"20,52",27,28,"10,45"
270700,PINDOBA,AL,09/2022,267,191,"71,54",191,0,"100,00",76,"28,46",45,31,"11,61"
270710,PIRANHAS,AL,07/2022,3466,2913,"84,05",2895,18,"99,38",553,"15,95",4,549,"15,84"
270710,PIRANHAS,AL,09/2022,3457,2602,"75,27",2594,8,"99,69",855,"24,73",268,587,"16,98"
270710,PIRANHAS,AL,11/2022,3381,2811,"83,14",2810,1,"99,96",570,"16,86",6,564,"16,68"
270720,POÇO DAS TRINCHEIRAS,AL,11/2022,2110,1953,"92,56",1953,0,"100,00",157,"7,44",7,150,"7,11"
270720,POÇO DAS TRINCHEIRAS,AL,09/2022,2161,2009,"92,97",524,1485,"26,08",152,"7,03",3,149,"6,89"
270720,POÇO DAS TRINCHEIRAS,AL,07/2022,2142,2002,"93,46",0,2002,"0,00",140,"6,54",4,136,"6,35"
270730,PORTO CALVO,AL,07/2022,3741,2376,"63,51",2352,24,"98,99",1365,"36,49",178,1187,"31,73"
270730,PORTO CALVO,AL,09/2022,3530,3187,"90,28",3184,3,"99,91",343,"9,72",84,259,"7,34"
270730,PORTO CALVO,AL,11/2022,3353,3097,"92,37",3096,1,"99,97",256,"7,63",33,223,"6,65"
270740,PORTO DE PEDRAS,AL,11/2022,1176,957,"81,38",957,0,"100,00",219,"18,62",92,127,"10,80"
270740,PORTO DE PEDRAS,AL,07/2022,1202,1022,"85,02",1018,4,"99,61",180,"14,98",41,139,"11,56"
270740,PORTO DE PEDRAS,AL,09/2022,1195,1059,"88,62",1059,0,"100,00",136,"11,38",7,129,"10,79"
270750,PORTO REAL DO COLÉGIO,AL,07/2022,2783,2344,"84,23",2343,1,"99,96",439,"15,77",14,425,"15,27"
270750,PORTO REAL DO COLÉGIO,AL,09/2022,2771,2257,"81,45",2252,5,"99,78",514,"18,55",6,508,"18,33"
270750,PORTO REAL DO COLÉGIO,AL,11/2022,2701,2201,"81,49",2172,29,"98,68",500,"18,51",2,498,"18,44"
270760,QUEBRANGULO,AL,11/2022,1600,1136,"71,00",1136,0,"100,00",464,"29,00",169,295,"18,44"
270760,QUEBRANGULO,AL,09/2022,1631,1155,"70,82",1155,0,"100,00",476,"29,18",207,269,"16,49"
270760,QUEBRANGULO,AL,07/2022,1657,1175,"70,91",1175,0,"100,00",482,"29,09",211,271,"16,35"
270770,RIO LARGO,AL,07/2022,10212,6127,"60,00",6016,111,"98,19",4085,"40,00",795,3290,"32,22"
270770,RIO LARGO,AL,09/2022,10578,6851,"64,77",6499,352,"94,86",3727,"35,23",104,3623,"34,25"
270770,RIO LARGO,AL,11/2022,10699,7150,"66,83",7111,39,"99,45",3549,"33,17",111,3438,"32,13"
270780,ROTEIRO,AL,11/2022,1058,879,"83,08",818,61,"93,06",179,"16,92",16,163,"15,41"
270780,ROTEIRO,AL,09/2022,1060,884,"83,40",850,34,"96,15",176,"16,60",3,173,"16,32"
270780,ROTEIRO,AL,07/2022,1066,873,"81,89",861,12,"98,63",193,"18,11",21,172,"16,14"
270790,SANTA LUZIA DO NORTE,AL,09/2022,825,768,"93,09",763,5,"99,35",57,"6,91",17,40,"4,85"
270790,SANTA LUZIA DO NORTE,AL,07/2022,818,742,"90,71",737,5,"99,33",76,"9,29",17,59,"7,21"
270790,SANTA LUZIA DO NORTE,AL,11/2022,790,731,"92,53",728,3,"99,59",59,"7,47",15,44,"5,57"
270800,SANTANA DO IPANEMA,AL,11/2022,5738,4106,"71,56",4087,19,"99,54",1632,"28,44",104,1528,"26,63"
270800,SANTANA DO IPANEMA,AL,07/2022,5890,4016,"68,18",4007,9,"99,78",1874,"31,82",192,1682,"28,56"
270800,SANTANA DO IPANEMA,AL,09/2022,5911,4270,"72,24",4265,5,"99,88",1641,"27,76",108,1533,"25,93"
270810,SANTANA DO MUNDAÚ,AL,07/2022,1477,1462,"98,98",1462,0,"100,00",15,"1,02",6,9,"0,61"
270810,SANTANA DO MUNDAÚ,AL,09/2022,1422,1067,"75,04",1067,0,"100,00",355,"24,96",70,285,"20,04"
270810,SANTANA DO MUNDAÚ,AL,11/2022,1411,1064,"75,41",1064,0,"100,00",347,"24,59",11,336,"23,81"
270820,SÃO BRÁS,AL,11/2022,855,746,"87,25",744,2,"99,73",109,"12,75",3,106,"12,40"
270820,SÃO BRÁS,AL,09/2022,882,762,"86,39",759,3,"99,61",120,"13,61",5,115,"13,04"
270820,SÃO BRÁS,AL,07/2022,901,791,"87,79",789,2,"99,75",110,"12,21",3,107,"11,88"
270830,SÃO JOSÉ DA LAJE,AL,09/2022,2553,2499,"97,88",2499,0,"100,00",54,"2,12",23,31,"1,21"
270830,SÃO JOSÉ DA LAJE,AL,07/2022,2681,2601,"97,02",2595,6,"99,77",80,"2,98",24,56,"2,09"
270830,SÃO JOSÉ DA LAJE,AL,11/2022,2510,2444,"97,37",2442,2,"99,92",66,"2,63",16,50,"1,99"
270840,SÃO JOSÉ DA TAPERA,AL,11/2022,4923,4299,"87,32",4278,21,"99,51",624,"12,68",12,612,"12,43"
270840,SÃO JOSÉ DA TAPERA,AL,09/2022,5062,4408,"87,08",4356,52,"98,82",654,"12,92",21,633,"12,50"
270840,SÃO JOSÉ DA TAPERA,AL,07/2022,5104,4468,"87,54",4143,325,"92,73",636,"12,46",15,621,"12,17"
270850,SÃO LUÍS DO QUITUNDE,AL,07/2022,4414,850,"19,26",809,41,"95,18",3564,"80,74",1952,1612,"36,52"
270850,SÃO LUÍS DO QUITUNDE,AL,09/2022,4575,3037,"66,38",3008,29,"99,05",1538,"33,62",111,1427,"31,19"
270850,SÃO LUÍS DO QUITUNDE,AL,11/2022,4478,3043,"67,95",3022,21,"99,31",1435,"32,05",98,1337,"29,86"
270860,SÃO MIGUEL DOS CAMPOS,AL,11/2022,5715,2452,"42,90",2395,57,"97,68",3263,"57,10",2020,1243,"21,75"
270860,SÃO MIGUEL DOS CAMPOS,AL,07/2022,5878,3597,"61,19",3095,502,"86,04",2281,"38,81",910,1371,"23,32"
270860,SÃO MIGUEL DOS CAMPOS,AL,09/2022,5865,2273,"38,76",2235,38,"98,33",3592,"61,24",2255,1337,"22,80"
270870,SÃO MIGUEL DOS MILAGRES,AL,07/2022,1048,884,"84,35",884,0,"100,00",164,"15,65",1,163,"15,55"
270870,SÃO MIGUEL DOS MILAGRES,AL,09/2022,1048,895,"85,40",895,0,"100,00",153,"14,60",6,147,"14,03"
270870,SÃO MIGUEL DOS MILAGRES,AL,11/2022,1022,864,"84,54",864,0,"100,00",158,"15,46",10,148,"14,48"
270880,SÃO SEBASTIÃO,AL,11/2022,4212,3874,"91,98",3871,3,"99,92",338,"8,02",9,329,"7,81"
270880,SÃO SEBASTIÃO,AL,07/2022,4395,4005,"91,13",3968,37,"99,08",390,"8,87",17,373,"8,49"
270880,SÃO SEBASTIÃO,AL,09/2022,4309,3952,"91,72",3905,47,"98,81",357,"8,28",7,350,"8,12"
270890,SATUBA,AL,09/2022,1341,1217,"90,75",912,305,"74,94",124,"9,25",28,96,"7,16"
270890,SATUBA,AL,07/2022,1370,1175,"85,77",1131,44,"96,26",195,"14,23",51,144,"10,51"
270890,SATUBA,AL,11/2022,1358,1235,"90,94",1162,73,"94,09",123,"9,06",9,114,"8,39"
270895,SENADOR RUI PALMEIRA,AL,11/2022,2056,1807,"87,89",1774,33,"98,17",249,"12,11",19,230,"11,19"
270895,SENADOR RUI PALMEIRA,AL,09/2022,2091,1868,"89,34",1841,27,"98,55",223,"10,66",19,204,"9,76"
270895,SENADOR RUI PALMEIRA,AL,07/2022,2116,1883,"88,99",1876,7,"99,63",233,"11,01",44,189,"8,93"
270900,TANQUE D´ARCA,AL,09/2022,622,606,"97,43",606,0,"100,00",16,"2,57",0,16,"2,57"
270900,TANQUE D´ARCA,AL,07/2022,620,597,"96,29",597,0,"100,00",23,"3,71",6,17,"2,74"
270900,TANQUE D´ARCA,AL,11/2022,591,576,"97,46",576,0,"100,00",15,"2,54",0,15,"2,54"
270910,TAQUARANA,AL,11/2022,2344,2265,"96,63",2265,0,"100,00",79,"3,37",3,76,"3,24"
270910,TAQUARANA,AL,07/2022,2423,2082,"85,93",2081,1,"99,95",341,"14,07",4,337,"13,91"
270910,TAQUARANA,AL,09/2022,2391,2297,"96,07",2297,0,"100,00",94,"3,93",13,81,"3,39"
270915,TEOTÔNIO VILELA,AL,07/2022,4852,4226,"87,10",3986,240,"94,32",626,"12,90",19,607,"12,51"
270915,TEOTÔNIO VILELA,AL,09/2022,4743,4350,"91,71",4226,124,"97,15",393,"8,29",19,374,"7,89"
270915,TEOTÔNIO VILELA,AL,11/2022,4646,4518,"97,24",4336,182,"95,97",128,"2,76",13,115,"2,48"
270920,TRAIPU,AL,11/2022,2959,2820,"95,30",2820,0,"100,00",139,"4,70",10,129,"4,36"
270920,TRAIPU,AL,09/2022,3042,2870,"94,35",2850,20,"99,30",172,"5,65",41,131,"4,31"
270920,TRAIPU,AL,07/2022,3139,2853,"90,89",2846,7,"99,75",286,"9,11",33,253,"8,06"
270930,UNIÃO DOS PALMARES,AL,07/2022,8102,6802,"83,95",6801,1,"99,99",1300,"16,05",11,1289,"15,91"
270930,UNIÃO DOS PALMARES,AL,09/2022,8078,6787,"84,02",6787,0,"100,00",1291,"15,98",10,1281,"15,86"
270930,UNIÃO DOS PALMARES,AL,11/2022,7933,6726,"84,79",6726,0,"100,00",1207,"15,21",12,1195,"15,06"
270940,VIÇOSA,AL,11/2022,3031,2423,"79,94",2420,3,"99,88",608,"20,06",15,593,"19,56"
270940,VIÇOSA,AL,07/2022,3124,2536,"81,18",2533,3,"99,88",588,"18,82",33,555,"17,77"
270940,VIÇOSA,AL,09/2022,3078,2497,"81,12",2497,0,"100,00",581,"18,88",17,564,"18,32"
130002,ALVARÃES,AM,07/2022,3219,1904,"59,15",1896,8,"99,58",1315,"40,85",994,321,"9,97"
130002,ALVARÃES,AM,09/2022,3247,2509,"77,27",2403,106,"95,78",738,"22,73",273,465,"14,32"
130002,ALVARÃES,AM,11/2022,3140,2765,"88,06",2742,23,"99,17",375,"11,94",7,368,"11,72"
130006,AMATURÁ,AM,09/2022,2134,1865,"87,39",1769,96,"94,85",269,"12,61",5,264,"12,37"
130006,AMATURÁ,AM,11/2022,2123,1583,"74,56",1508,75,"95,26",540,"25,44",301,239,"11,26"
130006,AMATURÁ,AM,07/2022,2175,1875,"86,21",1791,84,"95,52",300,"13,79",31,269,"12,37"
130008,ANAMÃ,AM,07/2022,2009,1382,"68,79",1346,36,"97,40",627,"31,21",183,444,"22,10"
130008,ANAMÃ,AM,09/2022,1954,1429,"73,13",1429,0,"100,00",525,"26,87",93,432,"22,11"
130008,ANAMÃ,AM,11/2022,1911,1365,"71,43",1351,14,"98,97",546,"28,57",81,465,"24,33"
130010,ANORI,AM,09/2022,2499,1729,"69,19",1647,82,"95,26",770,"30,81",406,364,"14,57"
130010,ANORI,AM,11/2022,2472,2138,"86,49",2085,53,"97,52",334,"13,51",12,322,"13,03"
130010,ANORI,AM,07/2022,2525,500,"19,80",445,55,"89,00",2025,"80,20",1657,368,"14,57"
130014,APUÍ,AM,07/2022,1802,877,"48,67",799,78,"91,11",925,"51,33",250,675,"37,46"
130014,APUÍ,AM,09/2022,1753,880,"50,20",822,58,"93,41",873,"49,80",211,662,"37,76"
130014,APUÍ,AM,11/2022,1748,874,"50,00",711,163,"81,35",874,"50,00",48,826,"47,25"
130020,ATALAIA DO NORTE,AM,09/2022,3136,2009,"64,06",1979,30,"98,51",1127,"35,94",281,846,"26,98"
130020,ATALAIA DO NORTE,AM,11/2022,3139,2077,"66,17",2049,28,"98,65",1062,"33,83",144,918,"29,24"
130020,ATALAIA DO NORTE,AM,07/2022,3195,1875,"58,69",1868,7,"99,63",1320,"41,31",371,949,"29,70"
130030,AUTAZES,AM,07/2022,8619,6513,"75,57",6085,428,"93,43",2106,"24,43",96,2010,"23,32"
130030,AUTAZES,AM,09/2022,8485,6437,"75,86",6406,31,"99,52",2048,"24,14",29,2019,"23,79"
130030,AUTAZES,AM,11/2022,8208,6107,"74,40",5997,110,"98,20",2101,"25,60",40,2061,"25,11"
130040,BARCELOS,AM,09/2022,2807,1272,"45,32",1258,14,"98,90",1535,"54,68",473,1062,"37,83"
130040,BARCELOS,AM,11/2022,2814,1409,"50,07",1403,6,"99,57",1405,"49,93",334,1071,"38,06"
130040,BARCELOS,AM,07/2022,2854,1364,"47,79",1364,0,"100,00",1490,"52,21",524,966,"33,85"
130050,BARREIRINHA,AM,07/2022,7181,5179,"72,12",4795,384,"92,59",2002,"27,88",748,1254,"17,46"
130050,BARREIRINHA,AM,09/2022,7029,5139,"73,11",4966,173,"96,63",1890,"26,89",760,1130,"16,08"
130050,BARREIRINHA,AM,11/2022,6857,6626,"96,63",6483,143,"97,84",231,"3,37",170,61,"0,89"
130060,BENJAMIN CONSTANT,AM,09/2022,8096,7365,"90,97",7351,14,"99,81",731,"9,03",23,708,"8,75"
130060,BENJAMIN CONSTANT,AM,11/2022,8001,7313,"91,40",7308,5,"99,93",688,"8,60",1,687,"8,59"
130060,BENJAMIN CONSTANT,AM,07/2022,8186,7447,"90,97",7442,5,"99,93",739,"9,03",28,711,"8,69"
130063,BERURI,AM,07/2022,5238,4452,"84,99",4345,107,"97,60",786,"15,01",96,690,"13,17"
130063,BERURI,AM,09/2022,5133,4399,"85,70",4286,113,"97,43",734,"14,30",51,683,"13,31"
130063,BERURI,AM,11/2022,4995,4315,"86,39",4074,241,"94,41",680,"13,61",62,618,"12,37"
130068,BOA VISTA DO RAMOS,AM,11/2022,2845,2727,"95,85",2674,53,"98,06",118,"4,15",13,105,"3,69"
130068,BOA VISTA DO RAMOS,AM,09/2022,2937,2723,"92,71",2627,96,"96,47",214,"7,29",62,152,"5,18"
130068,BOA VISTA DO RAMOS,AM,07/2022,3089,2683,"86,86",2649,34,"98,73",406,"13,14",28,378,"12,24"
130070,BOCA DO ACRE,AM,07/2022,5289,4112,"77,75",4092,20,"99,51",1177,"22,25",212,965,"18,25"
130070,BOCA DO ACRE,AM,11/2022,5188,4080,"78,64",4063,17,"99,58",1108,"21,36",130,978,"18,85"
130070,BOCA DO ACRE,AM,09/2022,5321,4189,"78,73",4166,23,"99,45",1132,"21,27",66,1066,"20,03"
130080,BORBA,AM,09/2022,6304,4232,"67,13",4080,152,"96,41",2072,"32,87",55,2017,"32,00"
130080,BORBA,AM,11/2022,6175,4865,"78,79",4659,206,"95,77",1310,"21,21",18,1292,"20,92"
130080,BORBA,AM,07/2022,6425,4175,"64,98",4073,102,"97,56",2250,"35,02",164,2086,"32,47"
130083,CAAPIRANGA,AM,07/2022,2168,988,"45,57",962,26,"97,37",1180,"54,43",921,259,"11,95"
130083,CAAPIRANGA,AM,09/2022,2195,1799,"81,96",1781,18,"99,00",396,"18,04",83,313,"14,26"
130083,CAAPIRANGA,AM,11/2022,2174,1575,"72,45",1556,19,"98,79",599,"27,55",382,217,"9,98"
130090,CANUTAMA,AM,09/2022,2416,2047,"84,73",2047,0,"100,00",369,"15,27",24,345,"14,28"
130090,CANUTAMA,AM,11/2022,2366,2063,"87,19",2062,1,"99,95",303,"12,81",8,295,"12,47"
130090,CANUTAMA,AM,07/2022,2420,1967,"81,28",1967,0,"100,00",453,"18,72",42,411,"16,98"
130100,CARAUARI,AM,07/2022,5820,3000,"51,55",2937,63,"97,90",2820,"48,45",381,2439,"41,91"
130100,CARAUARI,AM,09/2022,5738,3657,"63,73",3600,57,"98,44",2081,"36,27",210,1871,"32,61"
130100,CARAUARI,AM,11/2022,5597,4067,"72,66",4010,57,"98,60",1530,"27,34",9,1521,"27,18"
130110,CAREIRO,AM,09/2022,5750,4185,"72,78",4159,26,"99,38",1565,"27,22",40,1525,"26,52"
130110,CAREIRO,AM,11/2022,5633,4223,"74,97",4221,2,"99,95",1410,"25,03",9,1401,"24,87"
130110,CAREIRO,AM,07/2022,5620,2602,"46,30",2124,478,"81,63",3018,"53,70",1637,1381,"24,57"
130115,CAREIRO DA VÁRZEA,AM,07/2022,3285,2275,"69,25",2237,38,"98,33",1010,"30,75",72,938,"28,55"
130115,CAREIRO DA VÁRZEA,AM,11/2022,3152,2297,"72,87",2292,5,"99,78",855,"27,13",5,850,"26,97"
130115,CAREIRO DA VÁRZEA,AM,09/2022,3211,2156,"67,14",2141,15,"99,30",1055,"32,86",132,923,"28,74"
130120,COARI,AM,11/2022,12464,8136,"65,28",8092,44,"99,46",4328,"34,72",634,3694,"29,64"
130120,COARI,AM,09/2022,12523,8291,"66,21",8280,11,"99,87",4232,"33,79",207,4025,"32,14"
130120,COARI,AM,07/2022,12324,6063,"49,20",6044,19,"99,69",6261,"50,80",2411,3850,"31,24"
130130,CODAJÁS,AM,07/2022,3919,3163,"80,71",3163,0,"100,00",756,"19,29",13,743,"18,96"
130130,CODAJÁS,AM,09/2022,3954,3215,"81,31",3215,0,"100,00",739,"18,69",12,727,"18,39"
130130,CODAJÁS,AM,11/2022,3872,3343,"86,34",3343,0,"100,00",529,"13,66",32,497,"12,84"
130140,EIRUNEPÉ,AM,09/2022,6660,5610,"84,23",5610,0,"100,00",1050,"15,77",36,1014,"15,23"
130140,EIRUNEPÉ,AM,11/2022,6609,5679,"85,93",5679,0,"100,00",930,"14,07",15,915,"13,84"
130140,EIRUNEPÉ,AM,07/2022,6695,4746,"70,89",4746,0,"100,00",1949,"29,11",940,1009,"15,07"
130150,ENVIRA,AM,07/2022,3181,1368,"43,01",1366,2,"99,85",1813,"56,99",1115,698,"21,94"
130150,ENVIRA,AM,09/2022,3120,1495,"47,92",1485,10,"99,33",1625,"52,08",924,701,"22,47"
130150,ENVIRA,AM,11/2022,3038,2184,"71,89",2182,2,"99,91",854,"28,11",526,328,"10,80"
130160,FONTE BOA,AM,11/2022,4803,4142,"86,24",4142,0,"100,00",661,"13,76",107,554,"11,53"
130160,FONTE BOA,AM,09/2022,4864,4083,"83,94",4083,0,"100,00",781,"16,06",153,628,"12,91"
130160,FONTE BOA,AM,07/2022,4848,4171,"86,04",4169,2,"99,95",677,"13,96",39,638,"13,16"
130165,GUAJARÁ,AM,07/2022,3063,1677,"54,75",1606,71,"95,77",1386,"45,25",153,1233,"40,25"
130165,GUAJARÁ,AM,09/2022,3027,1704,"56,29",1634,70,"95,89",1323,"43,71",74,1249,"41,26"
130165,GUAJARÁ,AM,11/2022,2981,1833,"61,49",1791,42,"97,71",1148,"38,51",33,1115,"37,40"
130170,HUMAITÁ,AM,11/2022,7386,6116,"82,81",6024,92,"98,50",1270,"17,19",524,746,"10,10"
130170,HUMAITÁ,AM,09/2022,7419,5911,"79,67",5750,161,"97,28",1508,"20,33",788,720,"9,70"
130170,HUMAITÁ,AM,07/2022,7507,5840,"77,79",5683,157,"97,31",1667,"22,21",350,1317,"17,54"
130180,IPIXUNA,AM,07/2022,3601,3008,"83,53",3008,0,"100,00",593,"16,47",198,395,"10,97"
130180,IPIXUNA,AM,09/2022,3571,3064,"85,80",3064,0,"100,00",507,"14,20",98,409,"11,45"
130180,IPIXUNA,AM,11/2022,3510,3125,"89,03",3121,4,"99,87",385,"10,97",15,370,"10,54"
130185,IRANDUBA,AM,09/2022,10227,7579,"74,11",7506,73,"99,04",2648,"25,89",416,2232,"21,82"
130185,IRANDUBA,AM,11/2022,10033,7650,"76,25",7578,72,"99,06",2383,"23,75",160,2223,"22,16"
130185,IRANDUBA,AM,07/2022,10183,7414,"72,81",7362,52,"99,30",2769,"27,19",830,1939,"19,04"
130190,ITACOATIARA,AM,07/2022,14622,9716,"66,45",9674,42,"99,57",4906,"33,55",209,4697,"32,12"
130190,ITACOATIARA,AM,11/2022,14589,9754,"66,86",9682,72,"99,26",4835,"33,14",42,4793,"32,85"
130190,ITACOATIARA,AM,09/2022,14810,9854,"66,54",9789,65,"99,34",4956,"33,46",95,4861,"32,82"
130195,ITAMARATI,AM,09/2022,2316,1986,"85,75",1986,0,"100,00",330,"14,25",6,324,"13,99"
130195,ITAMARATI,AM,11/2022,2299,1984,"86,30",1984,0,"100,00",315,"13,70",4,311,"13,53"
130195,ITAMARATI,AM,07/2022,2333,1861,"79,77",1861,0,"100,00",472,"20,23",150,322,"13,80"
130200,ITAPIRANGA,AM,07/2022,1701,0,"0,00",0,0,,1701,"100,00",1447,254,"14,93"
130200,ITAPIRANGA,AM,11/2022,1699,974,"57,33",974,0,"100,00",725,"42,67",466,259,"15,24"
130200,ITAPIRANGA,AM,09/2022,1735,1178,"67,90",1178,0,"100,00",557,"32,10",297,260,"14,99"
130210,JAPURÁ,AM,09/2022,1586,1216,"76,67",1215,1,"99,92",370,"23,33",45,325,"20,49"
130210,JAPURÁ,AM,11/2022,1606,1279,"79,64",1279,0,"100,00",327,"20,36",6,321,"19,99"
130210,JAPURÁ,AM,07/2022,1555,1146,"73,70",1146,0,"100,00",409,"26,30",85,324,"20,84"
130220,JURUÁ,AM,07/2022,2014,1156,"57,40",1143,13,"98,88",858,"42,60",37,821,"40,76"
130220,JURUÁ,AM,11/2022,2025,1481,"73,14",1480,1,"99,93",544,"26,86",24,520,"25,68"
130220,JURUÁ,AM,09/2022,2000,290,"14,50",290,0,"100,00",1710,"85,50",874,836,"41,80"
130230,JUTAÍ,AM,11/2022,5610,4892,"87,20",4652,240,"95,09",718,"12,80",35,683,"12,17"
130230,JUTAÍ,AM,09/2022,5678,4697,"82,72",4376,321,"93,17",981,"17,28",150,831,"14,64"
130230,JUTAÍ,AM,07/2022,5702,4673,"81,95",4366,307,"93,43",1029,"18,05",270,759,"13,31"
130240,LÁBREA,AM,07/2022,7637,2816,"36,87",2782,34,"98,79",4821,"63,13",2882,1939,"25,39"
130240,LÁBREA,AM,09/2022,7477,3908,"52,27",3905,3,"99,92",3569,"47,73",1463,2106,"28,17"
130240,LÁBREA,AM,11/2022,7384,5356,"72,54",5340,16,"99,70",2028,"27,46",291,1737,"23,52"
130250,MANACAPURU,AM,09/2022,17487,13294,"76,02",13133,161,"98,79",4193,"23,98",1237,2956,"16,90"
130250,MANACAPURU,AM,11/2022,17146,11862,"69,18",11730,132,"98,89",5284,"30,82",2620,2664,"15,54"
130250,MANACAPURU,AM,07/2022,17435,9926,"56,93",9719,207,"97,91",7509,"43,07",4506,3003,"17,22"
130255,MANAQUIRI,AM,07/2022,3082,2685,"87,12",2685,0,"100,00",397,"12,88",52,345,"11,19"
130255,MANAQUIRI,AM,11/2022,2920,2645,"90,58",2642,3,"99,89",275,"9,42",9,266,"9,11"
130255,MANAQUIRI,AM,09/2022,2969,2485,"83,70",2481,4,"99,84",484,"16,30",15,469,"15,80"
130260,MANAUS,AM,09/2022,175018,106520,"60,86",102939,3581,"96,64",68498,"39,14",3385,65113,"37,20"
130260,MANAUS,AM,11/2022,180066,116827,"64,88",113540,3287,"97,19",63239,"35,12",870,62369,"34,64"
130260,MANAUS,AM,07/2022,164419,95677,"58,19",91953,3724,"96,11",68742,"41,81",5318,63424,"38,57"
130270,MANICORÉ,AM,07/2022,7581,3965,"52,30",3619,346,"91,27",3616,"47,70",1138,2478,"32,69"
130270,MANICORÉ,AM,09/2022,7474,4159,"55,65",4054,105,"97,48",3315,"44,35",539,2776,"37,14"
130270,MANICORÉ,AM,11/2022,7368,4356,"59,12",4288,68,"98,44",3012,"40,88",251,2761,"37,47"
130280,MARAÃ,AM,09/2022,3810,2803,"73,57",2800,3,"99,89",1007,"26,43",378,629,"16,51"
130280,MARAÃ,AM,11/2022,3684,2934,"79,64",2895,39,"98,67",750,"20,36",138,612,"16,61"
130280,MARAÃ,AM,07/2022,3834,3016,"78,66",3012,4,"99,87",818,"21,34",234,584,"15,23"
130290,MAUÉS,AM,07/2022,11640,6011,"51,64",5908,103,"98,29",5629,"48,36",2790,2839,"24,39"
130290,MAUÉS,AM,09/2022,11561,6545,"56,61",6404,141,"97,85",5016,"43,39",2094,2922,"25,27"
130290,MAUÉS,AM,11/2022,11325,6596,"58,24",6507,89,"98,65",4729,"41,76",2116,2613,"23,07"
130300,NHAMUNDÁ,AM,09/2022,3335,3127,"93,76",3113,14,"99,55",208,"6,24",19,189,"5,67"
130300,NHAMUNDÁ,AM,11/2022,3280,3096,"94,39",3096,0,"100,00",184,"5,61",30,154,"4,70"
130300,NHAMUNDÁ,AM,07/2022,3406,3132,"91,96",3131,1,"99,97",274,"8,04",31,243,"7,13"
130310,NOVA OLINDA DO NORTE,AM,07/2022,5338,2522,"47,25",2455,67,"97,34",2816,"52,75",1291,1525,"28,57"
130310,NOVA OLINDA DO NORTE,AM,11/2022,5330,3975,"74,58",3952,23,"99,42",1355,"25,42",15,1340,"25,14"
130310,NOVA OLINDA DO NORTE,AM,09/2022,5352,3001,"56,07",2959,42,"98,60",2351,"43,93",548,1803,"33,69"
130320,NOVO AIRÃO,AM,09/2022,2749,2186,"79,52",2186,0,"100,00",563,"20,48",9,554,"20,15"
130320,NOVO AIRÃO,AM,11/2022,2730,2183,"79,96",2183,0,"100,00",547,"20,04",7,540,"19,78"
130320,NOVO AIRÃO,AM,07/2022,2759,1982,"71,84",1982,0,"100,00",777,"28,16",228,549,"19,90"
130330,NOVO ARIPUANÃ,AM,07/2022,3273,844,"25,79",841,3,"99,64",2429,"74,21",1958,471,"14,39"
130330,NOVO ARIPUANÃ,AM,11/2022,3254,1790,"55,01",1786,4,"99,78",1464,"44,99",976,488,"15,00"
130330,NOVO ARIPUANÃ,AM,09/2022,3321,1951,"58,75",1949,2,"99,90",1370,"41,25",894,476,"14,33"
130340,PARINTINS,AM,11/2022,16589,12249,"73,84",12230,19,"99,84",4340,"26,16",212,4128,"24,88"
130340,PARINTINS,AM,09/2022,17176,12984,"75,59",12960,24,"99,82",4192,"24,41",300,3892,"22,66"
130340,PARINTINS,AM,07/2022,17704,13703,"77,40",13672,31,"99,77",4001,"22,60",444,3557,"20,09"
130350,PAUINI,AM,07/2022,3510,2705,"77,07",2705,0,"100,00",805,"22,93",154,651,"18,55"
130350,PAUINI,AM,11/2022,3426,2914,"85,06",2907,7,"99,76",512,"14,94",22,490,"14,30"
130350,PAUINI,AM,09/2022,3508,2820,"80,39",2820,0,"100,00",688,"19,61",35,653,"18,61"
130353,PRESIDENTE FIGUEIREDO,AM,11/2022,4468,2442,"54,66",2385,57,"97,67",2026,"45,34",120,1906,"42,66"
130353,PRESIDENTE FIGUEIREDO,AM,09/2022,4493,2286,"50,88",2173,113,"95,06",2207,"49,12",32,2175,"48,41"
130353,PRESIDENTE FIGUEIREDO,AM,07/2022,4368,2175,"49,79",2094,81,"96,28",2193,"50,21",82,2111,"48,33"
130356,RIO PRETO DA EVA,AM,07/2022,3733,1734,"46,45",1729,5,"99,71",1999,"53,55",806,1193,"31,96"
130356,RIO PRETO DA EVA,AM,09/2022,3655,1500,"41,04",1476,24,"98,40",2155,"58,96",833,1322,"36,17"
130356,RIO PRETO DA EVA,AM,11/2022,3577,1319,"36,87",1310,9,"99,32",2258,"63,13",1030,1228,"34,33"
130360,SANTA ISABEL DO RIO NEGRO,AM,11/2022,2575,2033,"78,95",2032,1,"99,95",542,"21,05",172,370,"14,37"
130360,SANTA ISABEL DO RIO NEGRO,AM,09/2022,2576,1672,"64,91",1668,4,"99,76",904,"35,09",184,720,"27,95"
130360,SANTA ISABEL DO RIO NEGRO,AM,07/2022,2632,1715,"65,16",1714,1,"99,94",917,"34,84",199,718,"27,28"
130370,SANTO ANTÔNIO DO IÇÁ,AM,07/2022,5661,482,"8,51",470,12,"97,51",5179,"91,49",4493,686,"12,12"
130370,SANTO ANTÔNIO DO IÇÁ,AM,09/2022,5578,4185,"75,03",4183,2,"99,95",1393,"24,97",744,649,"11,63"
130370,SANTO ANTÔNIO DO IÇÁ,AM,11/2022,5514,3926,"71,20",3924,2,"99,95",1588,"28,80",1004,584,"10,59"
130380,SÃO GABRIEL DA CACHOEIRA,AM,09/2022,8421,5894,"69,99",3428,2466,"58,16",2527,"30,01",731,1796,"21,33"
130380,SÃO GABRIEL DA CACHOEIRA,AM,11/2022,8793,4224,"48,04",2704,1520,"64,02",4569,"51,96",2884,1685,"19,16"
130380,SÃO GABRIEL DA CACHOEIRA,AM,07/2022,8625,4953,"57,43",3139,1814,"63,38",3672,"42,57",1827,1845,"21,39"
130390,SÃO PAULO DE OLIVENÇA,AM,07/2022,7538,1938,"25,71",1909,29,"98,50",5600,"74,29",3434,2166,"28,73"
130390,SÃO PAULO DE OLIVENÇA,AM,11/2022,7417,5303,"71,50",5293,10,"99,81",2114,"28,50",26,2088,"28,15"
130390,SÃO PAULO DE OLIVENÇA,AM,09/2022,7442,5121,"68,81",5050,71,"98,61",2321,"31,19",28,2293,"30,81"
130395,SÃO SEBASTIÃO DO UATUMÃ,AM,11/2022,1568,1150,"73,34",1108,42,"96,35",418,"26,66",25,393,"25,06"
130395,SÃO SEBASTIÃO DO UATUMÃ,AM,09/2022,1593,1093,"68,61",1040,53,"95,15",500,"31,39",81,419,"26,30"
130395,SÃO SEBASTIÃO DO UATUMÃ,AM,07/2022,1598,650,"40,68",638,12,"98,15",948,"59,32",684,264,"16,52"
130400,SILVES,AM,07/2022,2188,1780,"81,35",1780,0,"100,00",408,"18,65",46,362,"16,54"
130400,SILVES,AM,11/2022,2127,1697,"79,78",1697,0,"100,00",430,"20,22",23,407,"19,13"
130400,SILVES,AM,09/2022,2153,1703,"79,10",1703,0,"100,00",450,"20,90",24,426,"19,79"
130406,TABATINGA,AM,09/2022,10388,6556,"63,11",6484,72,"98,90",3832,"36,89",8,3824,"36,81"
130406,TABATINGA,AM,11/2022,10511,7407,"70,47",7253,154,"97,92",3104,"29,53",8,3096,"29,45"
130406,TABATINGA,AM,07/2022,10294,5951,"57,81",5908,43,"99,28",4343,"42,19",48,4295,"41,72"
130410,TAPAUÁ,AM,07/2022,3391,2550,"75,20",2534,16,"99,37",841,"24,80",226,615,"18,14"
130410,TAPAUÁ,AM,11/2022,3373,2652,"78,62",2617,35,"98,68",721,"21,38",120,601,"17,82"
130410,TAPAUÁ,AM,09/2022,3379,2516,"74,46",2512,4,"99,84",863,"25,54",250,613,"18,14"
130420,TEFÉ,AM,11/2022,12086,9771,"80,85",9238,533,"94,55",2315,"19,15",167,2148,"17,77"
130420,TEFÉ,AM,09/2022,11974,5693,"47,54",5247,446,"92,17",6281,"52,46",4076,2205,"18,41"
130420,TEFÉ,AM,07/2022,12132,5483,"45,19",4943,540,"90,15",6649,"54,81",3932,2717,"22,40"
130423,TONANTINS,AM,07/2022,3542,1850,"52,23",1834,16,"99,14",1692,"47,77",1218,474,"13,38"
130423,TONANTINS,AM,11/2022,3402,2324,"68,31",2308,16,"99,31",1078,"31,69",617,461,"13,55"
130423,TONANTINS,AM,09/2022,3476,2046,"58,86",2017,29,"98,58",1430,"41,14",839,591,"17,00"
130426,UARINI,AM,09/2022,3051,2643,"86,63",2636,7,"99,74",408,"13,37",41,367,"12,03"
130426,UARINI,AM,11/2022,2973,2636,"88,66",2625,11,"99,58",337,"11,34",0,337,"11,34"
130426,UARINI,AM,07/2022,3025,2554,"84,43",2550,4,"99,84",471,"15,57",97,374,"12,36"
130430,URUCARÁ,AM,07/2022,2758,2505,"90,83",2505,0,"100,00",253,"9,17",35,218,"7,90"
130430,URUCARÁ,AM,11/2022,2736,2509,"91,70",2509,0,"100,00",227,"8,30",16,211,"7,71"
130430,URUCARÁ,AM,09/2022,2776,2520,"90,78",2520,0,"100,00",256,"9,22",24,232,"8,36"
130440,URUCURITUBA,AM,11/2022,3469,2577,"74,29",2502,75,"97,09",892,"25,71",267,625,"18,02"
130440,URUCURITUBA,AM,09/2022,3524,2289,"64,95",2234,55,"97,60",1235,"35,05",405,830,"23,55"
130440,URUCURITUBA,AM,07/2022,3511,1732,"49,33",1675,57,"96,71",1779,"50,67",994,785,"22,36"
160005,SERRA DO NAVIO,AP,11/2022,662,443,"66,92",443,0,"100,00",219,"33,08",67,152,"22,96"
160005,SERRA DO NAVIO,AP,07/2022,645,392,"60,78",392,0,"100,00",253,"39,22",15,238,"36,90"
160005,SERRA DO NAVIO,AP,09/2022,641,1,"0,16",0,1,"0,00",640,"99,84",410,230,"35,88"
160010,AMAPÁ,AP,09/2022,1468,554,"37,74",541,13,"97,65",914,"62,26",425,489,"33,31"
160010,AMAPÁ,AP,07/2022,1478,671,"45,40",32,639,"4,77",807,"54,60",342,465,"31,46"
160010,AMAPÁ,AP,11/2022,1433,868,"60,57",853,15,"98,27",565,"39,43",54,511,"35,66"
160015,PEDRA BRANCA DO AMAPARI,AP,07/2022,2243,1571,"70,04",1570,1,"99,94",672,"29,96",32,640,"28,53"
160015,PEDRA BRANCA DO AMAPARI,AP,11/2022,2249,1814,"80,66",1814,0,"100,00",435,"19,34",34,401,"17,83"
160015,PEDRA BRANCA DO AMAPARI,AP,09/2022,2273,1570,"69,07",1542,28,"98,22",703,"30,93",48,655,"28,82"
160020,CALÇOENE,AP,09/2022,1683,793,"47,12",789,4,"99,50",890,"52,88",661,229,"13,61"
160020,CALÇOENE,AP,11/2022,1713,1325,"77,35",1325,0,"100,00",388,"22,65",10,378,"22,07"
160020,CALÇOENE,AP,07/2022,1651,936,"56,69",936,0,"100,00",715,"43,31",522,193,"11,69"
160021,CUTIAS,AP,11/2022,917,32,"3,49",32,0,"100,00",885,"96,51",673,212,"23,12"
160021,CUTIAS,AP,07/2022,950,0,"0,00",0,0,,950,"100,00",737,213,"22,42"
160021,CUTIAS,AP,09/2022,998,0,"0,00",0,0,,998,"100,00",789,209,"20,94"
160023,FERREIRA GOMES,AP,09/2022,1145,323,"28,21",323,0,"100,00",822,"71,79",743,79,"6,90"
160023,FERREIRA GOMES,AP,11/2022,1119,422,"37,71",371,51,"87,91",697,"62,29",375,322,"28,78"
160023,FERREIRA GOMES,AP,07/2022,1162,1151,"99,05",419,732,"36,40",11,"0,95",7,4,"0,34"
160025,ITAUBAL,AP,11/2022,1377,971,"70,52",971,0,"100,00",406,"29,48",19,387,"28,10"
160025,ITAUBAL,AP,07/2022,1294,14,"1,08",14,0,"100,00",1280,"98,92",890,390,"30,14"
160025,ITAUBAL,AP,09/2022,1384,0,"0,00",0,0,,1384,"100,00",969,415,"29,99"
160027,LARANJAL DO JARI,AP,09/2022,5710,4037,"70,70",4017,20,"99,50",1673,"29,30",968,705,"12,35"
160027,LARANJAL DO JARI,AP,11/2022,5649,4693,"83,08",4681,12,"99,74",956,"16,92",294,662,"11,72"
160027,LARANJAL DO JARI,AP,07/2022,5675,3961,"69,80",457,3504,"11,54",1714,"30,20",1002,712,"12,55"
160030,MACAPÁ,AP,11/2022,47233,22523,"47,68",22214,309,"98,63",24710,"52,32",2941,21769,"46,09"
160030,MACAPÁ,AP,07/2022,45225,22010,"48,67",13081,8929,"59,43",23215,"51,33",2275,20940,"46,30"
160030,MACAPÁ,AP,09/2022,46532,13035,"28,01",12681,354,"97,28",33497,"71,99",12453,21044,"45,22"
160040,MAZAGÃO,AP,09/2022,4590,426,"9,28",424,2,"99,53",4164,"90,72",3445,719,"15,66"
160040,MAZAGÃO,AP,07/2022,4565,361,"7,91",361,0,"100,00",4204,"92,09",3536,668,"14,63"
160040,MAZAGÃO,AP,11/2022,4459,483,"10,83",483,0,"100,00",3976,"89,17",3213,763,"17,11"
160050,OIAPOQUE,AP,11/2022,3649,3577,"98,03",3577,0,"100,00",72,"1,97",13,59,"1,62"
160050,OIAPOQUE,AP,07/2022,3325,3134,"94,26",3134,0,"100,00",191,"5,74",35,156,"4,69"
160050,OIAPOQUE,AP,09/2022,3527,3306,"93,73",3306,0,"100,00",221,"6,27",109,112,"3,18"
160053,PORTO GRANDE,AP,09/2022,3115,853,"27,38",848,5,"99,41",2262,"72,62",1681,581,"18,65"
160053,PORTO GRANDE,AP,07/2022,3024,0,"0,00",0,0,,3024,"100,00",2498,526,"17,39"
160053,PORTO GRANDE,AP,11/2022,3152,2386,"75,70",2361,25,"98,95",766,"24,30",43,723,"22,94"
160055,PRACUÚBA,AP,07/2022,822,0,"0,00",0,0,,822,"100,00",711,111,"13,50"
160055,PRACUÚBA,AP,11/2022,839,0,"0,00",0,0,,839,"100,00",704,135,"16,09"
160055,PRACUÚBA,AP,09/2022,844,0,"0,00",0,0,,844,"100,00",725,119,"14,10"
160060,SANTANA,AP,09/2022,15185,2247,"14,80",2217,30,"98,66",12938,"85,20",8509,4429,"29,17"
160060,SANTANA,AP,07/2022,14554,3225,"22,16",2204,1021,"68,34",11329,"77,84",7055,4274,"29,37"
160060,SANTANA,AP,11/2022,14913,3434,"23,03",3373,61,"98,22",11479,"76,97",6572,4907,"32,90"
160070,TARTARUGALZINHO,AP,11/2022,2657,2085,"78,47",1998,87,"95,83",572,"21,53",138,434,"16,33"
160070,TARTARUGALZINHO,AP,07/2022,2715,1934,"71,23",1212,722,"62,67",781,"28,77",220,561,"20,66"
160070,TARTARUGALZINHO,AP,09/2022,2627,1277,"48,61",1216,61,"95,22",1350,"51,39",929,421,"16,03"
160080,VITÓRIA DO JARI,AP,09/2022,2320,583,"25,13",579,4,"99,31",1737,"74,87",1401,336,"14,48"
160080,VITÓRIA DO JARI,AP,07/2022,2372,2030,"85,58",2030,0,"100,00",342,"14,42",12,330,"13,91"
160080,VITÓRIA DO JARI,AP,11/2022,2342,2013,"85,95",2009,4,"99,80",329,"14,05",8,321,"13,71"
290010,ABAÍRA,BA,07/2022,599,546,"91,15",546,0,"100,00",53,"8,85",17,36,"6,01"
290010,ABAÍRA,BA,09/2022,587,432,"73,59",429,3,"99,31",155,"26,41",106,49,"8,35"
290010,ABAÍRA,BA,11/2022,585,538,"91,97",537,1,"99,81",47,"8,03",2,45,"7,69"
290020,ABARÉ,BA,11/2022,2693,2168,"80,51",2166,2,"99,91",525,"19,49",84,441,"16,38"
290020,ABARÉ,BA,07/2022,2758,989,"35,86",988,1,"99,90",1769,"64,14",1242,527,"19,11"
290020,ABARÉ,BA,09/2022,2787,2111,"75,74",2111,0,"100,00",676,"24,26",131,545,"19,56"
290030,ACAJUTIBA,BA,09/2022,1896,1442,"76,05",1441,1,"99,93",454,"23,95",26,428,"22,57"
290030,ACAJUTIBA,BA,07/2022,1911,1453,"76,03",1443,10,"99,31",458,"23,97",34,424,"22,19"
290030,ACAJUTIBA,BA,11/2022,1859,1434,"77,14",1429,5,"99,65",425,"22,86",4,421,"22,65"
290035,ADUSTINA,BA,11/2022,1464,1240,"84,70",1238,2,"99,84",224,"15,30",3,221,"15,10"
290035,ADUSTINA,BA,09/2022,1494,1270,"85,01",1267,3,"99,76",224,"14,99",4,220,"14,73"
290035,ADUSTINA,BA,07/2022,1514,1280,"84,54",1276,4,"99,69",234,"15,46",12,222,"14,66"
290040,ÁGUA FRIA,BA,07/2022,1737,1448,"83,36",1448,0,"100,00",289,"16,64",109,180,"10,36"
290040,ÁGUA FRIA,BA,09/2022,1776,1520,"85,59",1512,8,"99,47",256,"14,41",69,187,"10,53"
290040,ÁGUA FRIA,BA,11/2022,1749,1506,"86,11",1506,0,"100,00",243,"13,89",64,179,"10,23"
290050,ÉRICO CARDOSO,BA,11/2022,844,830,"98,34",788,42,"94,94",14,"1,66",10,4,"0,47"
290050,ÉRICO CARDOSO,BA,07/2022,863,851,"98,61",790,61,"92,83",12,"1,39",1,11,"1,27"
290050,ÉRICO CARDOSO,BA,09/2022,858,795,"92,66",761,34,"95,72",63,"7,34",59,4,"0,47"
290060,AIQUARA,BA,07/2022,440,296,"67,27",296,0,"100,00",144,"32,73",4,140,"31,82"
290060,AIQUARA,BA,09/2022,438,293,"66,89",292,1,"99,66",145,"33,11",5,140,"31,96"
290060,AIQUARA,BA,11/2022,435,292,"67,13",283,9,"96,92",143,"32,87",2,141,"32,41"
290070,ALAGOINHAS,BA,11/2022,13524,9411,"69,59",9285,126,"98,66",4113,"30,41",121,3992,"29,52"
290070,ALAGOINHAS,BA,09/2022,13504,7134,"52,83",7070,64,"99,10",6370,"47,17",2076,4294,"31,80"
290070,ALAGOINHAS,BA,07/2022,13198,8561,"64,87",8482,79,"99,08",4637,"35,13",133,4504,"34,13"
290080,ALCOBAÇA,BA,07/2022,3002,2227,"74,18",2181,46,"97,93",775,"25,82",141,634,"21,12"
290080,ALCOBAÇA,BA,09/2022,3027,2717,"89,76",2682,35,"98,71",310,"10,24",47,263,"8,69"
290080,ALCOBAÇA,BA,11/2022,3016,2681,"88,89",2624,57,"97,87",335,"11,11",56,279,"9,25"
290090,ALMADINA,BA,11/2022,619,526,"84,98",526,0,"100,00",93,"15,02",6,87,"14,05"
290090,ALMADINA,BA,09/2022,633,538,"84,99",537,1,"99,81",95,"15,01",6,89,"14,06"
290090,ALMADINA,BA,07/2022,643,558,"86,78",558,0,"100,00",85,"13,22",2,83,"12,91"
290100,AMARGOSA,BA,07/2022,3405,2906,"85,35",2371,535,"81,59",499,"14,65",9,490,"14,39"
290100,AMARGOSA,BA,09/2022,3368,2894,"85,93",2686,208,"92,81",474,"14,07",5,469,"13,93"
290100,AMARGOSA,BA,11/2022,3251,2882,"88,65",2766,116,"95,98",369,"11,35",8,361,"11,10"
290110,AMÉLIA RODRIGUES,BA,11/2022,2258,2099,"92,96",2074,25,"98,81",159,"7,04",29,130,"5,76"
290110,AMÉLIA RODRIGUES,BA,09/2022,2300,2155,"93,70",2151,4,"99,81",145,"6,30",13,132,"5,74"
290110,AMÉLIA RODRIGUES,BA,07/2022,2399,1904,"79,37",1898,6,"99,68",495,"20,63",7,488,"20,34"
290115,AMÉRICA DOURADA,BA,07/2022,2029,1889,"93,10",1760,129,"93,17",140,"6,90",36,104,"5,13"
290115,AMÉRICA DOURADA,BA,09/2022,1930,1852,"95,96",1783,69,"96,27",78,"4,04",13,65,"3,37"
290115,AMÉRICA DOURADA,BA,11/2022,1958,1848,"94,38",1804,44,"97,62",110,"5,62",51,59,"3,01"
290120,ANAGÉ,BA,11/2022,2354,1940,"82,41",1940,0,"100,00",414,"17,59",14,400,"16,99"
290120,ANAGÉ,BA,09/2022,2386,1978,"82,90",1978,0,"100,00",408,"17,10",3,405,"16,97"
290120,ANAGÉ,BA,07/2022,2397,1982,"82,69",1982,0,"100,00",415,"17,31",8,407,"16,98"
290130,ANDARAÍ,BA,07/2022,1729,1335,"77,21",1305,30,"97,75",394,"22,79",82,312,"18,05"
290130,ANDARAÍ,BA,09/2022,1668,1191,"71,40",1176,15,"98,74",477,"28,60",179,298,"17,87"
290130,ANDARAÍ,BA,11/2022,1630,1112,"68,22",1088,24,"97,84",518,"31,78",241,277,"16,99"
290135,ANDORINHA,BA,11/2022,1376,904,"65,70",896,8,"99,12",472,"34,30",45,427,"31,03"
290135,ANDORINHA,BA,09/2022,1386,921,"66,45",916,5,"99,46",465,"33,55",42,423,"30,52"
290135,ANDORINHA,BA,07/2022,1389,997,"71,78",994,3,"99,70",392,"28,22",98,294,"21,17"
290140,ANGICAL,BA,09/2022,1685,1564,"92,82",1535,29,"98,15",121,"7,18",17,104,"6,17"
290140,ANGICAL,BA,07/2022,1829,1435,"78,46",1419,16,"98,89",394,"21,54",138,256,"14,00"
290140,ANGICAL,BA,11/2022,1660,1539,"92,71",1511,28,"98,18",121,"7,29",9,112,"6,75"
290150,ANGUERA,BA,11/2022,1107,954,"86,18",939,15,"98,43",153,"13,82",14,139,"12,56"
290150,ANGUERA,BA,09/2022,1143,853,"74,63",853,0,"100,00",290,"25,37",26,264,"23,10"
290150,ANGUERA,BA,07/2022,1115,712,"63,86",712,0,"100,00",403,"36,14",111,292,"26,19"
290160,ANTAS,BA,07/2022,1214,1038,"85,50",1035,3,"99,71",176,"14,50",12,164,"13,51"
290160,ANTAS,BA,09/2022,1182,1016,"85,96",1014,2,"99,80",166,"14,04",2,164,"13,87"
290160,ANTAS,BA,11/2022,1171,1015,"86,68",1015,0,"100,00",156,"13,32",2,154,"13,15"
290170,ANTÔNIO CARDOSO,BA,11/2022,1648,1182,"71,72",1182,0,"100,00",466,"28,28",96,370,"22,45"
290170,ANTÔNIO CARDOSO,BA,09/2022,1706,1242,"72,80",1242,0,"100,00",464,"27,20",87,377,"22,10"
290170,ANTÔNIO CARDOSO,BA,07/2022,1670,1,"0,06",0,1,"0,00",1669,"99,94",1305,364,"21,80"
290180,ANTÔNIO GONÇALVES,BA,09/2022,1352,1011,"74,78",985,26,"97,43",341,"25,22",6,335,"24,78"
290180,ANTÔNIO GONÇALVES,BA,07/2022,1340,1023,"76,34",971,52,"94,92",317,"23,66",9,308,"22,99"
290180,ANTÔNIO GONÇALVES,BA,11/2022,1312,1000,"76,22",974,26,"97,40",312,"23,78",9,303,"23,09"
290190,APORÁ,BA,11/2022,1925,1652,"85,82",1652,0,"100,00",273,"14,18",71,202,"10,49"
290190,APORÁ,BA,07/2022,1991,1658,"83,27",1658,0,"100,00",333,"16,73",110,223,"11,20"
290190,APORÁ,BA,09/2022,1962,1665,"84,86",1665,0,"100,00",297,"15,14",80,217,"11,06"
290195,APUAREMA,BA,07/2022,844,303,"35,90",281,22,"92,74",541,"64,10",140,401,"47,51"
290195,APUAREMA,BA,09/2022,858,422,"49,18",422,0,"100,00",436,"50,82",24,412,"48,02"
290195,APUAREMA,BA,11/2022,845,371,"43,91",357,14,"96,23",474,"56,09",15,459,"54,32"
290200,ARACATU,BA,11/2022,1386,737,"53,17",734,3,"99,59",649,"46,83",485,164,"11,83"
290200,ARACATU,BA,07/2022,1456,648,"44,51",581,67,"89,66",808,"55,49",683,125,"8,59"
290200,ARACATU,BA,09/2022,1436,642,"44,71",633,9,"98,60",794,"55,29",667,127,"8,84"
290205,ARAÇAS,BA,09/2022,1518,1393,"91,77",1351,42,"96,98",125,"8,23",101,24,"1,58"
290205,ARAÇAS,BA,07/2022,1517,1462,"96,37",1460,2,"99,86",55,"3,63",20,35,"2,31"
290205,ARAÇAS,BA,11/2022,1417,1377,"97,18",1327,50,"96,37",40,"2,82",31,9,"0,64"
290210,ARACI,BA,11/2022,6121,5782,"94,46",5692,90,"98,44",339,"5,54",47,292,"4,77"
290210,ARACI,BA,07/2022,6429,5878,"91,43",5822,56,"99,05",551,"8,57",53,498,"7,75"
290210,ARACI,BA,09/2022,6244,5886,"94,27",5743,143,"97,57",358,"5,73",73,285,"4,56"
290220,ARAMARI,BA,07/2022,1091,103,"9,44",103,0,"100,00",988,"90,56",778,210,"19,25"
290220,ARAMARI,BA,09/2022,1154,914,"79,20",914,0,"100,00",240,"20,80",36,204,"17,68"
290220,ARAMARI,BA,11/2022,1098,566,"51,55",566,0,"100,00",532,"48,45",343,189,"17,21"
290225,ARATACA,BA,11/2022,1120,731,"65,27",731,0,"100,00",389,"34,73",2,387,"34,55"
290225,ARATACA,BA,09/2022,1171,619,"52,86",600,19,"96,93",552,"47,14",33,519,"44,32"
290225,ARATACA,BA,07/2022,1206,484,"40,13",469,15,"96,90",722,"59,87",189,533,"44,20"
290230,ARATUÍPE,BA,09/2022,1105,988,"89,41",988,0,"100,00",117,"10,59",15,102,"9,23"
290230,ARATUÍPE,BA,07/2022,1111,976,"87,85",976,0,"100,00",135,"12,15",31,104,"9,36"
290230,ARATUÍPE,BA,11/2022,1120,985,"87,95",985,0,"100,00",135,"12,05",35,100,"8,93"
290240,AURELINO LEAL,BA,11/2022,1644,805,"48,97",805,0,"100,00",839,"51,03",560,279,"16,97"
290240,AURELINO LEAL,BA,09/2022,1726,1393,"80,71",1393,0,"100,00",333,"19,29",61,272,"15,76"
290240,AURELINO LEAL,BA,07/2022,1760,566,"32,16",566,0,"100,00",1194,"67,84",925,269,"15,28"
290250,BAIANÓPOLIS,BA,07/2022,1843,1240,"67,28",1181,59,"95,24",603,"32,72",82,521,"28,27"
290250,BAIANÓPOLIS,BA,09/2022,1820,1269,"69,73",1235,34,"97,32",551,"30,27",15,536,"29,45"
290250,BAIANÓPOLIS,BA,11/2022,1793,1271,"70,89",1255,16,"98,74",522,"29,11",11,511,"28,50"
290260,BAIXA GRANDE,BA,11/2022,2137,1867,"87,37",1814,53,"97,16",270,"12,63",7,263,"12,31"
290260,BAIXA GRANDE,BA,07/2022,2217,1902,"85,79",1885,17,"99,11",315,"14,21",14,301,"13,58"
290260,BAIXA GRANDE,BA,09/2022,2202,1841,"83,61",1807,34,"98,15",361,"16,39",65,296,"13,44"
290265,BANZAÊ,BA,09/2022,1484,1401,"94,41",1372,29,"97,93",83,"5,59",41,42,"2,83"
290265,BANZAÊ,BA,07/2022,1526,1421,"93,12",1394,27,"98,10",105,"6,88",27,78,"5,11"
290265,BANZAÊ,BA,11/2022,1452,1225,"84,37",1204,21,"98,29",227,"15,63",177,50,"3,44"
290270,BARRA,BA,11/2022,7312,5841,"79,88",5841,0,"100,00",1471,"20,12",218,1253,"17,14"
290270,BARRA,BA,07/2022,7581,4955,"65,36",4927,28,"99,43",2626,"34,64",366,2260,"29,81"
290270,BARRA,BA,09/2022,7457,4943,"66,29",4943,0,"100,00",2514,"33,71",228,2286,"30,66"
290280,BARRA DA ESTIVA,BA,07/2022,2643,2229,"84,34",2122,107,"95,20",414,"15,66",31,383,"14,49"
290280,BARRA DA ESTIVA,BA,09/2022,2655,2255,"84,93",2200,55,"97,56",400,"15,07",6,394,"14,84"
290280,BARRA DA ESTIVA,BA,11/2022,2607,2256,"86,54",2227,29,"98,71",351,"13,46",3,348,"13,35"
290290,BARRA DO CHOÇA,BA,11/2022,4330,3328,"76,86",3312,16,"99,52",1002,"23,14",45,957,"22,10"
290290,BARRA DO CHOÇA,BA,07/2022,4387,620,"14,13",620,0,"100,00",3767,"85,87",2814,953,"21,72"
290290,BARRA DO CHOÇA,BA,09/2022,4421,2999,"67,84",2981,18,"99,40",1422,"32,16",309,1113,"25,18"
290300,BARRA DO MENDES,BA,09/2022,1490,1418,"95,17",1310,108,"92,38",72,"4,83",23,49,"3,29"
290300,BARRA DO MENDES,BA,07/2022,1522,1422,"93,43",1360,62,"95,64",100,"6,57",51,49,"3,22"
290300,BARRA DO MENDES,BA,11/2022,1479,1424,"96,28",1398,26,"98,17",55,"3,72",14,41,"2,77"
290310,BARRA DO ROCHA,BA,11/2022,731,537,"73,46",537,0,"100,00",194,"26,54",4,190,"25,99"
290310,BARRA DO ROCHA,BA,09/2022,719,507,"70,51",507,0,"100,00",212,"29,49",30,182,"25,31"
290310,BARRA DO ROCHA,BA,07/2022,712,269,"37,78",269,0,"100,00",443,"62,22",263,180,"25,28"
290320,BARREIRAS,BA,09/2022,12872,8779,"68,20",8602,177,"97,98",4093,"31,80",310,3783,"29,39"
290320,BARREIRAS,BA,07/2022,12512,8388,"67,04",8236,152,"98,19",4124,"32,96",331,3793,"30,31"
290320,BARREIRAS,BA,11/2022,12832,9398,"73,24",9206,192,"97,96",3434,"26,76",309,3125,"24,35"
290323,BARRO ALTO,BA,11/2022,1421,13,"0,91",13,0,"100,00",1408,"99,09",1350,58,"4,08"
290323,BARRO ALTO,BA,07/2022,1499,1,"0,07",1,0,"100,00",1498,"99,93",1440,58,"3,87"
290323,BARRO ALTO,BA,09/2022,1523,1463,"96,06",1463,0,"100,00",60,"3,94",0,60,"3,94"
290327,BARROCAS,BA,07/2022,1816,1664,"91,63",1648,16,"99,04",152,"8,37",6,146,"8,04"
290327,BARROCAS,BA,09/2022,1792,1719,"95,93",1700,19,"98,89",73,"4,07",13,60,"3,35"
290327,BARROCAS,BA,11/2022,1750,1678,"95,89",1669,9,"99,46",72,"4,11",9,63,"3,60"
290330,BARRO PRETO,BA,11/2022,778,683,"87,79",675,8,"98,83",95,"12,21",8,87,"11,18"
290330,BARRO PRETO,BA,09/2022,800,660,"82,50",632,28,"95,76",140,"17,50",6,134,"16,75"
290330,BARRO PRETO,BA,07/2022,807,680,"84,26",674,6,"99,12",127,"15,74",8,119,"14,75"
290340,BELMONTE,BA,07/2022,2513,2211,"87,98",2211,0,"100,00",302,"12,02",15,287,"11,42"
290340,BELMONTE,BA,09/2022,2503,2175,"86,90",2175,0,"100,00",328,"13,10",27,301,"12,03"
290340,BELMONTE,BA,11/2022,2506,2294,"91,54",2292,2,"99,91",212,"8,46",29,183,"7,30"
290350,BELO CAMPO,BA,11/2022,1902,1665,"87,54",1657,8,"99,52",237,"12,46",52,185,"9,73"
290350,BELO CAMPO,BA,07/2022,1913,1651,"86,30",1615,36,"97,82",262,"13,70",69,193,"10,09"
290350,BELO CAMPO,BA,09/2022,1924,1507,"78,33",1486,21,"98,61",417,"21,67",226,191,"9,93"
290360,BIRITINGA,BA,09/2022,2130,1846,"86,67",1771,75,"95,94",284,"13,33",72,212,"9,95"
290360,BIRITINGA,BA,07/2022,2225,1802,"80,99",1737,65,"96,39",423,"19,01",37,386,"17,35"
290360,BIRITINGA,BA,11/2022,2099,1847,"87,99",1785,62,"96,64",252,"12,01",41,211,"10,05"
290370,BOA NOVA,BA,11/2022,1600,1453,"90,81",1449,4,"99,72",147,"9,19",39,108,"6,75"
290370,BOA NOVA,BA,07/2022,1622,559,"34,46",533,26,"95,35",1063,"65,54",990,73,"4,50"
290370,BOA NOVA,BA,09/2022,1633,1435,"87,88",1411,24,"98,33",198,"12,12",89,109,"6,67"
290380,BOA VISTA DO TUPIM,BA,07/2022,2455,0,"0,00",0,0,,2455,"100,00",2148,307,"12,51"
290380,BOA VISTA DO TUPIM,BA,09/2022,2595,2279,"87,82",2238,41,"98,20",316,"12,18",16,300,"11,56"
290380,BOA VISTA DO TUPIM,BA,11/2022,2568,2250,"87,62",1902,348,"84,53",318,"12,38",14,304,"11,84"
290390,BOM JESUS DA LAPA,BA,11/2022,7676,7104,"92,55",6992,112,"98,42",572,"7,45",111,461,"6,01"
290390,BOM JESUS DA LAPA,BA,07/2022,8006,5996,"74,89",5867,129,"97,85",2010,"25,11",145,1865,"23,30"
290390,BOM JESUS DA LAPA,BA,09/2022,7861,7314,"93,04",7181,133,"98,18",547,"6,96",83,464,"5,90"
290395,BOM JESUS DA SERRA,BA,09/2022,1134,739,"65,17",721,18,"97,56",395,"34,83",29,366,"32,28"
290395,BOM JESUS DA SERRA,BA,07/2022,1142,729,"63,84",709,20,"97,26",413,"36,16",61,352,"30,82"
290395,BOM JESUS DA SERRA,BA,11/2022,1109,748,"67,45",739,9,"98,80",361,"32,55",65,296,"26,69"
290400,BONINAL,BA,11/2022,1438,1337,"92,98",1337,0,"100,00",101,"7,02",7,94,"6,54"
290400,BONINAL,BA,09/2022,1482,1379,"93,05",1379,0,"100,00",103,"6,95",9,94,"6,34"
290400,BONINAL,BA,07/2022,1511,1325,"87,69",1321,4,"99,70",186,"12,31",21,165,"10,92"
290405,BONITO,BA,09/2022,2048,1415,"69,09",1400,15,"98,94",633,"30,91",11,622,"30,37"
290405,BONITO,BA,07/2022,2073,1433,"69,13",1425,8,"99,44",640,"30,87",270,370,"17,85"
290405,BONITO,BA,11/2022,2000,1373,"68,65",1363,10,"99,27",627,"31,35",11,616,"30,80"
290410,BOQUIRA,BA,11/2022,2064,1479,"71,66",1462,17,"98,85",585,"28,34",50,535,"25,92"
290410,BOQUIRA,BA,07/2022,2141,1552,"72,49",1519,33,"97,87",589,"27,51",102,487,"22,75"
290410,BOQUIRA,BA,09/2022,2104,1379,"65,54",1350,29,"97,90",725,"34,46",94,631,"29,99"
290420,BOTUPORÃ,BA,07/2022,1153,779,"67,56",760,19,"97,56",374,"32,44",11,363,"31,48"
290420,BOTUPORÃ,BA,09/2022,1122,1089,"97,06",1066,23,"97,89",33,"2,94",13,20,"1,78"
290420,BOTUPORÃ,BA,11/2022,1088,1046,"96,14",1038,8,"99,24",42,"3,86",7,35,"3,22"
290430,BREJÕES,BA,11/2022,1439,1255,"87,21",1158,97,"92,27",184,"12,79",3,181,"12,58"
290430,BREJÕES,BA,09/2022,1416,1174,"82,91",1078,96,"91,82",242,"17,09",3,239,"16,88"
290430,BREJÕES,BA,07/2022,1442,1189,"82,45",930,259,"78,22",253,"17,55",5,248,"17,20"
290440,BREJOLÂNDIA,BA,09/2022,955,675,"70,68",675,0,"100,00",280,"29,32",32,248,"25,97"
290440,BREJOLÂNDIA,BA,07/2022,969,736,"75,95",719,17,"97,69",233,"24,05",2,231,"23,84"
290440,BREJOLÂNDIA,BA,11/2022,926,682,"73,65",682,0,"100,00",244,"26,35",21,223,"24,08"
290450,BROTAS DE MACAÚBAS,BA,11/2022,1355,1254,"92,55",1207,47,"96,25",101,"7,45",15,86,"6,35"
290450,BROTAS DE MACAÚBAS,BA,07/2022,1379,1262,"91,52",1211,51,"95,96",117,"8,48",12,105,"7,61"
290450,BROTAS DE MACAÚBAS,BA,09/2022,1382,1264,"91,46",1214,50,"96,04",118,"8,54",15,103,"7,45"
290460,BRUMADO,BA,09/2022,4561,3919,"85,92",3916,3,"99,92",642,"14,08",13,629,"13,79"
290460,BRUMADO,BA,07/2022,4574,3904,"85,35",3904,0,"100,00",670,"14,65",41,629,"13,75"
290460,BRUMADO,BA,11/2022,4466,3932,"88,04",3932,0,"100,00",534,"11,96",7,527,"11,80"
290470,BUERAREMA,BA,11/2022,1704,1441,"84,57",1414,27,"98,13",263,"15,43",2,261,"15,32"
290470,BUERAREMA,BA,09/2022,1702,1442,"84,72",1347,95,"93,41",260,"15,28",0,260,"15,28"
290470,BUERAREMA,BA,07/2022,1778,1480,"83,24",1433,47,"96,82",298,"16,76",0,298,"16,76"
290475,BURITIRAMA,BA,09/2022,2795,2041,"73,02",2018,23,"98,87",754,"26,98",32,722,"25,83"
290475,BURITIRAMA,BA,07/2022,2803,1888,"67,36",1841,47,"97,51",915,"32,64",145,770,"27,47"
290475,BURITIRAMA,BA,11/2022,2754,2091,"75,93",2047,44,"97,90",663,"24,07",88,575,"20,88"
290480,CAATIBA,BA,11/2022,576,536,"93,06",532,4,"99,25",40,"6,94",13,27,"4,69"
290480,CAATIBA,BA,07/2022,613,579,"94,45",577,2,"99,65",34,"5,55",13,21,"3,43"
290480,CAATIBA,BA,09/2022,597,566,"94,81",566,0,"100,00",31,"5,19",14,17,"2,85"
290485,CABACEIRAS DO PARAGUAÇU,BA,07/2022,2350,2244,"95,49",2244,0,"100,00",106,"4,51",8,98,"4,17"
290485,CABACEIRAS DO PARAGUAÇU,BA,09/2022,2347,2275,"96,93",2275,0,"100,00",72,"3,07",10,62,"2,64"
290485,CABACEIRAS DO PARAGUAÇU,BA,11/2022,2296,2227,"96,99",2226,1,"99,96",69,"3,01",3,66,"2,87"
290490,CACHOEIRA,BA,11/2022,3185,2121,"66,59",2107,14,"99,34",1064,"33,41",372,692,"21,73"
290490,CACHOEIRA,BA,07/2022,3393,1854,"54,64",1813,41,"97,79",1539,"45,36",150,1389,"40,94"
290490,CACHOEIRA,BA,09/2022,3282,2369,"72,18",2315,54,"97,72",913,"27,82",87,826,"25,17"
290500,CACULÉ,BA,09/2022,1540,1278,"82,99",1241,37,"97,10",262,"17,01",38,224,"14,55"
290500,CACULÉ,BA,07/2022,1561,1110,"71,11",1093,17,"98,47",451,"28,89",168,283,"18,13"
290500,CACULÉ,BA,11/2022,1488,1275,"85,69",1263,12,"99,06",213,"14,31",29,184,"12,37"
290510,CAÉM,BA,11/2022,1491,1195,"80,15",1195,0,"100,00",296,"19,85",13,283,"18,98"
290510,CAÉM,BA,09/2022,1508,1211,"80,31",1211,0,"100,00",297,"19,69",16,281,"18,63"
290510,CAÉM,BA,07/2022,1477,6,"0,41",6,0,"100,00",1471,"99,59",1184,287,"19,43"
290515,CAETANOS,BA,07/2022,1618,1397,"86,34",1384,13,"99,07",221,"13,66",11,210,"12,98"
290515,CAETANOS,BA,09/2022,1610,1395,"86,65",1380,15,"98,92",215,"13,35",4,211,"13,11"
290515,CAETANOS,BA,11/2022,1521,1330,"87,44",1328,2,"99,85",191,"12,56",3,188,"12,36"
290520,CAETITÉ,BA,11/2022,4179,4025,"96,31",3795,230,"94,29",154,"3,69",43,111,"2,66"
290520,CAETITÉ,BA,09/2022,4251,3744,"88,07",3473,271,"92,76",507,"11,93",382,125,"2,94"
290520,CAETITÉ,BA,07/2022,4278,3545,"82,87",2844,701,"80,23",733,"17,13",386,347,"8,11"
290530,CAFARNAUM,BA,07/2022,2449,2263,"92,41",2257,6,"99,73",186,"7,59",15,171,"6,98"
290530,CAFARNAUM,BA,09/2022,2416,2192,"90,73",2181,11,"99,50",224,"9,27",7,217,"8,98"
290530,CAFARNAUM,BA,11/2022,2385,2181,"91,45",2176,5,"99,77",204,"8,55",13,191,"8,01"
290540,CAIRU,BA,11/2022,2055,1920,"93,43",1920,0,"100,00",135,"6,57",16,119,"5,79"
290540,CAIRU,BA,09/2022,2083,1685,"80,89",1685,0,"100,00",398,"19,11",23,375,"18,00"
290540,CAIRU,BA,07/2022,1831,0,"0,00",0,0,,1831,"100,00",1465,366,"19,99"
290550,CALDEIRÃO GRANDE,BA,07/2022,2030,686,"33,79",674,12,"98,25",1344,"66,21",812,532,"26,21"
290550,CALDEIRÃO GRANDE,BA,09/2022,1958,1759,"89,84",1756,3,"99,83",199,"10,16",59,140,"7,15"
290550,CALDEIRÃO GRANDE,BA,11/2022,1885,1684,"89,34",1670,14,"99,17",201,"10,66",89,112,"5,94"
290560,CAMACAN,BA,11/2022,2382,1445,"60,66",1389,56,"96,12",937,"39,34",121,816,"34,26"
290560,CAMACAN,BA,09/2022,2479,1294,"52,20",1244,50,"96,14",1185,"47,80",49,1136,"45,82"
290560,CAMACAN,BA,07/2022,2551,1216,"47,67",1130,86,"92,93",1335,"52,33",103,1232,"48,29"
290570,CAMAÇARI,BA,07/2022,22468,11984,"53,34",11116,868,"92,76",10484,"46,66",4319,6165,"27,44"
290570,CAMAÇARI,BA,09/2022,24046,16575,"68,93",16385,190,"98,85",7471,"31,07",864,6607,"27,48"
290570,CAMAÇARI,BA,11/2022,24771,17704,"71,47",17051,653,"96,31",7067,"28,53",516,6551,"26,45"
290580,CAMAMU,BA,11/2022,4251,3979,"93,60",3789,190,"95,22",272,"6,40",22,250,"5,88"
290580,CAMAMU,BA,09/2022,4378,3939,"89,97",3690,249,"93,68",439,"10,03",50,389,"8,89"
290580,CAMAMU,BA,07/2022,4643,4128,"88,91",3696,432,"89,53",515,"11,09",49,466,"10,04"
290590,CAMPO ALEGRE DE LOURDES,BA,07/2022,3743,3121,"83,38",3111,10,"99,68",622,"16,62",14,608,"16,24"
290590,CAMPO ALEGRE DE LOURDES,BA,09/2022,3680,3162,"85,92",3104,58,"98,17",518,"14,08",31,487,"13,23"
290590,CAMPO ALEGRE DE LOURDES,BA,11/2022,3617,3140,"86,81",3119,21,"99,33",477,"13,19",52,425,"11,75"
290600,CAMPO FORMOSO,BA,11/2022,8108,7066,"87,15",6841,225,"96,82",1042,"12,85",35,1007,"12,42"
290600,CAMPO FORMOSO,BA,09/2022,8236,6753,"81,99",6526,227,"96,64",1483,"18,01",55,1428,"17,34"
290600,CAMPO FORMOSO,BA,07/2022,8374,6286,"75,07",6000,286,"95,45",2088,"24,93",134,1954,"23,33"
290610,CANÁPOLIS,BA,07/2022,1136,949,"83,54",949,0,"100,00",187,"16,46",34,153,"13,47"
290610,CANÁPOLIS,BA,09/2022,1118,921,"82,38",921,0,"100,00",197,"17,62",8,189,"16,91"
290610,CANÁPOLIS,BA,11/2022,1079,912,"84,52",912,0,"100,00",167,"15,48",7,160,"14,83"
290620,CANARANA,BA,11/2022,2901,2015,"69,46",1995,20,"99,01",886,"30,54",598,288,"9,93"
290620,CANARANA,BA,09/2022,2957,2623,"88,70",2492,131,"95,01",334,"11,30",23,311,"10,52"
290620,CANARANA,BA,07/2022,3011,2439,"81,00",2259,180,"92,62",572,"19,00",250,322,"10,69"
290630,CANAVIEIRAS,BA,07/2022,3893,1937,"49,76",1860,77,"96,02",1956,"50,24",796,1160,"29,80"
290630,CANAVIEIRAS,BA,09/2022,3784,2875,"75,98",2828,47,"98,37",909,"24,02",567,342,"9,04"
290630,CANAVIEIRAS,BA,11/2022,3763,3367,"89,48",3251,116,"96,55",396,"10,52",50,346,"9,19"
290640,CANDEAL,BA,11/2022,820,672,"81,95",659,13,"98,07",148,"18,05",59,89,"10,85"
290640,CANDEAL,BA,07/2022,941,683,"72,58",682,1,"99,85",258,"27,42",29,229,"24,34"
290640,CANDEAL,BA,09/2022,856,715,"83,53",695,20,"97,20",141,"16,47",38,103,"12,03"
290650,CANDEIAS,BA,07/2022,7190,3595,"50,00",3594,1,"99,97",3595,"50,00",1493,2102,"29,24"
290650,CANDEIAS,BA,09/2022,7270,2342,"32,21",2342,0,"100,00",4928,"67,79",2738,2190,"30,12"
290650,CANDEIAS,BA,11/2022,7528,4337,"57,61",4337,0,"100,00",3191,"42,39",950,2241,"29,77"
290660,CANDIBA,BA,11/2022,1284,1151,"89,64",1078,73,"93,66",133,"10,36",3,130,"10,12"
290660,CANDIBA,BA,09/2022,1335,1171,"87,72",1133,38,"96,75",164,"12,28",2,162,"12,13"
290660,CANDIBA,BA,07/2022,1344,1186,"88,24",1139,47,"96,04",158,"11,76",1,157,"11,68"
290670,CÂNDIDO SALES,BA,07/2022,3057,1765,"57,74",1765,0,"100,00",1292,"42,26",7,1285,"42,03"
290670,CÂNDIDO SALES,BA,09/2022,3064,1583,"51,66",1583,0,"100,00",1481,"48,34",89,1392,"45,43"
290670,CÂNDIDO SALES,BA,11/2022,3036,2160,"71,15",2160,0,"100,00",876,"28,85",2,874,"28,79"
290680,CANSANÇÃO,BA,11/2022,4420,3960,"89,59",3818,142,"96,41",460,"10,41",35,425,"9,62"
290680,CANSANÇÃO,BA,07/2022,4590,3963,"86,34",3773,190,"95,21",627,"13,66",19,608,"13,25"
290680,CANSANÇÃO,BA,09/2022,4484,4042,"90,14",3855,187,"95,37",442,"9,86",57,385,"8,59"
290682,CANUDOS,BA,09/2022,2069,1436,"69,41",1407,29,"97,98",633,"30,59",271,362,"17,50"
290682,CANUDOS,BA,07/2022,2065,1332,"64,50",1288,44,"96,70",733,"35,50",362,371,"17,97"
290682,CANUDOS,BA,11/2022,2019,1459,"72,26",1422,37,"97,46",560,"27,74",200,360,"17,83"
290685,CAPELA DO ALTO ALEGRE,BA,11/2022,895,738,"82,46",728,10,"98,64",157,"17,54",2,155,"17,32"
290685,CAPELA DO ALTO ALEGRE,BA,07/2022,909,742,"81,63",708,34,"95,42",167,"18,37",4,163,"17,93"
290685,CAPELA DO ALTO ALEGRE,BA,09/2022,905,728,"80,44",715,13,"98,21",177,"19,56",3,174,"19,23"
290687,CAPIM GROSSO,BA,07/2022,3248,2589,"79,71",2420,169,"93,47",659,"20,29",44,615,"18,93"
290687,CAPIM GROSSO,BA,09/2022,3247,2857,"87,99",2767,90,"96,85",390,"12,01",32,358,"11,03"
290687,CAPIM GROSSO,BA,11/2022,3259,2943,"90,30",2849,94,"96,81",316,"9,70",19,297,"9,11"
290689,CARAÍBAS,BA,11/2022,1005,826,"82,19",816,10,"98,79",179,"17,81",9,170,"16,92"
290689,CARAÍBAS,BA,09/2022,1011,695,"68,74",686,9,"98,71",316,"31,26",15,301,"29,77"
290689,CARAÍBAS,BA,07/2022,1031,696,"67,51",682,14,"97,99",335,"32,49",22,313,"30,36"
290690,CARAVELAS,BA,09/2022,2414,2081,"86,21",2073,8,"99,62",333,"13,79",16,317,"13,13"
290690,CARAVELAS,BA,07/2022,2368,259,"10,94",234,25,"90,35",2109,"89,06",1752,357,"15,08"
290690,CARAVELAS,BA,11/2022,2275,1910,"83,96",1890,20,"98,95",365,"16,04",10,355,"15,60"
290700,CARDEAL DA SILVA,BA,11/2022,1254,1012,"80,70",1012,0,"100,00",242,"19,30",9,233,"18,58"
290700,CARDEAL DA SILVA,BA,07/2022,1298,1000,"77,04",1000,0,"100,00",298,"22,96",12,286,"22,03"
290700,CARDEAL DA SILVA,BA,09/2022,1316,957,"72,72",957,0,"100,00",359,"27,28",35,324,"24,62"
290710,CARINHANHA,BA,09/2022,4248,3447,"81,14",3405,42,"98,78",801,"18,86",17,784,"18,46"
290710,CARINHANHA,BA,07/2022,4250,3308,"77,84",3288,20,"99,40",942,"22,16",33,909,"21,39"
290710,CARINHANHA,BA,11/2022,4137,3243,"78,39",3229,14,"99,57",894,"21,61",262,632,"15,28"
290720,CASA NOVA,BA,11/2022,9378,7725,"82,37",7725,0,"100,00",1653,"17,63",255,1398,"14,91"
290720,CASA NOVA,BA,09/2022,9469,6653,"70,26",6653,0,"100,00",2816,"29,74",1179,1637,"17,29"
290720,CASA NOVA,BA,07/2022,9473,7391,"78,02",7390,1,"99,99",2082,"21,98",409,1673,"17,66"
290730,CASTRO ALVES,BA,09/2022,2587,1374,"53,11",1362,12,"99,13",1213,"46,89",387,826,"31,93"
290730,CASTRO ALVES,BA,07/2022,2621,1957,"74,67",1930,27,"98,62",664,"25,33",58,606,"23,12"
290730,CASTRO ALVES,BA,11/2022,2580,1798,"69,69",1796,2,"99,89",782,"30,31",2,780,"30,23"
290740,CATOLÂNDIA,BA,07/2022,461,361,"78,31",292,69,"80,89",100,"21,69",5,95,"20,61"
290740,CATOLÂNDIA,BA,11/2022,468,369,"78,85",362,7,"98,10",99,"21,15",2,97,"20,73"
290740,CATOLÂNDIA,BA,09/2022,467,362,"77,52",321,41,"88,67",105,"22,48",2,103,"22,06"
290750,CATU,BA,07/2022,4209,3208,"76,22",3129,79,"97,54",1001,"23,78",197,804,"19,10"
290750,CATU,BA,09/2022,4293,3349,"78,01",3226,123,"96,33",944,"21,99",136,808,"18,82"
290750,CATU,BA,11/2022,4253,3302,"77,64",3130,172,"94,79",951,"22,36",179,772,"18,15"
290755,CATURAMA,BA,11/2022,716,704,"98,32",703,1,"99,86",12,"1,68",3,9,"1,26"
290755,CATURAMA,BA,07/2022,742,688,"92,72",686,2,"99,71",54,"7,28",2,52,"7,01"
290755,CATURAMA,BA,09/2022,722,703,"97,37",702,1,"99,86",19,"2,63",10,9,"1,25"
290760,CENTRAL,BA,09/2022,1660,1617,"97,41",1536,81,"94,99",43,"2,59",6,37,"2,23"
290760,CENTRAL,BA,07/2022,1689,1626,"96,27",1553,73,"95,51",63,"3,73",15,48,"2,84"
290760,CENTRAL,BA,11/2022,1616,1563,"96,72",1469,94,"93,99",53,"3,28",3,50,"3,09"
290770,CHORROCHÓ,BA,11/2022,1495,1377,"92,11",1377,0,"100,00",118,"7,89",4,114,"7,63"
290770,CHORROCHÓ,BA,09/2022,1487,1137,"76,46",1137,0,"100,00",350,"23,54",242,108,"7,26"
290770,CHORROCHÓ,BA,07/2022,1442,0,"0,00",0,0,,1442,"100,00",1335,107,"7,42"
290780,CÍCERO DANTAS,BA,07/2022,3052,1920,"62,91",1876,44,"97,71",1132,"37,09",14,1118,"36,63"
290780,CÍCERO DANTAS,BA,09/2022,3010,1866,"61,99",1802,64,"96,57",1144,"38,01",14,1130,"37,54"
290780,CÍCERO DANTAS,BA,11/2022,2972,1961,"65,98",1952,9,"99,54",1011,"34,02",5,1006,"33,85"
290790,CIPÓ,BA,11/2022,2236,2085,"93,25",2082,3,"99,86",151,"6,75",37,114,"5,10"
290790,CIPÓ,BA,09/2022,2302,2080,"90,36",2071,9,"99,57",222,"9,64",102,120,"5,21"
290790,CIPÓ,BA,07/2022,2327,2013,"86,51",2013,0,"100,00",314,"13,49",89,225,"9,67"
290800,COARACI,BA,09/2022,2149,1980,"92,14",1979,1,"99,95",169,"7,86",5,164,"7,63"
290800,COARACI,BA,07/2022,2171,1999,"92,08",1999,0,"100,00",172,"7,92",7,165,"7,60"
290800,COARACI,BA,11/2022,2086,1926,"92,33",1926,0,"100,00",160,"7,67",2,158,"7,57"
290810,COCOS,BA,11/2022,2139,1906,"89,11",1906,0,"100,00",233,"10,89",2,231,"10,80"
290810,COCOS,BA,07/2022,2183,1558,"71,37",1558,0,"100,00",625,"28,63",13,612,"28,03"
290810,COCOS,BA,09/2022,2169,1556,"71,74",1556,0,"100,00",613,"28,26",8,605,"27,89"
290820,CONCEIÇÃO DA FEIRA,BA,07/2022,2291,1450,"63,29",1422,28,"98,07",841,"36,71",89,752,"32,82"
290820,CONCEIÇÃO DA FEIRA,BA,09/2022,2296,1502,"65,42",1450,52,"96,54",794,"34,58",151,643,"28,01"
290820,CONCEIÇÃO DA FEIRA,BA,11/2022,2255,1566,"69,45",1548,18,"98,85",689,"30,55",82,607,"26,92"
290830,CONCEIÇÃO DO ALMEIDA,BA,11/2022,1143,1048,"91,69",1048,0,"100,00",95,"8,31",33,62,"5,42"
290830,CONCEIÇÃO DO ALMEIDA,BA,09/2022,1206,1066,"88,39",1040,26,"97,56",140,"11,61",74,66,"5,47"
290830,CONCEIÇÃO DO ALMEIDA,BA,07/2022,1316,880,"66,87",880,0,"100,00",436,"33,13",31,405,"30,78"
290840,CONCEIÇÃO DO COITÉ,BA,07/2022,7594,6474,"85,25",6473,1,"99,98",1120,"14,75",20,1100,"14,49"
290840,CONCEIÇÃO DO COITÉ,BA,09/2022,7672,6542,"85,27",6541,1,"99,98",1130,"14,73",23,1107,"14,43"
290840,CONCEIÇÃO DO COITÉ,BA,11/2022,7507,6483,"86,36",6483,0,"100,00",1024,"13,64",14,1010,"13,45"
290850,CONCEIÇÃO DO JACUÍPE,BA,11/2022,3350,2938,"87,70",2938,0,"100,00",412,"12,30",20,392,"11,70"
290850,CONCEIÇÃO DO JACUÍPE,BA,09/2022,3410,2925,"85,78",2922,3,"99,90",485,"14,22",161,324,"9,50"
290850,CONCEIÇÃO DO JACUÍPE,BA,07/2022,3306,2974,"89,96",2974,0,"100,00",332,"10,04",41,291,"8,80"
290860,CONDE,BA,09/2022,3332,2983,"89,53",2983,0,"100,00",349,"10,47",188,161,"4,83"
290860,CONDE,BA,07/2022,3332,2846,"85,41",2846,0,"100,00",486,"14,59",340,146,"4,38"
290860,CONDE,BA,11/2022,3177,2452,"77,18",2452,0,"100,00",725,"22,82",402,323,"10,17"
290870,CONDEÚBA,BA,11/2022,1476,1222,"82,79",1221,1,"99,92",254,"17,21",168,86,"5,83"
290870,CONDEÚBA,BA,09/2022,1489,1228,"82,47",1228,0,"100,00",261,"17,53",176,85,"5,71"
290870,CONDEÚBA,BA,07/2022,1514,819,"54,10",819,0,"100,00",695,"45,90",609,86,"5,68"
290880,CONTENDAS DO SINCORÁ,BA,09/2022,414,401,"96,86",389,12,"97,01",13,"3,14",4,9,"2,17"
290880,CONTENDAS DO SINCORÁ,BA,07/2022,418,403,"96,41",392,11,"97,27",15,"3,59",3,12,"2,87"
290880,CONTENDAS DO SINCORÁ,BA,11/2022,416,397,"95,43",377,20,"94,96",19,"4,57",2,17,"4,09"
290890,CORAÇÃO DE MARIA,BA,11/2022,3052,2421,"79,33",2409,12,"99,50",631,"20,67",50,581,"19,04"
290890,CORAÇÃO DE MARIA,BA,07/2022,3223,2503,"77,66",2500,3,"99,88",720,"22,34",57,663,"20,57"
290890,CORAÇÃO DE MARIA,BA,09/2022,3152,2491,"79,03",2490,1,"99,96",661,"20,97",66,595,"18,88"
290900,CORDEIROS,BA,09/2022,630,454,"72,06",454,0,"100,00",176,"27,94",56,120,"19,05"
290900,CORDEIROS,BA,07/2022,654,517,"79,05",517,0,"100,00",137,"20,95",16,121,"18,50"
290900,CORDEIROS,BA,11/2022,596,507,"85,07",507,0,"100,00",89,"14,93",1,88,"14,77"
290910,CORIBE,BA,11/2022,1643,1490,"90,69",1486,4,"99,73",153,"9,31",3,150,"9,13"
290910,CORIBE,BA,07/2022,1696,1328,"78,30",1321,7,"99,47",368,"21,70",10,358,"21,11"
290910,CORIBE,BA,09/2022,1701,1330,"78,19",1324,6,"99,55",371,"21,81",6,365,"21,46"
290920,CORONEL JOÃO SÁ,BA,07/2022,2317,2003,"86,45",2003,0,"100,00",314,"13,55",112,202,"8,72"
290920,CORONEL JOÃO SÁ,BA,09/2022,2317,2069,"89,30",2069,0,"100,00",248,"10,70",40,208,"8,98"
290920,CORONEL JOÃO SÁ,BA,11/2022,2251,2056,"91,34",2056,0,"100,00",195,"8,66",10,185,"8,22"
290930,CORRENTINA,BA,11/2022,3185,2732,"85,78",2732,0,"100,00",453,"14,22",61,392,"12,31"
290930,CORRENTINA,BA,09/2022,3280,2569,"78,32",2569,0,"100,00",711,"21,68",192,519,"15,82"
290930,CORRENTINA,BA,07/2022,3343,2785,"83,31",2773,12,"99,57",558,"16,69",25,533,"15,94"
290940,COTEGIPE,BA,09/2022,1763,1681,"95,35",1677,4,"99,76",82,"4,65",7,75,"4,25"
290940,COTEGIPE,BA,07/2022,1822,1668,"91,55",1668,0,"100,00",154,"8,45",35,119,"6,53"
290940,COTEGIPE,BA,11/2022,1722,1690,"98,14",1690,0,"100,00",32,"1,86",7,25,"1,45"
290950,CRAVOLÂNDIA,BA,11/2022,465,460,"98,92",452,8,"98,26",5,"1,08",2,3,"0,65"
290950,CRAVOLÂNDIA,BA,09/2022,479,435,"90,81",420,15,"96,55",44,"9,19",3,41,"8,56"
290950,CRAVOLÂNDIA,BA,07/2022,482,445,"92,32",434,11,"97,53",37,"7,68",2,35,"7,26"
290960,CRISÓPOLIS,BA,09/2022,2527,2327,"92,09",2327,0,"100,00",200,"7,91",10,190,"7,52"
290960,CRISÓPOLIS,BA,07/2022,2542,2336,"91,90",2336,0,"100,00",206,"8,10",18,188,"7,40"
290960,CRISÓPOLIS,BA,11/2022,2493,2293,"91,98",2272,21,"99,08",200,"8,02",4,196,"7,86"
290970,CRISTÓPOLIS,BA,09/2022,1374,1165,"84,79",1165,0,"100,00",209,"15,21",3,206,"14,99"
290970,CRISTÓPOLIS,BA,11/2022,1361,1174,"86,26",1174,0,"100,00",187,"13,74",3,184,"13,52"
290970,CRISTÓPOLIS,BA,07/2022,1384,1064,"76,88",1036,28,"97,37",320,"23,12",161,159,"11,49"
290980,CRUZ DAS ALMAS,BA,07/2022,4543,2784,"61,28",2711,73,"97,38",1759,"38,72",130,1629,"35,86"
290980,CRUZ DAS ALMAS,BA,09/2022,4638,3076,"66,32",2868,208,"93,24",1562,"33,68",8,1554,"33,51"
290980,CRUZ DAS ALMAS,BA,11/2022,4675,3245,"69,41",3030,215,"93,37",1430,"30,59",3,1427,"30,52"
290990,CURAÇÁ,BA,11/2022,4390,3879,"88,36",3759,120,"96,91",511,"11,64",19,492,"11,21"
290990,CURAÇÁ,BA,09/2022,4456,3847,"86,33",3687,160,"95,84",609,"13,67",24,585,"13,13"
290990,CURAÇÁ,BA,07/2022,4447,3551,"79,85",3440,111,"96,87",896,"20,15",338,558,"12,55"
291000,DÁRIO MEIRA,BA,07/2022,1555,1137,"73,12",1137,0,"100,00",418,"26,88",80,338,"21,74"
291000,DÁRIO MEIRA,BA,09/2022,1510,1101,"72,91",1101,0,"100,00",409,"27,09",77,332,"21,99"
291000,DÁRIO MEIRA,BA,11/2022,1460,1156,"79,18",1156,0,"100,00",304,"20,82",21,283,"19,38"
291005,DIAS D´ÁVILA,BA,11/2022,7323,6538,"89,28",6436,102,"98,44",785,"10,72",107,678,"9,26"
291005,DIAS D´ÁVILA,BA,09/2022,7439,6721,"90,35",6478,243,"96,38",718,"9,65",112,606,"8,15"
291005,DIAS D´ÁVILA,BA,07/2022,7692,5790,"75,27",5679,111,"98,08",1902,"24,73",81,1821,"23,67"
291010,DOM BASÍLIO,BA,07/2022,1013,974,"96,15",970,4,"99,59",39,"3,85",6,33,"3,26"
291010,DOM BASÍLIO,BA,09/2022,997,993,"99,60",983,10,"98,99",4,"0,40",3,1,"0,10"
291010,DOM BASÍLIO,BA,11/2022,970,965,"99,48",964,1,"99,90",5,"0,52",3,2,"0,21"
291020,DOM MACEDO COSTA,BA,11/2022,378,367,"97,09",358,9,"97,55",11,"2,91",9,2,"0,53"
291020,DOM MACEDO COSTA,BA,09/2022,381,361,"94,75",350,11,"96,95",20,"5,25",10,10,"2,62"
291020,DOM MACEDO COSTA,BA,07/2022,370,315,"85,14",293,22,"93,02",55,"14,86",5,50,"13,51"
291030,ELÍSIO MEDRADO,BA,07/2022,695,637,"91,65",589,48,"92,46",58,"8,35",5,53,"7,63"
291030,ELÍSIO MEDRADO,BA,09/2022,674,654,"97,03",644,10,"98,47",20,"2,97",8,12,"1,78"
291030,ELÍSIO MEDRADO,BA,11/2022,662,617,"93,20",602,15,"97,57",45,"6,80",25,20,"3,02"
291040,ENCRUZILHADA,BA,11/2022,2310,1822,"78,87",1814,8,"99,56",488,"21,13",34,454,"19,65"
291040,ENCRUZILHADA,BA,09/2022,2328,1267,"54,42",1267,0,"100,00",1061,"45,58",594,467,"20,06"
291040,ENCRUZILHADA,BA,07/2022,2459,1949,"79,26",1945,4,"99,79",510,"20,74",73,437,"17,77"
291050,ENTRE RIOS,BA,07/2022,4313,2992,"69,37",2992,0,"100,00",1321,"30,63",560,761,"17,64"
291050,ENTRE RIOS,BA,09/2022,4127,2325,"56,34",2325,0,"100,00",1802,"43,66",1010,792,"19,19"
291050,ENTRE RIOS,BA,11/2022,4449,3525,"79,23",3525,0,"100,00",924,"20,77",88,836,"18,79"
291060,ESPLANADA,BA,11/2022,3752,3143,"83,77",3078,65,"97,93",609,"16,23",20,589,"15,70"
291060,ESPLANADA,BA,09/2022,3821,3037,"79,48",3029,8,"99,74",784,"20,52",81,703,"18,40"
291060,ESPLANADA,BA,07/2022,3740,3040,"81,28",3037,3,"99,90",700,"18,72",24,676,"18,07"
291070,EUCLIDES DA CUNHA,BA,07/2022,6968,6946,"99,68",6945,1,"99,99",22,"0,32",11,11,"0,16"
291070,EUCLIDES DA CUNHA,BA,09/2022,7009,6907,"98,54",6907,0,"100,00",102,"1,46",95,7,"0,10"
291070,EUCLIDES DA CUNHA,BA,11/2022,6882,6410,"93,14",6410,0,"100,00",472,"6,86",450,22,"0,32"
291072,EUNÁPOLIS,BA,11/2022,10219,8996,"88,03",8987,9,"99,90",1223,"11,97",20,1203,"11,77"
291072,EUNÁPOLIS,BA,07/2022,9768,8598,"88,02",8589,9,"99,90",1170,"11,98",23,1147,"11,74"
291072,EUNÁPOLIS,BA,09/2022,10138,8832,"87,12",8827,5,"99,94",1306,"12,88",39,1267,"12,50"
291075,FÁTIMA,BA,07/2022,1858,1570,"84,50",1519,51,"96,75",288,"15,50",42,246,"13,24"
291075,FÁTIMA,BA,09/2022,1860,1671,"89,84",1656,15,"99,10",189,"10,16",54,135,"7,26"
291075,FÁTIMA,BA,11/2022,1810,1676,"92,60",1655,21,"98,75",134,"7,40",16,118,"6,52"
291077,FEIRA DA MATA,BA,11/2022,487,340,"69,82",339,1,"99,71",147,"30,18",5,142,"29,16"
291077,FEIRA DA MATA,BA,09/2022,477,327,"68,55",324,3,"99,08",150,"31,45",5,145,"30,40"
291077,FEIRA DA MATA,BA,07/2022,487,274,"56,26",273,1,"99,64",213,"43,74",68,145,"29,77"
291080,FEIRA DE SANTANA,BA,09/2022,45296,16529,"36,49",16525,4,"99,98",28767,"63,51",10746,18021,"39,78"
291080,FEIRA DE SANTANA,BA,07/2022,44792,22311,"49,81",22310,1,"100,00",22481,"50,19",4769,17712,"39,54"
291080,FEIRA DE SANTANA,BA,11/2022,46322,29659,"64,03",29649,10,"99,97",16663,"35,97",3472,13191,"28,48"
291085,FILADÉLFIA,BA,11/2022,2058,1895,"92,08",1883,12,"99,37",163,"7,92",14,149,"7,24"
291085,FILADÉLFIA,BA,07/2022,2118,1835,"86,64",1787,48,"97,38",283,"13,36",15,268,"12,65"
291085,FILADÉLFIA,BA,09/2022,2087,1811,"86,78",1764,47,"97,40",276,"13,22",13,263,"12,60"
291090,FIRMINO ALVES,BA,07/2022,603,457,"75,79",447,10,"97,81",146,"24,21",0,146,"24,21"
291090,FIRMINO ALVES,BA,09/2022,606,473,"78,05",463,10,"97,89",133,"21,95",2,131,"21,62"
291090,FIRMINO ALVES,BA,11/2022,611,525,"85,92",523,2,"99,62",86,"14,08",3,83,"13,58"
291100,FLORESTA AZUL,BA,11/2022,1089,928,"85,22",928,0,"100,00",161,"14,78",2,159,"14,60"
291100,FLORESTA AZUL,BA,09/2022,1099,937,"85,26",937,0,"100,00",162,"14,74",2,160,"14,56"
291100,FLORESTA AZUL,BA,07/2022,1104,942,"85,33",942,0,"100,00",162,"14,67",2,160,"14,49"
291110,FORMOSA DO RIO PRETO,BA,09/2022,3292,2523,"76,64",2523,0,"100,00",769,"23,36",2,767,"23,30"
291110,FORMOSA DO RIO PRETO,BA,07/2022,3237,2489,"76,89",2488,1,"99,96",748,"23,11",26,722,"22,30"
291110,FORMOSA DO RIO PRETO,BA,11/2022,3249,2514,"77,38",2514,0,"100,00",735,"22,62",2,733,"22,56"
291120,GANDU,BA,11/2022,3145,2726,"86,68",2543,183,"93,29",419,"13,32",19,400,"12,72"
291120,GANDU,BA,07/2022,3300,2373,"71,91",2233,140,"94,10",927,"28,09",41,886,"26,85"
291120,GANDU,BA,09/2022,3215,2714,"84,42",2558,156,"94,25",501,"15,58",65,436,"13,56"
291125,GAVIÃO,BA,07/2022,519,399,"76,88",368,31,"92,23",120,"23,12",11,109,"21,00"
291125,GAVIÃO,BA,09/2022,519,396,"76,30",384,12,"96,97",123,"23,70",9,114,"21,97"
291125,GAVIÃO,BA,11/2022,498,399,"80,12",390,9,"97,74",99,"19,88",9,90,"18,07"
291130,GENTIO DO OURO,BA,11/2022,1089,1014,"93,11",1005,9,"99,11",75,"6,89",1,74,"6,80"
291130,GENTIO DO OURO,BA,09/2022,1099,1016,"92,45",1003,13,"98,72",83,"7,55",2,81,"7,37"
291130,GENTIO DO OURO,BA,07/2022,1145,1030,"89,96",1014,16,"98,45",115,"10,04",32,83,"7,25"
291140,GLÓRIA,BA,07/2022,1827,1687,"92,34",1624,63,"96,27",140,"7,66",0,140,"7,66"
291140,GLÓRIA,BA,09/2022,1802,1646,"91,34",1608,38,"97,69",156,"8,66",0,156,"8,66"
291140,GLÓRIA,BA,11/2022,1795,1645,"91,64",1601,44,"97,33",150,"8,36",0,150,"8,36"
291150,GONGOGI,BA,11/2022,863,259,"30,01",252,7,"97,30",604,"69,99",14,590,"68,37"
291150,GONGOGI,BA,09/2022,907,388,"42,78",388,0,"100,00",519,"57,22",6,513,"56,56"
291150,GONGOGI,BA,07/2022,909,192,"21,12",163,29,"84,90",717,"78,88",194,523,"57,54"
291160,GOVERNADOR MANGABEIRA,BA,09/2022,2108,2076,"98,48",2071,5,"99,76",32,"1,52",12,20,"0,95"
291160,GOVERNADOR MANGABEIRA,BA,07/2022,2187,2011,"91,95",2011,0,"100,00",176,"8,05",26,150,"6,86"
291160,GOVERNADOR MANGABEIRA,BA,11/2022,2140,2106,"98,41",2099,7,"99,67",34,"1,59",7,27,"1,26"
291165,GUAJERU,BA,11/2022,546,172,"31,50",166,6,"96,51",374,"68,50",341,33,"6,04"
291165,GUAJERU,BA,07/2022,578,297,"51,38",286,11,"96,30",281,"48,62",241,40,"6,92"
291165,GUAJERU,BA,09/2022,553,300,"54,25",293,7,"97,67",253,"45,75",214,39,"7,05"
291170,GUANAMBI,BA,07/2022,7230,6173,"85,38",6056,117,"98,10",1057,"14,62",13,1044,"14,44"
291170,GUANAMBI,BA,09/2022,7319,6575,"89,83",6440,135,"97,95",744,"10,17",27,717,"9,80"
291170,GUANAMBI,BA,11/2022,7215,6776,"93,92",6662,114,"98,32",439,"6,08",10,429,"5,95"
291180,GUARATINGA,BA,11/2022,2232,1229,"55,06",1179,50,"95,93",1003,"44,94",119,884,"39,61"
291180,GUARATINGA,BA,09/2022,2268,1330,"58,64",1289,41,"96,92",938,"41,36",92,846,"37,30"
291180,GUARATINGA,BA,07/2022,2268,865,"38,14",836,29,"96,65",1403,"61,86",598,805,"35,49"
291185,HELIÓPOLIS,BA,07/2022,1262,1081,"85,66",1020,61,"94,36",181,"14,34",15,166,"13,15"
291185,HELIÓPOLIS,BA,09/2022,1246,1090,"87,48",1042,48,"95,60",156,"12,52",2,154,"12,36"
291185,HELIÓPOLIS,BA,11/2022,1241,1152,"92,83",1104,48,"95,83",89,"7,17",7,82,"6,61"
291190,IAÇU,BA,11/2022,2884,2598,"90,08",2507,91,"96,50",286,"9,92",27,259,"8,98"
291190,IAÇU,BA,09/2022,2952,2676,"90,65",2568,108,"95,96",276,"9,35",42,234,"7,93"
291190,IAÇU,BA,07/2022,3147,2060,"65,46",1982,78,"96,21",1087,"34,54",337,750,"23,83"
291200,IBIASSUCÊ,BA,07/2022,745,719,"96,51",691,28,"96,11",26,"3,49",3,23,"3,09"
291200,IBIASSUCÊ,BA,09/2022,742,716,"96,50",666,50,"93,02",26,"3,50",2,24,"3,23"
291200,IBIASSUCÊ,BA,11/2022,730,709,"97,12",669,40,"94,36",21,"2,88",2,19,"2,60"
291210,IBICARAÍ,BA,11/2022,2214,1321,"59,67",1321,0,"100,00",893,"40,33",8,885,"39,97"
291210,IBICARAÍ,BA,07/2022,2311,1293,"55,95",1293,0,"100,00",1018,"44,05",61,957,"41,41"
291210,IBICARAÍ,BA,09/2022,2265,1270,"56,07",1270,0,"100,00",995,"43,93",70,925,"40,84"
291220,IBICOARA,BA,07/2022,2305,1863,"80,82",1690,173,"90,71",442,"19,18",26,416,"18,05"
291220,IBICOARA,BA,09/2022,2346,1980,"84,40",1863,117,"94,09",366,"15,60",3,363,"15,47"
291220,IBICOARA,BA,11/2022,2254,1932,"85,71",1837,95,"95,08",322,"14,29",4,318,"14,11"
291230,IBICUÍ,BA,11/2022,1467,1370,"93,39",1334,36,"97,37",97,"6,61",19,78,"5,32"
291230,IBICUÍ,BA,09/2022,1500,1391,"92,73",1312,79,"94,32",109,"7,27",27,82,"5,47"
291230,IBICUÍ,BA,07/2022,1563,1117,"71,47",1044,73,"93,46",446,"28,53",44,402,"25,72"
291240,IBIPEBA,BA,07/2022,1789,1437,"80,32",1427,10,"99,30",352,"19,68",66,286,"15,99"
291240,IBIPEBA,BA,09/2022,1734,1468,"84,66",1450,18,"98,77",266,"15,34",7,259,"14,94"
291240,IBIPEBA,BA,11/2022,1706,1527,"89,51",1527,0,"100,00",179,"10,49",18,161,"9,44"
291250,IBIPITANGA,BA,11/2022,1136,1079,"94,98",1079,0,"100,00",57,"5,02",0,57,"5,02"
291250,IBIPITANGA,BA,09/2022,1151,1091,"94,79",1091,0,"100,00",60,"5,21",2,58,"5,04"
291250,IBIPITANGA,BA,07/2022,1170,1028,"87,86",1025,3,"99,71",142,"12,14",83,59,"5,04"
291260,IBIQUERA,BA,09/2022,516,462,"89,53",446,16,"96,54",54,"10,47",10,44,"8,53"
291260,IBIQUERA,BA,07/2022,528,454,"85,98",432,22,"95,15",74,"14,02",19,55,"10,42"
291260,IBIQUERA,BA,11/2022,503,450,"89,46",446,4,"99,11",53,"10,54",8,45,"8,95"
291270,IBIRAPITANGA,BA,11/2022,2672,2215,"82,90",2182,33,"98,51",457,"17,10",110,347,"12,99"
291270,IBIRAPITANGA,BA,09/2022,2685,2110,"78,58",2062,48,"97,73",575,"21,42",188,387,"14,41"
291270,IBIRAPITANGA,BA,07/2022,2711,1791,"66,06",1728,63,"96,48",920,"33,94",548,372,"13,72"
291280,IBIRAPUÃ,BA,09/2022,952,815,"85,61",799,16,"98,04",137,"14,39",14,123,"12,92"
291280,IBIRAPUÃ,BA,07/2022,948,719,"75,84",711,8,"98,89",229,"24,16",97,132,"13,92"
291280,IBIRAPUÃ,BA,11/2022,937,798,"85,17",787,11,"98,62",139,"14,83",10,129,"13,77"
291290,IBIRATAIA,BA,11/2022,2182,1262,"57,84",1213,49,"96,12",920,"42,16",43,877,"40,19"
291290,IBIRATAIA,BA,09/2022,2183,1194,"54,70",1136,58,"95,14",989,"45,30",35,954,"43,70"
291290,IBIRATAIA,BA,07/2022,2226,1135,"50,99",1031,104,"90,84",1091,"49,01",130,961,"43,17"
291300,IBITIARA,BA,07/2022,1436,1336,"93,04",1336,0,"100,00",100,"6,96",3,97,"6,75"
291300,IBITIARA,BA,09/2022,1410,1305,"92,55",1305,0,"100,00",105,"7,45",8,97,"6,88"
291300,IBITIARA,BA,11/2022,1381,1152,"83,42",1152,0,"100,00",229,"16,58",130,99,"7,17"
291310,IBITITÁ,BA,11/2022,2109,1939,"91,94",1939,0,"100,00",170,"8,06",40,130,"6,16"
291310,IBITITÁ,BA,07/2022,2104,146,"6,94",146,0,"100,00",1958,"93,06",1656,302,"14,35"
291310,IBITITÁ,BA,09/2022,2157,1994,"92,44",1975,19,"99,05",163,"7,56",43,120,"5,56"
291320,IBOTIRAMA,BA,07/2022,2979,1811,"60,79",1713,98,"94,59",1168,"39,21",216,952,"31,96"
291320,IBOTIRAMA,BA,09/2022,2949,1754,"59,48",1680,74,"95,78",1195,"40,52",28,1167,"39,57"
291320,IBOTIRAMA,BA,11/2022,2939,1860,"63,29",1847,13,"99,30",1079,"36,71",35,1044,"35,52"
291330,ICHU,BA,11/2022,581,534,"91,91",523,11,"97,94",47,"8,09",6,41,"7,06"
291330,ICHU,BA,07/2022,590,522,"88,47",469,53,"89,85",68,"11,53",10,58,"9,83"
291330,ICHU,BA,09/2022,616,534,"86,69",512,22,"95,88",82,"13,31",40,42,"6,82"
291340,IGAPORÃ,BA,09/2022,1528,1350,"88,35",1337,13,"99,04",178,"11,65",28,150,"9,82"
291340,IGAPORÃ,BA,07/2022,1548,1404,"90,70",1404,0,"100,00",144,"9,30",9,135,"8,72"
291340,IGAPORÃ,BA,11/2022,1507,1305,"86,60",1298,7,"99,46",202,"13,40",13,189,"12,54"
291345,IGRAPIÚNA,BA,11/2022,1699,1105,"65,04",1094,11,"99,00",594,"34,96",223,371,"21,84"
291345,IGRAPIÚNA,BA,09/2022,1741,1085,"62,32",1058,27,"97,51",656,"37,68",263,393,"22,57"
291345,IGRAPIÚNA,BA,07/2022,1827,1324,"72,47",1313,11,"99,17",503,"27,53",119,384,"21,02"
291350,IGUAÍ,BA,07/2022,2764,2572,"93,05",2572,0,"100,00",192,"6,95",5,187,"6,77"
291350,IGUAÍ,BA,09/2022,2691,2620,"97,36",2620,0,"100,00",71,"2,64",12,59,"2,19"
291350,IGUAÍ,BA,11/2022,2638,2530,"95,91",2530,0,"100,00",108,"4,09",53,55,"2,08"
291360,ILHÉUS,BA,11/2022,15507,8721,"56,24",8694,27,"99,69",6786,"43,76",1291,5495,"35,44"
291360,ILHÉUS,BA,09/2022,15595,8373,"53,69",8352,21,"99,75",7222,"46,31",253,6969,"44,69"
291360,ILHÉUS,BA,07/2022,15264,7912,"51,83",7889,23,"99,71",7352,"48,17",281,7071,"46,32"
291370,INHAMBUPE,BA,07/2022,3944,3458,"87,68",3458,0,"100,00",486,"12,32",76,410,"10,40"
291370,INHAMBUPE,BA,09/2022,3948,3364,"85,21",3364,0,"100,00",584,"14,79",181,403,"10,21"
291370,INHAMBUPE,BA,11/2022,3835,3428,"89,39",3428,0,"100,00",407,"10,61",24,383,"9,99"
291380,IPECAETÁ,BA,11/2022,1574,1377,"87,48",1377,0,"100,00",197,"12,52",5,192,"12,20"
291380,IPECAETÁ,BA,07/2022,1582,1400,"88,50",1400,0,"100,00",182,"11,50",24,158,"9,99"
291380,IPECAETÁ,BA,09/2022,1604,1400,"87,28",1400,0,"100,00",204,"12,72",18,186,"11,60"
291390,IPIAÚ,BA,09/2022,4233,3635,"85,87",3635,0,"100,00",598,"14,13",56,542,"12,80"
291390,IPIAÚ,BA,07/2022,4143,3299,"79,63",3299,0,"100,00",844,"20,37",324,520,"12,55"
291390,IPIAÚ,BA,11/2022,4165,3582,"86,00",3582,0,"100,00",583,"14,00",52,531,"12,75"
291400,IPIRÁ,BA,11/2022,5676,3787,"66,72",3742,45,"98,81",1889,"33,28",403,1486,"26,18"
291400,IPIRÁ,BA,09/2022,5811,3678,"63,29",3612,66,"98,21",2133,"36,71",330,1803,"31,03"
291400,IPIRÁ,BA,07/2022,5905,3480,"58,93",3435,45,"98,71",2425,"41,07",527,1898,"32,14"
291410,IPUPIARA,BA,07/2022,945,888,"93,97",886,2,"99,77",57,"6,03",5,52,"5,50"
291410,IPUPIARA,BA,09/2022,939,886,"94,36",886,0,"100,00",53,"5,64",3,50,"5,32"
291410,IPUPIARA,BA,11/2022,925,903,"97,62",899,4,"99,56",22,"2,38",9,13,"1,41"
291420,IRAJUBA,BA,11/2022,721,685,"95,01",667,18,"97,37",36,"4,99",5,31,"4,30"
291420,IRAJUBA,BA,07/2022,781,667,"85,40",659,8,"98,80",114,"14,60",1,113,"14,47"
291420,IRAJUBA,BA,09/2022,722,691,"95,71",682,9,"98,70",31,"4,29",7,24,"3,32"
291430,IRAMAIA,BA,07/2022,1228,1027,"83,63",1026,1,"99,90",201,"16,37",2,199,"16,21"
291430,IRAMAIA,BA,09/2022,1205,999,"82,90",975,24,"97,60",206,"17,10",2,204,"16,93"
291430,IRAMAIA,BA,11/2022,1179,970,"82,27",929,41,"95,77",209,"17,73",1,208,"17,64"
291440,IRAQUARA,BA,11/2022,2835,2397,"84,55",2366,31,"98,71",438,"15,45",32,406,"14,32"
291440,IRAQUARA,BA,07/2022,2928,2595,"88,63",2584,11,"99,58",333,"11,37",76,257,"8,78"
291440,IRAQUARA,BA,09/2022,2890,2545,"88,06",2505,40,"98,43",345,"11,94",33,312,"10,80"
291450,IRARÁ,BA,07/2022,3753,2612,"69,60",2611,1,"99,96",1141,"30,40",8,1133,"30,19"
291450,IRARÁ,BA,09/2022,3655,2749,"75,21",2719,30,"98,91",906,"24,79",20,886,"24,24"
291450,IRARÁ,BA,11/2022,3565,2710,"76,02",2670,40,"98,52",855,"23,98",19,836,"23,45"
291460,IRECÊ,BA,11/2022,7338,5120,"69,77",5039,81,"98,42",2218,"30,23",169,2049,"27,92"
291460,IRECÊ,BA,09/2022,7326,4680,"63,88",4639,41,"99,12",2646,"36,12",361,2285,"31,19"
291460,IRECÊ,BA,07/2022,7071,4663,"65,95",4647,16,"99,66",2408,"34,05",408,2000,"28,28"
291465,ITABELA,BA,07/2022,4144,2389,"57,65",2273,116,"95,14",1755,"42,35",336,1419,"34,24"
291465,ITABELA,BA,09/2022,4154,2381,"57,32",2290,91,"96,18",1773,"42,68",347,1426,"34,33"
291465,ITABELA,BA,11/2022,4086,2316,"56,68",2265,51,"97,80",1770,"43,32",563,1207,"29,54"
291470,ITABERABA,BA,11/2022,6773,3077,"45,43",2824,253,"91,78",3696,"54,57",248,3448,"50,91"
291470,ITABERABA,BA,09/2022,6851,2828,"41,28",2697,131,"95,37",4023,"58,72",276,3747,"54,69"
291470,ITABERABA,BA,07/2022,6749,2740,"40,60",2546,194,"92,92",4009,"59,40",331,3678,"54,50"
291480,ITABUNA,BA,09/2022,13659,9634,"70,53",9351,283,"97,06",4025,"29,47",119,3906,"28,60"
291480,ITABUNA,BA,07/2022,13615,9558,"70,20",9521,37,"99,61",4057,"29,80",152,3905,"28,68"
291480,ITABUNA,BA,11/2022,13480,11106,"82,39",10823,283,"97,45",2374,"17,61",107,2267,"16,82"
291490,ITACARÉ,BA,11/2022,3179,1886,"59,33",1777,109,"94,22",1293,"40,67",464,829,"26,08"
291490,ITACARÉ,BA,07/2022,3178,2623,"82,54",2622,1,"99,96",555,"17,46",54,501,"15,76"
291490,ITACARÉ,BA,09/2022,3227,2345,"72,67",2284,61,"97,40",882,"27,33",48,834,"25,84"
291500,ITAETÉ,BA,07/2022,2083,1900,"91,21",1859,41,"97,84",183,"8,79",33,150,"7,20"
291500,ITAETÉ,BA,09/2022,2031,1846,"90,89",1786,60,"96,75",185,"9,11",14,171,"8,42"
291500,ITAETÉ,BA,11/2022,1988,1806,"90,85",1805,1,"99,94",182,"9,15",17,165,"8,30"
291510,ITAGI,BA,11/2022,1508,1254,"83,16",1175,79,"93,70",254,"16,84",7,247,"16,38"
291510,ITAGI,BA,07/2022,1605,1175,"73,21",958,217,"81,53",430,"26,79",7,423,"26,36"
291510,ITAGI,BA,09/2022,1575,1262,"80,13",1154,108,"91,44",313,"19,87",32,281,"17,84"
291520,ITAGIBÁ,BA,07/2022,1697,1572,"92,63",1492,80,"94,91",125,"7,37",22,103,"6,07"
291520,ITAGIBÁ,BA,09/2022,1682,1549,"92,09",1531,18,"98,84",133,"7,91",17,116,"6,90"
291520,ITAGIBÁ,BA,11/2022,1677,1534,"91,47",1467,67,"95,63",143,"8,53",12,131,"7,81"
291530,ITAGIMIRIM,BA,11/2022,876,803,"91,67",803,0,"100,00",73,"8,33",2,71,"8,11"
291530,ITAGIMIRIM,BA,09/2022,866,448,"51,73",448,0,"100,00",418,"48,27",317,101,"11,66"
291530,ITAGIMIRIM,BA,07/2022,866,759,"87,64",753,6,"99,21",107,"12,36",1,106,"12,24"
291535,ITAGUAÇU DA BAHIA,BA,07/2022,1753,1225,"69,88",1199,26,"97,88",528,"30,12",194,334,"19,05"
291535,ITAGUAÇU DA BAHIA,BA,09/2022,1705,1028,"60,29",977,51,"95,04",677,"39,71",339,338,"19,82"
291535,ITAGUAÇU DA BAHIA,BA,11/2022,1709,1364,"79,81",1362,2,"99,85",345,"20,19",17,328,"19,19"
291540,ITAJU DO COLÔNIA,BA,11/2022,822,520,"63,26",507,13,"97,50",302,"36,74",113,189,"22,99"
291540,ITAJU DO COLÔNIA,BA,09/2022,851,436,"51,23",434,2,"99,54",415,"48,77",203,212,"24,91"
291540,ITAJU DO COLÔNIA,BA,07/2022,867,534,"61,59",524,10,"98,13",333,"38,41",125,208,"23,99"
291550,ITAJUÍPE,BA,07/2022,2025,864,"42,67",855,9,"98,96",1161,"57,33",611,550,"27,16"
291550,ITAJUÍPE,BA,09/2022,2020,921,"45,59",898,23,"97,50",1099,"54,41",544,555,"27,48"
291550,ITAJUÍPE,BA,11/2022,1980,1181,"59,65",1173,8,"99,32",799,"40,35",250,549,"27,73"
291560,ITAMARAJU,BA,11/2022,6635,4283,"64,55",4215,68,"98,41",2352,"35,45",240,2112,"31,83"
291560,ITAMARAJU,BA,09/2022,6801,4041,"59,42",3913,128,"96,83",2760,"40,58",489,2271,"33,39"
291560,ITAMARAJU,BA,07/2022,6831,4128,"60,43",4015,113,"97,26",2703,"39,57",336,2367,"34,65"
291570,ITAMARI,BA,09/2022,921,764,"82,95",761,3,"99,61",157,"17,05",33,124,"13,46"
291570,ITAMARI,BA,07/2022,954,0,"0,00",0,0,,954,"100,00",833,121,"12,68"
291570,ITAMARI,BA,11/2022,874,767,"87,76",767,0,"100,00",107,"12,24",20,87,"9,95"
291580,ITAMBÉ,BA,11/2022,2473,1830,"74,00",1830,0,"100,00",643,"26,00",325,318,"12,86"
291580,ITAMBÉ,BA,09/2022,2521,2105,"83,50",2105,0,"100,00",416,"16,50",87,329,"13,05"
291580,ITAMBÉ,BA,07/2022,2516,2094,"83,23",2094,0,"100,00",422,"16,77",93,329,"13,08"
291590,ITANAGRA,BA,07/2022,931,682,"73,25",679,3,"99,56",249,"26,75",180,69,"7,41"
291590,ITANAGRA,BA,09/2022,957,854,"89,24",854,0,"100,00",103,"10,76",26,77,"8,05"
291590,ITANAGRA,BA,11/2022,934,892,"95,50",892,0,"100,00",42,"4,50",4,38,"4,07"
291600,ITANHÉM,BA,11/2022,1575,1287,"81,71",1278,9,"99,30",288,"18,29",0,288,"18,29"
291600,ITANHÉM,BA,09/2022,1595,1228,"76,99",1214,14,"98,86",367,"23,01",27,340,"21,32"
291600,ITANHÉM,BA,07/2022,1625,1058,"65,11",1038,20,"98,11",567,"34,89",235,332,"20,43"
291610,ITAPARICA,BA,07/2022,2363,1583,"66,99",1553,30,"98,10",780,"33,01",354,426,"18,03"
291610,ITAPARICA,BA,09/2022,2414,1856,"76,88",1827,29,"98,44",558,"23,12",89,469,"19,43"
291610,ITAPARICA,BA,11/2022,2421,2002,"82,69",1957,45,"97,75",419,"17,31",12,407,"16,81"
291620,ITAPÉ,BA,11/2022,1176,870,"73,98",868,2,"99,77",306,"26,02",7,299,"25,43"
291620,ITAPÉ,BA,09/2022,1193,832,"69,74",826,6,"99,28",361,"30,26",62,299,"25,06"
291620,ITAPÉ,BA,07/2022,1216,905,"74,42",905,0,"100,00",311,"25,58",7,304,"25,00"
291630,ITAPEBI,BA,07/2022,1337,805,"60,21",777,28,"96,52",532,"39,79",7,525,"39,27"
291630,ITAPEBI,BA,09/2022,1316,954,"72,49",922,32,"96,65",362,"27,51",5,357,"27,13"
291630,ITAPEBI,BA,11/2022,1314,1073,"81,66",1040,33,"96,92",241,"18,34",7,234,"17,81"
291640,ITAPETINGA,BA,11/2022,5991,3214,"53,65",3073,141,"95,61",2777,"46,35",20,2757,"46,02"
291640,ITAPETINGA,BA,09/2022,5959,3012,"50,55",2865,147,"95,12",2947,"49,45",39,2908,"48,80"
291640,ITAPETINGA,BA,07/2022,5863,3383,"57,70",3262,121,"96,42",2480,"42,30",32,2448,"41,75"
291650,ITAPICURU,BA,07/2022,4349,3183,"73,19",3137,46,"98,55",1166,"26,81",314,852,"19,59"
291650,ITAPICURU,BA,09/2022,4253,1975,"46,44",1968,7,"99,65",2278,"53,56",1416,862,"20,27"
291650,ITAPICURU,BA,11/2022,4131,2024,"49,00",1992,32,"98,42",2107,"51,00",1271,836,"20,24"
291660,ITAPITANGA,BA,11/2022,657,529,"80,52",467,62,"88,28",128,"19,48",5,123,"18,72"
291660,ITAPITANGA,BA,07/2022,696,543,"78,02",486,57,"89,50",153,"21,98",3,150,"21,55"
291660,ITAPITANGA,BA,09/2022,662,280,"42,30",251,29,"89,64",382,"57,70",251,131,"19,79"
291670,ITAQUARA,BA,07/2022,738,656,"88,89",582,74,"88,72",82,"11,11",15,67,"9,08"
291670,ITAQUARA,BA,09/2022,747,660,"88,35",636,24,"96,36",87,"11,65",26,61,"8,17"
291670,ITAQUARA,BA,11/2022,732,659,"90,03",649,10,"98,48",73,"9,97",10,63,"8,61"
291680,ITARANTIM,BA,11/2022,1588,1335,"84,07",1320,15,"98,88",253,"15,93",54,199,"12,53"
291680,ITARANTIM,BA,07/2022,1635,1213,"74,19",1177,36,"97,03",422,"25,81",210,212,"12,97"
291680,ITARANTIM,BA,09/2022,1608,741,"46,08",721,20,"97,30",867,"53,92",661,206,"12,81"
291685,ITATIM,BA,07/2022,2097,1642,"78,30",1480,162,"90,13",455,"21,70",168,287,"13,69"
291685,ITATIM,BA,09/2022,2138,1693,"79,19",1600,93,"94,51",445,"20,81",148,297,"13,89"
291685,ITATIM,BA,11/2022,2103,1679,"79,84",1615,64,"96,19",424,"20,16",151,273,"12,98"
291690,ITIRUÇU,BA,11/2022,1145,1054,"92,05",1041,13,"98,77",91,"7,95",18,73,"6,38"
291690,ITIRUÇU,BA,09/2022,1176,1068,"90,82",1064,4,"99,63",108,"9,18",42,66,"5,61"
291690,ITIRUÇU,BA,07/2022,1206,976,"80,93",970,6,"99,39",230,"19,07",154,76,"6,30"
291700,ITIÚBA,BA,07/2022,4263,2777,"65,14",2697,80,"97,12",1486,"34,86",180,1306,"30,64"
291700,ITIÚBA,BA,09/2022,4175,2374,"56,86",2249,125,"94,73",1801,"43,14",774,1027,"24,60"
291700,ITIÚBA,BA,11/2022,4156,2948,"70,93",2924,24,"99,19",1208,"29,07",174,1034,"24,88"
291710,ITORORÓ,BA,11/2022,1892,1257,"66,44",1208,49,"96,10",635,"33,56",150,485,"25,63"
291710,ITORORÓ,BA,09/2022,1942,1019,"52,47",993,26,"97,45",923,"47,53",360,563,"28,99"
291710,ITORORÓ,BA,07/2022,1924,1181,"61,38",1141,40,"96,61",743,"38,62",168,575,"29,89"
291720,ITUAÇU,BA,07/2022,1742,1453,"83,41",1319,134,"90,78",289,"16,59",4,285,"16,36"
291720,ITUAÇU,BA,09/2022,1709,1449,"84,79",1336,113,"92,20",260,"15,21",7,253,"14,80"
291720,ITUAÇU,BA,11/2022,1648,1411,"85,62",1328,83,"94,12",237,"14,38",3,234,"14,20"
291730,ITUBERÁ,BA,11/2022,2694,2358,"87,53",2313,45,"98,09",336,"12,47",36,300,"11,14"
291730,ITUBERÁ,BA,09/2022,2753,2256,"81,95",2199,57,"97,47",497,"18,05",213,284,"10,32"
291730,ITUBERÁ,BA,07/2022,2858,2323,"81,28",2259,64,"97,24",535,"18,72",57,478,"16,72"
291733,IUIÚ,BA,09/2022,1088,1044,"95,96",1001,43,"95,88",44,"4,04",10,34,"3,13"
291733,IUIÚ,BA,07/2022,1124,1067,"94,93",1010,57,"94,66",57,"5,07",19,38,"3,38"
291733,IUIÚ,BA,11/2022,1081,1034,"95,65",997,37,"96,42",47,"4,35",5,42,"3,89"
291735,JABORANDI,BA,11/2022,937,874,"93,28",813,61,"93,02",63,"6,72",6,57,"6,08"
291735,JABORANDI,BA,09/2022,964,815,"84,54",809,6,"99,26",149,"15,46",3,146,"15,15"
291735,JABORANDI,BA,07/2022,1001,875,"87,41",865,10,"98,86",126,"12,59",2,124,"12,39"
291740,JACARACI,BA,07/2022,1087,1046,"96,23",1046,0,"100,00",41,"3,77",13,28,"2,58"
291740,JACARACI,BA,09/2022,1052,1033,"98,19",1031,2,"99,81",19,"1,81",12,7,"0,67"
291740,JACARACI,BA,11/2022,1020,1007,"98,73",996,11,"98,91",13,"1,27",8,5,"0,49"
291750,JACOBINA,BA,11/2022,7917,4666,"58,94",4576,90,"98,07",3251,"41,06",585,2666,"33,67"
291750,JACOBINA,BA,09/2022,8034,5032,"62,63",4899,133,"97,36",3002,"37,37",178,2824,"35,15"
291750,JACOBINA,BA,07/2022,7999,5206,"65,08",5141,65,"98,75",2793,"34,92",172,2621,"32,77"
291760,JAGUAQUARA,BA,07/2022,4675,3445,"73,69",3280,165,"95,21",1230,"26,31",34,1196,"25,58"
291760,JAGUAQUARA,BA,09/2022,4519,850,"18,81",818,32,"96,24",3669,"81,19",2510,1159,"25,65"
291760,JAGUAQUARA,BA,11/2022,4548,2630,"57,83",2583,47,"98,21",1918,"42,17",760,1158,"25,46"
291770,JAGUARARI,BA,11/2022,2804,2566,"91,51",2531,35,"98,64",238,"8,49",4,234,"8,35"
291770,JAGUARARI,BA,07/2022,2880,2604,"90,42",2535,69,"97,35",276,"9,58",41,235,"8,16"
291770,JAGUARARI,BA,09/2022,2839,2692,"94,82",2692,0,"100,00",147,"5,18",10,137,"4,83"
291780,JAGUARIPE,BA,09/2022,2342,1782,"76,09",1782,0,"100,00",560,"23,91",25,535,"22,84"
291780,JAGUARIPE,BA,07/2022,2304,1730,"75,09",1729,1,"99,94",574,"24,91",50,524,"22,74"
291780,JAGUARIPE,BA,11/2022,2333,1788,"76,64",1788,0,"100,00",545,"23,36",39,506,"21,69"
291790,JANDAÍRA,BA,11/2022,1399,1120,"80,06",1078,42,"96,25",279,"19,94",13,266,"19,01"
291790,JANDAÍRA,BA,07/2022,1439,1090,"75,75",1043,47,"95,69",349,"24,25",74,275,"19,11"
291790,JANDAÍRA,BA,09/2022,1412,964,"68,27",931,33,"96,58",448,"31,73",169,279,"19,76"
291800,JEQUIÉ,BA,09/2022,12718,6856,"53,91",6492,364,"94,69",5862,"46,09",741,5121,"40,27"
291800,JEQUIÉ,BA,07/2022,12717,6803,"53,50",6496,307,"95,49",5914,"46,50",473,5441,"42,79"
291800,JEQUIÉ,BA,11/2022,12741,7538,"59,16",6993,545,"92,77",5203,"40,84",408,4795,"37,63"
291810,JEREMOABO,BA,11/2022,4451,3579,"80,41",3548,31,"99,13",872,"19,59",12,860,"19,32"
291810,JEREMOABO,BA,07/2022,4488,3373,"75,16",3330,43,"98,73",1115,"24,84",263,852,"18,98"
291810,JEREMOABO,BA,09/2022,4535,3607,"79,54",3575,32,"99,11",928,"20,46",8,920,"20,29"
291820,JIQUIRIÇÁ,BA,07/2022,1609,1371,"85,21",1334,37,"97,30",238,"14,79",119,119,"7,40"
291820,JIQUIRIÇÁ,BA,09/2022,1636,1498,"91,56",1496,2,"99,87",138,"8,44",6,132,"8,07"
291820,JIQUIRIÇÁ,BA,11/2022,1647,1508,"91,56",1487,21,"98,61",139,"8,44",2,137,"8,32"
291830,JITAÚNA,BA,11/2022,1699,1468,"86,40",1468,0,"100,00",231,"13,60",20,211,"12,42"
291830,JITAÚNA,BA,09/2022,1709,1427,"83,50",1427,0,"100,00",282,"16,50",17,265,"15,51"
291830,JITAÚNA,BA,07/2022,1706,1422,"83,35",1422,0,"100,00",284,"16,65",16,268,"15,71"
291835,JOÃO DOURADO,BA,07/2022,3135,2335,"74,48",2317,18,"99,23",800,"25,52",86,714,"22,78"
291835,JOÃO DOURADO,BA,09/2022,3078,1948,"63,29",1938,10,"99,49",1130,"36,71",408,722,"23,46"
291835,JOÃO DOURADO,BA,11/2022,3018,1993,"66,04",1983,10,"99,50",1025,"33,96",332,693,"22,96"
291840,JUAZEIRO,BA,11/2022,25474,19300,"75,76",18975,325,"98,32",6174,"24,24",549,5625,"22,08"
291840,JUAZEIRO,BA,07/2022,24881,12835,"51,59",12684,151,"98,82",12046,"48,41",429,11617,"46,69"
291840,JUAZEIRO,BA,09/2022,25566,18416,"72,03",18178,238,"98,71",7150,"27,97",569,6581,"25,74"
291845,JUCURUÇU,BA,07/2022,1199,740,"61,72",737,3,"99,59",459,"38,28",158,301,"25,10"
291845,JUCURUÇU,BA,09/2022,1203,848,"70,49",843,5,"99,41",355,"29,51",53,302,"25,10"
291845,JUCURUÇU,BA,11/2022,1203,608,"50,54",604,4,"99,34",595,"49,46",298,297,"24,69"
291850,JUSSARA,BA,11/2022,2048,1917,"93,60",1889,28,"98,54",131,"6,40",10,121,"5,91"
291850,JUSSARA,BA,07/2022,2140,1830,"85,51",1815,15,"99,18",310,"14,49",29,281,"13,13"
291850,JUSSARA,BA,09/2022,2121,1924,"90,71",1905,19,"99,01",197,"9,29",40,157,"7,40"
291855,JUSSARI,BA,07/2022,738,553,"74,93",548,5,"99,10",185,"25,07",9,176,"23,85"
291855,JUSSARI,BA,09/2022,725,601,"82,90",599,2,"99,67",124,"17,10",3,121,"16,69"
291855,JUSSARI,BA,11/2022,707,599,"84,72",599,0,"100,00",108,"15,28",1,107,"15,13"
291860,JUSSIAPE,BA,11/2022,516,494,"95,74",494,0,"100,00",22,"4,26",2,20,"3,88"
291860,JUSSIAPE,BA,07/2022,527,495,"93,93",494,1,"99,80",32,"6,07",14,18,"3,42"
291860,JUSSIAPE,BA,09/2022,526,503,"95,63",503,0,"100,00",23,"4,37",3,20,"3,80"
291870,LAFAIETE COUTINHO,BA,09/2022,368,315,"85,60",313,2,"99,37",53,"14,40",0,53,"14,40"
291870,LAFAIETE COUTINHO,BA,07/2022,361,311,"86,15",311,0,"100,00",50,"13,85",1,49,"13,57"
291870,LAFAIETE COUTINHO,BA,11/2022,367,343,"93,46",341,2,"99,42",24,"6,54",0,24,"6,54"
291875,LAGOA REAL,BA,11/2022,1085,1021,"94,10",1020,1,"99,90",64,"5,90",7,57,"5,25"
291875,LAGOA REAL,BA,09/2022,1127,968,"85,89",968,0,"100,00",159,"14,11",6,153,"13,58"
291875,LAGOA REAL,BA,07/2022,1162,1005,"86,49",1005,0,"100,00",157,"13,51",9,148,"12,74"
291880,LAJE,BA,09/2022,2495,2319,"92,95",2309,10,"99,57",176,"7,05",117,59,"2,36"
291880,LAJE,BA,07/2022,2595,2309,"88,98",2284,25,"98,92",286,"11,02",147,139,"5,36"
291880,LAJE,BA,11/2022,2410,2266,"94,02",2259,7,"99,69",144,"5,98",77,67,"2,78"
291890,LAJEDÃO,BA,11/2022,376,329,"87,50",173,156,"52,58",47,"12,50",1,46,"12,23"
291890,LAJEDÃO,BA,09/2022,374,332,"88,77",318,14,"95,78",42,"11,23",7,35,"9,36"
291890,LAJEDÃO,BA,07/2022,397,323,"81,36",309,14,"95,67",74,"18,64",29,45,"11,34"
291900,LAJEDINHO,BA,07/2022,443,369,"83,30",369,0,"100,00",74,"16,70",10,64,"14,45"
291900,LAJEDINHO,BA,09/2022,445,372,"83,60",372,0,"100,00",73,"16,40",8,65,"14,61"
291900,LAJEDINHO,BA,11/2022,447,385,"86,13",385,0,"100,00",62,"13,87",11,51,"11,41"
291905,LAJEDO DO TABOCAL,BA,11/2022,802,757,"94,39",728,29,"96,17",45,"5,61",3,42,"5,24"
291905,LAJEDO DO TABOCAL,BA,09/2022,828,731,"88,29",686,45,"93,84",97,"11,71",6,91,"10,99"
291905,LAJEDO DO TABOCAL,BA,07/2022,830,745,"89,76",710,35,"95,30",85,"10,24",1,84,"10,12"
291910,LAMARÃO,BA,07/2022,1221,893,"73,14",855,38,"95,74",328,"26,86",36,292,"23,91"
291910,LAMARÃO,BA,09/2022,1202,896,"74,54",857,39,"95,65",306,"25,46",37,269,"22,38"
291910,LAMARÃO,BA,11/2022,1165,914,"78,45",884,30,"96,72",251,"21,55",22,229,"19,66"
291915,LAPÃO,BA,11/2022,3099,2444,"78,86",2444,0,"100,00",655,"21,14",127,528,"17,04"
291915,LAPÃO,BA,09/2022,3160,2485,"78,64",2485,0,"100,00",675,"21,36",131,544,"17,22"
291915,LAPÃO,BA,07/2022,3203,2511,"78,40",2505,6,"99,76",692,"21,60",142,550,"17,17"
291920,LAURO DE FREITAS,BA,07/2022,13307,4990,"37,50",4817,173,"96,53",8317,"62,50",2629,5688,"42,74"
291920,LAURO DE FREITAS,BA,09/2022,14190,5509,"38,82",5206,303,"94,50",8681,"61,18",2727,5954,"41,96"
291920,LAURO DE FREITAS,BA,11/2022,14760,8483,"57,47",8098,385,"95,46",6277,"42,53",369,5908,"40,03"
291930,LENÇÓIS,BA,11/2022,1096,1036,"94,53",1001,35,"96,62",60,"5,47",3,57,"5,20"
291930,LENÇÓIS,BA,07/2022,1172,760,"64,85",720,40,"94,74",412,"35,15",12,400,"34,13"
291930,LENÇÓIS,BA,09/2022,1150,1048,"91,13",1026,22,"97,90",102,"8,87",13,89,"7,74"
291940,LICÍNIO DE ALMEIDA,BA,07/2022,1029,930,"90,38",929,1,"99,89",99,"9,62",29,70,"6,80"
291940,LICÍNIO DE ALMEIDA,BA,09/2022,1026,941,"91,72",941,0,"100,00",85,"8,28",14,71,"6,92"
291940,LICÍNIO DE ALMEIDA,BA,11/2022,984,581,"59,04",581,0,"100,00",403,"40,96",328,75,"7,62"
291950,LIVRAMENTO DE NOSSA SENHORA,BA,11/2022,3560,2405,"67,56",2369,36,"98,50",1155,"32,44",725,430,"12,08"
291950,LIVRAMENTO DE NOSSA SENHORA,BA,07/2022,3650,3121,"85,51",3084,37,"98,81",529,"14,49",20,509,"13,95"
291950,LIVRAMENTO DE NOSSA SENHORA,BA,09/2022,3619,3093,"85,47",3062,31,"99,00",526,"14,53",19,507,"14,01"
291955,LUÍS EDUARDO MAGALHÃES,BA,09/2022,9751,9276,"95,13",9083,193,"97,92",475,"4,87",43,432,"4,43"
291955,LUÍS EDUARDO MAGALHÃES,BA,07/2022,8849,8370,"94,59",8136,234,"97,20",479,"5,41",120,359,"4,06"
291955,LUÍS EDUARDO MAGALHÃES,BA,11/2022,9671,9188,"95,01",8996,192,"97,91",483,"4,99",45,438,"4,53"
291960,MACAJUBA,BA,11/2022,1451,1194,"82,29",1161,33,"97,24",257,"17,71",60,197,"13,58"
291960,MACAJUBA,BA,09/2022,1479,1099,"74,31",1062,37,"96,63",380,"25,69",65,315,"21,30"
291960,MACAJUBA,BA,07/2022,1502,1124,"74,83",1032,92,"91,81",378,"25,17",244,134,"8,92"
291970,MACARANI,BA,07/2022,1822,293,"16,08",288,5,"98,29",1529,"83,92",521,1008,"55,32"
291970,MACARANI,BA,09/2022,1844,489,"26,52",489,0,"100,00",1355,"73,48",260,1095,"59,38"
291970,MACARANI,BA,11/2022,1816,224,"12,33",224,0,"100,00",1592,"87,67",533,1059,"58,31"
291980,MACAÚBAS,BA,11/2022,3897,3189,"81,83",3134,55,"98,28",708,"18,17",433,275,"7,06"
291980,MACAÚBAS,BA,07/2022,4033,3026,"75,03",2844,182,"93,99",1007,"24,97",440,567,"14,06"
291980,MACAÚBAS,BA,09/2022,3948,3333,"84,42",3282,51,"98,47",615,"15,58",271,344,"8,71"
291990,MACURURÉ,BA,07/2022,1093,776,"71,00",758,18,"97,68",317,"29,00",35,282,"25,80"
291990,MACURURÉ,BA,09/2022,1056,770,"72,92",756,14,"98,18",286,"27,08",12,274,"25,95"
291990,MACURURÉ,BA,11/2022,1016,799,"78,64",763,36,"95,49",217,"21,36",9,208,"20,47"
291992,MADRE DE DEUS,BA,11/2022,1669,1073,"64,29",1066,7,"99,35",596,"35,71",10,586,"35,11"
291992,MADRE DE DEUS,BA,07/2022,1597,901,"56,42",886,15,"98,34",696,"43,58",8,688,"43,08"
291992,MADRE DE DEUS,BA,09/2022,1658,976,"58,87",963,13,"98,67",682,"41,13",18,664,"40,05"
291995,MAETINGA,BA,07/2022,734,543,"73,98",543,0,"100,00",191,"26,02",60,131,"17,85"
291995,MAETINGA,BA,09/2022,734,587,"79,97",582,5,"99,15",147,"20,03",45,102,"13,90"
291995,MAETINGA,BA,11/2022,712,586,"82,30",584,2,"99,66",126,"17,70",32,94,"13,20"
292000,MAIQUINIQUE,BA,11/2022,1095,783,"71,51",783,0,"100,00",312,"28,49",224,88,"8,04"
292000,MAIQUINIQUE,BA,09/2022,1121,847,"75,56",847,0,"100,00",274,"24,44",182,92,"8,21"
292000,MAIQUINIQUE,BA,07/2022,1127,884,"78,44",884,0,"100,00",243,"21,56",159,84,"7,45"
292010,MAIRI,BA,09/2022,1819,1408,"77,41",1319,89,"93,68",411,"22,59",27,384,"21,11"
292010,MAIRI,BA,07/2022,1838,1433,"77,97",1225,208,"85,48",405,"22,03",36,369,"20,08"
292010,MAIRI,BA,11/2022,1769,1402,"79,25",1310,92,"93,44",367,"20,75",18,349,"19,73"
292020,MALHADA,BA,11/2022,2054,1719,"83,69",1643,76,"95,58",335,"16,31",8,327,"15,92"
292020,MALHADA,BA,07/2022,2123,1733,"81,63",1655,78,"95,50",390,"18,37",9,381,"17,95"
292020,MALHADA,BA,09/2022,2109,1725,"81,79",1669,56,"96,75",384,"18,21",13,371,"17,59"
292030,MALHADA DE PEDRAS,BA,07/2022,748,688,"91,98",683,5,"99,27",60,"8,02",2,58,"7,75"
292030,MALHADA DE PEDRAS,BA,09/2022,720,689,"95,69",657,32,"95,36",31,"4,31",4,27,"3,75"
292030,MALHADA DE PEDRAS,BA,11/2022,721,698,"96,81",690,8,"98,85",23,"3,19",5,18,"2,50"
292040,MANOEL VITORINO,BA,11/2022,1698,1318,"77,62",1287,31,"97,65",380,"22,38",18,362,"21,32"
292040,MANOEL VITORINO,BA,09/2022,1744,1350,"77,41",1336,14,"98,96",394,"22,59",25,369,"21,16"
292040,MANOEL VITORINO,BA,07/2022,1750,1347,"76,97",1322,25,"98,14",403,"23,03",45,358,"20,46"
292045,MANSIDÃO,BA,07/2022,1811,714,"39,43",87,627,"12,18",1097,"60,57",731,366,"20,21"
292045,MANSIDÃO,BA,09/2022,1780,1366,"76,74",1353,13,"99,05",414,"23,26",49,365,"20,51"
292045,MANSIDÃO,BA,11/2022,1737,1414,"81,40",1403,11,"99,22",323,"18,60",30,293,"16,87"
292050,MARACÁS,BA,11/2022,2411,2176,"90,25",2083,93,"95,73",235,"9,75",30,205,"8,50"
292050,MARACÁS,BA,09/2022,2464,2035,"82,59",1888,147,"92,78",429,"17,41",233,196,"7,95"
292050,MARACÁS,BA,07/2022,2503,1941,"77,55",1806,135,"93,04",562,"22,45",233,329,"13,14"
292060,MARAGOGIPE,BA,07/2022,4236,2719,"64,19",2653,66,"97,57",1517,"35,81",344,1173,"27,69"
292060,MARAGOGIPE,BA,09/2022,4217,2966,"70,33",2900,66,"97,77",1251,"29,67",78,1173,"27,82"
292060,MARAGOGIPE,BA,11/2022,4113,3121,"75,88",3061,60,"98,08",992,"24,12",72,920,"22,37"
292070,MARAÚ,BA,11/2022,2985,2324,"77,86",2311,13,"99,44",661,"22,14",11,650,"21,78"
292070,MARAÚ,BA,07/2022,2925,2021,"69,09",2009,12,"99,41",904,"30,91",246,658,"22,50"
292070,MARAÚ,BA,09/2022,2975,2164,"72,74",2141,23,"98,94",811,"27,26",84,727,"24,44"
292080,MARCIONÍLIO SOUZA,BA,07/2022,1359,1112,"81,82",1090,22,"98,02",247,"18,18",38,209,"15,38"
292080,MARCIONÍLIO SOUZA,BA,09/2022,1269,1190,"93,77",1174,16,"98,66",79,"6,23",14,65,"5,12"
292080,MARCIONÍLIO SOUZA,BA,11/2022,1234,1172,"94,98",1146,26,"97,78",62,"5,02",7,55,"4,46"
292090,MASCOTE,BA,11/2022,1624,1246,"76,72",1225,21,"98,31",378,"23,28",6,372,"22,91"
292090,MASCOTE,BA,09/2022,1646,1194,"72,54",1177,17,"98,58",452,"27,46",5,447,"27,16"
292090,MASCOTE,BA,07/2022,1692,1197,"70,74",1197,0,"100,00",495,"29,26",9,486,"28,72"
292100,MATA DE SÃO JOÃO,BA,07/2022,4973,4089,"82,22",3902,187,"95,43",884,"17,78",21,863,"17,35"
292100,MATA DE SÃO JOÃO,BA,09/2022,5111,4462,"87,30",4339,123,"97,24",649,"12,70",29,620,"12,13"
292100,MATA DE SÃO JOÃO,BA,11/2022,5095,4445,"87,24",3308,1137,"74,42",650,"12,76",24,626,"12,29"
292105,MATINA,BA,11/2022,1379,1159,"84,05",1151,8,"99,31",220,"15,95",120,100,"7,25"
292105,MATINA,BA,07/2022,1420,1126,"79,30",1109,17,"98,49",294,"20,70",167,127,"8,94"
292105,MATINA,BA,09/2022,1417,1149,"81,09",1139,10,"99,13",268,"18,91",144,124,"8,75"
292110,MEDEIROS NETO,BA,07/2022,2215,1086,"49,03",1055,31,"97,15",1129,"50,97",373,756,"34,13"
292110,MEDEIROS NETO,BA,09/2022,2137,1813,"84,84",1705,108,"94,04",324,"15,16",47,277,"12,96"
292110,MEDEIROS NETO,BA,11/2022,2130,1927,"90,47",1860,67,"96,52",203,"9,53",14,189,"8,87"
292120,MIGUEL CALMON,BA,11/2022,2556,2316,"90,61",2289,27,"98,83",240,"9,39",32,208,"8,14"
292120,MIGUEL CALMON,BA,07/2022,2648,1852,"69,94",1828,24,"98,70",796,"30,06",489,307,"11,59"
292120,MIGUEL CALMON,BA,09/2022,2630,2262,"86,01",2242,20,"99,12",368,"13,99",14,354,"13,46"
292130,MILAGRES,BA,07/2022,1285,1071,"83,35",732,339,"68,35",214,"16,65",152,62,"4,82"
292130,MILAGRES,BA,09/2022,1256,1076,"85,67",846,230,"78,62",180,"14,33",161,19,"1,51"
292130,MILAGRES,BA,11/2022,1229,1079,"87,79",808,271,"74,88",150,"12,21",93,57,"4,64"
292140,MIRANGABA,BA,11/2022,1919,1591,"82,91",1548,43,"97,30",328,"17,09",25,303,"15,79"
292140,MIRANGABA,BA,09/2022,1937,1502,"77,54",1439,63,"95,81",435,"22,46",66,369,"19,05"
292140,MIRANGABA,BA,07/2022,1938,1119,"57,74",1052,67,"94,01",819,"42,26",465,354,"18,27"
292145,MIRANTE,BA,07/2022,1047,841,"80,32",823,18,"97,86",206,"19,68",23,183,"17,48"
292145,MIRANTE,BA,09/2022,1036,858,"82,82",836,22,"97,44",178,"17,18",2,176,"16,99"
292145,MIRANTE,BA,11/2022,1025,864,"84,29",847,17,"98,03",161,"15,71",7,154,"15,02"
292150,MONTE SANTO,BA,11/2022,5893,3804,"64,55",3720,84,"97,79",2089,"35,45",841,1248,"21,18"
292150,MONTE SANTO,BA,07/2022,6024,3714,"61,65",3621,93,"97,50",2310,"38,35",814,1496,"24,83"
292150,MONTE SANTO,BA,09/2022,5995,3412,"56,91",3355,57,"98,33",2583,"43,09",1087,1496,"24,95"
292160,MORPARÁ,BA,09/2022,1103,919,"83,32",911,8,"99,13",184,"16,68",2,182,"16,50"
292160,MORPARÁ,BA,07/2022,1116,823,"73,75",821,2,"99,76",293,"26,25",122,171,"15,32"
292160,MORPARÁ,BA,11/2022,1085,922,"84,98",915,7,"99,24",163,"15,02",3,160,"14,75"
292170,MORRO DO CHAPÉU,BA,11/2022,3841,0,"0,00",0,0,,3841,"100,00",3436,405,"10,54"
292170,MORRO DO CHAPÉU,BA,09/2022,4039,3628,"89,82",3626,2,"99,94",411,"10,18",6,405,"10,03"
292170,MORRO DO CHAPÉU,BA,07/2022,4086,3648,"89,28",3645,3,"99,92",438,"10,72",28,410,"10,03"
292180,MORTUGABA,BA,07/2022,990,866,"87,47",809,57,"93,42",124,"12,53",27,97,"9,80"
292180,MORTUGABA,BA,09/2022,960,700,"72,92",671,29,"95,86",260,"27,08",235,25,"2,60"
292180,MORTUGABA,BA,11/2022,957,932,"97,39",908,24,"97,42",25,"2,61",6,19,"1,99"
292190,MUCUGÊ,BA,11/2022,1342,1244,"92,70",1244,0,"100,00",98,"7,30",7,91,"6,78"
292190,MUCUGÊ,BA,09/2022,1360,1260,"92,65",1260,0,"100,00",100,"7,35",4,96,"7,06"
292190,MUCUGÊ,BA,07/2022,1348,1155,"85,68",1155,0,"100,00",193,"14,32",11,182,"13,50"
292200,MUCURI,BA,07/2022,3492,1920,"54,98",1862,58,"96,98",1572,"45,02",779,793,"22,71"
292200,MUCURI,BA,09/2022,3532,1696,"48,02",1655,41,"97,58",1836,"51,98",1122,714,"20,22"
292200,MUCURI,BA,11/2022,3475,1469,"42,27",1411,58,"96,05",2006,"57,73",1298,708,"20,37"
292205,MULUNGU DO MORRO,BA,11/2022,1835,1625,"88,56",1617,8,"99,51",210,"11,44",8,202,"11,01"
292205,MULUNGU DO MORRO,BA,09/2022,1877,1677,"89,34",1671,6,"99,64",200,"10,66",7,193,"10,28"
292205,MULUNGU DO MORRO,BA,07/2022,1898,1755,"92,47",1755,0,"100,00",143,"7,53",6,137,"7,22"
292210,MUNDO NOVO,BA,07/2022,2595,1784,"68,75",1775,9,"99,50",811,"31,25",299,512,"19,73"
292210,MUNDO NOVO,BA,09/2022,2567,1932,"75,26",1857,75,"96,12",635,"24,74",188,447,"17,41"
292210,MUNDO NOVO,BA,11/2022,2502,2016,"80,58",1916,100,"95,04",486,"19,42",60,426,"17,03"
292220,MUNIZ FERREIRA,BA,11/2022,731,456,"62,38",455,1,"99,78",275,"37,62",186,89,"12,18"
292220,MUNIZ FERREIRA,BA,07/2022,703,10,"1,42",10,0,"100,00",693,"98,58",653,40,"5,69"
292220,MUNIZ FERREIRA,BA,09/2022,742,632,"85,18",631,1,"99,84",110,"14,82",16,94,"12,67"
292225,MUQUÉM DE SÃO FRANCISCO,BA,07/2022,1777,1224,"68,88",1203,21,"98,28",553,"31,12",40,513,"28,87"
292225,MUQUÉM DE SÃO FRANCISCO,BA,09/2022,1733,1193,"68,84",1174,19,"98,41",540,"31,16",31,509,"29,37"
292225,MUQUÉM DE SÃO FRANCISCO,BA,11/2022,1664,1242,"74,64",1223,19,"98,47",422,"25,36",81,341,"20,49"
292230,MURITIBA,BA,11/2022,2939,2772,"94,32",2765,7,"99,75",167,"5,68",34,133,"4,53"
292230,MURITIBA,BA,09/2022,3087,2542,"82,35",2542,0,"100,00",545,"17,65",24,521,"16,88"
292230,MURITIBA,BA,07/2022,3068,2419,"78,85",2419,0,"100,00",649,"21,15",129,520,"16,95"
292240,MUTUÍPE,BA,07/2022,1979,1293,"65,34",1232,61,"95,28",686,"34,66",10,676,"34,16"
292240,MUTUÍPE,BA,09/2022,1931,1820,"94,25",1726,94,"94,84",111,"5,75",5,106,"5,49"
292240,MUTUÍPE,BA,11/2022,1910,1787,"93,56",1657,130,"92,73",123,"6,44",6,117,"6,13"
292250,NAZARÉ,BA,11/2022,2527,0,"0,00",0,0,,2527,"100,00",2329,198,"7,84"
292250,NAZARÉ,BA,09/2022,2637,2231,"84,60",2231,0,"100,00",406,"15,40",202,204,"7,74"
292250,NAZARÉ,BA,07/2022,2655,2437,"91,79",2437,0,"100,00",218,"8,21",17,201,"7,57"
292260,NILO PEÇANHA,BA,07/2022,1764,1377,"78,06",1373,4,"99,71",387,"21,94",51,336,"19,05"
292260,NILO PEÇANHA,BA,09/2022,1767,1335,"75,55",1325,10,"99,25",432,"24,45",93,339,"19,19"
292260,NILO PEÇANHA,BA,11/2022,1762,1761,"99,94",1745,16,"99,09",1,"0,06",1,0,"0,00"
292265,NORDESTINA,BA,11/2022,1526,1438,"94,23",1337,101,"92,98",88,"5,77",22,66,"4,33"
292265,NORDESTINA,BA,07/2022,1517,1372,"90,44",1252,120,"91,25",145,"9,56",44,101,"6,66"
292265,NORDESTINA,BA,09/2022,1551,1422,"91,68",1310,112,"92,12",129,"8,32",34,95,"6,13"
292270,NOVA CANAÃ,BA,09/2022,1569,949,"60,48",807,142,"85,04",620,"39,52",498,122,"7,78"
292270,NOVA CANAÃ,BA,07/2022,1591,836,"52,55",812,24,"97,13",755,"47,45",630,125,"7,86"
292270,NOVA CANAÃ,BA,11/2022,1574,1277,"81,13",1267,10,"99,22",297,"18,87",220,77,"4,89"
292273,NOVA FÁTIMA,BA,11/2022,762,703,"92,26",700,3,"99,57",59,"7,74",11,48,"6,30"
292273,NOVA FÁTIMA,BA,09/2022,784,721,"91,96",702,19,"97,36",63,"8,04",23,40,"5,10"
292273,NOVA FÁTIMA,BA,07/2022,808,702,"86,88",688,14,"98,01",106,"13,12",18,88,"10,89"
292275,NOVA IBIÁ,BA,09/2022,737,466,"63,23",440,26,"94,42",271,"36,77",148,123,"16,69"
292275,NOVA IBIÁ,BA,07/2022,712,218,"30,62",186,32,"85,32",494,"69,38",375,119,"16,71"
292275,NOVA IBIÁ,BA,11/2022,702,137,"19,52",137,0,"100,00",565,"80,48",446,119,"16,95"
292280,NOVA ITARANA,BA,11/2022,1088,868,"79,78",847,21,"97,58",220,"20,22",7,213,"19,58"
292280,NOVA ITARANA,BA,09/2022,1124,828,"73,67",817,11,"98,67",296,"26,33",8,288,"25,62"
292280,NOVA ITARANA,BA,07/2022,1127,798,"70,81",790,8,"99,00",329,"29,19",11,318,"28,22"
292285,NOVA REDENÇÃO,BA,07/2022,966,809,"83,75",809,0,"100,00",157,"16,25",51,106,"10,97"
292285,NOVA REDENÇÃO,BA,09/2022,933,502,"53,80",502,0,"100,00",431,"46,20",328,103,"11,04"
292285,NOVA REDENÇÃO,BA,11/2022,901,0,"0,00",0,0,,901,"100,00",798,103,"11,43"
292290,NOVA SOURE,BA,11/2022,3060,2338,"76,41",2244,94,"95,98",722,"23,59",5,717,"23,43"
292290,NOVA SOURE,BA,09/2022,3156,2166,"68,63",2025,141,"93,49",990,"31,37",8,982,"31,12"
292290,NOVA SOURE,BA,07/2022,3190,1985,"62,23",1805,180,"90,93",1205,"37,77",601,604,"18,93"
292300,NOVA VIÇOSA,BA,09/2022,4420,4127,"93,37",4040,87,"97,89",293,"6,63",59,234,"5,29"
292300,NOVA VIÇOSA,BA,07/2022,4481,3609,"80,54",3529,80,"97,78",872,"19,46",60,812,"18,12"
292300,NOVA VIÇOSA,BA,11/2022,4398,4079,"92,75",3971,108,"97,35",319,"7,25",64,255,"5,80"
292303,NOVO HORIZONTE,BA,09/2022,1214,1199,"98,76",1189,10,"99,17",15,"1,24",7,8,"0,66"
292303,NOVO HORIZONTE,BA,11/2022,1195,1183,"99,00",1178,5,"99,58",12,"1,00",6,6,"0,50"
292303,NOVO HORIZONTE,BA,07/2022,1217,1185,"97,37",1179,6,"99,49",32,"2,63",5,27,"2,22"
292305,NOVO TRIUNFO,BA,07/2022,1028,924,"89,88",866,58,"93,72",104,"10,12",41,63,"6,13"
292305,NOVO TRIUNFO,BA,09/2022,1019,935,"91,76",884,51,"94,55",84,"8,24",8,76,"7,46"
292305,NOVO TRIUNFO,BA,11/2022,991,918,"92,63",896,22,"97,60",73,"7,37",4,69,"6,96"
292310,OLINDINA,BA,09/2022,2847,2154,"75,66",2154,0,"100,00",693,"24,34",69,624,"21,92"
292310,OLINDINA,BA,11/2022,2804,2185,"77,92",2184,1,"99,95",619,"22,08",61,558,"19,90"
292310,OLINDINA,BA,07/2022,2843,1987,"69,89",1987,0,"100,00",856,"30,11",197,659,"23,18"
292320,OLIVEIRA DOS BREJINHOS,BA,07/2022,2226,1189,"53,41",1188,1,"99,92",1037,"46,59",483,554,"24,89"
292320,OLIVEIRA DOS BREJINHOS,BA,09/2022,2192,1649,"75,23",1647,2,"99,88",543,"24,77",4,539,"24,59"
292320,OLIVEIRA DOS BREJINHOS,BA,11/2022,2150,1647,"76,60",1647,0,"100,00",503,"23,40",16,487,"22,65"
292330,OURIÇANGAS,BA,11/2022,985,901,"91,47",879,22,"97,56",84,"8,53",7,77,"7,82"
292330,OURIÇANGAS,BA,09/2022,1003,861,"85,84",838,23,"97,33",142,"14,16",11,131,"13,06"
292330,OURIÇANGAS,BA,07/2022,986,744,"75,46",734,10,"98,66",242,"24,54",117,125,"12,68"
292335,OUROLÂNDIA,BA,07/2022,2482,1756,"70,75",1688,68,"96,13",726,"29,25",205,521,"20,99"
292335,OUROLÂNDIA,BA,09/2022,2501,1871,"74,81",1785,86,"95,40",630,"25,19",111,519,"20,75"
292335,OUROLÂNDIA,BA,11/2022,2522,2131,"84,50",2061,70,"96,72",391,"15,50",48,343,"13,60"
292340,PALMAS DE MONTE ALTO,BA,09/2022,2019,606,"30,01",582,24,"96,04",1413,"69,99",848,565,"27,98"
292340,PALMAS DE MONTE ALTO,BA,11/2022,2004,834,"41,62",808,26,"96,88",1170,"58,38",607,563,"28,09"
292340,PALMAS DE MONTE ALTO,BA,07/2022,2091,1232,"58,92",1232,0,"100,00",859,"41,08",148,711,"34,00"
292350,PALMEIRAS,BA,07/2022,1125,614,"54,58",561,53,"91,37",511,"45,42",318,193,"17,16"
292350,PALMEIRAS,BA,09/2022,1141,881,"77,21",847,34,"96,14",260,"22,79",58,202,"17,70"
292350,PALMEIRAS,BA,11/2022,1114,643,"57,72",607,36,"94,40",471,"42,28",150,321,"28,82"
292360,PARAMIRIM,BA,09/2022,1847,1373,"74,34",1368,5,"99,64",474,"25,66",118,356,"19,27"
292360,PARAMIRIM,BA,11/2022,1829,1545,"84,47",1508,37,"97,61",284,"15,53",13,271,"14,82"
292360,PARAMIRIM,BA,07/2022,1845,1435,"77,78",1416,19,"98,68",410,"22,22",7,403,"21,84"
292370,PARATINGA,BA,07/2022,4659,4057,"87,08",4052,5,"99,88",602,"12,92",18,584,"12,53"
292370,PARATINGA,BA,11/2022,4564,3994,"87,51",3979,15,"99,62",570,"12,49",10,560,"12,27"
292370,PARATINGA,BA,09/2022,4668,4067,"87,13",4062,5,"99,88",601,"12,87",7,594,"12,72"
292380,PARIPIRANGA,BA,09/2022,2690,2630,"97,77",2603,27,"98,97",60,"2,23",14,46,"1,71"
292380,PARIPIRANGA,BA,11/2022,2648,2585,"97,62",2543,42,"98,38",63,"2,38",11,52,"1,96"
292380,PARIPIRANGA,BA,07/2022,2775,2595,"93,51",2535,60,"97,69",180,"6,49",9,171,"6,16"
292390,PAU BRASIL,BA,07/2022,1454,9,"0,62",9,0,"100,00",1445,"99,38",1329,116,"7,98"
292390,PAU BRASIL,BA,09/2022,1473,1357,"92,12",1357,0,"100,00",116,"7,88",2,114,"7,74"
292390,PAU BRASIL,BA,11/2022,1443,1315,"91,13",1313,2,"99,85",128,"8,87",15,113,"7,83"
292400,PAULO AFONSO,BA,09/2022,10928,7019,"64,23",7018,1,"99,99",3909,"35,77",17,3892,"35,61"
292400,PAULO AFONSO,BA,11/2022,10791,6728,"62,35",6727,1,"99,99",4063,"37,65",9,4054,"37,57"
292400,PAULO AFONSO,BA,07/2022,10827,7320,"67,61",7319,1,"99,99",3507,"32,39",14,3493,"32,26"
292405,PÉ DE SERRA,BA,07/2022,1640,1303,"79,45",1282,21,"98,39",337,"20,55",180,157,"9,57"
292405,PÉ DE SERRA,BA,09/2022,1631,1265,"77,56",1232,33,"97,39",366,"22,44",175,191,"11,71"
292405,PÉ DE SERRA,BA,11/2022,1616,1383,"85,58",1371,12,"99,13",233,"14,42",48,185,"11,45"
292410,PEDRÃO,BA,09/2022,828,690,"83,33",690,0,"100,00",138,"16,67",32,106,"12,80"
292410,PEDRÃO,BA,11/2022,821,712,"86,72",712,0,"100,00",109,"13,28",12,97,"11,81"
292410,PEDRÃO,BA,07/2022,848,724,"85,38",724,0,"100,00",124,"14,62",40,84,"9,91"
292420,PEDRO ALEXANDRE,BA,07/2022,1892,1484,"78,44",1455,29,"98,05",408,"21,56",331,77,"4,07"
292420,PEDRO ALEXANDRE,BA,11/2022,1839,1734,"94,29",1706,28,"98,39",105,"5,71",45,60,"3,26"
292420,PEDRO ALEXANDRE,BA,09/2022,1846,1781,"96,48",1753,28,"98,43",65,"3,52",21,44,"2,38"
292430,PIATÃ,BA,09/2022,2129,1889,"88,73",1860,29,"98,46",240,"11,27",15,225,"10,57"
292430,PIATÃ,BA,11/2022,2094,2017,"96,32",2002,15,"99,26",77,"3,68",5,72,"3,44"
292430,PIATÃ,BA,07/2022,2126,1721,"80,95",1715,6,"99,65",405,"19,05",180,225,"10,58"
292440,PILÃO ARCADO,BA,07/2022,5621,3723,"66,23",3723,0,"100,00",1898,"33,77",1135,763,"13,57"
292440,PILÃO ARCADO,BA,11/2022,5561,4708,"84,66",4705,3,"99,94",853,"15,34",156,697,"12,53"
292440,PILÃO ARCADO,BA,09/2022,5596,4609,"82,36",4598,11,"99,76",987,"17,64",242,745,"13,31"
292450,PINDAÍ,BA,09/2022,1488,1252,"84,14",1234,18,"98,56",236,"15,86",21,215,"14,45"
292450,PINDAÍ,BA,11/2022,1456,1276,"87,64",1270,6,"99,53",180,"12,36",4,176,"12,09"
292450,PINDAÍ,BA,07/2022,1504,1316,"87,50",1309,7,"99,47",188,"12,50",15,173,"11,50"
292460,PINDOBAÇU,BA,07/2022,2408,1384,"57,48",1298,86,"93,79",1024,"42,52",458,566,"23,50"
292460,PINDOBAÇU,BA,09/2022,2370,1149,"48,48",1102,47,"95,91",1221,"51,52",691,530,"22,36"
292460,PINDOBAÇU,BA,11/2022,2350,1186,"50,47",1135,51,"95,70",1164,"49,53",704,460,"19,57"
292465,PINTADAS,BA,09/2022,962,774,"80,46",730,44,"94,32",188,"19,54",8,180,"18,71"
292465,PINTADAS,BA,11/2022,950,838,"88,21",821,17,"97,97",112,"11,79",0,112,"11,79"
292465,PINTADAS,BA,07/2022,984,784,"79,67",757,27,"96,56",200,"20,33",7,193,"19,61"
292467,PIRAÍ DO NORTE,BA,07/2022,1028,842,"81,91",842,0,"100,00",186,"18,09",20,166,"16,15"
292467,PIRAÍ DO NORTE,BA,11/2022,1042,780,"74,86",696,84,"89,23",262,"25,14",46,216,"20,73"
292467,PIRAÍ DO NORTE,BA,09/2022,1060,804,"75,85",802,2,"99,75",256,"24,15",51,205,"19,34"
292470,PIRIPÁ,BA,09/2022,987,913,"92,50",913,0,"100,00",74,"7,50",10,64,"6,48"
292470,PIRIPÁ,BA,11/2022,946,884,"93,45",884,0,"100,00",62,"6,55",5,57,"6,03"
292470,PIRIPÁ,BA,07/2022,1027,957,"93,18",957,0,"100,00",70,"6,82",9,61,"5,94"
292480,PIRITIBA,BA,07/2022,2383,1475,"61,90",1380,95,"93,56",908,"38,10",600,308,"12,92"
292480,PIRITIBA,BA,09/2022,2373,1845,"77,75",1738,107,"94,20",528,"22,25",224,304,"12,81"
292480,PIRITIBA,BA,11/2022,2331,1407,"60,36",1340,67,"95,24",924,"39,64",696,228,"9,78"
292490,PLANALTINO,BA,11/2022,958,819,"85,49",807,12,"98,53",139,"14,51",5,134,"13,99"
292490,PLANALTINO,BA,09/2022,971,842,"86,71",839,3,"99,64",129,"13,29",3,126,"12,98"
292490,PLANALTINO,BA,07/2022,952,773,"81,20",773,0,"100,00",179,"18,80",85,94,"9,87"
292500,PLANALTO,BA,07/2022,2832,2608,"92,09",2608,0,"100,00",224,"7,91",18,206,"7,27"
292500,PLANALTO,BA,11/2022,2793,2560,"91,66",2553,7,"99,73",233,"8,34",7,226,"8,09"
292500,PLANALTO,BA,09/2022,2832,2592,"91,53",2592,0,"100,00",240,"8,47",13,227,"8,02"
292510,POÇÕES,BA,09/2022,5398,4603,"85,27",4602,1,"99,98",795,"14,73",31,764,"14,15"
292510,POÇÕES,BA,11/2022,5331,4574,"85,80",4572,2,"99,96",757,"14,20",35,722,"13,54"
292510,POÇÕES,BA,07/2022,5431,4550,"83,78",4549,1,"99,98",881,"16,22",118,763,"14,05"
292520,POJUCA,BA,07/2022,3069,2320,"75,59",2014,306,"86,81",749,"24,41",7,742,"24,18"
292520,POJUCA,BA,09/2022,3125,2269,"72,61",2082,187,"91,76",856,"27,39",122,734,"23,49"
292520,POJUCA,BA,11/2022,3110,2720,"87,46",2545,175,"93,57",390,"12,54",3,387,"12,44"
292525,PONTO NOVO,BA,11/2022,2466,1628,"66,02",1605,23,"98,59",838,"33,98",270,568,"23,03"
292525,PONTO NOVO,BA,09/2022,2510,1808,"72,03",1759,49,"97,29",702,"27,97",35,667,"26,57"
292525,PONTO NOVO,BA,07/2022,2540,1763,"69,41",1715,48,"97,28",777,"30,59",57,720,"28,35"
292530,PORTO SEGURO,BA,07/2022,13425,6182,"46,05",6038,144,"97,67",7243,"53,95",182,7061,"52,60"
292530,PORTO SEGURO,BA,11/2022,14061,7245,"51,53",6771,474,"93,46",6816,"48,47",318,6498,"46,21"
292530,PORTO SEGURO,BA,09/2022,13898,6645,"47,81",6307,338,"94,91",7253,"52,19",263,6990,"50,30"
292540,POTIRAGUÁ,BA,11/2022,1452,927,"63,84",927,0,"100,00",525,"36,16",7,518,"35,67"
292540,POTIRAGUÁ,BA,09/2022,1492,1110,"74,40",1110,0,"100,00",382,"25,60",6,376,"25,20"
292540,POTIRAGUÁ,BA,07/2022,1460,1176,"80,55",1176,0,"100,00",284,"19,45",20,264,"18,08"
292550,PRADO,BA,07/2022,3911,2758,"70,52",2633,125,"95,47",1153,"29,48",309,844,"21,58"
292550,PRADO,BA,11/2022,4051,3111,"76,80",3023,88,"97,17",940,"23,20",253,687,"16,96"
292550,PRADO,BA,09/2022,4005,2931,"73,18",2848,83,"97,17",1074,"26,82",277,797,"19,90"
292560,PRESIDENTE DUTRA,BA,09/2022,1718,1570,"91,39",1570,0,"100,00",148,"8,61",8,140,"8,15"
292560,PRESIDENTE DUTRA,BA,11/2022,1714,1566,"91,37",1566,0,"100,00",148,"8,63",3,145,"8,46"
292560,PRESIDENTE DUTRA,BA,07/2022,1697,1552,"91,46",1552,0,"100,00",145,"8,54",4,141,"8,31"
292570,PRESIDENTE JÂNIO QUADROS,BA,07/2022,1338,0,"0,00",0,0,,1338,"100,00",967,371,"27,73"
292570,PRESIDENTE JÂNIO QUADROS,BA,09/2022,1327,949,"71,51",949,0,"100,00",378,"28,49",26,352,"26,53"
292570,PRESIDENTE JÂNIO QUADROS,BA,11/2022,1304,1075,"82,44",1075,0,"100,00",229,"17,56",24,205,"15,72"
292575,PRESIDENTE TANCREDO NEVES,BA,09/2022,3760,2694,"71,65",2685,9,"99,67",1066,"28,35",535,531,"14,12"
292575,PRESIDENTE TANCREDO NEVES,BA,11/2022,3703,3080,"83,18",3070,10,"99,68",623,"16,82",128,495,"13,37"
292575,PRESIDENTE TANCREDO NEVES,BA,07/2022,3745,2666,"71,19",2631,35,"98,69",1079,"28,81",566,513,"13,70"
292580,QUEIMADAS,BA,07/2022,2942,2220,"75,46",2220,0,"100,00",722,"24,54",470,252,"8,57"
292580,QUEIMADAS,BA,11/2022,2876,2221,"77,23",2221,0,"100,00",655,"22,77",403,252,"8,76"
292580,QUEIMADAS,BA,09/2022,2928,1628,"55,60",1628,0,"100,00",1300,"44,40",1037,263,"8,98"
292590,QUIJINGUE,BA,09/2022,2900,2784,"96,00",2722,62,"97,77",116,"4,00",24,92,"3,17"
292590,QUIJINGUE,BA,11/2022,2829,2700,"95,44",2646,54,"98,00",129,"4,56",20,109,"3,85"
292590,QUIJINGUE,BA,07/2022,3005,2732,"90,92",2650,82,"97,00",273,"9,08",13,260,"8,65"
292593,QUIXABEIRA,BA,07/2022,1052,867,"82,41",866,1,"99,88",185,"17,59",9,176,"16,73"
292593,QUIXABEIRA,BA,09/2022,1053,862,"81,86",862,0,"100,00",191,"18,14",10,181,"17,19"
292593,QUIXABEIRA,BA,11/2022,1031,766,"74,30",766,0,"100,00",265,"25,70",93,172,"16,68"
292595,RAFAEL JAMBEIRO,BA,11/2022,2387,2164,"90,66",2162,2,"99,91",223,"9,34",5,218,"9,13"
292595,RAFAEL JAMBEIRO,BA,09/2022,2430,2203,"90,66",2202,1,"99,95",227,"9,34",7,220,"9,05"
292595,RAFAEL JAMBEIRO,BA,07/2022,2429,1360,"55,99",1358,2,"99,85",1069,"44,01",778,291,"11,98"
292600,REMANSO,BA,07/2022,5151,3547,"68,86",3497,50,"98,59",1604,"31,14",13,1591,"30,89"
292600,REMANSO,BA,09/2022,5225,4194,"80,27",4092,102,"97,57",1031,"19,73",56,975,"18,66"
292600,REMANSO,BA,11/2022,5059,4330,"85,59",4202,128,"97,04",729,"14,41",35,694,"13,72"
292610,RETIROLÂNDIA,BA,11/2022,1524,1446,"94,88",1419,27,"98,13",78,"5,12",25,53,"3,48"
292610,RETIROLÂNDIA,BA,09/2022,1568,1453,"92,67",1432,21,"98,55",115,"7,33",47,68,"4,34"
292610,RETIROLÂNDIA,BA,07/2022,1616,1413,"87,44",1390,23,"98,37",203,"12,56",45,158,"9,78"
292620,RIACHÃO DAS NEVES,BA,07/2022,3329,2347,"70,50",2347,0,"100,00",982,"29,50",247,735,"22,08"
292620,RIACHÃO DAS NEVES,BA,09/2022,3346,2623,"78,39",2623,0,"100,00",723,"21,61",54,669,"19,99"
292620,RIACHÃO DAS NEVES,BA,11/2022,3250,2460,"75,69",2459,1,"99,96",790,"24,31",185,605,"18,62"
292630,RIACHÃO DO JACUÍPE,BA,11/2022,2831,2418,"85,41",2354,64,"97,35",413,"14,59",15,398,"14,06"
292630,RIACHÃO DO JACUÍPE,BA,09/2022,2902,2429,"83,70",2358,71,"97,08",473,"16,30",25,448,"15,44"
292630,RIACHÃO DO JACUÍPE,BA,07/2022,2931,2425,"82,74",2341,84,"96,54",506,"17,26",55,451,"15,39"
292640,RIACHO DE SANTANA,BA,07/2022,3351,3175,"94,75",3173,2,"99,94",176,"5,25",40,136,"4,06"
292640,RIACHO DE SANTANA,BA,09/2022,3276,3153,"96,25",3142,11,"99,65",123,"3,75",30,93,"2,84"
292640,RIACHO DE SANTANA,BA,11/2022,3176,3081,"97,01",3053,28,"99,09",95,"2,99",17,78,"2,46"
292650,RIBEIRA DO AMPARO,BA,09/2022,1890,1599,"84,60",1599,0,"100,00",291,"15,40",30,261,"13,81"
292650,RIBEIRA DO AMPARO,BA,11/2022,1849,1589,"85,94",1589,0,"100,00",260,"14,06",33,227,"12,28"
292650,RIBEIRA DO AMPARO,BA,07/2022,1902,1523,"80,07",1521,2,"99,87",379,"19,93",116,263,"13,83"
292660,RIBEIRA DO POMBAL,BA,07/2022,5424,4288,"79,06",3956,332,"92,26",1136,"20,94",92,1044,"19,25"
292660,RIBEIRA DO POMBAL,BA,11/2022,5247,4381,"83,50",4263,118,"97,31",866,"16,50",14,852,"16,24"
292660,RIBEIRA DO POMBAL,BA,09/2022,5337,4224,"79,15",4056,168,"96,02",1113,"20,85",16,1097,"20,55"
292665,RIBEIRÃO DO LARGO,BA,09/2022,1042,872,"83,69",863,9,"98,97",170,"16,31",38,132,"12,67"
292665,RIBEIRÃO DO LARGO,BA,11/2022,1016,883,"86,91",878,5,"99,43",133,"13,09",19,114,"11,22"
292665,RIBEIRÃO DO LARGO,BA,07/2022,1056,896,"84,85",895,1,"99,89",160,"15,15",32,128,"12,12"
292670,RIO DE CONTAS,BA,07/2022,1043,1008,"96,64",990,18,"98,21",35,"3,36",1,34,"3,26"
292670,RIO DE CONTAS,BA,11/2022,1019,995,"97,64",965,30,"96,98",24,"2,36",1,23,"2,26"
292670,RIO DE CONTAS,BA,09/2022,1039,1014,"97,59",979,35,"96,55",25,"2,41",0,25,"2,41"
292680,RIO DO ANTÔNIO,BA,11/2022,1082,973,"89,93",948,25,"97,43",109,"10,07",13,96,"8,87"
292680,RIO DO ANTÔNIO,BA,09/2022,1120,1021,"91,16",986,35,"96,57",99,"8,84",0,99,"8,84"
292680,RIO DO ANTÔNIO,BA,07/2022,1151,1065,"92,53",1065,0,"100,00",86,"7,47",0,86,"7,47"
292690,RIO DO PIRES,BA,07/2022,867,811,"93,54",807,4,"99,51",56,"6,46",0,56,"6,46"
292690,RIO DO PIRES,BA,11/2022,817,788,"96,45",788,0,"100,00",29,"3,55",8,21,"2,57"
292690,RIO DO PIRES,BA,09/2022,845,816,"96,57",807,9,"98,90",29,"3,43",13,16,"1,89"
292700,RIO REAL,BA,11/2022,4287,3123,"72,85",3034,89,"97,15",1164,"27,15",60,1104,"25,75"
292700,RIO REAL,BA,09/2022,4391,3080,"70,14",3032,48,"98,44",1311,"29,86",97,1214,"27,65"
292700,RIO REAL,BA,07/2022,4498,2916,"64,83",2874,42,"98,56",1582,"35,17",61,1521,"33,82"
292710,RODELAS,BA,07/2022,1642,1490,"90,74",1473,17,"98,86",152,"9,26",18,134,"8,16"
292710,RODELAS,BA,11/2022,1577,1364,"86,49",1347,17,"98,75",213,"13,51",10,203,"12,87"
292710,RODELAS,BA,09/2022,1626,1434,"88,19",1383,51,"96,44",192,"11,81",20,172,"10,58"
292720,RUY BARBOSA,BA,11/2022,3075,2962,"96,33",2903,59,"98,01",113,"3,67",20,93,"3,02"
292720,RUY BARBOSA,BA,09/2022,3122,2983,"95,55",2896,87,"97,08",139,"4,45",37,102,"3,27"
292720,RUY BARBOSA,BA,07/2022,3211,2988,"93,06",2905,83,"97,22",223,"6,94",93,130,"4,05"
292730,SALINAS DA MARGARIDA,BA,07/2022,2046,1125,"54,99",1117,8,"99,29",921,"45,01",663,258,"12,61"
292730,SALINAS DA MARGARIDA,BA,09/2022,2052,1712,"83,43",1648,64,"96,26",340,"16,57",160,180,"8,77"
292730,SALINAS DA MARGARIDA,BA,11/2022,2027,1816,"89,59",1760,56,"96,92",211,"10,41",28,183,"9,03"
292740,SALVADOR,BA,11/2022,139425,52635,"37,75",50654,1981,"96,24",86790,"62,25",13040,73750,"52,90"
292740,SALVADOR,BA,09/2022,139758,45594,"32,62",43357,2237,"95,09",94164,"67,38",14976,79188,"56,66"
292740,SALVADOR,BA,07/2022,138097,35583,"25,77",33189,2394,"93,27",102514,"74,23",23435,79079,"57,26"
292750,SANTA BÁRBARA,BA,07/2022,2721,1963,"72,14",1951,12,"99,39",758,"27,86",31,727,"26,72"
292750,SANTA BÁRBARA,BA,09/2022,2748,2227,"81,04",2226,1,"99,96",521,"18,96",53,468,"17,03"
292750,SANTA BÁRBARA,BA,11/2022,2699,2274,"84,25",2253,21,"99,08",425,"15,75",29,396,"14,67"
292760,SANTA BRÍGIDA,BA,09/2022,1840,1658,"90,11",1581,77,"95,36",182,"9,89",5,177,"9,62"
292760,SANTA BRÍGIDA,BA,11/2022,1803,1685,"93,46",1594,91,"94,60",118,"6,54",3,115,"6,38"
292760,SANTA BRÍGIDA,BA,07/2022,1859,1734,"93,28",1722,12,"99,31",125,"6,72",15,110,"5,92"
292770,SANTA CRUZ CABRÁLIA,BA,07/2022,3460,2775,"80,20",2772,3,"99,89",685,"19,80",27,658,"19,02"
292770,SANTA CRUZ CABRÁLIA,BA,11/2022,3400,98,"2,88",95,3,"96,94",3302,"97,12",2529,773,"22,74"
292770,SANTA CRUZ CABRÁLIA,BA,09/2022,3579,2885,"80,61",2884,1,"99,97",694,"19,39",17,677,"18,92"
292780,SANTA CRUZ DA VITÓRIA,BA,09/2022,612,477,"77,94",451,26,"94,55",135,"22,06",1,134,"21,90"
292780,SANTA CRUZ DA VITÓRIA,BA,11/2022,601,487,"81,03",480,7,"98,56",114,"18,97",1,113,"18,80"
292780,SANTA CRUZ DA VITÓRIA,BA,07/2022,627,510,"81,34",508,2,"99,61",117,"18,66",5,112,"17,86"
292790,SANTA INÊS,BA,07/2022,1267,611,"48,22",610,1,"99,84",656,"51,78",41,615,"48,54"
292790,SANTA INÊS,BA,11/2022,1237,680,"54,97",680,0,"100,00",557,"45,03",24,533,"43,09"
292790,SANTA INÊS,BA,09/2022,1290,639,"49,53",639,0,"100,00",651,"50,47",32,619,"47,98"
292800,SANTALUZ,BA,11/2022,4545,4176,"91,88",4156,20,"99,52",369,"8,12",49,320,"7,04"
292800,SANTALUZ,BA,09/2022,4610,4073,"88,35",4039,34,"99,17",537,"11,65",58,479,"10,39"
292800,SANTALUZ,BA,07/2022,4606,4107,"89,17",4104,3,"99,93",499,"10,83",49,450,"9,77"
292805,SANTA LUZIA,BA,07/2022,1440,1043,"72,43",947,96,"90,80",397,"27,57",16,381,"26,46"
292805,SANTA LUZIA,BA,09/2022,1443,1077,"74,64",1018,59,"94,52",366,"25,36",14,352,"24,39"
292805,SANTA LUZIA,BA,11/2022,1404,1098,"78,21",1021,77,"92,99",306,"21,79",13,293,"20,87"
292810,SANTA MARIA DA VITÓRIA,BA,11/2022,4224,2336,"55,30",2323,13,"99,44",1888,"44,70",684,1204,"28,50"
292810,SANTA MARIA DA VITÓRIA,BA,09/2022,4288,2333,"54,41",2325,8,"99,66",1955,"45,59",723,1232,"28,73"
292810,SANTA MARIA DA VITÓRIA,BA,07/2022,4218,2297,"54,46",2291,6,"99,74",1921,"45,54",750,1171,"27,76"
292820,SANTANA,BA,07/2022,2751,2388,"86,80",2366,22,"99,08",363,"13,20",25,338,"12,29"
292820,SANTANA,BA,11/2022,2666,2487,"93,29",2443,44,"98,23",179,"6,71",4,175,"6,56"
292820,SANTANA,BA,09/2022,2714,2338,"86,15",2302,36,"98,46",376,"13,85",103,273,"10,06"
292830,SANTANÓPOLIS,BA,11/2022,1132,1035,"91,43",1035,0,"100,00",97,"8,57",15,82,"7,24"
292830,SANTANÓPOLIS,BA,09/2022,1142,1036,"90,72",1027,9,"99,13",106,"9,28",20,86,"7,53"
292830,SANTANÓPOLIS,BA,07/2022,1148,981,"85,45",981,0,"100,00",167,"14,55",18,149,"12,98"
292840,SANTA RITA DE CÁSSIA,BA,07/2022,3936,1342,"34,10",1342,0,"100,00",2594,"65,90",2264,330,"8,38"
292840,SANTA RITA DE CÁSSIA,BA,11/2022,3908,2743,"70,19",2743,0,"100,00",1165,"29,81",852,313,"8,01"
292840,SANTA RITA DE CÁSSIA,BA,09/2022,3999,3656,"91,42",3656,0,"100,00",343,"8,58",16,327,"8,18"
292850,SANTA TERESINHA,BA,11/2022,955,873,"91,41",873,0,"100,00",82,"8,59",18,64,"6,70"
292850,SANTA TERESINHA,BA,09/2022,979,901,"92,03",901,0,"100,00",78,"7,97",8,70,"7,15"
292850,SANTA TERESINHA,BA,07/2022,1002,951,"94,91",951,0,"100,00",51,"5,09",7,44,"4,39"
292860,SANTO AMARO,BA,07/2022,6181,4734,"76,59",4734,0,"100,00",1447,"23,41",195,1252,"20,26"
292860,SANTO AMARO,BA,09/2022,6227,4768,"76,57",4768,0,"100,00",1459,"23,43",205,1254,"20,14"
292860,SANTO AMARO,BA,11/2022,6155,4782,"77,69",4782,0,"100,00",1373,"22,31",179,1194,"19,40"
292870,SANTO ANTÔNIO DE JESUS,BA,11/2022,7797,5727,"73,45",5552,175,"96,94",2070,"26,55",549,1521,"19,51"
292870,SANTO ANTÔNIO DE JESUS,BA,09/2022,7821,5532,"70,73",5276,256,"95,37",2289,"29,27",720,1569,"20,06"
292870,SANTO ANTÔNIO DE JESUS,BA,07/2022,7485,4852,"64,82",4581,271,"94,41",2633,"35,18",1053,1580,"21,11"
292880,SANTO ESTÊVÃO,BA,07/2022,5369,4132,"76,96",4113,19,"99,54",1237,"23,04",28,1209,"22,52"
292880,SANTO ESTÊVÃO,BA,09/2022,5258,3071,"58,41",3052,19,"99,38",2187,"41,59",16,2171,"41,29"
292880,SANTO ESTÊVÃO,BA,11/2022,5084,3438,"67,62",3375,63,"98,17",1646,"32,38",3,1643,"32,32"
292890,SÃO DESIDÉRIO,BA,11/2022,4054,3572,"88,11",3368,204,"94,29",482,"11,89",22,460,"11,35"
292890,SÃO DESIDÉRIO,BA,09/2022,4105,3632,"88,48",3573,59,"98,38",473,"11,52",25,448,"10,91"
292890,SÃO DESIDÉRIO,BA,07/2022,4057,3196,"78,78",3051,145,"95,46",861,"21,22",129,732,"18,04"
292895,SÃO DOMINGOS,BA,07/2022,835,549,"65,75",514,35,"93,62",286,"34,25",38,248,"29,70"
292895,SÃO DOMINGOS,BA,11/2022,837,821,"98,09",805,16,"98,05",16,"1,91",12,4,"0,48"
292895,SÃO DOMINGOS,BA,09/2022,842,557,"66,15",547,10,"98,20",285,"33,85",18,267,"31,71"
292900,SÃO FÉLIX,BA,09/2022,1096,914,"83,39",905,9,"99,02",182,"16,61",17,165,"15,05"
292900,SÃO FÉLIX,BA,11/2022,1056,962,"91,10",947,15,"98,44",94,"8,90",20,74,"7,01"
292900,SÃO FÉLIX,BA,07/2022,1138,854,"75,04",849,5,"99,41",284,"24,96",49,235,"20,65"
292905,SÃO FÉLIX DO CORIBE,BA,07/2022,1871,1706,"91,18",1706,0,"100,00",165,"8,82",5,160,"8,55"
292905,SÃO FÉLIX DO CORIBE,BA,11/2022,1853,1693,"91,37",1693,0,"100,00",160,"8,63",16,144,"7,77"
292905,SÃO FÉLIX DO CORIBE,BA,09/2022,1876,1711,"91,20",1711,0,"100,00",165,"8,80",9,156,"8,32"
292910,SÃO FELIPE,BA,09/2022,1881,1766,"93,89",1749,17,"99,04",115,"6,11",34,81,"4,31"
292910,SÃO FELIPE,BA,11/2022,1884,1774,"94,16",1770,4,"99,77",110,"5,84",37,73,"3,87"
292910,SÃO FELIPE,BA,07/2022,1888,1761,"93,27",1720,41,"97,67",127,"6,73",44,83,"4,40"
292920,SÃO FRANCISCO DO CONDE,BA,07/2022,4494,3209,"71,41",3209,0,"100,00",1285,"28,59",782,503,"11,19"
292920,SÃO FRANCISCO DO CONDE,BA,09/2022,4701,4097,"87,15",4097,0,"100,00",604,"12,85",94,510,"10,85"
292920,SÃO FRANCISCO DO CONDE,BA,11/2022,4623,3769,"81,53",3769,0,"100,00",854,"18,47",357,497,"10,75"
292925,SÃO GABRIEL,BA,11/2022,2201,1875,"85,19",1836,39,"97,92",326,"14,81",29,297,"13,49"
292925,SÃO GABRIEL,BA,09/2022,2221,1774,"79,87",1749,25,"98,59",447,"20,13",134,313,"14,09"
292925,SÃO GABRIEL,BA,07/2022,2242,1627,"72,57",1614,13,"99,20",615,"27,43",303,312,"13,92"
292930,SÃO GONÇALO DOS CAMPOS,BA,07/2022,2964,2318,"78,21",2251,67,"97,11",646,"21,79",92,554,"18,69"
292930,SÃO GONÇALO DOS CAMPOS,BA,11/2022,2785,2554,"91,71",2497,57,"97,77",231,"8,29",93,138,"4,96"
292930,SÃO GONÇALO DOS CAMPOS,BA,09/2022,2881,2449,"85,01",2405,44,"98,20",432,"14,99",160,272,"9,44"
292935,SÃO JOSÉ DA VITÓRIA,BA,09/2022,896,469,"52,34",463,6,"98,72",427,"47,66",4,423,"47,21"
292935,SÃO JOSÉ DA VITÓRIA,BA,11/2022,840,523,"62,26",523,0,"100,00",317,"37,74",2,315,"37,50"
292935,SÃO JOSÉ DA VITÓRIA,BA,07/2022,895,501,"55,98",484,17,"96,61",394,"44,02",4,390,"43,58"
292937,SÃO JOSÉ DO JACUÍPE,BA,07/2022,1139,786,"69,01",783,3,"99,62",353,"30,99",184,169,"14,84"
292937,SÃO JOSÉ DO JACUÍPE,BA,11/2022,1127,848,"75,24",838,10,"98,82",279,"24,76",103,176,"15,62"
292937,SÃO JOSÉ DO JACUÍPE,BA,09/2022,1152,828,"71,88",824,4,"99,52",324,"28,13",117,207,"17,97"
292940,SÃO MIGUEL DAS MATAS,BA,09/2022,962,917,"95,32",819,98,"89,31",45,"4,68",9,36,"3,74"
292940,SÃO MIGUEL DAS MATAS,BA,11/2022,959,902,"94,06",823,79,"91,24",57,"5,94",6,51,"5,32"
292940,SÃO MIGUEL DAS MATAS,BA,07/2022,1004,763,"76,00",726,37,"95,15",241,"24,00",27,214,"21,31"
292950,SÃO SEBASTIÃO DO PASSÉ,BA,07/2022,3689,0,"0,00",0,0,,3689,"100,00",3173,516,"13,99"
292950,SÃO SEBASTIÃO DO PASSÉ,BA,11/2022,3611,2109,"58,40",2044,65,"96,92",1502,"41,60",158,1344,"37,22"
292950,SÃO SEBASTIÃO DO PASSÉ,BA,09/2022,3789,3021,"79,73",3021,0,"100,00",768,"20,27",342,426,"11,24"
292960,SAPEAÇU,BA,09/2022,1874,1834,"97,87",1834,0,"100,00",40,"2,13",8,32,"1,71"
292960,SAPEAÇU,BA,11/2022,1842,1808,"98,15",1808,0,"100,00",34,"1,85",6,28,"1,52"
292960,SAPEAÇU,BA,07/2022,1862,1817,"97,58",1817,0,"100,00",45,"2,42",3,42,"2,26"
292970,SÁTIRO DIAS,BA,07/2022,1889,1752,"92,75",1719,33,"98,12",137,"7,25",16,121,"6,41"
292970,SÁTIRO DIAS,BA,11/2022,1801,1471,"81,68",1453,18,"98,78",330,"18,32",43,287,"15,94"
292970,SÁTIRO DIAS,BA,09/2022,1892,1438,"76,00",1438,0,"100,00",454,"24,00",317,137,"7,24"
292975,SAUBARA,BA,09/2022,1529,1245,"81,43",1131,114,"90,84",284,"18,57",143,141,"9,22"
292975,SAUBARA,BA,11/2022,1514,1325,"87,52",1289,36,"97,28",189,"12,48",42,147,"9,71"
292975,SAUBARA,BA,07/2022,1546,1208,"78,14",1060,148,"87,75",338,"21,86",123,215,"13,91"
292980,SAÚDE,BA,07/2022,1339,1080,"80,66",1072,8,"99,26",259,"19,34",35,224,"16,73"
292980,SAÚDE,BA,09/2022,1289,1097,"85,10",1086,11,"99,00",192,"14,90",16,176,"13,65"
292980,SAÚDE,BA,11/2022,1280,1121,"87,58",1115,6,"99,46",159,"12,42",18,141,"11,02"
292990,SEABRA,BA,11/2022,4786,3948,"82,49",3934,14,"99,65",838,"17,51",115,723,"15,11"
292990,SEABRA,BA,09/2022,4869,3254,"66,83",3209,45,"98,62",1615,"33,17",853,762,"15,65"
292990,SEABRA,BA,07/2022,4865,3861,"79,36",3816,45,"98,83",1004,"20,64",231,773,"15,89"
293000,SEBASTIÃO LARANJEIRAS,BA,07/2022,992,875,"88,21",875,0,"100,00",117,"11,79",9,108,"10,89"
293000,SEBASTIÃO LARANJEIRAS,BA,11/2022,978,867,"88,65",867,0,"100,00",111,"11,35",5,106,"10,84"
293000,SEBASTIÃO LARANJEIRAS,BA,09/2022,979,791,"80,80",791,0,"100,00",188,"19,20",79,109,"11,13"
293010,SENHOR DO BONFIM,BA,09/2022,6827,5679,"83,18",5391,288,"94,93",1148,"16,82",130,1018,"14,91"
293010,SENHOR DO BONFIM,BA,11/2022,6691,5590,"83,55",5238,352,"93,70",1101,"16,45",86,1015,"15,17"
293010,SENHOR DO BONFIM,BA,07/2022,7029,4087,"58,14",3893,194,"95,25",2942,"41,86",86,2856,"40,63"
293015,SERRA DO RAMALHO,BA,07/2022,4517,4397,"97,34",4397,0,"100,00",120,"2,66",10,110,"2,44"
293015,SERRA DO RAMALHO,BA,09/2022,4361,4214,"96,63",4168,46,"98,91",147,"3,37",25,122,"2,80"
293015,SERRA DO RAMALHO,BA,11/2022,4316,4169,"96,59",4146,23,"99,45",147,"3,41",14,133,"3,08"
293020,SENTO SÉ,BA,09/2022,5358,3150,"58,79",2925,225,"92,86",2208,"41,21",1468,740,"13,81"
293020,SENTO SÉ,BA,11/2022,5262,4632,"88,03",4452,180,"96,11",630,"11,97",30,600,"11,40"
293020,SENTO SÉ,BA,07/2022,5535,4073,"73,59",3855,218,"94,65",1462,"26,41",217,1245,"22,49"
293030,SERRA DOURADA,BA,07/2022,1915,1724,"90,03",1724,0,"100,00",191,"9,97",36,155,"8,09"
293030,SERRA DOURADA,BA,09/2022,1908,1706,"89,41",1706,0,"100,00",202,"10,59",35,167,"8,75"
293030,SERRA DOURADA,BA,11/2022,1846,1692,"91,66",1692,0,"100,00",154,"8,34",76,78,"4,23"
293040,SERRA PRETA,BA,11/2022,1870,1447,"77,38",1445,2,"99,86",423,"22,62",15,408,"21,82"
293040,SERRA PRETA,BA,09/2022,1903,1422,"74,72",1422,0,"100,00",481,"25,28",23,458,"24,07"
293040,SERRA PRETA,BA,07/2022,1919,1438,"74,93",1422,16,"98,89",481,"25,07",20,461,"24,02"
293050,SERRINHA,BA,07/2022,8733,5298,"60,67",5258,40,"99,24",3435,"39,33",723,2712,"31,05"
293050,SERRINHA,BA,09/2022,8768,5374,"61,29",5366,8,"99,85",3394,"38,71",668,2726,"31,09"
293050,SERRINHA,BA,11/2022,8655,5609,"64,81",5607,2,"99,96",3046,"35,19",485,2561,"29,59"
293060,SERROLÂNDIA,BA,09/2022,1325,1086,"81,96",1080,6,"99,45",239,"18,04",30,209,"15,77"
293060,SERROLÂNDIA,BA,11/2022,1302,1121,"86,10",1101,20,"98,22",181,"13,90",19,162,"12,44"
293060,SERROLÂNDIA,BA,07/2022,1346,1108,"82,32",1096,12,"98,92",238,"17,68",38,200,"14,86"
293070,SIMÕES FILHO,BA,07/2022,11803,7797,"66,06",6809,988,"87,33",4006,"33,94",528,3478,"29,47"
293070,SIMÕES FILHO,BA,11/2022,12220,8936,"73,13",7863,1073,"87,99",3284,"26,87",514,2770,"22,67"
293070,SIMÕES FILHO,BA,09/2022,12173,8463,"69,52",7542,921,"89,12",3710,"30,48",479,3231,"26,54"
293075,SÍTIO DO MATO,BA,09/2022,2165,1954,"90,25",1954,0,"100,00",211,"9,75",3,208,"9,61"
293075,SÍTIO DO MATO,BA,11/2022,2119,1954,"92,21",1946,8,"99,59",165,"7,79",3,162,"7,65"
293075,SÍTIO DO MATO,BA,07/2022,2174,1936,"89,05",1935,1,"99,95",238,"10,95",21,217,"9,98"
293076,SÍTIO DO QUINTO,BA,07/2022,1303,1253,"96,16",1242,11,"99,12",50,"3,84",18,32,"2,46"
293076,SÍTIO DO QUINTO,BA,09/2022,1293,1249,"96,60",1238,11,"99,12",44,"3,40",13,31,"2,40"
293076,SÍTIO DO QUINTO,BA,11/2022,1266,1229,"97,08",1222,7,"99,43",37,"2,92",9,28,"2,21"
293077,SOBRADINHO,BA,11/2022,2809,2472,"88,00",2436,36,"98,54",337,"12,00",2,335,"11,93"
293077,SOBRADINHO,BA,09/2022,2840,2369,"83,42",2355,14,"99,41",471,"16,58",18,453,"15,95"
293077,SOBRADINHO,BA,07/2022,2796,2004,"71,67",1970,34,"98,30",792,"28,33",9,783,"28,00"
293080,SOUTO SOARES,BA,07/2022,2124,1953,"91,95",1952,1,"99,95",171,"8,05",24,147,"6,92"
293080,SOUTO SOARES,BA,09/2022,2037,1966,"96,51",1965,1,"99,95",71,"3,49",7,64,"3,14"
293080,SOUTO SOARES,BA,11/2022,2007,1922,"95,76",1922,0,"100,00",85,"4,24",27,58,"2,89"
293090,TABOCAS DO BREJO VELHO,BA,09/2022,1293,1004,"77,65",991,13,"98,71",289,"22,35",0,289,"22,35"
293090,TABOCAS DO BREJO VELHO,BA,11/2022,1245,1005,"80,72",993,12,"98,81",240,"19,28",2,238,"19,12"
293090,TABOCAS DO BREJO VELHO,BA,07/2022,1314,1024,"77,93",1009,15,"98,54",290,"22,07",0,290,"22,07"
293100,TANHAÇU,BA,07/2022,2177,1854,"85,16",1854,0,"100,00",323,"14,84",86,237,"10,89"
293100,TANHAÇU,BA,11/2022,2054,2010,"97,86",2004,6,"99,70",44,"2,14",14,30,"1,46"
293100,TANHAÇU,BA,09/2022,2111,2009,"95,17",2007,2,"99,90",102,"4,83",27,75,"3,55"
293105,TANQUE NOVO,BA,11/2022,1679,1647,"98,09",1609,38,"97,69",32,"1,91",4,28,"1,67"
293105,TANQUE NOVO,BA,09/2022,1709,1675,"98,01",1630,45,"97,31",34,"1,99",7,27,"1,58"
293105,TANQUE NOVO,BA,07/2022,1734,1639,"94,52",1598,41,"97,50",95,"5,48",4,91,"5,25"
293110,TANQUINHO,BA,07/2022,881,653,"74,12",622,31,"95,25",228,"25,88",27,201,"22,81"
293110,TANQUINHO,BA,11/2022,833,762,"91,48",754,8,"98,95",71,"8,52",28,43,"5,16"
293110,TANQUINHO,BA,09/2022,895,699,"78,10",670,29,"95,85",196,"21,90",47,149,"16,65"
293120,TAPEROÁ,BA,09/2022,2203,2094,"95,05",1946,148,"92,93",109,"4,95",9,100,"4,54"
293120,TAPEROÁ,BA,11/2022,2172,2064,"95,03",2011,53,"97,43",108,"4,97",3,105,"4,83"
293120,TAPEROÁ,BA,07/2022,2336,2045,"87,54",1963,82,"95,99",291,"12,46",9,282,"12,07"
293130,TAPIRAMUTÁ,BA,07/2022,1943,1200,"61,76",1174,26,"97,83",743,"38,24",440,303,"15,59"
293130,TAPIRAMUTÁ,BA,11/2022,1831,973,"53,14",960,13,"98,66",858,"46,86",556,302,"16,49"
293130,TAPIRAMUTÁ,BA,09/2022,1906,1244,"65,27",1229,15,"98,79",662,"34,73",366,296,"15,53"
293135,TEIXEIRA DE FREITAS,BA,09/2022,10255,8681,"84,65",8155,526,"93,94",1574,"15,35",500,1074,"10,47"
293135,TEIXEIRA DE FREITAS,BA,11/2022,10119,9292,"91,83",8815,477,"94,87",827,"8,17",230,597,"5,90"
293135,TEIXEIRA DE FREITAS,BA,07/2022,10929,7431,"67,99",7423,8,"99,89",3498,"32,01",418,3080,"28,18"
293140,TEODORO SAMPAIO,BA,07/2022,795,629,"79,12",628,1,"99,84",166,"20,88",3,163,"20,50"
293140,TEODORO SAMPAIO,BA,09/2022,793,626,"78,94",626,0,"100,00",167,"21,06",2,165,"20,81"
293140,TEODORO SAMPAIO,BA,11/2022,778,614,"78,92",586,28,"95,44",164,"21,08",3,161,"20,69"
293150,TEOFILÂNDIA,BA,11/2022,2363,2247,"95,09",2236,11,"99,51",116,"4,91",7,109,"4,61"
293150,TEOFILÂNDIA,BA,09/2022,2406,2252,"93,60",2217,35,"98,45",154,"6,40",11,143,"5,94"
293150,TEOFILÂNDIA,BA,07/2022,2440,2269,"92,99",2256,13,"99,43",171,"7,01",10,161,"6,60"
293160,TEOLÂNDIA,BA,07/2022,1997,1949,"97,60",1948,1,"99,95",48,"2,40",9,39,"1,95"
293160,TEOLÂNDIA,BA,09/2022,1917,1808,"94,31",1783,25,"98,62",109,"5,69",17,92,"4,80"
293160,TEOLÂNDIA,BA,11/2022,1875,1789,"95,41",1776,13,"99,27",86,"4,59",9,77,"4,11"
293170,TERRA NOVA,BA,11/2022,1455,1169,"80,34",1141,28,"97,60",286,"19,66",31,255,"17,53"
293170,TERRA NOVA,BA,09/2022,1462,1171,"80,10",1101,70,"94,02",291,"19,90",38,253,"17,31"
293170,TERRA NOVA,BA,07/2022,1483,1298,"87,53",1295,3,"99,77",185,"12,47",63,122,"8,23"
293180,TREMEDAL,BA,07/2022,1670,930,"55,69",929,1,"99,89",740,"44,31",448,292,"17,49"
293180,TREMEDAL,BA,11/2022,1630,1002,"61,47",990,12,"98,80",628,"38,53",262,366,"22,45"
293180,TREMEDAL,BA,09/2022,1652,940,"56,90",913,27,"97,13",712,"43,10",306,406,"24,58"
293190,TUCANO,BA,09/2022,5830,3196,"54,82",3122,74,"97,68",2634,"45,18",2088,546,"9,37"
293190,TUCANO,BA,11/2022,5812,4720,"81,21",4611,109,"97,69",1092,"18,79",597,495,"8,52"
293190,TUCANO,BA,07/2022,5854,3897,"66,57",3623,274,"92,97",1957,"33,43",1383,574,"9,81"
293200,UAUÁ,BA,07/2022,3052,2322,"76,08",2255,67,"97,11",730,"23,92",28,702,"23,00"
293200,UAUÁ,BA,09/2022,3055,2269,"74,27",2142,127,"94,40",786,"25,73",41,745,"24,39"
293200,UAUÁ,BA,11/2022,2992,2276,"76,07",2086,190,"91,65",716,"23,93",13,703,"23,50"
293210,UBAÍRA,BA,11/2022,2015,1760,"87,34",1717,43,"97,56",255,"12,66",14,241,"11,96"
293210,UBAÍRA,BA,09/2022,2049,1832,"89,41",1720,112,"93,89",217,"10,59",16,201,"9,81"
293210,UBAÍRA,BA,07/2022,2159,1683,"77,95",1553,130,"92,28",476,"22,05",75,401,"18,57"
293220,UBAITABA,BA,07/2022,1875,0,"0,00",0,0,,1875,"100,00",1727,148,"7,89"
293220,UBAITABA,BA,11/2022,2041,1835,"89,91",1832,3,"99,84",206,"10,09",67,139,"6,81"
293220,UBAITABA,BA,09/2022,1991,1819,"91,36",1819,0,"100,00",172,"8,64",14,158,"7,94"
293230,UBATÃ,BA,09/2022,1818,1673,"92,02",1673,0,"100,00",145,"7,98",10,135,"7,43"
293230,UBATÃ,BA,11/2022,1821,1672,"91,82",1672,0,"100,00",149,"8,18",6,143,"7,85"
293230,UBATÃ,BA,07/2022,1814,1676,"92,39",1676,0,"100,00",138,"7,61",17,121,"6,67"
293240,UIBAÍ,BA,07/2022,1498,1261,"84,18",1244,17,"98,65",237,"15,82",28,209,"13,95"
293240,UIBAÍ,BA,09/2022,1423,1343,"94,38",1320,23,"98,29",80,"5,62",16,64,"4,50"
293240,UIBAÍ,BA,11/2022,1409,1337,"94,89",1322,15,"98,88",72,"5,11",13,59,"4,19"
293245,UMBURANAS,BA,09/2022,1891,1399,"73,98",1273,126,"90,99",492,"26,02",122,370,"19,57"
293245,UMBURANAS,BA,11/2022,1802,1361,"75,53",1226,135,"90,08",441,"24,47",104,337,"18,70"
293245,UMBURANAS,BA,07/2022,1950,1564,"80,21",1530,34,"97,83",386,"19,79",78,308,"15,79"
293250,UNA,BA,07/2022,2378,1109,"46,64",1038,71,"93,60",1269,"53,36",30,1239,"52,10"
293250,UNA,BA,09/2022,2347,1062,"45,25",1022,40,"96,23",1285,"54,75",17,1268,"54,03"
293250,UNA,BA,11/2022,2290,1085,"47,38",1028,57,"94,75",1205,"52,62",7,1198,"52,31"
293260,URANDI,BA,11/2022,1581,1416,"89,56",1379,37,"97,39",165,"10,44",7,158,"9,99"
293260,URANDI,BA,09/2022,1593,1280,"80,35",1258,22,"98,28",313,"19,65",13,300,"18,83"
293260,URANDI,BA,07/2022,1588,1291,"81,30",1269,22,"98,30",297,"18,70",5,292,"18,39"
293270,URUÇUCA,BA,07/2022,2845,0,"0,00",0,0,,2845,"100,00",2211,634,"22,28"
293270,URUÇUCA,BA,11/2022,2898,1899,"65,53",1899,0,"100,00",999,"34,47",360,639,"22,05"
293270,URUÇUCA,BA,09/2022,2964,1975,"66,63",1975,0,"100,00",989,"33,37",340,649,"21,90"
293280,UTINGA,BA,11/2022,1776,1628,"91,67",1579,49,"96,99",148,"8,33",21,127,"7,15"
293280,UTINGA,BA,09/2022,1803,1673,"92,79",1542,131,"92,17",130,"7,21",18,112,"6,21"
293280,UTINGA,BA,07/2022,1841,1648,"89,52",1523,125,"92,42",193,"10,48",24,169,"9,18"
293290,VALENÇA,BA,07/2022,7963,6892,"86,55",6873,19,"99,72",1071,"13,45",210,861,"10,81"
293290,VALENÇA,BA,11/2022,7523,7180,"95,44",6518,662,"90,78",343,"4,56",29,314,"4,17"
293290,VALENÇA,BA,09/2022,7706,7113,"92,30",7033,80,"98,88",593,"7,70",73,520,"6,75"
293300,VALENTE,BA,11/2022,2210,1607,"72,71",1546,61,"96,20",603,"27,29",262,341,"15,43"
293300,VALENTE,BA,09/2022,2246,1517,"67,54",1489,28,"98,15",729,"32,46",337,392,"17,45"
293300,VALENTE,BA,07/2022,2271,1351,"59,49",1313,38,"97,19",920,"40,51",337,583,"25,67"
293305,VÁRZEA DA ROÇA,BA,07/2022,1510,655,"43,38",642,13,"98,02",855,"56,62",15,840,"55,63"
293305,VÁRZEA DA ROÇA,BA,11/2022,1470,779,"52,99",726,53,"93,20",691,"47,01",143,548,"37,28"
293305,VÁRZEA DA ROÇA,BA,09/2022,1499,636,"42,43",636,0,"100,00",863,"57,57",37,826,"55,10"
293310,VÁRZEA DO POÇO,BA,11/2022,766,646,"84,33",646,0,"100,00",120,"15,67",3,117,"15,27"
293310,VÁRZEA DO POÇO,BA,09/2022,790,667,"84,43",667,0,"100,00",123,"15,57",5,118,"14,94"
293310,VÁRZEA DO POÇO,BA,07/2022,788,674,"85,53",674,0,"100,00",114,"14,47",5,109,"13,83"
293315,VÁRZEA NOVA,BA,07/2022,1662,1275,"76,71",1203,72,"94,35",387,"23,29",11,376,"22,62"
293315,VÁRZEA NOVA,BA,09/2022,1668,1222,"73,26",1166,56,"95,42",446,"26,74",7,439,"26,32"
293315,VÁRZEA NOVA,BA,11/2022,1600,1286,"80,38",1214,72,"94,40",314,"19,63",15,299,"18,69"
293317,VARZEDO,BA,11/2022,923,882,"95,56",863,19,"97,85",41,"4,44",6,35,"3,79"
293317,VARZEDO,BA,09/2022,929,886,"95,37",848,38,"95,71",43,"4,63",8,35,"3,77"
293317,VARZEDO,BA,07/2022,962,890,"92,52",798,92,"89,66",72,"7,48",17,55,"5,72"
293320,VERA CRUZ,BA,07/2022,4959,3914,"78,93",3914,0,"100,00",1045,"21,07",69,976,"19,68"
293320,VERA CRUZ,BA,09/2022,5051,3755,"74,34",3755,0,"100,00",1296,"25,66",280,1016,"20,11"
293320,VERA CRUZ,BA,11/2022,5027,3889,"77,36",3889,0,"100,00",1138,"22,64",109,1029,"20,47"
293325,VEREDA,BA,11/2022,632,524,"82,91",523,1,"99,81",108,"17,09",19,89,"14,08"
293325,VEREDA,BA,09/2022,658,537,"81,61",537,0,"100,00",121,"18,39",5,116,"17,63"
293325,VEREDA,BA,07/2022,688,638,"92,73",638,0,"100,00",50,"7,27",8,42,"6,10"
293330,VITÓRIA DA CONQUISTA,BA,07/2022,26459,22405,"84,68",21209,1196,"94,66",4054,"15,32",195,3859,"14,58"
293330,VITÓRIA DA CONQUISTA,BA,09/2022,27586,24665,"89,41",23630,1035,"95,80",2921,"10,59",62,2859,"10,36"
293330,VITÓRIA DA CONQUISTA,BA,11/2022,27717,24760,"89,33",23911,849,"96,57",2957,"10,67",54,2903,"10,47"
293340,WAGNER,BA,11/2022,908,594,"65,42",594,0,"100,00",314,"34,58",255,59,"6,50"
293340,WAGNER,BA,09/2022,924,573,"62,01",573,0,"100,00",351,"37,99",287,64,"6,93"
293340,WAGNER,BA,07/2022,928,568,"61,21",566,2,"99,65",360,"38,79",305,55,"5,93"
293345,WANDERLEY,BA,07/2022,1607,0,"0,00",0,0,,1607,"100,00",1467,140,"8,71"
293345,WANDERLEY,BA,09/2022,1613,1486,"92,13",1480,6,"99,60",127,"7,87",6,121,"7,50"
293345,WANDERLEY,BA,11/2022,1573,1449,"92,12",1427,22,"98,48",124,"7,88",10,114,"7,25"
293350,WENCESLAU GUIMARÃES,BA,11/2022,3242,2759,"85,10",2759,0,"100,00",483,"14,90",31,452,"13,94"
293350,WENCESLAU GUIMARÃES,BA,09/2022,3342,2831,"84,71",2831,0,"100,00",511,"15,29",39,472,"14,12"
293350,WENCESLAU GUIMARÃES,BA,07/2022,3334,2775,"83,23",2774,1,"99,96",559,"16,77",26,533,"15,99"
293360,XIQUE-XIQUE,BA,07/2022,7138,5623,"78,78",5623,0,"100,00",1515,"21,22",648,867,"12,15"
293360,XIQUE-XIQUE,BA,11/2022,6981,5984,"85,72",5983,1,"99,98",997,"14,28",128,869,"12,45"
293360,XIQUE-XIQUE,BA,09/2022,7142,6063,"84,89",6063,0,"100,00",1079,"15,11",189,890,"12,46"
230010,ABAIARA,CE,09/2022,1123,886,"78,90",877,9,"98,98",237,"21,10",7,230,"20,48"
230010,ABAIARA,CE,07/2022,1125,902,"80,18",886,16,"98,23",223,"19,82",7,216,"19,20"
230010,ABAIARA,CE,11/2022,1094,882,"80,62",870,12,"98,64",212,"19,38",4,208,"19,01"
230015,ACARAPE,CE,11/2022,1659,1454,"87,64",1394,60,"95,87",205,"12,36",34,171,"10,31"
230015,ACARAPE,CE,09/2022,1697,1469,"86,56",1360,109,"92,58",228,"13,44",37,191,"11,26"
230015,ACARAPE,CE,07/2022,1702,1422,"83,55",1418,4,"99,72",280,"16,45",28,252,"14,81"
230020,ACARAÚ,CE,09/2022,7835,6642,"84,77",6580,62,"99,07",1193,"15,23",22,1171,"14,95"
230020,ACARAÚ,CE,07/2022,7886,6691,"84,85",6639,52,"99,22",1195,"15,15",30,1165,"14,77"
230020,ACARAÚ,CE,11/2022,7740,6574,"84,94",6520,54,"99,18",1166,"15,06",15,1151,"14,87"
230030,ACOPIARA,CE,11/2022,4892,4558,"93,17",4460,98,"97,85",334,"6,83",32,302,"6,17"
230030,ACOPIARA,CE,07/2022,5068,4697,"92,68",4687,10,"99,79",371,"7,32",26,345,"6,81"
230030,ACOPIARA,CE,09/2022,4974,4568,"91,84",4404,164,"96,41",406,"8,16",40,366,"7,36"
230040,AIUABA,CE,09/2022,1745,1613,"92,44",1613,0,"100,00",132,"7,56",8,124,"7,11"
230040,AIUABA,CE,07/2022,1772,1643,"92,72",1643,0,"100,00",129,"7,28",10,119,"6,72"
230040,AIUABA,CE,11/2022,1706,1570,"92,03",1569,1,"99,94",136,"7,97",11,125,"7,33"
230050,ALCÂNTARAS,CE,11/2022,848,823,"97,05",802,21,"97,45",25,"2,95",2,23,"2,71"
230050,ALCÂNTARAS,CE,09/2022,854,817,"95,67",790,27,"96,70",37,"4,33",7,30,"3,51"
230050,ALCÂNTARAS,CE,07/2022,846,804,"95,04",804,0,"100,00",42,"4,96",5,37,"4,37"
230060,ALTANEIRA,CE,07/2022,965,842,"87,25",839,3,"99,64",123,"12,75",18,105,"10,88"
230060,ALTANEIRA,CE,09/2022,954,851,"89,20",841,10,"98,82",103,"10,80",3,100,"10,48"
230060,ALTANEIRA,CE,11/2022,917,865,"94,33",863,2,"99,77",52,"5,67",1,51,"5,56"
230070,ALTO SANTO,CE,11/2022,1373,1235,"89,95",1235,0,"100,00",138,"10,05",8,130,"9,47"
230070,ALTO SANTO,CE,07/2022,1418,710,"50,07",710,0,"100,00",708,"49,93",566,142,"10,01"
230070,ALTO SANTO,CE,09/2022,1427,1268,"88,86",1268,0,"100,00",159,"11,14",17,142,"9,95"
230075,AMONTADA,CE,07/2022,5823,5320,"91,36",5317,3,"99,94",503,"8,64",42,461,"7,92"
230075,AMONTADA,CE,09/2022,5656,5426,"95,93",5400,26,"99,52",230,"4,07",18,212,"3,75"
230075,AMONTADA,CE,11/2022,5549,5317,"95,82",5163,154,"97,10",232,"4,18",15,217,"3,91"
230080,ANTONINA DO NORTE,CE,11/2022,999,905,"90,59",902,3,"99,67",94,"9,41",4,90,"9,01"
230080,ANTONINA DO NORTE,CE,07/2022,1023,936,"91,50",935,1,"99,89",87,"8,50",5,82,"8,02"
230080,ANTONINA DO NORTE,CE,09/2022,1013,921,"90,92",921,0,"100,00",92,"9,08",4,88,"8,69"
230090,APUIARÉS,CE,09/2022,1529,1353,"88,49",1342,11,"99,19",176,"11,51",5,171,"11,18"
230090,APUIARÉS,CE,07/2022,1537,1375,"89,46",1367,8,"99,42",162,"10,54",9,153,"9,95"
230090,APUIARÉS,CE,11/2022,1488,1323,"88,91",1302,21,"98,41",165,"11,09",5,160,"10,75"
230100,AQUIRAZ,CE,11/2022,8401,7710,"91,77",7693,17,"99,78",691,"8,23",13,678,"8,07"
230100,AQUIRAZ,CE,09/2022,8602,7513,"87,34",7502,11,"99,85",1089,"12,66",73,1016,"11,81"
230100,AQUIRAZ,CE,07/2022,8552,7376,"86,25",7371,5,"99,93",1176,"13,75",39,1137,"13,30"
230110,ARACATI,CE,09/2022,5997,4941,"82,39",4701,240,"95,14",1056,"17,61",464,592,"9,87"
230110,ARACATI,CE,07/2022,6014,4612,"76,69",4336,276,"94,02",1402,"23,31",668,734,"12,20"
230110,ARACATI,CE,11/2022,5913,5536,"93,62",5304,232,"95,81",377,"6,38",66,311,"5,26"
230120,ARACOIABA,CE,11/2022,3188,2801,"87,86",2752,49,"98,25",387,"12,14",10,377,"11,83"
230120,ARACOIABA,CE,09/2022,3210,2742,"85,42",2626,116,"95,77",468,"14,58",11,457,"14,24"
230120,ARACOIABA,CE,07/2022,3203,2754,"85,98",2708,46,"98,33",449,"14,02",6,443,"13,83"
230125,ARARENDÁ,CE,07/2022,1242,1212,"97,58",1211,1,"99,92",30,"2,42",7,23,"1,85"
230125,ARARENDÁ,CE,09/2022,1206,1178,"97,68",1163,15,"98,73",28,"2,32",7,21,"1,74"
230125,ARARENDÁ,CE,11/2022,1214,1180,"97,20",1167,13,"98,90",34,"2,80",8,26,"2,14"
230130,ARARIPE,CE,11/2022,2543,2486,"97,76",2359,127,"94,89",57,"2,24",14,43,"1,69"
230130,ARARIPE,CE,07/2022,2732,1484,"54,32",1451,33,"97,78",1248,"45,68",356,892,"32,65"
230130,ARARIPE,CE,09/2022,2582,1803,"69,83",1734,69,"96,17",779,"30,17",711,68,"2,63"
230140,ARATUBA,CE,07/2022,1509,1365,"90,46",1364,1,"99,93",144,"9,54",8,136,"9,01"
230140,ARATUBA,CE,09/2022,1504,1358,"90,29",1342,16,"98,82",146,"9,71",5,141,"9,38"
230140,ARATUBA,CE,11/2022,1505,1404,"93,29",1388,16,"98,86",101,"6,71",11,90,"5,98"
230150,ARNEIROZ,CE,11/2022,678,657,"96,90",657,0,"100,00",21,"3,10",8,13,"1,92"
230150,ARNEIROZ,CE,07/2022,704,573,"81,39",572,1,"99,83",131,"18,61",75,56,"7,95"
230150,ARNEIROZ,CE,09/2022,680,571,"83,97",563,8,"98,60",109,"16,03",59,50,"7,35"
230160,ASSARÉ,CE,09/2022,2551,2234,"87,57",2234,0,"100,00",317,"12,43",145,172,"6,74"
230160,ASSARÉ,CE,07/2022,2554,2365,"92,60",2364,1,"99,96",189,"7,40",19,170,"6,66"
230160,ASSARÉ,CE,11/2022,2524,2367,"93,78",2367,0,"100,00",157,"6,22",8,149,"5,90"
230170,AURORA,CE,11/2022,2239,2073,"92,59",2003,70,"96,62",166,"7,41",7,159,"7,10"
230170,AURORA,CE,09/2022,2326,2078,"89,34",2029,49,"97,64",248,"10,66",27,221,"9,50"
230170,AURORA,CE,07/2022,2367,2116,"89,40",2109,7,"99,67",251,"10,60",33,218,"9,21"
230180,BAIXIO,CE,07/2022,615,0,"0,00",0,0,,615,"100,00",579,36,"5,85"
230180,BAIXIO,CE,09/2022,651,617,"94,78",617,0,"100,00",34,"5,22",0,34,"5,22"
230180,BAIXIO,CE,11/2022,639,608,"95,15",608,0,"100,00",31,"4,85",0,31,"4,85"
230185,BANABUIÚ,CE,11/2022,2021,1784,"88,27",1776,8,"99,55",237,"11,73",83,154,"7,62"
230185,BANABUIÚ,CE,07/2022,2170,1849,"85,21",1848,1,"99,95",321,"14,79",3,318,"14,65"
230185,BANABUIÚ,CE,09/2022,2095,1894,"90,41",1866,28,"98,52",201,"9,59",13,188,"8,97"
230190,BARBALHA,CE,09/2022,6468,4353,"67,30",4305,48,"98,90",2115,"32,70",468,1647,"25,46"
230190,BARBALHA,CE,07/2022,6382,4034,"63,21",4016,18,"99,55",2348,"36,79",752,1596,"25,01"
230190,BARBALHA,CE,11/2022,6291,4901,"77,90",4849,52,"98,94",1390,"22,10",362,1028,"16,34"
230195,BARREIRA,CE,11/2022,2609,2017,"77,31",1940,77,"96,18",592,"22,69",296,296,"11,35"
230195,BARREIRA,CE,09/2022,2627,1260,"47,96",1222,38,"96,98",1367,"52,04",999,368,"14,01"
230195,BARREIRA,CE,07/2022,2688,2294,"85,34",2294,0,"100,00",394,"14,66",22,372,"13,84"
230200,BARRO,CE,09/2022,1900,1728,"90,95",1552,176,"89,81",172,"9,05",29,143,"7,53"
230200,BARRO,CE,07/2022,1951,1755,"89,95",1754,1,"99,94",196,"10,05",23,173,"8,87"
230200,BARRO,CE,11/2022,1840,1715,"93,21",1680,35,"97,96",125,"6,79",39,86,"4,67"
230205,BARROQUINHA,CE,11/2022,1909,1819,"95,29",1773,46,"97,47",90,"4,71",3,87,"4,56"
230205,BARROQUINHA,CE,07/2022,1975,1872,"94,78",1872,0,"100,00",103,"5,22",4,99,"5,01"
230205,BARROQUINHA,CE,09/2022,1947,1837,"94,35",1794,43,"97,66",110,"5,65",7,103,"5,29"
230210,BATURITÉ,CE,07/2022,4015,3793,"94,47",3793,0,"100,00",222,"5,53",6,216,"5,38"
230210,BATURITÉ,CE,09/2022,3994,3785,"94,77",3784,1,"99,97",209,"5,23",4,205,"5,13"
230210,BATURITÉ,CE,11/2022,3927,3742,"95,29",3741,1,"99,97",185,"4,71",7,178,"4,53"
230220,BEBERIBE,CE,11/2022,5933,5666,"95,50",5449,217,"96,17",267,"4,50",12,255,"4,30"
230220,BEBERIBE,CE,07/2022,6034,5295,"87,75",5295,0,"100,00",739,"12,25",35,704,"11,67"
230220,BEBERIBE,CE,09/2022,6097,5344,"87,65",5344,0,"100,00",753,"12,35",36,717,"11,76"
230230,BELA CRUZ,CE,09/2022,3214,2612,"81,27",2609,3,"99,89",602,"18,73",364,238,"7,41"
230230,BELA CRUZ,CE,07/2022,3279,2781,"84,81",2781,0,"100,00",498,"15,19",272,226,"6,89"
230230,BELA CRUZ,CE,11/2022,3172,2815,"88,75",2814,1,"99,96",357,"11,25",120,237,"7,47"
230240,BOA VIAGEM,CE,11/2022,5260,4668,"88,75",4470,198,"95,76",592,"11,25",2,590,"11,22"
230240,BOA VIAGEM,CE,07/2022,5454,4824,"88,45",4820,4,"99,92",630,"11,55",17,613,"11,24"
230240,BOA VIAGEM,CE,09/2022,5361,4713,"87,91",4563,150,"96,82",648,"12,09",15,633,"11,81"
230250,BREJO SANTO,CE,09/2022,4737,4336,"91,53",4249,87,"97,99",401,"8,47",9,392,"8,28"
230250,BREJO SANTO,CE,07/2022,4796,4471,"93,22",4465,6,"99,87",325,"6,78",6,319,"6,65"
230250,BREJO SANTO,CE,11/2022,4676,4209,"90,01",4181,28,"99,33",467,"9,99",5,462,"9,88"
230260,CAMOCIM,CE,11/2022,6596,5442,"82,50",5313,129,"97,63",1154,"17,50",449,705,"10,69"
230260,CAMOCIM,CE,07/2022,6781,5971,"88,05",5968,3,"99,95",810,"11,95",16,794,"11,71"
230260,CAMOCIM,CE,09/2022,6679,5470,"81,90",5336,134,"97,55",1209,"18,10",451,758,"11,35"
230270,CAMPOS SALES,CE,07/2022,2806,2316,"82,54",2312,4,"99,83",490,"17,46",60,430,"15,32"
230270,CAMPOS SALES,CE,11/2022,2710,2426,"89,52",2384,42,"98,27",284,"10,48",32,252,"9,30"
230270,CAMPOS SALES,CE,09/2022,2757,2201,"79,83",2149,52,"97,64",556,"20,17",98,458,"16,61"
230280,CANINDÉ,CE,09/2022,8323,7077,"85,03",6749,328,"95,37",1246,"14,97",247,999,"12,00"
230280,CANINDÉ,CE,11/2022,8150,7082,"86,90",6930,152,"97,85",1068,"13,10",324,744,"9,13"
230280,CANINDÉ,CE,07/2022,8445,6868,"81,33",6846,22,"99,68",1577,"18,67",408,1169,"13,84"
230290,CAPISTRANO,CE,07/2022,1979,1914,"96,72",1878,36,"98,12",65,"3,28",4,61,"3,08"
230290,CAPISTRANO,CE,11/2022,1931,1837,"95,13",1809,28,"98,48",94,"4,87",29,65,"3,37"
230290,CAPISTRANO,CE,09/2022,1944,1865,"95,94",1844,21,"98,87",79,"4,06",1,78,"4,01"
230300,CARIDADE,CE,09/2022,2316,2112,"91,19",2103,9,"99,57",204,"8,81",8,196,"8,46"
230300,CARIDADE,CE,11/2022,2265,2068,"91,30",2063,5,"99,76",197,"8,70",4,193,"8,52"
230300,CARIDADE,CE,07/2022,2339,2136,"91,32",2132,4,"99,81",203,"8,68",21,182,"7,78"
230310,CARIRÉ,CE,07/2022,1778,1727,"97,13",1726,1,"99,94",51,"2,87",17,34,"1,91"
230310,CARIRÉ,CE,11/2022,1722,1668,"96,86",1659,9,"99,46",54,"3,14",25,29,"1,68"
230310,CARIRÉ,CE,09/2022,1756,1701,"96,87",1683,18,"98,94",55,"3,13",22,33,"1,88"
230320,CARIRIAÇU,CE,09/2022,3332,2854,"85,65",2831,23,"99,19",478,"14,35",63,415,"12,45"
230320,CARIRIAÇU,CE,11/2022,3239,2844,"87,80",2812,32,"98,87",395,"12,20",25,370,"11,42"
230320,CARIRIAÇU,CE,07/2022,3440,2865,"83,28",2830,35,"98,78",575,"16,72",13,562,"16,34"
230330,CARIÚS,CE,07/2022,1657,1405,"84,79",1362,43,"96,94",252,"15,21",39,213,"12,85"
230330,CARIÚS,CE,11/2022,1587,1393,"87,78",1354,39,"97,20",194,"12,22",14,180,"11,34"
230330,CARIÚS,CE,09/2022,1616,1387,"85,83",1338,49,"96,47",229,"14,17",22,207,"12,81"
230340,CARNAUBAL,CE,09/2022,1868,1751,"93,74",1621,130,"92,58",117,"6,26",15,102,"5,46"
230340,CARNAUBAL,CE,11/2022,1835,1720,"93,73",1640,80,"95,35",115,"6,27",6,109,"5,94"
230340,CARNAUBAL,CE,07/2022,1879,1775,"94,47",1775,0,"100,00",104,"5,53",6,98,"5,22"
230350,CASCAVEL,CE,07/2022,7590,6885,"90,71",6861,24,"99,65",705,"9,29",186,519,"6,84"
230350,CASCAVEL,CE,11/2022,7398,7153,"96,69",7110,43,"99,40",245,"3,31",9,236,"3,19"
230350,CASCAVEL,CE,09/2022,7545,7228,"95,80",7132,96,"98,67",317,"4,20",153,164,"2,17"
230360,CATARINA,CE,09/2022,1090,940,"86,24",899,41,"95,64",150,"13,76",35,115,"10,55"
230360,CATARINA,CE,11/2022,1064,946,"88,91",905,41,"95,67",118,"11,09",3,115,"10,81"
230360,CATARINA,CE,07/2022,1122,969,"86,36",969,0,"100,00",153,"13,64",35,118,"10,52"
230365,CATUNDA,CE,07/2022,1231,1082,"87,90",1082,0,"100,00",149,"12,10",97,52,"4,22"
230365,CATUNDA,CE,11/2022,1182,1136,"96,11",1136,0,"100,00",46,"3,89",6,40,"3,38"
230365,CATUNDA,CE,09/2022,1207,1167,"96,69",1167,0,"100,00",40,"3,31",2,38,"3,15"
230370,CAUCAIA,CE,09/2022,34531,23517,"68,10",23275,242,"98,97",11014,"31,90",358,10656,"30,86"
230370,CAUCAIA,CE,11/2022,34583,23936,"69,21",23684,252,"98,95",10647,"30,79",740,9907,"28,65"
230370,CAUCAIA,CE,07/2022,33665,22776,"67,65",22724,52,"99,77",10889,"32,35",544,10345,"30,73"
230380,CEDRO,CE,07/2022,2333,2120,"90,87",2110,10,"99,53",213,"9,13",9,204,"8,74"
230380,CEDRO,CE,11/2022,2205,2023,"91,75",2015,8,"99,60",182,"8,25",5,177,"8,03"
230380,CEDRO,CE,09/2022,2245,1921,"85,57",1906,15,"99,22",324,"14,43",135,189,"8,42"
230390,CHAVAL,CE,09/2022,1569,1438,"91,65",1438,0,"100,00",131,"8,35",6,125,"7,97"
230390,CHAVAL,CE,11/2022,1535,1427,"92,96",1425,2,"99,86",108,"7,04",1,107,"6,97"
230390,CHAVAL,CE,07/2022,1591,1469,"92,33",1469,0,"100,00",122,"7,67",0,122,"7,67"
230393,CHORÓ,CE,07/2022,1556,1426,"91,65",1426,0,"100,00",130,"8,35",28,102,"6,56"
230393,CHORÓ,CE,11/2022,1464,1367,"93,37",1367,0,"100,00",97,"6,63",5,92,"6,28"
230393,CHORÓ,CE,09/2022,1511,1399,"92,59",1395,4,"99,71",112,"7,41",17,95,"6,29"
230395,CHOROZINHO,CE,09/2022,2296,2176,"94,77",2164,12,"99,45",120,"5,23",21,99,"4,31"
230395,CHOROZINHO,CE,11/2022,2244,2170,"96,70",2124,46,"97,88",74,"3,30",10,64,"2,85"
230395,CHOROZINHO,CE,07/2022,2340,2197,"93,89",2178,19,"99,14",143,"6,11",45,98,"4,19"
230400,COREAÚ,CE,07/2022,2337,2031,"86,91",2024,7,"99,66",306,"13,09",9,297,"12,71"
230400,COREAÚ,CE,11/2022,2232,1942,"87,01",1916,26,"98,66",290,"12,99",6,284,"12,72"
230400,COREAÚ,CE,09/2022,2281,1963,"86,06",1883,80,"95,92",318,"13,94",15,303,"13,28"
230410,CRATEÚS,CE,09/2022,6086,5906,"97,04",5802,104,"98,24",180,"2,96",10,170,"2,79"
230410,CRATEÚS,CE,11/2022,6067,5919,"97,56",5847,72,"98,78",148,"2,44",11,137,"2,26"
230410,CRATEÚS,CE,07/2022,6232,5906,"94,77",5903,3,"99,95",326,"5,23",7,319,"5,12"
230420,CRATO,CE,07/2022,11984,6878,"57,39",6866,12,"99,83",5106,"42,61",2600,2506,"20,91"
230420,CRATO,CE,11/2022,11911,9332,"78,35",9180,152,"98,37",2579,"21,65",467,2112,"17,73"
230420,CRATO,CE,09/2022,12064,6805,"56,41",6691,114,"98,32",5259,"43,59",2833,2426,"20,11"
230423,CROATÁ,CE,09/2022,2049,1954,"95,36",1935,19,"99,03",95,"4,64",16,79,"3,86"
230423,CROATÁ,CE,11/2022,1988,1915,"96,33",1897,18,"99,06",73,"3,67",8,65,"3,27"
230423,CROATÁ,CE,07/2022,2070,1996,"96,43",1995,1,"99,95",74,"3,57",9,65,"3,14"
230425,CRUZ,CE,07/2022,3152,2827,"89,69",2822,5,"99,82",325,"10,31",47,278,"8,82"
230425,CRUZ,CE,11/2022,3174,2898,"91,30",2860,38,"98,69",276,"8,70",18,258,"8,13"
230425,CRUZ,CE,09/2022,3146,2818,"89,57",2724,94,"96,66",328,"10,43",22,306,"9,73"
230426,DEPUTADO IRAPUAN PINHEIRO,CE,09/2022,806,725,"89,95",692,33,"95,45",81,"10,05",37,44,"5,46"
230426,DEPUTADO IRAPUAN PINHEIRO,CE,11/2022,778,697,"89,59",690,7,"99,00",81,"10,41",17,64,"8,23"
230426,DEPUTADO IRAPUAN PINHEIRO,CE,07/2022,827,789,"95,41",785,4,"99,49",38,"4,59",1,37,"4,47"
230427,ERERÊ,CE,07/2022,601,590,"98,17",590,0,"100,00",11,"1,83",1,10,"1,66"
230427,ERERÊ,CE,11/2022,581,574,"98,80",567,7,"98,78",7,"1,20",1,6,"1,03"
230427,ERERÊ,CE,09/2022,600,591,"98,50",573,18,"96,95",9,"1,50",1,8,"1,33"
230428,EUSÉBIO,CE,09/2022,5604,4937,"88,10",4720,217,"95,60",667,"11,90",22,645,"11,51"
230428,EUSÉBIO,CE,11/2022,5601,4962,"88,59",4732,230,"95,36",639,"11,41",17,622,"11,11"
230428,EUSÉBIO,CE,07/2022,5549,4827,"86,99",4817,10,"99,79",722,"13,01",29,693,"12,49"
230430,FARIAS BRITO,CE,07/2022,2114,2040,"96,50",2040,0,"100,00",74,"3,50",2,72,"3,41"
230430,FARIAS BRITO,CE,11/2022,2085,2003,"96,07",2003,0,"100,00",82,"3,93",4,78,"3,74"
230430,FARIAS BRITO,CE,09/2022,2096,2017,"96,23",2017,0,"100,00",79,"3,77",4,75,"3,58"
230435,FORQUILHA,CE,09/2022,2255,2222,"98,54",2141,81,"96,35",33,"1,46",16,17,"0,75"
230435,FORQUILHA,CE,11/2022,2197,2176,"99,04",2136,40,"98,16",21,"0,96",5,16,"0,73"
230435,FORQUILHA,CE,07/2022,2264,2214,"97,79",2188,26,"98,83",50,"2,21",15,35,"1,55"
230440,FORTALEZA,CE,07/2022,174650,110339,"63,18",110026,313,"99,72",64311,"36,82",11367,52944,"30,31"
230440,FORTALEZA,CE,11/2022,177752,124358,"69,96",121582,2776,"97,77",53394,"30,04",8163,45231,"25,45"
230440,FORTALEZA,CE,09/2022,179252,117088,"65,32",114441,2647,"97,74",62164,"34,68",9724,52440,"29,25"
230445,FORTIM,CE,09/2022,1449,1386,"95,65",1346,40,"97,11",63,"4,35",11,52,"3,59"
230445,FORTIM,CE,11/2022,1436,1389,"96,73",1320,69,"95,03",47,"3,27",2,45,"3,13"
230445,FORTIM,CE,07/2022,1448,1384,"95,58",1381,3,"99,78",64,"4,42",5,59,"4,07"
230450,FRECHEIRINHA,CE,07/2022,1797,1258,"70,01",1257,1,"99,92",539,"29,99",7,532,"29,60"
230450,FRECHEIRINHA,CE,11/2022,1733,1428,"82,40",1369,59,"95,87",305,"17,60",2,303,"17,48"
230450,FRECHEIRINHA,CE,09/2022,1788,1453,"81,26",1365,88,"93,94",335,"18,74",3,332,"18,57"
230460,GENERAL SAMPAIO,CE,09/2022,1085,871,"80,28",871,0,"100,00",214,"19,72",5,209,"19,26"
230460,GENERAL SAMPAIO,CE,11/2022,1051,842,"80,11",841,1,"99,88",209,"19,89",2,207,"19,70"
230460,GENERAL SAMPAIO,CE,07/2022,1071,861,"80,39",861,0,"100,00",210,"19,61",6,204,"19,05"
230465,GRAÇA,CE,07/2022,1747,1556,"89,07",1549,7,"99,55",191,"10,93",65,126,"7,21"
230465,GRAÇA,CE,11/2022,1626,1542,"94,83",1520,22,"98,57",84,"5,17",53,31,"1,91"
230465,GRAÇA,CE,09/2022,1674,1571,"93,85",1561,10,"99,36",103,"6,15",62,41,"2,45"
230470,GRANJA,CE,09/2022,6246,5150,"82,45",5118,32,"99,38",1096,"17,55",225,871,"13,94"
230470,GRANJA,CE,11/2022,6092,5040,"82,73",5011,29,"99,42",1052,"17,27",317,735,"12,07"
230470,GRANJA,CE,07/2022,6304,4696,"74,49",4681,15,"99,68",1608,"25,51",736,872,"13,83"
230480,GRANJEIRO,CE,07/2022,615,511,"83,09",511,0,"100,00",104,"16,91",9,95,"15,45"
230480,GRANJEIRO,CE,11/2022,596,541,"90,77",538,3,"99,45",55,"9,23",5,50,"8,39"
230480,GRANJEIRO,CE,09/2022,614,542,"88,27",540,2,"99,63",72,"11,73",7,65,"10,59"
230490,GROAÍRAS,CE,09/2022,941,343,"36,45",343,0,"100,00",598,"63,55",495,103,"10,95"
230490,GROAÍRAS,CE,11/2022,923,234,"25,35",234,0,"100,00",689,"74,65",586,103,"11,16"
230490,GROAÍRAS,CE,07/2022,970,834,"85,98",834,0,"100,00",136,"14,02",29,107,"11,03"
230495,GUAIÚBA,CE,07/2022,2862,2659,"92,91",2659,0,"100,00",203,"7,09",9,194,"6,78"
230495,GUAIÚBA,CE,11/2022,2780,2583,"92,91",2583,0,"100,00",197,"7,09",12,185,"6,65"
230495,GUAIÚBA,CE,09/2022,2828,2631,"93,03",2631,0,"100,00",197,"6,97",9,188,"6,65"
230500,GUARACIABA DO NORTE,CE,09/2022,5197,4717,"90,76",4621,96,"97,96",480,"9,24",9,471,"9,06"
230500,GUARACIABA DO NORTE,CE,11/2022,5061,4865,"96,13",4805,60,"98,77",196,"3,87",13,183,"3,62"
230500,GUARACIABA DO NORTE,CE,07/2022,5272,4657,"88,33",4654,3,"99,94",615,"11,67",138,477,"9,05"
230510,GUARAMIRANGA,CE,07/2022,623,583,"93,58",579,4,"99,31",40,"6,42",2,38,"6,10"
230510,GUARAMIRANGA,CE,11/2022,610,569,"93,28",569,0,"100,00",41,"6,72",2,39,"6,39"
230510,GUARAMIRANGA,CE,09/2022,612,569,"92,97",564,5,"99,12",43,"7,03",3,40,"6,54"
230520,HIDROLÂNDIA,CE,09/2022,1938,1520,"78,43",1500,20,"98,68",418,"21,57",9,409,"21,10"
230520,HIDROLÂNDIA,CE,11/2022,1897,1535,"80,92",1510,25,"98,37",362,"19,08",0,362,"19,08"
230520,HIDROLÂNDIA,CE,07/2022,1975,1561,"79,04",1561,0,"100,00",414,"20,96",2,412,"20,86"
230523,HORIZONTE,CE,07/2022,5873,4397,"74,87",4392,5,"99,89",1476,"25,13",126,1350,"22,99"
230523,HORIZONTE,CE,11/2022,5877,4588,"78,07",4579,9,"99,80",1289,"21,93",36,1253,"21,32"
230523,HORIZONTE,CE,09/2022,5905,4272,"72,35",4271,1,"99,98",1633,"27,65",249,1384,"23,44"
230526,IBARETAMA,CE,09/2022,1626,1305,"80,26",1305,0,"100,00",321,"19,74",224,97,"5,97"
230526,IBARETAMA,CE,11/2022,1607,1474,"91,72",1474,0,"100,00",133,"8,28",34,99,"6,16"
230526,IBARETAMA,CE,07/2022,1655,1507,"91,06",1507,0,"100,00",148,"8,94",54,94,"5,68"
230530,IBIAPINA,CE,07/2022,3015,2312,"76,68",2310,2,"99,91",703,"23,32",324,379,"12,57"
230530,IBIAPINA,CE,11/2022,2925,2395,"81,88",2393,2,"99,92",530,"18,12",143,387,"13,23"
230530,IBIAPINA,CE,09/2022,2881,1725,"59,88",1697,28,"98,38",1156,"40,12",748,408,"14,16"
230533,IBICUITINGA,CE,09/2022,1505,1434,"95,28",1430,4,"99,72",71,"4,72",11,60,"3,99"
230533,IBICUITINGA,CE,11/2022,1468,1391,"94,75",1378,13,"99,07",77,"5,25",14,63,"4,29"
230533,IBICUITINGA,CE,07/2022,1568,1382,"88,14",1382,0,"100,00",186,"11,86",8,178,"11,35"
230535,ICAPUÍ,CE,07/2022,2185,2020,"92,45",2018,2,"99,90",165,"7,55",3,162,"7,41"
230535,ICAPUÍ,CE,11/2022,2105,2066,"98,15",2066,0,"100,00",39,"1,85",6,33,"1,57"
230535,ICAPUÍ,CE,09/2022,2139,2059,"96,26",2059,0,"100,00",80,"3,74",12,68,"3,18"
230540,ICÓ,CE,09/2022,7077,5366,"75,82",5273,93,"98,27",1711,"24,18",80,1631,"23,05"
230540,ICÓ,CE,11/2022,6969,5209,"74,75",5106,103,"98,02",1760,"25,25",354,1406,"20,18"
230540,ICÓ,CE,07/2022,7187,5557,"77,32",5554,3,"99,95",1630,"22,68",93,1537,"21,39"
230550,IGUATU,CE,07/2022,8525,6603,"77,45",6591,12,"99,82",1922,"22,55",108,1814,"21,28"
230550,IGUATU,CE,11/2022,8308,6845,"82,39",6643,202,"97,05",1463,"17,61",56,1407,"16,94"
230550,IGUATU,CE,09/2022,8395,6500,"77,43",6301,199,"96,94",1895,"22,57",121,1774,"21,13"
230560,INDEPENDÊNCIA,CE,09/2022,2506,2301,"91,82",2265,36,"98,44",205,"8,18",147,58,"2,31"
230560,INDEPENDÊNCIA,CE,11/2022,2420,2356,"97,36",2346,10,"99,58",64,"2,64",9,55,"2,27"
230560,INDEPENDÊNCIA,CE,07/2022,2598,2510,"96,61",2504,6,"99,76",88,"3,39",11,77,"2,96"
230565,IPAPORANGA,CE,07/2022,1311,1287,"98,17",1285,2,"99,84",24,"1,83",2,22,"1,68"
230565,IPAPORANGA,CE,11/2022,1259,1243,"98,73",1224,19,"98,47",16,"1,27",2,14,"1,11"
230565,IPAPORANGA,CE,09/2022,1289,1269,"98,45",1258,11,"99,13",20,"1,55",8,12,"0,93"
230570,IPAUMIRIM,CE,09/2022,1350,1072,"79,41",1056,16,"98,51",278,"20,59",3,275,"20,37"
230570,IPAUMIRIM,CE,11/2022,1306,1033,"79,10",1018,15,"98,55",273,"20,90",25,248,"18,99"
230570,IPAUMIRIM,CE,07/2022,1372,1098,"80,03",1096,2,"99,82",274,"19,97",21,253,"18,44"
230580,IPU,CE,07/2022,4727,4102,"86,78",4102,0,"100,00",625,"13,22",275,350,"7,40"
230580,IPU,CE,11/2022,4678,4261,"91,09",4261,0,"100,00",417,"8,91",65,352,"7,52"
230580,IPU,CE,09/2022,4744,3460,"72,93",3460,0,"100,00",1284,"27,07",921,363,"7,65"
230590,IPUEIRAS,CE,09/2022,3849,3801,"98,75",3801,0,"100,00",48,"1,25",23,25,"0,65"
230590,IPUEIRAS,CE,11/2022,3855,3810,"98,83",3810,0,"100,00",45,"1,17",16,29,"0,75"
230590,IPUEIRAS,CE,07/2022,3855,3817,"99,01",3817,0,"100,00",38,"0,99",9,29,"0,75"
230600,IRACEMA,CE,07/2022,1265,1166,"92,17",1166,0,"100,00",99,"7,83",4,95,"7,51"
230600,IRACEMA,CE,11/2022,1237,1129,"91,27",1128,1,"99,91",108,"8,73",2,106,"8,57"
230600,IRACEMA,CE,09/2022,1245,1129,"90,68",1129,0,"100,00",116,"9,32",13,103,"8,27"
230610,IRAUÇUBA,CE,09/2022,3264,2771,"84,90",2720,51,"98,16",493,"15,10",32,461,"14,12"
230610,IRAUÇUBA,CE,11/2022,3181,3075,"96,67",3043,32,"98,96",106,"3,33",22,84,"2,64"
230610,IRAUÇUBA,CE,07/2022,3333,2692,"80,77",2692,0,"100,00",641,"19,23",44,597,"17,91"
230620,ITAIÇABA,CE,07/2022,645,552,"85,58",541,11,"98,01",93,"14,42",3,90,"13,95"
230620,ITAIÇABA,CE,11/2022,631,534,"84,63",534,0,"100,00",97,"15,37",2,95,"15,06"
230620,ITAIÇABA,CE,09/2022,647,547,"84,54",499,48,"91,22",100,"15,46",6,94,"14,53"
230625,ITAITINGA,CE,09/2022,4684,3471,"74,10",3470,1,"99,97",1213,"25,90",730,483,"10,31"
230625,ITAITINGA,CE,11/2022,4830,4296,"88,94",4296,0,"100,00",534,"11,06",10,524,"10,85"
230625,ITAITINGA,CE,07/2022,4627,3808,"82,30",3808,0,"100,00",819,"17,70",360,459,"9,92"
230630,ITAPAGÉ,CE,07/2022,5433,5101,"93,89",5096,5,"99,90",332,"6,11",230,102,"1,88"
230630,ITAPAGÉ,CE,11/2022,5207,5008,"96,18",4836,172,"96,57",199,"3,82",26,173,"3,32"
230630,ITAPAGÉ,CE,09/2022,5301,5054,"95,34",4857,197,"96,10",247,"4,66",112,135,"2,55"
230640,ITAPIPOCA,CE,09/2022,15916,13409,"84,25",12989,420,"96,87",2507,"15,75",18,2489,"15,64"
230640,ITAPIPOCA,CE,11/2022,15448,13244,"85,73",12892,352,"97,34",2204,"14,27",43,2161,"13,99"
230640,ITAPIPOCA,CE,07/2022,16098,13399,"83,23",13329,70,"99,48",2699,"16,77",21,2678,"16,64"
230650,ITAPIÚNA,CE,07/2022,2260,2132,"94,34",2132,0,"100,00",128,"5,66",6,122,"5,40"
230650,ITAPIÚNA,CE,11/2022,2170,0,"0,00",0,0,,2170,"100,00",2039,131,"6,04"
230650,ITAPIÚNA,CE,09/2022,2268,2128,"93,83",2128,0,"100,00",140,"6,17",10,130,"5,73"
230655,ITAREMA,CE,09/2022,5793,5409,"93,37",5408,1,"99,98",384,"6,63",7,377,"6,51"
230655,ITAREMA,CE,11/2022,5702,5293,"92,83",5291,2,"99,96",409,"7,17",7,402,"7,05"
230655,ITAREMA,CE,07/2022,5835,5456,"93,50",5454,2,"99,96",379,"6,50",15,364,"6,24"
230660,ITATIRA,CE,07/2022,2819,2430,"86,20",2430,0,"100,00",389,"13,80",28,361,"12,81"
230660,ITATIRA,CE,11/2022,2758,2427,"88,00",2391,36,"98,52",331,"12,00",27,304,"11,02"
230660,ITATIRA,CE,09/2022,2800,2405,"85,89",2373,32,"98,67",395,"14,11",37,358,"12,79"
230670,JAGUARETAMA,CE,09/2022,1682,1438,"85,49",1322,116,"91,93",244,"14,51",1,243,"14,45"
230670,JAGUARETAMA,CE,11/2022,1654,1416,"85,61",1317,99,"93,01",238,"14,39",8,230,"13,91"
230670,JAGUARETAMA,CE,07/2022,1696,1462,"86,20",1459,3,"99,79",234,"13,80",4,230,"13,56"
230680,JAGUARIBARA,CE,07/2022,1147,703,"61,29",696,7,"99,00",444,"38,71",98,346,"30,17"
230680,JAGUARIBARA,CE,11/2022,1058,871,"82,33",796,75,"91,39",187,"17,67",36,151,"14,27"
230680,JAGUARIBARA,CE,09/2022,1088,726,"66,73",676,50,"93,11",362,"33,27",302,60,"5,51"
230690,JAGUARIBE,CE,09/2022,3009,2943,"97,81",2869,74,"97,49",66,"2,19",10,56,"1,86"
230690,JAGUARIBE,CE,11/2022,2970,2955,"99,49",2878,77,"97,39",15,"0,51",8,7,"0,24"
230690,JAGUARIBE,CE,07/2022,3046,3019,"99,11",2956,63,"97,91",27,"0,89",8,19,"0,62"
230700,JAGUARUANA,CE,07/2022,3197,2876,"89,96",2869,7,"99,76",321,"10,04",12,309,"9,67"
230700,JAGUARUANA,CE,11/2022,3176,2942,"92,63",2855,87,"97,04",234,"7,37",8,226,"7,12"
230700,JAGUARUANA,CE,09/2022,3229,2908,"90,06",2819,89,"96,94",321,"9,94",9,312,"9,66"
230710,JARDIM,CE,09/2022,3503,2495,"71,22",2491,4,"99,84",1008,"28,78",150,858,"24,49"
230710,JARDIM,CE,11/2022,3443,2520,"73,19",2492,28,"98,89",923,"26,81",142,781,"22,68"
230710,JARDIM,CE,07/2022,3565,2537,"71,16",2537,0,"100,00",1028,"28,84",147,881,"24,71"
230720,JATI,CE,07/2022,811,577,"71,15",577,0,"100,00",234,"28,85",181,53,"6,54"
230720,JATI,CE,11/2022,799,665,"83,23",658,7,"98,95",134,"16,77",116,18,"2,25"
230720,JATI,CE,09/2022,799,572,"71,59",568,4,"99,30",227,"28,41",174,53,"6,63"
230725,JIJOCA DE JERICOACOARA,CE,09/2022,2232,2143,"96,01",2020,123,"94,26",89,"3,99",8,81,"3,63"
230725,JIJOCA DE JERICOACOARA,CE,11/2022,2207,2127,"96,38",1994,133,"93,75",80,"3,62",9,71,"3,22"
230725,JIJOCA DE JERICOACOARA,CE,07/2022,2215,2118,"95,62",2117,1,"99,95",97,"4,38",9,88,"3,97"
230730,JUAZEIRO DO NORTE,CE,07/2022,22632,17721,"78,30",17721,0,"100,00",4911,"21,70",71,4840,"21,39"
230730,JUAZEIRO DO NORTE,CE,11/2022,22429,17624,"78,58",17621,3,"99,98",4805,"21,42",740,4065,"18,12"
230730,JUAZEIRO DO NORTE,CE,09/2022,22544,15822,"70,18",15822,0,"100,00",6722,"29,82",2250,4472,"19,84"
230740,JUCÁS,CE,09/2022,2783,2455,"88,21",2396,59,"97,60",328,"11,79",7,321,"11,53"
230740,JUCÁS,CE,11/2022,2719,2495,"91,76",2473,22,"99,12",224,"8,24",6,218,"8,02"
230740,JUCÁS,CE,07/2022,2834,2545,"89,80",2541,4,"99,84",289,"10,20",7,282,"9,95"
230750,LAVRAS DA MANGABEIRA,CE,07/2022,3070,2359,"76,84",2329,30,"98,73",711,"23,16",9,702,"22,87"
230750,LAVRAS DA MANGABEIRA,CE,11/2022,2950,2342,"79,39",2189,153,"93,47",608,"20,61",6,602,"20,41"
230750,LAVRAS DA MANGABEIRA,CE,09/2022,3021,2303,"76,23",2167,136,"94,09",718,"23,77",38,680,"22,51"
230760,LIMOEIRO DO NORTE,CE,09/2022,4934,4231,"85,75",4224,7,"99,83",703,"14,25",176,527,"10,68"
230760,LIMOEIRO DO NORTE,CE,11/2022,4791,3534,"73,76",3488,46,"98,70",1257,"26,24",789,468,"9,77"
230760,LIMOEIRO DO NORTE,CE,07/2022,4975,4006,"80,52",4002,4,"99,90",969,"19,48",388,581,"11,68"
230763,MADALENA,CE,07/2022,1954,1786,"91,40",1786,0,"100,00",168,"8,60",5,163,"8,34"
230763,MADALENA,CE,11/2022,1852,1753,"94,65",1746,7,"99,60",99,"5,35",3,96,"5,18"
230763,MADALENA,CE,09/2022,1901,1787,"94,00",1784,3,"99,83",114,"6,00",5,109,"5,73"
230765,MARACANAÚ,CE,09/2022,20200,15961,"79,01",14120,1841,"88,47",4239,"20,99",116,4123,"20,41"
230765,MARACANAÚ,CE,11/2022,20287,17001,"83,80",15046,1955,"88,50",3286,"16,20",80,3206,"15,80"
230765,MARACANAÚ,CE,07/2022,20138,15905,"78,98",15873,32,"99,80",4233,"21,02",166,4067,"20,20"
230770,MARANGUAPE,CE,07/2022,10391,10019,"96,42",10017,2,"99,98",372,"3,58",32,340,"3,27"
230770,MARANGUAPE,CE,11/2022,10234,10004,"97,75",9860,144,"98,56",230,"2,25",26,204,"1,99"
230770,MARANGUAPE,CE,09/2022,10426,10318,"98,96",10114,204,"98,02",108,"1,04",38,70,"0,67"
230780,MARCO,CE,09/2022,4013,3846,"95,84",3846,0,"100,00",167,"4,16",12,155,"3,86"
230780,MARCO,CE,11/2022,3959,3594,"90,78",3594,0,"100,00",365,"9,22",207,158,"3,99"
230780,MARCO,CE,07/2022,3951,3575,"90,48",3575,0,"100,00",376,"9,52",234,142,"3,59"
230790,MARTINÓPOLE,CE,07/2022,1386,1300,"93,80",1296,4,"99,69",86,"6,20",48,38,"2,74"
230790,MARTINÓPOLE,CE,11/2022,1346,1291,"95,91",1211,80,"93,80",55,"4,09",24,31,"2,30"
230790,MARTINÓPOLE,CE,09/2022,1365,1300,"95,24",1227,73,"94,38",65,"4,76",27,38,"2,78"
230800,MASSAPÊ,CE,09/2022,3964,3237,"81,66",3237,0,"100,00",727,"18,34",290,437,"11,02"
230800,MASSAPÊ,CE,11/2022,3931,3223,"81,99",3222,1,"99,97",708,"18,01",266,442,"11,24"
230800,MASSAPÊ,CE,07/2022,4019,3259,"81,09",3259,0,"100,00",760,"18,91",375,385,"9,58"
230810,MAURITI,CE,07/2022,5401,5000,"92,58",4969,31,"99,38",401,"7,42",20,381,"7,05"
230810,MAURITI,CE,11/2022,5222,4719,"90,37",4699,20,"99,58",503,"9,63",13,490,"9,38"
230810,MAURITI,CE,09/2022,5344,4828,"90,34",4769,59,"98,78",516,"9,66",39,477,"8,93"
230820,MERUOCA,CE,09/2022,1548,1521,"98,26",1467,54,"96,45",27,"1,74",12,15,"0,97"
230820,MERUOCA,CE,11/2022,1509,1491,"98,81",1439,52,"96,51",18,"1,19",3,15,"0,99"
230820,MERUOCA,CE,07/2022,1561,1536,"98,40",1536,0,"100,00",25,"1,60",13,12,"0,77"
230830,MILAGRES,CE,07/2022,3182,2594,"81,52",2566,28,"98,92",588,"18,48",70,518,"16,28"
230830,MILAGRES,CE,11/2022,3128,2620,"83,76",2574,46,"98,24",508,"16,24",84,424,"13,55"
230830,MILAGRES,CE,09/2022,3163,2316,"73,22",2234,82,"96,46",847,"26,78",366,481,"15,21"
230835,MILHÃ,CE,09/2022,1320,1240,"93,94",1218,22,"98,23",80,"6,06",4,76,"5,76"
230835,MILHÃ,CE,11/2022,1305,1235,"94,64",1222,13,"98,95",70,"5,36",2,68,"5,21"
230835,MILHÃ,CE,07/2022,1327,1218,"91,79",1218,0,"100,00",109,"8,21",2,107,"8,06"
230837,MIRAÍMA,CE,07/2022,1648,1558,"94,54",1558,0,"100,00",90,"5,46",8,82,"4,98"
230837,MIRAÍMA,CE,11/2022,1605,1545,"96,26",1504,41,"97,35",60,"3,74",3,57,"3,55"
230837,MIRAÍMA,CE,09/2022,1631,1544,"94,67",1535,9,"99,42",87,"5,33",10,77,"4,72"
230840,MISSÃO VELHA,CE,09/2022,4734,2834,"59,86",2746,88,"96,89",1900,"40,14",130,1770,"37,39"
230840,MISSÃO VELHA,CE,11/2022,4648,3114,"67,00",3103,11,"99,65",1534,"33,00",64,1470,"31,63"
230840,MISSÃO VELHA,CE,07/2022,4777,2736,"57,27",2729,7,"99,74",2041,"42,73",179,1862,"38,98"
230850,MOMBAÇA,CE,07/2022,4043,3690,"91,27",3664,26,"99,30",353,"8,73",19,334,"8,26"
230850,MOMBAÇA,CE,11/2022,3912,3632,"92,84",3617,15,"99,59",280,"7,16",72,208,"5,32"
230850,MOMBAÇA,CE,09/2022,4001,3650,"91,23",3590,60,"98,36",351,"8,77",88,263,"6,57"
230860,MONSENHOR TABOSA,CE,09/2022,2076,1874,"90,27",1866,8,"99,57",202,"9,73",2,200,"9,63"
230860,MONSENHOR TABOSA,CE,11/2022,2034,1854,"91,15",1848,6,"99,68",180,"8,85",1,179,"8,80"
230860,MONSENHOR TABOSA,CE,07/2022,2087,1889,"90,51",1883,6,"99,68",198,"9,49",4,194,"9,30"
230870,MORADA NOVA,CE,07/2022,5859,5133,"87,61",5130,3,"99,94",726,"12,39",18,708,"12,08"
230870,MORADA NOVA,CE,11/2022,5640,4974,"88,19",4848,126,"97,47",666,"11,81",31,635,"11,26"
230870,MORADA NOVA,CE,09/2022,5763,5168,"89,68",5097,71,"98,63",595,"10,32",16,579,"10,05"
230880,MORAÚJO,CE,09/2022,984,928,"94,31",928,0,"100,00",56,"5,69",0,56,"5,69"
230880,MORAÚJO,CE,11/2022,973,941,"96,71",931,10,"98,94",32,"3,29",0,32,"3,29"
230880,MORAÚJO,CE,07/2022,990,928,"93,74",928,0,"100,00",62,"6,26",4,58,"5,86"
230890,MORRINHOS,CE,07/2022,2466,2384,"96,67",2384,0,"100,00",82,"3,33",25,57,"2,31"
230890,MORRINHOS,CE,11/2022,2365,2305,"97,46",2094,211,"90,85",60,"2,54",4,56,"2,37"
230890,MORRINHOS,CE,09/2022,2411,2330,"96,64",2095,235,"89,91",81,"3,36",23,58,"2,41"
230900,MUCAMBO,CE,09/2022,1401,974,"69,52",967,7,"99,28",427,"30,48",11,416,"29,69"
230900,MUCAMBO,CE,11/2022,1369,1135,"82,91",1126,9,"99,21",234,"17,09",8,226,"16,51"
230900,MUCAMBO,CE,07/2022,1397,669,"47,89",668,1,"99,85",728,"52,11",354,374,"26,77"
230910,MULUNGU,CE,07/2022,1237,1113,"89,98",1110,3,"99,73",124,"10,02",10,114,"9,22"
230910,MULUNGU,CE,11/2022,1215,1128,"92,84",1118,10,"99,11",87,"7,16",42,45,"3,70"
230910,MULUNGU,CE,09/2022,1241,1112,"89,61",1060,52,"95,32",129,"10,39",27,102,"8,22"
230920,NOVA OLINDA,CE,09/2022,2060,1942,"94,27",1941,1,"99,95",118,"5,73",20,98,"4,76"
230920,NOVA OLINDA,CE,11/2022,1989,1893,"95,17",1892,1,"99,95",96,"4,83",5,91,"4,58"
230920,NOVA OLINDA,CE,07/2022,2072,1924,"92,86",1924,0,"100,00",148,"7,14",15,133,"6,42"
230930,NOVA RUSSAS,CE,07/2022,2882,2494,"86,54",2494,0,"100,00",388,"13,46",3,385,"13,36"
230930,NOVA RUSSAS,CE,11/2022,2711,2554,"94,21",2545,9,"99,65",157,"5,79",1,156,"5,75"
230930,NOVA RUSSAS,CE,09/2022,2797,2420,"86,52",2420,0,"100,00",377,"13,48",2,375,"13,41"
230940,NOVO ORIENTE,CE,09/2022,3365,3195,"94,95",3123,72,"97,75",170,"5,05",10,160,"4,75"
230940,NOVO ORIENTE,CE,11/2022,3314,3138,"94,69",3111,27,"99,14",176,"5,31",10,166,"5,01"
230940,NOVO ORIENTE,CE,07/2022,3371,3226,"95,70",3222,4,"99,88",145,"4,30",4,141,"4,18"
230945,OCARA,CE,07/2022,2541,2390,"94,06",2385,5,"99,79",151,"5,94",3,148,"5,82"
230945,OCARA,CE,11/2022,2432,2334,"95,97",2203,131,"94,39",98,"4,03",2,96,"3,95"
230945,OCARA,CE,09/2022,2459,2340,"95,16",2263,77,"96,71",119,"4,84",6,113,"4,60"
230950,ORÓS,CE,09/2022,2473,2340,"94,62",2340,0,"100,00",133,"5,38",8,125,"5,05"
230950,ORÓS,CE,11/2022,2440,2314,"94,84",2314,0,"100,00",126,"5,16",7,119,"4,88"
230950,ORÓS,CE,07/2022,2489,2363,"94,94",2363,0,"100,00",126,"5,06",6,120,"4,82"
230960,PACAJUS,CE,07/2022,6006,4767,"79,37",4751,16,"99,66",1239,"20,63",24,1215,"20,23"
230960,PACAJUS,CE,11/2022,5834,4680,"80,22",4579,101,"97,84",1154,"19,78",26,1128,"19,33"
230960,PACAJUS,CE,09/2022,5924,4671,"78,85",4595,76,"98,37",1253,"21,15",36,1217,"20,54"
230970,PACATUBA,CE,09/2022,6443,4955,"76,91",4904,51,"98,97",1488,"23,09",35,1453,"22,55"
230970,PACATUBA,CE,11/2022,6401,5032,"78,61",4992,40,"99,21",1369,"21,39",13,1356,"21,18"
230970,PACATUBA,CE,07/2022,6536,5130,"78,49",5117,13,"99,75",1406,"21,51",131,1275,"19,51"
230980,PACOTI,CE,07/2022,1333,1232,"92,42",1232,0,"100,00",101,"7,58",1,100,"7,50"
230980,PACOTI,CE,11/2022,1317,1229,"93,32",1217,12,"99,02",88,"6,68",4,84,"6,38"
230980,PACOTI,CE,09/2022,1329,1248,"93,91",1217,31,"97,52",81,"6,09",1,80,"6,02"
230990,PACUJÁ,CE,09/2022,675,428,"63,41",428,0,"100,00",247,"36,59",207,40,"5,93"
230990,PACUJÁ,CE,11/2022,672,434,"64,58",434,0,"100,00",238,"35,42",197,41,"6,10"
230990,PACUJÁ,CE,07/2022,686,427,"62,24",427,0,"100,00",259,"37,76",221,38,"5,54"
231000,PALHANO,CE,07/2022,920,784,"85,22",784,0,"100,00",136,"14,78",69,67,"7,28"
231000,PALHANO,CE,11/2022,900,837,"93,00",837,0,"100,00",63,"7,00",0,63,"7,00"
231000,PALHANO,CE,09/2022,910,537,"59,01",537,0,"100,00",373,"40,99",305,68,"7,47"
231010,PALMÁCIA,CE,09/2022,1142,1043,"91,33",1043,0,"100,00",99,"8,67",3,96,"8,41"
231010,PALMÁCIA,CE,11/2022,1125,1022,"90,84",1022,0,"100,00",103,"9,16",7,96,"8,53"
231010,PALMÁCIA,CE,07/2022,1153,1056,"91,59",1050,6,"99,43",97,"8,41",5,92,"7,98"
231020,PARACURU,CE,07/2022,4404,4139,"93,98",4139,0,"100,00",265,"6,02",17,248,"5,63"
231020,PARACURU,CE,11/2022,4411,3571,"80,96",3571,0,"100,00",840,"19,04",596,244,"5,53"
231020,PARACURU,CE,09/2022,4461,4193,"93,99",4193,0,"100,00",268,"6,01",9,259,"5,81"
231025,PARAIPABA,CE,09/2022,3746,3492,"93,22",3270,222,"93,64",254,"6,78",17,237,"6,33"
231025,PARAIPABA,CE,11/2022,3672,3531,"96,16",3341,190,"94,62",141,"3,84",14,127,"3,46"
231025,PARAIPABA,CE,07/2022,3779,3453,"91,37",3440,13,"99,62",326,"8,63",45,281,"7,44"
231030,PARAMBU,CE,07/2022,2752,1625,"59,05",1621,4,"99,75",1127,"40,95",237,890,"32,34"
231030,PARAMBU,CE,11/2022,2682,1628,"60,70",1596,32,"98,03",1054,"39,30",266,788,"29,38"
231030,PARAMBU,CE,09/2022,2722,1634,"60,03",1593,41,"97,49",1088,"39,97",195,893,"32,81"
231040,PARAMOTI,CE,09/2022,1170,1019,"87,09",962,57,"94,41",151,"12,91",31,120,"10,26"
231040,PARAMOTI,CE,11/2022,1151,1040,"90,36",1001,39,"96,25",111,"9,64",4,107,"9,30"
231040,PARAMOTI,CE,07/2022,1220,1117,"91,56",1117,0,"100,00",103,"8,44",6,97,"7,95"
231050,PEDRA BRANCA,CE,07/2022,4280,4172,"97,48",4171,1,"99,98",108,"2,52",10,98,"2,29"
231050,PEDRA BRANCA,CE,11/2022,4166,4038,"96,93",4038,0,"100,00",128,"3,07",4,124,"2,98"
231050,PEDRA BRANCA,CE,09/2022,4221,4107,"97,30",4008,99,"97,59",114,"2,70",20,94,"2,23"
231060,PENAFORTE,CE,09/2022,1288,1150,"89,29",1145,5,"99,57",138,"10,71",18,120,"9,32"
231060,PENAFORTE,CE,11/2022,1257,1126,"89,58",1126,0,"100,00",131,"10,42",14,117,"9,31"
231060,PENAFORTE,CE,07/2022,1294,1164,"89,95",1130,34,"97,08",130,"10,05",15,115,"8,89"
231070,PENTECOSTE,CE,07/2022,3675,3304,"89,90",3304,0,"100,00",371,"10,10",21,350,"9,52"
231070,PENTECOSTE,CE,11/2022,3567,3222,"90,33",2988,234,"92,74",345,"9,67",17,328,"9,20"
231070,PENTECOSTE,CE,09/2022,3604,3244,"90,01",3020,224,"93,09",360,"9,99",11,349,"9,68"
231080,PEREIRO,CE,09/2022,1812,1753,"96,74",1713,40,"97,72",59,"3,26",1,58,"3,20"
231080,PEREIRO,CE,11/2022,1731,1691,"97,69",1662,29,"98,29",40,"2,31",2,38,"2,20"
231080,PEREIRO,CE,07/2022,1855,1796,"96,82",1794,2,"99,89",59,"3,18",3,56,"3,02"
231085,PINDORETAMA,CE,07/2022,2702,2301,"85,16",2301,0,"100,00",401,"14,84",14,387,"14,32"
231085,PINDORETAMA,CE,11/2022,2749,2364,"85,99",2359,5,"99,79",385,"14,01",5,380,"13,82"
231085,PINDORETAMA,CE,09/2022,2782,2383,"85,66",2378,5,"99,79",399,"14,34",9,390,"14,02"
231090,PIQUET CARNEIRO,CE,09/2022,1262,1139,"90,25",1108,31,"97,28",123,"9,75",25,98,"7,77"
231090,PIQUET CARNEIRO,CE,11/2022,1243,1129,"90,83",1105,24,"97,87",114,"9,17",22,92,"7,40"
231090,PIQUET CARNEIRO,CE,07/2022,1281,1190,"92,90",1164,26,"97,82",91,"7,10",27,64,"5,00"
231095,PIRES FERREIRA,CE,07/2022,941,918,"97,56",918,0,"100,00",23,"2,44",0,23,"2,44"
231095,PIRES FERREIRA,CE,11/2022,911,891,"97,80",885,6,"99,33",20,"2,20",3,17,"1,87"
231095,PIRES FERREIRA,CE,09/2022,937,910,"97,12",902,8,"99,12",27,"2,88",4,23,"2,45"
231100,PORANGA,CE,09/2022,1392,1303,"93,61",1297,6,"99,54",89,"6,39",3,86,"6,18"
231100,PORANGA,CE,11/2022,1340,815,"60,82",810,5,"99,39",525,"39,18",442,83,"6,19"
231100,PORANGA,CE,07/2022,1416,1316,"92,94",1316,0,"100,00",100,"7,06",14,86,"6,07"
231110,PORTEIRAS,CE,07/2022,1900,1892,"99,58",1892,0,"100,00",8,"0,42",2,6,"0,32"
231110,PORTEIRAS,CE,11/2022,1845,1823,"98,81",1821,2,"99,89",22,"1,19",2,20,"1,08"
231110,PORTEIRAS,CE,09/2022,1884,1869,"99,20",1868,1,"99,95",15,"0,80",2,13,"0,69"
231120,POTENGI,CE,09/2022,1072,916,"85,45",829,87,"90,50",156,"14,55",89,67,"6,25"
231120,POTENGI,CE,11/2022,1019,933,"91,56",931,2,"99,79",86,"8,44",3,83,"8,15"
231120,POTENGI,CE,07/2022,1105,1043,"94,39",1043,0,"100,00",62,"5,61",3,59,"5,34"
231123,POTIRETAMA,CE,07/2022,603,537,"89,05",537,0,"100,00",66,"10,95",3,63,"10,45"
231123,POTIRETAMA,CE,11/2022,567,528,"93,12",528,0,"100,00",39,"6,88",1,38,"6,70"
231123,POTIRETAMA,CE,09/2022,583,534,"91,60",509,25,"95,32",49,"8,40",7,42,"7,20"
231126,QUITERIANÓPOLIS,CE,09/2022,2058,1838,"89,31",1806,32,"98,26",220,"10,69",16,204,"9,91"
231126,QUITERIANÓPOLIS,CE,11/2022,2035,1819,"89,39",1815,4,"99,78",216,"10,61",15,201,"9,88"
231126,QUITERIANÓPOLIS,CE,07/2022,2082,1807,"86,79",1807,0,"100,00",275,"13,21",72,203,"9,75"
231130,QUIXADÁ,CE,07/2022,9143,8226,"89,97",8226,0,"100,00",917,"10,03",37,880,"9,62"
231130,QUIXADÁ,CE,11/2022,9231,8298,"89,89",8233,65,"99,22",933,"10,11",59,874,"9,47"
231130,QUIXADÁ,CE,09/2022,9202,8286,"90,05",8264,22,"99,73",916,"9,95",22,894,"9,72"
231135,QUIXELÔ,CE,09/2022,1572,1413,"89,89",1379,34,"97,59",159,"10,11",0,159,"10,11"
231135,QUIXELÔ,CE,11/2022,1542,1395,"90,47",1375,20,"98,57",147,"9,53",2,145,"9,40"
231135,QUIXELÔ,CE,07/2022,1592,1442,"90,58",1427,15,"98,96",150,"9,42",3,147,"9,23"
231140,QUIXERAMOBIM,CE,07/2022,7401,6799,"91,87",6787,12,"99,82",602,"8,13",47,555,"7,50"
231140,QUIXERAMOBIM,CE,11/2022,7235,6753,"93,34",6617,136,"97,99",482,"6,66",10,472,"6,52"
231140,QUIXERAMOBIM,CE,09/2022,7319,6763,"92,40",6639,124,"98,17",556,"7,60",41,515,"7,04"
231150,QUIXERÉ,CE,09/2022,1695,1647,"97,17",1550,97,"94,11",48,"2,83",11,37,"2,18"
231150,QUIXERÉ,CE,11/2022,1648,1614,"97,94",1586,28,"98,27",34,"2,06",7,27,"1,64"
231150,QUIXERÉ,CE,07/2022,1752,1659,"94,69",1659,0,"100,00",93,"5,31",9,84,"4,79"
231160,REDENÇÃO,CE,07/2022,3276,3019,"92,16",3014,5,"99,83",257,"7,84",4,253,"7,72"
231160,REDENÇÃO,CE,11/2022,3154,2709,"85,89",2680,29,"98,93",445,"14,11",7,438,"13,89"
231160,REDENÇÃO,CE,09/2022,3222,2812,"87,27",2768,44,"98,44",410,"12,73",7,403,"12,51"
231170,RERIUTABA,CE,09/2022,1941,1564,"80,58",1555,9,"99,42",377,"19,42",141,236,"12,16"
231170,RERIUTABA,CE,11/2022,1891,1639,"86,67",1627,12,"99,27",252,"13,33",80,172,"9,10"
231170,RERIUTABA,CE,07/2022,1979,1632,"82,47",1629,3,"99,82",347,"17,53",114,233,"11,77"
231180,RUSSAS,CE,07/2022,6146,5271,"85,76",5235,36,"99,32",875,"14,24",134,741,"12,06"
231180,RUSSAS,CE,11/2022,5998,5636,"93,96",5550,86,"98,47",362,"6,04",73,289,"4,82"
231180,RUSSAS,CE,09/2022,6078,5742,"94,47",5652,90,"98,43",336,"5,53",84,252,"4,15"
231190,SABOEIRO,CE,09/2022,1543,1330,"86,20",1270,60,"95,49",213,"13,80",19,194,"12,57"
231190,SABOEIRO,CE,11/2022,1500,1314,"87,60",1257,57,"95,66",186,"12,40",15,171,"11,40"
231190,SABOEIRO,CE,07/2022,1561,1350,"86,48",1317,33,"97,56",211,"13,52",23,188,"12,04"
231195,SALITRE,CE,07/2022,2423,2237,"92,32",2229,8,"99,64",186,"7,68",2,184,"7,59"
231195,SALITRE,CE,11/2022,2357,2178,"92,41",2105,73,"96,65",179,"7,59",2,177,"7,51"
231195,SALITRE,CE,09/2022,2411,2211,"91,70",2164,47,"97,87",200,"8,30",5,195,"8,09"
231200,SANTANA DO ACARAÚ,CE,09/2022,3601,63,"1,75",58,5,"92,06",3538,"98,25",3346,192,"5,33"
231200,SANTANA DO ACARAÚ,CE,11/2022,3618,2687,"74,27",2687,0,"100,00",931,"25,73",750,181,"5,00"
231200,SANTANA DO ACARAÚ,CE,07/2022,3671,52,"1,42",43,9,"82,69",3619,"98,58",3422,197,"5,37"
231210,SANTANA DO CARIRI,CE,07/2022,2331,1925,"82,58",1925,0,"100,00",406,"17,42",6,400,"17,16"
231210,SANTANA DO CARIRI,CE,11/2022,2235,1870,"83,67",1870,0,"100,00",365,"16,33",4,361,"16,15"
231210,SANTANA DO CARIRI,CE,09/2022,2297,1890,"82,28",1887,3,"99,84",407,"17,72",9,398,"17,33"
231220,SANTA QUITÉRIA,CE,09/2022,4138,3906,"94,39",3801,105,"97,31",232,"5,61",35,197,"4,76"
231220,SANTA QUITÉRIA,CE,11/2022,4015,3837,"95,57",3737,100,"97,39",178,"4,43",18,160,"3,99"
231220,SANTA QUITÉRIA,CE,07/2022,4190,3918,"93,51",3905,13,"99,67",272,"6,49",19,253,"6,04"
231230,SÃO BENEDITO,CE,07/2022,5311,4703,"88,55",4702,1,"99,98",608,"11,45",20,588,"11,07"
231230,SÃO BENEDITO,CE,11/2022,5183,4655,"89,81",4550,105,"97,74",528,"10,19",12,516,"9,96"
231230,SÃO BENEDITO,CE,09/2022,5298,4620,"87,20",4526,94,"97,97",678,"12,80",79,599,"11,31"
231240,SÃO GONÇALO DO AMARANTE,CE,09/2022,6063,3860,"63,66",3783,77,"98,01",2203,"36,34",175,2028,"33,45"
231240,SÃO GONÇALO DO AMARANTE,CE,11/2022,6045,4589,"75,91",4588,1,"99,98",1456,"24,09",42,1414,"23,39"
231240,SÃO GONÇALO DO AMARANTE,CE,07/2022,5850,2381,"40,70",2380,1,"99,96",3469,"59,30",1679,1790,"30,60"
231250,SÃO JOÃO DO JAGUARIBE,CE,07/2022,426,368,"86,38",368,0,"100,00",58,"13,62",14,44,"10,33"
231250,SÃO JOÃO DO JAGUARIBE,CE,11/2022,430,387,"90,00",387,0,"100,00",43,"10,00",3,40,"9,30"
231250,SÃO JOÃO DO JAGUARIBE,CE,09/2022,420,383,"91,19",380,3,"99,22",37,"8,81",1,36,"8,57"
231260,SÃO LUÍS DO CURU,CE,09/2022,1366,977,"71,52",971,6,"99,39",389,"28,48",127,262,"19,18"
231260,SÃO LUÍS DO CURU,CE,11/2022,1293,1128,"87,24",1114,14,"98,76",165,"12,76",21,144,"11,14"
231260,SÃO LUÍS DO CURU,CE,07/2022,1420,965,"67,96",962,3,"99,69",455,"32,04",189,266,"18,73"
231270,SENADOR POMPEU,CE,07/2022,2420,2239,"92,52",2237,2,"99,91",181,"7,48",69,112,"4,63"
231270,SENADOR POMPEU,CE,11/2022,2302,2193,"95,26",2175,18,"99,18",109,"4,74",6,103,"4,47"
231270,SENADOR POMPEU,CE,09/2022,2366,2243,"94,80",2208,35,"98,44",123,"5,20",11,112,"4,73"
231280,SENADOR SÁ,CE,09/2022,884,653,"73,87",651,2,"99,69",231,"26,13",167,64,"7,24"
231280,SENADOR SÁ,CE,11/2022,869,609,"70,08",609,0,"100,00",260,"29,92",190,70,"8,06"
231280,SENADOR SÁ,CE,07/2022,899,835,"92,88",835,0,"100,00",64,"7,12",5,59,"6,56"
231290,SOBRAL,CE,07/2022,15601,15221,"97,56",15187,34,"99,78",380,"2,44",74,306,"1,96"
231290,SOBRAL,CE,11/2022,15137,14984,"98,99",14820,164,"98,91",153,"1,01",28,125,"0,83"
231290,SOBRAL,CE,09/2022,15393,15211,"98,82",15028,183,"98,80",182,"1,18",54,128,"0,83"
231300,SOLONÓPOLE,CE,09/2022,1400,1298,"92,71",1284,14,"98,92",102,"7,29",2,100,"7,14"
231300,SOLONÓPOLE,CE,11/2022,1362,1271,"93,32",1262,9,"99,29",91,"6,68",1,90,"6,61"
231300,SOLONÓPOLE,CE,07/2022,1455,1381,"94,91",1358,23,"98,33",74,"5,09",0,74,"5,09"
231310,TABULEIRO DO NORTE,CE,07/2022,2541,2141,"84,26",2141,0,"100,00",400,"15,74",82,318,"12,51"
231310,TABULEIRO DO NORTE,CE,11/2022,2572,2450,"95,26",2332,118,"95,18",122,"4,74",17,105,"4,08"
231310,TABULEIRO DO NORTE,CE,09/2022,2604,2309,"88,67",2192,117,"94,93",295,"11,33",8,287,"11,02"
231320,TAMBORIL,CE,09/2022,2860,2264,"79,16",2233,31,"98,63",596,"20,84",5,591,"20,66"
231320,TAMBORIL,CE,11/2022,2811,2307,"82,07",2261,46,"98,01",504,"17,93",4,500,"17,79"
231320,TAMBORIL,CE,07/2022,2938,2347,"79,88",2346,1,"99,96",591,"20,12",4,587,"19,98"
231325,TARRAFAS,CE,07/2022,932,817,"87,66",817,0,"100,00",115,"12,34",6,109,"11,70"
231325,TARRAFAS,CE,11/2022,918,857,"93,36",857,0,"100,00",61,"6,64",1,60,"6,54"
231325,TARRAFAS,CE,09/2022,927,844,"91,05",844,0,"100,00",83,"8,95",5,78,"8,41"
231330,TAUÁ,CE,09/2022,4457,4282,"96,07",4104,178,"95,84",175,"3,93",19,156,"3,50"
231330,TAUÁ,CE,11/2022,4430,4237,"95,64",4138,99,"97,66",193,"4,36",18,175,"3,95"
231330,TAUÁ,CE,07/2022,4583,3998,"87,24",3997,1,"99,97",585,"12,76",15,570,"12,44"
231335,TEJUÇUOCA,CE,07/2022,2508,2309,"92,07",2309,0,"100,00",199,"7,93",16,183,"7,30"
231335,TEJUÇUOCA,CE,11/2022,2453,2271,"92,58",2236,35,"98,46",182,"7,42",13,169,"6,89"
231335,TEJUÇUOCA,CE,09/2022,2496,2295,"91,95",2239,56,"97,56",201,"8,05",9,192,"7,69"
231340,TIANGUÁ,CE,09/2022,9821,8912,"90,74",8912,0,"100,00",909,"9,26",74,835,"8,50"
231340,TIANGUÁ,CE,11/2022,9667,8734,"90,35",8732,2,"99,98",933,"9,65",110,823,"8,51"
231340,TIANGUÁ,CE,07/2022,9846,8969,"91,09",8969,0,"100,00",877,"8,91",61,816,"8,29"
231350,TRAIRI,CE,07/2022,8242,7298,"88,55",7294,4,"99,95",944,"11,45",75,869,"10,54"
231350,TRAIRI,CE,11/2022,8081,7181,"88,86",7062,119,"98,34",900,"11,14",21,879,"10,88"
231350,TRAIRI,CE,09/2022,8194,7297,"89,05",7219,78,"98,93",897,"10,95",15,882,"10,76"
231355,TURURU,CE,09/2022,2280,2143,"93,99",2143,0,"100,00",137,"6,01",2,135,"5,92"
231355,TURURU,CE,11/2022,2247,2105,"93,68",2105,0,"100,00",142,"6,32",11,131,"5,83"
231355,TURURU,CE,07/2022,2176,74,"3,40",74,0,"100,00",2102,"96,60",1972,130,"5,97"
231360,UBAJARA,CE,07/2022,4014,3377,"84,13",3363,14,"99,59",637,"15,87",485,152,"3,79"
231360,UBAJARA,CE,11/2022,3921,3426,"87,38",3421,5,"99,85",495,"12,62",355,140,"3,57"
231360,UBAJARA,CE,09/2022,4001,3806,"95,13",3789,17,"99,55",195,"4,87",14,181,"4,52"
231370,UMARI,CE,09/2022,734,569,"77,52",554,15,"97,36",165,"22,48",3,162,"22,07"
231370,UMARI,CE,11/2022,714,486,"68,07",473,13,"97,33",228,"31,93",114,114,"15,97"
231370,UMARI,CE,07/2022,767,522,"68,06",518,4,"99,23",245,"31,94",81,164,"21,38"
231375,UMIRIM,CE,07/2022,2458,1879,"76,44",1879,0,"100,00",579,"23,56",383,196,"7,97"
231375,UMIRIM,CE,11/2022,2329,565,"24,26",565,0,"100,00",1764,"75,74",1585,179,"7,69"
231375,UMIRIM,CE,09/2022,2448,2233,"91,22",2233,0,"100,00",215,"8,78",21,194,"7,92"
231380,URUBURETAMA,CE,09/2022,2819,2713,"96,24",2679,34,"98,75",106,"3,76",3,103,"3,65"
231380,URUBURETAMA,CE,11/2022,2774,2662,"95,96",2648,14,"99,47",112,"4,04",10,102,"3,68"
231380,URUBURETAMA,CE,07/2022,2926,2748,"93,92",2742,6,"99,78",178,"6,08",49,129,"4,41"
231390,URUOCA,CE,07/2022,1402,1035,"73,82",1035,0,"100,00",367,"26,18",193,174,"12,41"
231390,URUOCA,CE,11/2022,1382,1144,"82,78",1116,28,"97,55",238,"17,22",51,187,"13,53"
231390,URUOCA,CE,09/2022,1400,1163,"83,07",1131,32,"97,25",237,"16,93",51,186,"13,29"
231395,VARJOTA,CE,09/2022,1874,1569,"83,72",1532,37,"97,64",305,"16,28",128,177,"9,45"
231395,VARJOTA,CE,11/2022,1872,1686,"90,06",1656,30,"98,22",186,"9,94",16,170,"9,08"
231395,VARJOTA,CE,07/2022,1911,1728,"90,42",1728,0,"100,00",183,"9,58",6,177,"9,26"
231400,VÁRZEA ALEGRE,CE,07/2022,4056,3523,"86,86",3516,7,"99,80",533,"13,14",19,514,"12,67"
231400,VÁRZEA ALEGRE,CE,11/2022,3906,3334,"85,36",3255,79,"97,63",572,"14,64",9,563,"14,41"
231400,VÁRZEA ALEGRE,CE,09/2022,3990,3402,"85,26",3301,101,"97,03",588,"14,74",30,558,"13,98"
231410,VIÇOSA DO CEARÁ,CE,09/2022,7826,7151,"91,37",7106,45,"99,37",675,"8,63",237,438,"5,60"
231410,VIÇOSA DO CEARÁ,CE,11/2022,7709,7029,"91,18",6979,50,"99,29",680,"8,82",240,440,"5,71"
231410,VIÇOSA DO CEARÁ,CE,07/2022,7897,7189,"91,03",7187,2,"99,97",708,"8,97",305,403,"5,10"
530010,BRASÍLIA,DF,09/2022,110313,76950,"69,76",74643,2307,"97,00",33363,"30,24",4358,29005,"26,29"
530010,BRASÍLIA,DF,07/2022,105679,74474,"70,47",72821,1653,"97,78",31205,"29,53",2232,28973,"27,42"
530010,BRASÍLIA,DF,11/2022,113416,91423,"80,61",89354,2069,"97,74",21993,"19,39",1331,20662,"18,22"
320010,AFONSO CLÁUDIO,ES,07/2022,1847,1609,"87,11",1494,115,"92,85",238,"12,89",1,237,"12,83"
320010,AFONSO CLÁUDIO,ES,09/2022,1790,1694,"94,64",1589,105,"93,80",96,"5,36",4,92,"5,14"
320010,AFONSO CLÁUDIO,ES,11/2022,1749,1663,"95,08",1496,167,"89,96",86,"4,92",1,85,"4,86"
320013,ÁGUIA BRANCA,ES,11/2022,738,673,"91,19",633,40,"94,06",65,"8,81",7,58,"7,86"
320013,ÁGUIA BRANCA,ES,09/2022,725,698,"96,28",660,38,"94,56",27,"3,72",3,24,"3,31"
320013,ÁGUIA BRANCA,ES,07/2022,738,662,"89,70",617,45,"93,20",76,"10,30",13,63,"8,54"
320016,ÁGUA DOCE DO NORTE,ES,07/2022,1079,844,"78,22",765,79,"90,64",235,"21,78",32,203,"18,81"
320016,ÁGUA DOCE DO NORTE,ES,09/2022,1057,704,"66,60",670,34,"95,17",353,"33,40",167,186,"17,60"
320016,ÁGUA DOCE DO NORTE,ES,11/2022,1023,807,"78,89",736,71,"91,20",216,"21,11",47,169,"16,52"
320020,ALEGRE,ES,11/2022,1519,1476,"97,17",1415,61,"95,87",43,"2,83",0,43,"2,83"
320020,ALEGRE,ES,09/2022,1537,1462,"95,12",1345,117,"92,00",75,"4,88",4,71,"4,62"
320020,ALEGRE,ES,07/2022,1544,1424,"92,23",1305,119,"91,64",120,"7,77",7,113,"7,32"
320030,ALFREDO CHAVES,ES,07/2022,506,379,"74,90",354,25,"93,40",127,"25,10",25,102,"20,16"
320030,ALFREDO CHAVES,ES,09/2022,476,434,"91,18",404,30,"93,09",42,"8,82",7,35,"7,35"
320030,ALFREDO CHAVES,ES,11/2022,483,429,"88,82",402,27,"93,71",54,"11,18",13,41,"8,49"
320035,ALTO RIO NOVO,ES,11/2022,692,595,"85,98",532,63,"89,41",97,"14,02",10,87,"12,57"
320035,ALTO RIO NOVO,ES,09/2022,670,583,"87,01",549,34,"94,17",87,"12,99",13,74,"11,04"
320035,ALTO RIO NOVO,ES,07/2022,686,565,"82,36",514,51,"90,97",121,"17,64",41,80,"11,66"
320040,ANCHIETA,ES,07/2022,1688,1375,"81,46",1300,75,"94,55",313,"18,54",2,311,"18,42"
320040,ANCHIETA,ES,09/2022,1721,1498,"87,04",1446,52,"96,53",223,"12,96",5,218,"12,67"
320040,ANCHIETA,ES,11/2022,1705,1589,"93,20",1521,68,"95,72",116,"6,80",5,111,"6,51"
320050,APIACÁ,ES,11/2022,493,458,"92,90",404,54,"88,21",35,"7,10",8,27,"5,48"
320050,APIACÁ,ES,09/2022,510,469,"91,96",428,41,"91,26",41,"8,04",14,27,"5,29"
320050,APIACÁ,ES,07/2022,550,392,"71,27",361,31,"92,09",158,"28,73",27,131,"23,82"
320060,ARACRUZ,ES,07/2022,4674,4266,"91,27",3817,449,"89,47",408,"8,73",101,307,"6,57"
320060,ARACRUZ,ES,09/2022,4875,4533,"92,98",4198,335,"92,61",342,"7,02",110,232,"4,76"
320060,ARACRUZ,ES,11/2022,4961,4694,"94,62",4401,293,"93,76",267,"5,38",17,250,"5,04"
320070,ATILIO VIVACQUA,ES,11/2022,658,489,"74,32",488,1,"99,80",169,"25,68",8,161,"24,47"
320070,ATILIO VIVACQUA,ES,09/2022,618,397,"64,24",397,0,"100,00",221,"35,76",45,176,"28,48"
320070,ATILIO VIVACQUA,ES,07/2022,593,414,"69,81",414,0,"100,00",179,"30,19",3,176,"29,68"
320080,BAIXO GUANDU,ES,07/2022,1643,1423,"86,61",1238,185,"87,00",220,"13,39",41,179,"10,89"
320080,BAIXO GUANDU,ES,09/2022,1616,1425,"88,18",1216,209,"85,33",191,"11,82",23,168,"10,40"
320080,BAIXO GUANDU,ES,11/2022,1607,1410,"87,74",1245,165,"88,30",197,"12,26",2,195,"12,13"
320090,BARRA DE SÃO FRANCISCO,ES,11/2022,2304,1944,"84,38",1876,68,"96,50",360,"15,63",23,337,"14,63"
320090,BARRA DE SÃO FRANCISCO,ES,09/2022,2296,1971,"85,84",1923,48,"97,56",325,"14,16",15,310,"13,50"
320090,BARRA DE SÃO FRANCISCO,ES,07/2022,2360,1956,"82,88",1855,101,"94,84",404,"17,12",17,387,"16,40"
320100,BOA ESPERANÇA,ES,07/2022,1220,896,"73,44",816,80,"91,07",324,"26,56",3,321,"26,31"
320100,BOA ESPERANÇA,ES,09/2022,1219,1024,"84,00",956,68,"93,36",195,"16,00",5,190,"15,59"
320100,BOA ESPERANÇA,ES,11/2022,1209,1027,"84,95",951,76,"92,60",182,"15,05",3,179,"14,81"
320110,BOM JESUS DO NORTE,ES,11/2022,497,469,"94,37",467,2,"99,57",28,"5,63",10,18,"3,62"
320110,BOM JESUS DO NORTE,ES,09/2022,488,457,"93,65",439,18,"96,06",31,"6,35",15,16,"3,28"
320110,BOM JESUS DO NORTE,ES,07/2022,614,419,"68,24",400,19,"95,47",195,"31,76",149,46,"7,49"
320115,BREJETUBA,ES,07/2022,1271,1127,"88,67",1017,110,"90,24",144,"11,33",7,137,"10,78"
320115,BREJETUBA,ES,09/2022,1256,1109,"88,30",1006,103,"90,71",147,"11,70",8,139,"11,07"
320115,BREJETUBA,ES,11/2022,1225,1131,"92,33",1013,118,"89,57",94,"7,67",1,93,"7,59"
320120,CACHOEIRO DE ITAPEMIRIM,ES,11/2022,8012,7951,"99,24",6953,998,"87,45",61,"0,76",29,32,"0,40"
320120,CACHOEIRO DE ITAPEMIRIM,ES,09/2022,8115,7902,"97,38",6893,1009,"87,23",213,"2,62",25,188,"2,32"
320120,CACHOEIRO DE ITAPEMIRIM,ES,07/2022,8103,7351,"90,72",6676,675,"90,82",752,"9,28",19,733,"9,05"
320130,CARIACICA,ES,07/2022,23663,15931,"67,32",14304,1627,"89,79",7732,"32,68",79,7653,"32,34"
320130,CARIACICA,ES,09/2022,24632,16994,"68,99",15919,1075,"93,67",7638,"31,01",726,6912,"28,06"
320130,CARIACICA,ES,11/2022,24447,19096,"78,11",17666,1430,"92,51",5351,"21,89",41,5310,"21,72"
320140,CASTELO,ES,11/2022,1499,1240,"82,72",1240,0,"100,00",259,"17,28",1,258,"17,21"
320140,CASTELO,ES,09/2022,1502,1212,"80,69",1167,45,"96,29",290,"19,31",19,271,"18,04"
320140,CASTELO,ES,07/2022,1462,1136,"77,70",1122,14,"98,77",326,"22,30",19,307,"21,00"
320150,COLATINA,ES,07/2022,3931,3916,"99,62",3786,130,"96,68",15,"0,38",10,5,"0,13"
320150,COLATINA,ES,09/2022,3803,3776,"99,29",3549,227,"93,99",27,"0,71",18,9,"0,24"
320150,COLATINA,ES,11/2022,3812,3787,"99,34",3545,242,"93,61",25,"0,66",9,16,"0,42"
320160,CONCEIÇÃO DA BARRA,ES,11/2022,2308,2006,"86,92",1868,138,"93,12",302,"13,08",8,294,"12,74"
320160,CONCEIÇÃO DA BARRA,ES,09/2022,2302,1983,"86,14",1866,117,"94,10",319,"13,86",14,305,"13,25"
320160,CONCEIÇÃO DA BARRA,ES,07/2022,2309,2002,"86,70",1672,330,"83,52",307,"13,30",13,294,"12,73"
320170,CONCEIÇÃO DO CASTELO,ES,07/2022,738,698,"94,58",648,50,"92,84",40,"5,42",3,37,"5,01"
320170,CONCEIÇÃO DO CASTELO,ES,09/2022,727,697,"95,87",626,71,"89,81",30,"4,13",3,27,"3,71"
320170,CONCEIÇÃO DO CASTELO,ES,11/2022,713,681,"95,51",620,61,"91,04",32,"4,49",2,30,"4,21"
320180,DIVINO DE SÃO LOURENÇO,ES,11/2022,330,262,"79,39",245,17,"93,51",68,"20,61",0,68,"20,61"
320180,DIVINO DE SÃO LOURENÇO,ES,09/2022,329,251,"76,29",248,3,"98,80",78,"23,71",2,76,"23,10"
320180,DIVINO DE SÃO LOURENÇO,ES,07/2022,325,252,"77,54",241,11,"95,63",73,"22,46",1,72,"22,15"
320190,DOMINGOS MARTINS,ES,07/2022,1229,927,"75,43",921,6,"99,35",302,"24,57",149,153,"12,45"
320190,DOMINGOS MARTINS,ES,09/2022,1209,1043,"86,27",1007,36,"96,55",166,"13,73",78,88,"7,28"
320190,DOMINGOS MARTINS,ES,11/2022,1216,1114,"91,61",1104,10,"99,10",102,"8,39",8,94,"7,73"
320200,DORES DO RIO PRETO,ES,11/2022,453,438,"96,69",412,26,"94,06",15,"3,31",5,10,"2,21"
320200,DORES DO RIO PRETO,ES,09/2022,485,448,"92,37",390,58,"87,05",37,"7,63",30,7,"1,44"
320200,DORES DO RIO PRETO,ES,07/2022,493,449,"91,08",404,45,"89,98",44,"8,92",22,22,"4,46"
320210,ECOPORANGA,ES,07/2022,1343,1261,"93,89",1115,146,"88,42",82,"6,11",18,64,"4,77"
320210,ECOPORANGA,ES,09/2022,1320,1271,"96,29",1202,69,"94,57",49,"3,71",5,44,"3,33"
320210,ECOPORANGA,ES,11/2022,1341,1273,"94,93",1119,154,"87,90",68,"5,07",5,63,"4,70"
320220,FUNDÃO,ES,11/2022,1091,990,"90,74",904,86,"91,31",101,"9,26",4,97,"8,89"
320220,FUNDÃO,ES,09/2022,1106,976,"88,25",885,91,"90,68",130,"11,75",5,125,"11,30"
320220,FUNDÃO,ES,07/2022,1072,914,"85,26",779,135,"85,23",158,"14,74",6,152,"14,18"
320225,GOVERNADOR LINDENBERG,ES,07/2022,590,516,"87,46",438,78,"84,88",74,"12,54",1,73,"12,37"
320225,GOVERNADOR LINDENBERG,ES,09/2022,549,509,"92,71",474,35,"93,12",40,"7,29",5,35,"6,38"
320225,GOVERNADOR LINDENBERG,ES,11/2022,562,521,"92,70",447,74,"85,80",41,"7,30",3,38,"6,76"
320230,GUAÇUÍ,ES,11/2022,1782,1576,"88,44",1440,136,"91,37",206,"11,56",3,203,"11,39"
320230,GUAÇUÍ,ES,09/2022,1850,1569,"84,81",1410,159,"89,87",281,"15,19",22,259,"14,00"
320230,GUAÇUÍ,ES,07/2022,1890,1381,"73,07",1276,105,"92,40",509,"26,93",9,500,"26,46"
320240,GUARAPARI,ES,07/2022,6328,4216,"66,62",4043,173,"95,90",2112,"33,38",24,2088,"33,00"
320240,GUARAPARI,ES,09/2022,6373,5539,"86,91",5257,282,"94,91",834,"13,09",41,793,"12,44"
320240,GUARAPARI,ES,11/2022,6402,5615,"87,71",5359,256,"95,44",787,"12,29",50,737,"11,51"
320245,IBATIBA,ES,11/2022,1239,1159,"93,54",1088,71,"93,87",80,"6,46",6,74,"5,97"
320245,IBATIBA,ES,09/2022,1289,1189,"92,24",1082,107,"91,00",100,"7,76",13,87,"6,75"
320245,IBATIBA,ES,07/2022,1337,1226,"91,70",1110,116,"90,54",111,"8,30",7,104,"7,78"
320250,IBIRAÇU,ES,07/2022,677,573,"84,64",525,48,"91,62",104,"15,36",43,61,"9,01"
320250,IBIRAÇU,ES,09/2022,700,649,"92,71",602,47,"92,76",51,"7,29",11,40,"5,71"
320250,IBIRAÇU,ES,11/2022,706,664,"94,05",611,53,"92,02",42,"5,95",6,36,"5,10"
320255,IBITIRAMA,ES,11/2022,1064,975,"91,64",929,46,"95,28",89,"8,36",13,76,"7,14"
320255,IBITIRAMA,ES,09/2022,1070,978,"91,40",976,2,"99,80",92,"8,60",2,90,"8,41"
320255,IBITIRAMA,ES,07/2022,1026,938,"91,42",911,27,"97,12",88,"8,58",10,78,"7,60"
320260,ICONHA,ES,07/2022,330,317,"96,06",300,17,"94,64",13,"3,94",2,11,"3,33"
320260,ICONHA,ES,09/2022,321,309,"96,26",290,19,"93,85",12,"3,74",0,12,"3,74"
320260,ICONHA,ES,11/2022,328,316,"96,34",288,28,"91,14",12,"3,66",0,12,"3,66"
320265,IRUPI,ES,11/2022,951,752,"79,07",744,8,"98,94",199,"20,93",26,173,"18,19"
320265,IRUPI,ES,09/2022,979,780,"79,67",772,8,"98,97",199,"20,33",26,173,"17,67"
320265,IRUPI,ES,07/2022,958,698,"72,86",681,17,"97,56",260,"27,14",82,178,"18,58"
320270,ITAGUAÇU,ES,07/2022,862,774,"89,79",621,153,"80,23",88,"10,21",2,86,"9,98"
320270,ITAGUAÇU,ES,09/2022,800,731,"91,38",627,104,"85,77",69,"8,63",34,35,"4,38"
320270,ITAGUAÇU,ES,11/2022,799,738,"92,37",611,127,"82,79",61,"7,63",2,59,"7,38"
320280,ITAPEMIRIM,ES,11/2022,3356,2519,"75,06",2465,54,"97,86",837,"24,94",70,767,"22,85"
320280,ITAPEMIRIM,ES,09/2022,3322,2394,"72,07",2336,58,"97,58",928,"27,93",115,813,"24,47"
320280,ITAPEMIRIM,ES,07/2022,3142,2051,"65,28",1960,91,"95,56",1091,"34,72",180,911,"28,99"
320290,ITARANA,ES,07/2022,407,341,"83,78",309,32,"90,62",66,"16,22",4,62,"15,23"
320290,ITARANA,ES,09/2022,408,339,"83,09",316,23,"93,22",69,"16,91",0,69,"16,91"
320290,ITARANA,ES,11/2022,406,353,"86,95",308,45,"87,25",53,"13,05",1,52,"12,81"
320300,IÚNA,ES,11/2022,1892,1555,"82,19",1390,165,"89,39",337,"17,81",173,164,"8,67"
320300,IÚNA,ES,09/2022,1904,1498,"78,68",1378,120,"91,99",406,"21,32",76,330,"17,33"
320300,IÚNA,ES,07/2022,1949,1491,"76,50",1352,139,"90,68",458,"23,50",43,415,"21,29"
320305,JAGUARÉ,ES,07/2022,2294,1988,"86,66",1868,120,"93,96",306,"13,34",98,208,"9,07"
320305,JAGUARÉ,ES,09/2022,2272,2058,"90,58",1962,96,"95,34",214,"9,42",13,201,"8,85"
320305,JAGUARÉ,ES,11/2022,2233,2034,"91,09",1973,61,"97,00",199,"8,91",10,189,"8,46"
320310,JERÔNIMO MONTEIRO,ES,11/2022,647,625,"96,60",598,27,"95,68",22,"3,40",1,21,"3,25"
320310,JERÔNIMO MONTEIRO,ES,09/2022,676,658,"97,34",629,29,"95,59",18,"2,66",3,15,"2,22"
320310,JERÔNIMO MONTEIRO,ES,07/2022,685,660,"96,35",613,47,"92,88",25,"3,65",4,21,"3,07"
320313,JOÃO NEIVA,ES,07/2022,509,475,"93,32",453,22,"95,37",34,"6,68",3,31,"6,09"
320313,JOÃO NEIVA,ES,09/2022,504,471,"93,45",442,29,"93,84",33,"6,55",7,26,"5,16"
320313,JOÃO NEIVA,ES,11/2022,507,483,"95,27",425,58,"87,99",24,"4,73",2,22,"4,34"
320316,LARANJA DA TERRA,ES,11/2022,615,571,"92,85",565,6,"98,95",44,"7,15",1,43,"6,99"
320316,LARANJA DA TERRA,ES,09/2022,620,579,"93,39",575,4,"99,31",41,"6,61",0,41,"6,61"
320316,LARANJA DA TERRA,ES,07/2022,606,561,"92,57",551,10,"98,22",45,"7,43",0,45,"7,43"
320320,LINHARES,ES,07/2022,9205,7528,"81,78",7320,208,"97,24",1677,"18,22",389,1288,"13,99"
320320,LINHARES,ES,09/2022,9122,7813,"85,65",7641,172,"97,80",1309,"14,35",242,1067,"11,70"
320320,LINHARES,ES,11/2022,8885,7717,"86,85",7458,259,"96,64",1168,"13,15",379,789,"8,88"
320330,MANTENÓPOLIS,ES,11/2022,1009,827,"81,96",807,20,"97,58",182,"18,04",45,137,"13,58"
320330,MANTENÓPOLIS,ES,09/2022,999,855,"85,59",798,57,"93,33",144,"14,41",21,123,"12,31"
320330,MANTENÓPOLIS,ES,07/2022,1024,740,"72,27",700,40,"94,59",284,"27,73",116,168,"16,41"
320332,MARATAÍZES,ES,07/2022,3101,2791,"90,00",2615,176,"93,69",310,"10,00",38,272,"8,77"
320332,MARATAÍZES,ES,09/2022,3207,2916,"90,93",2705,211,"92,76",291,"9,07",9,282,"8,79"
320332,MARATAÍZES,ES,11/2022,3228,2942,"91,14",2664,278,"90,55",286,"8,86",11,275,"8,52"
320334,MARECHAL FLORIANO,ES,11/2022,547,511,"93,42",496,15,"97,06",36,"6,58",1,35,"6,40"
320334,MARECHAL FLORIANO,ES,09/2022,560,524,"93,57",488,36,"93,13",36,"6,43",8,28,"5,00"
320334,MARECHAL FLORIANO,ES,07/2022,524,487,"92,94",449,38,"92,20",37,"7,06",7,30,"5,73"
320335,MARILÂNDIA,ES,07/2022,498,440,"88,35",413,27,"93,86",58,"11,65",2,56,"11,24"
320335,MARILÂNDIA,ES,09/2022,494,460,"93,12",436,24,"94,78",34,"6,88",3,31,"6,28"
320335,MARILÂNDIA,ES,11/2022,522,498,"95,40",436,62,"87,55",24,"4,60",2,22,"4,21"
320340,MIMOSO DO SUL,ES,11/2022,1691,1622,"95,92",1491,131,"91,92",69,"4,08",3,66,"3,90"
320340,MIMOSO DO SUL,ES,09/2022,1686,1656,"98,22",1482,174,"89,49",30,"1,78",3,27,"1,60"
320340,MIMOSO DO SUL,ES,07/2022,1632,1292,"79,17",1157,135,"89,55",340,"20,83",248,92,"5,64"
320350,MONTANHA,ES,07/2022,1356,1284,"94,69",1091,193,"84,97",72,"5,31",15,57,"4,20"
320350,MONTANHA,ES,09/2022,1378,1322,"95,94",1181,141,"89,33",56,"4,06",5,51,"3,70"
320350,MONTANHA,ES,11/2022,1372,1308,"95,34",1187,121,"90,75",64,"4,66",16,48,"3,50"
320360,MUCURICI,ES,11/2022,375,284,"75,73",271,13,"95,42",91,"24,27",6,85,"22,67"
320360,MUCURICI,ES,09/2022,382,278,"72,77",262,16,"94,24",104,"27,23",9,95,"24,87"
320360,MUCURICI,ES,07/2022,386,282,"73,06",258,24,"91,49",104,"26,94",10,94,"24,35"
320370,MUNIZ FREIRE,ES,07/2022,1191,951,"79,85",873,78,"91,80",240,"20,15",19,221,"18,56"
320370,MUNIZ FREIRE,ES,09/2022,1119,1071,"95,71",1002,69,"93,56",48,"4,29",2,46,"4,11"
320370,MUNIZ FREIRE,ES,11/2022,1137,1062,"93,40",926,136,"87,19",75,"6,60",12,63,"5,54"
320380,MUQUI,ES,11/2022,967,936,"96,79",841,95,"89,85",31,"3,21",0,31,"3,21"
320380,MUQUI,ES,09/2022,961,924,"96,15",811,113,"87,77",37,"3,85",0,37,"3,85"
320380,MUQUI,ES,07/2022,953,882,"92,55",743,139,"84,24",71,"7,45",1,70,"7,35"
320390,NOVA VENÉCIA,ES,07/2022,2663,2032,"76,30",1851,181,"91,09",631,"23,70",19,612,"22,98"
320390,NOVA VENÉCIA,ES,09/2022,2660,2050,"77,07",1934,116,"94,34",610,"22,93",7,603,"22,67"
320390,NOVA VENÉCIA,ES,11/2022,2569,1965,"76,49",1781,184,"90,64",604,"23,51",56,548,"21,33"
320400,PANCAS,ES,11/2022,1095,980,"89,50",899,81,"91,73",115,"10,50",0,115,"10,50"
320400,PANCAS,ES,09/2022,1093,972,"88,93",959,13,"98,66",121,"11,07",3,118,"10,80"
320400,PANCAS,ES,07/2022,1103,964,"87,40",919,45,"95,33",139,"12,60",4,135,"12,24"
320405,PEDRO CANÁRIO,ES,07/2022,2007,1606,"80,02",1606,0,"100,00",401,"19,98",152,249,"12,41"
320405,PEDRO CANÁRIO,ES,09/2022,2004,1721,"85,88",1667,54,"96,86",283,"14,12",18,265,"13,22"
320405,PEDRO CANÁRIO,ES,11/2022,1925,974,"50,60",930,44,"95,48",951,"49,40",749,202,"10,49"
320410,PINHEIROS,ES,11/2022,1921,1799,"93,65",1655,144,"92,00",122,"6,35",7,115,"5,99"
320410,PINHEIROS,ES,09/2022,1932,1823,"94,36",1704,119,"93,47",109,"5,64",6,103,"5,33"
320410,PINHEIROS,ES,07/2022,1937,1832,"94,58",1586,246,"86,57",105,"5,42",10,95,"4,90"
320420,PIÚMA,ES,07/2022,1226,1062,"86,62",1020,42,"96,05",164,"13,38",4,160,"13,05"
320420,PIÚMA,ES,09/2022,1256,1182,"94,11",1165,17,"98,56",74,"5,89",8,66,"5,25"
320420,PIÚMA,ES,11/2022,1305,1236,"94,71",1210,26,"97,90",69,"5,29",1,68,"5,21"
320425,PONTO BELO,ES,11/2022,661,583,"88,20",571,12,"97,94",78,"11,80",4,74,"11,20"
320425,PONTO BELO,ES,09/2022,657,573,"87,21",548,25,"95,64",84,"12,79",1,83,"12,63"
320425,PONTO BELO,ES,07/2022,648,569,"87,81",569,0,"100,00",79,"12,19",3,76,"11,73"
320430,PRESIDENTE KENNEDY,ES,07/2022,1047,1008,"96,28",905,103,"89,78",39,"3,72",5,34,"3,25"
320430,PRESIDENTE KENNEDY,ES,09/2022,1075,1047,"97,40",970,77,"92,65",28,"2,60",8,20,"1,86"
320430,PRESIDENTE KENNEDY,ES,11/2022,1059,1017,"96,03",915,102,"89,97",42,"3,97",38,4,"0,38"
320435,RIO BANANAL,ES,11/2022,1133,1101,"97,18",923,178,"83,83",32,"2,82",4,28,"2,47"
320435,RIO BANANAL,ES,09/2022,1140,1097,"96,23",1010,87,"92,07",43,"3,77",10,33,"2,89"
320435,RIO BANANAL,ES,07/2022,1123,1067,"95,01",980,87,"91,85",56,"4,99",4,52,"4,63"
320440,RIO NOVO DO SUL,ES,07/2022,547,503,"91,96",484,19,"96,22",44,"8,04",6,38,"6,95"
320440,RIO NOVO DO SUL,ES,09/2022,540,501,"92,78",469,32,"93,61",39,"7,22",3,36,"6,67"
320440,RIO NOVO DO SUL,ES,11/2022,541,508,"93,90",479,29,"94,29",33,"6,10",0,33,"6,10"
320450,SANTA LEOPOLDINA,ES,11/2022,650,638,"98,15",483,155,"75,71",12,"1,85",0,12,"1,85"
320450,SANTA LEOPOLDINA,ES,09/2022,641,621,"96,88",527,94,"84,86",20,"3,12",4,16,"2,50"
320450,SANTA LEOPOLDINA,ES,07/2022,644,594,"92,24",508,86,"85,52",50,"7,76",11,39,"6,06"
320455,SANTA MARIA DE JETIBÁ,ES,07/2022,1513,1401,"92,60",1211,190,"86,44",112,"7,40",18,94,"6,21"
320455,SANTA MARIA DE JETIBÁ,ES,09/2022,1495,1455,"97,32",1289,166,"88,59",40,"2,68",5,35,"2,34"
320455,SANTA MARIA DE JETIBÁ,ES,11/2022,1473,1457,"98,91",1203,254,"82,57",16,"1,09",2,14,"0,95"
320460,SANTA TERESA,ES,11/2022,727,690,"94,91",571,119,"82,75",37,"5,09",2,35,"4,81"
320460,SANTA TERESA,ES,09/2022,743,702,"94,48",596,106,"84,90",41,"5,52",1,40,"5,38"
320460,SANTA TERESA,ES,07/2022,731,685,"93,71",571,114,"83,36",46,"6,29",5,41,"5,61"
320465,SÃO DOMINGOS DO NORTE,ES,07/2022,575,506,"88,00",489,17,"96,64",69,"12,00",2,67,"11,65"
320465,SÃO DOMINGOS DO NORTE,ES,09/2022,612,468,"76,47",434,34,"92,74",144,"23,53",61,83,"13,56"
320465,SÃO DOMINGOS DO NORTE,ES,11/2022,615,553,"89,92",511,42,"92,41",62,"10,08",22,40,"6,50"
320470,SÃO GABRIEL DA PALHA,ES,11/2022,1246,1210,"97,11",991,219,"81,90",36,"2,89",1,35,"2,81"
320470,SÃO GABRIEL DA PALHA,ES,09/2022,1234,1092,"88,49",1004,88,"91,94",142,"11,51",13,129,"10,45"
320470,SÃO GABRIEL DA PALHA,ES,07/2022,1222,935,"76,51",864,71,"92,41",287,"23,49",11,276,"22,59"
320480,SÃO JOSÉ DO CALÇADO,ES,07/2022,795,630,"79,25",582,48,"92,38",165,"20,75",51,114,"14,34"
320480,SÃO JOSÉ DO CALÇADO,ES,09/2022,795,731,"91,95",706,25,"96,58",64,"8,05",16,48,"6,04"
320480,SÃO JOSÉ DO CALÇADO,ES,11/2022,801,742,"92,63",724,18,"97,57",59,"7,37",6,53,"6,62"
320490,SÃO MATEUS,ES,11/2022,7991,7295,"91,29",6641,654,"91,03",696,"8,71",24,672,"8,41"
320490,SÃO MATEUS,ES,09/2022,7925,7163,"90,38",6237,926,"87,07",762,"9,62",24,738,"9,31"
320490,SÃO MATEUS,ES,07/2022,7624,6264,"82,16",5657,607,"90,31",1360,"17,84",20,1340,"17,58"
320495,SÃO ROQUE DO CANAÃ,ES,07/2022,453,441,"97,35",368,73,"83,45",12,"2,65",1,11,"2,43"
320495,SÃO ROQUE DO CANAÃ,ES,09/2022,444,435,"97,97",394,41,"90,57",9,"2,03",0,9,"2,03"
320495,SÃO ROQUE DO CANAÃ,ES,11/2022,423,417,"98,58",334,83,"80,10",6,"1,42",0,6,"1,42"
320500,SERRA,ES,11/2022,28961,23152,"79,94",21382,1770,"92,35",5809,"20,06",41,5768,"19,92"
320500,SERRA,ES,09/2022,29051,22037,"75,86",20706,1331,"93,96",7014,"24,14",108,6906,"23,77"
320500,SERRA,ES,07/2022,26909,18672,"69,39",17696,976,"94,77",8237,"30,61",189,8048,"29,91"
320501,SOORETAMA,ES,07/2022,2174,1789,"82,29",1782,7,"99,61",385,"17,71",116,269,"12,37"
320501,SOORETAMA,ES,09/2022,2178,1913,"87,83",1882,31,"98,38",265,"12,17",19,246,"11,29"
320501,SOORETAMA,ES,11/2022,2079,1760,"84,66",1732,28,"98,41",319,"15,34",25,294,"14,14"
320503,VARGEM ALTA,ES,11/2022,874,849,"97,14",788,61,"92,82",25,"2,86",0,25,"2,86"
320503,VARGEM ALTA,ES,09/2022,870,835,"95,98",783,52,"93,77",35,"4,02",1,34,"3,91"
320503,VARGEM ALTA,ES,07/2022,865,816,"94,34",772,44,"94,61",49,"5,66",1,48,"5,55"
320506,VENDA NOVA DO IMIGRANTE,ES,07/2022,789,742,"94,04",676,66,"91,11",47,"5,96",2,45,"5,70"
320506,VENDA NOVA DO IMIGRANTE,ES,09/2022,824,790,"95,87",687,103,"86,96",34,"4,13",1,33,"4,00"
320506,VENDA NOVA DO IMIGRANTE,ES,11/2022,853,817,"95,78",712,105,"87,15",36,"4,22",8,28,"3,28"
320510,VIANA,ES,11/2022,5245,4451,"84,86",4276,175,"96,07",794,"15,14",6,788,"15,02"
320510,VIANA,ES,09/2022,5427,4479,"82,53",4164,315,"92,97",948,"17,47",11,937,"17,27"
320510,VIANA,ES,07/2022,5104,4001,"78,39",3752,249,"93,78",1103,"21,61",8,1095,"21,45"
320515,VILA PAVÃO,ES,07/2022,629,470,"74,72",450,20,"95,74",159,"25,28",28,131,"20,83"
320515,VILA PAVÃO,ES,09/2022,622,460,"73,95",442,18,"96,09",162,"26,05",12,150,"24,12"
320515,VILA PAVÃO,ES,11/2022,596,456,"76,51",432,24,"94,74",140,"23,49",9,131,"21,98"
320517,VILA VALÉRIO,ES,11/2022,861,751,"87,22",681,70,"90,68",110,"12,78",7,103,"11,96"
320517,VILA VALÉRIO,ES,09/2022,852,753,"88,38",724,29,"96,15",99,"11,62",11,88,"10,33"
320517,VILA VALÉRIO,ES,07/2022,866,800,"92,38",768,32,"96,00",66,"7,62",3,63,"7,27"
320520,VILA VELHA,ES,07/2022,15817,9482,"59,95",8812,670,"92,93",6335,"40,05",1338,4997,"31,59"
320520,VILA VELHA,ES,09/2022,16789,10836,"64,54",10174,662,"93,89",5953,"35,46",1372,4581,"27,29"
320520,VILA VELHA,ES,11/2022,17219,12299,"71,43",11476,823,"93,31",4920,"28,57",556,4364,"25,34"
320530,VITÓRIA,ES,11/2022,12862,12264,"95,35",11405,859,"93,00",598,"4,65",73,525,"4,08"
320530,VITÓRIA,ES,09/2022,12846,10108,"78,69",9584,524,"94,82",2738,"21,31",2354,384,"2,99"
320530,VITÓRIA,ES,07/2022,12573,10941,"87,02",10289,652,"94,04",1632,"12,98",600,1032,"8,21"
520005,ABADIA DE GOIÁS,GO,11/2022,1692,1018,"60,17",980,38,"96,27",674,"39,83",15,659,"38,95"
520005,ABADIA DE GOIÁS,GO,07/2022,1424,766,"53,79",765,1,"99,87",658,"46,21",24,634,"44,52"
520005,ABADIA DE GOIÁS,GO,09/2022,1642,998,"60,78",990,8,"99,20",644,"39,22",18,626,"38,12"
520010,ABADIÂNIA,GO,09/2022,1016,343,"33,76",319,24,"93,00",673,"66,24",355,318,"31,30"
520010,ABADIÂNIA,GO,07/2022,1036,715,"69,02",715,0,"100,00",321,"30,98",4,317,"30,60"
520010,ABADIÂNIA,GO,11/2022,1041,847,"81,36",812,35,"95,87",194,"18,64",2,192,"18,44"
520013,ACREÚNA,GO,11/2022,1048,922,"87,98",899,23,"97,51",126,"12,02",8,118,"11,26"
520013,ACREÚNA,GO,07/2022,1049,900,"85,80",899,1,"99,89",149,"14,20",3,146,"13,92"
520013,ACREÚNA,GO,09/2022,1059,909,"85,84",859,50,"94,50",150,"14,16",29,121,"11,43"
520015,ADELÂNDIA,GO,07/2022,155,127,"81,94",127,0,"100,00",28,"18,06",3,25,"16,13"
520015,ADELÂNDIA,GO,09/2022,145,108,"74,48",97,11,"89,81",37,"25,52",4,33,"22,76"
520015,ADELÂNDIA,GO,11/2022,138,122,"88,41",110,12,"90,16",16,"11,59",0,16,"11,59"
520017,ÁGUA FRIA DE GOIÁS,GO,11/2022,393,290,"73,79",290,0,"100,00",103,"26,21",3,100,"25,45"
520017,ÁGUA FRIA DE GOIÁS,GO,07/2022,419,277,"66,11",277,0,"100,00",142,"33,89",21,121,"28,88"
520017,ÁGUA FRIA DE GOIÁS,GO,09/2022,399,248,"62,16",244,4,"98,39",151,"37,84",30,121,"30,33"
520020,ÁGUA LIMPA,GO,07/2022,157,71,"45,22",70,1,"98,59",86,"54,78",20,66,"42,04"
520020,ÁGUA LIMPA,GO,09/2022,164,84,"51,22",65,19,"77,38",80,"48,78",3,77,"46,95"
520020,ÁGUA LIMPA,GO,11/2022,161,133,"82,61",131,2,"98,50",28,"17,39",2,26,"16,15"
520025,ÁGUAS LINDAS DE GOIÁS,GO,11/2022,20942,17329,"82,75",17329,0,"100,00",3613,"17,25",126,3487,"16,65"
520025,ÁGUAS LINDAS DE GOIÁS,GO,07/2022,19877,15978,"80,38",15978,0,"100,00",3899,"19,62",183,3716,"18,69"
520025,ÁGUAS LINDAS DE GOIÁS,GO,09/2022,20996,17224,"82,03",17222,2,"99,99",3772,"17,97",211,3561,"16,96"
520030,ALEXÂNIA,GO,09/2022,2684,1796,"66,92",1794,2,"99,89",888,"33,08",38,850,"31,67"
520030,ALEXÂNIA,GO,07/2022,2500,1671,"66,84",1671,0,"100,00",829,"33,16",27,802,"32,08"
520030,ALEXÂNIA,GO,11/2022,2733,1857,"67,95",1857,0,"100,00",876,"32,05",30,846,"30,95"
520050,ALOÂNDIA,GO,11/2022,123,88,"71,54",80,8,"90,91",35,"28,46",19,16,"13,01"
520050,ALOÂNDIA,GO,09/2022,136,93,"68,38",87,6,"93,55",43,"31,62",26,17,"12,50"
520050,ALOÂNDIA,GO,07/2022,143,106,"74,13",106,0,"100,00",37,"25,87",21,16,"11,19"
520055,ALTO HORIZONTE,GO,07/2022,376,308,"81,91",288,20,"93,51",68,"18,09",6,62,"16,49"
520055,ALTO HORIZONTE,GO,09/2022,356,304,"85,39",300,4,"98,68",52,"14,61",2,50,"14,04"
520055,ALTO HORIZONTE,GO,11/2022,338,282,"83,43",279,3,"98,94",56,"16,57",0,56,"16,57"
520060,ALTO PARAÍSO DE GOIÁS,GO,11/2022,535,469,"87,66",458,11,"97,65",66,"12,34",18,48,"8,97"
520060,ALTO PARAÍSO DE GOIÁS,GO,07/2022,555,456,"82,16",453,3,"99,34",99,"17,84",9,90,"16,22"
520060,ALTO PARAÍSO DE GOIÁS,GO,09/2022,541,473,"87,43",439,34,"92,81",68,"12,57",13,55,"10,17"
520080,ALVORADA DO NORTE,GO,09/2022,839,791,"94,28",791,0,"100,00",48,"5,72",4,44,"5,24"
520080,ALVORADA DO NORTE,GO,07/2022,865,823,"95,14",823,0,"100,00",42,"4,86",3,39,"4,51"
520080,ALVORADA DO NORTE,GO,11/2022,826,807,"97,70",807,0,"100,00",19,"2,30",2,17,"2,06"
520082,AMARALINA,GO,11/2022,301,269,"89,37",269,0,"100,00",32,"10,63",0,32,"10,63"
520082,AMARALINA,GO,09/2022,301,272,"90,37",272,0,"100,00",29,"9,63",0,29,"9,63"
520082,AMARALINA,GO,07/2022,300,272,"90,67",270,2,"99,26",28,"9,33",0,28,"9,33"
520085,AMERICANO DO BRASIL,GO,09/2022,400,373,"93,25",373,0,"100,00",27,"6,75",2,25,"6,25"
520085,AMERICANO DO BRASIL,GO,07/2022,393,372,"94,66",372,0,"100,00",21,"5,34",0,21,"5,34"
520085,AMERICANO DO BRASIL,GO,11/2022,396,369,"93,18",369,0,"100,00",27,"6,82",1,26,"6,57"
520090,AMORINÓPOLIS,GO,11/2022,254,224,"88,19",224,0,"100,00",30,"11,81",3,27,"10,63"
520090,AMORINÓPOLIS,GO,07/2022,250,108,"43,20",108,0,"100,00",142,"56,80",6,136,"54,40"
520090,AMORINÓPOLIS,GO,09/2022,268,125,"46,64",125,0,"100,00",143,"53,36",6,137,"51,12"
520110,ANÁPOLIS,GO,09/2022,12717,9271,"72,90",8826,445,"95,20",3446,"27,10",1863,1583,"12,45"
520110,ANÁPOLIS,GO,07/2022,12760,10247,"80,31",10224,23,"99,78",2513,"19,69",554,1959,"15,35"
520110,ANÁPOLIS,GO,11/2022,12777,10797,"84,50",10360,437,"95,95",1980,"15,50",464,1516,"11,87"
520120,ANHANGUERA,GO,11/2022,57,47,"82,46",46,1,"97,87",10,"17,54",0,10,"17,54"
520120,ANHANGUERA,GO,09/2022,50,43,"86,00",43,0,"100,00",7,"14,00",0,7,"14,00"
520120,ANHANGUERA,GO,07/2022,41,37,"90,24",37,0,"100,00",4,"9,76",0,4,"9,76"
520130,ANICUNS,GO,07/2022,1136,979,"86,18",970,9,"99,08",157,"13,82",40,117,"10,30"
520130,ANICUNS,GO,09/2022,1164,1024,"87,97",1011,13,"98,73",140,"12,03",24,116,"9,97"
520130,ANICUNS,GO,11/2022,1140,994,"87,19",963,31,"96,88",146,"12,81",16,130,"11,40"
520140,APARECIDA DE GOIÂNIA,GO,11/2022,19322,13471,"69,72",13471,0,"100,00",5851,"30,28",40,5811,"30,07"
520140,APARECIDA DE GOIÂNIA,GO,07/2022,18529,8690,"46,90",8689,1,"99,99",9839,"53,10",4150,5689,"30,70"
520140,APARECIDA DE GOIÂNIA,GO,09/2022,19244,13417,"69,72",13417,0,"100,00",5827,"30,28",45,5782,"30,05"
520145,APARECIDA DO RIO DOCE,GO,09/2022,147,123,"83,67",122,1,"99,19",24,"16,33",0,24,"16,33"
520145,APARECIDA DO RIO DOCE,GO,07/2022,165,134,"81,21",133,1,"99,25",31,"18,79",1,30,"18,18"
520145,APARECIDA DO RIO DOCE,GO,11/2022,145,121,"83,45",121,0,"100,00",24,"16,55",0,24,"16,55"
520150,APORÉ,GO,11/2022,241,220,"91,29",216,4,"98,18",21,"8,71",7,14,"5,81"
520150,APORÉ,GO,09/2022,242,216,"89,26",210,6,"97,22",26,"10,74",3,23,"9,50"
520150,APORÉ,GO,07/2022,255,220,"86,27",220,0,"100,00",35,"13,73",7,28,"10,98"
520160,ARAÇU,GO,07/2022,228,190,"83,33",190,0,"100,00",38,"16,67",1,37,"16,23"
520160,ARAÇU,GO,09/2022,231,191,"82,68",191,0,"100,00",40,"17,32",1,39,"16,88"
520160,ARAÇU,GO,11/2022,237,196,"82,70",196,0,"100,00",41,"17,30",1,40,"16,88"
520170,ARAGARÇAS,GO,11/2022,1304,1175,"90,11",1139,36,"96,94",129,"9,89",11,118,"9,05"
520170,ARAGARÇAS,GO,07/2022,1271,1092,"85,92",1088,4,"99,63",179,"14,08",44,135,"10,62"
520170,ARAGARÇAS,GO,09/2022,1301,1138,"87,47",1065,73,"93,59",163,"12,53",28,135,"10,38"
520180,ARAGOIÂNIA,GO,07/2022,1060,511,"48,21",511,0,"100,00",549,"51,79",359,190,"17,92"
520180,ARAGOIÂNIA,GO,09/2022,1131,572,"50,57",563,9,"98,43",559,"49,43",338,221,"19,54"
520180,ARAGOIÂNIA,GO,11/2022,1165,671,"57,60",650,21,"96,87",494,"42,40",261,233,"20,00"
520215,ARAGUAPAZ,GO,11/2022,523,382,"73,04",382,0,"100,00",141,"26,96",25,116,"22,18"
520215,ARAGUAPAZ,GO,09/2022,525,325,"61,90",325,0,"100,00",200,"38,10",39,161,"30,67"
520215,ARAGUAPAZ,GO,07/2022,491,305,"62,12",304,1,"99,67",186,"37,88",27,159,"32,38"
520235,ARENÓPOLIS,GO,09/2022,204,171,"83,82",159,12,"92,98",33,"16,18",10,23,"11,27"
520235,ARENÓPOLIS,GO,07/2022,211,171,"81,04",168,3,"98,25",40,"18,96",1,39,"18,48"
520235,ARENÓPOLIS,GO,11/2022,192,169,"88,02",160,9,"94,67",23,"11,98",4,19,"9,90"
520250,ARUANÃ,GO,11/2022,624,464,"74,36",463,1,"99,78",160,"25,64",82,78,"12,50"
520250,ARUANÃ,GO,09/2022,612,364,"59,48",364,0,"100,00",248,"40,52",174,74,"12,09"
520250,ARUANÃ,GO,07/2022,566,499,"88,16",499,0,"100,00",67,"11,84",6,61,"10,78"
520260,AURILÂNDIA,GO,07/2022,194,161,"82,99",159,2,"98,76",33,"17,01",1,32,"16,49"
520260,AURILÂNDIA,GO,09/2022,175,158,"90,29",151,7,"95,57",17,"9,71",2,15,"8,57"
520260,AURILÂNDIA,GO,11/2022,173,158,"91,33",147,11,"93,04",15,"8,67",3,12,"6,94"
520280,AVELINÓPOLIS,GO,11/2022,277,224,"80,87",224,0,"100,00",53,"19,13",0,53,"19,13"
520280,AVELINÓPOLIS,GO,07/2022,264,210,"79,55",210,0,"100,00",54,"20,45",0,54,"20,45"
520280,AVELINÓPOLIS,GO,09/2022,278,220,"79,14",220,0,"100,00",58,"20,86",0,58,"20,86"
520310,BALIZA,GO,07/2022,244,179,"73,36",179,0,"100,00",65,"26,64",1,64,"26,23"
520310,BALIZA,GO,09/2022,255,190,"74,51",190,0,"100,00",65,"25,49",1,64,"25,10"
520310,BALIZA,GO,11/2022,266,197,"74,06",197,0,"100,00",69,"25,94",2,67,"25,19"
520320,BARRO ALTO,GO,11/2022,764,574,"75,13",574,0,"100,00",190,"24,87",1,189,"24,74"
520320,BARRO ALTO,GO,07/2022,707,492,"69,59",492,0,"100,00",215,"30,41",28,187,"26,45"
520320,BARRO ALTO,GO,09/2022,785,580,"73,89",580,0,"100,00",205,"26,11",4,201,"25,61"
520330,BELA VISTA DE GOIÁS,GO,09/2022,1820,1560,"85,71",1396,164,"89,49",260,"14,29",4,256,"14,07"
520330,BELA VISTA DE GOIÁS,GO,07/2022,1723,1424,"82,65",1424,0,"100,00",299,"17,35",7,292,"16,95"
520330,BELA VISTA DE GOIÁS,GO,11/2022,1841,1623,"88,16",1445,178,"89,03",218,"11,84",4,214,"11,62"
520340,BOM JARDIM DE GOIÁS,GO,11/2022,534,461,"86,33",461,0,"100,00",73,"13,67",44,29,"5,43"
520340,BOM JARDIM DE GOIÁS,GO,09/2022,542,524,"96,68",522,2,"99,62",18,"3,32",3,15,"2,77"
520340,BOM JARDIM DE GOIÁS,GO,07/2022,575,366,"63,65",366,0,"100,00",209,"36,35",5,204,"35,48"
520350,BOM JESUS DE GOIÁS,GO,07/2022,1233,1102,"89,38",1086,16,"98,55",131,"10,62",6,125,"10,14"
520350,BOM JESUS DE GOIÁS,GO,09/2022,1225,1136,"92,73",1087,49,"95,69",89,"7,27",6,83,"6,78"
520350,BOM JESUS DE GOIÁS,GO,11/2022,1193,1125,"94,30",1098,27,"97,60",68,"5,70",4,64,"5,36"
520355,BONFINÓPOLIS,GO,11/2022,670,555,"82,84",555,0,"100,00",115,"17,16",4,111,"16,57"
520355,BONFINÓPOLIS,GO,09/2022,634,530,"83,60",530,0,"100,00",104,"16,40",5,99,"15,62"
520355,BONFINÓPOLIS,GO,07/2022,605,518,"85,62",518,0,"100,00",87,"14,38",3,84,"13,88"
520357,BONÓPOLIS,GO,09/2022,328,289,"88,11",275,14,"95,16",39,"11,89",0,39,"11,89"
520357,BONÓPOLIS,GO,07/2022,310,267,"86,13",267,0,"100,00",43,"13,87",23,20,"6,45"
520357,BONÓPOLIS,GO,11/2022,328,290,"88,41",275,15,"94,83",38,"11,59",1,37,"11,28"
520360,BRAZABRANTES,GO,11/2022,273,194,"71,06",194,0,"100,00",79,"28,94",5,74,"27,11"
520360,BRAZABRANTES,GO,09/2022,266,194,"72,93",194,0,"100,00",72,"27,07",0,72,"27,07"
520360,BRAZABRANTES,GO,07/2022,242,171,"70,66",171,0,"100,00",71,"29,34",1,70,"28,93"
520380,BRITÂNIA,GO,07/2022,323,272,"84,21",272,0,"100,00",51,"15,79",1,50,"15,48"
520380,BRITÂNIA,GO,09/2022,327,271,"82,87",271,0,"100,00",56,"17,13",3,53,"16,21"
520380,BRITÂNIA,GO,11/2022,321,272,"84,74",272,0,"100,00",49,"15,26",0,49,"15,26"
520390,BURITI ALEGRE,GO,11/2022,384,303,"78,91",229,74,"75,58",81,"21,09",54,27,"7,03"
520390,BURITI ALEGRE,GO,09/2022,397,180,"45,34",133,47,"73,89",217,"54,66",56,161,"40,55"
520390,BURITI ALEGRE,GO,07/2022,383,101,"26,37",101,0,"100,00",282,"73,63",114,168,"43,86"
520393,BURITI DE GOIÁS,GO,09/2022,159,153,"96,23",146,7,"95,42",6,"3,77",1,5,"3,14"
520393,BURITI DE GOIÁS,GO,07/2022,148,143,"96,62",142,1,"99,30",5,"3,38",2,3,"2,03"
520393,BURITI DE GOIÁS,GO,11/2022,162,158,"97,53",141,17,"89,24",4,"2,47",1,3,"1,85"
520396,BURITINÓPOLIS,GO,11/2022,307,248,"80,78",248,0,"100,00",59,"19,22",1,58,"18,89"
520396,BURITINÓPOLIS,GO,07/2022,307,251,"81,76",251,0,"100,00",56,"18,24",1,55,"17,92"
520396,BURITINÓPOLIS,GO,09/2022,316,254,"80,38",242,12,"95,28",62,"19,62",1,61,"19,30"
520400,CABECEIRAS,GO,07/2022,681,311,"45,67",311,0,"100,00",370,"54,33",251,119,"17,47"
520400,CABECEIRAS,GO,09/2022,670,540,"80,60",540,0,"100,00",130,"19,40",8,122,"18,21"
520400,CABECEIRAS,GO,11/2022,658,569,"86,47",569,0,"100,00",89,"13,53",5,84,"12,77"
520410,CACHOEIRA ALTA,GO,11/2022,745,501,"67,25",501,0,"100,00",244,"32,75",4,240,"32,21"
520410,CACHOEIRA ALTA,GO,07/2022,642,455,"70,87",455,0,"100,00",187,"29,13",1,186,"28,97"
520410,CACHOEIRA ALTA,GO,09/2022,740,494,"66,76",494,0,"100,00",246,"33,24",3,243,"32,84"
520420,CACHOEIRA DE GOIÁS,GO,07/2022,115,5,"4,35",4,1,"80,00",110,"95,65",82,28,"24,35"
520420,CACHOEIRA DE GOIÁS,GO,09/2022,112,48,"42,86",43,5,"89,58",64,"57,14",31,33,"29,46"
520420,CACHOEIRA DE GOIÁS,GO,11/2022,117,45,"38,46",45,0,"100,00",72,"61,54",37,35,"29,91"
520425,CACHOEIRA DOURADA,GO,11/2022,410,380,"92,68",353,27,"92,89",30,"7,32",5,25,"6,10"
520425,CACHOEIRA DOURADA,GO,07/2022,411,286,"69,59",274,12,"95,80",125,"30,41",68,57,"13,87"
520425,CACHOEIRA DOURADA,GO,09/2022,419,308,"73,51",263,45,"85,39",111,"26,49",32,79,"18,85"
520430,CAÇU,GO,09/2022,433,401,"92,61",373,28,"93,02",32,"7,39",1,31,"7,16"
520430,CAÇU,GO,07/2022,417,383,"91,85",383,0,"100,00",34,"8,15",9,25,"6,00"
520430,CAÇU,GO,11/2022,450,424,"94,22",408,16,"96,23",26,"5,78",4,22,"4,89"
520440,CAIAPÔNIA,GO,11/2022,617,563,"91,25",557,6,"98,93",54,"8,75",1,53,"8,59"
520440,CAIAPÔNIA,GO,09/2022,623,533,"85,55",532,1,"99,81",90,"14,45",12,78,"12,52"
520440,CAIAPÔNIA,GO,07/2022,659,455,"69,04",455,0,"100,00",204,"30,96",5,199,"30,20"
520450,CALDAS NOVAS,GO,09/2022,4458,4164,"93,41",3874,290,"93,04",294,"6,59",29,265,"5,94"
520450,CALDAS NOVAS,GO,07/2022,4144,3750,"90,49",3426,324,"91,36",394,"9,51",38,356,"8,59"
520450,CALDAS NOVAS,GO,11/2022,4518,4454,"98,58",4068,386,"91,33",64,"1,42",9,55,"1,22"
520455,CALDAZINHA,GO,11/2022,281,150,"53,38",126,24,"84,00",131,"46,62",45,86,"30,60"
520455,CALDAZINHA,GO,07/2022,288,230,"79,86",230,0,"100,00",58,"20,14",2,56,"19,44"
520455,CALDAZINHA,GO,09/2022,286,152,"53,15",129,23,"84,87",134,"46,85",49,85,"29,72"
520460,CAMPESTRE DE GOIÁS,GO,07/2022,365,232,"63,56",232,0,"100,00",133,"36,44",1,132,"36,16"
520460,CAMPESTRE DE GOIÁS,GO,09/2022,378,237,"62,70",234,3,"98,73",141,"37,30",11,130,"34,39"
520460,CAMPESTRE DE GOIÁS,GO,11/2022,379,309,"81,53",308,1,"99,68",70,"18,47",14,56,"14,78"
520465,CAMPINAÇU,GO,11/2022,356,333,"93,54",333,0,"100,00",23,"6,46",2,21,"5,90"
520465,CAMPINAÇU,GO,09/2022,356,298,"83,71",298,0,"100,00",58,"16,29",11,47,"13,20"
520465,CAMPINAÇU,GO,07/2022,351,304,"86,61",304,0,"100,00",47,"13,39",3,44,"12,54"
520470,CAMPINORTE,GO,09/2022,950,850,"89,47",850,0,"100,00",100,"10,53",12,88,"9,26"
520470,CAMPINORTE,GO,07/2022,843,750,"88,97",749,1,"99,87",93,"11,03",16,77,"9,13"
520470,CAMPINORTE,GO,11/2022,944,847,"89,72",847,0,"100,00",97,"10,28",6,91,"9,64"
520480,CAMPO ALEGRE DE GOIÁS,GO,11/2022,447,278,"62,19",278,0,"100,00",169,"37,81",1,168,"37,58"
520480,CAMPO ALEGRE DE GOIÁS,GO,09/2022,425,252,"59,29",248,4,"98,41",173,"40,71",1,172,"40,47"
520480,CAMPO ALEGRE DE GOIÁS,GO,07/2022,387,247,"63,82",247,0,"100,00",140,"36,18",14,126,"32,56"
520485,CAMPO LIMPO DE GOIÁS,GO,07/2022,745,630,"84,56",630,0,"100,00",115,"15,44",5,110,"14,77"
520485,CAMPO LIMPO DE GOIÁS,GO,09/2022,753,639,"84,86",639,0,"100,00",114,"15,14",3,111,"14,74"
520485,CAMPO LIMPO DE GOIÁS,GO,11/2022,745,639,"85,77",639,0,"100,00",106,"14,23",3,103,"13,83"
520490,CAMPOS BELOS,GO,11/2022,1857,1343,"72,32",1312,31,"97,69",514,"27,68",155,359,"19,33"
520490,CAMPOS BELOS,GO,09/2022,1878,997,"53,09",963,34,"96,59",881,"46,91",308,573,"30,51"
520490,CAMPOS BELOS,GO,07/2022,1932,1571,"81,31",1571,0,"100,00",361,"18,69",90,271,"14,03"
520495,CAMPOS VERDES,GO,07/2022,553,420,"75,95",420,0,"100,00",133,"24,05",64,69,"12,48"
520495,CAMPOS VERDES,GO,09/2022,560,426,"76,07",426,0,"100,00",134,"23,93",62,72,"12,86"
520495,CAMPOS VERDES,GO,11/2022,545,417,"76,51",417,0,"100,00",128,"23,49",60,68,"12,48"
520500,CARMO DO RIO VERDE,GO,11/2022,479,437,"91,23",428,9,"97,94",42,"8,77",1,41,"8,56"
520500,CARMO DO RIO VERDE,GO,07/2022,497,412,"82,90",412,0,"100,00",85,"17,10",1,84,"16,90"
520500,CARMO DO RIO VERDE,GO,09/2022,498,412,"82,73",411,1,"99,76",86,"17,27",4,82,"16,47"
520505,CASTELÂNDIA,GO,09/2022,289,198,"68,51",197,1,"99,49",91,"31,49",3,88,"30,45"
520505,CASTELÂNDIA,GO,07/2022,273,180,"65,93",177,3,"98,33",93,"34,07",3,90,"32,97"
520505,CASTELÂNDIA,GO,11/2022,295,209,"70,85",190,19,"90,91",86,"29,15",2,84,"28,47"
520510,CATALÃO,GO,11/2022,3682,3185,"86,50",3132,53,"98,34",497,"13,50",5,492,"13,36"
520510,CATALÃO,GO,09/2022,3510,3011,"85,78",2902,109,"96,38",499,"14,22",22,477,"13,59"
520510,CATALÃO,GO,07/2022,3139,2291,"72,99",2290,1,"99,96",848,"27,01",11,837,"26,66"
520520,CATURAÍ,GO,09/2022,404,360,"89,11",348,12,"96,67",44,"10,89",3,41,"10,15"
520520,CATURAÍ,GO,07/2022,407,347,"85,26",140,207,"40,35",60,"14,74",2,58,"14,25"
520520,CATURAÍ,GO,11/2022,419,371,"88,54",357,14,"96,23",48,"11,46",3,45,"10,74"
520530,CAVALCANTE,GO,11/2022,1105,767,"69,41",767,0,"100,00",338,"30,59",125,213,"19,28"
520530,CAVALCANTE,GO,07/2022,1122,578,"51,52",578,0,"100,00",544,"48,48",327,217,"19,34"
520530,CAVALCANTE,GO,09/2022,1122,839,"74,78",839,0,"100,00",283,"25,22",65,218,"19,43"
520540,CERES,GO,09/2022,702,554,"78,92",554,0,"100,00",148,"21,08",7,141,"20,09"
520540,CERES,GO,07/2022,705,567,"80,43",564,3,"99,47",138,"19,57",3,135,"19,15"
520540,CERES,GO,11/2022,718,597,"83,15",597,0,"100,00",121,"16,85",3,118,"16,43"
520545,CEZARINA,GO,11/2022,487,442,"90,76",400,42,"90,50",45,"9,24",0,45,"9,24"
520545,CEZARINA,GO,07/2022,486,428,"88,07",428,0,"100,00",58,"11,93",7,51,"10,49"
520545,CEZARINA,GO,09/2022,491,230,"46,84",230,0,"100,00",261,"53,16",221,40,"8,15"
520547,CHAPADÃO DO CÉU,GO,09/2022,599,461,"76,96",461,0,"100,00",138,"23,04",9,129,"21,54"
520547,CHAPADÃO DO CÉU,GO,07/2022,515,323,"62,72",323,0,"100,00",192,"37,28",6,186,"36,12"
520547,CHAPADÃO DO CÉU,GO,11/2022,601,523,"87,02",523,0,"100,00",78,"12,98",2,76,"12,65"
520549,CIDADE OCIDENTAL,GO,11/2022,7159,6408,"89,51",5985,423,"93,40",751,"10,49",255,496,"6,93"
520549,CIDADE OCIDENTAL,GO,07/2022,6507,5598,"86,03",5550,48,"99,14",909,"13,97",311,598,"9,19"
520549,CIDADE OCIDENTAL,GO,09/2022,7054,6269,"88,87",5918,351,"94,40",785,"11,13",348,437,"6,20"
520551,COCALZINHO DE GOIÁS,GO,09/2022,2283,1970,"86,29",1928,42,"97,87",313,"13,71",12,301,"13,18"
520551,COCALZINHO DE GOIÁS,GO,07/2022,2207,1787,"80,97",1787,0,"100,00",420,"19,03",6,414,"18,76"
520551,COCALZINHO DE GOIÁS,GO,11/2022,2235,2079,"93,02",2073,6,"99,71",156,"6,98",2,154,"6,89"
520552,COLINAS DO SUL,GO,11/2022,451,307,"68,07",307,0,"100,00",144,"31,93",16,128,"28,38"
520552,COLINAS DO SUL,GO,07/2022,456,212,"46,49",212,0,"100,00",244,"53,51",161,83,"18,20"
520552,COLINAS DO SUL,GO,09/2022,450,305,"67,78",303,2,"99,34",145,"32,22",61,84,"18,67"
520570,CÓRREGO DO OURO,GO,09/2022,114,91,"79,82",91,0,"100,00",23,"20,18",0,23,"20,18"
520570,CÓRREGO DO OURO,GO,07/2022,106,85,"80,19",85,0,"100,00",21,"19,81",0,21,"19,81"
520570,CÓRREGO DO OURO,GO,11/2022,118,95,"80,51",95,0,"100,00",23,"19,49",0,23,"19,49"
520580,CORUMBÁ DE GOIÁS,GO,11/2022,689,625,"90,71",620,5,"99,20",64,"9,29",4,60,"8,71"
520580,CORUMBÁ DE GOIÁS,GO,09/2022,722,616,"85,32",591,25,"95,94",106,"14,68",19,87,"12,05"
520580,CORUMBÁ DE GOIÁS,GO,07/2022,704,574,"81,53",574,0,"100,00",130,"18,47",5,125,"17,76"
520590,CORUMBAÍBA,GO,09/2022,468,194,"41,45",183,11,"94,33",274,"58,55",36,238,"50,85"
520590,CORUMBAÍBA,GO,07/2022,467,104,"22,27",104,0,"100,00",363,"77,73",172,191,"40,90"
520590,CORUMBAÍBA,GO,11/2022,469,197,"42,00",193,4,"97,97",272,"58,00",38,234,"49,89"
520620,CRISTALINA,GO,11/2022,4290,3204,"74,69",3128,76,"97,63",1086,"25,31",140,946,"22,05"
520620,CRISTALINA,GO,09/2022,4306,3085,"71,64",2907,178,"94,23",1221,"28,36",283,938,"21,78"
520620,CRISTALINA,GO,07/2022,4087,2672,"65,38",2595,77,"97,12",1415,"34,62",407,1008,"24,66"
520630,CRISTIANÓPOLIS,GO,09/2022,254,247,"97,24",238,9,"96,36",7,"2,76",3,4,"1,57"
520630,CRISTIANÓPOLIS,GO,07/2022,217,207,"95,39",207,0,"100,00",10,"4,61",3,7,"3,23"
520630,CRISTIANÓPOLIS,GO,11/2022,269,259,"96,28",240,19,"92,66",10,"3,72",2,8,"2,97"
520640,CRIXÁS,GO,11/2022,721,641,"88,90",641,0,"100,00",80,"11,10",6,74,"10,26"
520640,CRIXÁS,GO,07/2022,769,403,"52,41",403,0,"100,00",366,"47,59",163,203,"26,40"
520640,CRIXÁS,GO,09/2022,780,554,"71,03",554,0,"100,00",226,"28,97",28,198,"25,38"
520650,CROMÍNIA,GO,09/2022,328,250,"76,22",250,0,"100,00",78,"23,78",8,70,"21,34"
520650,CROMÍNIA,GO,07/2022,341,235,"68,91",232,3,"98,72",106,"31,09",13,93,"27,27"
520650,CROMÍNIA,GO,11/2022,321,259,"80,69",256,3,"98,84",62,"19,31",8,54,"16,82"
520660,CUMARI,GO,11/2022,114,102,"89,47",85,17,"83,33",12,"10,53",3,9,"7,89"
520660,CUMARI,GO,07/2022,104,92,"88,46",86,6,"93,48",12,"11,54",7,5,"4,81"
520660,CUMARI,GO,09/2022,107,96,"89,72",87,9,"90,63",11,"10,28",4,7,"6,54"
520670,DAMIANÓPOLIS,GO,09/2022,409,327,"79,95",326,1,"99,69",82,"20,05",2,80,"19,56"
520670,DAMIANÓPOLIS,GO,07/2022,402,223,"55,47",220,3,"98,65",179,"44,53",97,82,"20,40"
520670,DAMIANÓPOLIS,GO,11/2022,407,383,"94,10",383,0,"100,00",24,"5,90",4,20,"4,91"
520680,DAMOLÂNDIA,GO,11/2022,204,163,"79,90",146,17,"89,57",41,"20,10",1,40,"19,61"
520680,DAMOLÂNDIA,GO,09/2022,207,170,"82,13",162,8,"95,29",37,"17,87",0,37,"17,87"
520680,DAMOLÂNDIA,GO,07/2022,197,168,"85,28",160,8,"95,24",29,"14,72",0,29,"14,72"
520690,DAVINÓPOLIS,GO,09/2022,116,87,"75,00",87,0,"100,00",29,"25,00",2,27,"23,28"
520690,DAVINÓPOLIS,GO,07/2022,118,87,"73,73",87,0,"100,00",31,"26,27",0,31,"26,27"
520690,DAVINÓPOLIS,GO,11/2022,120,92,"76,67",92,0,"100,00",28,"23,33",0,28,"23,33"
520710,DIORAMA,GO,11/2022,94,85,"90,43",81,4,"95,29",9,"9,57",2,7,"7,45"
520710,DIORAMA,GO,09/2022,93,84,"90,32",80,4,"95,24",9,"9,68",1,8,"8,60"
520710,DIORAMA,GO,07/2022,100,88,"88,00",88,0,"100,00",12,"12,00",1,11,"11,00"
520725,DOVERLÂNDIA,GO,09/2022,436,366,"83,94",361,5,"98,63",70,"16,06",16,54,"12,39"
520725,DOVERLÂNDIA,GO,07/2022,439,282,"64,24",278,4,"98,58",157,"35,76",13,144,"32,80"
520725,DOVERLÂNDIA,GO,11/2022,433,356,"82,22",353,3,"99,16",77,"17,78",16,61,"14,09"
520735,EDEALINA,GO,11/2022,224,199,"88,84",183,16,"91,96",25,"11,16",2,23,"10,27"
520735,EDEALINA,GO,07/2022,222,193,"86,94",193,0,"100,00",29,"13,06",5,24,"10,81"
520735,EDEALINA,GO,09/2022,227,204,"89,87",198,6,"97,06",23,"10,13",6,17,"7,49"
520740,EDÉIA,GO,07/2022,827,567,"68,56",567,0,"100,00",260,"31,44",0,260,"31,44"
520740,EDÉIA,GO,09/2022,849,646,"76,09",629,17,"97,37",203,"23,91",5,198,"23,32"
520740,EDÉIA,GO,11/2022,840,668,"79,52",645,23,"96,56",172,"20,48",3,169,"20,12"
520750,ESTRELA DO NORTE,GO,11/2022,224,204,"91,07",204,0,"100,00",20,"8,93",1,19,"8,48"
520750,ESTRELA DO NORTE,GO,09/2022,228,199,"87,28",199,0,"100,00",29,"12,72",13,16,"7,02"
520750,ESTRELA DO NORTE,GO,07/2022,211,188,"89,10",188,0,"100,00",23,"10,90",8,15,"7,11"
520753,FAINA,GO,09/2022,407,319,"78,38",314,5,"98,43",88,"21,62",8,80,"19,66"
520753,FAINA,GO,07/2022,410,331,"80,73",331,0,"100,00",79,"19,27",5,74,"18,05"
520753,FAINA,GO,11/2022,393,321,"81,68",321,0,"100,00",72,"18,32",5,67,"17,05"
520760,FAZENDA NOVA,GO,11/2022,515,372,"72,23",372,0,"100,00",143,"27,77",16,127,"24,66"
520760,FAZENDA NOVA,GO,07/2022,490,338,"68,98",338,0,"100,00",152,"31,02",21,131,"26,73"
520760,FAZENDA NOVA,GO,09/2022,522,364,"69,73",364,0,"100,00",158,"30,27",20,138,"26,44"
520780,FIRMINÓPOLIS,GO,09/2022,466,390,"83,69",385,5,"98,72",76,"16,31",0,76,"16,31"
520780,FIRMINÓPOLIS,GO,07/2022,458,332,"72,49",332,0,"100,00",126,"27,51",2,124,"27,07"
520780,FIRMINÓPOLIS,GO,11/2022,458,392,"85,59",387,5,"98,72",66,"14,41",0,66,"14,41"
520790,FLORES DE GOIÁS,GO,11/2022,910,604,"66,37",598,6,"99,01",306,"33,63",90,216,"23,74"
520790,FLORES DE GOIÁS,GO,07/2022,911,523,"57,41",521,2,"99,62",388,"42,59",175,213,"23,38"
520790,FLORES DE GOIÁS,GO,09/2022,896,566,"63,17",560,6,"98,94",330,"36,83",117,213,"23,77"
520800,FORMOSA,GO,07/2022,7608,4914,"64,59",4896,18,"99,63",2694,"35,41",891,1803,"23,70"
520800,FORMOSA,GO,09/2022,7922,5276,"66,60",5232,44,"99,17",2646,"33,40",588,2058,"25,98"
520800,FORMOSA,GO,11/2022,7881,5448,"69,13",5346,102,"98,13",2433,"30,87",110,2323,"29,48"
520810,FORMOSO,GO,11/2022,370,317,"85,68",315,2,"99,37",53,"14,32",5,48,"12,97"
520810,FORMOSO,GO,09/2022,385,333,"86,49",329,4,"98,80",52,"13,51",3,49,"12,73"
520810,FORMOSO,GO,07/2022,395,326,"82,53",324,2,"99,39",69,"17,47",2,67,"16,96"
520815,GAMELEIRA DE GOIÁS,GO,09/2022,217,201,"92,63",172,29,"85,57",16,"7,37",1,15,"6,91"
520815,GAMELEIRA DE GOIÁS,GO,07/2022,213,196,"92,02",196,0,"100,00",17,"7,98",0,17,"7,98"
520815,GAMELEIRA DE GOIÁS,GO,11/2022,212,196,"92,45",181,15,"92,35",16,"7,55",2,14,"6,60"
520830,DIVINÓPOLIS DE GOIÁS,GO,11/2022,593,540,"91,06",535,5,"99,07",53,"8,94",9,44,"7,42"
520830,DIVINÓPOLIS DE GOIÁS,GO,09/2022,585,523,"89,40",520,3,"99,43",62,"10,60",7,55,"9,40"
520830,DIVINÓPOLIS DE GOIÁS,GO,07/2022,591,519,"87,82",518,1,"99,81",72,"12,18",25,47,"7,95"
520840,GOIANÁPOLIS,GO,09/2022,1153,845,"73,29",826,19,"97,75",308,"26,71",11,297,"25,76"
520840,GOIANÁPOLIS,GO,07/2022,1154,794,"68,80",788,6,"99,24",360,"31,20",22,338,"29,29"
520840,GOIANÁPOLIS,GO,11/2022,1149,831,"72,32",807,24,"97,11",318,"27,68",16,302,"26,28"
520850,GOIANDIRA,GO,11/2022,244,211,"86,48",175,36,"82,94",33,"13,52",1,32,"13,11"
520850,GOIANDIRA,GO,09/2022,242,214,"88,43",150,64,"70,09",28,"11,57",4,24,"9,92"
520850,GOIANDIRA,GO,07/2022,224,195,"87,05",194,1,"99,49",29,"12,95",3,26,"11,61"
520860,GOIANÉSIA,GO,07/2022,3134,2176,"69,43",2162,14,"99,36",958,"30,57",378,580,"18,51"
520860,GOIANÉSIA,GO,09/2022,3467,2711,"78,19",2597,114,"95,79",756,"21,81",93,663,"19,12"
520860,GOIANÉSIA,GO,11/2022,3482,2818,"80,93",2712,106,"96,24",664,"19,07",28,636,"18,27"
520870,GOIÂNIA,GO,11/2022,44043,34399,"78,10",31686,2713,"92,11",9644,"21,90",79,9565,"21,72"
520870,GOIÂNIA,GO,09/2022,42635,30363,"71,22",27514,2849,"90,62",12272,"28,78",104,12168,"28,54"
520870,GOIÂNIA,GO,07/2022,41033,25757,"62,77",25695,62,"99,76",15276,"37,23",76,15200,"37,04"
520880,GOIANIRA,GO,07/2022,3509,2636,"75,12",2631,5,"99,81",873,"24,88",14,859,"24,48"
520880,GOIANIRA,GO,09/2022,4115,3148,"76,50",3145,3,"99,90",967,"23,50",15,952,"23,13"
520880,GOIANIRA,GO,11/2022,4202,3510,"83,53",3505,5,"99,86",692,"16,47",32,660,"15,71"
520890,GOIÁS,GO,11/2022,1296,1108,"85,49",1108,0,"100,00",188,"14,51",2,186,"14,35"
520890,GOIÁS,GO,07/2022,1271,1071,"84,26",1071,0,"100,00",200,"15,74",0,200,"15,74"
520890,GOIÁS,GO,09/2022,1303,1103,"84,65",1103,0,"100,00",200,"15,35",6,194,"14,89"
520910,GOIATUBA,GO,07/2022,1384,1320,"95,38",1320,0,"100,00",64,"4,62",6,58,"4,19"
520910,GOIATUBA,GO,09/2022,1391,1324,"95,18",1324,0,"100,00",67,"4,82",0,67,"4,82"
520910,GOIATUBA,GO,11/2022,1359,1282,"94,33",1282,0,"100,00",77,"5,67",1,76,"5,59"
520915,GOUVELÂNDIA,GO,11/2022,265,204,"76,98",201,3,"98,53",61,"23,02",29,32,"12,08"
520915,GOUVELÂNDIA,GO,07/2022,250,188,"75,20",184,4,"97,87",62,"24,80",42,20,"8,00"
520915,GOUVELÂNDIA,GO,09/2022,253,195,"77,08",190,5,"97,44",58,"22,92",34,24,"9,49"
520920,GUAPÓ,GO,07/2022,1499,974,"64,98",974,0,"100,00",525,"35,02",114,411,"27,42"
520920,GUAPÓ,GO,09/2022,1616,1002,"62,00",999,3,"99,70",614,"38,00",79,535,"33,11"
520920,GUAPÓ,GO,11/2022,1698,1105,"65,08",1095,10,"99,10",593,"34,92",13,580,"34,16"
520929,GUARAÍTA,GO,11/2022,151,137,"90,73",123,14,"89,78",14,"9,27",0,14,"9,27"
520929,GUARAÍTA,GO,09/2022,159,131,"82,39",123,8,"93,89",28,"17,61",7,21,"13,21"
520929,GUARAÍTA,GO,07/2022,162,139,"85,80",139,0,"100,00",23,"14,20",3,20,"12,35"
520940,GUARANI DE GOIÁS,GO,07/2022,459,382,"83,22",382,0,"100,00",77,"16,78",1,76,"16,56"
520940,GUARANI DE GOIÁS,GO,09/2022,476,376,"78,99",372,4,"98,94",100,"21,01",13,87,"18,28"
520940,GUARANI DE GOIÁS,GO,11/2022,474,382,"80,59",377,5,"98,69",92,"19,41",2,90,"18,99"
520945,GUARINOS,GO,11/2022,153,124,"81,05",124,0,"100,00",29,"18,95",2,27,"17,65"
520945,GUARINOS,GO,07/2022,157,84,"53,50",84,0,"100,00",73,"46,50",46,27,"17,20"
520945,GUARINOS,GO,09/2022,150,122,"81,33",122,0,"100,00",28,"18,67",2,26,"17,33"
520960,HEITORAÍ,GO,09/2022,313,184,"58,79",159,25,"86,41",129,"41,21",86,43,"13,74"
520960,HEITORAÍ,GO,07/2022,308,139,"45,13",139,0,"100,00",169,"54,87",103,66,"21,43"
520960,HEITORAÍ,GO,11/2022,310,196,"63,23",168,28,"85,71",114,"36,77",75,39,"12,58"
520970,HIDROLÂNDIA,GO,11/2022,1312,948,"72,26",925,23,"97,57",364,"27,74",186,178,"13,57"
520970,HIDROLÂNDIA,GO,09/2022,1266,874,"69,04",838,36,"95,88",392,"30,96",119,273,"21,56"
520970,HIDROLÂNDIA,GO,07/2022,1206,742,"61,53",742,0,"100,00",464,"38,47",66,398,"33,00"
520980,HIDROLINA,GO,07/2022,228,199,"87,28",38,161,"19,10",29,"12,72",0,29,"12,72"
520980,HIDROLINA,GO,09/2022,232,194,"83,62",167,27,"86,08",38,"16,38",1,37,"15,95"
520980,HIDROLINA,GO,11/2022,232,187,"80,60",181,6,"96,79",45,"19,40",0,45,"19,40"
520990,IACIARA,GO,11/2022,1257,1173,"93,32",1164,9,"99,23",84,"6,68",5,79,"6,28"
520990,IACIARA,GO,09/2022,1278,1181,"92,41",1162,19,"98,39",97,"7,59",24,73,"5,71"
520990,IACIARA,GO,07/2022,1390,1213,"87,27",1213,0,"100,00",177,"12,73",32,145,"10,43"
520993,INACIOLÂNDIA,GO,09/2022,384,320,"83,33",287,33,"89,69",64,"16,67",3,61,"15,89"
520993,INACIOLÂNDIA,GO,07/2022,393,321,"81,68",313,8,"97,51",72,"18,32",12,60,"15,27"
520993,INACIOLÂNDIA,GO,11/2022,376,302,"80,32",261,41,"86,42",74,"19,68",2,72,"19,15"
520995,INDIARA,GO,11/2022,880,761,"86,48",760,1,"99,87",119,"13,52",1,118,"13,41"
520995,INDIARA,GO,09/2022,924,789,"85,39",784,5,"99,37",135,"14,61",7,128,"13,85"
520995,INDIARA,GO,07/2022,915,843,"92,13",842,1,"99,88",72,"7,87",5,67,"7,32"
521000,INHUMAS,GO,07/2022,2487,2332,"93,77",2332,0,"100,00",155,"6,23",28,127,"5,11"
521000,INHUMAS,GO,09/2022,2512,2407,"95,82",2407,0,"100,00",105,"4,18",33,72,"2,87"
521000,INHUMAS,GO,11/2022,2547,2445,"96,00",2445,0,"100,00",102,"4,00",29,73,"2,87"
521010,IPAMERI,GO,11/2022,1447,447,"30,89",443,4,"99,11",1000,"69,11",590,410,"28,33"
521010,IPAMERI,GO,09/2022,1454,521,"35,83",517,4,"99,23",933,"64,17",497,436,"29,99"
521010,IPAMERI,GO,07/2022,1465,454,"30,99",358,96,"78,85",1011,"69,01",588,423,"28,87"
521015,IPIRANGA DE GOIÁS,GO,07/2022,173,139,"80,35",139,0,"100,00",34,"19,65",2,32,"18,50"
521015,IPIRANGA DE GOIÁS,GO,09/2022,179,141,"78,77",137,4,"97,16",38,"21,23",5,33,"18,44"
521015,IPIRANGA DE GOIÁS,GO,11/2022,174,139,"79,89",124,15,"89,21",35,"20,11",4,31,"17,82"
521020,IPORÁ,GO,11/2022,1036,985,"95,08",936,49,"95,03",51,"4,92",3,48,"4,63"
521020,IPORÁ,GO,07/2022,938,688,"73,35",683,5,"99,27",250,"26,65",36,214,"22,81"
521020,IPORÁ,GO,09/2022,1003,762,"75,97",738,24,"96,85",241,"24,03",4,237,"23,63"
521030,ISRAELÂNDIA,GO,07/2022,182,79,"43,41",79,0,"100,00",103,"56,59",3,100,"54,95"
521030,ISRAELÂNDIA,GO,09/2022,195,78,"40,00",78,0,"100,00",117,"60,00",1,116,"59,49"
521030,ISRAELÂNDIA,GO,11/2022,187,140,"74,87",140,0,"100,00",47,"25,13",1,46,"24,60"
521040,ITABERAÍ,GO,11/2022,2928,1517,"51,81",1512,5,"99,67",1411,"48,19",32,1379,"47,10"
521040,ITABERAÍ,GO,09/2022,2905,1391,"47,88",1375,16,"98,85",1514,"52,12",65,1449,"49,88"
521040,ITABERAÍ,GO,07/2022,2765,1274,"46,08",1271,3,"99,76",1491,"53,92",56,1435,"51,90"
521056,ITAGUARI,GO,09/2022,333,273,"81,98",273,0,"100,00",60,"18,02",2,58,"17,42"
521056,ITAGUARI,GO,07/2022,328,274,"83,54",274,0,"100,00",54,"16,46",0,54,"16,46"
521056,ITAGUARI,GO,11/2022,311,262,"84,24",261,1,"99,62",49,"15,76",0,49,"15,76"
521060,ITAGUARU,GO,11/2022,263,243,"92,40",239,4,"98,35",20,"7,60",5,15,"5,70"
521060,ITAGUARU,GO,07/2022,274,243,"88,69",243,0,"100,00",31,"11,31",6,25,"9,12"
521060,ITAGUARU,GO,09/2022,263,234,"88,97",227,7,"97,01",29,"11,03",5,24,"9,13"
521080,ITAJÁ,GO,07/2022,222,178,"80,18",177,1,"99,44",44,"19,82",1,43,"19,37"
521080,ITAJÁ,GO,09/2022,228,200,"87,72",188,12,"94,00",28,"12,28",1,27,"11,84"
521080,ITAJÁ,GO,11/2022,230,201,"87,39",193,8,"96,02",29,"12,61",1,28,"12,17"
521090,ITAPACI,GO,11/2022,882,803,"91,04",803,0,"100,00",79,"8,96",2,77,"8,73"
521090,ITAPACI,GO,07/2022,936,913,"97,54",913,0,"100,00",23,"2,46",2,21,"2,24"
521090,ITAPACI,GO,09/2022,922,833,"90,35",829,4,"99,52",89,"9,65",12,77,"8,35"
521100,ITAPIRAPUÃ,GO,07/2022,654,516,"78,90",516,0,"100,00",138,"21,10",18,120,"18,35"
521100,ITAPIRAPUÃ,GO,09/2022,633,531,"83,89",529,2,"99,62",102,"16,11",11,91,"14,38"
521100,ITAPIRAPUÃ,GO,11/2022,628,532,"84,71",530,2,"99,62",96,"15,29",5,91,"14,49"
521120,ITAPURANGA,GO,11/2022,1621,1196,"73,78",1194,2,"99,83",425,"26,22",37,388,"23,94"
521120,ITAPURANGA,GO,09/2022,1631,1161,"71,18",1160,1,"99,91",470,"28,82",120,350,"21,46"
521120,ITAPURANGA,GO,07/2022,1637,1152,"70,37",1152,0,"100,00",485,"29,63",150,335,"20,46"
521130,ITARUMÃ,GO,07/2022,232,224,"96,55",219,5,"97,77",8,"3,45",2,6,"2,59"
521130,ITARUMÃ,GO,09/2022,245,226,"92,24",210,16,"92,92",19,"7,76",1,18,"7,35"
521130,ITARUMÃ,GO,11/2022,248,224,"90,32",201,23,"89,73",24,"9,68",0,24,"9,68"
521140,ITAUÇU,GO,11/2022,404,164,"40,59",145,19,"88,41",240,"59,41",155,85,"21,04"
521140,ITAUÇU,GO,07/2022,386,295,"76,42",293,2,"99,32",91,"23,58",7,84,"21,76"
521140,ITAUÇU,GO,09/2022,394,301,"76,40",260,41,"86,38",93,"23,60",8,85,"21,57"
521150,ITUMBIARA,GO,07/2022,4237,3504,"82,70",3502,2,"99,94",733,"17,30",9,724,"17,09"
521150,ITUMBIARA,GO,09/2022,4473,3800,"84,95",3608,192,"94,95",673,"15,05",10,663,"14,82"
521150,ITUMBIARA,GO,11/2022,4556,4063,"89,18",3906,157,"96,14",493,"10,82",5,488,"10,71"
521160,IVOLÂNDIA,GO,11/2022,162,130,"80,25",130,0,"100,00",32,"19,75",0,32,"19,75"
521160,IVOLÂNDIA,GO,07/2022,156,124,"79,49",124,0,"100,00",32,"20,51",2,30,"19,23"
521160,IVOLÂNDIA,GO,09/2022,158,126,"79,75",126,0,"100,00",32,"20,25",1,31,"19,62"
521170,JANDAIA,GO,09/2022,337,209,"62,02",209,0,"100,00",128,"37,98",82,46,"13,65"
521170,JANDAIA,GO,07/2022,331,289,"87,31",289,0,"100,00",42,"12,69",1,41,"12,39"
521170,JANDAIA,GO,11/2022,340,301,"88,53",301,0,"100,00",39,"11,47",0,39,"11,47"
521180,JARAGUÁ,GO,11/2022,3152,3125,"99,14",2945,180,"94,24",27,"0,86",8,19,"0,60"
521180,JARAGUÁ,GO,07/2022,3143,2859,"90,96",2808,51,"98,22",284,"9,04",44,240,"7,64"
521180,JARAGUÁ,GO,09/2022,3202,3079,"96,16",2948,131,"95,75",123,"3,84",20,103,"3,22"
521190,JATAÍ,GO,07/2022,3450,3128,"90,67",3128,0,"100,00",322,"9,33",25,297,"8,61"
521190,JATAÍ,GO,09/2022,3562,3140,"88,15",3022,118,"96,24",422,"11,85",11,411,"11,54"
521190,JATAÍ,GO,11/2022,3613,3387,"93,74",3340,47,"98,61",226,"6,26",11,215,"5,95"
521200,JAUPACI,GO,11/2022,211,169,"80,09",169,0,"100,00",42,"19,91",2,40,"18,96"
521200,JAUPACI,GO,09/2022,219,183,"83,56",183,0,"100,00",36,"16,44",3,33,"15,07"
521200,JAUPACI,GO,07/2022,212,183,"86,32",183,0,"100,00",29,"13,68",4,25,"11,79"
521205,JESÚPOLIS,GO,09/2022,244,204,"83,61",203,1,"99,51",40,"16,39",0,40,"16,39"
521205,JESÚPOLIS,GO,07/2022,239,193,"80,75",193,0,"100,00",46,"19,25",0,46,"19,25"
521205,JESÚPOLIS,GO,11/2022,241,201,"83,40",201,0,"100,00",40,"16,60",1,39,"16,18"
521210,JOVIÂNIA,GO,11/2022,168,158,"94,05",150,8,"94,94",10,"5,95",0,10,"5,95"
521210,JOVIÂNIA,GO,07/2022,164,152,"92,68",152,0,"100,00",12,"7,32",1,11,"6,71"
521210,JOVIÂNIA,GO,09/2022,167,159,"95,21",150,9,"94,34",8,"4,79",0,8,"4,79"
521220,JUSSARA,GO,07/2022,1065,820,"77,00",820,0,"100,00",245,"23,00",124,121,"11,36"
521220,JUSSARA,GO,09/2022,1151,971,"84,36",971,0,"100,00",180,"15,64",48,132,"11,47"
521220,JUSSARA,GO,11/2022,1118,952,"85,15",952,0,"100,00",166,"14,85",39,127,"11,36"
521225,LAGOA SANTA,GO,11/2022,162,147,"90,74",147,0,"100,00",15,"9,26",0,15,"9,26"
521225,LAGOA SANTA,GO,09/2022,152,136,"89,47",136,0,"100,00",16,"10,53",2,14,"9,21"
521225,LAGOA SANTA,GO,07/2022,133,0,"0,00",0,0,,133,"100,00",123,10,"7,52"
521230,LEOPOLDO DE BULHÕES,GO,09/2022,630,169,"26,83",169,0,"100,00",461,"73,17",150,311,"49,37"
521230,LEOPOLDO DE BULHÕES,GO,07/2022,668,337,"50,45",336,1,"99,70",331,"49,55",3,328,"49,10"
521230,LEOPOLDO DE BULHÕES,GO,11/2022,610,260,"42,62",256,4,"98,46",350,"57,38",5,345,"56,56"
521250,LUZIÂNIA,GO,11/2022,17656,11081,"62,76",10801,280,"97,47",6575,"37,24",602,5973,"33,83"
521250,LUZIÂNIA,GO,09/2022,17580,10754,"61,17",10551,203,"98,11",6826,"38,83",329,6497,"36,96"
521250,LUZIÂNIA,GO,07/2022,16264,8606,"52,91",8572,34,"99,60",7658,"47,09",1085,6573,"40,41"
521260,MAIRIPOTABA,GO,09/2022,200,169,"84,50",169,0,"100,00",31,"15,50",11,20,"10,00"
521260,MAIRIPOTABA,GO,07/2022,186,137,"73,66",137,0,"100,00",49,"26,34",27,22,"11,83"
521260,MAIRIPOTABA,GO,11/2022,203,190,"93,60",190,0,"100,00",13,"6,40",4,9,"4,43"
521270,MAMBAÍ,GO,11/2022,939,856,"91,16",807,49,"94,28",83,"8,84",3,80,"8,52"
521270,MAMBAÍ,GO,07/2022,909,808,"88,89",804,4,"99,50",101,"11,11",7,94,"10,34"
521270,MAMBAÍ,GO,09/2022,931,827,"88,83",820,7,"99,15",104,"11,17",4,100,"10,74"
521280,MARA ROSA,GO,07/2022,680,619,"91,03",619,0,"100,00",61,"8,97",2,59,"8,68"
521280,MARA ROSA,GO,09/2022,675,632,"93,63",621,11,"98,26",43,"6,37",6,37,"5,48"
521280,MARA ROSA,GO,11/2022,675,637,"94,37",623,14,"97,80",38,"5,63",0,38,"5,63"
521290,MARZAGÃO,GO,11/2022,194,153,"78,87",151,2,"98,69",41,"21,13",1,40,"20,62"
521290,MARZAGÃO,GO,09/2022,202,159,"78,71",153,6,"96,23",43,"21,29",1,42,"20,79"
521290,MARZAGÃO,GO,07/2022,185,147,"79,46",147,0,"100,00",38,"20,54",1,37,"20,00"
521295,MATRINCHÃ,GO,07/2022,386,303,"78,50",295,8,"97,36",83,"21,50",49,34,"8,81"
521295,MATRINCHÃ,GO,09/2022,391,241,"61,64",213,28,"88,38",150,"38,36",115,35,"8,95"
521295,MATRINCHÃ,GO,11/2022,388,320,"82,47",290,30,"90,63",68,"17,53",25,43,"11,08"
521300,MAURILÂNDIA,GO,11/2022,839,598,"71,28",598,0,"100,00",241,"28,72",1,240,"28,61"
521300,MAURILÂNDIA,GO,09/2022,878,598,"68,11",598,0,"100,00",280,"31,89",5,275,"31,32"
521300,MAURILÂNDIA,GO,07/2022,868,570,"65,67",570,0,"100,00",298,"34,33",13,285,"32,83"
521305,MIMOSO DE GOIÁS,GO,09/2022,217,153,"70,51",151,2,"98,69",64,"29,49",4,60,"27,65"
521305,MIMOSO DE GOIÁS,GO,07/2022,220,157,"71,36",155,2,"98,73",63,"28,64",7,56,"25,45"
521305,MIMOSO DE GOIÁS,GO,11/2022,191,144,"75,39",144,0,"100,00",47,"24,61",6,41,"21,47"
521308,MINAÇU,GO,11/2022,1606,1383,"86,11",1373,10,"99,28",223,"13,89",9,214,"13,33"
521308,MINAÇU,GO,07/2022,1618,1386,"85,66",1386,0,"100,00",232,"14,34",16,216,"13,35"
521308,MINAÇU,GO,09/2022,1621,1378,"85,01",1367,11,"99,20",243,"14,99",13,230,"14,19"
521310,MINEIROS,GO,07/2022,3321,1440,"43,36",1438,2,"99,86",1881,"56,64",165,1716,"51,67"
521310,MINEIROS,GO,09/2022,3597,1591,"44,23",1562,29,"98,18",2006,"55,77",219,1787,"49,68"
521310,MINEIROS,GO,11/2022,3614,1703,"47,12",1674,29,"98,30",1911,"52,88",142,1769,"48,95"
521340,MOIPORÁ,GO,11/2022,96,76,"79,17",76,0,"100,00",20,"20,83",1,19,"19,79"
521340,MOIPORÁ,GO,07/2022,99,76,"76,77",76,0,"100,00",23,"23,23",2,21,"21,21"
521340,MOIPORÁ,GO,09/2022,101,78,"77,23",77,1,"98,72",23,"22,77",1,22,"21,78"
521350,MONTE ALEGRE DE GOIÁS,GO,07/2022,880,543,"61,70",542,1,"99,82",337,"38,30",9,328,"37,27"
521350,MONTE ALEGRE DE GOIÁS,GO,09/2022,868,536,"61,75",493,43,"91,98",332,"38,25",6,326,"37,56"
521350,MONTE ALEGRE DE GOIÁS,GO,11/2022,865,601,"69,48",601,0,"100,00",264,"30,52",14,250,"28,90"
521370,MONTES CLAROS DE GOIÁS,GO,11/2022,332,269,"81,02",258,11,"95,91",63,"18,98",1,62,"18,67"
521370,MONTES CLAROS DE GOIÁS,GO,09/2022,348,272,"78,16",251,21,"92,28",76,"21,84",2,74,"21,26"
521370,MONTES CLAROS DE GOIÁS,GO,07/2022,339,252,"74,34",252,0,"100,00",87,"25,66",7,80,"23,60"
521375,MONTIVIDIU,GO,09/2022,461,191,"41,43",191,0,"100,00",270,"58,57",139,131,"28,42"
521375,MONTIVIDIU,GO,07/2022,461,174,"37,74",172,2,"98,85",287,"62,26",156,131,"28,42"
521375,MONTIVIDIU,GO,11/2022,485,359,"74,02",359,0,"100,00",126,"25,98",4,122,"25,15"
521377,MONTIVIDIU DO NORTE,GO,11/2022,433,309,"71,36",293,16,"94,82",124,"28,64",0,124,"28,64"
521377,MONTIVIDIU DO NORTE,GO,09/2022,436,308,"70,64",301,7,"97,73",128,"29,36",2,126,"28,90"
521377,MONTIVIDIU DO NORTE,GO,07/2022,455,332,"72,97",329,3,"99,10",123,"27,03",1,122,"26,81"
521380,MORRINHOS,GO,09/2022,1625,1431,"88,06",1344,87,"93,92",194,"11,94",3,191,"11,75"
521380,MORRINHOS,GO,07/2022,1639,1426,"87,00",1414,12,"99,16",213,"13,00",9,204,"12,45"
521380,MORRINHOS,GO,11/2022,1636,1459,"89,18",1366,93,"93,63",177,"10,82",3,174,"10,64"
521385,MORRO AGUDO DE GOIÁS,GO,11/2022,217,186,"85,71",166,20,"89,25",31,"14,29",1,30,"13,82"
521385,MORRO AGUDO DE GOIÁS,GO,07/2022,218,162,"74,31",160,2,"98,77",56,"25,69",7,49,"22,48"
521385,MORRO AGUDO DE GOIÁS,GO,09/2022,210,174,"82,86",160,14,"91,95",36,"17,14",5,31,"14,76"
521390,MOSSÂMEDES,GO,09/2022,204,194,"95,10",180,14,"92,78",10,"4,90",4,6,"2,94"
521390,MOSSÂMEDES,GO,07/2022,205,187,"91,22",187,0,"100,00",18,"8,78",1,17,"8,29"
521390,MOSSÂMEDES,GO,11/2022,194,187,"96,39",167,20,"89,30",7,"3,61",0,7,"3,61"
521400,MOZARLÂNDIA,GO,11/2022,1065,1050,"98,59",1042,8,"99,24",15,"1,41",9,6,"0,56"
521400,MOZARLÂNDIA,GO,07/2022,1088,898,"82,54",893,5,"99,44",190,"17,46",101,89,"8,18"
521400,MOZARLÂNDIA,GO,09/2022,1118,1053,"94,19",1048,5,"99,53",65,"5,81",29,36,"3,22"
521405,MUNDO NOVO,GO,07/2022,405,330,"81,48",328,2,"99,39",75,"18,52",11,64,"15,80"
521405,MUNDO NOVO,GO,09/2022,387,338,"87,34",326,12,"96,45",49,"12,66",8,41,"10,59"
521405,MUNDO NOVO,GO,11/2022,396,349,"88,13",341,8,"97,71",47,"11,87",0,47,"11,87"
521410,MUTUNÓPOLIS,GO,11/2022,326,288,"88,34",288,0,"100,00",38,"11,66",1,37,"11,35"
521410,MUTUNÓPOLIS,GO,09/2022,326,281,"86,20",279,2,"99,29",45,"13,80",8,37,"11,35"
521410,MUTUNÓPOLIS,GO,07/2022,347,303,"87,32",302,1,"99,67",44,"12,68",5,39,"11,24"
521440,NAZÁRIO,GO,07/2022,503,326,"64,81",326,0,"100,00",177,"35,19",20,157,"31,21"
521440,NAZÁRIO,GO,09/2022,558,371,"66,49",357,14,"96,23",187,"33,51",28,159,"28,49"
521440,NAZÁRIO,GO,11/2022,549,381,"69,40",343,38,"90,03",168,"30,60",6,162,"29,51"
521450,NERÓPOLIS,GO,11/2022,1433,1328,"92,67",1259,69,"94,80",105,"7,33",1,104,"7,26"
521450,NERÓPOLIS,GO,09/2022,1421,1151,"81,00",1103,48,"95,83",270,"19,00",3,267,"18,79"
521450,NERÓPOLIS,GO,07/2022,1420,1071,"75,42",1071,0,"100,00",349,"24,58",0,349,"24,58"
521460,NIQUELÂNDIA,GO,07/2022,2176,1262,"58,00",1261,1,"99,92",914,"42,00",12,902,"41,45"
521460,NIQUELÂNDIA,GO,09/2022,2175,1601,"73,61",1588,13,"99,19",574,"26,39",17,557,"25,61"
521460,NIQUELÂNDIA,GO,11/2022,2118,1810,"85,46",1788,22,"98,78",308,"14,54",13,295,"13,93"
521470,NOVA AMÉRICA,GO,11/2022,210,190,"90,48",190,0,"100,00",20,"9,52",0,20,"9,52"
521470,NOVA AMÉRICA,GO,09/2022,197,174,"88,32",174,0,"100,00",23,"11,68",6,17,"8,63"
521470,NOVA AMÉRICA,GO,07/2022,173,148,"85,55",148,0,"100,00",25,"14,45",1,24,"13,87"
521480,NOVA AURORA,GO,07/2022,116,0,"0,00",0,0,,116,"100,00",107,9,"7,76"
521480,NOVA AURORA,GO,09/2022,131,85,"64,89",85,0,"100,00",46,"35,11",34,12,"9,16"
521480,NOVA AURORA,GO,11/2022,136,122,"89,71",122,0,"100,00",14,"10,29",1,13,"9,56"
521483,NOVA CRIXÁS,GO,11/2022,830,628,"75,66",628,0,"100,00",202,"24,34",3,199,"23,98"
521483,NOVA CRIXÁS,GO,07/2022,814,597,"73,34",595,2,"99,66",217,"26,66",6,211,"25,92"
521483,NOVA CRIXÁS,GO,09/2022,826,612,"74,09",612,0,"100,00",214,"25,91",1,213,"25,79"
521486,NOVA GLÓRIA,GO,09/2022,605,550,"90,91",537,13,"97,64",55,"9,09",4,51,"8,43"
521486,NOVA GLÓRIA,GO,07/2022,635,552,"86,93",552,0,"100,00",83,"13,07",0,83,"13,07"
521486,NOVA GLÓRIA,GO,11/2022,589,542,"92,02",525,17,"96,86",47,"7,98",0,47,"7,98"
521487,NOVA IGUAÇU DE GOIÁS,GO,11/2022,198,192,"96,97",180,12,"93,75",6,"3,03",0,6,"3,03"
521487,NOVA IGUAÇU DE GOIÁS,GO,09/2022,199,184,"92,46",177,7,"96,20",15,"7,54",0,15,"7,54"
521487,NOVA IGUAÇU DE GOIÁS,GO,07/2022,192,177,"92,19",177,0,"100,00",15,"7,81",0,15,"7,81"
521490,NOVA ROMA,GO,09/2022,330,291,"88,18",291,0,"100,00",39,"11,82",1,38,"11,52"
521490,NOVA ROMA,GO,07/2022,327,257,"78,59",257,0,"100,00",70,"21,41",33,37,"11,31"
521490,NOVA ROMA,GO,11/2022,312,238,"76,28",236,2,"99,16",74,"23,72",41,33,"10,58"
521500,NOVA VENEZA,GO,11/2022,676,377,"55,77",377,0,"100,00",299,"44,23",0,299,"44,23"
521500,NOVA VENEZA,GO,09/2022,695,386,"55,54",386,0,"100,00",309,"44,46",2,307,"44,17"
521500,NOVA VENEZA,GO,07/2022,644,371,"57,61",371,0,"100,00",273,"42,39",16,257,"39,91"
521520,NOVO BRASIL,GO,07/2022,204,81,"39,71",80,1,"98,77",123,"60,29",4,119,"58,33"
521520,NOVO BRASIL,GO,09/2022,226,82,"36,28",80,2,"97,56",144,"63,72",7,137,"60,62"
521520,NOVO BRASIL,GO,11/2022,237,96,"40,51",90,6,"93,75",141,"59,49",0,141,"59,49"
521523,NOVO GAMA,GO,11/2022,6501,5618,"86,42",5385,233,"95,85",883,"13,58",404,479,"7,37"
521523,NOVO GAMA,GO,07/2022,6373,5219,"81,89",4265,954,"81,72",1154,"18,11",205,949,"14,89"
521523,NOVO GAMA,GO,09/2022,6553,5381,"82,12",4997,384,"92,86",1172,"17,88",57,1115,"17,02"
521525,NOVO PLANALTO,GO,07/2022,412,341,"82,77",340,1,"99,71",71,"17,23",9,62,"15,05"
521525,NOVO PLANALTO,GO,09/2022,416,353,"84,86",350,3,"99,15",63,"15,14",8,55,"13,22"
521525,NOVO PLANALTO,GO,11/2022,397,339,"85,39",336,3,"99,12",58,"14,61",5,53,"13,35"
521530,ORIZONA,GO,11/2022,562,531,"94,48",520,11,"97,93",31,"5,52",4,27,"4,80"
521530,ORIZONA,GO,09/2022,570,514,"90,18",497,17,"96,69",56,"9,82",3,53,"9,30"
521530,ORIZONA,GO,07/2022,577,533,"92,37",533,0,"100,00",44,"7,63",5,39,"6,76"
521540,OURO VERDE DE GOIÁS,GO,09/2022,253,227,"89,72",225,2,"99,12",26,"10,28",5,21,"8,30"
521540,OURO VERDE DE GOIÁS,GO,07/2022,260,236,"90,77",224,12,"94,92",24,"9,23",2,22,"8,46"
521540,OURO VERDE DE GOIÁS,GO,11/2022,249,228,"91,57",227,1,"99,56",21,"8,43",0,21,"8,43"
521550,OUVIDOR,GO,11/2022,334,286,"85,63",286,0,"100,00",48,"14,37",0,48,"14,37"
521550,OUVIDOR,GO,07/2022,343,292,"85,13",292,0,"100,00",51,"14,87",4,47,"13,70"
521550,OUVIDOR,GO,09/2022,349,215,"61,60",215,0,"100,00",134,"38,40",84,50,"14,33"
521560,PADRE BERNARDO,GO,09/2022,2359,1439,"61,00",1380,59,"95,90",920,"39,00",299,621,"26,32"
521560,PADRE BERNARDO,GO,07/2022,2352,1465,"62,29",1465,0,"100,00",887,"37,71",279,608,"25,85"
521560,PADRE BERNARDO,GO,11/2022,2382,1354,"56,84",1259,95,"92,98",1028,"43,16",468,560,"23,51"
521565,PALESTINA DE GOIÁS,GO,11/2022,214,179,"83,64",175,4,"97,77",35,"16,36",1,34,"15,89"
521565,PALESTINA DE GOIÁS,GO,09/2022,223,183,"82,06",165,18,"90,16",40,"17,94",0,40,"17,94"
521565,PALESTINA DE GOIÁS,GO,07/2022,227,167,"73,57",165,2,"98,80",60,"26,43",0,60,"26,43"
521570,PALMEIRAS DE GOIÁS,GO,07/2022,1023,916,"89,54",916,0,"100,00",107,"10,46",5,102,"9,97"
521570,PALMEIRAS DE GOIÁS,GO,09/2022,938,257,"27,40",257,0,"100,00",681,"72,60",570,111,"11,83"
521570,PALMEIRAS DE GOIÁS,GO,11/2022,1144,1019,"89,07",1019,0,"100,00",125,"10,93",5,120,"10,49"
521580,PALMELO,GO,11/2022,98,86,"87,76",86,0,"100,00",12,"12,24",5,7,"7,14"
521580,PALMELO,GO,09/2022,96,63,"65,63",63,0,"100,00",33,"34,38",9,24,"25,00"
521580,PALMELO,GO,07/2022,91,63,"69,23",63,0,"100,00",28,"30,77",8,20,"21,98"
521590,PALMINÓPOLIS,GO,09/2022,218,198,"90,83",198,0,"100,00",20,"9,17",7,13,"5,96"
521590,PALMINÓPOLIS,GO,07/2022,210,190,"90,48",190,0,"100,00",20,"9,52",2,18,"8,57"
521590,PALMINÓPOLIS,GO,11/2022,233,214,"91,85",214,0,"100,00",19,"8,15",2,17,"7,30"
521600,PANAMÁ,GO,11/2022,127,122,"96,06",113,9,"92,62",5,"3,94",0,5,"3,94"
521600,PANAMÁ,GO,09/2022,126,106,"84,13",102,4,"96,23",20,"15,87",0,20,"15,87"
521600,PANAMÁ,GO,07/2022,132,109,"82,58",108,1,"99,08",23,"17,42",0,23,"17,42"
521630,PARANAIGUARA,GO,07/2022,447,271,"60,63",271,0,"100,00",176,"39,37",11,165,"36,91"
521630,PARANAIGUARA,GO,09/2022,448,259,"57,81",242,17,"93,44",189,"42,19",14,175,"39,06"
521630,PARANAIGUARA,GO,11/2022,445,269,"60,45",237,32,"88,10",176,"39,55",2,174,"39,10"
521640,PARAÚNA,GO,11/2022,540,431,"79,81",418,13,"96,98",109,"20,19",1,108,"20,00"
521640,PARAÚNA,GO,09/2022,560,348,"62,14",337,11,"96,84",212,"37,86",9,203,"36,25"
521640,PARAÚNA,GO,07/2022,568,337,"59,33",337,0,"100,00",231,"40,67",157,74,"13,03"
521645,PEROLÂNDIA,GO,09/2022,155,138,"89,03",128,10,"92,75",17,"10,97",2,15,"9,68"
521645,PEROLÂNDIA,GO,07/2022,164,126,"76,83",125,1,"99,21",38,"23,17",7,31,"18,90"
521645,PEROLÂNDIA,GO,11/2022,157,141,"89,81",141,0,"100,00",16,"10,19",0,16,"10,19"
521680,PETROLINA DE GOIÁS,GO,11/2022,485,467,"96,29",460,7,"98,50",18,"3,71",0,18,"3,71"
521680,PETROLINA DE GOIÁS,GO,09/2022,473,450,"95,14",439,11,"97,56",23,"4,86",3,20,"4,23"
521680,PETROLINA DE GOIÁS,GO,07/2022,457,438,"95,84",427,11,"97,49",19,"4,16",1,18,"3,94"
521690,PILAR DE GOIÁS,GO,07/2022,221,167,"75,57",167,0,"100,00",54,"24,43",1,53,"23,98"
521690,PILAR DE GOIÁS,GO,09/2022,219,167,"76,26",167,0,"100,00",52,"23,74",1,51,"23,29"
521690,PILAR DE GOIÁS,GO,11/2022,216,169,"78,24",169,0,"100,00",47,"21,76",1,46,"21,30"
521710,PIRACANJUBA,GO,11/2022,990,761,"76,87",739,22,"97,11",229,"23,13",2,227,"22,93"
521710,PIRACANJUBA,GO,09/2022,976,700,"71,72",658,42,"94,00",276,"28,28",4,272,"27,87"
521710,PIRACANJUBA,GO,07/2022,953,718,"75,34",718,0,"100,00",235,"24,66",3,232,"24,34"
521720,PIRANHAS,GO,07/2022,626,506,"80,83",506,0,"100,00",120,"19,17",1,119,"19,01"
521720,PIRANHAS,GO,09/2022,622,443,"71,22",414,29,"93,45",179,"28,78",0,179,"28,78"
521720,PIRANHAS,GO,11/2022,636,479,"75,31",448,31,"93,53",157,"24,69",0,157,"24,69"
521730,PIRENÓPOLIS,GO,11/2022,1296,1204,"92,90",1176,28,"97,67",92,"7,10",4,88,"6,79"
521730,PIRENÓPOLIS,GO,07/2022,1308,1204,"92,05",1204,0,"100,00",104,"7,95",7,97,"7,42"
521730,PIRENÓPOLIS,GO,09/2022,1348,1241,"92,06",1138,103,"91,70",107,"7,94",44,63,"4,67"
521740,PIRES DO RIO,GO,09/2022,1574,1435,"91,17",1435,0,"100,00",139,"8,83",108,31,"1,97"
521740,PIRES DO RIO,GO,07/2022,1438,1159,"80,60",1151,8,"99,31",279,"19,40",95,184,"12,80"
521740,PIRES DO RIO,GO,11/2022,1582,1407,"88,94",1406,1,"99,93",175,"11,06",137,38,"2,40"
521760,PLANALTINA,GO,11/2022,8687,7531,"86,69",7503,28,"99,63",1156,"13,31",6,1150,"13,24"
521760,PLANALTINA,GO,07/2022,7861,6524,"82,99",6523,1,"99,98",1337,"17,01",173,1164,"14,81"
521760,PLANALTINA,GO,09/2022,8326,7178,"86,21",7158,20,"99,72",1148,"13,79",29,1119,"13,44"
521770,PONTALINA,GO,09/2022,906,860,"94,92",852,8,"99,07",46,"5,08",3,43,"4,75"
521770,PONTALINA,GO,07/2022,918,862,"93,90",859,3,"99,65",56,"6,10",7,49,"5,34"
521770,PONTALINA,GO,11/2022,884,802,"90,72",781,21,"97,38",82,"9,28",10,72,"8,14"
521800,PORANGATU,GO,11/2022,2909,2351,"80,82",2351,0,"100,00",558,"19,18",45,513,"17,63"
521800,PORANGATU,GO,07/2022,2935,1962,"66,85",1962,0,"100,00",973,"33,15",611,362,"12,33"
521800,PORANGATU,GO,09/2022,2965,2246,"75,75",2241,5,"99,78",719,"24,25",93,626,"21,11"
521805,PORTEIRÃO,GO,09/2022,365,292,"80,00",292,0,"100,00",73,"20,00",4,69,"18,90"
521805,PORTEIRÃO,GO,07/2022,303,235,"77,56",235,0,"100,00",68,"22,44",3,65,"21,45"
521805,PORTEIRÃO,GO,11/2022,362,325,"89,78",325,0,"100,00",37,"10,22",3,34,"9,39"
521810,PORTELÂNDIA,GO,11/2022,270,176,"65,19",176,0,"100,00",94,"34,81",4,90,"33,33"
521810,PORTELÂNDIA,GO,09/2022,267,138,"51,69",138,0,"100,00",129,"48,31",35,94,"35,21"
521810,PORTELÂNDIA,GO,07/2022,253,111,"43,87",111,0,"100,00",142,"56,13",54,88,"34,78"
521830,POSSE,GO,09/2022,3019,2935,"97,22",2934,1,"99,97",84,"2,78",7,77,"2,55"
521830,POSSE,GO,07/2022,3024,2769,"91,57",2769,0,"100,00",255,"8,43",149,106,"3,51"
521830,POSSE,GO,11/2022,2971,2895,"97,44",2895,0,"100,00",76,"2,56",2,74,"2,49"
521839,PROFESSOR JAMIL,GO,11/2022,199,173,"86,93",155,18,"89,60",26,"13,07",6,20,"10,05"
521839,PROFESSOR JAMIL,GO,09/2022,190,147,"77,37",141,6,"95,92",43,"22,63",1,42,"22,11"
521839,PROFESSOR JAMIL,GO,07/2022,185,127,"68,65",127,0,"100,00",58,"31,35",3,55,"29,73"
521850,QUIRINÓPOLIS,GO,07/2022,1684,1187,"70,49",1187,0,"100,00",497,"29,51",19,478,"28,38"
521850,QUIRINÓPOLIS,GO,09/2022,1720,1353,"78,66",1353,0,"100,00",367,"21,34",22,345,"20,06"
521850,QUIRINÓPOLIS,GO,11/2022,1703,1335,"78,39",1333,2,"99,85",368,"21,61",16,352,"20,67"
521860,RIALMA,GO,11/2022,434,311,"71,66",303,8,"97,43",123,"28,34",0,123,"28,34"
521860,RIALMA,GO,07/2022,433,304,"70,21",303,1,"99,67",129,"29,79",0,129,"29,79"
521860,RIALMA,GO,09/2022,427,306,"71,66",287,19,"93,79",121,"28,34",1,120,"28,10"
521870,RIANÁPOLIS,GO,09/2022,193,171,"88,60",169,2,"98,83",22,"11,40",2,20,"10,36"
521870,RIANÁPOLIS,GO,07/2022,187,168,"89,84",167,1,"99,40",19,"10,16",0,19,"10,16"
521870,RIANÁPOLIS,GO,11/2022,207,194,"93,72",194,0,"100,00",13,"6,28",0,13,"6,28"
521878,RIO QUENTE,GO,11/2022,253,171,"67,59",171,0,"100,00",82,"32,41",1,81,"32,02"
521878,RIO QUENTE,GO,09/2022,272,164,"60,29",150,14,"91,46",108,"39,71",4,104,"38,24"
521878,RIO QUENTE,GO,07/2022,235,133,"56,60",133,0,"100,00",102,"43,40",9,93,"39,57"
521880,RIO VERDE,GO,07/2022,8572,4595,"53,60",4592,3,"99,93",3977,"46,40",17,3960,"46,20"
521880,RIO VERDE,GO,09/2022,8827,5372,"60,86",5145,227,"95,77",3455,"39,14",14,3441,"38,98"
521880,RIO VERDE,GO,11/2022,9004,7436,"82,59",7207,229,"96,92",1568,"17,41",14,1554,"17,26"
521890,RUBIATABA,GO,11/2022,908,792,"87,22",790,2,"99,75",116,"12,78",17,99,"10,90"
521890,RUBIATABA,GO,07/2022,980,739,"75,41",733,6,"99,19",241,"24,59",78,163,"16,63"
521890,RUBIATABA,GO,09/2022,964,633,"65,66",626,7,"98,89",331,"34,34",30,301,"31,22"
521900,SANCLERLÂNDIA,GO,09/2022,252,218,"86,51",218,0,"100,00",34,"13,49",1,33,"13,10"
521900,SANCLERLÂNDIA,GO,07/2022,270,194,"71,85",189,5,"97,42",76,"28,15",3,73,"27,04"
521900,SANCLERLÂNDIA,GO,11/2022,243,217,"89,30",216,1,"99,54",26,"10,70",0,26,"10,70"
521910,SANTA BÁRBARA DE GOIÁS,GO,11/2022,390,364,"93,33",360,4,"98,90",26,"6,67",5,21,"5,38"
521910,SANTA BÁRBARA DE GOIÁS,GO,07/2022,358,342,"95,53",342,0,"100,00",16,"4,47",6,10,"2,79"
521910,SANTA BÁRBARA DE GOIÁS,GO,09/2022,388,374,"96,39",359,15,"95,99",14,"3,61",8,6,"1,55"
521920,SANTA CRUZ DE GOIÁS,GO,07/2022,181,115,"63,54",115,0,"100,00",66,"36,46",28,38,"20,99"
521920,SANTA CRUZ DE GOIÁS,GO,09/2022,189,117,"61,90",115,2,"98,29",72,"38,10",28,44,"23,28"
521920,SANTA CRUZ DE GOIÁS,GO,11/2022,186,119,"63,98",119,0,"100,00",67,"36,02",26,41,"22,04"
521925,SANTA FÉ DE GOIÁS,GO,11/2022,261,250,"95,79",250,0,"100,00",11,"4,21",2,9,"3,45"
521925,SANTA FÉ DE GOIÁS,GO,07/2022,245,217,"88,57",217,0,"100,00",28,"11,43",2,26,"10,61"
521925,SANTA FÉ DE GOIÁS,GO,09/2022,258,229,"88,76",228,1,"99,56",29,"11,24",17,12,"4,65"
521930,SANTA HELENA DE GOIÁS,GO,09/2022,2076,1489,"71,72",1462,27,"98,19",587,"28,28",48,539,"25,96"
521930,SANTA HELENA DE GOIÁS,GO,07/2022,2034,1326,"65,19",1323,3,"99,77",708,"34,81",170,538,"26,45"
521930,SANTA HELENA DE GOIÁS,GO,11/2022,2045,1516,"74,13",1479,37,"97,56",529,"25,87",42,487,"23,81"
521935,SANTA ISABEL,GO,11/2022,216,173,"80,09",173,0,"100,00",43,"19,91",1,42,"19,44"
521935,SANTA ISABEL,GO,07/2022,220,177,"80,45",177,0,"100,00",43,"19,55",2,41,"18,64"
521935,SANTA ISABEL,GO,09/2022,220,164,"74,55",163,1,"99,39",56,"25,45",6,50,"22,73"
521940,SANTA RITA DO ARAGUAIA,GO,07/2022,306,274,"89,54",273,1,"99,64",32,"10,46",6,26,"8,50"
521940,SANTA RITA DO ARAGUAIA,GO,09/2022,308,272,"88,31",271,1,"99,63",36,"11,69",10,26,"8,44"
521940,SANTA RITA DO ARAGUAIA,GO,11/2022,300,264,"88,00",262,2,"99,24",36,"12,00",9,27,"9,00"
521945,SANTA RITA DO NOVO DESTINO,GO,11/2022,241,177,"73,44",177,0,"100,00",64,"26,56",2,62,"25,73"
521945,SANTA RITA DO NOVO DESTINO,GO,09/2022,222,136,"61,26",136,0,"100,00",86,"38,74",29,57,"25,68"
521945,SANTA RITA DO NOVO DESTINO,GO,07/2022,225,167,"74,22",167,0,"100,00",58,"25,78",4,54,"24,00"
521950,SANTA ROSA DE GOIÁS,GO,07/2022,189,169,"89,42",169,0,"100,00",20,"10,58",13,7,"3,70"
521950,SANTA ROSA DE GOIÁS,GO,09/2022,178,171,"96,07",160,11,"93,57",7,"3,93",2,5,"2,81"
521950,SANTA ROSA DE GOIÁS,GO,11/2022,167,162,"97,01",148,14,"91,36",5,"2,99",0,5,"2,99"
521960,SANTA TEREZA DE GOIÁS,GO,11/2022,207,170,"82,13",153,17,"90,00",37,"17,87",16,21,"10,14"
521960,SANTA TEREZA DE GOIÁS,GO,07/2022,229,175,"76,42",175,0,"100,00",54,"23,58",17,37,"16,16"
521960,SANTA TEREZA DE GOIÁS,GO,09/2022,212,173,"81,60",162,11,"93,64",39,"18,40",14,25,"11,79"
521970,SANTA TEREZINHA DE GOIÁS,GO,07/2022,965,804,"83,32",798,6,"99,25",161,"16,68",71,90,"9,33"
521970,SANTA TEREZINHA DE GOIÁS,GO,09/2022,960,803,"83,65",802,1,"99,88",157,"16,35",62,95,"9,90"
521970,SANTA TEREZINHA DE GOIÁS,GO,11/2022,944,836,"88,56",836,0,"100,00",108,"11,44",62,46,"4,87"
521971,SANTO ANTÔNIO DA BARRA,GO,11/2022,202,171,"84,65",171,0,"100,00",31,"15,35",0,31,"15,35"
521971,SANTO ANTÔNIO DA BARRA,GO,09/2022,206,160,"77,67",160,0,"100,00",46,"22,33",0,46,"22,33"
521971,SANTO ANTÔNIO DA BARRA,GO,07/2022,215,167,"77,67",167,0,"100,00",48,"22,33",0,48,"22,33"
521973,SANTO ANTÔNIO DE GOIÁS,GO,09/2022,640,537,"83,91",537,0,"100,00",103,"16,09",0,103,"16,09"
521973,SANTO ANTÔNIO DE GOIÁS,GO,07/2022,602,498,"82,72",498,0,"100,00",104,"17,28",3,101,"16,78"
521973,SANTO ANTÔNIO DE GOIÁS,GO,11/2022,649,553,"85,21",552,1,"99,82",96,"14,79",0,96,"14,79"
521975,SANTO ANTÔNIO DO DESCOBERTO,GO,11/2022,6373,4755,"74,61",4728,27,"99,43",1618,"25,39",50,1568,"24,60"
521975,SANTO ANTÔNIO DO DESCOBERTO,GO,09/2022,6356,4194,"65,98",4168,26,"99,38",2162,"34,02",81,2081,"32,74"
521975,SANTO ANTÔNIO DO DESCOBERTO,GO,07/2022,6308,3817,"60,51",3816,1,"99,97",2491,"39,49",123,2368,"37,54"
521980,SÃO DOMINGOS,GO,07/2022,1009,658,"65,21",658,0,"100,00",351,"34,79",3,348,"34,49"
521980,SÃO DOMINGOS,GO,09/2022,953,724,"75,97",724,0,"100,00",229,"24,03",160,69,"7,24"
521980,SÃO DOMINGOS,GO,11/2022,908,841,"92,62",840,1,"99,88",67,"7,38",19,48,"5,29"
521990,SÃO FRANCISCO DE GOIÁS,GO,11/2022,521,475,"91,17",447,28,"94,11",46,"8,83",4,42,"8,06"
521990,SÃO FRANCISCO DE GOIÁS,GO,09/2022,539,396,"73,47",378,18,"95,45",143,"26,53",7,136,"25,23"
521990,SÃO FRANCISCO DE GOIÁS,GO,07/2022,504,367,"72,82",365,2,"99,46",137,"27,18",9,128,"25,40"
522000,SÃO JOÃO D´ALIANÇA,GO,07/2022,1197,742,"61,99",742,0,"100,00",455,"38,01",163,292,"24,39"
522000,SÃO JOÃO D´ALIANÇA,GO,09/2022,1226,908,"74,06",908,0,"100,00",318,"25,94",29,289,"23,57"
522000,SÃO JOÃO D´ALIANÇA,GO,11/2022,1201,922,"76,77",922,0,"100,00",279,"23,23",2,277,"23,06"
522005,SÃO JOÃO DA PARAÚNA,GO,11/2022,102,101,"99,02",101,0,"100,00",1,"0,98",0,1,"0,98"
522005,SÃO JOÃO DA PARAÚNA,GO,09/2022,100,95,"95,00",91,4,"95,79",5,"5,00",0,5,"5,00"
522005,SÃO JOÃO DA PARAÚNA,GO,07/2022,100,96,"96,00",96,0,"100,00",4,"4,00",3,1,"1,00"
522010,SÃO LUÍS DE MONTES BELOS,GO,09/2022,1279,1127,"88,12",1094,33,"97,07",152,"11,88",29,123,"9,62"
522010,SÃO LUÍS DE MONTES BELOS,GO,07/2022,1273,941,"73,92",922,19,"97,98",332,"26,08",142,190,"14,93"
522010,SÃO LUÍS DE MONTES BELOS,GO,11/2022,1282,1123,"87,60",1106,17,"98,49",159,"12,40",2,157,"12,25"
522015,SÃO LUÍZ DO NORTE,GO,11/2022,438,394,"89,95",394,0,"100,00",44,"10,05",2,42,"9,59"
522015,SÃO LUÍZ DO NORTE,GO,07/2022,438,390,"89,04",390,0,"100,00",48,"10,96",3,45,"10,27"
522015,SÃO LUÍZ DO NORTE,GO,09/2022,440,380,"86,36",380,0,"100,00",60,"13,64",3,57,"12,95"
522020,SÃO MIGUEL DO ARAGUAIA,GO,09/2022,1667,1368,"82,06",1367,1,"99,93",299,"17,94",95,204,"12,24"
522020,SÃO MIGUEL DO ARAGUAIA,GO,07/2022,1666,1469,"88,18",1469,0,"100,00",197,"11,82",7,190,"11,40"
522020,SÃO MIGUEL DO ARAGUAIA,GO,11/2022,1665,1455,"87,39",1444,11,"99,24",210,"12,61",1,209,"12,55"
522026,SÃO MIGUEL DO PASSA QUATRO,GO,11/2022,234,191,"81,62",181,10,"94,76",43,"18,38",0,43,"18,38"
522026,SÃO MIGUEL DO PASSA QUATRO,GO,09/2022,246,195,"79,27",179,16,"91,79",51,"20,73",0,51,"20,73"
522026,SÃO MIGUEL DO PASSA QUATRO,GO,07/2022,239,173,"72,38",173,0,"100,00",66,"27,62",2,64,"26,78"
522028,SÃO PATRÍCIO,GO,07/2022,144,109,"75,69",109,0,"100,00",35,"24,31",10,25,"17,36"
522028,SÃO PATRÍCIO,GO,09/2022,156,114,"73,08",114,0,"100,00",42,"26,92",13,29,"18,59"
522028,SÃO PATRÍCIO,GO,11/2022,145,106,"73,10",106,0,"100,00",39,"26,90",6,33,"22,76"
522040,SÃO SIMÃO,GO,11/2022,1068,480,"44,94",478,2,"99,58",588,"55,06",384,204,"19,10"
522040,SÃO SIMÃO,GO,09/2022,1081,533,"49,31",492,41,"92,31",548,"50,69",328,220,"20,35"
522040,SÃO SIMÃO,GO,07/2022,989,673,"68,05",673,0,"100,00",316,"31,95",113,203,"20,53"
522045,SENADOR CANEDO,GO,07/2022,6786,2916,"42,97",2909,7,"99,76",3870,"57,03",122,3748,"55,23"
522045,SENADOR CANEDO,GO,09/2022,7508,3439,"45,80",3317,122,"96,45",4069,"54,20",111,3958,"52,72"
522045,SENADOR CANEDO,GO,11/2022,7483,3735,"49,91",3606,129,"96,55",3748,"50,09",104,3644,"48,70"
522050,SERRANÓPOLIS,GO,11/2022,451,320,"70,95",320,0,"100,00",131,"29,05",1,130,"28,82"
522050,SERRANÓPOLIS,GO,07/2022,406,176,"43,35",176,0,"100,00",230,"56,65",106,124,"30,54"
522050,SERRANÓPOLIS,GO,09/2022,449,316,"70,38",316,0,"100,00",133,"29,62",1,132,"29,40"
522060,SILVÂNIA,GO,09/2022,1150,585,"50,87",549,36,"93,85",565,"49,13",283,282,"24,52"
522060,SILVÂNIA,GO,07/2022,1137,609,"53,56",608,1,"99,84",528,"46,44",217,311,"27,35"
522060,SILVÂNIA,GO,11/2022,1115,785,"70,40",752,33,"95,80",330,"29,60",201,129,"11,57"
522068,SIMOLÂNDIA,GO,11/2022,677,511,"75,48",493,18,"96,48",166,"24,52",2,164,"24,22"
522068,SIMOLÂNDIA,GO,07/2022,659,518,"78,60",518,0,"100,00",141,"21,40",4,137,"20,79"
522068,SIMOLÂNDIA,GO,09/2022,664,503,"75,75",479,24,"95,23",161,"24,25",2,159,"23,95"
522070,SÍTIO D´ABADIA,GO,09/2022,264,199,"75,38",198,1,"99,50",65,"24,62",2,63,"23,86"
522070,SÍTIO D´ABADIA,GO,07/2022,266,205,"77,07",205,0,"100,00",61,"22,93",4,57,"21,43"
522070,SÍTIO D´ABADIA,GO,11/2022,267,212,"79,40",212,0,"100,00",55,"20,60",1,54,"20,22"
522100,TAQUARAL DE GOIÁS,GO,11/2022,246,202,"82,11",195,7,"96,53",44,"17,89",4,40,"16,26"
522100,TAQUARAL DE GOIÁS,GO,09/2022,245,179,"73,06",172,7,"96,09",66,"26,94",7,59,"24,08"
522100,TAQUARAL DE GOIÁS,GO,07/2022,225,178,"79,11",178,0,"100,00",47,"20,89",1,46,"20,44"
522108,TERESINA DE GOIÁS,GO,07/2022,431,321,"74,48",320,1,"99,69",110,"25,52",53,57,"13,23"
522108,TERESINA DE GOIÁS,GO,09/2022,428,367,"85,75",367,0,"100,00",61,"14,25",5,56,"13,08"
522108,TERESINA DE GOIÁS,GO,11/2022,420,349,"83,10",348,1,"99,71",71,"16,90",9,62,"14,76"
522119,TEREZÓPOLIS DE GOIÁS,GO,11/2022,601,502,"83,53",451,51,"89,84",99,"16,47",4,95,"15,81"
522119,TEREZÓPOLIS DE GOIÁS,GO,07/2022,541,460,"85,03",457,3,"99,35",81,"14,97",9,72,"13,31"
522119,TEREZÓPOLIS DE GOIÁS,GO,09/2022,594,498,"83,84",462,36,"92,77",96,"16,16",3,93,"15,66"
522130,TRÊS RANCHOS,GO,09/2022,198,140,"70,71",134,6,"95,71",58,"29,29",3,55,"27,78"
522130,TRÊS RANCHOS,GO,07/2022,179,150,"83,80",150,0,"100,00",29,"16,20",1,28,"15,64"
522130,TRÊS RANCHOS,GO,11/2022,210,147,"70,00",128,19,"87,07",63,"30,00",0,63,"30,00"
522140,TRINDADE,GO,11/2022,7828,4927,"62,94",4825,102,"97,93",2901,"37,06",9,2892,"36,94"
522140,TRINDADE,GO,09/2022,7717,4666,"60,46",4532,134,"97,13",3051,"39,54",15,3036,"39,34"
522140,TRINDADE,GO,07/2022,7215,3999,"55,43",3999,0,"100,00",3216,"44,57",67,3149,"43,65"
522145,TROMBAS,GO,09/2022,235,126,"53,62",119,7,"94,44",109,"46,38",61,48,"20,43"
522145,TROMBAS,GO,07/2022,243,191,"78,60",191,0,"100,00",52,"21,40",5,47,"19,34"
522145,TROMBAS,GO,11/2022,239,203,"84,94",188,15,"92,61",36,"15,06",2,34,"14,23"
522150,TURVÂNIA,GO,11/2022,292,228,"78,08",227,1,"99,56",64,"21,92",3,61,"20,89"
522150,TURVÂNIA,GO,07/2022,315,232,"73,65",230,2,"99,14",83,"26,35",3,80,"25,40"
522150,TURVÂNIA,GO,09/2022,311,230,"73,95",230,0,"100,00",81,"26,05",3,78,"25,08"
522155,TURVELÂNDIA,GO,09/2022,363,324,"89,26",289,35,"89,20",39,"10,74",3,36,"9,92"
522155,TURVELÂNDIA,GO,07/2022,349,306,"87,68",306,0,"100,00",43,"12,32",2,41,"11,75"
522155,TURVELÂNDIA,GO,11/2022,370,324,"87,57",295,29,"91,05",46,"12,43",1,45,"12,16"
522157,UIRAPURU,GO,11/2022,262,168,"64,12",168,0,"100,00",94,"35,88",1,93,"35,50"
522157,UIRAPURU,GO,07/2022,259,160,"61,78",159,1,"99,38",99,"38,22",5,94,"36,29"
522157,UIRAPURU,GO,09/2022,268,164,"61,19",162,2,"98,78",104,"38,81",4,100,"37,31"
522160,URUAÇU,GO,09/2022,1584,1002,"63,26",971,31,"96,91",582,"36,74",298,284,"17,93"
522160,URUAÇU,GO,07/2022,1588,1177,"74,12",1162,15,"98,73",411,"25,88",119,292,"18,39"
522160,URUAÇU,GO,11/2022,1581,1330,"84,12",1279,51,"96,17",251,"15,88",6,245,"15,50"
522170,URUANA,GO,11/2022,1007,900,"89,37",900,0,"100,00",107,"10,63",21,86,"8,54"
522170,URUANA,GO,09/2022,1017,896,"88,10",896,0,"100,00",121,"11,90",29,92,"9,05"
522170,URUANA,GO,07/2022,996,877,"88,05",877,0,"100,00",119,"11,95",30,89,"8,94"
522180,URUTAÍ,GO,09/2022,126,104,"82,54",104,0,"100,00",22,"17,46",1,21,"16,67"
522180,URUTAÍ,GO,07/2022,113,62,"54,87",62,0,"100,00",51,"45,13",41,10,"8,85"
522180,URUTAÍ,GO,11/2022,133,112,"84,21",112,0,"100,00",21,"15,79",0,21,"15,79"
522185,VALPARAÍSO DE GOIÁS,GO,11/2022,9831,8106,"82,45",7623,483,"94,04",1725,"17,55",48,1677,"17,06"
522185,VALPARAÍSO DE GOIÁS,GO,07/2022,9258,5842,"63,10",5165,677,"88,41",3416,"36,90",750,2666,"28,80"
522185,VALPARAÍSO DE GOIÁS,GO,09/2022,9490,6240,"65,75",5794,446,"92,85",3250,"34,25",697,2553,"26,90"
522190,VARJÃO,GO,07/2022,183,171,"93,44",171,0,"100,00",12,"6,56",0,12,"6,56"
522190,VARJÃO,GO,09/2022,186,176,"94,62",167,9,"94,89",10,"5,38",2,8,"4,30"
522190,VARJÃO,GO,11/2022,174,166,"95,40",166,0,"100,00",8,"4,60",5,3,"1,72"
522200,VIANÓPOLIS,GO,11/2022,690,383,"55,51",383,0,"100,00",307,"44,49",6,301,"43,62"
522200,VIANÓPOLIS,GO,07/2022,619,342,"55,25",342,0,"100,00",277,"44,75",9,268,"43,30"
522200,VIANÓPOLIS,GO,09/2022,657,353,"53,73",341,12,"96,60",304,"46,27",8,296,"45,05"
522205,VICENTINÓPOLIS,GO,07/2022,575,526,"91,48",521,5,"99,05",49,"8,52",5,44,"7,65"
522205,VICENTINÓPOLIS,GO,09/2022,576,522,"90,63",498,24,"95,40",54,"9,38",7,47,"8,16"
522205,VICENTINÓPOLIS,GO,11/2022,561,508,"90,55",460,48,"90,55",53,"9,45",1,52,"9,27"
522220,VILA BOA,GO,11/2022,501,409,"81,64",394,15,"96,33",92,"18,36",1,91,"18,16"
522220,VILA BOA,GO,07/2022,538,466,"86,62",459,7,"98,50",72,"13,38",4,68,"12,64"
522220,VILA BOA,GO,09/2022,531,475,"89,45",461,14,"97,05",56,"10,55",1,55,"10,36"
522230,VILA PROPÍCIO,GO,07/2022,452,261,"57,74",261,0,"100,00",191,"42,26",88,103,"22,79"
522230,VILA PROPÍCIO,GO,09/2022,468,254,"54,27",240,14,"94,49",214,"45,73",100,114,"24,36"
522230,VILA PROPÍCIO,GO,11/2022,474,356,"75,11",334,22,"93,82",118,"24,89",4,114,"24,05"
210005,AÇAILÂNDIA,MA,11/2022,9902,6642,"67,08",6542,100,"98,49",3260,"32,92",131,3129,"31,60"
210005,AÇAILÂNDIA,MA,09/2022,9990,6484,"64,90",6441,43,"99,34",3506,"35,10",289,3217,"32,20"
210005,AÇAILÂNDIA,MA,07/2022,9941,4696,"47,24",4691,5,"99,89",5245,"52,76",2487,2758,"27,74"
210010,AFONSO CUNHA,MA,09/2022,1403,1037,"73,91",1033,4,"99,61",366,"26,09",108,258,"18,39"
210010,AFONSO CUNHA,MA,07/2022,1451,1084,"74,71",1081,3,"99,72",367,"25,29",115,252,"17,37"
210010,AFONSO CUNHA,MA,11/2022,1381,994,"71,98",991,3,"99,70",387,"28,02",144,243,"17,60"
210015,ÁGUA DOCE DO MARANHÃO,MA,11/2022,1976,1802,"91,19",1801,1,"99,94",174,"8,81",7,167,"8,45"
210015,ÁGUA DOCE DO MARANHÃO,MA,09/2022,2031,1839,"90,55",1839,0,"100,00",192,"9,45",37,155,"7,63"
210015,ÁGUA DOCE DO MARANHÃO,MA,07/2022,2051,1828,"89,13",1828,0,"100,00",223,"10,87",78,145,"7,07"
210020,ALCÂNTARA,MA,09/2022,2930,2220,"75,77",2220,0,"100,00",710,"24,23",395,315,"10,75"
210020,ALCÂNTARA,MA,07/2022,3070,454,"14,79",454,0,"100,00",2616,"85,21",2318,298,"9,71"
210020,ALCÂNTARA,MA,11/2022,2904,2409,"82,95",2409,0,"100,00",495,"17,05",160,335,"11,54"
210030,ALDEIAS ALTAS,MA,11/2022,3908,2865,"73,31",2849,16,"99,44",1043,"26,69",660,383,"9,80"
210030,ALDEIAS ALTAS,MA,07/2022,4071,2578,"63,33",2573,5,"99,81",1493,"36,67",1093,400,"9,83"
210030,ALDEIAS ALTAS,MA,09/2022,4017,3613,"89,94",3611,2,"99,94",404,"10,06",20,384,"9,56"
210040,ALTAMIRA DO MARANHÃO,MA,09/2022,819,598,"73,02",595,3,"99,50",221,"26,98",27,194,"23,69"
210040,ALTAMIRA DO MARANHÃO,MA,07/2022,861,584,"67,83",584,0,"100,00",277,"32,17",89,188,"21,84"
210040,ALTAMIRA DO MARANHÃO,MA,11/2022,812,595,"73,28",594,1,"99,83",217,"26,72",22,195,"24,01"
210043,ALTO ALEGRE DO MARANHÃO,MA,11/2022,3523,2159,"61,28",2132,27,"98,75",1364,"38,72",34,1330,"37,75"
210043,ALTO ALEGRE DO MARANHÃO,MA,07/2022,3790,2203,"58,13",2181,22,"99,00",1587,"41,87",143,1444,"38,10"
210043,ALTO ALEGRE DO MARANHÃO,MA,09/2022,3608,2156,"59,76",2134,22,"98,98",1452,"40,24",35,1417,"39,27"
210047,ALTO ALEGRE DO PINDARÉ,MA,07/2022,4603,3660,"79,51",3433,227,"93,80",943,"20,49",383,560,"12,17"
210047,ALTO ALEGRE DO PINDARÉ,MA,09/2022,4423,3402,"76,92",3370,32,"99,06",1021,"23,08",282,739,"16,71"
210047,ALTO ALEGRE DO PINDARÉ,MA,11/2022,4367,3677,"84,20",3627,50,"98,64",690,"15,80",75,615,"14,08"
210050,ALTO PARNAÍBA,MA,11/2022,1436,1214,"84,54",1201,13,"98,93",222,"15,46",30,192,"13,37"
210050,ALTO PARNAÍBA,MA,09/2022,1461,1298,"88,84",1298,0,"100,00",163,"11,16",42,121,"8,28"
210050,ALTO PARNAÍBA,MA,07/2022,1446,0,"0,00",0,0,,1446,"100,00",1288,158,"10,93"
210055,AMAPÁ DO MARANHÃO,MA,07/2022,1253,78,"6,23",78,0,"100,00",1175,"93,77",1060,115,"9,18"
210055,AMAPÁ DO MARANHÃO,MA,09/2022,1285,844,"65,68",844,0,"100,00",441,"34,32",320,121,"9,42"
210055,AMAPÁ DO MARANHÃO,MA,11/2022,1287,1263,"98,14",1263,0,"100,00",24,"1,86",15,9,"0,70"
210060,AMARANTE DO MARANHÃO,MA,11/2022,5757,3060,"53,15",2949,111,"96,37",2697,"46,85",1701,996,"17,30"
210060,AMARANTE DO MARANHÃO,MA,07/2022,5993,4374,"72,99",4374,0,"100,00",1619,"27,01",1161,458,"7,64"
210060,AMARANTE DO MARANHÃO,MA,09/2022,5907,4279,"72,44",4260,19,"99,56",1628,"27,56",1159,469,"7,94"
210070,ANAJATUBA,MA,09/2022,3694,3412,"92,37",3412,0,"100,00",282,"7,63",50,232,"6,28"
210070,ANAJATUBA,MA,07/2022,3825,528,"13,80",528,0,"100,00",3297,"86,20",3086,211,"5,52"
210070,ANAJATUBA,MA,11/2022,3608,3301,"91,49",3301,0,"100,00",307,"8,51",70,237,"6,57"
210080,ANAPURUS,MA,11/2022,2742,2614,"95,33",2614,0,"100,00",128,"4,67",26,102,"3,72"
210080,ANAPURUS,MA,07/2022,2905,2586,"89,02",2585,1,"99,96",319,"10,98",176,143,"4,92"
210080,ANAPURUS,MA,09/2022,2833,2668,"94,18",2668,0,"100,00",165,"5,82",72,93,"3,28"
210083,APICUM-AÇU,MA,09/2022,3005,2847,"94,74",2846,1,"99,96",158,"5,26",83,75,"2,50"
210083,APICUM-AÇU,MA,07/2022,3185,2541,"79,78",2539,2,"99,92",644,"20,22",511,133,"4,18"
210083,APICUM-AÇU,MA,11/2022,2936,2766,"94,21",2765,1,"99,96",170,"5,79",106,64,"2,18"
210087,ARAGUANÃ,MA,11/2022,1566,1235,"78,86",1235,0,"100,00",331,"21,14",28,303,"19,35"
210087,ARAGUANÃ,MA,09/2022,1601,1255,"78,39",1255,0,"100,00",346,"21,61",22,324,"20,24"
210087,ARAGUANÃ,MA,07/2022,1674,1286,"76,82",1283,3,"99,77",388,"23,18",68,320,"19,12"
210090,ARAIOSES,MA,07/2022,5714,4051,"70,90",4039,12,"99,70",1663,"29,10",858,805,"14,09"
210090,ARAIOSES,MA,09/2022,5607,4455,"79,45",4417,38,"99,15",1152,"20,55",280,872,"15,55"
210090,ARAIOSES,MA,11/2022,5379,4537,"84,35",4473,64,"98,59",842,"15,65",27,815,"15,15"
210095,ARAME,MA,11/2022,4816,3644,"75,66",3538,106,"97,09",1172,"24,34",28,1144,"23,75"
210095,ARAME,MA,09/2022,4899,3679,"75,10",3562,117,"96,82",1220,"24,90",28,1192,"24,33"
210095,ARAME,MA,07/2022,5097,3779,"74,14",3707,72,"98,09",1318,"25,86",212,1106,"21,70"
210100,ARARI,MA,07/2022,3929,2356,"59,96",2354,2,"99,92",1573,"40,04",1048,525,"13,36"
210100,ARARI,MA,09/2022,3779,2724,"72,08",2553,171,"93,72",1055,"27,92",335,720,"19,05"
210100,ARARI,MA,11/2022,3674,2954,"80,40",2798,156,"94,72",720,"19,60",20,700,"19,05"
210110,AXIXÁ,MA,11/2022,1800,1592,"88,44",1561,31,"98,05",208,"11,56",34,174,"9,67"
210110,AXIXÁ,MA,09/2022,1818,1602,"88,12",1571,31,"98,06",216,"11,88",37,179,"9,85"
210110,AXIXÁ,MA,07/2022,1922,1539,"80,07",1532,7,"99,55",383,"19,93",158,225,"11,71"
210120,BACABAL,MA,09/2022,12341,11325,"91,77",11301,24,"99,79",1016,"8,23",173,843,"6,83"
210120,BACABAL,MA,07/2022,12747,10526,"82,58",10523,3,"99,97",2221,"17,42",246,1975,"15,49"
210120,BACABAL,MA,11/2022,12150,10760,"88,56",10720,40,"99,63",1390,"11,44",209,1181,"9,72"
210125,BACABEIRA,MA,11/2022,2791,2558,"91,65",2557,1,"99,96",233,"8,35",38,195,"6,99"
210125,BACABEIRA,MA,07/2022,2708,512,"18,91",512,0,"100,00",2196,"81,09",1964,232,"8,57"
210125,BACABEIRA,MA,09/2022,2798,2427,"86,74",2427,0,"100,00",371,"13,26",155,216,"7,72"
210130,BACURI,MA,07/2022,2294,2011,"87,66",2011,0,"100,00",283,"12,34",52,231,"10,07"
210130,BACURI,MA,09/2022,2130,1252,"58,78",1240,12,"99,04",878,"41,22",468,410,"19,25"
210130,BACURI,MA,11/2022,2187,1747,"79,88",1745,2,"99,89",440,"20,12",29,411,"18,79"
210135,BACURITUBA,MA,11/2022,732,670,"91,53",670,0,"100,00",62,"8,47",9,53,"7,24"
210135,BACURITUBA,MA,09/2022,751,682,"90,81",674,8,"98,83",69,"9,19",14,55,"7,32"
210135,BACURITUBA,MA,07/2022,816,741,"90,81",741,0,"100,00",75,"9,19",17,58,"7,11"
210140,BALSAS,MA,09/2022,10181,5637,"55,37",5448,189,"96,65",4544,"44,63",735,3809,"37,41"
210140,BALSAS,MA,07/2022,10079,5551,"55,07",5542,9,"99,84",4528,"44,93",850,3678,"36,49"
210140,BALSAS,MA,11/2022,10178,5793,"56,92",5528,265,"95,43",4385,"43,08",679,3706,"36,41"
210150,BARÃO DE GRAJAÚ,MA,11/2022,2109,1622,"76,91",1610,12,"99,26",487,"23,09",5,482,"22,85"
210150,BARÃO DE GRAJAÚ,MA,09/2022,2161,1567,"72,51",1549,18,"98,85",594,"27,49",21,573,"26,52"
210150,BARÃO DE GRAJAÚ,MA,07/2022,2151,1525,"70,90",1521,4,"99,74",626,"29,10",23,603,"28,03"
210160,BARRA DO CORDA,MA,07/2022,11454,9003,"78,60",8958,45,"99,50",2451,"21,40",209,2242,"19,57"
210160,BARRA DO CORDA,MA,09/2022,11331,8524,"75,23",8524,0,"100,00",2807,"24,77",561,2246,"19,82"
210160,BARRA DO CORDA,MA,11/2022,11226,8902,"79,30",8902,0,"100,00",2324,"20,70",106,2218,"19,76"
210170,BARREIRINHAS,MA,11/2022,10603,10067,"94,94",9974,93,"99,08",536,"5,06",103,433,"4,08"
210170,BARREIRINHAS,MA,09/2022,10862,10250,"94,37",10157,93,"99,09",612,"5,63",169,443,"4,08"
210170,BARREIRINHAS,MA,07/2022,11068,9815,"88,68",9758,57,"99,42",1253,"11,32",124,1129,"10,20"
210173,BELÁGUA,MA,09/2022,2068,1635,"79,06",1613,22,"98,65",433,"20,94",82,351,"16,97"
210173,BELÁGUA,MA,07/2022,2085,1703,"81,68",1702,1,"99,94",382,"18,32",36,346,"16,59"
210173,BELÁGUA,MA,11/2022,2041,1662,"81,43",1652,10,"99,40",379,"18,57",26,353,"17,30"
210177,BELA VISTA DO MARANHÃO,MA,11/2022,2062,1710,"82,93",1710,0,"100,00",352,"17,07",29,323,"15,66"
210177,BELA VISTA DO MARANHÃO,MA,09/2022,2092,1454,"69,50",1454,0,"100,00",638,"30,50",307,331,"15,82"
210177,BELA VISTA DO MARANHÃO,MA,07/2022,2137,1502,"70,29",1502,0,"100,00",635,"29,71",306,329,"15,40"
210180,BENEDITO LEITE,MA,07/2022,762,426,"55,91",423,3,"99,30",336,"44,09",162,174,"22,83"
210180,BENEDITO LEITE,MA,09/2022,739,394,"53,32",389,5,"98,73",345,"46,68",162,183,"24,76"
210180,BENEDITO LEITE,MA,11/2022,725,481,"66,34",476,5,"98,96",244,"33,66",59,185,"25,52"
210190,BEQUIMÃO,MA,11/2022,2472,1588,"64,24",1584,4,"99,75",884,"35,76",571,313,"12,66"
210190,BEQUIMÃO,MA,07/2022,2639,1931,"73,17",1931,0,"100,00",708,"26,83",522,186,"7,05"
210190,BEQUIMÃO,MA,09/2022,2521,2151,"85,32",2150,1,"99,95",370,"14,68",46,324,"12,85"
210193,BERNARDO DO MEARIM,MA,07/2022,688,537,"78,05",533,4,"99,26",151,"21,95",29,122,"17,73"
210193,BERNARDO DO MEARIM,MA,09/2022,652,532,"81,60",531,1,"99,81",120,"18,40",16,104,"15,95"
210193,BERNARDO DO MEARIM,MA,11/2022,619,520,"84,01",517,3,"99,42",99,"15,99",5,94,"15,19"
210197,BOA VISTA DO GURUPI,MA,11/2022,1377,1176,"85,40",1176,0,"100,00",201,"14,60",16,185,"13,44"
210197,BOA VISTA DO GURUPI,MA,07/2022,1472,1120,"76,09",1120,0,"100,00",352,"23,91",21,331,"22,49"
210197,BOA VISTA DO GURUPI,MA,09/2022,1450,1219,"84,07",1217,2,"99,84",231,"15,93",28,203,"14,00"
210200,BOM JARDIM,MA,07/2022,5361,2699,"50,35",2669,30,"98,89",2662,"49,65",999,1663,"31,02"
210200,BOM JARDIM,MA,09/2022,5319,3776,"70,99",3720,56,"98,52",1543,"29,01",47,1496,"28,13"
210200,BOM JARDIM,MA,11/2022,5248,3830,"72,98",3805,25,"99,35",1418,"27,02",44,1374,"26,18"
210203,BOM JESUS DAS SELVAS,MA,11/2022,5066,3542,"69,92",3541,1,"99,97",1524,"30,08",879,645,"12,73"
210203,BOM JESUS DAS SELVAS,MA,09/2022,5091,3217,"63,19",3201,16,"99,50",1874,"36,81",1277,597,"11,73"
210203,BOM JESUS DAS SELVAS,MA,07/2022,5239,3297,"62,93",3290,7,"99,79",1942,"37,07",1324,618,"11,80"
210207,BOM LUGAR,MA,07/2022,1743,1548,"88,81",1548,0,"100,00",195,"11,19",8,187,"10,73"
210207,BOM LUGAR,MA,09/2022,1780,1569,"88,15",1568,1,"99,94",211,"11,85",13,198,"11,12"
210207,BOM LUGAR,MA,11/2022,1744,1527,"87,56",1527,0,"100,00",217,"12,44",21,196,"11,24"
210210,BREJO,MA,11/2022,5455,5339,"97,87",5339,0,"100,00",116,"2,13",41,75,"1,37"
210210,BREJO,MA,09/2022,5582,4939,"88,48",4939,0,"100,00",643,"11,52",454,189,"3,39"
210210,BREJO,MA,07/2022,5821,5344,"91,81",5344,0,"100,00",477,"8,19",64,413,"7,10"
210215,BREJO DE AREIA,MA,09/2022,1532,1369,"89,36",1342,27,"98,03",163,"10,64",8,155,"10,12"
210215,BREJO DE AREIA,MA,07/2022,1537,1371,"89,20",1363,8,"99,42",166,"10,80",5,161,"10,47"
210215,BREJO DE AREIA,MA,11/2022,1505,1348,"89,57",1332,16,"98,81",157,"10,43",4,153,"10,17"
210220,BURITI,MA,11/2022,5259,5136,"97,66",5112,24,"99,53",123,"2,34",55,68,"1,29"
210220,BURITI,MA,07/2022,5422,4831,"89,10",4830,1,"99,98",591,"10,90",74,517,"9,54"
210220,BURITI,MA,09/2022,5356,5119,"95,58",5115,4,"99,92",237,"4,42",67,170,"3,17"
210230,BURITI BRAVO,MA,07/2022,3577,3037,"84,90",3010,27,"99,11",540,"15,10",69,471,"13,17"
210230,BURITI BRAVO,MA,09/2022,3578,3047,"85,16",2988,59,"98,06",531,"14,84",25,506,"14,14"
210230,BURITI BRAVO,MA,11/2022,3469,2980,"85,90",2952,28,"99,06",489,"14,10",19,470,"13,55"
210232,BURITICUPU,MA,11/2022,7784,6833,"87,78",6681,152,"97,78",951,"12,22",39,912,"11,72"
210232,BURITICUPU,MA,07/2022,8244,6796,"82,44",6705,91,"98,66",1448,"17,56",115,1333,"16,17"
210232,BURITICUPU,MA,09/2022,7885,6753,"85,64",6620,133,"98,03",1132,"14,36",80,1052,"13,34"
210235,BURITIRANA,MA,07/2022,2213,1784,"80,61",1780,4,"99,78",429,"19,39",60,369,"16,67"
210235,BURITIRANA,MA,09/2022,2163,1747,"80,77",1744,3,"99,83",416,"19,23",21,395,"18,26"
210235,BURITIRANA,MA,11/2022,2080,1455,"69,95",1447,8,"99,45",625,"30,05",189,436,"20,96"
210237,CACHOEIRA GRANDE,MA,11/2022,1905,1640,"86,09",1640,0,"100,00",265,"13,91",58,207,"10,87"
210237,CACHOEIRA GRANDE,MA,07/2022,2005,1709,"85,24",1704,5,"99,71",296,"14,76",115,181,"9,03"
210237,CACHOEIRA GRANDE,MA,09/2022,1920,1669,"86,93",1667,2,"99,88",251,"13,07",51,200,"10,42"
210240,CAJAPIÓ,MA,07/2022,1560,1284,"82,31",1284,0,"100,00",276,"17,69",127,149,"9,55"
210240,CAJAPIÓ,MA,09/2022,1494,1434,"95,98",1434,0,"100,00",60,"4,02",21,39,"2,61"
210240,CAJAPIÓ,MA,11/2022,1464,1404,"95,90",1404,0,"100,00",60,"4,10",21,39,"2,66"
210250,CAJARI,MA,11/2022,3260,3010,"92,33",3010,0,"100,00",250,"7,67",54,196,"6,01"
210250,CAJARI,MA,09/2022,3325,3102,"93,29",3101,1,"99,97",223,"6,71",23,200,"6,02"
210250,CAJARI,MA,07/2022,3429,3153,"91,95",3153,0,"100,00",276,"8,05",80,196,"5,72"
210255,CAMPESTRE DO MARANHÃO,MA,07/2022,1476,1373,"93,02",1372,1,"99,93",103,"6,98",39,64,"4,34"
210255,CAMPESTRE DO MARANHÃO,MA,09/2022,1458,1199,"82,24",1195,4,"99,67",259,"17,76",0,259,"17,76"
210255,CAMPESTRE DO MARANHÃO,MA,11/2022,1431,1189,"83,09",1187,2,"99,83",242,"16,91",0,242,"16,91"
210260,CÂNDIDO MENDES,MA,11/2022,3244,3121,"96,21",3121,0,"100,00",123,"3,79",34,89,"2,74"
210260,CÂNDIDO MENDES,MA,09/2022,3308,3013,"91,08",3013,0,"100,00",295,"8,92",224,71,"2,15"
210260,CÂNDIDO MENDES,MA,07/2022,3407,2845,"83,50",2845,0,"100,00",562,"16,50",409,153,"4,49"
210270,CANTANHEDE,MA,09/2022,2703,2549,"94,30",2549,0,"100,00",154,"5,70",21,133,"4,92"
210270,CANTANHEDE,MA,07/2022,2819,2613,"92,69",2613,0,"100,00",206,"7,31",66,140,"4,97"
210270,CANTANHEDE,MA,11/2022,2664,2507,"94,11",2507,0,"100,00",157,"5,89",33,124,"4,65"
210275,CAPINZAL DO NORTE,MA,11/2022,1572,1424,"90,59",1402,22,"98,46",148,"9,41",57,91,"5,79"
210275,CAPINZAL DO NORTE,MA,07/2022,1762,1270,"72,08",1264,6,"99,53",492,"27,92",203,289,"16,40"
210275,CAPINZAL DO NORTE,MA,09/2022,1603,1404,"87,59",1381,23,"98,36",199,"12,41",101,98,"6,11"
210280,CAROLINA,MA,07/2022,2946,2007,"68,13",2006,1,"99,95",939,"31,87",62,877,"29,77"
210280,CAROLINA,MA,09/2022,2951,2034,"68,93",1999,35,"98,28",917,"31,07",7,910,"30,84"
210280,CAROLINA,MA,11/2022,2903,2080,"71,65",2058,22,"98,94",823,"28,35",13,810,"27,90"
210290,CARUTAPERA,MA,11/2022,4151,3740,"90,10",3729,11,"99,71",411,"9,90",39,372,"8,96"
210290,CARUTAPERA,MA,09/2022,4224,3839,"90,89",3835,4,"99,90",385,"9,11",78,307,"7,27"
210290,CARUTAPERA,MA,07/2022,4233,3747,"88,52",3743,4,"99,89",486,"11,48",93,393,"9,28"
210300,CAXIAS,MA,07/2022,18530,10722,"57,86",10707,15,"99,86",7808,"42,14",2327,5481,"29,58"
210300,CAXIAS,MA,09/2022,18064,10846,"60,04",10735,111,"98,98",7218,"39,96",2226,4992,"27,64"
210300,CAXIAS,MA,11/2022,17506,12307,"70,30",12242,65,"99,47",5199,"29,70",875,4324,"24,70"
210310,CEDRAL,MA,11/2022,1258,944,"75,04",931,13,"98,62",314,"24,96",163,151,"12,00"
210310,CEDRAL,MA,09/2022,1262,944,"74,80",937,7,"99,26",318,"25,20",166,152,"12,04"
210310,CEDRAL,MA,07/2022,1308,956,"73,09",955,1,"99,90",352,"26,91",197,155,"11,85"
210312,CENTRAL DO MARANHÃO,MA,09/2022,1337,1113,"83,25",1111,2,"99,82",224,"16,75",18,206,"15,41"
210312,CENTRAL DO MARANHÃO,MA,07/2022,1414,1254,"88,68",1254,0,"100,00",160,"11,32",54,106,"7,50"
210312,CENTRAL DO MARANHÃO,MA,11/2022,1318,1086,"82,40",1084,2,"99,82",232,"17,60",21,211,"16,01"
210315,CENTRO DO GUILHERME,MA,11/2022,2239,1543,"68,91",1541,2,"99,87",696,"31,09",12,684,"30,55"
210315,CENTRO DO GUILHERME,MA,09/2022,2276,1506,"66,17",1493,13,"99,14",770,"33,83",9,761,"33,44"
210315,CENTRO DO GUILHERME,MA,07/2022,2203,585,"26,55",559,26,"95,56",1618,"73,45",974,644,"29,23"
210317,CENTRO NOVO DO MARANHÃO,MA,09/2022,2934,2631,"89,67",2612,19,"99,28",303,"10,33",102,201,"6,85"
210317,CENTRO NOVO DO MARANHÃO,MA,07/2022,3031,2470,"81,49",2465,5,"99,80",561,"18,51",121,440,"14,52"
210317,CENTRO NOVO DO MARANHÃO,MA,11/2022,2858,2598,"90,90",2570,28,"98,92",260,"9,10",35,225,"7,87"
210320,CHAPADINHA,MA,11/2022,12736,11698,"91,85",11677,21,"99,82",1038,"8,15",87,951,"7,47"
210320,CHAPADINHA,MA,09/2022,12971,11894,"91,70",11689,205,"98,28",1077,"8,30",72,1005,"7,75"
210320,CHAPADINHA,MA,07/2022,13117,11855,"90,38",11853,2,"99,98",1262,"9,62",144,1118,"8,52"
210325,CIDELÂNDIA,MA,07/2022,2169,1902,"87,69",1902,0,"100,00",267,"12,31",40,227,"10,47"
210325,CIDELÂNDIA,MA,09/2022,2021,1374,"67,99",1365,9,"99,34",647,"32,01",401,246,"12,17"
210325,CIDELÂNDIA,MA,11/2022,1904,1505,"79,04",1496,9,"99,40",399,"20,96",175,224,"11,76"
210330,CODÓ,MA,11/2022,15831,12519,"79,08",12519,0,"100,00",3312,"20,92",320,2992,"18,90"
210330,CODÓ,MA,07/2022,16204,11772,"72,65",11772,0,"100,00",4432,"27,35",1239,3193,"19,71"
210330,CODÓ,MA,09/2022,15999,12531,"78,32",12531,0,"100,00",3468,"21,68",334,3134,"19,59"
210340,COELHO NETO,MA,07/2022,6843,2427,"35,47",2424,3,"99,88",4416,"64,53",3920,496,"7,25"
210340,COELHO NETO,MA,09/2022,6906,6104,"88,39",6051,53,"99,13",802,"11,61",311,491,"7,11"
210340,COELHO NETO,MA,11/2022,6720,5691,"84,69",5690,1,"99,98",1029,"15,31",536,493,"7,34"
210350,COLINAS,MA,11/2022,5718,4580,"80,10",4578,2,"99,96",1138,"19,90",47,1091,"19,08"
210350,COLINAS,MA,07/2022,5981,4615,"77,16",4615,0,"100,00",1366,"22,84",206,1160,"19,39"
210350,COLINAS,MA,09/2022,5857,4368,"74,58",4366,2,"99,95",1489,"25,42",111,1378,"23,53"
210355,CONCEIÇÃO DO LAGO-AÇU,MA,09/2022,2787,2507,"89,95",2507,0,"100,00",280,"10,05",10,270,"9,69"
210355,CONCEIÇÃO DO LAGO-AÇU,MA,07/2022,2866,2558,"89,25",2558,0,"100,00",308,"10,75",36,272,"9,49"
210355,CONCEIÇÃO DO LAGO-AÇU,MA,11/2022,2729,2455,"89,96",2455,0,"100,00",274,"10,04",8,266,"9,75"
210360,COROATÁ,MA,11/2022,8094,6165,"76,17",6144,21,"99,66",1929,"23,83",215,1714,"21,18"
210360,COROATÁ,MA,07/2022,8506,5325,"62,60",5320,5,"99,91",3181,"37,40",1304,1877,"22,07"
210360,COROATÁ,MA,09/2022,8155,4622,"56,68",4601,21,"99,55",3533,"43,32",1645,1888,"23,15"
210370,CURURUPU,MA,09/2022,4608,3985,"86,48",3985,0,"100,00",623,"13,52",344,279,"6,05"
210370,CURURUPU,MA,07/2022,4730,4005,"84,67",4005,0,"100,00",725,"15,33",460,265,"5,60"
210370,CURURUPU,MA,11/2022,4561,3855,"84,52",3855,0,"100,00",706,"15,48",420,286,"6,27"
210375,DAVINÓPOLIS,MA,11/2022,1600,1465,"91,56",1465,0,"100,00",135,"8,44",14,121,"7,56"
210375,DAVINÓPOLIS,MA,09/2022,1651,1511,"91,52",1511,0,"100,00",140,"8,48",12,128,"7,75"
210375,DAVINÓPOLIS,MA,07/2022,1675,1513,"90,33",1513,0,"100,00",162,"9,67",26,136,"8,12"
210380,DOM PEDRO,MA,09/2022,2941,1709,"58,11",1677,32,"98,13",1232,"41,89",572,660,"22,44"
210380,DOM PEDRO,MA,07/2022,3036,2386,"78,59",2386,0,"100,00",650,"21,41",327,323,"10,64"
210380,DOM PEDRO,MA,11/2022,2858,1287,"45,03",1267,20,"98,45",1571,"54,97",912,659,"23,06"
210390,DUQUE BACELAR,MA,11/2022,2003,1792,"89,47",1774,18,"99,00",211,"10,53",12,199,"9,94"
210390,DUQUE BACELAR,MA,09/2022,2009,1775,"88,35",1761,14,"99,21",234,"11,65",15,219,"10,90"
210390,DUQUE BACELAR,MA,07/2022,2053,1792,"87,29",1779,13,"99,27",261,"12,71",41,220,"10,72"
210400,ESPERANTINÓPOLIS,MA,09/2022,2643,1958,"74,08",1945,13,"99,34",685,"25,92",42,643,"24,33"
210400,ESPERANTINÓPOLIS,MA,07/2022,2680,1991,"74,29",1988,3,"99,85",689,"25,71",86,603,"22,50"
210400,ESPERANTINÓPOLIS,MA,11/2022,2572,1721,"66,91",1695,26,"98,49",851,"33,09",58,793,"30,83"
210405,ESTREITO,MA,11/2022,3675,3042,"82,78",3018,24,"99,21",633,"17,22",34,599,"16,30"
210405,ESTREITO,MA,07/2022,3673,790,"21,51",598,192,"75,70",2883,"78,49",1900,983,"26,76"
210405,ESTREITO,MA,09/2022,3697,2586,"69,95",2583,3,"99,88",1111,"30,05",60,1051,"28,43"
210407,FEIRA NOVA DO MARANHÃO,MA,07/2022,1113,478,"42,95",452,26,"94,56",635,"57,05",526,109,"9,79"
210407,FEIRA NOVA DO MARANHÃO,MA,09/2022,1033,784,"75,90",772,12,"98,47",249,"24,10",122,127,"12,29"
210407,FEIRA NOVA DO MARANHÃO,MA,11/2022,1015,770,"75,86",758,12,"98,44",245,"24,14",117,128,"12,61"
210408,FERNANDO FALCÃO,MA,11/2022,2122,1526,"71,91",1524,2,"99,87",596,"28,09",20,576,"27,14"
210408,FERNANDO FALCÃO,MA,07/2022,2192,1636,"74,64",1634,2,"99,88",556,"25,36",14,542,"24,73"
210408,FERNANDO FALCÃO,MA,09/2022,2166,1615,"74,56",1614,1,"99,94",551,"25,44",19,532,"24,56"
210409,FORMOSA DA SERRA NEGRA,MA,09/2022,2658,2341,"88,07",2326,15,"99,36",317,"11,93",7,310,"11,66"
210409,FORMOSA DA SERRA NEGRA,MA,07/2022,2712,2133,"78,65",2131,2,"99,91",579,"21,35",19,560,"20,65"
210409,FORMOSA DA SERRA NEGRA,MA,11/2022,2628,2339,"89,00",2328,11,"99,53",289,"11,00",9,280,"10,65"
210410,FORTALEZA DOS NOGUEIRAS,MA,11/2022,1804,1745,"96,73",1726,19,"98,91",59,"3,27",12,47,"2,61"
210410,FORTALEZA DOS NOGUEIRAS,MA,07/2022,1945,1660,"85,35",1654,6,"99,64",285,"14,65",68,217,"11,16"
210410,FORTALEZA DOS NOGUEIRAS,MA,09/2022,1839,1763,"95,87",1744,19,"98,92",76,"4,13",13,63,"3,43"
210420,FORTUNA,MA,09/2022,2607,1998,"76,64",1991,7,"99,65",609,"23,36",36,573,"21,98"
210420,FORTUNA,MA,07/2022,2630,2014,"76,58",2014,0,"100,00",616,"23,42",46,570,"21,67"
210420,FORTUNA,MA,11/2022,2567,2030,"79,08",2020,10,"99,51",537,"20,92",30,507,"19,75"
210430,GODOFREDO VIANA,MA,11/2022,1510,1372,"90,86",1372,0,"100,00",138,"9,14",11,127,"8,41"
210430,GODOFREDO VIANA,MA,07/2022,1551,1401,"90,33",1401,0,"100,00",150,"9,67",27,123,"7,93"
210430,GODOFREDO VIANA,MA,09/2022,1527,1384,"90,64",1384,0,"100,00",143,"9,36",19,124,"8,12"
210440,GONÇALVES DIAS,MA,07/2022,2579,1089,"42,23",1087,2,"99,82",1490,"57,77",1067,423,"16,40"
210440,GONÇALVES DIAS,MA,09/2022,2514,1636,"65,08",1625,11,"99,33",878,"34,92",429,449,"17,86"
210440,GONÇALVES DIAS,MA,11/2022,2447,1661,"67,88",1660,1,"99,94",786,"32,12",378,408,"16,67"
210450,GOVERNADOR ARCHER,MA,11/2022,1407,1320,"93,82",1320,0,"100,00",87,"6,18",5,82,"5,83"
210450,GOVERNADOR ARCHER,MA,07/2022,1432,1332,"93,02",1332,0,"100,00",100,"6,98",26,74,"5,17"
210450,GOVERNADOR ARCHER,MA,09/2022,1426,1339,"93,90",1339,0,"100,00",87,"6,10",6,81,"5,68"
210455,GOVERNADOR EDISON LOBÃO,MA,09/2022,2503,2371,"94,73",2371,0,"100,00",132,"5,27",11,121,"4,83"
210455,GOVERNADOR EDISON LOBÃO,MA,07/2022,2461,2036,"82,73",2036,0,"100,00",425,"17,27",14,411,"16,70"
210455,GOVERNADOR EDISON LOBÃO,MA,11/2022,2448,2309,"94,32",2309,0,"100,00",139,"5,68",13,126,"5,15"
210460,GOVERNADOR EUGÊNIO BARROS,MA,11/2022,2090,1939,"92,78",1938,1,"99,95",151,"7,22",9,142,"6,79"
210460,GOVERNADOR EUGÊNIO BARROS,MA,09/2022,2127,1979,"93,04",1979,0,"100,00",148,"6,96",9,139,"6,54"
210460,GOVERNADOR EUGÊNIO BARROS,MA,07/2022,2064,0,"0,00",0,0,,2064,"100,00",1920,144,"6,98"
210462,GOVERNADOR LUIZ ROCHA,MA,09/2022,873,785,"89,92",785,0,"100,00",88,"10,08",2,86,"9,85"
210462,GOVERNADOR LUIZ ROCHA,MA,07/2022,899,798,"88,77",761,37,"95,36",101,"11,23",27,74,"8,23"
210462,GOVERNADOR LUIZ ROCHA,MA,11/2022,855,780,"91,23",780,0,"100,00",75,"8,77",2,73,"8,54"
210465,GOVERNADOR NEWTON BELLO,MA,11/2022,1502,1122,"74,70",1121,1,"99,91",380,"25,30",4,376,"25,03"
210465,GOVERNADOR NEWTON BELLO,MA,09/2022,1527,1117,"73,15",1117,0,"100,00",410,"26,85",6,404,"26,46"
210465,GOVERNADOR NEWTON BELLO,MA,07/2022,1620,1151,"71,05",1149,2,"99,83",469,"28,95",56,413,"25,49"
210467,GOVERNADOR NUNES FREIRE,MA,09/2022,4153,3783,"91,09",3783,0,"100,00",370,"8,91",49,321,"7,73"
210467,GOVERNADOR NUNES FREIRE,MA,07/2022,4156,3615,"86,98",3614,1,"99,97",541,"13,02",244,297,"7,15"
210467,GOVERNADOR NUNES FREIRE,MA,11/2022,4094,3696,"90,28",3696,0,"100,00",398,"9,72",63,335,"8,18"
210470,GRAÇA ARANHA,MA,11/2022,855,728,"85,15",728,0,"100,00",127,"14,85",3,124,"14,50"
210470,GRAÇA ARANHA,MA,07/2022,846,0,"0,00",0,0,,846,"100,00",722,124,"14,66"
210470,GRAÇA ARANHA,MA,09/2022,862,724,"83,99",724,0,"100,00",138,"16,01",13,125,"14,50"
210480,GRAJAÚ,MA,07/2022,11753,10679,"90,86",10679,0,"100,00",1074,"9,14",74,1000,"8,51"
210480,GRAJAÚ,MA,09/2022,11762,10918,"92,82",10907,11,"99,90",844,"7,18",36,808,"6,87"
210480,GRAJAÚ,MA,11/2022,11473,10143,"88,41",10134,9,"99,91",1330,"11,59",22,1308,"11,40"
210490,GUIMARÃES,MA,11/2022,1380,1230,"89,13",1230,0,"100,00",150,"10,87",90,60,"4,35"
210490,GUIMARÃES,MA,09/2022,1388,1245,"89,70",1244,1,"99,92",143,"10,30",86,57,"4,11"
210490,GUIMARÃES,MA,07/2022,1464,1288,"87,98",1288,0,"100,00",176,"12,02",117,59,"4,03"
210500,HUMBERTO DE CAMPOS,MA,07/2022,5401,3771,"69,82",3731,40,"98,94",1630,"30,18",366,1264,"23,40"
210500,HUMBERTO DE CAMPOS,MA,09/2022,5246,3749,"71,46",3727,22,"99,41",1497,"28,54",269,1228,"23,41"
210500,HUMBERTO DE CAMPOS,MA,11/2022,5163,3622,"70,15",3613,9,"99,75",1541,"29,85",311,1230,"23,82"
210510,ICATU,MA,11/2022,4250,3156,"74,26",3150,6,"99,81",1094,"25,74",814,280,"6,59"
210510,ICATU,MA,09/2022,4292,3198,"74,51",3193,5,"99,84",1094,"25,49",855,239,"5,57"
210510,ICATU,MA,07/2022,4522,3094,"68,42",3094,0,"100,00",1428,"31,58",1194,234,"5,17"
210515,IGARAPÉ DO MEIO,MA,09/2022,2511,2053,"81,76",2042,11,"99,46",458,"18,24",8,450,"17,92"
210515,IGARAPÉ DO MEIO,MA,07/2022,2546,1289,"50,63",1283,6,"99,53",1257,"49,37",876,381,"14,96"
210515,IGARAPÉ DO MEIO,MA,11/2022,2464,2040,"82,79",2015,25,"98,77",424,"17,21",8,416,"16,88"
210520,IGARAPÉ GRANDE,MA,11/2022,1374,695,"50,58",695,0,"100,00",679,"49,42",162,517,"37,63"
210520,IGARAPÉ GRANDE,MA,07/2022,1426,561,"39,34",561,0,"100,00",865,"60,66",306,559,"39,20"
210520,IGARAPÉ GRANDE,MA,09/2022,1417,354,"24,98",354,0,"100,00",1063,"75,02",520,543,"38,32"
210530,IMPERATRIZ,MA,09/2022,20580,11253,"54,68",11227,26,"99,77",9327,"45,32",2035,7292,"35,43"
210530,IMPERATRIZ,MA,07/2022,20460,9659,"47,21",9613,46,"99,52",10801,"52,79",3855,6946,"33,95"
210530,IMPERATRIZ,MA,11/2022,20887,11544,"55,27",11493,51,"99,56",9343,"44,73",2037,7306,"34,98"
210535,ITAIPAVA DO GRAJAÚ,MA,11/2022,2431,2070,"85,15",2069,1,"99,95",361,"14,85",7,354,"14,56"
210535,ITAIPAVA DO GRAJAÚ,MA,07/2022,2480,3,"0,12",0,3,"0,00",2477,"99,88",2125,352,"14,19"
210535,ITAIPAVA DO GRAJAÚ,MA,09/2022,2475,2017,"81,49",2014,3,"99,85",458,"18,51",107,351,"14,18"
210540,ITAPECURU MIRIM,MA,07/2022,9329,8840,"94,76",8775,65,"99,26",489,"5,24",158,331,"3,55"
210540,ITAPECURU MIRIM,MA,09/2022,8864,8460,"95,44",8435,25,"99,70",404,"4,56",88,316,"3,56"
210540,ITAPECURU MIRIM,MA,11/2022,8711,8322,"95,53",8201,121,"98,55",389,"4,47",65,324,"3,72"
210542,ITINGA DO MARANHÃO,MA,11/2022,3078,3056,"99,29",3030,26,"99,15",22,"0,71",16,6,"0,19"
210542,ITINGA DO MARANHÃO,MA,09/2022,3135,2723,"86,86",2722,1,"99,96",412,"13,14",23,389,"12,41"
210542,ITINGA DO MARANHÃO,MA,07/2022,3122,0,"0,00",0,0,,3122,"100,00",2803,319,"10,22"
210545,JATOBÁ,MA,07/2022,1361,1089,"80,01",1077,12,"98,90",272,"19,99",37,235,"17,27"
210545,JATOBÁ,MA,09/2022,1312,1050,"80,03",1021,29,"97,24",262,"19,97",14,248,"18,90"
210545,JATOBÁ,MA,11/2022,1279,984,"76,94",941,43,"95,63",295,"23,06",44,251,"19,62"
210547,JENIPAPO DOS VIEIRAS,MA,11/2022,2902,1857,"63,99",1841,16,"99,14",1045,"36,01",663,382,"13,16"
210547,JENIPAPO DOS VIEIRAS,MA,07/2022,2955,378,"12,79",378,0,"100,00",2577,"87,21",2267,310,"10,49"
210547,JENIPAPO DOS VIEIRAS,MA,09/2022,2959,2611,"88,24",2611,0,"100,00",348,"11,76",39,309,"10,44"
210550,JOÃO LISBOA,MA,09/2022,3415,2563,"75,05",2562,1,"99,96",852,"24,95",224,628,"18,39"
210550,JOÃO LISBOA,MA,07/2022,3493,2822,"80,79",2821,1,"99,96",671,"19,21",89,582,"16,66"
210550,JOÃO LISBOA,MA,11/2022,3274,2452,"74,89",2452,0,"100,00",822,"25,11",151,671,"20,49"
210560,JOSELÂNDIA,MA,11/2022,2193,1975,"90,06",1960,15,"99,24",218,"9,94",8,210,"9,58"
210560,JOSELÂNDIA,MA,07/2022,2298,2114,"91,99",2024,90,"95,74",184,"8,01",8,176,"7,66"
210560,JOSELÂNDIA,MA,09/2022,2214,1992,"89,97",1988,4,"99,80",222,"10,03",11,211,"9,53"
210565,JUNCO DO MARANHÃO,MA,09/2022,944,875,"92,69",860,15,"98,29",69,"7,31",19,50,"5,30"
210565,JUNCO DO MARANHÃO,MA,07/2022,955,843,"88,27",841,2,"99,76",112,"11,73",63,49,"5,13"
210565,JUNCO DO MARANHÃO,MA,11/2022,910,850,"93,41",834,16,"98,12",60,"6,59",13,47,"5,16"
210570,LAGO DA PEDRA,MA,11/2022,6292,4824,"76,67",4824,0,"100,00",1468,"23,33",214,1254,"19,93"
210570,LAGO DA PEDRA,MA,07/2022,6594,5118,"77,62",5118,0,"100,00",1476,"22,38",325,1151,"17,46"
210570,LAGO DA PEDRA,MA,09/2022,6425,5114,"79,60",5110,4,"99,92",1311,"20,40",36,1275,"19,84"
210580,LAGO DO JUNCO,MA,09/2022,1553,1393,"89,70",1393,0,"100,00",160,"10,30",7,153,"9,85"
210580,LAGO DO JUNCO,MA,07/2022,1561,1396,"89,43",1396,0,"100,00",165,"10,57",20,145,"9,29"
210580,LAGO DO JUNCO,MA,11/2022,1535,1369,"89,19",1369,0,"100,00",166,"10,81",23,143,"9,32"
210590,LAGO VERDE,MA,11/2022,2685,2233,"83,17",2232,1,"99,96",452,"16,83",48,404,"15,05"
210590,LAGO VERDE,MA,09/2022,2760,2439,"88,37",2412,27,"98,89",321,"11,63",5,316,"11,45"
210590,LAGO VERDE,MA,07/2022,2791,2456,"88,00",2454,2,"99,92",335,"12,00",17,318,"11,39"
210592,LAGOA DO MATO,MA,09/2022,1517,1299,"85,63",1290,9,"99,31",218,"14,37",19,199,"13,12"
210592,LAGOA DO MATO,MA,07/2022,1516,1167,"76,98",1167,0,"100,00",349,"23,02",155,194,"12,80"
210592,LAGOA DO MATO,MA,11/2022,1479,1286,"86,95",1286,0,"100,00",193,"13,05",7,186,"12,58"
210594,LAGO DOS RODRIGUES,MA,11/2022,1100,696,"63,27",696,0,"100,00",404,"36,73",321,83,"7,55"
210594,LAGO DOS RODRIGUES,MA,09/2022,1122,653,"58,20",653,0,"100,00",469,"41,80",386,83,"7,40"
210594,LAGO DOS RODRIGUES,MA,07/2022,1135,610,"53,74",609,1,"99,84",525,"46,26",443,82,"7,22"
210596,LAGOA GRANDE DO MARANHÃO,MA,07/2022,2028,1790,"88,26",1790,0,"100,00",238,"11,74",19,219,"10,80"
210596,LAGOA GRANDE DO MARANHÃO,MA,09/2022,1989,1754,"88,19",1750,4,"99,77",235,"11,81",13,222,"11,16"
210596,LAGOA GRANDE DO MARANHÃO,MA,11/2022,1953,1723,"88,22",1723,0,"100,00",230,"11,78",17,213,"10,91"
210598,LAJEADO NOVO,MA,11/2022,959,868,"90,51",864,4,"99,54",91,"9,49",7,84,"8,76"
210598,LAJEADO NOVO,MA,07/2022,991,862,"86,98",853,9,"98,96",129,"13,02",23,106,"10,70"
210598,LAJEADO NOVO,MA,09/2022,959,865,"90,20",861,4,"99,54",94,"9,80",2,92,"9,59"
210600,LIMA CAMPOS,MA,09/2022,1558,799,"51,28",799,0,"100,00",759,"48,72",649,110,"7,06"
210600,LIMA CAMPOS,MA,07/2022,1658,1527,"92,10",1527,0,"100,00",131,"7,90",23,108,"6,51"
210600,LIMA CAMPOS,MA,11/2022,1586,1411,"88,97",1411,0,"100,00",175,"11,03",61,114,"7,19"
210610,LORETO,MA,11/2022,1563,1163,"74,41",1158,5,"99,57",400,"25,59",189,211,"13,50"
210610,LORETO,MA,09/2022,1598,1357,"84,92",1356,1,"99,93",241,"15,08",12,229,"14,33"
210610,LORETO,MA,07/2022,1604,863,"53,80",863,0,"100,00",741,"46,20",513,228,"14,21"
210620,LUÍS DOMINGUES,MA,09/2022,1271,1085,"85,37",1085,0,"100,00",186,"14,63",18,168,"13,22"
210620,LUÍS DOMINGUES,MA,07/2022,1284,968,"75,39",968,0,"100,00",316,"24,61",154,162,"12,62"
210620,LUÍS DOMINGUES,MA,11/2022,1222,1052,"86,09",1052,0,"100,00",170,"13,91",12,158,"12,93"
210630,MAGALHÃES DE ALMEIDA,MA,11/2022,2044,1878,"91,88",1878,0,"100,00",166,"8,12",17,149,"7,29"
210630,MAGALHÃES DE ALMEIDA,MA,09/2022,2054,1853,"90,21",1853,0,"100,00",201,"9,79",62,139,"6,77"
210630,MAGALHÃES DE ALMEIDA,MA,07/2022,2098,1943,"92,61",1943,0,"100,00",155,"7,39",23,132,"6,29"
210632,MARACAÇUMÉ,MA,07/2022,3359,2894,"86,16",2894,0,"100,00",465,"13,84",43,422,"12,56"
210632,MARACAÇUMÉ,MA,09/2022,3354,2878,"85,81",2878,0,"100,00",476,"14,19",38,438,"13,06"
210632,MARACAÇUMÉ,MA,11/2022,3314,2782,"83,95",2782,0,"100,00",532,"16,05",35,497,"15,00"
210635,MARAJÁ DO SENA,MA,11/2022,1297,1044,"80,49",1044,0,"100,00",253,"19,51",161,92,"7,09"
210635,MARAJÁ DO SENA,MA,09/2022,1337,1236,"92,45",1236,0,"100,00",101,"7,55",9,92,"6,88"
210635,MARAJÁ DO SENA,MA,07/2022,1263,0,"0,00",0,0,,1263,"100,00",1166,97,"7,68"
210637,MARANHÃOZINHO,MA,07/2022,1854,1603,"86,46",1603,0,"100,00",251,"13,54",56,195,"10,52"
210637,MARANHÃOZINHO,MA,09/2022,1827,1722,"94,25",1721,1,"99,94",105,"5,75",17,88,"4,82"
210637,MARANHÃOZINHO,MA,11/2022,1788,1687,"94,35",1687,0,"100,00",101,"5,65",12,89,"4,98"
210640,MATA ROMA,MA,11/2022,3107,2534,"81,56",2530,4,"99,84",573,"18,44",62,511,"16,45"
210640,MATA ROMA,MA,07/2022,3230,2523,"78,11",2520,3,"99,88",707,"21,89",173,534,"16,53"
210640,MATA ROMA,MA,09/2022,3115,1615,"51,85",1612,3,"99,81",1500,"48,15",998,502,"16,12"
210650,MATINHA,MA,09/2022,3927,0,"0,00",0,0,,3927,"100,00",3481,446,"11,36"
210650,MATINHA,MA,07/2022,4242,3585,"84,51",3584,1,"99,97",657,"15,49",200,457,"10,77"
210650,MATINHA,MA,11/2022,4039,3686,"91,26",3686,0,"100,00",353,"8,74",53,300,"7,43"
210660,MATÕES,MA,11/2022,4736,2668,"56,33",2586,82,"96,93",2068,"43,67",1662,406,"8,57"
210660,MATÕES,MA,07/2022,4836,0,"0,00",0,0,,4836,"100,00",4424,412,"8,52"
210660,MATÕES,MA,09/2022,4866,2688,"55,24",2688,0,"100,00",2178,"44,76",1767,411,"8,45"
210663,MATÕES DO NORTE,MA,07/2022,1590,1301,"81,82",1287,14,"98,92",289,"18,18",150,139,"8,74"
210663,MATÕES DO NORTE,MA,09/2022,1444,1242,"86,01",1234,8,"99,36",202,"13,99",33,169,"11,70"
210663,MATÕES DO NORTE,MA,11/2022,1424,1144,"80,34",1113,31,"97,29",280,"19,66",74,206,"14,47"
210667,MILAGRES DO MARANHÃO,MA,11/2022,1220,1115,"91,39",1115,0,"100,00",105,"8,61",13,92,"7,54"
210667,MILAGRES DO MARANHÃO,MA,07/2022,1288,1146,"88,98",1146,0,"100,00",142,"11,02",44,98,"7,61"
210667,MILAGRES DO MARANHÃO,MA,09/2022,1262,1131,"89,62",1131,0,"100,00",131,"10,38",38,93,"7,37"
210670,MIRADOR,MA,09/2022,3112,2394,"76,93",2385,9,"99,62",718,"23,07",25,693,"22,27"
210670,MIRADOR,MA,07/2022,3187,2430,"76,25",2425,5,"99,79",757,"23,75",152,605,"18,98"
210670,MIRADOR,MA,11/2022,3092,2362,"76,39",2361,1,"99,96",730,"23,61",32,698,"22,57"
210675,MIRANDA DO NORTE,MA,11/2022,2778,2624,"94,46",2618,6,"99,77",154,"5,54",22,132,"4,75"
210675,MIRANDA DO NORTE,MA,09/2022,2802,2596,"92,65",2596,0,"100,00",206,"7,35",90,116,"4,14"
210675,MIRANDA DO NORTE,MA,07/2022,2727,347,"12,72",347,0,"100,00",2380,"87,28",2198,182,"6,67"
210680,MIRINZAL,MA,07/2022,2184,1723,"78,89",1723,0,"100,00",461,"21,11",195,266,"12,18"
210680,MIRINZAL,MA,09/2022,2102,1677,"79,78",1677,0,"100,00",425,"20,22",168,257,"12,23"
210680,MIRINZAL,MA,11/2022,2102,1788,"85,06",1788,0,"100,00",314,"14,94",83,231,"10,99"
210690,MONÇÃO,MA,11/2022,5159,5055,"97,98",4024,1031,"79,60",104,"2,02",53,51,"0,99"
210690,MONÇÃO,MA,09/2022,5293,5243,"99,06",4477,766,"85,39",50,"0,94",30,20,"0,38"
210690,MONÇÃO,MA,07/2022,5403,597,"11,05",596,1,"99,83",4806,"88,95",4252,554,"10,25"
210700,MONTES ALTOS,MA,07/2022,1336,500,"37,43",495,5,"99,00",836,"62,57",691,145,"10,85"
210700,MONTES ALTOS,MA,09/2022,1321,963,"72,90",950,13,"98,65",358,"27,10",95,263,"19,91"
210700,MONTES ALTOS,MA,11/2022,1307,690,"52,79",669,21,"96,96",617,"47,21",353,264,"20,20"
210710,MORROS,MA,11/2022,3195,2833,"88,67",2830,3,"99,89",362,"11,33",60,302,"9,45"
210710,MORROS,MA,09/2022,3242,2587,"79,80",2586,1,"99,96",655,"20,20",187,468,"14,44"
210710,MORROS,MA,07/2022,3330,2596,"77,96",2591,5,"99,81",734,"22,04",107,627,"18,83"
210720,NINA RODRIGUES,MA,07/2022,2271,2119,"93,31",2119,0,"100,00",152,"6,69",48,104,"4,58"
210720,NINA RODRIGUES,MA,09/2022,2249,1926,"85,64",1920,6,"99,69",323,"14,36",32,291,"12,94"
210720,NINA RODRIGUES,MA,11/2022,2198,1834,"83,44",1832,2,"99,89",364,"16,56",20,344,"15,65"
210725,NOVA COLINAS,MA,11/2022,769,709,"92,20",695,14,"98,03",60,"7,80",45,15,"1,95"
210725,NOVA COLINAS,MA,07/2022,830,723,"87,11",721,2,"99,72",107,"12,89",38,69,"8,31"
210725,NOVA COLINAS,MA,09/2022,841,768,"91,32",759,9,"98,83",73,"8,68",14,59,"7,02"
210730,NOVA IORQUE,MA,09/2022,590,292,"49,49",292,0,"100,00",298,"50,51",267,31,"5,25"
210730,NOVA IORQUE,MA,07/2022,625,477,"76,32",476,1,"99,79",148,"23,68",113,35,"5,60"
210730,NOVA IORQUE,MA,11/2022,607,496,"81,71",496,0,"100,00",111,"18,29",32,79,"13,01"
210735,NOVA OLINDA DO MARANHÃO,MA,11/2022,2709,2330,"86,01",2330,0,"100,00",379,"13,99",102,277,"10,23"
210735,NOVA OLINDA DO MARANHÃO,MA,07/2022,2868,2545,"88,74",2545,0,"100,00",323,"11,26",54,269,"9,38"
210735,NOVA OLINDA DO MARANHÃO,MA,09/2022,2756,2287,"82,98",2287,0,"100,00",469,"17,02",196,273,"9,91"
210740,OLHO D´ÁGUA DAS CUNHÃS,MA,09/2022,2511,1653,"65,83",1652,1,"99,94",858,"34,17",49,809,"32,22"
210740,OLHO D´ÁGUA DAS CUNHÃS,MA,07/2022,2527,1662,"65,77",1662,0,"100,00",865,"34,23",61,804,"31,82"
210740,OLHO D´ÁGUA DAS CUNHÃS,MA,11/2022,2483,1605,"64,64",1605,0,"100,00",878,"35,36",78,800,"32,22"
210745,OLINDA NOVA DO MARANHÃO,MA,11/2022,2080,1860,"89,42",1860,0,"100,00",220,"10,58",39,181,"8,70"
210745,OLINDA NOVA DO MARANHÃO,MA,09/2022,2213,1931,"87,26",1931,0,"100,00",282,"12,74",110,172,"7,77"
210745,OLINDA NOVA DO MARANHÃO,MA,07/2022,2234,1965,"87,96",1965,0,"100,00",269,"12,04",99,170,"7,61"
210750,PAÇO DO LUMIAR,MA,07/2022,13965,7950,"56,93",7950,0,"100,00",6015,"43,07",3196,2819,"20,19"
210750,PAÇO DO LUMIAR,MA,09/2022,13809,9961,"72,13",9961,0,"100,00",3848,"27,87",816,3032,"21,96"
210750,PAÇO DO LUMIAR,MA,11/2022,13977,9500,"67,97",9492,8,"99,92",4477,"32,03",1064,3413,"24,42"
210760,PALMEIRÂNDIA,MA,11/2022,2836,2473,"87,20",2447,26,"98,95",363,"12,80",129,234,"8,25"
210760,PALMEIRÂNDIA,MA,07/2022,3044,2163,"71,06",2161,2,"99,91",881,"28,94",651,230,"7,56"
210760,PALMEIRÂNDIA,MA,09/2022,2862,2236,"78,13",2231,5,"99,78",626,"21,87",405,221,"7,72"
210770,PARAIBANO,MA,09/2022,2858,1381,"48,32",1374,7,"99,49",1477,"51,68",319,1158,"40,52"
210770,PARAIBANO,MA,07/2022,2901,1652,"56,95",1652,0,"100,00",1249,"43,05",181,1068,"36,81"
210770,PARAIBANO,MA,11/2022,2770,2246,"81,08",2246,0,"100,00",524,"18,92",96,428,"15,45"
210780,PARNARAMA,MA,11/2022,4653,4148,"89,15",3767,381,"90,81",505,"10,85",259,246,"5,29"
210780,PARNARAMA,MA,07/2022,4828,3248,"67,27",3248,0,"100,00",1580,"32,73",1326,254,"5,26"
210780,PARNARAMA,MA,09/2022,4767,4349,"91,23",4236,113,"97,40",418,"8,77",167,251,"5,27"
210790,PASSAGEM FRANCA,MA,07/2022,2725,0,"0,00",0,0,,2725,"100,00",2583,142,"5,21"
210790,PASSAGEM FRANCA,MA,09/2022,2726,2003,"73,48",2001,2,"99,90",723,"26,52",474,249,"9,13"
210790,PASSAGEM FRANCA,MA,11/2022,2637,1802,"68,34",1750,52,"97,11",835,"31,66",404,431,"16,34"
210800,PASTOS BONS,MA,11/2022,2877,2713,"94,30",2710,3,"99,89",164,"5,70",15,149,"5,18"
210800,PASTOS BONS,MA,07/2022,2940,2763,"93,98",2713,50,"98,19",177,"6,02",25,152,"5,17"
210800,PASTOS BONS,MA,09/2022,2918,2735,"93,73",2735,0,"100,00",183,"6,27",27,156,"5,35"
210805,PAULINO NEVES,MA,09/2022,3406,2851,"83,71",2844,7,"99,75",555,"16,29",41,514,"15,09"
210805,PAULINO NEVES,MA,07/2022,3410,2776,"81,41",2773,3,"99,89",634,"18,59",231,403,"11,82"
210805,PAULINO NEVES,MA,11/2022,3319,2709,"81,62",2702,7,"99,74",610,"18,38",115,495,"14,91"
210810,PAULO RAMOS,MA,11/2022,3159,2702,"85,53",2699,3,"99,89",457,"14,47",48,409,"12,95"
210810,PAULO RAMOS,MA,07/2022,3257,2677,"82,19",2677,0,"100,00",580,"17,81",123,457,"14,03"
210810,PAULO RAMOS,MA,09/2022,3178,2711,"85,31",2711,0,"100,00",467,"14,69",20,447,"14,07"
210820,PEDREIRAS,MA,09/2022,3664,2716,"74,13",2309,407,"85,01",948,"25,87",53,895,"24,43"
210820,PEDREIRAS,MA,07/2022,3766,2723,"72,30",2710,13,"99,52",1043,"27,70",126,917,"24,35"
210820,PEDREIRAS,MA,11/2022,3633,2826,"77,79",2747,79,"97,20",807,"22,21",9,798,"21,97"
210825,PEDRO DO ROSÁRIO,MA,11/2022,4559,3816,"83,70",3814,2,"99,95",743,"16,30",108,635,"13,93"
210825,PEDRO DO ROSÁRIO,MA,09/2022,4641,3607,"77,72",3606,1,"99,97",1034,"22,28",120,914,"19,69"
210825,PEDRO DO ROSÁRIO,MA,07/2022,4803,2838,"59,09",2831,7,"99,75",1965,"40,91",717,1248,"25,98"
210830,PENALVA,MA,09/2022,5403,5066,"93,76",5057,9,"99,82",337,"6,24",14,323,"5,98"
210830,PENALVA,MA,07/2022,5523,5103,"92,40",5100,3,"99,94",420,"7,60",106,314,"5,69"
210830,PENALVA,MA,11/2022,5311,4956,"93,32",4940,16,"99,68",355,"6,68",33,322,"6,06"
210840,PERI MIRIM,MA,11/2022,1531,933,"60,94",933,0,"100,00",598,"39,06",415,183,"11,95"
210840,PERI MIRIM,MA,07/2022,1634,907,"55,51",907,0,"100,00",727,"44,49",556,171,"10,47"
210840,PERI MIRIM,MA,09/2022,1560,1299,"83,27",1299,0,"100,00",261,"16,73",79,182,"11,67"
210845,PERITORÓ,MA,09/2022,3978,3324,"83,56",3324,0,"100,00",654,"16,44",44,610,"15,33"
210845,PERITORÓ,MA,07/2022,3941,1,"0,03",0,1,"0,00",3940,"99,97",3324,616,"15,63"
210845,PERITORÓ,MA,11/2022,3836,3069,"80,01",3069,0,"100,00",767,"19,99",165,602,"15,69"
210850,PINDARÉ-MIRIM,MA,11/2022,4280,3595,"84,00",3572,23,"99,36",685,"16,00",20,665,"15,54"
210850,PINDARÉ-MIRIM,MA,09/2022,4445,3542,"79,69",3523,19,"99,46",903,"20,31",17,886,"19,93"
210850,PINDARÉ-MIRIM,MA,07/2022,4543,2902,"63,88",2897,5,"99,83",1641,"36,12",773,868,"19,11"
210860,PINHEIRO,MA,07/2022,10893,1517,"13,93",1517,0,"100,00",9376,"86,07",8626,750,"6,89"
210860,PINHEIRO,MA,09/2022,11432,10588,"92,62",10588,0,"100,00",844,"7,38",78,766,"6,70"
210860,PINHEIRO,MA,11/2022,11176,9464,"84,68",9464,0,"100,00",1712,"15,32",1026,686,"6,14"
210870,PIO XII,MA,11/2022,3576,3301,"92,31",2720,581,"82,40",275,"7,69",14,261,"7,30"
210870,PIO XII,MA,07/2022,3718,3420,"91,98",3415,5,"99,85",298,"8,02",56,242,"6,51"
210870,PIO XII,MA,09/2022,3668,3381,"92,18",3341,40,"98,82",287,"7,82",37,250,"6,82"
210880,PIRAPEMAS,MA,07/2022,2740,2143,"78,21",2143,0,"100,00",597,"21,79",111,486,"17,74"
210880,PIRAPEMAS,MA,09/2022,2693,1873,"69,55",1872,1,"99,95",820,"30,45",132,688,"25,55"
210880,PIRAPEMAS,MA,11/2022,2543,1851,"72,79",1850,1,"99,95",692,"27,21",25,667,"26,23"
210890,POÇÃO DE PEDRAS,MA,11/2022,2052,1702,"82,94",1702,0,"100,00",350,"17,06",8,342,"16,67"
210890,POÇÃO DE PEDRAS,MA,07/2022,2123,1855,"87,38",1855,0,"100,00",268,"12,62",58,210,"9,89"
210890,POÇÃO DE PEDRAS,MA,09/2022,2112,1742,"82,48",1736,6,"99,66",370,"17,52",15,355,"16,81"
210900,PORTO FRANCO,MA,09/2022,2376,2110,"88,80",2093,17,"99,19",266,"11,20",9,257,"10,82"
210900,PORTO FRANCO,MA,07/2022,2384,2002,"83,98",1994,8,"99,60",382,"16,02",45,337,"14,14"
210900,PORTO FRANCO,MA,11/2022,2321,2031,"87,51",2027,4,"99,80",290,"12,49",3,287,"12,37"
210905,PORTO RICO DO MARANHÃO,MA,11/2022,956,849,"88,81",848,1,"99,88",107,"11,19",37,70,"7,32"
210905,PORTO RICO DO MARANHÃO,MA,09/2022,958,878,"91,65",878,0,"100,00",80,"8,35",24,56,"5,85"
210905,PORTO RICO DO MARANHÃO,MA,07/2022,1032,893,"86,53",893,0,"100,00",139,"13,47",88,51,"4,94"
210910,PRESIDENTE DUTRA,MA,07/2022,4310,2677,"62,11",2668,9,"99,66",1633,"37,89",205,1428,"33,13"
210910,PRESIDENTE DUTRA,MA,09/2022,4310,2767,"64,20",2761,6,"99,78",1543,"35,80",12,1531,"35,52"
210910,PRESIDENTE DUTRA,MA,11/2022,4280,2967,"69,32",2930,37,"98,75",1313,"30,68",12,1301,"30,40"
210920,PRESIDENTE JUSCELINO,MA,11/2022,1995,1703,"85,36",1702,1,"99,94",292,"14,64",35,257,"12,88"
210920,PRESIDENTE JUSCELINO,MA,09/2022,2043,1721,"84,24",1720,1,"99,94",322,"15,76",43,279,"13,66"
210920,PRESIDENTE JUSCELINO,MA,07/2022,2152,1804,"83,83",1804,0,"100,00",348,"16,17",75,273,"12,69"
210923,PRESIDENTE MÉDICI,MA,07/2022,870,56,"6,44",56,0,"100,00",814,"93,56",701,113,"12,99"
210923,PRESIDENTE MÉDICI,MA,09/2022,881,655,"74,35",637,18,"97,25",226,"25,65",39,187,"21,23"
210923,PRESIDENTE MÉDICI,MA,11/2022,866,725,"83,72",699,26,"96,41",141,"16,28",37,104,"12,01"
210927,PRESIDENTE SARNEY,MA,11/2022,3607,2532,"70,20",2485,47,"98,14",1075,"29,80",199,876,"24,29"
210927,PRESIDENTE SARNEY,MA,09/2022,3640,1925,"52,88",1871,54,"97,19",1715,"47,12",952,763,"20,96"
210927,PRESIDENTE SARNEY,MA,07/2022,3949,3028,"76,68",3026,2,"99,93",921,"23,32",230,691,"17,50"
210930,PRESIDENTE VARGAS,MA,07/2022,1871,1319,"70,50",1319,0,"100,00",552,"29,50",344,208,"11,12"
210930,PRESIDENTE VARGAS,MA,09/2022,1799,681,"37,85",674,7,"98,97",1118,"62,15",911,207,"11,51"
210930,PRESIDENTE VARGAS,MA,11/2022,1834,1423,"77,59",1421,2,"99,86",411,"22,41",201,210,"11,45"
210940,PRIMEIRA CRUZ,MA,11/2022,2128,1403,"65,93",1398,5,"99,64",725,"34,07",293,432,"20,30"
210940,PRIMEIRA CRUZ,MA,07/2022,2427,2089,"86,07",2087,2,"99,90",338,"13,93",198,140,"5,77"
210940,PRIMEIRA CRUZ,MA,09/2022,2199,1597,"72,62",1588,9,"99,44",602,"27,38",144,458,"20,83"
210945,RAPOSA,MA,07/2022,4661,4062,"87,15",4061,1,"99,98",599,"12,85",215,384,"8,24"
210945,RAPOSA,MA,09/2022,4514,3841,"85,09",3840,1,"99,97",673,"14,91",53,620,"13,74"
210945,RAPOSA,MA,11/2022,4477,3779,"84,41",3776,3,"99,92",698,"15,59",66,632,"14,12"
210950,RIACHÃO,MA,11/2022,2783,2224,"79,91",2202,22,"99,01",559,"20,09",47,512,"18,40"
210950,RIACHÃO,MA,07/2022,2833,1627,"57,43",1627,0,"100,00",1206,"42,57",720,486,"17,15"
210950,RIACHÃO,MA,09/2022,2811,2232,"79,40",2167,65,"97,09",579,"20,60",45,534,"19,00"
210955,RIBAMAR FIQUENE,MA,09/2022,1004,857,"85,36",854,3,"99,65",147,"14,64",2,145,"14,44"
210955,RIBAMAR FIQUENE,MA,07/2022,1008,875,"86,81",875,0,"100,00",133,"13,19",5,128,"12,70"
210955,RIBAMAR FIQUENE,MA,11/2022,978,823,"84,15",823,0,"100,00",155,"15,85",2,153,"15,64"
210960,ROSÁRIO,MA,11/2022,5301,4028,"75,99",3997,31,"99,23",1273,"24,01",36,1237,"23,34"
210960,ROSÁRIO,MA,07/2022,5579,3850,"69,01",3845,5,"99,87",1729,"30,99",69,1660,"29,75"
210960,ROSÁRIO,MA,09/2022,5417,4089,"75,48",4008,81,"98,02",1328,"24,52",34,1294,"23,89"
210970,SAMBAÍBA,MA,09/2022,832,748,"89,90",747,1,"99,87",84,"10,10",68,16,"1,92"
210970,SAMBAÍBA,MA,07/2022,727,0,"0,00",0,0,,727,"100,00",661,66,"9,08"
210970,SAMBAÍBA,MA,11/2022,777,710,"91,38",709,1,"99,86",67,"8,62",6,61,"7,85"
210975,SANTA FILOMENA DO MARANHÃO,MA,11/2022,935,772,"82,57",772,0,"100,00",163,"17,43",0,163,"17,43"
210975,SANTA FILOMENA DO MARANHÃO,MA,07/2022,977,740,"75,74",737,3,"99,59",237,"24,26",32,205,"20,98"
210975,SANTA FILOMENA DO MARANHÃO,MA,09/2022,953,747,"78,38",747,0,"100,00",206,"21,62",0,206,"21,62"
210980,SANTA HELENA,MA,09/2022,4756,2526,"53,11",2494,32,"98,73",2230,"46,89",1942,288,"6,06"
210980,SANTA HELENA,MA,07/2022,4734,1637,"34,58",1586,51,"96,88",3097,"65,42",2748,349,"7,37"
210980,SANTA HELENA,MA,11/2022,4451,1274,"28,62",1252,22,"98,27",3177,"71,38",2870,307,"6,90"
210990,SANTA INÊS,MA,11/2022,9779,6403,"65,48",6343,60,"99,06",3376,"34,52",68,3308,"33,83"
210990,SANTA INÊS,MA,09/2022,9934,7166,"72,14",7164,2,"99,97",2768,"27,86",110,2658,"26,76"
210990,SANTA INÊS,MA,07/2022,9972,6929,"69,48",6927,2,"99,97",3043,"30,52",875,2168,"21,74"
211000,SANTA LUZIA,MA,09/2022,9845,7518,"76,36",7458,60,"99,20",2327,"23,64",118,2209,"22,44"
211000,SANTA LUZIA,MA,07/2022,9982,6157,"61,68",6127,30,"99,51",3825,"38,32",1662,2163,"21,67"
211000,SANTA LUZIA,MA,11/2022,9603,7248,"75,48",7197,51,"99,30",2355,"24,52",164,2191,"22,82"
211003,SANTA LUZIA DO PARUÁ,MA,11/2022,3410,3236,"94,90",3216,20,"99,38",174,"5,10",31,143,"4,19"
211003,SANTA LUZIA DO PARUÁ,MA,07/2022,3578,3307,"92,43",3295,12,"99,64",271,"7,57",67,204,"5,70"
211003,SANTA LUZIA DO PARUÁ,MA,09/2022,3518,3293,"93,60",3271,22,"99,33",225,"6,40",81,144,"4,09"
211010,SANTA QUITÉRIA DO MARANHÃO,MA,09/2022,4666,3166,"67,85",3151,15,"99,53",1500,"32,15",433,1067,"22,87"
211010,SANTA QUITÉRIA DO MARANHÃO,MA,07/2022,4796,3453,"72,00",3449,4,"99,88",1343,"28,00",267,1076,"22,44"
211010,SANTA QUITÉRIA DO MARANHÃO,MA,11/2022,4645,3463,"74,55",3423,40,"98,84",1182,"25,45",27,1155,"24,87"
211020,SANTA RITA,MA,11/2022,5418,5057,"93,34",5038,19,"99,62",361,"6,66",38,323,"5,96"
211020,SANTA RITA,MA,09/2022,5512,5159,"93,60",5157,2,"99,96",353,"6,40",30,323,"5,86"
211020,SANTA RITA,MA,07/2022,5702,5033,"88,27",5032,1,"99,98",669,"11,73",323,346,"6,07"
211023,SANTANA DO MARANHÃO,MA,09/2022,1365,1270,"93,04",1267,3,"99,76",95,"6,96",46,49,"3,59"
211023,SANTANA DO MARANHÃO,MA,07/2022,1412,1304,"92,35",1299,5,"99,62",108,"7,65",54,54,"3,82"
211023,SANTANA DO MARANHÃO,MA,11/2022,1320,1246,"94,39",1245,1,"99,92",74,"5,61",16,58,"4,39"
211027,SANTO AMARO DO MARANHÃO,MA,11/2022,2236,1829,"81,80",1821,8,"99,56",407,"18,20",33,374,"16,73"
211027,SANTO AMARO DO MARANHÃO,MA,09/2022,2243,1887,"84,13",1882,5,"99,74",356,"15,87",24,332,"14,80"
211027,SANTO AMARO DO MARANHÃO,MA,07/2022,2246,1898,"84,51",1890,8,"99,58",348,"15,49",58,290,"12,91"
211030,SANTO ANTÔNIO DOS LOPES,MA,09/2022,2269,1896,"83,56",1896,0,"100,00",373,"16,44",16,357,"15,73"
211030,SANTO ANTÔNIO DOS LOPES,MA,07/2022,2283,1911,"83,71",1911,0,"100,00",372,"16,29",31,341,"14,94"
211030,SANTO ANTÔNIO DOS LOPES,MA,11/2022,2233,1869,"83,70",1869,0,"100,00",364,"16,30",11,353,"15,81"
211040,SÃO BENEDITO DO RIO PRETO,MA,11/2022,3657,3372,"92,21",3359,13,"99,61",285,"7,79",33,252,"6,89"
211040,SÃO BENEDITO DO RIO PRETO,MA,07/2022,3859,3398,"88,05",3398,0,"100,00",461,"11,95",64,397,"10,29"
211040,SÃO BENEDITO DO RIO PRETO,MA,09/2022,3752,3342,"89,07",3342,0,"100,00",410,"10,93",13,397,"10,58"
211050,SÃO BENTO,MA,09/2022,4948,4169,"84,26",4169,0,"100,00",779,"15,74",158,621,"12,55"
211050,SÃO BENTO,MA,07/2022,5072,4337,"85,51",4337,0,"100,00",735,"14,49",129,606,"11,95"
211050,SÃO BENTO,MA,11/2022,4812,4085,"84,89",4085,0,"100,00",727,"15,11",121,606,"12,59"
211060,SÃO BERNARDO,MA,11/2022,4284,3775,"88,12",3775,0,"100,00",509,"11,88",59,450,"10,50"
211060,SÃO BERNARDO,MA,07/2022,4377,3671,"83,87",3671,0,"100,00",706,"16,13",331,375,"8,57"
211060,SÃO BERNARDO,MA,09/2022,4320,2894,"66,99",2894,0,"100,00",1426,"33,01",969,457,"10,58"
211065,SÃO DOMINGOS DO AZEITÃO,MA,09/2022,1343,1079,"80,34",1079,0,"100,00",264,"19,66",20,244,"18,17"
211065,SÃO DOMINGOS DO AZEITÃO,MA,07/2022,1295,0,"0,00",0,0,,1295,"100,00",1060,235,"18,15"
211065,SÃO DOMINGOS DO AZEITÃO,MA,11/2022,1323,964,"72,86",964,0,"100,00",359,"27,14",110,249,"18,82"
211070,SÃO DOMINGOS DO MARANHÃO,MA,11/2022,4540,4305,"94,82",4249,56,"98,70",235,"5,18",19,216,"4,76"
211070,SÃO DOMINGOS DO MARANHÃO,MA,09/2022,4639,4402,"94,89",4345,57,"98,71",237,"5,11",36,201,"4,33"
211070,SÃO DOMINGOS DO MARANHÃO,MA,07/2022,4874,3964,"81,33",3941,23,"99,42",910,"18,67",183,727,"14,92"
211080,SÃO FÉLIX DE BALSAS,MA,09/2022,587,439,"74,79",439,0,"100,00",148,"25,21",4,144,"24,53"
211080,SÃO FÉLIX DE BALSAS,MA,07/2022,617,244,"39,55",242,2,"99,18",373,"60,45",236,137,"22,20"
211080,SÃO FÉLIX DE BALSAS,MA,11/2022,589,457,"77,59",456,1,"99,78",132,"22,41",9,123,"20,88"
211085,SÃO FRANCISCO DO BREJÃO,MA,11/2022,1265,1035,"81,82",1034,1,"99,90",230,"18,18",16,214,"16,92"
211085,SÃO FRANCISCO DO BREJÃO,MA,07/2022,1242,74,"5,96",74,0,"100,00",1168,"94,04",1070,98,"7,89"
211085,SÃO FRANCISCO DO BREJÃO,MA,09/2022,1292,882,"68,27",882,0,"100,00",410,"31,73",294,116,"8,98"
211090,SÃO FRANCISCO DO MARANHÃO,MA,07/2022,1704,1512,"88,73",1512,0,"100,00",192,"11,27",21,171,"10,04"
211090,SÃO FRANCISCO DO MARANHÃO,MA,09/2022,1663,1003,"60,31",1003,0,"100,00",660,"39,69",493,167,"10,04"
211090,SÃO FRANCISCO DO MARANHÃO,MA,11/2022,1659,1491,"89,87",1491,0,"100,00",168,"10,13",9,159,"9,58"
211100,SÃO JOÃO BATISTA,MA,11/2022,2971,2450,"82,46",2433,17,"99,31",521,"17,54",164,357,"12,02"
211100,SÃO JOÃO BATISTA,MA,09/2022,2993,2602,"86,94",2602,0,"100,00",391,"13,06",121,270,"9,02"
211100,SÃO JOÃO BATISTA,MA,07/2022,3166,2326,"73,47",2325,1,"99,96",840,"26,53",560,280,"8,84"
211102,SÃO JOÃO DO CARÚ,MA,07/2022,2265,1022,"45,12",1012,10,"99,02",1243,"54,88",646,597,"26,36"
211102,SÃO JOÃO DO CARÚ,MA,09/2022,2231,1419,"63,60",1399,20,"98,59",812,"36,40",93,719,"32,23"
211102,SÃO JOÃO DO CARÚ,MA,11/2022,2184,1525,"69,83",1509,16,"98,95",659,"30,17",23,636,"29,12"
211105,SÃO JOÃO DO PARAÍSO,MA,11/2022,1262,1089,"86,29",1089,0,"100,00",173,"13,71",95,78,"6,18"
211105,SÃO JOÃO DO PARAÍSO,MA,07/2022,1239,0,"0,00",0,0,,1239,"100,00",1162,77,"6,21"
211105,SÃO JOÃO DO PARAÍSO,MA,09/2022,1282,1180,"92,04",1180,0,"100,00",102,"7,96",29,73,"5,69"
211107,SÃO JOÃO DO SOTER,MA,07/2022,3217,2679,"83,28",2679,0,"100,00",538,"16,72",44,494,"15,36"
211107,SÃO JOÃO DO SOTER,MA,09/2022,3155,2622,"83,11",2621,1,"99,96",533,"16,89",45,488,"15,47"
211107,SÃO JOÃO DO SOTER,MA,11/2022,3082,2729,"88,55",2729,0,"100,00",353,"11,45",38,315,"10,22"
211110,SÃO JOÃO DOS PATOS,MA,11/2022,3018,2965,"98,24",2964,1,"99,97",53,"1,76",0,53,"1,76"
211110,SÃO JOÃO DOS PATOS,MA,07/2022,3115,2999,"96,28",2999,0,"100,00",116,"3,72",12,104,"3,34"
211110,SÃO JOÃO DOS PATOS,MA,09/2022,3062,2985,"97,49",2985,0,"100,00",77,"2,51",12,65,"2,12"
211120,SÃO JOSÉ DE RIBAMAR,MA,07/2022,21850,4337,"19,85",4336,1,"99,98",17513,"80,15",13204,4309,"19,72"
211120,SÃO JOSÉ DE RIBAMAR,MA,09/2022,20464,8612,"42,08",8331,281,"96,74",11852,"57,92",7379,4473,"21,86"
211120,SÃO JOSÉ DE RIBAMAR,MA,11/2022,20987,7701,"36,69",7632,69,"99,10",13286,"63,31",8135,5151,"24,54"
211125,SÃO JOSÉ DOS BASÍLIOS,MA,11/2022,991,851,"85,87",832,19,"97,77",140,"14,13",41,99,"9,99"
211125,SÃO JOSÉ DOS BASÍLIOS,MA,07/2022,1089,767,"70,43",760,7,"99,09",322,"29,57",22,300,"27,55"
211125,SÃO JOSÉ DOS BASÍLIOS,MA,09/2022,1016,868,"85,43",836,32,"96,31",148,"14,57",49,99,"9,74"
211130,SÃO LUÍS,MA,07/2022,74166,4,"0,01",3,1,"75,00",74162,"99,99",60876,13286,"17,91"
211130,SÃO LUÍS,MA,09/2022,81268,61015,"75,08",60995,20,"99,97",20253,"24,92",8218,12035,"14,81"
211130,SÃO LUÍS,MA,11/2022,77781,32943,"42,35",32435,508,"98,46",44838,"57,65",29723,15115,"19,43"
211140,SÃO LUÍS GONZAGA DO MARANHÃO,MA,11/2022,2841,2218,"78,07",2214,4,"99,82",623,"21,93",6,617,"21,72"
211140,SÃO LUÍS GONZAGA DO MARANHÃO,MA,09/2022,2913,2101,"72,12",2050,51,"97,57",812,"27,88",153,659,"22,62"
211140,SÃO LUÍS GONZAGA DO MARANHÃO,MA,07/2022,2902,905,"31,19",904,1,"99,89",1997,"68,81",1323,674,"23,23"
211150,SÃO MATEUS DO MARANHÃO,MA,09/2022,5886,5347,"90,84",5347,0,"100,00",539,"9,16",47,492,"8,36"
211150,SÃO MATEUS DO MARANHÃO,MA,07/2022,5748,2,"0,03",0,2,"0,00",5746,"99,97",5253,493,"8,58"
211150,SÃO MATEUS DO MARANHÃO,MA,11/2022,5734,4662,"81,30",4662,0,"100,00",1072,"18,70",579,493,"8,60"
211153,SÃO PEDRO DA ÁGUA BRANCA,MA,11/2022,1549,1391,"89,80",1388,3,"99,78",158,"10,20",26,132,"8,52"
211153,SÃO PEDRO DA ÁGUA BRANCA,MA,07/2022,1570,0,"0,00",0,0,,1570,"100,00",1396,174,"11,08"
211153,SÃO PEDRO DA ÁGUA BRANCA,MA,09/2022,1557,455,"29,22",455,0,"100,00",1102,"70,78",883,219,"14,07"
211157,SÃO PEDRO DOS CRENTES,MA,07/2022,630,567,"90,00",564,3,"99,47",63,"10,00",30,33,"5,24"
211157,SÃO PEDRO DOS CRENTES,MA,09/2022,602,574,"95,35",554,20,"96,52",28,"4,65",3,25,"4,15"
211157,SÃO PEDRO DOS CRENTES,MA,11/2022,583,509,"87,31",501,8,"98,43",74,"12,69",50,24,"4,12"
211160,SÃO RAIMUNDO DAS MANGABEIRAS,MA,11/2022,2263,2165,"95,67",2120,45,"97,92",98,"4,33",12,86,"3,80"
211160,SÃO RAIMUNDO DAS MANGABEIRAS,MA,07/2022,2281,2164,"94,87",2160,4,"99,82",117,"5,13",43,74,"3,24"
211160,SÃO RAIMUNDO DAS MANGABEIRAS,MA,09/2022,2283,2207,"96,67",2149,58,"97,37",76,"3,33",19,57,"2,50"
211163,SÃO RAIMUNDO DO DOCA BEZERRA,MA,09/2022,918,588,"64,05",580,8,"98,64",330,"35,95",165,165,"17,97"
211163,SÃO RAIMUNDO DO DOCA BEZERRA,MA,07/2022,910,0,"0,00",0,0,,910,"100,00",823,87,"9,56"
211163,SÃO RAIMUNDO DO DOCA BEZERRA,MA,11/2022,862,625,"72,51",623,2,"99,68",237,"27,49",63,174,"20,19"
211167,SÃO ROBERTO,MA,11/2022,849,749,"88,22",749,0,"100,00",100,"11,78",6,94,"11,07"
211167,SÃO ROBERTO,MA,07/2022,901,785,"87,13",785,0,"100,00",116,"12,87",29,87,"9,66"
211167,SÃO ROBERTO,MA,09/2022,875,767,"87,66",767,0,"100,00",108,"12,34",22,86,"9,83"
211170,SÃO VICENTE FERRER,MA,07/2022,3060,2431,"79,44",2431,0,"100,00",629,"20,56",187,442,"14,44"
211170,SÃO VICENTE FERRER,MA,09/2022,2960,2067,"69,83",2067,0,"100,00",893,"30,17",423,470,"15,88"
211170,SÃO VICENTE FERRER,MA,11/2022,2941,2424,"82,42",2422,2,"99,92",517,"17,58",52,465,"15,81"
211172,SATUBINHA,MA,11/2022,1285,694,"54,01",694,0,"100,00",591,"45,99",161,430,"33,46"
211172,SATUBINHA,MA,07/2022,1368,998,"72,95",997,1,"99,90",370,"27,05",197,173,"12,65"
211172,SATUBINHA,MA,09/2022,1299,387,"29,79",383,4,"98,97",912,"70,21",477,435,"33,49"
211174,SENADOR ALEXANDRE COSTA,MA,09/2022,1760,1357,"77,10",1357,0,"100,00",403,"22,90",13,390,"22,16"
211174,SENADOR ALEXANDRE COSTA,MA,07/2022,1802,1362,"75,58",1355,7,"99,49",440,"24,42",39,401,"22,25"
211174,SENADOR ALEXANDRE COSTA,MA,11/2022,1744,1353,"77,58",1351,2,"99,85",391,"22,42",54,337,"19,32"
211176,SENADOR LA ROCQUE,MA,11/2022,2111,1798,"85,17",1797,1,"99,94",313,"14,83",30,283,"13,41"
211176,SENADOR LA ROCQUE,MA,09/2022,2121,1635,"77,09",1635,0,"100,00",486,"22,91",42,444,"20,93"
211176,SENADOR LA ROCQUE,MA,07/2022,2229,133,"5,97",133,0,"100,00",2096,"94,03",1847,249,"11,17"
211178,SERRANO DO MARANHÃO,MA,09/2022,2023,1823,"90,11",1804,19,"98,96",200,"9,89",111,89,"4,40"
211178,SERRANO DO MARANHÃO,MA,07/2022,2080,1735,"83,41",1735,0,"100,00",345,"16,59",92,253,"12,16"
211178,SERRANO DO MARANHÃO,MA,11/2022,1965,1497,"76,18",1497,0,"100,00",468,"23,82",379,89,"4,53"
211180,SÍTIO NOVO,MA,11/2022,2659,2392,"89,96",2374,18,"99,25",267,"10,04",13,254,"9,55"
211180,SÍTIO NOVO,MA,07/2022,2789,2520,"90,35",2518,2,"99,92",269,"9,65",33,236,"8,46"
211180,SÍTIO NOVO,MA,09/2022,2695,2447,"90,80",2442,5,"99,80",248,"9,20",18,230,"8,53"
211190,SUCUPIRA DO NORTE,MA,07/2022,1619,1572,"97,10",1567,5,"99,68",47,"2,90",24,23,"1,42"
211190,SUCUPIRA DO NORTE,MA,09/2022,1580,1542,"97,59",1515,27,"98,25",38,"2,41",14,24,"1,52"
211190,SUCUPIRA DO NORTE,MA,11/2022,1534,1494,"97,39",1481,13,"99,13",40,"2,61",9,31,"2,02"
211195,SUCUPIRA DO RIACHÃO,MA,11/2022,758,674,"88,92",668,6,"99,11",84,"11,08",0,84,"11,08"
211195,SUCUPIRA DO RIACHÃO,MA,07/2022,778,695,"89,33",695,0,"100,00",83,"10,67",0,83,"10,67"
211195,SUCUPIRA DO RIACHÃO,MA,09/2022,767,607,"79,14",600,7,"98,85",160,"20,86",82,78,"10,17"
211200,TASSO FRAGOSO,MA,07/2022,1293,1154,"89,25",1154,0,"100,00",139,"10,75",19,120,"9,28"
211200,TASSO FRAGOSO,MA,09/2022,1234,1112,"90,11",1112,0,"100,00",122,"9,89",27,95,"7,70"
211200,TASSO FRAGOSO,MA,11/2022,1202,1075,"89,43",1075,0,"100,00",127,"10,57",7,120,"9,98"
211210,TIMBIRAS,MA,11/2022,4346,3750,"86,29",3750,0,"100,00",596,"13,71",68,528,"12,15"
211210,TIMBIRAS,MA,09/2022,4465,3930,"88,02",3930,0,"100,00",535,"11,98",42,493,"11,04"
211210,TIMBIRAS,MA,07/2022,4532,3912,"86,32",3912,0,"100,00",620,"13,68",137,483,"10,66"
211220,TIMON,MA,09/2022,20017,13803,"68,96",13797,6,"99,96",6214,"31,04",2635,3579,"17,88"
211220,TIMON,MA,07/2022,19795,15601,"78,81",15591,10,"99,94",4194,"21,19",606,3588,"18,13"
211220,TIMON,MA,11/2022,19751,15341,"77,67",15330,11,"99,93",4410,"22,33",388,4022,"20,36"
211223,TRIZIDELA DO VALE,MA,11/2022,2796,1857,"66,42",1849,8,"99,57",939,"33,58",98,841,"30,08"
211223,TRIZIDELA DO VALE,MA,07/2022,2867,1559,"54,38",1559,0,"100,00",1308,"45,62",748,560,"19,53"
211223,TRIZIDELA DO VALE,MA,09/2022,2874,1830,"63,67",1830,0,"100,00",1044,"36,33",505,539,"18,75"
211227,TUFILÂNDIA,MA,07/2022,1226,1080,"88,09",1080,0,"100,00",146,"11,91",20,126,"10,28"
211227,TUFILÂNDIA,MA,09/2022,1223,1068,"87,33",1068,0,"100,00",155,"12,67",13,142,"11,61"
211227,TUFILÂNDIA,MA,11/2022,1193,1044,"87,51",1044,0,"100,00",149,"12,49",7,142,"11,90"
211230,TUNTUM,MA,11/2022,4521,3577,"79,12",3542,35,"99,02",944,"20,88",41,903,"19,97"
211230,TUNTUM,MA,07/2022,4629,1797,"38,82",1785,12,"99,33",2832,"61,18",1983,849,"18,34"
211230,TUNTUM,MA,09/2022,4615,2835,"61,43",2800,35,"98,77",1780,"38,57",530,1250,"27,09"
211240,TURIAÇU,MA,07/2022,6230,4439,"71,25",4388,51,"98,85",1791,"28,75",1011,780,"12,52"
211240,TURIAÇU,MA,09/2022,6060,5078,"83,80",4932,146,"97,12",982,"16,20",124,858,"14,16"
211240,TURIAÇU,MA,11/2022,5983,5007,"83,69",4993,14,"99,72",976,"16,31",69,907,"15,16"
211245,TURILÂNDIA,MA,11/2022,5430,2871,"52,87",2871,0,"100,00",2559,"47,13",275,2284,"42,06"
211245,TURILÂNDIA,MA,09/2022,5355,1680,"31,37",1676,4,"99,76",3675,"68,63",1754,1921,"35,87"
211245,TURILÂNDIA,MA,07/2022,5688,3823,"67,21",3823,0,"100,00",1865,"32,79",328,1537,"27,02"
211250,TUTÓIA,MA,07/2022,8702,2348,"26,98",2348,0,"100,00",6354,"73,02",5600,754,"8,66"
211250,TUTÓIA,MA,09/2022,8666,6186,"71,38",6127,59,"99,05",2480,"28,62",315,2165,"24,98"
211250,TUTÓIA,MA,11/2022,8459,6247,"73,85",6155,92,"98,53",2212,"26,15",179,2033,"24,03"
211260,URBANO SANTOS,MA,11/2022,6225,4466,"71,74",4447,19,"99,57",1759,"28,26",158,1601,"25,72"
211260,URBANO SANTOS,MA,09/2022,6282,4689,"74,64",4678,11,"99,77",1593,"25,36",137,1456,"23,18"
211260,URBANO SANTOS,MA,07/2022,6370,4525,"71,04",4518,7,"99,85",1845,"28,96",520,1325,"20,80"
211270,VARGEM GRANDE,MA,09/2022,7185,4078,"56,76",3982,96,"97,65",3107,"43,24",157,2950,"41,06"
211270,VARGEM GRANDE,MA,07/2022,7433,6360,"85,56",6360,0,"100,00",1073,"14,44",294,779,"10,48"
211270,VARGEM GRANDE,MA,11/2022,7042,4005,"56,87",3943,62,"98,45",3037,"43,13",205,2832,"40,22"
211280,VIANA,MA,11/2022,7704,7399,"96,04",7309,90,"98,78",305,"3,96",23,282,"3,66"
211280,VIANA,MA,09/2022,7896,7433,"94,14",7418,15,"99,80",463,"5,86",65,398,"5,04"
211280,VIANA,MA,07/2022,7891,7306,"92,59",7174,132,"98,19",585,"7,41",72,513,"6,50"
211285,VILA NOVA DOS MARTÍRIOS,MA,09/2022,1376,1342,"97,53",1342,0,"100,00",34,"2,47",8,26,"1,89"
211285,VILA NOVA DOS MARTÍRIOS,MA,07/2022,1368,1255,"91,74",1255,0,"100,00",113,"8,26",14,99,"7,24"
211285,VILA NOVA DOS MARTÍRIOS,MA,11/2022,1301,1276,"98,08",1269,7,"99,45",25,"1,92",3,22,"1,69"
211290,VITÓRIA DO MEARIM,MA,11/2022,4747,4178,"88,01",4173,5,"99,88",569,"11,99",12,557,"11,73"
211290,VITÓRIA DO MEARIM,MA,07/2022,4969,4376,"88,07",4375,1,"99,98",593,"11,93",43,550,"11,07"
211290,VITÓRIA DO MEARIM,MA,09/2022,4859,4295,"88,39",4295,0,"100,00",564,"11,61",7,557,"11,46"
211300,VITORINO FREIRE,MA,09/2022,3785,1971,"52,07",1935,36,"98,17",1814,"47,93",549,1265,"33,42"
211300,VITORINO FREIRE,MA,07/2022,3970,1997,"50,30",1977,20,"99,00",1973,"49,70",664,1309,"32,97"
211300,VITORINO FREIRE,MA,11/2022,3724,2535,"68,07",2535,0,"100,00",1189,"31,93",8,1181,"31,71"
211400,ZÉ DOCA,MA,11/2022,5682,4366,"76,84",4313,53,"98,79",1316,"23,16",396,920,"16,19"
211400,ZÉ DOCA,MA,07/2022,6131,2473,"40,34",2460,13,"99,47",3658,"59,66",2753,905,"14,76"
211400,ZÉ DOCA,MA,09/2022,5830,4881,"83,72",4836,45,"99,08",949,"16,28",103,846,"14,51"
310010,ABADIA DOS DOURADOS,MG,11/2022,236,223,"94,49",223,0,"100,00",13,"5,51",0,13,"5,51"
310010,ABADIA DOS DOURADOS,MG,09/2022,241,228,"94,61",228,0,"100,00",13,"5,39",0,13,"5,39"
310010,ABADIA DOS DOURADOS,MG,07/2022,242,225,"92,98",225,0,"100,00",17,"7,02",0,17,"7,02"
310020,ABAETÉ,MG,07/2022,837,757,"90,44",747,10,"98,68",80,"9,56",5,75,"8,96"
310020,ABAETÉ,MG,09/2022,829,747,"90,11",714,33,"95,58",82,"9,89",6,76,"9,17"
310020,ABAETÉ,MG,11/2022,830,770,"92,77",745,25,"96,75",60,"7,23",1,59,"7,11"
310030,ABRE CAMPO,MG,09/2022,748,724,"96,79",723,1,"99,86",24,"3,21",8,16,"2,14"
310030,ABRE CAMPO,MG,11/2022,758,728,"96,04",723,5,"99,31",30,"3,96",6,24,"3,17"
310030,ABRE CAMPO,MG,07/2022,760,673,"88,55",659,14,"97,92",87,"11,45",70,17,"2,24"
310040,ACAIACA,MG,07/2022,286,221,"77,27",218,3,"98,64",65,"22,73",24,41,"14,34"
310040,ACAIACA,MG,09/2022,279,189,"67,74",188,1,"99,47",90,"32,26",23,67,"24,01"
310040,ACAIACA,MG,11/2022,274,186,"67,88",183,3,"98,39",88,"32,12",23,65,"23,72"
310050,AÇUCENA,MG,11/2022,652,595,"91,26",521,74,"87,56",57,"8,74",1,56,"8,59"
310050,AÇUCENA,MG,09/2022,647,546,"84,39",498,48,"91,21",101,"15,61",28,73,"11,28"
310050,AÇUCENA,MG,07/2022,642,556,"86,60",539,17,"96,94",86,"13,40",2,84,"13,08"
310060,ÁGUA BOA,MG,07/2022,1578,1228,"77,82",1228,0,"100,00",350,"22,18",64,286,"18,12"
310060,ÁGUA BOA,MG,09/2022,1572,1276,"81,17",1276,0,"100,00",296,"18,83",6,290,"18,45"
310060,ÁGUA BOA,MG,11/2022,1532,1249,"81,53",1249,0,"100,00",283,"18,47",2,281,"18,34"
310070,ÁGUA COMPRIDA,MG,11/2022,116,107,"92,24",101,6,"94,39",9,"7,76",1,8,"6,90"
310070,ÁGUA COMPRIDA,MG,09/2022,116,94,"81,03",94,0,"100,00",22,"18,97",2,20,"17,24"
310070,ÁGUA COMPRIDA,MG,07/2022,114,77,"67,54",72,5,"93,51",37,"32,46",19,18,"15,79"
310080,AGUANIL,MG,07/2022,290,209,"72,07",209,0,"100,00",81,"27,93",2,79,"27,24"
310080,AGUANIL,MG,11/2022,279,212,"75,99",212,0,"100,00",67,"24,01",0,67,"24,01"
310080,AGUANIL,MG,09/2022,293,215,"73,38",215,0,"100,00",78,"26,62",2,76,"25,94"
310090,ÁGUAS FORMOSAS,MG,09/2022,1859,1463,"78,70",1436,27,"98,15",396,"21,30",8,388,"20,87"
310090,ÁGUAS FORMOSAS,MG,11/2022,1832,1562,"85,26",1546,16,"98,98",270,"14,74",9,261,"14,25"
310090,ÁGUAS FORMOSAS,MG,07/2022,1833,996,"54,34",992,4,"99,60",837,"45,66",8,829,"45,23"
310100,ÁGUAS VERMELHAS,MG,07/2022,1472,1328,"90,22",1303,25,"98,12",144,"9,78",21,123,"8,36"
310100,ÁGUAS VERMELHAS,MG,09/2022,1443,1385,"95,98",1346,39,"97,18",58,"4,02",10,48,"3,33"
310100,ÁGUAS VERMELHAS,MG,11/2022,1431,1362,"95,18",1318,44,"96,77",69,"4,82",13,56,"3,91"
310110,AIMORÉS,MG,11/2022,1634,1086,"66,46",1066,20,"98,16",548,"33,54",20,528,"32,31"
310110,AIMORÉS,MG,09/2022,1646,1070,"65,01",901,169,"84,21",576,"34,99",13,563,"34,20"
310110,AIMORÉS,MG,07/2022,1614,971,"60,16",921,50,"94,85",643,"39,84",106,537,"33,27"
310120,AIURUOCA,MG,07/2022,175,142,"81,14",142,0,"100,00",33,"18,86",2,31,"17,71"
310120,AIURUOCA,MG,09/2022,180,147,"81,67",147,0,"100,00",33,"18,33",1,32,"17,78"
310120,AIURUOCA,MG,11/2022,177,133,"75,14",131,2,"98,50",44,"24,86",1,43,"24,29"
310130,ALAGOA,MG,09/2022,159,126,"79,25",115,11,"91,27",33,"20,75",0,33,"20,75"
310130,ALAGOA,MG,11/2022,156,123,"78,85",123,0,"100,00",33,"21,15",0,33,"21,15"
310130,ALAGOA,MG,07/2022,144,111,"77,08",110,1,"99,10",33,"22,92",4,29,"20,14"
310140,ALBERTINA,MG,07/2022,124,67,"54,03",67,0,"100,00",57,"45,97",29,28,"22,58"
310140,ALBERTINA,MG,09/2022,134,107,"79,85",107,0,"100,00",27,"20,15",0,27,"20,15"
310140,ALBERTINA,MG,11/2022,138,122,"88,41",122,0,"100,00",16,"11,59",0,16,"11,59"
310150,ALÉM PARAÍBA,MG,11/2022,2058,1496,"72,69",1495,1,"99,93",562,"27,31",3,559,"27,16"
310150,ALÉM PARAÍBA,MG,09/2022,2058,1430,"69,48",1413,17,"98,81",628,"30,52",39,589,"28,62"
310150,ALÉM PARAÍBA,MG,07/2022,1986,1349,"67,93",1319,30,"97,78",637,"32,07",123,514,"25,88"
310160,ALFENAS,MG,07/2022,2947,1550,"52,60",1408,142,"90,84",1397,"47,40",603,794,"26,94"
310160,ALFENAS,MG,09/2022,3170,1761,"55,55",1528,233,"86,77",1409,"44,45",524,885,"27,92"
310160,ALFENAS,MG,11/2022,3209,2196,"68,43",1915,281,"87,20",1013,"31,57",177,836,"26,05"
310163,ALFREDO VASCONCELOS,MG,11/2022,340,225,"66,18",215,10,"95,56",115,"33,82",2,113,"33,24"
310163,ALFREDO VASCONCELOS,MG,09/2022,348,175,"50,29",158,17,"90,29",173,"49,71",1,172,"49,43"
310163,ALFREDO VASCONCELOS,MG,07/2022,354,178,"50,28",167,11,"93,82",176,"49,72",2,174,"49,15"
310170,ALMENARA,MG,07/2022,3890,2003,"51,49",1894,109,"94,56",1887,"48,51",1211,676,"17,38"
310170,ALMENARA,MG,09/2022,3917,2135,"54,51",2108,27,"98,74",1782,"45,49",1124,658,"16,80"
310170,ALMENARA,MG,11/2022,3832,1882,"49,11",1801,81,"95,70",1950,"50,89",1386,564,"14,72"
310180,ALPERCATA,MG,11/2022,630,315,"50,00",313,2,"99,37",315,"50,00",32,283,"44,92"
310180,ALPERCATA,MG,09/2022,636,223,"35,06",219,4,"98,21",413,"64,94",71,342,"53,77"
310180,ALPERCATA,MG,07/2022,625,262,"41,92",256,6,"97,71",363,"58,08",32,331,"52,96"
310190,ALPINÓPOLIS,MG,07/2022,808,624,"77,23",621,3,"99,52",184,"22,77",11,173,"21,41"
310190,ALPINÓPOLIS,MG,11/2022,719,685,"95,27",684,1,"99,85",34,"4,73",4,30,"4,17"
310190,ALPINÓPOLIS,MG,09/2022,764,701,"91,75",692,9,"98,72",63,"8,25",19,44,"5,76"
310200,ALTEROSA,MG,11/2022,726,710,"97,80",696,14,"98,03",16,"2,20",3,13,"1,79"
310200,ALTEROSA,MG,09/2022,736,708,"96,20",680,28,"96,05",28,"3,80",5,23,"3,13"
310200,ALTEROSA,MG,07/2022,766,753,"98,30",716,37,"95,09",13,"1,70",8,5,"0,65"
310205,ALTO CAPARAÓ,MG,07/2022,418,388,"92,82",354,34,"91,24",30,"7,18",4,26,"6,22"
310205,ALTO CAPARAÓ,MG,09/2022,427,397,"92,97",368,29,"92,70",30,"7,03",9,21,"4,92"
310205,ALTO CAPARAÓ,MG,11/2022,419,395,"94,27",362,33,"91,65",24,"5,73",3,21,"5,01"
310210,ALTO RIO DOCE,MG,07/2022,898,669,"74,50",668,1,"99,85",229,"25,50",53,176,"19,60"
310210,ALTO RIO DOCE,MG,09/2022,859,667,"77,65",667,0,"100,00",192,"22,35",31,161,"18,74"
310210,ALTO RIO DOCE,MG,11/2022,842,716,"85,04",716,0,"100,00",126,"14,96",4,122,"14,49"
310220,ALVARENGA,MG,11/2022,375,279,"74,40",275,4,"98,57",96,"25,60",11,85,"22,67"
310220,ALVARENGA,MG,07/2022,393,263,"66,92",259,4,"98,48",130,"33,08",48,82,"20,87"
310220,ALVARENGA,MG,09/2022,386,260,"67,36",257,3,"98,85",126,"32,64",37,89,"23,06"
310230,ALVINÓPOLIS,MG,07/2022,931,462,"49,62",462,0,"100,00",469,"50,38",365,104,"11,17"
310230,ALVINÓPOLIS,MG,09/2022,923,376,"40,74",376,0,"100,00",547,"59,26",445,102,"11,05"
310230,ALVINÓPOLIS,MG,11/2022,894,366,"40,94",366,0,"100,00",528,"59,06",432,96,"10,74"
310240,ALVORADA DE MINAS,MG,11/2022,418,343,"82,06",343,0,"100,00",75,"17,94",12,63,"15,07"
310240,ALVORADA DE MINAS,MG,09/2022,440,352,"80,00",349,3,"99,15",88,"20,00",16,72,"16,36"
310240,ALVORADA DE MINAS,MG,07/2022,454,371,"81,72",352,19,"94,88",83,"18,28",13,70,"15,42"
310250,AMPARO DO SERRA,MG,07/2022,421,375,"89,07",367,8,"97,87",46,"10,93",5,41,"9,74"
310250,AMPARO DO SERRA,MG,09/2022,421,371,"88,12",346,25,"93,26",50,"11,88",3,47,"11,16"
310250,AMPARO DO SERRA,MG,11/2022,417,376,"90,17",294,82,"78,19",41,"9,83",1,40,"9,59"
310260,ANDRADAS,MG,11/2022,932,821,"88,09",746,75,"90,86",111,"11,91",3,108,"11,59"
310260,ANDRADAS,MG,09/2022,920,798,"86,74",732,66,"91,73",122,"13,26",9,113,"12,28"
310260,ANDRADAS,MG,07/2022,899,753,"83,76",700,53,"92,96",146,"16,24",6,140,"15,57"
310270,CACHOEIRA DE PAJEÚ,MG,07/2022,982,704,"71,69",693,11,"98,44",278,"28,31",5,273,"27,80"
310270,CACHOEIRA DE PAJEÚ,MG,11/2022,940,679,"72,23",665,14,"97,94",261,"27,77",19,242,"25,74"
310270,CACHOEIRA DE PAJEÚ,MG,09/2022,978,693,"70,86",685,8,"98,85",285,"29,14",8,277,"28,32"
310280,ANDRELÂNDIA,MG,11/2022,810,745,"91,98",745,0,"100,00",65,"8,02",2,63,"7,78"
310280,ANDRELÂNDIA,MG,09/2022,826,751,"90,92",746,5,"99,33",75,"9,08",2,73,"8,84"
310280,ANDRELÂNDIA,MG,07/2022,799,733,"91,74",733,0,"100,00",66,"8,26",9,57,"7,13"
310285,ANGELÂNDIA,MG,07/2022,894,791,"88,48",769,22,"97,22",103,"11,52",58,45,"5,03"
310285,ANGELÂNDIA,MG,09/2022,865,571,"66,01",561,10,"98,25",294,"33,99",241,53,"6,13"
310285,ANGELÂNDIA,MG,11/2022,854,780,"91,33",762,18,"97,69",74,"8,67",9,65,"7,61"
310290,ANTÔNIO CARLOS,MG,09/2022,518,451,"87,07",451,0,"100,00",67,"12,93",11,56,"10,81"
310290,ANTÔNIO CARLOS,MG,11/2022,522,452,"86,59",452,0,"100,00",70,"13,41",9,61,"11,69"
310290,ANTÔNIO CARLOS,MG,07/2022,531,403,"75,89",402,1,"99,75",128,"24,11",28,100,"18,83"
310300,ANTÔNIO DIAS,MG,07/2022,602,480,"79,73",478,2,"99,58",122,"20,27",39,83,"13,79"
310300,ANTÔNIO DIAS,MG,11/2022,597,510,"85,43",481,29,"94,31",87,"14,57",34,53,"8,88"
310300,ANTÔNIO DIAS,MG,09/2022,604,520,"86,09",513,7,"98,65",84,"13,91",8,76,"12,58"
310310,ANTÔNIO PRADO DE MINAS,MG,09/2022,79,71,"89,87",71,0,"100,00",8,"10,13",0,8,"10,13"
310310,ANTÔNIO PRADO DE MINAS,MG,11/2022,77,68,"88,31",68,0,"100,00",9,"11,69",0,9,"11,69"
310310,ANTÔNIO PRADO DE MINAS,MG,07/2022,85,74,"87,06",71,3,"95,95",11,"12,94",0,11,"12,94"
310320,ARAÇAÍ,MG,07/2022,154,134,"87,01",132,2,"98,51",20,"12,99",4,16,"10,39"
310320,ARAÇAÍ,MG,11/2022,150,138,"92,00",136,2,"98,55",12,"8,00",0,12,"8,00"
310320,ARAÇAÍ,MG,09/2022,145,134,"92,41",132,2,"98,51",11,"7,59",2,9,"6,21"
310330,ARACITABA,MG,09/2022,84,73,"86,90",72,1,"98,63",11,"13,10",0,11,"13,10"
310330,ARACITABA,MG,11/2022,85,75,"88,24",75,0,"100,00",10,"11,76",0,10,"11,76"
310330,ARACITABA,MG,07/2022,87,71,"81,61",70,1,"98,59",16,"18,39",4,12,"13,79"
310340,ARAÇUAÍ,MG,07/2022,2944,1822,"61,89",1794,28,"98,46",1122,"38,11",135,987,"33,53"
310340,ARAÇUAÍ,MG,11/2022,2755,2100,"76,23",2039,61,"97,10",655,"23,77",87,568,"20,62"
310340,ARAÇUAÍ,MG,09/2022,2878,1944,"67,55",1914,30,"98,46",934,"32,45",53,881,"30,61"
310350,ARAGUARI,MG,09/2022,4536,4507,"99,36",4156,351,"92,21",29,"0,64",14,15,"0,33"
310350,ARAGUARI,MG,11/2022,4481,4451,"99,33",4013,438,"90,16",30,"0,67",14,16,"0,36"
310350,ARAGUARI,MG,07/2022,4348,4308,"99,08",4035,273,"93,66",40,"0,92",19,21,"0,48"
310360,ARANTINA,MG,07/2022,204,107,"52,45",107,0,"100,00",97,"47,55",77,20,"9,80"
310360,ARANTINA,MG,09/2022,209,188,"89,95",188,0,"100,00",21,"10,05",0,21,"10,05"
310360,ARANTINA,MG,11/2022,203,182,"89,66",182,0,"100,00",21,"10,34",0,21,"10,34"
310370,ARAPONGA,MG,09/2022,458,308,"67,25",308,0,"100,00",150,"32,75",0,150,"32,75"
310370,ARAPONGA,MG,11/2022,445,277,"62,25",274,3,"98,92",168,"37,75",1,167,"37,53"
310370,ARAPONGA,MG,07/2022,449,235,"52,34",229,6,"97,45",214,"47,66",68,146,"32,52"
310375,ARAPORÃ,MG,07/2022,368,287,"77,99",287,0,"100,00",81,"22,01",1,80,"21,74"
310375,ARAPORÃ,MG,09/2022,357,283,"79,27",264,19,"93,29",74,"20,73",1,73,"20,45"
310375,ARAPORÃ,MG,11/2022,361,289,"80,06",282,7,"97,58",72,"19,94",0,72,"19,94"
310380,ARAPUÁ,MG,11/2022,99,80,"80,81",80,0,"100,00",19,"19,19",0,19,"19,19"
310380,ARAPUÁ,MG,09/2022,89,72,"80,90",72,0,"100,00",17,"19,10",0,17,"19,10"
310380,ARAPUÁ,MG,07/2022,88,67,"76,14",66,1,"98,51",21,"23,86",2,19,"21,59"
310390,ARAÚJOS,MG,07/2022,267,212,"79,40",200,12,"94,34",55,"20,60",0,55,"20,60"
310390,ARAÚJOS,MG,09/2022,279,216,"77,42",214,2,"99,07",63,"22,58",0,63,"22,58"
310390,ARAÚJOS,MG,11/2022,274,243,"88,69",241,2,"99,18",31,"11,31",1,30,"10,95"
310400,ARAXÁ,MG,09/2022,4758,4305,"90,48",4137,168,"96,10",453,"9,52",17,436,"9,16"
310400,ARAXÁ,MG,11/2022,4794,4257,"88,80",4184,73,"98,29",537,"11,20",19,518,"10,81"
310400,ARAXÁ,MG,07/2022,4458,3958,"88,78",3793,165,"95,83",500,"11,22",29,471,"10,57"
310410,ARCEBURGO,MG,07/2022,298,215,"72,15",189,26,"87,91",83,"27,85",2,81,"27,18"
310410,ARCEBURGO,MG,09/2022,300,154,"51,33",118,36,"76,62",146,"48,67",65,81,"27,00"
310410,ARCEBURGO,MG,11/2022,282,212,"75,18",191,21,"90,09",70,"24,82",0,70,"24,82"
310420,ARCOS,MG,11/2022,1535,1191,"77,59",1176,15,"98,74",344,"22,41",8,336,"21,89"
310420,ARCOS,MG,09/2022,1524,1117,"73,29",1102,15,"98,66",407,"26,71",8,399,"26,18"
310420,ARCOS,MG,07/2022,1382,869,"62,88",845,24,"97,24",513,"37,12",76,437,"31,62"
310430,AREADO,MG,07/2022,561,542,"96,61",534,8,"98,52",19,"3,39",2,17,"3,03"
310430,AREADO,MG,09/2022,554,541,"97,65",494,47,"91,31",13,"2,35",5,8,"1,44"
310430,AREADO,MG,11/2022,551,540,"98,00",525,15,"97,22",11,"2,00",1,10,"1,81"
310440,ARGIRITA,MG,09/2022,183,157,"85,79",157,0,"100,00",26,"14,21",1,25,"13,66"
310440,ARGIRITA,MG,11/2022,184,159,"86,41",159,0,"100,00",25,"13,59",0,25,"13,59"
310440,ARGIRITA,MG,07/2022,177,0,"0,00",0,0,,177,"100,00",152,25,"14,12"
310445,ARICANDUVA,MG,07/2022,516,422,"81,78",420,2,"99,53",94,"18,22",11,83,"16,09"
310445,ARICANDUVA,MG,11/2022,470,414,"88,09",410,4,"99,03",56,"11,91",0,56,"11,91"
310445,ARICANDUVA,MG,09/2022,501,426,"85,03",425,1,"99,77",75,"14,97",9,66,"13,17"
310450,ARINOS,MG,09/2022,1724,1136,"65,89",1076,60,"94,72",588,"34,11",93,495,"28,71"
310450,ARINOS,MG,11/2022,1693,1367,"80,74",1335,32,"97,66",326,"19,26",28,298,"17,60"
310450,ARINOS,MG,07/2022,1751,1158,"66,13",1125,33,"97,15",593,"33,87",76,517,"29,53"
310460,ASTOLFO DUTRA,MG,07/2022,569,474,"83,30",474,0,"100,00",95,"16,70",27,68,"11,95"
310460,ASTOLFO DUTRA,MG,09/2022,562,335,"59,61",335,0,"100,00",227,"40,39",153,74,"13,17"
310460,ASTOLFO DUTRA,MG,11/2022,520,447,"85,96",445,2,"99,55",73,"14,04",27,46,"8,85"
310470,ATALÉIA,MG,09/2022,1225,988,"80,65",988,0,"100,00",237,"19,35",4,233,"19,02"
310470,ATALÉIA,MG,11/2022,1207,975,"80,78",975,0,"100,00",232,"19,22",0,232,"19,22"
310470,ATALÉIA,MG,07/2022,1218,0,"0,00",0,0,,1218,"100,00",979,239,"19,62"
310480,AUGUSTO DE LIMA,MG,07/2022,377,215,"57,03",203,12,"94,42",162,"42,97",19,143,"37,93"
310480,AUGUSTO DE LIMA,MG,11/2022,375,206,"54,93",192,14,"93,20",169,"45,07",30,139,"37,07"
310480,AUGUSTO DE LIMA,MG,09/2022,382,243,"63,61",240,3,"98,77",139,"36,39",0,139,"36,39"
310490,BAEPENDI,MG,11/2022,920,875,"95,11",867,8,"99,09",45,"4,89",14,31,"3,37"
310490,BAEPENDI,MG,09/2022,935,892,"95,40",881,11,"98,77",43,"4,60",20,23,"2,46"
310490,BAEPENDI,MG,07/2022,958,783,"81,73",766,17,"97,83",175,"18,27",110,65,"6,78"
310500,BALDIM,MG,07/2022,613,0,"0,00",0,0,,613,"100,00",444,169,"27,57"
310500,BALDIM,MG,11/2022,630,535,"84,92",535,0,"100,00",95,"15,08",3,92,"14,60"
310500,BALDIM,MG,09/2022,637,448,"70,33",446,2,"99,55",189,"29,67",2,187,"29,36"
310510,BAMBUÍ,MG,09/2022,735,429,"58,37",402,27,"93,71",306,"41,63",41,265,"36,05"
310510,BAMBUÍ,MG,11/2022,734,425,"57,90",412,13,"96,94",309,"42,10",39,270,"36,78"
310510,BAMBUÍ,MG,07/2022,742,422,"56,87",391,31,"92,65",320,"43,13",44,276,"37,20"
310520,BANDEIRA,MG,07/2022,280,0,"0,00",0,0,,280,"100,00",258,22,"7,86"
310520,BANDEIRA,MG,11/2022,277,255,"92,06",255,0,"100,00",22,"7,94",2,20,"7,22"
310520,BANDEIRA,MG,09/2022,288,262,"90,97",262,0,"100,00",26,"9,03",4,22,"7,64"
310530,BANDEIRA DO SUL,MG,11/2022,204,187,"91,67",181,6,"96,79",17,"8,33",0,17,"8,33"
310530,BANDEIRA DO SUL,MG,09/2022,195,177,"90,77",168,9,"94,92",18,"9,23",1,17,"8,72"
310530,BANDEIRA DO SUL,MG,07/2022,176,158,"89,77",148,10,"93,67",18,"10,23",1,17,"9,66"
310540,BARÃO DE COCAIS,MG,07/2022,1312,783,"59,68",717,66,"91,57",529,"40,32",123,406,"30,95"
310540,BARÃO DE COCAIS,MG,11/2022,1253,783,"62,49",768,15,"98,08",470,"37,51",113,357,"28,49"
310540,BARÃO DE COCAIS,MG,09/2022,1279,877,"68,57",847,30,"96,58",402,"31,43",33,369,"28,85"
310550,BARÃO DE MONTE ALTO,MG,11/2022,371,354,"95,42",330,24,"93,22",17,"4,58",1,16,"4,31"
310550,BARÃO DE MONTE ALTO,MG,09/2022,370,347,"93,78",321,26,"92,51",23,"6,22",5,18,"4,86"
310550,BARÃO DE MONTE ALTO,MG,07/2022,372,358,"96,24",311,47,"86,87",14,"3,76",2,12,"3,23"
310560,BARBACENA,MG,07/2022,4900,3628,"74,04",3461,167,"95,40",1272,"25,96",199,1073,"21,90"
310560,BARBACENA,MG,09/2022,4945,3822,"77,29",3669,153,"96,00",1123,"22,71",86,1037,"20,97"
310560,BARBACENA,MG,11/2022,4913,3730,"75,92",3560,170,"95,44",1183,"24,08",151,1032,"21,01"
310570,BARRA LONGA,MG,11/2022,426,327,"76,76",324,3,"99,08",99,"23,24",16,83,"19,48"
310570,BARRA LONGA,MG,09/2022,422,308,"72,99",304,4,"98,70",114,"27,01",21,93,"22,04"
310570,BARRA LONGA,MG,07/2022,439,342,"77,90",342,0,"100,00",97,"22,10",12,85,"19,36"
310590,BARROSO,MG,07/2022,1316,1130,"85,87",1130,0,"100,00",186,"14,13",2,184,"13,98"
310590,BARROSO,MG,11/2022,1349,1153,"85,47",1144,9,"99,22",196,"14,53",2,194,"14,38"
310590,BARROSO,MG,09/2022,1360,1178,"86,62",1167,11,"99,07",182,"13,38",0,182,"13,38"
310600,BELA VISTA DE MINAS,MG,09/2022,568,489,"86,09",489,0,"100,00",79,"13,91",24,55,"9,68"
310600,BELA VISTA DE MINAS,MG,11/2022,564,491,"87,06",491,0,"100,00",73,"12,94",21,52,"9,22"
310600,BELA VISTA DE MINAS,MG,07/2022,571,313,"54,82",313,0,"100,00",258,"45,18",204,54,"9,46"
310610,BELMIRO BRAGA,MG,07/2022,170,0,"0,00",0,0,,170,"100,00",151,19,"11,18"
310610,BELMIRO BRAGA,MG,11/2022,185,167,"90,27",167,0,"100,00",18,"9,73",0,18,"9,73"
310610,BELMIRO BRAGA,MG,09/2022,190,171,"90,00",171,0,"100,00",19,"10,00",0,19,"10,00"
310620,BELO HORIZONTE,MG,09/2022,73992,62693,"84,73",56579,6114,"90,25",11299,"15,27",1035,10264,"13,87"
310620,BELO HORIZONTE,MG,11/2022,74499,64370,"86,40",55250,9120,"85,83",10129,"13,60",1190,8939,"12,00"
310620,BELO HORIZONTE,MG,07/2022,70222,62811,"89,45",50897,11914,"81,03",7411,"10,55",1201,6210,"8,84"
310630,BELO ORIENTE,MG,07/2022,1645,1598,"97,14",1557,41,"97,43",47,"2,86",11,36,"2,19"
310630,BELO ORIENTE,MG,11/2022,1629,1580,"96,99",1495,85,"94,62",49,"3,01",2,47,"2,89"
310630,BELO ORIENTE,MG,09/2022,1650,1602,"97,09",1588,14,"99,13",48,"2,91",11,37,"2,24"
310640,BELO VALE,MG,11/2022,521,455,"87,33",455,0,"100,00",66,"12,67",0,66,"12,67"
310640,BELO VALE,MG,09/2022,518,444,"85,71",444,0,"100,00",74,"14,29",1,73,"14,09"
310640,BELO VALE,MG,07/2022,447,372,"83,22",372,0,"100,00",75,"16,78",12,63,"14,09"
310650,BERILO,MG,07/2022,781,0,"0,00",0,0,,781,"100,00",582,199,"25,48"
310650,BERILO,MG,09/2022,800,599,"74,88",598,1,"99,83",201,"25,13",1,200,"25,00"
310650,BERILO,MG,11/2022,785,586,"74,65",586,0,"100,00",199,"25,35",11,188,"23,95"
310660,BERTÓPOLIS,MG,09/2022,736,417,"56,66",415,2,"99,52",319,"43,34",12,307,"41,71"
310660,BERTÓPOLIS,MG,11/2022,718,394,"54,87",393,1,"99,75",324,"45,13",26,298,"41,50"
310660,BERTÓPOLIS,MG,07/2022,692,16,"2,31",15,1,"93,75",676,"97,69",377,299,"43,21"
310665,BERIZAL,MG,07/2022,566,507,"89,58",507,0,"100,00",59,"10,42",13,46,"8,13"
310665,BERIZAL,MG,09/2022,560,512,"91,43",512,0,"100,00",48,"8,57",3,45,"8,04"
310665,BERIZAL,MG,11/2022,547,501,"91,59",501,0,"100,00",46,"8,41",2,44,"8,04"
310670,BETIM,MG,11/2022,24402,22589,"92,57",20650,1939,"91,42",1813,"7,43",89,1724,"7,06"
310670,BETIM,MG,09/2022,24761,22413,"90,52",22005,408,"98,18",2348,"9,48",121,2227,"8,99"
310670,BETIM,MG,07/2022,23982,19668,"82,01",19478,190,"99,03",4314,"17,99",104,4210,"17,55"
310680,BIAS FORTES,MG,07/2022,256,223,"87,11",209,14,"93,72",33,"12,89",0,33,"12,89"
310680,BIAS FORTES,MG,09/2022,253,226,"89,33",217,9,"96,02",27,"10,67",0,27,"10,67"
310680,BIAS FORTES,MG,11/2022,248,219,"88,31",217,2,"99,09",29,"11,69",1,28,"11,29"
310690,BICAS,MG,11/2022,850,718,"84,47",718,0,"100,00",132,"15,53",0,132,"15,53"
310690,BICAS,MG,09/2022,833,701,"84,15",701,0,"100,00",132,"15,85",0,132,"15,85"
310690,BICAS,MG,07/2022,795,463,"58,24",463,0,"100,00",332,"41,76",239,93,"11,70"
310700,BIQUINHAS,MG,07/2022,147,112,"76,19",112,0,"100,00",35,"23,81",2,33,"22,45"
310700,BIQUINHAS,MG,09/2022,154,118,"76,62",104,14,"88,14",36,"23,38",1,35,"22,73"
310700,BIQUINHAS,MG,11/2022,156,122,"78,21",113,9,"92,62",34,"21,79",0,34,"21,79"
310710,BOA ESPERANÇA,MG,09/2022,1831,1191,"65,05",1174,17,"98,57",640,"34,95",584,56,"3,06"
310710,BOA ESPERANÇA,MG,11/2022,1818,1307,"71,89",1305,2,"99,85",511,"28,11",439,72,"3,96"
310710,BOA ESPERANÇA,MG,07/2022,1881,1821,"96,81",1800,21,"98,85",60,"3,19",13,47,"2,50"
310720,BOCAINA DE MINAS,MG,07/2022,250,179,"71,60",179,0,"100,00",71,"28,40",0,71,"28,40"
310720,BOCAINA DE MINAS,MG,11/2022,240,186,"77,50",186,0,"100,00",54,"22,50",1,53,"22,08"
310720,BOCAINA DE MINAS,MG,09/2022,249,185,"74,30",185,0,"100,00",64,"25,70",0,64,"25,70"
310730,BOCAIÚVA,MG,09/2022,4449,3293,"74,02",3276,17,"99,48",1156,"25,98",16,1140,"25,62"
310730,BOCAIÚVA,MG,11/2022,4365,3376,"77,34",3325,51,"98,49",989,"22,66",13,976,"22,36"
310730,BOCAIÚVA,MG,07/2022,4390,2866,"65,28",2851,15,"99,48",1524,"34,72",347,1177,"26,81"
310740,BOM DESPACHO,MG,07/2022,1949,1276,"65,47",1153,123,"90,36",673,"34,53",8,665,"34,12"
310740,BOM DESPACHO,MG,09/2022,2049,1325,"64,67",1239,86,"93,51",724,"35,33",7,717,"34,99"
310740,BOM DESPACHO,MG,11/2022,2098,1384,"65,97",1336,48,"96,53",714,"34,03",8,706,"33,65"
310750,BOM JARDIM DE MINAS,MG,09/2022,369,319,"86,45",319,0,"100,00",50,"13,55",0,50,"13,55"
310750,BOM JARDIM DE MINAS,MG,11/2022,363,318,"87,60",318,0,"100,00",45,"12,40",0,45,"12,40"
310750,BOM JARDIM DE MINAS,MG,07/2022,354,0,"0,00",0,0,,354,"100,00",307,47,"13,28"
310760,BOM JESUS DA PENHA,MG,07/2022,249,220,"88,35",220,0,"100,00",29,"11,65",1,28,"11,24"
310760,BOM JESUS DA PENHA,MG,09/2022,262,234,"89,31",234,0,"100,00",28,"10,69",1,27,"10,31"
310760,BOM JESUS DA PENHA,MG,11/2022,242,223,"92,15",223,0,"100,00",19,"7,85",2,17,"7,02"
310770,BOM JESUS DO AMPARO,MG,11/2022,393,328,"83,46",190,138,"57,93",65,"16,54",21,44,"11,20"
310770,BOM JESUS DO AMPARO,MG,09/2022,405,303,"74,81",303,0,"100,00",102,"25,19",0,102,"25,19"
310770,BOM JESUS DO AMPARO,MG,07/2022,412,312,"75,73",311,1,"99,68",100,"24,27",1,99,"24,03"
310780,BOM JESUS DO GALHO,MG,07/2022,1395,972,"69,68",941,31,"96,81",423,"30,32",12,411,"29,46"
310780,BOM JESUS DO GALHO,MG,11/2022,1377,883,"64,12",857,26,"97,06",494,"35,88",67,427,"31,01"
310780,BOM JESUS DO GALHO,MG,09/2022,1413,975,"69,00",960,15,"98,46",438,"31,00",14,424,"30,01"
310790,BOM REPOUSO,MG,11/2022,741,695,"93,79",672,23,"96,69",46,"6,21",4,42,"5,67"
310790,BOM REPOUSO,MG,09/2022,725,687,"94,76",668,19,"97,23",38,"5,24",1,37,"5,10"
310790,BOM REPOUSO,MG,07/2022,708,667,"94,21",667,0,"100,00",41,"5,79",9,32,"4,52"
310800,BOM SUCESSO,MG,07/2022,572,494,"86,36",483,11,"97,77",78,"13,64",3,75,"13,11"
310800,BOM SUCESSO,MG,11/2022,534,355,"66,48",349,6,"98,31",179,"33,52",130,49,"9,18"
310800,BOM SUCESSO,MG,09/2022,558,323,"57,89",302,21,"93,50",235,"42,11",176,59,"10,57"
310810,BONFIM,MG,11/2022,454,392,"86,34",392,0,"100,00",62,"13,66",0,62,"13,66"
310810,BONFIM,MG,09/2022,448,389,"86,83",389,0,"100,00",59,"13,17",0,59,"13,17"
310810,BONFIM,MG,07/2022,412,0,"0,00",0,0,,412,"100,00",358,54,"13,11"
310820,BONFINÓPOLIS DE MINAS,MG,07/2022,304,248,"81,58",248,0,"100,00",56,"18,42",4,52,"17,11"
310820,BONFINÓPOLIS DE MINAS,MG,09/2022,299,247,"82,61",247,0,"100,00",52,"17,39",0,52,"17,39"
310820,BONFINÓPOLIS DE MINAS,MG,11/2022,295,258,"87,46",258,0,"100,00",37,"12,54",3,34,"11,53"
310825,BONITO DE MINAS,MG,09/2022,1235,1050,"85,02",1048,2,"99,81",185,"14,98",11,174,"14,09"
310825,BONITO DE MINAS,MG,11/2022,1172,809,"69,03",808,1,"99,88",363,"30,97",87,276,"23,55"
310825,BONITO DE MINAS,MG,07/2022,1181,0,"0,00",0,0,,1181,"100,00",1014,167,"14,14"
310830,BORDA DA MATA,MG,07/2022,680,643,"94,56",625,18,"97,20",37,"5,44",6,31,"4,56"
310830,BORDA DA MATA,MG,11/2022,697,586,"84,07",567,19,"96,76",111,"15,93",41,70,"10,04"
310830,BORDA DA MATA,MG,09/2022,689,505,"73,29",470,35,"93,07",184,"26,71",144,40,"5,81"
310840,BOTELHOS,MG,11/2022,708,675,"95,34",675,0,"100,00",33,"4,66",0,33,"4,66"
310840,BOTELHOS,MG,09/2022,713,566,"79,38",566,0,"100,00",147,"20,62",90,57,"7,99"
310840,BOTELHOS,MG,07/2022,725,597,"82,34",597,0,"100,00",128,"17,66",67,61,"8,41"
310850,BOTUMIRIM,MG,07/2022,660,619,"93,79",619,0,"100,00",41,"6,21",13,28,"4,24"
310850,BOTUMIRIM,MG,09/2022,645,593,"91,94",586,7,"98,82",52,"8,06",16,36,"5,58"
310850,BOTUMIRIM,MG,11/2022,607,535,"88,14",529,6,"98,88",72,"11,86",30,42,"6,92"
310855,BRASILÂNDIA DE MINAS,MG,09/2022,1431,1249,"87,28",1247,2,"99,84",182,"12,72",2,180,"12,58"
310855,BRASILÂNDIA DE MINAS,MG,11/2022,1424,1246,"87,50",1246,0,"100,00",178,"12,50",1,177,"12,43"
310855,BRASILÂNDIA DE MINAS,MG,07/2022,1312,0,"0,00",0,0,,1312,"100,00",1142,170,"12,96"
310860,BRASÍLIA DE MINAS,MG,07/2022,2771,2611,"94,23",2601,10,"99,62",160,"5,77",6,154,"5,56"
310860,BRASÍLIA DE MINAS,MG,09/2022,2754,2602,"94,48",2585,17,"99,35",152,"5,52",7,145,"5,27"
310860,BRASÍLIA DE MINAS,MG,11/2022,2692,2562,"95,17",2562,0,"100,00",130,"4,83",6,124,"4,61"
310870,BRÁS PIRES,MG,09/2022,303,287,"94,72",263,24,"91,64",16,"5,28",10,6,"1,98"
310870,BRÁS PIRES,MG,11/2022,295,278,"94,24",274,4,"98,56",17,"5,76",4,13,"4,41"
310870,BRÁS PIRES,MG,07/2022,312,290,"92,95",259,31,"89,31",22,"7,05",16,6,"1,92"
310880,BRAÚNAS,MG,07/2022,319,282,"88,40",279,3,"98,94",37,"11,60",10,27,"8,46"
310880,BRAÚNAS,MG,11/2022,301,283,"94,02",282,1,"99,65",18,"5,98",2,16,"5,32"
310880,BRAÚNAS,MG,09/2022,298,280,"93,96",277,3,"98,93",18,"6,04",3,15,"5,03"
310890,BRASÓPOLIS,MG,09/2022,454,391,"86,12",391,0,"100,00",63,"13,88",0,63,"13,88"
310890,BRASÓPOLIS,MG,11/2022,448,334,"74,55",329,5,"98,50",114,"25,45",50,64,"14,29"
310890,BRASÓPOLIS,MG,07/2022,447,0,"0,00",0,0,,447,"100,00",386,61,"13,65"
310900,BRUMADINHO,MG,07/2022,1350,1169,"86,59",1169,0,"100,00",181,"13,41",46,135,"10,00"
310900,BRUMADINHO,MG,11/2022,1355,1216,"89,74",1216,0,"100,00",139,"10,26",7,132,"9,74"
310900,BRUMADINHO,MG,09/2022,1360,1221,"89,78",1221,0,"100,00",139,"10,22",5,134,"9,85"
310910,BUENO BRANDÃO,MG,09/2022,326,182,"55,83",166,16,"91,21",144,"44,17",38,106,"32,52"
310910,BUENO BRANDÃO,MG,11/2022,338,222,"65,68",208,14,"93,69",116,"34,32",12,104,"30,77"
310910,BUENO BRANDÃO,MG,07/2022,350,237,"67,71",225,12,"94,94",113,"32,29",2,111,"31,71"
310920,BUENÓPOLIS,MG,07/2022,789,767,"97,21",746,21,"97,26",22,"2,79",4,18,"2,28"
310920,BUENÓPOLIS,MG,11/2022,781,750,"96,03",694,56,"92,53",31,"3,97",1,30,"3,84"
310920,BUENÓPOLIS,MG,09/2022,780,746,"95,64",698,48,"93,57",34,"4,36",1,33,"4,23"
310925,BUGRE,MG,11/2022,317,250,"78,86",250,0,"100,00",67,"21,14",4,63,"19,87"
310925,BUGRE,MG,09/2022,322,271,"84,16",271,0,"100,00",51,"15,84",1,50,"15,53"
310925,BUGRE,MG,07/2022,324,246,"75,93",246,0,"100,00",78,"24,07",2,76,"23,46"
310930,BURITIS,MG,07/2022,2227,1978,"88,82",1978,0,"100,00",249,"11,18",7,242,"10,87"
310930,BURITIS,MG,11/2022,2193,2182,"99,50",2182,0,"100,00",11,"0,50",4,7,"0,32"
310930,BURITIS,MG,09/2022,2222,2217,"99,77",2217,0,"100,00",5,"0,23",3,2,"0,09"
310940,BURITIZEIRO,MG,09/2022,2747,2340,"85,18",2340,0,"100,00",407,"14,82",6,401,"14,60"
310940,BURITIZEIRO,MG,11/2022,2762,2348,"85,01",2348,0,"100,00",414,"14,99",5,409,"14,81"
310940,BURITIZEIRO,MG,07/2022,2717,2305,"84,84",2301,4,"99,83",412,"15,16",24,388,"14,28"
310945,CABECEIRA GRANDE,MG,07/2022,519,386,"74,37",337,49,"87,31",133,"25,63",1,132,"25,43"
310945,CABECEIRA GRANDE,MG,09/2022,512,366,"71,48",330,36,"90,16",146,"28,52",9,137,"26,76"
310945,CABECEIRA GRANDE,MG,11/2022,495,367,"74,14",326,41,"88,83",128,"25,86",0,128,"25,86"
310950,CABO VERDE,MG,09/2022,566,489,"86,40",481,8,"98,36",77,"13,60",4,73,"12,90"
310950,CABO VERDE,MG,11/2022,553,499,"90,24",476,23,"95,39",54,"9,76",0,54,"9,76"
310950,CABO VERDE,MG,07/2022,573,458,"79,93",458,0,"100,00",115,"20,07",0,115,"20,07"
310960,CACHOEIRA DA PRATA,MG,07/2022,161,157,"97,52",133,24,"84,71",4,"2,48",0,4,"2,48"
310960,CACHOEIRA DA PRATA,MG,11/2022,150,138,"92,00",109,29,"78,99",12,"8,00",10,2,"1,33"
310960,CACHOEIRA DA PRATA,MG,09/2022,164,161,"98,17",161,0,"100,00",3,"1,83",0,3,"1,83"
310970,CACHOEIRA DE MINAS,MG,11/2022,383,361,"94,26",350,11,"96,95",22,"5,74",3,19,"4,96"
310970,CACHOEIRA DE MINAS,MG,09/2022,379,365,"96,31",335,30,"91,78",14,"3,69",0,14,"3,69"
310970,CACHOEIRA DE MINAS,MG,07/2022,387,370,"95,61",349,21,"94,32",17,"4,39",1,16,"4,13"
310980,CACHOEIRA DOURADA,MG,07/2022,96,76,"79,17",76,0,"100,00",20,"20,83",0,20,"20,83"
310980,CACHOEIRA DOURADA,MG,11/2022,83,69,"83,13",69,0,"100,00",14,"16,87",0,14,"16,87"
310980,CACHOEIRA DOURADA,MG,09/2022,89,76,"85,39",76,0,"100,00",13,"14,61",0,13,"14,61"
310990,CAETANÓPOLIS,MG,11/2022,567,459,"80,95",452,7,"98,47",108,"19,05",8,100,"17,64"
310990,CAETANÓPOLIS,MG,09/2022,567,386,"68,08",374,12,"96,89",181,"31,92",3,178,"31,39"
310990,CAETANÓPOLIS,MG,07/2022,549,382,"69,58",373,9,"97,64",167,"30,42",2,165,"30,05"
311000,CAETÉ,MG,07/2022,1826,1623,"88,88",1623,0,"100,00",203,"11,12",6,197,"10,79"
311000,CAETÉ,MG,11/2022,1766,1501,"84,99",1501,0,"100,00",265,"15,01",8,257,"14,55"
311000,CAETÉ,MG,09/2022,1790,1572,"87,82",1571,1,"99,94",218,"12,18",11,207,"11,56"
311010,CAIANA,MG,11/2022,393,294,"74,81",273,21,"92,86",99,"25,19",3,96,"24,43"
311010,CAIANA,MG,09/2022,397,298,"75,06",276,22,"92,62",99,"24,94",8,91,"22,92"
311010,CAIANA,MG,07/2022,393,301,"76,59",292,9,"97,01",92,"23,41",1,91,"23,16"
311020,CAJURI,MG,07/2022,314,237,"75,48",237,0,"100,00",77,"24,52",2,75,"23,89"
311020,CAJURI,MG,11/2022,302,266,"88,08",266,0,"100,00",36,"11,92",2,34,"11,26"
311020,CAJURI,MG,09/2022,313,259,"82,75",259,0,"100,00",54,"17,25",2,52,"16,61"
311030,CALDAS,MG,11/2022,582,460,"79,04",433,27,"94,13",122,"20,96",1,121,"20,79"
311030,CALDAS,MG,09/2022,577,118,"20,45",108,10,"91,53",459,"79,55",327,132,"22,88"
311030,CALDAS,MG,07/2022,593,447,"75,38",444,3,"99,33",146,"24,62",3,143,"24,11"
311040,CAMACHO,MG,07/2022,113,85,"75,22",81,4,"95,29",28,"24,78",1,27,"23,89"
311040,CAMACHO,MG,11/2022,104,104,"100,00",101,3,"97,12",0,"0,00",0,0,"0,00"
311040,CAMACHO,MG,09/2022,111,87,"78,38",87,0,"100,00",24,"21,62",2,22,"19,82"
311050,CAMANDUCAIA,MG,09/2022,1090,910,"83,49",910,0,"100,00",180,"16,51",82,98,"8,99"
311050,CAMANDUCAIA,MG,11/2022,1052,1009,"95,91",1009,0,"100,00",43,"4,09",2,41,"3,90"
311050,CAMANDUCAIA,MG,07/2022,1042,867,"83,21",867,0,"100,00",175,"16,79",7,168,"16,12"
311060,CAMBUÍ,MG,07/2022,845,748,"88,52",739,9,"98,80",97,"11,48",17,80,"9,47"
311060,CAMBUÍ,MG,09/2022,887,836,"94,25",825,11,"98,68",51,"5,75",11,40,"4,51"
311060,CAMBUÍ,MG,11/2022,874,835,"95,54",825,10,"98,80",39,"4,46",3,36,"4,12"
311070,CAMBUQUIRA,MG,09/2022,783,705,"90,04",637,68,"90,35",78,"9,96",2,76,"9,71"
311070,CAMBUQUIRA,MG,11/2022,767,720,"93,87",653,67,"90,69",47,"6,13",1,46,"6,00"
311070,CAMBUQUIRA,MG,07/2022,766,667,"87,08",583,84,"87,41",99,"12,92",3,96,"12,53"
311080,CAMPANÁRIO,MG,07/2022,333,96,"28,83",90,6,"93,75",237,"71,17",74,163,"48,95"
311080,CAMPANÁRIO,MG,11/2022,333,172,"51,65",167,5,"97,09",161,"48,35",2,159,"47,75"
311080,CAMPANÁRIO,MG,09/2022,339,175,"51,62",171,4,"97,71",164,"48,38",1,163,"48,08"
311090,CAMPANHA,MG,11/2022,940,890,"94,68",809,81,"90,90",50,"5,32",13,37,"3,94"
311090,CAMPANHA,MG,09/2022,962,907,"94,28",800,107,"88,20",55,"5,72",6,49,"5,09"
311090,CAMPANHA,MG,07/2022,954,866,"90,78",769,97,"88,80",88,"9,22",5,83,"8,70"
311100,CAMPESTRE,MG,07/2022,641,502,"78,32",475,27,"94,62",139,"21,68",8,131,"20,44"
311100,CAMPESTRE,MG,09/2022,629,355,"56,44",315,40,"88,73",274,"43,56",148,126,"20,03"
311100,CAMPESTRE,MG,11/2022,640,543,"84,84",514,29,"94,66",97,"15,16",16,81,"12,66"
311110,CAMPINA VERDE,MG,09/2022,791,380,"48,04",351,29,"92,37",411,"51,96",10,401,"50,70"
311110,CAMPINA VERDE,MG,11/2022,767,371,"48,37",341,30,"91,91",396,"51,63",5,391,"50,98"
311110,CAMPINA VERDE,MG,07/2022,799,384,"48,06",350,34,"91,15",415,"51,94",3,412,"51,56"
311115,CAMPO AZUL,MG,07/2022,436,0,"0,00",0,0,,436,"100,00",348,88,"20,18"
311115,CAMPO AZUL,MG,09/2022,441,352,"79,82",352,0,"100,00",89,"20,18",1,88,"19,95"
311115,CAMPO AZUL,MG,11/2022,442,352,"79,64",352,0,"100,00",90,"20,36",2,88,"19,91"
311120,CAMPO BELO,MG,09/2022,1975,1862,"94,28",1716,146,"92,16",113,"5,72",9,104,"5,27"
311120,CAMPO BELO,MG,11/2022,2019,1881,"93,16",1798,83,"95,59",138,"6,84",18,120,"5,94"
311120,CAMPO BELO,MG,07/2022,1973,1845,"93,51",1700,145,"92,14",128,"6,49",21,107,"5,42"
311130,CAMPO DO MEIO,MG,07/2022,644,597,"92,70",582,15,"97,49",47,"7,30",6,41,"6,37"
311130,CAMPO DO MEIO,MG,11/2022,600,577,"96,17",577,0,"100,00",23,"3,83",1,22,"3,67"
311130,CAMPO DO MEIO,MG,09/2022,618,160,"25,89",156,4,"97,50",458,"74,11",438,20,"3,24"
311140,CAMPO FLORIDO,MG,09/2022,644,524,"81,37",524,0,"100,00",120,"18,63",1,119,"18,48"
311140,CAMPO FLORIDO,MG,11/2022,650,532,"81,85",532,0,"100,00",118,"18,15",1,117,"18,00"
311140,CAMPO FLORIDO,MG,07/2022,618,488,"78,96",488,0,"100,00",130,"21,04",2,128,"20,71"
311150,CAMPOS ALTOS,MG,07/2022,738,648,"87,80",643,5,"99,23",90,"12,20",21,69,"9,35"
311150,CAMPOS ALTOS,MG,11/2022,735,579,"78,78",578,1,"99,83",156,"21,22",10,146,"19,86"
311150,CAMPOS ALTOS,MG,09/2022,744,604,"81,18",598,6,"99,01",140,"18,82",12,128,"17,20"
311160,CAMPOS GERAIS,MG,09/2022,1502,1407,"93,68",1359,48,"96,59",95,"6,32",15,80,"5,33"
311160,CAMPOS GERAIS,MG,11/2022,1502,1418,"94,41",1412,6,"99,58",84,"5,59",2,82,"5,46"
311160,CAMPOS GERAIS,MG,07/2022,1519,1270,"83,61",1228,42,"96,69",249,"16,39",57,192,"12,64"
311170,CANAÃ,MG,07/2022,336,174,"51,79",169,5,"97,13",162,"48,21",9,153,"45,54"
311170,CANAÃ,MG,11/2022,326,164,"50,31",160,4,"97,56",162,"49,69",2,160,"49,08"
311170,CANAÃ,MG,09/2022,329,170,"51,67",166,4,"97,65",159,"48,33",4,155,"47,11"
311180,CANÁPOLIS,MG,11/2022,433,368,"84,99",333,35,"90,49",65,"15,01",0,65,"15,01"
311180,CANÁPOLIS,MG,09/2022,423,244,"57,68",235,9,"96,31",179,"42,32",65,114,"26,95"
311180,CANÁPOLIS,MG,07/2022,426,238,"55,87",221,17,"92,86",188,"44,13",0,188,"44,13"
311190,CANA VERDE,MG,07/2022,254,202,"79,53",202,0,"100,00",52,"20,47",0,52,"20,47"
311190,CANA VERDE,MG,11/2022,257,208,"80,93",202,6,"97,12",49,"19,07",0,49,"19,07"
311190,CANA VERDE,MG,09/2022,252,203,"80,56",198,5,"97,54",49,"19,44",0,49,"19,44"
311200,CANDEIAS,MG,09/2022,588,504,"85,71",504,0,"100,00",84,"14,29",0,84,"14,29"
311200,CANDEIAS,MG,11/2022,577,484,"83,88",484,0,"100,00",93,"16,12",1,92,"15,94"
311200,CANDEIAS,MG,07/2022,586,500,"85,32",500,0,"100,00",86,"14,68",0,86,"14,68"
311205,CANTAGALO,MG,07/2022,392,368,"93,88",368,0,"100,00",24,"6,12",0,24,"6,12"
311205,CANTAGALO,MG,09/2022,379,165,"43,54",165,0,"100,00",214,"56,46",169,45,"11,87"
311205,CANTAGALO,MG,11/2022,374,332,"88,77",332,0,"100,00",42,"11,23",0,42,"11,23"
311210,CAPARAÓ,MG,11/2022,438,347,"79,22",330,17,"95,10",91,"20,78",11,80,"18,26"
311210,CAPARAÓ,MG,09/2022,459,328,"71,46",317,11,"96,65",131,"28,54",22,109,"23,75"
311210,CAPARAÓ,MG,07/2022,466,336,"72,10",309,27,"91,96",130,"27,90",20,110,"23,61"
311220,CAPELA NOVA,MG,07/2022,274,255,"93,07",249,6,"97,65",19,"6,93",0,19,"6,93"
311220,CAPELA NOVA,MG,11/2022,264,254,"96,21",245,9,"96,46",10,"3,79",0,10,"3,79"
311220,CAPELA NOVA,MG,09/2022,268,249,"92,91",247,2,"99,20",19,"7,09",0,19,"7,09"
311230,CAPELINHA,MG,11/2022,2988,2349,"78,61",2349,0,"100,00",639,"21,39",9,630,"21,08"
311230,CAPELINHA,MG,09/2022,3031,2375,"78,36",2375,0,"100,00",656,"21,64",24,632,"20,85"
311230,CAPELINHA,MG,07/2022,3094,2427,"78,44",2427,0,"100,00",667,"21,56",43,624,"20,17"
311240,CAPETINGA,MG,07/2022,462,387,"83,77",386,1,"99,74",75,"16,23",2,73,"15,80"
311240,CAPETINGA,MG,09/2022,460,388,"84,35",388,0,"100,00",72,"15,65",1,71,"15,43"
311240,CAPETINGA,MG,11/2022,455,365,"80,22",361,4,"98,90",90,"19,78",1,89,"19,56"
311250,CAPIM BRANCO,MG,09/2022,486,422,"86,83",422,0,"100,00",64,"13,17",1,63,"12,96"
311250,CAPIM BRANCO,MG,11/2022,514,442,"85,99",442,0,"100,00",72,"14,01",3,69,"13,42"
311250,CAPIM BRANCO,MG,07/2022,453,0,"0,00",0,0,,453,"100,00",392,61,"13,47"
311260,CAPINÓPOLIS,MG,07/2022,699,512,"73,25",512,0,"100,00",187,"26,75",0,187,"26,75"
311260,CAPINÓPOLIS,MG,09/2022,721,721,"100,00",525,196,"72,82",0,"0,00",0,0,"0,00"
311260,CAPINÓPOLIS,MG,11/2022,677,677,"100,00",522,155,"77,10",0,"0,00",0,0,"0,00"
311265,CAPITÃO ANDRADE,MG,09/2022,449,416,"92,65",416,0,"100,00",33,"7,35",1,32,"7,13"
311265,CAPITÃO ANDRADE,MG,11/2022,459,420,"91,50",99,321,"23,57",39,"8,50",0,39,"8,50"
311265,CAPITÃO ANDRADE,MG,07/2022,447,0,"0,00",0,0,,447,"100,00",417,30,"6,71"
311270,CAPITÃO ENÉAS,MG,07/2022,1565,1177,"75,21",1138,39,"96,69",388,"24,79",157,231,"14,76"
311270,CAPITÃO ENÉAS,MG,09/2022,1523,1276,"83,78",1245,31,"97,57",247,"16,22",8,239,"15,69"
311270,CAPITÃO ENÉAS,MG,11/2022,1472,1200,"81,52",1178,22,"98,17",272,"18,48",10,262,"17,80"
311280,CAPITÓLIO,MG,09/2022,281,235,"83,63",235,0,"100,00",46,"16,37",36,10,"3,56"
311280,CAPITÓLIO,MG,11/2022,286,273,"95,45",272,1,"99,63",13,"4,55",3,10,"3,50"
311280,CAPITÓLIO,MG,07/2022,243,0,"0,00",0,0,,243,"100,00",167,76,"31,28"
311290,CAPUTIRA,MG,07/2022,824,563,"68,33",479,84,"85,08",261,"31,67",78,183,"22,21"
311290,CAPUTIRA,MG,11/2022,801,599,"74,78",533,66,"88,98",202,"25,22",28,174,"21,72"
311290,CAPUTIRA,MG,09/2022,813,520,"63,96",464,56,"89,23",293,"36,04",111,182,"22,39"
311300,CARAÍ,MG,11/2022,2133,1792,"84,01",1744,48,"97,32",341,"15,99",3,338,"15,85"
311300,CARAÍ,MG,09/2022,2197,1716,"78,11",1691,25,"98,54",481,"21,89",24,457,"20,80"
311300,CARAÍ,MG,07/2022,2256,1807,"80,10",1757,50,"97,23",449,"19,90",6,443,"19,64"
311310,CARANAÍBA,MG,07/2022,217,184,"84,79",153,31,"83,15",33,"15,21",0,33,"15,21"
311310,CARANAÍBA,MG,09/2022,214,181,"84,58",164,17,"90,61",33,"15,42",0,33,"15,42"
311310,CARANAÍBA,MG,11/2022,207,179,"86,47",168,11,"93,85",28,"13,53",1,27,"13,04"
311320,CARANDAÍ,MG,09/2022,1212,1163,"95,96",1126,37,"96,82",49,"4,04",33,16,"1,32"
311320,CARANDAÍ,MG,11/2022,1184,1145,"96,71",1129,16,"98,60",39,"3,29",4,35,"2,96"
311320,CARANDAÍ,MG,07/2022,1257,1113,"88,54",1065,48,"95,69",144,"11,46",14,130,"10,34"
311330,CARANGOLA,MG,07/2022,2099,1769,"84,28",1769,0,"100,00",330,"15,72",4,326,"15,53"
311330,CARANGOLA,MG,11/2022,2040,1517,"74,36",1512,5,"99,67",523,"25,64",6,517,"25,34"
311330,CARANGOLA,MG,09/2022,2051,597,"29,11",522,75,"87,44",1454,"70,89",933,521,"25,40"
311340,CARATINGA,MG,11/2022,3826,2794,"73,03",2624,170,"93,92",1032,"26,97",279,753,"19,68"
311340,CARATINGA,MG,09/2022,3838,2051,"53,44",1924,127,"93,81",1787,"46,56",765,1022,"26,63"
311340,CARATINGA,MG,07/2022,3948,2339,"59,25",2239,100,"95,72",1609,"40,75",174,1435,"36,35"
311350,CARBONITA,MG,07/2022,638,601,"94,20",601,0,"100,00",37,"5,80",6,31,"4,86"
311350,CARBONITA,MG,11/2022,600,574,"95,67",574,0,"100,00",26,"4,33",2,24,"4,00"
311350,CARBONITA,MG,09/2022,622,587,"94,37",587,0,"100,00",35,"5,63",3,32,"5,14"
311360,CAREAÇU,MG,11/2022,374,107,"28,61",107,0,"100,00",267,"71,39",130,137,"36,63"
311360,CAREAÇU,MG,09/2022,374,234,"62,57",234,0,"100,00",140,"37,43",2,138,"36,90"
311360,CAREAÇU,MG,07/2022,364,56,"15,38",49,7,"87,50",308,"84,62",175,133,"36,54"
311370,CARLOS CHAGAS,MG,07/2022,1526,1346,"88,20",1346,0,"100,00",180,"11,80",47,133,"8,72"
311370,CARLOS CHAGAS,MG,09/2022,1468,750,"51,09",682,68,"90,93",718,"48,91",256,462,"31,47"
311370,CARLOS CHAGAS,MG,11/2022,1441,921,"63,91",841,80,"91,31",520,"36,09",17,503,"34,91"
311380,CARMÉSIA,MG,11/2022,210,190,"90,48",172,18,"90,53",20,"9,52",3,17,"8,10"
311380,CARMÉSIA,MG,09/2022,198,177,"89,39",171,6,"96,61",21,"10,61",2,19,"9,60"
311380,CARMÉSIA,MG,07/2022,196,181,"92,35",181,0,"100,00",15,"7,65",0,15,"7,65"
311390,CARMO DA CACHOEIRA,MG,07/2022,870,816,"93,79",759,57,"93,01",54,"6,21",37,17,"1,95"
311390,CARMO DA CACHOEIRA,MG,09/2022,892,857,"96,08",771,86,"89,96",35,"3,92",22,13,"1,46"
311390,CARMO DA CACHOEIRA,MG,11/2022,858,831,"96,85",748,83,"90,01",27,"3,15",2,25,"2,91"
311400,CARMO DA MATA,MG,11/2022,419,353,"84,25",346,7,"98,02",66,"15,75",1,65,"15,51"
311400,CARMO DA MATA,MG,09/2022,424,303,"71,46",284,19,"93,73",121,"28,54",56,65,"15,33"
311400,CARMO DA MATA,MG,07/2022,433,304,"70,21",294,10,"96,71",129,"29,79",71,58,"13,39"
311410,CARMO DE MINAS,MG,07/2022,888,544,"61,26",465,79,"85,48",344,"38,74",138,206,"23,20"
311410,CARMO DE MINAS,MG,09/2022,875,632,"72,23",547,85,"86,55",243,"27,77",31,212,"24,23"
311410,CARMO DE MINAS,MG,11/2022,867,724,"83,51",686,38,"94,75",143,"16,49",5,138,"15,92"
311420,CARMO DO CAJURU,MG,11/2022,523,501,"95,79",453,48,"90,42",22,"4,21",0,22,"4,21"
311420,CARMO DO CAJURU,MG,09/2022,540,510,"94,44",445,65,"87,25",30,"5,56",2,28,"5,19"
311420,CARMO DO CAJURU,MG,07/2022,531,468,"88,14",388,80,"82,91",63,"11,86",0,63,"11,86"
311430,CARMO DO PARANAÍBA,MG,07/2022,1254,1052,"83,89",1032,20,"98,10",202,"16,11",14,188,"14,99"
311430,CARMO DO PARANAÍBA,MG,09/2022,1188,1073,"90,32",1040,33,"96,92",115,"9,68",11,104,"8,75"
311430,CARMO DO PARANAÍBA,MG,11/2022,1201,1074,"89,43",1048,26,"97,58",127,"10,57",7,120,"9,99"
311440,CARMO DO RIO CLARO,MG,09/2022,980,837,"85,41",756,81,"90,32",143,"14,59",74,69,"7,04"
311440,CARMO DO RIO CLARO,MG,11/2022,1010,890,"88,12",830,60,"93,26",120,"11,88",24,96,"9,50"
311440,CARMO DO RIO CLARO,MG,07/2022,974,796,"81,72",768,28,"96,48",178,"18,28",122,56,"5,75"
311450,CARMÓPOLIS DE MINAS,MG,07/2022,662,485,"73,26",482,3,"99,38",177,"26,74",115,62,"9,37"
311450,CARMÓPOLIS DE MINAS,MG,09/2022,679,603,"88,81",580,23,"96,19",76,"11,19",8,68,"10,01"
311450,CARMÓPOLIS DE MINAS,MG,11/2022,669,597,"89,24",595,2,"99,66",72,"10,76",5,67,"10,01"
311455,CARNEIRINHO,MG,09/2022,353,314,"88,95",314,0,"100,00",39,"11,05",1,38,"10,76"
311455,CARNEIRINHO,MG,11/2022,365,323,"88,49",323,0,"100,00",42,"11,51",1,41,"11,23"
311455,CARNEIRINHO,MG,07/2022,333,32,"9,61",30,2,"93,75",301,"90,39",260,41,"12,31"
311460,CARRANCAS,MG,07/2022,123,92,"74,80",90,2,"97,83",31,"25,20",2,29,"23,58"
311460,CARRANCAS,MG,09/2022,125,116,"92,80",109,7,"93,97",9,"7,20",1,8,"6,40"
311460,CARRANCAS,MG,11/2022,134,132,"98,51",122,10,"92,42",2,"1,49",0,2,"1,49"
311470,CARVALHÓPOLIS,MG,11/2022,131,104,"79,39",103,1,"99,04",27,"20,61",0,27,"20,61"
311470,CARVALHÓPOLIS,MG,09/2022,134,5,"3,73",4,1,"80,00",129,"96,27",105,24,"17,91"
311470,CARVALHÓPOLIS,MG,07/2022,136,10,"7,35",9,1,"90,00",126,"92,65",103,23,"16,91"
311480,CARVALHOS,MG,07/2022,308,115,"37,34",113,2,"98,26",193,"62,66",135,58,"18,83"
311480,CARVALHOS,MG,09/2022,314,245,"78,03",242,3,"98,78",69,"21,97",12,57,"18,15"
311480,CARVALHOS,MG,11/2022,324,283,"87,35",282,1,"99,65",41,"12,65",1,40,"12,35"
311490,CASA GRANDE,MG,09/2022,96,86,"89,58",86,0,"100,00",10,"10,42",0,10,"10,42"
311490,CASA GRANDE,MG,11/2022,95,84,"88,42",83,1,"98,81",11,"11,58",0,11,"11,58"
311490,CASA GRANDE,MG,07/2022,92,77,"83,70",74,3,"96,10",15,"16,30",5,10,"10,87"
311500,CASCALHO RICO,MG,07/2022,131,107,"81,68",107,0,"100,00",24,"18,32",0,24,"18,32"
311500,CASCALHO RICO,MG,11/2022,137,122,"89,05",114,8,"93,44",15,"10,95",1,14,"10,22"
311500,CASCALHO RICO,MG,09/2022,144,119,"82,64",109,10,"91,60",25,"17,36",2,23,"15,97"
311510,CÁSSIA,MG,09/2022,969,787,"81,22",722,65,"91,74",182,"18,78",14,168,"17,34"
311510,CÁSSIA,MG,11/2022,989,816,"82,51",797,19,"97,67",173,"17,49",8,165,"16,68"
311510,CÁSSIA,MG,07/2022,919,719,"78,24",643,76,"89,43",200,"21,76",8,192,"20,89"
311520,CONCEIÇÃO DA BARRA DE MINAS,MG,07/2022,243,237,"97,53",237,0,"100,00",6,"2,47",1,5,"2,06"
311520,CONCEIÇÃO DA BARRA DE MINAS,MG,11/2022,240,238,"99,17",237,1,"99,58",2,"0,83",0,2,"0,83"
311520,CONCEIÇÃO DA BARRA DE MINAS,MG,09/2022,243,236,"97,12",236,0,"100,00",7,"2,88",0,7,"2,88"
311530,CATAGUASES,MG,11/2022,2648,2443,"92,26",2442,1,"99,96",205,"7,74",1,204,"7,70"
311530,CATAGUASES,MG,09/2022,2686,2535,"94,38",2535,0,"100,00",151,"5,62",6,145,"5,40"
311530,CATAGUASES,MG,07/2022,2668,2463,"92,32",2463,0,"100,00",205,"7,68",5,200,"7,50"
311535,CATAS ALTAS,MG,07/2022,235,0,"0,00",0,0,,235,"100,00",211,24,"10,21"
311535,CATAS ALTAS,MG,09/2022,241,216,"89,63",216,0,"100,00",25,"10,37",0,25,"10,37"
311535,CATAS ALTAS,MG,11/2022,246,217,"88,21",217,0,"100,00",29,"11,79",1,28,"11,38"
311540,CATAS ALTAS DA NORUEGA,MG,09/2022,318,245,"77,04",232,13,"94,69",73,"22,96",4,69,"21,70"
311540,CATAS ALTAS DA NORUEGA,MG,11/2022,309,243,"78,64",240,3,"98,77",66,"21,36",5,61,"19,74"
311540,CATAS ALTAS DA NORUEGA,MG,07/2022,319,244,"76,49",244,0,"100,00",75,"23,51",20,55,"17,24"
311545,CATUJI,MG,07/2022,1104,920,"83,33",920,0,"100,00",184,"16,67",4,180,"16,30"
311545,CATUJI,MG,09/2022,1091,891,"81,67",891,0,"100,00",200,"18,33",22,178,"16,32"
311545,CATUJI,MG,11/2022,1085,896,"82,58",896,0,"100,00",189,"17,42",13,176,"16,22"
311547,CATUTI,MG,09/2022,519,254,"48,94",254,0,"100,00",265,"51,06",83,182,"35,07"
311547,CATUTI,MG,11/2022,504,96,"19,05",96,0,"100,00",408,"80,95",222,186,"36,90"
311547,CATUTI,MG,07/2022,500,187,"37,40",187,0,"100,00",313,"62,60",146,167,"33,40"
311550,CAXAMBU,MG,07/2022,1024,330,"32,23",264,66,"80,00",694,"67,77",476,218,"21,29"
311550,CAXAMBU,MG,09/2022,1015,404,"39,80",353,51,"87,38",611,"60,20",390,221,"21,77"
311550,CAXAMBU,MG,11/2022,1011,705,"69,73",646,59,"91,63",306,"30,27",53,253,"25,02"
311560,CEDRO DO ABAETÉ,MG,09/2022,73,63,"86,30",63,0,"100,00",10,"13,70",2,8,"10,96"
311560,CEDRO DO ABAETÉ,MG,11/2022,69,61,"88,41",61,0,"100,00",8,"11,59",1,7,"10,14"
311560,CEDRO DO ABAETÉ,MG,07/2022,76,0,"0,00",0,0,,76,"100,00",64,12,"15,79"
311570,CENTRAL DE MINAS,MG,07/2022,512,0,"0,00",0,0,,512,"100,00",472,40,"7,81"
311570,CENTRAL DE MINAS,MG,11/2022,508,433,"85,24",429,4,"99,08",75,"14,76",35,40,"7,87"
311570,CENTRAL DE MINAS,MG,09/2022,527,488,"92,60",488,0,"100,00",39,"7,40",0,39,"7,40"
311580,CENTRALINA,MG,09/2022,613,464,"75,69",464,0,"100,00",149,"24,31",0,149,"24,31"
311580,CENTRALINA,MG,11/2022,590,578,"97,97",578,0,"100,00",12,"2,03",1,11,"1,86"
311580,CENTRALINA,MG,07/2022,604,407,"67,38",394,13,"96,81",197,"32,62",47,150,"24,83"
311590,CHÁCARA,MG,07/2022,244,215,"88,11",215,0,"100,00",29,"11,89",0,29,"11,89"
311590,CHÁCARA,MG,11/2022,270,215,"79,63",215,0,"100,00",55,"20,37",0,55,"20,37"
311590,CHÁCARA,MG,09/2022,266,230,"86,47",230,0,"100,00",36,"13,53",1,35,"13,16"
311600,CHALÉ,MG,11/2022,555,467,"84,14",466,1,"99,79",88,"15,86",2,86,"15,50"
311600,CHALÉ,MG,09/2022,575,476,"82,78",476,0,"100,00",99,"17,22",8,91,"15,83"
311600,CHALÉ,MG,07/2022,578,461,"79,76",461,0,"100,00",117,"20,24",27,90,"15,57"
311610,CHAPADA DO NORTE,MG,07/2022,921,812,"88,17",786,26,"96,80",109,"11,83",13,96,"10,42"
311610,CHAPADA DO NORTE,MG,11/2022,850,782,"92,00",773,9,"98,85",68,"8,00",3,65,"7,65"
311610,CHAPADA DO NORTE,MG,09/2022,891,793,"89,00",782,11,"98,61",98,"11,00",6,92,"10,33"
311615,CHAPADA GAÚCHA,MG,11/2022,1531,936,"61,14",919,17,"98,18",595,"38,86",183,412,"26,91"
311615,CHAPADA GAÚCHA,MG,09/2022,1574,1009,"64,10",1003,6,"99,41",565,"35,90",33,532,"33,80"
311615,CHAPADA GAÚCHA,MG,07/2022,1519,0,"0,00",0,0,,1519,"100,00",1204,315,"20,74"
311620,CHIADOR,MG,07/2022,247,188,"76,11",184,4,"97,87",59,"23,89",1,58,"23,48"
311620,CHIADOR,MG,09/2022,266,194,"72,93",189,5,"97,42",72,"27,07",9,63,"23,68"
311620,CHIADOR,MG,11/2022,262,186,"70,99",178,8,"95,70",76,"29,01",11,65,"24,81"
311630,CIPOTÂNEA,MG,09/2022,463,391,"84,45",388,3,"99,23",72,"15,55",21,51,"11,02"
311630,CIPOTÂNEA,MG,11/2022,453,396,"87,42",396,0,"100,00",57,"12,58",5,52,"11,48"
311630,CIPOTÂNEA,MG,07/2022,470,400,"85,11",400,0,"100,00",70,"14,89",22,48,"10,21"
311640,CLARAVAL,MG,07/2022,237,221,"93,25",218,3,"98,64",16,"6,75",1,15,"6,33"
311640,CLARAVAL,MG,09/2022,243,240,"98,77",235,5,"97,92",3,"1,23",1,2,"0,82"
311640,CLARAVAL,MG,11/2022,260,254,"97,69",254,0,"100,00",6,"2,31",0,6,"2,31"
311650,CLARO DOS POÇÕES,MG,09/2022,618,550,"89,00",541,9,"98,36",68,"11,00",24,44,"7,12"
311650,CLARO DOS POÇÕES,MG,11/2022,593,360,"60,71",357,3,"99,17",233,"39,29",194,39,"6,58"
311650,CLARO DOS POÇÕES,MG,07/2022,639,572,"89,51",570,2,"99,65",67,"10,49",8,59,"9,23"
311660,CLÁUDIO,MG,07/2022,839,794,"94,64",710,84,"89,42",45,"5,36",11,34,"4,05"
311660,CLÁUDIO,MG,09/2022,856,834,"97,43",805,29,"96,52",22,"2,57",0,22,"2,57"
311660,CLÁUDIO,MG,11/2022,847,814,"96,10",771,43,"94,72",33,"3,90",2,31,"3,66"
311670,COIMBRA,MG,09/2022,434,374,"86,18",370,4,"98,93",60,"13,82",0,60,"13,82"
311670,COIMBRA,MG,11/2022,425,362,"85,18",361,1,"99,72",63,"14,82",6,57,"13,41"
311670,COIMBRA,MG,07/2022,444,389,"87,61",389,0,"100,00",55,"12,39",0,55,"12,39"
311680,COLUNA,MG,07/2022,864,606,"70,14",604,2,"99,67",258,"29,86",105,153,"17,71"
311680,COLUNA,MG,11/2022,833,698,"83,79",698,0,"100,00",135,"16,21",7,128,"15,37"
311680,COLUNA,MG,09/2022,855,674,"78,83",674,0,"100,00",181,"21,17",20,161,"18,83"
311690,COMENDADOR GOMES,MG,09/2022,247,218,"88,26",216,2,"99,08",29,"11,74",1,28,"11,34"
311690,COMENDADOR GOMES,MG,11/2022,251,217,"86,45",199,18,"91,71",34,"13,55",0,34,"13,55"
311690,COMENDADOR GOMES,MG,07/2022,245,221,"90,20",214,7,"96,83",24,"9,80",1,23,"9,39"
311700,COMERCINHO,MG,07/2022,715,605,"84,62",604,1,"99,83",110,"15,38",1,109,"15,24"
311700,COMERCINHO,MG,11/2022,675,601,"89,04",540,61,"89,85",74,"10,96",2,72,"10,67"
311700,COMERCINHO,MG,09/2022,691,599,"86,69",568,31,"94,82",92,"13,31",3,89,"12,88"
311710,CONCEIÇÃO DA APARECIDA,MG,09/2022,591,354,"59,90",347,7,"98,02",237,"40,10",17,220,"37,23"
311710,CONCEIÇÃO DA APARECIDA,MG,11/2022,577,357,"61,87",333,24,"93,28",220,"38,13",16,204,"35,36"
311710,CONCEIÇÃO DA APARECIDA,MG,07/2022,573,278,"48,52",255,23,"91,73",295,"51,48",80,215,"37,52"
311720,CONCEIÇÃO DAS PEDRAS,MG,07/2022,167,84,"50,30",83,1,"98,81",83,"49,70",76,7,"4,19"
311720,CONCEIÇÃO DAS PEDRAS,MG,11/2022,170,159,"93,53",154,5,"96,86",11,"6,47",0,11,"6,47"
311720,CONCEIÇÃO DAS PEDRAS,MG,09/2022,167,135,"80,84",132,3,"97,78",32,"19,16",22,10,"5,99"
311730,CONCEIÇÃO DAS ALAGOAS,MG,09/2022,1433,1183,"82,55",1160,23,"98,06",250,"17,45",182,68,"4,75"
311730,CONCEIÇÃO DAS ALAGOAS,MG,11/2022,1510,1317,"87,22",1278,39,"97,04",193,"12,78",81,112,"7,42"
311730,CONCEIÇÃO DAS ALAGOAS,MG,07/2022,1306,1151,"88,13",1139,12,"98,96",155,"11,87",101,54,"4,13"
311740,CONCEIÇÃO DE IPANEMA,MG,07/2022,417,0,"0,00",0,0,,417,"100,00",325,92,"22,06"
311740,CONCEIÇÃO DE IPANEMA,MG,09/2022,428,335,"78,27",335,0,"100,00",93,"21,73",17,76,"17,76"
311740,CONCEIÇÃO DE IPANEMA,MG,11/2022,395,312,"78,99",306,6,"98,08",83,"21,01",1,82,"20,76"
311750,CONCEIÇÃO DO MATO DENTRO,MG,11/2022,1706,612,"35,87",517,95,"84,48",1094,"64,13",693,401,"23,51"
311750,CONCEIÇÃO DO MATO DENTRO,MG,09/2022,1777,873,"49,13",872,1,"99,89",904,"50,87",733,171,"9,62"
311750,CONCEIÇÃO DO MATO DENTRO,MG,07/2022,1755,0,"0,00",0,0,,1755,"100,00",1503,252,"14,36"
311760,CONCEIÇÃO DO PARÁ,MG,07/2022,198,163,"82,32",149,14,"91,41",35,"17,68",3,32,"16,16"
311760,CONCEIÇÃO DO PARÁ,MG,11/2022,211,199,"94,31",192,7,"96,48",12,"5,69",2,10,"4,74"
311760,CONCEIÇÃO DO PARÁ,MG,09/2022,221,182,"82,35",180,2,"98,90",39,"17,65",25,14,"6,33"
311770,CONCEIÇÃO DO RIO VERDE,MG,09/2022,847,814,"96,10",813,1,"99,88",33,"3,90",12,21,"2,48"
311770,CONCEIÇÃO DO RIO VERDE,MG,11/2022,788,761,"96,57",754,7,"99,08",27,"3,43",1,26,"3,30"
311770,CONCEIÇÃO DO RIO VERDE,MG,07/2022,880,837,"95,11",836,1,"99,88",43,"4,89",5,38,"4,32"
311780,CONCEIÇÃO DOS OUROS,MG,07/2022,407,273,"67,08",271,2,"99,27",134,"32,92",5,129,"31,70"
311780,CONCEIÇÃO DOS OUROS,MG,11/2022,405,272,"67,16",265,7,"97,43",133,"32,84",6,127,"31,36"
311780,CONCEIÇÃO DOS OUROS,MG,09/2022,412,277,"67,23",271,6,"97,83",135,"32,77",0,135,"32,77"
311783,CÔNEGO MARINHO,MG,11/2022,834,641,"76,86",641,0,"100,00",193,"23,14",9,184,"22,06"
311783,CÔNEGO MARINHO,MG,09/2022,830,415,"50,00",414,1,"99,76",415,"50,00",206,209,"25,18"
311783,CÔNEGO MARINHO,MG,07/2022,858,554,"64,57",554,0,"100,00",304,"35,43",91,213,"24,83"
311787,CONFINS,MG,07/2022,223,153,"68,61",147,6,"96,08",70,"31,39",18,52,"23,32"
311787,CONFINS,MG,11/2022,209,143,"68,42",140,3,"97,90",66,"31,58",16,50,"23,92"
311787,CONFINS,MG,09/2022,236,164,"69,49",162,2,"98,78",72,"30,51",16,56,"23,73"
311790,CONGONHAL,MG,11/2022,452,252,"55,75",242,10,"96,03",200,"44,25",40,160,"35,40"
311790,CONGONHAL,MG,09/2022,482,406,"84,23",406,0,"100,00",76,"15,77",0,76,"15,77"
311790,CONGONHAL,MG,07/2022,475,402,"84,63",402,0,"100,00",73,"15,37",0,73,"15,37"
311800,CONGONHAS,MG,07/2022,1528,964,"63,09",955,9,"99,07",564,"36,91",115,449,"29,38"
311800,CONGONHAS,MG,09/2022,1565,1090,"69,65",1035,55,"94,95",475,"30,35",88,387,"24,73"
311800,CONGONHAS,MG,11/2022,1465,1246,"85,05",1226,20,"98,39",219,"14,95",36,183,"12,49"
311810,CONGONHAS DO NORTE,MG,11/2022,410,364,"88,78",364,0,"100,00",46,"11,22",1,45,"10,98"
311810,CONGONHAS DO NORTE,MG,09/2022,402,357,"88,81",354,3,"99,16",45,"11,19",1,44,"10,95"
311810,CONGONHAS DO NORTE,MG,07/2022,403,361,"89,58",361,0,"100,00",42,"10,42",2,40,"9,93"
311820,CONQUISTA,MG,07/2022,317,0,"0,00",0,0,,317,"100,00",251,66,"20,82"
311820,CONQUISTA,MG,09/2022,358,280,"78,21",279,1,"99,64",78,"21,79",5,73,"20,39"
311820,CONQUISTA,MG,11/2022,351,277,"78,92",277,0,"100,00",74,"21,08",0,74,"21,08"
311830,CONSELHEIRO LAFAIETE,MG,09/2022,2881,2001,"69,46",1824,177,"91,15",880,"30,54",129,751,"26,07"
311830,CONSELHEIRO LAFAIETE,MG,11/2022,2864,2218,"77,44",2055,163,"92,65",646,"22,56",72,574,"20,04"
311830,CONSELHEIRO LAFAIETE,MG,07/2022,2843,2005,"70,52",1785,220,"89,03",838,"29,48",42,796,"28,00"
311840,CONSELHEIRO PENA,MG,07/2022,1598,0,"0,00",0,0,,1598,"100,00",1422,176,"11,01"
311840,CONSELHEIRO PENA,MG,09/2022,1635,1460,"89,30",1460,0,"100,00",175,"10,70",1,174,"10,64"
311840,CONSELHEIRO PENA,MG,11/2022,1639,1465,"89,38",1465,0,"100,00",174,"10,62",1,173,"10,56"
311850,CONSOLAÇÃO,MG,11/2022,100,86,"86,00",85,1,"98,84",14,"14,00",0,14,"14,00"
311850,CONSOLAÇÃO,MG,09/2022,104,85,"81,73",83,2,"97,65",19,"18,27",0,19,"18,27"
311850,CONSOLAÇÃO,MG,07/2022,106,96,"90,57",94,2,"97,92",10,"9,43",1,9,"8,49"
311860,CONTAGEM,MG,07/2022,23962,21163,"88,32",20390,773,"96,35",2799,"11,68",567,2232,"9,31"
311860,CONTAGEM,MG,11/2022,25981,23856,"91,82",23404,452,"98,11",2125,"8,18",1340,785,"3,02"
311860,CONTAGEM,MG,09/2022,25529,23689,"92,79",23357,332,"98,60",1840,"7,21",547,1293,"5,06"
311870,COQUEIRAL,MG,09/2022,572,483,"84,44",478,5,"98,96",89,"15,56",5,84,"14,69"
311870,COQUEIRAL,MG,11/2022,557,469,"84,20",458,11,"97,65",88,"15,80",2,86,"15,44"
311870,COQUEIRAL,MG,07/2022,594,528,"88,89",527,1,"99,81",66,"11,11",0,66,"11,11"
311880,CORAÇÃO DE JESUS,MG,07/2022,2835,1881,"66,35",1880,1,"99,95",954,"33,65",4,950,"33,51"
311880,CORAÇÃO DE JESUS,MG,11/2022,2746,2020,"73,56",2020,0,"100,00",726,"26,44",1,725,"26,40"
311880,CORAÇÃO DE JESUS,MG,09/2022,2783,1869,"67,16",1869,0,"100,00",914,"32,84",2,912,"32,77"
311890,CORDISBURGO,MG,09/2022,582,485,"83,33",482,3,"99,38",97,"16,67",3,94,"16,15"
311890,CORDISBURGO,MG,11/2022,587,534,"90,97",534,0,"100,00",53,"9,03",1,52,"8,86"
311890,CORDISBURGO,MG,07/2022,581,377,"64,89",377,0,"100,00",204,"35,11",11,193,"33,22"
311900,CORDISLÂNDIA,MG,07/2022,307,267,"86,97",267,0,"100,00",40,"13,03",1,39,"12,70"
311900,CORDISLÂNDIA,MG,09/2022,312,272,"87,18",272,0,"100,00",40,"12,82",0,40,"12,82"
311900,CORDISLÂNDIA,MG,11/2022,308,271,"87,99",271,0,"100,00",37,"12,01",0,37,"12,01"
311910,CORINTO,MG,11/2022,1717,1319,"76,82",1288,31,"97,65",398,"23,18",73,325,"18,93"
311910,CORINTO,MG,09/2022,1711,1193,"69,73",1137,56,"95,31",518,"30,27",86,432,"25,25"
311910,CORINTO,MG,07/2022,1761,1316,"74,73",1266,50,"96,20",445,"25,27",8,437,"24,82"
311920,COROACI,MG,07/2022,782,613,"78,39",613,0,"100,00",169,"21,61",2,167,"21,36"
311920,COROACI,MG,11/2022,765,575,"75,16",574,1,"99,83",190,"24,84",1,189,"24,71"
311920,COROACI,MG,09/2022,756,561,"74,21",551,10,"98,22",195,"25,79",4,191,"25,26"
311930,COROMANDEL,MG,11/2022,1492,1193,"79,96",1193,0,"100,00",299,"20,04",3,296,"19,84"
311930,COROMANDEL,MG,09/2022,1479,972,"65,72",950,22,"97,74",507,"34,28",6,501,"33,87"
311930,COROMANDEL,MG,07/2022,1396,944,"67,62",944,0,"100,00",452,"32,38",17,435,"31,16"
311940,CORONEL FABRICIANO,MG,07/2022,4747,1900,"40,03",1742,158,"91,68",2847,"59,97",1446,1401,"29,51"
311940,CORONEL FABRICIANO,MG,09/2022,4724,1556,"32,94",1435,121,"92,22",3168,"67,06",1718,1450,"30,69"
311940,CORONEL FABRICIANO,MG,11/2022,4668,3020,"64,70",2908,112,"96,29",1648,"35,30",273,1375,"29,46"
311950,CORONEL MURTA,MG,11/2022,758,704,"92,88",704,0,"100,00",54,"7,12",5,49,"6,46"
311950,CORONEL MURTA,MG,09/2022,772,712,"92,23",712,0,"100,00",60,"7,77",7,53,"6,87"
311950,CORONEL MURTA,MG,07/2022,781,706,"90,40",705,1,"99,86",75,"9,60",5,70,"8,96"
311960,CORONEL PACHECO,MG,07/2022,162,0,"0,00",0,0,,162,"100,00",135,27,"16,67"
311960,CORONEL PACHECO,MG,09/2022,173,146,"84,39",146,0,"100,00",27,"15,61",1,26,"15,03"
311960,CORONEL PACHECO,MG,11/2022,169,158,"93,49",158,0,"100,00",11,"6,51",1,10,"5,92"
311970,CORONEL XAVIER CHAVES,MG,11/2022,165,162,"98,18",150,12,"92,59",3,"1,82",2,1,"0,61"
311970,CORONEL XAVIER CHAVES,MG,09/2022,171,168,"98,25",151,17,"89,88",3,"1,75",2,1,"0,58"
311970,CORONEL XAVIER CHAVES,MG,07/2022,168,164,"97,62",144,20,"87,80",4,"2,38",3,1,"0,60"
311980,CÓRREGO DANTA,MG,07/2022,100,49,"49,00",45,4,"91,84",51,"51,00",23,28,"28,00"
311980,CÓRREGO DANTA,MG,11/2022,106,79,"74,53",78,1,"98,73",27,"25,47",2,25,"23,58"
311980,CÓRREGO DANTA,MG,09/2022,101,65,"64,36",60,5,"92,31",36,"35,64",4,32,"31,68"
311990,CÓRREGO DO BOM JESUS,MG,09/2022,158,133,"84,18",133,0,"100,00",25,"15,82",0,25,"15,82"
311990,CÓRREGO DO BOM JESUS,MG,11/2022,156,122,"78,21",122,0,"100,00",34,"21,79",0,34,"21,79"
311990,CÓRREGO DO BOM JESUS,MG,07/2022,158,131,"82,91",131,0,"100,00",27,"17,09",1,26,"16,46"
311995,CÓRREGO FUNDO,MG,07/2022,82,50,"60,98",46,4,"92,00",32,"39,02",0,32,"39,02"
311995,CÓRREGO FUNDO,MG,09/2022,83,47,"56,63",47,0,"100,00",36,"43,37",1,35,"42,17"
311995,CÓRREGO FUNDO,MG,11/2022,83,49,"59,04",48,1,"97,96",34,"40,96",1,33,"39,76"
312000,CÓRREGO NOVO,MG,09/2022,277,261,"94,22",261,0,"100,00",16,"5,78",1,15,"5,42"
312000,CÓRREGO NOVO,MG,11/2022,274,259,"94,53",259,0,"100,00",15,"5,47",0,15,"5,47"
312000,CÓRREGO NOVO,MG,07/2022,280,254,"90,71",254,0,"100,00",26,"9,29",0,26,"9,29"
312010,COUTO DE MAGALHÃES DE MINAS,MG,09/2022,379,348,"91,82",330,18,"94,83",31,"8,18",5,26,"6,86"
312010,COUTO DE MAGALHÃES DE MINAS,MG,07/2022,380,341,"89,74",323,18,"94,72",39,"10,26",3,36,"9,47"
312010,COUTO DE MAGALHÃES DE MINAS,MG,11/2022,375,344,"91,73",324,20,"94,19",31,"8,27",1,30,"8,00"
312015,CRISÓLITA,MG,09/2022,610,506,"82,95",502,4,"99,21",104,"17,05",3,101,"16,56"
312015,CRISÓLITA,MG,11/2022,584,469,"80,31",460,9,"98,08",115,"19,69",2,113,"19,35"
312015,CRISÓLITA,MG,07/2022,639,501,"78,40",501,0,"100,00",138,"21,60",49,89,"13,93"
312020,CRISTAIS,MG,07/2022,599,469,"78,30",465,4,"99,15",130,"21,70",33,97,"16,19"
312020,CRISTAIS,MG,09/2022,588,427,"72,62",413,14,"96,72",161,"27,38",69,92,"15,65"
312020,CRISTAIS,MG,11/2022,584,529,"90,58",528,1,"99,81",55,"9,42",3,52,"8,90"
312030,CRISTÁLIA,MG,09/2022,870,679,"78,05",677,2,"99,71",191,"21,95",14,177,"20,34"
312030,CRISTÁLIA,MG,11/2022,827,658,"79,56",652,6,"99,09",169,"20,44",1,168,"20,31"
312030,CRISTÁLIA,MG,07/2022,857,676,"78,88",674,2,"99,70",181,"21,12",14,167,"19,49"
312040,CRISTIANO OTONI,MG,07/2022,265,170,"64,15",167,3,"98,24",95,"35,85",23,72,"27,17"
312040,CRISTIANO OTONI,MG,09/2022,261,184,"70,50",175,9,"95,11",77,"29,50",5,72,"27,59"
312040,CRISTIANO OTONI,MG,11/2022,266,218,"81,95",205,13,"94,04",48,"18,05",1,47,"17,67"
312050,CRISTINA,MG,09/2022,490,444,"90,61",427,17,"96,17",46,"9,39",2,44,"8,98"
312050,CRISTINA,MG,11/2022,479,427,"89,14",413,14,"96,72",52,"10,86",2,50,"10,44"
312050,CRISTINA,MG,07/2022,492,438,"89,02",425,13,"97,03",54,"10,98",0,54,"10,98"
312060,CRUCILÂNDIA,MG,07/2022,290,266,"91,72",264,2,"99,25",24,"8,28",2,22,"7,59"
312060,CRUCILÂNDIA,MG,11/2022,280,260,"92,86",258,2,"99,23",20,"7,14",1,19,"6,79"
312060,CRUCILÂNDIA,MG,09/2022,285,258,"90,53",256,2,"99,22",27,"9,47",4,23,"8,07"
312070,CRUZEIRO DA FORTALEZA,MG,11/2022,313,282,"90,10",274,8,"97,16",31,"9,90",2,29,"9,27"
312070,CRUZEIRO DA FORTALEZA,MG,09/2022,309,254,"82,20",235,19,"92,52",55,"17,80",35,20,"6,47"
312070,CRUZEIRO DA FORTALEZA,MG,07/2022,293,265,"90,44",249,16,"93,96",28,"9,56",13,15,"5,12"
312080,CRUZÍLIA,MG,07/2022,842,523,"62,11",468,55,"89,48",319,"37,89",5,314,"37,29"
312080,CRUZÍLIA,MG,09/2022,860,545,"63,37",474,71,"86,97",315,"36,63",6,309,"35,93"
312080,CRUZÍLIA,MG,11/2022,840,549,"65,36",500,49,"91,07",291,"34,64",13,278,"33,10"
312083,CUPARAQUE,MG,09/2022,324,201,"62,04",201,0,"100,00",123,"37,96",5,118,"36,42"
312083,CUPARAQUE,MG,11/2022,336,171,"50,89",171,0,"100,00",165,"49,11",52,113,"33,63"
312083,CUPARAQUE,MG,07/2022,317,0,"0,00",0,0,,317,"100,00",183,134,"42,27"
312087,CURRAL DE DENTRO,MG,07/2022,997,859,"86,16",859,0,"100,00",138,"13,84",2,136,"13,64"
312087,CURRAL DE DENTRO,MG,11/2022,973,853,"87,67",853,0,"100,00",120,"12,33",2,118,"12,13"
312087,CURRAL DE DENTRO,MG,09/2022,987,857,"86,83",851,6,"99,30",130,"13,17",8,122,"12,36"
312090,CURVELO,MG,09/2022,4388,1837,"41,86",1777,60,"96,73",2551,"58,14",1198,1353,"30,83"
312090,CURVELO,MG,11/2022,4373,3022,"69,11",2964,58,"98,08",1351,"30,89",7,1344,"30,73"
312090,CURVELO,MG,07/2022,4371,2388,"54,63",2328,60,"97,49",1983,"45,37",664,1319,"30,18"
312100,DATAS,MG,07/2022,564,395,"70,04",387,8,"97,97",169,"29,96",28,141,"25,00"
312100,DATAS,MG,09/2022,577,374,"64,82",367,7,"98,13",203,"35,18",54,149,"25,82"
312100,DATAS,MG,11/2022,561,395,"70,41",389,6,"98,48",166,"29,59",16,150,"26,74"
312110,DELFIM MOREIRA,MG,09/2022,394,262,"66,50",247,15,"94,27",132,"33,50",75,57,"14,47"
312110,DELFIM MOREIRA,MG,11/2022,396,325,"82,07",314,11,"96,62",71,"17,93",21,50,"12,63"
312110,DELFIM MOREIRA,MG,07/2022,418,285,"68,18",273,12,"95,79",133,"31,82",79,54,"12,92"
312120,DELFINÓPOLIS,MG,07/2022,349,285,"81,66",285,0,"100,00",64,"18,34",17,47,"13,47"
312120,DELFINÓPOLIS,MG,11/2022,393,321,"81,68",321,0,"100,00",72,"18,32",20,52,"13,23"
312120,DELFINÓPOLIS,MG,09/2022,376,309,"82,18",309,0,"100,00",67,"17,82",19,48,"12,77"
312125,DELTA,MG,09/2022,990,573,"57,88",563,10,"98,25",417,"42,12",2,415,"41,92"
312125,DELTA,MG,11/2022,970,497,"51,24",495,2,"99,60",473,"48,76",2,471,"48,56"
312125,DELTA,MG,07/2022,916,476,"51,97",476,0,"100,00",440,"48,03",13,427,"46,62"
312130,DESCOBERTO,MG,07/2022,249,51,"20,48",51,0,"100,00",198,"79,52",173,25,"10,04"
312130,DESCOBERTO,MG,11/2022,259,228,"88,03",228,0,"100,00",31,"11,97",2,29,"11,20"
312130,DESCOBERTO,MG,09/2022,255,227,"89,02",227,0,"100,00",28,"10,98",2,26,"10,20"
312140,DESTERRO DE ENTRE RIOS,MG,09/2022,275,251,"91,27",251,0,"100,00",24,"8,73",2,22,"8,00"
312140,DESTERRO DE ENTRE RIOS,MG,11/2022,286,259,"90,56",259,0,"100,00",27,"9,44",0,27,"9,44"
312140,DESTERRO DE ENTRE RIOS,MG,07/2022,263,0,"0,00",0,0,,263,"100,00",237,26,"9,89"
312150,DESTERRO DO MELO,MG,07/2022,166,156,"93,98",156,0,"100,00",10,"6,02",5,5,"3,01"
312150,DESTERRO DO MELO,MG,11/2022,169,166,"98,22",166,0,"100,00",3,"1,78",1,2,"1,18"
312150,DESTERRO DO MELO,MG,09/2022,160,158,"98,75",158,0,"100,00",2,"1,25",1,1,"0,63"
312160,DIAMANTINA,MG,09/2022,2972,2228,"74,97",2193,35,"98,43",744,"25,03",48,696,"23,42"
312160,DIAMANTINA,MG,11/2022,2931,2335,"79,67",2310,25,"98,93",596,"20,33",17,579,"19,75"
312160,DIAMANTINA,MG,07/2022,2966,2058,"69,39",2000,58,"97,18",908,"30,61",274,634,"21,38"
312170,DIOGO DE VASCONCELOS,MG,07/2022,289,284,"98,27",283,1,"99,65",5,"1,73",1,4,"1,38"
312170,DIOGO DE VASCONCELOS,MG,09/2022,276,256,"92,75",243,13,"94,92",20,"7,25",0,20,"7,25"
312170,DIOGO DE VASCONCELOS,MG,11/2022,270,258,"95,56",256,2,"99,22",12,"4,44",0,12,"4,44"
312180,DIONÍSIO,MG,09/2022,459,354,"77,12",353,1,"99,72",105,"22,88",1,104,"22,66"
312180,DIONÍSIO,MG,11/2022,454,354,"77,97",353,1,"99,72",100,"22,03",2,98,"21,59"
312180,DIONÍSIO,MG,07/2022,476,359,"75,42",355,4,"98,89",117,"24,58",2,115,"24,16"
312190,DIVINÉSIA,MG,07/2022,251,211,"84,06",208,3,"98,58",40,"15,94",26,14,"5,58"
312190,DIVINÉSIA,MG,11/2022,261,242,"92,72",234,8,"96,69",19,"7,28",1,18,"6,90"
312190,DIVINÉSIA,MG,09/2022,255,233,"91,37",225,8,"96,57",22,"8,63",5,17,"6,67"
312200,DIVINO,MG,11/2022,1560,1229,"78,78",1229,0,"100,00",331,"21,22",35,296,"18,97"
312200,DIVINO,MG,09/2022,1591,1272,"79,95",1272,0,"100,00",319,"20,05",136,183,"11,50"
312200,DIVINO,MG,07/2022,1608,1384,"86,07",1384,0,"100,00",224,"13,93",22,202,"12,56"
312210,DIVINO DAS LARANJEIRAS,MG,07/2022,396,113,"28,54",113,0,"100,00",283,"71,46",239,44,"11,11"
312210,DIVINO DAS LARANJEIRAS,MG,09/2022,416,357,"85,82",357,0,"100,00",59,"14,18",15,44,"10,58"
312210,DIVINO DAS LARANJEIRAS,MG,11/2022,431,381,"88,40",381,0,"100,00",50,"11,60",3,47,"10,90"
312220,DIVINOLÂNDIA DE MINAS,MG,09/2022,736,587,"79,76",587,0,"100,00",149,"20,24",0,149,"20,24"
312220,DIVINOLÂNDIA DE MINAS,MG,11/2022,753,598,"79,42",598,0,"100,00",155,"20,58",0,155,"20,58"
312220,DIVINOLÂNDIA DE MINAS,MG,07/2022,730,583,"79,86",580,3,"99,49",147,"20,14",2,145,"19,86"
312230,DIVINÓPOLIS,MG,07/2022,4513,4248,"94,13",4017,231,"94,56",265,"5,87",86,179,"3,97"
312230,DIVINÓPOLIS,MG,11/2022,4808,4357,"90,62",4207,150,"96,56",451,"9,38",286,165,"3,43"
312230,DIVINÓPOLIS,MG,09/2022,4669,4433,"94,95",4274,159,"96,41",236,"5,05",127,109,"2,33"
312235,DIVISA ALEGRE,MG,09/2022,780,522,"66,92",522,0,"100,00",258,"33,08",5,253,"32,44"
312235,DIVISA ALEGRE,MG,11/2022,800,527,"65,88",527,0,"100,00",273,"34,13",10,263,"32,88"
312235,DIVISA ALEGRE,MG,07/2022,773,555,"71,80",555,0,"100,00",218,"28,20",8,210,"27,17"
312240,DIVISA NOVA,MG,07/2022,302,284,"94,04",254,30,"89,44",18,"5,96",0,18,"5,96"
312240,DIVISA NOVA,MG,09/2022,298,274,"91,95",250,24,"91,24",24,"8,05",6,18,"6,04"
312240,DIVISA NOVA,MG,11/2022,284,264,"92,96",238,26,"90,15",20,"7,04",3,17,"5,99"
312245,DIVISÓPOLIS,MG,11/2022,938,805,"85,82",784,21,"97,39",133,"14,18",105,28,"2,99"
312245,DIVISÓPOLIS,MG,09/2022,961,361,"37,57",355,6,"98,34",600,"62,43",549,51,"5,31"
312245,DIVISÓPOLIS,MG,07/2022,1032,853,"82,66",852,1,"99,88",179,"17,34",17,162,"15,70"
312247,DOM BOSCO,MG,07/2022,309,0,"0,00",0,0,,309,"100,00",264,45,"14,56"
312247,DOM BOSCO,MG,09/2022,323,278,"86,07",278,0,"100,00",45,"13,93",0,45,"13,93"
312247,DOM BOSCO,MG,11/2022,318,247,"77,67",247,0,"100,00",71,"22,33",28,43,"13,52"
312250,DOM CAVATI,MG,09/2022,205,188,"91,71",170,18,"90,43",17,"8,29",1,16,"7,80"
312250,DOM CAVATI,MG,11/2022,201,186,"92,54",178,8,"95,70",15,"7,46",0,15,"7,46"
312250,DOM CAVATI,MG,07/2022,205,190,"92,68",179,11,"94,21",15,"7,32",1,14,"6,83"
312260,DOM JOAQUIM,MG,07/2022,403,316,"78,41",316,0,"100,00",87,"21,59",6,81,"20,10"
312260,DOM JOAQUIM,MG,11/2022,392,328,"83,67",328,0,"100,00",64,"16,33",8,56,"14,29"
312260,DOM JOAQUIM,MG,09/2022,399,302,"75,69",301,1,"99,67",97,"24,31",15,82,"20,55"
312270,DOM SILVÉRIO,MG,09/2022,199,160,"80,40",160,0,"100,00",39,"19,60",5,34,"17,09"
312270,DOM SILVÉRIO,MG,11/2022,215,176,"81,86",176,0,"100,00",39,"18,14",5,34,"15,81"
312270,DOM SILVÉRIO,MG,07/2022,192,0,"0,00",0,0,,192,"100,00",160,32,"16,67"
312280,DOM VIÇOSO,MG,07/2022,115,0,"0,00",0,0,,115,"100,00",99,16,"13,91"
312280,DOM VIÇOSO,MG,11/2022,134,111,"82,84",111,0,"100,00",23,"17,16",2,21,"15,67"
312280,DOM VIÇOSO,MG,09/2022,128,88,"68,75",88,0,"100,00",40,"31,25",19,21,"16,41"
312290,DONA EUSÉBIA,MG,11/2022,300,260,"86,67",260,0,"100,00",40,"13,33",1,39,"13,00"
312290,DONA EUSÉBIA,MG,09/2022,285,248,"87,02",248,0,"100,00",37,"12,98",1,36,"12,63"
312290,DONA EUSÉBIA,MG,07/2022,269,233,"86,62",233,0,"100,00",36,"13,38",0,36,"13,38"
312300,DORES DE CAMPOS,MG,07/2022,287,0,"0,00",0,0,,287,"100,00",263,24,"8,36"
312300,DORES DE CAMPOS,MG,09/2022,310,285,"91,94",285,0,"100,00",25,"8,06",1,24,"7,74"
312300,DORES DE CAMPOS,MG,11/2022,313,288,"92,01",288,0,"100,00",25,"7,99",1,24,"7,67"
312310,DORES DE GUANHÃES,MG,11/2022,306,127,"41,50",127,0,"100,00",179,"58,50",146,33,"10,78"
312310,DORES DE GUANHÃES,MG,09/2022,331,297,"89,73",297,0,"100,00",34,"10,27",0,34,"10,27"
312310,DORES DE GUANHÃES,MG,07/2022,313,0,"0,00",0,0,,313,"100,00",278,35,"11,18"
312320,DORES DO INDAIÁ,MG,07/2022,477,319,"66,88",316,3,"99,06",158,"33,12",21,137,"28,72"
312320,DORES DO INDAIÁ,MG,09/2022,476,340,"71,43",329,11,"96,76",136,"28,57",6,130,"27,31"
312320,DORES DO INDAIÁ,MG,11/2022,469,400,"85,29",380,20,"95,00",69,"14,71",3,66,"14,07"
312330,DORES DO TURVO,MG,11/2022,333,287,"86,19",287,0,"100,00",46,"13,81",4,42,"12,61"
312330,DORES DO TURVO,MG,09/2022,339,290,"85,55",290,0,"100,00",49,"14,45",4,45,"13,27"
312330,DORES DO TURVO,MG,07/2022,342,295,"86,26",287,8,"97,29",47,"13,74",5,42,"12,28"
312340,DORESÓPOLIS,MG,07/2022,79,67,"84,81",65,2,"97,01",12,"15,19",1,11,"13,92"
312340,DORESÓPOLIS,MG,11/2022,76,64,"84,21",63,1,"98,44",12,"15,79",0,12,"15,79"
312340,DORESÓPOLIS,MG,09/2022,77,67,"87,01",66,1,"98,51",10,"12,99",0,10,"12,99"
312350,DOURADOQUARA,MG,09/2022,80,43,"53,75",43,0,"100,00",37,"46,25",1,36,"45,00"
312350,DOURADOQUARA,MG,11/2022,80,45,"56,25",45,0,"100,00",35,"43,75",0,35,"43,75"
312350,DOURADOQUARA,MG,07/2022,75,0,"0,00",0,0,,75,"100,00",37,38,"50,67"
312352,DURANDÉ,MG,07/2022,661,498,"75,34",498,0,"100,00",163,"24,66",16,147,"22,24"
312352,DURANDÉ,MG,09/2022,663,515,"77,68",515,0,"100,00",148,"22,32",3,145,"21,87"
312352,DURANDÉ,MG,11/2022,651,506,"77,73",505,1,"99,80",145,"22,27",1,144,"22,12"
312360,ELÓI MENDES,MG,09/2022,1203,911,"75,73",669,242,"73,44",292,"24,27",216,76,"6,32"
312360,ELÓI MENDES,MG,11/2022,1215,1125,"92,59",1109,16,"98,58",90,"7,41",9,81,"6,67"
312360,ELÓI MENDES,MG,07/2022,1216,780,"64,14",618,162,"79,23",436,"35,86",148,288,"23,68"
312370,ENGENHEIRO CALDAS,MG,07/2022,739,465,"62,92",464,1,"99,78",274,"37,08",167,107,"14,48"
312370,ENGENHEIRO CALDAS,MG,09/2022,723,81,"11,20",79,2,"97,53",642,"88,80",435,207,"28,63"
312370,ENGENHEIRO CALDAS,MG,11/2022,775,504,"65,03",498,6,"98,81",271,"34,97",14,257,"33,16"
312380,ENGENHEIRO NAVARRO,MG,11/2022,674,589,"87,39",587,2,"99,66",85,"12,61",1,84,"12,46"
312380,ENGENHEIRO NAVARRO,MG,09/2022,679,596,"87,78",594,2,"99,66",83,"12,22",3,80,"11,78"
312380,ENGENHEIRO NAVARRO,MG,07/2022,706,595,"84,28",595,0,"100,00",111,"15,72",23,88,"12,46"
312385,ENTRE FOLHAS,MG,07/2022,396,0,"0,00",0,0,,396,"100,00",302,94,"23,74"
312385,ENTRE FOLHAS,MG,11/2022,388,218,"56,19",218,0,"100,00",170,"43,81",0,170,"43,81"
312385,ENTRE FOLHAS,MG,09/2022,397,174,"43,83",173,1,"99,43",223,"56,17",53,170,"42,82"
312390,ENTRE RIOS DE MINAS,MG,09/2022,572,363,"63,46",361,2,"99,45",209,"36,54",67,142,"24,83"
312390,ENTRE RIOS DE MINAS,MG,11/2022,570,403,"70,70",397,6,"98,51",167,"29,30",7,160,"28,07"
312390,ENTRE RIOS DE MINAS,MG,07/2022,583,387,"66,38",374,13,"96,64",196,"33,62",100,96,"16,47"
312400,ERVÁLIA,MG,07/2022,1266,999,"78,91",985,14,"98,60",267,"21,09",8,259,"20,46"
312400,ERVÁLIA,MG,11/2022,1241,959,"77,28",958,1,"99,90",282,"22,72",7,275,"22,16"
312400,ERVÁLIA,MG,09/2022,1255,966,"76,97",958,8,"99,17",289,"23,03",5,284,"22,63"
312410,ESMERALDAS,MG,09/2022,6466,4105,"63,49",4105,0,"100,00",2361,"36,51",25,2336,"36,13"
312410,ESMERALDAS,MG,11/2022,6544,4124,"63,02",4124,0,"100,00",2420,"36,98",29,2391,"36,54"
312410,ESMERALDAS,MG,07/2022,5959,3336,"55,98",3336,0,"100,00",2623,"44,02",494,2129,"35,73"
312420,ESPERA FELIZ,MG,07/2022,1621,1102,"67,98",1038,64,"94,19",519,"32,02",120,399,"24,61"
312420,ESPERA FELIZ,MG,11/2022,1627,1243,"76,40",1194,49,"96,06",384,"23,60",9,375,"23,05"
312420,ESPERA FELIZ,MG,09/2022,1590,798,"50,19",754,44,"94,49",792,"49,81",365,427,"26,86"
312430,ESPINOSA,MG,09/2022,3086,1829,"59,27",1823,6,"99,67",1257,"40,73",15,1242,"40,25"
312430,ESPINOSA,MG,11/2022,3032,1842,"60,75",1838,4,"99,78",1190,"39,25",20,1170,"38,59"
312430,ESPINOSA,MG,07/2022,3066,2017,"65,79",1998,19,"99,06",1049,"34,21",45,1004,"32,75"
312440,ESPÍRITO SANTO DO DOURADO,MG,07/2022,447,0,"0,00",0,0,,447,"100,00",389,58,"12,98"
312440,ESPÍRITO SANTO DO DOURADO,MG,09/2022,516,453,"87,79",453,0,"100,00",63,"12,21",0,63,"12,21"
312440,ESPÍRITO SANTO DO DOURADO,MG,11/2022,534,466,"87,27",466,0,"100,00",68,"12,73",0,68,"12,73"
312450,ESTIVA,MG,09/2022,482,454,"94,19",428,26,"94,27",28,"5,81",3,25,"5,19"
312450,ESTIVA,MG,11/2022,493,451,"91,48",415,36,"92,02",42,"8,52",4,38,"7,71"
312450,ESTIVA,MG,07/2022,500,13,"2,60",13,0,"100,00",487,"97,40",434,53,"10,60"
312460,ESTRELA DALVA,MG,07/2022,201,174,"86,57",174,0,"100,00",27,"13,43",3,24,"11,94"
312460,ESTRELA DALVA,MG,11/2022,208,198,"95,19",198,0,"100,00",10,"4,81",0,10,"4,81"
312460,ESTRELA DALVA,MG,09/2022,204,181,"88,73",181,0,"100,00",23,"11,27",0,23,"11,27"
312470,ESTRELA DO INDAIÁ,MG,11/2022,97,58,"59,79",55,3,"94,83",39,"40,21",0,39,"40,21"
312470,ESTRELA DO INDAIÁ,MG,09/2022,99,8,"8,08",8,0,"100,00",91,"91,92",48,43,"43,43"
312470,ESTRELA DO INDAIÁ,MG,07/2022,101,55,"54,46",55,0,"100,00",46,"45,54",5,41,"40,59"
312480,ESTRELA DO SUL,MG,07/2022,332,214,"64,46",199,15,"92,99",118,"35,54",1,117,"35,24"
312480,ESTRELA DO SUL,MG,11/2022,267,235,"88,01",218,17,"92,77",32,"11,99",3,29,"10,86"
312480,ESTRELA DO SUL,MG,09/2022,282,220,"78,01",196,24,"89,09",62,"21,99",31,31,"10,99"
312490,EUGENÓPOLIS,MG,09/2022,671,602,"89,72",556,46,"92,36",69,"10,28",6,63,"9,39"
312490,EUGENÓPOLIS,MG,11/2022,658,597,"90,73",567,30,"94,97",61,"9,27",5,56,"8,51"
312490,EUGENÓPOLIS,MG,07/2022,660,572,"86,67",543,29,"94,93",88,"13,33",4,84,"12,73"
312500,EWBANK DA CÂMARA,MG,07/2022,392,42,"10,71",38,4,"90,48",350,"89,29",267,83,"21,17"
312500,EWBANK DA CÂMARA,MG,09/2022,415,331,"79,76",331,0,"100,00",84,"20,24",0,84,"20,24"
312500,EWBANK DA CÂMARA,MG,11/2022,399,313,"78,45",313,0,"100,00",86,"21,55",1,85,"21,30"
312510,EXTREMA,MG,09/2022,1307,879,"67,25",879,0,"100,00",428,"32,75",21,407,"31,14"
312510,EXTREMA,MG,11/2022,1311,943,"71,93",910,33,"96,50",368,"28,07",34,334,"25,48"
312510,EXTREMA,MG,07/2022,1153,718,"62,27",671,47,"93,45",435,"37,73",20,415,"35,99"
312520,FAMA,MG,07/2022,125,115,"92,00",112,3,"97,39",10,"8,00",5,5,"4,00"
312520,FAMA,MG,09/2022,119,112,"94,12",110,2,"98,21",7,"5,88",3,4,"3,36"
312520,FAMA,MG,11/2022,128,124,"96,88",121,3,"97,58",4,"3,13",0,4,"3,13"
312530,FARIA LEMOS,MG,11/2022,276,265,"96,01",261,4,"98,49",11,"3,99",1,10,"3,62"
312530,FARIA LEMOS,MG,09/2022,272,255,"93,75",253,2,"99,22",17,"6,25",9,8,"2,94"
312530,FARIA LEMOS,MG,07/2022,279,248,"88,89",247,1,"99,60",31,"11,11",3,28,"10,04"
312540,FELÍCIO DOS SANTOS,MG,07/2022,499,410,"82,16",407,3,"99,27",89,"17,84",7,82,"16,43"
312540,FELÍCIO DOS SANTOS,MG,11/2022,482,402,"83,40",400,2,"99,50",80,"16,60",5,75,"15,56"
312540,FELÍCIO DOS SANTOS,MG,09/2022,491,402,"81,87",388,14,"96,52",89,"18,13",5,84,"17,11"
312550,SÃO GONÇALO DO RIO PRETO,MG,09/2022,205,188,"91,71",188,0,"100,00",17,"8,29",2,15,"7,32"
312550,SÃO GONÇALO DO RIO PRETO,MG,11/2022,199,189,"94,97",184,5,"97,35",10,"5,03",1,9,"4,52"
312550,SÃO GONÇALO DO RIO PRETO,MG,07/2022,211,192,"91,00",188,4,"97,92",19,"9,00",3,16,"7,58"
312560,FELISBURGO,MG,07/2022,712,503,"70,65",503,0,"100,00",209,"29,35",108,101,"14,19"
312560,FELISBURGO,MG,09/2022,701,569,"81,17",559,10,"98,24",132,"18,83",20,112,"15,98"
312560,FELISBURGO,MG,11/2022,694,582,"83,86",546,36,"93,81",112,"16,14",7,105,"15,13"
312570,FELIXLÂNDIA,MG,09/2022,955,542,"56,75",534,8,"98,52",413,"43,25",21,392,"41,05"
312570,FELIXLÂNDIA,MG,11/2022,933,757,"81,14",753,4,"99,47",176,"18,86",66,110,"11,79"
312570,FELIXLÂNDIA,MG,07/2022,960,569,"59,27",538,31,"94,55",391,"40,73",3,388,"40,42"
312580,FERNANDES TOURINHO,MG,07/2022,181,147,"81,22",145,2,"98,64",34,"18,78",0,34,"18,78"
312580,FERNANDES TOURINHO,MG,09/2022,178,143,"80,34",140,3,"97,90",35,"19,66",0,35,"19,66"
312580,FERNANDES TOURINHO,MG,11/2022,180,147,"81,67",141,6,"95,92",33,"18,33",0,33,"18,33"
312590,FERROS,MG,09/2022,551,503,"91,29",500,3,"99,40",48,"8,71",10,38,"6,90"
312590,FERROS,MG,11/2022,553,488,"88,25",482,6,"98,77",65,"11,75",21,44,"7,96"
312590,FERROS,MG,07/2022,577,520,"90,12",519,1,"99,81",57,"9,88",21,36,"6,24"
312595,FERVEDOURO,MG,07/2022,971,695,"71,58",689,6,"99,14",276,"28,42",1,275,"28,32"
312595,FERVEDOURO,MG,09/2022,966,650,"67,29",630,20,"96,92",316,"32,71",3,313,"32,40"
312595,FERVEDOURO,MG,11/2022,933,622,"66,67",609,13,"97,91",311,"33,33",3,308,"33,01"
312600,FLORESTAL,MG,11/2022,305,274,"89,84",271,3,"98,91",31,"10,16",5,26,"8,52"
312600,FLORESTAL,MG,09/2022,295,234,"79,32",227,7,"97,01",61,"20,68",1,60,"20,34"
312600,FLORESTAL,MG,07/2022,259,109,"42,08",86,23,"78,90",150,"57,92",88,62,"23,94"
312610,FORMIGA,MG,07/2022,1805,1383,"76,62",1239,144,"89,59",422,"23,38",9,413,"22,88"
312610,FORMIGA,MG,11/2022,1784,1430,"80,16",1319,111,"92,24",354,"19,84",12,342,"19,17"
312610,FORMIGA,MG,09/2022,1807,1264,"69,95",1128,136,"89,24",543,"30,05",121,422,"23,35"
312620,FORMOSO,MG,11/2022,1083,971,"89,66",971,0,"100,00",112,"10,34",21,91,"8,40"
312620,FORMOSO,MG,09/2022,1103,1019,"92,38",1019,0,"100,00",84,"7,62",5,79,"7,16"
312620,FORMOSO,MG,07/2022,1104,868,"78,62",867,1,"99,88",236,"21,38",161,75,"6,79"
312630,FORTALEZA DE MINAS,MG,07/2022,108,90,"83,33",89,1,"98,89",18,"16,67",1,17,"15,74"
312630,FORTALEZA DE MINAS,MG,09/2022,116,99,"85,34",99,0,"100,00",17,"14,66",0,17,"14,66"
312630,FORTALEZA DE MINAS,MG,11/2022,119,103,"86,55",103,0,"100,00",16,"13,45",0,16,"13,45"
312640,FORTUNA DE MINAS,MG,09/2022,198,160,"80,81",148,12,"92,50",38,"19,19",0,38,"19,19"
312640,FORTUNA DE MINAS,MG,11/2022,194,157,"80,93",147,10,"93,63",37,"19,07",1,36,"18,56"
312640,FORTUNA DE MINAS,MG,07/2022,200,137,"68,50",118,19,"86,13",63,"31,50",0,63,"31,50"
312650,FRANCISCO BADARÓ,MG,07/2022,511,432,"84,54",412,20,"95,37",79,"15,46",2,77,"15,07"
312650,FRANCISCO BADARÓ,MG,11/2022,480,441,"91,88",426,15,"96,60",39,"8,13",0,39,"8,13"
312650,FRANCISCO BADARÓ,MG,09/2022,492,414,"84,15",414,0,"100,00",78,"15,85",5,73,"14,84"
312660,FRANCISCO DUMONT,MG,09/2022,433,325,"75,06",322,3,"99,08",108,"24,94",1,107,"24,71"
312660,FRANCISCO DUMONT,MG,11/2022,424,315,"74,29",309,6,"98,10",109,"25,71",0,109,"25,71"
312660,FRANCISCO DUMONT,MG,07/2022,443,333,"75,17",318,15,"95,50",110,"24,83",3,107,"24,15"
312670,FRANCISCO SÁ,MG,07/2022,2069,0,"0,00",0,0,,2069,"100,00",1923,146,"7,06"
312670,FRANCISCO SÁ,MG,11/2022,2088,1925,"92,19",1925,0,"100,00",163,"7,81",2,161,"7,71"
312670,FRANCISCO SÁ,MG,09/2022,2098,1626,"77,50",1626,0,"100,00",472,"22,50",316,156,"7,44"
312675,FRANCISCÓPOLIS,MG,09/2022,506,473,"93,48",473,0,"100,00",33,"6,52",5,28,"5,53"
312675,FRANCISCÓPOLIS,MG,11/2022,491,464,"94,50",464,0,"100,00",27,"5,50",6,21,"4,28"
312675,FRANCISCÓPOLIS,MG,07/2022,520,484,"93,08",484,0,"100,00",36,"6,92",5,31,"5,96"
312680,FREI GASPAR,MG,07/2022,644,1,"0,16",0,1,"0,00",643,"99,84",489,154,"23,91"
312680,FREI GASPAR,MG,09/2022,655,471,"71,91",471,0,"100,00",184,"28,09",16,168,"25,65"
312680,FREI GASPAR,MG,11/2022,642,451,"70,25",451,0,"100,00",191,"29,75",17,174,"27,10"
312690,FREI INOCÊNCIO,MG,11/2022,857,383,"44,69",366,17,"95,56",474,"55,31",7,467,"54,49"
312690,FREI INOCÊNCIO,MG,09/2022,857,385,"44,92",384,1,"99,74",472,"55,08",6,466,"54,38"
312690,FREI INOCÊNCIO,MG,07/2022,848,335,"39,50",317,18,"94,63",513,"60,50",46,467,"55,07"
312695,FREI LAGONEGRO,MG,07/2022,384,358,"93,23",341,17,"95,25",26,"6,77",16,10,"2,60"
312695,FREI LAGONEGRO,MG,09/2022,366,344,"93,99",340,4,"98,84",22,"6,01",9,13,"3,55"
312695,FREI LAGONEGRO,MG,11/2022,363,348,"95,87",345,3,"99,14",15,"4,13",3,12,"3,31"
312700,FRONTEIRA,MG,11/2022,739,661,"89,45",629,32,"95,16",78,"10,55",8,70,"9,47"
312700,FRONTEIRA,MG,09/2022,763,678,"88,86",594,84,"87,61",85,"11,14",7,78,"10,22"
312700,FRONTEIRA,MG,07/2022,730,470,"64,38",351,119,"74,68",260,"35,62",7,253,"34,66"
312705,FRONTEIRA DOS VALES,MG,07/2022,577,0,"0,00",0,0,,577,"100,00",494,83,"14,38"
312705,FRONTEIRA DOS VALES,MG,09/2022,595,504,"84,71",504,0,"100,00",91,"15,29",9,82,"13,78"
312705,FRONTEIRA DOS VALES,MG,11/2022,560,0,"0,00",0,0,,560,"100,00",479,81,"14,46"
312707,FRUTA DE LEITE,MG,11/2022,502,449,"89,44",400,49,"89,09",53,"10,56",0,53,"10,56"
312707,FRUTA DE LEITE,MG,09/2022,507,441,"86,98",425,16,"96,37",66,"13,02",6,60,"11,83"
312707,FRUTA DE LEITE,MG,07/2022,527,469,"88,99",434,35,"92,54",58,"11,01",1,57,"10,82"
312710,FRUTAL,MG,07/2022,2165,1609,"74,32",1595,14,"99,13",556,"25,68",9,547,"25,27"
312710,FRUTAL,MG,11/2022,2212,1563,"70,66",1465,98,"93,73",649,"29,34",3,646,"29,20"
312710,FRUTAL,MG,09/2022,2174,1478,"67,99",1445,33,"97,77",696,"32,01",76,620,"28,52"
312720,FUNILÂNDIA,MG,11/2022,398,328,"82,41",306,22,"93,29",70,"17,59",7,63,"15,83"
312720,FUNILÂNDIA,MG,09/2022,395,247,"62,53",235,12,"95,14",148,"37,47",6,142,"35,95"
312720,FUNILÂNDIA,MG,07/2022,391,246,"62,92",220,26,"89,43",145,"37,08",4,141,"36,06"
312730,GALILÉIA,MG,07/2022,497,343,"69,01",323,20,"94,17",154,"30,99",32,122,"24,55"
312730,GALILÉIA,MG,09/2022,486,323,"66,46",304,19,"94,12",163,"33,54",17,146,"30,04"
312730,GALILÉIA,MG,11/2022,498,331,"66,47",304,27,"91,84",167,"33,53",15,152,"30,52"
312733,GAMELEIRAS,MG,11/2022,407,339,"83,29",338,1,"99,71",68,"16,71",18,50,"12,29"
312733,GAMELEIRAS,MG,09/2022,419,388,"92,60",388,0,"100,00",31,"7,40",5,26,"6,21"
312733,GAMELEIRAS,MG,07/2022,426,391,"91,78",391,0,"100,00",35,"8,22",9,26,"6,10"
312735,GLAUCILÂNDIA,MG,07/2022,209,140,"66,99",126,14,"90,00",69,"33,01",2,67,"32,06"
312735,GLAUCILÂNDIA,MG,09/2022,205,133,"64,88",109,24,"81,95",72,"35,12",6,66,"32,20"
312735,GLAUCILÂNDIA,MG,11/2022,215,151,"70,23",139,12,"92,05",64,"29,77",6,58,"26,98"
312737,GOIABEIRA,MG,09/2022,229,187,"81,66",187,0,"100,00",42,"18,34",0,42,"18,34"
312737,GOIABEIRA,MG,11/2022,237,190,"80,17",186,4,"97,89",47,"19,83",5,42,"17,72"
312737,GOIABEIRA,MG,07/2022,240,190,"79,17",190,0,"100,00",50,"20,83",7,43,"17,92"
312738,GOIANÁ,MG,07/2022,226,193,"85,40",193,0,"100,00",33,"14,60",0,33,"14,60"
312738,GOIANÁ,MG,11/2022,249,210,"84,34",210,0,"100,00",39,"15,66",1,38,"15,26"
312738,GOIANÁ,MG,09/2022,240,206,"85,83",206,0,"100,00",34,"14,17",1,33,"13,75"
312740,GONÇALVES,MG,09/2022,88,76,"86,36",71,5,"93,42",12,"13,64",0,12,"13,64"
312740,GONÇALVES,MG,11/2022,89,78,"87,64",69,9,"88,46",11,"12,36",0,11,"12,36"
312740,GONÇALVES,MG,07/2022,91,76,"83,52",67,9,"88,16",15,"16,48",4,11,"12,09"
312750,GONZAGA,MG,07/2022,517,407,"78,72",193,214,"47,42",110,"21,28",2,108,"20,89"
312750,GONZAGA,MG,11/2022,473,371,"78,44",318,53,"85,71",102,"21,56",1,101,"21,35"
312750,GONZAGA,MG,09/2022,501,394,"78,64",325,69,"82,49",107,"21,36",1,106,"21,16"
312760,GOUVEIA,MG,11/2022,546,538,"98,53",509,29,"94,61",8,"1,47",1,7,"1,28"
312760,GOUVEIA,MG,09/2022,553,528,"95,48",508,20,"96,21",25,"4,52",17,8,"1,45"
312760,GOUVEIA,MG,07/2022,560,547,"97,68",527,20,"96,34",13,"2,32",4,9,"1,61"
312770,GOVERNADOR VALADARES,MG,07/2022,11992,6188,"51,60",5522,666,"89,24",5804,"48,40",333,5471,"45,62"
312770,GOVERNADOR VALADARES,MG,09/2022,11782,5859,"49,73",5317,542,"90,75",5923,"50,27",543,5380,"45,66"
312770,GOVERNADOR VALADARES,MG,11/2022,11998,6241,"52,02",5655,586,"90,61",5757,"47,98",434,5323,"44,37"
312780,GRÃO MOGOL,MG,11/2022,1270,1156,"91,02",1152,4,"99,65",114,"8,98",7,107,"8,43"
312780,GRÃO MOGOL,MG,09/2022,1249,765,"61,25",765,0,"100,00",484,"38,75",358,126,"10,09"
312780,GRÃO MOGOL,MG,07/2022,1275,1106,"86,75",1106,0,"100,00",169,"13,25",37,132,"10,35"
312790,GRUPIARA,MG,07/2022,55,55,"100,00",44,11,"80,00",0,"0,00",0,0,"0,00"
312790,GRUPIARA,MG,09/2022,62,62,"100,00",62,0,"100,00",0,"0,00",0,0,"0,00"
312790,GRUPIARA,MG,11/2022,62,61,"98,39",51,10,"83,61",1,"1,61",1,0,"0,00"
312800,GUANHÃES,MG,11/2022,1905,1653,"86,77",1603,50,"96,98",252,"13,23",6,246,"12,91"
312800,GUANHÃES,MG,09/2022,1891,1488,"78,69",1431,57,"96,17",403,"21,31",210,193,"10,21"
312800,GUANHÃES,MG,07/2022,1940,1746,"90,00",1707,39,"97,77",194,"10,00",28,166,"8,56"
312810,GUAPÉ,MG,07/2022,547,306,"55,94",306,0,"100,00",241,"44,06",166,75,"13,71"
312810,GUAPÉ,MG,09/2022,555,315,"56,76",315,0,"100,00",240,"43,24",160,80,"14,41"
312810,GUAPÉ,MG,11/2022,547,308,"56,31",308,0,"100,00",239,"43,69",164,75,"13,71"
312820,GUARACIABA,MG,09/2022,602,548,"91,03",547,1,"99,82",54,"8,97",2,52,"8,64"
312820,GUARACIABA,MG,11/2022,588,529,"89,97",524,5,"99,05",59,"10,03",2,57,"9,69"
312820,GUARACIABA,MG,07/2022,606,557,"91,91",553,4,"99,28",49,"8,09",2,47,"7,76"
312825,GUARACIAMA,MG,07/2022,569,522,"91,74",522,0,"100,00",47,"8,26",0,47,"8,26"
312825,GUARACIAMA,MG,11/2022,548,496,"90,51",496,0,"100,00",52,"9,49",0,52,"9,49"
312825,GUARACIAMA,MG,09/2022,571,460,"80,56",460,0,"100,00",111,"19,44",1,110,"19,26"
312830,GUARANÉSIA,MG,11/2022,669,539,"80,57",518,21,"96,10",130,"19,43",3,127,"18,98"
312830,GUARANÉSIA,MG,09/2022,680,564,"82,94",559,5,"99,11",116,"17,06",2,114,"16,76"
312830,GUARANÉSIA,MG,07/2022,664,547,"82,38",527,20,"96,34",117,"17,62",7,110,"16,57"
312840,GUARANI,MG,07/2022,558,451,"80,82",444,7,"98,45",107,"19,18",12,95,"17,03"
312840,GUARANI,MG,09/2022,560,416,"74,29",404,12,"97,12",144,"25,71",33,111,"19,82"
312840,GUARANI,MG,11/2022,538,421,"78,25",401,20,"95,25",117,"21,75",10,107,"19,89"
312850,GUARARÁ,MG,09/2022,277,219,"79,06",218,1,"99,54",58,"20,94",0,58,"20,94"
312850,GUARARÁ,MG,11/2022,277,221,"79,78",218,3,"98,64",56,"20,22",0,56,"20,22"
312850,GUARARÁ,MG,07/2022,279,216,"77,42",213,3,"98,61",63,"22,58",4,59,"21,15"
312860,GUARDA-MOR,MG,07/2022,365,154,"42,19",152,2,"98,70",211,"57,81",93,118,"32,33"
312860,GUARDA-MOR,MG,11/2022,369,234,"63,41",233,1,"99,57",135,"36,59",86,49,"13,28"
312860,GUARDA-MOR,MG,09/2022,356,213,"59,83",213,0,"100,00",143,"40,17",26,117,"32,87"
312870,GUAXUPÉ,MG,09/2022,1655,1333,"80,54",1329,4,"99,70",322,"19,46",25,297,"17,95"
312870,GUAXUPÉ,MG,11/2022,1645,1339,"81,40",1338,1,"99,93",306,"18,60",2,304,"18,48"
312870,GUAXUPÉ,MG,07/2022,1659,1356,"81,74",1356,0,"100,00",303,"18,26",1,302,"18,20"
312880,GUIDOVAL,MG,07/2022,434,378,"87,10",371,7,"98,15",56,"12,90",3,53,"12,21"
312880,GUIDOVAL,MG,09/2022,445,395,"88,76",384,11,"97,22",50,"11,24",3,47,"10,56"
312880,GUIDOVAL,MG,11/2022,434,393,"90,55",369,24,"93,89",41,"9,45",0,41,"9,45"
312890,GUIMARÂNIA,MG,11/2022,656,491,"74,85",468,23,"95,32",165,"25,15",1,164,"25,00"
312890,GUIMARÂNIA,MG,09/2022,658,498,"75,68",482,16,"96,79",160,"24,32",3,157,"23,86"
312890,GUIMARÂNIA,MG,07/2022,608,450,"74,01",444,6,"98,67",158,"25,99",1,157,"25,82"
312900,GUIRICEMA,MG,07/2022,513,310,"60,43",310,0,"100,00",203,"39,57",88,115,"22,42"
312900,GUIRICEMA,MG,11/2022,502,317,"63,15",317,0,"100,00",185,"36,85",58,127,"25,30"
312900,GUIRICEMA,MG,09/2022,511,302,"59,10",302,0,"100,00",209,"40,90",85,124,"24,27"
312910,GURINHATÃ,MG,11/2022,337,243,"72,11",242,1,"99,59",94,"27,89",2,92,"27,30"
312910,GURINHATÃ,MG,09/2022,330,233,"70,61",230,3,"98,71",97,"29,39",1,96,"29,09"
312910,GURINHATÃ,MG,07/2022,322,216,"67,08",215,1,"99,54",106,"32,92",1,105,"32,61"
312920,HELIODORA,MG,07/2022,275,256,"93,09",241,15,"94,14",19,"6,91",5,14,"5,09"
312920,HELIODORA,MG,11/2022,255,242,"94,90",228,14,"94,21",13,"5,10",3,10,"3,92"
312920,HELIODORA,MG,09/2022,262,251,"95,80",226,25,"90,04",11,"4,20",1,10,"3,82"
312930,IAPU,MG,11/2022,731,493,"67,44",484,9,"98,17",238,"32,56",64,174,"23,80"
312930,IAPU,MG,09/2022,752,574,"76,33",574,0,"100,00",178,"23,67",17,161,"21,41"
312930,IAPU,MG,07/2022,766,593,"77,42",593,0,"100,00",173,"22,58",7,166,"21,67"
312940,IBERTIOGA,MG,07/2022,394,349,"88,58",319,30,"91,40",45,"11,42",2,43,"10,91"
312940,IBERTIOGA,MG,11/2022,378,339,"89,68",327,12,"96,46",39,"10,32",2,37,"9,79"
312940,IBERTIOGA,MG,09/2022,390,345,"88,46",317,28,"91,88",45,"11,54",1,44,"11,28"
312950,IBIÁ,MG,11/2022,1125,537,"47,73",518,19,"96,46",588,"52,27",220,368,"32,71"
312950,IBIÁ,MG,09/2022,1119,293,"26,18",283,10,"96,59",826,"73,82",465,361,"32,26"
312950,IBIÁ,MG,07/2022,1112,338,"30,40",333,5,"98,52",774,"69,60",409,365,"32,82"
312960,IBIAÍ,MG,07/2022,890,698,"78,43",672,26,"96,28",192,"21,57",4,188,"21,12"
312960,IBIAÍ,MG,09/2022,857,673,"78,53",673,0,"100,00",184,"21,47",0,184,"21,47"
312960,IBIAÍ,MG,11/2022,841,676,"80,38",676,0,"100,00",165,"19,62",2,163,"19,38"
312965,IBIRACATU,MG,11/2022,609,516,"84,73",516,0,"100,00",93,"15,27",3,90,"14,78"
312965,IBIRACATU,MG,09/2022,619,238,"38,45",238,0,"100,00",381,"61,55",240,141,"22,78"
312965,IBIRACATU,MG,07/2022,640,463,"72,34",461,2,"99,57",177,"27,66",16,161,"25,16"
312970,IBIRACI,MG,07/2022,643,480,"74,65",479,1,"99,79",163,"25,35",1,162,"25,19"
312970,IBIRACI,MG,11/2022,661,491,"74,28",484,7,"98,57",170,"25,72",2,168,"25,42"
312970,IBIRACI,MG,09/2022,660,491,"74,39",479,12,"97,56",169,"25,61",3,166,"25,15"
312980,IBIRITÉ,MG,09/2022,9013,8145,"90,37",7939,206,"97,47",868,"9,63",127,741,"8,22"
312980,IBIRITÉ,MG,11/2022,8938,6977,"78,06",6837,140,"97,99",1961,"21,94",1156,805,"9,01"
312980,IBIRITÉ,MG,07/2022,8678,7710,"88,85",7400,310,"95,98",968,"11,15",145,823,"9,48"
312990,IBITIÚRA DE MINAS,MG,07/2022,176,155,"88,07",155,0,"100,00",21,"11,93",1,20,"11,36"
312990,IBITIÚRA DE MINAS,MG,11/2022,167,150,"89,82",150,0,"100,00",17,"10,18",0,17,"10,18"
312990,IBITIÚRA DE MINAS,MG,09/2022,172,154,"89,53",153,1,"99,35",18,"10,47",1,17,"9,88"
313000,IBITURUNA,MG,11/2022,174,158,"90,80",154,4,"97,47",16,"9,20",0,16,"9,20"
313000,IBITURUNA,MG,09/2022,177,158,"89,27",153,5,"96,84",19,"10,73",2,17,"9,60"
313000,IBITURUNA,MG,07/2022,179,161,"89,94",154,7,"95,65",18,"10,06",1,17,"9,50"
313005,ICARAÍ DE MINAS,MG,07/2022,1087,710,"65,32",693,17,"97,61",377,"34,68",6,371,"34,13"
313005,ICARAÍ DE MINAS,MG,09/2022,1073,705,"65,70",694,11,"98,44",368,"34,30",9,359,"33,46"
313005,ICARAÍ DE MINAS,MG,11/2022,1046,728,"69,60",724,4,"99,45",318,"30,40",5,313,"29,92"
313010,IGARAPÉ,MG,09/2022,3037,2219,"73,07",2218,1,"99,95",818,"26,93",21,797,"26,24"
313010,IGARAPÉ,MG,11/2022,2995,2210,"73,79",2157,53,"97,60",785,"26,21",3,782,"26,11"
313010,IGARAPÉ,MG,07/2022,2854,2058,"72,11",1973,85,"95,87",796,"27,89",19,777,"27,22"
313020,IGARATINGA,MG,07/2022,287,179,"62,37",130,49,"72,63",108,"37,63",38,70,"24,39"
313020,IGARATINGA,MG,11/2022,292,180,"61,64",160,20,"88,89",112,"38,36",20,92,"31,51"
313020,IGARATINGA,MG,09/2022,288,116,"40,28",101,15,"87,07",172,"59,72",78,94,"32,64"
313030,IGUATAMA,MG,09/2022,381,227,"59,58",227,0,"100,00",154,"40,42",43,111,"29,13"
313030,IGUATAMA,MG,11/2022,378,259,"68,52",259,0,"100,00",119,"31,48",2,117,"30,95"
313030,IGUATAMA,MG,07/2022,360,0,"0,00",0,0,,360,"100,00",266,94,"26,11"
313040,IJACI,MG,07/2022,326,0,"0,00",0,0,,326,"100,00",301,25,"7,67"
313040,IJACI,MG,11/2022,340,235,"69,12",225,10,"95,74",105,"30,88",6,99,"29,12"
313040,IJACI,MG,09/2022,346,321,"92,77",321,0,"100,00",25,"7,23",0,25,"7,23"
313050,ILICÍNEA,MG,09/2022,552,446,"80,80",446,0,"100,00",106,"19,20",61,45,"8,15"
313050,ILICÍNEA,MG,11/2022,521,463,"88,87",463,0,"100,00",58,"11,13",9,49,"9,40"
313050,ILICÍNEA,MG,07/2022,529,0,"0,00",0,0,,529,"100,00",488,41,"7,75"
313055,IMBÉ DE MINAS,MG,07/2022,773,495,"64,04",486,9,"98,18",278,"35,96",4,274,"35,45"
313055,IMBÉ DE MINAS,MG,09/2022,765,488,"63,79",488,0,"100,00",277,"36,21",4,273,"35,69"
313055,IMBÉ DE MINAS,MG,11/2022,758,613,"80,87",613,0,"100,00",145,"19,13",4,141,"18,60"
313060,INCONFIDENTES,MG,09/2022,204,188,"92,16",150,38,"79,79",16,"7,84",0,16,"7,84"
313060,INCONFIDENTES,MG,11/2022,212,193,"91,04",154,39,"79,79",19,"8,96",1,18,"8,49"
313060,INCONFIDENTES,MG,07/2022,209,180,"86,12",166,14,"92,22",29,"13,88",0,29,"13,88"
313065,INDAIABIRA,MG,07/2022,611,581,"95,09",576,5,"99,14",30,"4,91",11,19,"3,11"
313065,INDAIABIRA,MG,09/2022,611,593,"97,05",587,6,"98,99",18,"2,95",7,11,"1,80"
313065,INDAIABIRA,MG,11/2022,621,596,"95,97",592,4,"99,33",25,"4,03",10,15,"2,42"
313070,INDIANÓPOLIS,MG,11/2022,338,177,"52,37",177,0,"100,00",161,"47,63",141,20,"5,92"
313070,INDIANÓPOLIS,MG,09/2022,360,326,"90,56",325,1,"99,69",34,"9,44",7,27,"7,50"
313070,INDIANÓPOLIS,MG,07/2022,348,304,"87,36",304,0,"100,00",44,"12,64",10,34,"9,77"
313080,INGAÍ,MG,07/2022,119,0,"0,00",0,0,,119,"100,00",105,14,"11,76"
313080,INGAÍ,MG,11/2022,127,113,"88,98",108,5,"95,58",14,"11,02",8,6,"4,72"
313080,INGAÍ,MG,09/2022,123,119,"96,75",115,4,"96,64",4,"3,25",0,4,"3,25"
313090,INHAPIM,MG,11/2022,1749,1509,"86,28",1509,0,"100,00",240,"13,72",30,210,"12,01"
313090,INHAPIM,MG,09/2022,1765,1534,"86,91",1534,0,"100,00",231,"13,09",22,209,"11,84"
313090,INHAPIM,MG,07/2022,1763,1555,"88,20",1555,0,"100,00",208,"11,80",5,203,"11,51"
313100,INHAÚMA,MG,07/2022,484,402,"83,06",376,26,"93,53",82,"16,94",1,81,"16,74"
313100,INHAÚMA,MG,09/2022,517,427,"82,59",391,36,"91,57",90,"17,41",3,87,"16,83"
313100,INHAÚMA,MG,11/2022,502,412,"82,07",390,22,"94,66",90,"17,93",2,88,"17,53"
313110,INIMUTABA,MG,09/2022,515,419,"81,36",392,27,"93,56",96,"18,64",37,59,"11,46"
313110,INIMUTABA,MG,11/2022,501,465,"92,81",442,23,"95,05",36,"7,19",1,35,"6,99"
313110,INIMUTABA,MG,07/2022,521,464,"89,06",430,34,"92,67",57,"10,94",8,49,"9,40"
313115,IPABA,MG,07/2022,1064,763,"71,71",743,20,"97,38",301,"28,29",2,299,"28,10"
313115,IPABA,MG,11/2022,1046,850,"81,26",824,26,"96,94",196,"18,74",2,194,"18,55"
313115,IPABA,MG,09/2022,1043,847,"81,21",813,34,"95,99",196,"18,79",10,186,"17,83"
313120,IPANEMA,MG,09/2022,1331,1166,"87,60",1165,1,"99,91",165,"12,40",10,155,"11,65"
313120,IPANEMA,MG,11/2022,1308,1186,"90,67",1186,0,"100,00",122,"9,33",15,107,"8,18"
313120,IPANEMA,MG,07/2022,1385,1155,"83,39",1154,1,"99,91",230,"16,61",34,196,"14,15"
313130,IPATINGA,MG,07/2022,10016,5820,"58,11",5279,541,"90,70",4196,"41,89",165,4031,"40,25"
313130,IPATINGA,MG,11/2022,10178,6230,"61,21",5858,372,"94,03",3948,"38,79",34,3914,"38,46"
313130,IPATINGA,MG,09/2022,10224,6169,"60,34",5848,321,"94,80",4055,"39,66",54,4001,"39,13"
313140,IPIAÇU,MG,09/2022,239,140,"58,58",138,2,"98,57",99,"41,42",1,98,"41,00"
313140,IPIAÇU,MG,11/2022,256,151,"58,98",151,0,"100,00",105,"41,02",2,103,"40,23"
313140,IPIAÇU,MG,07/2022,201,0,"0,00",0,0,,201,"100,00",118,83,"41,29"
313150,IPUIÚNA,MG,07/2022,428,387,"90,42",387,0,"100,00",41,"9,58",0,41,"9,58"
313150,IPUIÚNA,MG,11/2022,412,411,"99,76",385,26,"93,67",1,"0,24",0,1,"0,24"
313150,IPUIÚNA,MG,09/2022,424,384,"90,57",384,0,"100,00",40,"9,43",0,40,"9,43"
313160,IRAÍ DE MINAS,MG,11/2022,572,364,"63,64",359,5,"98,63",208,"36,36",19,189,"33,04"
313160,IRAÍ DE MINAS,MG,09/2022,557,359,"64,45",359,0,"100,00",198,"35,55",138,60,"10,77"
313160,IRAÍ DE MINAS,MG,07/2022,499,0,"0,00",0,0,,499,"100,00",446,53,"10,62"
313170,ITABIRA,MG,07/2022,4031,3031,"75,19",2704,327,"89,21",1000,"24,81",6,994,"24,66"
313170,ITABIRA,MG,11/2022,3944,3113,"78,93",2884,229,"92,64",831,"21,07",1,830,"21,04"
313170,ITABIRA,MG,09/2022,4002,3059,"76,44",2825,234,"92,35",943,"23,56",5,938,"23,44"
313180,ITABIRINHA,MG,09/2022,804,553,"68,78",553,0,"100,00",251,"31,22",158,93,"11,57"
313180,ITABIRINHA,MG,11/2022,805,595,"73,91",593,2,"99,66",210,"26,09",1,209,"25,96"
313180,ITABIRINHA,MG,07/2022,798,0,"0,00",0,0,,798,"100,00",711,87,"10,90"
313190,ITABIRITO,MG,07/2022,1581,1071,"67,74",1071,0,"100,00",510,"32,26",38,472,"29,85"
313190,ITABIRITO,MG,11/2022,1627,1469,"90,29",1338,131,"91,08",158,"9,71",4,154,"9,47"
313190,ITABIRITO,MG,09/2022,1631,1143,"70,08",1143,0,"100,00",488,"29,92",18,470,"28,82"
313200,ITACAMBIRA,MG,11/2022,382,326,"85,34",311,15,"95,40",56,"14,66",0,56,"14,66"
313200,ITACAMBIRA,MG,09/2022,395,327,"82,78",316,11,"96,64",68,"17,22",4,64,"16,20"
313200,ITACAMBIRA,MG,07/2022,397,331,"83,38",301,30,"90,94",66,"16,62",4,62,"15,62"
313210,ITACARAMBI,MG,07/2022,1842,1086,"58,96",1074,12,"98,90",756,"41,04",483,273,"14,82"
313210,ITACARAMBI,MG,11/2022,1793,1197,"66,76",1160,37,"96,91",596,"33,24",209,387,"21,58"
313210,ITACARAMBI,MG,09/2022,1787,914,"51,15",831,83,"90,92",873,"48,85",612,261,"14,61"
313220,ITAGUARA,MG,09/2022,474,446,"94,09",425,21,"95,29",28,"5,91",1,27,"5,70"
313220,ITAGUARA,MG,11/2022,496,415,"83,67",398,17,"95,90",81,"16,33",48,33,"6,65"
313220,ITAGUARA,MG,07/2022,472,416,"88,14",400,16,"96,15",56,"11,86",2,54,"11,44"
313230,ITAIPÉ,MG,07/2022,1454,1081,"74,35",1020,61,"94,36",373,"25,65",1,372,"25,58"
313230,ITAIPÉ,MG,11/2022,1400,1056,"75,43",1029,27,"97,44",344,"24,57",3,341,"24,36"
313230,ITAIPÉ,MG,09/2022,1409,1060,"75,23",1020,40,"96,23",349,"24,77",3,346,"24,56"
313240,ITAJUBÁ,MG,09/2022,3474,2962,"85,26",2962,0,"100,00",512,"14,74",104,408,"11,74"
313240,ITAJUBÁ,MG,11/2022,3478,3081,"88,59",3080,1,"99,97",397,"11,41",11,386,"11,10"
313240,ITAJUBÁ,MG,07/2022,3307,2835,"85,73",2834,1,"99,96",472,"14,27",81,391,"11,82"
313250,ITAMARANDIBA,MG,07/2022,2453,46,"1,88",46,0,"100,00",2407,"98,12",2286,121,"4,93"
313250,ITAMARANDIBA,MG,09/2022,2451,1067,"43,53",1067,0,"100,00",1384,"56,47",1257,127,"5,18"
313250,ITAMARANDIBA,MG,11/2022,2451,2096,"85,52",2082,14,"99,33",355,"14,48",178,177,"7,22"
313260,ITAMARATI DE MINAS,MG,11/2022,242,200,"82,64",172,28,"86,00",42,"17,36",1,41,"16,94"
313260,ITAMARATI DE MINAS,MG,09/2022,245,198,"80,82",197,1,"99,49",47,"19,18",2,45,"18,37"
313260,ITAMARATI DE MINAS,MG,07/2022,228,165,"72,37",165,0,"100,00",63,"27,63",19,44,"19,30"
313270,ITAMBACURI,MG,07/2022,2386,994,"41,66",986,8,"99,20",1392,"58,34",23,1369,"57,38"
313270,ITAMBACURI,MG,09/2022,2385,971,"40,71",962,9,"99,07",1414,"59,29",10,1404,"58,87"
313270,ITAMBACURI,MG,11/2022,2376,1053,"44,32",1044,9,"99,15",1323,"55,68",4,1319,"55,51"
313280,ITAMBÉ DO MATO DENTRO,MG,11/2022,129,108,"83,72",108,0,"100,00",21,"16,28",0,21,"16,28"
313280,ITAMBÉ DO MATO DENTRO,MG,09/2022,132,111,"84,09",111,0,"100,00",21,"15,91",0,21,"15,91"
313280,ITAMBÉ DO MATO DENTRO,MG,07/2022,125,0,"0,00",0,0,,125,"100,00",105,20,"16,00"
313290,ITAMOGI,MG,07/2022,466,453,"97,21",430,23,"94,92",13,"2,79",1,12,"2,58"
313290,ITAMOGI,MG,09/2022,466,452,"97,00",386,66,"85,40",14,"3,00",2,12,"2,58"
313290,ITAMOGI,MG,11/2022,463,439,"94,82",416,23,"94,76",24,"5,18",5,19,"4,10"
313300,ITAMONTE,MG,11/2022,530,511,"96,42",467,44,"91,39",19,"3,58",6,13,"2,45"
313300,ITAMONTE,MG,09/2022,543,507,"93,37",475,32,"93,69",36,"6,63",10,26,"4,79"
313300,ITAMONTE,MG,07/2022,537,505,"94,04",462,43,"91,49",32,"5,96",4,28,"5,21"
313310,ITANHANDU,MG,07/2022,436,386,"88,53",366,20,"94,82",50,"11,47",1,49,"11,24"
313310,ITANHANDU,MG,11/2022,458,419,"91,48",413,6,"98,57",39,"8,52",0,39,"8,52"
313310,ITANHANDU,MG,09/2022,434,390,"89,86",374,16,"95,90",44,"10,14",3,41,"9,45"
313320,ITANHOMI,MG,11/2022,666,385,"57,81",367,18,"95,32",281,"42,19",4,277,"41,59"
313320,ITANHOMI,MG,09/2022,649,168,"25,89",166,2,"98,81",481,"74,11",213,268,"41,29"
313320,ITANHOMI,MG,07/2022,690,425,"61,59",425,0,"100,00",265,"38,41",5,260,"37,68"
313330,ITAOBIM,MG,07/2022,1564,992,"63,43",984,8,"99,19",572,"36,57",72,500,"31,97"
313330,ITAOBIM,MG,09/2022,1540,888,"57,66",865,23,"97,41",652,"42,34",163,489,"31,75"
313330,ITAOBIM,MG,11/2022,1511,1055,"69,82",1045,10,"99,05",456,"30,18",402,54,"3,57"
313340,ITAPAGIPE,MG,09/2022,542,415,"76,57",408,7,"98,31",127,"23,43",62,65,"11,99"
313340,ITAPAGIPE,MG,11/2022,582,478,"82,13",462,16,"96,65",104,"17,87",51,53,"9,11"
313340,ITAPAGIPE,MG,07/2022,512,353,"68,95",351,2,"99,43",159,"31,05",97,62,"12,11"
313350,ITAPECERICA,MG,07/2022,767,582,"75,88",570,12,"97,94",185,"24,12",13,172,"22,43"
313350,ITAPECERICA,MG,11/2022,776,717,"92,40",708,9,"98,74",59,"7,60",1,58,"7,47"
313350,ITAPECERICA,MG,09/2022,776,722,"93,04",709,13,"98,20",54,"6,96",3,51,"6,57"
313360,ITAPEVA,MG,09/2022,521,97,"18,62",94,3,"96,91",424,"81,38",306,118,"22,65"
313360,ITAPEVA,MG,11/2022,549,437,"79,60",437,0,"100,00",112,"20,40",2,110,"20,04"
313360,ITAPEVA,MG,07/2022,533,106,"19,89",106,0,"100,00",427,"80,11",307,120,"22,51"
313370,ITATIAIUÇU,MG,07/2022,584,295,"50,51",267,28,"90,51",289,"49,49",9,280,"47,95"
313370,ITATIAIUÇU,MG,11/2022,576,298,"51,74",298,0,"100,00",278,"48,26",0,278,"48,26"
313370,ITATIAIUÇU,MG,09/2022,604,299,"49,50",264,35,"88,29",305,"50,50",5,300,"49,67"
313375,ITAÚ DE MINAS,MG,11/2022,437,335,"76,66",321,14,"95,82",102,"23,34",11,91,"20,82"
313375,ITAÚ DE MINAS,MG,09/2022,466,379,"81,33",379,0,"100,00",87,"18,67",53,34,"7,30"
313375,ITAÚ DE MINAS,MG,07/2022,440,0,"0,00",0,0,,440,"100,00",406,34,"7,73"
313380,ITAÚNA,MG,07/2022,2257,1090,"48,29",1007,83,"92,39",1167,"51,71",143,1024,"45,37"
313380,ITAÚNA,MG,09/2022,2315,1630,"70,41",1542,88,"94,60",685,"29,59",9,676,"29,20"
313380,ITAÚNA,MG,11/2022,2242,1617,"72,12",1542,75,"95,36",625,"27,88",12,613,"27,34"
313390,ITAVERAVA,MG,11/2022,339,326,"96,17",324,2,"99,39",13,"3,83",1,12,"3,54"
313390,ITAVERAVA,MG,09/2022,365,346,"94,79",339,7,"97,98",19,"5,21",2,17,"4,66"
313390,ITAVERAVA,MG,07/2022,371,329,"88,68",324,5,"98,48",42,"11,32",22,20,"5,39"
313400,ITINGA,MG,07/2022,1438,1026,"71,35",1000,26,"97,47",412,"28,65",6,406,"28,23"
313400,ITINGA,MG,11/2022,1372,992,"72,30",969,23,"97,68",380,"27,70",2,378,"27,55"
313400,ITINGA,MG,09/2022,1403,994,"70,85",979,15,"98,49",409,"29,15",8,401,"28,58"
313410,ITUETA,MG,11/2022,444,312,"70,27",308,4,"98,72",132,"29,73",4,128,"28,83"
313410,ITUETA,MG,09/2022,440,319,"72,50",313,6,"98,12",121,"27,50",10,111,"25,23"
313410,ITUETA,MG,07/2022,437,328,"75,06",324,4,"98,78",109,"24,94",6,103,"23,57"
313420,ITUIUTABA,MG,07/2022,2964,2046,"69,03",2002,44,"97,85",918,"30,97",132,786,"26,52"
313420,ITUIUTABA,MG,11/2022,3155,2493,"79,02",2410,83,"96,67",662,"20,98",4,658,"20,86"
313420,ITUIUTABA,MG,09/2022,3099,2210,"71,31",2071,139,"93,71",889,"28,69",25,864,"27,88"
313430,ITUMIRIM,MG,11/2022,414,387,"93,48",356,31,"91,99",27,"6,52",3,24,"5,80"
313430,ITUMIRIM,MG,09/2022,402,349,"86,82",311,38,"89,11",53,"13,18",8,45,"11,19"
313430,ITUMIRIM,MG,07/2022,382,335,"87,70",314,21,"93,73",47,"12,30",9,38,"9,95"
313440,ITURAMA,MG,07/2022,1948,1131,"58,06",1127,4,"99,65",817,"41,94",417,400,"20,53"
313440,ITURAMA,MG,11/2022,2293,1736,"75,71",1729,7,"99,60",557,"24,29",23,534,"23,29"
313440,ITURAMA,MG,09/2022,2226,1778,"79,87",1778,0,"100,00",448,"20,13",25,423,"19,00"
313450,ITUTINGA,MG,11/2022,148,139,"93,92",99,40,"71,22",9,"6,08",2,7,"4,73"
313450,ITUTINGA,MG,09/2022,155,138,"89,03",100,38,"72,46",17,"10,97",12,5,"3,23"
313450,ITUTINGA,MG,07/2022,155,123,"79,35",95,28,"77,24",32,"20,65",9,23,"14,84"
313460,JABOTICATUBAS,MG,07/2022,1033,904,"87,51",904,0,"100,00",129,"12,49",3,126,"12,20"
313460,JABOTICATUBAS,MG,09/2022,970,561,"57,84",528,33,"94,12",409,"42,16",346,63,"6,49"
313460,JABOTICATUBAS,MG,11/2022,932,241,"25,86",212,29,"87,97",691,"74,14",627,64,"6,87"
313470,JACINTO,MG,11/2022,1098,911,"82,97",911,0,"100,00",187,"17,03",7,180,"16,39"
313470,JACINTO,MG,09/2022,1104,922,"83,51",922,0,"100,00",182,"16,49",4,178,"16,12"
313470,JACINTO,MG,07/2022,1084,2,"0,18",0,2,"0,00",1082,"99,82",910,172,"15,87"
313480,JACUÍ,MG,07/2022,253,217,"85,77",217,0,"100,00",36,"14,23",5,31,"12,25"
313480,JACUÍ,MG,11/2022,259,235,"90,73",235,0,"100,00",24,"9,27",1,23,"8,88"
313480,JACUÍ,MG,09/2022,266,234,"87,97",234,0,"100,00",32,"12,03",0,32,"12,03"
313490,JACUTINGA,MG,11/2022,723,520,"71,92",479,41,"92,12",203,"28,08",0,203,"28,08"
313490,JACUTINGA,MG,09/2022,717,412,"57,46",400,12,"97,09",305,"42,54",3,302,"42,12"
313490,JACUTINGA,MG,07/2022,720,421,"58,47",388,33,"92,16",299,"41,53",4,295,"40,97"
313500,JAGUARAÇU,MG,07/2022,144,128,"88,89",115,13,"89,84",16,"11,11",0,16,"11,11"
313500,JAGUARAÇU,MG,09/2022,144,128,"88,89",128,0,"100,00",16,"11,11",2,14,"9,72"
313500,JAGUARAÇU,MG,11/2022,136,123,"90,44",118,5,"95,93",13,"9,56",2,11,"8,09"
313505,JAÍBA,MG,11/2022,4994,3963,"79,36",3937,26,"99,34",1031,"20,64",24,1007,"20,16"
313505,JAÍBA,MG,09/2022,5059,3982,"78,71",3953,29,"99,27",1077,"21,29",51,1026,"20,28"
313505,JAÍBA,MG,07/2022,5004,4046,"80,86",4024,22,"99,46",958,"19,14",33,925,"18,49"
313507,JAMPRUCA,MG,07/2022,525,293,"55,81",287,6,"97,95",232,"44,19",12,220,"41,90"
313507,JAMPRUCA,MG,09/2022,499,304,"60,92",298,6,"98,03",195,"39,08",12,183,"36,67"
313507,JAMPRUCA,MG,11/2022,476,291,"61,13",284,7,"97,59",185,"38,87",13,172,"36,13"
313510,JANAÚBA,MG,09/2022,4909,4165,"84,84",4161,4,"99,90",744,"15,16",37,707,"14,40"
313510,JANAÚBA,MG,11/2022,4850,3906,"80,54",3884,22,"99,44",944,"19,46",17,927,"19,11"
313510,JANAÚBA,MG,07/2022,4900,4034,"82,33",4030,4,"99,90",866,"17,67",24,842,"17,18"
313520,JANUÁRIA,MG,07/2022,6977,4516,"64,73",4246,270,"94,02",2461,"35,27",367,2094,"30,01"
313520,JANUÁRIA,MG,11/2022,6771,5029,"74,27",4867,162,"96,78",1742,"25,73",186,1556,"22,98"
313520,JANUÁRIA,MG,09/2022,6919,4750,"68,65",4535,215,"95,47",2169,"31,35",393,1776,"25,67"
313530,JAPARAÍBA,MG,09/2022,180,154,"85,56",149,5,"96,75",26,"14,44",0,26,"14,44"
313530,JAPARAÍBA,MG,11/2022,185,157,"84,86",154,3,"98,09",28,"15,14",1,27,"14,59"
313530,JAPARAÍBA,MG,07/2022,170,144,"84,71",142,2,"98,61",26,"15,29",2,24,"14,12"
313535,JAPONVAR,MG,07/2022,802,682,"85,04",682,0,"100,00",120,"14,96",11,109,"13,59"
313535,JAPONVAR,MG,09/2022,784,539,"68,75",539,0,"100,00",245,"31,25",137,108,"13,78"
313535,JAPONVAR,MG,11/2022,771,507,"65,76",507,0,"100,00",264,"34,24",136,128,"16,60"
313540,JECEABA,MG,11/2022,238,236,"99,16",229,7,"97,03",2,"0,84",1,1,"0,42"
313540,JECEABA,MG,09/2022,232,230,"99,14",221,9,"96,09",2,"0,86",1,1,"0,43"
313540,JECEABA,MG,07/2022,249,239,"95,98",209,30,"87,45",10,"4,02",3,7,"2,81"
313545,JENIPAPO DE MINAS,MG,07/2022,522,501,"95,98",408,93,"81,44",21,"4,02",1,20,"3,83"
313545,JENIPAPO DE MINAS,MG,09/2022,520,502,"96,54",440,62,"87,65",18,"3,46",3,15,"2,88"
313545,JENIPAPO DE MINAS,MG,11/2022,502,488,"97,21",341,147,"69,88",14,"2,79",3,11,"2,19"
313550,JEQUERI,MG,11/2022,847,808,"95,40",791,17,"97,90",39,"4,60",1,38,"4,49"
313550,JEQUERI,MG,09/2022,872,823,"94,38",798,25,"96,96",49,"5,62",5,44,"5,05"
313550,JEQUERI,MG,07/2022,890,843,"94,72",821,22,"97,39",47,"5,28",5,42,"4,72"
313560,JEQUITAÍ,MG,07/2022,772,641,"83,03",640,1,"99,84",131,"16,97",8,123,"15,93"
313560,JEQUITAÍ,MG,09/2022,777,492,"63,32",492,0,"100,00",285,"36,68",160,125,"16,09"
313560,JEQUITAÍ,MG,11/2022,785,653,"83,18",650,3,"99,54",132,"16,82",3,129,"16,43"
313570,JEQUITIBÁ,MG,11/2022,404,351,"86,88",344,7,"98,01",53,"13,12",0,53,"13,12"
313570,JEQUITIBÁ,MG,09/2022,406,337,"83,00",327,10,"97,03",69,"17,00",1,68,"16,75"
313570,JEQUITIBÁ,MG,07/2022,410,345,"84,15",330,15,"95,65",65,"15,85",3,62,"15,12"
313580,JEQUITINHONHA,MG,07/2022,2112,1640,"77,65",1625,15,"99,09",472,"22,35",4,468,"22,16"
313580,JEQUITINHONHA,MG,09/2022,2094,1646,"78,61",1621,25,"98,48",448,"21,39",4,444,"21,20"
313580,JEQUITINHONHA,MG,11/2022,2052,1598,"77,88",1570,28,"98,25",454,"22,12",18,436,"21,25"
313590,JESUÂNIA,MG,11/2022,434,416,"95,85",412,4,"99,04",18,"4,15",5,13,"3,00"
313590,JESUÂNIA,MG,09/2022,438,385,"87,90",385,0,"100,00",53,"12,10",5,48,"10,96"
313590,JESUÂNIA,MG,07/2022,422,371,"87,91",371,0,"100,00",51,"12,09",8,43,"10,19"
313600,JOAÍMA,MG,07/2022,1835,1713,"93,35",1713,0,"100,00",122,"6,65",13,109,"5,94"
313600,JOAÍMA,MG,11/2022,1809,1693,"93,59",1693,0,"100,00",116,"6,41",5,111,"6,14"
313600,JOAÍMA,MG,09/2022,1839,1728,"93,96",1728,0,"100,00",111,"6,04",1,110,"5,98"
313610,JOANÉSIA,MG,11/2022,293,266,"90,78",261,5,"98,12",27,"9,22",2,25,"8,53"
313610,JOANÉSIA,MG,09/2022,307,271,"88,27",271,0,"100,00",36,"11,73",2,34,"11,07"
313610,JOANÉSIA,MG,07/2022,302,253,"83,77",246,7,"97,23",49,"16,23",1,48,"15,89"
313620,JOÃO MONLEVADE,MG,07/2022,2470,1381,"55,91",1285,96,"93,05",1089,"44,09",2,1087,"44,01"
313620,JOÃO MONLEVADE,MG,11/2022,2459,1654,"67,26",1583,71,"95,71",805,"32,74",2,803,"32,66"
313620,JOÃO MONLEVADE,MG,09/2022,2506,1646,"65,68",1555,91,"94,47",860,"34,32",0,860,"34,32"
313630,JOÃO PINHEIRO,MG,09/2022,3300,2689,"81,48",2665,24,"99,11",611,"18,52",18,593,"17,97"
313630,JOÃO PINHEIRO,MG,11/2022,3223,2643,"82,00",2643,0,"100,00",580,"18,00",4,576,"17,87"
313630,JOÃO PINHEIRO,MG,07/2022,3245,2775,"85,52",2775,0,"100,00",470,"14,48",43,427,"13,16"
313640,JOAQUIM FELÍCIO,MG,07/2022,361,284,"78,67",283,1,"99,65",77,"21,33",9,68,"18,84"
313640,JOAQUIM FELÍCIO,MG,11/2022,355,346,"97,46",332,14,"95,95",9,"2,54",0,9,"2,54"
313640,JOAQUIM FELÍCIO,MG,09/2022,355,343,"96,62",333,10,"97,08",12,"3,38",2,10,"2,82"
313650,JORDÂNIA,MG,09/2022,765,662,"86,54",662,0,"100,00",103,"13,46",24,79,"10,33"
313650,JORDÂNIA,MG,11/2022,769,687,"89,34",687,0,"100,00",82,"10,66",5,77,"10,01"
313650,JORDÂNIA,MG,07/2022,762,637,"83,60",637,0,"100,00",125,"16,40",47,78,"10,24"
313652,JOSÉ GONÇALVES DE MINAS,MG,07/2022,369,332,"89,97",328,4,"98,80",37,"10,03",15,22,"5,96"
313652,JOSÉ GONÇALVES DE MINAS,MG,09/2022,364,324,"89,01",298,26,"91,98",40,"10,99",13,27,"7,42"
313652,JOSÉ GONÇALVES DE MINAS,MG,11/2022,351,305,"86,89",291,14,"95,41",46,"13,11",20,26,"7,41"
313655,JOSÉ RAYDAN,MG,09/2022,467,423,"90,58",354,69,"83,69",44,"9,42",6,38,"8,14"
313655,JOSÉ RAYDAN,MG,11/2022,469,398,"84,86",379,19,"95,23",71,"15,14",11,60,"12,79"
313655,JOSÉ RAYDAN,MG,07/2022,454,404,"88,99",380,24,"94,06",50,"11,01",14,36,"7,93"
313657,JOSENÓPOLIS,MG,07/2022,446,392,"87,89",378,14,"96,43",54,"12,11",7,47,"10,54"
313657,JOSENÓPOLIS,MG,11/2022,400,375,"93,75",339,36,"90,40",25,"6,25",1,24,"6,00"
313657,JOSENÓPOLIS,MG,09/2022,408,381,"93,38",367,14,"96,33",27,"6,62",5,22,"5,39"
313660,NOVA UNIÃO,MG,11/2022,446,384,"86,10",378,6,"98,44",62,"13,90",0,62,"13,90"
313660,NOVA UNIÃO,MG,09/2022,454,351,"77,31",347,4,"98,86",103,"22,69",42,61,"13,44"
313660,NOVA UNIÃO,MG,07/2022,432,242,"56,02",239,3,"98,76",190,"43,98",2,188,"43,52"
313665,JUATUBA,MG,07/2022,2159,1730,"80,13",1730,0,"100,00",429,"19,87",11,418,"19,36"
313665,JUATUBA,MG,09/2022,2275,1879,"82,59",1875,4,"99,79",396,"17,41",23,373,"16,40"
313665,JUATUBA,MG,11/2022,2261,2086,"92,26",2086,0,"100,00",175,"7,74",10,165,"7,30"
313670,JUIZ DE FORA,MG,11/2022,17822,13109,"73,56",12156,953,"92,73",4713,"26,44",34,4679,"26,25"
313670,JUIZ DE FORA,MG,09/2022,17614,12570,"71,36",11672,898,"92,86",5044,"28,64",396,4648,"26,39"
313670,JUIZ DE FORA,MG,07/2022,17554,11876,"67,65",11328,548,"95,39",5678,"32,35",207,5471,"31,17"
313680,JURAMENTO,MG,07/2022,329,304,"92,40",280,24,"92,11",25,"7,60",10,15,"4,56"
313680,JURAMENTO,MG,11/2022,321,305,"95,02",300,5,"98,36",16,"4,98",4,12,"3,74"
313680,JURAMENTO,MG,09/2022,322,307,"95,34",287,20,"93,49",15,"4,66",2,13,"4,04"
313690,JURUAIA,MG,11/2022,332,274,"82,53",258,16,"94,16",58,"17,47",0,58,"17,47"
313690,JURUAIA,MG,09/2022,339,276,"81,42",250,26,"90,58",63,"18,58",4,59,"17,40"
313690,JURUAIA,MG,07/2022,343,206,"60,06",185,21,"89,81",137,"39,94",2,135,"39,36"
313695,JUVENÍLIA,MG,07/2022,665,447,"67,22",447,0,"100,00",218,"32,78",174,44,"6,62"
313695,JUVENÍLIA,MG,11/2022,651,461,"70,81",460,1,"99,78",190,"29,19",130,60,"9,22"
313695,JUVENÍLIA,MG,09/2022,666,598,"89,79",598,0,"100,00",68,"10,21",7,61,"9,16"
313700,LADAINHA,MG,11/2022,1625,1375,"84,62",1375,0,"100,00",250,"15,38",3,247,"15,20"
313700,LADAINHA,MG,09/2022,1652,1164,"70,46",1163,1,"99,91",488,"29,54",4,484,"29,30"
313700,LADAINHA,MG,07/2022,1656,1247,"75,30",1247,0,"100,00",409,"24,70",2,407,"24,58"
313710,LAGAMAR,MG,07/2022,385,319,"82,86",285,34,"89,34",66,"17,14",1,65,"16,88"
313710,LAGAMAR,MG,09/2022,389,319,"82,01",305,14,"95,61",70,"17,99",1,69,"17,74"
313710,LAGAMAR,MG,11/2022,389,316,"81,23",303,13,"95,89",73,"18,77",1,72,"18,51"
313720,LAGOA DA PRATA,MG,09/2022,1887,1457,"77,21",1408,49,"96,64",430,"22,79",29,401,"21,25"
313720,LAGOA DA PRATA,MG,11/2022,1860,1383,"74,35",1345,38,"97,25",477,"25,65",124,353,"18,98"
313720,LAGOA DA PRATA,MG,07/2022,1776,1173,"66,05",1121,52,"95,57",603,"33,95",127,476,"26,80"
313730,LAGOA DOS PATOS,MG,07/2022,401,322,"80,30",299,23,"92,86",79,"19,70",3,76,"18,95"
313730,LAGOA DOS PATOS,MG,11/2022,378,346,"91,53",308,38,"89,02",32,"8,47",1,31,"8,20"
313730,LAGOA DOS PATOS,MG,09/2022,393,323,"82,19",315,8,"97,52",70,"17,81",1,69,"17,56"
313740,LAGOA DOURADA,MG,09/2022,618,598,"96,76",572,26,"95,65",20,"3,24",5,15,"2,43"
313740,LAGOA DOURADA,MG,11/2022,607,589,"97,03",568,21,"96,43",18,"2,97",5,13,"2,14"
313740,LAGOA DOURADA,MG,07/2022,641,604,"94,23",585,19,"96,85",37,"5,77",0,37,"5,77"
313750,LAGOA FORMOSA,MG,07/2022,845,0,"0,00",0,0,,845,"100,00",547,298,"35,27"
313750,LAGOA FORMOSA,MG,11/2022,908,273,"30,07",270,3,"98,90",635,"69,93",523,112,"12,33"
313750,LAGOA FORMOSA,MG,09/2022,921,607,"65,91",607,0,"100,00",314,"34,09",10,304,"33,01"
313753,LAGOA GRANDE,MG,09/2022,594,458,"77,10",447,11,"97,60",136,"22,90",26,110,"18,52"
313753,LAGOA GRANDE,MG,11/2022,593,484,"81,62",481,3,"99,38",109,"18,38",1,108,"18,21"
313753,LAGOA GRANDE,MG,07/2022,598,463,"77,42",461,2,"99,57",135,"22,58",4,131,"21,91"
313760,LAGOA SANTA,MG,07/2022,2154,1638,"76,04",1486,152,"90,72",516,"23,96",9,507,"23,54"
313760,LAGOA SANTA,MG,11/2022,2302,1861,"80,84",1753,108,"94,20",441,"19,16",10,431,"18,72"
313760,LAGOA SANTA,MG,09/2022,2301,1767,"76,79",1651,116,"93,44",534,"23,21",17,517,"22,47"
313770,LAJINHA,MG,09/2022,1769,1365,"77,16",1334,31,"97,73",404,"22,84",129,275,"15,55"
313770,LAJINHA,MG,11/2022,1810,1508,"83,31",1508,0,"100,00",302,"16,69",12,290,"16,02"
313770,LAJINHA,MG,07/2022,1824,1161,"63,65",1131,30,"97,42",663,"36,35",383,280,"15,35"
313780,LAMBARI,MG,07/2022,1041,445,"42,75",291,154,"65,39",596,"57,25",349,247,"23,73"
313780,LAMBARI,MG,11/2022,1013,576,"56,86",518,58,"89,93",437,"43,14",25,412,"40,67"
313780,LAMBARI,MG,09/2022,1019,559,"54,86",430,129,"76,92",460,"45,14",28,432,"42,39"
313790,LAMIM,MG,09/2022,267,257,"96,25",256,1,"99,61",10,"3,75",0,10,"3,75"
313790,LAMIM,MG,11/2022,264,255,"96,59",255,0,"100,00",9,"3,41",0,9,"3,41"
313790,LAMIM,MG,07/2022,273,268,"98,17",268,0,"100,00",5,"1,83",0,5,"1,83"
313800,LARANJAL,MG,07/2022,312,273,"87,50",264,9,"96,70",39,"12,50",36,3,"0,96"
313800,LARANJAL,MG,11/2022,316,289,"91,46",288,1,"99,65",27,"8,54",21,6,"1,90"
313800,LARANJAL,MG,09/2022,300,276,"92,00",270,6,"97,83",24,"8,00",23,1,"0,33"
313810,LASSANCE,MG,11/2022,640,526,"82,19",526,0,"100,00",114,"17,81",1,113,"17,66"
313810,LASSANCE,MG,09/2022,655,544,"83,05",544,0,"100,00",111,"16,95",2,109,"16,64"
313810,LASSANCE,MG,07/2022,650,541,"83,23",540,1,"99,82",109,"16,77",1,108,"16,62"
313820,LAVRAS,MG,07/2022,3626,1803,"49,72",1762,41,"97,73",1823,"50,28",335,1488,"41,04"
313820,LAVRAS,MG,09/2022,3739,1956,"52,31",1899,57,"97,09",1783,"47,69",223,1560,"41,72"
313820,LAVRAS,MG,11/2022,3738,2149,"57,49",2134,15,"99,30",1589,"42,51",23,1566,"41,89"
313830,LEANDRO FERREIRA,MG,11/2022,154,133,"86,36",133,0,"100,00",21,"13,64",0,21,"13,64"
313830,LEANDRO FERREIRA,MG,09/2022,149,120,"80,54",120,0,"100,00",29,"19,46",0,29,"19,46"
313830,LEANDRO FERREIRA,MG,07/2022,153,123,"80,39",109,14,"88,62",30,"19,61",0,30,"19,61"
313835,LEME DO PRADO,MG,07/2022,289,0,"0,00",0,0,,289,"100,00",207,82,"28,37"
313835,LEME DO PRADO,MG,11/2022,282,212,"75,18",212,0,"100,00",70,"24,82",0,70,"24,82"
313835,LEME DO PRADO,MG,09/2022,297,216,"72,73",216,0,"100,00",81,"27,27",1,80,"26,94"
313840,LEOPOLDINA,MG,11/2022,2442,1385,"56,72",1343,42,"96,97",1057,"43,28",68,989,"40,50"
313840,LEOPOLDINA,MG,09/2022,2481,1300,"52,40",1256,44,"96,62",1181,"47,60",184,997,"40,19"
313840,LEOPOLDINA,MG,07/2022,2471,1582,"64,02",1527,55,"96,52",889,"35,98",4,885,"35,82"
313850,LIBERDADE,MG,07/2022,300,267,"89,00",253,14,"94,76",33,"11,00",4,29,"9,67"
313850,LIBERDADE,MG,09/2022,297,268,"90,24",266,2,"99,25",29,"9,76",0,29,"9,76"
313850,LIBERDADE,MG,11/2022,293,260,"88,74",236,24,"90,77",33,"11,26",1,32,"10,92"
313860,LIMA DUARTE,MG,09/2022,922,644,"69,85",628,16,"97,52",278,"30,15",11,267,"28,96"
313860,LIMA DUARTE,MG,11/2022,929,654,"70,40",637,17,"97,40",275,"29,60",11,264,"28,42"
313860,LIMA DUARTE,MG,07/2022,926,633,"68,36",582,51,"91,94",293,"31,64",34,259,"27,97"
313862,LIMEIRA DO OESTE,MG,07/2022,303,285,"94,06",285,0,"100,00",18,"5,94",1,17,"5,61"
313862,LIMEIRA DO OESTE,MG,11/2022,311,293,"94,21",291,2,"99,32",18,"5,79",0,18,"5,79"
313862,LIMEIRA DO OESTE,MG,09/2022,306,290,"94,77",290,0,"100,00",16,"5,23",7,9,"2,94"
313865,LONTRA,MG,11/2022,898,701,"78,06",701,0,"100,00",197,"21,94",11,186,"20,71"
313865,LONTRA,MG,09/2022,912,719,"78,84",719,0,"100,00",193,"21,16",10,183,"20,07"
313865,LONTRA,MG,07/2022,898,713,"79,40",713,0,"100,00",185,"20,60",9,176,"19,60"
313867,LUISBURGO,MG,07/2022,591,494,"83,59",463,31,"93,72",97,"16,41",10,87,"14,72"
313867,LUISBURGO,MG,11/2022,579,475,"82,04",323,152,"68,00",104,"17,96",51,53,"9,15"
313867,LUISBURGO,MG,09/2022,575,511,"88,87",469,42,"91,78",64,"11,13",18,46,"8,00"
313868,LUISLÂNDIA,MG,09/2022,734,665,"90,60",647,18,"97,29",69,"9,40",4,65,"8,86"
313868,LUISLÂNDIA,MG,11/2022,711,643,"90,44",633,10,"98,44",68,"9,56",4,64,"9,00"
313868,LUISLÂNDIA,MG,07/2022,738,677,"91,73",670,7,"98,97",61,"8,27",0,61,"8,27"
313870,LUMINÁRIAS,MG,07/2022,278,231,"83,09",231,0,"100,00",47,"16,91",1,46,"16,55"
313870,LUMINÁRIAS,MG,11/2022,278,238,"85,61",238,0,"100,00",40,"14,39",0,40,"14,39"
313870,LUMINÁRIAS,MG,09/2022,275,235,"85,45",235,0,"100,00",40,"14,55",0,40,"14,55"
313880,LUZ,MG,11/2022,697,503,"72,17",471,32,"93,64",194,"27,83",37,157,"22,53"
313880,LUZ,MG,09/2022,710,419,"59,01",362,57,"86,40",291,"40,99",133,158,"22,25"
313880,LUZ,MG,07/2022,647,492,"76,04",445,47,"90,45",155,"23,96",28,127,"19,63"
313890,MACHACALIS,MG,07/2022,605,405,"66,94",404,1,"99,75",200,"33,06",10,190,"31,40"
313890,MACHACALIS,MG,09/2022,603,433,"71,81",433,0,"100,00",170,"28,19",4,166,"27,53"
313890,MACHACALIS,MG,11/2022,596,434,"72,82",434,0,"100,00",162,"27,18",2,160,"26,85"
313900,MACHADO,MG,11/2022,1550,1407,"90,77",1354,53,"96,23",143,"9,23",7,136,"8,77"
313900,MACHADO,MG,09/2022,1550,1474,"95,10",1380,94,"93,62",76,"4,90",14,62,"4,00"
313900,MACHADO,MG,07/2022,1547,1174,"75,89",1112,62,"94,72",373,"24,11",9,364,"23,53"
313910,MADRE DE DEUS DE MINAS,MG,07/2022,235,187,"79,57",187,0,"100,00",48,"20,43",13,35,"14,89"
313910,MADRE DE DEUS DE MINAS,MG,09/2022,246,204,"82,93",203,1,"99,51",42,"17,07",3,39,"15,85"
313910,MADRE DE DEUS DE MINAS,MG,11/2022,251,211,"84,06",209,2,"99,05",40,"15,94",0,40,"15,94"
313920,MALACACHETA,MG,11/2022,1380,1176,"85,22",1148,28,"97,62",204,"14,78",3,201,"14,57"
313920,MALACACHETA,MG,09/2022,1397,881,"63,06",836,45,"94,89",516,"36,94",189,327,"23,41"
313920,MALACACHETA,MG,07/2022,1429,1136,"79,50",1109,27,"97,62",293,"20,50",2,291,"20,36"
313925,MAMONAS,MG,07/2022,444,416,"93,69",415,1,"99,76",28,"6,31",0,28,"6,31"
313925,MAMONAS,MG,09/2022,451,409,"90,69",408,1,"99,76",42,"9,31",5,37,"8,20"
313925,MAMONAS,MG,11/2022,435,413,"94,94",413,0,"100,00",22,"5,06",0,22,"5,06"
313930,MANGA,MG,09/2022,2043,1065,"52,13",1060,5,"99,53",978,"47,87",294,684,"33,48"
313930,MANGA,MG,11/2022,2030,1364,"67,19",1344,20,"98,53",666,"32,81",10,656,"32,32"
313930,MANGA,MG,07/2022,2106,1408,"66,86",1385,23,"98,37",698,"33,14",5,693,"32,91"
313940,MANHUAÇU,MG,07/2022,3396,2419,"71,23",2419,0,"100,00",977,"28,77",5,972,"28,62"
313940,MANHUAÇU,MG,11/2022,3479,2758,"79,28",2757,1,"99,96",721,"20,72",2,719,"20,67"
313940,MANHUAÇU,MG,09/2022,3474,2491,"71,70",2491,0,"100,00",983,"28,30",6,977,"28,12"
313950,MANHUMIRIM,MG,11/2022,1611,1133,"70,33",1076,57,"94,97",478,"29,67",348,130,"8,07"
313950,MANHUMIRIM,MG,09/2022,1637,845,"51,62",820,25,"97,04",792,"48,38",597,195,"11,91"
313950,MANHUMIRIM,MG,07/2022,1564,741,"47,38",706,35,"95,28",823,"52,62",557,266,"17,01"
313960,MANTENA,MG,07/2022,1461,1216,"83,23",1216,0,"100,00",245,"16,77",135,110,"7,53"
313960,MANTENA,MG,09/2022,1439,1282,"89,09",1282,0,"100,00",157,"10,91",35,122,"8,48"
313960,MANTENA,MG,11/2022,1487,1351,"90,85",1351,0,"100,00",136,"9,15",2,134,"9,01"
313970,MARAVILHAS,MG,11/2022,530,319,"60,19",317,2,"99,37",211,"39,81",13,198,"37,36"
313970,MARAVILHAS,MG,09/2022,544,314,"57,72",313,1,"99,68",230,"42,28",24,206,"37,87"
313970,MARAVILHAS,MG,07/2022,552,323,"58,51",320,3,"99,07",229,"41,49",25,204,"36,96"
313980,MAR DE ESPANHA,MG,07/2022,494,442,"89,47",442,0,"100,00",52,"10,53",2,50,"10,12"
313980,MAR DE ESPANHA,MG,11/2022,543,487,"89,69",487,0,"100,00",56,"10,31",2,54,"9,94"
313980,MAR DE ESPANHA,MG,09/2022,531,473,"89,08",473,0,"100,00",58,"10,92",1,57,"10,73"
313990,MARIA DA FÉ,MG,09/2022,752,618,"82,18",596,22,"96,44",134,"17,82",95,39,"5,19"
313990,MARIA DA FÉ,MG,11/2022,767,696,"90,74",676,20,"97,13",71,"9,26",16,55,"7,17"
313990,MARIA DA FÉ,MG,07/2022,748,612,"81,82",600,12,"98,04",136,"18,18",16,120,"16,04"
314000,MARIANA,MG,07/2022,4065,3036,"74,69",2978,58,"98,09",1029,"25,31",178,851,"20,93"
314000,MARIANA,MG,09/2022,4135,2707,"65,47",2658,49,"98,19",1428,"34,53",559,869,"21,02"
314000,MARIANA,MG,11/2022,4076,3221,"79,02",3170,51,"98,42",855,"20,98",25,830,"20,36"
314010,MARILAC,MG,11/2022,442,402,"90,95",402,0,"100,00",40,"9,05",5,35,"7,92"
314010,MARILAC,MG,09/2022,454,410,"90,31",410,0,"100,00",44,"9,69",4,40,"8,81"
314010,MARILAC,MG,07/2022,447,411,"91,95",411,0,"100,00",36,"8,05",2,34,"7,61"
314015,MÁRIO CAMPOS,MG,07/2022,800,728,"91,00",670,58,"92,03",72,"9,00",22,50,"6,25"
314015,MÁRIO CAMPOS,MG,11/2022,847,784,"92,56",769,15,"98,09",63,"7,44",5,58,"6,85"
314015,MÁRIO CAMPOS,MG,09/2022,826,781,"94,55",723,58,"92,57",45,"5,45",9,36,"4,36"
314020,MARIPÁ DE MINAS,MG,11/2022,168,163,"97,02",162,1,"99,39",5,"2,98",0,5,"2,98"
314020,MARIPÁ DE MINAS,MG,09/2022,169,152,"89,94",152,0,"100,00",17,"10,06",0,17,"10,06"
314020,MARIPÁ DE MINAS,MG,07/2022,171,153,"89,47",153,0,"100,00",18,"10,53",2,16,"9,36"
314030,MARLIÉRIA,MG,07/2022,291,238,"81,79",211,27,"88,66",53,"18,21",0,53,"18,21"
314030,MARLIÉRIA,MG,11/2022,278,248,"89,21",246,2,"99,19",30,"10,79",0,30,"10,79"
314030,MARLIÉRIA,MG,09/2022,287,217,"75,61",203,14,"93,55",70,"24,39",20,50,"17,42"
314040,MARMELÓPOLIS,MG,09/2022,205,190,"92,68",190,0,"100,00",15,"7,32",15,0,"0,00"
314040,MARMELÓPOLIS,MG,11/2022,204,204,"100,00",200,4,"98,04",0,"0,00",0,0,"0,00"
314040,MARMELÓPOLIS,MG,07/2022,200,199,"99,50",199,0,"100,00",1,"0,50",1,0,"0,00"
314050,MARTINHO CAMPOS,MG,07/2022,625,540,"86,40",502,38,"92,96",85,"13,60",5,80,"12,80"
314050,MARTINHO CAMPOS,MG,11/2022,632,564,"89,24",538,26,"95,39",68,"10,76",0,68,"10,76"
314050,MARTINHO CAMPOS,MG,09/2022,642,435,"67,76",426,9,"97,93",207,"32,24",114,93,"14,49"
314053,MARTINS SOARES,MG,11/2022,783,697,"89,02",697,0,"100,00",86,"10,98",13,73,"9,32"
314053,MARTINS SOARES,MG,09/2022,819,661,"80,71",661,0,"100,00",158,"19,29",20,138,"16,85"
314053,MARTINS SOARES,MG,07/2022,786,650,"82,70",650,0,"100,00",136,"17,30",1,135,"17,18"
314055,MATA VERDE,MG,07/2022,853,650,"76,20",650,0,"100,00",203,"23,80",27,176,"20,63"
314055,MATA VERDE,MG,11/2022,871,677,"77,73",677,0,"100,00",194,"22,27",17,177,"20,32"
314055,MATA VERDE,MG,09/2022,888,681,"76,69",679,2,"99,71",207,"23,31",21,186,"20,95"
314060,MATERLÂNDIA,MG,11/2022,477,418,"87,63",418,0,"100,00",59,"12,37",1,58,"12,16"
314060,MATERLÂNDIA,MG,09/2022,478,423,"88,49",423,0,"100,00",55,"11,51",1,54,"11,30"
314060,MATERLÂNDIA,MG,07/2022,489,282,"57,67",282,0,"100,00",207,"42,33",154,53,"10,84"
314070,MATEUS LEME,MG,07/2022,2137,1400,"65,51",1324,76,"94,57",737,"34,49",363,374,"17,50"
314070,MATEUS LEME,MG,09/2022,2131,1245,"58,42",1155,90,"92,77",886,"41,58",494,392,"18,40"
314070,MATEUS LEME,MG,11/2022,2142,1533,"71,57",1471,62,"95,96",609,"28,43",298,311,"14,52"
314080,MATIAS BARBOSA,MG,11/2022,591,511,"86,46",475,36,"92,95",80,"13,54",1,79,"13,37"
314080,MATIAS BARBOSA,MG,09/2022,589,498,"84,55",435,63,"87,35",91,"15,45",3,88,"14,94"
314080,MATIAS BARBOSA,MG,07/2022,567,478,"84,30",441,37,"92,26",89,"15,70",4,85,"14,99"
314085,MATIAS CARDOSO,MG,07/2022,1107,1003,"90,61",1003,0,"100,00",104,"9,39",4,100,"9,03"
314085,MATIAS CARDOSO,MG,09/2022,1122,1006,"89,66",1006,0,"100,00",116,"10,34",8,108,"9,63"
314085,MATIAS CARDOSO,MG,11/2022,1076,648,"60,22",648,0,"100,00",428,"39,78",293,135,"12,55"
314090,MATIPÓ,MG,09/2022,2045,1192,"58,29",1186,6,"99,50",853,"41,71",31,822,"40,20"
314090,MATIPÓ,MG,11/2022,1987,1467,"73,83",1460,7,"99,52",520,"26,17",13,507,"25,52"
314090,MATIPÓ,MG,07/2022,2015,1421,"70,52",1421,0,"100,00",594,"29,48",278,316,"15,68"
314100,MATO VERDE,MG,07/2022,926,796,"85,96",794,2,"99,75",130,"14,04",29,101,"10,91"
314100,MATO VERDE,MG,09/2022,880,592,"67,27",592,0,"100,00",288,"32,73",262,26,"2,95"
314100,MATO VERDE,MG,11/2022,877,840,"95,78",839,1,"99,88",37,"4,22",2,35,"3,99"
314110,MATOZINHOS,MG,09/2022,2018,949,"47,03",923,26,"97,26",1069,"52,97",357,712,"35,28"
314110,MATOZINHOS,MG,11/2022,1967,1399,"71,12",1371,28,"98,00",568,"28,88",128,440,"22,37"
314110,MATOZINHOS,MG,07/2022,2004,991,"49,45",958,33,"96,67",1013,"50,55",260,753,"37,57"
314120,MATUTINA,MG,07/2022,110,76,"69,09",72,4,"94,74",34,"30,91",3,31,"28,18"
314120,MATUTINA,MG,11/2022,123,83,"67,48",81,2,"97,59",40,"32,52",2,38,"30,89"
314120,MATUTINA,MG,09/2022,117,80,"68,38",70,10,"87,50",37,"31,62",1,36,"30,77"
314130,MEDEIROS,MG,11/2022,225,218,"96,89",218,0,"100,00",7,"3,11",2,5,"2,22"
314130,MEDEIROS,MG,09/2022,223,193,"86,55",193,0,"100,00",30,"13,45",0,30,"13,45"
314130,MEDEIROS,MG,07/2022,197,12,"6,09",12,0,"100,00",185,"93,91",161,24,"12,18"
314140,MEDINA,MG,07/2022,1636,864,"52,81",851,13,"98,50",772,"47,19",541,231,"14,12"
314140,MEDINA,MG,11/2022,1585,1003,"63,28",983,20,"98,01",582,"36,72",369,213,"13,44"
314140,MEDINA,MG,09/2022,1620,1131,"69,81",1115,16,"98,59",489,"30,19",225,264,"16,30"
314150,MENDES PIMENTEL,MG,09/2022,413,353,"85,47",353,0,"100,00",60,"14,53",1,59,"14,29"
314150,MENDES PIMENTEL,MG,11/2022,416,354,"85,10",354,0,"100,00",62,"14,90",0,62,"14,90"
314150,MENDES PIMENTEL,MG,07/2022,426,361,"84,74",361,0,"100,00",65,"15,26",6,59,"13,85"
314160,MERCÊS,MG,07/2022,630,1,"0,16",0,1,"0,00",629,"99,84",430,199,"31,59"
314160,MERCÊS,MG,11/2022,587,111,"18,91",105,6,"94,59",476,"81,09",296,180,"30,66"
314160,MERCÊS,MG,09/2022,616,407,"66,07",390,17,"95,82",209,"33,93",1,208,"33,77"
314170,MESQUITA,MG,09/2022,317,288,"90,85",276,12,"95,83",29,"9,15",1,28,"8,83"
314170,MESQUITA,MG,11/2022,321,286,"89,10",265,21,"92,66",35,"10,90",0,35,"10,90"
314170,MESQUITA,MG,07/2022,317,292,"92,11",284,8,"97,26",25,"7,89",0,25,"7,89"
314180,MINAS NOVAS,MG,07/2022,2253,1649,"73,19",1644,5,"99,70",604,"26,81",57,547,"24,28"
314180,MINAS NOVAS,MG,11/2022,2136,1589,"74,39",1587,2,"99,87",547,"25,61",118,429,"20,08"
314180,MINAS NOVAS,MG,09/2022,2208,1660,"75,18",1652,8,"99,52",548,"24,82",103,445,"20,15"
314190,MINDURI,MG,11/2022,210,205,"97,62",191,14,"93,17",5,"2,38",1,4,"1,90"
314190,MINDURI,MG,09/2022,220,219,"99,55",205,14,"93,61",1,"0,45",1,0,"0,00"
314190,MINDURI,MG,07/2022,225,218,"96,89",196,22,"89,91",7,"3,11",0,7,"3,11"
314200,MIRABELA,MG,07/2022,1094,650,"59,41",650,0,"100,00",444,"40,59",98,346,"31,63"
314200,MIRABELA,MG,11/2022,1054,708,"67,17",707,1,"99,86",346,"32,83",1,345,"32,73"
314200,MIRABELA,MG,09/2022,1073,677,"63,09",675,2,"99,70",396,"36,91",36,360,"33,55"
314210,MIRADOURO,MG,09/2022,549,306,"55,74",304,2,"99,35",243,"44,26",140,103,"18,76"
314210,MIRADOURO,MG,11/2022,541,473,"87,43",470,3,"99,37",68,"12,57",4,64,"11,83"
314210,MIRADOURO,MG,07/2022,586,509,"86,86",508,1,"99,80",77,"13,14",15,62,"10,58"
314220,MIRAÍ,MG,07/2022,599,428,"71,45",428,0,"100,00",171,"28,55",133,38,"6,34"
314220,MIRAÍ,MG,09/2022,613,576,"93,96",576,0,"100,00",37,"6,04",1,36,"5,87"
314220,MIRAÍ,MG,11/2022,598,499,"83,44",498,1,"99,80",99,"16,56",71,28,"4,68"
314225,MIRAVÂNIA,MG,11/2022,373,362,"97,05",348,14,"96,13",11,"2,95",2,9,"2,41"
314225,MIRAVÂNIA,MG,09/2022,390,363,"93,08",353,10,"97,25",27,"6,92",18,9,"2,31"
314225,MIRAVÂNIA,MG,07/2022,425,327,"76,94",326,1,"99,69",98,"23,06",2,96,"22,59"
314230,MOEDA,MG,07/2022,321,292,"90,97",285,7,"97,60",29,"9,03",5,24,"7,48"
314230,MOEDA,MG,09/2022,327,307,"93,88",283,24,"92,18",20,"6,12",6,14,"4,28"
314230,MOEDA,MG,11/2022,319,295,"92,48",270,25,"91,53",24,"7,52",4,20,"6,27"
314240,MOEMA,MG,11/2022,378,123,"32,54",122,1,"99,19",255,"67,46",181,74,"19,58"
314240,MOEMA,MG,09/2022,418,334,"79,90",329,5,"98,50",84,"20,10",4,80,"19,14"
314240,MOEMA,MG,07/2022,378,98,"25,93",96,2,"97,96",280,"74,07",202,78,"20,63"
314250,MONJOLOS,MG,07/2022,110,0,"0,00",0,0,,110,"100,00",104,6,"5,45"
314250,MONJOLOS,MG,09/2022,115,109,"94,78",109,0,"100,00",6,"5,22",0,6,"5,22"
314250,MONJOLOS,MG,11/2022,111,92,"82,88",91,1,"98,91",19,"17,12",13,6,"5,41"
314260,MONSENHOR PAULO,MG,09/2022,443,377,"85,10",377,0,"100,00",66,"14,90",21,45,"10,16"
314260,MONSENHOR PAULO,MG,11/2022,432,389,"90,05",389,0,"100,00",43,"9,95",1,42,"9,72"
314260,MONSENHOR PAULO,MG,07/2022,435,271,"62,30",271,0,"100,00",164,"37,70",118,46,"10,57"
314270,MONTALVÂNIA,MG,07/2022,1483,1299,"87,59",1299,0,"100,00",184,"12,41",56,128,"8,63"
314270,MONTALVÂNIA,MG,11/2022,1432,1271,"88,76",1271,0,"100,00",161,"11,24",34,127,"8,87"
314270,MONTALVÂNIA,MG,09/2022,1458,1289,"88,41",1289,0,"100,00",169,"11,59",44,125,"8,57"
314280,MONTE ALEGRE DE MINAS,MG,09/2022,1065,941,"88,36",940,1,"99,89",124,"11,64",2,122,"11,46"
314280,MONTE ALEGRE DE MINAS,MG,11/2022,1076,947,"88,01",945,2,"99,79",129,"11,99",0,129,"11,99"
314280,MONTE ALEGRE DE MINAS,MG,07/2022,1049,891,"84,94",890,1,"99,89",158,"15,06",4,154,"14,68"
314290,MONTE AZUL,MG,07/2022,1502,1196,"79,63",1192,4,"99,67",306,"20,37",13,293,"19,51"
314290,MONTE AZUL,MG,11/2022,1464,1179,"80,53",1179,0,"100,00",285,"19,47",3,282,"19,26"
314290,MONTE AZUL,MG,09/2022,1469,1175,"79,99",1174,1,"99,91",294,"20,01",1,293,"19,95"
314300,MONTE BELO,MG,11/2022,543,520,"95,76",504,16,"96,92",23,"4,24",0,23,"4,24"
314300,MONTE BELO,MG,09/2022,560,526,"93,93",495,31,"94,11",34,"6,07",5,29,"5,18"
314300,MONTE BELO,MG,07/2022,567,536,"94,53",479,57,"89,37",31,"5,47",0,31,"5,47"
314310,MONTE CARMELO,MG,07/2022,1221,875,"71,66",875,0,"100,00",346,"28,34",1,345,"28,26"
314310,MONTE CARMELO,MG,11/2022,1208,1032,"85,43",1032,0,"100,00",176,"14,57",1,175,"14,49"
314310,MONTE CARMELO,MG,09/2022,1240,896,"72,26",892,4,"99,55",344,"27,74",6,338,"27,26"
314315,MONTE FORMOSO,MG,09/2022,496,447,"90,12",447,0,"100,00",49,"9,88",7,42,"8,47"
314315,MONTE FORMOSO,MG,11/2022,490,446,"91,02",446,0,"100,00",44,"8,98",2,42,"8,57"
314315,MONTE FORMOSO,MG,07/2022,495,210,"42,42",210,0,"100,00",285,"57,58",249,36,"7,27"
314320,MONTE SANTO DE MINAS,MG,07/2022,1004,919,"91,53",918,1,"99,89",85,"8,47",3,82,"8,17"
314320,MONTE SANTO DE MINAS,MG,11/2022,1027,933,"90,85",933,0,"100,00",94,"9,15",1,93,"9,06"
314320,MONTE SANTO DE MINAS,MG,09/2022,1037,946,"91,22",946,0,"100,00",91,"8,78",2,89,"8,58"
314330,MONTES CLAROS,MG,11/2022,18135,10052,"55,43",9849,203,"97,98",8083,"44,57",337,7746,"42,71"
314330,MONTES CLAROS,MG,09/2022,18132,9139,"50,40",8828,311,"96,60",8993,"49,60",48,8945,"49,33"
314330,MONTES CLAROS,MG,07/2022,17950,8252,"45,97",8170,82,"99,01",9698,"54,03",765,8933,"49,77"
314340,MONTE SIÃO,MG,07/2022,625,599,"95,84",599,0,"100,00",26,"4,16",1,25,"4,00"
314340,MONTE SIÃO,MG,11/2022,714,583,"81,65",583,0,"100,00",131,"18,35",85,46,"6,44"
314340,MONTE SIÃO,MG,09/2022,679,644,"94,85",644,0,"100,00",35,"5,15",1,34,"5,01"
314345,MONTEZUMA,MG,11/2022,583,523,"89,71",518,5,"99,04",60,"10,29",0,60,"10,29"
314345,MONTEZUMA,MG,09/2022,594,345,"58,08",343,2,"99,42",249,"41,92",107,142,"23,91"
314345,MONTEZUMA,MG,07/2022,610,437,"71,64",421,16,"96,34",173,"28,36",4,169,"27,70"
314350,MORADA NOVA DE MINAS,MG,07/2022,224,155,"69,20",141,14,"90,97",69,"30,80",9,60,"26,79"
314350,MORADA NOVA DE MINAS,MG,09/2022,239,167,"69,87",153,14,"91,62",72,"30,13",6,66,"27,62"
314350,MORADA NOVA DE MINAS,MG,11/2022,235,212,"90,21",189,23,"89,15",23,"9,79",5,18,"7,66"
314360,MORRO DA GARÇA,MG,09/2022,120,113,"94,17",97,16,"85,84",7,"5,83",5,2,"1,67"
314360,MORRO DA GARÇA,MG,11/2022,116,113,"97,41",105,8,"92,92",3,"2,59",2,1,"0,86"
314360,MORRO DA GARÇA,MG,07/2022,124,117,"94,35",90,27,"76,92",7,"5,65",2,5,"4,03"
314370,MORRO DO PILAR,MG,07/2022,280,184,"65,71",184,0,"100,00",96,"34,29",3,93,"33,21"
314370,MORRO DO PILAR,MG,09/2022,275,184,"66,91",184,0,"100,00",91,"33,09",0,91,"33,09"
314370,MORRO DO PILAR,MG,11/2022,272,229,"84,19",213,16,"93,01",43,"15,81",0,43,"15,81"
314380,MUNHOZ,MG,09/2022,430,391,"90,93",390,1,"99,74",39,"9,07",1,38,"8,84"
314380,MUNHOZ,MG,11/2022,392,161,"41,07",156,5,"96,89",231,"58,93",193,38,"9,69"
314380,MUNHOZ,MG,07/2022,417,324,"77,70",324,0,"100,00",93,"22,30",56,37,"8,87"
314390,MURIAÉ,MG,07/2022,4028,3017,"74,90",2959,58,"98,08",1011,"25,10",15,996,"24,73"
314390,MURIAÉ,MG,09/2022,4064,3029,"74,53",2976,53,"98,25",1035,"25,47",31,1004,"24,70"
314390,MURIAÉ,MG,11/2022,4098,2595,"63,32",2502,93,"96,42",1503,"36,68",511,992,"24,21"
314400,MUTUM,MG,11/2022,1779,1102,"61,94",1081,21,"98,09",677,"38,06",170,507,"28,50"
314400,MUTUM,MG,09/2022,1821,1033,"56,73",1024,9,"99,13",788,"43,27",143,645,"35,42"
314400,MUTUM,MG,07/2022,1809,252,"13,93",240,12,"95,24",1557,"86,07",893,664,"36,71"
314410,MUZAMBINHO,MG,07/2022,893,862,"96,53",771,91,"89,44",31,"3,47",3,28,"3,14"
314410,MUZAMBINHO,MG,09/2022,913,881,"96,50",793,88,"90,01",32,"3,50",5,27,"2,96"
314410,MUZAMBINHO,MG,11/2022,897,867,"96,66",799,68,"92,16",30,"3,34",5,25,"2,79"
314420,NACIP RAYDAN,MG,09/2022,198,176,"88,89",176,0,"100,00",22,"11,11",12,10,"5,05"
314420,NACIP RAYDAN,MG,11/2022,202,182,"90,10",181,1,"99,45",20,"9,90",0,20,"9,90"
314420,NACIP RAYDAN,MG,07/2022,207,168,"81,16",168,0,"100,00",39,"18,84",0,39,"18,84"
314430,NANUQUE,MG,07/2022,2431,1348,"55,45",1318,30,"97,77",1083,"44,55",15,1068,"43,93"
314430,NANUQUE,MG,11/2022,2393,1304,"54,49",1273,31,"97,62",1089,"45,51",15,1074,"44,88"
314430,NANUQUE,MG,09/2022,2433,1335,"54,87",1297,38,"97,15",1098,"45,13",16,1082,"44,47"
314435,NAQUE,MG,11/2022,687,560,"81,51",555,5,"99,11",127,"18,49",31,96,"13,97"
314435,NAQUE,MG,09/2022,698,616,"88,25",599,17,"97,24",82,"11,75",3,79,"11,32"
314435,NAQUE,MG,07/2022,691,658,"95,22",658,0,"100,00",33,"4,78",1,32,"4,63"
314437,NATALÂNDIA,MG,07/2022,316,270,"85,44",264,6,"97,78",46,"14,56",0,46,"14,56"
314437,NATALÂNDIA,MG,09/2022,333,283,"84,98",279,4,"98,59",50,"15,02",1,49,"14,71"
314437,NATALÂNDIA,MG,11/2022,325,288,"88,62",282,6,"97,92",37,"11,38",0,37,"11,38"
314440,NATÉRCIA,MG,09/2022,164,145,"88,41",145,0,"100,00",19,"11,59",2,17,"10,37"
314440,NATÉRCIA,MG,11/2022,163,143,"87,73",143,0,"100,00",20,"12,27",1,19,"11,66"
314440,NATÉRCIA,MG,07/2022,175,152,"86,86",152,0,"100,00",23,"13,14",7,16,"9,14"
314450,NAZARENO,MG,07/2022,520,419,"80,58",417,2,"99,52",101,"19,42",0,101,"19,42"
314450,NAZARENO,MG,11/2022,498,468,"93,98",464,4,"99,15",30,"6,02",0,30,"6,02"
314450,NAZARENO,MG,09/2022,511,414,"81,02",414,0,"100,00",97,"18,98",3,94,"18,40"
314460,NEPOMUCENO,MG,09/2022,1298,1260,"97,07",1196,64,"94,92",38,"2,93",5,33,"2,54"
314460,NEPOMUCENO,MG,11/2022,1300,1060,"81,54",1018,42,"96,04",240,"18,46",178,62,"4,77"
314460,NEPOMUCENO,MG,07/2022,1284,1253,"97,59",1202,51,"95,93",31,"2,41",7,24,"1,87"
314465,NINHEIRA,MG,07/2022,869,745,"85,73",740,5,"99,33",124,"14,27",6,118,"13,58"
314465,NINHEIRA,MG,11/2022,807,770,"95,42",752,18,"97,66",37,"4,58",1,36,"4,46"
314465,NINHEIRA,MG,09/2022,843,758,"89,92",751,7,"99,08",85,"10,08",3,82,"9,73"
314467,NOVA BELÉM,MG,09/2022,322,152,"47,20",150,2,"98,68",170,"52,80",41,129,"40,06"
314467,NOVA BELÉM,MG,11/2022,315,190,"60,32",190,0,"100,00",125,"39,68",6,119,"37,78"
314467,NOVA BELÉM,MG,07/2022,338,136,"40,24",136,0,"100,00",202,"59,76",82,120,"35,50"
314470,NOVA ERA,MG,07/2022,902,528,"58,54",518,10,"98,11",374,"41,46",164,210,"23,28"
314470,NOVA ERA,MG,11/2022,890,727,"81,69",720,7,"99,04",163,"18,31",2,161,"18,09"
314470,NOVA ERA,MG,09/2022,877,152,"17,33",147,5,"96,71",725,"82,67",515,210,"23,95"
314480,NOVA LIMA,MG,09/2022,2703,2133,"78,91",2023,110,"94,84",570,"21,09",45,525,"19,42"
314480,NOVA LIMA,MG,11/2022,2783,2248,"80,78",2106,142,"93,68",535,"19,22",38,497,"17,86"
314480,NOVA LIMA,MG,07/2022,2510,1710,"68,13",1567,143,"91,64",800,"31,87",91,709,"28,25"
314490,NOVA MÓDICA,MG,07/2022,379,312,"82,32",294,18,"94,23",67,"17,68",4,63,"16,62"
314490,NOVA MÓDICA,MG,09/2022,355,269,"75,77",263,6,"97,77",86,"24,23",28,58,"16,34"
314490,NOVA MÓDICA,MG,11/2022,349,291,"83,38",273,18,"93,81",58,"16,62",5,53,"15,19"
314500,NOVA PONTE,MG,09/2022,668,431,"64,52",431,0,"100,00",237,"35,48",2,235,"35,18"
314500,NOVA PONTE,MG,11/2022,653,425,"65,08",425,0,"100,00",228,"34,92",1,227,"34,76"
314500,NOVA PONTE,MG,07/2022,638,396,"62,07",396,0,"100,00",242,"37,93",4,238,"37,30"
314505,NOVA PORTEIRINHA,MG,07/2022,658,495,"75,23",495,0,"100,00",163,"24,77",2,161,"24,47"
314505,NOVA PORTEIRINHA,MG,11/2022,646,313,"48,45",310,3,"99,04",333,"51,55",3,330,"51,08"
314505,NOVA PORTEIRINHA,MG,09/2022,634,303,"47,79",296,7,"97,69",331,"52,21",8,323,"50,95"
314510,NOVA RESENDE,MG,09/2022,757,610,"80,58",558,52,"91,48",147,"19,42",6,141,"18,63"
314510,NOVA RESENDE,MG,11/2022,764,630,"82,46",569,61,"90,32",134,"17,54",1,133,"17,41"
314510,NOVA RESENDE,MG,07/2022,763,619,"81,13",568,51,"91,76",144,"18,87",4,140,"18,35"
314520,NOVA SERRANA,MG,07/2022,2100,1895,"90,24",1671,224,"88,18",205,"9,76",119,86,"4,10"
314520,NOVA SERRANA,MG,11/2022,2468,2271,"92,02",2108,163,"92,82",197,"7,98",75,122,"4,94"
314520,NOVA SERRANA,MG,09/2022,2225,2049,"92,09",1895,154,"92,48",176,"7,91",69,107,"4,81"
314530,NOVO CRUZEIRO,MG,09/2022,3041,1882,"61,89",1831,51,"97,29",1159,"38,11",469,690,"22,69"
314530,NOVO CRUZEIRO,MG,11/2022,2977,2333,"78,37",2300,33,"98,59",644,"21,63",5,639,"21,46"
314530,NOVO CRUZEIRO,MG,07/2022,3115,2125,"68,22",2040,85,"96,00",990,"31,78",281,709,"22,76"
314535,NOVO ORIENTE DE MINAS,MG,07/2022,1062,578,"54,43",576,2,"99,65",484,"45,57",346,138,"12,99"
314535,NOVO ORIENTE DE MINAS,MG,09/2022,1093,926,"84,72",922,4,"99,57",167,"15,28",17,150,"13,72"
314535,NOVO ORIENTE DE MINAS,MG,11/2022,1090,861,"78,99",846,15,"98,26",229,"21,01",72,157,"14,40"
314537,NOVORIZONTE,MG,09/2022,413,391,"94,67",391,0,"100,00",22,"5,33",2,20,"4,84"
314537,NOVORIZONTE,MG,11/2022,408,385,"94,36",351,34,"91,17",23,"5,64",2,21,"5,15"
314537,NOVORIZONTE,MG,07/2022,433,406,"93,76",378,28,"93,10",27,"6,24",3,24,"5,54"
314540,OLARIA,MG,07/2022,145,123,"84,83",109,14,"88,62",22,"15,17",4,18,"12,41"
314540,OLARIA,MG,09/2022,138,119,"86,23",109,10,"91,60",19,"13,77",1,18,"13,04"
314540,OLARIA,MG,11/2022,138,117,"84,78",113,4,"96,58",21,"15,22",3,18,"13,04"
314545,OLHOS-D´ÁGUA,MG,11/2022,709,509,"71,79",509,0,"100,00",200,"28,21",16,184,"25,95"
314545,OLHOS-D´ÁGUA,MG,09/2022,723,209,"28,91",209,0,"100,00",514,"71,09",323,191,"26,42"
314545,OLHOS-D´ÁGUA,MG,07/2022,767,205,"26,73",205,0,"100,00",562,"73,27",376,186,"24,25"
314550,OLÍMPIO NORONHA,MG,07/2022,192,169,"88,02",148,21,"87,57",23,"11,98",7,16,"8,33"
314550,OLÍMPIO NORONHA,MG,09/2022,191,176,"92,15",152,24,"86,36",15,"7,85",0,15,"7,85"
314550,OLÍMPIO NORONHA,MG,11/2022,184,179,"97,28",179,0,"100,00",5,"2,72",0,5,"2,72"
314560,OLIVEIRA,MG,09/2022,1512,1049,"69,38",1049,0,"100,00",463,"30,62",67,396,"26,19"
314560,OLIVEIRA,MG,11/2022,1496,1117,"74,67",1117,0,"100,00",379,"25,33",6,373,"24,93"
314560,OLIVEIRA,MG,07/2022,1487,475,"31,94",472,3,"99,37",1012,"68,06",601,411,"27,64"
314570,OLIVEIRA FORTES,MG,07/2022,106,92,"86,79",88,4,"95,65",14,"13,21",1,13,"12,26"
314570,OLIVEIRA FORTES,MG,11/2022,103,90,"87,38",77,13,"85,56",13,"12,62",1,12,"11,65"
314570,OLIVEIRA FORTES,MG,09/2022,105,91,"86,67",86,5,"94,51",14,"13,33",1,13,"12,38"
314580,ONÇA DE PITANGUI,MG,11/2022,139,115,"82,73",111,4,"96,52",24,"17,27",7,17,"12,23"
314580,ONÇA DE PITANGUI,MG,09/2022,137,122,"89,05",115,7,"94,26",15,"10,95",0,15,"10,95"
314580,ONÇA DE PITANGUI,MG,07/2022,139,125,"89,93",118,7,"94,40",14,"10,07",0,14,"10,07"
314585,ORATÓRIOS,MG,07/2022,264,245,"92,80",243,2,"99,18",19,"7,20",5,14,"5,30"
314585,ORATÓRIOS,MG,09/2022,268,255,"95,15",253,2,"99,22",13,"4,85",3,10,"3,73"
314585,ORATÓRIOS,MG,11/2022,262,255,"97,33",255,0,"100,00",7,"2,67",0,7,"2,67"
314587,ORIZÂNIA,MG,09/2022,741,597,"80,57",597,0,"100,00",144,"19,43",53,91,"12,28"
314587,ORIZÂNIA,MG,11/2022,757,756,"99,87",756,0,"100,00",1,"0,13",1,0,"0,00"
314587,ORIZÂNIA,MG,07/2022,732,593,"81,01",593,0,"100,00",139,"18,99",0,139,"18,99"
314590,OURO BRANCO,MG,07/2022,1364,1292,"94,72",1211,81,"93,73",72,"5,28",16,56,"4,11"
314590,OURO BRANCO,MG,11/2022,1473,1309,"88,87",1241,68,"94,81",164,"11,13",64,100,"6,79"
314590,OURO BRANCO,MG,09/2022,1469,1400,"95,30",1358,42,"97,00",69,"4,70",13,56,"3,81"
314600,OURO FINO,MG,09/2022,481,451,"93,76",414,37,"91,80",30,"6,24",4,26,"5,41"
314600,OURO FINO,MG,11/2022,502,483,"96,22",463,20,"95,86",19,"3,78",1,18,"3,59"
314600,OURO FINO,MG,07/2022,492,469,"95,33",424,45,"90,41",23,"4,67",4,19,"3,86"
314610,OURO PRETO,MG,07/2022,3182,449,"14,11",449,0,"100,00",2733,"85,89",2125,608,"19,11"
314610,OURO PRETO,MG,11/2022,3173,2388,"75,26",2387,1,"99,96",785,"24,74",74,711,"22,41"
314610,OURO PRETO,MG,09/2022,3275,2379,"72,64",2379,0,"100,00",896,"27,36",196,700,"21,37"
314620,OURO VERDE DE MINAS,MG,11/2022,822,438,"53,28",438,0,"100,00",384,"46,72",5,379,"46,11"
314620,OURO VERDE DE MINAS,MG,09/2022,836,449,"53,71",447,2,"99,55",387,"46,29",2,385,"46,05"
314620,OURO VERDE DE MINAS,MG,07/2022,839,516,"61,50",515,1,"99,81",323,"38,50",13,310,"36,95"
314625,PADRE CARVALHO,MG,07/2022,735,455,"61,90",439,16,"96,48",280,"38,10",16,264,"35,92"
314625,PADRE CARVALHO,MG,11/2022,713,449,"62,97",449,0,"100,00",264,"37,03",2,262,"36,75"
314625,PADRE CARVALHO,MG,09/2022,747,467,"62,52",464,3,"99,36",280,"37,48",6,274,"36,68"
314630,PADRE PARAÍSO,MG,09/2022,1934,1075,"55,58",1041,34,"96,84",859,"44,42",26,833,"43,07"
314630,PADRE PARAÍSO,MG,11/2022,1918,1076,"56,10",1051,25,"97,68",842,"43,90",1,841,"43,85"
314630,PADRE PARAÍSO,MG,07/2022,1986,1133,"57,05",1124,9,"99,21",853,"42,95",22,831,"41,84"
314640,PAINEIRAS,MG,07/2022,197,173,"87,82",166,7,"95,95",24,"12,18",9,15,"7,61"
314640,PAINEIRAS,MG,11/2022,196,182,"92,86",179,3,"98,35",14,"7,14",1,13,"6,63"
314640,PAINEIRAS,MG,09/2022,189,180,"95,24",175,5,"97,22",9,"4,76",1,8,"4,23"
314650,PAINS,MG,09/2022,244,208,"85,25",201,7,"96,63",36,"14,75",2,34,"13,93"
314650,PAINS,MG,11/2022,250,222,"88,80",216,6,"97,30",28,"11,20",1,27,"10,80"
314650,PAINS,MG,07/2022,235,202,"85,96",198,4,"98,02",33,"14,04",1,32,"13,62"
314655,PAI PEDRO,MG,07/2022,532,381,"71,62",381,0,"100,00",151,"28,38",125,26,"4,89"
314655,PAI PEDRO,MG,09/2022,504,153,"30,36",153,0,"100,00",351,"69,64",324,27,"5,36"
314655,PAI PEDRO,MG,11/2022,539,498,"92,39",498,0,"100,00",41,"7,61",5,36,"6,68"
314660,PAIVA,MG,11/2022,86,84,"97,67",82,2,"97,62",2,"2,33",0,2,"2,33"
314660,PAIVA,MG,09/2022,84,79,"94,05",77,2,"97,47",5,"5,95",1,4,"4,76"
314660,PAIVA,MG,07/2022,79,75,"94,94",71,4,"94,67",4,"5,06",0,4,"5,06"
314670,PALMA,MG,07/2022,377,311,"82,49",300,11,"96,46",66,"17,51",2,64,"16,98"
314670,PALMA,MG,11/2022,384,324,"84,38",316,8,"97,53",60,"15,63",2,58,"15,10"
314670,PALMA,MG,09/2022,383,322,"84,07",306,16,"95,03",61,"15,93",0,61,"15,93"
314675,PALMÓPOLIS,MG,11/2022,561,526,"93,76",526,0,"100,00",35,"6,24",4,31,"5,53"
314675,PALMÓPOLIS,MG,09/2022,576,514,"89,24",514,0,"100,00",62,"10,76",3,59,"10,24"
314675,PALMÓPOLIS,MG,07/2022,579,519,"89,64",519,0,"100,00",60,"10,36",2,58,"10,02"
314690,PAPAGAIOS,MG,07/2022,902,579,"64,19",565,14,"97,58",323,"35,81",26,297,"32,93"
314690,PAPAGAIOS,MG,11/2022,872,702,"80,50",694,8,"98,86",170,"19,50",60,110,"12,61"
314690,PAPAGAIOS,MG,09/2022,888,587,"66,10",562,25,"95,74",301,"33,90",133,168,"18,92"
314700,PARACATU,MG,09/2022,3998,2252,"56,33",2175,77,"96,58",1746,"43,67",584,1162,"29,06"
314700,PARACATU,MG,11/2022,4042,2554,"63,19",2503,51,"98,00",1488,"36,81",336,1152,"28,50"
314700,PARACATU,MG,07/2022,3991,2266,"56,78",2149,117,"94,84",1725,"43,22",652,1073,"26,89"
314710,PARÁ DE MINAS,MG,07/2022,2793,1673,"59,90",1619,54,"96,77",1120,"40,10",122,998,"35,73"
314710,PARÁ DE MINAS,MG,09/2022,2791,1710,"61,27",1623,87,"94,91",1081,"38,73",88,993,"35,58"
314710,PARÁ DE MINAS,MG,11/2022,2754,2020,"73,35",1926,94,"95,35",734,"26,65",12,722,"26,22"
314720,PARAGUAÇU,MG,11/2022,667,589,"88,31",536,53,"91,00",78,"11,69",0,78,"11,69"
314720,PARAGUAÇU,MG,09/2022,677,582,"85,97",500,82,"85,91",95,"14,03",6,89,"13,15"
314720,PARAGUAÇU,MG,07/2022,682,586,"85,92",501,85,"85,49",96,"14,08",7,89,"13,05"
314730,PARAISÓPOLIS,MG,07/2022,719,633,"88,04",619,14,"97,79",86,"11,96",3,83,"11,54"
314730,PARAISÓPOLIS,MG,11/2022,678,621,"91,59",602,19,"96,94",57,"8,41",1,56,"8,26"
314730,PARAISÓPOLIS,MG,09/2022,716,507,"70,81",496,11,"97,83",209,"29,19",146,63,"8,80"
314740,PARAOPEBA,MG,09/2022,1387,1099,"79,24",1099,0,"100,00",288,"20,76",3,285,"20,55"
314740,PARAOPEBA,MG,11/2022,1359,886,"65,19",870,16,"98,19",473,"34,81",2,471,"34,66"
314740,PARAOPEBA,MG,07/2022,1375,1115,"81,09",1111,4,"99,64",260,"18,91",4,256,"18,62"
314750,PASSABÉM,MG,07/2022,85,21,"24,71",21,0,"100,00",64,"75,29",0,64,"75,29"
314750,PASSABÉM,MG,09/2022,87,18,"20,69",16,2,"88,89",69,"79,31",1,68,"78,16"
314750,PASSABÉM,MG,11/2022,91,88,"96,70",80,8,"90,91",3,"3,30",0,3,"3,30"
314760,PASSA QUATRO,MG,11/2022,425,397,"93,41",388,9,"97,73",28,"6,59",0,28,"6,59"
314760,PASSA QUATRO,MG,09/2022,427,392,"91,80",391,1,"99,74",35,"8,20",2,33,"7,73"
314760,PASSA QUATRO,MG,07/2022,423,389,"91,96",386,3,"99,23",34,"8,04",3,31,"7,33"
314770,PASSA TEMPO,MG,07/2022,200,131,"65,50",131,0,"100,00",69,"34,50",3,66,"33,00"
314770,PASSA TEMPO,MG,11/2022,198,172,"86,87",172,0,"100,00",26,"13,13",0,26,"13,13"
314770,PASSA TEMPO,MG,09/2022,197,135,"68,53",135,0,"100,00",62,"31,47",1,61,"30,96"
314780,PASSA-VINTE,MG,09/2022,112,101,"90,18",101,0,"100,00",11,"9,82",0,11,"9,82"
314780,PASSA-VINTE,MG,11/2022,104,80,"76,92",79,1,"98,75",24,"23,08",0,24,"23,08"
314780,PASSA-VINTE,MG,07/2022,113,0,"0,00",0,0,,113,"100,00",102,11,"9,73"
314790,PASSOS,MG,07/2022,4144,4000,"96,53",3982,18,"99,55",144,"3,47",26,118,"2,85"
314790,PASSOS,MG,11/2022,4085,3880,"94,98",3703,177,"95,44",205,"5,02",7,198,"4,85"
314790,PASSOS,MG,09/2022,4163,4037,"96,97",3979,58,"98,56",126,"3,03",18,108,"2,59"
314795,PATIS,MG,09/2022,546,440,"80,59",440,0,"100,00",106,"19,41",2,104,"19,05"
314795,PATIS,MG,11/2022,533,462,"86,68",460,2,"99,57",71,"13,32",1,70,"13,13"
314795,PATIS,MG,07/2022,541,440,"81,33",440,0,"100,00",101,"18,67",0,101,"18,67"
314800,PATOS DE MINAS,MG,07/2022,3212,1677,"52,21",1677,0,"100,00",1535,"47,79",1157,378,"11,77"
314800,PATOS DE MINAS,MG,11/2022,3310,2507,"75,74",2455,52,"97,93",803,"24,26",6,797,"24,08"
314800,PATOS DE MINAS,MG,09/2022,3352,2626,"78,34",2626,0,"100,00",726,"21,66",315,411,"12,26"
314810,PATROCÍNIO,MG,09/2022,3940,3128,"79,39",2954,174,"94,44",812,"20,61",28,784,"19,90"
314810,PATROCÍNIO,MG,11/2022,4000,3323,"83,08",3168,155,"95,34",677,"16,93",31,646,"16,15"
314810,PATROCÍNIO,MG,07/2022,3838,2994,"78,01",2700,294,"90,18",844,"21,99",88,756,"19,70"
314820,PATROCÍNIO DO MURIAÉ,MG,07/2022,364,254,"69,78",216,38,"85,04",110,"30,22",7,103,"28,30"
314820,PATROCÍNIO DO MURIAÉ,MG,09/2022,373,263,"70,51",245,18,"93,16",110,"29,49",1,109,"29,22"
314820,PATROCÍNIO DO MURIAÉ,MG,11/2022,373,255,"68,36",255,0,"100,00",118,"31,64",5,113,"30,29"
314830,PAULA CÂNDIDO,MG,11/2022,627,581,"92,66",581,0,"100,00",46,"7,34",2,44,"7,02"
314830,PAULA CÂNDIDO,MG,09/2022,626,582,"92,97",582,0,"100,00",44,"7,03",0,44,"7,03"
314830,PAULA CÂNDIDO,MG,07/2022,647,521,"80,53",519,2,"99,62",126,"19,47",90,36,"5,56"
314840,PAULISTAS,MG,07/2022,421,383,"90,97",379,4,"98,96",38,"9,03",4,34,"8,08"
314840,PAULISTAS,MG,09/2022,416,375,"90,14",368,7,"98,13",41,"9,86",10,31,"7,45"
314840,PAULISTAS,MG,11/2022,416,379,"91,11",361,18,"95,25",37,"8,89",1,36,"8,65"
314850,PAVÃO,MG,09/2022,801,599,"74,78",570,29,"95,16",202,"25,22",18,184,"22,97"
314850,PAVÃO,MG,11/2022,778,628,"80,72",608,20,"96,82",150,"19,28",7,143,"18,38"
314850,PAVÃO,MG,07/2022,799,605,"75,72",605,0,"100,00",194,"24,28",13,181,"22,65"
314860,PEÇANHA,MG,07/2022,1430,1234,"86,29",1234,0,"100,00",196,"13,71",45,151,"10,56"
314860,PEÇANHA,MG,11/2022,1414,1225,"86,63",1225,0,"100,00",189,"13,37",2,187,"13,22"
314860,PEÇANHA,MG,09/2022,1428,1218,"85,29",1218,0,"100,00",210,"14,71",16,194,"13,59"
314870,PEDRA AZUL,MG,11/2022,2442,1284,"52,58",1265,19,"98,52",1158,"47,42",524,634,"25,96"
314870,PEDRA AZUL,MG,09/2022,2514,1850,"73,59",1846,4,"99,78",664,"26,41",21,643,"25,58"
314870,PEDRA AZUL,MG,07/2022,2525,1546,"61,23",1531,15,"99,03",979,"38,77",355,624,"24,71"
314875,PEDRA BONITA,MG,07/2022,869,571,"65,71",570,1,"99,82",298,"34,29",102,196,"22,55"
314875,PEDRA BONITA,MG,09/2022,879,669,"76,11",669,0,"100,00",210,"23,89",2,208,"23,66"
314875,PEDRA BONITA,MG,11/2022,849,394,"46,41",394,0,"100,00",455,"53,59",247,208,"24,50"
314880,PEDRA DO ANTA,MG,09/2022,218,199,"91,28",189,10,"94,97",19,"8,72",0,19,"8,72"
314880,PEDRA DO ANTA,MG,11/2022,215,197,"91,63",166,31,"84,26",18,"8,37",0,18,"8,37"
314880,PEDRA DO ANTA,MG,07/2022,223,199,"89,24",188,11,"94,47",24,"10,76",0,24,"10,76"
314890,PEDRA DO INDAIÁ,MG,07/2022,183,136,"74,32",135,1,"99,26",47,"25,68",0,47,"25,68"
314890,PEDRA DO INDAIÁ,MG,11/2022,173,154,"89,02",147,7,"95,45",19,"10,98",0,19,"10,98"
314890,PEDRA DO INDAIÁ,MG,09/2022,164,145,"88,41",138,7,"95,17",19,"11,59",0,19,"11,59"
314900,PEDRA DOURADA,MG,11/2022,251,242,"96,41",225,17,"92,98",9,"3,59",0,9,"3,59"
314900,PEDRA DOURADA,MG,09/2022,259,240,"92,66",221,19,"92,08",19,"7,34",3,16,"6,18"
314900,PEDRA DOURADA,MG,07/2022,252,229,"90,87",194,35,"84,72",23,"9,13",0,23,"9,13"
314910,PEDRALVA,MG,07/2022,602,462,"76,74",451,11,"97,62",140,"23,26",4,136,"22,59"
314910,PEDRALVA,MG,09/2022,605,456,"75,37",447,9,"98,03",149,"24,63",12,137,"22,64"
314910,PEDRALVA,MG,11/2022,596,459,"77,01",420,39,"91,50",137,"22,99",5,132,"22,15"
314915,PEDRAS DE MARIA DA CRUZ,MG,11/2022,938,680,"72,49",662,18,"97,35",258,"27,51",0,258,"27,51"
314915,PEDRAS DE MARIA DA CRUZ,MG,09/2022,975,682,"69,95",657,25,"96,33",293,"30,05",9,284,"29,13"
314915,PEDRAS DE MARIA DA CRUZ,MG,07/2022,983,716,"72,84",677,39,"94,55",267,"27,16",2,265,"26,96"
314920,PEDRINÓPOLIS,MG,07/2022,178,124,"69,66",115,9,"92,74",54,"30,34",8,46,"25,84"
314920,PEDRINÓPOLIS,MG,09/2022,185,136,"73,51",134,2,"98,53",49,"26,49",2,47,"25,41"
314920,PEDRINÓPOLIS,MG,11/2022,189,139,"73,54",133,6,"95,68",50,"26,46",1,49,"25,93"
314930,PEDRO LEOPOLDO,MG,11/2022,2227,1966,"88,28",1912,54,"97,25",261,"11,72",84,177,"7,95"
314930,PEDRO LEOPOLDO,MG,09/2022,2217,1817,"81,96",1731,86,"95,27",400,"18,04",46,354,"15,97"
314930,PEDRO LEOPOLDO,MG,07/2022,2202,1569,"71,25",1495,74,"95,28",633,"28,75",295,338,"15,35"
314940,PEDRO TEIXEIRA,MG,07/2022,135,107,"79,26",93,14,"86,92",28,"20,74",13,15,"11,11"
314940,PEDRO TEIXEIRA,MG,11/2022,136,124,"91,18",117,7,"94,35",12,"8,82",0,12,"8,82"
314940,PEDRO TEIXEIRA,MG,09/2022,132,112,"84,85",100,12,"89,29",20,"15,15",5,15,"11,36"
314950,PEQUERI,MG,09/2022,215,154,"71,63",150,4,"97,40",61,"28,37",12,49,"22,79"
314950,PEQUERI,MG,11/2022,205,165,"80,49",160,5,"96,97",40,"19,51",0,40,"19,51"
314950,PEQUERI,MG,07/2022,183,115,"62,84",115,0,"100,00",68,"37,16",21,47,"25,68"
314960,PEQUI,MG,07/2022,273,39,"14,29",39,0,"100,00",234,"85,71",192,42,"15,38"
314960,PEQUI,MG,09/2022,302,256,"84,77",256,0,"100,00",46,"15,23",2,44,"14,57"
314960,PEQUI,MG,11/2022,297,256,"86,20",256,0,"100,00",41,"13,80",0,41,"13,80"
314970,PERDIGÃO,MG,09/2022,440,320,"72,73",300,20,"93,75",120,"27,27",0,120,"27,27"
314970,PERDIGÃO,MG,11/2022,446,318,"71,30",301,17,"94,65",128,"28,70",0,128,"28,70"
314970,PERDIGÃO,MG,07/2022,395,282,"71,39",253,29,"89,72",113,"28,61",0,113,"28,61"
314980,PERDIZES,MG,07/2022,724,543,"75,00",543,0,"100,00",181,"25,00",6,175,"24,17"
314980,PERDIZES,MG,09/2022,839,642,"76,52",642,0,"100,00",197,"23,48",8,189,"22,53"
314980,PERDIZES,MG,11/2022,913,894,"97,92",894,0,"100,00",19,"2,08",6,13,"1,42"
314990,PERDÕES,MG,11/2022,643,564,"87,71",552,12,"97,87",79,"12,29",2,77,"11,98"
314990,PERDÕES,MG,09/2022,670,586,"87,46",573,13,"97,78",84,"12,54",2,82,"12,24"
314990,PERDÕES,MG,07/2022,678,571,"84,22",555,16,"97,20",107,"15,78",1,106,"15,63"
314995,PERIQUITO,MG,07/2022,650,487,"74,92",468,19,"96,10",163,"25,08",2,161,"24,77"
314995,PERIQUITO,MG,11/2022,606,404,"66,67",361,43,"89,36",202,"33,33",26,176,"29,04"
314995,PERIQUITO,MG,09/2022,618,416,"67,31",401,15,"96,39",202,"32,69",9,193,"31,23"
315000,PESCADOR,MG,11/2022,353,306,"86,69",246,60,"80,39",47,"13,31",9,38,"10,76"
315000,PESCADOR,MG,09/2022,369,326,"88,35",303,23,"92,94",43,"11,65",1,42,"11,38"
315000,PESCADOR,MG,07/2022,377,240,"63,66",208,32,"86,67",137,"36,34",114,23,"6,10"
315010,PIAU,MG,07/2022,180,147,"81,67",147,0,"100,00",33,"18,33",4,29,"16,11"
315010,PIAU,MG,11/2022,174,134,"77,01",127,7,"94,78",40,"22,99",15,25,"14,37"
315010,PIAU,MG,09/2022,178,134,"75,28",134,0,"100,00",44,"24,72",16,28,"15,73"
315015,PIEDADE DE CARATINGA,MG,09/2022,992,767,"77,32",753,14,"98,17",225,"22,68",6,219,"22,08"
315015,PIEDADE DE CARATINGA,MG,11/2022,998,786,"78,76",777,9,"98,85",212,"21,24",3,209,"20,94"
315015,PIEDADE DE CARATINGA,MG,07/2022,978,663,"67,79",654,9,"98,64",315,"32,21",5,310,"31,70"
315020,PIEDADE DE PONTE NOVA,MG,07/2022,268,0,"0,00",0,0,,268,"100,00",246,22,"8,21"
315020,PIEDADE DE PONTE NOVA,MG,11/2022,267,248,"92,88",223,25,"89,92",19,"7,12",0,19,"7,12"
315020,PIEDADE DE PONTE NOVA,MG,09/2022,274,255,"93,07",255,0,"100,00",19,"6,93",0,19,"6,93"
315030,PIEDADE DO RIO GRANDE,MG,11/2022,159,120,"75,47",115,5,"95,83",39,"24,53",14,25,"15,72"
315030,PIEDADE DO RIO GRANDE,MG,09/2022,157,136,"86,62",130,6,"95,59",21,"13,38",1,20,"12,74"
315030,PIEDADE DO RIO GRANDE,MG,07/2022,147,101,"68,71",90,11,"89,11",46,"31,29",27,19,"12,93"
315040,PIEDADE DOS GERAIS,MG,07/2022,334,201,"60,18",201,0,"100,00",133,"39,82",81,52,"15,57"
315040,PIEDADE DOS GERAIS,MG,11/2022,337,296,"87,83",291,5,"98,31",41,"12,17",0,41,"12,17"
315040,PIEDADE DOS GERAIS,MG,09/2022,335,277,"82,69",272,5,"98,19",58,"17,31",1,57,"17,01"
315050,PIMENTA,MG,11/2022,360,318,"88,33",314,4,"98,74",42,"11,67",1,41,"11,39"
315050,PIMENTA,MG,09/2022,362,321,"88,67",312,9,"97,20",41,"11,33",1,40,"11,05"
315050,PIMENTA,MG,07/2022,365,320,"87,67",314,6,"98,13",45,"12,33",1,44,"12,05"
315053,PINGO-D´ÁGUA,MG,07/2022,402,344,"85,57",336,8,"97,67",58,"14,43",1,57,"14,18"
315053,PINGO-D´ÁGUA,MG,11/2022,399,337,"84,46",337,0,"100,00",62,"15,54",1,61,"15,29"
315053,PINGO-D´ÁGUA,MG,09/2022,401,337,"84,04",337,0,"100,00",64,"15,96",4,60,"14,96"
315057,PINTÓPOLIS,MG,09/2022,839,820,"97,74",820,0,"100,00",19,"2,26",5,14,"1,67"
315057,PINTÓPOLIS,MG,11/2022,827,814,"98,43",814,0,"100,00",13,"1,57",2,11,"1,33"
315057,PINTÓPOLIS,MG,07/2022,851,818,"96,12",817,1,"99,88",33,"3,88",3,30,"3,53"
315060,PIRACEMA,MG,07/2022,200,174,"87,00",156,18,"89,66",26,"13,00",2,24,"12,00"
315060,PIRACEMA,MG,11/2022,198,170,"85,86",169,1,"99,41",28,"14,14",2,26,"13,13"
315060,PIRACEMA,MG,09/2022,202,173,"85,64",147,26,"84,97",29,"14,36",2,27,"13,37"
315070,PIRAJUBA,MG,09/2022,286,225,"78,67",207,18,"92,00",61,"21,33",0,61,"21,33"
315070,PIRAJUBA,MG,11/2022,288,228,"79,17",227,1,"99,56",60,"20,83",0,60,"20,83"
315070,PIRAJUBA,MG,07/2022,253,202,"79,84",194,8,"96,04",51,"20,16",0,51,"20,16"
315080,PIRANGA,MG,07/2022,1190,1090,"91,60",1090,0,"100,00",100,"8,40",3,97,"8,15"
315080,PIRANGA,MG,09/2022,1176,1046,"88,95",1046,0,"100,00",130,"11,05",26,104,"8,84"
315080,PIRANGA,MG,11/2022,1159,729,"62,90",729,0,"100,00",430,"37,10",331,99,"8,54"
315090,PIRANGUÇU,MG,09/2022,322,159,"49,38",152,7,"95,60",163,"50,62",108,55,"17,08"
315090,PIRANGUÇU,MG,11/2022,324,264,"81,48",248,16,"93,94",60,"18,52",1,59,"18,21"
315090,PIRANGUÇU,MG,07/2022,313,273,"87,22",235,38,"86,08",40,"12,78",4,36,"11,50"
315100,PIRANGUINHO,MG,07/2022,405,326,"80,49",301,25,"92,33",79,"19,51",13,66,"16,30"
315100,PIRANGUINHO,MG,09/2022,399,313,"78,45",270,43,"86,26",86,"21,55",15,71,"17,79"
315100,PIRANGUINHO,MG,11/2022,375,156,"41,60",141,15,"90,38",219,"58,40",153,66,"17,60"
315110,PIRAPETINGA,MG,09/2022,586,459,"78,33",456,3,"99,35",127,"21,67",88,39,"6,66"
315110,PIRAPETINGA,MG,11/2022,578,457,"79,07",454,3,"99,34",121,"20,93",81,40,"6,92"
315110,PIRAPETINGA,MG,07/2022,604,459,"75,99",456,3,"99,35",145,"24,01",33,112,"18,54"
315120,PIRAPORA,MG,07/2022,4468,2051,"45,90",1916,135,"93,42",2417,"54,10",807,1610,"36,03"
315120,PIRAPORA,MG,11/2022,4428,2066,"46,66",1899,167,"91,92",2362,"53,34",419,1943,"43,88"
315120,PIRAPORA,MG,09/2022,4498,2109,"46,89",1986,123,"94,17",2389,"53,11",779,1610,"35,79"
315130,PIRAÚBA,MG,11/2022,608,525,"86,35",525,0,"100,00",83,"13,65",1,82,"13,49"
315130,PIRAÚBA,MG,09/2022,581,96,"16,52",87,9,"90,63",485,"83,48",407,78,"13,43"
315130,PIRAÚBA,MG,07/2022,556,70,"12,59",60,10,"85,71",486,"87,41",407,79,"14,21"
315140,PITANGUI,MG,07/2022,1288,579,"44,95",557,22,"96,20",709,"55,05",128,581,"45,11"
315140,PITANGUI,MG,09/2022,1345,674,"50,11",655,19,"97,18",671,"49,89",57,614,"45,65"
315140,PITANGUI,MG,11/2022,1342,996,"74,22",982,14,"98,59",346,"25,78",40,306,"22,80"
315150,PIUMHI,MG,11/2022,1369,1025,"74,87",961,64,"93,76",344,"25,13",13,331,"24,18"
315150,PIUMHI,MG,09/2022,1391,993,"71,39",961,32,"96,78",398,"28,61",53,345,"24,80"
315150,PIUMHI,MG,07/2022,1356,707,"52,14",665,42,"94,06",649,"47,86",107,542,"39,97"
315160,PLANURA,MG,07/2022,601,353,"58,74",324,29,"91,78",248,"41,26",107,141,"23,46"
315160,PLANURA,MG,09/2022,642,495,"77,10",495,0,"100,00",147,"22,90",3,144,"22,43"
315160,PLANURA,MG,11/2022,656,530,"80,79",489,41,"92,26",126,"19,21",0,126,"19,21"
315170,POÇO FUNDO,MG,09/2022,498,451,"90,56",404,47,"89,58",47,"9,44",14,33,"6,63"
315170,POÇO FUNDO,MG,11/2022,490,454,"92,65",428,26,"94,27",36,"7,35",11,25,"5,10"
315170,POÇO FUNDO,MG,07/2022,489,455,"93,05",396,59,"87,03",34,"6,95",7,27,"5,52"
315180,POÇOS DE CALDAS,MG,07/2022,3840,2792,"72,71",2742,50,"98,21",1048,"27,29",51,997,"25,96"
315180,POÇOS DE CALDAS,MG,11/2022,3780,3386,"89,58",3342,44,"98,70",394,"10,42",13,381,"10,08"
315180,POÇOS DE CALDAS,MG,09/2022,3819,3243,"84,92",3083,160,"95,07",576,"15,08",355,221,"5,79"
315190,POCRANE,MG,11/2022,712,500,"70,22",500,0,"100,00",212,"29,78",12,200,"28,09"
315190,POCRANE,MG,09/2022,717,504,"70,29",504,0,"100,00",213,"29,71",14,199,"27,75"
315190,POCRANE,MG,07/2022,726,490,"67,49",434,56,"88,57",236,"32,51",39,197,"27,13"
315200,POMPÉU,MG,07/2022,1832,1555,"84,88",1554,1,"99,94",277,"15,12",2,275,"15,01"
315200,POMPÉU,MG,11/2022,1906,1612,"84,58",1612,0,"100,00",294,"15,42",2,292,"15,32"
315200,POMPÉU,MG,09/2022,1848,1468,"79,44",1468,0,"100,00",380,"20,56",91,289,"15,64"
315210,PONTE NOVA,MG,11/2022,2488,1849,"74,32",1727,122,"93,40",639,"25,68",410,229,"9,20"
315210,PONTE NOVA,MG,09/2022,2540,1900,"74,80",1809,91,"95,21",640,"25,20",340,300,"11,81"
315210,PONTE NOVA,MG,07/2022,2582,1757,"68,05",1629,128,"92,71",825,"31,95",417,408,"15,80"
315213,PONTO CHIQUE,MG,07/2022,452,0,"0,00",0,0,,452,"100,00",403,49,"10,84"
315213,PONTO CHIQUE,MG,09/2022,466,414,"88,84",414,0,"100,00",52,"11,16",0,52,"11,16"
315213,PONTO CHIQUE,MG,11/2022,454,238,"52,42",235,3,"98,74",216,"47,58",17,199,"43,83"
315217,PONTO DOS VOLANTES,MG,09/2022,1127,955,"84,74",928,27,"97,17",172,"15,26",3,169,"15,00"
315217,PONTO DOS VOLANTES,MG,11/2022,1115,924,"82,87",910,14,"98,48",191,"17,13",2,189,"16,95"
315217,PONTO DOS VOLANTES,MG,07/2022,1142,953,"83,45",939,14,"98,53",189,"16,55",27,162,"14,19"
315220,PORTEIRINHA,MG,07/2022,2725,2549,"93,54",2539,10,"99,61",176,"6,46",66,110,"4,04"
315220,PORTEIRINHA,MG,09/2022,2717,2413,"88,81",2412,1,"99,96",304,"11,19",222,82,"3,02"
315220,PORTEIRINHA,MG,11/2022,2663,2602,"97,71",2599,3,"99,88",61,"2,29",9,52,"1,95"
315230,PORTO FIRME,MG,09/2022,868,563,"64,86",517,46,"91,83",305,"35,14",34,271,"31,22"
315230,PORTO FIRME,MG,11/2022,867,588,"67,82",554,34,"94,22",279,"32,18",15,264,"30,45"
315230,PORTO FIRME,MG,07/2022,881,535,"60,73",497,38,"92,90",346,"39,27",104,242,"27,47"
315240,POTÉ,MG,07/2022,1191,867,"72,80",867,0,"100,00",324,"27,20",196,128,"10,75"
315240,POTÉ,MG,09/2022,1184,1027,"86,74",1026,1,"99,90",157,"13,26",23,134,"11,32"
315240,POTÉ,MG,11/2022,1131,708,"62,60",708,0,"100,00",423,"37,40",94,329,"29,09"
315250,POUSO ALEGRE,MG,09/2022,5034,3104,"61,66",2903,201,"93,52",1930,"38,34",10,1920,"38,14"
315250,POUSO ALEGRE,MG,11/2022,4991,3179,"63,69",3043,136,"95,72",1812,"36,31",6,1806,"36,19"
315250,POUSO ALEGRE,MG,07/2022,4783,2864,"59,88",2721,143,"95,01",1919,"40,12",12,1907,"39,87"
315260,POUSO ALTO,MG,07/2022,139,127,"91,37",127,0,"100,00",12,"8,63",2,10,"7,19"
315260,POUSO ALTO,MG,09/2022,136,125,"91,91",120,5,"96,00",11,"8,09",0,11,"8,09"
315260,POUSO ALTO,MG,11/2022,142,129,"90,85",122,7,"94,57",13,"9,15",0,13,"9,15"
315270,PRADOS,MG,11/2022,301,167,"55,48",167,0,"100,00",134,"44,52",18,116,"38,54"
315270,PRADOS,MG,09/2022,308,170,"55,19",170,0,"100,00",138,"44,81",18,120,"38,96"
315270,PRADOS,MG,07/2022,306,168,"54,90",168,0,"100,00",138,"45,10",19,119,"38,89"
315280,PRATA,MG,07/2022,927,715,"77,13",680,35,"95,10",212,"22,87",12,200,"21,57"
315280,PRATA,MG,09/2022,937,489,"52,19",454,35,"92,84",448,"47,81",263,185,"19,74"
315280,PRATA,MG,11/2022,986,792,"80,32",751,41,"94,82",194,"19,68",1,193,"19,57"
315290,PRATÁPOLIS,MG,11/2022,342,135,"39,47",124,11,"91,85",207,"60,53",1,206,"60,23"
315290,PRATÁPOLIS,MG,09/2022,352,142,"40,34",137,5,"96,48",210,"59,66",0,210,"59,66"
315290,PRATÁPOLIS,MG,07/2022,351,139,"39,60",138,1,"99,28",212,"60,40",9,203,"57,83"
315300,PRATINHA,MG,07/2022,232,198,"85,34",197,1,"99,49",34,"14,66",2,32,"13,79"
315300,PRATINHA,MG,09/2022,235,105,"44,68",105,0,"100,00",130,"55,32",100,30,"12,77"
315300,PRATINHA,MG,11/2022,238,207,"86,97",207,0,"100,00",31,"13,03",5,26,"10,92"
315310,PRESIDENTE BERNARDES,MG,09/2022,368,316,"85,87",282,34,"89,24",52,"14,13",3,49,"13,32"
315310,PRESIDENTE BERNARDES,MG,11/2022,374,349,"93,32",295,54,"84,53",25,"6,68",9,16,"4,28"
315310,PRESIDENTE BERNARDES,MG,07/2022,372,318,"85,48",286,32,"89,94",54,"14,52",2,52,"13,98"
315320,PRESIDENTE JUSCELINO,MG,07/2022,208,170,"81,73",153,17,"90,00",38,"18,27",2,36,"17,31"
315320,PRESIDENTE JUSCELINO,MG,11/2022,201,179,"89,05",179,0,"100,00",22,"10,95",0,22,"10,95"
315320,PRESIDENTE JUSCELINO,MG,09/2022,208,172,"82,69",170,2,"98,84",36,"17,31",12,24,"11,54"
315330,PRESIDENTE KUBITSCHEK,MG,09/2022,286,270,"94,41",270,0,"100,00",16,"5,59",2,14,"4,90"
315330,PRESIDENTE KUBITSCHEK,MG,11/2022,276,268,"97,10",262,6,"97,76",8,"2,90",2,6,"2,17"
315330,PRESIDENTE KUBITSCHEK,MG,07/2022,226,0,"0,00",0,0,,226,"100,00",213,13,"5,75"
315340,PRESIDENTE OLEGÁRIO,MG,07/2022,961,667,"69,41",665,2,"99,70",294,"30,59",30,264,"27,47"
315340,PRESIDENTE OLEGÁRIO,MG,11/2022,938,591,"63,01",591,0,"100,00",347,"36,99",2,345,"36,78"
315340,PRESIDENTE OLEGÁRIO,MG,09/2022,943,566,"60,02",513,53,"90,64",377,"39,98",2,375,"39,77"
315350,ALTO JEQUITIBÁ,MG,09/2022,639,574,"89,83",553,21,"96,34",65,"10,17",2,63,"9,86"
315350,ALTO JEQUITIBÁ,MG,11/2022,647,567,"87,64",512,55,"90,30",80,"12,36",4,76,"11,75"
315350,ALTO JEQUITIBÁ,MG,07/2022,657,582,"88,58",558,24,"95,88",75,"11,42",5,70,"10,65"
315360,PRUDENTE DE MORAIS,MG,07/2022,616,454,"73,70",415,39,"91,41",162,"26,30",1,161,"26,14"
315360,PRUDENTE DE MORAIS,MG,11/2022,622,572,"91,96",501,71,"87,59",50,"8,04",1,49,"7,88"
315360,PRUDENTE DE MORAIS,MG,09/2022,639,468,"73,24",422,46,"90,17",171,"26,76",2,169,"26,45"
315370,QUARTEL GERAL,MG,09/2022,190,110,"57,89",110,0,"100,00",80,"42,11",0,80,"42,11"
315370,QUARTEL GERAL,MG,11/2022,191,113,"59,16",113,0,"100,00",78,"40,84",0,78,"40,84"
315370,QUARTEL GERAL,MG,07/2022,185,0,"0,00",0,0,,185,"100,00",107,78,"42,16"
315380,QUELUZITO,MG,07/2022,55,42,"76,36",42,0,"100,00",13,"23,64",4,9,"16,36"
315380,QUELUZITO,MG,11/2022,50,40,"80,00",39,1,"97,50",10,"20,00",5,5,"10,00"
315380,QUELUZITO,MG,09/2022,51,42,"82,35",41,1,"97,62",9,"17,65",2,7,"13,73"
315390,RAPOSOS,MG,09/2022,481,456,"94,80",449,7,"98,46",25,"5,20",5,20,"4,16"
315390,RAPOSOS,MG,11/2022,461,448,"97,18",448,0,"100,00",13,"2,82",3,10,"2,17"
315390,RAPOSOS,MG,07/2022,477,466,"97,69",462,4,"99,14",11,"2,31",11,0,"0,00"
315400,RAUL SOARES,MG,07/2022,1442,912,"63,25",882,30,"96,71",530,"36,75",151,379,"26,28"
315400,RAUL SOARES,MG,11/2022,1437,993,"69,10",969,24,"97,58",444,"30,90",37,407,"28,32"
315400,RAUL SOARES,MG,09/2022,1440,939,"65,21",927,12,"98,72",501,"34,79",58,443,"30,76"
315410,RECREIO,MG,11/2022,497,425,"85,51",416,9,"97,88",72,"14,49",2,70,"14,08"
315410,RECREIO,MG,09/2022,503,441,"87,67",420,21,"95,24",62,"12,33",0,62,"12,33"
315410,RECREIO,MG,07/2022,511,430,"84,15",400,30,"93,02",81,"15,85",0,81,"15,85"
315415,REDUTO,MG,07/2022,524,473,"90,27",473,0,"100,00",51,"9,73",1,50,"9,54"
315415,REDUTO,MG,09/2022,511,336,"65,75",336,0,"100,00",175,"34,25",124,51,"9,98"
315415,REDUTO,MG,11/2022,518,465,"89,77",465,0,"100,00",53,"10,23",0,53,"10,23"
315420,RESENDE COSTA,MG,09/2022,412,375,"91,02",352,23,"93,87",37,"8,98",22,15,"3,64"
315420,RESENDE COSTA,MG,11/2022,416,385,"92,55",363,22,"94,29",31,"7,45",24,7,"1,68"
315420,RESENDE COSTA,MG,07/2022,413,339,"82,08",324,15,"95,58",74,"17,92",16,58,"14,04"
315430,RESPLENDOR,MG,07/2022,1035,678,"65,51",623,55,"91,89",357,"34,49",54,303,"29,28"
315430,RESPLENDOR,MG,11/2022,1012,723,"71,44",676,47,"93,50",289,"28,56",14,275,"27,17"
315430,RESPLENDOR,MG,09/2022,1013,687,"67,82",637,50,"92,72",326,"32,18",26,300,"29,62"
315440,RESSAQUINHA,MG,11/2022,317,219,"69,09",202,17,"92,24",98,"30,91",1,97,"30,60"
315440,RESSAQUINHA,MG,09/2022,314,211,"67,20",210,1,"99,53",103,"32,80",1,102,"32,48"
315440,RESSAQUINHA,MG,07/2022,309,207,"66,99",207,0,"100,00",102,"33,01",1,101,"32,69"
315445,RIACHINHO,MG,07/2022,755,588,"77,88",588,0,"100,00",167,"22,12",7,160,"21,19"
315445,RIACHINHO,MG,11/2022,724,278,"38,40",268,10,"96,40",446,"61,60",231,215,"29,70"
315445,RIACHINHO,MG,09/2022,747,585,"78,31",585,0,"100,00",162,"21,69",2,160,"21,42"
315450,RIACHO DOS MACHADOS,MG,11/2022,851,798,"93,77",796,2,"99,75",53,"6,23",5,48,"5,64"
315450,RIACHO DOS MACHADOS,MG,09/2022,873,606,"69,42",606,0,"100,00",267,"30,58",68,199,"22,79"
315450,RIACHO DOS MACHADOS,MG,07/2022,904,682,"75,44",679,3,"99,56",222,"24,56",23,199,"22,01"
315460,RIBEIRÃO DAS NEVES,MG,07/2022,17646,15171,"85,97",14199,972,"93,59",2475,"14,03",105,2370,"13,43"
315460,RIBEIRÃO DAS NEVES,MG,11/2022,18903,16525,"87,42",16094,431,"97,39",2378,"12,58",55,2323,"12,29"
315460,RIBEIRÃO DAS NEVES,MG,09/2022,18782,16177,"86,13",15380,797,"95,07",2605,"13,87",66,2539,"13,52"
315470,RIBEIRÃO VERMELHO,MG,09/2022,183,11,"6,01",11,0,"100,00",172,"93,99",1,171,"93,44"
315470,RIBEIRÃO VERMELHO,MG,11/2022,176,149,"84,66",147,2,"98,66",27,"15,34",3,24,"13,64"
315470,RIBEIRÃO VERMELHO,MG,07/2022,170,8,"4,71",7,1,"87,50",162,"95,29",0,162,"95,29"
315480,RIO ACIMA,MG,07/2022,429,167,"38,93",149,18,"89,22",262,"61,07",3,259,"60,37"
315480,RIO ACIMA,MG,09/2022,442,301,"68,10",275,26,"91,36",141,"31,90",0,141,"31,90"
315480,RIO ACIMA,MG,11/2022,457,360,"78,77",321,39,"89,17",97,"21,23",0,97,"21,23"
315490,RIO CASCA,MG,11/2022,777,681,"87,64",657,24,"96,48",96,"12,36",5,91,"11,71"
315490,RIO CASCA,MG,09/2022,787,630,"80,05",609,21,"96,67",157,"19,95",69,88,"11,18"
315490,RIO CASCA,MG,07/2022,812,662,"81,53",634,28,"95,77",150,"18,47",13,137,"16,87"
315500,RIO DOCE,MG,07/2022,139,128,"92,09",111,17,"86,72",11,"7,91",2,9,"6,47"
315500,RIO DOCE,MG,09/2022,133,121,"90,98",117,4,"96,69",12,"9,02",4,8,"6,02"
315500,RIO DOCE,MG,11/2022,134,125,"93,28",112,13,"89,60",9,"6,72",0,9,"6,72"
315510,RIO DO PRADO,MG,11/2022,518,417,"80,50",417,0,"100,00",101,"19,50",4,97,"18,73"
315510,RIO DO PRADO,MG,09/2022,526,429,"81,56",429,0,"100,00",97,"18,44",0,97,"18,44"
315510,RIO DO PRADO,MG,07/2022,523,425,"81,26",425,0,"100,00",98,"18,74",0,98,"18,74"
315520,RIO ESPERA,MG,07/2022,348,287,"82,47",282,5,"98,26",61,"17,53",8,53,"15,23"
315520,RIO ESPERA,MG,11/2022,327,280,"85,63",271,9,"96,79",47,"14,37",22,25,"7,65"
315520,RIO ESPERA,MG,09/2022,332,276,"83,13",268,8,"97,10",56,"16,87",8,48,"14,46"
315530,RIO MANSO,MG,09/2022,275,120,"43,64",118,2,"98,33",155,"56,36",115,40,"14,55"
315530,RIO MANSO,MG,11/2022,287,234,"81,53",233,1,"99,57",53,"18,47",0,53,"18,47"
315530,RIO MANSO,MG,07/2022,268,224,"83,58",223,1,"99,55",44,"16,42",8,36,"13,43"
315540,RIO NOVO,MG,07/2022,415,400,"96,39",381,19,"95,25",15,"3,61",1,14,"3,37"
315540,RIO NOVO,MG,11/2022,394,381,"96,70",365,16,"95,80",13,"3,30",0,13,"3,30"
315540,RIO NOVO,MG,09/2022,408,391,"95,83",370,21,"94,63",17,"4,17",0,17,"4,17"
315550,RIO PARANAÍBA,MG,09/2022,606,537,"88,61",537,0,"100,00",69,"11,39",3,66,"10,89"
315550,RIO PARANAÍBA,MG,11/2022,604,545,"90,23",545,0,"100,00",59,"9,77",2,57,"9,44"
315550,RIO PARANAÍBA,MG,07/2022,585,523,"89,40",523,0,"100,00",62,"10,60",4,58,"9,91"
315560,RIO PARDO DE MINAS,MG,07/2022,2696,2350,"87,17",2350,0,"100,00",346,"12,83",0,346,"12,83"
315560,RIO PARDO DE MINAS,MG,09/2022,2662,2317,"87,04",2317,0,"100,00",345,"12,96",1,344,"12,92"
315560,RIO PARDO DE MINAS,MG,11/2022,2597,2253,"86,75",2253,0,"100,00",344,"13,25",9,335,"12,90"
315570,RIO PIRACICABA,MG,09/2022,773,697,"90,17",658,39,"94,40",76,"9,83",2,74,"9,57"
315570,RIO PIRACICABA,MG,11/2022,766,683,"89,16",600,83,"87,85",83,"10,84",1,82,"10,70"
315570,RIO PIRACICABA,MG,07/2022,795,711,"89,43",628,83,"88,33",84,"10,57",2,82,"10,31"
315580,RIO POMBA,MG,07/2022,834,546,"65,47",546,0,"100,00",288,"34,53",7,281,"33,69"
315580,RIO POMBA,MG,11/2022,883,608,"68,86",608,0,"100,00",275,"31,14",1,274,"31,03"
315580,RIO POMBA,MG,09/2022,852,569,"66,78",568,1,"99,82",283,"33,22",2,281,"32,98"
315590,RIO PRETO,MG,11/2022,312,268,"85,90",268,0,"100,00",44,"14,10",0,44,"14,10"
315590,RIO PRETO,MG,09/2022,338,265,"78,40",265,0,"100,00",73,"21,60",28,45,"13,31"
315590,RIO PRETO,MG,07/2022,350,256,"73,14",256,0,"100,00",94,"26,86",56,38,"10,86"
315600,RIO VERMELHO,MG,07/2022,1040,557,"53,56",552,5,"99,10",483,"46,44",272,211,"20,29"
315600,RIO VERMELHO,MG,11/2022,985,732,"74,31",722,10,"98,63",253,"25,69",7,246,"24,97"
315600,RIO VERMELHO,MG,09/2022,1003,742,"73,98",732,10,"98,65",261,"26,02",5,256,"25,52"
315610,RITÁPOLIS,MG,09/2022,235,216,"91,91",210,6,"97,22",19,"8,09",3,16,"6,81"
315610,RITÁPOLIS,MG,11/2022,223,208,"93,27",201,7,"96,63",15,"6,73",2,13,"5,83"
315610,RITÁPOLIS,MG,07/2022,225,209,"92,89",208,1,"99,52",16,"7,11",0,16,"7,11"
315620,ROCHEDO DE MINAS,MG,07/2022,185,139,"75,14",139,0,"100,00",46,"24,86",6,40,"21,62"
315620,ROCHEDO DE MINAS,MG,11/2022,182,140,"76,92",140,0,"100,00",42,"23,08",0,42,"23,08"
315620,ROCHEDO DE MINAS,MG,09/2022,185,139,"75,14",139,0,"100,00",46,"24,86",1,45,"24,32"
315630,RODEIRO,MG,09/2022,404,292,"72,28",292,0,"100,00",112,"27,72",0,112,"27,72"
315630,RODEIRO,MG,11/2022,418,390,"93,30",390,0,"100,00",28,"6,70",0,28,"6,70"
315630,RODEIRO,MG,07/2022,340,229,"67,35",229,0,"100,00",111,"32,65",0,111,"32,65"
315640,ROMARIA,MG,07/2022,141,103,"73,05",103,0,"100,00",38,"26,95",7,31,"21,99"
315640,ROMARIA,MG,09/2022,147,105,"71,43",105,0,"100,00",42,"28,57",7,35,"23,81"
315640,ROMARIA,MG,11/2022,141,116,"82,27",116,0,"100,00",25,"17,73",5,20,"14,18"
315645,ROSÁRIO DA LIMEIRA,MG,11/2022,234,210,"89,74",210,0,"100,00",24,"10,26",0,24,"10,26"
315645,ROSÁRIO DA LIMEIRA,MG,09/2022,229,37,"16,16",37,0,"100,00",192,"83,84",168,24,"10,48"
315645,ROSÁRIO DA LIMEIRA,MG,07/2022,234,208,"88,89",205,3,"98,56",26,"11,11",0,26,"11,11"
315650,RUBELITA,MG,07/2022,609,514,"84,40",514,0,"100,00",95,"15,60",25,70,"11,49"
315650,RUBELITA,MG,11/2022,593,466,"78,58",463,3,"99,36",127,"21,42",26,101,"17,03"
315650,RUBELITA,MG,09/2022,598,487,"81,44",486,1,"99,79",111,"18,56",17,94,"15,72"
315660,RUBIM,MG,09/2022,714,671,"93,98",671,0,"100,00",43,"6,02",0,43,"6,02"
315660,RUBIM,MG,11/2022,683,641,"93,85",641,0,"100,00",42,"6,15",1,41,"6,00"
315660,RUBIM,MG,07/2022,723,681,"94,19",681,0,"100,00",42,"5,81",0,42,"5,81"
315670,SABARÁ,MG,07/2022,5784,3698,"63,93",3395,303,"91,81",2086,"36,07",82,2004,"34,65"
315670,SABARÁ,MG,11/2022,5847,4761,"81,43",4519,242,"94,92",1086,"18,57",47,1039,"17,77"
315670,SABARÁ,MG,09/2022,5864,3892,"66,37",3681,211,"94,58",1972,"33,63",208,1764,"30,08"
315680,SABINÓPOLIS,MG,11/2022,1154,565,"48,96",512,53,"90,62",589,"51,04",0,589,"51,04"
315680,SABINÓPOLIS,MG,09/2022,1165,526,"45,15",519,7,"98,67",639,"54,85",46,593,"50,90"
315680,SABINÓPOLIS,MG,07/2022,1193,361,"30,26",334,27,"92,52",832,"69,74",230,602,"50,46"
315690,SACRAMENTO,MG,07/2022,1031,483,"46,85",382,101,"79,09",548,"53,15",10,538,"52,18"
315690,SACRAMENTO,MG,09/2022,1061,493,"46,47",416,77,"84,38",568,"53,53",11,557,"52,50"
315690,SACRAMENTO,MG,11/2022,1048,524,"50,00",456,68,"87,02",524,"50,00",3,521,"49,71"
315700,SALINAS,MG,09/2022,2573,2299,"89,35",2200,99,"95,69",274,"10,65",8,266,"10,34"
315700,SALINAS,MG,11/2022,2557,2242,"87,68",2022,220,"90,19",315,"12,32",3,312,"12,20"
315700,SALINAS,MG,07/2022,2651,2336,"88,12",2295,41,"98,24",315,"11,88",3,312,"11,77"
315710,SALTO DA DIVISA,MG,07/2022,631,488,"77,34",478,10,"97,95",143,"22,66",2,141,"22,35"
315710,SALTO DA DIVISA,MG,11/2022,594,461,"77,61",450,11,"97,61",133,"22,39",19,114,"19,19"
315710,SALTO DA DIVISA,MG,09/2022,620,450,"72,58",441,9,"98,00",170,"27,42",26,144,"23,23"
315720,SANTA BÁRBARA,MG,09/2022,1791,1438,"80,29",1313,125,"91,31",353,"19,71",14,339,"18,93"
315720,SANTA BÁRBARA,MG,11/2022,1773,1438,"81,11",1430,8,"99,44",335,"18,89",5,330,"18,61"
315720,SANTA BÁRBARA,MG,07/2022,1755,1258,"71,68",1089,169,"86,57",497,"28,32",196,301,"17,15"
315725,SANTA BÁRBARA DO LESTE,MG,07/2022,766,592,"77,28",592,0,"100,00",174,"22,72",6,168,"21,93"
315725,SANTA BÁRBARA DO LESTE,MG,09/2022,779,571,"73,30",571,0,"100,00",208,"26,70",2,206,"26,44"
315725,SANTA BÁRBARA DO LESTE,MG,11/2022,759,553,"72,86",540,13,"97,65",206,"27,14",0,206,"27,14"
315727,SANTA BÁRBARA DO MONTE VERDE,MG,09/2022,196,167,"85,20",161,6,"96,41",29,"14,80",0,29,"14,80"
315727,SANTA BÁRBARA DO MONTE VERDE,MG,11/2022,206,170,"82,52",150,20,"88,24",36,"17,48",0,36,"17,48"
315727,SANTA BÁRBARA DO MONTE VERDE,MG,07/2022,197,169,"85,79",169,0,"100,00",28,"14,21",0,28,"14,21"
315730,SANTA BÁRBARA DO TUGÚRIO,MG,07/2022,229,173,"75,55",173,0,"100,00",56,"24,45",2,54,"23,58"
315730,SANTA BÁRBARA DO TUGÚRIO,MG,09/2022,225,161,"71,56",160,1,"99,38",64,"28,44",9,55,"24,44"
315730,SANTA BÁRBARA DO TUGÚRIO,MG,11/2022,217,202,"93,09",201,1,"99,50",15,"6,91",10,5,"2,30"
315733,SANTA CRUZ DE MINAS,MG,11/2022,390,134,"34,36",133,1,"99,25",256,"65,64",0,256,"65,64"
315733,SANTA CRUZ DE MINAS,MG,09/2022,387,132,"34,11",132,0,"100,00",255,"65,89",0,255,"65,89"
315733,SANTA CRUZ DE MINAS,MG,07/2022,389,104,"26,74",104,0,"100,00",285,"73,26",31,254,"65,30"
315737,SANTA CRUZ DE SALINAS,MG,07/2022,402,378,"94,03",360,18,"95,24",24,"5,97",13,11,"2,74"
315737,SANTA CRUZ DE SALINAS,MG,11/2022,371,361,"97,30",315,46,"87,26",10,"2,70",1,9,"2,43"
315737,SANTA CRUZ DE SALINAS,MG,09/2022,387,378,"97,67",357,21,"94,44",9,"2,33",1,8,"2,07"
315740,SANTA CRUZ DO ESCALVADO,MG,11/2022,278,256,"92,09",218,38,"85,16",22,"7,91",1,21,"7,55"
315740,SANTA CRUZ DO ESCALVADO,MG,09/2022,275,254,"92,36",236,18,"92,91",21,"7,64",0,21,"7,64"
315740,SANTA CRUZ DO ESCALVADO,MG,07/2022,283,226,"79,86",219,7,"96,90",57,"20,14",13,44,"15,55"
315750,SANTA EFIGÊNIA DE MINAS,MG,07/2022,441,261,"59,18",238,23,"91,19",180,"40,82",3,177,"40,14"
315750,SANTA EFIGÊNIA DE MINAS,MG,11/2022,436,257,"58,94",254,3,"98,83",179,"41,06",13,166,"38,07"
315750,SANTA EFIGÊNIA DE MINAS,MG,09/2022,422,255,"60,43",252,3,"98,82",167,"39,57",3,164,"38,86"
315760,SANTA FÉ DE MINAS,MG,09/2022,388,334,"86,08",334,0,"100,00",54,"13,92",0,54,"13,92"
315760,SANTA FÉ DE MINAS,MG,11/2022,374,324,"86,63",324,0,"100,00",50,"13,37",2,48,"12,83"
315760,SANTA FÉ DE MINAS,MG,07/2022,440,343,"77,95",343,0,"100,00",97,"22,05",27,70,"15,91"
315765,SANTA HELENA DE MINAS,MG,07/2022,956,848,"88,70",848,0,"100,00",108,"11,30",12,96,"10,04"
315765,SANTA HELENA DE MINAS,MG,09/2022,901,0,"0,00",0,0,,901,"100,00",800,101,"11,21"
315765,SANTA HELENA DE MINAS,MG,11/2022,933,827,"88,64",827,0,"100,00",106,"11,36",23,83,"8,90"
315770,SANTA JULIANA,MG,11/2022,582,452,"77,66",450,2,"99,56",130,"22,34",8,122,"20,96"
315770,SANTA JULIANA,MG,09/2022,556,421,"75,72",415,6,"98,57",135,"24,28",4,131,"23,56"
315770,SANTA JULIANA,MG,07/2022,508,201,"39,57",181,20,"90,05",307,"60,43",186,121,"23,82"
315780,SANTA LUZIA,MG,07/2022,13443,10424,"77,54",9700,724,"93,05",3019,"22,46",117,2902,"21,59"
315780,SANTA LUZIA,MG,11/2022,13319,9569,"71,84",9131,438,"95,42",3750,"28,16",43,3707,"27,83"
315780,SANTA LUZIA,MG,09/2022,13819,9789,"70,84",9326,463,"95,27",4030,"29,16",205,3825,"27,68"
315790,SANTA MARGARIDA,MG,09/2022,1476,1422,"96,34",1422,0,"100,00",54,"3,66",11,43,"2,91"
315790,SANTA MARGARIDA,MG,11/2022,1442,1415,"98,13",1414,1,"99,93",27,"1,87",4,23,"1,60"
315790,SANTA MARGARIDA,MG,07/2022,1532,1155,"75,39",1143,12,"98,96",377,"24,61",1,376,"24,54"
315800,SANTA MARIA DE ITABIRA,MG,07/2022,434,427,"98,39",402,25,"94,15",7,"1,61",1,6,"1,38"
315800,SANTA MARIA DE ITABIRA,MG,11/2022,431,421,"97,68",396,25,"94,06",10,"2,32",0,10,"2,32"
315800,SANTA MARIA DE ITABIRA,MG,09/2022,438,423,"96,58",402,21,"95,04",15,"3,42",2,13,"2,97"
315810,SANTA MARIA DO SALTO,MG,11/2022,449,379,"84,41",378,1,"99,74",70,"15,59",2,68,"15,14"
315810,SANTA MARIA DO SALTO,MG,09/2022,448,372,"83,04",370,2,"99,46",76,"16,96",3,73,"16,29"
315810,SANTA MARIA DO SALTO,MG,07/2022,439,352,"80,18",349,3,"99,15",87,"19,82",7,80,"18,22"
315820,SANTA MARIA DO SUAÇUÍ,MG,07/2022,1119,1078,"96,34",1078,0,"100,00",41,"3,66",11,30,"2,68"
315820,SANTA MARIA DO SUAÇUÍ,MG,11/2022,1026,999,"97,37",999,0,"100,00",27,"2,63",1,26,"2,53"
315820,SANTA MARIA DO SUAÇUÍ,MG,09/2022,1063,1034,"97,27",1034,0,"100,00",29,"2,73",12,17,"1,60"
315830,SANTANA DA VARGEM,MG,11/2022,293,223,"76,11",188,35,"84,30",70,"23,89",22,48,"16,38"
315830,SANTANA DA VARGEM,MG,09/2022,299,213,"71,24",184,29,"86,38",86,"28,76",36,50,"16,72"
315830,SANTANA DA VARGEM,MG,07/2022,288,245,"85,07",242,3,"98,78",43,"14,93",3,40,"13,89"
315840,SANTANA DE CATAGUASES,MG,07/2022,214,162,"75,70",162,0,"100,00",52,"24,30",0,52,"24,30"
315840,SANTANA DE CATAGUASES,MG,09/2022,208,149,"71,63",149,0,"100,00",59,"28,37",0,59,"28,37"
315840,SANTANA DE CATAGUASES,MG,11/2022,209,142,"67,94",142,0,"100,00",67,"32,06",10,57,"27,27"
315850,SANTANA DE PIRAPAMA,MG,11/2022,454,397,"87,44",397,0,"100,00",57,"12,56",3,54,"11,89"
315850,SANTANA DE PIRAPAMA,MG,09/2022,467,410,"87,79",410,0,"100,00",57,"12,21",4,53,"11,35"
315850,SANTANA DE PIRAPAMA,MG,07/2022,462,105,"22,73",105,0,"100,00",357,"77,27",302,55,"11,90"
315860,SANTANA DO DESERTO,MG,07/2022,204,189,"92,65",189,0,"100,00",15,"7,35",1,14,"6,86"
315860,SANTANA DO DESERTO,MG,09/2022,213,200,"93,90",200,0,"100,00",13,"6,10",0,13,"6,10"
315860,SANTANA DO DESERTO,MG,11/2022,214,206,"96,26",193,13,"93,69",8,"3,74",0,8,"3,74"
315870,SANTANA DO GARAMBÉU,MG,09/2022,177,170,"96,05",161,9,"94,71",7,"3,95",0,7,"3,95"
315870,SANTANA DO GARAMBÉU,MG,11/2022,175,170,"97,14",164,6,"96,47",5,"2,86",0,5,"2,86"
315870,SANTANA DO GARAMBÉU,MG,07/2022,178,60,"33,71",3,57,"5,00",118,"66,29",111,7,"3,93"
315880,SANTANA DO JACARÉ,MG,07/2022,204,198,"97,06",198,0,"100,00",6,"2,94",2,4,"1,96"
315880,SANTANA DO JACARÉ,MG,09/2022,224,221,"98,66",212,9,"95,93",3,"1,34",0,3,"1,34"
315880,SANTANA DO JACARÉ,MG,11/2022,226,220,"97,35",213,7,"96,82",6,"2,65",5,1,"0,44"
315890,SANTANA DO MANHUAÇU,MG,09/2022,754,562,"74,54",562,0,"100,00",192,"25,46",0,192,"25,46"
315890,SANTANA DO MANHUAÇU,MG,11/2022,751,552,"73,50",552,0,"100,00",199,"26,50",12,187,"24,90"
315890,SANTANA DO MANHUAÇU,MG,07/2022,766,135,"17,62",135,0,"100,00",631,"82,38",441,190,"24,80"
315895,SANTANA DO PARAÍSO,MG,07/2022,1814,1254,"69,13",1155,99,"92,11",560,"30,87",16,544,"29,99"
315895,SANTANA DO PARAÍSO,MG,09/2022,1862,1239,"66,54",1185,54,"95,64",623,"33,46",148,475,"25,51"
315895,SANTANA DO PARAÍSO,MG,11/2022,1841,1446,"78,54",1390,56,"96,13",395,"21,46",7,388,"21,08"
315900,SANTANA DO RIACHO,MG,09/2022,328,60,"18,29",57,3,"95,00",268,"81,71",217,51,"15,55"
315900,SANTANA DO RIACHO,MG,11/2022,336,277,"82,44",261,16,"94,22",59,"17,56",4,55,"16,37"
315900,SANTANA DO RIACHO,MG,07/2022,337,280,"83,09",280,0,"100,00",57,"16,91",2,55,"16,32"
315910,SANTANA DOS MONTES,MG,07/2022,241,232,"96,27",224,8,"96,55",9,"3,73",1,8,"3,32"
315910,SANTANA DOS MONTES,MG,11/2022,242,232,"95,87",232,0,"100,00",10,"4,13",1,9,"3,72"
315910,SANTANA DOS MONTES,MG,09/2022,242,232,"95,87",231,1,"99,57",10,"4,13",2,8,"3,31"
315920,SANTA RITA DE CALDAS,MG,11/2022,280,240,"85,71",238,2,"99,17",40,"14,29",2,38,"13,57"
315920,SANTA RITA DE CALDAS,MG,09/2022,290,269,"92,76",269,0,"100,00",21,"7,24",0,21,"7,24"
315920,SANTA RITA DE CALDAS,MG,07/2022,289,270,"93,43",270,0,"100,00",19,"6,57",0,19,"6,57"
315930,SANTA RITA DE JACUTINGA,MG,07/2022,272,224,"82,35",202,22,"90,18",48,"17,65",2,46,"16,91"
315930,SANTA RITA DE JACUTINGA,MG,11/2022,262,205,"78,24",195,10,"95,12",57,"21,76",18,39,"14,89"
315930,SANTA RITA DE JACUTINGA,MG,09/2022,266,202,"75,94",190,12,"94,06",64,"24,06",19,45,"16,92"
315935,SANTA RITA DE MINAS,MG,11/2022,405,309,"76,30",284,25,"91,91",96,"23,70",0,96,"23,70"
315935,SANTA RITA DE MINAS,MG,09/2022,398,295,"74,12",253,42,"85,76",103,"25,88",1,102,"25,63"
315935,SANTA RITA DE MINAS,MG,07/2022,391,286,"73,15",268,18,"93,71",105,"26,85",3,102,"26,09"
315940,SANTA RITA DE IBITIPOCA,MG,07/2022,219,182,"83,11",182,0,"100,00",37,"16,89",15,22,"10,05"
315940,SANTA RITA DE IBITIPOCA,MG,11/2022,215,179,"83,26",179,0,"100,00",36,"16,74",15,21,"9,77"
315940,SANTA RITA DE IBITIPOCA,MG,09/2022,220,183,"83,18",183,0,"100,00",37,"16,82",15,22,"10,00"
315950,SANTA RITA DO ITUETO,MG,09/2022,535,433,"80,93",417,16,"96,30",102,"19,07",10,92,"17,20"
315950,SANTA RITA DO ITUETO,MG,11/2022,510,408,"80,00",397,11,"97,30",102,"20,00",6,96,"18,82"
315950,SANTA RITA DO ITUETO,MG,07/2022,570,469,"82,28",419,50,"89,34",101,"17,72",10,91,"15,96"
315960,SANTA RITA DO SAPUCAÍ,MG,07/2022,1398,1075,"76,90",1066,9,"99,16",323,"23,10",9,314,"22,46"
315960,SANTA RITA DO SAPUCAÍ,MG,11/2022,1395,987,"70,75",976,11,"98,89",408,"29,25",138,270,"19,35"
315960,SANTA RITA DO SAPUCAÍ,MG,09/2022,1415,1057,"74,70",1047,10,"99,05",358,"25,30",50,308,"21,77"
315970,SANTA ROSA DA SERRA,MG,11/2022,234,210,"89,74",210,0,"100,00",24,"10,26",0,24,"10,26"
315970,SANTA ROSA DA SERRA,MG,09/2022,250,221,"88,40",218,3,"98,64",29,"11,60",0,29,"11,60"
315970,SANTA ROSA DA SERRA,MG,07/2022,240,209,"87,08",203,6,"97,13",31,"12,92",2,29,"12,08"
315980,SANTA VITÓRIA,MG,07/2022,866,766,"88,45",766,0,"100,00",100,"11,55",2,98,"11,32"
315980,SANTA VITÓRIA,MG,11/2022,944,847,"89,72",829,18,"97,87",97,"10,28",2,95,"10,06"
315980,SANTA VITÓRIA,MG,09/2022,925,776,"83,89",774,2,"99,74",149,"16,11",46,103,"11,14"
315990,SANTO ANTÔNIO DO AMPARO,MG,09/2022,1207,1041,"86,25",931,110,"89,43",166,"13,75",19,147,"12,18"
315990,SANTO ANTÔNIO DO AMPARO,MG,11/2022,1158,961,"82,99",910,51,"94,69",197,"17,01",65,132,"11,40"
315990,SANTO ANTÔNIO DO AMPARO,MG,07/2022,1243,898,"72,24",825,73,"91,87",345,"27,76",100,245,"19,71"
316000,SANTO ANTÔNIO DO AVENTUREIRO,MG,07/2022,250,192,"76,80",191,1,"99,48",58,"23,20",1,57,"22,80"
316000,SANTO ANTÔNIO DO AVENTUREIRO,MG,11/2022,244,208,"85,25",204,4,"98,08",36,"14,75",0,36,"14,75"
316000,SANTO ANTÔNIO DO AVENTUREIRO,MG,09/2022,251,194,"77,29",184,10,"94,85",57,"22,71",0,57,"22,71"
316010,SANTO ANTÔNIO DO GRAMA,MG,11/2022,241,233,"96,68",222,11,"95,28",8,"3,32",0,8,"3,32"
316010,SANTO ANTÔNIO DO GRAMA,MG,09/2022,261,228,"87,36",223,5,"97,81",33,"12,64",0,33,"12,64"
316010,SANTO ANTÔNIO DO GRAMA,MG,07/2022,268,230,"85,82",230,0,"100,00",38,"14,18",1,37,"13,81"
316020,SANTO ANTÔNIO DO ITAMBÉ,MG,07/2022,386,279,"72,28",279,0,"100,00",107,"27,72",1,106,"27,46"
316020,SANTO ANTÔNIO DO ITAMBÉ,MG,09/2022,386,278,"72,02",278,0,"100,00",108,"27,98",1,107,"27,72"
316020,SANTO ANTÔNIO DO ITAMBÉ,MG,11/2022,381,288,"75,59",288,0,"100,00",93,"24,41",1,92,"24,15"
316030,SANTO ANTÔNIO DO JACINTO,MG,11/2022,1064,771,"72,46",758,13,"98,31",293,"27,54",10,283,"26,60"
316030,SANTO ANTÔNIO DO JACINTO,MG,09/2022,1060,32,"3,02",32,0,"100,00",1028,"96,98",706,322,"30,38"
316030,SANTO ANTÔNIO DO JACINTO,MG,07/2022,1109,677,"61,05",656,21,"96,90",432,"38,95",108,324,"29,22"
316040,SANTO ANTÔNIO DO MONTE,MG,07/2022,726,560,"77,13",537,23,"95,89",166,"22,87",5,161,"22,18"
316040,SANTO ANTÔNIO DO MONTE,MG,09/2022,726,547,"75,34",523,24,"95,61",179,"24,66",4,175,"24,10"
316040,SANTO ANTÔNIO DO MONTE,MG,11/2022,715,540,"75,52",524,16,"97,04",175,"24,48",3,172,"24,06"
316045,SANTO ANTÔNIO DO RETIRO,MG,09/2022,876,656,"74,89",649,7,"98,93",220,"25,11",5,215,"24,54"
316045,SANTO ANTÔNIO DO RETIRO,MG,11/2022,879,683,"77,70",683,0,"100,00",196,"22,30",0,196,"22,30"
316045,SANTO ANTÔNIO DO RETIRO,MG,07/2022,887,660,"74,41",655,5,"99,24",227,"25,59",1,226,"25,48"
316050,SANTO ANTÔNIO DO RIO ABAIXO,MG,07/2022,145,143,"98,62",143,0,"100,00",2,"1,38",2,0,"0,00"
316050,SANTO ANTÔNIO DO RIO ABAIXO,MG,09/2022,141,141,"100,00",141,0,"100,00",0,"0,00",0,0,"0,00"
316050,SANTO ANTÔNIO DO RIO ABAIXO,MG,11/2022,147,146,"99,32",146,0,"100,00",1,"0,68",0,1,"0,68"
316060,SANTO HIPÓLITO,MG,11/2022,219,184,"84,02",182,2,"98,91",35,"15,98",0,35,"15,98"
316060,SANTO HIPÓLITO,MG,09/2022,220,187,"85,00",182,5,"97,33",33,"15,00",2,31,"14,09"
316060,SANTO HIPÓLITO,MG,07/2022,227,192,"84,58",178,14,"92,71",35,"15,42",9,26,"11,45"
316070,SANTOS DUMONT,MG,07/2022,2215,1208,"54,54",1184,24,"98,01",1007,"45,46",3,1004,"45,33"
316070,SANTOS DUMONT,MG,09/2022,2200,1483,"67,41",1367,116,"92,18",717,"32,59",0,717,"32,59"
316070,SANTOS DUMONT,MG,11/2022,2170,1673,"77,10",1573,100,"94,02",497,"22,90",0,497,"22,90"
316080,SÃO BENTO ABADE,MG,11/2022,253,236,"93,28",224,12,"94,92",17,"6,72",6,11,"4,35"
316080,SÃO BENTO ABADE,MG,09/2022,252,221,"87,70",199,22,"90,05",31,"12,30",11,20,"7,94"
316080,SÃO BENTO ABADE,MG,07/2022,244,213,"87,30",197,16,"92,49",31,"12,70",0,31,"12,70"
316090,SÃO BRÁS DO SUAÇUÍ,MG,07/2022,195,151,"77,44",126,25,"83,44",44,"22,56",3,41,"21,03"
316090,SÃO BRÁS DO SUAÇUÍ,MG,11/2022,201,161,"80,10",150,11,"93,17",40,"19,90",0,40,"19,90"
316090,SÃO BRÁS DO SUAÇUÍ,MG,09/2022,202,156,"77,23",138,18,"88,46",46,"22,77",3,43,"21,29"
316095,SÃO DOMINGOS DAS DORES,MG,11/2022,518,455,"87,84",455,0,"100,00",63,"12,16",0,63,"12,16"
316095,SÃO DOMINGOS DAS DORES,MG,09/2022,527,463,"87,86",463,0,"100,00",64,"12,14",0,64,"12,14"
316095,SÃO DOMINGOS DAS DORES,MG,07/2022,535,474,"88,60",474,0,"100,00",61,"11,40",0,61,"11,40"
316100,SÃO DOMINGOS DO PRATA,MG,07/2022,840,639,"76,07",638,1,"99,84",201,"23,93",123,78,"9,29"
316100,SÃO DOMINGOS DO PRATA,MG,09/2022,838,654,"78,04",644,10,"98,47",184,"21,96",107,77,"9,19"
316100,SÃO DOMINGOS DO PRATA,MG,11/2022,838,760,"90,69",749,11,"98,55",78,"9,31",0,78,"9,31"
316105,SÃO FÉLIX DE MINAS,MG,09/2022,264,248,"93,94",247,1,"99,60",16,"6,06",1,15,"5,68"
316105,SÃO FÉLIX DE MINAS,MG,11/2022,249,243,"97,59",234,9,"96,30",6,"2,41",1,5,"2,01"
316105,SÃO FÉLIX DE MINAS,MG,07/2022,271,253,"93,36",253,0,"100,00",18,"6,64",4,14,"5,17"
316110,SÃO FRANCISCO,MG,07/2022,5976,5519,"92,35",5492,27,"99,51",457,"7,65",68,389,"6,51"
316110,SÃO FRANCISCO,MG,09/2022,5910,5636,"95,36",5548,88,"98,44",274,"4,64",45,229,"3,87"
316110,SÃO FRANCISCO,MG,11/2022,5807,5498,"94,68",5383,115,"97,91",309,"5,32",8,301,"5,18"
316120,SÃO FRANCISCO DE PAULA,MG,11/2022,256,220,"85,94",217,3,"98,64",36,"14,06",0,36,"14,06"
316120,SÃO FRANCISCO DE PAULA,MG,09/2022,263,221,"84,03",213,8,"96,38",42,"15,97",0,42,"15,97"
316120,SÃO FRANCISCO DE PAULA,MG,07/2022,262,226,"86,26",216,10,"95,58",36,"13,74",0,36,"13,74"
316130,SÃO FRANCISCO DE SALES,MG,07/2022,404,296,"73,27",296,0,"100,00",108,"26,73",1,107,"26,49"
316130,SÃO FRANCISCO DE SALES,MG,09/2022,413,295,"71,43",295,0,"100,00",118,"28,57",0,118,"28,57"
316130,SÃO FRANCISCO DE SALES,MG,11/2022,412,389,"94,42",389,0,"100,00",23,"5,58",0,23,"5,58"
316140,SÃO FRANCISCO DO GLÓRIA,MG,09/2022,240,218,"90,83",218,0,"100,00",22,"9,17",4,18,"7,50"
316140,SÃO FRANCISCO DO GLÓRIA,MG,11/2022,222,215,"96,85",193,22,"89,77",7,"3,15",0,7,"3,15"
316140,SÃO FRANCISCO DO GLÓRIA,MG,07/2022,250,229,"91,60",219,10,"95,63",21,"8,40",1,20,"8,00"
316150,SÃO GERALDO,MG,07/2022,553,252,"45,57",251,1,"99,60",301,"54,43",10,291,"52,62"
316150,SÃO GERALDO,MG,09/2022,577,277,"48,01",276,1,"99,64",300,"51,99",5,295,"51,13"
316150,SÃO GERALDO,MG,11/2022,604,311,"51,49",311,0,"100,00",293,"48,51",4,289,"47,85"
316160,SÃO GERALDO DA PIEDADE,MG,11/2022,360,247,"68,61",225,22,"91,09",113,"31,39",16,97,"26,94"
316160,SÃO GERALDO DA PIEDADE,MG,09/2022,368,241,"65,49",226,15,"93,78",127,"34,51",8,119,"32,34"
316160,SÃO GERALDO DA PIEDADE,MG,07/2022,385,244,"63,38",216,28,"88,52",141,"36,62",16,125,"32,47"
316165,SÃO GERALDO DO BAIXIO,MG,07/2022,303,209,"68,98",203,6,"97,13",94,"31,02",1,93,"30,69"
316165,SÃO GERALDO DO BAIXIO,MG,09/2022,298,211,"70,81",211,0,"100,00",87,"29,19",0,87,"29,19"
316165,SÃO GERALDO DO BAIXIO,MG,11/2022,313,225,"71,88",225,0,"100,00",88,"28,12",0,88,"28,12"
316170,SÃO GONÇALO DO ABAETÉ,MG,09/2022,402,344,"85,57",321,23,"93,31",58,"14,43",8,50,"12,44"
316170,SÃO GONÇALO DO ABAETÉ,MG,11/2022,407,349,"85,75",340,9,"97,42",58,"14,25",4,54,"13,27"
316170,SÃO GONÇALO DO ABAETÉ,MG,07/2022,400,353,"88,25",330,23,"93,48",47,"11,75",22,25,"6,25"
316180,SÃO GONÇALO DO PARÁ,MG,07/2022,423,268,"63,36",262,6,"97,76",155,"36,64",33,122,"28,84"
316180,SÃO GONÇALO DO PARÁ,MG,11/2022,435,303,"69,66",294,9,"97,03",132,"30,34",4,128,"29,43"
316180,SÃO GONÇALO DO PARÁ,MG,09/2022,428,278,"64,95",240,38,"86,33",150,"35,05",19,131,"30,61"
316190,SÃO GONÇALO DO RIO ABAIXO,MG,09/2022,610,383,"62,79",365,18,"95,30",227,"37,21",171,56,"9,18"
316190,SÃO GONÇALO DO RIO ABAIXO,MG,11/2022,599,536,"89,48",528,8,"98,51",63,"10,52",4,59,"9,85"
316190,SÃO GONÇALO DO RIO ABAIXO,MG,07/2022,601,525,"87,35",474,51,"90,29",76,"12,65",7,69,"11,48"
316200,SÃO GONÇALO DO SAPUCAÍ,MG,07/2022,1362,1035,"75,99",1019,16,"98,45",327,"24,01",50,277,"20,34"
316200,SÃO GONÇALO DO SAPUCAÍ,MG,09/2022,1375,1040,"75,64",999,41,"96,06",335,"24,36",57,278,"20,22"
316200,SÃO GONÇALO DO SAPUCAÍ,MG,11/2022,1385,936,"67,58",906,30,"96,79",449,"32,42",191,258,"18,63"
316210,SÃO GOTARDO,MG,11/2022,1831,918,"50,14",916,2,"99,78",913,"49,86",22,891,"48,66"
316210,SÃO GOTARDO,MG,09/2022,1729,850,"49,16",847,3,"99,65",879,"50,84",44,835,"48,29"
316210,SÃO GOTARDO,MG,07/2022,1564,701,"44,82",701,0,"100,00",863,"55,18",148,715,"45,72"
316220,SÃO JOÃO BATISTA DO GLÓRIA,MG,07/2022,197,192,"97,46",158,34,"82,29",5,"2,54",1,4,"2,03"
316220,SÃO JOÃO BATISTA DO GLÓRIA,MG,11/2022,204,199,"97,55",185,14,"92,96",5,"2,45",1,4,"1,96"
316220,SÃO JOÃO BATISTA DO GLÓRIA,MG,09/2022,192,187,"97,40",160,27,"85,56",5,"2,60",0,5,"2,60"
316225,SÃO JOÃO DA LAGOA,MG,11/2022,386,364,"94,30",338,26,"92,86",22,"5,70",1,21,"5,44"
316225,SÃO JOÃO DA LAGOA,MG,09/2022,397,376,"94,71",366,10,"97,34",21,"5,29",7,14,"3,53"
316225,SÃO JOÃO DA LAGOA,MG,07/2022,409,371,"90,71",369,2,"99,46",38,"9,29",1,37,"9,05"
316230,SÃO JOÃO DA MATA,MG,07/2022,176,127,"72,16",120,7,"94,49",49,"27,84",23,26,"14,77"
316230,SÃO JOÃO DA MATA,MG,09/2022,181,145,"80,11",123,22,"84,83",36,"19,89",11,25,"13,81"
316230,SÃO JOÃO DA MATA,MG,11/2022,190,174,"91,58",174,0,"100,00",16,"8,42",0,16,"8,42"
316240,SÃO JOÃO DA PONTE,MG,11/2022,2354,1873,"79,57",1873,0,"100,00",481,"20,43",83,398,"16,91"
316240,SÃO JOÃO DA PONTE,MG,09/2022,2431,1955,"80,42",1945,10,"99,49",476,"19,58",94,382,"15,71"
316240,SÃO JOÃO DA PONTE,MG,07/2022,2452,2000,"81,57",1977,23,"98,85",452,"18,43",188,264,"10,77"
316245,SÃO JOÃO DAS MISSÕES,MG,07/2022,1970,1463,"74,26",1427,36,"97,54",507,"25,74",135,372,"18,88"
316245,SÃO JOÃO DAS MISSÕES,MG,09/2022,1929,1434,"74,34",1386,48,"96,65",495,"25,66",141,354,"18,35"
316245,SÃO JOÃO DAS MISSÕES,MG,11/2022,1895,1518,"80,11",1470,48,"96,84",377,"19,89",5,372,"19,63"
316250,SÃO JOÃO DEL REI,MG,11/2022,3175,2156,"67,91",2154,2,"99,91",1019,"32,09",7,1012,"31,87"
316250,SÃO JOÃO DEL REI,MG,09/2022,3210,2115,"65,89",2112,3,"99,86",1095,"34,11",2,1093,"34,05"
316250,SÃO JOÃO DEL REI,MG,07/2022,3156,1917,"60,74",1732,185,"90,35",1239,"39,26",137,1102,"34,92"
316255,SÃO JOÃO DO MANHUAÇU,MG,07/2022,1201,1083,"90,17",1082,1,"99,91",118,"9,83",2,116,"9,66"
316255,SÃO JOÃO DO MANHUAÇU,MG,11/2022,1179,1062,"90,08",1061,1,"99,91",117,"9,92",1,116,"9,84"
316255,SÃO JOÃO DO MANHUAÇU,MG,09/2022,1204,1088,"90,37",1087,1,"99,91",116,"9,63",1,115,"9,55"
316257,SÃO JOÃO DO MANTENINHA,MG,09/2022,370,317,"85,68",317,0,"100,00",53,"14,32",0,53,"14,32"
316257,SÃO JOÃO DO MANTENINHA,MG,11/2022,368,317,"86,14",317,0,"100,00",51,"13,86",1,50,"13,59"
316257,SÃO JOÃO DO MANTENINHA,MG,07/2022,355,300,"84,51",300,0,"100,00",55,"15,49",2,53,"14,93"
316260,SÃO JOÃO DO ORIENTE,MG,07/2022,674,562,"83,38",562,0,"100,00",112,"16,62",0,112,"16,62"
316260,SÃO JOÃO DO ORIENTE,MG,11/2022,673,548,"81,43",546,2,"99,64",125,"18,57",0,125,"18,57"
316260,SÃO JOÃO DO ORIENTE,MG,09/2022,668,545,"81,59",545,0,"100,00",123,"18,41",1,122,"18,26"
316265,SÃO JOÃO DO PACUÍ,MG,11/2022,350,333,"95,14",320,13,"96,10",17,"4,86",2,15,"4,29"
316265,SÃO JOÃO DO PACUÍ,MG,09/2022,367,350,"95,37",337,13,"96,29",17,"4,63",0,17,"4,63"
316265,SÃO JOÃO DO PACUÍ,MG,07/2022,386,348,"90,16",333,15,"95,69",38,"9,84",0,38,"9,84"
316270,SÃO JOÃO DO PARAÍSO,MG,07/2022,1474,599,"40,64",590,9,"98,50",875,"59,36",690,185,"12,55"
316270,SÃO JOÃO DO PARAÍSO,MG,09/2022,1486,1296,"87,21",1295,1,"99,92",190,"12,79",8,182,"12,25"
316270,SÃO JOÃO DO PARAÍSO,MG,11/2022,1460,1308,"89,59",1306,2,"99,85",152,"10,41",5,147,"10,07"
316280,SÃO JOÃO EVANGELISTA,MG,11/2022,1179,1019,"86,43",1011,8,"99,21",160,"13,57",4,156,"13,23"
316280,SÃO JOÃO EVANGELISTA,MG,09/2022,1193,977,"81,89",974,3,"99,69",216,"18,11",52,164,"13,75"
316280,SÃO JOÃO EVANGELISTA,MG,07/2022,1235,927,"75,06",923,4,"99,57",308,"24,94",115,193,"15,63"
316290,SÃO JOÃO NEPOMUCENO,MG,07/2022,1147,159,"13,86",2,157,"1,26",988,"86,14",966,22,"1,92"
316290,SÃO JOÃO NEPOMUCENO,MG,11/2022,1217,1168,"95,97",1167,1,"99,91",49,"4,03",29,20,"1,64"
316290,SÃO JOÃO NEPOMUCENO,MG,09/2022,1219,1154,"94,67",1142,12,"98,96",65,"5,33",37,28,"2,30"
316292,SÃO JOAQUIM DE BICAS,MG,09/2022,2445,823,"33,66",789,34,"95,87",1622,"66,34",696,926,"37,87"
316292,SÃO JOAQUIM DE BICAS,MG,11/2022,2532,1460,"57,66",1433,27,"98,15",1072,"42,34",32,1040,"41,07"
316292,SÃO JOAQUIM DE BICAS,MG,07/2022,2255,534,"23,68",493,41,"92,32",1721,"76,32",804,917,"40,67"
316294,SÃO JOSÉ DA BARRA,MG,07/2022,346,316,"91,33",277,39,"87,66",30,"8,67",7,23,"6,65"
316294,SÃO JOSÉ DA BARRA,MG,11/2022,342,321,"93,86",267,54,"83,18",21,"6,14",0,21,"6,14"
316294,SÃO JOSÉ DA BARRA,MG,09/2022,343,319,"93,00",289,30,"90,60",24,"7,00",0,24,"7,00"
316295,SÃO JOSÉ DA LAPA,MG,09/2022,1441,1300,"90,22",1240,60,"95,38",141,"9,78",67,74,"5,14"
316295,SÃO JOSÉ DA LAPA,MG,11/2022,1397,1281,"91,70",1244,37,"97,11",116,"8,30",16,100,"7,16"
316295,SÃO JOSÉ DA LAPA,MG,07/2022,1380,992,"71,88",937,55,"94,46",388,"28,12",215,173,"12,54"
316300,SÃO JOSÉ DA SAFIRA,MG,07/2022,408,324,"79,41",324,0,"100,00",84,"20,59",1,83,"20,34"
316300,SÃO JOSÉ DA SAFIRA,MG,11/2022,398,320,"80,40",320,0,"100,00",78,"19,60",0,78,"19,60"
316300,SÃO JOSÉ DA SAFIRA,MG,09/2022,403,318,"78,91",314,4,"98,74",85,"21,09",0,85,"21,09"
316310,SÃO JOSÉ DA VARGINHA,MG,11/2022,263,239,"90,87",239,0,"100,00",24,"9,13",0,24,"9,13"
316310,SÃO JOSÉ DA VARGINHA,MG,09/2022,269,218,"81,04",218,0,"100,00",51,"18,96",1,50,"18,59"
316310,SÃO JOSÉ DA VARGINHA,MG,07/2022,270,217,"80,37",217,0,"100,00",53,"19,63",6,47,"17,41"
316320,SÃO JOSÉ DO ALEGRE,MG,07/2022,215,145,"67,44",136,9,"93,79",70,"32,56",5,65,"30,23"
316320,SÃO JOSÉ DO ALEGRE,MG,09/2022,205,31,"15,12",15,16,"48,39",174,"84,88",109,65,"31,71"
316320,SÃO JOSÉ DO ALEGRE,MG,11/2022,191,163,"85,34",161,2,"98,77",28,"14,66",26,2,"1,05"
316330,SÃO JOSÉ DO DIVINO,MG,09/2022,354,287,"81,07",287,0,"100,00",67,"18,93",0,67,"18,93"
316330,SÃO JOSÉ DO DIVINO,MG,11/2022,352,296,"84,09",296,0,"100,00",56,"15,91",0,56,"15,91"
316330,SÃO JOSÉ DO DIVINO,MG,07/2022,371,293,"78,98",292,1,"99,66",78,"21,02",4,74,"19,95"
316340,SÃO JOSÉ DO GOIABAL,MG,07/2022,372,344,"92,47",332,12,"96,51",28,"7,53",6,22,"5,91"
316340,SÃO JOSÉ DO GOIABAL,MG,09/2022,367,346,"94,28",346,0,"100,00",21,"5,72",0,21,"5,72"
316340,SÃO JOSÉ DO GOIABAL,MG,11/2022,361,344,"95,29",342,2,"99,42",17,"4,71",0,17,"4,71"
316350,SÃO JOSÉ DO JACURI,MG,11/2022,618,557,"90,13",523,34,"93,90",61,"9,87",1,60,"9,71"
316350,SÃO JOSÉ DO JACURI,MG,09/2022,630,563,"89,37",557,6,"98,93",67,"10,63",0,67,"10,63"
316350,SÃO JOSÉ DO JACURI,MG,07/2022,632,569,"90,03",538,31,"94,55",63,"9,97",11,52,"8,23"
316360,SÃO JOSÉ DO MANTIMENTO,MG,07/2022,274,218,"79,56",214,4,"98,17",56,"20,44",3,53,"19,34"
316360,SÃO JOSÉ DO MANTIMENTO,MG,09/2022,272,214,"78,68",214,0,"100,00",58,"21,32",0,58,"21,32"
316360,SÃO JOSÉ DO MANTIMENTO,MG,11/2022,274,223,"81,39",223,0,"100,00",51,"18,61",0,51,"18,61"
316370,SÃO LOURENÇO,MG,09/2022,1864,1791,"96,08",1750,41,"97,71",73,"3,92",30,43,"2,31"
316370,SÃO LOURENÇO,MG,11/2022,1811,1653,"91,28",1578,75,"95,46",158,"8,72",96,62,"3,42"
316370,SÃO LOURENÇO,MG,07/2022,1772,1057,"59,65",946,111,"89,50",715,"40,35",334,381,"21,50"
316380,SÃO MIGUEL DO ANTA,MG,07/2022,527,458,"86,91",458,0,"100,00",69,"13,09",0,69,"13,09"
316380,SÃO MIGUEL DO ANTA,MG,11/2022,507,440,"86,79",432,8,"98,18",67,"13,21",1,66,"13,02"
316380,SÃO MIGUEL DO ANTA,MG,09/2022,523,453,"86,62",447,6,"98,68",70,"13,38",2,68,"13,00"
316390,SÃO PEDRO DA UNIÃO,MG,11/2022,254,237,"93,31",237,0,"100,00",17,"6,69",3,14,"5,51"
316390,SÃO PEDRO DA UNIÃO,MG,09/2022,257,190,"73,93",178,12,"93,68",67,"26,07",4,63,"24,51"
316390,SÃO PEDRO DA UNIÃO,MG,07/2022,261,189,"72,41",175,14,"92,59",72,"27,59",8,64,"24,52"
316400,SÃO PEDRO DOS FERROS,MG,07/2022,347,155,"44,67",150,5,"96,77",192,"55,33",13,179,"51,59"
316400,SÃO PEDRO DOS FERROS,MG,09/2022,358,176,"49,16",175,1,"99,43",182,"50,84",2,180,"50,28"
316400,SÃO PEDRO DOS FERROS,MG,11/2022,346,165,"47,69",163,2,"98,79",181,"52,31",4,177,"51,16"
316410,SÃO PEDRO DO SUAÇUÍ,MG,09/2022,506,446,"88,14",434,12,"97,31",60,"11,86",2,58,"11,46"
316410,SÃO PEDRO DO SUAÇUÍ,MG,11/2022,489,416,"85,07",392,24,"94,23",73,"14,93",3,70,"14,31"
316410,SÃO PEDRO DO SUAÇUÍ,MG,07/2022,489,436,"89,16",420,16,"96,33",53,"10,84",8,45,"9,20"
316420,SÃO ROMÃO,MG,07/2022,953,767,"80,48",741,26,"96,61",186,"19,52",121,65,"6,82"
316420,SÃO ROMÃO,MG,11/2022,936,876,"93,59",876,0,"100,00",60,"6,41",2,58,"6,20"
316420,SÃO ROMÃO,MG,09/2022,945,878,"92,91",878,0,"100,00",67,"7,09",1,66,"6,98"
316430,SÃO ROQUE DE MINAS,MG,11/2022,243,186,"76,54",174,12,"93,55",57,"23,46",4,53,"21,81"
316430,SÃO ROQUE DE MINAS,MG,09/2022,257,198,"77,04",189,9,"95,45",59,"22,96",0,59,"22,96"
316430,SÃO ROQUE DE MINAS,MG,07/2022,252,192,"76,19",171,21,"89,06",60,"23,81",3,57,"22,62"
316440,SÃO SEBASTIÃO DA BELA VISTA,MG,07/2022,270,245,"90,74",243,2,"99,18",25,"9,26",10,15,"5,56"
316440,SÃO SEBASTIÃO DA BELA VISTA,MG,11/2022,294,265,"90,14",258,7,"97,36",29,"9,86",3,26,"8,84"
316440,SÃO SEBASTIÃO DA BELA VISTA,MG,09/2022,287,262,"91,29",253,9,"96,56",25,"8,71",9,16,"5,57"
316443,SÃO SEBASTIÃO DA VARGEM ALEGRE,MG,11/2022,176,132,"75,00",132,0,"100,00",44,"25,00",3,41,"23,30"
316443,SÃO SEBASTIÃO DA VARGEM ALEGRE,MG,09/2022,176,129,"73,30",128,1,"99,22",47,"26,70",4,43,"24,43"
316443,SÃO SEBASTIÃO DA VARGEM ALEGRE,MG,07/2022,187,129,"68,98",126,3,"97,67",58,"31,02",12,46,"24,60"
316447,SÃO SEBASTIÃO DO ANTA,MG,07/2022,779,608,"78,05",608,0,"100,00",171,"21,95",2,169,"21,69"
316447,SÃO SEBASTIÃO DO ANTA,MG,11/2022,774,550,"71,06",546,4,"99,27",224,"28,94",3,221,"28,55"
316447,SÃO SEBASTIÃO DO ANTA,MG,09/2022,755,546,"72,32",544,2,"99,63",209,"27,68",4,205,"27,15"
316450,SÃO SEBASTIÃO DO MARANHÃO,MG,11/2022,807,690,"85,50",687,3,"99,57",117,"14,50",5,112,"13,88"
316450,SÃO SEBASTIÃO DO MARANHÃO,MG,09/2022,824,704,"85,44",675,29,"95,88",120,"14,56",28,92,"11,17"
316450,SÃO SEBASTIÃO DO MARANHÃO,MG,07/2022,833,299,"35,89",294,5,"98,33",534,"64,11",441,93,"11,16"
316460,SÃO SEBASTIÃO DO OESTE,MG,07/2022,542,452,"83,39",436,16,"96,46",90,"16,61",3,87,"16,05"
316460,SÃO SEBASTIÃO DO OESTE,MG,09/2022,557,458,"82,23",442,16,"96,51",99,"17,77",1,98,"17,59"
316460,SÃO SEBASTIÃO DO OESTE,MG,11/2022,530,468,"88,30",449,19,"95,94",62,"11,70",2,60,"11,32"
316470,SÃO SEBASTIÃO DO PARAÍSO,MG,09/2022,2669,1942,"72,76",1941,1,"99,95",727,"27,24",9,718,"26,90"
316470,SÃO SEBASTIÃO DO PARAÍSO,MG,11/2022,2658,1940,"72,99",1784,156,"91,96",718,"27,01",35,683,"25,70"
316470,SÃO SEBASTIÃO DO PARAÍSO,MG,07/2022,2581,1843,"71,41",1827,16,"99,13",738,"28,59",11,727,"28,17"
316480,SÃO SEBASTIÃO DO RIO PRETO,MG,07/2022,96,47,"48,96",47,0,"100,00",49,"51,04",29,20,"20,83"
316480,SÃO SEBASTIÃO DO RIO PRETO,MG,09/2022,89,68,"76,40",66,2,"97,06",21,"23,60",1,20,"22,47"
316480,SÃO SEBASTIÃO DO RIO PRETO,MG,11/2022,90,75,"83,33",75,0,"100,00",15,"16,67",5,10,"11,11"
316490,SÃO SEBASTIÃO DO RIO VERDE,MG,11/2022,93,74,"79,57",74,0,"100,00",19,"20,43",0,19,"20,43"
316490,SÃO SEBASTIÃO DO RIO VERDE,MG,09/2022,90,70,"77,78",65,5,"92,86",20,"22,22",0,20,"22,22"
316490,SÃO SEBASTIÃO DO RIO VERDE,MG,07/2022,89,69,"77,53",69,0,"100,00",20,"22,47",2,18,"20,22"
316500,SÃO TIAGO,MG,07/2022,423,289,"68,32",241,48,"83,39",134,"31,68",58,76,"17,97"
316500,SÃO TIAGO,MG,11/2022,410,330,"80,49",314,16,"95,15",80,"19,51",3,77,"18,78"
316500,SÃO TIAGO,MG,09/2022,421,276,"65,56",236,40,"85,51",145,"34,44",62,83,"19,71"
316510,SÃO TOMÁS DE AQUINO,MG,09/2022,383,357,"93,21",324,33,"90,76",26,"6,79",0,26,"6,79"
316510,SÃO TOMÁS DE AQUINO,MG,11/2022,380,348,"91,58",348,0,"100,00",32,"8,42",1,31,"8,16"
316510,SÃO TOMÁS DE AQUINO,MG,07/2022,390,352,"90,26",288,64,"81,82",38,"9,74",7,31,"7,95"
316520,SÃO THOMÉ DAS LETRAS,MG,07/2022,352,289,"82,10",289,0,"100,00",63,"17,90",1,62,"17,61"
316520,SÃO THOMÉ DAS LETRAS,MG,09/2022,329,179,"54,41",154,25,"86,03",150,"45,59",46,104,"31,61"
316520,SÃO THOMÉ DAS LETRAS,MG,11/2022,323,250,"77,40",202,48,"80,80",73,"22,60",34,39,"12,07"
316530,SÃO VICENTE DE MINAS,MG,11/2022,358,334,"93,30",334,0,"100,00",24,"6,70",0,24,"6,70"
316530,SÃO VICENTE DE MINAS,MG,09/2022,365,339,"92,88",338,1,"99,71",26,"7,12",1,25,"6,85"
316530,SÃO VICENTE DE MINAS,MG,07/2022,370,346,"93,51",344,2,"99,42",24,"6,49",0,24,"6,49"
316540,SAPUCAÍ-MIRIM,MG,07/2022,335,310,"92,54",270,40,"87,10",25,"7,46",0,25,"7,46"
316540,SAPUCAÍ-MIRIM,MG,11/2022,345,297,"86,09",270,27,"90,91",48,"13,91",1,47,"13,62"
316540,SAPUCAÍ-MIRIM,MG,09/2022,344,319,"92,73",258,61,"80,88",25,"7,27",3,22,"6,40"
316550,SARDOÁ,MG,09/2022,546,387,"70,88",364,23,"94,06",159,"29,12",22,137,"25,09"
316550,SARDOÁ,MG,11/2022,572,429,"75,00",387,42,"90,21",143,"25,00",37,106,"18,53"
316550,SARDOÁ,MG,07/2022,534,373,"69,85",362,11,"97,05",161,"30,15",8,153,"28,65"
316553,SARZEDO,MG,07/2022,1422,927,"65,19",877,50,"94,61",495,"34,81",114,381,"26,79"
316553,SARZEDO,MG,11/2022,1460,802,"54,93",757,45,"94,39",658,"45,07",244,414,"28,36"
316553,SARZEDO,MG,09/2022,1516,1054,"69,53",1027,27,"97,44",462,"30,47",36,426,"28,10"
316555,SETUBINHA,MG,09/2022,1723,1341,"77,83",1303,38,"97,17",382,"22,17",10,372,"21,59"
316555,SETUBINHA,MG,11/2022,1655,1319,"79,70",1258,61,"95,38",336,"20,30",5,331,"20,00"
316555,SETUBINHA,MG,07/2022,1736,1349,"77,71",1282,67,"95,03",387,"22,29",3,384,"22,12"
316556,SEM-PEIXE,MG,07/2022,127,119,"93,70",119,0,"100,00",8,"6,30",1,7,"5,51"
316556,SEM-PEIXE,MG,09/2022,125,124,"99,20",124,0,"100,00",1,"0,80",0,1,"0,80"
316556,SEM-PEIXE,MG,11/2022,129,128,"99,22",127,1,"99,22",1,"0,78",0,1,"0,78"
316557,SENADOR AMARAL,MG,09/2022,589,503,"85,40",503,0,"100,00",86,"14,60",2,84,"14,26"
316557,SENADOR AMARAL,MG,11/2022,616,511,"82,95",511,0,"100,00",105,"17,05",12,93,"15,10"
316557,SENADOR AMARAL,MG,07/2022,573,487,"84,99",487,0,"100,00",86,"15,01",7,79,"13,79"
316560,SENADOR CORTES,MG,07/2022,147,122,"82,99",113,9,"92,62",25,"17,01",0,25,"17,01"
316560,SENADOR CORTES,MG,09/2022,147,123,"83,67",116,7,"94,31",24,"16,33",0,24,"16,33"
316560,SENADOR CORTES,MG,11/2022,150,123,"82,00",123,0,"100,00",27,"18,00",0,27,"18,00"
316570,SENADOR FIRMINO,MG,11/2022,553,533,"96,38",530,3,"99,44",20,"3,62",2,18,"3,25"
316570,SENADOR FIRMINO,MG,09/2022,546,525,"96,15",525,0,"100,00",21,"3,85",2,19,"3,48"
316570,SENADOR FIRMINO,MG,07/2022,550,532,"96,73",515,17,"96,80",18,"3,27",1,17,"3,09"
316580,SENADOR JOSÉ BENTO,MG,07/2022,69,68,"98,55",65,3,"95,59",1,"1,45",0,1,"1,45"
316580,SENADOR JOSÉ BENTO,MG,09/2022,71,68,"95,77",66,2,"97,06",3,"4,23",0,3,"4,23"
316580,SENADOR JOSÉ BENTO,MG,11/2022,75,69,"92,00",65,4,"94,20",6,"8,00",0,6,"8,00"
316590,SENADOR MODESTINO GONÇALVES,MG,09/2022,323,319,"98,76",319,0,"100,00",4,"1,24",2,2,"0,62"
316590,SENADOR MODESTINO GONÇALVES,MG,11/2022,315,310,"98,41",310,0,"100,00",5,"1,59",0,5,"1,59"
316590,SENADOR MODESTINO GONÇALVES,MG,07/2022,335,322,"96,12",322,0,"100,00",13,"3,88",13,0,"0,00"
316600,SENHORA DE OLIVEIRA,MG,07/2022,440,416,"94,55",416,0,"100,00",24,"5,45",0,24,"5,45"
316600,SENHORA DE OLIVEIRA,MG,11/2022,417,401,"96,16",401,0,"100,00",16,"3,84",0,16,"3,84"
316600,SENHORA DE OLIVEIRA,MG,09/2022,436,415,"95,18",414,1,"99,76",21,"4,82",0,21,"4,82"
316610,SENHORA DO PORTO,MG,11/2022,282,268,"95,04",260,8,"97,01",14,"4,96",2,12,"4,26"
316610,SENHORA DO PORTO,MG,09/2022,284,264,"92,96",253,11,"95,83",20,"7,04",2,18,"6,34"
316610,SENHORA DO PORTO,MG,07/2022,295,269,"91,19",255,14,"94,80",26,"8,81",8,18,"6,10"
316620,SENHORA DOS REMÉDIOS,MG,07/2022,737,604,"81,95",604,0,"100,00",133,"18,05",4,129,"17,50"
316620,SENHORA DOS REMÉDIOS,MG,11/2022,711,587,"82,56",586,1,"99,83",124,"17,44",2,122,"17,16"
316620,SENHORA DOS REMÉDIOS,MG,09/2022,732,586,"80,05",584,2,"99,66",146,"19,95",4,142,"19,40"
316630,SERICITA,MG,09/2022,629,568,"90,30",560,8,"98,59",61,"9,70",0,61,"9,70"
316630,SERICITA,MG,11/2022,627,590,"94,10",576,14,"97,63",37,"5,90",3,34,"5,42"
316630,SERICITA,MG,07/2022,625,565,"90,40",563,2,"99,65",60,"9,60",0,60,"9,60"
316640,SERITINGA,MG,07/2022,61,54,"88,52",46,8,"85,19",7,"11,48",2,5,"8,20"
316640,SERITINGA,MG,11/2022,60,57,"95,00",56,1,"98,25",3,"5,00",0,3,"5,00"
316640,SERITINGA,MG,09/2022,63,54,"85,71",54,0,"100,00",9,"14,29",1,8,"12,70"
316650,SERRA AZUL DE MINAS,MG,09/2022,466,211,"45,28",211,0,"100,00",255,"54,72",237,18,"3,86"
316650,SERRA AZUL DE MINAS,MG,11/2022,455,194,"42,64",194,0,"100,00",261,"57,36",243,18,"3,96"
316650,SERRA AZUL DE MINAS,MG,07/2022,483,453,"93,79",453,0,"100,00",30,"6,21",14,16,"3,31"
316660,SERRA DA SAUDADE,MG,07/2022,29,13,"44,83",13,0,"100,00",16,"55,17",0,16,"55,17"
316660,SERRA DA SAUDADE,MG,09/2022,28,13,"46,43",13,0,"100,00",15,"53,57",0,15,"53,57"
316660,SERRA DA SAUDADE,MG,11/2022,20,13,"65,00",11,2,"84,62",7,"35,00",0,7,"35,00"
316670,SERRA DOS AIMORÉS,MG,11/2022,605,392,"64,79",387,5,"98,72",213,"35,21",25,188,"31,07"
316670,SERRA DOS AIMORÉS,MG,09/2022,606,388,"64,03",381,7,"98,20",218,"35,97",24,194,"32,01"
316670,SERRA DOS AIMORÉS,MG,07/2022,594,375,"63,13",370,5,"98,67",219,"36,87",22,197,"33,16"
316680,SERRA DO SALITRE,MG,07/2022,925,841,"90,92",817,24,"97,15",84,"9,08",14,70,"7,57"
316680,SERRA DO SALITRE,MG,11/2022,904,831,"91,92",784,47,"94,34",73,"8,08",6,67,"7,41"
316680,SERRA DO SALITRE,MG,09/2022,929,862,"92,79",787,75,"91,30",67,"7,21",9,58,"6,24"
316690,SERRANIA,MG,09/2022,505,404,"80,00",404,0,"100,00",101,"20,00",3,98,"19,41"
316690,SERRANIA,MG,11/2022,471,302,"64,12",301,1,"99,67",169,"35,88",3,166,"35,24"
316690,SERRANIA,MG,07/2022,512,409,"79,88",409,0,"100,00",103,"20,12",3,100,"19,53"
316695,SERRANÓPOLIS DE MINAS,MG,07/2022,379,358,"94,46",342,16,"95,53",21,"5,54",2,19,"5,01"
316695,SERRANÓPOLIS DE MINAS,MG,09/2022,365,348,"95,34",329,19,"94,54",17,"4,66",3,14,"3,84"
316695,SERRANÓPOLIS DE MINAS,MG,11/2022,346,341,"98,55",336,5,"98,53",5,"1,45",0,5,"1,45"
316700,SERRANOS,MG,11/2022,130,114,"87,69",105,9,"92,11",16,"12,31",0,16,"12,31"
316700,SERRANOS,MG,09/2022,135,110,"81,48",109,1,"99,09",25,"18,52",0,25,"18,52"
316700,SERRANOS,MG,07/2022,130,112,"86,15",94,18,"83,93",18,"13,85",1,17,"13,08"
316710,SERRO,MG,07/2022,1487,644,"43,31",629,15,"97,67",843,"56,69",550,293,"19,70"
316710,SERRO,MG,09/2022,1407,306,"21,75",303,3,"99,02",1101,"78,25",820,281,"19,97"
316710,SERRO,MG,11/2022,1431,910,"63,59",906,4,"99,56",521,"36,41",359,162,"11,32"
316720,SETE LAGOAS,MG,11/2022,7863,6126,"77,91",5846,280,"95,43",1737,"22,09",293,1444,"18,36"
316720,SETE LAGOAS,MG,09/2022,7914,5889,"74,41",5646,243,"95,87",2025,"25,59",509,1516,"19,16"
316720,SETE LAGOAS,MG,07/2022,7802,5271,"67,56",4986,285,"94,59",2531,"32,44",853,1678,"21,51"
316730,SILVEIRÂNIA,MG,07/2022,143,129,"90,21",126,3,"97,67",14,"9,79",2,12,"8,39"
316730,SILVEIRÂNIA,MG,11/2022,142,131,"92,25",120,11,"91,60",11,"7,75",0,11,"7,75"
316730,SILVEIRÂNIA,MG,09/2022,149,137,"91,95",124,13,"90,51",12,"8,05",0,12,"8,05"
316740,SILVIANÓPOLIS,MG,09/2022,416,331,"79,57",331,0,"100,00",85,"20,43",1,84,"20,19"
316740,SILVIANÓPOLIS,MG,11/2022,406,323,"79,56",323,0,"100,00",83,"20,44",2,81,"19,95"
316740,SILVIANÓPOLIS,MG,07/2022,399,309,"77,44",309,0,"100,00",90,"22,56",5,85,"21,30"
316750,SIMÃO PEREIRA,MG,07/2022,144,96,"66,67",95,1,"98,96",48,"33,33",6,42,"29,17"
316750,SIMÃO PEREIRA,MG,11/2022,127,90,"70,87",74,16,"82,22",37,"29,13",7,30,"23,62"
316750,SIMÃO PEREIRA,MG,09/2022,135,95,"70,37",73,22,"76,84",40,"29,63",8,32,"23,70"
316760,SIMONÉSIA,MG,09/2022,1809,1265,"69,93",1249,16,"98,74",544,"30,07",43,501,"27,69"
316760,SIMONÉSIA,MG,11/2022,1829,1304,"71,30",1276,28,"97,85",525,"28,70",1,524,"28,65"
316760,SIMONÉSIA,MG,07/2022,1854,1349,"72,76",1342,7,"99,48",505,"27,24",19,486,"26,21"
316770,SOBRÁLIA,MG,07/2022,561,437,"77,90",437,0,"100,00",124,"22,10",5,119,"21,21"
316770,SOBRÁLIA,MG,09/2022,535,57,"10,65",57,0,"100,00",478,"89,35",371,107,"20,00"
316770,SOBRÁLIA,MG,11/2022,553,337,"60,94",336,1,"99,70",216,"39,06",169,47,"8,50"
316780,SOLEDADE DE MINAS,MG,11/2022,261,209,"80,08",196,13,"93,78",52,"19,92",10,42,"16,09"
316780,SOLEDADE DE MINAS,MG,09/2022,251,204,"81,27",176,28,"86,27",47,"18,73",6,41,"16,33"
316780,SOLEDADE DE MINAS,MG,07/2022,247,176,"71,26",147,29,"83,52",71,"28,74",35,36,"14,57"
316790,TABULEIRO,MG,07/2022,182,150,"82,42",142,8,"94,67",32,"17,58",5,27,"14,84"
316790,TABULEIRO,MG,09/2022,196,168,"85,71",168,0,"100,00",28,"14,29",1,27,"13,78"
316790,TABULEIRO,MG,11/2022,189,155,"82,01",149,6,"96,13",34,"17,99",2,32,"16,93"
316800,TAIOBEIRAS,MG,09/2022,2223,2061,"92,71",2024,37,"98,20",162,"7,29",2,160,"7,20"
316800,TAIOBEIRAS,MG,11/2022,2197,2030,"92,40",2007,23,"98,87",167,"7,60",2,165,"7,51"
316800,TAIOBEIRAS,MG,07/2022,2223,2006,"90,24",1967,39,"98,06",217,"9,76",4,213,"9,58"
316805,TAPARUBA,MG,07/2022,342,163,"47,66",163,0,"100,00",179,"52,34",108,71,"20,76"
316805,TAPARUBA,MG,11/2022,382,286,"74,87",285,1,"99,65",96,"25,13",2,94,"24,61"
316805,TAPARUBA,MG,09/2022,363,280,"77,13",279,1,"99,64",83,"22,87",1,82,"22,59"
316810,TAPIRA,MG,09/2022,294,262,"89,12",254,8,"96,95",32,"10,88",0,32,"10,88"
316810,TAPIRA,MG,11/2022,302,267,"88,41",261,6,"97,75",35,"11,59",0,35,"11,59"
316810,TAPIRA,MG,07/2022,270,225,"83,33",221,4,"98,22",45,"16,67",0,45,"16,67"
316820,TAPIRAÍ,MG,07/2022,91,64,"70,33",64,0,"100,00",27,"29,67",4,23,"25,27"
316820,TAPIRAÍ,MG,09/2022,92,67,"72,83",65,2,"97,01",25,"27,17",1,24,"26,09"
316820,TAPIRAÍ,MG,11/2022,98,73,"74,49",70,3,"95,89",25,"25,51",1,24,"24,49"
316830,TAQUARAÇU DE MINAS,MG,11/2022,337,317,"94,07",296,21,"93,38",20,"5,93",5,15,"4,45"
316830,TAQUARAÇU DE MINAS,MG,09/2022,340,320,"94,12",304,16,"95,00",20,"5,88",3,17,"5,00"
316830,TAQUARAÇU DE MINAS,MG,07/2022,326,303,"92,94",293,10,"96,70",23,"7,06",3,20,"6,13"
316840,TARUMIRIM,MG,07/2022,1027,878,"85,49",878,0,"100,00",149,"14,51",33,116,"11,30"
316840,TARUMIRIM,MG,09/2022,1042,891,"85,51",891,0,"100,00",151,"14,49",35,116,"11,13"
316840,TARUMIRIM,MG,11/2022,1063,955,"89,84",955,0,"100,00",108,"10,16",15,93,"8,75"
316850,TEIXEIRAS,MG,11/2022,665,404,"60,75",395,9,"97,77",261,"39,25",5,256,"38,50"
316850,TEIXEIRAS,MG,09/2022,673,390,"57,95",370,20,"94,87",283,"42,05",28,255,"37,89"
316850,TEIXEIRAS,MG,07/2022,674,406,"60,24",393,13,"96,80",268,"39,76",17,251,"37,24"
316860,TEÓFILO OTONI,MG,07/2022,7804,4298,"55,07",4206,92,"97,86",3506,"44,93",538,2968,"38,03"
316860,TEÓFILO OTONI,MG,09/2022,7825,4709,"60,18",4592,117,"97,52",3116,"39,82",15,3101,"39,63"
316860,TEÓFILO OTONI,MG,11/2022,7824,3931,"50,24",3865,66,"98,32",3893,"49,76",727,3166,"40,47"
316870,TIMÓTEO,MG,11/2022,2784,2573,"92,42",2462,111,"95,69",211,"7,58",17,194,"6,97"
316870,TIMÓTEO,MG,09/2022,2794,2505,"89,66",2396,109,"95,65",289,"10,34",49,240,"8,59"
316870,TIMÓTEO,MG,07/2022,2840,2178,"76,69",2032,146,"93,30",662,"23,31",36,626,"22,04"
316880,TIRADENTES,MG,07/2022,367,316,"86,10",316,0,"100,00",51,"13,90",6,45,"12,26"
316880,TIRADENTES,MG,09/2022,379,332,"87,60",332,0,"100,00",47,"12,40",0,47,"12,40"
316880,TIRADENTES,MG,11/2022,371,82,"22,10",82,0,"100,00",289,"77,90",196,93,"25,07"
316890,TIROS,MG,09/2022,382,211,"55,24",177,34,"83,89",171,"44,76",50,121,"31,68"
316890,TIROS,MG,11/2022,384,179,"46,61",172,7,"96,09",205,"53,39",82,123,"32,03"
316890,TIROS,MG,07/2022,378,217,"57,41",189,28,"87,10",161,"42,59",42,119,"31,48"
316900,TOCANTINS,MG,07/2022,759,669,"88,14",654,15,"97,76",90,"11,86",9,81,"10,67"
316900,TOCANTINS,MG,11/2022,797,727,"91,22",679,48,"93,40",70,"8,78",9,61,"7,65"
316900,TOCANTINS,MG,09/2022,776,702,"90,46",676,26,"96,30",74,"9,54",17,57,"7,35"
316905,TOCOS DO MOJI,MG,11/2022,210,206,"98,10",205,1,"99,51",4,"1,90",1,3,"1,43"
316905,TOCOS DO MOJI,MG,09/2022,206,204,"99,03",201,3,"98,53",2,"0,97",1,1,"0,49"
316905,TOCOS DO MOJI,MG,07/2022,221,210,"95,02",198,12,"94,29",11,"4,98",8,3,"1,36"
316910,TOLEDO,MG,07/2022,255,243,"95,29",228,15,"93,83",12,"4,71",2,10,"3,92"
316910,TOLEDO,MG,09/2022,253,213,"84,19",192,21,"90,14",40,"15,81",35,5,"1,98"
316910,TOLEDO,MG,11/2022,258,185,"71,71",177,8,"95,68",73,"28,29",63,10,"3,88"
316920,TOMBOS,MG,09/2022,600,372,"62,00",361,11,"97,04",228,"38,00",6,222,"37,00"
316920,TOMBOS,MG,11/2022,602,389,"64,62",374,15,"96,14",213,"35,38",2,211,"35,05"
316920,TOMBOS,MG,07/2022,586,361,"61,60",338,23,"93,63",225,"38,40",7,218,"37,20"
316930,TRÊS CORAÇÕES,MG,07/2022,3308,3045,"92,05",2630,415,"86,37",263,"7,95",6,257,"7,77"
316930,TRÊS CORAÇÕES,MG,09/2022,3333,2993,"89,80",2562,431,"85,60",340,"10,20",262,78,"2,34"
316930,TRÊS CORAÇÕES,MG,11/2022,3328,3188,"95,79",2865,323,"89,87",140,"4,21",8,132,"3,97"
316935,TRÊS MARIAS,MG,09/2022,1608,1365,"84,89",1299,66,"95,16",243,"15,11",11,232,"14,43"
316935,TRÊS MARIAS,MG,11/2022,1611,1410,"87,52",1347,63,"95,53",201,"12,48",1,200,"12,41"
316935,TRÊS MARIAS,MG,07/2022,1596,1307,"81,89",1303,4,"99,69",289,"18,11",11,278,"17,42"
316940,TRÊS PONTAS,MG,07/2022,2531,1773,"70,05",1706,67,"96,22",758,"29,95",175,583,"23,03"
316940,TRÊS PONTAS,MG,11/2022,2554,2018,"79,01",1912,106,"94,75",536,"20,99",9,527,"20,63"
316940,TRÊS PONTAS,MG,09/2022,2580,1959,"75,93",1839,120,"93,87",621,"24,07",16,605,"23,45"
316950,TUMIRITINGA,MG,11/2022,713,625,"87,66",625,0,"100,00",88,"12,34",1,87,"12,20"
316950,TUMIRITINGA,MG,09/2022,713,607,"85,13",607,0,"100,00",106,"14,87",9,97,"13,60"
316950,TUMIRITINGA,MG,07/2022,695,87,"12,52",87,0,"100,00",608,"87,48",515,93,"13,38"
316960,TUPACIGUARA,MG,07/2022,1731,1370,"79,15",1369,1,"99,93",361,"20,85",9,352,"20,34"
316960,TUPACIGUARA,MG,09/2022,1772,1455,"82,11",1455,0,"100,00",317,"17,89",13,304,"17,16"
316960,TUPACIGUARA,MG,11/2022,1793,1519,"84,72",1517,2,"99,87",274,"15,28",5,269,"15,00"
316970,TURMALINA,MG,09/2022,1330,1084,"81,50",1083,1,"99,91",246,"18,50",10,236,"17,74"
316970,TURMALINA,MG,11/2022,1322,1096,"82,90",1088,8,"99,27",226,"17,10",1,225,"17,02"
316970,TURMALINA,MG,07/2022,1333,1047,"78,54",1041,6,"99,43",286,"21,46",41,245,"18,38"
316980,TURVOLÂNDIA,MG,07/2022,265,199,"75,09",178,21,"89,45",66,"24,91",7,59,"22,26"
316980,TURVOLÂNDIA,MG,09/2022,301,239,"79,40",232,7,"97,07",62,"20,60",0,62,"20,60"
316980,TURVOLÂNDIA,MG,11/2022,323,251,"77,71",249,2,"99,20",72,"22,29",0,72,"22,29"
316990,UBÁ,MG,09/2022,3635,2140,"58,87",2109,31,"98,55",1495,"41,13",225,1270,"34,94"
316990,UBÁ,MG,11/2022,3746,2413,"64,42",2399,14,"99,42",1333,"35,58",188,1145,"30,57"
316990,UBÁ,MG,07/2022,3563,2216,"62,19",2181,35,"98,42",1347,"37,81",247,1100,"30,87"
317000,UBAÍ,MG,07/2022,1316,1050,"79,79",1050,0,"100,00",266,"20,21",8,258,"19,60"
317000,UBAÍ,MG,09/2022,1300,1044,"80,31",1044,0,"100,00",256,"19,69",0,256,"19,69"
317000,UBAÍ,MG,11/2022,1299,1029,"79,21",1029,0,"100,00",270,"20,79",12,258,"19,86"
317005,UBAPORANGA,MG,09/2022,969,659,"68,01",657,2,"99,70",310,"31,99",3,307,"31,68"
317005,UBAPORANGA,MG,11/2022,939,713,"75,93",705,8,"98,88",226,"24,07",116,110,"11,71"
317005,UBAPORANGA,MG,07/2022,964,432,"44,81",431,1,"99,77",532,"55,19",214,318,"32,99"
317010,UBERABA,MG,07/2022,10081,5480,"54,36",4863,617,"88,74",4601,"45,64",522,4079,"40,46"
317010,UBERABA,MG,09/2022,10494,5850,"55,75",5305,545,"90,68",4644,"44,25",92,4552,"43,38"
317010,UBERABA,MG,11/2022,10772,6318,"58,65",5830,488,"92,28",4454,"41,35",65,4389,"40,74"
317020,UBERLÂNDIA,MG,09/2022,19462,17726,"91,08",16333,1393,"92,14",1736,"8,92",158,1578,"8,11"
317020,UBERLÂNDIA,MG,11/2022,19778,18596,"94,02",17193,1403,"92,46",1182,"5,98",55,1127,"5,70"
317020,UBERLÂNDIA,MG,07/2022,19000,15397,"81,04",13505,1892,"87,71",3603,"18,96",652,2951,"15,53"
317030,UMBURATIBA,MG,07/2022,251,169,"67,33",167,2,"98,82",82,"32,67",28,54,"21,51"
317030,UMBURATIBA,MG,11/2022,248,162,"65,32",155,7,"95,68",86,"34,68",25,61,"24,60"
317030,UMBURATIBA,MG,09/2022,256,167,"65,23",163,4,"97,60",89,"34,77",26,63,"24,61"
317040,UNAÍ,MG,11/2022,3591,2813,"78,33",2773,40,"98,58",778,"21,67",57,721,"20,08"
317040,UNAÍ,MG,09/2022,3722,2234,"60,02",2204,30,"98,66",1488,"39,98",960,528,"14,19"
317040,UNAÍ,MG,07/2022,3746,2836,"75,71",2730,106,"96,26",910,"24,29",72,838,"22,37"
317043,UNIÃO DE MINAS,MG,07/2022,338,245,"72,49",242,3,"98,78",93,"27,51",54,39,"11,54"
317043,UNIÃO DE MINAS,MG,11/2022,349,266,"76,22",262,4,"98,50",83,"23,78",45,38,"10,89"
317043,UNIÃO DE MINAS,MG,09/2022,344,252,"73,26",252,0,"100,00",92,"26,74",43,49,"14,24"
317047,URUANA DE MINAS,MG,09/2022,342,252,"73,68",243,9,"96,43",90,"26,32",3,87,"25,44"
317047,URUANA DE MINAS,MG,11/2022,351,264,"75,21",247,17,"93,56",87,"24,79",4,83,"23,65"
317047,URUANA DE MINAS,MG,07/2022,337,235,"69,73",219,16,"93,19",102,"30,27",5,97,"28,78"
317050,URUCÂNIA,MG,07/2022,379,282,"74,41",260,22,"92,20",97,"25,59",3,94,"24,80"
317050,URUCÂNIA,MG,11/2022,377,274,"72,68",267,7,"97,45",103,"27,32",0,103,"27,32"
317050,URUCÂNIA,MG,09/2022,392,273,"69,64",257,16,"94,14",119,"30,36",18,101,"25,77"
317052,URUCUIA,MG,09/2022,971,541,"55,72",541,0,"100,00",430,"44,28",14,416,"42,84"
317052,URUCUIA,MG,11/2022,954,597,"62,58",590,7,"98,83",357,"37,42",18,339,"35,53"
317052,URUCUIA,MG,07/2022,990,437,"44,14",429,8,"98,17",553,"55,86",28,525,"53,03"
317057,VARGEM ALEGRE,MG,07/2022,563,465,"82,59",465,0,"100,00",98,"17,41",8,90,"15,99"
317057,VARGEM ALEGRE,MG,11/2022,576,477,"82,81",477,0,"100,00",99,"17,19",5,94,"16,32"
317057,VARGEM ALEGRE,MG,09/2022,566,475,"83,92",474,1,"99,79",91,"16,08",5,86,"15,19"
317060,VARGEM BONITA,MG,09/2022,135,92,"68,15",88,4,"95,65",43,"31,85",10,33,"24,44"
317060,VARGEM BONITA,MG,11/2022,137,100,"72,99",92,8,"92,00",37,"27,01",0,37,"27,01"
317060,VARGEM BONITA,MG,07/2022,135,93,"68,89",90,3,"96,77",42,"31,11",10,32,"23,70"
317065,VARGEM GRANDE DO RIO PARDO,MG,07/2022,383,284,"74,15",280,4,"98,59",99,"25,85",7,92,"24,02"
317065,VARGEM GRANDE DO RIO PARDO,MG,09/2022,375,273,"72,80",273,0,"100,00",102,"27,20",9,93,"24,80"
317065,VARGEM GRANDE DO RIO PARDO,MG,11/2022,374,324,"86,63",310,14,"95,68",50,"13,37",8,42,"11,23"
317070,VARGINHA,MG,09/2022,3027,2232,"73,74",2027,205,"90,82",795,"26,26",683,112,"3,70"
317070,VARGINHA,MG,11/2022,3100,2936,"94,71",2763,173,"94,11",164,"5,29",5,159,"5,13"
317070,VARGINHA,MG,07/2022,2951,2783,"94,31",2675,108,"96,12",168,"5,69",16,152,"5,15"
317075,VARJÃO DE MINAS,MG,07/2022,395,274,"69,37",246,28,"89,78",121,"30,63",6,115,"29,11"
317075,VARJÃO DE MINAS,MG,09/2022,421,341,"81,00",281,60,"82,40",80,"19,00",5,75,"17,81"
317075,VARJÃO DE MINAS,MG,11/2022,432,356,"82,41",322,34,"90,45",76,"17,59",2,74,"17,13"
317080,VÁRZEA DA PALMA,MG,11/2022,2340,2040,"87,18",2040,0,"100,00",300,"12,82",59,241,"10,30"
317080,VÁRZEA DA PALMA,MG,09/2022,2349,2117,"90,12",2117,0,"100,00",232,"9,88",3,229,"9,75"
317080,VÁRZEA DA PALMA,MG,07/2022,2305,1730,"75,05",1730,0,"100,00",575,"24,95",359,216,"9,37"
317090,VARZELÂNDIA,MG,07/2022,2406,1587,"65,96",1535,52,"96,72",819,"34,04",342,477,"19,83"
317090,VARZELÂNDIA,MG,09/2022,2390,1692,"70,79",1669,23,"98,64",698,"29,21",220,478,"20,00"
317090,VARZELÂNDIA,MG,11/2022,2316,1565,"67,57",1538,27,"98,27",751,"32,43",326,425,"18,35"
317100,VAZANTE,MG,09/2022,798,524,"65,66",524,0,"100,00",274,"34,34",3,271,"33,96"
317100,VAZANTE,MG,11/2022,783,513,"65,52",507,6,"98,83",270,"34,48",16,254,"32,44"
317100,VAZANTE,MG,07/2022,792,324,"40,91",306,18,"94,44",468,"59,09",184,284,"35,86"
317103,VERDELÂNDIA,MG,07/2022,1021,865,"84,72",827,38,"95,61",156,"15,28",3,153,"14,99"
317103,VERDELÂNDIA,MG,09/2022,1046,891,"85,18",891,0,"100,00",155,"14,82",2,153,"14,63"
317103,VERDELÂNDIA,MG,11/2022,1048,852,"81,30",845,7,"99,18",196,"18,70",18,178,"16,98"
317107,VEREDINHA,MG,11/2022,376,371,"98,67",353,18,"95,15",5,"1,33",0,5,"1,33"
317107,VEREDINHA,MG,09/2022,386,379,"98,19",371,8,"97,89",7,"1,81",2,5,"1,30"
317107,VEREDINHA,MG,07/2022,397,391,"98,49",391,0,"100,00",6,"1,51",2,4,"1,01"
317110,VERÍSSIMO,MG,07/2022,156,125,"80,13",109,16,"87,20",31,"19,87",0,31,"19,87"
317110,VERÍSSIMO,MG,09/2022,162,129,"79,63",106,23,"82,17",33,"20,37",1,32,"19,75"
317110,VERÍSSIMO,MG,11/2022,159,130,"81,76",106,24,"81,54",29,"18,24",1,28,"17,61"
317115,VERMELHO NOVO,MG,11/2022,443,423,"95,49",412,11,"97,40",20,"4,51",2,18,"4,06"
317115,VERMELHO NOVO,MG,09/2022,442,374,"84,62",368,6,"98,40",68,"15,38",4,64,"14,48"
317115,VERMELHO NOVO,MG,07/2022,461,392,"85,03",392,0,"100,00",69,"14,97",5,64,"13,88"
317120,VESPASIANO,MG,07/2022,6694,5855,"87,47",5852,3,"99,95",839,"12,53",68,771,"11,52"
317120,VESPASIANO,MG,09/2022,6723,827,"12,30",827,0,"100,00",5896,"87,70",5721,175,"2,60"
317120,VESPASIANO,MG,11/2022,7197,6463,"89,80",6463,0,"100,00",734,"10,20",85,649,"9,02"
317130,VIÇOSA,MG,11/2022,2581,1984,"76,87",1947,37,"98,14",597,"23,13",5,592,"22,94"
317130,VIÇOSA,MG,09/2022,2642,1938,"73,35",1886,52,"97,32",704,"26,65",8,696,"26,34"
317130,VIÇOSA,MG,07/2022,2622,1895,"72,27",1807,88,"95,36",727,"27,73",21,706,"26,93"
317140,VIEIRAS,MG,07/2022,329,294,"89,36",294,0,"100,00",35,"10,64",1,34,"10,33"
317140,VIEIRAS,MG,09/2022,332,297,"89,46",289,8,"97,31",35,"10,54",4,31,"9,34"
317140,VIEIRAS,MG,11/2022,328,301,"91,77",300,1,"99,67",27,"8,23",4,23,"7,01"
317150,MATHIAS LOBATO,MG,11/2022,417,183,"43,88",183,0,"100,00",234,"56,12",40,194,"46,52"
317150,MATHIAS LOBATO,MG,09/2022,418,156,"37,32",156,0,"100,00",262,"62,68",38,224,"53,59"
317150,MATHIAS LOBATO,MG,07/2022,414,169,"40,82",167,2,"98,82",245,"59,18",16,229,"55,31"
317160,VIRGEM DA LAPA,MG,07/2022,989,751,"75,94",745,6,"99,20",238,"24,06",15,223,"22,55"
317160,VIRGEM DA LAPA,MG,09/2022,955,691,"72,36",683,8,"98,84",264,"27,64",45,219,"22,93"
317160,VIRGEM DA LAPA,MG,11/2022,948,790,"83,33",783,7,"99,11",158,"16,67",0,158,"16,67"
317170,VIRGÍNIA,MG,11/2022,491,488,"99,39",487,1,"99,80",3,"0,61",2,1,"0,20"
317170,VIRGÍNIA,MG,09/2022,503,495,"98,41",495,0,"100,00",8,"1,59",7,1,"0,20"
317170,VIRGÍNIA,MG,07/2022,492,487,"98,98",487,0,"100,00",5,"1,02",2,3,"0,61"
317180,VIRGINÓPOLIS,MG,07/2022,633,435,"68,72",435,0,"100,00",198,"31,28",112,86,"13,59"
317180,VIRGINÓPOLIS,MG,09/2022,626,508,"81,15",508,0,"100,00",118,"18,85",36,82,"13,10"
317180,VIRGINÓPOLIS,MG,11/2022,615,509,"82,76",509,0,"100,00",106,"17,24",31,75,"12,20"
317190,VIRGOLÂNDIA,MG,11/2022,363,309,"85,12",303,6,"98,06",54,"14,88",1,53,"14,60"
317190,VIRGOLÂNDIA,MG,09/2022,394,324,"82,23",314,10,"96,91",70,"17,77",3,67,"17,01"
317190,VIRGOLÂNDIA,MG,07/2022,394,311,"78,93",310,1,"99,68",83,"21,07",0,83,"21,07"
317200,VISCONDE DO RIO BRANCO,MG,07/2022,1823,1558,"85,46",1558,0,"100,00",265,"14,54",6,259,"14,21"
317200,VISCONDE DO RIO BRANCO,MG,09/2022,1879,1325,"70,52",1325,0,"100,00",554,"29,48",275,279,"14,85"
317200,VISCONDE DO RIO BRANCO,MG,11/2022,1814,1295,"71,39",1295,0,"100,00",519,"28,61",265,254,"14,00"
317210,VOLTA GRANDE,MG,11/2022,403,365,"90,57",354,11,"96,99",38,"9,43",0,38,"9,43"
317210,VOLTA GRANDE,MG,09/2022,414,353,"85,27",353,0,"100,00",61,"14,73",0,61,"14,73"
317210,VOLTA GRANDE,MG,07/2022,404,312,"77,23",302,10,"96,79",92,"22,77",1,91,"22,52"
317220,WENCESLAU BRAZ,MG,07/2022,107,25,"23,36",25,0,"100,00",82,"76,64",62,20,"18,69"
317220,WENCESLAU BRAZ,MG,09/2022,118,95,"80,51",92,3,"96,84",23,"19,49",1,22,"18,64"
317220,WENCESLAU BRAZ,MG,11/2022,111,92,"82,88",91,1,"98,91",19,"17,12",1,18,"16,22"
500020,ÁGUA CLARA,MS,09/2022,1349,831,"61,60",831,0,"100,00",518,"38,40",4,514,"38,10"
500020,ÁGUA CLARA,MS,07/2022,1172,691,"58,96",686,5,"99,28",481,"41,04",2,479,"40,87"
500020,ÁGUA CLARA,MS,11/2022,1385,831,"60,00",831,0,"100,00",554,"40,00",4,550,"39,71"
500025,ALCINÓPOLIS,MS,11/2022,345,274,"79,42",274,0,"100,00",71,"20,58",2,69,"20,00"
500025,ALCINÓPOLIS,MS,07/2022,282,45,"15,96",45,0,"100,00",237,"84,04",181,56,"19,86"
500025,ALCINÓPOLIS,MS,09/2022,330,263,"79,70",263,0,"100,00",67,"20,30",2,65,"19,70"
500060,AMAMBAÍ,MS,09/2022,4013,2759,"68,75",2668,91,"96,70",1254,"31,25",35,1219,"30,38"
500060,AMAMBAÍ,MS,07/2022,4044,2727,"67,43",2690,37,"98,64",1317,"32,57",68,1249,"30,89"
500060,AMAMBAÍ,MS,11/2022,3994,2764,"69,20",2711,53,"98,08",1230,"30,80",57,1173,"29,37"
500070,ANASTÁCIO,MS,11/2022,1946,1658,"85,20",1658,0,"100,00",288,"14,80",12,276,"14,18"
500070,ANASTÁCIO,MS,07/2022,1777,159,"8,95",159,0,"100,00",1618,"91,05",1333,285,"16,04"
500070,ANASTÁCIO,MS,09/2022,1931,1644,"85,14",1644,0,"100,00",287,"14,86",16,271,"14,03"
500080,ANAURILÂNDIA,MS,09/2022,442,353,"79,86",353,0,"100,00",89,"20,14",1,88,"19,91"
500080,ANAURILÂNDIA,MS,07/2022,430,299,"69,53",299,0,"100,00",131,"30,47",47,84,"19,53"
500080,ANAURILÂNDIA,MS,11/2022,437,350,"80,09",350,0,"100,00",87,"19,91",3,84,"19,22"
500085,ANGÉLICA,MS,11/2022,717,486,"67,78",483,3,"99,38",231,"32,22",18,213,"29,71"
500085,ANGÉLICA,MS,07/2022,717,478,"66,67",471,7,"98,54",239,"33,33",19,220,"30,68"
500085,ANGÉLICA,MS,09/2022,730,422,"57,81",391,31,"92,65",308,"42,19",81,227,"31,10"
500090,ANTÔNIO JOÃO,MS,09/2022,815,697,"85,52",676,21,"96,99",118,"14,48",16,102,"12,52"
500090,ANTÔNIO JOÃO,MS,07/2022,819,648,"79,12",613,35,"94,60",171,"20,88",8,163,"19,90"
500090,ANTÔNIO JOÃO,MS,11/2022,785,700,"89,17",679,21,"97,00",85,"10,83",12,73,"9,30"
500100,APARECIDA DO TABOADO,MS,11/2022,1464,1217,"83,13",1210,7,"99,42",247,"16,87",4,243,"16,60"
500100,APARECIDA DO TABOADO,MS,07/2022,1428,1090,"76,33",1083,7,"99,36",338,"23,67",25,313,"21,92"
500100,APARECIDA DO TABOADO,MS,09/2022,1555,1272,"81,80",1252,20,"98,43",283,"18,20",20,263,"16,91"
500110,AQUIDAUANA,MS,09/2022,3819,3780,"98,98",3528,252,"93,33",39,"1,02",28,11,"0,29"
500110,AQUIDAUANA,MS,07/2022,3759,3706,"98,59",3455,251,"93,23",53,"1,41",47,6,"0,16"
500110,AQUIDAUANA,MS,11/2022,3835,3791,"98,85",3564,227,"94,01",44,"1,15",28,16,"0,42"
500124,ARAL MOREIRA,MS,11/2022,1234,0,"0,00",0,0,,1234,"100,00",856,378,"30,63"
500124,ARAL MOREIRA,MS,07/2022,1228,884,"71,99",884,0,"100,00",344,"28,01",6,338,"27,52"
500124,ARAL MOREIRA,MS,09/2022,1264,903,"71,44",903,0,"100,00",361,"28,56",4,357,"28,24"
500150,BANDEIRANTES,MS,09/2022,472,427,"90,47",392,35,"91,80",45,"9,53",3,42,"8,90"
500150,BANDEIRANTES,MS,07/2022,443,414,"93,45",393,21,"94,93",29,"6,55",9,20,"4,51"
500150,BANDEIRANTES,MS,11/2022,478,427,"89,33",403,24,"94,38",51,"10,67",1,50,"10,46"
500190,BATAGUASSU,MS,11/2022,1427,970,"67,97",970,0,"100,00",457,"32,03",16,441,"30,90"
500190,BATAGUASSU,MS,07/2022,1326,705,"53,17",695,10,"98,58",621,"46,83",326,295,"22,25"
500190,BATAGUASSU,MS,09/2022,1427,945,"66,22",943,2,"99,79",482,"33,78",23,459,"32,17"
500200,BATAYPORÃ,MS,09/2022,755,616,"81,59",606,10,"98,38",139,"18,41",7,132,"17,48"
500200,BATAYPORÃ,MS,07/2022,725,565,"77,93",556,9,"98,41",160,"22,07",9,151,"20,83"
500200,BATAYPORÃ,MS,11/2022,752,628,"83,51",587,41,"93,47",124,"16,49",5,119,"15,82"
500210,BELA VISTA,MS,11/2022,2115,1512,"71,49",1512,0,"100,00",603,"28,51",29,574,"27,14"
500210,BELA VISTA,MS,07/2022,2052,864,"42,11",863,1,"99,88",1188,"57,89",344,844,"41,13"
500210,BELA VISTA,MS,09/2022,2097,1131,"53,93",1131,0,"100,00",966,"46,07",116,850,"40,53"
500215,BODOQUENA,MS,09/2022,573,360,"62,83",357,3,"99,17",213,"37,17",11,202,"35,25"
500215,BODOQUENA,MS,07/2022,560,327,"58,39",320,7,"97,86",233,"41,61",34,199,"35,54"
500215,BODOQUENA,MS,11/2022,566,447,"78,98",432,15,"96,64",119,"21,02",10,109,"19,26"
500220,BONITO,MS,11/2022,1238,1111,"89,74",1092,19,"98,29",127,"10,26",10,117,"9,45"
500220,BONITO,MS,07/2022,1097,649,"59,16",604,45,"93,07",448,"40,84",285,163,"14,86"
500220,BONITO,MS,09/2022,1163,844,"72,57",806,38,"95,50",319,"27,43",242,77,"6,62"
500230,BRASILÂNDIA,MS,09/2022,736,651,"88,45",561,90,"86,18",85,"11,55",3,82,"11,14"
500230,BRASILÂNDIA,MS,07/2022,720,596,"82,78",533,63,"89,43",124,"17,22",11,113,"15,69"
500230,BRASILÂNDIA,MS,11/2022,744,629,"84,54",578,51,"91,89",115,"15,46",4,111,"14,92"
500240,CAARAPÓ,MS,11/2022,1960,1405,"71,68",1397,8,"99,43",555,"28,32",2,553,"28,21"
500240,CAARAPÓ,MS,07/2022,1955,1414,"72,33",1411,3,"99,79",541,"27,67",5,536,"27,42"
500240,CAARAPÓ,MS,09/2022,1966,1203,"61,19",1197,6,"99,50",763,"38,81",217,546,"27,77"
500260,CAMAPUÃ,MS,09/2022,787,722,"91,74",683,39,"94,60",65,"8,26",5,60,"7,62"
500260,CAMAPUÃ,MS,07/2022,745,678,"91,01",653,25,"96,31",67,"8,99",10,57,"7,65"
500260,CAMAPUÃ,MS,11/2022,809,729,"90,11",702,27,"96,30",80,"9,89",2,78,"9,64"
500270,CAMPO GRANDE,MS,11/2022,40636,36756,"90,45",35159,1597,"95,66",3880,"9,55",82,3798,"9,35"
500270,CAMPO GRANDE,MS,07/2022,37431,32669,"87,28",31062,1607,"95,08",4762,"12,72",118,4644,"12,41"
500270,CAMPO GRANDE,MS,09/2022,39803,36084,"90,66",33600,2484,"93,12",3719,"9,34",143,3576,"8,98"
500280,CARACOL,MS,09/2022,514,459,"89,30",459,0,"100,00",55,"10,70",0,55,"10,70"
500280,CARACOL,MS,07/2022,501,444,"88,62",444,0,"100,00",57,"11,38",0,57,"11,38"
500280,CARACOL,MS,11/2022,524,372,"70,99",372,0,"100,00",152,"29,01",98,54,"10,31"
500290,CASSILÂNDIA,MS,11/2022,884,526,"59,50",524,2,"99,62",358,"40,50",2,356,"40,27"
500290,CASSILÂNDIA,MS,07/2022,805,366,"45,47",359,7,"98,09",439,"54,53",61,378,"46,96"
500290,CASSILÂNDIA,MS,09/2022,872,486,"55,73",484,2,"99,59",386,"44,27",2,384,"44,04"
500295,CHAPADÃO DO SUL,MS,09/2022,1201,718,"59,78",669,49,"93,18",483,"40,22",149,334,"27,81"
500295,CHAPADÃO DO SUL,MS,07/2022,1092,628,"57,51",543,85,"86,46",464,"42,49",138,326,"29,85"
500295,CHAPADÃO DO SUL,MS,11/2022,1220,776,"63,61",742,34,"95,62",444,"36,39",90,354,"29,02"
500310,CORGUINHO,MS,11/2022,283,236,"83,39",236,0,"100,00",47,"16,61",1,46,"16,25"
500310,CORGUINHO,MS,07/2022,271,225,"83,03",225,0,"100,00",46,"16,97",1,45,"16,61"
500310,CORGUINHO,MS,09/2022,280,234,"83,57",234,0,"100,00",46,"16,43",1,45,"16,07"
500315,CORONEL SAPUCAIA,MS,09/2022,2293,1648,"71,87",1624,24,"98,54",645,"28,13",50,595,"25,95"
500315,CORONEL SAPUCAIA,MS,07/2022,2208,1612,"73,01",1600,12,"99,26",596,"26,99",3,593,"26,86"
500315,CORONEL SAPUCAIA,MS,11/2022,2271,1389,"61,16",1375,14,"98,99",882,"38,84",344,538,"23,69"
500320,CORUMBÁ,MS,11/2022,8168,5061,"61,96",4948,113,"97,77",3107,"38,04",43,3064,"37,51"
500320,CORUMBÁ,MS,07/2022,8038,4804,"59,77",4777,27,"99,44",3234,"40,23",50,3184,"39,61"
500320,CORUMBÁ,MS,09/2022,8016,4763,"59,42",4661,102,"97,86",3253,"40,58",40,3213,"40,08"
500325,COSTA RICA,MS,09/2022,1937,1400,"72,28",1397,3,"99,79",537,"27,72",11,526,"27,16"
500325,COSTA RICA,MS,07/2022,1779,1329,"74,70",1329,0,"100,00",450,"25,30",5,445,"25,01"
500325,COSTA RICA,MS,11/2022,1932,1336,"69,15",1333,3,"99,78",596,"30,85",5,591,"30,59"
500330,COXIM,MS,11/2022,2169,1773,"81,74",1764,9,"99,49",396,"18,26",29,367,"16,92"
500330,COXIM,MS,07/2022,2104,1503,"71,44",1498,5,"99,67",601,"28,56",4,597,"28,37"
500330,COXIM,MS,09/2022,2165,1649,"76,17",1627,22,"98,67",516,"23,83",146,370,"17,09"
500345,DEODÁPOLIS,MS,09/2022,600,378,"63,00",377,1,"99,74",222,"37,00",122,100,"16,67"
500345,DEODÁPOLIS,MS,07/2022,603,415,"68,82",415,0,"100,00",188,"31,18",105,83,"13,76"
500345,DEODÁPOLIS,MS,11/2022,599,370,"61,77",369,1,"99,73",229,"38,23",128,101,"16,86"
500348,DOIS IRMÃOS DO BURITI,MS,11/2022,955,821,"85,97",811,10,"98,78",134,"14,03",6,128,"13,40"
500348,DOIS IRMÃOS DO BURITI,MS,07/2022,948,651,"68,67",640,11,"98,31",297,"31,33",12,285,"30,06"
500348,DOIS IRMÃOS DO BURITI,MS,09/2022,954,819,"85,85",803,16,"98,05",135,"14,15",12,123,"12,89"
500350,DOURADINA,MS,09/2022,317,274,"86,44",267,7,"97,45",43,"13,56",1,42,"13,25"
500350,DOURADINA,MS,07/2022,316,273,"86,39",271,2,"99,27",43,"13,61",0,43,"13,61"
500350,DOURADINA,MS,11/2022,296,271,"91,55",268,3,"98,89",25,"8,45",2,23,"7,77"
500370,DOURADOS,MS,11/2022,10809,8180,"75,68",7969,211,"97,42",2629,"24,32",688,1941,"17,96"
500370,DOURADOS,MS,07/2022,10826,6702,"61,91",6612,90,"98,66",4124,"38,09",879,3245,"29,97"
500370,DOURADOS,MS,09/2022,11014,7139,"64,82",6815,324,"95,46",3875,"35,18",848,3027,"27,48"
500375,ELDORADO,MS,09/2022,713,504,"70,69",449,55,"89,09",209,"29,31",103,106,"14,87"
500375,ELDORADO,MS,07/2022,729,622,"85,32",578,44,"92,93",107,"14,68",36,71,"9,74"
500375,ELDORADO,MS,11/2022,690,591,"85,65",557,34,"94,25",99,"14,35",2,97,"14,06"
500380,FÁTIMA DO SUL,MS,11/2022,873,803,"91,98",791,12,"98,51",70,"8,02",11,59,"6,76"
500380,FÁTIMA DO SUL,MS,07/2022,886,808,"91,20",798,10,"98,76",78,"8,80",17,61,"6,88"
500380,FÁTIMA DO SUL,MS,09/2022,880,801,"91,02",782,19,"97,63",79,"8,98",18,61,"6,93"
500390,FIGUEIRÃO,MS,09/2022,168,92,"54,76",92,0,"100,00",76,"45,24",0,76,"45,24"
500390,FIGUEIRÃO,MS,07/2022,155,64,"41,29",62,2,"96,88",91,"58,71",14,77,"49,68"
500390,FIGUEIRÃO,MS,11/2022,172,98,"56,98",98,0,"100,00",74,"43,02",0,74,"43,02"
500400,GLÓRIA DE DOURADOS,MS,11/2022,407,252,"61,92",247,5,"98,02",155,"38,08",117,38,"9,34"
500400,GLÓRIA DE DOURADOS,MS,07/2022,411,284,"69,10",281,3,"98,94",127,"30,90",50,77,"18,73"
500400,GLÓRIA DE DOURADOS,MS,09/2022,399,238,"59,65",233,5,"97,90",161,"40,35",119,42,"10,53"
500410,GUIA LOPES DA LAGUNA,MS,09/2022,888,647,"72,86",646,1,"99,85",241,"27,14",3,238,"26,80"
500410,GUIA LOPES DA LAGUNA,MS,07/2022,892,623,"69,84",610,13,"97,91",269,"30,16",14,255,"28,59"
500410,GUIA LOPES DA LAGUNA,MS,11/2022,877,758,"86,43",758,0,"100,00",119,"13,57",4,115,"13,11"
500430,IGUATEMI,MS,11/2022,940,388,"41,28",388,0,"100,00",552,"58,72",50,502,"53,40"
500430,IGUATEMI,MS,07/2022,968,660,"68,18",660,0,"100,00",308,"31,82",50,258,"26,65"
500430,IGUATEMI,MS,09/2022,947,358,"37,80",358,0,"100,00",589,"62,20",135,454,"47,94"
500440,INOCÊNCIA,MS,09/2022,395,231,"58,48",230,1,"99,57",164,"41,52",0,164,"41,52"
500440,INOCÊNCIA,MS,07/2022,403,249,"61,79",249,0,"100,00",154,"38,21",2,152,"37,72"
500440,INOCÊNCIA,MS,11/2022,389,242,"62,21",242,0,"100,00",147,"37,79",2,145,"37,28"
500450,ITAPORÃ,MS,11/2022,652,610,"93,56",607,3,"99,51",42,"6,44",5,37,"5,67"
500450,ITAPORÃ,MS,07/2022,582,551,"94,67",537,14,"97,46",31,"5,33",5,26,"4,47"
500450,ITAPORÃ,MS,09/2022,629,579,"92,05",567,12,"97,93",50,"7,95",10,40,"6,36"
500460,ITAQUIRAÍ,MS,09/2022,998,417,"41,78",417,0,"100,00",581,"58,22",448,133,"13,33"
500460,ITAQUIRAÍ,MS,07/2022,982,395,"40,22",395,0,"100,00",587,"59,78",449,138,"14,05"
500460,ITAQUIRAÍ,MS,11/2022,1028,861,"83,75",861,0,"100,00",167,"16,25",32,135,"13,13"
500470,IVINHEMA,MS,11/2022,836,609,"72,85",609,0,"100,00",227,"27,15",9,218,"26,08"
500470,IVINHEMA,MS,07/2022,785,564,"71,85",564,0,"100,00",221,"28,15",8,213,"27,13"
500470,IVINHEMA,MS,09/2022,818,529,"64,67",529,0,"100,00",289,"35,33",68,221,"27,02"
500480,JAPORÃ,MS,09/2022,1434,1119,"78,03",1119,0,"100,00",315,"21,97",0,315,"21,97"
500480,JAPORÃ,MS,07/2022,1432,1126,"78,63",1126,0,"100,00",306,"21,37",1,305,"21,30"
500480,JAPORÃ,MS,11/2022,1417,1101,"77,70",1101,0,"100,00",316,"22,30",1,315,"22,23"
500490,JARAGUARI,MS,11/2022,311,226,"72,67",226,0,"100,00",85,"27,33",3,82,"26,37"
500490,JARAGUARI,MS,07/2022,286,54,"18,88",54,0,"100,00",232,"81,12",132,100,"34,97"
500490,JARAGUARI,MS,09/2022,311,221,"71,06",221,0,"100,00",90,"28,94",0,90,"28,94"
500500,JARDIM,MS,09/2022,1488,1177,"79,10",1157,20,"98,30",311,"20,90",6,305,"20,50"
500500,JARDIM,MS,07/2022,1503,841,"55,95",834,7,"99,17",662,"44,05",3,659,"43,85"
500500,JARDIM,MS,11/2022,1437,1188,"82,67",1173,15,"98,74",249,"17,33",4,245,"17,05"
500510,JATEÍ,MS,11/2022,206,0,"0,00",0,0,,206,"100,00",175,31,"15,05"
500510,JATEÍ,MS,09/2022,220,0,"0,00",0,0,,220,"100,00",186,34,"15,45"
500510,JATEÍ,MS,07/2022,217,0,"0,00",0,0,,217,"100,00",184,33,"15,21"
500515,JUTI,MS,07/2022,667,493,"73,91",479,14,"97,16",174,"26,09",7,167,"25,04"
500515,JUTI,MS,09/2022,698,560,"80,23",538,22,"96,07",138,"19,77",10,128,"18,34"
500515,JUTI,MS,11/2022,681,568,"83,41",541,27,"95,25",113,"16,59",8,105,"15,42"
500520,LADÁRIO,MS,11/2022,1797,1330,"74,01",1330,0,"100,00",467,"25,99",6,461,"25,65"
500520,LADÁRIO,MS,07/2022,1821,1194,"65,57",1194,0,"100,00",627,"34,43",0,627,"34,43"
500520,LADÁRIO,MS,09/2022,1818,1349,"74,20",1345,4,"99,70",469,"25,80",5,464,"25,52"
500525,LAGUNA CARAPÃ,MS,09/2022,510,466,"91,37",414,52,"88,84",44,"8,63",2,42,"8,24"
500525,LAGUNA CARAPÃ,MS,07/2022,513,460,"89,67",442,18,"96,09",53,"10,33",1,52,"10,14"
500525,LAGUNA CARAPÃ,MS,11/2022,495,458,"92,53",413,45,"90,17",37,"7,47",2,35,"7,07"
500540,MARACAJU,MS,11/2022,1572,767,"48,79",751,16,"97,91",805,"51,21",170,635,"40,39"
500540,MARACAJU,MS,09/2022,1576,456,"28,93",446,10,"97,81",1120,"71,07",471,649,"41,18"
500540,MARACAJU,MS,07/2022,1535,638,"41,56",631,7,"98,90",897,"58,44",258,639,"41,63"
500560,MIRANDA,MS,07/2022,3345,1715,"51,27",1688,27,"98,43",1630,"48,73",551,1079,"32,26"
500560,MIRANDA,MS,09/2022,3386,1847,"54,55",1808,39,"97,89",1539,"45,45",467,1072,"31,66"
500560,MIRANDA,MS,11/2022,3412,1770,"51,88",1758,12,"99,32",1642,"48,12",592,1050,"30,77"
500568,MUNDO NOVO,MS,11/2022,1119,977,"87,31",977,0,"100,00",142,"12,69",0,142,"12,69"
500568,MUNDO NOVO,MS,09/2022,1079,866,"80,26",861,5,"99,42",213,"19,74",78,135,"12,51"
500568,MUNDO NOVO,MS,07/2022,1080,753,"69,72",753,0,"100,00",327,"30,28",181,146,"13,52"
500570,NAVIRAÍ,MS,07/2022,2248,1267,"56,36",1267,0,"100,00",981,"43,64",405,576,"25,62"
500570,NAVIRAÍ,MS,09/2022,2492,1396,"56,02",1375,21,"98,50",1096,"43,98",369,727,"29,17"
500570,NAVIRAÍ,MS,11/2022,2540,1736,"68,35",1728,8,"99,54",804,"31,65",111,693,"27,28"
500580,NIOAQUE,MS,11/2022,1207,1089,"90,22",1086,3,"99,72",118,"9,78",11,107,"8,86"
500580,NIOAQUE,MS,09/2022,1205,1096,"90,95",1091,5,"99,54",109,"9,05",17,92,"7,63"
500580,NIOAQUE,MS,07/2022,1249,1059,"84,79",1056,3,"99,72",190,"15,21",15,175,"14,01"
500600,NOVA ALVORADA DO SUL,MS,07/2022,1218,218,"17,90",195,23,"89,45",1000,"82,10",349,651,"53,45"
500600,NOVA ALVORADA DO SUL,MS,09/2022,1319,547,"41,47",518,29,"94,70",772,"58,53",37,735,"55,72"
500600,NOVA ALVORADA DO SUL,MS,11/2022,1283,298,"23,23",289,9,"96,98",985,"76,77",271,714,"55,65"
500620,NOVA ANDRADINA,MS,11/2022,2681,2290,"85,42",2257,33,"98,56",391,"14,58",76,315,"11,75"
500620,NOVA ANDRADINA,MS,09/2022,2654,2329,"87,75",2304,25,"98,93",325,"12,25",70,255,"9,61"
500620,NOVA ANDRADINA,MS,07/2022,2587,2192,"84,73",2154,38,"98,27",395,"15,27",35,360,"13,92"
500625,NOVO HORIZONTE DO SUL,MS,07/2022,158,134,"84,81",132,2,"98,51",24,"15,19",0,24,"15,19"
500625,NOVO HORIZONTE DO SUL,MS,09/2022,167,131,"78,44",128,3,"97,71",36,"21,56",1,35,"20,96"
500625,NOVO HORIZONTE DO SUL,MS,11/2022,172,130,"75,58",128,2,"98,46",42,"24,42",1,41,"23,84"
500627,PARAÍSO DAS ÁGUAS,MS,11/2022,260,228,"87,69",228,0,"100,00",32,"12,31",1,31,"11,92"
500627,PARAÍSO DAS ÁGUAS,MS,09/2022,260,219,"84,23",219,0,"100,00",41,"15,77",0,41,"15,77"
500627,PARAÍSO DAS ÁGUAS,MS,07/2022,265,144,"54,34",144,0,"100,00",121,"45,66",2,119,"44,91"
500630,PARANAÍBA,MS,07/2022,1706,1331,"78,02",1217,114,"91,44",375,"21,98",35,340,"19,93"
500630,PARANAÍBA,MS,09/2022,1684,1454,"86,34",1423,31,"97,87",230,"13,66",24,206,"12,23"
500630,PARANAÍBA,MS,11/2022,1727,1399,"81,01",1372,27,"98,07",328,"18,99",98,230,"13,32"
500635,PARANHOS,MS,11/2022,2212,1988,"89,87",1988,0,"100,00",224,"10,13",81,143,"6,46"
500635,PARANHOS,MS,09/2022,2219,1709,"77,02",1709,0,"100,00",510,"22,98",368,142,"6,40"
500635,PARANHOS,MS,07/2022,2283,2141,"93,78",2141,0,"100,00",142,"6,22",1,141,"6,18"
500640,PEDRO GOMES,MS,07/2022,489,451,"92,23",451,0,"100,00",38,"7,77",0,38,"7,77"
500640,PEDRO GOMES,MS,09/2022,510,483,"94,71",483,0,"100,00",27,"5,29",1,26,"5,10"
500640,PEDRO GOMES,MS,11/2022,509,483,"94,89",483,0,"100,00",26,"5,11",0,26,"5,11"
500660,PONTA PORÃ,MS,11/2022,7418,5040,"67,94",4957,83,"98,35",2378,"32,06",50,2328,"31,38"
500660,PONTA PORÃ,MS,09/2022,7251,4603,"63,48",4550,53,"98,85",2648,"36,52",19,2629,"36,26"
500660,PONTA PORÃ,MS,07/2022,7212,4492,"62,29",4458,34,"99,24",2720,"37,71",20,2700,"37,44"
500690,PORTO MURTINHO,MS,07/2022,1142,822,"71,98",822,0,"100,00",320,"28,02",91,229,"20,05"
500690,PORTO MURTINHO,MS,09/2022,1168,953,"81,59",946,7,"99,27",215,"18,41",9,206,"17,64"
500690,PORTO MURTINHO,MS,11/2022,1169,940,"80,41",940,0,"100,00",229,"19,59",20,209,"17,88"
500710,RIBAS DO RIO PARDO,MS,11/2022,1242,1066,"85,83",1040,26,"97,56",176,"14,17",33,143,"11,51"
500710,RIBAS DO RIO PARDO,MS,07/2022,1193,866,"72,59",851,15,"98,27",327,"27,41",29,298,"24,98"
500710,RIBAS DO RIO PARDO,MS,09/2022,1253,1019,"81,32",997,22,"97,84",234,"18,68",38,196,"15,64"
500720,RIO BRILHANTE,MS,09/2022,1738,861,"49,54",834,27,"96,86",877,"50,46",461,416,"23,94"
500720,RIO BRILHANTE,MS,07/2022,1768,981,"55,49",957,24,"97,55",787,"44,51",368,419,"23,70"
500720,RIO BRILHANTE,MS,11/2022,1678,1011,"60,25",990,21,"97,92",667,"39,75",280,387,"23,06"
500730,RIO NEGRO,MS,11/2022,310,290,"93,55",290,0,"100,00",20,"6,45",0,20,"6,45"
500730,RIO NEGRO,MS,07/2022,279,260,"93,19",259,1,"99,62",19,"6,81",1,18,"6,45"
500730,RIO NEGRO,MS,09/2022,301,283,"94,02",283,0,"100,00",18,"5,98",0,18,"5,98"
500740,RIO VERDE DE MATO GROSSO,MS,09/2022,1475,1299,"88,07",1281,18,"98,61",176,"11,93",46,130,"8,81"
500740,RIO VERDE DE MATO GROSSO,MS,07/2022,1535,1231,"80,20",1231,0,"100,00",304,"19,80",43,261,"17,00"
500740,RIO VERDE DE MATO GROSSO,MS,11/2022,1477,1299,"87,95",1293,6,"99,54",178,"12,05",42,136,"9,21"
500750,ROCHEDO,MS,11/2022,343,214,"62,39",214,0,"100,00",129,"37,61",1,128,"37,32"
500750,ROCHEDO,MS,07/2022,287,4,"1,39",4,0,"100,00",283,"98,61",219,64,"22,30"
500750,ROCHEDO,MS,09/2022,319,189,"59,25",188,1,"99,47",130,"40,75",1,129,"40,44"
500755,SANTA RITA DO PARDO,MS,09/2022,295,242,"82,03",215,27,"88,84",53,"17,97",3,50,"16,95"
500755,SANTA RITA DO PARDO,MS,07/2022,289,242,"83,74",201,41,"83,06",47,"16,26",0,47,"16,26"
500755,SANTA RITA DO PARDO,MS,11/2022,305,250,"81,97",229,21,"91,60",55,"18,03",2,53,"17,38"
500769,SÃO GABRIEL DO OESTE,MS,11/2022,1097,998,"90,98",946,52,"94,79",99,"9,02",10,89,"8,11"
500769,SÃO GABRIEL DO OESTE,MS,07/2022,1025,919,"89,66",883,36,"96,08",106,"10,34",15,91,"8,88"
500769,SÃO GABRIEL DO OESTE,MS,09/2022,1054,967,"91,75",913,54,"94,42",87,"8,25",10,77,"7,31"
500770,SETE QUEDAS,MS,07/2022,508,239,"47,05",237,2,"99,16",269,"52,95",168,101,"19,88"
500770,SETE QUEDAS,MS,09/2022,486,353,"72,63",350,3,"99,15",133,"27,37",6,127,"26,13"
500770,SETE QUEDAS,MS,11/2022,490,369,"75,31",353,16,"95,66",121,"24,69",38,83,"16,94"
500780,SELVÍRIA,MS,11/2022,320,202,"63,13",202,0,"100,00",118,"36,88",0,118,"36,88"
500780,SELVÍRIA,MS,07/2022,319,178,"55,80",178,0,"100,00",141,"44,20",3,138,"43,26"
500780,SELVÍRIA,MS,09/2022,333,201,"60,36",199,2,"99,00",132,"39,64",0,132,"39,64"
500790,SIDROLÂNDIA,MS,07/2022,2978,1371,"46,04",1354,17,"98,76",1607,"53,96",526,1081,"36,30"
500790,SIDROLÂNDIA,MS,09/2022,2951,1365,"46,26",1339,26,"98,10",1586,"53,74",500,1086,"36,80"
500790,SIDROLÂNDIA,MS,11/2022,2911,1586,"54,48",1546,40,"97,48",1325,"45,52",221,1104,"37,93"
500793,SONORA,MS,11/2022,687,533,"77,58",530,3,"99,44",154,"22,42",51,103,"14,99"
500793,SONORA,MS,09/2022,674,493,"73,15",489,4,"99,19",181,"26,85",74,107,"15,88"
500793,SONORA,MS,07/2022,676,504,"74,56",501,3,"99,40",172,"25,44",64,108,"15,98"
500795,TACURU,MS,07/2022,1363,1205,"88,41",1205,0,"100,00",158,"11,59",0,158,"11,59"
500795,TACURU,MS,09/2022,1426,1251,"87,73",1251,0,"100,00",175,"12,27",4,171,"11,99"
500795,TACURU,MS,11/2022,1431,1252,"87,49",1252,0,"100,00",179,"12,51",4,175,"12,23"
500797,TAQUARUSSU,MS,11/2022,266,242,"90,98",242,0,"100,00",24,"9,02",0,24,"9,02"
500797,TAQUARUSSU,MS,07/2022,267,244,"91,39",244,0,"100,00",23,"8,61",0,23,"8,61"
500797,TAQUARUSSU,MS,09/2022,272,247,"90,81",247,0,"100,00",25,"9,19",0,25,"9,19"
500800,TERENOS,MS,07/2022,997,492,"49,35",490,2,"99,59",505,"50,65",0,505,"50,65"
500800,TERENOS,MS,09/2022,1074,601,"55,96",599,2,"99,67",473,"44,04",2,471,"43,85"
500800,TERENOS,MS,11/2022,1060,700,"66,04",700,0,"100,00",360,"33,96",1,359,"33,87"
500830,TRÊS LAGOAS,MS,11/2022,6130,4411,"71,96",4230,181,"95,90",1719,"28,04",39,1680,"27,41"
500830,TRÊS LAGOAS,MS,09/2022,6047,4218,"69,75",4083,135,"96,80",1829,"30,25",144,1685,"27,87"
500830,TRÊS LAGOAS,MS,07/2022,5456,3796,"69,57",3665,131,"96,55",1660,"30,43",108,1552,"28,45"
500840,VICENTINA,MS,07/2022,327,271,"82,87",265,6,"97,79",56,"17,13",0,56,"17,13"
500840,VICENTINA,MS,09/2022,326,263,"80,67",256,7,"97,34",63,"19,33",2,61,"18,71"
500840,VICENTINA,MS,11/2022,323,264,"81,73",253,11,"95,83",59,"18,27",0,59,"18,27"
510010,ACORIZAL,MT,11/2022,566,492,"86,93",487,5,"98,98",74,"13,07",14,60,"10,60"
510010,ACORIZAL,MT,09/2022,573,488,"85,17",402,86,"82,38",85,"14,83",30,55,"9,60"
510010,ACORIZAL,MT,07/2022,585,506,"86,50",492,14,"97,23",79,"13,50",17,62,"10,60"
510020,ÁGUA BOA,MT,07/2022,872,436,"50,00",436,0,"100,00",436,"50,00",147,289,"33,14"
510020,ÁGUA BOA,MT,09/2022,937,561,"59,87",559,2,"99,64",376,"40,13",55,321,"34,26"
510020,ÁGUA BOA,MT,11/2022,924,604,"65,37",600,4,"99,34",320,"34,63",5,315,"34,09"
510025,ALTA FLORESTA,MT,11/2022,2445,1535,"62,78",1529,6,"99,61",910,"37,22",96,814,"33,29"
510025,ALTA FLORESTA,MT,07/2022,2265,493,"21,77",485,8,"98,38",1772,"78,23",985,787,"34,75"
510025,ALTA FLORESTA,MT,09/2022,2341,825,"35,24",811,14,"98,30",1516,"64,76",687,829,"35,41"
510030,ALTO ARAGUAIA,MT,09/2022,966,741,"76,71",741,0,"100,00",225,"23,29",178,47,"4,87"
510030,ALTO ARAGUAIA,MT,07/2022,941,719,"76,41",716,3,"99,58",222,"23,59",21,201,"21,36"
510030,ALTO ARAGUAIA,MT,11/2022,969,733,"75,64",732,1,"99,86",236,"24,36",188,48,"4,95"
510035,ALTO BOA VISTA,MT,11/2022,447,416,"93,06",411,5,"98,80",31,"6,94",2,29,"6,49"
510035,ALTO BOA VISTA,MT,09/2022,473,429,"90,70",425,4,"99,07",44,"9,30",0,44,"9,30"
510035,ALTO BOA VISTA,MT,07/2022,477,435,"91,19",434,1,"99,77",42,"8,81",0,42,"8,81"
510040,ALTO GARÇAS,MT,09/2022,848,765,"90,21",756,9,"98,82",83,"9,79",49,34,"4,01"
510040,ALTO GARÇAS,MT,07/2022,845,643,"76,09",643,0,"100,00",202,"23,91",50,152,"17,99"
510040,ALTO GARÇAS,MT,11/2022,849,690,"81,27",665,25,"96,38",159,"18,73",147,12,"1,41"
510050,ALTO PARAGUAI,MT,11/2022,688,305,"44,33",286,19,"93,77",383,"55,67",224,159,"23,11"
510050,ALTO PARAGUAI,MT,07/2022,702,446,"63,53",440,6,"98,65",256,"36,47",120,136,"19,37"
510050,ALTO PARAGUAI,MT,09/2022,695,308,"44,32",294,14,"95,45",387,"55,68",230,157,"22,59"
510060,ALTO TAQUARI,MT,09/2022,430,371,"86,28",364,7,"98,11",59,"13,72",3,56,"13,02"
510060,ALTO TAQUARI,MT,07/2022,354,221,"62,43",214,7,"96,83",133,"37,57",71,62,"17,51"
510060,ALTO TAQUARI,MT,11/2022,437,378,"86,50",378,0,"100,00",59,"13,50",2,57,"13,04"
510080,APIACÁS,MT,11/2022,631,432,"68,46",409,23,"94,68",199,"31,54",115,84,"13,31"
510080,APIACÁS,MT,09/2022,669,565,"84,45",542,23,"95,93",104,"15,55",5,99,"14,80"
510080,APIACÁS,MT,07/2022,669,544,"81,32",531,13,"97,61",125,"18,68",9,116,"17,34"
510100,ARAGUAIANA,MT,07/2022,211,191,"90,52",188,3,"98,43",20,"9,48",4,16,"7,58"
510100,ARAGUAIANA,MT,09/2022,207,188,"90,82",170,18,"90,43",19,"9,18",3,16,"7,73"
510100,ARAGUAIANA,MT,11/2022,215,195,"90,70",180,15,"92,31",20,"9,30",0,20,"9,30"
510120,ARAGUAINHA,MT,11/2022,60,56,"93,33",56,0,"100,00",4,"6,67",2,2,"3,33"
510120,ARAGUAINHA,MT,09/2022,64,61,"95,31",61,0,"100,00",3,"4,69",0,3,"4,69"
510120,ARAGUAINHA,MT,07/2022,54,0,"0,00",0,0,,54,"100,00",46,8,"14,81"
510125,ARAPUTANGA,MT,09/2022,718,372,"51,81",363,9,"97,58",346,"48,19",87,259,"36,07"
510125,ARAPUTANGA,MT,07/2022,744,438,"58,87",398,40,"90,87",306,"41,13",37,269,"36,16"
510125,ARAPUTANGA,MT,11/2022,693,383,"55,27",357,26,"93,21",310,"44,73",63,247,"35,64"
510130,ARENÁPOLIS,MT,11/2022,632,543,"85,92",543,0,"100,00",89,"14,08",8,81,"12,82"
510130,ARENÁPOLIS,MT,07/2022,626,350,"55,91",332,18,"94,86",276,"44,09",178,98,"15,65"
510130,ARENÁPOLIS,MT,09/2022,634,450,"70,98",447,3,"99,33",184,"29,02",47,137,"21,61"
510140,ARIPUANÃ,MT,09/2022,1561,1095,"70,15",1069,26,"97,63",466,"29,85",16,450,"28,83"
510140,ARIPUANÃ,MT,07/2022,1567,1042,"66,50",996,46,"95,59",525,"33,50",57,468,"29,87"
510140,ARIPUANÃ,MT,11/2022,1619,1138,"70,29",1105,33,"97,10",481,"29,71",9,472,"29,15"
510160,BARÃO DE MELGAÇO,MT,11/2022,822,744,"90,51",741,3,"99,60",78,"9,49",20,58,"7,06"
510160,BARÃO DE MELGAÇO,MT,07/2022,817,516,"63,16",515,1,"99,81",301,"36,84",75,226,"27,66"
510160,BARÃO DE MELGAÇO,MT,09/2022,843,702,"83,27",697,5,"99,29",141,"16,73",41,100,"11,86"
510170,BARRA DO BUGRES,MT,07/2022,2064,968,"46,90",961,7,"99,28",1096,"53,10",19,1077,"52,18"
510170,BARRA DO BUGRES,MT,09/2022,1925,1622,"84,26",1513,109,"93,28",303,"15,74",94,209,"10,86"
510170,BARRA DO BUGRES,MT,11/2022,1915,1485,"77,55",1405,80,"94,61",430,"22,45",168,262,"13,68"
510180,BARRA DO GARÇAS,MT,11/2022,4476,3970,"88,70",3924,46,"98,84",506,"11,30",232,274,"6,12"
510180,BARRA DO GARÇAS,MT,09/2022,4461,3835,"85,97",3720,115,"97,00",626,"14,03",282,344,"7,71"
510180,BARRA DO GARÇAS,MT,07/2022,4385,3656,"83,38",3482,174,"95,24",729,"16,62",218,511,"11,65"
510185,BOM JESUS DO ARAGUAIA,MT,07/2022,806,726,"90,07",726,0,"100,00",80,"9,93",4,76,"9,43"
510185,BOM JESUS DO ARAGUAIA,MT,09/2022,808,742,"91,83",719,23,"96,90",66,"8,17",4,62,"7,67"
510185,BOM JESUS DO ARAGUAIA,MT,11/2022,808,730,"90,35",715,15,"97,95",78,"9,65",10,68,"8,42"
510190,BRASNORTE,MT,11/2022,1067,877,"82,19",877,0,"100,00",190,"17,81",33,157,"14,71"
510190,BRASNORTE,MT,09/2022,1062,827,"77,87",825,2,"99,76",235,"22,13",78,157,"14,78"
510190,BRASNORTE,MT,07/2022,1022,893,"87,38",852,41,"95,41",129,"12,62",24,105,"10,27"
510250,CÁCERES,MT,07/2022,7449,6702,"89,97",6630,72,"98,93",747,"10,03",85,662,"8,89"
510250,CÁCERES,MT,09/2022,7461,7167,"96,06",7148,19,"99,73",294,"3,94",56,238,"3,19"
510250,CÁCERES,MT,11/2022,7358,7014,"95,32",6981,33,"99,53",344,"4,68",82,262,"3,56"
510260,CAMPINÁPOLIS,MT,11/2022,2228,1758,"78,90",1711,47,"97,33",470,"21,10",20,450,"20,20"
510260,CAMPINÁPOLIS,MT,09/2022,2222,1680,"75,61",1659,21,"98,75",542,"24,39",48,494,"22,23"
510260,CAMPINÁPOLIS,MT,07/2022,2247,1557,"69,29",1553,4,"99,74",690,"30,71",111,579,"25,77"
510263,CAMPO NOVO DO PARECIS,MT,07/2022,932,327,"35,09",327,0,"100,00",605,"64,91",427,178,"19,10"
510263,CAMPO NOVO DO PARECIS,MT,09/2022,1112,726,"65,29",687,39,"94,63",386,"34,71",28,358,"32,19"
510263,CAMPO NOVO DO PARECIS,MT,11/2022,1161,711,"61,24",606,105,"85,23",450,"38,76",77,373,"32,13"
510267,CAMPO VERDE,MT,11/2022,1475,1159,"78,58",1126,33,"97,15",316,"21,42",17,299,"20,27"
510267,CAMPO VERDE,MT,09/2022,1414,1053,"74,47",1016,37,"96,49",361,"25,53",40,321,"22,70"
510267,CAMPO VERDE,MT,07/2022,1375,943,"68,58",899,44,"95,33",432,"31,42",81,351,"25,53"
510268,CAMPOS DE JÚLIO,MT,07/2022,474,431,"90,93",380,51,"88,17",43,"9,07",13,30,"6,33"
510268,CAMPOS DE JÚLIO,MT,09/2022,503,461,"91,65",401,60,"86,98",42,"8,35",4,38,"7,55"
510268,CAMPOS DE JÚLIO,MT,11/2022,468,424,"90,60",391,33,"92,22",44,"9,40",1,43,"9,19"
510269,CANABRAVA DO NORTE,MT,11/2022,319,260,"81,50",260,0,"100,00",59,"18,50",7,52,"16,30"
510269,CANABRAVA DO NORTE,MT,09/2022,329,230,"69,91",229,1,"99,57",99,"30,09",27,72,"21,88"
510269,CANABRAVA DO NORTE,MT,07/2022,341,250,"73,31",249,1,"99,60",91,"26,69",12,79,"23,17"
510270,CANARANA,MT,09/2022,1415,1223,"86,43",1172,51,"95,83",192,"13,57",3,189,"13,36"
510270,CANARANA,MT,07/2022,1445,1326,"91,76",1319,7,"99,47",119,"8,24",9,110,"7,61"
510270,CANARANA,MT,11/2022,1424,1203,"84,48",1159,44,"96,34",221,"15,52",3,218,"15,31"
510279,CARLINDA,MT,11/2022,474,413,"87,13",388,25,"93,95",61,"12,87",13,48,"10,13"
510279,CARLINDA,MT,07/2022,508,407,"80,12",394,13,"96,81",101,"19,88",11,90,"17,72"
510279,CARLINDA,MT,09/2022,502,431,"85,86",409,22,"94,90",71,"14,14",17,54,"10,76"
510285,CASTANHEIRA,MT,07/2022,350,304,"86,86",303,1,"99,67",46,"13,14",3,43,"12,29"
510285,CASTANHEIRA,MT,09/2022,350,324,"92,57",315,9,"97,22",26,"7,43",3,23,"6,57"
510285,CASTANHEIRA,MT,11/2022,346,330,"95,38",319,11,"96,67",16,"4,62",4,12,"3,47"
510300,CHAPADA DOS GUIMARÃES,MT,11/2022,1717,1624,"94,58",1573,51,"96,86",93,"5,42",8,85,"4,95"
510300,CHAPADA DOS GUIMARÃES,MT,09/2022,1732,1597,"92,21",1514,83,"94,80",135,"7,79",6,129,"7,45"
510300,CHAPADA DOS GUIMARÃES,MT,07/2022,1631,1478,"90,62",1430,48,"96,75",153,"9,38",19,134,"8,22"
510305,CLÁUDIA,MT,07/2022,446,401,"89,91",399,2,"99,50",45,"10,09",8,37,"8,30"
510305,CLÁUDIA,MT,09/2022,459,417,"90,85",413,4,"99,04",42,"9,15",9,33,"7,19"
510305,CLÁUDIA,MT,11/2022,469,428,"91,26",426,2,"99,53",41,"8,74",4,37,"7,89"
510310,COCALINHO,MT,11/2022,387,280,"72,35",231,49,"82,50",107,"27,65",4,103,"26,61"
510310,COCALINHO,MT,07/2022,339,261,"76,99",239,22,"91,57",78,"23,01",4,74,"21,83"
510310,COCALINHO,MT,09/2022,344,259,"75,29",216,43,"83,40",85,"24,71",7,78,"22,67"
510320,COLÍDER,MT,09/2022,1050,906,"86,29",832,74,"91,83",144,"13,71",21,123,"11,71"
510320,COLÍDER,MT,07/2022,1082,827,"76,43",767,60,"92,74",255,"23,57",77,178,"16,45"
510320,COLÍDER,MT,11/2022,1076,899,"83,55",840,59,"93,44",177,"16,45",21,156,"14,50"
510325,COLNIZA,MT,11/2022,1726,1464,"84,82",1454,10,"99,32",262,"15,18",10,252,"14,60"
510325,COLNIZA,MT,09/2022,1717,1408,"82,00",1408,0,"100,00",309,"18,00",83,226,"13,16"
510325,COLNIZA,MT,07/2022,1732,1470,"84,87",1456,14,"99,05",262,"15,13",101,161,"9,30"
510330,COMODORO,MT,07/2022,1251,708,"56,59",696,12,"98,31",543,"43,41",138,405,"32,37"
510330,COMODORO,MT,09/2022,1276,979,"76,72",968,11,"98,88",297,"23,28",25,272,"21,32"
510330,COMODORO,MT,11/2022,1293,1010,"78,11",1000,10,"99,01",283,"21,89",25,258,"19,95"
510335,CONFRESA,MT,11/2022,2531,1665,"65,78",1650,15,"99,10",866,"34,22",200,666,"26,31"
510335,CONFRESA,MT,09/2022,2555,1705,"66,73",1704,1,"99,94",850,"33,27",208,642,"25,13"
510335,CONFRESA,MT,07/2022,2524,1423,"56,38",1395,28,"98,03",1101,"43,62",238,863,"34,19"
510336,CONQUISTA D´OESTE,MT,07/2022,227,0,"0,00",0,0,,227,"100,00",156,71,"31,28"
510336,CONQUISTA D´OESTE,MT,09/2022,250,176,"70,40",175,1,"99,43",74,"29,60",4,70,"28,00"
510336,CONQUISTA D´OESTE,MT,11/2022,265,183,"69,06",183,0,"100,00",82,"30,94",8,74,"27,92"
510337,COTRIGUAÇU,MT,11/2022,603,514,"85,24",480,34,"93,39",89,"14,76",7,82,"13,60"
510337,COTRIGUAÇU,MT,07/2022,603,571,"94,69",561,10,"98,25",32,"5,31",7,25,"4,15"
510337,COTRIGUAÇU,MT,09/2022,587,491,"83,65",451,40,"91,85",96,"16,35",4,92,"15,67"
510340,CUIABÁ,MT,07/2022,28300,19288,"68,16",18946,342,"98,23",9012,"31,84",583,8429,"29,78"
510340,CUIABÁ,MT,09/2022,29871,22070,"73,88",21737,333,"98,49",7801,"26,12",273,7528,"25,20"
510340,CUIABÁ,MT,11/2022,30631,24247,"79,16",23993,254,"98,95",6384,"20,84",258,6126,"20,00"
510343,CURVELÂNDIA,MT,11/2022,364,341,"93,68",322,19,"94,43",23,"6,32",2,21,"5,77"
510343,CURVELÂNDIA,MT,09/2022,357,337,"94,40",333,4,"98,81",20,"5,60",2,18,"5,04"
510343,CURVELÂNDIA,MT,07/2022,361,338,"93,63",324,14,"95,86",23,"6,37",3,20,"5,54"
510345,DENISE,MT,07/2022,494,461,"93,32",452,9,"98,05",33,"6,68",10,23,"4,66"
510345,DENISE,MT,09/2022,524,382,"72,90",373,9,"97,64",142,"27,10",102,40,"7,63"
510345,DENISE,MT,11/2022,515,474,"92,04",448,26,"94,51",41,"7,96",11,30,"5,83"
510350,DIAMANTINO,MT,11/2022,1095,1027,"93,79",997,30,"97,08",68,"6,21",33,35,"3,20"
510350,DIAMANTINO,MT,07/2022,1201,924,"76,94",898,26,"97,19",277,"23,06",61,216,"17,99"
510350,DIAMANTINO,MT,09/2022,1182,1096,"92,72",1051,45,"95,89",86,"7,28",37,49,"4,15"
510360,DOM AQUINO,MT,07/2022,682,545,"79,91",527,18,"96,70",137,"20,09",76,61,"8,94"
510360,DOM AQUINO,MT,09/2022,657,439,"66,82",402,37,"91,57",218,"33,18",153,65,"9,89"
510360,DOM AQUINO,MT,11/2022,664,590,"88,86",584,6,"98,98",74,"11,14",28,46,"6,93"
510370,FELIZ NATAL,MT,11/2022,1005,931,"92,64",929,2,"99,79",74,"7,36",7,67,"6,67"
510370,FELIZ NATAL,MT,07/2022,966,835,"86,44",829,6,"99,28",131,"13,56",6,125,"12,94"
510370,FELIZ NATAL,MT,09/2022,995,916,"92,06",916,0,"100,00",79,"7,94",19,60,"6,03"
510380,FIGUEIRÓPOLIS D´OESTE,MT,07/2022,123,88,"71,54",84,4,"95,45",35,"28,46",25,10,"8,13"
510380,FIGUEIRÓPOLIS D´OESTE,MT,09/2022,112,101,"90,18",96,5,"95,05",11,"9,82",1,10,"8,93"
510380,FIGUEIRÓPOLIS D´OESTE,MT,11/2022,116,106,"91,38",101,5,"95,28",10,"8,62",1,9,"7,76"
510385,GAÚCHA DO NORTE,MT,11/2022,1076,1006,"93,49",998,8,"99,20",70,"6,51",12,58,"5,39"
510385,GAÚCHA DO NORTE,MT,09/2022,1064,994,"93,42",991,3,"99,70",70,"6,58",27,43,"4,04"
510385,GAÚCHA DO NORTE,MT,07/2022,1017,958,"94,20",953,5,"99,48",59,"5,80",18,41,"4,03"
510390,GENERAL CARNEIRO,MT,07/2022,736,498,"67,66",476,22,"95,58",238,"32,34",4,234,"31,79"
510390,GENERAL CARNEIRO,MT,09/2022,772,535,"69,30",517,18,"96,64",237,"30,70",2,235,"30,44"
510390,GENERAL CARNEIRO,MT,11/2022,798,543,"68,05",534,9,"98,34",255,"31,95",2,253,"31,70"
510395,GLÓRIA D´OESTE,MT,11/2022,212,187,"88,21",185,2,"98,93",25,"11,79",3,22,"10,38"
510395,GLÓRIA D´OESTE,MT,07/2022,207,172,"83,09",172,0,"100,00",35,"16,91",10,25,"12,08"
510395,GLÓRIA D´OESTE,MT,09/2022,212,178,"83,96",178,0,"100,00",34,"16,04",9,25,"11,79"
510410,GUARANTÃ DO NORTE,MT,07/2022,2442,1945,"79,65",1919,26,"98,66",497,"20,35",22,475,"19,45"
510410,GUARANTÃ DO NORTE,MT,09/2022,2452,1324,"54,00",1290,34,"97,43",1128,"46,00",708,420,"17,13"
510410,GUARANTÃ DO NORTE,MT,11/2022,2534,1947,"76,84",1923,24,"98,77",587,"23,16",147,440,"17,36"
510420,GUIRATINGA,MT,11/2022,730,300,"41,10",300,0,"100,00",430,"58,90",226,204,"27,95"
510420,GUIRATINGA,MT,09/2022,729,314,"43,07",314,0,"100,00",415,"56,93",206,209,"28,67"
510420,GUIRATINGA,MT,07/2022,738,287,"38,89",287,0,"100,00",451,"61,11",237,214,"29,00"
510450,INDIAVAÍ,MT,09/2022,134,104,"77,61",95,9,"91,35",30,"22,39",10,20,"14,93"
510450,INDIAVAÍ,MT,07/2022,136,100,"73,53",84,16,"84,00",36,"26,47",5,31,"22,79"
510450,INDIAVAÍ,MT,11/2022,135,103,"76,30",94,9,"91,26",32,"23,70",12,20,"14,81"
510452,IPIRANGA DO NORTE,MT,11/2022,390,282,"72,31",263,19,"93,26",108,"27,69",3,105,"26,92"
510452,IPIRANGA DO NORTE,MT,09/2022,371,254,"68,46",213,41,"83,86",117,"31,54",4,113,"30,46"
510452,IPIRANGA DO NORTE,MT,07/2022,357,236,"66,11",176,60,"74,58",121,"33,89",6,115,"32,21"
510454,ITANHANGÁ,MT,07/2022,429,282,"65,73",260,22,"92,20",147,"34,27",17,130,"30,30"
510454,ITANHANGÁ,MT,09/2022,469,316,"67,38",288,28,"91,14",153,"32,62",13,140,"29,85"
510454,ITANHANGÁ,MT,11/2022,443,297,"67,04",265,32,"89,23",146,"32,96",7,139,"31,38"
510455,ITAÚBA,MT,11/2022,315,219,"69,52",215,4,"98,17",96,"30,48",3,93,"29,52"
510455,ITAÚBA,MT,09/2022,333,133,"39,94",133,0,"100,00",200,"60,06",90,110,"33,03"
510455,ITAÚBA,MT,07/2022,328,203,"61,89",201,2,"99,01",125,"38,11",13,112,"34,15"
510460,ITIQUIRA,MT,09/2022,713,623,"87,38",600,23,"96,31",90,"12,62",25,65,"9,12"
510460,ITIQUIRA,MT,07/2022,742,509,"68,60",498,11,"97,84",233,"31,40",6,227,"30,59"
510460,ITIQUIRA,MT,11/2022,686,606,"88,34",579,27,"95,54",80,"11,66",4,76,"11,08"
510480,JACIARA,MT,11/2022,1353,588,"43,46",564,24,"95,92",765,"56,54",626,139,"10,27"
510480,JACIARA,MT,07/2022,1380,812,"58,84",787,25,"96,92",568,"41,16",273,295,"21,38"
510480,JACIARA,MT,09/2022,1386,1120,"80,81",1070,50,"95,54",266,"19,19",132,134,"9,67"
510490,JANGADA,MT,07/2022,815,649,"79,63",631,18,"97,23",166,"20,37",94,72,"8,83"
510490,JANGADA,MT,09/2022,817,613,"75,03",601,12,"98,04",204,"24,97",140,64,"7,83"
510490,JANGADA,MT,11/2022,785,695,"88,54",691,4,"99,42",90,"11,46",31,59,"7,52"
510500,JAURU,MT,11/2022,389,349,"89,72",317,32,"90,83",40,"10,28",6,34,"8,74"
510500,JAURU,MT,07/2022,406,344,"84,73",308,36,"89,53",62,"15,27",2,60,"14,78"
510500,JAURU,MT,09/2022,382,337,"88,22",309,28,"91,69",45,"11,78",5,40,"10,47"
510510,JUARA,MT,07/2022,1788,1495,"83,61",1481,14,"99,06",293,"16,39",32,261,"14,60"
510510,JUARA,MT,09/2022,1768,1193,"67,48",1167,26,"97,82",575,"32,52",326,249,"14,08"
510510,JUARA,MT,11/2022,1797,1168,"65,00",1150,18,"98,46",629,"35,00",372,257,"14,30"
510515,JUÍNA,MT,11/2022,1604,1482,"92,39",1418,64,"95,68",122,"7,61",15,107,"6,67"
510515,JUÍNA,MT,09/2022,1512,1400,"92,59",1331,69,"95,07",112,"7,41",22,90,"5,95"
510515,JUÍNA,MT,07/2022,1529,1419,"92,81",1338,81,"94,29",110,"7,19",33,77,"5,04"
510517,JURUENA,MT,09/2022,544,386,"70,96",359,27,"93,01",158,"29,04",27,131,"24,08"
510517,JURUENA,MT,07/2022,521,290,"55,66",270,20,"93,10",231,"44,34",91,140,"26,87"
510517,JURUENA,MT,11/2022,565,294,"52,04",265,29,"90,14",271,"47,96",121,150,"26,55"
510520,JUSCIMEIRA,MT,11/2022,617,507,"82,17",505,2,"99,61",110,"17,83",4,106,"17,18"
510520,JUSCIMEIRA,MT,07/2022,555,0,"0,00",0,0,,555,"100,00",512,43,"7,75"
510520,JUSCIMEIRA,MT,09/2022,623,509,"81,70",504,5,"99,02",114,"18,30",1,113,"18,14"
510523,LAMBARI D´OESTE,MT,07/2022,424,235,"55,42",235,0,"100,00",189,"44,58",98,91,"21,46"
510523,LAMBARI D´OESTE,MT,09/2022,448,261,"58,26",260,1,"99,62",187,"41,74",139,48,"10,71"
510523,LAMBARI D´OESTE,MT,11/2022,440,278,"63,18",278,0,"100,00",162,"36,82",133,29,"6,59"
510525,LUCAS DO RIO VERDE,MT,11/2022,2883,2656,"92,13",2543,113,"95,75",227,"7,87",35,192,"6,66"
510525,LUCAS DO RIO VERDE,MT,07/2022,2814,2346,"83,37",2221,125,"94,67",468,"16,63",55,413,"14,68"
510525,LUCAS DO RIO VERDE,MT,09/2022,2963,2483,"83,80",2337,146,"94,12",480,"16,20",223,257,"8,67"
510530,LUCIÁRA,MT,07/2022,181,6,"3,31",6,0,"100,00",175,"96,69",154,21,"11,60"
510530,LUCIÁRA,MT,09/2022,189,51,"26,98",49,2,"96,08",138,"73,02",103,35,"18,52"
510530,LUCIÁRA,MT,11/2022,202,144,"71,29",142,2,"98,61",58,"28,71",19,39,"19,31"
510550,VILA BELA DA SANTÍSSIMA TRINDADE,MT,11/2022,1259,1035,"82,21",1035,0,"100,00",224,"17,79",44,180,"14,30"
510550,VILA BELA DA SANTÍSSIMA TRINDADE,MT,07/2022,1289,1095,"84,95",1095,0,"100,00",194,"15,05",18,176,"13,65"
510550,VILA BELA DA SANTÍSSIMA TRINDADE,MT,09/2022,1297,1097,"84,58",1097,0,"100,00",200,"15,42",10,190,"14,65"
510558,MARCELÂNDIA,MT,09/2022,1041,970,"93,18",936,34,"96,49",71,"6,82",11,60,"5,76"
510558,MARCELÂNDIA,MT,07/2022,1055,928,"87,96",823,105,"88,69",127,"12,04",16,111,"10,52"
510558,MARCELÂNDIA,MT,11/2022,1040,1013,"97,40",959,54,"94,67",27,"2,60",3,24,"2,31"
510560,MATUPÁ,MT,11/2022,721,601,"83,36",587,14,"97,67",120,"16,64",34,86,"11,93"
510560,MATUPÁ,MT,09/2022,685,520,"75,91",520,0,"100,00",165,"24,09",85,80,"11,68"
510560,MATUPÁ,MT,07/2022,666,498,"74,77",498,0,"100,00",168,"25,23",93,75,"11,26"
510562,MIRASSOL D´OESTE,MT,07/2022,1931,1464,"75,82",1439,25,"98,29",467,"24,18",30,437,"22,63"
510562,MIRASSOL D´OESTE,MT,09/2022,1987,1616,"81,33",1491,125,"92,26",371,"18,67",32,339,"17,06"
510562,MIRASSOL D´OESTE,MT,11/2022,1945,1685,"86,63",1652,33,"98,04",260,"13,37",25,235,"12,08"
510590,NOBRES,MT,11/2022,1475,1090,"73,90",1078,12,"98,90",385,"26,10",8,377,"25,56"
510590,NOBRES,MT,07/2022,1391,1037,"74,55",1027,10,"99,04",354,"25,45",18,336,"24,16"
510590,NOBRES,MT,09/2022,1448,1057,"73,00",1018,39,"96,31",391,"27,00",8,383,"26,45"
510600,NORTELÂNDIA,MT,07/2022,375,296,"78,93",289,7,"97,64",79,"21,07",38,41,"10,93"
510600,NORTELÂNDIA,MT,09/2022,367,280,"76,29",271,9,"96,79",87,"23,71",41,46,"12,53"
510600,NORTELÂNDIA,MT,11/2022,359,289,"80,50",284,5,"98,27",70,"19,50",29,41,"11,42"
510610,NOSSA SENHORA DO LIVRAMENTO,MT,11/2022,1134,1011,"89,15",1002,9,"99,11",123,"10,85",17,106,"9,35"
510610,NOSSA SENHORA DO LIVRAMENTO,MT,07/2022,1086,818,"75,32",798,20,"97,56",268,"24,68",71,197,"18,14"
510610,NOSSA SENHORA DO LIVRAMENTO,MT,09/2022,1108,951,"85,83",941,10,"98,95",157,"14,17",48,109,"9,84"
510615,NOVA BANDEIRANTES,MT,07/2022,1069,858,"80,26",858,0,"100,00",211,"19,74",30,181,"16,93"
510615,NOVA BANDEIRANTES,MT,09/2022,1069,250,"23,39",250,0,"100,00",819,"76,61",621,198,"18,52"
510615,NOVA BANDEIRANTES,MT,11/2022,1110,788,"70,99",788,0,"100,00",322,"29,01",139,183,"16,49"
510617,NOVA NAZARÉ,MT,11/2022,640,512,"80,00",474,38,"92,58",128,"20,00",11,117,"18,28"
510617,NOVA NAZARÉ,MT,07/2022,630,441,"70,00",388,53,"87,98",189,"30,00",30,159,"25,24"
510617,NOVA NAZARÉ,MT,09/2022,635,455,"71,65",403,52,"88,57",180,"28,35",83,97,"15,28"
510618,NOVA LACERDA,MT,09/2022,498,345,"69,28",345,0,"100,00",153,"30,72",1,152,"30,52"
510618,NOVA LACERDA,MT,07/2022,526,388,"73,76",385,3,"99,23",138,"26,24",9,129,"24,52"
510618,NOVA LACERDA,MT,11/2022,492,0,"0,00",0,0,,492,"100,00",335,157,"31,91"
510619,NOVA SANTA HELENA,MT,11/2022,192,150,"78,13",146,4,"97,33",42,"21,88",4,38,"19,79"
510619,NOVA SANTA HELENA,MT,07/2022,148,141,"95,27",137,4,"97,16",7,"4,73",2,5,"3,38"
510619,NOVA SANTA HELENA,MT,09/2022,156,135,"86,54",127,8,"94,07",21,"13,46",5,16,"10,26"
510620,NOVA BRASILÂNDIA,MT,07/2022,246,144,"58,54",125,19,"86,81",102,"41,46",78,24,"9,76"
510620,NOVA BRASILÂNDIA,MT,09/2022,246,132,"53,66",119,13,"90,15",114,"46,34",83,31,"12,60"
510620,NOVA BRASILÂNDIA,MT,11/2022,246,143,"58,13",132,11,"92,31",103,"41,87",64,39,"15,85"
510621,NOVA CANAÃ DO NORTE,MT,11/2022,467,433,"92,72",407,26,"94,00",34,"7,28",6,28,"6,00"
510621,NOVA CANAÃ DO NORTE,MT,09/2022,487,429,"88,09",422,7,"98,37",58,"11,91",4,54,"11,09"
510621,NOVA CANAÃ DO NORTE,MT,07/2022,479,365,"76,20",360,5,"98,63",114,"23,80",53,61,"12,73"
510622,NOVA MUTUM,MT,07/2022,1656,185,"11,17",182,3,"98,38",1471,"88,83",1069,402,"24,28"
510622,NOVA MUTUM,MT,09/2022,1756,339,"19,31",308,31,"90,86",1417,"80,69",980,437,"24,89"
510622,NOVA MUTUM,MT,11/2022,1805,825,"45,71",745,80,"90,30",980,"54,29",518,462,"25,60"
510623,NOVA OLÍMPIA,MT,11/2022,999,628,"62,86",607,21,"96,66",371,"37,14",127,244,"24,42"
510623,NOVA OLÍMPIA,MT,09/2022,1003,576,"57,43",564,12,"97,92",427,"42,57",130,297,"29,61"
510623,NOVA OLÍMPIA,MT,07/2022,1017,603,"59,29",592,11,"98,18",414,"40,71",147,267,"26,25"
510624,NOVA UBIRATÃ,MT,09/2022,362,308,"85,08",305,3,"99,03",54,"14,92",3,51,"14,09"
510624,NOVA UBIRATÃ,MT,07/2022,345,301,"87,25",286,15,"95,02",44,"12,75",1,43,"12,46"
510624,NOVA UBIRATÃ,MT,11/2022,368,326,"88,59",316,10,"96,93",42,"11,41",2,40,"10,87"
510625,NOVA XAVANTINA,MT,11/2022,963,709,"73,62",702,7,"99,01",254,"26,38",37,217,"22,53"
510625,NOVA XAVANTINA,MT,09/2022,923,571,"61,86",566,5,"99,12",352,"38,14",37,315,"34,13"
510625,NOVA XAVANTINA,MT,07/2022,845,514,"60,83",485,29,"94,36",331,"39,17",38,293,"34,67"
510626,NOVO MUNDO,MT,09/2022,403,357,"88,59",355,2,"99,44",46,"11,41",10,36,"8,93"
510626,NOVO MUNDO,MT,07/2022,388,318,"81,96",316,2,"99,37",70,"18,04",6,64,"16,49"
510626,NOVO MUNDO,MT,11/2022,407,358,"87,96",358,0,"100,00",49,"12,04",2,47,"11,55"
510627,NOVO HORIZONTE DO NORTE,MT,11/2022,167,158,"94,61",150,8,"94,94",9,"5,39",3,6,"3,59"
510627,NOVO HORIZONTE DO NORTE,MT,09/2022,167,155,"92,81",152,3,"98,06",12,"7,19",6,6,"3,59"
510627,NOVO HORIZONTE DO NORTE,MT,07/2022,168,160,"95,24",151,9,"94,38",8,"4,76",4,4,"2,38"
510628,NOVO SÃO JOAQUIM,MT,09/2022,487,346,"71,05",338,8,"97,69",141,"28,95",95,46,"9,45"
510628,NOVO SÃO JOAQUIM,MT,07/2022,527,390,"74,00",390,0,"100,00",137,"26,00",6,131,"24,86"
510628,NOVO SÃO JOAQUIM,MT,11/2022,471,419,"88,96",393,26,"93,79",52,"11,04",2,50,"10,62"
510629,PARANAÍTA,MT,11/2022,532,514,"96,62",497,17,"96,69",18,"3,38",4,14,"2,63"
510629,PARANAÍTA,MT,07/2022,579,453,"78,24",437,16,"96,47",126,"21,76",47,79,"13,64"
510629,PARANAÍTA,MT,09/2022,543,481,"88,58",477,4,"99,17",62,"11,42",15,47,"8,66"
510630,PARANATINGA,MT,07/2022,1195,827,"69,21",803,24,"97,10",368,"30,79",11,357,"29,87"
510630,PARANATINGA,MT,09/2022,1190,1099,"92,35",1073,26,"97,63",91,"7,65",24,67,"5,63"
510630,PARANATINGA,MT,11/2022,1201,1086,"90,42",1058,28,"97,42",115,"9,58",15,100,"8,33"
510631,NOVO SANTO ANTÔNIO,MT,11/2022,197,169,"85,79",167,2,"98,82",28,"14,21",19,9,"4,57"
510631,NOVO SANTO ANTÔNIO,MT,07/2022,187,172,"91,98",156,16,"90,70",15,"8,02",8,7,"3,74"
510631,NOVO SANTO ANTÔNIO,MT,09/2022,195,190,"97,44",183,7,"96,32",5,"2,56",0,5,"2,56"
510637,PEDRA PRETA,MT,09/2022,1175,1104,"93,96",1095,9,"99,18",71,"6,04",5,66,"5,62"
510637,PEDRA PRETA,MT,07/2022,1199,1123,"93,66",1101,22,"98,04",76,"6,34",8,68,"5,67"
510637,PEDRA PRETA,MT,11/2022,1197,1128,"94,24",1128,0,"100,00",69,"5,76",3,66,"5,51"
510642,PEIXOTO DE AZEVEDO,MT,11/2022,2995,1076,"35,93",1049,27,"97,49",1919,"64,07",941,978,"32,65"
510642,PEIXOTO DE AZEVEDO,MT,07/2022,2935,800,"27,26",780,20,"97,50",2135,"72,74",1251,884,"30,12"
510642,PEIXOTO DE AZEVEDO,MT,09/2022,2961,1214,"41,00",1137,77,"93,66",1747,"59,00",822,925,"31,24"
510645,PLANALTO DA SERRA,MT,07/2022,259,212,"81,85",191,21,"90,09",47,"18,15",3,44,"16,99"
510645,PLANALTO DA SERRA,MT,09/2022,252,208,"82,54",185,23,"88,94",44,"17,46",3,41,"16,27"
510645,PLANALTO DA SERRA,MT,11/2022,251,205,"81,67",178,27,"86,83",46,"18,33",6,40,"15,94"
510650,POCONÉ,MT,11/2022,3952,2699,"68,29",2689,10,"99,63",1253,"31,71",44,1209,"30,59"
510650,POCONÉ,MT,09/2022,4003,1920,"47,96",1912,8,"99,58",2083,"52,04",739,1344,"33,57"
510650,POCONÉ,MT,07/2022,4014,2961,"73,77",2954,7,"99,76",1053,"26,23",115,938,"23,37"
510665,PONTAL DO ARAGUAIA,MT,07/2022,438,217,"49,54",214,3,"98,62",221,"50,46",54,167,"38,13"
510665,PONTAL DO ARAGUAIA,MT,09/2022,414,43,"10,39",43,0,"100,00",371,"89,61",213,158,"38,16"
510665,PONTAL DO ARAGUAIA,MT,11/2022,438,239,"54,57",233,6,"97,49",199,"45,43",37,162,"36,99"
510670,PONTE BRANCA,MT,11/2022,124,108,"87,10",106,2,"98,15",16,"12,90",2,14,"11,29"
510670,PONTE BRANCA,MT,09/2022,124,104,"83,87",100,4,"96,15",20,"16,13",5,15,"12,10"
510670,PONTE BRANCA,MT,07/2022,123,86,"69,92",86,0,"100,00",37,"30,08",6,31,"25,20"
510675,PONTES E LACERDA,MT,07/2022,2236,1489,"66,59",1446,43,"97,11",747,"33,41",24,723,"32,33"
510675,PONTES E LACERDA,MT,09/2022,2227,1763,"79,16",1662,101,"94,27",464,"20,84",22,442,"19,85"
510675,PONTES E LACERDA,MT,11/2022,2257,1771,"78,47",1689,82,"95,37",486,"21,53",19,467,"20,69"
510677,PORTO ALEGRE DO NORTE,MT,11/2022,987,757,"76,70",756,1,"99,87",230,"23,30",56,174,"17,63"
510677,PORTO ALEGRE DO NORTE,MT,07/2022,985,670,"68,02",628,42,"93,73",315,"31,98",125,190,"19,29"
510677,PORTO ALEGRE DO NORTE,MT,09/2022,964,214,"22,20",195,19,"91,12",750,"77,80",545,205,"21,27"
510680,PORTO DOS GAÚCHOS,MT,09/2022,172,114,"66,28",107,7,"93,86",58,"33,72",33,25,"14,53"
510680,PORTO DOS GAÚCHOS,MT,07/2022,178,145,"81,46",139,6,"95,86",33,"18,54",15,18,"10,11"
510680,PORTO DOS GAÚCHOS,MT,11/2022,183,155,"84,70",151,4,"97,42",28,"15,30",1,27,"14,75"
510682,PORTO ESPERIDIÃO,MT,11/2022,805,549,"68,20",525,24,"95,63",256,"31,80",83,173,"21,49"
510682,PORTO ESPERIDIÃO,MT,07/2022,711,70,"9,85",70,0,"100,00",641,"90,15",501,140,"19,69"
510682,PORTO ESPERIDIÃO,MT,09/2022,757,384,"50,73",371,13,"96,61",373,"49,27",209,164,"21,66"
510685,PORTO ESTRELA,MT,07/2022,195,107,"54,87",107,0,"100,00",88,"45,13",65,23,"11,79"
510685,PORTO ESTRELA,MT,09/2022,221,194,"87,78",194,0,"100,00",27,"12,22",1,26,"11,76"
510685,PORTO ESTRELA,MT,11/2022,223,120,"53,81",120,0,"100,00",103,"46,19",74,29,"13,00"
510700,POXORÉO,MT,11/2022,1692,1360,"80,38",1349,11,"99,19",332,"19,62",46,286,"16,90"
510700,POXORÉO,MT,09/2022,1725,1172,"67,94",1152,20,"98,29",553,"32,06",8,545,"31,59"
510700,POXORÉO,MT,07/2022,1703,1117,"65,59",1089,28,"97,49",586,"34,41",76,510,"29,95"
510704,PRIMAVERA DO LESTE,MT,07/2022,2842,1293,"45,50",1148,145,"88,79",1549,"54,50",414,1135,"39,94"
510704,PRIMAVERA DO LESTE,MT,09/2022,3106,1894,"60,98",1731,163,"91,39",1212,"39,02",183,1029,"33,13"
510704,PRIMAVERA DO LESTE,MT,11/2022,3061,1126,"36,79",1079,47,"95,83",1935,"63,21",904,1031,"33,68"
510706,QUERÊNCIA,MT,11/2022,1141,859,"75,28",827,32,"96,27",282,"24,72",9,273,"23,93"
510706,QUERÊNCIA,MT,07/2022,1083,648,"59,83",641,7,"98,92",435,"40,17",66,369,"34,07"
510706,QUERÊNCIA,MT,09/2022,1141,786,"68,89",759,27,"96,56",355,"31,11",4,351,"30,76"
510710,SÃO JOSÉ DOS QUATRO MARCOS,MT,07/2022,763,691,"90,56",657,34,"95,08",72,"9,44",10,62,"8,13"
510710,SÃO JOSÉ DOS QUATRO MARCOS,MT,09/2022,764,697,"91,23",650,47,"93,26",67,"8,77",9,58,"7,59"
510710,SÃO JOSÉ DOS QUATRO MARCOS,MT,11/2022,751,643,"85,62",619,24,"96,27",108,"14,38",42,66,"8,79"
510715,RESERVA DO CABAÇAL,MT,11/2022,180,157,"87,22",157,0,"100,00",23,"12,78",4,19,"10,56"
510715,RESERVA DO CABAÇAL,MT,09/2022,176,153,"86,93",153,0,"100,00",23,"13,07",2,21,"11,93"
510715,RESERVA DO CABAÇAL,MT,07/2022,163,144,"88,34",143,1,"99,31",19,"11,66",2,17,"10,43"
510718,RIBEIRÃO CASCALHEIRA,MT,07/2022,765,501,"65,49",491,10,"98,00",264,"34,51",185,79,"10,33"
510718,RIBEIRÃO CASCALHEIRA,MT,09/2022,736,668,"90,76",639,29,"95,66",68,"9,24",24,44,"5,98"
510718,RIBEIRÃO CASCALHEIRA,MT,11/2022,737,591,"80,19",558,33,"94,42",146,"19,81",60,86,"11,67"
510719,RIBEIRÃOZINHO,MT,11/2022,106,96,"90,57",93,3,"96,88",10,"9,43",1,9,"8,49"
510719,RIBEIRÃOZINHO,MT,07/2022,119,90,"75,63",90,0,"100,00",29,"24,37",3,26,"21,85"
510719,RIBEIRÃOZINHO,MT,09/2022,103,97,"94,17",92,5,"94,85",6,"5,83",0,6,"5,83"
510720,RIO BRANCO,MT,09/2022,314,284,"90,45",284,0,"100,00",30,"9,55",3,27,"8,60"
510720,RIO BRANCO,MT,07/2022,308,279,"90,58",279,0,"100,00",29,"9,42",1,28,"9,09"
510720,RIO BRANCO,MT,11/2022,310,72,"23,23",72,0,"100,00",238,"76,77",211,27,"8,71"
510724,SANTA CARMEM,MT,11/2022,334,277,"82,93",277,0,"100,00",57,"17,07",3,54,"16,17"
510724,SANTA CARMEM,MT,07/2022,313,0,"0,00",0,0,,313,"100,00",274,39,"12,46"
510724,SANTA CARMEM,MT,09/2022,339,281,"82,89",273,8,"97,15",58,"17,11",2,56,"16,52"
510726,SANTO AFONSO,MT,09/2022,203,131,"64,53",127,4,"96,95",72,"35,47",11,61,"30,05"
510726,SANTO AFONSO,MT,07/2022,197,0,"0,00",0,0,,197,"100,00",154,43,"21,83"
510726,SANTO AFONSO,MT,11/2022,194,137,"70,62",134,3,"97,81",57,"29,38",6,51,"26,29"
510729,SÃO JOSÉ DO POVO,MT,11/2022,104,82,"78,85",75,7,"91,46",22,"21,15",9,13,"12,50"
510729,SÃO JOSÉ DO POVO,MT,09/2022,111,101,"90,99",101,0,"100,00",10,"9,01",1,9,"8,11"
510729,SÃO JOSÉ DO POVO,MT,07/2022,109,35,"32,11",35,0,"100,00",74,"67,89",61,13,"11,93"
510730,SÃO JOSÉ DO RIO CLARO,MT,07/2022,1049,673,"64,16",662,11,"98,37",376,"35,84",42,334,"31,84"
510730,SÃO JOSÉ DO RIO CLARO,MT,09/2022,999,886,"88,69",857,29,"96,73",113,"11,31",34,79,"7,91"
510730,SÃO JOSÉ DO RIO CLARO,MT,11/2022,978,870,"88,96",851,19,"97,82",108,"11,04",20,88,"9,00"
510735,SÃO JOSÉ DO XINGU,MT,11/2022,742,218,"29,38",218,0,"100,00",524,"70,62",361,163,"21,97"
510735,SÃO JOSÉ DO XINGU,MT,07/2022,652,0,"0,00",0,0,,652,"100,00",511,141,"21,63"
510735,SÃO JOSÉ DO XINGU,MT,09/2022,812,651,"80,17",651,0,"100,00",161,"19,83",3,158,"19,46"
510740,SÃO PEDRO DA CIPA,MT,09/2022,302,222,"73,51",222,0,"100,00",80,"26,49",7,73,"24,17"
510740,SÃO PEDRO DA CIPA,MT,07/2022,299,116,"38,80",116,0,"100,00",183,"61,20",118,65,"21,74"
510740,SÃO PEDRO DA CIPA,MT,11/2022,309,235,"76,05",235,0,"100,00",74,"23,95",7,67,"21,68"
510757,RONDOLÂNDIA,MT,11/2022,303,262,"86,47",256,6,"97,71",41,"13,53",2,39,"12,87"
510757,RONDOLÂNDIA,MT,09/2022,290,206,"71,03",204,2,"99,03",84,"28,97",3,81,"27,93"
510757,RONDOLÂNDIA,MT,07/2022,281,210,"74,73",205,5,"97,62",71,"25,27",6,65,"23,13"
510760,RONDONÓPOLIS,MT,07/2022,11360,8089,"71,21",7996,93,"98,85",3271,"28,79",30,3241,"28,53"
510760,RONDONÓPOLIS,MT,09/2022,12072,8503,"70,44",8333,170,"98,00",3569,"29,56",95,3474,"28,78"
510760,RONDONÓPOLIS,MT,11/2022,12211,8713,"71,35",8552,161,"98,15",3498,"28,65",38,3460,"28,34"
510770,ROSÁRIO OESTE,MT,11/2022,1452,737,"50,76",724,13,"98,24",715,"49,24",394,321,"22,11"
510770,ROSÁRIO OESTE,MT,07/2022,1500,780,"52,00",771,9,"98,85",720,"48,00",418,302,"20,13"
510770,ROSÁRIO OESTE,MT,09/2022,1513,1041,"68,80",1024,17,"98,37",472,"31,20",131,341,"22,54"
510774,SANTA CRUZ DO XINGU,MT,09/2022,186,117,"62,90",117,0,"100,00",69,"37,10",24,45,"24,19"
510774,SANTA CRUZ DO XINGU,MT,07/2022,170,135,"79,41",135,0,"100,00",35,"20,59",2,33,"19,41"
510774,SANTA CRUZ DO XINGU,MT,11/2022,199,135,"67,84",135,0,"100,00",64,"32,16",18,46,"23,12"
510775,SALTO DO CÉU,MT,11/2022,158,120,"75,95",119,1,"99,17",38,"24,05",5,33,"20,89"
510775,SALTO DO CÉU,MT,09/2022,147,47,"31,97",45,2,"95,74",100,"68,03",69,31,"21,09"
510775,SALTO DO CÉU,MT,07/2022,152,95,"62,50",95,0,"100,00",57,"37,50",22,35,"23,03"
510776,SANTA RITA DO TRIVELATO,MT,09/2022,238,155,"65,13",149,6,"96,13",83,"34,87",13,70,"29,41"
510776,SANTA RITA DO TRIVELATO,MT,07/2022,202,97,"48,02",96,1,"98,97",105,"51,98",42,63,"31,19"
510776,SANTA RITA DO TRIVELATO,MT,11/2022,241,164,"68,05",158,6,"96,34",77,"31,95",6,71,"29,46"
510777,SANTA TEREZINHA,MT,11/2022,793,506,"63,81",475,31,"93,87",287,"36,19",135,152,"19,17"
510777,SANTA TEREZINHA,MT,07/2022,838,639,"76,25",638,1,"99,84",199,"23,75",85,114,"13,60"
510777,SANTA TEREZINHA,MT,09/2022,807,444,"55,02",393,51,"88,51",363,"44,98",209,154,"19,08"
510779,SANTO ANTÔNIO DO LESTE,MT,07/2022,362,0,"0,00",0,0,,362,"100,00",293,69,"19,06"
510779,SANTO ANTÔNIO DO LESTE,MT,09/2022,408,331,"81,13",331,0,"100,00",77,"18,87",0,77,"18,87"
510779,SANTO ANTÔNIO DO LESTE,MT,11/2022,409,330,"80,68",330,0,"100,00",79,"19,32",2,77,"18,83"
510780,SANTO ANTÔNIO DO LEVERGER,MT,11/2022,1904,1565,"82,20",1513,52,"96,68",339,"17,80",42,297,"15,60"
510780,SANTO ANTÔNIO DO LEVERGER,MT,07/2022,1825,1491,"81,70",1490,1,"99,93",334,"18,30",67,267,"14,63"
510780,SANTO ANTÔNIO DO LEVERGER,MT,09/2022,1890,1562,"82,65",1518,44,"97,18",328,"17,35",30,298,"15,77"
510785,SÃO FÉLIX DO ARAGUAIA,MT,09/2022,712,675,"94,80",675,0,"100,00",37,"5,20",5,32,"4,49"
510785,SÃO FÉLIX DO ARAGUAIA,MT,07/2022,703,610,"86,77",602,8,"98,69",93,"13,23",3,90,"12,80"
510785,SÃO FÉLIX DO ARAGUAIA,MT,11/2022,733,695,"94,82",693,2,"99,71",38,"5,18",4,34,"4,64"
510787,SAPEZAL,MT,11/2022,1173,516,"43,99",511,5,"99,03",657,"56,01",92,565,"48,17"
510787,SAPEZAL,MT,07/2022,1029,469,"45,58",436,33,"92,96",560,"54,42",53,507,"49,27"
510787,SAPEZAL,MT,09/2022,1143,527,"46,11",521,6,"98,86",616,"53,89",92,524,"45,84"
510788,SERRA NOVA DOURADA,MT,09/2022,162,156,"96,30",156,0,"100,00",6,"3,70",3,3,"1,85"
510788,SERRA NOVA DOURADA,MT,07/2022,157,144,"91,72",143,1,"99,31",13,"8,28",0,13,"8,28"
510788,SERRA NOVA DOURADA,MT,11/2022,159,149,"93,71",144,5,"96,64",10,"6,29",2,8,"5,03"
510790,SINOP,MT,11/2022,5498,4325,"78,66",4032,293,"93,23",1173,"21,34",78,1095,"19,92"
510790,SINOP,MT,07/2022,5462,3129,"57,29",2956,173,"94,47",2333,"42,71",1489,844,"15,45"
510790,SINOP,MT,09/2022,5620,4525,"80,52",4294,231,"94,90",1095,"19,48",218,877,"15,60"
510792,SORRISO,MT,09/2022,3660,3188,"87,10",3130,58,"98,18",472,"12,90",98,374,"10,22"
510792,SORRISO,MT,07/2022,3514,2980,"84,80",2891,89,"97,01",534,"15,20",33,501,"14,26"
510792,SORRISO,MT,11/2022,3643,3081,"84,57",2989,92,"97,01",562,"15,43",267,295,"8,10"
510794,TABAPORÃ,MT,11/2022,512,337,"65,82",295,42,"87,54",175,"34,18",12,163,"31,84"
510794,TABAPORÃ,MT,09/2022,521,197,"37,81",187,10,"94,92",324,"62,19",16,308,"59,12"
510794,TABAPORÃ,MT,07/2022,523,201,"38,43",183,18,"91,04",322,"61,57",30,292,"55,83"
510795,TANGARÁ DA SERRA,MT,09/2022,3401,1782,"52,40",1729,53,"97,03",1619,"47,60",842,777,"22,85"
510795,TANGARÁ DA SERRA,MT,07/2022,3383,2090,"61,78",2054,36,"98,28",1293,"38,22",560,733,"21,67"
510795,TANGARÁ DA SERRA,MT,11/2022,3573,2395,"67,03",2296,99,"95,87",1178,"32,97",363,815,"22,81"
510800,TAPURAH,MT,11/2022,498,431,"86,55",431,0,"100,00",67,"13,45",1,66,"13,25"
510800,TAPURAH,MT,09/2022,493,412,"83,57",412,0,"100,00",81,"16,43",17,64,"12,98"
510800,TAPURAH,MT,07/2022,473,400,"84,57",400,0,"100,00",73,"15,43",20,53,"11,21"
510805,TERRA NOVA DO NORTE,MT,09/2022,555,429,"77,30",427,2,"99,53",126,"22,70",5,121,"21,80"
510805,TERRA NOVA DO NORTE,MT,07/2022,553,431,"77,94",429,2,"99,54",122,"22,06",6,116,"20,98"
510805,TERRA NOVA DO NORTE,MT,11/2022,557,414,"74,33",413,1,"99,76",143,"25,67",2,141,"25,31"
510810,TESOURO,MT,11/2022,216,213,"98,61",211,2,"99,06",3,"1,39",2,1,"0,46"
510810,TESOURO,MT,07/2022,212,198,"93,40",198,0,"100,00",14,"6,60",6,8,"3,77"
510810,TESOURO,MT,09/2022,207,205,"99,03",202,3,"98,54",2,"0,97",1,1,"0,48"
510820,TORIXORÉU,MT,09/2022,171,156,"91,23",154,2,"98,72",15,"8,77",2,13,"7,60"
510820,TORIXORÉU,MT,07/2022,173,145,"83,82",143,2,"98,62",28,"16,18",2,26,"15,03"
510820,TORIXORÉU,MT,11/2022,170,153,"90,00",149,4,"97,39",17,"10,00",3,14,"8,24"
510830,UNIÃO DO SUL,MT,11/2022,401,334,"83,29",308,26,"92,22",67,"16,71",2,65,"16,21"
510830,UNIÃO DO SUL,MT,07/2022,413,335,"81,11",313,22,"93,43",78,"18,89",10,68,"16,46"
510830,UNIÃO DO SUL,MT,09/2022,410,328,"80,00",307,21,"93,60",82,"20,00",8,74,"18,05"
510835,VALE DE SÃO DOMINGOS,MT,09/2022,190,0,"0,00",0,0,,190,"100,00",126,64,"33,68"
510835,VALE DE SÃO DOMINGOS,MT,07/2022,200,99,"49,50",98,1,"98,99",101,"50,50",36,65,"32,50"
510835,VALE DE SÃO DOMINGOS,MT,11/2022,198,138,"69,70",138,0,"100,00",60,"30,30",7,53,"26,77"
510840,VÁRZEA GRANDE,MT,11/2022,21879,10145,"46,37",9946,199,"98,04",11734,"53,63",6423,5311,"24,27"
510840,VÁRZEA GRANDE,MT,07/2022,21055,11052,"52,49",10668,384,"96,53",10003,"47,51",5550,4453,"21,15"
510840,VÁRZEA GRANDE,MT,09/2022,21598,12760,"59,08",12347,413,"96,76",8838,"40,92",3520,5318,"24,62"
510850,VERA,MT,09/2022,533,336,"63,04",316,20,"94,05",197,"36,96",1,196,"36,77"
510850,VERA,MT,07/2022,539,0,"0,00",0,0,,539,"100,00",351,188,"34,88"
510850,VERA,MT,11/2022,512,203,"39,65",184,19,"90,64",309,"60,35",138,171,"33,40"
510860,VILA RICA,MT,11/2022,1007,624,"61,97",594,30,"95,19",383,"38,03",12,371,"36,84"
510860,VILA RICA,MT,07/2022,968,611,"63,12",609,2,"99,67",357,"36,88",16,341,"35,23"
510860,VILA RICA,MT,09/2022,998,617,"61,82",584,33,"94,65",381,"38,18",13,368,"36,87"
510880,NOVA GUARITA,MT,09/2022,212,192,"90,57",180,12,"93,75",20,"9,43",2,18,"8,49"
510880,NOVA GUARITA,MT,07/2022,227,186,"81,94",170,16,"91,40",41,"18,06",6,35,"15,42"
510880,NOVA GUARITA,MT,11/2022,209,179,"85,65",172,7,"96,09",30,"14,35",0,30,"14,35"
510885,NOVA MARILÂNDIA,MT,11/2022,166,134,"80,72",134,0,"100,00",32,"19,28",1,31,"18,67"
510885,NOVA MARILÂNDIA,MT,09/2022,177,143,"80,79",143,0,"100,00",34,"19,21",3,31,"17,51"
510885,NOVA MARILÂNDIA,MT,07/2022,172,14,"8,14",14,0,"100,00",158,"91,86",128,30,"17,44"
510890,NOVA MARINGÁ,MT,07/2022,357,251,"70,31",251,0,"100,00",106,"29,69",39,67,"18,77"
510890,NOVA MARINGÁ,MT,09/2022,337,232,"68,84",207,25,"89,22",105,"31,16",12,93,"27,60"
510890,NOVA MARINGÁ,MT,11/2022,319,199,"62,38",187,12,"93,97",120,"37,62",9,111,"34,80"
510895,NOVA MONTE VERDE,MT,11/2022,483,413,"85,51",387,26,"93,70",70,"14,49",8,62,"12,84"
510895,NOVA MONTE VERDE,MT,07/2022,438,364,"83,11",331,33,"90,93",74,"16,89",16,58,"13,24"
510895,NOVA MONTE VERDE,MT,09/2022,475,395,"83,16",373,22,"94,43",80,"16,84",22,58,"12,21"
150010,ABAETETUBA,PA,09/2022,21964,18604,"84,70",18604,0,"100,00",3360,"15,30",337,3023,"13,76"
150010,ABAETETUBA,PA,11/2022,21540,17844,"82,84",17844,0,"100,00",3696,"17,16",720,2976,"13,82"
150010,ABAETETUBA,PA,07/2022,21771,18639,"85,61",18639,0,"100,00",3132,"14,39",149,2983,"13,70"
150013,ABEL FIGUEIREDO,PA,07/2022,1061,747,"70,41",745,2,"99,73",314,"29,59",16,298,"28,09"
150013,ABEL FIGUEIREDO,PA,09/2022,1046,780,"74,57",764,16,"97,95",266,"25,43",14,252,"24,09"
150013,ABEL FIGUEIREDO,PA,11/2022,1020,753,"73,82",740,13,"98,27",267,"26,18",8,259,"25,39"
150020,ACARÁ,PA,11/2022,10471,8738,"83,45",8710,28,"99,68",1733,"16,55",99,1634,"15,61"
150020,ACARÁ,PA,09/2022,10538,8623,"81,83",8598,25,"99,71",1915,"18,17",286,1629,"15,46"
150020,ACARÁ,PA,07/2022,10624,8822,"83,04",8795,27,"99,69",1802,"16,96",115,1687,"15,88"
150030,AFUÁ,PA,07/2022,8272,6568,"79,40",6568,0,"100,00",1704,"20,60",202,1502,"18,16"
150030,AFUÁ,PA,09/2022,8392,6381,"76,04",6335,46,"99,28",2011,"23,96",529,1482,"17,66"
150030,AFUÁ,PA,11/2022,8318,6037,"72,58",6036,1,"99,98",2281,"27,42",867,1414,"17,00"
150034,ÁGUA AZUL DO NORTE,PA,11/2022,2004,1476,"73,65",1471,5,"99,66",528,"26,35",34,494,"24,65"
150034,ÁGUA AZUL DO NORTE,PA,09/2022,2036,1488,"73,08",1485,3,"99,80",548,"26,92",19,529,"25,98"
150034,ÁGUA AZUL DO NORTE,PA,07/2022,2016,1475,"73,16",1475,0,"100,00",541,"26,84",14,527,"26,14"
150040,ALENQUER,PA,07/2022,11034,6873,"62,29",6855,18,"99,74",4161,"37,71",1214,2947,"26,71"
150040,ALENQUER,PA,11/2022,10669,7960,"74,61",7948,12,"99,85",2709,"25,39",169,2540,"23,81"
150040,ALENQUER,PA,09/2022,10929,7880,"72,10",7879,1,"99,99",3049,"27,90",335,2714,"24,83"
150050,ALMEIRIM,PA,11/2022,5779,4701,"81,35",4687,14,"99,70",1078,"18,65",47,1031,"17,84"
150050,ALMEIRIM,PA,09/2022,5946,4696,"78,98",4693,3,"99,94",1250,"21,02",104,1146,"19,27"
150050,ALMEIRIM,PA,07/2022,5916,4297,"72,63",4296,1,"99,98",1619,"27,37",608,1011,"17,09"
150060,ALTAMIRA,PA,07/2022,12202,7684,"62,97",7682,2,"99,97",4518,"37,03",179,4339,"35,56"
150060,ALTAMIRA,PA,09/2022,12445,7433,"59,73",7407,26,"99,65",5012,"40,27",605,4407,"35,41"
150060,ALTAMIRA,PA,11/2022,12572,7801,"62,05",7793,8,"99,90",4771,"37,95",451,4320,"34,36"
150070,ANAJÁS,PA,09/2022,7075,5906,"83,48",5903,3,"99,95",1169,"16,52",57,1112,"15,72"
150070,ANAJÁS,PA,11/2022,6998,5936,"84,82",5935,1,"99,98",1062,"15,18",112,950,"13,58"
150070,ANAJÁS,PA,07/2022,7095,6030,"84,99",6030,0,"100,00",1065,"15,01",32,1033,"14,56"
150080,ANANINDEUA,PA,07/2022,34778,18755,"53,93",18755,0,"100,00",16023,"46,07",1523,14500,"41,69"
150080,ANANINDEUA,PA,11/2022,34847,18822,"54,01",18699,123,"99,35",16025,"45,99",1351,14674,"42,11"
150080,ANANINDEUA,PA,09/2022,34711,17357,"50,00",17266,91,"99,48",17354,"50,00",2384,14970,"43,13"
150085,ANAPU,PA,11/2022,5765,4861,"84,32",4852,9,"99,81",904,"15,68",122,782,"13,56"
150085,ANAPU,PA,09/2022,5745,2397,"41,72",2387,10,"99,58",3348,"58,28",1445,1903,"33,12"
150085,ANAPU,PA,07/2022,5696,2481,"43,56",2479,2,"99,92",3215,"56,44",1315,1900,"33,36"
150090,AUGUSTO CORRÊA,PA,07/2022,8542,6088,"71,27",6078,10,"99,84",2454,"28,73",573,1881,"22,02"
150090,AUGUSTO CORRÊA,PA,09/2022,8367,6684,"79,89",6572,112,"98,32",1683,"20,11",308,1375,"16,43"
150090,AUGUSTO CORRÊA,PA,11/2022,8168,7005,"85,76",6846,159,"97,73",1163,"14,24",246,917,"11,23"
150095,AURORA DO PARÁ,PA,11/2022,3599,3137,"87,16",3088,49,"98,44",462,"12,84",202,260,"7,22"
150095,AURORA DO PARÁ,PA,09/2022,3711,3209,"86,47",3146,63,"98,04",502,"13,53",241,261,"7,03"
150095,AURORA DO PARÁ,PA,07/2022,3911,3068,"78,45",3066,2,"99,93",843,"21,55",252,591,"15,11"
150100,AVEIRO,PA,07/2022,2208,1401,"63,45",1400,1,"99,93",807,"36,55",496,311,"14,09"
150100,AVEIRO,PA,11/2022,2235,1884,"84,30",1657,227,"87,95",351,"15,70",16,335,"14,99"
150100,AVEIRO,PA,09/2022,2241,1870,"83,44",1816,54,"97,11",371,"16,56",40,331,"14,77"
150110,BAGRE,PA,11/2022,4929,4087,"82,92",4087,0,"100,00",842,"17,08",91,751,"15,24"
150110,BAGRE,PA,09/2022,4972,4129,"83,05",4129,0,"100,00",843,"16,95",105,738,"14,84"
150110,BAGRE,PA,07/2022,5020,3927,"78,23",3927,0,"100,00",1093,"21,77",374,719,"14,32"
150120,BAIÃO,PA,07/2022,5316,4146,"77,99",4146,0,"100,00",1170,"22,01",454,716,"13,47"
150120,BAIÃO,PA,09/2022,5088,4138,"81,33",4064,74,"98,21",950,"18,67",488,462,"9,08"
150120,BAIÃO,PA,11/2022,5066,4534,"89,50",4531,3,"99,93",532,"10,50",63,469,"9,26"
150125,BANNACH,PA,09/2022,322,301,"93,48",300,1,"99,67",21,"6,52",6,15,"4,66"
150125,BANNACH,PA,11/2022,349,332,"95,13",332,0,"100,00",17,"4,87",1,16,"4,58"
150125,BANNACH,PA,07/2022,337,291,"86,35",291,0,"100,00",46,"13,65",8,38,"11,28"
150130,BARCARENA,PA,07/2022,13388,10239,"76,48",10087,152,"98,52",3149,"23,52",566,2583,"19,29"
150130,BARCARENA,PA,09/2022,13765,11908,"86,51",10885,1023,"91,41",1857,"13,49",105,1752,"12,73"
150130,BARCARENA,PA,11/2022,13607,11460,"84,22",10341,1119,"90,24",2147,"15,78",539,1608,"11,82"
150140,BELÉM,PA,11/2022,99142,42307,"42,67",41146,1161,"97,26",56835,"57,33",12041,44794,"45,18"
150140,BELÉM,PA,09/2022,99653,29900,"30,00",28764,1136,"96,20",69753,"70,00",21865,47888,"48,05"
150140,BELÉM,PA,07/2022,96793,28901,"29,86",24583,4318,"85,06",67892,"70,14",21826,46066,"47,59"
150145,BELTERRA,PA,07/2022,2680,1840,"68,66",1840,0,"100,00",840,"31,34",217,623,"23,25"
150145,BELTERRA,PA,09/2022,2666,1538,"57,69",1471,67,"95,64",1128,"42,31",420,708,"26,56"
150145,BELTERRA,PA,11/2022,2640,1829,"69,28",1690,139,"92,40",811,"30,72",110,701,"26,55"
150150,BENEVIDES,PA,11/2022,8716,6383,"73,23",6383,0,"100,00",2333,"26,77",24,2309,"26,49"
150150,BENEVIDES,PA,09/2022,8759,6324,"72,20",6324,0,"100,00",2435,"27,80",43,2392,"27,31"
150150,BENEVIDES,PA,07/2022,8530,6120,"71,75",6120,0,"100,00",2410,"28,25",26,2384,"27,95"
150157,BOM JESUS DO TOCANTINS,PA,07/2022,2000,1382,"69,10",1381,1,"99,93",618,"30,90",216,402,"20,10"
150157,BOM JESUS DO TOCANTINS,PA,11/2022,1910,1568,"82,09",1514,54,"96,56",342,"17,91",44,298,"15,60"
150157,BOM JESUS DO TOCANTINS,PA,09/2022,1979,1297,"65,54",1273,24,"98,15",682,"34,46",307,375,"18,95"
150160,BONITO,PA,09/2022,1705,361,"21,17",361,0,"100,00",1344,"78,83",1161,183,"10,73"
150160,BONITO,PA,11/2022,1700,1147,"67,47",1142,5,"99,56",553,"32,53",349,204,"12,00"
150160,BONITO,PA,07/2022,1763,1563,"88,66",1563,0,"100,00",200,"11,34",29,171,"9,70"
150170,BRAGANÇA,PA,07/2022,17061,16751,"98,18",16751,0,"100,00",310,"1,82",72,238,"1,39"
150170,BRAGANÇA,PA,09/2022,17257,16557,"95,94",16557,0,"100,00",700,"4,06",415,285,"1,65"
150170,BRAGANÇA,PA,11/2022,16981,16514,"97,25",16486,28,"99,83",467,"2,75",225,242,"1,43"
150172,BRASIL NOVO,PA,09/2022,2492,1170,"46,95",1152,18,"98,46",1322,"53,05",496,826,"33,15"
150172,BRASIL NOVO,PA,11/2022,2472,1541,"62,34",1506,35,"97,73",931,"37,66",144,787,"31,84"
150172,BRASIL NOVO,PA,07/2022,2453,1269,"51,73",1268,1,"99,92",1184,"48,27",355,829,"33,80"
150175,BREJO GRANDE DO ARAGUAIA,PA,07/2022,1139,1108,"97,28",1108,0,"100,00",31,"2,72",8,23,"2,02"
150175,BREJO GRANDE DO ARAGUAIA,PA,09/2022,1042,960,"92,13",960,0,"100,00",82,"7,87",22,60,"5,76"
150175,BREJO GRANDE DO ARAGUAIA,PA,11/2022,1015,965,"95,07",965,0,"100,00",50,"4,93",3,47,"4,63"
150178,BREU BRANCO,PA,11/2022,6518,4958,"76,07",4888,70,"98,59",1560,"23,93",19,1541,"23,64"
150178,BREU BRANCO,PA,09/2022,6624,4426,"66,82",4405,21,"99,53",2198,"33,18",326,1872,"28,26"
150178,BREU BRANCO,PA,07/2022,6761,3702,"54,76",3698,4,"99,89",3059,"45,24",1157,1902,"28,13"
150180,BREVES,PA,07/2022,21592,9452,"43,78",8331,1121,"88,14",12140,"56,22",2036,10104,"46,80"
150180,BREVES,PA,11/2022,20971,11150,"53,17",10684,466,"95,82",9821,"46,83",1703,8118,"38,71"
150180,BREVES,PA,09/2022,21518,7445,"34,60",7277,168,"97,74",14073,"65,40",3441,10632,"49,41"
150190,BUJARU,PA,09/2022,4237,3925,"92,64",3902,23,"99,41",312,"7,36",51,261,"6,16"
150190,BUJARU,PA,11/2022,4168,3863,"92,68",3862,1,"99,97",305,"7,32",37,268,"6,43"
150190,BUJARU,PA,07/2022,4691,4046,"86,25",4046,0,"100,00",645,"13,75",31,614,"13,09"
150195,CACHOEIRA DO PIRIÁ,PA,07/2022,3753,3058,"81,48",3040,18,"99,41",695,"18,52",149,546,"14,55"
150195,CACHOEIRA DO PIRIÁ,PA,11/2022,3516,2634,"74,91",2613,21,"99,20",882,"25,09",211,671,"19,08"
150195,CACHOEIRA DO PIRIÁ,PA,09/2022,3639,2339,"64,28",2327,12,"99,49",1300,"35,72",633,667,"18,33"
150200,CACHOEIRA DO ARARI,PA,11/2022,3795,925,"24,37",924,1,"99,89",2870,"75,63",1905,965,"25,43"
150200,CACHOEIRA DO ARARI,PA,09/2022,3902,307,"7,87",307,0,"100,00",3595,"92,13",2594,1001,"25,65"
150200,CACHOEIRA DO ARARI,PA,07/2022,3940,291,"7,39",291,0,"100,00",3649,"92,61",2708,941,"23,88"
150210,CAMETÁ,PA,07/2022,21790,20607,"94,57",20554,53,"99,74",1183,"5,43",258,925,"4,25"
150210,CAMETÁ,PA,11/2022,21153,20197,"95,48",20028,169,"99,16",956,"4,52",768,188,"0,89"
150210,CAMETÁ,PA,09/2022,21601,20577,"95,26",20445,132,"99,36",1024,"4,74",669,355,"1,64"
150215,CANAÃ DOS CARAJÁS,PA,09/2022,5547,4725,"85,18",4658,67,"98,58",822,"14,82",507,315,"5,68"
150215,CANAÃ DOS CARAJÁS,PA,11/2022,5499,4687,"85,23",4528,159,"96,61",812,"14,77",457,355,"6,46"
150215,CANAÃ DOS CARAJÁS,PA,07/2022,5362,4603,"85,84",4601,2,"99,96",759,"14,16",52,707,"13,19"
150220,CAPANEMA,PA,07/2022,6753,4417,"65,41",4417,0,"100,00",2336,"34,59",18,2318,"34,33"
150220,CAPANEMA,PA,11/2022,6518,4738,"72,69",4732,6,"99,87",1780,"27,31",20,1760,"27,00"
150220,CAPANEMA,PA,09/2022,6632,4331,"65,30",4319,12,"99,72",2301,"34,70",25,2276,"34,32"
150230,CAPITÃO POÇO,PA,11/2022,6589,4055,"61,54",4052,3,"99,93",2534,"38,46",611,1923,"29,19"
150230,CAPITÃO POÇO,PA,09/2022,6684,4115,"61,56",4111,4,"99,90",2569,"38,44",496,2073,"31,01"
150230,CAPITÃO POÇO,PA,07/2022,6772,4780,"70,58",4779,1,"99,98",1992,"29,42",39,1953,"28,84"
150240,CASTANHAL,PA,07/2022,15590,10647,"68,29",10644,3,"99,97",4943,"31,71",75,4868,"31,23"
150240,CASTANHAL,PA,09/2022,15366,12413,"80,78",12343,70,"99,44",2953,"19,22",85,2868,"18,66"
150240,CASTANHAL,PA,11/2022,15171,13071,"86,16",13057,14,"99,89",2100,"13,84",35,2065,"13,61"
150250,CHAVES,PA,11/2022,4327,3701,"85,53",3610,91,"97,54",626,"14,47",34,592,"13,68"
150250,CHAVES,PA,09/2022,4479,4023,"89,82",4019,4,"99,90",456,"10,18",98,358,"7,99"
150250,CHAVES,PA,07/2022,4547,3828,"84,19",3828,0,"100,00",719,"15,81",16,703,"15,46"
150260,COLARES,PA,07/2022,1809,1299,"71,81",1299,0,"100,00",510,"28,19",64,446,"24,65"
150260,COLARES,PA,09/2022,1828,1293,"70,73",1284,9,"99,30",535,"29,27",59,476,"26,04"
150260,COLARES,PA,11/2022,1767,1287,"72,84",1271,16,"98,76",480,"27,16",51,429,"24,28"
150270,CONCEIÇÃO DO ARAGUAIA,PA,09/2022,3560,2558,"71,85",2557,1,"99,96",1002,"28,15",45,957,"26,88"
150270,CONCEIÇÃO DO ARAGUAIA,PA,11/2022,3447,2736,"79,37",2733,3,"99,89",711,"20,63",78,633,"18,36"
150270,CONCEIÇÃO DO ARAGUAIA,PA,07/2022,3671,2484,"67,67",2481,3,"99,88",1187,"32,33",39,1148,"31,27"
150275,CONCÓRDIA DO PARÁ,PA,07/2022,4879,4286,"87,85",4286,0,"100,00",593,"12,15",80,513,"10,51"
150275,CONCÓRDIA DO PARÁ,PA,11/2022,4790,4412,"92,11",4410,2,"99,95",378,"7,89",273,105,"2,19"
150275,CONCÓRDIA DO PARÁ,PA,09/2022,4860,4547,"93,56",4543,4,"99,91",313,"6,44",24,289,"5,95"
150276,CUMARU DO NORTE,PA,11/2022,1408,866,"61,51",864,2,"99,77",542,"38,49",116,426,"30,26"
150276,CUMARU DO NORTE,PA,09/2022,1376,869,"63,15",867,2,"99,77",507,"36,85",74,433,"31,47"
150276,CUMARU DO NORTE,PA,07/2022,1432,1099,"76,75",1063,36,"96,72",333,"23,25",13,320,"22,35"
150277,CURIONÓPOLIS,PA,07/2022,2903,2535,"87,32",2535,0,"100,00",368,"12,68",16,352,"12,13"
150277,CURIONÓPOLIS,PA,09/2022,2967,2409,"81,19",2408,1,"99,96",558,"18,81",183,375,"12,64"
150277,CURIONÓPOLIS,PA,11/2022,2920,2742,"93,90",2741,1,"99,96",178,"6,10",12,166,"5,68"
150280,CURRALINHO,PA,09/2022,6934,5687,"82,02",5687,0,"100,00",1247,"17,98",84,1163,"16,77"
150280,CURRALINHO,PA,11/2022,6788,5693,"83,87",5669,24,"99,58",1095,"16,13",52,1043,"15,37"
150280,CURRALINHO,PA,07/2022,6987,5333,"76,33",4909,424,"92,05",1654,"23,67",515,1139,"16,30"
150285,CURUÁ,PA,07/2022,2349,2089,"88,93",2087,2,"99,90",260,"11,07",20,240,"10,22"
150285,CURUÁ,PA,09/2022,2232,2122,"95,07",2118,4,"99,81",110,"4,93",7,103,"4,61"
150285,CURUÁ,PA,11/2022,2196,2083,"94,85",2070,13,"99,38",113,"5,15",4,109,"4,96"
150290,CURUÇÁ,PA,11/2022,5819,3935,"67,62",3930,5,"99,87",1884,"32,38",671,1213,"20,85"
150290,CURUÇÁ,PA,09/2022,5969,3974,"66,58",3954,20,"99,50",1995,"33,42",706,1289,"21,59"
150290,CURUÇÁ,PA,07/2022,5946,3959,"66,58",3958,1,"99,97",1987,"33,42",801,1186,"19,95"
150293,DOM ELISEU,PA,07/2022,4649,4380,"94,21",4379,1,"99,98",269,"5,79",53,216,"4,65"
150293,DOM ELISEU,PA,09/2022,4602,4375,"95,07",4375,0,"100,00",227,"4,93",6,221,"4,80"
150293,DOM ELISEU,PA,11/2022,4553,4326,"95,01",4326,0,"100,00",227,"4,99",3,224,"4,92"
150295,ELDORADO DOS CARAJÁS,PA,11/2022,3690,2800,"75,88",2785,15,"99,46",890,"24,12",281,609,"16,50"
150295,ELDORADO DOS CARAJÁS,PA,09/2022,3745,2486,"66,38",2482,4,"99,84",1259,"33,62",580,679,"18,13"
150295,ELDORADO DOS CARAJÁS,PA,07/2022,3758,2245,"59,74",2238,7,"99,69",1513,"40,26",315,1198,"31,88"
150300,FARO,PA,07/2022,1536,1369,"89,13",1367,2,"99,85",167,"10,87",8,159,"10,35"
150300,FARO,PA,09/2022,1453,1394,"95,94",1362,32,"97,70",59,"4,06",5,54,"3,72"
150300,FARO,PA,11/2022,1441,1383,"95,98",1364,19,"98,63",58,"4,02",5,53,"3,68"
150304,FLORESTA DO ARAGUAIA,PA,11/2022,2508,2032,"81,02",2009,23,"98,87",476,"18,98",5,471,"18,78"
150304,FLORESTA DO ARAGUAIA,PA,09/2022,2518,2037,"80,90",2016,21,"98,97",481,"19,10",7,474,"18,82"
150304,FLORESTA DO ARAGUAIA,PA,07/2022,2550,2107,"82,63",2085,22,"98,96",443,"17,37",2,441,"17,29"
150307,GARRAFÃO DO NORTE,PA,07/2022,4044,3863,"95,52",3863,0,"100,00",181,"4,48",16,165,"4,08"
150307,GARRAFÃO DO NORTE,PA,09/2022,4001,3812,"95,28",3722,90,"97,64",189,"4,72",16,173,"4,32"
150307,GARRAFÃO DO NORTE,PA,11/2022,3905,3594,"92,04",3594,0,"100,00",311,"7,96",192,119,"3,05"
150309,GOIANÉSIA DO PARÁ,PA,09/2022,3321,3005,"90,48",3005,0,"100,00",316,"9,52",138,178,"5,36"
150309,GOIANÉSIA DO PARÁ,PA,11/2022,3263,2926,"89,67",2924,2,"99,93",337,"10,33",94,243,"7,45"
150309,GOIANÉSIA DO PARÁ,PA,07/2022,3416,2929,"85,74",2924,5,"99,83",487,"14,26",148,339,"9,92"
150310,GURUPÁ,PA,07/2022,7058,6342,"89,86",6341,1,"99,98",716,"10,14",43,673,"9,54"
150310,GURUPÁ,PA,11/2022,6898,6188,"89,71",6188,0,"100,00",710,"10,29",35,675,"9,79"
150310,GURUPÁ,PA,09/2022,6862,0,"0,00",0,0,,6862,"100,00",6191,671,"9,78"
150320,IGARAPÉ-AÇU,PA,09/2022,4728,4137,"87,50",4137,0,"100,00",591,"12,50",99,492,"10,41"
150320,IGARAPÉ-AÇU,PA,11/2022,4591,4179,"91,03",4179,0,"100,00",412,"8,97",34,378,"8,23"
150320,IGARAPÉ-AÇU,PA,07/2022,4637,3933,"84,82",3932,1,"99,97",704,"15,18",217,487,"10,50"
150330,IGARAPÉ-MIRI,PA,07/2022,10289,8705,"84,60",8700,5,"99,94",1584,"15,40",148,1436,"13,96"
150330,IGARAPÉ-MIRI,PA,11/2022,10246,9387,"91,62",9386,1,"99,99",859,"8,38",126,733,"7,15"
150330,IGARAPÉ-MIRI,PA,09/2022,10396,8775,"84,41",8764,11,"99,87",1621,"15,59",182,1439,"13,84"
150340,INHANGAPI,PA,09/2022,1419,1164,"82,03",1164,0,"100,00",255,"17,97",2,253,"17,83"
150340,INHANGAPI,PA,11/2022,1347,1277,"94,80",1277,0,"100,00",70,"5,20",1,69,"5,12"
150340,INHANGAPI,PA,07/2022,1468,1144,"77,93",1144,0,"100,00",324,"22,07",68,256,"17,44"
150345,IPIXUNA DO PARÁ,PA,07/2022,5823,4780,"82,09",4769,11,"99,77",1043,"17,91",12,1031,"17,71"
150345,IPIXUNA DO PARÁ,PA,09/2022,5630,4243,"75,36",4176,67,"98,42",1387,"24,64",342,1045,"18,56"
150345,IPIXUNA DO PARÁ,PA,11/2022,5492,4311,"78,50",4265,46,"98,93",1181,"21,50",79,1102,"20,07"
150350,IRITUIA,PA,11/2022,4496,3149,"70,04",3143,6,"99,81",1347,"29,96",434,913,"20,31"
150350,IRITUIA,PA,09/2022,4639,2877,"62,02",2865,12,"99,58",1762,"37,98",733,1029,"22,18"
150350,IRITUIA,PA,07/2022,4756,3654,"76,83",3654,0,"100,00",1102,"23,17",137,965,"20,29"
150360,ITAITUBA,PA,07/2022,13144,9663,"73,52",9662,1,"99,99",3481,"26,48",766,2715,"20,66"
150360,ITAITUBA,PA,11/2022,13638,8913,"65,35",8898,15,"99,83",4725,"34,65",1278,3447,"25,27"
150360,ITAITUBA,PA,09/2022,13483,7925,"58,78",7899,26,"99,67",5558,"41,22",2088,3470,"25,74"
150370,ITUPIRANGA,PA,11/2022,7304,5507,"75,40",5462,45,"99,18",1797,"24,60",50,1747,"23,92"
150370,ITUPIRANGA,PA,09/2022,7466,5759,"77,14",5732,27,"99,53",1707,"22,86",233,1474,"19,74"
150370,ITUPIRANGA,PA,07/2022,7514,2771,"36,88",2769,2,"99,93",4743,"63,12",3214,1529,"20,35"
150375,JACAREACANGA,PA,07/2022,4241,4031,"95,05",4031,0,"100,00",210,"4,95",11,199,"4,69"
150375,JACAREACANGA,PA,09/2022,4247,3862,"90,93",3862,0,"100,00",385,"9,07",154,231,"5,44"
150375,JACAREACANGA,PA,11/2022,4331,4007,"92,52",4007,0,"100,00",324,"7,48",6,318,"7,34"
150380,JACUNDÁ,PA,11/2022,5048,4567,"90,47",4541,26,"99,43",481,"9,53",56,425,"8,42"
150380,JACUNDÁ,PA,09/2022,5304,4431,"83,54",4412,19,"99,57",873,"16,46",354,519,"9,79"
150380,JACUNDÁ,PA,07/2022,5496,4225,"76,87",4221,4,"99,91",1271,"23,13",464,807,"14,68"
150390,JURUTI,PA,07/2022,7774,2755,"35,44",2755,0,"100,00",5019,"64,56",3993,1026,"13,20"
150390,JURUTI,PA,11/2022,7990,6775,"84,79",6775,0,"100,00",1215,"15,21",197,1018,"12,74"
150390,JURUTI,PA,09/2022,8049,6739,"83,72",6739,0,"100,00",1310,"16,28",257,1053,"13,08"
150400,LIMOEIRO DO AJURU,PA,09/2022,4790,4052,"84,59",4036,16,"99,61",738,"15,41",77,661,"13,80"
150400,LIMOEIRO DO AJURU,PA,11/2022,4713,3836,"81,39",3822,14,"99,64",877,"18,61",257,620,"13,16"
150400,LIMOEIRO DO AJURU,PA,07/2022,4872,4104,"84,24",4104,0,"100,00",768,"15,76",118,650,"13,34"
150405,MÃE DO RIO,PA,07/2022,4922,4200,"85,33",4200,0,"100,00",722,"14,67",26,696,"14,14"
150405,MÃE DO RIO,PA,09/2022,4950,4253,"85,92",4236,17,"99,60",697,"14,08",24,673,"13,60"
150405,MÃE DO RIO,PA,11/2022,4827,4186,"86,72",4182,4,"99,90",641,"13,28",23,618,"12,80"
150410,MAGALHÃES BARATA,PA,11/2022,1106,923,"83,45",923,0,"100,00",183,"16,55",1,182,"16,46"
150410,MAGALHÃES BARATA,PA,09/2022,1133,920,"81,20",920,0,"100,00",213,"18,80",3,210,"18,53"
150410,MAGALHÃES BARATA,PA,07/2022,1148,922,"80,31",922,0,"100,00",226,"19,69",2,224,"19,51"
150420,MARABÁ,PA,07/2022,23819,19284,"80,96",19279,5,"99,97",4535,"19,04",138,4397,"18,46"
150420,MARABÁ,PA,11/2022,24414,17461,"71,52",17196,265,"98,48",6953,"28,48",76,6877,"28,17"
150420,MARABÁ,PA,09/2022,23990,17212,"71,75",17042,170,"99,01",6778,"28,25",144,6634,"27,65"
150430,MARACANÃ,PA,09/2022,4767,4050,"84,96",4048,2,"99,95",717,"15,04",79,638,"13,38"
150430,MARACANÃ,PA,11/2022,4668,3983,"85,33",3981,2,"99,95",685,"14,67",71,614,"13,15"
150430,MARACANÃ,PA,07/2022,4745,1690,"35,62",1689,1,"99,94",3055,"64,38",2421,634,"13,36"
150440,MARAPANIM,PA,07/2022,3656,3096,"84,68",3096,0,"100,00",560,"15,32",147,413,"11,30"
150440,MARAPANIM,PA,09/2022,3418,2898,"84,79",2898,0,"100,00",520,"15,21",43,477,"13,96"
150440,MARAPANIM,PA,11/2022,3352,2912,"86,87",2899,13,"99,55",440,"13,13",30,410,"12,23"
150442,MARITUBA,PA,11/2022,12809,11383,"88,87",11137,246,"97,84",1426,"11,13",247,1179,"9,20"
150442,MARITUBA,PA,09/2022,13070,11824,"90,47",11235,589,"95,02",1246,"9,53",416,830,"6,35"
150442,MARITUBA,PA,07/2022,12741,10039,"78,79",9550,489,"95,13",2702,"21,21",321,2381,"18,69"
150445,MEDICILÂNDIA,PA,07/2022,3986,3083,"77,35",3079,4,"99,87",903,"22,65",64,839,"21,05"
150445,MEDICILÂNDIA,PA,09/2022,3979,3014,"75,75",2980,34,"98,87",965,"24,25",48,917,"23,05"
150445,MEDICILÂNDIA,PA,11/2022,3943,3018,"76,54",2990,28,"99,07",925,"23,46",43,882,"22,37"
150450,MELGAÇO,PA,11/2022,6499,5113,"78,67",5109,4,"99,92",1386,"21,33",86,1300,"20,00"
150450,MELGAÇO,PA,09/2022,6475,3262,"50,38",3107,155,"95,25",3213,"49,62",1872,1341,"20,71"
150450,MELGAÇO,PA,07/2022,6664,5472,"82,11",5470,2,"99,96",1192,"17,89",63,1129,"16,94"
150460,MOCAJUBA,PA,07/2022,5523,3857,"69,84",3827,30,"99,22",1666,"30,16",749,917,"16,60"
150460,MOCAJUBA,PA,09/2022,5491,4209,"76,65",4125,84,"98,00",1282,"23,35",438,844,"15,37"
150460,MOCAJUBA,PA,11/2022,5301,3584,"67,61",3528,56,"98,44",1717,"32,39",1103,614,"11,58"
150470,MOJU,PA,11/2022,13295,12301,"92,52",12288,13,"99,89",994,"7,48",215,779,"5,86"
150470,MOJU,PA,09/2022,13575,11870,"87,44",11866,4,"99,97",1705,"12,56",104,1601,"11,79"
150470,MOJU,PA,07/2022,13563,11604,"85,56",11599,5,"99,96",1959,"14,44",165,1794,"13,23"
150475,MOJUI DOS CAMPOS,PA,07/2022,2969,1486,"50,05",851,635,"57,27",1483,"49,95",95,1388,"46,75"
150475,MOJUI DOS CAMPOS,PA,09/2022,2847,2264,"79,52",2264,0,"100,00",583,"20,48",275,308,"10,82"
150475,MOJUI DOS CAMPOS,PA,11/2022,2800,2417,"86,32",2399,18,"99,26",383,"13,68",8,375,"13,39"
150480,MONTE ALEGRE,PA,11/2022,8835,8452,"95,66",8251,201,"97,62",383,"4,34",35,348,"3,94"
150480,MONTE ALEGRE,PA,09/2022,9010,8743,"97,04",8548,195,"97,77",267,"2,96",25,242,"2,69"
150480,MONTE ALEGRE,PA,07/2022,9407,8776,"93,29",8772,4,"99,95",631,"6,71",40,591,"6,28"
150490,MUANÁ,PA,07/2022,6311,5581,"88,43",5574,7,"99,87",730,"11,57",29,701,"11,11"
150490,MUANÁ,PA,09/2022,6240,5403,"86,59",5332,71,"98,69",837,"13,41",78,759,"12,16"
150490,MUANÁ,PA,11/2022,6101,5440,"89,17",5326,114,"97,90",661,"10,83",32,629,"10,31"
150495,NOVA ESPERANÇA DO PIRIÁ,PA,09/2022,3953,3374,"85,35",3374,0,"100,00",579,"14,65",17,562,"14,22"
150495,NOVA ESPERANÇA DO PIRIÁ,PA,11/2022,3862,3301,"85,47",3301,0,"100,00",561,"14,53",15,546,"14,14"
150495,NOVA ESPERANÇA DO PIRIÁ,PA,07/2022,3996,3422,"85,64",3422,0,"100,00",574,"14,36",11,563,"14,09"
150497,NOVA IPIXUNA,PA,07/2022,1385,1306,"94,30",1211,95,"92,73",79,"5,70",27,52,"3,75"
150497,NOVA IPIXUNA,PA,09/2022,1397,1217,"87,12",1127,90,"92,60",180,"12,88",27,153,"10,95"
150497,NOVA IPIXUNA,PA,11/2022,1388,1206,"86,89",1142,64,"94,69",182,"13,11",10,172,"12,39"
150500,NOVA TIMBOTEUA,PA,11/2022,1377,1114,"80,90",1110,4,"99,64",263,"19,10",5,258,"18,74"
150500,NOVA TIMBOTEUA,PA,09/2022,1392,929,"66,74",918,11,"98,82",463,"33,26",184,279,"20,04"
150500,NOVA TIMBOTEUA,PA,07/2022,1401,1023,"73,02",1021,2,"99,80",378,"26,98",124,254,"18,13"
150503,NOVO PROGRESSO,PA,07/2022,2415,1868,"77,35",1865,3,"99,84",547,"22,65",15,532,"22,03"
150503,NOVO PROGRESSO,PA,09/2022,2497,2017,"80,78",2009,8,"99,60",480,"19,22",31,449,"17,98"
150503,NOVO PROGRESSO,PA,11/2022,2605,2204,"84,61",2187,17,"99,23",401,"15,39",18,383,"14,70"
150506,NOVO REPARTIMENTO,PA,09/2022,8427,6848,"81,26",6805,43,"99,37",1579,"18,74",327,1252,"14,86"
150506,NOVO REPARTIMENTO,PA,11/2022,8453,7820,"92,51",7793,27,"99,65",633,"7,49",32,601,"7,11"
150506,NOVO REPARTIMENTO,PA,07/2022,8546,7075,"82,79",7075,0,"100,00",1471,"17,21",66,1405,"16,44"
150510,ÓBIDOS,PA,07/2022,8023,6853,"85,42",6703,150,"97,81",1170,"14,58",63,1107,"13,80"
150510,ÓBIDOS,PA,09/2022,7970,7024,"88,13",6979,45,"99,36",946,"11,87",78,868,"10,89"
150510,ÓBIDOS,PA,11/2022,7819,6914,"88,43",6852,62,"99,10",905,"11,57",29,876,"11,20"
150520,OEIRAS DO PARÁ,PA,09/2022,7367,6772,"91,92",6666,106,"98,43",595,"8,08",61,534,"7,25"
150520,OEIRAS DO PARÁ,PA,11/2022,7211,6634,"92,00",6611,23,"99,65",577,"8,00",37,540,"7,49"
150520,OEIRAS DO PARÁ,PA,07/2022,7387,7039,"95,29",7039,0,"100,00",348,"4,71",66,282,"3,82"
150530,ORIXIMINÁ,PA,07/2022,10229,9502,"92,89",9500,2,"99,98",727,"7,11",54,673,"6,58"
150530,ORIXIMINÁ,PA,09/2022,10120,9305,"91,95",9302,3,"99,97",815,"8,05",68,747,"7,38"
150530,ORIXIMINÁ,PA,11/2022,10058,8999,"89,47",8996,3,"99,97",1059,"10,53",56,1003,"9,97"
150540,OURÉM,PA,11/2022,2454,2103,"85,70",2047,56,"97,34",351,"14,30",14,337,"13,73"
150540,OURÉM,PA,09/2022,2509,2145,"85,49",2077,68,"96,83",364,"14,51",24,340,"13,55"
150540,OURÉM,PA,07/2022,2520,2074,"82,30",1490,584,"71,84",446,"17,70",9,437,"17,34"
150543,OURILÂNDIA DO NORTE,PA,07/2022,4057,3149,"77,62",3072,77,"97,55",908,"22,38",22,886,"21,84"
150543,OURILÂNDIA DO NORTE,PA,11/2022,4148,3462,"83,46",3422,40,"98,84",686,"16,54",11,675,"16,27"
150543,OURILÂNDIA DO NORTE,PA,09/2022,4103,3336,"81,31",3274,62,"98,14",767,"18,69",36,731,"17,82"
150548,PACAJÁ,PA,09/2022,6811,4951,"72,69",4924,27,"99,45",1860,"27,31",208,1652,"24,25"
150548,PACAJÁ,PA,11/2022,6689,4914,"73,46",4898,16,"99,67",1775,"26,54",88,1687,"25,22"
150548,PACAJÁ,PA,07/2022,6814,4827,"70,84",4817,10,"99,79",1987,"29,16",319,1668,"24,48"
150549,PALESTINA DO PARÁ,PA,07/2022,1079,860,"79,70",860,0,"100,00",219,"20,30",1,218,"20,20"
150549,PALESTINA DO PARÁ,PA,11/2022,959,876,"91,35",876,0,"100,00",83,"8,65",2,81,"8,45"
150549,PALESTINA DO PARÁ,PA,09/2022,957,915,"95,61",915,0,"100,00",42,"4,39",4,38,"3,97"
150550,PARAGOMINAS,PA,09/2022,11323,8611,"76,05",8405,206,"97,61",2712,"23,95",64,2648,"23,39"
150550,PARAGOMINAS,PA,11/2022,11011,8611,"78,20",8364,247,"97,13",2400,"21,80",59,2341,"21,26"
150550,PARAGOMINAS,PA,07/2022,11508,8686,"75,48",8685,1,"99,99",2822,"24,52",81,2741,"23,82"
150553,PARAUAPEBAS,PA,07/2022,17692,8125,"45,92",8125,0,"100,00",9567,"54,08",84,9483,"53,60"
150553,PARAUAPEBAS,PA,11/2022,18924,10136,"53,56",10125,11,"99,89",8788,"46,44",40,8748,"46,23"
150553,PARAUAPEBAS,PA,09/2022,18921,8915,"47,12",8914,1,"99,99",10006,"52,88",81,9925,"52,45"
150555,PAU D´ARCO,PA,09/2022,883,682,"77,24",682,0,"100,00",201,"22,76",52,149,"16,87"
150555,PAU D´ARCO,PA,11/2022,915,802,"87,65",802,0,"100,00",113,"12,35",2,111,"12,13"
150555,PAU D´ARCO,PA,07/2022,888,689,"77,59",689,0,"100,00",199,"22,41",4,195,"21,96"
150560,PEIXE-BOI,PA,07/2022,899,878,"97,66",878,0,"100,00",21,"2,34",1,20,"2,22"
150560,PEIXE-BOI,PA,11/2022,855,844,"98,71",844,0,"100,00",11,"1,29",2,9,"1,05"
150560,PEIXE-BOI,PA,09/2022,875,849,"97,03",849,0,"100,00",26,"2,97",1,25,"2,86"
150563,PIÇARRA,PA,11/2022,1493,1194,"79,97",1186,8,"99,33",299,"20,03",55,244,"16,34"
150563,PIÇARRA,PA,09/2022,1570,1133,"72,17",1133,0,"100,00",437,"27,83",53,384,"24,46"
150563,PIÇARRA,PA,07/2022,1564,1102,"70,46",1097,5,"99,55",462,"29,54",62,400,"25,58"
150565,PLACAS,PA,07/2022,2545,2313,"90,88",2283,30,"98,70",232,"9,12",21,211,"8,29"
150565,PLACAS,PA,09/2022,2508,2343,"93,42",2260,83,"96,46",165,"6,58",22,143,"5,70"
150565,PLACAS,PA,11/2022,2471,1825,"73,86",1761,64,"96,49",646,"26,14",493,153,"6,19"
150570,PONTA DE PEDRAS,PA,11/2022,4041,3844,"95,12",3717,127,"96,70",197,"4,88",62,135,"3,34"
150570,PONTA DE PEDRAS,PA,09/2022,4093,3849,"94,04",3745,104,"97,30",244,"5,96",118,126,"3,08"
150570,PONTA DE PEDRAS,PA,07/2022,4164,3841,"92,24",3823,18,"99,53",323,"7,76",136,187,"4,49"
150580,PORTEL,PA,07/2022,12077,9378,"77,65",9373,5,"99,95",2699,"22,35",305,2394,"19,82"
150580,PORTEL,PA,11/2022,11969,8193,"68,45",8112,81,"99,01",3776,"31,55",1342,2434,"20,34"
150580,PORTEL,PA,09/2022,12106,9227,"76,22",9202,25,"99,73",2879,"23,78",313,2566,"21,20"
150590,PORTO DE MOZ,PA,09/2022,6719,4774,"71,05",4773,1,"99,98",1945,"28,95",1708,237,"3,53"
150590,PORTO DE MOZ,PA,11/2022,6520,6226,"95,49",6223,3,"99,95",294,"4,51",27,267,"4,10"
150590,PORTO DE MOZ,PA,07/2022,6830,5697,"83,41",5696,1,"99,98",1133,"16,59",781,352,"5,15"
150600,PRAINHA,PA,07/2022,7239,5580,"77,08",5569,11,"99,80",1659,"22,92",461,1198,"16,55"
150600,PRAINHA,PA,11/2022,7053,5967,"84,60",5888,79,"98,68",1086,"15,40",157,929,"13,17"
150600,PRAINHA,PA,09/2022,7184,5285,"73,57",5203,82,"98,45",1899,"26,43",642,1257,"17,50"
150610,PRIMAVERA,PA,09/2022,1487,1025,"68,93",1024,1,"99,90",462,"31,07",4,458,"30,80"
150610,PRIMAVERA,PA,11/2022,1462,1085,"74,21",1085,0,"100,00",377,"25,79",4,373,"25,51"
150610,PRIMAVERA,PA,07/2022,1515,952,"62,84",952,0,"100,00",563,"37,16",8,555,"36,63"
150611,QUATIPURU,PA,07/2022,1594,1504,"94,35",1502,2,"99,87",90,"5,65",17,73,"4,58"
150611,QUATIPURU,PA,09/2022,1585,1490,"94,01",1479,11,"99,26",95,"5,99",13,82,"5,17"
150611,QUATIPURU,PA,11/2022,1572,1483,"94,34",1465,18,"98,79",89,"5,66",9,80,"5,09"
150613,REDENÇÃO,PA,09/2022,7006,5917,"84,46",5893,24,"99,59",1089,"15,54",41,1048,"14,96"
150613,REDENÇÃO,PA,11/2022,6995,6227,"89,02",6206,21,"99,66",768,"10,98",34,734,"10,49"
150613,REDENÇÃO,PA,07/2022,6912,5691,"82,34",5689,2,"99,96",1221,"17,66",43,1178,"17,04"
150616,RIO MARIA,PA,07/2022,1452,1112,"76,58",1112,0,"100,00",340,"23,42",69,271,"18,66"
150616,RIO MARIA,PA,11/2022,1395,1255,"89,96",1252,3,"99,76",140,"10,04",6,134,"9,61"
150616,RIO MARIA,PA,09/2022,1390,1142,"82,16",1131,11,"99,04",248,"17,84",29,219,"15,76"
150618,RONDON DO PARÁ,PA,09/2022,3818,3360,"88,00",3308,52,"98,45",458,"12,00",8,450,"11,79"
150618,RONDON DO PARÁ,PA,11/2022,3792,3370,"88,87",3337,33,"99,02",422,"11,13",2,420,"11,08"
150618,RONDON DO PARÁ,PA,07/2022,3903,3383,"86,68",3377,6,"99,82",520,"13,32",18,502,"12,86"
150619,RURÓPOLIS,PA,07/2022,3824,2442,"63,86",2441,1,"99,96",1382,"36,14",29,1353,"35,38"
150619,RURÓPOLIS,PA,11/2022,3699,2461,"66,53",2452,9,"99,63",1238,"33,47",29,1209,"32,68"
150619,RURÓPOLIS,PA,09/2022,3748,2428,"64,78",2428,0,"100,00",1320,"35,22",32,1288,"34,36"
150620,SALINÓPOLIS,PA,11/2022,4440,4317,"97,23",4310,7,"99,84",123,"2,77",37,86,"1,94"
150620,SALINÓPOLIS,PA,09/2022,4349,4196,"96,48",4195,1,"99,98",153,"3,52",49,104,"2,39"
150620,SALINÓPOLIS,PA,07/2022,4388,4184,"95,35",4184,0,"100,00",204,"4,65",33,171,"3,90"
150630,SALVATERRA,PA,07/2022,3635,2356,"64,81",2350,6,"99,75",1279,"35,19",31,1248,"34,33"
150630,SALVATERRA,PA,09/2022,3639,2386,"65,57",2336,50,"97,90",1253,"34,43",33,1220,"33,53"
150630,SALVATERRA,PA,11/2022,3553,2398,"67,49",2341,57,"97,62",1155,"32,51",46,1109,"31,21"
150635,SANTA BÁRBARA DO PARÁ,PA,09/2022,2595,1490,"57,42",1448,42,"97,18",1105,"42,58",970,135,"5,20"
150635,SANTA BÁRBARA DO PARÁ,PA,11/2022,2611,2430,"93,07",2389,41,"98,31",181,"6,93",21,160,"6,13"
150635,SANTA BÁRBARA DO PARÁ,PA,07/2022,2570,2300,"89,49",2268,32,"98,61",270,"10,51",111,159,"6,19"
150640,SANTA CRUZ DO ARARI,PA,07/2022,1403,1040,"74,13",1038,2,"99,81",363,"25,87",69,294,"20,96"
150640,SANTA CRUZ DO ARARI,PA,11/2022,1332,1016,"76,28",991,25,"97,54",316,"23,72",34,282,"21,17"
150640,SANTA CRUZ DO ARARI,PA,09/2022,1377,1031,"74,87",1008,23,"97,77",346,"25,13",47,299,"21,71"
150650,SANTA ISABEL DO PARÁ,PA,09/2022,6913,6241,"90,28",6241,0,"100,00",672,"9,72",19,653,"9,45"
150650,SANTA ISABEL DO PARÁ,PA,11/2022,6917,6381,"92,25",6381,0,"100,00",536,"7,75",3,533,"7,71"
150650,SANTA ISABEL DO PARÁ,PA,07/2022,6804,6118,"89,92",6118,0,"100,00",686,"10,08",17,669,"9,83"
150655,SANTA LUZIA DO PARÁ,PA,11/2022,3075,2535,"82,44",2530,5,"99,80",540,"17,56",39,501,"16,29"
150655,SANTA LUZIA DO PARÁ,PA,07/2022,3157,2586,"81,91",2586,0,"100,00",571,"18,09",18,553,"17,52"
150655,SANTA LUZIA DO PARÁ,PA,09/2022,3141,2580,"82,14",2579,1,"99,96",561,"17,86",23,538,"17,13"
150658,SANTA MARIA DAS BARREIRAS,PA,09/2022,2121,1327,"62,56",1311,16,"98,79",794,"37,44",208,586,"27,63"
150658,SANTA MARIA DAS BARREIRAS,PA,07/2022,2181,1318,"60,43",1308,10,"99,24",863,"39,57",235,628,"28,79"
150658,SANTA MARIA DAS BARREIRAS,PA,11/2022,2109,1291,"61,21",1274,17,"98,68",818,"38,79",165,653,"30,96"
150660,SANTA MARIA DO PARÁ,PA,07/2022,2860,2569,"89,83",2569,0,"100,00",291,"10,17",85,206,"7,20"
150660,SANTA MARIA DO PARÁ,PA,11/2022,2689,2674,"99,44",2674,0,"100,00",15,"0,56",4,11,"0,41"
150660,SANTA MARIA DO PARÁ,PA,09/2022,2741,2362,"86,17",2362,0,"100,00",379,"13,83",212,167,"6,09"
150670,SANTANA DO ARAGUAIA,PA,09/2022,4242,3037,"71,59",3018,19,"99,37",1205,"28,41",35,1170,"27,58"
150670,SANTANA DO ARAGUAIA,PA,11/2022,4230,3043,"71,94",3043,0,"100,00",1187,"28,06",30,1157,"27,35"
150670,SANTANA DO ARAGUAIA,PA,07/2022,4382,3197,"72,96",3187,10,"99,69",1185,"27,04",33,1152,"26,29"
150680,SANTARÉM,PA,11/2022,40360,36597,"90,68",36451,146,"99,60",3763,"9,32",401,3362,"8,33"
150680,SANTARÉM,PA,07/2022,39039,32988,"84,50",32955,33,"99,90",6051,"15,50",760,5291,"13,55"
150680,SANTARÉM,PA,09/2022,40288,34936,"86,72",34725,211,"99,40",5352,"13,28",569,4783,"11,87"
150690,SANTARÉM NOVO,PA,09/2022,1007,741,"73,58",732,9,"98,79",266,"26,42",48,218,"21,65"
150690,SANTARÉM NOVO,PA,07/2022,1042,707,"67,85",707,0,"100,00",335,"32,15",105,230,"22,07"
150690,SANTARÉM NOVO,PA,11/2022,980,667,"68,06",653,14,"97,90",313,"31,94",117,196,"20,00"
150700,SANTO ANTÔNIO DO TAUÁ,PA,07/2022,4015,3028,"75,42",3028,0,"100,00",987,"24,58",369,618,"15,39"
150700,SANTO ANTÔNIO DO TAUÁ,PA,11/2022,4029,3376,"83,79",3376,0,"100,00",653,"16,21",27,626,"15,54"
150700,SANTO ANTÔNIO DO TAUÁ,PA,09/2022,4081,2475,"60,65",2464,11,"99,56",1606,"39,35",964,642,"15,73"
150710,SÃO CAETANO DE ODIVELAS,PA,09/2022,2255,1798,"79,73",1798,0,"100,00",457,"20,27",45,412,"18,27"
150710,SÃO CAETANO DE ODIVELAS,PA,11/2022,2208,1896,"85,87",1893,3,"99,84",312,"14,13",34,278,"12,59"
150710,SÃO CAETANO DE ODIVELAS,PA,07/2022,2314,1656,"71,56",1655,1,"99,94",658,"28,44",243,415,"17,93"
150715,SÃO DOMINGOS DO ARAGUAIA,PA,07/2022,2853,2395,"83,95",2394,1,"99,96",458,"16,05",35,423,"14,83"
150715,SÃO DOMINGOS DO ARAGUAIA,PA,11/2022,2737,2469,"90,21",2467,2,"99,92",268,"9,79",20,248,"9,06"
150715,SÃO DOMINGOS DO ARAGUAIA,PA,09/2022,2770,2516,"90,83",2504,12,"99,52",254,"9,17",38,216,"7,80"
150720,SÃO DOMINGOS DO CAPIM,PA,09/2022,5700,4898,"85,93",4846,52,"98,94",802,"14,07",49,753,"13,21"
150720,SÃO DOMINGOS DO CAPIM,PA,11/2022,5601,4877,"87,07",4786,91,"98,13",724,"12,93",93,631,"11,27"
150720,SÃO DOMINGOS DO CAPIM,PA,07/2022,5821,4856,"83,42",4852,4,"99,92",965,"16,58",96,869,"14,93"
150730,SÃO FÉLIX DO XINGU,PA,11/2022,8738,7625,"87,26",7516,109,"98,57",1113,"12,74",7,1106,"12,66"
150730,SÃO FÉLIX DO XINGU,PA,07/2022,8828,7150,"80,99",7139,11,"99,85",1678,"19,01",15,1663,"18,84"
150730,SÃO FÉLIX DO XINGU,PA,09/2022,8691,7492,"86,20",7283,209,"97,21",1199,"13,80",30,1169,"13,45"
150740,SÃO FRANCISCO DO PARÁ,PA,09/2022,1985,1285,"64,74",1273,12,"99,07",700,"35,26",140,560,"28,21"
150740,SÃO FRANCISCO DO PARÁ,PA,07/2022,1977,1249,"63,18",1247,2,"99,84",728,"36,82",167,561,"28,38"
150740,SÃO FRANCISCO DO PARÁ,PA,11/2022,1950,1363,"69,90",1361,2,"99,85",587,"30,10",61,526,"26,97"
150745,SÃO GERALDO DO ARAGUAIA,PA,07/2022,3207,2203,"68,69",2203,0,"100,00",1004,"31,31",57,947,"29,53"
150745,SÃO GERALDO DO ARAGUAIA,PA,11/2022,3156,2195,"69,55",2189,6,"99,73",961,"30,45",43,918,"29,09"
150745,SÃO GERALDO DO ARAGUAIA,PA,09/2022,3180,2198,"69,12",2191,7,"99,68",982,"30,88",11,971,"30,53"
150746,SÃO JOÃO DA PONTA,PA,09/2022,897,689,"76,81",689,0,"100,00",208,"23,19",5,203,"22,63"
150746,SÃO JOÃO DA PONTA,PA,11/2022,871,611,"70,15",611,0,"100,00",260,"29,85",71,189,"21,70"
150746,SÃO JOÃO DA PONTA,PA,07/2022,901,680,"75,47",502,178,"73,82",221,"24,53",7,214,"23,75"
150747,SÃO JOÃO DE PIRABAS,PA,11/2022,2930,1958,"66,83",1958,0,"100,00",972,"33,17",307,665,"22,70"
150747,SÃO JOÃO DE PIRABAS,PA,07/2022,3099,2143,"69,15",2143,0,"100,00",956,"30,85",46,910,"29,36"
150747,SÃO JOÃO DE PIRABAS,PA,09/2022,3028,1951,"64,43",1946,5,"99,74",1077,"35,57",194,883,"29,16"
150750,SÃO JOÃO DO ARAGUAIA,PA,09/2022,2261,1232,"54,49",1204,28,"97,73",1029,"45,51",412,617,"27,29"
150750,SÃO JOÃO DO ARAGUAIA,PA,07/2022,2271,1071,"47,16",1070,1,"99,91",1200,"52,84",650,550,"24,22"
150750,SÃO JOÃO DO ARAGUAIA,PA,11/2022,2255,1694,"75,12",1664,30,"98,23",561,"24,88",11,550,"24,39"
150760,SÃO MIGUEL DO GUAMÁ,PA,07/2022,7367,1212,"16,45",1212,0,"100,00",6155,"83,55",5135,1020,"13,85"
150760,SÃO MIGUEL DO GUAMÁ,PA,11/2022,7812,6874,"87,99",6874,0,"100,00",938,"12,01",83,855,"10,94"
150760,SÃO MIGUEL DO GUAMÁ,PA,09/2022,7813,6419,"82,16",6419,0,"100,00",1394,"17,84",270,1124,"14,39"
150770,SÃO SEBASTIÃO DA BOA VISTA,PA,09/2022,5278,4475,"84,79",4232,243,"94,57",803,"15,21",72,731,"13,85"
150770,SÃO SEBASTIÃO DA BOA VISTA,PA,07/2022,5324,4533,"85,14",4519,14,"99,69",791,"14,86",46,745,"13,99"
150770,SÃO SEBASTIÃO DA BOA VISTA,PA,11/2022,5184,4451,"85,86",4202,249,"94,41",733,"14,14",42,691,"13,33"
150775,SAPUCAIA,PA,07/2022,614,480,"78,18",472,8,"98,33",134,"21,82",4,130,"21,17"
150775,SAPUCAIA,PA,11/2022,573,507,"88,48",497,10,"98,03",66,"11,52",12,54,"9,42"
150775,SAPUCAIA,PA,09/2022,558,495,"88,71",484,11,"97,78",63,"11,29",25,38,"6,81"
150780,SENADOR JOSÉ PORFÍRIO,PA,09/2022,3410,2765,"81,09",2765,0,"100,00",645,"18,91",32,613,"17,98"
150780,SENADOR JOSÉ PORFÍRIO,PA,07/2022,3339,2405,"72,03",2405,0,"100,00",934,"27,97",23,911,"27,28"
150780,SENADOR JOSÉ PORFÍRIO,PA,11/2022,3456,2762,"79,92",2762,0,"100,00",694,"20,08",17,677,"19,59"
150790,SOURE,PA,07/2022,3855,2528,"65,58",2476,52,"97,94",1327,"34,42",270,1057,"27,42"
150790,SOURE,PA,11/2022,3769,2714,"72,01",2532,182,"93,29",1055,"27,99",240,815,"21,62"
150790,SOURE,PA,09/2022,3818,2416,"63,28",2254,162,"93,29",1402,"36,72",341,1061,"27,79"
150795,TAILÂNDIA,PA,09/2022,10636,7517,"70,68",7442,75,"99,00",3119,"29,32",49,3070,"28,86"
150795,TAILÂNDIA,PA,11/2022,10448,7294,"69,81",7244,50,"99,31",3154,"30,19",339,2815,"26,94"
150795,TAILÂNDIA,PA,07/2022,10584,7302,"68,99",7286,16,"99,78",3282,"31,01",184,3098,"29,27"
150796,TERRA ALTA,PA,07/2022,1752,1341,"76,54",1341,0,"100,00",411,"23,46",12,399,"22,77"
150796,TERRA ALTA,PA,11/2022,1761,1345,"76,38",1345,0,"100,00",416,"23,62",22,394,"22,37"
150796,TERRA ALTA,PA,09/2022,1786,1358,"76,04",1358,0,"100,00",428,"23,96",14,414,"23,18"
150797,TERRA SANTA,PA,09/2022,2433,2299,"94,49",2281,18,"99,22",134,"5,51",11,123,"5,06"
150797,TERRA SANTA,PA,11/2022,2413,2062,"85,45",2050,12,"99,42",351,"14,55",222,129,"5,35"
150797,TERRA SANTA,PA,07/2022,2378,2127,"89,44",1936,191,"91,02",251,"10,56",159,92,"3,87"
150800,TOMÉ-AÇU,PA,07/2022,11063,8626,"77,97",8188,438,"94,92",2437,"22,03",15,2422,"21,89"
150800,TOMÉ-AÇU,PA,11/2022,10924,9497,"86,94",9183,314,"96,69",1427,"13,06",12,1415,"12,95"
150800,TOMÉ-AÇU,PA,09/2022,11048,9377,"84,88",8990,387,"95,87",1671,"15,12",38,1633,"14,78"
150803,TRACUATEUA,PA,09/2022,4739,2633,"55,56",2630,3,"99,89",2106,"44,44",1394,712,"15,02"
150803,TRACUATEUA,PA,11/2022,4669,3016,"64,60",3016,0,"100,00",1653,"35,40",949,704,"15,08"
150803,TRACUATEUA,PA,07/2022,4877,3355,"68,79",3354,1,"99,97",1522,"31,21",854,668,"13,70"
150805,TRAIRÃO,PA,11/2022,2188,1919,"87,71",1919,0,"100,00",269,"12,29",4,265,"12,11"
150805,TRAIRÃO,PA,07/2022,2167,1900,"87,68",1900,0,"100,00",267,"12,32",7,260,"12,00"
150805,TRAIRÃO,PA,09/2022,2204,1914,"86,84",1914,0,"100,00",290,"13,16",9,281,"12,75"
150808,TUCUMÃ,PA,09/2022,3024,2624,"86,77",2578,46,"98,25",400,"13,23",14,386,"12,76"
150808,TUCUMÃ,PA,07/2022,2998,2616,"87,26",2608,8,"99,69",382,"12,74",5,377,"12,58"
150808,TUCUMÃ,PA,11/2022,3054,2715,"88,90",2695,20,"99,26",339,"11,10",7,332,"10,87"
150810,TUCURUÍ,PA,11/2022,10385,9458,"91,07",9396,62,"99,34",927,"8,93",36,891,"8,58"
150810,TUCURUÍ,PA,07/2022,10608,9223,"86,94",9194,29,"99,69",1385,"13,06",128,1257,"11,85"
150810,TUCURUÍ,PA,09/2022,10574,9200,"87,01",8967,233,"97,47",1374,"12,99",110,1264,"11,95"
150812,ULIANÓPOLIS,PA,09/2022,3231,2027,"62,74",2023,4,"99,80",1204,"37,26",18,1186,"36,71"
150812,ULIANÓPOLIS,PA,11/2022,3140,2001,"63,73",1999,2,"99,90",1139,"36,27",12,1127,"35,89"
150812,ULIANÓPOLIS,PA,07/2022,3267,1977,"60,51",1976,1,"99,95",1290,"39,49",26,1264,"38,69"
150815,URUARÁ,PA,07/2022,6482,5572,"85,96",5531,41,"99,26",910,"14,04",131,779,"12,02"
150815,URUARÁ,PA,11/2022,6567,5654,"86,10",5654,0,"100,00",913,"13,90",73,840,"12,79"
150815,URUARÁ,PA,09/2022,6593,5612,"85,12",5572,40,"99,29",981,"14,88",180,801,"12,15"
150820,VIGIA,PA,09/2022,6518,3422,"52,50",3418,4,"99,88",3096,"47,50",1498,1598,"24,52"
150820,VIGIA,PA,11/2022,6326,3096,"48,94",3090,6,"99,81",3230,"51,06",1315,1915,"30,27"
150820,VIGIA,PA,07/2022,6426,2009,"31,26",2007,2,"99,90",4417,"68,74",3180,1237,"19,25"
150830,VISEU,PA,07/2022,11463,6265,"54,65",5788,477,"92,39",5198,"45,35",3537,1661,"14,49"
150830,VISEU,PA,11/2022,11003,7050,"64,07",6462,588,"91,66",3953,"35,93",2654,1299,"11,81"
150830,VISEU,PA,09/2022,11237,6746,"60,03",6123,623,"90,76",4491,"39,97",3013,1478,"13,15"
150835,VITÓRIA DO XINGU,PA,09/2022,2252,1702,"75,58",1679,23,"98,65",550,"24,42",8,542,"24,07"
150835,VITÓRIA DO XINGU,PA,07/2022,2135,1635,"76,58",1635,0,"100,00",500,"23,42",7,493,"23,09"
150835,VITÓRIA DO XINGU,PA,11/2022,2267,1762,"77,72",1758,4,"99,77",505,"22,28",4,501,"22,10"
150840,XINGUARA,PA,11/2022,4615,4434,"96,08",4434,0,"100,00",181,"3,92",8,173,"3,75"
150840,XINGUARA,PA,07/2022,4519,4292,"94,98",4292,0,"100,00",227,"5,02",11,216,"4,78"
150840,XINGUARA,PA,09/2022,4633,4431,"95,64",4431,0,"100,00",202,"4,36",8,194,"4,19"
250010,ÁGUA BRANCA,PB,07/2022,1078,927,"85,99",921,6,"99,35",151,"14,01",9,142,"13,17"
250010,ÁGUA BRANCA,PB,09/2022,1071,935,"87,30",923,12,"98,72",136,"12,70",7,129,"12,04"
250010,ÁGUA BRANCA,PB,11/2022,1055,1012,"95,92",1012,0,"100,00",43,"4,08",1,42,"3,98"
250020,AGUIAR,PB,11/2022,493,464,"94,12",462,2,"99,57",29,"5,88",6,23,"4,67"
250020,AGUIAR,PB,09/2022,506,477,"94,27",477,0,"100,00",29,"5,73",6,23,"4,55"
250020,AGUIAR,PB,07/2022,529,442,"83,55",442,0,"100,00",87,"16,45",4,83,"15,69"
250030,ALAGOA GRANDE,PB,07/2022,3381,2106,"62,29",2105,1,"99,95",1275,"37,71",238,1037,"30,67"
250030,ALAGOA GRANDE,PB,09/2022,3342,2311,"69,15",2311,0,"100,00",1031,"30,85",221,810,"24,24"
250030,ALAGOA GRANDE,PB,11/2022,3288,2496,"75,91",2496,0,"100,00",792,"24,09",108,684,"20,80"
250040,ALAGOA NOVA,PB,11/2022,2048,1960,"95,70",1953,7,"99,64",88,"4,30",8,80,"3,91"
250040,ALAGOA NOVA,PB,09/2022,2114,1915,"90,59",1893,22,"98,85",199,"9,41",22,177,"8,37"
250040,ALAGOA NOVA,PB,07/2022,2203,1897,"86,11",1848,49,"97,42",306,"13,89",12,294,"13,35"
250050,ALAGOINHA,PB,07/2022,1811,1477,"81,56",1477,0,"100,00",334,"18,44",41,293,"16,18"
250050,ALAGOINHA,PB,09/2022,1805,1581,"87,59",1581,0,"100,00",224,"12,41",23,201,"11,14"
250050,ALAGOINHA,PB,11/2022,1770,1559,"88,08",1559,0,"100,00",211,"11,92",16,195,"11,02"
250053,ALCANTIL,PB,11/2022,592,488,"82,43",476,12,"97,54",104,"17,57",0,104,"17,57"
250053,ALCANTIL,PB,09/2022,595,491,"82,52",478,13,"97,35",104,"17,48",1,103,"17,31"
250053,ALCANTIL,PB,07/2022,609,499,"81,94",489,10,"98,00",110,"18,06",12,98,"16,09"
250057,ALGODÃO DE JANDAÍRA,PB,07/2022,434,349,"80,41",349,0,"100,00",85,"19,59",19,66,"15,21"
250057,ALGODÃO DE JANDAÍRA,PB,09/2022,443,367,"82,84",367,0,"100,00",76,"17,16",3,73,"16,48"
250057,ALGODÃO DE JANDAÍRA,PB,11/2022,430,358,"83,26",358,0,"100,00",72,"16,74",1,71,"16,51"
250060,ALHANDRA,PB,11/2022,3214,2777,"86,40",2776,1,"99,96",437,"13,60",10,427,"13,29"
250060,ALHANDRA,PB,09/2022,3274,2740,"83,69",2740,0,"100,00",534,"16,31",14,520,"15,88"
250060,ALHANDRA,PB,07/2022,3259,2552,"78,31",2552,0,"100,00",707,"21,69",3,704,"21,60"
250070,SÃO JOÃO DO RIO DO PEIXE,PB,07/2022,1475,1055,"71,53",1032,23,"97,82",420,"28,47",8,412,"27,93"
250070,SÃO JOÃO DO RIO DO PEIXE,PB,09/2022,1457,1040,"71,38",1012,28,"97,31",417,"28,62",4,413,"28,35"
250070,SÃO JOÃO DO RIO DO PEIXE,PB,11/2022,1426,1067,"74,82",1046,21,"98,03",359,"25,18",3,356,"24,96"
250073,AMPARO,PB,11/2022,285,274,"96,14",274,0,"100,00",11,"3,86",6,5,"1,75"
250073,AMPARO,PB,09/2022,296,284,"95,95",284,0,"100,00",12,"4,05",8,4,"1,35"
250073,AMPARO,PB,07/2022,290,274,"94,48",274,0,"100,00",16,"5,52",7,9,"3,10"
250077,APARECIDA,PB,07/2022,940,815,"86,70",811,4,"99,51",125,"13,30",5,120,"12,77"
250077,APARECIDA,PB,09/2022,936,814,"86,97",812,2,"99,75",122,"13,03",4,118,"12,61"
250077,APARECIDA,PB,11/2022,928,806,"86,85",760,46,"94,29",122,"13,15",6,116,"12,50"
250080,ARAÇAGI,PB,11/2022,1996,1571,"78,71",1570,1,"99,94",425,"21,29",6,419,"20,99"
250080,ARAÇAGI,PB,09/2022,2014,1563,"77,61",1562,1,"99,94",451,"22,39",16,435,"21,60"
250080,ARAÇAGI,PB,07/2022,2016,1573,"78,03",1573,0,"100,00",443,"21,97",6,437,"21,68"
250090,ARARA,PB,07/2022,1433,1127,"78,65",1124,3,"99,73",306,"21,35",9,297,"20,73"
250090,ARARA,PB,09/2022,1413,1220,"86,34",1209,11,"99,10",193,"13,66",20,173,"12,24"
250090,ARARA,PB,11/2022,1366,1243,"91,00",1233,10,"99,20",123,"9,00",15,108,"7,91"
250100,ARARUNA,PB,11/2022,1791,1473,"82,24",1473,0,"100,00",318,"17,76",1,317,"17,70"
250100,ARARUNA,PB,09/2022,1846,1486,"80,50",1468,18,"98,79",360,"19,50",10,350,"18,96"
250100,ARARUNA,PB,07/2022,1888,1451,"76,85",1440,11,"99,24",437,"23,15",9,428,"22,67"
250110,AREIA,PB,07/2022,2674,1937,"72,44",1911,26,"98,66",737,"27,56",20,717,"26,81"
250110,AREIA,PB,09/2022,2646,1939,"73,28",1924,15,"99,23",707,"26,72",47,660,"24,94"
250110,AREIA,PB,11/2022,2623,1980,"75,49",1980,0,"100,00",643,"24,51",5,638,"24,32"
250115,AREIA DE BARAÚNAS,PB,11/2022,209,182,"87,08",177,5,"97,25",27,"12,92",1,26,"12,44"
250115,AREIA DE BARAÚNAS,PB,09/2022,215,177,"82,33",173,4,"97,74",38,"17,67",1,37,"17,21"
250115,AREIA DE BARAÚNAS,PB,07/2022,214,176,"82,24",175,1,"99,43",38,"17,76",2,36,"16,82"
250120,AREIAL,PB,07/2022,980,939,"95,82",868,71,"92,44",41,"4,18",18,23,"2,35"
250120,AREIAL,PB,09/2022,956,928,"97,07",891,37,"96,01",28,"2,93",10,18,"1,88"
250120,AREIAL,PB,11/2022,946,913,"96,51",888,25,"97,26",33,"3,49",10,23,"2,43"
250130,AROEIRAS,PB,11/2022,2492,2231,"89,53",2221,10,"99,55",261,"10,47",28,233,"9,35"
250130,AROEIRAS,PB,09/2022,2539,2255,"88,81",2248,7,"99,69",284,"11,19",51,233,"9,18"
250130,AROEIRAS,PB,07/2022,2555,2335,"91,39",2335,0,"100,00",220,"8,61",37,183,"7,16"
250135,ASSUNÇÃO,PB,07/2022,572,533,"93,18",524,9,"98,31",39,"6,82",4,35,"6,12"
250135,ASSUNÇÃO,PB,09/2022,582,544,"93,47",526,18,"96,69",38,"6,53",4,34,"5,84"
250135,ASSUNÇÃO,PB,11/2022,583,543,"93,14",536,7,"98,71",40,"6,86",4,36,"6,17"
250140,BAÍA DA TRAIÇÃO,PB,11/2022,1299,1136,"87,45",1095,41,"96,39",163,"12,55",7,156,"12,01"
250140,BAÍA DA TRAIÇÃO,PB,09/2022,1321,1155,"87,43",1118,37,"96,80",166,"12,57",7,159,"12,04"
250140,BAÍA DA TRAIÇÃO,PB,07/2022,1342,1154,"85,99",1098,56,"95,15",188,"14,01",7,181,"13,49"
250150,BANANEIRAS,PB,07/2022,2414,1306,"54,10",1306,0,"100,00",1108,"45,90",4,1104,"45,73"
250150,BANANEIRAS,PB,09/2022,2391,1306,"54,62",1306,0,"100,00",1085,"45,38",8,1077,"45,04"
250150,BANANEIRAS,PB,11/2022,2332,1732,"74,27",1732,0,"100,00",600,"25,73",9,591,"25,34"
250153,BARAÚNA,PB,11/2022,562,554,"98,58",547,7,"98,74",8,"1,42",3,5,"0,89"
250153,BARAÚNA,PB,09/2022,580,560,"96,55",530,30,"94,64",20,"3,45",0,20,"3,45"
250153,BARAÚNA,PB,07/2022,585,562,"96,07",531,31,"94,48",23,"3,93",3,20,"3,42"
250157,BARRA DE SANTANA,PB,07/2022,897,731,"81,49",713,18,"97,54",166,"18,51",5,161,"17,95"
250157,BARRA DE SANTANA,PB,09/2022,888,722,"81,31",714,8,"98,89",166,"18,69",2,164,"18,47"
250157,BARRA DE SANTANA,PB,11/2022,859,695,"80,91",687,8,"98,85",164,"19,09",9,155,"18,04"
250160,BARRA DE SANTA ROSA,PB,11/2022,1413,1197,"84,71",1197,0,"100,00",216,"15,29",44,172,"12,17"
250160,BARRA DE SANTA ROSA,PB,09/2022,1439,1223,"84,99",1223,0,"100,00",216,"15,01",2,214,"14,87"
250160,BARRA DE SANTA ROSA,PB,07/2022,1460,1128,"77,26",1127,1,"99,91",332,"22,74",77,255,"17,47"
250170,BARRA DE SÃO MIGUEL,PB,07/2022,798,678,"84,96",676,2,"99,71",120,"15,04",18,102,"12,78"
250170,BARRA DE SÃO MIGUEL,PB,09/2022,797,688,"86,32",688,0,"100,00",109,"13,68",12,97,"12,17"
250170,BARRA DE SÃO MIGUEL,PB,11/2022,787,674,"85,64",664,10,"98,52",113,"14,36",13,100,"12,71"
250180,BAYEUX,PB,11/2022,8975,7379,"82,22",7325,54,"99,27",1596,"17,78",83,1513,"16,86"
250180,BAYEUX,PB,09/2022,9212,7338,"79,66",7302,36,"99,51",1874,"20,34",101,1773,"19,25"
250180,BAYEUX,PB,07/2022,9063,6995,"77,18",6993,2,"99,97",2068,"22,82",97,1971,"21,75"
250190,BELÉM,PB,07/2022,1721,1068,"62,06",1039,29,"97,28",653,"37,94",31,622,"36,14"
250190,BELÉM,PB,09/2022,1579,1421,"89,99",1379,42,"97,04",158,"10,01",29,129,"8,17"
250190,BELÉM,PB,11/2022,1565,1419,"90,67",1376,43,"96,97",146,"9,33",19,127,"8,12"
250200,BELÉM DO BREJO DO CRUZ,PB,11/2022,806,731,"90,69",724,7,"99,04",75,"9,31",37,38,"4,71"
250200,BELÉM DO BREJO DO CRUZ,PB,09/2022,815,730,"89,57",715,15,"97,95",85,"10,43",38,47,"5,77"
250200,BELÉM DO BREJO DO CRUZ,PB,07/2022,833,702,"84,27",699,3,"99,57",131,"15,73",40,91,"10,92"
250205,BERNARDINO BATISTA,PB,07/2022,458,419,"91,48",419,0,"100,00",39,"8,52",2,37,"8,08"
250205,BERNARDINO BATISTA,PB,09/2022,459,422,"91,94",422,0,"100,00",37,"8,06",31,6,"1,31"
250205,BERNARDINO BATISTA,PB,11/2022,456,449,"98,46",449,0,"100,00",7,"1,54",3,4,"0,88"
250210,BOA VENTURA,PB,11/2022,633,413,"65,24",406,7,"98,31",220,"34,76",1,219,"34,60"
250210,BOA VENTURA,PB,09/2022,653,415,"63,55",401,14,"96,63",238,"36,45",1,237,"36,29"
250210,BOA VENTURA,PB,07/2022,690,439,"63,62",439,0,"100,00",251,"36,38",17,234,"33,91"
250215,BOA VISTA,PB,07/2022,533,187,"35,08",187,0,"100,00",346,"64,92",261,85,"15,95"
250215,BOA VISTA,PB,09/2022,574,515,"89,72",515,0,"100,00",59,"10,28",13,46,"8,01"
250215,BOA VISTA,PB,11/2022,554,537,"96,93",537,0,"100,00",17,"3,07",5,12,"2,17"
250220,BOM JESUS,PB,11/2022,279,265,"94,98",258,7,"97,36",14,"5,02",2,12,"4,30"
250220,BOM JESUS,PB,09/2022,282,252,"89,36",251,1,"99,60",30,"10,64",0,30,"10,64"
250220,BOM JESUS,PB,07/2022,283,258,"91,17",253,5,"98,06",25,"8,83",0,25,"8,83"
250230,BOM SUCESSO,PB,07/2022,390,365,"93,59",362,3,"99,18",25,"6,41",6,19,"4,87"
250230,BOM SUCESSO,PB,09/2022,392,370,"94,39",358,12,"96,76",22,"5,61",11,11,"2,81"
250230,BOM SUCESSO,PB,11/2022,377,363,"96,29",348,15,"95,87",14,"3,71",4,10,"2,65"
250240,BONITO DE SANTA FÉ,PB,11/2022,1316,1168,"88,75",1168,0,"100,00",148,"11,25",3,145,"11,02"
250240,BONITO DE SANTA FÉ,PB,09/2022,1338,985,"73,62",982,3,"99,70",353,"26,38",1,352,"26,31"
250240,BONITO DE SANTA FÉ,PB,07/2022,1330,981,"73,76",981,0,"100,00",349,"26,24",3,346,"26,02"
250250,BOQUEIRÃO,PB,07/2022,2406,2090,"86,87",2090,0,"100,00",316,"13,13",49,267,"11,10"
250250,BOQUEIRÃO,PB,09/2022,2410,2138,"88,71",2138,0,"100,00",272,"11,29",14,258,"10,71"
250250,BOQUEIRÃO,PB,11/2022,2372,2178,"91,82",2178,0,"100,00",194,"8,18",9,185,"7,80"
250260,IGARACY,PB,11/2022,670,575,"85,82",563,12,"97,91",95,"14,18",2,93,"13,88"
250260,IGARACY,PB,09/2022,697,591,"84,79",571,20,"96,62",106,"15,21",1,105,"15,06"
250260,IGARACY,PB,07/2022,700,587,"83,86",564,23,"96,08",113,"16,14",1,112,"16,00"
250270,BORBOREMA,PB,07/2022,640,405,"63,28",398,7,"98,27",235,"36,72",162,73,"11,41"
250270,BORBOREMA,PB,09/2022,645,572,"88,68",572,0,"100,00",73,"11,32",0,73,"11,32"
250270,BORBOREMA,PB,11/2022,628,555,"88,38",543,12,"97,84",73,"11,62",5,68,"10,83"
250280,BREJO DO CRUZ,PB,11/2022,1491,1384,"92,82",1384,0,"100,00",107,"7,18",21,86,"5,77"
250280,BREJO DO CRUZ,PB,09/2022,1498,1384,"92,39",1381,3,"99,78",114,"7,61",26,88,"5,87"
250280,BREJO DO CRUZ,PB,07/2022,1504,1405,"93,42",1390,15,"98,93",99,"6,58",27,72,"4,79"
250290,BREJO DOS SANTOS,PB,07/2022,559,522,"93,38",521,1,"99,81",37,"6,62",5,32,"5,72"
250290,BREJO DOS SANTOS,PB,09/2022,553,530,"95,84",515,15,"97,17",23,"4,16",5,18,"3,25"
250290,BREJO DOS SANTOS,PB,11/2022,556,529,"95,14",521,8,"98,49",27,"4,86",11,16,"2,88"
250300,CAAPORÃ,PB,11/2022,2925,2629,"89,88",2586,43,"98,36",296,"10,12",10,286,"9,78"
250300,CAAPORÃ,PB,09/2022,3016,2613,"86,64",2564,49,"98,12",403,"13,36",20,383,"12,70"
250300,CAAPORÃ,PB,07/2022,3129,2665,"85,17",2633,32,"98,80",464,"14,83",37,427,"13,65"
250310,CABACEIRAS,PB,07/2022,530,514,"96,98",514,0,"100,00",16,"3,02",5,11,"2,08"
250310,CABACEIRAS,PB,09/2022,505,497,"98,42",493,4,"99,20",8,"1,58",0,8,"1,58"
250310,CABACEIRAS,PB,11/2022,510,500,"98,04",491,9,"98,20",10,"1,96",6,4,"0,78"
250320,CABEDELO,PB,11/2022,5643,4168,"73,86",4167,1,"99,98",1475,"26,14",146,1329,"23,55"
250320,CABEDELO,PB,09/2022,5687,4137,"72,74",4136,1,"99,98",1550,"27,26",81,1469,"25,83"
250320,CABEDELO,PB,07/2022,5520,3826,"69,31",3825,1,"99,97",1694,"30,69",314,1380,"25,00"
250330,CACHOEIRA DOS ÍNDIOS,PB,07/2022,989,946,"95,65",946,0,"100,00",43,"4,35",5,38,"3,84"
250330,CACHOEIRA DOS ÍNDIOS,PB,09/2022,975,922,"94,56",922,0,"100,00",53,"5,44",7,46,"4,72"
250330,CACHOEIRA DOS ÍNDIOS,PB,11/2022,959,909,"94,79",909,0,"100,00",50,"5,21",4,46,"4,80"
250340,CACIMBA DE AREIA,PB,11/2022,349,335,"95,99",334,1,"99,70",14,"4,01",6,8,"2,29"
250340,CACIMBA DE AREIA,PB,09/2022,366,347,"94,81",345,2,"99,42",19,"5,19",13,6,"1,64"
250340,CACIMBA DE AREIA,PB,07/2022,385,355,"92,21",354,1,"99,72",30,"7,79",13,17,"4,42"
250350,CACIMBA DE DENTRO,PB,07/2022,1983,1333,"67,22",1316,17,"98,72",650,"32,78",1,649,"32,73"
250350,CACIMBA DE DENTRO,PB,09/2022,1945,1392,"71,57",1389,3,"99,78",553,"28,43",3,550,"28,28"
250350,CACIMBA DE DENTRO,PB,11/2022,1896,1893,"99,84",1822,71,"96,25",3,"0,16",2,1,"0,05"
250355,CACIMBAS,PB,11/2022,1309,873,"66,69",861,12,"98,63",436,"33,31",343,93,"7,10"
250355,CACIMBAS,PB,09/2022,1332,1229,"92,27",1229,0,"100,00",103,"7,73",6,97,"7,28"
250355,CACIMBAS,PB,07/2022,1342,1222,"91,06",1222,0,"100,00",120,"8,94",9,111,"8,27"
250360,CAIÇARA,PB,07/2022,810,556,"68,64",547,9,"98,38",254,"31,36",28,226,"27,90"
250360,CAIÇARA,PB,09/2022,805,568,"70,56",557,11,"98,06",237,"29,44",10,227,"28,20"
250360,CAIÇARA,PB,11/2022,799,590,"73,84",574,16,"97,29",209,"26,16",6,203,"25,41"
250370,CAJAZEIRAS,PB,11/2022,6018,4351,"72,30",4317,34,"99,22",1667,"27,70",3,1664,"27,65"
250370,CAJAZEIRAS,PB,09/2022,6053,4090,"67,57",4011,79,"98,07",1963,"32,43",3,1960,"32,38"
250370,CAJAZEIRAS,PB,07/2022,5973,4040,"67,64",3973,67,"98,34",1933,"32,36",6,1927,"32,26"
250375,CAJAZEIRINHAS,PB,07/2022,509,348,"68,37",346,2,"99,43",161,"31,63",2,159,"31,24"
250375,CAJAZEIRINHAS,PB,09/2022,517,359,"69,44",357,2,"99,44",158,"30,56",2,156,"30,17"
250375,CAJAZEIRINHAS,PB,11/2022,490,341,"69,59",341,0,"100,00",149,"30,41",2,147,"30,00"
250380,CALDAS BRANDÃO,PB,11/2022,772,593,"76,81",593,0,"100,00",179,"23,19",2,177,"22,93"
250380,CALDAS BRANDÃO,PB,09/2022,790,600,"75,95",600,0,"100,00",190,"24,05",4,186,"23,54"
250380,CALDAS BRANDÃO,PB,07/2022,776,570,"73,45",519,51,"91,05",206,"26,55",15,191,"24,61"
250390,CAMALAÚ,PB,07/2022,737,677,"91,86",648,29,"95,72",60,"8,14",6,54,"7,33"
250390,CAMALAÚ,PB,09/2022,720,681,"94,58",654,27,"96,04",39,"5,42",17,22,"3,06"
250390,CAMALAÚ,PB,11/2022,690,670,"97,10",630,40,"94,03",20,"2,90",6,14,"2,03"
250400,CAMPINA GRANDE,PB,11/2022,25255,15410,"61,02",15410,0,"100,00",9845,"38,98",4075,5770,"22,85"
250400,CAMPINA GRANDE,PB,09/2022,25870,18901,"73,06",18901,0,"100,00",6969,"26,94",988,5981,"23,12"
250400,CAMPINA GRANDE,PB,07/2022,25833,18370,"71,11",18369,1,"99,99",7463,"28,89",1491,5972,"23,12"
250403,CAPIM,PB,07/2022,974,881,"90,45",878,3,"99,66",93,"9,55",10,83,"8,52"
250403,CAPIM,PB,09/2022,961,909,"94,59",899,10,"98,90",52,"5,41",5,47,"4,89"
250403,CAPIM,PB,11/2022,954,900,"94,34",900,0,"100,00",54,"5,66",9,45,"4,72"
250407,CARAÚBAS,PB,11/2022,427,354,"82,90",327,27,"92,37",73,"17,10",40,33,"7,73"
250407,CARAÚBAS,PB,09/2022,445,373,"83,82",315,58,"84,45",72,"16,18",49,23,"5,17"
250407,CARAÚBAS,PB,07/2022,447,393,"87,92",393,0,"100,00",54,"12,08",32,22,"4,92"
250410,CARRAPATEIRA,PB,07/2022,262,247,"94,27",247,0,"100,00",15,"5,73",6,9,"3,44"
250410,CARRAPATEIRA,PB,09/2022,255,241,"94,51",241,0,"100,00",14,"5,49",4,10,"3,92"
250410,CARRAPATEIRA,PB,11/2022,259,246,"94,98",246,0,"100,00",13,"5,02",4,9,"3,47"
250415,CASSERENGUE,PB,11/2022,832,710,"85,34",652,58,"91,83",122,"14,66",1,121,"14,54"
250415,CASSERENGUE,PB,09/2022,850,621,"73,06",547,74,"88,08",229,"26,94",7,222,"26,12"
250415,CASSERENGUE,PB,07/2022,858,632,"73,66",610,22,"96,52",226,"26,34",2,224,"26,11"
250420,CATINGUEIRA,PB,07/2022,583,529,"90,74",440,89,"83,18",54,"9,26",2,52,"8,92"
250420,CATINGUEIRA,PB,09/2022,557,423,"75,94",367,56,"86,76",134,"24,06",121,13,"2,33"
250420,CATINGUEIRA,PB,11/2022,549,525,"95,63",432,93,"82,29",24,"4,37",4,20,"3,64"
250430,CATOLÉ DO ROCHA,PB,11/2022,2686,2192,"81,61",2186,6,"99,73",494,"18,39",28,466,"17,35"
250430,CATOLÉ DO ROCHA,PB,09/2022,2751,2396,"87,10",2396,0,"100,00",355,"12,90",19,336,"12,21"
250430,CATOLÉ DO ROCHA,PB,07/2022,2653,2200,"82,92",2198,2,"99,91",453,"17,08",105,348,"13,12"
250435,CATURITÉ,PB,07/2022,647,604,"93,35",598,6,"99,01",43,"6,65",10,33,"5,10"
250435,CATURITÉ,PB,09/2022,629,597,"94,91",596,1,"99,83",32,"5,09",6,26,"4,13"
250435,CATURITÉ,PB,11/2022,625,597,"95,52",597,0,"100,00",28,"4,48",6,22,"3,52"
250440,CONCEIÇÃO,PB,11/2022,1953,1837,"94,06",1813,24,"98,69",116,"5,94",7,109,"5,58"
250440,CONCEIÇÃO,PB,09/2022,1997,1897,"94,99",1884,13,"99,31",100,"5,01",20,80,"4,01"
250440,CONCEIÇÃO,PB,07/2022,2095,1614,"77,04",1603,11,"99,32",481,"22,96",9,472,"22,53"
250450,CONDADO,PB,07/2022,699,603,"86,27",602,1,"99,83",96,"13,73",1,95,"13,59"
250450,CONDADO,PB,09/2022,682,590,"86,51",583,7,"98,81",92,"13,49",3,89,"13,05"
250450,CONDADO,PB,11/2022,669,587,"87,74",587,0,"100,00",82,"12,26",0,82,"12,26"
250460,CONDE,PB,11/2022,3867,3350,"86,63",3292,58,"98,27",517,"13,37",51,466,"12,05"
250460,CONDE,PB,09/2022,3914,3407,"87,05",3325,82,"97,59",507,"12,95",57,450,"11,50"
250460,CONDE,PB,07/2022,3941,3147,"79,85",3042,105,"96,66",794,"20,15",17,777,"19,72"
250470,CONGO,PB,07/2022,550,476,"86,55",476,0,"100,00",74,"13,45",4,70,"12,73"
250470,CONGO,PB,09/2022,546,474,"86,81",474,0,"100,00",72,"13,19",6,66,"12,09"
250470,CONGO,PB,11/2022,542,507,"93,54",507,0,"100,00",35,"6,46",3,32,"5,90"
250480,COREMAS,PB,11/2022,1780,1524,"85,62",1499,25,"98,36",256,"14,38",8,248,"13,93"
250480,COREMAS,PB,09/2022,1823,1604,"87,99",1539,65,"95,95",219,"12,01",14,205,"11,25"
250480,COREMAS,PB,07/2022,1916,1544,"80,58",1442,102,"93,39",372,"19,42",10,362,"18,89"
250485,COXIXOLA,PB,07/2022,170,165,"97,06",165,0,"100,00",5,"2,94",2,3,"1,76"
250485,COXIXOLA,PB,09/2022,176,169,"96,02",169,0,"100,00",7,"3,98",3,4,"2,27"
250485,COXIXOLA,PB,11/2022,165,160,"96,97",160,0,"100,00",5,"3,03",1,4,"2,42"
250490,CRUZ DO ESPÍRITO SANTO,PB,11/2022,2407,2058,"85,50",2058,0,"100,00",349,"14,50",5,344,"14,29"
250490,CRUZ DO ESPÍRITO SANTO,PB,09/2022,2452,2106,"85,89",2106,0,"100,00",346,"14,11",4,342,"13,95"
250490,CRUZ DO ESPÍRITO SANTO,PB,07/2022,2472,2118,"85,68",2118,0,"100,00",354,"14,32",15,339,"13,71"
250500,CUBATI,PB,07/2022,870,789,"90,69",784,5,"99,37",81,"9,31",4,77,"8,85"
250500,CUBATI,PB,09/2022,840,805,"95,83",765,40,"95,03",35,"4,17",16,19,"2,26"
250500,CUBATI,PB,11/2022,815,790,"96,93",765,25,"96,84",25,"3,07",6,19,"2,33"
250510,CUITÉ,PB,11/2022,2014,1681,"83,47",1679,2,"99,88",333,"16,53",165,168,"8,34"
250510,CUITÉ,PB,09/2022,2104,1573,"74,76",1573,0,"100,00",531,"25,24",223,308,"14,64"
250510,CUITÉ,PB,07/2022,2138,1524,"71,28",1524,0,"100,00",614,"28,72",48,566,"26,47"
250520,CUITEGI,PB,07/2022,934,802,"85,87",801,1,"99,88",132,"14,13",4,128,"13,70"
250520,CUITEGI,PB,09/2022,942,813,"86,31",813,0,"100,00",129,"13,69",0,129,"13,69"
250520,CUITEGI,PB,11/2022,938,869,"92,64",869,0,"100,00",69,"7,36",0,69,"7,36"
250523,CUITÉ DE MAMANGUAPE,PB,11/2022,816,770,"94,36",748,22,"97,14",46,"5,64",19,27,"3,31"
250523,CUITÉ DE MAMANGUAPE,PB,09/2022,828,799,"96,50",772,27,"96,62",29,"3,50",16,13,"1,57"
250523,CUITÉ DE MAMANGUAPE,PB,07/2022,840,706,"84,05",701,5,"99,29",134,"15,95",26,108,"12,86"
250527,CURRAL DE CIMA,PB,07/2022,785,694,"88,41",694,0,"100,00",91,"11,59",27,64,"8,15"
250527,CURRAL DE CIMA,PB,09/2022,776,709,"91,37",709,0,"100,00",67,"8,63",4,63,"8,12"
250527,CURRAL DE CIMA,PB,11/2022,757,672,"88,77",672,0,"100,00",85,"11,23",21,64,"8,45"
250530,CURRAL VELHO,PB,11/2022,239,213,"89,12",213,0,"100,00",26,"10,88",3,23,"9,62"
250530,CURRAL VELHO,PB,09/2022,244,220,"90,16",220,0,"100,00",24,"9,84",1,23,"9,43"
250530,CURRAL VELHO,PB,07/2022,244,211,"86,48",211,0,"100,00",33,"13,52",10,23,"9,43"
250535,DAMIÃO,PB,07/2022,609,526,"86,37",518,8,"98,48",83,"13,63",2,81,"13,30"
250535,DAMIÃO,PB,09/2022,596,512,"85,91",502,10,"98,05",84,"14,09",3,81,"13,59"
250535,DAMIÃO,PB,11/2022,573,530,"92,50",528,2,"99,62",43,"7,50",2,41,"7,16"
250540,DESTERRO,PB,11/2022,1025,896,"87,41",896,0,"100,00",129,"12,59",15,114,"11,12"
250540,DESTERRO,PB,09/2022,1047,916,"87,49",916,0,"100,00",131,"12,51",11,120,"11,46"
250540,DESTERRO,PB,07/2022,1061,854,"80,49",854,0,"100,00",207,"19,51",16,191,"18,00"
250550,VISTA SERRANA,PB,07/2022,356,346,"97,19",346,0,"100,00",10,"2,81",0,10,"2,81"
250550,VISTA SERRANA,PB,09/2022,354,345,"97,46",345,0,"100,00",9,"2,54",0,9,"2,54"
250550,VISTA SERRANA,PB,11/2022,349,345,"98,85",345,0,"100,00",4,"1,15",0,4,"1,15"
250560,DIAMANTE,PB,11/2022,756,666,"88,10",665,1,"99,85",90,"11,90",1,89,"11,77"
250560,DIAMANTE,PB,09/2022,766,677,"88,38",676,1,"99,85",89,"11,62",1,88,"11,49"
250560,DIAMANTE,PB,07/2022,764,676,"88,48",675,1,"99,85",88,"11,52",3,85,"11,13"
250570,DONA INÊS,PB,07/2022,1297,1247,"96,14",1247,0,"100,00",50,"3,86",1,49,"3,78"
250570,DONA INÊS,PB,09/2022,1287,1256,"97,59",1238,18,"98,57",31,"2,41",1,30,"2,33"
250570,DONA INÊS,PB,11/2022,1261,1239,"98,26",1225,14,"98,87",22,"1,74",4,18,"1,43"
250580,DUAS ESTRADAS,PB,11/2022,496,472,"95,16",471,1,"99,79",24,"4,84",3,21,"4,23"
250580,DUAS ESTRADAS,PB,09/2022,509,460,"90,37",456,4,"99,13",49,"9,63",3,46,"9,04"
250580,DUAS ESTRADAS,PB,07/2022,492,392,"79,67",391,1,"99,74",100,"20,33",60,40,"8,13"
250590,EMAS,PB,07/2022,428,398,"92,99",348,50,"87,44",30,"7,01",4,26,"6,07"
250590,EMAS,PB,09/2022,404,383,"94,80",358,25,"93,47",21,"5,20",8,13,"3,22"
250590,EMAS,PB,11/2022,394,376,"95,43",376,0,"100,00",18,"4,57",3,15,"3,81"
250600,ESPERANÇA,PB,11/2022,3518,2254,"64,07",2228,26,"98,85",1264,"35,93",408,856,"24,33"
250600,ESPERANÇA,PB,09/2022,3613,2261,"62,58",2194,67,"97,04",1352,"37,42",187,1165,"32,24"
250600,ESPERANÇA,PB,07/2022,3619,2161,"59,71",2076,85,"96,07",1458,"40,29",326,1132,"31,28"
250610,FAGUNDES,PB,07/2022,1568,842,"53,70",842,0,"100,00",726,"46,30",8,718,"45,79"
250610,FAGUNDES,PB,09/2022,1540,902,"58,57",902,0,"100,00",638,"41,43",2,636,"41,30"
250610,FAGUNDES,PB,11/2022,1510,1026,"67,95",1026,0,"100,00",484,"32,05",14,470,"31,13"
250620,FREI MARTINHO,PB,11/2022,273,241,"88,28",196,45,"81,33",32,"11,72",14,18,"6,59"
250620,FREI MARTINHO,PB,09/2022,274,243,"88,69",128,115,"52,67",31,"11,31",18,13,"4,74"
250620,FREI MARTINHO,PB,07/2022,274,233,"85,04",221,12,"94,85",41,"14,96",28,13,"4,74"
250625,GADO BRAVO,PB,07/2022,1130,758,"67,08",758,0,"100,00",372,"32,92",247,125,"11,06"
250625,GADO BRAVO,PB,09/2022,1134,744,"65,61",744,0,"100,00",390,"34,39",254,136,"11,99"
250625,GADO BRAVO,PB,11/2022,1130,872,"77,17",868,4,"99,54",258,"22,83",177,81,"7,17"
250630,GUARABIRA,PB,11/2022,4991,4662,"93,41",4623,39,"99,16",329,"6,59",8,321,"6,43"
250630,GUARABIRA,PB,09/2022,4972,4643,"93,38",4467,176,"96,21",329,"6,62",18,311,"6,26"
250630,GUARABIRA,PB,07/2022,5023,4447,"88,53",4114,333,"92,51",576,"11,47",10,566,"11,27"
250640,GURINHÉM,PB,07/2022,1724,1454,"84,34",1454,0,"100,00",270,"15,66",20,250,"14,50"
250640,GURINHÉM,PB,09/2022,1721,1452,"84,37",1448,4,"99,72",269,"15,63",16,253,"14,70"
250640,GURINHÉM,PB,11/2022,1695,1438,"84,84",1438,0,"100,00",257,"15,16",12,245,"14,45"
250650,GURJÃO,PB,11/2022,381,378,"99,21",378,0,"100,00",3,"0,79",2,1,"0,26"
250650,GURJÃO,PB,09/2022,389,383,"98,46",383,0,"100,00",6,"1,54",5,1,"0,26"
250650,GURJÃO,PB,07/2022,387,383,"98,97",383,0,"100,00",4,"1,03",2,2,"0,52"
250660,IBIARA,PB,07/2022,608,477,"78,45",477,0,"100,00",131,"21,55",7,124,"20,39"
250660,IBIARA,PB,09/2022,598,443,"74,08",443,0,"100,00",155,"25,92",4,151,"25,25"
250660,IBIARA,PB,11/2022,580,481,"82,93",477,4,"99,17",99,"17,07",5,94,"16,21"
250670,IMACULADA,PB,11/2022,1288,1066,"82,76",1061,5,"99,53",222,"17,24",1,221,"17,16"
250670,IMACULADA,PB,09/2022,1322,1101,"83,28",1101,0,"100,00",221,"16,72",3,218,"16,49"
250670,IMACULADA,PB,07/2022,1335,1112,"83,30",1107,5,"99,55",223,"16,70",1,222,"16,63"
250680,INGÁ,PB,07/2022,2365,2041,"86,30",2040,1,"99,95",324,"13,70",8,316,"13,36"
250680,INGÁ,PB,09/2022,2373,2049,"86,35",2049,0,"100,00",324,"13,65",12,312,"13,15"
250680,INGÁ,PB,11/2022,2343,2026,"86,47",2026,0,"100,00",317,"13,53",10,307,"13,10"
250690,ITABAIANA,PB,11/2022,2208,1744,"78,99",1716,28,"98,39",464,"21,01",19,445,"20,15"
250690,ITABAIANA,PB,09/2022,2265,1708,"75,41",1708,0,"100,00",557,"24,59",25,532,"23,49"
250690,ITABAIANA,PB,07/2022,2398,1311,"54,67",1310,1,"99,92",1087,"45,33",15,1072,"44,70"
250700,ITAPORANGA,PB,07/2022,2176,1418,"65,17",1369,49,"96,54",758,"34,83",339,419,"19,26"
250700,ITAPORANGA,PB,09/2022,2161,1712,"79,22",1642,70,"95,91",449,"20,78",118,331,"15,32"
250700,ITAPORANGA,PB,11/2022,2121,1776,"83,73",1666,110,"93,81",345,"16,27",42,303,"14,29"
250710,ITAPOROROCA,PB,11/2022,2123,2040,"96,09",2035,5,"99,75",83,"3,91",15,68,"3,20"
250710,ITAPOROROCA,PB,09/2022,2166,2053,"94,78",2048,5,"99,76",113,"5,22",9,104,"4,80"
250710,ITAPOROROCA,PB,07/2022,2202,2018,"91,64",2013,5,"99,75",184,"8,36",3,181,"8,22"
250720,ITATUBA,PB,07/2022,1506,1475,"97,94",1475,0,"100,00",31,"2,06",6,25,"1,66"
250720,ITATUBA,PB,09/2022,1500,1466,"97,73",1466,0,"100,00",34,"2,27",16,18,"1,20"
250720,ITATUBA,PB,11/2022,1477,1442,"97,63",1442,0,"100,00",35,"2,37",9,26,"1,76"
250730,JACARAÚ,PB,11/2022,1929,1290,"66,87",1274,16,"98,76",639,"33,13",6,633,"32,81"
250730,JACARAÚ,PB,09/2022,1955,1251,"63,99",1224,27,"97,84",704,"36,01",50,654,"33,45"
250730,JACARAÚ,PB,07/2022,1945,1269,"65,24",1267,2,"99,84",676,"34,76",8,668,"34,34"
250740,JERICÓ,PB,07/2022,757,532,"70,28",532,0,"100,00",225,"29,72",8,217,"28,67"
250740,JERICÓ,PB,09/2022,723,450,"62,24",449,1,"99,78",273,"37,76",164,109,"15,08"
250740,JERICÓ,PB,11/2022,705,588,"83,40",582,6,"98,98",117,"16,60",8,109,"15,46"
250750,JOÃO PESSOA,PB,11/2022,50542,23217,"45,94",23081,136,"99,41",27325,"54,06",6149,21176,"41,90"
250750,JOÃO PESSOA,PB,09/2022,51248,21588,"42,12",21133,455,"97,89",29660,"57,88",7965,21695,"42,33"
250750,JOÃO PESSOA,PB,07/2022,50088,22568,"45,06",22359,209,"99,07",27520,"54,94",6894,20626,"41,18"
250760,JUAREZ TÁVORA,PB,07/2022,1040,808,"77,69",799,9,"98,89",232,"22,31",67,165,"15,87"
250760,JUAREZ TÁVORA,PB,09/2022,1020,841,"82,45",816,25,"97,03",179,"17,55",71,108,"10,59"
250760,JUAREZ TÁVORA,PB,11/2022,1010,860,"85,15",858,2,"99,77",150,"14,85",23,127,"12,57"
250770,JUAZEIRINHO,PB,11/2022,2269,2131,"93,92",2131,0,"100,00",138,"6,08",16,122,"5,38"
250770,JUAZEIRINHO,PB,09/2022,2342,2129,"90,91",2128,1,"99,95",213,"9,09",14,199,"8,50"
250770,JUAZEIRINHO,PB,07/2022,2377,1852,"77,91",1852,0,"100,00",525,"22,09",44,481,"20,24"
250780,JUNCO DO SERIDÓ,PB,07/2022,670,624,"93,13",624,0,"100,00",46,"6,87",8,38,"5,67"
250780,JUNCO DO SERIDÓ,PB,09/2022,686,661,"96,36",657,4,"99,39",25,"3,64",11,14,"2,04"
250780,JUNCO DO SERIDÓ,PB,11/2022,665,648,"97,44",646,2,"99,69",17,"2,56",4,13,"1,95"
250790,JURIPIRANGA,PB,11/2022,1304,1161,"89,03",1145,16,"98,62",143,"10,97",5,138,"10,58"
250790,JURIPIRANGA,PB,09/2022,1270,1050,"82,68",1043,7,"99,33",220,"17,32",2,218,"17,17"
250790,JURIPIRANGA,PB,07/2022,1268,1014,"79,97",1004,10,"99,01",254,"20,03",8,246,"19,40"
250800,JURU,PB,07/2022,1033,685,"66,31",685,0,"100,00",348,"33,69",3,345,"33,40"
250800,JURU,PB,09/2022,1009,777,"77,01",774,3,"99,61",232,"22,99",1,231,"22,89"
250800,JURU,PB,11/2022,971,825,"84,96",822,3,"99,64",146,"15,04",1,145,"14,93"
250810,LAGOA,PB,11/2022,496,234,"47,18",234,0,"100,00",262,"52,82",184,78,"15,73"
250810,LAGOA,PB,09/2022,509,239,"46,95",239,0,"100,00",270,"53,05",182,88,"17,29"
250810,LAGOA,PB,07/2022,502,237,"47,21",234,3,"98,73",265,"52,79",181,84,"16,73"
250820,LAGOA DE DENTRO,PB,07/2022,1081,804,"74,38",804,0,"100,00",277,"25,62",4,273,"25,25"
250820,LAGOA DE DENTRO,PB,09/2022,1077,820,"76,14",820,0,"100,00",257,"23,86",5,252,"23,40"
250820,LAGOA DE DENTRO,PB,11/2022,1042,840,"80,61",840,0,"100,00",202,"19,39",9,193,"18,52"
250830,LAGOA SECA,PB,11/2022,2708,2500,"92,32",2485,15,"99,40",208,"7,68",17,191,"7,05"
250830,LAGOA SECA,PB,09/2022,2755,2427,"88,09",2402,25,"98,97",328,"11,91",15,313,"11,36"
250830,LAGOA SECA,PB,07/2022,2828,2571,"90,91",2568,3,"99,88",257,"9,09",7,250,"8,84"
250840,LASTRO,PB,07/2022,372,367,"98,66",349,18,"95,10",5,"1,34",0,5,"1,34"
250840,LASTRO,PB,09/2022,363,354,"97,52",345,9,"97,46",9,"2,48",1,8,"2,20"
250840,LASTRO,PB,11/2022,359,350,"97,49",344,6,"98,29",9,"2,51",0,9,"2,51"
250850,LIVRAMENTO,PB,11/2022,901,778,"86,35",777,1,"99,87",123,"13,65",9,114,"12,65"
250850,LIVRAMENTO,PB,09/2022,917,776,"84,62",775,1,"99,87",141,"15,38",10,131,"14,29"
250850,LIVRAMENTO,PB,07/2022,941,792,"84,17",792,0,"100,00",149,"15,83",14,135,"14,35"
250855,LOGRADOURO,PB,07/2022,529,493,"93,19",409,84,"82,96",36,"6,81",30,6,"1,13"
250855,LOGRADOURO,PB,09/2022,515,397,"77,09",393,4,"98,99",118,"22,91",29,89,"17,28"
250855,LOGRADOURO,PB,11/2022,516,393,"76,16",388,5,"98,73",123,"23,84",23,100,"19,38"
250860,LUCENA,PB,11/2022,1547,1500,"96,96",1373,127,"91,53",47,"3,04",18,29,"1,87"
250860,LUCENA,PB,09/2022,1568,1517,"96,75",1350,167,"88,99",51,"3,25",12,39,"2,49"
250860,LUCENA,PB,07/2022,1626,1418,"87,21",1254,164,"88,43",208,"12,79",22,186,"11,44"
250870,MÃE D´ÁGUA,PB,07/2022,390,340,"87,18",336,4,"98,82",50,"12,82",6,44,"11,28"
250870,MÃE D´ÁGUA,PB,09/2022,369,344,"93,22",335,9,"97,38",25,"6,78",7,18,"4,88"
250870,MÃE D´ÁGUA,PB,11/2022,372,341,"91,67",332,9,"97,36",31,"8,33",5,26,"6,99"
250880,MALTA,PB,11/2022,644,610,"94,72",610,0,"100,00",34,"5,28",0,34,"5,28"
250880,MALTA,PB,09/2022,653,617,"94,49",616,1,"99,84",36,"5,51",1,35,"5,36"
250880,MALTA,PB,07/2022,663,616,"92,91",616,0,"100,00",47,"7,09",3,44,"6,64"
250890,MAMANGUAPE,PB,07/2022,5198,3013,"57,96",2888,125,"95,85",2185,"42,04",50,2135,"41,07"
250890,MAMANGUAPE,PB,09/2022,5237,3096,"59,12",2955,141,"95,45",2141,"40,88",18,2123,"40,54"
250890,MAMANGUAPE,PB,11/2022,5126,2436,"47,52",2370,66,"97,29",2690,"52,48",699,1991,"38,84"
250900,MANAÍRA,PB,11/2022,1440,1346,"93,47",1339,7,"99,48",94,"6,53",0,94,"6,53"
250900,MANAÍRA,PB,09/2022,1466,1312,"89,50",1309,3,"99,77",154,"10,50",3,151,"10,30"
250900,MANAÍRA,PB,07/2022,1468,1284,"87,47",1282,2,"99,84",184,"12,53",4,180,"12,26"
250905,MARCAÇÃO,PB,07/2022,1491,1291,"86,59",1291,0,"100,00",200,"13,41",2,198,"13,28"
250905,MARCAÇÃO,PB,09/2022,1466,1265,"86,29",1265,0,"100,00",201,"13,71",2,199,"13,57"
250905,MARCAÇÃO,PB,11/2022,1443,1228,"85,10",1228,0,"100,00",215,"14,90",23,192,"13,31"
250910,MARI,PB,11/2022,2600,1852,"71,23",1850,2,"99,89",748,"28,77",70,678,"26,08"
250910,MARI,PB,09/2022,2660,1706,"64,14",1699,7,"99,59",954,"35,86",89,865,"32,52"
250910,MARI,PB,07/2022,2649,1613,"60,89",1609,4,"99,75",1036,"39,11",170,866,"32,69"
250915,MARIZÓPOLIS,PB,07/2022,766,625,"81,59",625,0,"100,00",141,"18,41",7,134,"17,49"
250915,MARIZÓPOLIS,PB,09/2022,765,610,"79,74",594,16,"97,38",155,"20,26",3,152,"19,87"
250915,MARIZÓPOLIS,PB,11/2022,754,632,"83,82",628,4,"99,37",122,"16,18",8,114,"15,12"
250920,MASSARANDUBA,PB,11/2022,1485,1364,"91,85",1351,13,"99,05",121,"8,15",32,89,"5,99"
250920,MASSARANDUBA,PB,09/2022,1467,1358,"92,57",1341,17,"98,75",109,"7,43",8,101,"6,88"
250920,MASSARANDUBA,PB,07/2022,1474,1314,"89,15",1294,20,"98,48",160,"10,85",44,116,"7,87"
250930,MATARACA,PB,07/2022,1266,1126,"88,94",1086,40,"96,45",140,"11,06",14,126,"9,95"
250930,MATARACA,PB,09/2022,1260,1103,"87,54",1054,49,"95,56",157,"12,46",6,151,"11,98"
250930,MATARACA,PB,11/2022,1240,1128,"90,97",1034,94,"91,67",112,"9,03",5,107,"8,63"
250933,MATINHAS,PB,11/2022,603,590,"97,84",587,3,"99,49",13,"2,16",4,9,"1,49"
250933,MATINHAS,PB,09/2022,602,570,"94,68",570,0,"100,00",32,"5,32",1,31,"5,15"
250933,MATINHAS,PB,07/2022,601,569,"94,68",568,1,"99,82",32,"5,32",3,29,"4,83"
250937,MATO GROSSO,PB,07/2022,322,215,"66,77",210,5,"97,67",107,"33,23",16,91,"28,26"
250937,MATO GROSSO,PB,09/2022,322,177,"54,97",172,5,"97,18",145,"45,03",46,99,"30,75"
250937,MATO GROSSO,PB,11/2022,322,220,"68,32",207,13,"94,09",102,"31,68",3,99,"30,75"
250939,MATURÉIA,PB,11/2022,770,728,"94,55",721,7,"99,04",42,"5,45",1,41,"5,32"
250939,MATURÉIA,PB,09/2022,763,720,"94,36",720,0,"100,00",43,"5,64",1,42,"5,50"
250939,MATURÉIA,PB,07/2022,755,711,"94,17",699,12,"98,31",44,"5,83",5,39,"5,17"
250940,MOGEIRO,PB,07/2022,1902,1746,"91,80",1730,16,"99,08",156,"8,20",8,148,"7,78"
250940,MOGEIRO,PB,09/2022,1909,1661,"87,01",1588,73,"95,61",248,"12,99",8,240,"12,57"
250940,MOGEIRO,PB,11/2022,1884,1645,"87,31",1581,64,"96,11",239,"12,69",3,236,"12,53"
250950,MONTADAS,PB,11/2022,708,692,"97,74",674,18,"97,40",16,"2,26",9,7,"0,99"
250950,MONTADAS,PB,09/2022,725,716,"98,76",699,17,"97,63",9,"1,24",2,7,"0,97"
250950,MONTADAS,PB,07/2022,736,679,"92,26",675,4,"99,41",57,"7,74",7,50,"6,79"
250960,MONTE HOREBE,PB,07/2022,528,373,"70,64",373,0,"100,00",155,"29,36",6,149,"28,22"
250960,MONTE HOREBE,PB,09/2022,532,403,"75,75",403,0,"100,00",129,"24,25",0,129,"24,25"
250960,MONTE HOREBE,PB,11/2022,528,415,"78,60",412,3,"99,28",113,"21,40",1,112,"21,21"
250970,MONTEIRO,PB,11/2022,3436,2903,"84,49",2897,6,"99,79",533,"15,51",90,443,"12,89"
250970,MONTEIRO,PB,09/2022,3487,2764,"79,27",2756,8,"99,71",723,"20,73",124,599,"17,18"
250970,MONTEIRO,PB,07/2022,3491,2238,"64,11",2225,13,"99,42",1253,"35,89",592,661,"18,93"
250980,MULUNGU,PB,07/2022,1095,761,"69,50",761,0,"100,00",334,"30,50",12,322,"29,41"
250980,MULUNGU,PB,09/2022,1086,743,"68,42",743,0,"100,00",343,"31,58",5,338,"31,12"
250980,MULUNGU,PB,11/2022,1056,733,"69,41",733,0,"100,00",323,"30,59",3,320,"30,30"
250990,NATUBA,PB,11/2022,902,750,"83,15",748,2,"99,73",152,"16,85",11,141,"15,63"
250990,NATUBA,PB,09/2022,897,703,"78,37",697,6,"99,15",194,"21,63",75,119,"13,27"
250990,NATUBA,PB,07/2022,937,758,"80,90",753,5,"99,34",179,"19,10",59,120,"12,81"
251000,NAZAREZINHO,PB,07/2022,823,795,"96,60",787,8,"98,99",28,"3,40",3,25,"3,04"
251000,NAZAREZINHO,PB,09/2022,812,791,"97,41",782,9,"98,86",21,"2,59",2,19,"2,34"
251000,NAZAREZINHO,PB,11/2022,802,784,"97,76",776,8,"98,98",18,"2,24",0,18,"2,24"
251010,NOVA FLORESTA,PB,11/2022,1214,998,"82,21",984,14,"98,60",216,"17,79",5,211,"17,38"
251010,NOVA FLORESTA,PB,09/2022,1255,1022,"81,43",1018,4,"99,61",233,"18,57",3,230,"18,33"
251010,NOVA FLORESTA,PB,07/2022,1269,950,"74,86",948,2,"99,79",319,"25,14",4,315,"24,82"
251020,NOVA OLINDA,PB,07/2022,729,692,"94,92",692,0,"100,00",37,"5,08",5,32,"4,39"
251020,NOVA OLINDA,PB,09/2022,735,701,"95,37",701,0,"100,00",34,"4,63",10,24,"3,27"
251020,NOVA OLINDA,PB,11/2022,736,711,"96,60",695,16,"97,75",25,"3,40",4,21,"2,85"
251030,NOVA PALMEIRA,PB,11/2022,335,324,"96,72",310,14,"95,68",11,"3,28",1,10,"2,99"
251030,NOVA PALMEIRA,PB,09/2022,345,329,"95,36",315,14,"95,74",16,"4,64",6,10,"2,90"
251030,NOVA PALMEIRA,PB,07/2022,341,321,"94,13",288,33,"89,72",20,"5,87",5,15,"4,40"
251040,OLHO D´ÁGUA,PB,07/2022,766,739,"96,48",738,1,"99,86",27,"3,52",7,20,"2,61"
251040,OLHO D´ÁGUA,PB,09/2022,769,749,"97,40",745,4,"99,47",20,"2,60",12,8,"1,04"
251040,OLHO D´ÁGUA,PB,11/2022,740,728,"98,38",728,0,"100,00",12,"1,62",6,6,"0,81"
251050,OLIVEDOS,PB,11/2022,379,354,"93,40",351,3,"99,15",25,"6,60",4,21,"5,54"
251050,OLIVEDOS,PB,09/2022,404,373,"92,33",364,9,"97,59",31,"7,67",7,24,"5,94"
251050,OLIVEDOS,PB,07/2022,406,379,"93,35",369,10,"97,36",27,"6,65",3,24,"5,91"
251060,OURO VELHO,PB,07/2022,332,266,"80,12",266,0,"100,00",66,"19,88",6,60,"18,07"
251060,OURO VELHO,PB,09/2022,340,272,"80,00",272,0,"100,00",68,"20,00",2,66,"19,41"
251060,OURO VELHO,PB,11/2022,341,269,"78,89",269,0,"100,00",72,"21,11",2,70,"20,53"
251065,PARARI,PB,11/2022,159,141,"88,68",141,0,"100,00",18,"11,32",8,10,"6,29"
251065,PARARI,PB,09/2022,153,143,"93,46",143,0,"100,00",10,"6,54",1,9,"5,88"
251065,PARARI,PB,07/2022,160,145,"90,63",145,0,"100,00",15,"9,38",3,12,"7,50"
251070,PASSAGEM,PB,07/2022,263,240,"91,25",231,9,"96,25",23,"8,75",0,23,"8,75"
251070,PASSAGEM,PB,09/2022,262,229,"87,40",224,5,"97,82",33,"12,60",0,33,"12,60"
251070,PASSAGEM,PB,11/2022,260,224,"86,15",221,3,"98,66",36,"13,85",2,34,"13,08"
251080,PATOS,PB,11/2022,8712,7515,"86,26",7512,3,"99,96",1197,"13,74",18,1179,"13,53"
251080,PATOS,PB,09/2022,8766,7067,"80,62",7059,8,"99,89",1699,"19,38",57,1642,"18,73"
251080,PATOS,PB,07/2022,8792,6951,"79,06",6933,18,"99,74",1841,"20,94",26,1815,"20,64"
251090,PAULISTA,PB,07/2022,1064,1017,"95,58",990,27,"97,35",47,"4,42",10,37,"3,48"
251090,PAULISTA,PB,09/2022,1062,1014,"95,48",997,17,"98,32",48,"4,52",9,39,"3,67"
251090,PAULISTA,PB,11/2022,1057,1010,"95,55",985,25,"97,52",47,"4,45",9,38,"3,60"
251100,PEDRA BRANCA,PB,11/2022,358,345,"96,37",321,24,"93,04",13,"3,63",0,13,"3,63"
251100,PEDRA BRANCA,PB,09/2022,363,349,"96,14",333,16,"95,42",14,"3,86",4,10,"2,75"
251100,PEDRA BRANCA,PB,07/2022,379,363,"95,78",344,19,"94,77",16,"4,22",4,12,"3,17"
251110,PEDRA LAVRADA,PB,07/2022,605,580,"95,87",557,23,"96,03",25,"4,13",4,21,"3,47"
251110,PEDRA LAVRADA,PB,09/2022,591,576,"97,46",553,23,"96,01",15,"2,54",5,10,"1,69"
251110,PEDRA LAVRADA,PB,11/2022,582,571,"98,11",544,27,"95,27",11,"1,89",3,8,"1,37"
251120,PEDRAS DE FOGO,PB,11/2022,3571,3469,"97,14",3469,0,"100,00",102,"2,86",17,85,"2,38"
251120,PEDRAS DE FOGO,PB,09/2022,3713,3507,"94,45",3505,2,"99,94",206,"5,55",134,72,"1,94"
251120,PEDRAS DE FOGO,PB,07/2022,3610,3489,"96,65",3484,5,"99,86",121,"3,35",27,94,"2,60"
251130,PIANCÓ,PB,07/2022,1512,1323,"87,50",1299,24,"98,19",189,"12,50",9,180,"11,90"
251130,PIANCÓ,PB,09/2022,1498,1386,"92,52",1354,32,"97,69",112,"7,48",7,105,"7,01"
251130,PIANCÓ,PB,11/2022,1482,1366,"92,17",1312,54,"96,05",116,"7,83",1,115,"7,76"
251140,PICUÍ,PB,11/2022,1812,1524,"84,11",1410,114,"92,52",288,"15,89",23,265,"14,62"
251140,PICUÍ,PB,09/2022,1853,1545,"83,38",1452,93,"93,98",308,"16,62",28,280,"15,11"
251140,PICUÍ,PB,07/2022,1900,1581,"83,21",1457,124,"92,16",319,"16,79",34,285,"15,00"
251150,PILAR,PB,07/2022,1538,1426,"92,72",1334,92,"93,55",112,"7,28",21,91,"5,92"
251150,PILAR,PB,09/2022,1520,1436,"94,47",1298,138,"90,39",84,"5,53",20,64,"4,21"
251150,PILAR,PB,11/2022,1487,1477,"99,33",1338,139,"90,59",10,"0,67",8,2,"0,13"
251160,PILÕES,PB,11/2022,1231,1103,"89,60",1103,0,"100,00",128,"10,40",29,99,"8,04"
251160,PILÕES,PB,09/2022,1257,1126,"89,58",1125,1,"99,91",131,"10,42",30,101,"8,04"
251160,PILÕES,PB,07/2022,1248,1116,"89,42",1116,0,"100,00",132,"10,58",31,101,"8,09"
251170,PILÕEZINHOS,PB,07/2022,755,599,"79,34",595,4,"99,33",156,"20,66",27,129,"17,09"
251170,PILÕEZINHOS,PB,09/2022,755,609,"80,66",585,24,"96,06",146,"19,34",16,130,"17,22"
251170,PILÕEZINHOS,PB,11/2022,745,605,"81,21",581,24,"96,03",140,"18,79",8,132,"17,72"
251180,PIRPIRITUBA,PB,11/2022,1075,867,"80,65",867,0,"100,00",208,"19,35",3,205,"19,07"
251180,PIRPIRITUBA,PB,09/2022,1118,810,"72,45",810,0,"100,00",308,"27,55",5,303,"27,10"
251180,PIRPIRITUBA,PB,07/2022,1125,793,"70,49",793,0,"100,00",332,"29,51",7,325,"28,89"
251190,PITIMBU,PB,07/2022,2284,1705,"74,65",1695,10,"99,41",579,"25,35",13,566,"24,78"
251190,PITIMBU,PB,09/2022,2264,1749,"77,25",1725,24,"98,63",515,"22,75",8,507,"22,39"
251190,PITIMBU,PB,11/2022,2223,1803,"81,11",1761,42,"97,67",420,"18,89",2,418,"18,80"
251200,POCINHOS,PB,11/2022,2297,2069,"90,07",2035,34,"98,36",228,"9,93",11,217,"9,45"
251200,POCINHOS,PB,09/2022,2349,2080,"88,55",2009,71,"96,59",269,"11,45",4,265,"11,28"
251200,POCINHOS,PB,07/2022,2381,2070,"86,94",2016,54,"97,39",311,"13,06",17,294,"12,35"
251203,POÇO DANTAS,PB,07/2022,436,419,"96,10",419,0,"100,00",17,"3,90",3,14,"3,21"
251203,POÇO DANTAS,PB,09/2022,438,415,"94,75",415,0,"100,00",23,"5,25",5,18,"4,11"
251203,POÇO DANTAS,PB,11/2022,432,412,"95,37",401,11,"97,33",20,"4,63",5,15,"3,47"
251207,POÇO DE JOSÉ DE MOURA,PB,11/2022,334,315,"94,31",305,10,"96,83",19,"5,69",0,19,"5,69"
251207,POÇO DE JOSÉ DE MOURA,PB,09/2022,344,326,"94,77",279,47,"85,58",18,"5,23",3,15,"4,36"
251207,POÇO DE JOSÉ DE MOURA,PB,07/2022,340,324,"95,29",282,42,"87,04",16,"4,71",0,16,"4,71"
251210,POMBAL,PB,07/2022,3049,2103,"68,97",1988,115,"94,53",946,"31,03",3,943,"30,93"
251210,POMBAL,PB,09/2022,3043,2123,"69,77",2015,108,"94,91",920,"30,23",4,916,"30,10"
251210,POMBAL,PB,11/2022,2988,2151,"71,99",2054,97,"95,49",837,"28,01",3,834,"27,91"
251220,PRATA,PB,11/2022,461,411,"89,15",411,0,"100,00",50,"10,85",1,49,"10,63"
251220,PRATA,PB,09/2022,471,414,"87,90",414,0,"100,00",57,"12,10",2,55,"11,68"
251220,PRATA,PB,07/2022,481,418,"86,90",415,3,"99,28",63,"13,10",6,57,"11,85"
251230,PRINCESA ISABEL,PB,07/2022,2061,1694,"82,19",1685,9,"99,47",367,"17,81",5,362,"17,56"
251230,PRINCESA ISABEL,PB,09/2022,2061,1665,"80,79",1652,13,"99,22",396,"19,21",1,395,"19,17"
251230,PRINCESA ISABEL,PB,11/2022,2011,1653,"82,20",1634,19,"98,85",358,"17,80",2,356,"17,70"
251240,PUXINANÃ,PB,11/2022,1595,1419,"88,97",1418,1,"99,93",176,"11,03",84,92,"5,77"
251240,PUXINANÃ,PB,09/2022,1548,1439,"92,96",1381,58,"95,97",109,"7,04",6,103,"6,65"
251240,PUXINANÃ,PB,07/2022,1604,1454,"90,65",1413,41,"97,18",150,"9,35",53,97,"6,05"
251250,QUEIMADAS,PB,07/2022,5279,4208,"79,71",4152,56,"98,67",1071,"20,29",55,1016,"19,25"
251250,QUEIMADAS,PB,09/2022,5306,4141,"78,04",4119,22,"99,47",1165,"21,96",111,1054,"19,86"
251250,QUEIMADAS,PB,11/2022,5410,4352,"80,44",4331,21,"99,52",1058,"19,56",207,851,"15,73"
251260,QUIXABÁ,PB,11/2022,212,211,"99,53",210,1,"99,53",1,"0,47",0,1,"0,47"
251260,QUIXABÁ,PB,09/2022,215,214,"99,53",204,10,"95,33",1,"0,47",0,1,"0,47"
251260,QUIXABÁ,PB,07/2022,218,215,"98,62",214,1,"99,53",3,"1,38",0,3,"1,38"
251270,REMÍGIO,PB,07/2022,2303,1958,"85,02",1873,85,"95,66",345,"14,98",96,249,"10,81"
251270,REMÍGIO,PB,09/2022,2223,1819,"81,83",1802,17,"99,07",404,"18,17",65,339,"15,25"
251270,REMÍGIO,PB,11/2022,2162,1709,"79,05",1707,2,"99,88",453,"20,95",15,438,"20,26"
251272,PEDRO RÉGIS,PB,11/2022,655,633,"96,64",632,1,"99,84",22,"3,36",3,19,"2,90"
251272,PEDRO RÉGIS,PB,09/2022,662,635,"95,92",631,4,"99,37",27,"4,08",4,23,"3,47"
251272,PEDRO RÉGIS,PB,07/2022,676,644,"95,27",632,12,"98,14",32,"4,73",1,31,"4,59"
251274,RIACHÃO,PB,07/2022,316,289,"91,46",284,5,"98,27",27,"8,54",2,25,"7,91"
251274,RIACHÃO,PB,09/2022,306,272,"88,89",262,10,"96,32",34,"11,11",3,31,"10,13"
251274,RIACHÃO,PB,11/2022,304,271,"89,14",259,12,"95,57",33,"10,86",2,31,"10,20"
251275,RIACHÃO DO BACAMARTE,PB,11/2022,583,135,"23,16",135,0,"100,00",448,"76,84",6,442,"75,81"
251275,RIACHÃO DO BACAMARTE,PB,09/2022,576,119,"20,66",119,0,"100,00",457,"79,34",3,454,"78,82"
251275,RIACHÃO DO BACAMARTE,PB,07/2022,554,103,"18,59",103,0,"100,00",451,"81,41",2,449,"81,05"
251276,RIACHÃO DO POÇO,PB,07/2022,587,520,"88,59",519,1,"99,81",67,"11,41",3,64,"10,90"
251276,RIACHÃO DO POÇO,PB,09/2022,598,560,"93,65",553,7,"98,75",38,"6,35",2,36,"6,02"
251276,RIACHÃO DO POÇO,PB,11/2022,592,559,"94,43",555,4,"99,28",33,"5,57",2,31,"5,24"
251278,RIACHO DE SANTO ANTÔNIO,PB,11/2022,279,253,"90,68",247,6,"97,63",26,"9,32",5,21,"7,53"
251278,RIACHO DE SANTO ANTÔNIO,PB,09/2022,293,256,"87,37",246,10,"96,09",37,"12,63",3,34,"11,60"
251278,RIACHO DE SANTO ANTÔNIO,PB,07/2022,287,245,"85,37",245,0,"100,00",42,"14,63",2,40,"13,94"
251280,RIACHO DOS CAVALOS,PB,07/2022,923,681,"73,78",674,7,"98,97",242,"26,22",12,230,"24,92"
251280,RIACHO DOS CAVALOS,PB,09/2022,868,802,"92,40",761,41,"94,89",66,"7,60",14,52,"5,99"
251280,RIACHO DOS CAVALOS,PB,11/2022,864,785,"90,86",756,29,"96,31",79,"9,14",12,67,"7,75"
251290,RIO TINTO,PB,11/2022,2785,2221,"79,75",2219,2,"99,91",564,"20,25",30,534,"19,17"
251290,RIO TINTO,PB,09/2022,2804,2102,"74,96",2101,1,"99,95",702,"25,04",88,614,"21,90"
251290,RIO TINTO,PB,07/2022,2765,2172,"78,55",2170,2,"99,91",593,"21,45",17,576,"20,83"
251300,SALGADINHO,PB,07/2022,449,386,"85,97",382,4,"98,96",63,"14,03",4,59,"13,14"
251300,SALGADINHO,PB,09/2022,432,379,"87,73",373,6,"98,42",53,"12,27",4,49,"11,34"
251300,SALGADINHO,PB,11/2022,422,373,"88,39",362,11,"97,05",49,"11,61",5,44,"10,43"
251310,SALGADO DE SÃO FÉLIX,PB,11/2022,1319,1110,"84,15",1110,0,"100,00",209,"15,85",81,128,"9,70"
251310,SALGADO DE SÃO FÉLIX,PB,09/2022,1325,1180,"89,06",1180,0,"100,00",145,"10,94",27,118,"8,91"
251310,SALGADO DE SÃO FÉLIX,PB,07/2022,1314,1185,"90,18",1185,0,"100,00",129,"9,82",29,100,"7,61"
251315,SANTA CECÍLIA,PB,07/2022,881,844,"95,80",844,0,"100,00",37,"4,20",8,29,"3,29"
251315,SANTA CECÍLIA,PB,09/2022,884,845,"95,59",836,9,"98,93",39,"4,41",2,37,"4,19"
251315,SANTA CECÍLIA,PB,11/2022,872,831,"95,30",831,0,"100,00",41,"4,70",2,39,"4,47"
251320,SANTA CRUZ,PB,11/2022,485,475,"97,94",465,10,"97,89",10,"2,06",2,8,"1,65"
251320,SANTA CRUZ,PB,09/2022,491,479,"97,56",462,17,"96,45",12,"2,44",0,12,"2,44"
251320,SANTA CRUZ,PB,07/2022,514,498,"96,89",489,9,"98,19",16,"3,11",3,13,"2,53"
251330,SANTA HELENA,PB,07/2022,708,673,"95,06",665,8,"98,81",35,"4,94",4,31,"4,38"
251330,SANTA HELENA,PB,09/2022,683,616,"90,19",600,16,"97,40",67,"9,81",8,59,"8,64"
251330,SANTA HELENA,PB,11/2022,658,606,"92,10",599,7,"98,84",52,"7,90",6,46,"6,99"
251335,SANTA INÊS,PB,11/2022,444,332,"74,77",332,0,"100,00",112,"25,23",3,109,"24,55"
251335,SANTA INÊS,PB,09/2022,453,335,"73,95",335,0,"100,00",118,"26,05",4,114,"25,17"
251335,SANTA INÊS,PB,07/2022,455,330,"72,53",330,0,"100,00",125,"27,47",2,123,"27,03"
251340,SANTA LUZIA,PB,07/2022,1324,919,"69,41",917,2,"99,78",405,"30,59",11,394,"29,76"
251340,SANTA LUZIA,PB,09/2022,1319,1048,"79,45",1046,2,"99,81",271,"20,55",8,263,"19,94"
251340,SANTA LUZIA,PB,11/2022,1280,1156,"90,31",1146,10,"99,13",124,"9,69",3,121,"9,45"
251350,SANTANA DE MANGUEIRA,PB,11/2022,457,359,"78,56",348,11,"96,94",98,"21,44",0,98,"21,44"
251350,SANTANA DE MANGUEIRA,PB,09/2022,466,355,"76,18",347,8,"97,75",111,"23,82",0,111,"23,82"
251350,SANTANA DE MANGUEIRA,PB,07/2022,475,358,"75,37",357,1,"99,72",117,"24,63",0,117,"24,63"
251360,SANTANA DOS GARROTES,PB,07/2022,774,647,"83,59",645,2,"99,69",127,"16,41",33,94,"12,14"
251360,SANTANA DOS GARROTES,PB,09/2022,765,662,"86,54",661,1,"99,85",103,"13,46",11,92,"12,03"
251360,SANTANA DOS GARROTES,PB,11/2022,731,620,"84,82",617,3,"99,52",111,"15,18",10,101,"13,82"
251365,SANTARÉM,PB,11/2022,238,230,"96,64",229,1,"99,57",8,"3,36",2,6,"2,52"
251365,SANTARÉM,PB,09/2022,242,232,"95,87",232,0,"100,00",10,"4,13",4,6,"2,48"
251365,SANTARÉM,PB,07/2022,235,221,"94,04",221,0,"100,00",14,"5,96",3,11,"4,68"
251370,SANTA RITA,PB,07/2022,13812,9380,"67,91",9367,13,"99,86",4432,"32,09",78,4354,"31,52"
251370,SANTA RITA,PB,09/2022,13790,9361,"67,88",9359,2,"99,98",4429,"32,12",118,4311,"31,26"
251370,SANTA RITA,PB,11/2022,13594,9677,"71,19",9623,54,"99,44",3917,"28,81",21,3896,"28,66"
251380,SANTA TERESINHA,PB,11/2022,454,441,"97,14",437,4,"99,09",13,"2,86",2,11,"2,42"
251380,SANTA TERESINHA,PB,09/2022,462,443,"95,89",438,5,"98,87",19,"4,11",5,14,"3,03"
251380,SANTA TERESINHA,PB,07/2022,456,432,"94,74",430,2,"99,54",24,"5,26",5,19,"4,17"
251385,SANTO ANDRÉ,PB,07/2022,259,250,"96,53",248,2,"99,20",9,"3,47",4,5,"1,93"
251385,SANTO ANDRÉ,PB,09/2022,247,241,"97,57",241,0,"100,00",6,"2,43",1,5,"2,02"
251385,SANTO ANDRÉ,PB,11/2022,242,237,"97,93",237,0,"100,00",5,"2,07",1,4,"1,65"
251390,SÃO BENTO,PB,11/2022,3269,3025,"92,54",2855,170,"94,38",244,"7,46",9,235,"7,19"
251390,SÃO BENTO,PB,09/2022,3301,3119,"94,49",2827,292,"90,64",182,"5,51",9,173,"5,24"
251390,SÃO BENTO,PB,07/2022,3299,3207,"97,21",2818,389,"87,87",92,"2,79",12,80,"2,42"
251392,SÃO BENTINHO,PB,07/2022,401,374,"93,27",365,9,"97,59",27,"6,73",3,24,"5,99"
251392,SÃO BENTINHO,PB,09/2022,399,380,"95,24",367,13,"96,58",19,"4,76",3,16,"4,01"
251392,SÃO BENTINHO,PB,11/2022,399,379,"94,99",378,1,"99,74",20,"5,01",1,19,"4,76"
251394,SÃO DOMINGOS DO CARIRI,PB,11/2022,254,243,"95,67",241,2,"99,18",11,"4,33",5,6,"2,36"
251394,SÃO DOMINGOS DO CARIRI,PB,09/2022,261,249,"95,40",248,1,"99,60",12,"4,60",6,6,"2,30"
251394,SÃO DOMINGOS DO CARIRI,PB,07/2022,264,251,"95,08",251,0,"100,00",13,"4,92",8,5,"1,89"
251396,SÃO DOMINGOS DE POMBAL,PB,07/2022,241,198,"82,16",195,3,"98,48",43,"17,84",0,43,"17,84"
251396,SÃO DOMINGOS DE POMBAL,PB,09/2022,238,188,"78,99",169,19,"89,89",50,"21,01",2,48,"20,17"
251396,SÃO DOMINGOS DE POMBAL,PB,11/2022,241,187,"77,59",161,26,"86,10",54,"22,41",0,54,"22,41"
251398,SÃO FRANCISCO,PB,11/2022,292,270,"92,47",268,2,"99,26",22,"7,53",1,21,"7,19"
251398,SÃO FRANCISCO,PB,09/2022,298,269,"90,27",265,4,"98,51",29,"9,73",1,28,"9,40"
251398,SÃO FRANCISCO,PB,07/2022,305,273,"89,51",273,0,"100,00",32,"10,49",0,32,"10,49"
251400,SÃO JOÃO DO CARIRI,PB,07/2022,426,408,"95,77",408,0,"100,00",18,"4,23",1,17,"3,99"
251400,SÃO JOÃO DO CARIRI,PB,09/2022,435,408,"93,79",408,0,"100,00",27,"6,21",4,23,"5,29"
251400,SÃO JOÃO DO CARIRI,PB,11/2022,421,397,"94,30",397,0,"100,00",24,"5,70",1,23,"5,46"
251410,SÃO JOÃO DO TIGRE,PB,11/2022,511,487,"95,30",477,10,"97,95",24,"4,70",3,21,"4,11"
251410,SÃO JOÃO DO TIGRE,PB,09/2022,522,489,"93,68",472,17,"96,52",33,"6,32",3,30,"5,75"
251410,SÃO JOÃO DO TIGRE,PB,07/2022,532,496,"93,23",482,14,"97,18",36,"6,77",5,31,"5,83"
251420,SÃO JOSÉ DA LAGOA TAPADA,PB,07/2022,792,737,"93,06",733,4,"99,46",55,"6,94",2,53,"6,69"
251420,SÃO JOSÉ DA LAGOA TAPADA,PB,09/2022,783,726,"92,72",726,0,"100,00",57,"7,28",2,55,"7,02"
251420,SÃO JOSÉ DA LAGOA TAPADA,PB,11/2022,776,693,"89,30",693,0,"100,00",83,"10,70",29,54,"6,96"
251430,SÃO JOSÉ DE CAIANA,PB,11/2022,742,641,"86,39",629,12,"98,13",101,"13,61",4,97,"13,07"
251430,SÃO JOSÉ DE CAIANA,PB,09/2022,763,655,"85,85",631,24,"96,34",108,"14,15",2,106,"13,89"
251430,SÃO JOSÉ DE CAIANA,PB,07/2022,783,659,"84,16",631,28,"95,75",124,"15,84",6,118,"15,07"
251440,SÃO JOSÉ DE ESPINHARAS,PB,07/2022,408,399,"97,79",372,27,"93,23",9,"2,21",7,2,"0,49"
251440,SÃO JOSÉ DE ESPINHARAS,PB,09/2022,393,386,"98,22",381,5,"98,70",7,"1,78",5,2,"0,51"
251440,SÃO JOSÉ DE ESPINHARAS,PB,11/2022,386,380,"98,45",365,15,"96,05",6,"1,55",5,1,"0,26"
251445,SÃO JOSÉ DOS RAMOS,PB,11/2022,724,597,"82,46",595,2,"99,66",127,"17,54",1,126,"17,40"
251445,SÃO JOSÉ DOS RAMOS,PB,09/2022,745,452,"60,67",446,6,"98,67",293,"39,33",5,288,"38,66"
251445,SÃO JOSÉ DOS RAMOS,PB,07/2022,735,419,"57,01",417,2,"99,52",316,"42,99",10,306,"41,63"
251450,SÃO JOSÉ DE PIRANHAS,PB,07/2022,2058,1467,"71,28",1461,6,"99,59",591,"28,72",194,397,"19,29"
251450,SÃO JOSÉ DE PIRANHAS,PB,09/2022,2046,1760,"86,02",1723,37,"97,90",286,"13,98",4,282,"13,78"
251450,SÃO JOSÉ DE PIRANHAS,PB,11/2022,1983,1971,"99,39",1592,379,"80,77",12,"0,61",6,6,"0,30"
251455,SÃO JOSÉ DE PRINCESA,PB,11/2022,286,272,"95,10",262,10,"96,32",14,"4,90",1,13,"4,55"
251455,SÃO JOSÉ DE PRINCESA,PB,09/2022,290,276,"95,17",270,6,"97,83",14,"4,83",1,13,"4,48"
251455,SÃO JOSÉ DE PRINCESA,PB,07/2022,301,282,"93,69",268,14,"95,04",19,"6,31",2,17,"5,65"
251460,SÃO JOSÉ DO BONFIM,PB,07/2022,429,254,"59,21",254,0,"100,00",175,"40,79",60,115,"26,81"
251460,SÃO JOSÉ DO BONFIM,PB,09/2022,422,233,"55,21",232,1,"99,57",189,"44,79",24,165,"39,10"
251460,SÃO JOSÉ DO BONFIM,PB,11/2022,424,239,"56,37",236,3,"98,74",185,"43,63",12,173,"40,80"
251465,SÃO JOSÉ DO BREJO DO CRUZ,PB,11/2022,189,152,"80,42",152,0,"100,00",37,"19,58",1,36,"19,05"
251465,SÃO JOSÉ DO BREJO DO CRUZ,PB,09/2022,188,146,"77,66",146,0,"100,00",42,"22,34",2,40,"21,28"
251465,SÃO JOSÉ DO BREJO DO CRUZ,PB,07/2022,187,142,"75,94",142,0,"100,00",45,"24,06",3,42,"22,46"
251470,SÃO JOSÉ DO SABUGI,PB,07/2022,335,327,"97,61",325,2,"99,39",8,"2,39",3,5,"1,49"
251470,SÃO JOSÉ DO SABUGI,PB,09/2022,322,318,"98,76",313,5,"98,43",4,"1,24",0,4,"1,24"
251470,SÃO JOSÉ DO SABUGI,PB,11/2022,323,321,"99,38",316,5,"98,44",2,"0,62",0,2,"0,62"
251480,SÃO JOSÉ DOS CORDEIROS,PB,11/2022,297,289,"97,31",285,4,"98,62",8,"2,69",5,3,"1,01"
251480,SÃO JOSÉ DOS CORDEIROS,PB,09/2022,304,297,"97,70",296,1,"99,66",7,"2,30",3,4,"1,32"
251480,SÃO JOSÉ DOS CORDEIROS,PB,07/2022,311,304,"97,75",304,0,"100,00",7,"2,25",3,4,"1,29"
251490,SÃO MAMEDE,PB,07/2022,754,510,"67,64",510,0,"100,00",244,"32,36",83,161,"21,35"
251490,SÃO MAMEDE,PB,09/2022,752,594,"78,99",594,0,"100,00",158,"21,01",3,155,"20,61"
251490,SÃO MAMEDE,PB,11/2022,745,606,"81,34",606,0,"100,00",139,"18,66",2,137,"18,39"
251500,SÃO MIGUEL DE TAIPU,PB,11/2022,994,634,"63,78",617,17,"97,32",360,"36,22",109,251,"25,25"
251500,SÃO MIGUEL DE TAIPU,PB,09/2022,1014,727,"71,70",697,30,"95,87",287,"28,30",27,260,"25,64"
251500,SÃO MIGUEL DE TAIPU,PB,07/2022,1015,689,"67,88",628,61,"91,15",326,"32,12",171,155,"15,27"
251510,SÃO SEBASTIÃO DE LAGOA DE ROÇA,PB,07/2022,1081,917,"84,83",904,13,"98,58",164,"15,17",21,143,"13,23"
251510,SÃO SEBASTIÃO DE LAGOA DE ROÇA,PB,09/2022,1077,888,"82,45",872,16,"98,20",189,"17,55",5,184,"17,08"
251510,SÃO SEBASTIÃO DE LAGOA DE ROÇA,PB,11/2022,1058,871,"82,33",862,9,"98,97",187,"17,67",7,180,"17,01"
251520,SÃO SEBASTIÃO DO UMBUZEIRO,PB,11/2022,314,299,"95,22",299,0,"100,00",15,"4,78",1,14,"4,46"
251520,SÃO SEBASTIÃO DO UMBUZEIRO,PB,09/2022,321,303,"94,39",303,0,"100,00",18,"5,61",1,17,"5,30"
251520,SÃO SEBASTIÃO DO UMBUZEIRO,PB,07/2022,329,293,"89,06",293,0,"100,00",36,"10,94",2,34,"10,33"
251530,SAPÉ,PB,07/2022,6096,5265,"86,37",5263,2,"99,96",831,"13,63",64,767,"12,58"
251530,SAPÉ,PB,09/2022,6013,5748,"95,59",5746,2,"99,97",265,"4,41",105,160,"2,66"
251530,SAPÉ,PB,11/2022,5929,5696,"96,07",5691,5,"99,91",233,"3,93",69,164,"2,77"
251540,SERIDÓ,PB,11/2022,1370,1282,"93,58",1258,24,"98,13",88,"6,42",5,83,"6,06"
251540,SERIDÓ,PB,09/2022,1404,1119,"79,70",1114,5,"99,55",285,"20,30",77,208,"14,81"
251540,SERIDÓ,PB,07/2022,1399,1068,"76,34",804,264,"75,28",331,"23,66",93,238,"17,01"
251550,SERRA BRANCA,PB,07/2022,1399,1126,"80,49",1125,1,"99,91",273,"19,51",5,268,"19,16"
251550,SERRA BRANCA,PB,09/2022,1397,1122,"80,31",1122,0,"100,00",275,"19,69",4,271,"19,40"
251550,SERRA BRANCA,PB,11/2022,1386,1115,"80,45",1115,0,"100,00",271,"19,55",10,261,"18,83"
251560,SERRA DA RAIZ,PB,11/2022,281,263,"93,59",254,9,"96,58",18,"6,41",2,16,"5,69"
251560,SERRA DA RAIZ,PB,09/2022,286,273,"95,45",255,18,"93,41",13,"4,55",2,11,"3,85"
251560,SERRA DA RAIZ,PB,07/2022,287,262,"91,29",253,9,"96,56",25,"8,71",2,23,"8,01"
251570,SERRA GRANDE,PB,07/2022,396,353,"89,14",311,42,"88,10",43,"10,86",2,41,"10,35"
251570,SERRA GRANDE,PB,11/2022,376,351,"93,35",333,18,"94,87",25,"6,65",1,24,"6,38"
251570,SERRA GRANDE,PB,09/2022,384,342,"89,06",306,36,"89,47",42,"10,94",3,39,"10,16"
251580,SERRA REDONDA,PB,09/2022,772,698,"90,41",693,5,"99,28",74,"9,59",11,63,"8,16"
251580,SERRA REDONDA,PB,07/2022,810,639,"78,89",636,3,"99,53",171,"21,11",7,164,"20,25"
251580,SERRA REDONDA,PB,11/2022,748,690,"92,25",685,5,"99,28",58,"7,75",7,51,"6,82"
251590,SERRARIA,PB,11/2022,604,590,"97,68",590,0,"100,00",14,"2,32",0,14,"2,32"
251590,SERRARIA,PB,07/2022,633,574,"90,68",574,0,"100,00",59,"9,32",10,49,"7,74"
251590,SERRARIA,PB,09/2022,607,593,"97,69",593,0,"100,00",14,"2,31",2,12,"1,98"
251593,SERTÃOZINHO,PB,09/2022,527,391,"74,19",390,1,"99,74",136,"25,81",72,64,"12,14"
251593,SERTÃOZINHO,PB,07/2022,537,479,"89,20",479,0,"100,00",58,"10,80",2,56,"10,43"
251593,SERTÃOZINHO,PB,11/2022,531,469,"88,32",469,0,"100,00",62,"11,68",1,61,"11,49"
251597,SOBRADO,PB,11/2022,914,853,"93,33",814,39,"95,43",61,"6,67",3,58,"6,35"
251597,SOBRADO,PB,07/2022,955,813,"85,13",805,8,"99,02",142,"14,87",17,125,"13,09"
251597,SOBRADO,PB,09/2022,952,857,"90,02",845,12,"98,60",95,"9,98",18,77,"8,09"
251600,SOLÂNEA,PB,09/2022,2665,2573,"96,55",2542,31,"98,80",92,"3,45",21,71,"2,66"
251600,SOLÂNEA,PB,07/2022,2742,2589,"94,42",2554,35,"98,65",153,"5,58",16,137,"5,00"
251600,SOLÂNEA,PB,11/2022,2639,2565,"97,20",2540,25,"99,03",74,"2,80",19,55,"2,08"
251610,SOLEDADE,PB,11/2022,1533,1028,"67,06",1028,0,"100,00",505,"32,94",25,480,"31,31"
251610,SOLEDADE,PB,07/2022,1571,967,"61,55",966,1,"99,90",604,"38,45",7,597,"38,00"
251610,SOLEDADE,PB,09/2022,1552,968,"62,37",967,1,"99,90",584,"37,63",1,583,"37,56"
251615,SOSSÊGO,PB,09/2022,437,405,"92,68",400,5,"98,77",32,"7,32",0,32,"7,32"
251615,SOSSÊGO,PB,11/2022,440,404,"91,82",396,8,"98,02",36,"8,18",1,35,"7,95"
251615,SOSSÊGO,PB,07/2022,460,380,"82,61",375,5,"98,68",80,"17,39",1,79,"17,17"
251620,SOUSA,PB,11/2022,6960,5606,"80,55",5563,43,"99,23",1354,"19,45",19,1335,"19,18"
251620,SOUSA,PB,07/2022,7047,5245,"74,43",5220,25,"99,52",1802,"25,57",14,1788,"25,37"
251620,SOUSA,PB,09/2022,7064,5388,"76,27",5363,25,"99,54",1676,"23,73",13,1663,"23,54"
251630,SUMÉ,PB,09/2022,1518,1078,"71,01",1062,16,"98,52",440,"28,99",1,439,"28,92"
251630,SUMÉ,PB,11/2022,1512,1106,"73,15",1096,10,"99,10",406,"26,85",4,402,"26,59"
251630,SUMÉ,PB,07/2022,1546,1074,"69,47",1058,16,"98,51",472,"30,53",1,471,"30,47"
251640,TACIMA,PB,07/2022,959,892,"93,01",891,1,"99,89",67,"6,99",11,56,"5,84"
251640,TACIMA,PB,11/2022,939,877,"93,40",877,0,"100,00",62,"6,60",9,53,"5,64"
251640,TACIMA,PB,09/2022,952,884,"92,86",884,0,"100,00",68,"7,14",11,57,"5,99"
251650,TAPEROÁ,PB,09/2022,1761,807,"45,83",787,20,"97,52",954,"54,17",683,271,"15,39"
251650,TAPEROÁ,PB,07/2022,1787,686,"38,39",683,3,"99,56",1101,"61,61",785,316,"17,68"
251650,TAPEROÁ,PB,11/2022,1728,914,"52,89",885,29,"96,83",814,"47,11",582,232,"13,43"
251660,TAVARES,PB,11/2022,1513,1159,"76,60",1156,3,"99,74",354,"23,40",0,354,"23,40"
251660,TAVARES,PB,07/2022,1609,1219,"75,76",1218,1,"99,92",390,"24,24",2,388,"24,11"
251660,TAVARES,PB,09/2022,1596,1184,"74,19",1179,5,"99,58",412,"25,81",3,409,"25,63"
251670,TEIXEIRA,PB,09/2022,2047,1813,"88,57",1802,11,"99,39",234,"11,43",31,203,"9,92"
251670,TEIXEIRA,PB,11/2022,1988,1823,"91,70",1810,13,"99,29",165,"8,30",17,148,"7,44"
251670,TEIXEIRA,PB,07/2022,2102,1559,"74,17",1549,10,"99,36",543,"25,83",25,518,"24,64"
251675,TENÓRIO,PB,11/2022,393,375,"95,42",375,0,"100,00",18,"4,58",2,16,"4,07"
251675,TENÓRIO,PB,07/2022,387,371,"95,87",370,1,"99,73",16,"4,13",4,12,"3,10"
251675,TENÓRIO,PB,09/2022,388,371,"95,62",370,1,"99,73",17,"4,38",4,13,"3,35"
251680,TRIUNFO,PB,09/2022,1039,883,"84,99",875,8,"99,09",156,"15,01",4,152,"14,63"
251680,TRIUNFO,PB,11/2022,1014,888,"87,57",875,13,"98,54",126,"12,43",2,124,"12,23"
251680,TRIUNFO,PB,07/2022,1055,870,"82,46",848,22,"97,47",185,"17,54",3,182,"17,25"
251690,UIRAÚNA,PB,11/2022,1331,1257,"94,44",1257,0,"100,00",74,"5,56",0,74,"5,56"
251690,UIRAÚNA,PB,07/2022,1367,1290,"94,37",1290,0,"100,00",77,"5,63",2,75,"5,49"
251690,UIRAÚNA,PB,09/2022,1361,1282,"94,20",1282,0,"100,00",79,"5,80",3,76,"5,58"
251700,UMBUZEIRO,PB,09/2022,1089,1053,"96,69",1052,1,"99,91",36,"3,31",3,33,"3,03"
251700,UMBUZEIRO,PB,07/2022,1076,1042,"96,84",1041,1,"99,90",34,"3,16",0,34,"3,16"
251700,UMBUZEIRO,PB,11/2022,1099,1083,"98,54",1079,4,"99,63",16,"1,46",3,13,"1,18"
251710,VÁRZEA,PB,11/2022,204,186,"91,18",185,1,"99,46",18,"8,82",0,18,"8,82"
251710,VÁRZEA,PB,07/2022,208,183,"87,98",182,1,"99,45",25,"12,02",2,23,"11,06"
251710,VÁRZEA,PB,09/2022,205,185,"90,24",182,3,"98,38",20,"9,76",1,19,"9,27"
251720,VIEIRÓPOLIS,PB,09/2022,426,411,"96,48",380,31,"92,46",15,"3,52",10,5,"1,17"
251720,VIEIRÓPOLIS,PB,07/2022,437,414,"94,74",404,10,"97,58",23,"5,26",7,16,"3,66"
251720,VIEIRÓPOLIS,PB,11/2022,419,407,"97,14",374,33,"91,89",12,"2,86",7,5,"1,19"
251740,ZABELÊ,PB,07/2022,250,197,"78,80",195,2,"98,98",53,"21,20",1,52,"20,80"
251740,ZABELÊ,PB,11/2022,225,197,"87,56",195,2,"98,98",28,"12,44",1,27,"12,00"
251740,ZABELÊ,PB,09/2022,246,198,"80,49",197,1,"99,49",48,"19,51",1,47,"19,11"
260005,ABREU E LIMA,PE,09/2022,9951,2812,"28,26",2776,36,"98,72",7139,"71,74",2734,4405,"44,27"
260005,ABREU E LIMA,PE,11/2022,9812,3728,"37,99",3687,41,"98,90",6084,"62,01",1793,4291,"43,73"
260005,ABREU E LIMA,PE,07/2022,9719,3274,"33,69",3238,36,"98,90",6445,"66,31",1941,4504,"46,34"
260010,AFOGADOS DA INGAZEIRA,PE,07/2022,3631,2490,"68,58",2291,199,"92,01",1141,"31,42",34,1107,"30,49"
260010,AFOGADOS DA INGAZEIRA,PE,11/2022,3463,3001,"86,66",2862,139,"95,37",462,"13,34",4,458,"13,23"
260010,AFOGADOS DA INGAZEIRA,PE,09/2022,3507,2964,"84,52",2763,201,"93,22",543,"15,48",34,509,"14,51"
260020,AFRÂNIO,PE,09/2022,2192,1886,"86,04",1867,19,"98,99",306,"13,96",15,291,"13,28"
260020,AFRÂNIO,PE,07/2022,2208,1899,"86,01",1886,13,"99,32",309,"13,99",17,292,"13,22"
260020,AFRÂNIO,PE,11/2022,2146,1892,"88,16",1890,2,"99,89",254,"11,84",6,248,"11,56"
260030,AGRESTINA,PE,07/2022,2742,2311,"84,28",2291,20,"99,13",431,"15,72",11,420,"15,32"
260030,AGRESTINA,PE,11/2022,2756,2266,"82,22",2240,26,"98,85",490,"17,78",5,485,"17,60"
260030,AGRESTINA,PE,09/2022,2789,2282,"81,82",2236,46,"97,98",507,"18,18",13,494,"17,71"
260040,ÁGUA PRETA,PE,09/2022,3364,1974,"58,68",1965,9,"99,54",1390,"41,32",47,1343,"39,92"
260040,ÁGUA PRETA,PE,11/2022,3325,2163,"65,05",2134,29,"98,66",1162,"34,95",20,1142,"34,35"
260040,ÁGUA PRETA,PE,07/2022,3400,1920,"56,47",1890,30,"98,44",1480,"43,53",138,1342,"39,47"
260050,ÁGUAS BELAS,PE,07/2022,7271,5095,"70,07",5052,43,"99,16",2176,"29,93",132,2044,"28,11"
260050,ÁGUAS BELAS,PE,11/2022,7062,5133,"72,68",5084,49,"99,05",1929,"27,32",63,1866,"26,42"
260050,ÁGUAS BELAS,PE,09/2022,7193,4948,"68,79",4933,15,"99,70",2245,"31,21",136,2109,"29,32"
260060,ALAGOINHA,PE,09/2022,1660,1448,"87,23",1448,0,"100,00",212,"12,77",10,202,"12,17"
260060,ALAGOINHA,PE,07/2022,1662,1447,"87,06",1447,0,"100,00",215,"12,94",16,199,"11,97"
260060,ALAGOINHA,PE,11/2022,1619,1426,"88,08",1426,0,"100,00",193,"11,92",5,188,"11,61"
260070,ALIANÇA,PE,11/2022,4720,3875,"82,10",3870,5,"99,87",845,"17,90",10,835,"17,69"
260070,ALIANÇA,PE,07/2022,4885,4034,"82,58",4030,4,"99,90",851,"17,42",16,835,"17,09"
260070,ALIANÇA,PE,09/2022,4869,3968,"81,50",3964,4,"99,90",901,"18,50",27,874,"17,95"
260080,ALTINHO,PE,09/2022,2023,1459,"72,12",1421,38,"97,40",564,"27,88",63,501,"24,77"
260080,ALTINHO,PE,07/2022,2005,1282,"63,94",1255,27,"97,89",723,"36,06",220,503,"25,09"
260080,ALTINHO,PE,11/2022,1973,1457,"73,85",1437,20,"98,63",516,"26,15",45,471,"23,87"
260090,AMARAJI,PE,11/2022,2461,1688,"68,59",1679,9,"99,47",773,"31,41",415,358,"14,55"
260090,AMARAJI,PE,07/2022,2544,1604,"63,05",1596,8,"99,50",940,"36,95",520,420,"16,51"
260090,AMARAJI,PE,09/2022,2515,1369,"54,43",1367,2,"99,85",1146,"45,57",730,416,"16,54"
260100,ANGELIM,PE,09/2022,1351,1147,"84,90",1134,13,"98,87",204,"15,10",46,158,"11,70"
260100,ANGELIM,PE,07/2022,1350,1139,"84,37",1135,4,"99,65",211,"15,63",19,192,"14,22"
260100,ANGELIM,PE,11/2022,1341,1183,"88,22",1171,12,"98,99",158,"11,78",1,157,"11,71"
260105,ARAÇOIABA,PE,07/2022,2812,5,"0,18",5,0,"100,00",2807,"99,82",2622,185,"6,58"
260105,ARAÇOIABA,PE,11/2022,2859,2321,"81,18",2304,17,"99,27",538,"18,82",409,129,"4,51"
260105,ARAÇOIABA,PE,09/2022,2798,7,"0,25",7,0,"100,00",2791,"99,75",2602,189,"6,75"
260110,ARARIPINA,PE,09/2022,11608,9241,"79,61",9215,26,"99,72",2367,"20,39",1110,1257,"10,83"
260110,ARARIPINA,PE,11/2022,11065,9621,"86,95",9602,19,"99,80",1444,"13,05",443,1001,"9,05"
260110,ARARIPINA,PE,07/2022,11335,8475,"74,77",8463,12,"99,86",2860,"25,23",1590,1270,"11,20"
260120,ARCOVERDE,PE,07/2022,7241,4541,"62,71",4423,118,"97,40",2700,"37,29",224,2476,"34,19"
260120,ARCOVERDE,PE,11/2022,7089,4768,"67,26",4640,128,"97,32",2321,"32,74",30,2291,"32,32"
260120,ARCOVERDE,PE,09/2022,7170,4625,"64,50",4528,97,"97,90",2545,"35,50",38,2507,"34,97"
260130,BARRA DE GUABIRABA,PE,09/2022,1326,737,"55,58",737,0,"100,00",589,"44,42",300,289,"21,79"
260130,BARRA DE GUABIRABA,PE,11/2022,1284,642,"50,00",642,0,"100,00",642,"50,00",63,579,"45,09"
260130,BARRA DE GUABIRABA,PE,07/2022,1307,437,"33,44",437,0,"100,00",870,"66,56",583,287,"21,96"
260140,BARREIROS,PE,07/2022,5760,3727,"64,70",3700,27,"99,28",2033,"35,30",21,2012,"34,93"
260140,BARREIROS,PE,11/2022,5551,4350,"78,36",4297,53,"98,78",1201,"21,64",64,1137,"20,48"
260140,BARREIROS,PE,09/2022,5688,4347,"76,42",4292,55,"98,73",1341,"23,58",83,1258,"22,12"
260150,BELÉM DE MARIA,PE,09/2022,1407,524,"37,24",520,4,"99,24",883,"62,76",430,453,"32,20"
260150,BELÉM DE MARIA,PE,07/2022,1511,751,"49,70",749,2,"99,73",760,"50,30",302,458,"30,31"
260150,BELÉM DE MARIA,PE,11/2022,1402,994,"70,90",988,6,"99,40",408,"29,10",7,401,"28,60"
260160,BELÉM DE SÃO FRANCISCO,PE,07/2022,2942,2543,"86,44",2507,36,"98,58",399,"13,56",93,306,"10,40"
260160,BELÉM DE SÃO FRANCISCO,PE,11/2022,2770,2500,"90,25",2471,29,"98,84",270,"9,75",7,263,"9,49"
260160,BELÉM DE SÃO FRANCISCO,PE,09/2022,2858,2506,"87,68",2495,11,"99,56",352,"12,32",29,323,"11,30"
260170,BELO JARDIM,PE,09/2022,8646,6301,"72,88",6294,7,"99,89",2345,"27,12",423,1922,"22,23"
260170,BELO JARDIM,PE,11/2022,8551,6002,"70,19",5996,6,"99,90",2549,"29,81",778,1771,"20,71"
260170,BELO JARDIM,PE,07/2022,8593,6592,"76,71",6589,3,"99,95",2001,"23,29",171,1830,"21,30"
260180,BETÂNIA,PE,11/2022,1495,1405,"93,98",1397,8,"99,43",90,"6,02",48,42,"2,81"
260180,BETÂNIA,PE,07/2022,1522,1449,"95,20",1440,9,"99,38",73,"4,80",35,38,"2,50"
260180,BETÂNIA,PE,09/2022,1525,1440,"94,43",1416,24,"98,33",85,"5,57",42,43,"2,82"
260190,BEZERROS,PE,09/2022,5951,2846,"47,82",2774,72,"97,47",3105,"52,18",1604,1501,"25,22"
260190,BEZERROS,PE,07/2022,5923,2573,"43,44",2531,42,"98,37",3350,"56,56",1917,1433,"24,19"
260190,BEZERROS,PE,11/2022,5974,4774,"79,91",4682,92,"98,07",1200,"20,09",171,1029,"17,22"
260200,BODOCÓ,PE,11/2022,4487,3862,"86,07",3762,100,"97,41",625,"13,93",15,610,"13,59"
260200,BODOCÓ,PE,07/2022,4633,3729,"80,49",3678,51,"98,63",904,"19,51",22,882,"19,04"
260200,BODOCÓ,PE,09/2022,4593,3951,"86,02",3862,89,"97,75",642,"13,98",26,616,"13,41"
260210,BOM CONSELHO,PE,09/2022,5429,3450,"63,55",3379,71,"97,94",1979,"36,45",996,983,"18,11"
260210,BOM CONSELHO,PE,11/2022,5352,4364,"81,54",4339,25,"99,43",988,"18,46",107,881,"16,46"
260210,BOM CONSELHO,PE,07/2022,5544,4305,"77,65",4272,33,"99,23",1239,"22,35",184,1055,"19,03"
260220,BOM JARDIM,PE,11/2022,4094,3880,"94,77",3876,4,"99,90",214,"5,23",9,205,"5,01"
260220,BOM JARDIM,PE,07/2022,4298,3744,"87,11",3741,3,"99,92",554,"12,89",14,540,"12,56"
260220,BOM JARDIM,PE,09/2022,4208,3921,"93,18",3918,3,"99,92",287,"6,82",36,251,"5,96"
260230,BONITO,PE,09/2022,4882,4322,"88,53",4322,0,"100,00",560,"11,47",47,513,"10,51"
260230,BONITO,PE,07/2022,4873,4044,"82,99",4044,0,"100,00",829,"17,01",320,509,"10,45"
260230,BONITO,PE,11/2022,4806,4306,"89,60",4306,0,"100,00",500,"10,40",14,486,"10,11"
260240,BREJÃO,PE,11/2022,1338,1250,"93,42",1239,11,"99,12",88,"6,58",5,83,"6,20"
260240,BREJÃO,PE,07/2022,1442,1236,"85,71",1236,0,"100,00",206,"14,29",9,197,"13,66"
260240,BREJÃO,PE,09/2022,1386,1268,"91,49",1258,10,"99,21",118,"8,51",10,108,"7,79"
260250,BREJINHO,PE,09/2022,997,735,"73,72",728,7,"99,05",262,"26,28",39,223,"22,37"
260250,BREJINHO,PE,07/2022,983,668,"67,96",661,7,"98,95",315,"32,04",92,223,"22,69"
260250,BREJINHO,PE,11/2022,986,895,"90,77",886,9,"98,99",91,"9,23",0,91,"9,23"
260260,BREJO DA MADRE DE DEUS,PE,11/2022,5793,3961,"68,38",3825,136,"96,57",1832,"31,62",377,1455,"25,12"
260260,BREJO DA MADRE DE DEUS,PE,07/2022,5782,3882,"67,14",3771,111,"97,14",1900,"32,86",501,1399,"24,20"
260260,BREJO DA MADRE DE DEUS,PE,09/2022,5848,3653,"62,47",3522,131,"96,41",2195,"37,53",739,1456,"24,90"
260270,BUENOS AIRES,PE,09/2022,1914,148,"7,73",148,0,"100,00",1766,"92,27",1434,332,"17,35"
260270,BUENOS AIRES,PE,11/2022,1895,1429,"75,41",1429,0,"100,00",466,"24,59",142,324,"17,10"
260270,BUENOS AIRES,PE,07/2022,1917,1429,"74,54",1429,0,"100,00",488,"25,46",167,321,"16,74"
260280,BUÍQUE,PE,07/2022,7575,2445,"32,28",2411,34,"98,61",5130,"67,72",1849,3281,"43,31"
260280,BUÍQUE,PE,11/2022,7268,3836,"52,78",3807,29,"99,24",3432,"47,22",478,2954,"40,64"
260280,BUÍQUE,PE,09/2022,7440,2513,"33,78",2498,15,"99,40",4927,"66,22",1680,3247,"43,64"
260290,CABO DE SANTO AGOSTINHO,PE,09/2022,19516,6813,"34,91",6687,126,"98,15",12703,"65,09",4575,8128,"41,65"
260290,CABO DE SANTO AGOSTINHO,PE,11/2022,19283,6998,"36,29",6884,114,"98,37",12285,"63,71",4833,7452,"38,65"
260290,CABO DE SANTO AGOSTINHO,PE,07/2022,19031,7803,"41,00",7701,102,"98,69",11228,"59,00",3400,7828,"41,13"
260300,CABROBÓ,PE,07/2022,4619,4201,"90,95",4201,0,"100,00",418,"9,05",20,398,"8,62"
260300,CABROBÓ,PE,11/2022,4526,4137,"91,41",4137,0,"100,00",389,"8,59",5,384,"8,48"
260300,CABROBÓ,PE,09/2022,4597,4191,"91,17",4191,0,"100,00",406,"8,83",12,394,"8,57"
260310,CACHOEIRINHA,PE,09/2022,2339,2153,"92,05",2102,51,"97,63",186,"7,95",24,162,"6,93"
260310,CACHOEIRINHA,PE,07/2022,2349,2205,"93,87",2177,28,"98,73",144,"6,13",6,138,"5,87"
260310,CACHOEIRINHA,PE,11/2022,2302,2145,"93,18",2098,47,"97,81",157,"6,82",8,149,"6,47"
260320,CAETÉS,PE,11/2022,3584,3371,"94,06",3312,59,"98,25",213,"5,94",16,197,"5,50"
260320,CAETÉS,PE,07/2022,3857,3482,"90,28",3477,5,"99,86",375,"9,72",12,363,"9,41"
260320,CAETÉS,PE,09/2022,3717,3448,"92,76",3391,57,"98,35",269,"7,24",30,239,"6,43"
260330,CALÇADO,PE,09/2022,1145,733,"64,02",732,1,"99,86",412,"35,98",243,169,"14,76"
260330,CALÇADO,PE,11/2022,1106,1027,"92,86",1024,3,"99,71",79,"7,14",1,78,"7,05"
260330,CALÇADO,PE,07/2022,1164,991,"85,14",991,0,"100,00",173,"14,86",2,171,"14,69"
260340,CALUMBI,PE,07/2022,929,720,"77,50",703,17,"97,64",209,"22,50",25,184,"19,81"
260340,CALUMBI,PE,11/2022,923,713,"77,25",711,2,"99,72",210,"22,75",1,209,"22,64"
260340,CALUMBI,PE,09/2022,930,712,"76,56",702,10,"98,60",218,"23,44",15,203,"21,83"
260345,CAMARAGIBE,PE,09/2022,11683,6058,"51,85",6022,36,"99,41",5625,"48,15",2700,2925,"25,04"
260345,CAMARAGIBE,PE,11/2022,11994,9536,"79,51",9534,2,"99,98",2458,"20,49",116,2342,"19,53"
260345,CAMARAGIBE,PE,07/2022,11847,8572,"72,36",8572,0,"100,00",3275,"27,64",210,3065,"25,87"
260350,CAMOCIM DE SÃO FÉLIX,PE,07/2022,2120,1926,"90,85",1905,21,"98,91",194,"9,15",24,170,"8,02"
260350,CAMOCIM DE SÃO FÉLIX,PE,11/2022,1994,1533,"76,88",1520,13,"99,15",461,"23,12",6,455,"22,82"
260350,CAMOCIM DE SÃO FÉLIX,PE,09/2022,2071,1669,"80,59",1661,8,"99,52",402,"19,41",19,383,"18,49"
260360,CAMUTANGA,PE,09/2022,1064,832,"78,20",822,10,"98,80",232,"21,80",6,226,"21,24"
260360,CAMUTANGA,PE,11/2022,1049,872,"83,13",860,12,"98,62",177,"16,87",5,172,"16,40"
260360,CAMUTANGA,PE,07/2022,1065,795,"74,65",782,13,"98,36",270,"25,35",6,264,"24,79"
260370,CANHOTINHO,PE,11/2022,2622,2154,"82,15",2135,19,"99,12",468,"17,85",1,467,"17,81"
260370,CANHOTINHO,PE,07/2022,2740,2204,"80,44",2186,18,"99,18",536,"19,56",24,512,"18,69"
260370,CANHOTINHO,PE,09/2022,2696,2167,"80,38",2153,14,"99,35",529,"19,62",11,518,"19,21"
260380,CAPOEIRAS,PE,09/2022,2202,884,"40,15",877,7,"99,21",1318,"59,85",762,556,"25,25"
260380,CAPOEIRAS,PE,07/2022,2248,1573,"69,97",1572,1,"99,94",675,"30,03",185,490,"21,80"
260380,CAPOEIRAS,PE,11/2022,2184,1630,"74,63",1626,4,"99,75",554,"25,37",94,460,"21,06"
260390,CARNAÍBA,PE,11/2022,1937,1827,"94,32",1763,64,"96,50",110,"5,68",0,110,"5,68"
260390,CARNAÍBA,PE,07/2022,1959,1813,"92,55",1684,129,"92,88",146,"7,45",2,144,"7,35"
260390,CARNAÍBA,PE,09/2022,1965,1825,"92,88",1761,64,"96,49",140,"7,12",1,139,"7,07"
260392,CARNAUBEIRA DA PENHA,PE,09/2022,2238,724,"32,35",703,21,"97,10",1514,"67,65",870,644,"28,78"
260392,CARNAUBEIRA DA PENHA,PE,07/2022,2279,421,"18,47",411,10,"97,62",1858,"81,53",1226,632,"27,73"
260392,CARNAUBEIRA DA PENHA,PE,11/2022,2304,1589,"68,97",1577,12,"99,24",715,"31,03",30,685,"29,73"
260400,CARPINA,PE,07/2022,7153,4415,"61,72",4377,38,"99,14",2738,"38,28",185,2553,"35,69"
260400,CARPINA,PE,11/2022,7280,4442,"61,02",4421,21,"99,53",2838,"38,98",343,2495,"34,27"
260400,CARPINA,PE,09/2022,7280,4379,"60,15",4352,27,"99,38",2901,"39,85",303,2598,"35,69"
260410,CARUARU,PE,09/2022,29222,21158,"72,40",19773,1385,"93,45",8064,"27,60",2249,5815,"19,90"
260410,CARUARU,PE,11/2022,29016,23725,"81,77",22093,1632,"93,12",5291,"18,23",872,4419,"15,23"
260410,CARUARU,PE,07/2022,28749,16067,"55,89",14935,1132,"92,95",12682,"44,11",1545,11137,"38,74"
260415,CASINHAS,PE,11/2022,1611,1219,"75,67",1210,9,"99,26",392,"24,33",4,388,"24,08"
260415,CASINHAS,PE,07/2022,1614,1198,"74,23",1197,1,"99,92",416,"25,77",5,411,"25,46"
260415,CASINHAS,PE,09/2022,1627,1070,"65,77",1070,0,"100,00",557,"34,23",123,434,"26,67"
260420,CATENDE,PE,09/2022,4704,2590,"55,06",2560,30,"98,84",2114,"44,94",1040,1074,"22,83"
260420,CATENDE,PE,11/2022,4592,3976,"86,59",3906,70,"98,24",616,"13,41",101,515,"11,22"
260420,CATENDE,PE,07/2022,4723,2626,"55,60",2598,28,"98,93",2097,"44,40",1017,1080,"22,87"
260430,CEDRO,PE,07/2022,1356,863,"63,64",849,14,"98,38",493,"36,36",2,491,"36,21"
260430,CEDRO,PE,11/2022,1340,854,"63,73",821,33,"96,14",486,"36,27",2,484,"36,12"
260430,CEDRO,PE,09/2022,1323,574,"43,39",564,10,"98,26",749,"56,61",267,482,"36,43"
260440,CHÃ DE ALEGRIA,PE,09/2022,1770,473,"26,72",473,0,"100,00",1297,"73,28",1024,273,"15,42"
260440,CHÃ DE ALEGRIA,PE,07/2022,1786,1504,"84,21",1504,0,"100,00",282,"15,79",16,266,"14,89"
260440,CHÃ DE ALEGRIA,PE,11/2022,1786,1515,"84,83",1515,0,"100,00",271,"15,17",5,266,"14,89"
260450,CHÃ GRANDE,PE,07/2022,2652,2201,"82,99",2201,0,"100,00",451,"17,01",150,301,"11,35"
260450,CHÃ GRANDE,PE,11/2022,2649,2299,"86,79",2299,0,"100,00",350,"13,21",65,285,"10,76"
260450,CHÃ GRANDE,PE,09/2022,2660,2182,"82,03",2182,0,"100,00",478,"17,97",176,302,"11,35"
260460,CONDADO,PE,09/2022,2570,2288,"89,03",2262,26,"98,86",282,"10,97",8,274,"10,66"
260460,CONDADO,PE,11/2022,2527,2284,"90,38",2240,44,"98,07",243,"9,62",3,240,"9,50"
260460,CONDADO,PE,07/2022,2574,2029,"78,83",2000,29,"98,57",545,"21,17",3,542,"21,06"
260470,CORRENTES,PE,11/2022,2083,1837,"88,19",1762,75,"95,92",246,"11,81",114,132,"6,34"
260470,CORRENTES,PE,07/2022,2134,1258,"58,95",1224,34,"97,30",876,"41,05",661,215,"10,07"
260470,CORRENTES,PE,09/2022,2127,1343,"63,14",1302,41,"96,95",784,"36,86",570,214,"10,06"
260480,CORTÊS,PE,09/2022,1671,0,"0,00",0,0,,1671,"100,00",1531,140,"8,38"
260480,CORTÊS,PE,07/2022,1737,1043,"60,05",1043,0,"100,00",694,"39,95",566,128,"7,37"
260480,CORTÊS,PE,11/2022,1732,1587,"91,63",1587,0,"100,00",145,"8,37",7,138,"7,97"
260490,CUMARU,PE,07/2022,1904,1431,"75,16",1429,2,"99,86",473,"24,84",130,343,"18,01"
260490,CUMARU,PE,11/2022,1826,1418,"77,66",1414,4,"99,72",408,"22,34",76,332,"18,18"
260490,CUMARU,PE,09/2022,1887,1379,"73,08",1372,7,"99,49",508,"26,92",147,361,"19,13"
260500,CUPIRA,PE,09/2022,2549,2141,"83,99",2139,2,"99,91",408,"16,01",6,402,"15,77"
260500,CUPIRA,PE,11/2022,2511,2132,"84,91",2107,25,"98,83",379,"15,09",0,379,"15,09"
260500,CUPIRA,PE,07/2022,2554,2116,"82,85",2102,14,"99,34",438,"17,15",40,398,"15,58"
260510,CUSTÓDIA,PE,07/2022,4628,4311,"93,15",4311,0,"100,00",317,"6,85",13,304,"6,57"
260510,CUSTÓDIA,PE,11/2022,4506,3177,"70,51",3093,84,"97,36",1329,"29,49",527,802,"17,80"
260510,CUSTÓDIA,PE,09/2022,4587,3523,"76,80",3442,81,"97,70",1064,"23,20",132,932,"20,32"
260515,DORMENTES,PE,09/2022,1594,1118,"70,14",1086,32,"97,14",476,"29,86",21,455,"28,54"
260515,DORMENTES,PE,07/2022,1624,1144,"70,44",1115,29,"97,47",480,"29,56",21,459,"28,26"
260515,DORMENTES,PE,11/2022,1602,1144,"71,41",1122,22,"98,08",458,"28,59",17,441,"27,53"
260520,ESCADA,PE,11/2022,7070,5145,"72,77",5145,0,"100,00",1925,"27,23",24,1901,"26,89"
260520,ESCADA,PE,07/2022,7232,3536,"48,89",3514,22,"99,38",3696,"51,11",335,3361,"46,47"
260520,ESCADA,PE,09/2022,7234,3896,"53,86",3895,1,"99,97",3338,"46,14",331,3007,"41,57"
260530,EXU,PE,09/2022,4595,3872,"84,27",3839,33,"99,15",723,"15,73",155,568,"12,36"
260530,EXU,PE,11/2022,4485,3938,"87,80",3926,12,"99,70",547,"12,20",53,494,"11,01"
260530,EXU,PE,07/2022,4654,3977,"85,45",3972,5,"99,87",677,"14,55",19,658,"14,14"
260540,FEIRA NOVA,PE,07/2022,2810,2267,"80,68",2248,19,"99,16",543,"19,32",6,537,"19,11"
260540,FEIRA NOVA,PE,11/2022,2768,2276,"82,23",2240,36,"98,42",492,"17,77",10,482,"17,41"
260540,FEIRA NOVA,PE,09/2022,2816,2313,"82,14",2310,3,"99,87",503,"17,86",7,496,"17,61"
260545,FERNANDO DE NORONHA,PE,09/2022,20,20,"100,00",20,0,"100,00",0,"0,00",0,0,"0,00"
260545,FERNANDO DE NORONHA,PE,11/2022,23,18,"78,26",15,3,"83,33",5,"21,74",3,2,"8,70"
260545,FERNANDO DE NORONHA,PE,07/2022,19,16,"84,21",16,0,"100,00",3,"15,79",1,2,"10,53"
260550,FERREIROS,PE,07/2022,1144,758,"66,26",755,3,"99,60",386,"33,74",23,363,"31,73"
260550,FERREIROS,PE,11/2022,1121,751,"66,99",747,4,"99,47",370,"33,01",14,356,"31,76"
260550,FERREIROS,PE,09/2022,1161,727,"62,62",723,4,"99,45",434,"37,38",33,401,"34,54"
260560,FLORES,PE,09/2022,2474,1854,"74,94",1809,45,"97,57",620,"25,06",6,614,"24,82"
260560,FLORES,PE,11/2022,2413,1980,"82,06",1940,40,"97,98",433,"17,94",3,430,"17,82"
260560,FLORES,PE,07/2022,2520,1803,"71,55",1749,54,"97,00",717,"28,45",106,611,"24,25"
260570,FLORESTA,PE,11/2022,3975,3475,"87,42",3475,0,"100,00",500,"12,58",4,496,"12,48"
260570,FLORESTA,PE,07/2022,4048,3480,"85,97",3480,0,"100,00",568,"14,03",49,519,"12,82"
260570,FLORESTA,PE,09/2022,4037,2797,"69,28",2797,0,"100,00",1240,"30,72",715,525,"13,00"
260580,FREI MIGUELINHO,PE,09/2022,1667,1228,"73,67",1192,36,"97,07",439,"26,33",44,395,"23,70"
260580,FREI MIGUELINHO,PE,07/2022,1633,1225,"75,02",1225,0,"100,00",408,"24,98",16,392,"24,00"
260580,FREI MIGUELINHO,PE,11/2022,1602,1215,"75,84",1215,0,"100,00",387,"24,16",10,377,"23,53"
260590,GAMELEIRA,PE,11/2022,2794,2111,"75,55",2050,61,"97,11",683,"24,45",23,660,"23,62"
260590,GAMELEIRA,PE,07/2022,2904,1747,"60,16",1736,11,"99,37",1157,"39,84",494,663,"22,83"
260590,GAMELEIRA,PE,09/2022,2934,1863,"63,50",1850,13,"99,30",1071,"36,50",427,644,"21,95"
260600,GARANHUNS,PE,09/2022,14053,10545,"75,04",9853,692,"93,44",3508,"24,96",374,3134,"22,30"
260600,GARANHUNS,PE,07/2022,13725,9931,"72,36",9287,644,"93,52",3794,"27,64",460,3334,"24,29"
260600,GARANHUNS,PE,11/2022,13817,10740,"77,73",10117,623,"94,20",3077,"22,27",328,2749,"19,90"
260610,GLÓRIA DO GOITÁ,PE,11/2022,3160,2529,"80,03",2493,36,"98,58",631,"19,97",4,627,"19,84"
260610,GLÓRIA DO GOITÁ,PE,07/2022,3224,2546,"78,97",2512,34,"98,66",678,"21,03",36,642,"19,91"
260610,GLÓRIA DO GOITÁ,PE,09/2022,3200,2499,"78,09",2459,40,"98,40",701,"21,91",37,664,"20,75"
260620,GOIANA,PE,09/2022,8719,5545,"63,60",5282,263,"95,26",3174,"36,40",408,2766,"31,72"
260620,GOIANA,PE,07/2022,8544,5854,"68,52",5652,202,"96,55",2690,"31,48",157,2533,"29,65"
260620,GOIANA,PE,11/2022,8658,6571,"75,90",5163,1408,"78,57",2087,"24,10",46,2041,"23,57"
260630,GRANITO,PE,07/2022,1073,977,"91,05",977,0,"100,00",96,"8,95",5,91,"8,48"
260630,GRANITO,PE,11/2022,1061,979,"92,27",979,0,"100,00",82,"7,73",1,81,"7,63"
260630,GRANITO,PE,09/2022,1086,977,"89,96",967,10,"98,98",109,"10,04",17,92,"8,47"
260640,GRAVATÁ,PE,09/2022,8638,6395,"74,03",6317,78,"98,78",2243,"25,97",91,2152,"24,91"
260640,GRAVATÁ,PE,11/2022,8560,7256,"84,77",7197,59,"99,19",1304,"15,23",58,1246,"14,56"
260640,GRAVATÁ,PE,07/2022,8510,6201,"72,87",6161,40,"99,35",2309,"27,13",196,2113,"24,83"
260650,IATI,PE,07/2022,2711,2002,"73,85",1989,13,"99,35",709,"26,15",32,677,"24,97"
260650,IATI,PE,11/2022,2626,1971,"75,06",1971,0,"100,00",655,"24,94",3,652,"24,83"
260650,IATI,PE,09/2022,2676,1755,"65,58",1746,9,"99,49",921,"34,42",203,718,"26,83"
260660,IBIMIRIM,PE,09/2022,3681,2008,"54,55",1971,37,"98,16",1673,"45,45",747,926,"25,16"
260660,IBIMIRIM,PE,11/2022,3641,2694,"73,99",2668,26,"99,03",947,"26,01",19,928,"25,49"
260660,IBIMIRIM,PE,07/2022,3677,2048,"55,70",2019,29,"98,58",1629,"44,30",720,909,"24,72"
260670,IBIRAJUBA,PE,07/2022,797,580,"72,77",579,1,"99,83",217,"27,23",159,58,"7,28"
260670,IBIRAJUBA,PE,11/2022,782,428,"54,73",428,0,"100,00",354,"45,27",280,74,"9,46"
260670,IBIRAJUBA,PE,09/2022,753,50,"6,64",50,0,"100,00",703,"93,36",643,60,"7,97"
260680,IGARASSU,PE,09/2022,11451,5773,"50,41",5661,112,"98,06",5678,"49,59",542,5136,"44,85"
260680,IGARASSU,PE,11/2022,11393,6543,"57,43",6409,134,"97,95",4850,"42,57",47,4803,"42,16"
260680,IGARASSU,PE,07/2022,11116,5711,"51,38",5598,113,"98,02",5405,"48,62",720,4685,"42,15"
260690,IGUARACI,PE,11/2022,1359,1123,"82,63",1112,11,"99,02",236,"17,37",2,234,"17,22"
260690,IGUARACI,PE,07/2022,1427,1051,"73,65",1039,12,"98,86",376,"26,35",57,319,"22,35"
260690,IGUARACI,PE,09/2022,1412,1091,"77,27",1076,15,"98,63",321,"22,73",8,313,"22,17"
260700,INAJÁ,PE,09/2022,3645,2924,"80,22",2924,0,"100,00",721,"19,78",98,623,"17,09"
260700,INAJÁ,PE,11/2022,3586,2946,"82,15",2946,0,"100,00",640,"17,85",17,623,"17,37"
260700,INAJÁ,PE,07/2022,3690,3037,"82,30",3033,4,"99,87",653,"17,70",31,622,"16,86"
260710,INGAZEIRA,PE,07/2022,563,502,"89,17",496,6,"98,80",61,"10,83",3,58,"10,30"
260710,INGAZEIRA,PE,11/2022,525,479,"91,24",476,3,"99,37",46,"8,76",2,44,"8,38"
260710,INGAZEIRA,PE,09/2022,544,494,"90,81",494,0,"100,00",50,"9,19",4,46,"8,46"
260720,IPOJUCA,PE,09/2022,12410,6304,"50,80",6200,104,"98,35",6106,"49,20",2525,3581,"28,86"
260720,IPOJUCA,PE,07/2022,11914,6479,"54,38",6406,73,"98,87",5435,"45,62",873,4562,"38,29"
260720,IPOJUCA,PE,11/2022,12489,8575,"68,66",8473,102,"98,81",3914,"31,34",807,3107,"24,88"
260730,IPUBI,PE,11/2022,4767,3716,"77,95",3716,0,"100,00",1051,"22,05",4,1047,"21,96"
260730,IPUBI,PE,07/2022,4862,3791,"77,97",3791,0,"100,00",1071,"22,03",19,1052,"21,64"
260730,IPUBI,PE,09/2022,4857,3795,"78,13",3795,0,"100,00",1062,"21,87",9,1053,"21,68"
260740,ITACURUBA,PE,09/2022,632,535,"84,65",535,0,"100,00",97,"15,35",5,92,"14,56"
260740,ITACURUBA,PE,11/2022,630,517,"82,06",517,0,"100,00",113,"17,94",16,97,"15,40"
260740,ITACURUBA,PE,07/2022,642,535,"83,33",535,0,"100,00",107,"16,67",10,97,"15,11"
260750,ITAÍBA,PE,07/2022,3561,2710,"76,10",2710,0,"100,00",851,"23,90",550,301,"8,45"
260750,ITAÍBA,PE,11/2022,3443,2917,"84,72",2917,0,"100,00",526,"15,28",220,306,"8,89"
260750,ITAÍBA,PE,09/2022,3580,3031,"84,66",3031,0,"100,00",549,"15,34",239,310,"8,66"
260760,ILHA DE ITAMARACÁ,PE,09/2022,2594,790,"30,45",770,20,"97,47",1804,"69,55",1225,579,"22,32"
260760,ILHA DE ITAMARACÁ,PE,11/2022,2595,1911,"73,64",1898,13,"99,32",684,"26,36",10,674,"25,97"
260760,ILHA DE ITAMARACÁ,PE,07/2022,2565,2078,"81,01",2054,24,"98,85",487,"18,99",28,459,"17,89"
260765,ITAMBÉ,PE,07/2022,4156,3397,"81,74",3397,0,"100,00",759,"18,26",40,719,"17,30"
260765,ITAMBÉ,PE,11/2022,3989,3509,"87,97",3509,0,"100,00",480,"12,03",53,427,"10,70"
260765,ITAMBÉ,PE,09/2022,4017,3171,"78,94",3171,0,"100,00",846,"21,06",131,715,"17,80"
260770,ITAPETIM,PE,09/2022,1550,1248,"80,52",1248,0,"100,00",302,"19,48",7,295,"19,03"
260770,ITAPETIM,PE,07/2022,1562,1259,"80,60",1258,1,"99,92",303,"19,40",6,297,"19,01"
260770,ITAPETIM,PE,11/2022,1526,1495,"97,97",1487,8,"99,46",31,"2,03",2,29,"1,90"
260775,ITAPISSUMA,PE,11/2022,2664,1999,"75,04",1938,61,"96,95",665,"24,96",9,656,"24,62"
260775,ITAPISSUMA,PE,07/2022,2775,2102,"75,75",2039,63,"97,00",673,"24,25",10,663,"23,89"
260775,ITAPISSUMA,PE,09/2022,2697,1932,"71,64",1892,40,"97,93",765,"28,36",100,665,"24,66"
260780,ITAQUITINGA,PE,09/2022,1844,802,"43,49",752,50,"93,77",1042,"56,51",803,239,"12,96"
260780,ITAQUITINGA,PE,11/2022,1788,735,"41,11",704,31,"95,78",1053,"58,89",824,229,"12,81"
260780,ITAQUITINGA,PE,07/2022,1856,782,"42,13",750,32,"95,91",1074,"57,87",824,250,"13,47"
260790,JABOATÃO DOS GUARARAPES,PE,07/2022,50016,34620,"69,22",34223,397,"98,85",15396,"30,78",1326,14070,"28,13"
260790,JABOATÃO DOS GUARARAPES,PE,11/2022,50050,39006,"77,93",38464,542,"98,61",11044,"22,07",679,10365,"20,71"
260790,JABOATÃO DOS GUARARAPES,PE,09/2022,50548,37304,"73,80",36797,507,"98,64",13244,"26,20",1215,12029,"23,80"
260795,JAQUEIRA,PE,09/2022,1391,1,"0,07",1,0,"100,00",1390,"99,93",1275,115,"8,27"
260795,JAQUEIRA,PE,11/2022,1383,1265,"91,47",1265,0,"100,00",118,"8,53",9,109,"7,88"
260795,JAQUEIRA,PE,07/2022,1469,1322,"89,99",1322,0,"100,00",147,"10,01",26,121,"8,24"
260800,JATAÚBA,PE,07/2022,2227,1755,"78,81",1744,11,"99,37",472,"21,19",48,424,"19,04"
260800,JATAÚBA,PE,11/2022,2176,1749,"80,38",1744,5,"99,71",427,"19,62",19,408,"18,75"
260800,JATAÚBA,PE,09/2022,2212,1753,"79,25",1733,20,"98,86",459,"20,75",31,428,"19,35"
260805,JATOBÁ,PE,09/2022,1822,916,"50,27",907,9,"99,02",906,"49,73",6,900,"49,40"
260805,JATOBÁ,PE,11/2022,1783,1310,"73,47",1310,0,"100,00",473,"26,53",4,469,"26,30"
260805,JATOBÁ,PE,07/2022,1806,937,"51,88",934,3,"99,68",869,"48,12",9,860,"47,62"
260810,JOÃO ALFREDO,PE,11/2022,2909,2568,"88,28",2560,8,"99,69",341,"11,72",4,337,"11,58"
260810,JOÃO ALFREDO,PE,07/2022,2996,2625,"87,62",2615,10,"99,62",371,"12,38",5,366,"12,22"
260810,JOÃO ALFREDO,PE,09/2022,2950,2578,"87,39",2566,12,"99,53",372,"12,61",6,366,"12,41"
260820,JOAQUIM NABUCO,PE,09/2022,2073,1235,"59,58",1233,2,"99,84",838,"40,42",396,442,"21,32"
260820,JOAQUIM NABUCO,PE,11/2022,2047,1538,"75,13",1537,1,"99,93",509,"24,87",21,488,"23,84"
260820,JOAQUIM NABUCO,PE,07/2022,2018,1000,"49,55",993,7,"99,30",1018,"50,45",604,414,"20,52"
260825,JUCATI,PE,07/2022,1515,1211,"79,93",1196,15,"98,76",304,"20,07",7,297,"19,60"
260825,JUCATI,PE,11/2022,1460,1289,"88,29",1245,44,"96,59",171,"11,71",24,147,"10,07"
260825,JUCATI,PE,09/2022,1490,1306,"87,65",1254,52,"96,02",184,"12,35",36,148,"9,93"
260830,JUPI,PE,09/2022,2052,1824,"88,89",1786,38,"97,92",228,"11,11",22,206,"10,04"
260830,JUPI,PE,11/2022,2045,1878,"91,83",1856,22,"98,83",167,"8,17",1,166,"8,12"
260830,JUPI,PE,07/2022,2067,1832,"88,63",1832,0,"100,00",235,"11,37",19,216,"10,45"
260840,JUREMA,PE,07/2022,1861,1568,"84,26",1522,46,"97,07",293,"15,74",11,282,"15,15"
260840,JUREMA,PE,11/2022,1805,1615,"89,47",1543,72,"95,54",190,"10,53",2,188,"10,42"
260840,JUREMA,PE,09/2022,1860,1564,"84,09",1493,71,"95,46",296,"15,91",12,284,"15,27"
260845,LAGOA DO CARRO,PE,09/2022,2006,1817,"90,58",1763,54,"97,03",189,"9,42",2,187,"9,32"
260845,LAGOA DO CARRO,PE,07/2022,2024,1817,"89,77",1794,23,"98,73",207,"10,23",14,193,"9,54"
260845,LAGOA DO CARRO,PE,11/2022,1972,1769,"89,71",1644,125,"92,93",203,"10,29",5,198,"10,04"
260850,LAGOA DO ITAENGA,PE,11/2022,2159,1940,"89,86",1928,12,"99,38",219,"10,14",9,210,"9,73"
260850,LAGOA DO ITAENGA,PE,07/2022,2322,1987,"85,57",1987,0,"100,00",335,"14,43",5,330,"14,21"
260850,LAGOA DO ITAENGA,PE,09/2022,2228,1971,"88,46",1964,7,"99,64",257,"11,54",35,222,"9,96"
260860,LAGOA DO OURO,PE,09/2022,1622,1554,"95,81",1553,1,"99,94",68,"4,19",16,52,"3,21"
260860,LAGOA DO OURO,PE,11/2022,1560,1416,"90,77",1402,14,"99,01",144,"9,23",3,141,"9,04"
260860,LAGOA DO OURO,PE,07/2022,1609,1561,"97,02",1561,0,"100,00",48,"2,98",2,46,"2,86"
260870,LAGOA DOS GATOS,PE,11/2022,1741,1549,"88,97",1547,2,"99,87",192,"11,03",0,192,"11,03"
260870,LAGOA DOS GATOS,PE,07/2022,1694,4,"0,24",4,0,"100,00",1690,"99,76",1550,140,"8,26"
260870,LAGOA DOS GATOS,PE,09/2022,1790,1599,"89,33",1599,0,"100,00",191,"10,67",51,140,"7,82"
260875,LAGOA GRANDE,PE,09/2022,3117,2256,"72,38",2084,172,"92,38",861,"27,62",3,858,"27,53"
260875,LAGOA GRANDE,PE,07/2022,3086,2176,"70,51",2106,70,"96,78",910,"29,49",3,907,"29,39"
260875,LAGOA GRANDE,PE,11/2022,3075,2269,"73,79",2269,0,"100,00",806,"26,21",1,805,"26,18"
260880,LAJEDO,PE,11/2022,4969,3716,"74,78",3614,102,"97,26",1253,"25,22",10,1243,"25,02"
260880,LAJEDO,PE,07/2022,4974,3774,"75,87",3697,77,"97,96",1200,"24,13",9,1191,"23,94"
260880,LAJEDO,PE,09/2022,5007,3564,"71,18",3376,188,"94,73",1443,"28,82",47,1396,"27,88"
260890,LIMOEIRO,PE,09/2022,5179,3869,"74,71",3759,110,"97,16",1310,"25,29",10,1300,"25,10"
260890,LIMOEIRO,PE,07/2022,5191,3788,"72,97",3702,86,"97,73",1403,"27,03",9,1394,"26,85"
260890,LIMOEIRO,PE,11/2022,5098,4029,"79,03",3925,104,"97,42",1069,"20,97",8,1061,"20,81"
260900,MACAPARANA,PE,11/2022,2433,2187,"89,89",2141,46,"97,90",246,"10,11",5,241,"9,91"
260900,MACAPARANA,PE,07/2022,2586,2352,"90,95",2320,32,"98,64",234,"9,05",0,234,"9,05"
260900,MACAPARANA,PE,09/2022,2539,2505,"98,66",2459,46,"98,16",34,"1,34",8,26,"1,02"
260910,MACHADOS,PE,09/2022,1429,1130,"79,08",1125,5,"99,56",299,"20,92",6,293,"20,50"
260910,MACHADOS,PE,07/2022,1410,1135,"80,50",1128,7,"99,38",275,"19,50",6,269,"19,08"
260910,MACHADOS,PE,11/2022,1367,1230,"89,98",1215,15,"98,78",137,"10,02",22,115,"8,41"
260915,MANARI,PE,11/2022,2810,1024,"36,44",1024,0,"100,00",1786,"63,56",1343,443,"15,77"
260915,MANARI,PE,07/2022,2933,1420,"48,41",1418,2,"99,86",1513,"51,59",1042,471,"16,06"
260915,MANARI,PE,09/2022,2907,2101,"72,27",2058,43,"97,95",806,"27,73",349,457,"15,72"
260920,MARAIAL,PE,09/2022,1568,1120,"71,43",1118,2,"99,82",448,"28,57",32,416,"26,53"
260920,MARAIAL,PE,07/2022,1566,1132,"72,29",1131,1,"99,91",434,"27,71",19,415,"26,50"
260920,MARAIAL,PE,11/2022,1512,1109,"73,35",1109,0,"100,00",403,"26,65",10,393,"25,99"
260930,MIRANDIBA,PE,11/2022,2049,1669,"81,45",1630,39,"97,66",380,"18,55",53,327,"15,96"
260930,MIRANDIBA,PE,07/2022,2142,1287,"60,08",1250,37,"97,13",855,"39,92",397,458,"21,38"
260930,MIRANDIBA,PE,09/2022,2084,1191,"57,15",1145,46,"96,14",893,"42,85",419,474,"22,74"
260940,MORENO,PE,09/2022,6079,3938,"64,78",3935,3,"99,92",2141,"35,22",428,1713,"28,18"
260940,MORENO,PE,07/2022,6082,4096,"67,35",4096,0,"100,00",1986,"32,65",262,1724,"28,35"
260940,MORENO,PE,11/2022,5983,4056,"67,79",4055,1,"99,98",1927,"32,21",257,1670,"27,91"
260950,NAZARÉ DA MATA,PE,07/2022,2842,2432,"85,57",2394,38,"98,44",410,"14,43",18,392,"13,79"
260950,NAZARÉ DA MATA,PE,11/2022,2774,2601,"93,76",2568,33,"98,73",173,"6,24",10,163,"5,88"
260950,NAZARÉ DA MATA,PE,09/2022,2781,2617,"94,10",2576,41,"98,43",164,"5,90",18,146,"5,25"
260960,OLINDA,PE,09/2022,27398,12881,"47,01",12629,252,"98,04",14517,"52,99",2111,12406,"45,28"
260960,OLINDA,PE,11/2022,27666,15537,"56,16",15287,250,"98,39",12129,"43,84",543,11586,"41,88"
260960,OLINDA,PE,07/2022,26424,12303,"46,56",12105,198,"98,39",14121,"53,44",1618,12503,"47,32"
260970,OROBÓ,PE,11/2022,2704,2082,"77,00",2071,11,"99,47",622,"23,00",8,614,"22,71"
260970,OROBÓ,PE,07/2022,2889,2188,"75,74",2187,1,"99,95",701,"24,26",22,679,"23,50"
260970,OROBÓ,PE,09/2022,2791,2019,"72,34",2011,8,"99,60",772,"27,66",45,727,"26,05"
260980,OROCÓ,PE,09/2022,2532,1315,"51,94",1312,3,"99,77",1217,"48,06",26,1191,"47,04"
260980,OROCÓ,PE,11/2022,2471,1405,"56,86",1405,0,"100,00",1066,"43,14",11,1055,"42,70"
260980,OROCÓ,PE,07/2022,2561,1278,"49,90",1276,2,"99,84",1283,"50,10",47,1236,"48,26"
260990,OURICURI,PE,11/2022,8518,6436,"75,56",6375,61,"99,05",2082,"24,44",286,1796,"21,08"
260990,OURICURI,PE,07/2022,8608,5078,"58,99",5040,38,"99,25",3530,"41,01",1780,1750,"20,33"
260990,OURICURI,PE,09/2022,8615,5603,"65,04",5531,72,"98,71",3012,"34,96",1109,1903,"22,09"
261000,PALMARES,PE,07/2022,6432,3721,"57,85",3687,34,"99,09",2711,"42,15",690,2021,"31,42"
261000,PALMARES,PE,09/2022,6470,4472,"69,12",4436,36,"99,19",1998,"30,88",69,1929,"29,81"
261000,PALMARES,PE,11/2022,6294,4103,"65,19",4067,36,"99,12",2191,"34,81",307,1884,"29,93"
261010,PALMEIRINA,PE,11/2022,918,857,"93,36",848,9,"98,95",61,"6,64",9,52,"5,66"
261010,PALMEIRINA,PE,09/2022,955,889,"93,09",868,21,"97,64",66,"6,91",16,50,"5,24"
261010,PALMEIRINA,PE,07/2022,1011,803,"79,43",802,1,"99,88",208,"20,57",11,197,"19,49"
261020,PANELAS,PE,07/2022,3117,2802,"89,89",2795,7,"99,75",315,"10,11",10,305,"9,79"
261020,PANELAS,PE,09/2022,3119,2801,"89,80",2799,2,"99,93",318,"10,20",13,305,"9,78"
261020,PANELAS,PE,11/2022,3057,2779,"90,91",2779,0,"100,00",278,"9,09",0,278,"9,09"
261030,PARANATAMA,PE,11/2022,1893,1292,"68,25",1268,24,"98,14",601,"31,75",17,584,"30,85"
261030,PARANATAMA,PE,09/2022,1931,1194,"61,83",1181,13,"98,91",737,"38,17",241,496,"25,69"
261030,PARANATAMA,PE,07/2022,1966,1446,"73,55",1443,3,"99,79",520,"26,45",83,437,"22,23"
261040,PARNAMIRIM,PE,07/2022,2480,1844,"74,35",1833,11,"99,40",636,"25,65",29,607,"24,48"
261040,PARNAMIRIM,PE,09/2022,2458,1844,"75,02",1828,16,"99,13",614,"24,98",26,588,"23,92"
261040,PARNAMIRIM,PE,11/2022,2400,1912,"79,67",1899,13,"99,32",488,"20,33",2,486,"20,25"
261050,PASSIRA,PE,11/2022,3286,2290,"69,69",2289,1,"99,96",996,"30,31",7,989,"30,10"
261050,PASSIRA,PE,09/2022,3359,2555,"76,06",2554,1,"99,96",804,"23,94",12,792,"23,58"
261050,PASSIRA,PE,07/2022,3370,2601,"77,18",2601,0,"100,00",769,"22,82",11,758,"22,49"
261060,PAUDALHO,PE,09/2022,7168,5379,"75,04",5320,59,"98,90",1789,"24,96",142,1647,"22,98"
261060,PAUDALHO,PE,07/2022,7173,5226,"72,86",5173,53,"98,99",1947,"27,14",148,1799,"25,08"
261060,PAUDALHO,PE,11/2022,7076,5436,"76,82",5404,32,"99,41",1640,"23,18",115,1525,"21,55"
261070,PAULISTA,PE,11/2022,24760,13919,"56,22",13824,95,"99,32",10841,"43,78",460,10381,"41,93"
261070,PAULISTA,PE,07/2022,23910,12647,"52,89",12597,50,"99,60",11263,"47,11",669,10594,"44,31"
261070,PAULISTA,PE,09/2022,24947,13110,"52,55",13065,45,"99,66",11837,"47,45",723,11114,"44,55"
261080,PEDRA,PE,09/2022,2886,2071,"71,76",2023,48,"97,68",815,"28,24",21,794,"27,51"
261080,PEDRA,PE,07/2022,2948,2409,"81,72",1995,414,"82,81",539,"18,28",30,509,"17,27"
261080,PEDRA,PE,11/2022,2802,2047,"73,05",2042,5,"99,76",755,"26,95",5,750,"26,77"
261090,PESQUEIRA,PE,11/2022,8047,7151,"88,87",7150,1,"99,99",896,"11,13",55,841,"10,45"
261090,PESQUEIRA,PE,09/2022,8124,7181,"88,39",7180,1,"99,99",943,"11,61",80,863,"10,62"
261090,PESQUEIRA,PE,07/2022,8148,7221,"88,62",7221,0,"100,00",927,"11,38",80,847,"10,40"
261100,PETROLÂNDIA,PE,07/2022,4786,3866,"80,78",3865,1,"99,97",920,"19,22",10,910,"19,01"
261100,PETROLÂNDIA,PE,09/2022,4790,3269,"68,25",3263,6,"99,82",1521,"31,75",616,905,"18,89"
261100,PETROLÂNDIA,PE,11/2022,4744,3886,"81,91",3886,0,"100,00",858,"18,09",53,805,"16,97"
261110,PETROLINA,PE,11/2022,36404,31625,"86,87",30779,846,"97,32",4779,"13,13",54,4725,"12,98"
261110,PETROLINA,PE,09/2022,36442,30799,"84,52",29554,1245,"95,96",5643,"15,48",79,5564,"15,27"
261110,PETROLINA,PE,07/2022,35109,28156,"80,20",27147,1009,"96,42",6953,"19,80",65,6888,"19,62"
261120,POÇÃO,PE,09/2022,1545,1314,"85,05",1284,30,"97,72",231,"14,95",6,225,"14,56"
261120,POÇÃO,PE,07/2022,1556,1355,"87,08",1339,16,"98,82",201,"12,92",4,197,"12,66"
261120,POÇÃO,PE,11/2022,1523,1322,"86,80",1308,14,"98,94",201,"13,20",6,195,"12,80"
261130,POMBOS,PE,11/2022,3127,2393,"76,53",2367,26,"98,91",734,"23,47",4,730,"23,35"
261130,POMBOS,PE,09/2022,3133,2151,"68,66",2122,29,"98,65",982,"31,34",78,904,"28,85"
261130,POMBOS,PE,07/2022,3149,2035,"64,62",2013,22,"98,92",1114,"35,38",319,795,"25,25"
261140,PRIMAVERA,PE,07/2022,1435,1204,"83,90",1202,2,"99,83",231,"16,10",19,212,"14,77"
261140,PRIMAVERA,PE,09/2022,1412,1167,"82,65",1165,2,"99,83",245,"17,35",60,185,"13,10"
261140,PRIMAVERA,PE,11/2022,1387,1208,"87,09",1205,3,"99,75",179,"12,91",19,160,"11,54"
261150,QUIPAPÁ,PE,11/2022,2627,2378,"90,52",2263,115,"95,16",249,"9,48",5,244,"9,29"
261150,QUIPAPÁ,PE,07/2022,2672,0,"0,00",0,0,,2672,"100,00",2394,278,"10,40"
261150,QUIPAPÁ,PE,09/2022,2617,0,"0,00",0,0,,2617,"100,00",2342,275,"10,51"
261153,QUIXABA,PE,07/2022,1200,1105,"92,08",1100,5,"99,55",95,"7,92",1,94,"7,83"
261153,QUIXABA,PE,09/2022,1210,1111,"91,82",1111,0,"100,00",99,"8,18",0,99,"8,18"
261153,QUIXABA,PE,11/2022,1252,1203,"96,09",1203,0,"100,00",49,"3,91",0,49,"3,91"
261160,RECIFE,PE,11/2022,86491,60100,"69,49",58210,1890,"96,86",26391,"30,51",535,25856,"29,89"
261160,RECIFE,PE,07/2022,86883,49341,"56,79",48082,1259,"97,45",37542,"43,21",5482,32060,"36,90"
261160,RECIFE,PE,09/2022,87125,53974,"61,95",51757,2217,"95,89",33151,"38,05",4561,28590,"32,81"
261170,RIACHO DAS ALMAS,PE,09/2022,2570,1869,"72,72",1787,82,"95,61",701,"27,28",274,427,"16,61"
261170,RIACHO DAS ALMAS,PE,07/2022,2546,1898,"74,55",1846,52,"97,26",648,"25,45",233,415,"16,30"
261170,RIACHO DAS ALMAS,PE,11/2022,2566,2044,"79,66",1959,85,"95,84",522,"20,34",126,396,"15,43"
261180,RIBEIRÃO,PE,11/2022,4060,2832,"69,75",2810,22,"99,22",1228,"30,25",11,1217,"29,98"
261180,RIBEIRÃO,PE,09/2022,4004,576,"14,39",572,4,"99,31",3428,"85,61",2207,1221,"30,49"
261180,RIBEIRÃO,PE,07/2022,4175,3080,"73,77",3063,17,"99,45",1095,"26,23",37,1058,"25,34"
261190,RIO FORMOSO,PE,07/2022,2730,2132,"78,10",2132,0,"100,00",598,"21,90",6,592,"21,68"
261190,RIO FORMOSO,PE,09/2022,2712,2385,"87,94",2383,2,"99,92",327,"12,06",11,316,"11,65"
261190,RIO FORMOSO,PE,11/2022,2637,2165,"82,10",2161,4,"99,82",472,"17,90",8,464,"17,60"
261200,SAIRÉ,PE,11/2022,1182,902,"76,31",891,11,"98,78",280,"23,69",5,275,"23,27"
261200,SAIRÉ,PE,09/2022,1196,907,"75,84",897,10,"98,90",289,"24,16",24,265,"22,16"
261200,SAIRÉ,PE,07/2022,1188,965,"81,23",962,3,"99,69",223,"18,77",10,213,"17,93"
261210,SALGADINHO,PE,07/2022,683,637,"93,27",609,28,"95,60",46,"6,73",6,40,"5,86"
261210,SALGADINHO,PE,09/2022,684,622,"90,94",605,17,"97,27",62,"9,06",11,51,"7,46"
261210,SALGADINHO,PE,11/2022,678,612,"90,27",601,11,"98,20",66,"9,73",3,63,"9,29"
261220,SALGUEIRO,PE,11/2022,6687,5082,"76,00",4903,179,"96,48",1605,"24,00",35,1570,"23,48"
261220,SALGUEIRO,PE,07/2022,6732,4947,"73,48",4811,136,"97,25",1785,"26,52",62,1723,"25,59"
261220,SALGUEIRO,PE,09/2022,6834,5069,"74,17",4910,159,"96,86",1765,"25,83",47,1718,"25,14"
261230,SALOÁ,PE,07/2022,2011,8,"0,40",8,0,"100,00",2003,"99,60",1737,266,"13,23"
261230,SALOÁ,PE,09/2022,1982,7,"0,35",7,0,"100,00",1975,"99,65",1712,263,"13,27"
261230,SALOÁ,PE,11/2022,2010,1866,"92,84",1866,0,"100,00",144,"7,16",7,137,"6,82"
261240,SANHARÓ,PE,11/2022,2308,2080,"90,12",2061,19,"99,09",228,"9,88",5,223,"9,66"
261240,SANHARÓ,PE,07/2022,2393,2013,"84,12",1981,32,"98,41",380,"15,88",49,331,"13,83"
261240,SANHARÓ,PE,09/2022,2376,2087,"87,84",1971,116,"94,44",289,"12,16",66,223,"9,39"
261245,SANTA CRUZ,PE,09/2022,1574,1092,"69,38",1055,37,"96,61",482,"30,62",6,476,"30,24"
261245,SANTA CRUZ,PE,07/2022,1610,1113,"69,13",1056,57,"94,88",497,"30,87",23,474,"29,44"
261245,SANTA CRUZ,PE,11/2022,1546,1075,"69,53",1048,27,"97,49",471,"30,47",5,466,"30,14"
261247,SANTA CRUZ DA BAIXA VERDE,PE,11/2022,1285,1224,"95,25",1191,33,"97,30",61,"4,75",0,61,"4,75"
261247,SANTA CRUZ DA BAIXA VERDE,PE,09/2022,1306,1249,"95,64",1220,29,"97,68",57,"4,36",3,54,"4,13"
261247,SANTA CRUZ DA BAIXA VERDE,PE,07/2022,1334,1202,"90,10",1185,17,"98,59",132,"9,90",6,126,"9,45"
261250,SANTA CRUZ DO CAPIBARIBE,PE,09/2022,10749,5267,"49,00",4906,361,"93,15",5482,"51,00",993,4489,"41,76"
261250,SANTA CRUZ DO CAPIBARIBE,PE,07/2022,10053,4579,"45,55",4454,125,"97,27",5474,"54,45",1451,4023,"40,02"
261250,SANTA CRUZ DO CAPIBARIBE,PE,11/2022,10861,5625,"51,79",5404,221,"96,07",5236,"48,21",772,4464,"41,10"
261255,SANTA FILOMENA,PE,11/2022,1632,1102,"67,52",1102,0,"100,00",530,"32,48",316,214,"13,11"
261255,SANTA FILOMENA,PE,07/2022,1708,1338,"78,34",1338,0,"100,00",370,"21,66",222,148,"8,67"
261255,SANTA FILOMENA,PE,09/2022,1659,1377,"83,00",1377,0,"100,00",282,"17,00",128,154,"9,28"
261260,SANTA MARIA DA BOA VISTA,PE,09/2022,6731,5087,"75,58",5087,0,"100,00",1644,"24,42",65,1579,"23,46"
261260,SANTA MARIA DA BOA VISTA,PE,07/2022,6619,5015,"75,77",5015,0,"100,00",1604,"24,23",81,1523,"23,01"
261260,SANTA MARIA DA BOA VISTA,PE,11/2022,6593,5129,"77,79",5129,0,"100,00",1464,"22,21",57,1407,"21,34"
261270,SANTA MARIA DO CAMBUCÁ,PE,11/2022,1701,1425,"83,77",1425,0,"100,00",276,"16,23",4,272,"15,99"
261270,SANTA MARIA DO CAMBUCÁ,PE,09/2022,1743,1454,"83,42",1451,3,"99,79",289,"16,58",6,283,"16,24"
261270,SANTA MARIA DO CAMBUCÁ,PE,07/2022,1708,1416,"82,90",1415,1,"99,93",292,"17,10",10,282,"16,51"
261280,SANTA TEREZINHA,PE,09/2022,1235,1039,"84,13",995,44,"95,77",196,"15,87",4,192,"15,55"
261280,SANTA TEREZINHA,PE,07/2022,1258,1040,"82,67",1038,2,"99,81",218,"17,33",3,215,"17,09"
261280,SANTA TEREZINHA,PE,11/2022,1212,1007,"83,09",930,77,"92,35",205,"16,91",3,202,"16,67"
261290,SÃO BENEDITO DO SUL,PE,11/2022,1295,1066,"82,32",1065,1,"99,91",229,"17,68",29,200,"15,44"
261290,SÃO BENEDITO DO SUL,PE,09/2022,1322,1072,"81,09",1072,0,"100,00",250,"18,91",47,203,"15,36"
261290,SÃO BENEDITO DO SUL,PE,07/2022,1345,1048,"77,92",1048,0,"100,00",297,"22,08",78,219,"16,28"
261300,SÃO BENTO DO UNA,PE,07/2022,6120,4864,"79,48",4844,20,"99,59",1256,"20,52",50,1206,"19,71"
261300,SÃO BENTO DO UNA,PE,09/2022,6053,4760,"78,64",4719,41,"99,14",1293,"21,36",117,1176,"19,43"
261300,SÃO BENTO DO UNA,PE,11/2022,5969,4793,"80,30",4750,43,"99,10",1176,"19,70",47,1129,"18,91"
261310,SÃO CAITANO,PE,11/2022,4049,3296,"81,40",3251,45,"98,63",753,"18,60",4,749,"18,50"
261310,SÃO CAITANO,PE,09/2022,4092,3171,"77,49",3144,27,"99,15",921,"22,51",21,900,"21,99"
261310,SÃO CAITANO,PE,07/2022,4020,2753,"68,48",2728,25,"99,09",1267,"31,52",8,1259,"31,32"
261320,SÃO JOÃO,PE,09/2022,2714,2503,"92,23",2428,75,"97,00",211,"7,77",21,190,"7,00"
261320,SÃO JOÃO,PE,07/2022,2761,2302,"83,38",2296,6,"99,74",459,"16,62",33,426,"15,43"
261320,SÃO JOÃO,PE,11/2022,2623,2497,"95,20",2446,51,"97,96",126,"4,80",10,116,"4,42"
261330,SÃO JOAQUIM DO MONTE,PE,11/2022,2506,1930,"77,02",1841,89,"95,39",576,"22,98",15,561,"22,39"
261330,SÃO JOAQUIM DO MONTE,PE,09/2022,2544,1954,"76,81",1905,49,"97,49",590,"23,19",17,573,"22,52"
261330,SÃO JOAQUIM DO MONTE,PE,07/2022,2529,1951,"77,15",1944,7,"99,64",578,"22,85",18,560,"22,14"
261340,SÃO JOSÉ DA COROA GRANDE,PE,07/2022,2622,2298,"87,64",2291,7,"99,70",324,"12,36",9,315,"12,01"
261340,SÃO JOSÉ DA COROA GRANDE,PE,09/2022,2616,2357,"90,10",2328,29,"98,77",259,"9,90",50,209,"7,99"
261340,SÃO JOSÉ DA COROA GRANDE,PE,11/2022,2545,2336,"91,79",2278,58,"97,52",209,"8,21",18,191,"7,50"
261350,SÃO JOSÉ DO BELMONTE,PE,11/2022,4375,3782,"86,45",3727,55,"98,55",593,"13,55",12,581,"13,28"
261350,SÃO JOSÉ DO BELMONTE,PE,09/2022,4498,3811,"84,73",3772,39,"98,98",687,"15,27",32,655,"14,56"
261350,SÃO JOSÉ DO BELMONTE,PE,07/2022,4522,3861,"85,38",3846,15,"99,61",661,"14,62",21,640,"14,15"
261360,SÃO JOSÉ DO EGITO,PE,09/2022,3063,2966,"96,83",2930,36,"98,79",97,"3,17",20,77,"2,51"
261360,SÃO JOSÉ DO EGITO,PE,07/2022,3191,2948,"92,38",2880,68,"97,69",243,"7,62",23,220,"6,89"
261360,SÃO JOSÉ DO EGITO,PE,11/2022,3004,2929,"97,50",2899,30,"98,98",75,"2,50",9,66,"2,20"
261370,SÃO LOURENÇO DA MATA,PE,11/2022,10392,3252,"31,29",3224,28,"99,14",7140,"68,71",1764,5376,"51,73"
261370,SÃO LOURENÇO DA MATA,PE,09/2022,10630,3590,"33,77",3559,31,"99,14",7040,"66,23",1628,5412,"50,91"
261370,SÃO LOURENÇO DA MATA,PE,07/2022,10705,3756,"35,09",3748,8,"99,79",6949,"64,91",1882,5067,"47,33"
261380,SÃO VICENTE FERRER,PE,09/2022,1975,1427,"72,25",1387,40,"97,20",548,"27,75",1,547,"27,70"
261380,SÃO VICENTE FERRER,PE,07/2022,2025,1441,"71,16",1436,5,"99,65",584,"28,84",1,583,"28,79"
261380,SÃO VICENTE FERRER,PE,11/2022,1959,1475,"75,29",1460,15,"98,98",484,"24,71",2,482,"24,60"
261390,SERRA TALHADA,PE,11/2022,8233,6268,"76,13",6202,66,"98,95",1965,"23,87",5,1960,"23,81"
261390,SERRA TALHADA,PE,07/2022,8430,6179,"73,30",6090,89,"98,56",2251,"26,70",204,2047,"24,28"
261390,SERRA TALHADA,PE,09/2022,8384,6236,"74,38",6139,97,"98,44",2148,"25,62",28,2120,"25,29"
261400,SERRITA,PE,07/2022,2277,2109,"92,62",2086,23,"98,91",168,"7,38",43,125,"5,49"
261400,SERRITA,PE,09/2022,2263,2122,"93,77",2046,76,"96,42",141,"6,23",48,93,"4,11"
261400,SERRITA,PE,11/2022,2193,2077,"94,71",2046,31,"98,51",116,"5,29",26,90,"4,10"
261410,SERTÂNIA,PE,11/2022,3701,3123,"84,38",3109,14,"99,55",578,"15,62",11,567,"15,32"
261410,SERTÂNIA,PE,07/2022,3856,3277,"84,98",3148,129,"96,06",579,"15,02",33,546,"14,16"
261410,SERTÂNIA,PE,09/2022,3841,3278,"85,34",3271,7,"99,79",563,"14,66",8,555,"14,45"
261420,SIRINHAÉM,PE,07/2022,4877,2258,"46,30",2253,5,"99,78",2619,"53,70",124,2495,"51,16"
261420,SIRINHAÉM,PE,09/2022,4877,2226,"45,64",2222,4,"99,82",2651,"54,36",130,2521,"51,69"
261420,SIRINHAÉM,PE,11/2022,4839,2505,"51,77",2501,4,"99,84",2334,"48,23",99,2235,"46,19"
261430,MOREILÂNDIA,PE,11/2022,1519,1231,"81,04",1224,7,"99,43",288,"18,96",18,270,"17,77"
261430,MOREILÂNDIA,PE,09/2022,1570,1244,"79,24",1231,13,"98,95",326,"20,76",31,295,"18,79"
261430,MOREILÂNDIA,PE,07/2022,1558,1246,"79,97",1246,0,"100,00",312,"20,03",30,282,"18,10"
261440,SOLIDÃO,PE,09/2022,676,627,"92,75",617,10,"98,41",49,"7,25",0,49,"7,25"
261440,SOLIDÃO,PE,07/2022,678,615,"90,71",607,8,"98,70",63,"9,29",1,62,"9,14"
261440,SOLIDÃO,PE,11/2022,659,625,"94,84",624,1,"99,84",34,"5,16",0,34,"5,16"
261450,SURUBIM,PE,11/2022,6513,3691,"56,67",3645,46,"98,75",2822,"43,33",15,2807,"43,10"
261450,SURUBIM,PE,07/2022,6608,3726,"56,39",3703,23,"99,38",2882,"43,61",25,2857,"43,24"
261450,SURUBIM,PE,09/2022,6619,3297,"49,81",3247,50,"98,48",3322,"50,19",10,3312,"50,04"
261460,TABIRA,PE,09/2022,3293,2054,"62,37",2039,15,"99,27",1239,"37,63",2,1237,"37,56"
261460,TABIRA,PE,07/2022,3312,2062,"62,26",2013,49,"97,62",1250,"37,74",3,1247,"37,65"
261460,TABIRA,PE,11/2022,3273,2708,"82,74",2689,19,"99,30",565,"17,26",3,562,"17,17"
261470,TACAIMBÓ,PE,11/2022,1551,1208,"77,89",1208,0,"100,00",343,"22,11",11,332,"21,41"
261470,TACAIMBÓ,PE,07/2022,1609,1063,"66,07",1063,0,"100,00",546,"33,93",15,531,"33,00"
261470,TACAIMBÓ,PE,09/2022,1601,998,"62,34",998,0,"100,00",603,"37,66",24,579,"36,16"
261480,TACARATU,PE,09/2022,2777,1907,"68,67",1888,19,"99,00",870,"31,33",90,780,"28,09"
261480,TACARATU,PE,07/2022,2777,1959,"70,54",1933,26,"98,67",818,"29,46",50,768,"27,66"
261480,TACARATU,PE,11/2022,2686,1897,"70,63",1859,38,"98,00",789,"29,37",40,749,"27,89"
261485,TAMANDARÉ,PE,11/2022,2927,1396,"47,69",1348,48,"96,56",1531,"52,31",1175,356,"12,16"
261485,TAMANDARÉ,PE,07/2022,2945,1243,"42,21",1240,3,"99,76",1702,"57,79",846,856,"29,07"
261485,TAMANDARÉ,PE,09/2022,2928,1138,"38,87",1108,30,"97,36",1790,"61,13",1333,457,"15,61"
261500,TAQUARITINGA DO NORTE,PE,09/2022,2742,2375,"86,62",2375,0,"100,00",367,"13,38",46,321,"11,71"
261500,TAQUARITINGA DO NORTE,PE,07/2022,2665,2311,"86,72",2311,0,"100,00",354,"13,28",54,300,"11,26"
261500,TAQUARITINGA DO NORTE,PE,11/2022,2730,2357,"86,34",2317,40,"98,30",373,"13,66",23,350,"12,82"
261510,TEREZINHA,PE,11/2022,944,833,"88,24",833,0,"100,00",111,"11,76",30,81,"8,58"
261510,TEREZINHA,PE,09/2022,966,845,"87,47",845,0,"100,00",121,"12,53",14,107,"11,08"
261510,TEREZINHA,PE,07/2022,973,850,"87,36",850,0,"100,00",123,"12,64",21,102,"10,48"
261520,TERRA NOVA,PE,07/2022,1031,956,"92,73",933,23,"97,59",75,"7,27",10,65,"6,30"
261520,TERRA NOVA,PE,09/2022,1012,947,"93,58",901,46,"95,14",65,"6,42",6,59,"5,83"
261520,TERRA NOVA,PE,11/2022,1016,963,"94,78",951,12,"98,75",53,"5,22",2,51,"5,02"
261530,TIMBAÚBA,PE,11/2022,4781,4017,"84,02",4016,1,"99,98",764,"15,98",48,716,"14,98"
261530,TIMBAÚBA,PE,09/2022,4761,3645,"76,56",3644,1,"99,97",1116,"23,44",81,1035,"21,74"
261530,TIMBAÚBA,PE,07/2022,4772,3803,"79,69",3799,4,"99,89",969,"20,31",80,889,"18,63"
261540,TORITAMA,PE,09/2022,4766,1703,"35,73",1698,5,"99,71",3063,"64,27",1236,1827,"38,33"
261540,TORITAMA,PE,07/2022,4500,2691,"59,80",2690,1,"99,96",1809,"40,20",88,1721,"38,24"
261540,TORITAMA,PE,11/2022,5098,3538,"69,40",3532,6,"99,83",1560,"30,60",58,1502,"29,46"
261550,TRACUNHAÉM,PE,11/2022,1673,1516,"90,62",1514,2,"99,87",157,"9,38",22,135,"8,07"
261550,TRACUNHAÉM,PE,09/2022,1757,1414,"80,48",1413,1,"99,93",343,"19,52",37,306,"17,42"
261550,TRACUNHAÉM,PE,07/2022,1766,1434,"81,20",1431,3,"99,79",332,"18,80",29,303,"17,16"
261560,TRINDADE,PE,09/2022,4579,2012,"43,94",1982,30,"98,51",2567,"56,06",1799,768,"16,77"
261560,TRINDADE,PE,07/2022,4713,4126,"87,55",4124,2,"99,95",587,"12,45",52,535,"11,35"
261560,TRINDADE,PE,11/2022,4586,3341,"72,85",3236,105,"96,86",1245,"27,15",53,1192,"25,99"
261570,TRIUNFO,PE,11/2022,1458,1268,"86,97",1251,17,"98,66",190,"13,03",0,190,"13,03"
261570,TRIUNFO,PE,09/2022,1465,1247,"85,12",1226,21,"98,32",218,"14,88",0,218,"14,88"
261570,TRIUNFO,PE,07/2022,1471,1257,"85,45",1230,27,"97,85",214,"14,55",2,212,"14,41"
261580,TUPANATINGA,PE,07/2022,3359,2134,"63,53",2129,5,"99,77",1225,"36,47",163,1062,"31,62"
261580,TUPANATINGA,PE,09/2022,3348,2108,"62,96",2105,3,"99,86",1240,"37,04",157,1083,"32,35"
261580,TUPANATINGA,PE,11/2022,3275,2123,"64,82",2120,3,"99,86",1152,"35,18",132,1020,"31,15"
261590,TUPARETAMA,PE,11/2022,1039,927,"89,22",921,6,"99,35",112,"10,78",3,109,"10,49"
261590,TUPARETAMA,PE,09/2022,1033,901,"87,22",894,7,"99,22",132,"12,78",3,129,"12,49"
261590,TUPARETAMA,PE,07/2022,1011,687,"67,95",678,9,"98,69",324,"32,05",225,99,"9,79"
261600,VENTUROSA,PE,09/2022,2186,1731,"79,19",1612,119,"93,13",455,"20,81",7,448,"20,49"
261600,VENTUROSA,PE,07/2022,2178,1737,"79,75",1634,103,"94,07",441,"20,25",17,424,"19,47"
261600,VENTUROSA,PE,11/2022,2159,1716,"79,48",1621,95,"94,46",443,"20,52",2,441,"20,43"
261610,VERDEJANTE,PE,11/2022,972,727,"74,79",727,0,"100,00",245,"25,21",82,163,"16,77"
261610,VERDEJANTE,PE,09/2022,977,438,"44,83",437,1,"99,77",539,"55,17",368,171,"17,50"
261610,VERDEJANTE,PE,07/2022,1006,727,"72,27",726,1,"99,86",279,"27,73",109,170,"16,90"
261618,VERTENTE DO LÉRIO,PE,07/2022,876,819,"93,49",815,4,"99,51",57,"6,51",16,41,"4,68"
261618,VERTENTE DO LÉRIO,PE,09/2022,872,798,"91,51",790,8,"99,00",74,"8,49",14,60,"6,88"
261618,VERTENTE DO LÉRIO,PE,11/2022,851,771,"90,60",705,66,"91,44",80,"9,40",4,76,"8,93"
261620,VERTENTES,PE,11/2022,2307,1738,"75,34",1722,16,"99,08",569,"24,66",6,563,"24,40"
261620,VERTENTES,PE,09/2022,2305,1664,"72,19",1630,34,"97,96",641,"27,81",59,582,"25,25"
261620,VERTENTES,PE,07/2022,2280,1684,"73,86",1664,20,"98,81",596,"26,14",8,588,"25,79"
261630,VICÊNCIA,PE,09/2022,2784,2456,"88,22",2456,0,"100,00",328,"11,78",10,318,"11,42"
261630,VICÊNCIA,PE,07/2022,2793,2485,"88,97",2485,0,"100,00",308,"11,03",6,302,"10,81"
261630,VICÊNCIA,PE,11/2022,2674,2358,"88,18",2358,0,"100,00",316,"11,82",2,314,"11,74"
261640,VITÓRIA DE SANTO ANTÃO,PE,11/2022,13767,9421,"68,43",9418,3,"99,97",4346,"31,57",66,4280,"31,09"
261640,VITÓRIA DE SANTO ANTÃO,PE,07/2022,14004,9102,"65,00",9089,13,"99,86",4902,"35,00",54,4848,"34,62"
261640,VITÓRIA DE SANTO ANTÃO,PE,09/2022,14061,9066,"64,48",9014,52,"99,43",4995,"35,52",57,4938,"35,12"
261650,XEXÉU,PE,09/2022,1714,1576,"91,95",1406,170,"89,21",138,"8,05",24,114,"6,65"
261650,XEXÉU,PE,07/2022,1748,1565,"89,53",1539,26,"98,34",183,"10,47",38,145,"8,30"
261650,XEXÉU,PE,11/2022,1675,1532,"91,46",1419,113,"92,62",143,"8,54",13,130,"7,76"
220005,ACAUÃ,PI,09/2022,660,624,"94,55",620,4,"99,36",36,"5,45",4,32,"4,85"
220005,ACAUÃ,PI,07/2022,661,617,"93,34",613,4,"99,35",44,"6,66",4,40,"6,05"
220005,ACAUÃ,PI,11/2022,646,617,"95,51",611,6,"99,03",29,"4,49",2,27,"4,18"
220010,AGRICOLÂNDIA,PI,11/2022,588,540,"91,84",540,0,"100,00",48,"8,16",35,13,"2,21"
220010,AGRICOLÂNDIA,PI,09/2022,597,568,"95,14",563,5,"99,12",29,"4,86",19,10,"1,68"
220010,AGRICOLÂNDIA,PI,07/2022,605,559,"92,40",559,0,"100,00",46,"7,60",2,44,"7,27"
220020,ÁGUA BRANCA,PI,09/2022,1992,1734,"87,05",1734,0,"100,00",258,"12,95",16,242,"12,15"
220020,ÁGUA BRANCA,PI,07/2022,2004,1954,"97,50",1921,33,"98,31",50,"2,50",15,35,"1,75"
220020,ÁGUA BRANCA,PI,11/2022,1947,1823,"93,63",1714,109,"94,02",124,"6,37",63,61,"3,13"
220025,ALAGOINHA DO PIAUÍ,PI,11/2022,669,570,"85,20",570,0,"100,00",99,"14,80",10,89,"13,30"
220025,ALAGOINHA DO PIAUÍ,PI,07/2022,676,545,"80,62",545,0,"100,00",131,"19,38",44,87,"12,87"
220025,ALAGOINHA DO PIAUÍ,PI,09/2022,671,556,"82,86",556,0,"100,00",115,"17,14",25,90,"13,41"
220027,ALEGRETE DO PIAUÍ,PI,09/2022,593,536,"90,39",536,0,"100,00",57,"9,61",9,48,"8,09"
220027,ALEGRETE DO PIAUÍ,PI,07/2022,592,542,"91,55",542,0,"100,00",50,"8,45",4,46,"7,77"
220027,ALEGRETE DO PIAUÍ,PI,11/2022,561,532,"94,83",532,0,"100,00",29,"5,17",2,27,"4,81"
220030,ALTO LONGÁ,PI,11/2022,1241,1051,"84,69",1049,2,"99,81",190,"15,31",5,185,"14,91"
220030,ALTO LONGÁ,PI,07/2022,1298,757,"58,32",755,2,"99,74",541,"41,68",12,529,"40,76"
220030,ALTO LONGÁ,PI,09/2022,1248,1070,"85,74",1068,2,"99,81",178,"14,26",11,167,"13,38"
220040,ALTOS,PI,07/2022,4213,3604,"85,54",3597,7,"99,81",609,"14,46",12,597,"14,17"
220040,ALTOS,PI,09/2022,4194,3778,"90,08",3757,21,"99,44",416,"9,92",13,403,"9,61"
220040,ALTOS,PI,11/2022,4124,3731,"90,47",3705,26,"99,30",393,"9,53",3,390,"9,46"
220045,ALVORADA DO GURGUÉIA,PI,11/2022,763,632,"82,83",585,47,"92,56",131,"17,17",9,122,"15,99"
220045,ALVORADA DO GURGUÉIA,PI,07/2022,794,634,"79,85",563,71,"88,80",160,"20,15",5,155,"19,52"
220045,ALVORADA DO GURGUÉIA,PI,09/2022,775,655,"84,52",571,84,"87,18",120,"15,48",11,109,"14,06"
220050,AMARANTE,PI,07/2022,2479,2186,"88,18",2173,13,"99,41",293,"11,82",18,275,"11,09"
220050,AMARANTE,PI,09/2022,2424,2238,"92,33",2228,10,"99,55",186,"7,67",30,156,"6,44"
220050,AMARANTE,PI,11/2022,2392,1942,"81,19",1937,5,"99,74",450,"18,81",286,164,"6,86"
220060,ANGICAL DO PIAUÍ,PI,11/2022,885,705,"79,66",675,30,"95,74",180,"20,34",1,179,"20,23"
220060,ANGICAL DO PIAUÍ,PI,09/2022,915,672,"73,44",660,12,"98,21",243,"26,56",1,242,"26,45"
220060,ANGICAL DO PIAUÍ,PI,07/2022,903,655,"72,54",637,18,"97,25",248,"27,46",4,244,"27,02"
220070,ANÍSIO DE ABREU,PI,09/2022,1103,887,"80,42",883,4,"99,55",216,"19,58",8,208,"18,86"
220070,ANÍSIO DE ABREU,PI,07/2022,1112,903,"81,21",900,3,"99,67",209,"18,79",3,206,"18,53"
220070,ANÍSIO DE ABREU,PI,11/2022,1096,910,"83,03",908,2,"99,78",186,"16,97",1,185,"16,88"
220080,ANTÔNIO ALMEIDA,PI,11/2022,325,283,"87,08",280,3,"98,94",42,"12,92",3,39,"12,00"
220080,ANTÔNIO ALMEIDA,PI,09/2022,333,295,"88,59",294,1,"99,66",38,"11,41",6,32,"9,61"
220080,ANTÔNIO ALMEIDA,PI,07/2022,341,286,"83,87",286,0,"100,00",55,"16,13",5,50,"14,66"
220090,AROAZES,PI,07/2022,651,644,"98,92",644,0,"100,00",7,"1,08",6,1,"0,15"
220090,AROAZES,PI,09/2022,641,547,"85,34",547,0,"100,00",94,"14,66",10,84,"13,10"
220090,AROAZES,PI,11/2022,607,573,"94,40",570,3,"99,48",34,"5,60",3,31,"5,11"
220095,AROEIRAS DO ITAIM,PI,11/2022,258,230,"89,15",230,0,"100,00",28,"10,85",1,27,"10,47"
220095,AROEIRAS DO ITAIM,PI,09/2022,254,0,"0,00",0,0,,254,"100,00",195,59,"23,23"
220095,AROEIRAS DO ITAIM,PI,07/2022,262,200,"76,34",200,0,"100,00",62,"23,66",3,59,"22,52"
220100,ARRAIAL,PI,07/2022,525,486,"92,57",483,3,"99,38",39,"7,43",23,16,"3,05"
220100,ARRAIAL,PI,09/2022,500,483,"96,60",483,0,"100,00",17,"3,40",7,10,"2,00"
220100,ARRAIAL,PI,11/2022,490,475,"96,94",474,1,"99,79",15,"3,06",1,14,"2,86"
220105,ASSUNÇÃO DO PIAUÍ,PI,11/2022,1104,1048,"94,93",1046,2,"99,81",56,"5,07",0,56,"5,07"
220105,ASSUNÇÃO DO PIAUÍ,PI,09/2022,1125,1067,"94,84",1066,1,"99,91",58,"5,16",1,57,"5,07"
220105,ASSUNÇÃO DO PIAUÍ,PI,07/2022,1138,1082,"95,08",1082,0,"100,00",56,"4,92",0,56,"4,92"
220110,AVELINO LOPES,PI,09/2022,1607,1264,"78,66",1264,0,"100,00",343,"21,34",67,276,"17,17"
220110,AVELINO LOPES,PI,07/2022,1598,860,"53,82",860,0,"100,00",738,"46,18",525,213,"13,33"
220110,AVELINO LOPES,PI,11/2022,1577,1246,"79,01",1246,0,"100,00",331,"20,99",15,316,"20,04"
220115,BAIXA GRANDE DO RIBEIRO,PI,11/2022,1893,1045,"55,20",1045,0,"100,00",848,"44,80",705,143,"7,55"
220115,BAIXA GRANDE DO RIBEIRO,PI,09/2022,1804,0,"0,00",0,0,,1804,"100,00",1649,155,"8,59"
220115,BAIXA GRANDE DO RIBEIRO,PI,07/2022,1858,1701,"91,55",1701,0,"100,00",157,"8,45",8,149,"8,02"
220117,BARRA D´ALCÂNTARA,PI,07/2022,465,409,"87,96",409,0,"100,00",56,"12,04",1,55,"11,83"
220117,BARRA D´ALCÂNTARA,PI,09/2022,465,401,"86,24",401,0,"100,00",64,"13,76",0,64,"13,76"
220117,BARRA D´ALCÂNTARA,PI,11/2022,459,419,"91,29",419,0,"100,00",40,"8,71",0,40,"8,71"
220120,BARRAS,PI,11/2022,6717,4740,"70,57",4721,19,"99,60",1977,"29,43",346,1631,"24,28"
220120,BARRAS,PI,07/2022,6959,4715,"67,75",4696,19,"99,60",2244,"32,25",468,1776,"25,52"
220120,BARRAS,PI,09/2022,6934,4898,"70,64",4878,20,"99,59",2036,"29,36",209,1827,"26,35"
220130,BARREIRAS DO PIAUÍ,PI,07/2022,443,0,"0,00",0,0,,443,"100,00",383,60,"13,54"
220130,BARREIRAS DO PIAUÍ,PI,09/2022,431,0,"0,00",0,0,,431,"100,00",372,59,"13,69"
220130,BARREIRAS DO PIAUÍ,PI,11/2022,412,1,"0,24",1,0,"100,00",411,"99,76",356,55,"13,35"
220140,BARRO DURO,PI,11/2022,872,652,"74,77",652,0,"100,00",220,"25,23",153,67,"7,68"
220140,BARRO DURO,PI,09/2022,872,667,"76,49",667,0,"100,00",205,"23,51",145,60,"6,88"
220140,BARRO DURO,PI,07/2022,865,671,"77,57",671,0,"100,00",194,"22,43",137,57,"6,59"
220150,BATALHA,PI,09/2022,3040,2758,"90,72",2758,0,"100,00",282,"9,28",14,268,"8,82"
220150,BATALHA,PI,07/2022,3098,2326,"75,08",2322,4,"99,83",772,"24,92",76,696,"22,47"
220150,BATALHA,PI,11/2022,2967,2568,"86,55",2566,2,"99,92",399,"13,45",27,372,"12,54"
220155,BELA VISTA DO PIAUÍ,PI,11/2022,392,388,"98,98",386,2,"99,48",4,"1,02",0,4,"1,02"
220155,BELA VISTA DO PIAUÍ,PI,09/2022,395,391,"98,99",390,1,"99,74",4,"1,01",0,4,"1,01"
220155,BELA VISTA DO PIAUÍ,PI,07/2022,402,400,"99,50",399,1,"99,75",2,"0,50",0,2,"0,50"
220157,BELÉM DO PIAUÍ,PI,07/2022,380,354,"93,16",352,2,"99,44",26,"6,84",9,17,"4,47"
220157,BELÉM DO PIAUÍ,PI,09/2022,365,350,"95,89",350,0,"100,00",15,"4,11",12,3,"0,82"
220157,BELÉM DO PIAUÍ,PI,11/2022,349,338,"96,85",337,1,"99,70",11,"3,15",4,7,"2,01"
220160,BENEDITINOS,PI,11/2022,1180,1119,"94,83",1119,0,"100,00",61,"5,17",2,59,"5,00"
220160,BENEDITINOS,PI,07/2022,1210,1139,"94,13",1139,0,"100,00",71,"5,87",4,67,"5,54"
220160,BENEDITINOS,PI,09/2022,1210,1141,"94,30",1137,4,"99,65",69,"5,70",3,66,"5,45"
220170,BERTOLÍNIA,PI,09/2022,744,0,"0,00",0,0,,744,"100,00",704,40,"5,38"
220170,BERTOLÍNIA,PI,07/2022,743,0,"0,00",0,0,,743,"100,00",707,36,"4,85"
220170,BERTOLÍNIA,PI,11/2022,752,645,"85,77",645,0,"100,00",107,"14,23",68,39,"5,19"
220173,BETÂNIA DO PIAUÍ,PI,11/2022,791,765,"96,71",759,6,"99,22",26,"3,29",0,26,"3,29"
220173,BETÂNIA DO PIAUÍ,PI,07/2022,827,796,"96,25",778,18,"97,74",31,"3,75",5,26,"3,14"
220173,BETÂNIA DO PIAUÍ,PI,09/2022,809,781,"96,54",766,15,"98,08",28,"3,46",4,24,"2,97"
220177,BOA HORA,PI,09/2022,1131,795,"70,29",795,0,"100,00",336,"29,71",234,102,"9,02"
220177,BOA HORA,PI,07/2022,1131,1003,"88,68",1003,0,"100,00",128,"11,32",32,96,"8,49"
220177,BOA HORA,PI,11/2022,1104,579,"52,45",579,0,"100,00",525,"47,55",417,108,"9,78"
220180,BOCAINA,PI,11/2022,314,289,"92,04",289,0,"100,00",25,"7,96",0,25,"7,96"
220180,BOCAINA,PI,09/2022,305,87,"28,52",87,0,"100,00",218,"71,48",193,25,"8,20"
220180,BOCAINA,PI,07/2022,315,293,"93,02",289,4,"98,63",22,"6,98",0,22,"6,98"
220190,BOM JESUS,PI,09/2022,3235,1614,"49,89",1608,6,"99,63",1621,"50,11",84,1537,"47,51"
220190,BOM JESUS,PI,07/2022,3178,1594,"50,16",1593,1,"99,94",1584,"49,84",163,1421,"44,71"
220190,BOM JESUS,PI,11/2022,3157,1564,"49,54",1555,9,"99,42",1593,"50,46",93,1500,"47,51"
220191,BOM PRINCÍPIO DO PIAUÍ,PI,11/2022,719,689,"95,83",689,0,"100,00",30,"4,17",3,27,"3,76"
220191,BOM PRINCÍPIO DO PIAUÍ,PI,07/2022,725,679,"93,66",679,0,"100,00",46,"6,34",9,37,"5,10"
220191,BOM PRINCÍPIO DO PIAUÍ,PI,09/2022,743,681,"91,66",681,0,"100,00",62,"8,34",22,40,"5,38"
220192,BONFIM DO PIAUÍ,PI,09/2022,691,666,"96,38",665,1,"99,85",25,"3,62",10,15,"2,17"
220192,BONFIM DO PIAUÍ,PI,07/2022,718,686,"95,54",686,0,"100,00",32,"4,46",9,23,"3,20"
220192,BONFIM DO PIAUÍ,PI,11/2022,686,657,"95,77",657,0,"100,00",29,"4,23",6,23,"3,35"
220194,BOQUEIRÃO DO PIAUÍ,PI,11/2022,842,792,"94,06",792,0,"100,00",50,"5,94",12,38,"4,51"
220194,BOQUEIRÃO DO PIAUÍ,PI,07/2022,863,829,"96,06",829,0,"100,00",34,"3,94",7,27,"3,13"
220194,BOQUEIRÃO DO PIAUÍ,PI,09/2022,855,800,"93,57",797,3,"99,63",55,"6,43",12,43,"5,03"
220196,BRASILEIRA,PI,09/2022,877,291,"33,18",288,3,"98,97",586,"66,82",555,31,"3,53"
220196,BRASILEIRA,PI,07/2022,901,789,"87,57",789,0,"100,00",112,"12,43",1,111,"12,32"
220196,BRASILEIRA,PI,11/2022,884,798,"90,27",798,0,"100,00",86,"9,73",49,37,"4,19"
220198,BREJO DO PIAUÍ,PI,11/2022,498,427,"85,74",427,0,"100,00",71,"14,26",6,65,"13,05"
220198,BREJO DO PIAUÍ,PI,09/2022,506,394,"77,87",394,0,"100,00",112,"22,13",9,103,"20,36"
220198,BREJO DO PIAUÍ,PI,07/2022,523,403,"77,06",403,0,"100,00",120,"22,94",18,102,"19,50"
220200,BURITI DOS LOPES,PI,07/2022,2773,2444,"88,14",2360,84,"96,56",329,"11,86",33,296,"10,67"
220200,BURITI DOS LOPES,PI,09/2022,2738,2520,"92,04",2415,105,"95,83",218,"7,96",89,129,"4,71"
220200,BURITI DOS LOPES,PI,11/2022,2636,2489,"94,42",2364,125,"94,98",147,"5,58",14,133,"5,05"
220202,BURITI DOS MONTES,PI,11/2022,809,732,"90,48",721,11,"98,50",77,"9,52",0,77,"9,52"
220202,BURITI DOS MONTES,PI,09/2022,851,753,"88,48",714,39,"94,82",98,"11,52",24,74,"8,70"
220202,BURITI DOS MONTES,PI,07/2022,839,626,"74,61",612,14,"97,76",213,"25,39",153,60,"7,15"
220205,CABECEIRAS DO PIAUÍ,PI,09/2022,1121,1006,"89,74",976,30,"97,02",115,"10,26",11,104,"9,28"
220205,CABECEIRAS DO PIAUÍ,PI,07/2022,1133,1026,"90,56",997,29,"97,17",107,"9,44",29,78,"6,88"
220205,CABECEIRAS DO PIAUÍ,PI,11/2022,1094,988,"90,31",976,12,"98,79",106,"9,69",10,96,"8,78"
220207,CAJAZEIRAS DO PIAUÍ,PI,11/2022,318,258,"81,13",258,0,"100,00",60,"18,87",0,60,"18,87"
220207,CAJAZEIRAS DO PIAUÍ,PI,07/2022,311,245,"78,78",239,6,"97,55",66,"21,22",4,62,"19,94"
220207,CAJAZEIRAS DO PIAUÍ,PI,09/2022,320,259,"80,94",256,3,"98,84",61,"19,06",1,60,"18,75"
220208,CAJUEIRO DA PRAIA,PI,09/2022,680,0,"0,00",0,0,,680,"100,00",659,21,"3,09"
220208,CAJUEIRO DA PRAIA,PI,07/2022,732,709,"96,86",707,2,"99,72",23,"3,14",3,20,"2,73"
220208,CAJUEIRO DA PRAIA,PI,11/2022,703,691,"98,29",688,3,"99,57",12,"1,71",1,11,"1,56"
220209,CALDEIRÃO GRANDE DO PIAUÍ,PI,11/2022,621,522,"84,06",521,1,"99,81",99,"15,94",57,42,"6,76"
220209,CALDEIRÃO GRANDE DO PIAUÍ,PI,07/2022,640,524,"81,88",522,2,"99,62",116,"18,13",33,83,"12,97"
220209,CALDEIRÃO GRANDE DO PIAUÍ,PI,09/2022,654,431,"65,90",430,1,"99,77",223,"34,10",143,80,"12,23"
220210,CAMPINAS DO PIAUÍ,PI,07/2022,582,572,"98,28",571,1,"99,83",10,"1,72",7,3,"0,52"
220210,CAMPINAS DO PIAUÍ,PI,09/2022,567,552,"97,35",551,1,"99,82",15,"2,65",10,5,"0,88"
220210,CAMPINAS DO PIAUÍ,PI,11/2022,552,538,"97,46",537,1,"99,81",14,"2,54",9,5,"0,91"
220211,CAMPO ALEGRE DO FIDALGO,PI,11/2022,597,575,"96,31",571,4,"99,30",22,"3,69",6,16,"2,68"
220211,CAMPO ALEGRE DO FIDALGO,PI,07/2022,647,585,"90,42",585,0,"100,00",62,"9,58",1,61,"9,43"
220211,CAMPO ALEGRE DO FIDALGO,PI,09/2022,611,590,"96,56",588,2,"99,66",21,"3,44",3,18,"2,95"
220213,CAMPO GRANDE DO PIAUÍ,PI,07/2022,650,477,"73,38",471,6,"98,74",173,"26,62",26,147,"22,62"
220213,CAMPO GRANDE DO PIAUÍ,PI,09/2022,658,478,"72,64",470,8,"98,33",180,"27,36",22,158,"24,01"
220213,CAMPO GRANDE DO PIAUÍ,PI,11/2022,655,480,"73,28",479,1,"99,79",175,"26,72",4,171,"26,11"
220217,CAMPO LARGO DO PIAUÍ,PI,11/2022,1287,1201,"93,32",1201,0,"100,00",86,"6,68",27,59,"4,58"
220217,CAMPO LARGO DO PIAUÍ,PI,09/2022,1343,1168,"86,97",1167,1,"99,91",175,"13,03",127,48,"3,57"
220217,CAMPO LARGO DO PIAUÍ,PI,07/2022,1329,916,"68,92",915,1,"99,89",413,"31,08",194,219,"16,48"
220220,CAMPO MAIOR,PI,09/2022,4240,2935,"69,22",2934,1,"99,97",1305,"30,78",668,637,"15,02"
220220,CAMPO MAIOR,PI,07/2022,4203,2772,"65,95",2772,0,"100,00",1431,"34,05",1031,400,"9,52"
220220,CAMPO MAIOR,PI,11/2022,4231,2961,"69,98",2961,0,"100,00",1270,"30,02",690,580,"13,71"
220225,CANAVIEIRA,PI,11/2022,445,420,"94,38",420,0,"100,00",25,"5,62",6,19,"4,27"
220225,CANAVIEIRA,PI,07/2022,484,345,"71,28",345,0,"100,00",139,"28,72",103,36,"7,44"
220225,CANAVIEIRA,PI,09/2022,482,335,"69,50",335,0,"100,00",147,"30,50",108,39,"8,09"
220230,CANTO DO BURITI,PI,07/2022,2247,968,"43,08",968,0,"100,00",1279,"56,92",954,325,"14,46"
220230,CANTO DO BURITI,PI,09/2022,2223,1239,"55,74",1232,7,"99,44",984,"44,26",592,392,"17,63"
220230,CANTO DO BURITI,PI,11/2022,2176,1697,"77,99",1065,632,"62,76",479,"22,01",13,466,"21,42"
220240,CAPITÃO DE CAMPOS,PI,11/2022,1432,1351,"94,34",1351,0,"100,00",81,"5,66",0,81,"5,66"
220240,CAPITÃO DE CAMPOS,PI,09/2022,1442,1351,"93,69",1351,0,"100,00",91,"6,31",0,91,"6,31"
220240,CAPITÃO DE CAMPOS,PI,07/2022,1438,1345,"93,53",1345,0,"100,00",93,"6,47",1,92,"6,40"
220245,CAPITÃO GERVÁSIO OLIVEIRA,PI,09/2022,590,443,"75,08",442,1,"99,77",147,"24,92",20,127,"21,53"
220245,CAPITÃO GERVÁSIO OLIVEIRA,PI,07/2022,582,442,"75,95",434,8,"98,19",140,"24,05",17,123,"21,13"
220245,CAPITÃO GERVÁSIO OLIVEIRA,PI,11/2022,573,417,"72,77",415,2,"99,52",156,"27,23",36,120,"20,94"
220250,CARACOL,PI,11/2022,1466,1132,"77,22",1128,4,"99,65",334,"22,78",11,323,"22,03"
220250,CARACOL,PI,07/2022,1530,1287,"84,12",1287,0,"100,00",243,"15,88",15,228,"14,90"
220250,CARACOL,PI,09/2022,1522,1287,"84,56",1287,0,"100,00",235,"15,44",15,220,"14,45"
220253,CARAÚBAS DO PIAUÍ,PI,07/2022,757,719,"94,98",713,6,"99,17",38,"5,02",8,30,"3,96"
220253,CARAÚBAS DO PIAUÍ,PI,09/2022,748,705,"94,25",701,4,"99,43",43,"5,75",28,15,"2,01"
220253,CARAÚBAS DO PIAUÍ,PI,11/2022,711,689,"96,91",676,13,"98,11",22,"3,09",2,20,"2,81"
220255,CARIDADE DO PIAUÍ,PI,11/2022,703,620,"88,19",620,0,"100,00",83,"11,81",0,83,"11,81"
220255,CARIDADE DO PIAUÍ,PI,07/2022,687,596,"86,75",593,3,"99,50",91,"13,25",17,74,"10,77"
220255,CARIDADE DO PIAUÍ,PI,09/2022,713,616,"86,40",614,2,"99,68",97,"13,60",15,82,"11,50"
220260,CASTELO DO PIAUÍ,PI,07/2022,2585,2351,"90,95",2351,0,"100,00",234,"9,05",67,167,"6,46"
220260,CASTELO DO PIAUÍ,PI,09/2022,2500,0,"0,00",0,0,,2500,"100,00",2322,178,"7,12"
220260,CASTELO DO PIAUÍ,PI,11/2022,2575,2343,"90,99",2343,0,"100,00",232,"9,01",48,184,"7,15"
220265,CAXINGÓ,PI,11/2022,737,594,"80,60",589,5,"99,16",143,"19,40",15,128,"17,37"
220265,CAXINGÓ,PI,09/2022,770,598,"77,66",597,1,"99,83",172,"22,34",40,132,"17,14"
220265,CAXINGÓ,PI,07/2022,742,592,"79,78",592,0,"100,00",150,"20,22",22,128,"17,25"
220270,COCAL,PI,09/2022,3571,2185,"61,19",2185,0,"100,00",1386,"38,81",1097,289,"8,09"
220270,COCAL,PI,07/2022,3666,2886,"78,72",2885,1,"99,97",780,"21,28",466,314,"8,57"
220270,COCAL,PI,11/2022,3495,2393,"68,47",2393,0,"100,00",1102,"31,53",708,394,"11,27"
220271,COCAL DE TELHA,PI,11/2022,616,585,"94,97",584,1,"99,83",31,"5,03",2,29,"4,71"
220271,COCAL DE TELHA,PI,09/2022,639,593,"92,80",591,2,"99,66",46,"7,20",12,34,"5,32"
220271,COCAL DE TELHA,PI,07/2022,656,578,"88,11",578,0,"100,00",78,"11,89",3,75,"11,43"
220272,COCAL DOS ALVES,PI,07/2022,686,0,"0,00",0,0,,686,"100,00",629,57,"8,31"
220272,COCAL DOS ALVES,PI,09/2022,684,0,"0,00",0,0,,684,"100,00",627,57,"8,33"
220272,COCAL DOS ALVES,PI,11/2022,669,631,"94,32",631,0,"100,00",38,"5,68",5,33,"4,93"
220273,COIVARAS,PI,11/2022,596,547,"91,78",541,6,"98,90",49,"8,22",4,45,"7,55"
220273,COIVARAS,PI,07/2022,604,563,"93,21",553,10,"98,22",41,"6,79",4,37,"6,13"
220273,COIVARAS,PI,09/2022,596,545,"91,44",541,4,"99,27",51,"8,56",8,43,"7,21"
220275,COLÔNIA DO GURGUÉIA,PI,07/2022,939,733,"78,06",733,0,"100,00",206,"21,94",43,163,"17,36"
220275,COLÔNIA DO GURGUÉIA,PI,09/2022,921,0,"0,00",0,0,,921,"100,00",749,172,"18,68"
220275,COLÔNIA DO GURGUÉIA,PI,11/2022,889,0,"0,00",0,0,,889,"100,00",719,170,"19,12"
220277,COLÔNIA DO PIAUÍ,PI,11/2022,809,704,"87,02",704,0,"100,00",105,"12,98",11,94,"11,62"
220277,COLÔNIA DO PIAUÍ,PI,09/2022,824,712,"86,41",712,0,"100,00",112,"13,59",13,99,"12,01"
220277,COLÔNIA DO PIAUÍ,PI,07/2022,816,706,"86,52",706,0,"100,00",110,"13,48",15,95,"11,64"
220280,CONCEIÇÃO DO CANINDÉ,PI,09/2022,573,498,"86,91",495,3,"99,40",75,"13,09",1,74,"12,91"
220280,CONCEIÇÃO DO CANINDÉ,PI,07/2022,565,500,"88,50",497,3,"99,40",65,"11,50",3,62,"10,97"
220280,CONCEIÇÃO DO CANINDÉ,PI,11/2022,562,492,"87,54",491,1,"99,80",70,"12,46",1,69,"12,28"
220285,CORONEL JOSÉ DIAS,PI,11/2022,531,422,"79,47",420,2,"99,53",109,"20,53",11,98,"18,46"
220285,CORONEL JOSÉ DIAS,PI,09/2022,539,426,"79,04",425,1,"99,77",113,"20,96",14,99,"18,37"
220285,CORONEL JOSÉ DIAS,PI,07/2022,539,258,"47,87",258,0,"100,00",281,"52,13",176,105,"19,48"
220290,CORRENTE,PI,09/2022,3218,2322,"72,16",2322,0,"100,00",896,"27,84",30,866,"26,91"
220290,CORRENTE,PI,07/2022,3208,2251,"70,17",2250,1,"99,96",957,"29,83",18,939,"29,27"
220290,CORRENTE,PI,11/2022,3131,2184,"69,75",2184,0,"100,00",947,"30,25",9,938,"29,96"
220300,CRISTALÂNDIA DO PIAUÍ,PI,11/2022,1008,894,"88,69",894,0,"100,00",114,"11,31",21,93,"9,23"
220300,CRISTALÂNDIA DO PIAUÍ,PI,07/2022,1033,882,"85,38",878,4,"99,55",151,"14,62",39,112,"10,84"
220300,CRISTALÂNDIA DO PIAUÍ,PI,09/2022,1013,909,"89,73",909,0,"100,00",104,"10,27",4,100,"9,87"
220310,CRISTINO CASTRO,PI,09/2022,1553,1536,"98,91",1535,1,"99,93",17,"1,09",17,0,"0,00"
220310,CRISTINO CASTRO,PI,07/2022,1530,1300,"84,97",1300,0,"100,00",230,"15,03",21,209,"13,66"
220310,CRISTINO CASTRO,PI,11/2022,1525,1510,"99,02",1506,4,"99,74",15,"0,98",10,5,"0,33"
220320,CURIMATÁ,PI,11/2022,1343,920,"68,50",919,1,"99,89",423,"31,50",341,82,"6,11"
220320,CURIMATÁ,PI,07/2022,1376,426,"30,96",426,0,"100,00",950,"69,04",862,88,"6,40"
220320,CURIMATÁ,PI,09/2022,1350,445,"32,96",445,0,"100,00",905,"67,04",817,88,"6,52"
220323,CURRAIS,PI,09/2022,804,0,"0,00",0,0,,804,"100,00",573,231,"28,73"
220323,CURRAIS,PI,07/2022,782,0,"0,00",0,0,,782,"100,00",563,219,"28,01"
220323,CURRAIS,PI,11/2022,769,0,"0,00",0,0,,769,"100,00",541,228,"29,65"
220325,CURRALINHOS,PI,11/2022,532,486,"91,35",483,3,"99,38",46,"8,65",2,44,"8,27"
220325,CURRALINHOS,PI,09/2022,539,459,"85,16",459,0,"100,00",80,"14,84",2,78,"14,47"
220325,CURRALINHOS,PI,07/2022,555,460,"82,88",459,1,"99,78",95,"17,12",13,82,"14,77"
220327,CURRAL NOVO DO PIAUÍ,PI,07/2022,735,622,"84,63",622,0,"100,00",113,"15,37",38,75,"10,20"
220327,CURRAL NOVO DO PIAUÍ,PI,09/2022,761,681,"89,49",681,0,"100,00",80,"10,51",2,78,"10,25"
220327,CURRAL NOVO DO PIAUÍ,PI,11/2022,750,677,"90,27",677,0,"100,00",73,"9,73",1,72,"9,60"
220330,DEMERVAL LOBÃO,PI,11/2022,1944,1172,"60,29",1170,2,"99,83",772,"39,71",554,218,"11,21"
220330,DEMERVAL LOBÃO,PI,09/2022,1995,1636,"82,01",1635,1,"99,94",359,"17,99",98,261,"13,08"
220330,DEMERVAL LOBÃO,PI,07/2022,1955,1335,"68,29",1334,1,"99,93",620,"31,71",386,234,"11,97"
220335,DIRCEU ARCOVERDE,PI,09/2022,885,536,"60,56",535,1,"99,81",349,"39,44",8,341,"38,53"
220335,DIRCEU ARCOVERDE,PI,07/2022,881,555,"63,00",555,0,"100,00",326,"37,00",1,325,"36,89"
220335,DIRCEU ARCOVERDE,PI,11/2022,858,516,"60,14",514,2,"99,61",342,"39,86",5,337,"39,28"
220340,DOM EXPEDITO LOPES,PI,11/2022,603,543,"90,05",533,10,"98,16",60,"9,95",0,60,"9,95"
220340,DOM EXPEDITO LOPES,PI,09/2022,625,554,"88,64",548,6,"98,92",71,"11,36",0,71,"11,36"
220340,DOM EXPEDITO LOPES,PI,07/2022,619,529,"85,46",494,35,"93,38",90,"14,54",11,79,"12,76"
220342,DOMINGOS MOURÃO,PI,07/2022,680,576,"84,71",563,13,"97,74",104,"15,29",25,79,"11,62"
220342,DOMINGOS MOURÃO,PI,09/2022,671,571,"85,10",532,39,"93,17",100,"14,90",27,73,"10,88"
220342,DOMINGOS MOURÃO,PI,11/2022,650,584,"89,85",583,1,"99,83",66,"10,15",2,64,"9,85"
220345,DOM INOCÊNCIO,PI,11/2022,860,843,"98,02",843,0,"100,00",17,"1,98",3,14,"1,63"
220345,DOM INOCÊNCIO,PI,07/2022,909,841,"92,52",841,0,"100,00",68,"7,48",1,67,"7,37"
220345,DOM INOCÊNCIO,PI,09/2022,871,844,"96,90",842,2,"99,76",27,"3,10",3,24,"2,76"
220350,ELESBÃO VELOSO,PI,07/2022,1156,441,"38,15",440,1,"99,77",715,"61,85",496,219,"18,94"
220350,ELESBÃO VELOSO,PI,09/2022,1144,90,"7,87",90,0,"100,00",1054,"92,13",830,224,"19,58"
220350,ELESBÃO VELOSO,PI,11/2022,1118,338,"30,23",338,0,"100,00",780,"69,77",568,212,"18,96"
220360,ELISEU MARTINS,PI,11/2022,460,354,"76,96",354,0,"100,00",106,"23,04",6,100,"21,74"
220360,ELISEU MARTINS,PI,09/2022,475,352,"74,11",352,0,"100,00",123,"25,89",14,109,"22,95"
220360,ELISEU MARTINS,PI,07/2022,452,334,"73,89",332,2,"99,40",118,"26,11",5,113,"25,00"
220370,ESPERANTINA,PI,07/2022,4969,0,"0,00",0,0,,4969,"100,00",4211,758,"15,25"
220370,ESPERANTINA,PI,09/2022,5044,2624,"52,02",2600,24,"99,09",2420,"47,98",812,1608,"31,88"
220370,ESPERANTINA,PI,11/2022,4943,2677,"54,16",2624,53,"98,02",2266,"45,84",546,1720,"34,80"
220375,FARTURA DO PIAUÍ,PI,11/2022,780,0,"0,00",0,0,,780,"100,00",575,205,"26,28"
220375,FARTURA DO PIAUÍ,PI,07/2022,811,259,"31,94",258,1,"99,61",552,"68,06",348,204,"25,15"
220375,FARTURA DO PIAUÍ,PI,09/2022,798,0,"0,00",0,0,,798,"100,00",589,209,"26,19"
220380,FLORES DO PIAUÍ,PI,07/2022,576,447,"77,60",439,8,"98,21",129,"22,40",8,121,"21,01"
220380,FLORES DO PIAUÍ,PI,09/2022,578,438,"75,78",427,11,"97,49",140,"24,22",4,136,"23,53"
220380,FLORES DO PIAUÍ,PI,11/2022,571,430,"75,31",418,12,"97,21",141,"24,69",0,141,"24,69"
220385,FLORESTA DO PIAUÍ,PI,11/2022,270,266,"98,52",266,0,"100,00",4,"1,48",0,4,"1,48"
220385,FLORESTA DO PIAUÍ,PI,09/2022,278,272,"97,84",272,0,"100,00",6,"2,16",2,4,"1,44"
220385,FLORESTA DO PIAUÍ,PI,07/2022,285,276,"96,84",276,0,"100,00",9,"3,16",3,6,"2,11"
220390,FLORIANO,PI,07/2022,4591,3170,"69,05",3170,0,"100,00",1421,"30,95",749,672,"14,64"
220390,FLORIANO,PI,09/2022,4637,3815,"82,27",3806,9,"99,76",822,"17,73",139,683,"14,73"
220390,FLORIANO,PI,11/2022,4630,3839,"82,92",3832,7,"99,82",791,"17,08",130,661,"14,28"
220400,FRANCINÓPOLIS,PI,11/2022,439,396,"90,21",396,0,"100,00",43,"9,79",4,39,"8,88"
220400,FRANCINÓPOLIS,PI,07/2022,454,389,"85,68",389,0,"100,00",65,"14,32",5,60,"13,22"
220400,FRANCINÓPOLIS,PI,09/2022,444,388,"87,39",388,0,"100,00",56,"12,61",4,52,"11,71"
220410,FRANCISCO AYRES,PI,07/2022,525,420,"80,00",420,0,"100,00",105,"20,00",42,63,"12,00"
220410,FRANCISCO AYRES,PI,09/2022,533,427,"80,11",427,0,"100,00",106,"19,89",40,66,"12,38"
220410,FRANCISCO AYRES,PI,11/2022,524,424,"80,92",424,0,"100,00",100,"19,08",37,63,"12,02"
220415,FRANCISCO MACEDO,PI,11/2022,301,268,"89,04",262,6,"97,76",33,"10,96",4,29,"9,63"
220415,FRANCISCO MACEDO,PI,09/2022,320,273,"85,31",266,7,"97,44",47,"14,69",10,37,"11,56"
220415,FRANCISCO MACEDO,PI,07/2022,309,275,"89,00",151,124,"54,91",34,"11,00",2,32,"10,36"
220420,FRANCISCO SANTOS,PI,09/2022,749,612,"81,71",612,0,"100,00",137,"18,29",22,115,"15,35"
220420,FRANCISCO SANTOS,PI,07/2022,778,685,"88,05",685,0,"100,00",93,"11,95",5,88,"11,31"
220420,FRANCISCO SANTOS,PI,11/2022,735,637,"86,67",637,0,"100,00",98,"13,33",4,94,"12,79"
220430,FRONTEIRAS,PI,11/2022,1117,820,"73,41",820,0,"100,00",297,"26,59",7,290,"25,96"
220430,FRONTEIRAS,PI,09/2022,1124,786,"69,93",786,0,"100,00",338,"30,07",32,306,"27,22"
220430,FRONTEIRAS,PI,07/2022,1121,785,"70,03",785,0,"100,00",336,"29,97",31,305,"27,21"
220435,GEMINIANO,PI,09/2022,723,486,"67,22",482,4,"99,18",237,"32,78",0,237,"32,78"
220435,GEMINIANO,PI,07/2022,727,506,"69,60",506,0,"100,00",221,"30,40",4,217,"29,85"
220435,GEMINIANO,PI,11/2022,701,468,"66,76",467,1,"99,79",233,"33,24",0,233,"33,24"
220440,GILBUÉS,PI,11/2022,1575,1518,"96,38",1419,99,"93,48",57,"3,62",17,40,"2,54"
220440,GILBUÉS,PI,07/2022,1688,1340,"79,38",1340,0,"100,00",348,"20,62",275,73,"4,32"
220440,GILBUÉS,PI,09/2022,1631,1525,"93,50",1520,5,"99,67",106,"6,50",79,27,"1,66"
220450,GUADALUPE,PI,07/2022,1212,610,"50,33",610,0,"100,00",602,"49,67",16,586,"48,35"
220450,GUADALUPE,PI,09/2022,1247,661,"53,01",661,0,"100,00",586,"46,99",23,563,"45,15"
220450,GUADALUPE,PI,11/2022,1231,685,"55,65",685,0,"100,00",546,"44,35",12,534,"43,38"
220455,GUARIBAS,PI,11/2022,669,614,"91,78",614,0,"100,00",55,"8,22",2,53,"7,92"
220455,GUARIBAS,PI,07/2022,694,620,"89,34",620,0,"100,00",74,"10,66",8,66,"9,51"
220455,GUARIBAS,PI,09/2022,693,626,"90,33",626,0,"100,00",67,"9,67",7,60,"8,66"
220460,HUGO NAPOLEÃO,PI,07/2022,431,384,"89,10",384,0,"100,00",47,"10,90",4,43,"9,98"
220460,HUGO NAPOLEÃO,PI,09/2022,434,385,"88,71",385,0,"100,00",49,"11,29",2,47,"10,83"
220460,HUGO NAPOLEÃO,PI,11/2022,424,380,"89,62",380,0,"100,00",44,"10,38",7,37,"8,73"
220465,ILHA GRANDE,PI,11/2022,1227,1008,"82,15",1007,1,"99,90",219,"17,85",72,147,"11,98"
220465,ILHA GRANDE,PI,07/2022,1275,1044,"81,88",1044,0,"100,00",231,"18,12",88,143,"11,22"
220465,ILHA GRANDE,PI,09/2022,1340,1004,"74,93",1004,0,"100,00",336,"25,07",186,150,"11,19"
220470,INHUMA,PI,09/2022,1557,1134,"72,83",1134,0,"100,00",423,"27,17",95,328,"21,07"
220470,INHUMA,PI,07/2022,1578,1204,"76,30",1204,0,"100,00",374,"23,70",102,272,"17,24"
220470,INHUMA,PI,11/2022,1499,1159,"77,32",1158,1,"99,91",340,"22,68",42,298,"19,88"
220480,IPIRANGA DO PIAUÍ,PI,11/2022,1005,902,"89,75",894,8,"99,11",103,"10,25",0,103,"10,25"
220480,IPIRANGA DO PIAUÍ,PI,07/2022,1049,904,"86,18",901,3,"99,67",145,"13,82",0,145,"13,82"
220480,IPIRANGA DO PIAUÍ,PI,09/2022,1035,920,"88,89",908,12,"98,70",115,"11,11",1,114,"11,01"
220490,ISAÍAS COELHO,PI,07/2022,1148,1028,"89,55",1028,0,"100,00",120,"10,45",4,116,"10,10"
220490,ISAÍAS COELHO,PI,09/2022,1123,1012,"90,12",1007,5,"99,51",111,"9,88",12,99,"8,82"
220490,ISAÍAS COELHO,PI,11/2022,1105,1001,"90,59",998,3,"99,70",104,"9,41",4,100,"9,05"
220500,ITAINÓPOLIS,PI,11/2022,920,794,"86,30",793,1,"99,87",126,"13,70",1,125,"13,59"
220500,ITAINÓPOLIS,PI,09/2022,958,772,"80,58",771,1,"99,87",186,"19,42",49,137,"14,30"
220500,ITAINÓPOLIS,PI,07/2022,963,777,"80,69",777,0,"100,00",186,"19,31",47,139,"14,43"
220510,ITAUEIRA,PI,09/2022,1107,554,"50,05",554,0,"100,00",553,"49,95",363,190,"17,16"
220510,ITAUEIRA,PI,07/2022,1139,582,"51,10",575,7,"98,80",557,"48,90",493,64,"5,62"
220510,ITAUEIRA,PI,11/2022,1099,931,"84,71",931,0,"100,00",168,"15,29",4,164,"14,92"
220515,JACOBINA DO PIAUÍ,PI,11/2022,611,545,"89,20",544,1,"99,82",66,"10,80",1,65,"10,64"
220515,JACOBINA DO PIAUÍ,PI,07/2022,623,507,"81,38",506,1,"99,80",116,"18,62",42,74,"11,88"
220515,JACOBINA DO PIAUÍ,PI,09/2022,626,541,"86,42",532,9,"98,34",85,"13,58",5,80,"12,78"
220520,JAICÓS,PI,09/2022,2172,1194,"54,97",1187,7,"99,41",978,"45,03",68,910,"41,90"
220520,JAICÓS,PI,07/2022,2190,1220,"55,71",1209,11,"99,10",970,"44,29",112,858,"39,18"
220520,JAICÓS,PI,11/2022,2165,1439,"66,47",1421,18,"98,75",726,"33,53",0,726,"33,53"
220525,JARDIM DO MULATO,PI,11/2022,554,449,"81,05",449,0,"100,00",105,"18,95",20,85,"15,34"
220525,JARDIM DO MULATO,PI,09/2022,572,450,"78,67",449,1,"99,78",122,"21,33",20,102,"17,83"
220525,JARDIM DO MULATO,PI,07/2022,577,472,"81,80",472,0,"100,00",105,"18,20",11,94,"16,29"
220527,JATOBÁ DO PIAUÍ,PI,07/2022,664,554,"83,43",554,0,"100,00",110,"16,57",73,37,"5,57"
220527,JATOBÁ DO PIAUÍ,PI,09/2022,720,649,"90,14",649,0,"100,00",71,"9,86",27,44,"6,11"
220527,JATOBÁ DO PIAUÍ,PI,11/2022,690,509,"73,77",509,0,"100,00",181,"26,23",139,42,"6,09"
220530,JERUMENHA,PI,11/2022,595,470,"78,99",470,0,"100,00",125,"21,01",17,108,"18,15"
220530,JERUMENHA,PI,09/2022,599,0,"0,00",0,0,,599,"100,00",463,136,"22,70"
220530,JERUMENHA,PI,07/2022,623,479,"76,89",479,0,"100,00",144,"23,11",8,136,"21,83"
220535,JOÃO COSTA,PI,07/2022,299,279,"93,31",278,1,"99,64",20,"6,69",2,18,"6,02"
220535,JOÃO COSTA,PI,09/2022,302,285,"94,37",283,2,"99,30",17,"5,63",1,16,"5,30"
220535,JOÃO COSTA,PI,11/2022,303,286,"94,39",284,2,"99,30",17,"5,61",1,16,"5,28"
220540,JOAQUIM PIRES,PI,11/2022,1693,1386,"81,87",1348,38,"97,26",307,"18,13",5,302,"17,84"
220540,JOAQUIM PIRES,PI,07/2022,1791,1410,"78,73",1368,42,"97,02",381,"21,27",34,347,"19,37"
220540,JOAQUIM PIRES,PI,09/2022,1755,1380,"78,63",1330,50,"96,38",375,"21,37",28,347,"19,77"
220545,JOCA MARQUES,PI,09/2022,777,747,"96,14",747,0,"100,00",30,"3,86",0,30,"3,86"
220545,JOCA MARQUES,PI,07/2022,788,746,"94,67",716,30,"95,98",42,"5,33",7,35,"4,44"
220545,JOCA MARQUES,PI,11/2022,765,738,"96,47",738,0,"100,00",27,"3,53",1,26,"3,40"
220550,JOSÉ DE FREITAS,PI,11/2022,4407,3536,"80,24",3521,15,"99,58",871,"19,76",22,849,"19,26"
220550,JOSÉ DE FREITAS,PI,07/2022,4472,3272,"73,17",3272,0,"100,00",1200,"26,83",32,1168,"26,12"
220550,JOSÉ DE FREITAS,PI,09/2022,4460,3390,"76,01",3379,11,"99,68",1070,"23,99",22,1048,"23,50"
220551,JUAZEIRO DO PIAUÍ,PI,07/2022,621,559,"90,02",547,12,"97,85",62,"9,98",24,38,"6,12"
220551,JUAZEIRO DO PIAUÍ,PI,09/2022,566,0,"0,00",0,0,,566,"100,00",532,34,"6,01"
220551,JUAZEIRO DO PIAUÍ,PI,11/2022,536,0,"0,00",0,0,,536,"100,00",505,31,"5,78"
220552,JÚLIO BORGES,PI,11/2022,648,567,"87,50",566,1,"99,82",81,"12,50",6,75,"11,57"
220552,JÚLIO BORGES,PI,07/2022,677,579,"85,52",579,0,"100,00",98,"14,48",17,81,"11,96"
220552,JÚLIO BORGES,PI,09/2022,671,577,"85,99",576,1,"99,83",94,"14,01",15,79,"11,77"
220553,JUREMA,PI,09/2022,656,0,"0,00",0,0,,656,"100,00",585,71,"10,82"
220553,JUREMA,PI,07/2022,671,0,"0,00",0,0,,671,"100,00",594,77,"11,48"
220553,JUREMA,PI,11/2022,659,602,"91,35",602,0,"100,00",57,"8,65",0,57,"8,65"
220554,LAGOINHA DO PIAUÍ,PI,11/2022,319,244,"76,49",225,19,"92,21",75,"23,51",1,74,"23,20"
220554,LAGOINHA DO PIAUÍ,PI,07/2022,333,272,"81,68",254,18,"93,38",61,"18,32",5,56,"16,82"
220554,LAGOINHA DO PIAUÍ,PI,09/2022,324,241,"74,38",233,8,"96,68",83,"25,62",4,79,"24,38"
220555,LAGOA ALEGRE,PI,09/2022,1199,856,"71,39",855,1,"99,88",343,"28,61",162,181,"15,10"
220555,LAGOA ALEGRE,PI,07/2022,1231,987,"80,18",987,0,"100,00",244,"19,82",67,177,"14,38"
220555,LAGOA ALEGRE,PI,11/2022,1160,984,"84,83",981,3,"99,70",176,"15,17",11,165,"14,22"
220556,LAGOA DO BARRO DO PIAUÍ,PI,11/2022,511,469,"91,78",467,2,"99,57",42,"8,22",1,41,"8,02"
220556,LAGOA DO BARRO DO PIAUÍ,PI,07/2022,534,459,"85,96",451,8,"98,26",75,"14,04",0,75,"14,04"
220556,LAGOA DO BARRO DO PIAUÍ,PI,09/2022,526,470,"89,35",447,23,"95,11",56,"10,65",1,55,"10,46"
220557,LAGOA DE SÃO FRANCISCO,PI,09/2022,702,619,"88,18",619,0,"100,00",83,"11,82",3,80,"11,40"
220557,LAGOA DE SÃO FRANCISCO,PI,07/2022,703,619,"88,05",618,1,"99,84",84,"11,95",5,79,"11,24"
220557,LAGOA DE SÃO FRANCISCO,PI,11/2022,697,647,"92,83",646,1,"99,85",50,"7,17",2,48,"6,89"
220558,LAGOA DO PIAUÍ,PI,11/2022,600,518,"86,33",518,0,"100,00",82,"13,67",9,73,"12,17"
220558,LAGOA DO PIAUÍ,PI,09/2022,573,0,"0,00",0,0,,573,"100,00",492,81,"14,14"
220558,LAGOA DO PIAUÍ,PI,07/2022,591,499,"84,43",499,0,"100,00",92,"15,57",12,80,"13,54"
220559,LAGOA DO SÍTIO,PI,09/2022,635,450,"70,87",450,0,"100,00",185,"29,13",1,184,"28,98"
220559,LAGOA DO SÍTIO,PI,07/2022,633,449,"70,93",449,0,"100,00",184,"29,07",5,179,"28,28"
220559,LAGOA DO SÍTIO,PI,11/2022,600,492,"82,00",492,0,"100,00",108,"18,00",1,107,"17,83"
220560,LANDRI SALES,PI,11/2022,674,485,"71,96",485,0,"100,00",189,"28,04",97,92,"13,65"
220560,LANDRI SALES,PI,07/2022,695,494,"71,08",494,0,"100,00",201,"28,92",109,92,"13,24"
220560,LANDRI SALES,PI,09/2022,701,493,"70,33",493,0,"100,00",208,"29,67",109,99,"14,12"
220570,LUÍS CORREIA,PI,07/2022,4087,3698,"90,48",3698,0,"100,00",389,"9,52",72,317,"7,76"
220570,LUÍS CORREIA,PI,09/2022,4116,2222,"53,98",2222,0,"100,00",1894,"46,02",1576,318,"7,73"
220570,LUÍS CORREIA,PI,11/2022,3982,3638,"91,36",3638,0,"100,00",344,"8,64",38,306,"7,68"
220580,LUZILÂNDIA,PI,11/2022,3328,2631,"79,06",2631,0,"100,00",697,"20,94",2,695,"20,88"
220580,LUZILÂNDIA,PI,07/2022,3494,2760,"78,99",2760,0,"100,00",734,"21,01",42,692,"19,81"
220580,LUZILÂNDIA,PI,09/2022,3405,2596,"76,24",2586,10,"99,61",809,"23,76",14,795,"23,35"
220585,MADEIRO,PI,07/2022,1135,1100,"96,92",1100,0,"100,00",35,"3,08",1,34,"3,00"
220585,MADEIRO,PI,09/2022,1115,1078,"96,68",1078,0,"100,00",37,"3,32",0,37,"3,32"
220585,MADEIRO,PI,11/2022,1131,1095,"96,82",1095,0,"100,00",36,"3,18",1,35,"3,09"
220590,MANOEL EMÍDIO,PI,11/2022,594,0,"0,00",0,0,,594,"100,00",548,46,"7,74"
220590,MANOEL EMÍDIO,PI,07/2022,605,0,"0,00",0,0,,605,"100,00",554,51,"8,43"
220590,MANOEL EMÍDIO,PI,09/2022,605,0,"0,00",0,0,,605,"100,00",554,51,"8,43"
220595,MARCOLÂNDIA,PI,07/2022,1611,1327,"82,37",1327,0,"100,00",284,"17,63",142,142,"8,81"
220595,MARCOLÂNDIA,PI,09/2022,1305,0,"0,00",0,0,,1305,"100,00",1157,148,"11,34"
220595,MARCOLÂNDIA,PI,11/2022,1628,1486,"91,28",1486,0,"100,00",142,"8,72",63,79,"4,85"
220600,MARCOS PARENTE,PI,11/2022,580,0,"0,00",0,0,,580,"100,00",525,55,"9,48"
220600,MARCOS PARENTE,PI,09/2022,592,0,"0,00",0,0,,592,"100,00",536,56,"9,46"
220600,MARCOS PARENTE,PI,07/2022,591,0,"0,00",0,0,,591,"100,00",538,53,"8,97"
220605,MASSAPÊ DO PIAUÍ,PI,07/2022,603,51,"8,46",51,0,"100,00",552,"91,54",453,99,"16,42"
220605,MASSAPÊ DO PIAUÍ,PI,09/2022,601,482,"80,20",482,0,"100,00",119,"19,80",47,72,"11,98"
220605,MASSAPÊ DO PIAUÍ,PI,11/2022,572,546,"95,45",546,0,"100,00",26,"4,55",0,26,"4,55"
220610,MATIAS OLÍMPIO,PI,11/2022,1767,1586,"89,76",1586,0,"100,00",181,"10,24",13,168,"9,51"
220610,MATIAS OLÍMPIO,PI,09/2022,1823,1609,"88,26",1609,0,"100,00",214,"11,74",27,187,"10,26"
220610,MATIAS OLÍMPIO,PI,07/2022,1810,1556,"85,97",1556,0,"100,00",254,"14,03",95,159,"8,78"
220620,MIGUEL ALVES,PI,09/2022,5163,1920,"37,19",1920,0,"100,00",3243,"62,81",2965,278,"5,38"
220620,MIGUEL ALVES,PI,07/2022,5136,0,"0,00",0,0,,5136,"100,00",4865,271,"5,28"
220620,MIGUEL ALVES,PI,11/2022,5141,4681,"91,05",4681,0,"100,00",460,"8,95",191,269,"5,23"
220630,MIGUEL LEÃO,PI,11/2022,159,147,"92,45",143,4,"97,28",12,"7,55",4,8,"5,03"
220630,MIGUEL LEÃO,PI,09/2022,157,141,"89,81",122,19,"86,52",16,"10,19",4,12,"7,64"
220630,MIGUEL LEÃO,PI,07/2022,161,138,"85,71",136,2,"98,55",23,"14,29",10,13,"8,07"
220635,MILTON BRANDÃO,PI,07/2022,771,720,"93,39",720,0,"100,00",51,"6,61",24,27,"3,50"
220635,MILTON BRANDÃO,PI,09/2022,747,711,"95,18",711,0,"100,00",36,"4,82",27,9,"1,20"
220635,MILTON BRANDÃO,PI,11/2022,753,714,"94,82",714,0,"100,00",39,"5,18",24,15,"1,99"
220640,MONSENHOR GIL,PI,11/2022,1114,871,"78,19",834,37,"95,75",243,"21,81",5,238,"21,36"
220640,MONSENHOR GIL,PI,07/2022,1193,915,"76,70",887,28,"96,94",278,"23,30",138,140,"11,74"
220640,MONSENHOR GIL,PI,09/2022,1155,694,"60,09",660,34,"95,10",461,"39,91",212,249,"21,56"
220650,MONSENHOR HIPÓLITO,PI,09/2022,980,851,"86,84",851,0,"100,00",129,"13,16",3,126,"12,86"
220650,MONSENHOR HIPÓLITO,PI,07/2022,967,829,"85,73",829,0,"100,00",138,"14,27",1,137,"14,17"
220650,MONSENHOR HIPÓLITO,PI,11/2022,965,906,"93,89",906,0,"100,00",59,"6,11",2,57,"5,91"
220660,MONTE ALEGRE DO PIAUÍ,PI,11/2022,1547,1402,"90,63",1402,0,"100,00",145,"9,37",11,134,"8,66"
220660,MONTE ALEGRE DO PIAUÍ,PI,07/2022,1532,0,"0,00",0,0,,1532,"100,00",1393,139,"9,07"
220660,MONTE ALEGRE DO PIAUÍ,PI,09/2022,1514,0,"0,00",0,0,,1514,"100,00",1381,133,"8,78"
220665,MORRO CABEÇA NO TEMPO,PI,09/2022,649,473,"72,88",473,0,"100,00",176,"27,12",21,155,"23,88"
220665,MORRO CABEÇA NO TEMPO,PI,07/2022,631,457,"72,42",457,0,"100,00",174,"27,58",26,148,"23,45"
220665,MORRO CABEÇA NO TEMPO,PI,11/2022,635,471,"74,17",471,0,"100,00",164,"25,83",8,156,"24,57"
220667,MORRO DO CHAPÉU DO PIAUÍ,PI,11/2022,940,845,"89,89",845,0,"100,00",95,"10,11",3,92,"9,79"
220667,MORRO DO CHAPÉU DO PIAUÍ,PI,09/2022,930,842,"90,54",842,0,"100,00",88,"9,46",1,87,"9,35"
220667,MORRO DO CHAPÉU DO PIAUÍ,PI,07/2022,958,858,"89,56",858,0,"100,00",100,"10,44",11,89,"9,29"
220669,MURICI DOS PORTELAS,PI,09/2022,931,803,"86,25",783,20,"97,51",128,"13,75",24,104,"11,17"
220669,MURICI DOS PORTELAS,PI,07/2022,972,813,"83,64",726,87,"89,30",159,"16,36",11,148,"15,23"
220669,MURICI DOS PORTELAS,PI,11/2022,878,790,"89,98",790,0,"100,00",88,"10,02",6,82,"9,34"
220670,NAZARÉ DO PIAUÍ,PI,11/2022,826,458,"55,45",458,0,"100,00",368,"44,55",18,350,"42,37"
220670,NAZARÉ DO PIAUÍ,PI,07/2022,855,0,"0,00",0,0,,855,"100,00",776,79,"9,24"
220670,NAZARÉ DO PIAUÍ,PI,09/2022,840,0,"0,00",0,0,,840,"100,00",755,85,"10,12"
220672,NAZÁRIA,PI,09/2022,1390,1007,"72,45",1004,3,"99,70",383,"27,55",128,255,"18,35"
220672,NAZÁRIA,PI,07/2022,1460,781,"53,49",779,2,"99,74",679,"46,51",335,344,"23,56"
220672,NAZÁRIA,PI,11/2022,1372,1031,"75,15",1031,0,"100,00",341,"24,85",113,228,"16,62"
220675,NOSSA SENHORA DE NAZARÉ,PI,11/2022,601,563,"93,68",563,0,"100,00",38,"6,32",2,36,"5,99"
220675,NOSSA SENHORA DE NAZARÉ,PI,09/2022,617,576,"93,35",576,0,"100,00",41,"6,65",6,35,"5,67"
220675,NOSSA SENHORA DE NAZARÉ,PI,07/2022,617,575,"93,19",575,0,"100,00",42,"6,81",10,32,"5,19"
220680,NOSSA SENHORA DOS REMÉDIOS,PI,09/2022,1468,23,"1,57",22,1,"95,65",1445,"98,43",1235,210,"14,31"
220680,NOSSA SENHORA DOS REMÉDIOS,PI,07/2022,1578,1343,"85,11",1339,4,"99,70",235,"14,89",28,207,"13,12"
220680,NOSSA SENHORA DOS REMÉDIOS,PI,11/2022,1532,1143,"74,61",1143,0,"100,00",389,"25,39",209,180,"11,75"
220690,NOVO ORIENTE DO PIAUÍ,PI,11/2022,597,504,"84,42",503,1,"99,80",93,"15,58",6,87,"14,57"
220690,NOVO ORIENTE DO PIAUÍ,PI,09/2022,616,309,"50,16",309,0,"100,00",307,"49,84",5,302,"49,03"
220690,NOVO ORIENTE DO PIAUÍ,PI,07/2022,616,252,"40,91",252,0,"100,00",364,"59,09",70,294,"47,73"
220695,NOVO SANTO ANTÔNIO,PI,07/2022,390,348,"89,23",347,1,"99,71",42,"10,77",5,37,"9,49"
220695,NOVO SANTO ANTÔNIO,PI,09/2022,399,343,"85,96",342,1,"99,71",56,"14,04",19,37,"9,27"
220695,NOVO SANTO ANTÔNIO,PI,11/2022,387,325,"83,98",323,2,"99,38",62,"16,02",6,56,"14,47"
220700,OEIRAS,PI,11/2022,3801,3229,"84,95",3229,0,"100,00",572,"15,05",12,560,"14,73"
220700,OEIRAS,PI,07/2022,3841,2737,"71,26",2735,2,"99,93",1104,"28,74",20,1084,"28,22"
220700,OEIRAS,PI,09/2022,3898,2871,"73,65",2871,0,"100,00",1027,"26,35",137,890,"22,83"
220710,OLHO D´ÁGUA DO PIAUÍ,PI,09/2022,316,290,"91,77",290,0,"100,00",26,"8,23",1,25,"7,91"
220710,OLHO D´ÁGUA DO PIAUÍ,PI,07/2022,311,279,"89,71",279,0,"100,00",32,"10,29",5,27,"8,68"
220710,OLHO D´ÁGUA DO PIAUÍ,PI,11/2022,311,78,"25,08",78,0,"100,00",233,"74,92",196,37,"11,90"
220720,PADRE MARCOS,PI,11/2022,788,738,"93,65",738,0,"100,00",50,"6,35",0,50,"6,35"
220720,PADRE MARCOS,PI,09/2022,821,750,"91,35",750,0,"100,00",71,"8,65",16,55,"6,70"
220720,PADRE MARCOS,PI,07/2022,803,747,"93,03",747,0,"100,00",56,"6,97",0,56,"6,97"
220730,PAES LANDIM,PI,07/2022,523,483,"92,35",479,4,"99,17",40,"7,65",3,37,"7,07"
220730,PAES LANDIM,PI,09/2022,507,480,"94,67",474,6,"98,75",27,"5,33",3,24,"4,73"
220730,PAES LANDIM,PI,11/2022,493,463,"93,91",449,14,"96,98",30,"6,09",2,28,"5,68"
220735,PAJEÚ DO PIAUÍ,PI,11/2022,264,248,"93,94",248,0,"100,00",16,"6,06",9,7,"2,65"
220735,PAJEÚ DO PIAUÍ,PI,09/2022,284,266,"93,66",264,2,"99,25",18,"6,34",12,6,"2,11"
220735,PAJEÚ DO PIAUÍ,PI,07/2022,281,272,"96,80",272,0,"100,00",9,"3,20",9,0,"0,00"
220740,PALMEIRA DO PIAUÍ,PI,09/2022,679,515,"75,85",515,0,"100,00",164,"24,15",19,145,"21,35"
220740,PALMEIRA DO PIAUÍ,PI,07/2022,678,524,"77,29",524,0,"100,00",154,"22,71",15,139,"20,50"
220740,PALMEIRA DO PIAUÍ,PI,11/2022,663,573,"86,43",573,0,"100,00",90,"13,57",14,76,"11,46"
220750,PALMEIRAIS,PI,11/2022,1956,1876,"95,91",1876,0,"100,00",80,"4,09",15,65,"3,32"
220750,PALMEIRAIS,PI,07/2022,2015,1760,"87,34",1760,0,"100,00",255,"12,66",22,233,"11,56"
220750,PALMEIRAIS,PI,09/2022,1938,0,"0,00",0,0,,1938,"100,00",1860,78,"4,02"
220755,PAQUETÁ,PI,07/2022,359,255,"71,03",248,7,"97,25",104,"28,97",16,88,"24,51"
220755,PAQUETÁ,PI,09/2022,361,262,"72,58",258,4,"98,47",99,"27,42",9,90,"24,93"
220755,PAQUETÁ,PI,11/2022,347,255,"73,49",254,1,"99,61",92,"26,51",15,77,"22,19"
220760,PARNAGUÁ,PI,11/2022,1618,1187,"73,36",1187,0,"100,00",431,"26,64",43,388,"23,98"
220760,PARNAGUÁ,PI,07/2022,1665,1178,"70,75",1178,0,"100,00",487,"29,25",62,425,"25,53"
220760,PARNAGUÁ,PI,09/2022,1661,1047,"63,03",1047,0,"100,00",614,"36,97",188,426,"25,65"
220770,PARNAÍBA,PI,07/2022,12478,9599,"76,93",9599,0,"100,00",2879,"23,07",1174,1705,"13,66"
220770,PARNAÍBA,PI,09/2022,11990,0,"0,00",0,0,,11990,"100,00",10268,1722,"14,36"
220770,PARNAÍBA,PI,11/2022,12458,10689,"85,80",10689,0,"100,00",1769,"14,20",50,1719,"13,80"
220775,PASSAGEM FRANCA DO PIAUÍ,PI,11/2022,648,480,"74,07",467,13,"97,29",168,"25,93",32,136,"20,99"
220775,PASSAGEM FRANCA DO PIAUÍ,PI,09/2022,658,261,"39,67",245,16,"93,87",397,"60,33",252,145,"22,04"
220775,PASSAGEM FRANCA DO PIAUÍ,PI,07/2022,641,368,"57,41",362,6,"98,37",273,"42,59",138,135,"21,06"
220777,PATOS DO PIAUÍ,PI,07/2022,516,473,"91,67",470,3,"99,37",43,"8,33",1,42,"8,14"
220777,PATOS DO PIAUÍ,PI,09/2022,501,461,"92,02",458,3,"99,35",40,"7,98",1,39,"7,78"
220777,PATOS DO PIAUÍ,PI,11/2022,496,460,"92,74",454,6,"98,70",36,"7,26",0,36,"7,26"
220779,PAU D´ARCO DO PIAUÍ,PI,11/2022,418,331,"79,19",331,0,"100,00",87,"20,81",61,26,"6,22"
220779,PAU D´ARCO DO PIAUÍ,PI,09/2022,437,402,"91,99",402,0,"100,00",35,"8,01",2,33,"7,55"
220779,PAU D´ARCO DO PIAUÍ,PI,07/2022,444,411,"92,57",411,0,"100,00",33,"7,43",2,31,"6,98"
220780,PAULISTANA,PI,07/2022,2443,1980,"81,05",1974,6,"99,70",463,"18,95",11,452,"18,50"
220780,PAULISTANA,PI,09/2022,2347,2224,"94,76",2192,32,"98,56",123,"5,24",17,106,"4,52"
220780,PAULISTANA,PI,11/2022,2310,2172,"94,03",2144,28,"98,71",138,"5,97",4,134,"5,80"
220785,PAVUSSU,PI,11/2022,444,386,"86,94",386,0,"100,00",58,"13,06",1,57,"12,84"
220785,PAVUSSU,PI,09/2022,457,399,"87,31",398,1,"99,75",58,"12,69",9,49,"10,72"
220785,PAVUSSU,PI,07/2022,478,410,"85,77",410,0,"100,00",68,"14,23",7,61,"12,76"
220790,PEDRO II,PI,09/2022,5053,3608,"71,40",3581,27,"99,25",1445,"28,60",449,996,"19,71"
220790,PEDRO II,PI,07/2022,5082,4302,"84,65",4295,7,"99,84",780,"15,35",35,745,"14,66"
220790,PEDRO II,PI,11/2022,4954,3976,"80,26",3975,1,"99,97",978,"19,74",65,913,"18,43"
220793,PEDRO LAURENTINO,PI,11/2022,285,269,"94,39",269,0,"100,00",16,"5,61",4,12,"4,21"
220793,PEDRO LAURENTINO,PI,09/2022,292,271,"92,81",271,0,"100,00",21,"7,19",5,16,"5,48"
220793,PEDRO LAURENTINO,PI,07/2022,297,274,"92,26",274,0,"100,00",23,"7,74",9,14,"4,71"
220795,NOVA SANTA RITA,PI,09/2022,502,483,"96,22",483,0,"100,00",19,"3,78",12,7,"1,39"
220795,NOVA SANTA RITA,PI,07/2022,509,491,"96,46",490,1,"99,80",18,"3,54",9,9,"1,77"
220795,NOVA SANTA RITA,PI,11/2022,511,490,"95,89",489,1,"99,80",21,"4,11",10,11,"2,15"
220800,PICOS,PI,11/2022,6698,6375,"95,18",6375,0,"100,00",323,"4,82",22,301,"4,49"
220800,PICOS,PI,09/2022,6816,6493,"95,26",6491,2,"99,97",323,"4,74",57,266,"3,90"
220800,PICOS,PI,07/2022,6662,5459,"81,94",5458,1,"99,98",1203,"18,06",143,1060,"15,91"
220810,PIMENTEIRAS,PI,09/2022,1180,952,"80,68",951,1,"99,89",228,"19,32",61,167,"14,15"
220810,PIMENTEIRAS,PI,07/2022,1184,813,"68,67",801,12,"98,52",371,"31,33",34,337,"28,46"
220810,PIMENTEIRAS,PI,11/2022,1151,986,"85,66",969,17,"98,28",165,"14,34",24,141,"12,25"
220820,PIO IX,PI,11/2022,2075,1482,"71,42",1482,0,"100,00",593,"28,58",521,72,"3,47"
220820,PIO IX,PI,09/2022,2133,2050,"96,11",2049,1,"99,95",83,"3,89",18,65,"3,05"
220820,PIO IX,PI,07/2022,2157,2084,"96,62",2083,1,"99,95",73,"3,38",4,69,"3,20"
220830,PIRACURUCA,PI,09/2022,3331,2026,"60,82",1964,62,"96,94",1305,"39,18",235,1070,"32,12"
220830,PIRACURUCA,PI,07/2022,3344,2241,"67,02",2237,4,"99,82",1103,"32,98",13,1090,"32,60"
220830,PIRACURUCA,PI,11/2022,3230,2246,"69,54",2175,71,"96,84",984,"30,46",5,979,"30,31"
220840,PIRIPIRI,PI,11/2022,6059,5863,"96,77",5763,100,"98,29",196,"3,23",15,181,"2,99"
220840,PIRIPIRI,PI,07/2022,6154,5642,"91,68",5559,83,"98,53",512,"8,32",17,495,"8,04"
220840,PIRIPIRI,PI,09/2022,6080,5846,"96,15",5725,121,"97,93",234,"3,85",37,197,"3,24"
220850,PORTO,PI,07/2022,2064,0,"0,00",0,0,,2064,"100,00",1995,69,"3,34"
220850,PORTO,PI,09/2022,2014,0,"0,00",0,0,,2014,"100,00",1940,74,"3,67"
220850,PORTO,PI,11/2022,1945,142,"7,30",142,0,"100,00",1803,"92,70",1730,73,"3,75"
220855,PORTO ALEGRE DO PIAUÍ,PI,11/2022,322,243,"75,47",243,0,"100,00",79,"24,53",27,52,"16,15"
220855,PORTO ALEGRE DO PIAUÍ,PI,07/2022,339,257,"75,81",257,0,"100,00",82,"24,19",27,55,"16,22"
220855,PORTO ALEGRE DO PIAUÍ,PI,09/2022,333,252,"75,68",252,0,"100,00",81,"24,32",27,54,"16,22"
220860,PRATA DO PIAUÍ,PI,09/2022,454,374,"82,38",373,1,"99,73",80,"17,62",1,79,"17,40"
220860,PRATA DO PIAUÍ,PI,07/2022,463,301,"65,01",301,0,"100,00",162,"34,99",96,66,"14,25"
220860,PRATA DO PIAUÍ,PI,11/2022,449,372,"82,85",371,1,"99,73",77,"17,15",20,57,"12,69"
220865,QUEIMADA NOVA,PI,11/2022,724,717,"99,03",713,4,"99,44",7,"0,97",0,7,"0,97"
220865,QUEIMADA NOVA,PI,07/2022,745,729,"97,85",721,8,"98,90",16,"2,15",2,14,"1,88"
220865,QUEIMADA NOVA,PI,09/2022,739,733,"99,19",726,7,"99,05",6,"0,81",0,6,"0,81"
220870,REDENÇÃO DO GURGUÉIA,PI,07/2022,1525,1253,"82,16",1251,2,"99,84",272,"17,84",27,245,"16,07"
220870,REDENÇÃO DO GURGUÉIA,PI,09/2022,1521,1255,"82,51",1255,0,"100,00",266,"17,49",23,243,"15,98"
220870,REDENÇÃO DO GURGUÉIA,PI,11/2022,1465,1243,"84,85",1243,0,"100,00",222,"15,15",9,213,"14,54"
220880,REGENERAÇÃO,PI,11/2022,2477,2082,"84,05",2019,63,"96,97",395,"15,95",234,161,"6,50"
220880,REGENERAÇÃO,PI,09/2022,2542,2150,"84,58",2123,27,"98,74",392,"15,42",222,170,"6,69"
220880,REGENERAÇÃO,PI,07/2022,2520,1937,"76,87",1881,56,"97,11",583,"23,13",425,158,"6,27"
220885,RIACHO FRIO,PI,07/2022,755,0,"0,00",0,0,,755,"100,00",696,59,"7,81"
220885,RIACHO FRIO,PI,09/2022,752,0,"0,00",0,0,,752,"100,00",683,69,"9,18"
220885,RIACHO FRIO,PI,11/2022,750,652,"86,93",652,0,"100,00",98,"13,07",20,78,"10,40"
220887,RIBEIRA DO PIAUÍ,PI,11/2022,549,382,"69,58",382,0,"100,00",167,"30,42",117,50,"9,11"
220887,RIBEIRA DO PIAUÍ,PI,09/2022,569,499,"87,70",499,0,"100,00",70,"12,30",18,52,"9,14"
220887,RIBEIRA DO PIAUÍ,PI,07/2022,574,490,"85,37",490,0,"100,00",84,"14,63",20,64,"11,15"
220890,RIBEIRO GONÇALVES,PI,07/2022,837,694,"82,92",693,1,"99,86",143,"17,08",47,96,"11,47"
220890,RIBEIRO GONÇALVES,PI,09/2022,845,687,"81,30",665,22,"96,80",158,"18,70",59,99,"11,72"
220890,RIBEIRO GONÇALVES,PI,11/2022,809,672,"83,07",672,0,"100,00",137,"16,93",38,99,"12,24"
220900,RIO GRANDE DO PIAUÍ,PI,11/2022,728,433,"59,48",432,1,"99,77",295,"40,52",4,291,"39,97"
220900,RIO GRANDE DO PIAUÍ,PI,07/2022,772,594,"76,94",594,0,"100,00",178,"23,06",4,174,"22,54"
220900,RIO GRANDE DO PIAUÍ,PI,09/2022,771,504,"65,37",504,0,"100,00",267,"34,63",13,254,"32,94"
220910,SANTA CRUZ DO PIAUÍ,PI,09/2022,610,477,"78,20",477,0,"100,00",133,"21,80",2,131,"21,48"
220910,SANTA CRUZ DO PIAUÍ,PI,07/2022,630,481,"76,35",481,0,"100,00",149,"23,65",5,144,"22,86"
220910,SANTA CRUZ DO PIAUÍ,PI,11/2022,601,480,"79,87",479,1,"99,79",121,"20,13",0,121,"20,13"
220915,SANTA CRUZ DOS MILAGRES,PI,11/2022,312,278,"89,10",278,0,"100,00",34,"10,90",0,34,"10,90"
220915,SANTA CRUZ DOS MILAGRES,PI,07/2022,350,303,"86,57",303,0,"100,00",47,"13,43",1,46,"13,14"
220915,SANTA CRUZ DOS MILAGRES,PI,09/2022,339,293,"86,43",293,0,"100,00",46,"13,57",0,46,"13,57"
220920,SANTA FILOMENA,PI,09/2022,937,745,"79,51",744,1,"99,87",192,"20,49",46,146,"15,58"
220920,SANTA FILOMENA,PI,07/2022,956,739,"77,30",739,0,"100,00",217,"22,70",72,145,"15,17"
220920,SANTA FILOMENA,PI,11/2022,953,768,"80,59",768,0,"100,00",185,"19,41",43,142,"14,90"
220930,SANTA LUZ,PI,11/2022,835,0,"0,00",0,0,,835,"100,00",664,171,"20,48"
220930,SANTA LUZ,PI,07/2022,858,0,"0,00",0,0,,858,"100,00",685,173,"20,16"
220930,SANTA LUZ,PI,09/2022,846,0,"0,00",0,0,,846,"100,00",676,170,"20,09"
220935,SANTANA DO PIAUÍ,PI,07/2022,383,361,"94,26",361,0,"100,00",22,"5,74",2,20,"5,22"
220935,SANTANA DO PIAUÍ,PI,09/2022,380,316,"83,16",316,0,"100,00",64,"16,84",45,19,"5,00"
220935,SANTANA DO PIAUÍ,PI,11/2022,385,377,"97,92",377,0,"100,00",8,"2,08",0,8,"2,08"
220937,SANTA ROSA DO PIAUÍ,PI,11/2022,536,525,"97,95",525,0,"100,00",11,"2,05",1,10,"1,87"
220937,SANTA ROSA DO PIAUÍ,PI,07/2022,586,540,"92,15",540,0,"100,00",46,"7,85",3,43,"7,34"
220937,SANTA ROSA DO PIAUÍ,PI,09/2022,536,505,"94,22",505,0,"100,00",31,"5,78",22,9,"1,68"
220940,SANTO ANTÔNIO DE LISBOA,PI,07/2022,627,513,"81,82",511,2,"99,61",114,"18,18",5,109,"17,38"
220940,SANTO ANTÔNIO DE LISBOA,PI,09/2022,646,525,"81,27",524,1,"99,81",121,"18,73",5,116,"17,96"
220940,SANTO ANTÔNIO DE LISBOA,PI,11/2022,644,554,"86,02",544,10,"98,19",90,"13,98",4,86,"13,35"
220945,SANTO ANTÔNIO DOS MILAGRES,PI,11/2022,269,253,"94,05",252,1,"99,60",16,"5,95",1,15,"5,58"
220945,SANTO ANTÔNIO DOS MILAGRES,PI,07/2022,271,246,"90,77",246,0,"100,00",25,"9,23",3,22,"8,12"
220945,SANTO ANTÔNIO DOS MILAGRES,PI,09/2022,268,248,"92,54",248,0,"100,00",20,"7,46",1,19,"7,09"
220950,SANTO INÁCIO DO PIAUÍ,PI,09/2022,358,315,"87,99",315,0,"100,00",43,"12,01",3,40,"11,17"
220950,SANTO INÁCIO DO PIAUÍ,PI,07/2022,340,0,"0,00",0,0,,340,"100,00",314,26,"7,65"
220950,SANTO INÁCIO DO PIAUÍ,PI,11/2022,343,319,"93,00",319,0,"100,00",24,"7,00",0,24,"7,00"
220955,SÃO BRAZ DO PIAUÍ,PI,11/2022,605,515,"85,12",514,1,"99,81",90,"14,88",3,87,"14,38"
220955,SÃO BRAZ DO PIAUÍ,PI,09/2022,585,0,"0,00",0,0,,585,"100,00",498,87,"14,87"
220955,SÃO BRAZ DO PIAUÍ,PI,07/2022,585,0,"0,00",0,0,,585,"100,00",505,80,"13,68"
220960,SÃO FÉLIX DO PIAUÍ,PI,07/2022,211,185,"87,68",185,0,"100,00",26,"12,32",2,24,"11,37"
220960,SÃO FÉLIX DO PIAUÍ,PI,09/2022,211,196,"92,89",196,0,"100,00",15,"7,11",1,14,"6,64"
220960,SÃO FÉLIX DO PIAUÍ,PI,11/2022,202,190,"94,06",190,0,"100,00",12,"5,94",0,12,"5,94"
220965,SÃO FRANCISCO DE ASSIS DO PIAUÍ,PI,11/2022,691,664,"96,09",656,8,"98,80",27,"3,91",4,23,"3,33"
220965,SÃO FRANCISCO DE ASSIS DO PIAUÍ,PI,07/2022,725,663,"91,45",661,2,"99,70",62,"8,55",1,61,"8,41"
220965,SÃO FRANCISCO DE ASSIS DO PIAUÍ,PI,09/2022,704,676,"96,02",668,8,"98,82",28,"3,98",6,22,"3,13"
220970,SÃO FRANCISCO DO PIAUÍ,PI,07/2022,631,511,"80,98",508,3,"99,41",120,"19,02",25,95,"15,06"
220970,SÃO FRANCISCO DO PIAUÍ,PI,09/2022,623,506,"81,22",504,2,"99,60",117,"18,78",23,94,"15,09"
220970,SÃO FRANCISCO DO PIAUÍ,PI,11/2022,617,501,"81,20",501,0,"100,00",116,"18,80",21,95,"15,40"
220975,SÃO GONÇALO DO GURGUÉIA,PI,11/2022,360,240,"66,67",239,1,"99,58",120,"33,33",3,117,"32,50"
220975,SÃO GONÇALO DO GURGUÉIA,PI,09/2022,367,237,"64,58",237,0,"100,00",130,"35,42",5,125,"34,06"
220975,SÃO GONÇALO DO GURGUÉIA,PI,07/2022,373,254,"68,10",254,0,"100,00",119,"31,90",4,115,"30,83"
220980,SÃO GONÇALO DO PIAUÍ,PI,09/2022,634,600,"94,64",598,2,"99,67",34,"5,36",0,34,"5,36"
220980,SÃO GONÇALO DO PIAUÍ,PI,07/2022,638,605,"94,83",605,0,"100,00",33,"5,17",4,29,"4,55"
220980,SÃO GONÇALO DO PIAUÍ,PI,11/2022,634,596,"94,01",593,3,"99,50",38,"5,99",1,37,"5,84"
220985,SÃO JOÃO DA CANABRAVA,PI,11/2022,479,431,"89,98",426,5,"98,84",48,"10,02",6,42,"8,77"
220985,SÃO JOÃO DA CANABRAVA,PI,07/2022,512,391,"76,37",388,3,"99,23",121,"23,63",14,107,"20,90"
220985,SÃO JOÃO DA CANABRAVA,PI,09/2022,497,443,"89,13",439,4,"99,10",54,"10,87",17,37,"7,44"
220987,SÃO JOÃO DA FRONTEIRA,PI,09/2022,702,642,"91,45",634,8,"98,75",60,"8,55",6,54,"7,69"
220987,SÃO JOÃO DA FRONTEIRA,PI,07/2022,706,647,"91,64",647,0,"100,00",59,"8,36",1,58,"8,22"
220987,SÃO JOÃO DA FRONTEIRA,PI,11/2022,680,629,"92,50",625,4,"99,36",51,"7,50",1,50,"7,35"
220990,SÃO JOÃO DA SERRA,PI,11/2022,712,563,"79,07",546,17,"96,98",149,"20,93",0,149,"20,93"
220990,SÃO JOÃO DA SERRA,PI,09/2022,741,559,"75,44",548,11,"98,03",182,"24,56",14,168,"22,67"
220990,SÃO JOÃO DA SERRA,PI,07/2022,726,491,"67,63",489,2,"99,59",235,"32,37",77,158,"21,76"
220995,SÃO JOÃO DA VARJOTA,PI,09/2022,585,270,"46,15",269,1,"99,63",315,"53,85",201,114,"19,49"
220995,SÃO JOÃO DA VARJOTA,PI,07/2022,622,505,"81,19",505,0,"100,00",117,"18,81",4,113,"18,17"
220995,SÃO JOÃO DA VARJOTA,PI,11/2022,576,450,"78,13",447,3,"99,33",126,"21,88",3,123,"21,35"
220997,SÃO JOÃO DO ARRAIAL,PI,11/2022,1293,1022,"79,04",1022,0,"100,00",271,"20,96",164,107,"8,28"
220997,SÃO JOÃO DO ARRAIAL,PI,07/2022,1404,1253,"89,25",1253,0,"100,00",151,"10,75",39,112,"7,98"
220997,SÃO JOÃO DO ARRAIAL,PI,09/2022,1337,752,"56,25",747,5,"99,34",585,"43,75",466,119,"8,90"
221000,SÃO JOÃO DO PIAUÍ,PI,09/2022,2613,2278,"87,18",2278,0,"100,00",335,"12,82",94,241,"9,22"
221000,SÃO JOÃO DO PIAUÍ,PI,07/2022,2601,2255,"86,70",2252,3,"99,87",346,"13,30",94,252,"9,69"
221000,SÃO JOÃO DO PIAUÍ,PI,11/2022,2565,2262,"88,19",2262,0,"100,00",303,"11,81",89,214,"8,34"
221005,SÃO JOSÉ DO DIVINO,PI,11/2022,600,569,"94,83",569,0,"100,00",31,"5,17",1,30,"5,00"
221005,SÃO JOSÉ DO DIVINO,PI,07/2022,603,561,"93,03",561,0,"100,00",42,"6,97",3,39,"6,47"
221005,SÃO JOSÉ DO DIVINO,PI,09/2022,595,557,"93,61",557,0,"100,00",38,"6,39",2,36,"6,05"
221010,SÃO JOSÉ DO PEIXE,PI,07/2022,393,358,"91,09",358,0,"100,00",35,"8,91",9,26,"6,62"
221010,SÃO JOSÉ DO PEIXE,PI,09/2022,387,365,"94,32",364,1,"99,73",22,"5,68",8,14,"3,62"
221010,SÃO JOSÉ DO PEIXE,PI,11/2022,375,356,"94,93",355,1,"99,72",19,"5,07",2,17,"4,53"
221020,SÃO JOSÉ DO PIAUÍ,PI,11/2022,705,669,"94,89",668,1,"99,85",36,"5,11",1,35,"4,96"
221020,SÃO JOSÉ DO PIAUÍ,PI,07/2022,725,560,"77,24",559,1,"99,82",165,"22,76",1,164,"22,62"
221020,SÃO JOSÉ DO PIAUÍ,PI,09/2022,711,552,"77,64",552,0,"100,00",159,"22,36",2,157,"22,08"
221030,SÃO JULIÃO,PI,09/2022,669,546,"81,61",545,1,"99,82",123,"18,39",1,122,"18,24"
221030,SÃO JULIÃO,PI,07/2022,684,598,"87,43",598,0,"100,00",86,"12,57",2,84,"12,28"
221030,SÃO JULIÃO,PI,11/2022,645,501,"77,67",501,0,"100,00",144,"22,33",12,132,"20,47"
221035,SÃO LOURENÇO DO PIAUÍ,PI,11/2022,592,591,"99,83",591,0,"100,00",1,"0,17",1,0,"0,00"
221035,SÃO LOURENÇO DO PIAUÍ,PI,07/2022,606,593,"97,85",593,0,"100,00",13,"2,15",3,10,"1,65"
221035,SÃO LOURENÇO DO PIAUÍ,PI,09/2022,605,601,"99,34",601,0,"100,00",4,"0,66",3,1,"0,17"
221037,SÃO LUIS DO PIAUÍ,PI,07/2022,219,201,"91,78",196,5,"97,51",18,"8,22",5,13,"5,94"
221037,SÃO LUIS DO PIAUÍ,PI,09/2022,221,202,"91,40",201,1,"99,50",19,"8,60",5,14,"6,33"
221037,SÃO LUIS DO PIAUÍ,PI,11/2022,212,202,"95,28",201,1,"99,50",10,"4,72",2,8,"3,77"
221038,SÃO MIGUEL DA BAIXA GRANDE,PI,11/2022,206,184,"89,32",178,6,"96,74",22,"10,68",0,22,"10,68"
221038,SÃO MIGUEL DA BAIXA GRANDE,PI,07/2022,216,190,"87,96",189,1,"99,47",26,"12,04",0,26,"12,04"
221038,SÃO MIGUEL DA BAIXA GRANDE,PI,09/2022,209,182,"87,08",178,4,"97,80",27,"12,92",0,27,"12,92"
221039,SÃO MIGUEL DO FIDALGO,PI,07/2022,336,300,"89,29",300,0,"100,00",36,"10,71",3,33,"9,82"
221039,SÃO MIGUEL DO FIDALGO,PI,09/2022,332,298,"89,76",298,0,"100,00",34,"10,24",0,34,"10,24"
221039,SÃO MIGUEL DO FIDALGO,PI,11/2022,326,293,"89,88",293,0,"100,00",33,"10,12",0,33,"10,12"
221040,SÃO MIGUEL DO TAPUIO,PI,11/2022,1960,1789,"91,28",1778,11,"99,39",171,"8,72",8,163,"8,32"
221040,SÃO MIGUEL DO TAPUIO,PI,07/2022,2068,1627,"78,68",1624,3,"99,82",441,"21,32",9,432,"20,89"
221040,SÃO MIGUEL DO TAPUIO,PI,09/2022,2016,1791,"88,84",1780,11,"99,39",225,"11,16",35,190,"9,42"
221050,SÃO PEDRO DO PIAUÍ,PI,09/2022,1796,1763,"98,16",1755,8,"99,55",33,"1,84",11,22,"1,22"
221050,SÃO PEDRO DO PIAUÍ,PI,07/2022,1826,1778,"97,37",1778,0,"100,00",48,"2,63",1,47,"2,57"
221050,SÃO PEDRO DO PIAUÍ,PI,11/2022,1760,1691,"96,08",1629,62,"96,33",69,"3,92",6,63,"3,58"
221060,SÃO RAIMUNDO NONATO,PI,11/2022,4201,3537,"84,19",3537,0,"100,00",664,"15,81",12,652,"15,52"
221060,SÃO RAIMUNDO NONATO,PI,07/2022,4225,3474,"82,22",3471,3,"99,91",751,"17,78",6,745,"17,63"
221060,SÃO RAIMUNDO NONATO,PI,09/2022,4279,3560,"83,20",3560,0,"100,00",719,"16,80",14,705,"16,48"
221062,SEBASTIÃO BARROS,PI,09/2022,712,398,"55,90",398,0,"100,00",314,"44,10",234,80,"11,24"
221062,SEBASTIÃO BARROS,PI,07/2022,711,495,"69,62",495,0,"100,00",216,"30,38",145,71,"9,99"
221062,SEBASTIÃO BARROS,PI,11/2022,681,51,"7,49",51,0,"100,00",630,"92,51",546,84,"12,33"
221063,SEBASTIÃO LEAL,PI,11/2022,529,465,"87,90",465,0,"100,00",64,"12,10",4,60,"11,34"
221063,SEBASTIÃO LEAL,PI,09/2022,549,468,"85,25",468,0,"100,00",81,"14,75",20,61,"11,11"
221063,SEBASTIÃO LEAL,PI,07/2022,544,460,"84,56",460,0,"100,00",84,"15,44",21,63,"11,58"
221065,SIGEFREDO PACHECO,PI,07/2022,1032,616,"59,69",616,0,"100,00",416,"40,31",386,30,"2,91"
221065,SIGEFREDO PACHECO,PI,09/2022,1076,1008,"93,68",1008,0,"100,00",68,"6,32",32,36,"3,35"
221065,SIGEFREDO PACHECO,PI,11/2022,1054,991,"94,02",991,0,"100,00",63,"5,98",28,35,"3,32"
221070,SIMÕES,PI,11/2022,1794,1634,"91,08",1634,0,"100,00",160,"8,92",6,154,"8,58"
221070,SIMÕES,PI,09/2022,1862,1667,"89,53",1644,23,"98,62",195,"10,47",29,166,"8,92"
221070,SIMÕES,PI,07/2022,1897,1767,"93,15",1760,7,"99,60",130,"6,85",7,123,"6,48"
221080,SIMPLÍCIO MENDES,PI,07/2022,1289,1249,"96,90",1244,5,"99,60",40,"3,10",7,33,"2,56"
221080,SIMPLÍCIO MENDES,PI,09/2022,1307,1272,"97,32",1266,6,"99,53",35,"2,68",10,25,"1,91"
221080,SIMPLÍCIO MENDES,PI,11/2022,1287,1254,"97,44",1248,6,"99,52",33,"2,56",5,28,"2,18"
221090,SOCORRO DO PIAUÍ,PI,11/2022,432,407,"94,21",399,8,"98,03",25,"5,79",3,22,"5,09"
221090,SOCORRO DO PIAUÍ,PI,07/2022,471,418,"88,75",416,2,"99,52",53,"11,25",2,51,"10,83"
221090,SOCORRO DO PIAUÍ,PI,09/2022,445,414,"93,03",409,5,"98,79",31,"6,97",6,25,"5,62"
221093,SUSSUAPARA,PI,07/2022,563,427,"75,84",422,5,"98,83",136,"24,16",1,135,"23,98"
221093,SUSSUAPARA,PI,09/2022,522,503,"96,36",502,1,"99,80",19,"3,64",2,17,"3,26"
221093,SUSSUAPARA,PI,11/2022,513,493,"96,10",489,4,"99,19",20,"3,90",0,20,"3,90"
221095,TAMBORIL DO PIAUÍ,PI,11/2022,324,309,"95,37",309,0,"100,00",15,"4,63",1,14,"4,32"
221095,TAMBORIL DO PIAUÍ,PI,07/2022,337,316,"93,77",316,0,"100,00",21,"6,23",6,15,"4,45"
221095,TAMBORIL DO PIAUÍ,PI,09/2022,328,309,"94,21",309,0,"100,00",19,"5,79",2,17,"5,18"
221097,TANQUE DO PIAUÍ,PI,07/2022,279,236,"84,59",236,0,"100,00",43,"15,41",6,37,"13,26"
221097,TANQUE DO PIAUÍ,PI,09/2022,265,257,"96,98",257,0,"100,00",8,"3,02",2,6,"2,26"
221097,TANQUE DO PIAUÍ,PI,11/2022,252,234,"92,86",233,1,"99,57",18,"7,14",1,17,"6,75"
221100,TERESINA,PI,11/2022,60559,47052,"77,70",46638,414,"99,12",13507,"22,30",441,13066,"21,58"
221100,TERESINA,PI,09/2022,60718,46044,"75,83",45998,46,"99,90",14674,"24,17",948,13726,"22,61"
221100,TERESINA,PI,07/2022,59460,45068,"75,80",44818,250,"99,45",14392,"24,20",947,13445,"22,61"
221110,UNIÃO,PI,07/2022,6125,0,"0,00",0,0,,6125,"100,00",5574,551,"9,00"
221110,UNIÃO,PI,09/2022,6270,4960,"79,11",4960,0,"100,00",1310,"20,89",751,559,"8,92"
221110,UNIÃO,PI,11/2022,6176,5569,"90,17",5569,0,"100,00",607,"9,83",41,566,"9,16"
221120,URUÇUÍ,PI,11/2022,2918,1801,"61,72",1792,9,"99,50",1117,"38,28",13,1104,"37,83"
221120,URUÇUÍ,PI,09/2022,2965,1780,"60,03",1773,7,"99,61",1185,"39,97",30,1155,"38,95"
221120,URUÇUÍ,PI,07/2022,2903,1614,"55,60",1586,28,"98,27",1289,"44,40",11,1278,"44,02"
221130,VALENÇA DO PIAUÍ,PI,09/2022,1992,1270,"63,76",1266,4,"99,69",722,"36,24",22,700,"35,14"
221130,VALENÇA DO PIAUÍ,PI,07/2022,2041,1459,"71,48",1445,14,"99,04",582,"28,52",54,528,"25,87"
221130,VALENÇA DO PIAUÍ,PI,11/2022,1968,1277,"64,89",1268,9,"99,30",691,"35,11",11,680,"34,55"
221135,VÁRZEA BRANCA,PI,11/2022,747,592,"79,25",577,15,"97,47",155,"20,75",12,143,"19,14"
221135,VÁRZEA BRANCA,PI,09/2022,772,623,"80,70",619,4,"99,36",149,"19,30",13,136,"17,62"
221135,VÁRZEA BRANCA,PI,07/2022,781,628,"80,41",628,0,"100,00",153,"19,59",10,143,"18,31"
221140,VÁRZEA GRANDE,PI,09/2022,497,415,"83,50",415,0,"100,00",82,"16,50",27,55,"11,07"
221140,VÁRZEA GRANDE,PI,07/2022,492,412,"83,74",412,0,"100,00",80,"16,26",29,51,"10,37"
221140,VÁRZEA GRANDE,PI,11/2022,479,412,"86,01",412,0,"100,00",67,"13,99",16,51,"10,65"
221150,VERA MENDES,PI,11/2022,303,251,"82,84",250,1,"99,60",52,"17,16",2,50,"16,50"
221150,VERA MENDES,PI,07/2022,304,258,"84,87",255,3,"98,84",46,"15,13",2,44,"14,47"
221150,VERA MENDES,PI,09/2022,297,243,"81,82",242,1,"99,59",54,"18,18",2,52,"17,51"
221160,VILA NOVA DO PIAUÍ,PI,09/2022,270,203,"75,19",202,1,"99,51",67,"24,81",3,64,"23,70"
221160,VILA NOVA DO PIAUÍ,PI,07/2022,268,206,"76,87",204,2,"99,03",62,"23,13",0,62,"23,13"
221160,VILA NOVA DO PIAUÍ,PI,11/2022,259,213,"82,24",205,8,"96,24",46,"17,76",0,46,"17,76"
221170,WALL FERRAZ,PI,11/2022,410,389,"94,88",389,0,"100,00",21,"5,12",0,21,"5,12"
221170,WALL FERRAZ,PI,07/2022,424,338,"79,72",338,0,"100,00",86,"20,28",66,20,"4,72"
221170,WALL FERRAZ,PI,09/2022,410,325,"79,27",325,0,"100,00",85,"20,73",64,21,"5,12"
410010,ABATIÁ,PR,11/2022,365,311,"85,21",311,0,"100,00",54,"14,79",37,17,"4,66"
410010,ABATIÁ,PR,07/2022,367,341,"92,92",341,0,"100,00",26,"7,08",7,19,"5,18"
410010,ABATIÁ,PR,09/2022,368,274,"74,46",274,0,"100,00",94,"25,54",76,18,"4,89"
410020,ADRIANÓPOLIS,PR,09/2022,370,356,"96,22",334,22,"93,82",14,"3,78",4,10,"2,70"
410020,ADRIANÓPOLIS,PR,07/2022,380,343,"90,26",309,34,"90,09",37,"9,74",3,34,"8,95"
410020,ADRIANÓPOLIS,PR,11/2022,348,338,"97,13",325,13,"96,15",10,"2,87",2,8,"2,30"
410030,AGUDOS DO SUL,PR,11/2022,677,660,"97,49",611,49,"92,58",17,"2,51",10,7,"1,03"
410030,AGUDOS DO SUL,PR,09/2022,702,685,"97,58",638,47,"93,14",17,"2,42",10,7,"1,00"
410030,AGUDOS DO SUL,PR,07/2022,697,525,"75,32",518,7,"98,67",172,"24,68",25,147,"21,09"
410040,ALMIRANTE TAMANDARÉ,PR,07/2022,4552,2152,"47,28",2063,89,"95,86",2400,"52,72",1628,772,"16,96"
410040,ALMIRANTE TAMANDARÉ,PR,09/2022,4994,3242,"64,92",3097,145,"95,53",1752,"35,08",1034,718,"14,38"
410040,ALMIRANTE TAMANDARÉ,PR,11/2022,5127,4378,"85,39",4271,107,"97,56",749,"14,61",33,716,"13,97"
410045,ALTAMIRA DO PARANÁ,PR,11/2022,174,170,"97,70",152,18,"89,41",4,"2,30",0,4,"2,30"
410045,ALTAMIRA DO PARANÁ,PR,07/2022,176,173,"98,30",165,8,"95,38",3,"1,70",1,2,"1,14"
410045,ALTAMIRA DO PARANÁ,PR,09/2022,176,171,"97,16",150,21,"87,72",5,"2,84",2,3,"1,70"
410050,ALTÔNIA,PR,07/2022,568,490,"86,27",490,0,"100,00",78,"13,73",4,74,"13,03"
410050,ALTÔNIA,PR,09/2022,564,484,"85,82",481,3,"99,38",80,"14,18",2,78,"13,83"
410050,ALTÔNIA,PR,11/2022,559,486,"86,94",485,1,"99,79",73,"13,06",1,72,"12,88"
410060,ALTO PARANÁ,PR,11/2022,801,727,"90,76",723,4,"99,45",74,"9,24",4,70,"8,74"
410060,ALTO PARANÁ,PR,09/2022,782,236,"30,18",233,3,"98,73",546,"69,82",487,59,"7,54"
410060,ALTO PARANÁ,PR,07/2022,815,745,"91,41",742,3,"99,60",70,"8,59",11,59,"7,24"
410070,ALTO PIQUIRI,PR,09/2022,538,432,"80,30",396,36,"91,67",106,"19,70",4,102,"18,96"
410070,ALTO PIQUIRI,PR,07/2022,527,404,"76,66",403,1,"99,75",123,"23,34",14,109,"20,68"
410070,ALTO PIQUIRI,PR,11/2022,532,430,"80,83",422,8,"98,14",102,"19,17",2,100,"18,80"
410080,ALVORADA DO SUL,PR,11/2022,396,384,"96,97",366,18,"95,31",12,"3,03",1,11,"2,78"
410080,ALVORADA DO SUL,PR,09/2022,395,367,"92,91",311,56,"84,74",28,"7,09",0,28,"7,09"
410080,ALVORADA DO SUL,PR,07/2022,398,361,"90,70",328,33,"90,86",37,"9,30",1,36,"9,05"
410090,AMAPORÃ,PR,07/2022,377,276,"73,21",259,17,"93,84",101,"26,79",2,99,"26,26"
410090,AMAPORÃ,PR,09/2022,375,270,"72,00",256,14,"94,81",105,"28,00",9,96,"25,60"
410090,AMAPORÃ,PR,11/2022,376,280,"74,47",272,8,"97,14",96,"25,53",5,91,"24,20"
410100,AMPÉRE,PR,11/2022,460,420,"91,30",408,12,"97,14",40,"8,70",16,24,"5,22"
410100,AMPÉRE,PR,09/2022,450,374,"83,11",362,12,"96,79",76,"16,89",9,67,"14,89"
410100,AMPÉRE,PR,07/2022,446,346,"77,58",343,3,"99,13",100,"22,42",35,65,"14,57"
410105,ANAHY,PR,07/2022,117,102,"87,18",102,0,"100,00",15,"12,82",10,5,"4,27"
410105,ANAHY,PR,09/2022,115,108,"93,91",104,4,"96,30",7,"6,09",2,5,"4,35"
410105,ANAHY,PR,11/2022,111,103,"92,79",99,4,"96,12",8,"7,21",1,7,"6,31"
410110,ANDIRÁ,PR,11/2022,938,863,"92,00",863,0,"100,00",75,"8,00",4,71,"7,57"
410110,ANDIRÁ,PR,07/2022,937,858,"91,57",856,2,"99,77",79,"8,43",3,76,"8,11"
410110,ANDIRÁ,PR,09/2022,958,875,"91,34",875,0,"100,00",83,"8,66",5,78,"8,14"
410115,ÂNGULO,PR,09/2022,155,143,"92,26",118,25,"82,52",12,"7,74",4,8,"5,16"
410115,ÂNGULO,PR,07/2022,144,130,"90,28",123,7,"94,62",14,"9,72",7,7,"4,86"
410115,ÂNGULO,PR,11/2022,155,146,"94,19",131,15,"89,73",9,"5,81",2,7,"4,52"
410120,ANTONINA,PR,11/2022,1400,1313,"93,79",1280,33,"97,49",87,"6,21",8,79,"5,64"
410120,ANTONINA,PR,07/2022,1395,864,"61,94",852,12,"98,61",531,"38,06",173,358,"25,66"
410120,ANTONINA,PR,09/2022,1406,1161,"82,57",1142,19,"98,36",245,"17,43",24,221,"15,72"
410130,ANTÔNIO OLINTO,PR,07/2022,452,446,"98,67",442,4,"99,10",6,"1,33",4,2,"0,44"
410130,ANTÔNIO OLINTO,PR,09/2022,456,447,"98,03",443,4,"99,11",9,"1,97",3,6,"1,32"
410130,ANTÔNIO OLINTO,PR,11/2022,457,447,"97,81",443,4,"99,11",10,"2,19",4,6,"1,31"
410140,APUCARANA,PR,11/2022,4307,3775,"87,65",3614,161,"95,74",532,"12,35",10,522,"12,12"
410140,APUCARANA,PR,07/2022,3953,2935,"74,25",2731,204,"93,05",1018,"25,75",7,1011,"25,58"
410140,APUCARANA,PR,09/2022,4257,3409,"80,08",3192,217,"93,63",848,"19,92",13,835,"19,61"
410150,ARAPONGAS,PR,09/2022,3004,2859,"95,17",2745,114,"96,01",145,"4,83",18,127,"4,23"
410150,ARAPONGAS,PR,07/2022,2881,2739,"95,07",2642,97,"96,46",142,"4,93",23,119,"4,13"
410150,ARAPONGAS,PR,11/2022,3030,2893,"95,48",2858,35,"98,79",137,"4,52",13,124,"4,09"
410160,ARAPOTI,PR,11/2022,1282,1180,"92,04",1150,30,"97,46",102,"7,96",24,78,"6,08"
410160,ARAPOTI,PR,07/2022,1326,1029,"77,60",955,74,"92,81",297,"22,40",4,293,"22,10"
410160,ARAPOTI,PR,09/2022,1314,1005,"76,48",956,49,"95,12",309,"23,52",2,307,"23,36"
410165,ARAPUÃ,PR,09/2022,225,201,"89,33",180,21,"89,55",24,"10,67",13,11,"4,89"
410165,ARAPUÃ,PR,07/2022,250,189,"75,60",171,18,"90,48",61,"24,40",22,39,"15,60"
410165,ARAPUÃ,PR,11/2022,215,188,"87,44",171,17,"90,96",27,"12,56",16,11,"5,12"
410170,ARARUNA,PR,11/2022,508,486,"95,67",477,9,"98,15",22,"4,33",4,18,"3,54"
410170,ARARUNA,PR,09/2022,504,465,"92,26",432,33,"92,90",39,"7,74",15,24,"4,76"
410170,ARARUNA,PR,07/2022,503,458,"91,05",433,25,"94,54",45,"8,95",9,36,"7,16"
410180,ARAUCÁRIA,PR,07/2022,5464,3758,"68,78",3704,54,"98,56",1706,"31,22",157,1549,"28,35"
410180,ARAUCÁRIA,PR,09/2022,6040,5592,"92,58",5308,284,"94,92",448,"7,42",99,349,"5,78"
410180,ARAUCÁRIA,PR,11/2022,6021,5835,"96,91",5543,292,"95,00",186,"3,09",75,111,"1,84"
410185,ARIRANHA DO IVAÍ,PR,11/2022,122,100,"81,97",94,6,"94,00",22,"18,03",5,17,"13,93"
410185,ARIRANHA DO IVAÍ,PR,09/2022,118,98,"83,05",94,4,"95,92",20,"16,95",4,16,"13,56"
410185,ARIRANHA DO IVAÍ,PR,07/2022,110,90,"81,82",87,3,"96,67",20,"18,18",7,13,"11,82"
410190,ASSAÍ,PR,09/2022,557,458,"82,23",418,40,"91,27",99,"17,77",37,62,"11,13"
410190,ASSAÍ,PR,07/2022,569,438,"76,98",417,21,"95,21",131,"23,02",62,69,"12,13"
410190,ASSAÍ,PR,11/2022,553,481,"86,98",439,42,"91,27",72,"13,02",34,38,"6,87"
410200,ASSIS CHATEAUBRIAND,PR,11/2022,977,861,"88,13",833,28,"96,75",116,"11,87",7,109,"11,16"
410200,ASSIS CHATEAUBRIAND,PR,09/2022,962,814,"84,62",766,48,"94,10",148,"15,38",35,113,"11,75"
410200,ASSIS CHATEAUBRIAND,PR,07/2022,946,757,"80,02",737,20,"97,36",189,"19,98",24,165,"17,44"
410210,ASTORGA,PR,07/2022,737,577,"78,29",503,74,"87,18",160,"21,71",92,68,"9,23"
410210,ASTORGA,PR,09/2022,758,686,"90,50",585,101,"85,28",72,"9,50",9,63,"8,31"
410210,ASTORGA,PR,11/2022,748,670,"89,57",625,45,"93,28",78,"10,43",21,57,"7,62"
410220,ATALAIA,PR,11/2022,119,92,"77,31",92,0,"100,00",27,"22,69",0,27,"22,69"
410220,ATALAIA,PR,09/2022,108,76,"70,37",76,0,"100,00",32,"29,63",1,31,"28,70"
410220,ATALAIA,PR,07/2022,108,80,"74,07",73,7,"91,25",28,"25,93",3,25,"23,15"
410230,BALSA NOVA,PR,09/2022,612,589,"96,24",571,18,"96,94",23,"3,76",11,12,"1,96"
410230,BALSA NOVA,PR,07/2022,632,589,"93,20",561,28,"95,25",43,"6,80",12,31,"4,91"
410230,BALSA NOVA,PR,11/2022,597,578,"96,82",556,22,"96,19",19,"3,18",5,14,"2,35"
410240,BANDEIRANTES,PR,11/2022,1117,940,"84,15",922,18,"98,09",177,"15,85",31,146,"13,07"
410240,BANDEIRANTES,PR,09/2022,1162,912,"78,49",888,24,"97,37",250,"21,51",66,184,"15,83"
410240,BANDEIRANTES,PR,07/2022,1145,870,"75,98",854,16,"98,16",275,"24,02",89,186,"16,24"
410250,BARBOSA FERRAZ,PR,07/2022,612,579,"94,61",560,19,"96,72",33,"5,39",8,25,"4,08"
410250,BARBOSA FERRAZ,PR,09/2022,582,576,"98,97",563,13,"97,74",6,"1,03",3,3,"0,52"
410250,BARBOSA FERRAZ,PR,11/2022,585,579,"98,97",572,7,"98,79",6,"1,03",0,6,"1,03"
410260,BARRACÃO,PR,11/2022,518,448,"86,49",448,0,"100,00",70,"13,51",28,42,"8,11"
410260,BARRACÃO,PR,07/2022,533,427,"80,11",423,4,"99,06",106,"19,89",9,97,"18,20"
410260,BARRACÃO,PR,09/2022,545,429,"78,72",426,3,"99,30",116,"21,28",20,96,"17,61"
410270,BARRA DO JACARÉ,PR,07/2022,111,101,"90,99",91,10,"90,10",10,"9,01",1,9,"8,11"
410270,BARRA DO JACARÉ,PR,09/2022,112,104,"92,86",88,16,"84,62",8,"7,14",0,8,"7,14"
410270,BARRA DO JACARÉ,PR,11/2022,116,108,"93,10",100,8,"92,59",8,"6,90",0,8,"6,90"
410275,BELA VISTA DA CAROBA,PR,11/2022,139,128,"92,09",128,0,"100,00",11,"7,91",0,11,"7,91"
410275,BELA VISTA DA CAROBA,PR,07/2022,152,140,"92,11",135,5,"96,43",12,"7,89",1,11,"7,24"
410275,BELA VISTA DA CAROBA,PR,09/2022,150,135,"90,00",132,3,"97,78",15,"10,00",2,13,"8,67"
410280,BELA VISTA DO PARAÍSO,PR,09/2022,617,578,"93,68",512,66,"88,58",39,"6,32",0,39,"6,32"
410280,BELA VISTA DO PARAÍSO,PR,07/2022,607,550,"90,61",530,20,"96,36",57,"9,39",1,56,"9,23"
410280,BELA VISTA DO PARAÍSO,PR,11/2022,610,575,"94,26",501,74,"87,13",35,"5,74",0,35,"5,74"
410290,BITURUNA,PR,11/2022,925,884,"95,57",859,25,"97,17",41,"4,43",5,36,"3,89"
410290,BITURUNA,PR,07/2022,971,906,"93,31",852,54,"94,04",65,"6,69",13,52,"5,36"
410290,BITURUNA,PR,09/2022,935,890,"95,19",832,58,"93,48",45,"4,81",6,39,"4,17"
410300,BOA ESPERANÇA,PR,07/2022,185,179,"96,76",161,18,"89,94",6,"3,24",0,6,"3,24"
410300,BOA ESPERANÇA,PR,09/2022,192,186,"96,88",172,14,"92,47",6,"3,13",0,6,"3,13"
410300,BOA ESPERANÇA,PR,11/2022,187,182,"97,33",175,7,"96,15",5,"2,67",0,5,"2,67"
410302,BOA ESPERANÇA DO IGUAÇU,PR,11/2022,66,63,"95,45",63,0,"100,00",3,"4,55",0,3,"4,55"
410302,BOA ESPERANÇA DO IGUAÇU,PR,09/2022,73,65,"89,04",63,2,"96,92",8,"10,96",3,5,"6,85"
410302,BOA ESPERANÇA DO IGUAÇU,PR,07/2022,72,56,"77,78",56,0,"100,00",16,"22,22",9,7,"9,72"
410304,BOA VENTURA DE SÃO ROQUE,PR,09/2022,482,309,"64,11",293,16,"94,82",173,"35,89",37,136,"28,22"
410304,BOA VENTURA DE SÃO ROQUE,PR,07/2022,463,314,"67,82",286,28,"91,08",149,"32,18",6,143,"30,89"
410304,BOA VENTURA DE SÃO ROQUE,PR,11/2022,481,432,"89,81",419,13,"96,99",49,"10,19",1,48,"9,98"
410305,BOA VISTA DA APARECIDA,PR,11/2022,606,564,"93,07",557,7,"98,76",42,"6,93",0,42,"6,93"
410305,BOA VISTA DA APARECIDA,PR,07/2022,599,553,"92,32",533,20,"96,38",46,"7,68",4,42,"7,01"
410305,BOA VISTA DA APARECIDA,PR,09/2022,608,563,"92,60",545,18,"96,80",45,"7,40",3,42,"6,91"
410310,BOCAIÚVA DO SUL,PR,07/2022,1009,827,"81,96",819,8,"99,03",182,"18,04",6,176,"17,44"
410310,BOCAIÚVA DO SUL,PR,09/2022,1091,888,"81,39",885,3,"99,66",203,"18,61",4,199,"18,24"
410310,BOCAIÚVA DO SUL,PR,11/2022,1111,922,"82,99",910,12,"98,70",189,"17,01",7,182,"16,38"
410315,BOM JESUS DO SUL,PR,11/2022,177,169,"95,48",164,5,"97,04",8,"4,52",1,7,"3,95"
410315,BOM JESUS DO SUL,PR,09/2022,185,173,"93,51",171,2,"98,84",12,"6,49",0,12,"6,49"
410315,BOM JESUS DO SUL,PR,07/2022,182,164,"90,11",155,9,"94,51",18,"9,89",3,15,"8,24"
410320,BOM SUCESSO,PR,07/2022,235,229,"97,45",229,0,"100,00",6,"2,55",0,6,"2,55"
410320,BOM SUCESSO,PR,09/2022,232,231,"99,57",220,11,"95,24",1,"0,43",0,1,"0,43"
410320,BOM SUCESSO,PR,11/2022,223,217,"97,31",201,16,"92,63",6,"2,69",0,6,"2,69"
410322,BOM SUCESSO DO SUL,PR,11/2022,119,95,"79,83",95,0,"100,00",24,"20,17",6,18,"15,13"
410322,BOM SUCESSO DO SUL,PR,09/2022,119,100,"84,03",100,0,"100,00",19,"15,97",3,16,"13,45"
410322,BOM SUCESSO DO SUL,PR,07/2022,118,101,"85,59",101,0,"100,00",17,"14,41",4,13,"11,02"
410330,BORRAZÓPOLIS,PR,07/2022,358,351,"98,04",349,2,"99,43",7,"1,96",3,4,"1,12"
410330,BORRAZÓPOLIS,PR,09/2022,353,344,"97,45",340,4,"98,84",9,"2,55",0,9,"2,55"
410330,BORRAZÓPOLIS,PR,11/2022,340,329,"96,76",328,1,"99,70",11,"3,24",0,11,"3,24"
410335,BRAGANEY,PR,11/2022,234,198,"84,62",197,1,"99,49",36,"15,38",0,36,"15,38"
410335,BRAGANEY,PR,09/2022,230,195,"84,78",192,3,"98,46",35,"15,22",1,34,"14,78"
410335,BRAGANEY,PR,07/2022,234,195,"83,33",194,1,"99,49",39,"16,67",4,35,"14,96"
410337,BRASILÂNDIA DO SUL,PR,07/2022,151,126,"83,44",122,4,"96,83",25,"16,56",1,24,"15,89"
410337,BRASILÂNDIA DO SUL,PR,09/2022,148,136,"91,89",129,7,"94,85",12,"8,11",0,12,"8,11"
410337,BRASILÂNDIA DO SUL,PR,11/2022,144,133,"92,36",129,4,"96,99",11,"7,64",1,10,"6,94"
410340,CAFEARA,PR,11/2022,104,97,"93,27",87,10,"89,69",7,"6,73",1,6,"5,77"
410340,CAFEARA,PR,09/2022,105,99,"94,29",99,0,"100,00",6,"5,71",1,5,"4,76"
410340,CAFEARA,PR,07/2022,96,94,"97,92",94,0,"100,00",2,"2,08",0,2,"2,08"
410345,CAFELÂNDIA,PR,07/2022,505,488,"96,63",432,56,"88,52",17,"3,37",3,14,"2,77"
410345,CAFELÂNDIA,PR,09/2022,592,568,"95,95",543,25,"95,60",24,"4,05",8,16,"2,70"
410345,CAFELÂNDIA,PR,11/2022,604,574,"95,03",551,23,"95,99",30,"4,97",4,26,"4,30"
410347,CAFEZAL DO SUL,PR,11/2022,159,113,"71,07",110,3,"97,35",46,"28,93",0,46,"28,93"
410347,CAFEZAL DO SUL,PR,07/2022,160,109,"68,13",109,0,"100,00",51,"31,88",7,44,"27,50"
410347,CAFEZAL DO SUL,PR,09/2022,160,103,"64,38",103,0,"100,00",57,"35,63",11,46,"28,75"
410350,CALIFÓRNIA,PR,09/2022,438,423,"96,58",389,34,"91,96",15,"3,42",2,13,"2,97"
410350,CALIFÓRNIA,PR,07/2022,420,407,"96,90",405,2,"99,51",13,"3,10",4,9,"2,14"
410350,CALIFÓRNIA,PR,11/2022,444,425,"95,72",402,23,"94,59",19,"4,28",2,17,"3,83"
410360,CAMBARÁ,PR,11/2022,1262,1023,"81,06",997,26,"97,46",239,"18,94",43,196,"15,53"
410360,CAMBARÁ,PR,07/2022,1338,1086,"81,17",1035,51,"95,30",252,"18,83",40,212,"15,84"
410360,CAMBARÁ,PR,09/2022,1334,1071,"80,28",1033,38,"96,45",263,"19,72",55,208,"15,59"
410370,CAMBÉ,PR,07/2022,3089,2629,"85,11",2556,73,"97,22",460,"14,89",15,445,"14,41"
410370,CAMBÉ,PR,09/2022,3287,2837,"86,31",2640,197,"93,06",450,"13,69",10,440,"13,39"
410370,CAMBÉ,PR,11/2022,3205,2866,"89,42",2698,168,"94,14",339,"10,58",79,260,"8,11"
410380,CAMBIRA,PR,11/2022,401,327,"81,55",311,16,"95,11",74,"18,45",0,74,"18,45"
410380,CAMBIRA,PR,07/2022,364,265,"72,80",253,12,"95,47",99,"27,20",8,91,"25,00"
410380,CAMBIRA,PR,09/2022,397,318,"80,10",305,13,"95,91",79,"19,90",2,77,"19,40"
410390,CAMPINA DA LAGOA,PR,09/2022,770,608,"78,96",545,63,"89,64",162,"21,04",39,123,"15,97"
410390,CAMPINA DA LAGOA,PR,07/2022,762,594,"77,95",544,50,"91,58",168,"22,05",35,133,"17,45"
410390,CAMPINA DA LAGOA,PR,11/2022,761,622,"81,73",592,30,"95,18",139,"18,27",37,102,"13,40"
410395,CAMPINA DO SIMÃO,PR,11/2022,300,294,"98,00",276,18,"93,88",6,"2,00",0,6,"2,00"
410395,CAMPINA DO SIMÃO,PR,09/2022,300,289,"96,33",254,35,"87,89",11,"3,67",0,11,"3,67"
410395,CAMPINA DO SIMÃO,PR,07/2022,307,296,"96,42",294,2,"99,32",11,"3,58",2,9,"2,93"
410400,CAMPINA GRANDE DO SUL,PR,09/2022,2533,1993,"78,68",1978,15,"99,25",540,"21,32",52,488,"19,27"
410400,CAMPINA GRANDE DO SUL,PR,07/2022,2277,1623,"71,28",1618,5,"99,69",654,"28,72",35,619,"27,18"
410400,CAMPINA GRANDE DO SUL,PR,11/2022,2494,2083,"83,52",2076,7,"99,66",411,"16,48",47,364,"14,60"
410405,CAMPO BONITO,PR,11/2022,225,211,"93,78",207,4,"98,10",14,"6,22",0,14,"6,22"
410405,CAMPO BONITO,PR,09/2022,219,204,"93,15",204,0,"100,00",15,"6,85",0,15,"6,85"
410405,CAMPO BONITO,PR,07/2022,209,163,"77,99",163,0,"100,00",46,"22,01",26,20,"9,57"
410410,CAMPO DO TENENTE,PR,09/2022,721,677,"93,90",643,34,"94,98",44,"6,10",4,40,"5,55"
410410,CAMPO DO TENENTE,PR,07/2022,671,566,"84,35",557,9,"98,41",105,"15,65",6,99,"14,75"
410410,CAMPO DO TENENTE,PR,11/2022,710,631,"88,87",612,19,"96,99",79,"11,13",35,44,"6,20"
410420,CAMPO LARGO,PR,11/2022,4012,3121,"77,79",3003,118,"96,22",891,"22,21",280,611,"15,23"
410420,CAMPO LARGO,PR,07/2022,3913,2932,"74,93",2760,172,"94,13",981,"25,07",335,646,"16,51"
410420,CAMPO LARGO,PR,09/2022,4000,2896,"72,40",2830,66,"97,72",1104,"27,60",433,671,"16,78"
410425,CAMPO MAGRO,PR,07/2022,1128,1044,"92,55",992,52,"95,02",84,"7,45",37,47,"4,17"
410425,CAMPO MAGRO,PR,09/2022,1142,1075,"94,13",1020,55,"94,88",67,"5,87",26,41,"3,59"
410425,CAMPO MAGRO,PR,11/2022,1159,1087,"93,79",1033,54,"95,03",72,"6,21",25,47,"4,06"
410430,CAMPO MOURÃO,PR,11/2022,3367,2504,"74,37",2462,42,"98,32",863,"25,63",173,690,"20,49"
410430,CAMPO MOURÃO,PR,07/2022,3177,1988,"62,57",1961,27,"98,64",1189,"37,43",495,694,"21,84"
410430,CAMPO MOURÃO,PR,09/2022,3308,1811,"54,75",1767,44,"97,57",1497,"45,25",789,708,"21,40"
410440,CÂNDIDO DE ABREU,PR,09/2022,1013,710,"70,09",698,12,"98,31",303,"29,91",201,102,"10,07"
410440,CÂNDIDO DE ABREU,PR,07/2022,1032,926,"89,73",911,15,"98,38",106,"10,27",2,104,"10,08"
410440,CÂNDIDO DE ABREU,PR,11/2022,1042,936,"89,83",936,0,"100,00",106,"10,17",4,102,"9,79"
410442,CANDÓI,PR,11/2022,922,771,"83,62",750,21,"97,28",151,"16,38",76,75,"8,13"
410442,CANDÓI,PR,07/2022,945,884,"93,54",882,2,"99,77",61,"6,46",38,23,"2,43"
410442,CANDÓI,PR,09/2022,923,731,"79,20",716,15,"97,95",192,"20,80",108,84,"9,10"
410445,CANTAGALO,PR,07/2022,680,565,"83,09",547,18,"96,81",115,"16,91",10,105,"15,44"
410445,CANTAGALO,PR,09/2022,684,570,"83,33",547,23,"95,96",114,"16,67",6,108,"15,79"
410445,CANTAGALO,PR,11/2022,669,567,"84,75",556,11,"98,06",102,"15,25",6,96,"14,35"
410450,CAPANEMA,PR,11/2022,433,412,"95,15",394,18,"95,63",21,"4,85",1,20,"4,62"
410450,CAPANEMA,PR,09/2022,438,360,"82,19",347,13,"96,39",78,"17,81",5,73,"16,67"
410450,CAPANEMA,PR,07/2022,431,287,"66,59",279,8,"97,21",144,"33,41",70,74,"17,17"
410460,CAPITÃO LEÔNIDAS MARQUES,PR,07/2022,576,550,"95,49",549,1,"99,82",26,"4,51",7,19,"3,30"
410460,CAPITÃO LEÔNIDAS MARQUES,PR,09/2022,608,584,"96,05",582,2,"99,66",24,"3,95",7,17,"2,80"
410460,CAPITÃO LEÔNIDAS MARQUES,PR,11/2022,617,605,"98,06",603,2,"99,67",12,"1,94",3,9,"1,46"
410465,CARAMBEÍ,PR,11/2022,989,958,"96,87",893,65,"93,22",31,"3,13",1,30,"3,03"
410465,CARAMBEÍ,PR,09/2022,1022,962,"94,13",899,63,"93,45",60,"5,87",2,58,"5,68"
410465,CARAMBEÍ,PR,07/2022,1001,906,"90,51",811,95,"89,51",95,"9,49",9,86,"8,59"
410470,CARLÓPOLIS,PR,07/2022,684,607,"88,74",606,1,"99,84",77,"11,26",18,59,"8,63"
410470,CARLÓPOLIS,PR,09/2022,712,645,"90,59",645,0,"100,00",67,"9,41",6,61,"8,57"
410470,CARLÓPOLIS,PR,11/2022,702,538,"76,64",538,0,"100,00",164,"23,36",109,55,"7,83"
410480,CASCAVEL,PR,11/2022,7992,7720,"96,60",7419,301,"96,10",272,"3,40",93,179,"2,24"
410480,CASCAVEL,PR,07/2022,7785,7140,"91,71",7014,126,"98,24",645,"8,29",171,474,"6,09"
410480,CASCAVEL,PR,09/2022,7902,7575,"95,86",6897,678,"91,05",327,"4,14",127,200,"2,53"
410490,CASTRO,PR,09/2022,4015,3855,"96,01",3684,171,"95,56",160,"3,99",34,126,"3,14"
410490,CASTRO,PR,07/2022,4024,3910,"97,17",3562,348,"91,10",114,"2,83",7,107,"2,66"
410490,CASTRO,PR,11/2022,4070,3973,"97,62",3830,143,"96,40",97,"2,38",9,88,"2,16"
410500,CATANDUVAS,PR,11/2022,430,381,"88,60",369,12,"96,85",49,"11,40",7,42,"9,77"
410500,CATANDUVAS,PR,07/2022,462,365,"79,00",355,10,"97,26",97,"21,00",35,62,"13,42"
410500,CATANDUVAS,PR,09/2022,444,372,"83,78",363,9,"97,58",72,"16,22",9,63,"14,19"
410510,CENTENÁRIO DO SUL,PR,09/2022,465,442,"95,05",402,40,"90,95",23,"4,95",13,10,"2,15"
410510,CENTENÁRIO DO SUL,PR,07/2022,457,442,"96,72",431,11,"97,51",15,"3,28",3,12,"2,63"
410510,CENTENÁRIO DO SUL,PR,11/2022,454,438,"96,48",415,23,"94,75",16,"3,52",4,12,"2,64"
410520,CERRO AZUL,PR,11/2022,1412,1241,"87,89",1222,19,"98,47",171,"12,11",29,142,"10,06"
410520,CERRO AZUL,PR,07/2022,1483,1161,"78,29",1157,4,"99,66",322,"21,71",184,138,"9,31"
410520,CERRO AZUL,PR,09/2022,1408,779,"55,33",750,29,"96,28",629,"44,67",449,180,"12,78"
410530,CÉU AZUL,PR,07/2022,169,159,"94,08",152,7,"95,60",10,"5,92",1,9,"5,33"
410530,CÉU AZUL,PR,09/2022,184,171,"92,93",169,2,"98,83",13,"7,07",6,7,"3,80"
410530,CÉU AZUL,PR,11/2022,170,162,"95,29",161,1,"99,38",8,"4,71",0,8,"4,71"
410540,CHOPINZINHO,PR,11/2022,863,809,"93,74",762,47,"94,19",54,"6,26",8,46,"5,33"
410540,CHOPINZINHO,PR,07/2022,870,804,"92,41",757,47,"94,15",66,"7,59",4,62,"7,13"
410540,CHOPINZINHO,PR,09/2022,865,799,"92,37",756,43,"94,62",66,"7,63",13,53,"6,13"
410550,CIANORTE,PR,07/2022,1749,1379,"78,85",1277,102,"92,60",370,"21,15",12,358,"20,47"
410550,CIANORTE,PR,09/2022,1833,1502,"81,94",1434,68,"95,47",331,"18,06",6,325,"17,73"
410550,CIANORTE,PR,11/2022,1779,1719,"96,63",1661,58,"96,63",60,"3,37",5,55,"3,09"
410560,CIDADE GAÚCHA,PR,11/2022,475,421,"88,63",410,11,"97,39",54,"11,37",0,54,"11,37"
410560,CIDADE GAÚCHA,PR,07/2022,445,380,"85,39",360,20,"94,74",65,"14,61",2,63,"14,16"
410560,CIDADE GAÚCHA,PR,09/2022,470,409,"87,02",386,23,"94,38",61,"12,98",2,59,"12,55"
410570,CLEVELÂNDIA,PR,09/2022,962,864,"89,81",823,41,"95,25",98,"10,19",15,83,"8,63"
410570,CLEVELÂNDIA,PR,07/2022,945,758,"80,21",749,9,"98,81",187,"19,79",118,69,"7,30"
410570,CLEVELÂNDIA,PR,11/2022,980,903,"92,14",875,28,"96,90",77,"7,86",2,75,"7,65"
410580,COLOMBO,PR,11/2022,10244,8846,"86,35",8554,292,"96,70",1398,"13,65",140,1258,"12,28"
410580,COLOMBO,PR,09/2022,10190,8628,"84,67",8243,385,"95,54",1562,"15,33",233,1329,"13,04"
410580,COLOMBO,PR,07/2022,9716,5275,"54,29",5155,120,"97,73",4441,"45,71",158,4283,"44,08"
410590,COLORADO,PR,07/2022,389,348,"89,46",324,24,"93,10",41,"10,54",1,40,"10,28"
410590,COLORADO,PR,09/2022,388,341,"87,89",322,19,"94,43",47,"12,11",1,46,"11,86"
410590,COLORADO,PR,11/2022,376,332,"88,30",332,0,"100,00",44,"11,70",0,44,"11,70"
410600,CONGONHINHAS,PR,11/2022,625,482,"77,12",482,0,"100,00",143,"22,88",1,142,"22,72"
410600,CONGONHINHAS,PR,07/2022,601,392,"65,22",385,7,"98,21",209,"34,78",51,158,"26,29"
410600,CONGONHINHAS,PR,09/2022,622,417,"67,04",417,0,"100,00",205,"32,96",60,145,"23,31"
410610,CONSELHEIRO MAIRINCK,PR,09/2022,193,172,"89,12",161,11,"93,60",21,"10,88",1,20,"10,36"
410610,CONSELHEIRO MAIRINCK,PR,07/2022,196,173,"88,27",155,18,"89,60",23,"11,73",2,21,"10,71"
410610,CONSELHEIRO MAIRINCK,PR,11/2022,189,170,"89,95",165,5,"97,06",19,"10,05",1,18,"9,52"
410620,CONTENDA,PR,11/2022,812,708,"87,19",662,46,"93,50",104,"12,81",3,101,"12,44"
410620,CONTENDA,PR,07/2022,767,675,"88,01",626,49,"92,74",92,"11,99",10,82,"10,69"
410620,CONTENDA,PR,09/2022,789,674,"85,42",631,43,"93,62",115,"14,58",26,89,"11,28"
410630,CORBÉLIA,PR,09/2022,538,466,"86,62",428,38,"91,85",72,"13,38",4,68,"12,64"
410630,CORBÉLIA,PR,07/2022,533,461,"86,49",447,14,"96,96",72,"13,51",4,68,"12,76"
410630,CORBÉLIA,PR,11/2022,544,476,"87,50",452,24,"94,96",68,"12,50",0,68,"12,50"
410640,CORNÉLIO PROCÓPIO,PR,11/2022,1022,969,"94,81",932,37,"96,18",53,"5,19",2,51,"4,99"
410640,CORNÉLIO PROCÓPIO,PR,09/2022,1017,942,"92,63",879,63,"93,31",75,"7,37",26,49,"4,82"
410640,CORNÉLIO PROCÓPIO,PR,07/2022,1008,793,"78,67",755,38,"95,21",215,"21,33",149,66,"6,55"
410645,CORONEL DOMINGOS SOARES,PR,09/2022,675,394,"58,37",394,0,"100,00",281,"41,63",25,256,"37,93"
410645,CORONEL DOMINGOS SOARES,PR,07/2022,627,129,"20,57",128,1,"99,22",498,"79,43",247,251,"40,03"
410645,CORONEL DOMINGOS SOARES,PR,11/2022,686,398,"58,02",398,0,"100,00",288,"41,98",16,272,"39,65"
410650,CORONEL VIVIDA,PR,11/2022,836,750,"89,71",723,27,"96,40",86,"10,29",1,85,"10,17"
410650,CORONEL VIVIDA,PR,07/2022,794,595,"74,94",585,10,"98,32",199,"25,06",103,96,"12,09"
410650,CORONEL VIVIDA,PR,09/2022,828,728,"87,92",703,25,"96,57",100,"12,08",5,95,"11,47"
410655,CORUMBATAÍ DO SUL,PR,09/2022,191,166,"86,91",163,3,"98,19",25,"13,09",0,25,"13,09"
410655,CORUMBATAÍ DO SUL,PR,07/2022,194,169,"87,11",164,5,"97,04",25,"12,89",0,25,"12,89"
410655,CORUMBATAÍ DO SUL,PR,11/2022,194,171,"88,14",162,9,"94,74",23,"11,86",0,23,"11,86"
410657,CRUZEIRO DO IGUAÇU,PR,11/2022,145,111,"76,55",109,2,"98,20",34,"23,45",28,6,"4,14"
410657,CRUZEIRO DO IGUAÇU,PR,09/2022,151,94,"62,25",94,0,"100,00",57,"37,75",51,6,"3,97"
410657,CRUZEIRO DO IGUAÇU,PR,07/2022,150,127,"84,67",125,2,"98,43",23,"15,33",19,4,"2,67"
410660,CRUZEIRO DO OESTE,PR,09/2022,795,698,"87,80",691,7,"99,00",97,"12,20",1,96,"12,08"
410660,CRUZEIRO DO OESTE,PR,07/2022,795,694,"87,30",692,2,"99,71",101,"12,70",2,99,"12,45"
410660,CRUZEIRO DO OESTE,PR,11/2022,799,704,"88,11",700,4,"99,43",95,"11,89",1,94,"11,76"
410670,CRUZEIRO DO SUL,PR,11/2022,193,168,"87,05",158,10,"94,05",25,"12,95",1,24,"12,44"
410670,CRUZEIRO DO SUL,PR,07/2022,201,172,"85,57",159,13,"92,44",29,"14,43",5,24,"11,94"
410670,CRUZEIRO DO SUL,PR,09/2022,203,173,"85,22",148,25,"85,55",30,"14,78",5,25,"12,32"
410680,CRUZ MACHADO,PR,07/2022,680,637,"93,68",632,5,"99,22",43,"6,32",7,36,"5,29"
410680,CRUZ MACHADO,PR,09/2022,639,612,"95,77",605,7,"98,86",27,"4,23",1,26,"4,07"
410680,CRUZ MACHADO,PR,11/2022,642,617,"96,11",608,9,"98,54",25,"3,89",0,25,"3,89"
410685,CRUZMALTINA,PR,11/2022,163,159,"97,55",159,0,"100,00",4,"2,45",0,4,"2,45"
410685,CRUZMALTINA,PR,07/2022,157,150,"95,54",147,3,"98,00",7,"4,46",3,4,"2,55"
410685,CRUZMALTINA,PR,09/2022,161,158,"98,14",156,2,"98,73",3,"1,86",0,3,"1,86"
410690,CURITIBA,PR,09/2022,37310,25585,"68,57",23979,1606,"93,72",11725,"31,43",3635,8090,"21,68"
410690,CURITIBA,PR,07/2022,36535,24454,"66,93",22858,1596,"93,47",12081,"33,07",2840,9241,"25,29"
410690,CURITIBA,PR,11/2022,37307,27471,"73,63",26025,1446,"94,74",9836,"26,37",4373,5463,"14,64"
410700,CURIÚVA,PR,11/2022,776,762,"98,20",756,6,"99,21",14,"1,80",0,14,"1,80"
410700,CURIÚVA,PR,07/2022,808,784,"97,03",770,14,"98,21",24,"2,97",4,20,"2,48"
410700,CURIÚVA,PR,09/2022,801,771,"96,25",750,21,"97,28",30,"3,75",8,22,"2,75"
410710,DIAMANTE DO NORTE,PR,07/2022,241,233,"96,68",225,8,"96,57",8,"3,32",1,7,"2,90"
410710,DIAMANTE DO NORTE,PR,09/2022,241,234,"97,10",219,15,"93,59",7,"2,90",0,7,"2,90"
410710,DIAMANTE DO NORTE,PR,11/2022,233,227,"97,42",219,8,"96,48",6,"2,58",0,6,"2,58"
410712,DIAMANTE DO SUL,PR,11/2022,224,219,"97,77",214,5,"97,72",5,"2,23",1,4,"1,79"
410712,DIAMANTE DO SUL,PR,07/2022,228,213,"93,42",211,2,"99,06",15,"6,58",6,9,"3,95"
410712,DIAMANTE DO SUL,PR,09/2022,221,214,"96,83",213,1,"99,53",7,"3,17",1,6,"2,71"
410715,DIAMANTE D´OESTE,PR,09/2022,247,233,"94,33",220,13,"94,42",14,"5,67",4,10,"4,05"
410715,DIAMANTE D´OESTE,PR,07/2022,270,235,"87,04",235,0,"100,00",35,"12,96",0,35,"12,96"
410715,DIAMANTE D´OESTE,PR,11/2022,236,227,"96,19",221,6,"97,36",9,"3,81",2,7,"2,97"
410720,DOIS VIZINHOS,PR,11/2022,1115,882,"79,10",868,14,"98,41",233,"20,90",7,226,"20,27"
410720,DOIS VIZINHOS,PR,09/2022,1091,652,"59,76",638,14,"97,85",439,"40,24",201,238,"21,81"
410720,DOIS VIZINHOS,PR,07/2022,1091,808,"74,06",782,26,"96,78",283,"25,94",45,238,"21,81"
410725,DOURADINA,PR,07/2022,216,205,"94,91",201,4,"98,05",11,"5,09",0,11,"5,09"
410725,DOURADINA,PR,09/2022,229,221,"96,51",221,0,"100,00",8,"3,49",0,8,"3,49"
410725,DOURADINA,PR,11/2022,225,217,"96,44",217,0,"100,00",8,"3,56",0,8,"3,56"
410730,DOUTOR CAMARGO,PR,11/2022,167,132,"79,04",123,9,"93,18",35,"20,96",1,34,"20,36"
410730,DOUTOR CAMARGO,PR,07/2022,189,143,"75,66",136,7,"95,10",46,"24,34",2,44,"23,28"
410730,DOUTOR CAMARGO,PR,09/2022,179,138,"77,09",128,10,"92,75",41,"22,91",2,39,"21,79"
410740,ENÉAS MARQUES,PR,09/2022,295,216,"73,22",214,2,"99,07",79,"26,78",1,78,"26,44"
410740,ENÉAS MARQUES,PR,07/2022,282,204,"72,34",202,2,"99,02",78,"27,66",5,73,"25,89"
410740,ENÉAS MARQUES,PR,11/2022,298,222,"74,50",219,3,"98,65",76,"25,50",2,74,"24,83"
410750,ENGENHEIRO BELTRÃO,PR,11/2022,575,499,"86,78",486,13,"97,39",76,"13,22",6,70,"12,17"
410750,ENGENHEIRO BELTRÃO,PR,07/2022,549,489,"89,07",477,12,"97,55",60,"10,93",6,54,"9,84"
410750,ENGENHEIRO BELTRÃO,PR,09/2022,585,498,"85,13",482,16,"96,79",87,"14,87",26,61,"10,43"
410752,ESPERANÇA NOVA,PR,07/2022,100,80,"80,00",80,0,"100,00",20,"20,00",0,20,"20,00"
410752,ESPERANÇA NOVA,PR,09/2022,99,82,"82,83",82,0,"100,00",17,"17,17",0,17,"17,17"
410752,ESPERANÇA NOVA,PR,11/2022,86,71,"82,56",71,0,"100,00",15,"17,44",0,15,"17,44"
410753,ENTRE RIOS DO OESTE,PR,11/2022,101,74,"73,27",73,1,"98,65",27,"26,73",5,22,"21,78"
410753,ENTRE RIOS DO OESTE,PR,07/2022,85,60,"70,59",54,6,"90,00",25,"29,41",11,14,"16,47"
410753,ENTRE RIOS DO OESTE,PR,09/2022,99,77,"77,78",73,4,"94,81",22,"22,22",0,22,"22,22"
410754,ESPIGÃO ALTO DO IGUAÇU,PR,09/2022,482,324,"67,22",324,0,"100,00",158,"32,78",9,149,"30,91"
410754,ESPIGÃO ALTO DO IGUAÇU,PR,07/2022,469,308,"65,67",303,5,"98,38",161,"34,33",8,153,"32,62"
410754,ESPIGÃO ALTO DO IGUAÇU,PR,11/2022,471,376,"79,83",373,3,"99,20",95,"20,17",12,83,"17,62"
410755,FAROL,PR,11/2022,122,113,"92,62",110,3,"97,35",9,"7,38",3,6,"4,92"
410755,FAROL,PR,07/2022,125,111,"88,80",104,7,"93,69",14,"11,20",5,9,"7,20"
410755,FAROL,PR,09/2022,129,114,"88,37",109,5,"95,61",15,"11,63",8,7,"5,43"
410760,FAXINAL,PR,09/2022,1077,1053,"97,77",996,57,"94,59",24,"2,23",6,18,"1,67"
410760,FAXINAL,PR,07/2022,1051,1003,"95,43",958,45,"95,51",48,"4,57",6,42,"4,00"
410760,FAXINAL,PR,11/2022,1079,1062,"98,42",1026,36,"96,61",17,"1,58",1,16,"1,48"
410765,FAZENDA RIO GRANDE,PR,11/2022,5777,4083,"70,68",3873,210,"94,86",1694,"29,32",272,1422,"24,61"
410765,FAZENDA RIO GRANDE,PR,07/2022,4867,3494,"71,79",3168,326,"90,67",1373,"28,21",129,1244,"25,56"
410765,FAZENDA RIO GRANDE,PR,09/2022,5603,3986,"71,14",3735,251,"93,70",1617,"28,86",226,1391,"24,83"
410770,FÊNIX,PR,07/2022,257,205,"79,77",202,3,"98,54",52,"20,23",32,20,"7,78"
410770,FÊNIX,PR,09/2022,256,230,"89,84",229,1,"99,57",26,"10,16",6,20,"7,81"
410770,FÊNIX,PR,11/2022,245,231,"94,29",229,2,"99,13",14,"5,71",5,9,"3,67"
410773,FERNANDES PINHEIRO,PR,11/2022,472,468,"99,15",461,7,"98,50",4,"0,85",1,3,"0,64"
410773,FERNANDES PINHEIRO,PR,09/2022,469,462,"98,51",443,19,"95,89",7,"1,49",3,4,"0,85"
410773,FERNANDES PINHEIRO,PR,07/2022,478,441,"92,26",424,17,"96,15",37,"7,74",29,8,"1,67"
410775,FIGUEIRA,PR,09/2022,513,313,"61,01",310,3,"99,04",200,"38,99",5,195,"38,01"
410775,FIGUEIRA,PR,07/2022,509,310,"60,90",310,0,"100,00",199,"39,10",0,199,"39,10"
410775,FIGUEIRA,PR,11/2022,521,335,"64,30",333,2,"99,40",186,"35,70",2,184,"35,32"
410780,FLORAÍ,PR,11/2022,133,126,"94,74",114,12,"90,48",7,"5,26",2,5,"3,76"
410780,FLORAÍ,PR,09/2022,131,123,"93,89",118,5,"95,93",8,"6,11",5,3,"2,29"
410780,FLORAÍ,PR,07/2022,133,119,"89,47",119,0,"100,00",14,"10,53",3,11,"8,27"
410785,FLOR DA SERRA DO SUL,PR,09/2022,228,213,"93,42",213,0,"100,00",15,"6,58",0,15,"6,58"
410785,FLOR DA SERRA DO SUL,PR,07/2022,217,193,"88,94",193,0,"100,00",24,"11,06",7,17,"7,83"
410785,FLOR DA SERRA DO SUL,PR,11/2022,222,212,"95,50",210,2,"99,06",10,"4,50",0,10,"4,50"
410790,FLORESTA,PR,11/2022,371,356,"95,96",344,12,"96,63",15,"4,04",2,13,"3,50"
410790,FLORESTA,PR,07/2022,313,267,"85,30",265,2,"99,25",46,"14,70",9,37,"11,82"
410790,FLORESTA,PR,09/2022,362,336,"92,82",334,2,"99,40",26,"7,18",13,13,"3,59"
410800,FLORESTÓPOLIS,PR,09/2022,791,679,"85,84",660,19,"97,20",112,"14,16",9,103,"13,02"
410800,FLORESTÓPOLIS,PR,07/2022,809,750,"92,71",737,13,"98,27",59,"7,29",17,42,"5,19"
410800,FLORESTÓPOLIS,PR,11/2022,757,710,"93,79",686,24,"96,62",47,"6,21",2,45,"5,94"
410810,FLÓRIDA,PR,11/2022,124,117,"94,35",117,0,"100,00",7,"5,65",1,6,"4,84"
410810,FLÓRIDA,PR,09/2022,114,97,"85,09",97,0,"100,00",17,"14,91",2,15,"13,16"
410810,FLÓRIDA,PR,07/2022,91,0,"0,00",0,0,,91,"100,00",82,9,"9,89"
410820,FORMOSA DO OESTE,PR,07/2022,151,116,"76,82",116,0,"100,00",35,"23,18",14,21,"13,91"
410820,FORMOSA DO OESTE,PR,09/2022,150,115,"76,67",107,8,"93,04",35,"23,33",14,21,"14,00"
410820,FORMOSA DO OESTE,PR,11/2022,157,124,"78,98",123,1,"99,19",33,"21,02",19,14,"8,92"
410830,FOZ DO IGUAÇU,PR,11/2022,13173,11850,"89,96",11399,451,"96,19",1323,"10,04",525,798,"6,06"
410830,FOZ DO IGUAÇU,PR,07/2022,12568,9280,"73,84",8832,448,"95,17",3288,"26,16",2377,911,"7,25"
410830,FOZ DO IGUAÇU,PR,09/2022,12846,10117,"78,76",9515,602,"94,05",2729,"21,24",2076,653,"5,08"
410832,FRANCISCO ALVES,PR,07/2022,438,333,"76,03",333,0,"100,00",105,"23,97",1,104,"23,74"
410832,FRANCISCO ALVES,PR,09/2022,432,377,"87,27",377,0,"100,00",55,"12,73",8,47,"10,88"
410832,FRANCISCO ALVES,PR,11/2022,415,375,"90,36",375,0,"100,00",40,"9,64",0,40,"9,64"
410840,FRANCISCO BELTRÃO,PR,11/2022,2283,2188,"95,84",2088,100,"95,43",95,"4,16",5,90,"3,94"
410840,FRANCISCO BELTRÃO,PR,09/2022,2294,2203,"96,03",2145,58,"97,37",91,"3,97",9,82,"3,57"
410840,FRANCISCO BELTRÃO,PR,07/2022,2248,2168,"96,44",2068,100,"95,39",80,"3,56",10,70,"3,11"
410845,FOZ DO JORDÃO,PR,07/2022,310,260,"83,87",257,3,"98,85",50,"16,13",2,48,"15,48"
410845,FOZ DO JORDÃO,PR,09/2022,297,248,"83,50",244,4,"98,39",49,"16,50",10,39,"13,13"
410845,FOZ DO JORDÃO,PR,11/2022,322,278,"86,34",276,2,"99,28",44,"13,66",10,34,"10,56"
410850,GENERAL CARNEIRO,PR,11/2022,944,783,"82,94",760,23,"97,06",161,"17,06",2,159,"16,84"
410850,GENERAL CARNEIRO,PR,09/2022,957,781,"81,61",749,32,"95,90",176,"18,39",4,172,"17,97"
410850,GENERAL CARNEIRO,PR,07/2022,967,736,"76,11",712,24,"96,74",231,"23,89",25,206,"21,30"
410855,GODOY MOREIRA,PR,07/2022,183,161,"87,98",155,6,"96,27",22,"12,02",1,21,"11,48"
410855,GODOY MOREIRA,PR,09/2022,181,160,"88,40",157,3,"98,13",21,"11,60",1,20,"11,05"
410855,GODOY MOREIRA,PR,11/2022,169,138,"81,66",138,0,"100,00",31,"18,34",11,20,"11,83"
410860,GOIOERÊ,PR,11/2022,1409,1329,"94,32",1272,57,"95,71",80,"5,68",6,74,"5,25"
410860,GOIOERÊ,PR,07/2022,1363,1245,"91,34",1133,112,"91,00",118,"8,66",10,108,"7,92"
410860,GOIOERÊ,PR,09/2022,1428,1317,"92,23",1134,183,"86,10",111,"7,77",15,96,"6,72"
410865,GOIOXIM,PR,09/2022,579,449,"77,55",449,0,"100,00",130,"22,45",7,123,"21,24"
410865,GOIOXIM,PR,07/2022,610,450,"73,77",450,0,"100,00",160,"26,23",2,158,"25,90"
410865,GOIOXIM,PR,11/2022,556,443,"79,68",435,8,"98,19",113,"20,32",37,76,"13,67"
410870,GRANDES RIOS,PR,11/2022,421,324,"76,96",319,5,"98,46",97,"23,04",8,89,"21,14"
410870,GRANDES RIOS,PR,09/2022,440,316,"71,82",310,6,"98,10",124,"28,18",29,95,"21,59"
410870,GRANDES RIOS,PR,07/2022,466,368,"78,97",365,3,"99,18",98,"21,03",6,92,"19,74"
410880,GUAÍRA,PR,07/2022,1244,873,"70,18",855,18,"97,94",371,"29,82",118,253,"20,34"
410880,GUAÍRA,PR,09/2022,1237,967,"78,17",936,31,"96,79",270,"21,83",7,263,"21,26"
410880,GUAÍRA,PR,11/2022,1230,1134,"92,20",1083,51,"95,50",96,"7,80",3,93,"7,56"
410890,GUAIRAÇÁ,PR,11/2022,370,338,"91,35",337,1,"99,70",32,"8,65",2,30,"8,11"
410890,GUAIRAÇÁ,PR,07/2022,332,305,"91,87",305,0,"100,00",27,"8,13",1,26,"7,83"
410890,GUAIRAÇÁ,PR,09/2022,367,330,"89,92",329,1,"99,70",37,"10,08",5,32,"8,72"
410895,GUAMIRANGA,PR,09/2022,411,403,"98,05",376,27,"93,30",8,"1,95",1,7,"1,70"
410895,GUAMIRANGA,PR,07/2022,421,409,"97,15",377,32,"92,18",12,"2,85",5,7,"1,66"
410895,GUAMIRANGA,PR,11/2022,407,398,"97,79",383,15,"96,23",9,"2,21",1,8,"1,97"
410900,GUAPIRAMA,PR,11/2022,197,163,"82,74",155,8,"95,09",34,"17,26",1,33,"16,75"
410900,GUAPIRAMA,PR,09/2022,205,164,"80,00",149,15,"90,85",41,"20,00",4,37,"18,05"
410900,GUAPIRAMA,PR,07/2022,214,181,"84,58",176,5,"97,24",33,"15,42",1,32,"14,95"
410910,GUAPOREMA,PR,07/2022,87,76,"87,36",72,4,"94,74",11,"12,64",6,5,"5,75"
410910,GUAPOREMA,PR,09/2022,85,80,"94,12",64,16,"80,00",5,"5,88",3,2,"2,35"
410910,GUAPOREMA,PR,11/2022,81,78,"96,30",76,2,"97,44",3,"3,70",3,0,"0,00"
410920,GUARACI,PR,11/2022,215,163,"75,81",132,31,"80,98",52,"24,19",3,49,"22,79"
410920,GUARACI,PR,07/2022,207,157,"75,85",147,10,"93,63",50,"24,15",4,46,"22,22"
410920,GUARACI,PR,09/2022,232,168,"72,41",154,14,"91,67",64,"27,59",11,53,"22,84"
410930,GUARANIAÇU,PR,09/2022,436,417,"95,64",389,28,"93,29",19,"4,36",4,15,"3,44"
410930,GUARANIAÇU,PR,07/2022,455,430,"94,51",424,6,"98,60",25,"5,49",5,20,"4,40"
410930,GUARANIAÇU,PR,11/2022,439,419,"95,44",407,12,"97,14",20,"4,56",1,19,"4,33"
410940,GUARAPUAVA,PR,11/2022,8398,7182,"85,52",6789,393,"94,53",1216,"14,48",102,1114,"13,27"
410940,GUARAPUAVA,PR,09/2022,8295,7029,"84,74",6939,90,"98,72",1266,"15,26",33,1233,"14,86"
410940,GUARAPUAVA,PR,07/2022,8241,6936,"84,16",6924,12,"99,83",1305,"15,84",47,1258,"15,27"
410950,GUARAQUEÇABA,PR,09/2022,855,173,"20,23",167,6,"96,53",682,"79,77",521,161,"18,83"
410950,GUARAQUEÇABA,PR,07/2022,856,456,"53,27",441,15,"96,71",400,"46,73",237,163,"19,04"
410950,GUARAQUEÇABA,PR,11/2022,846,666,"78,72",655,11,"98,35",180,"21,28",119,61,"7,21"
410960,GUARATUBA,PR,11/2022,2961,2585,"87,30",2453,132,"94,89",376,"12,70",68,308,"10,40"
410960,GUARATUBA,PR,09/2022,2872,1976,"68,80",1860,116,"94,13",896,"31,20",403,493,"17,17"
410960,GUARATUBA,PR,07/2022,2755,2033,"73,79",2011,22,"98,92",722,"26,21",35,687,"24,94"
410965,HONÓRIO SERPA,PR,09/2022,341,279,"81,82",278,1,"99,64",62,"18,18",5,57,"16,72"
410965,HONÓRIO SERPA,PR,07/2022,350,269,"76,86",269,0,"100,00",81,"23,14",21,60,"17,14"
410965,HONÓRIO SERPA,PR,11/2022,338,314,"92,90",313,1,"99,68",24,"7,10",5,19,"5,62"
410970,IBAITI,PR,11/2022,1005,977,"97,21",958,19,"98,06",28,"2,79",2,26,"2,59"
410970,IBAITI,PR,09/2022,1024,964,"94,14",897,67,"93,05",60,"5,86",25,35,"3,42"
410970,IBAITI,PR,07/2022,1007,971,"96,43",947,24,"97,53",36,"3,57",5,31,"3,08"
410975,IBEMA,PR,09/2022,451,393,"87,14",383,10,"97,46",58,"12,86",2,56,"12,42"
410975,IBEMA,PR,07/2022,432,370,"85,65",365,5,"98,65",62,"14,35",3,59,"13,66"
410975,IBEMA,PR,11/2022,433,415,"95,84",414,1,"99,76",18,"4,16",0,18,"4,16"
410980,IBIPORÃ,PR,11/2022,2244,2117,"94,34",2038,79,"96,27",127,"5,66",2,125,"5,57"
410980,IBIPORÃ,PR,07/2022,2218,1800,"81,15",1672,128,"92,89",418,"18,85",159,259,"11,68"
410980,IBIPORÃ,PR,09/2022,2235,1911,"85,50",1821,90,"95,29",324,"14,50",78,246,"11,01"
410990,ICARAÍMA,PR,07/2022,439,373,"84,97",338,35,"90,62",66,"15,03",2,64,"14,58"
410990,ICARAÍMA,PR,09/2022,433,373,"86,14",331,42,"88,74",60,"13,86",2,58,"13,39"
410990,ICARAÍMA,PR,11/2022,432,374,"86,57",357,17,"95,45",58,"13,43",2,56,"12,96"
411000,IGUARAÇU,PR,11/2022,229,207,"90,39",207,0,"100,00",22,"9,61",0,22,"9,61"
411000,IGUARAÇU,PR,09/2022,224,198,"88,39",198,0,"100,00",26,"11,61",1,25,"11,16"
411000,IGUARAÇU,PR,07/2022,204,180,"88,24",180,0,"100,00",24,"11,76",2,22,"10,78"
411005,IGUATU,PR,07/2022,65,55,"84,62",54,1,"98,18",10,"15,38",1,9,"13,85"
411005,IGUATU,PR,09/2022,68,51,"75,00",51,0,"100,00",17,"25,00",8,9,"13,24"
411005,IGUATU,PR,11/2022,72,55,"76,39",52,3,"94,55",17,"23,61",8,9,"12,50"
411007,IMBAÚ,PR,11/2022,804,775,"96,39",759,16,"97,94",29,"3,61",0,29,"3,61"
411007,IMBAÚ,PR,07/2022,838,797,"95,11",763,34,"95,73",41,"4,89",6,35,"4,18"
411007,IMBAÚ,PR,09/2022,821,772,"94,03",724,48,"93,78",49,"5,97",20,29,"3,53"
411010,IMBITUVA,PR,09/2022,1281,918,"71,66",863,55,"94,01",363,"28,34",121,242,"18,89"
411010,IMBITUVA,PR,07/2022,1231,807,"65,56",788,19,"97,65",424,"34,44",149,275,"22,34"
411010,IMBITUVA,PR,11/2022,1281,1146,"89,46",1134,12,"98,95",135,"10,54",69,66,"5,15"
411020,INÁCIO MARTINS,PR,11/2022,908,851,"93,72",837,14,"98,35",57,"6,28",9,48,"5,29"
411020,INÁCIO MARTINS,PR,09/2022,919,644,"70,08",619,25,"96,12",275,"29,92",13,262,"28,51"
411020,INÁCIO MARTINS,PR,07/2022,934,657,"70,34",626,31,"95,28",277,"29,66",10,267,"28,59"
411030,INAJÁ,PR,07/2022,146,118,"80,82",118,0,"100,00",28,"19,18",0,28,"19,18"
411030,INAJÁ,PR,09/2022,151,121,"80,13",121,0,"100,00",30,"19,87",2,28,"18,54"
411030,INAJÁ,PR,11/2022,143,139,"97,20",136,3,"97,84",4,"2,80",0,4,"2,80"
411040,INDIANÓPOLIS,PR,11/2022,165,154,"93,33",154,0,"100,00",11,"6,67",8,3,"1,82"
411040,INDIANÓPOLIS,PR,07/2022,151,123,"81,46",123,0,"100,00",28,"18,54",7,21,"13,91"
411040,INDIANÓPOLIS,PR,09/2022,165,125,"75,76",125,0,"100,00",40,"24,24",21,19,"11,52"
411050,IPIRANGA,PR,07/2022,574,559,"97,39",547,12,"97,85",15,"2,61",6,9,"1,57"
411050,IPIRANGA,PR,09/2022,561,553,"98,57",543,10,"98,19",8,"1,43",2,6,"1,07"
411050,IPIRANGA,PR,11/2022,540,534,"98,89",525,9,"98,31",6,"1,11",2,4,"0,74"
411060,IPORÃ,PR,11/2022,514,476,"92,61",460,16,"96,64",38,"7,39",1,37,"7,20"
411060,IPORÃ,PR,09/2022,515,463,"89,90",432,31,"93,30",52,"10,10",3,49,"9,51"
411060,IPORÃ,PR,07/2022,489,442,"90,39",424,18,"95,93",47,"9,61",4,43,"8,79"
411065,IRACEMA DO OESTE,PR,07/2022,102,92,"90,20",92,0,"100,00",10,"9,80",1,9,"8,82"
411065,IRACEMA DO OESTE,PR,09/2022,99,86,"86,87",81,5,"94,19",13,"13,13",8,5,"5,05"
411065,IRACEMA DO OESTE,PR,11/2022,87,77,"88,51",73,4,"94,81",10,"11,49",0,10,"11,49"
411070,IRATI,PR,11/2022,2575,2485,"96,50",2438,47,"98,11",90,"3,50",22,68,"2,64"
411070,IRATI,PR,07/2022,2494,2323,"93,14",2219,104,"95,52",171,"6,86",114,57,"2,29"
411070,IRATI,PR,09/2022,2596,2477,"95,42",2408,69,"97,21",119,"4,58",48,71,"2,73"
411080,IRETAMA,PR,07/2022,637,618,"97,02",618,0,"100,00",19,"2,98",11,8,"1,26"
411080,IRETAMA,PR,09/2022,601,589,"98,00",584,5,"99,15",12,"2,00",7,5,"0,83"
411080,IRETAMA,PR,11/2022,591,578,"97,80",577,1,"99,83",13,"2,20",5,8,"1,35"
411090,ITAGUAJÉ,PR,11/2022,164,143,"87,20",134,9,"93,71",21,"12,80",0,21,"12,80"
411090,ITAGUAJÉ,PR,07/2022,163,118,"72,39",113,5,"95,76",45,"27,61",1,44,"26,99"
411090,ITAGUAJÉ,PR,09/2022,175,123,"70,29",110,13,"89,43",52,"29,71",2,50,"28,57"
411095,ITAIPULÂNDIA,PR,07/2022,288,271,"94,10",260,11,"95,94",17,"5,90",1,16,"5,56"
411095,ITAIPULÂNDIA,PR,09/2022,320,293,"91,56",280,13,"95,56",27,"8,44",6,21,"6,56"
411095,ITAIPULÂNDIA,PR,11/2022,312,303,"97,12",289,14,"95,38",9,"2,88",0,9,"2,88"
411100,ITAMBARACÁ,PR,11/2022,272,246,"90,44",238,8,"96,75",26,"9,56",14,12,"4,41"
411100,ITAMBARACÁ,PR,09/2022,283,244,"86,22",237,7,"97,13",39,"13,78",4,35,"12,37"
411100,ITAMBARACÁ,PR,07/2022,277,146,"52,71",144,2,"98,63",131,"47,29",94,37,"13,36"
411110,ITAMBÉ,PR,07/2022,65,55,"84,62",55,0,"100,00",10,"15,38",1,9,"13,85"
411110,ITAMBÉ,PR,09/2022,62,37,"59,68",37,0,"100,00",25,"40,32",17,8,"12,90"
411110,ITAMBÉ,PR,11/2022,73,63,"86,30",63,0,"100,00",10,"13,70",1,9,"12,33"
411120,ITAPEJARA D´OESTE,PR,11/2022,535,483,"90,28",457,26,"94,62",52,"9,72",22,30,"5,61"
411120,ITAPEJARA D´OESTE,PR,07/2022,489,438,"89,57",415,23,"94,75",51,"10,43",25,26,"5,32"
411120,ITAPEJARA D´OESTE,PR,09/2022,507,470,"92,70",442,28,"94,04",37,"7,30",9,28,"5,52"
411125,ITAPERUÇU,PR,07/2022,2222,2158,"97,12",2096,62,"97,13",64,"2,88",45,19,"0,86"
411125,ITAPERUÇU,PR,09/2022,2296,2249,"97,95",2151,98,"95,64",47,"2,05",21,26,"1,13"
411125,ITAPERUÇU,PR,11/2022,2265,2215,"97,79",2138,77,"96,52",50,"2,21",30,20,"0,88"
411130,ITAÚNA DO SUL,PR,11/2022,202,189,"93,56",186,3,"98,41",13,"6,44",1,12,"5,94"
411130,ITAÚNA DO SUL,PR,07/2022,221,185,"83,71",179,6,"96,76",36,"16,29",9,27,"12,22"
411130,ITAÚNA DO SUL,PR,09/2022,215,184,"85,58",174,10,"94,57",31,"14,42",6,25,"11,63"
411140,IVAÍ,PR,07/2022,913,902,"98,80",895,7,"99,22",11,"1,20",7,4,"0,44"
411140,IVAÍ,PR,09/2022,898,889,"99,00",883,6,"99,33",9,"1,00",5,4,"0,45"
411140,IVAÍ,PR,11/2022,864,858,"99,31",853,5,"99,42",6,"0,69",4,2,"0,23"
411150,IVAIPORÃ,PR,11/2022,744,685,"92,07",660,25,"96,35",59,"7,93",35,24,"3,23"
411150,IVAIPORÃ,PR,09/2022,753,718,"95,35",697,21,"97,08",35,"4,65",11,24,"3,19"
411150,IVAIPORÃ,PR,07/2022,724,689,"95,17",680,9,"98,69",35,"4,83",11,24,"3,31"
411155,IVATÉ,PR,09/2022,258,253,"98,06",240,13,"94,86",5,"1,94",1,4,"1,55"
411155,IVATÉ,PR,07/2022,259,247,"95,37",242,5,"97,98",12,"4,63",0,12,"4,63"
411155,IVATÉ,PR,11/2022,260,257,"98,85",250,7,"97,28",3,"1,15",0,3,"1,15"
411160,IVATUBA,PR,11/2022,86,83,"96,51",83,0,"100,00",3,"3,49",0,3,"3,49"
411160,IVATUBA,PR,09/2022,87,87,"100,00",87,0,"100,00",0,"0,00",0,0,"0,00"
411160,IVATUBA,PR,07/2022,84,82,"97,62",82,0,"100,00",2,"2,38",2,0,"0,00"
411170,JABOTI,PR,09/2022,280,233,"83,21",233,0,"100,00",47,"16,79",19,28,"10,00"
411170,JABOTI,PR,07/2022,265,231,"87,17",230,1,"99,57",34,"12,83",6,28,"10,57"
411170,JABOTI,PR,11/2022,282,266,"94,33",263,3,"98,87",16,"5,67",5,11,"3,90"
411180,JACAREZINHO,PR,11/2022,2085,1997,"95,78",1941,56,"97,20",88,"4,22",4,84,"4,03"
411180,JACAREZINHO,PR,07/2022,1989,1879,"94,47",1829,50,"97,34",110,"5,53",6,104,"5,23"
411180,JACAREZINHO,PR,09/2022,2079,1977,"95,09",1917,60,"96,97",102,"4,91",5,97,"4,67"
411190,JAGUAPITÃ,PR,07/2022,501,304,"60,68",284,20,"93,42",197,"39,32",25,172,"34,33"
411190,JAGUAPITÃ,PR,09/2022,535,253,"47,29",237,16,"93,68",282,"52,71",92,190,"35,51"
411190,JAGUAPITÃ,PR,11/2022,569,371,"65,20",358,13,"96,50",198,"34,80",8,190,"33,39"
411200,JAGUARIAÍVA,PR,11/2022,1627,1436,"88,26",1367,69,"95,19",191,"11,74",2,189,"11,62"
411200,JAGUARIAÍVA,PR,09/2022,1634,1444,"88,37",1382,62,"95,71",190,"11,63",3,187,"11,44"
411200,JAGUARIAÍVA,PR,07/2022,1644,1239,"75,36",1211,28,"97,74",405,"24,64",1,404,"24,57"
411210,JANDAIA DO SUL,PR,07/2022,643,612,"95,18",597,15,"97,55",31,"4,82",2,29,"4,51"
411210,JANDAIA DO SUL,PR,09/2022,739,699,"94,59",672,27,"96,14",40,"5,41",5,35,"4,74"
411210,JANDAIA DO SUL,PR,11/2022,713,673,"94,39",662,11,"98,37",40,"5,61",4,36,"5,05"
411220,JANIÓPOLIS,PR,11/2022,203,200,"98,52",187,13,"93,50",3,"1,48",1,2,"0,99"
411220,JANIÓPOLIS,PR,09/2022,216,212,"98,15",191,21,"90,09",4,"1,85",0,4,"1,85"
411220,JANIÓPOLIS,PR,07/2022,212,207,"97,64",188,19,"90,82",5,"2,36",2,3,"1,42"
411230,JAPIRA,PR,07/2022,250,197,"78,80",195,2,"98,98",53,"21,20",3,50,"20,00"
411230,JAPIRA,PR,09/2022,246,188,"76,42",186,2,"98,94",58,"23,58",4,54,"21,95"
411230,JAPIRA,PR,11/2022,226,175,"77,43",175,0,"100,00",51,"22,57",1,50,"22,12"
411240,JAPURÁ,PR,11/2022,333,255,"76,58",224,31,"87,84",78,"23,42",72,6,"1,80"
411240,JAPURÁ,PR,09/2022,338,287,"84,91",238,49,"82,93",51,"15,09",45,6,"1,78"
411240,JAPURÁ,PR,07/2022,337,285,"84,57",273,12,"95,79",52,"15,43",8,44,"13,06"
411250,JARDIM ALEGRE,PR,07/2022,641,480,"74,88",477,3,"99,38",161,"25,12",81,80,"12,48"
411250,JARDIM ALEGRE,PR,09/2022,641,551,"85,96",535,16,"97,10",90,"14,04",9,81,"12,64"
411250,JARDIM ALEGRE,PR,11/2022,633,463,"73,14",451,12,"97,41",170,"26,86",93,77,"12,16"
411260,JARDIM OLINDA,PR,11/2022,79,78,"98,73",78,0,"100,00",1,"1,27",0,1,"1,27"
411260,JARDIM OLINDA,PR,07/2022,86,80,"93,02",78,2,"97,50",6,"6,98",1,5,"5,81"
411260,JARDIM OLINDA,PR,09/2022,83,80,"96,39",78,2,"97,50",3,"3,61",0,3,"3,61"
411270,JATAIZINHO,PR,07/2022,660,599,"90,76",588,11,"98,16",61,"9,24",6,55,"8,33"
411270,JATAIZINHO,PR,09/2022,657,592,"90,11",582,10,"98,31",65,"9,89",3,62,"9,44"
411270,JATAIZINHO,PR,11/2022,616,575,"93,34",566,9,"98,43",41,"6,66",0,41,"6,66"
411275,JESUÍTAS,PR,11/2022,377,361,"95,76",360,1,"99,72",16,"4,24",3,13,"3,45"
411275,JESUÍTAS,PR,09/2022,386,343,"88,86",339,4,"98,83",43,"11,14",30,13,"3,37"
411275,JESUÍTAS,PR,07/2022,381,344,"90,29",342,2,"99,42",37,"9,71",17,20,"5,25"
411280,JOAQUIM TÁVORA,PR,07/2022,438,407,"92,92",406,1,"99,75",31,"7,08",1,30,"6,85"
411280,JOAQUIM TÁVORA,PR,09/2022,443,344,"77,65",336,8,"97,67",99,"22,35",75,24,"5,42"
411280,JOAQUIM TÁVORA,PR,11/2022,460,420,"91,30",416,4,"99,05",40,"8,70",24,16,"3,48"
411290,JUNDIAÍ DO SUL,PR,11/2022,228,206,"90,35",206,0,"100,00",22,"9,65",0,22,"9,65"
411290,JUNDIAÍ DO SUL,PR,07/2022,227,198,"87,22",195,3,"98,48",29,"12,78",5,24,"10,57"
411290,JUNDIAÍ DO SUL,PR,09/2022,227,196,"86,34",196,0,"100,00",31,"13,66",5,26,"11,45"
411295,JURANDA,PR,09/2022,304,283,"93,09",242,41,"85,51",21,"6,91",4,17,"5,59"
411295,JURANDA,PR,07/2022,302,279,"92,38",249,30,"89,25",23,"7,62",4,19,"6,29"
411295,JURANDA,PR,11/2022,311,286,"91,96",275,11,"96,15",25,"8,04",3,22,"7,07"
411300,JUSSARA,PR,11/2022,217,215,"99,08",202,13,"93,95",2,"0,92",0,2,"0,92"
411300,JUSSARA,PR,09/2022,228,194,"85,09",157,37,"80,93",34,"14,91",2,32,"14,04"
411300,JUSSARA,PR,07/2022,222,190,"85,59",168,22,"88,42",32,"14,41",1,31,"13,96"
411310,KALORÉ,PR,09/2022,249,242,"97,19",242,0,"100,00",7,"2,81",2,5,"2,01"
411310,KALORÉ,PR,07/2022,230,224,"97,39",222,2,"99,11",6,"2,61",2,4,"1,74"
411310,KALORÉ,PR,11/2022,254,246,"96,85",245,1,"99,59",8,"3,15",0,8,"3,15"
411320,LAPA,PR,11/2022,1722,1685,"97,85",1594,91,"94,60",37,"2,15",22,15,"0,87"
411320,LAPA,PR,09/2022,1654,1607,"97,16",1469,138,"91,41",47,"2,84",26,21,"1,27"
411320,LAPA,PR,07/2022,1645,1592,"96,78",1478,114,"92,84",53,"3,22",19,34,"2,07"
411325,LARANJAL,PR,09/2022,600,505,"84,17",502,3,"99,41",95,"15,83",1,94,"15,67"
411325,LARANJAL,PR,07/2022,618,521,"84,30",521,0,"100,00",97,"15,70",3,94,"15,21"
411325,LARANJAL,PR,11/2022,579,534,"92,23",534,0,"100,00",45,"7,77",32,13,"2,25"
411330,LARANJEIRAS DO SUL,PR,11/2022,1218,1194,"98,03",1125,69,"94,22",24,"1,97",1,23,"1,89"
411330,LARANJEIRAS DO SUL,PR,09/2022,1255,1246,"99,28",1116,130,"89,57",9,"0,72",5,4,"0,32"
411330,LARANJEIRAS DO SUL,PR,07/2022,1261,1210,"95,96",1145,65,"94,63",51,"4,04",5,46,"3,65"
411340,LEÓPOLIS,PR,09/2022,166,144,"86,75",133,11,"92,36",22,"13,25",2,20,"12,05"
411340,LEÓPOLIS,PR,07/2022,159,139,"87,42",131,8,"94,24",20,"12,58",0,20,"12,58"
411340,LEÓPOLIS,PR,11/2022,156,139,"89,10",128,11,"92,09",17,"10,90",0,17,"10,90"
411342,LIDIANÓPOLIS,PR,11/2022,209,158,"75,60",158,0,"100,00",51,"24,40",11,40,"19,14"
411342,LIDIANÓPOLIS,PR,07/2022,219,149,"68,04",146,3,"97,99",70,"31,96",35,35,"15,98"
411342,LIDIANÓPOLIS,PR,09/2022,217,142,"65,44",141,1,"99,30",75,"34,56",34,41,"18,89"
411345,LINDOESTE,PR,09/2022,402,347,"86,32",343,4,"98,85",55,"13,68",6,49,"12,19"
411345,LINDOESTE,PR,07/2022,416,347,"83,41",347,0,"100,00",69,"16,59",9,60,"14,42"
411345,LINDOESTE,PR,11/2022,385,335,"87,01",335,0,"100,00",50,"12,99",7,43,"11,17"
411350,LOANDA,PR,11/2022,763,721,"94,50",699,22,"96,95",42,"5,50",2,40,"5,24"
411350,LOANDA,PR,09/2022,757,695,"91,81",669,26,"96,26",62,"8,19",3,59,"7,79"
411350,LOANDA,PR,07/2022,756,693,"91,67",656,37,"94,66",63,"8,33",6,57,"7,54"
411360,LOBATO,PR,09/2022,182,160,"87,91",147,13,"91,88",22,"12,09",8,14,"7,69"
411360,LOBATO,PR,07/2022,159,134,"84,28",123,11,"91,79",25,"15,72",6,19,"11,95"
411360,LOBATO,PR,11/2022,178,162,"91,01",161,1,"99,38",16,"8,99",4,12,"6,74"
411370,LONDRINA,PR,11/2022,18527,17534,"94,64",16519,1015,"94,21",993,"5,36",134,859,"4,64"
411370,LONDRINA,PR,07/2022,17747,16829,"94,83",16089,740,"95,60",918,"5,17",184,734,"4,14"
411370,LONDRINA,PR,09/2022,18818,17608,"93,57",16350,1258,"92,86",1210,"6,43",272,938,"4,98"
411373,LUIZIANA,PR,09/2022,513,482,"93,96",465,17,"96,47",31,"6,04",6,25,"4,87"
411373,LUIZIANA,PR,07/2022,503,468,"93,04",468,0,"100,00",35,"6,96",10,25,"4,97"
411373,LUIZIANA,PR,11/2022,498,474,"95,18",463,11,"97,68",24,"4,82",4,20,"4,02"
411375,LUNARDELLI,PR,11/2022,269,247,"91,82",244,3,"98,79",22,"8,18",1,21,"7,81"
411375,LUNARDELLI,PR,07/2022,266,242,"90,98",238,4,"98,35",24,"9,02",6,18,"6,77"
411375,LUNARDELLI,PR,09/2022,269,229,"85,13",229,0,"100,00",40,"14,87",23,17,"6,32"
411380,LUPIONÓPOLIS,PR,09/2022,247,231,"93,52",228,3,"98,70",16,"6,48",3,13,"5,26"
411380,LUPIONÓPOLIS,PR,07/2022,232,211,"90,95",208,3,"98,58",21,"9,05",2,19,"8,19"
411380,LUPIONÓPOLIS,PR,11/2022,252,235,"93,25",233,2,"99,15",17,"6,75",3,14,"5,56"
411390,MALLET,PR,11/2022,438,435,"99,32",424,11,"97,47",3,"0,68",2,1,"0,23"
411390,MALLET,PR,07/2022,424,415,"97,88",398,17,"95,90",9,"2,12",4,5,"1,18"
411390,MALLET,PR,09/2022,420,413,"98,33",402,11,"97,34",7,"1,67",3,4,"0,95"
411400,MAMBORÊ,PR,07/2022,648,535,"82,56",523,12,"97,76",113,"17,44",36,77,"11,88"
411400,MAMBORÊ,PR,09/2022,649,435,"67,03",377,58,"86,67",214,"32,97",133,81,"12,48"
411400,MAMBORÊ,PR,11/2022,651,547,"84,02",542,5,"99,09",104,"15,98",34,70,"10,75"
411410,MANDAGUAÇU,PR,11/2022,898,738,"82,18",709,29,"96,07",160,"17,82",10,150,"16,70"
411410,MANDAGUAÇU,PR,07/2022,796,573,"71,98",522,51,"91,10",223,"28,02",83,140,"17,59"
411410,MANDAGUAÇU,PR,09/2022,871,643,"73,82",593,50,"92,22",228,"26,18",80,148,"16,99"
411420,MANDAGUARI,PR,07/2022,687,511,"74,38",494,17,"96,67",176,"25,62",62,114,"16,59"
411420,MANDAGUARI,PR,09/2022,690,507,"73,48",456,51,"89,94",183,"26,52",68,115,"16,67"
411420,MANDAGUARI,PR,11/2022,649,540,"83,20",506,34,"93,70",109,"16,80",11,98,"15,10"
411430,MANDIRITUBA,PR,11/2022,1249,1081,"86,55",1064,17,"98,43",168,"13,45",10,158,"12,65"
411430,MANDIRITUBA,PR,07/2022,1256,1051,"83,68",1010,41,"96,10",205,"16,32",29,176,"14,01"
411430,MANDIRITUBA,PR,09/2022,1233,943,"76,48",915,28,"97,03",290,"23,52",118,172,"13,95"
411435,MANFRINÓPOLIS,PR,07/2022,102,87,"85,29",87,0,"100,00",15,"14,71",9,6,"5,88"
411435,MANFRINÓPOLIS,PR,09/2022,88,87,"98,86",87,0,"100,00",1,"1,14",0,1,"1,14"
411435,MANFRINÓPOLIS,PR,11/2022,84,83,"98,81",81,2,"97,59",1,"1,19",0,1,"1,19"
411440,MANGUEIRINHA,PR,11/2022,901,877,"97,34",855,22,"97,49",24,"2,66",2,22,"2,44"
411440,MANGUEIRINHA,PR,07/2022,913,854,"93,54",827,27,"96,84",59,"6,46",44,15,"1,64"
411440,MANGUEIRINHA,PR,09/2022,916,897,"97,93",873,24,"97,32",19,"2,07",3,16,"1,75"
411450,MANOEL RIBAS,PR,07/2022,1083,950,"87,72",949,1,"99,89",133,"12,28",13,120,"11,08"
411450,MANOEL RIBAS,PR,09/2022,1082,939,"86,78",938,1,"99,89",143,"13,22",20,123,"11,37"
411450,MANOEL RIBAS,PR,11/2022,1051,917,"87,25",903,14,"98,47",134,"12,75",11,123,"11,70"
411460,MARECHAL CÂNDIDO RONDON,PR,11/2022,933,920,"98,61",833,87,"90,54",13,"1,39",9,4,"0,43"
411460,MARECHAL CÂNDIDO RONDON,PR,07/2022,885,825,"93,22",773,52,"93,70",60,"6,78",26,34,"3,84"
411460,MARECHAL CÂNDIDO RONDON,PR,09/2022,918,869,"94,66",825,44,"94,94",49,"5,34",14,35,"3,81"
411470,MARIA HELENA,PR,07/2022,237,210,"88,61",194,16,"92,38",27,"11,39",3,24,"10,13"
411470,MARIA HELENA,PR,09/2022,253,227,"89,72",213,14,"93,83",26,"10,28",1,25,"9,88"
411470,MARIA HELENA,PR,11/2022,251,227,"90,44",218,9,"96,04",24,"9,56",3,21,"8,37"
411480,MARIALVA,PR,11/2022,1569,1371,"87,38",1371,0,"100,00",198,"12,62",1,197,"12,56"
411480,MARIALVA,PR,09/2022,1581,1363,"86,21",1363,0,"100,00",218,"13,79",5,213,"13,47"
411480,MARIALVA,PR,07/2022,1464,1246,"85,11",1246,0,"100,00",218,"14,89",5,213,"14,55"
411490,MARILÂNDIA DO SUL,PR,07/2022,490,390,"79,59",382,8,"97,95",100,"20,41",2,98,"20,00"
411490,MARILÂNDIA DO SUL,PR,09/2022,472,449,"95,13",418,31,"93,10",23,"4,87",1,22,"4,66"
411490,MARILÂNDIA DO SUL,PR,11/2022,483,450,"93,17",414,36,"92,00",33,"6,83",4,29,"6,00"
411500,MARILENA,PR,11/2022,279,266,"95,34",255,11,"95,86",13,"4,66",1,12,"4,30"
411500,MARILENA,PR,07/2022,284,262,"92,25",233,29,"88,93",22,"7,75",0,22,"7,75"
411500,MARILENA,PR,09/2022,294,273,"92,86",260,13,"95,24",21,"7,14",2,19,"6,46"
411510,MARILUZ,PR,09/2022,644,575,"89,29",561,14,"97,57",69,"10,71",1,68,"10,56"
411510,MARILUZ,PR,07/2022,655,582,"88,85",572,10,"98,28",73,"11,15",2,71,"10,84"
411510,MARILUZ,PR,11/2022,631,605,"95,88",597,8,"98,68",26,"4,12",3,23,"3,65"
411520,MARINGÁ,PR,11/2022,7265,7028,"96,74",6443,585,"91,68",237,"3,26",50,187,"2,57"
411520,MARINGÁ,PR,07/2022,6536,6265,"95,85",5984,281,"95,51",271,"4,15",80,191,"2,92"
411520,MARINGÁ,PR,09/2022,7120,6874,"96,54",6292,582,"91,53",246,"3,46",94,152,"2,13"
411530,MARIÓPOLIS,PR,09/2022,184,179,"97,28",168,11,"93,85",5,"2,72",0,5,"2,72"
411530,MARIÓPOLIS,PR,07/2022,192,188,"97,92",178,10,"94,68",4,"2,08",2,2,"1,04"
411530,MARIÓPOLIS,PR,11/2022,192,185,"96,35",174,11,"94,05",7,"3,65",1,6,"3,13"
411535,MARIPÁ,PR,11/2022,111,102,"91,89",99,3,"97,06",9,"8,11",1,8,"7,21"
411535,MARIPÁ,PR,07/2022,113,87,"76,99",78,9,"89,66",26,"23,01",3,23,"20,35"
411535,MARIPÁ,PR,09/2022,107,92,"85,98",86,6,"93,48",15,"14,02",1,14,"13,08"
411540,MARMELEIRO,PR,07/2022,700,628,"89,71",611,17,"97,29",72,"10,29",22,50,"7,14"
411540,MARMELEIRO,PR,09/2022,732,674,"92,08",651,23,"96,59",58,"7,92",12,46,"6,28"
411540,MARMELEIRO,PR,11/2022,754,710,"94,16",699,11,"98,45",44,"5,84",8,36,"4,77"
411545,MARQUINHO,PR,11/2022,344,332,"96,51",323,9,"97,29",12,"3,49",2,10,"2,91"
411545,MARQUINHO,PR,07/2022,346,330,"95,38",326,4,"98,79",16,"4,62",7,9,"2,60"
411545,MARQUINHO,PR,09/2022,344,333,"96,80",317,16,"95,20",11,"3,20",4,7,"2,03"
411550,MARUMBI,PR,07/2022,173,171,"98,84",168,3,"98,25",2,"1,16",2,0,"0,00"
411550,MARUMBI,PR,09/2022,182,178,"97,80",157,21,"88,20",4,"2,20",4,0,"0,00"
411550,MARUMBI,PR,11/2022,183,178,"97,27",159,19,"89,33",5,"2,73",5,0,"0,00"
411560,MATELÂNDIA,PR,11/2022,323,287,"88,85",275,12,"95,82",36,"11,15",0,36,"11,15"
411560,MATELÂNDIA,PR,07/2022,324,292,"90,12",283,9,"96,92",32,"9,88",4,28,"8,64"
411560,MATELÂNDIA,PR,09/2022,338,305,"90,24",275,30,"90,16",33,"9,76",6,27,"7,99"
411570,MATINHOS,PR,07/2022,1847,1461,"79,10",1330,131,"91,03",386,"20,90",65,321,"17,38"
411570,MATINHOS,PR,09/2022,2059,1681,"81,64",1527,154,"90,84",378,"18,36",18,360,"17,48"
411570,MATINHOS,PR,11/2022,2081,1718,"82,56",1559,159,"90,75",363,"17,44",4,359,"17,25"
411573,MATO RICO,PR,11/2022,201,147,"73,13",142,5,"96,60",54,"26,87",8,46,"22,89"
411573,MATO RICO,PR,09/2022,208,147,"70,67",141,6,"95,92",61,"29,33",4,57,"27,40"
411573,MATO RICO,PR,07/2022,203,141,"69,46",137,4,"97,16",62,"30,54",7,55,"27,09"
411575,MAUÁ DA SERRA,PR,09/2022,606,467,"77,06",421,46,"90,15",139,"22,94",12,127,"20,96"
411575,MAUÁ DA SERRA,PR,07/2022,600,458,"76,33",429,29,"93,67",142,"23,67",20,122,"20,33"
411575,MAUÁ DA SERRA,PR,11/2022,597,533,"89,28",505,28,"94,75",64,"10,72",7,57,"9,55"
411580,MEDIANEIRA,PR,11/2022,930,882,"94,84",847,35,"96,03",48,"5,16",12,36,"3,87"
411580,MEDIANEIRA,PR,09/2022,961,907,"94,38",841,66,"92,72",54,"5,62",22,32,"3,33"
411580,MEDIANEIRA,PR,07/2022,966,918,"95,03",875,43,"95,32",48,"4,97",12,36,"3,73"
411585,MERCEDES,PR,07/2022,126,112,"88,89",112,0,"100,00",14,"11,11",4,10,"7,94"
411585,MERCEDES,PR,09/2022,120,107,"89,17",106,1,"99,07",13,"10,83",1,12,"10,00"
411585,MERCEDES,PR,11/2022,120,107,"89,17",106,1,"99,07",13,"10,83",2,11,"9,17"
411590,MIRADOR,PR,11/2022,121,111,"91,74",110,1,"99,10",10,"8,26",4,6,"4,96"
411590,MIRADOR,PR,09/2022,118,106,"89,83",98,8,"92,45",12,"10,17",8,4,"3,39"
411590,MIRADOR,PR,07/2022,126,122,"96,83",121,1,"99,18",4,"3,17",2,2,"1,59"
411600,MIRASELVA,PR,07/2022,76,75,"98,68",74,1,"98,67",1,"1,32",1,0,"0,00"
411600,MIRASELVA,PR,09/2022,72,70,"97,22",68,2,"97,14",2,"2,78",2,0,"0,00"
411600,MIRASELVA,PR,11/2022,73,73,"100,00",71,2,"97,26",0,"0,00",0,0,"0,00"
411605,MISSAL,PR,11/2022,411,384,"93,43",373,11,"97,14",27,"6,57",1,26,"6,33"
411605,MISSAL,PR,07/2022,417,322,"77,22",312,10,"96,89",95,"22,78",67,28,"6,71"
411605,MISSAL,PR,09/2022,415,381,"91,81",372,9,"97,64",34,"8,19",8,26,"6,27"
411610,MOREIRA SALES,PR,09/2022,728,665,"91,35",650,15,"97,74",63,"8,65",1,62,"8,52"
411610,MOREIRA SALES,PR,07/2022,712,620,"87,08",557,63,"89,84",92,"12,92",1,91,"12,78"
411610,MOREIRA SALES,PR,11/2022,706,646,"91,50",641,5,"99,23",60,"8,50",0,60,"8,50"
411620,MORRETES,PR,11/2022,1181,960,"81,29",948,12,"98,75",221,"18,71",1,220,"18,63"
411620,MORRETES,PR,09/2022,1163,899,"77,30",881,18,"98,00",264,"22,70",27,237,"20,38"
411620,MORRETES,PR,07/2022,1159,743,"64,11",722,21,"97,17",416,"35,89",168,248,"21,40"
411630,MUNHOZ DE MELO,PR,07/2022,155,132,"85,16",132,0,"100,00",23,"14,84",0,23,"14,84"
411630,MUNHOZ DE MELO,PR,09/2022,189,163,"86,24",160,3,"98,16",26,"13,76",1,25,"13,23"
411630,MUNHOZ DE MELO,PR,11/2022,193,167,"86,53",163,4,"97,60",26,"13,47",3,23,"11,92"
411640,NOSSA SENHORA DAS GRAÇAS,PR,11/2022,103,75,"72,82",64,11,"85,33",28,"27,18",0,28,"27,18"
411640,NOSSA SENHORA DAS GRAÇAS,PR,07/2022,113,84,"74,34",81,3,"96,43",29,"25,66",1,28,"24,78"
411640,NOSSA SENHORA DAS GRAÇAS,PR,09/2022,111,87,"78,38",82,5,"94,25",24,"21,62",0,24,"21,62"
411650,NOVA ALIANÇA DO IVAÍ,PR,07/2022,44,37,"84,09",36,1,"97,30",7,"15,91",0,7,"15,91"
411650,NOVA ALIANÇA DO IVAÍ,PR,09/2022,47,42,"89,36",38,4,"90,48",5,"10,64",4,1,"2,13"
411650,NOVA ALIANÇA DO IVAÍ,PR,11/2022,46,44,"95,65",39,5,"88,64",2,"4,35",2,0,"0,00"
411660,NOVA AMÉRICA DA COLINA,PR,11/2022,207,195,"94,20",195,0,"100,00",12,"5,80",0,12,"5,80"
411660,NOVA AMÉRICA DA COLINA,PR,09/2022,207,194,"93,72",193,1,"99,48",13,"6,28",1,12,"5,80"
411660,NOVA AMÉRICA DA COLINA,PR,07/2022,196,185,"94,39",184,1,"99,46",11,"5,61",0,11,"5,61"
411670,NOVA AURORA,PR,09/2022,377,328,"87,00",306,22,"93,29",49,"13,00",16,33,"8,75"
411670,NOVA AURORA,PR,07/2022,370,321,"86,76",304,17,"94,70",49,"13,24",18,31,"8,38"
411670,NOVA AURORA,PR,11/2022,365,300,"82,19",280,20,"93,33",65,"17,81",35,30,"8,22"
411680,NOVA CANTU,PR,11/2022,477,408,"85,53",408,0,"100,00",69,"14,47",29,40,"8,39"
411680,NOVA CANTU,PR,09/2022,481,171,"35,55",168,3,"98,25",310,"64,45",267,43,"8,94"
411680,NOVA CANTU,PR,07/2022,486,167,"34,36",167,0,"100,00",319,"65,64",265,54,"11,11"
411690,NOVA ESPERANÇA,PR,07/2022,1076,772,"71,75",765,7,"99,09",304,"28,25",67,237,"22,03"
411690,NOVA ESPERANÇA,PR,09/2022,1115,704,"63,14",700,4,"99,43",411,"36,86",187,224,"20,09"
411690,NOVA ESPERANÇA,PR,11/2022,1093,726,"66,42",722,4,"99,45",367,"33,58",144,223,"20,40"
411695,NOVA ESPERANÇA DO SUDOESTE,PR,11/2022,192,184,"95,83",184,0,"100,00",8,"4,17",4,4,"2,08"
411695,NOVA ESPERANÇA DO SUDOESTE,PR,07/2022,188,165,"87,77",164,1,"99,39",23,"12,23",18,5,"2,66"
411695,NOVA ESPERANÇA DO SUDOESTE,PR,09/2022,190,173,"91,05",173,0,"100,00",17,"8,95",14,3,"1,58"
411700,NOVA FÁTIMA,PR,07/2022,342,300,"87,72",277,23,"92,33",42,"12,28",10,32,"9,36"
411700,NOVA FÁTIMA,PR,09/2022,334,307,"91,92",281,26,"91,53",27,"8,08",5,22,"6,59"
411700,NOVA FÁTIMA,PR,11/2022,334,301,"90,12",289,12,"96,01",33,"9,88",6,27,"8,08"
411705,NOVA LARANJEIRAS,PR,11/2022,1083,865,"79,87",811,54,"93,76",218,"20,13",3,215,"19,85"
411705,NOVA LARANJEIRAS,PR,09/2022,1104,868,"78,62",838,30,"96,54",236,"21,38",11,225,"20,38"
411705,NOVA LARANJEIRAS,PR,07/2022,1141,853,"74,76",767,86,"89,92",288,"25,24",4,284,"24,89"
411710,NOVA LONDRINA,PR,07/2022,516,432,"83,72",431,1,"99,77",84,"16,28",0,84,"16,28"
411710,NOVA LONDRINA,PR,09/2022,530,449,"84,72",440,9,"98,00",81,"15,28",5,76,"14,34"
411710,NOVA LONDRINA,PR,11/2022,524,462,"88,17",460,2,"99,57",62,"11,83",3,59,"11,26"
411720,NOVA OLÍMPIA,PR,11/2022,213,173,"81,22",173,0,"100,00",40,"18,78",0,40,"18,78"
411720,NOVA OLÍMPIA,PR,09/2022,219,173,"79,00",173,0,"100,00",46,"21,00",1,45,"20,55"
411720,NOVA OLÍMPIA,PR,07/2022,219,192,"87,67",192,0,"100,00",27,"12,33",0,27,"12,33"
411721,NOVA SANTA BÁRBARA,PR,07/2022,238,164,"68,91",164,0,"100,00",74,"31,09",54,20,"8,40"
411721,NOVA SANTA BÁRBARA,PR,09/2022,243,209,"86,01",209,0,"100,00",34,"13,99",10,24,"9,88"
411721,NOVA SANTA BÁRBARA,PR,11/2022,241,218,"90,46",218,0,"100,00",23,"9,54",1,22,"9,13"
411722,NOVA SANTA ROSA,PR,11/2022,184,175,"95,11",162,13,"92,57",9,"4,89",1,8,"4,35"
411722,NOVA SANTA ROSA,PR,09/2022,188,171,"90,96",159,12,"92,98",17,"9,04",2,15,"7,98"
411722,NOVA SANTA ROSA,PR,07/2022,186,164,"88,17",154,10,"93,90",22,"11,83",11,11,"5,91"
411725,NOVA PRATA DO IGUAÇU,PR,09/2022,387,362,"93,54",350,12,"96,69",25,"6,46",3,22,"5,68"
411725,NOVA PRATA DO IGUAÇU,PR,07/2022,376,354,"94,15",342,12,"96,61",22,"5,85",2,20,"5,32"
411725,NOVA PRATA DO IGUAÇU,PR,11/2022,391,363,"92,84",357,6,"98,35",28,"7,16",2,26,"6,65"
411727,NOVA TEBAS,PR,11/2022,315,288,"91,43",286,2,"99,31",27,"8,57",3,24,"7,62"
411727,NOVA TEBAS,PR,07/2022,319,272,"85,27",270,2,"99,26",47,"14,73",7,40,"12,54"
411727,NOVA TEBAS,PR,09/2022,317,276,"87,07",273,3,"98,91",41,"12,93",3,38,"11,99"
411729,NOVO ITACOLOMI,PR,07/2022,101,100,"99,01",100,0,"100,00",1,"0,99",0,1,"0,99"
411729,NOVO ITACOLOMI,PR,09/2022,100,99,"99,00",96,3,"96,97",1,"1,00",0,1,"1,00"
411729,NOVO ITACOLOMI,PR,11/2022,102,101,"99,02",100,1,"99,01",1,"0,98",0,1,"0,98"
411730,ORTIGUEIRA,PR,11/2022,1909,1702,"89,16",1658,44,"97,41",207,"10,84",10,197,"10,32"
411730,ORTIGUEIRA,PR,09/2022,1931,1727,"89,44",1681,46,"97,34",204,"10,56",12,192,"9,94"
411730,ORTIGUEIRA,PR,07/2022,1940,1704,"87,84",1630,74,"95,66",236,"12,16",22,214,"11,03"
411740,OURIZONA,PR,09/2022,85,57,"67,06",56,1,"98,25",28,"32,94",15,13,"15,29"
411740,OURIZONA,PR,07/2022,80,26,"32,50",25,1,"96,15",54,"67,50",42,12,"15,00"
411740,OURIZONA,PR,11/2022,79,58,"73,42",57,1,"98,28",21,"26,58",8,13,"16,46"
411745,OURO VERDE DO OESTE,PR,11/2022,151,129,"85,43",117,12,"90,70",22,"14,57",7,15,"9,93"
411745,OURO VERDE DO OESTE,PR,09/2022,149,134,"89,93",122,12,"91,04",15,"10,07",0,15,"10,07"
411745,OURO VERDE DO OESTE,PR,07/2022,159,137,"86,16",135,2,"98,54",22,"13,84",2,20,"12,58"
411750,PAIÇANDU,PR,07/2022,1697,1152,"67,88",1049,103,"91,06",545,"32,12",41,504,"29,70"
411750,PAIÇANDU,PR,09/2022,1910,1093,"57,23",1035,58,"94,69",817,"42,77",287,530,"27,75"
411750,PAIÇANDU,PR,11/2022,1961,1298,"66,19",1236,62,"95,22",663,"33,81",171,492,"25,09"
411760,PALMAS,PR,11/2022,2897,2666,"92,03",2559,107,"95,99",231,"7,97",31,200,"6,90"
411760,PALMAS,PR,09/2022,2954,2619,"88,66",2418,201,"92,33",335,"11,34",89,246,"8,33"
411760,PALMAS,PR,07/2022,3033,2614,"86,19",2452,162,"93,80",419,"13,81",159,260,"8,57"
411770,PALMEIRA,PR,09/2022,959,847,"88,32",790,57,"93,27",112,"11,68",4,108,"11,26"
411770,PALMEIRA,PR,07/2022,952,840,"88,24",751,89,"89,40",112,"11,76",2,110,"11,55"
411770,PALMEIRA,PR,11/2022,959,871,"90,82",812,59,"93,23",88,"9,18",8,80,"8,34"
411780,PALMITAL,PR,11/2022,1033,995,"96,32",983,12,"98,79",38,"3,68",3,35,"3,39"
411780,PALMITAL,PR,09/2022,1056,926,"87,69",923,3,"99,68",130,"12,31",6,124,"11,74"
411780,PALMITAL,PR,07/2022,1061,881,"83,03",873,8,"99,09",180,"16,97",16,164,"15,46"
411790,PALOTINA,PR,09/2022,658,516,"78,42",491,25,"95,16",142,"21,58",48,94,"14,29"
411790,PALOTINA,PR,07/2022,652,491,"75,31",473,18,"96,33",161,"24,69",64,97,"14,88"
411790,PALOTINA,PR,11/2022,651,636,"97,70",611,25,"96,07",15,"2,30",3,12,"1,84"
411800,PARAÍSO DO NORTE,PR,11/2022,341,312,"91,50",304,8,"97,44",29,"8,50",1,28,"8,21"
411800,PARAÍSO DO NORTE,PR,09/2022,317,214,"67,51",192,22,"89,72",103,"32,49",41,62,"19,56"
411800,PARAÍSO DO NORTE,PR,07/2022,313,255,"81,47",238,17,"93,33",58,"18,53",1,57,"18,21"
411810,PARANACITY,PR,07/2022,432,365,"84,49",364,1,"99,73",67,"15,51",3,64,"14,81"
411810,PARANACITY,PR,09/2022,440,384,"87,27",349,35,"90,89",56,"12,73",7,49,"11,14"
411810,PARANACITY,PR,11/2022,408,364,"89,22",326,38,"89,56",44,"10,78",2,42,"10,29"
411820,PARANAGUÁ,PR,11/2022,6921,6688,"96,63",6331,357,"94,66",233,"3,37",78,155,"2,24"
411820,PARANAGUÁ,PR,07/2022,6484,1911,"29,47",1709,202,"89,43",4573,"70,53",3436,1137,"17,54"
411820,PARANAGUÁ,PR,09/2022,6647,5499,"82,73",5117,382,"93,05",1148,"17,27",855,293,"4,41"
411830,PARANAPOEMA,PR,07/2022,147,141,"95,92",141,0,"100,00",6,"4,08",0,6,"4,08"
411830,PARANAPOEMA,PR,09/2022,145,142,"97,93",142,0,"100,00",3,"2,07",0,3,"2,07"
411830,PARANAPOEMA,PR,11/2022,136,134,"98,53",134,0,"100,00",2,"1,47",0,2,"1,47"
411840,PARANAVAÍ,PR,11/2022,3274,2827,"86,35",2652,175,"93,81",447,"13,65",91,356,"10,87"
411840,PARANAVAÍ,PR,09/2022,3229,2519,"78,01",2408,111,"95,59",710,"21,99",34,676,"20,94"
411840,PARANAVAÍ,PR,07/2022,3026,2357,"77,89",2230,127,"94,61",669,"22,11",21,648,"21,41"
411845,PATO BRAGADO,PR,07/2022,127,101,"79,53",101,0,"100,00",26,"20,47",13,13,"10,24"
411845,PATO BRAGADO,PR,09/2022,136,120,"88,24",113,7,"94,17",16,"11,76",3,13,"9,56"
411845,PATO BRAGADO,PR,11/2022,142,121,"85,21",119,2,"98,35",21,"14,79",3,18,"12,68"
411850,PATO BRANCO,PR,11/2022,2197,2071,"94,26",1970,101,"95,12",126,"5,74",31,95,"4,32"
411850,PATO BRANCO,PR,07/2022,2232,2065,"92,52",1949,116,"94,38",167,"7,48",89,78,"3,49"
411850,PATO BRANCO,PR,09/2022,2202,2019,"91,69",1876,143,"92,92",183,"8,31",100,83,"3,77"
411860,PAULA FREITAS,PR,07/2022,184,163,"88,59",161,2,"98,77",21,"11,41",0,21,"11,41"
411860,PAULA FREITAS,PR,09/2022,185,163,"88,11",158,5,"96,93",22,"11,89",1,21,"11,35"
411860,PAULA FREITAS,PR,11/2022,172,163,"94,77",160,3,"98,16",9,"5,23",0,9,"5,23"
411870,PAULO FRONTIN,PR,11/2022,180,178,"98,89",168,10,"94,38",2,"1,11",0,2,"1,11"
411870,PAULO FRONTIN,PR,09/2022,188,185,"98,40",183,2,"98,92",3,"1,60",1,2,"1,06"
411870,PAULO FRONTIN,PR,07/2022,180,177,"98,33",174,3,"98,31",3,"1,67",1,2,"1,11"
411880,PEABIRU,PR,07/2022,672,659,"98,07",628,31,"95,30",13,"1,93",3,10,"1,49"
411880,PEABIRU,PR,09/2022,664,627,"94,43",575,52,"91,71",37,"5,57",10,27,"4,07"
411880,PEABIRU,PR,11/2022,650,618,"95,08",598,20,"96,76",32,"4,92",2,30,"4,62"
411885,PEROBAL,PR,11/2022,249,239,"95,98",227,12,"94,98",10,"4,02",5,5,"2,01"
411885,PEROBAL,PR,07/2022,244,139,"56,97",128,11,"92,09",105,"43,03",76,29,"11,89"
411885,PEROBAL,PR,09/2022,269,259,"96,28",248,11,"95,75",10,"3,72",2,8,"2,97"
411890,PÉROLA,PR,07/2022,292,237,"81,16",216,21,"91,14",55,"18,84",1,54,"18,49"
411890,PÉROLA,PR,09/2022,291,233,"80,07",215,18,"92,27",58,"19,93",6,52,"17,87"
411890,PÉROLA,PR,11/2022,307,250,"81,43",243,7,"97,20",57,"18,57",5,52,"16,94"
411900,PÉROLA D´OESTE,PR,11/2022,181,177,"97,79",167,10,"94,35",4,"2,21",1,3,"1,66"
411900,PÉROLA D´OESTE,PR,09/2022,182,176,"96,70",167,9,"94,89",6,"3,30",2,4,"2,20"
411900,PÉROLA D´OESTE,PR,07/2022,182,178,"97,80",160,18,"89,89",4,"2,20",2,2,"1,10"
411910,PIÊN,PR,07/2022,398,342,"85,93",322,20,"94,15",56,"14,07",6,50,"12,56"
411910,PIÊN,PR,09/2022,405,374,"92,35",362,12,"96,79",31,"7,65",8,23,"5,68"
411910,PIÊN,PR,11/2022,397,364,"91,69",346,18,"95,05",33,"8,31",10,23,"5,79"
411915,PINHAIS,PR,11/2022,4225,3977,"94,13",3836,141,"96,45",248,"5,87",53,195,"4,62"
411915,PINHAIS,PR,07/2022,4124,3719,"90,18",3718,1,"99,97",405,"9,82",88,317,"7,69"
411915,PINHAIS,PR,09/2022,4249,3996,"94,05",3892,104,"97,40",253,"5,95",96,157,"3,69"
411920,PINHALÃO,PR,07/2022,409,353,"86,31",353,0,"100,00",56,"13,69",1,55,"13,45"
411920,PINHALÃO,PR,09/2022,411,356,"86,62",356,0,"100,00",55,"13,38",1,54,"13,14"
411920,PINHALÃO,PR,11/2022,410,357,"87,07",357,0,"100,00",53,"12,93",0,53,"12,93"
411925,PINHAL DE SÃO BENTO,PR,11/2022,115,110,"95,65",110,0,"100,00",5,"4,35",1,4,"3,48"
411925,PINHAL DE SÃO BENTO,PR,07/2022,109,104,"95,41",104,0,"100,00",5,"4,59",1,4,"3,67"
411925,PINHAL DE SÃO BENTO,PR,09/2022,112,104,"92,86",104,0,"100,00",8,"7,14",3,5,"4,46"
411930,PINHÃO,PR,09/2022,2292,1721,"75,09",1632,89,"94,83",571,"24,91",259,312,"13,61"
411930,PINHÃO,PR,07/2022,2248,1803,"80,20",1714,89,"95,06",445,"19,80",136,309,"13,75"
411930,PINHÃO,PR,11/2022,2312,1891,"81,79",1839,52,"97,25",421,"18,21",119,302,"13,06"
411940,PIRAÍ DO SUL,PR,11/2022,1233,1048,"85,00",985,63,"93,99",185,"15,00",0,185,"15,00"
411940,PIRAÍ DO SUL,PR,07/2022,1243,1051,"84,55",974,77,"92,67",192,"15,45",9,183,"14,72"
411940,PIRAÍ DO SUL,PR,09/2022,1227,1039,"84,68",974,65,"93,74",188,"15,32",7,181,"14,75"
411950,PIRAQUARA,PR,07/2022,6310,4316,"68,40",4219,97,"97,75",1994,"31,60",67,1927,"30,54"
411950,PIRAQUARA,PR,09/2022,6606,5026,"76,08",4838,188,"96,26",1580,"23,92",78,1502,"22,74"
411950,PIRAQUARA,PR,11/2022,6481,5397,"83,27",5178,219,"95,94",1084,"16,73",50,1034,"15,95"
411960,PITANGA,PR,11/2022,1806,1589,"87,98",1502,87,"94,52",217,"12,02",9,208,"11,52"
411960,PITANGA,PR,09/2022,1879,1627,"86,59",1470,157,"90,35",252,"13,41",29,223,"11,87"
411960,PITANGA,PR,07/2022,1891,1595,"84,35",1540,55,"96,55",296,"15,65",66,230,"12,16"
411965,PITANGUEIRAS,PR,07/2022,109,95,"87,16",80,15,"84,21",14,"12,84",0,14,"12,84"
411965,PITANGUEIRAS,PR,09/2022,122,105,"86,07",93,12,"88,57",17,"13,93",9,8,"6,56"
411965,PITANGUEIRAS,PR,11/2022,125,115,"92,00",110,5,"95,65",10,"8,00",2,8,"6,40"
411970,PLANALTINA DO PARANÁ,PR,11/2022,279,271,"97,13",259,12,"95,57",8,"2,87",2,6,"2,15"
411970,PLANALTINA DO PARANÁ,PR,07/2022,260,253,"97,31",248,5,"98,02",7,"2,69",0,7,"2,69"
411970,PLANALTINA DO PARANÁ,PR,09/2022,275,263,"95,64",252,11,"95,82",12,"4,36",8,4,"1,45"
411980,PLANALTO,PR,07/2022,378,347,"91,80",347,0,"100,00",31,"8,20",2,29,"7,67"
411980,PLANALTO,PR,09/2022,389,360,"92,54",360,0,"100,00",29,"7,46",5,24,"6,17"
411980,PLANALTO,PR,11/2022,378,358,"94,71",357,1,"99,72",20,"5,29",4,16,"4,23"
411990,PONTA GROSSA,PR,11/2022,13425,12251,"91,26",11560,691,"94,36",1174,"8,74",38,1136,"8,46"
411990,PONTA GROSSA,PR,07/2022,13337,10620,"79,63",10153,467,"95,60",2717,"20,37",113,2604,"19,52"
411990,PONTA GROSSA,PR,09/2022,13519,10992,"81,31",10517,475,"95,68",2527,"18,69",41,2486,"18,39"
411995,PONTAL DO PARANÁ,PR,07/2022,1373,891,"64,89",859,32,"96,41",482,"35,11",194,288,"20,98"
411995,PONTAL DO PARANÁ,PR,09/2022,1508,1158,"76,79",1108,50,"95,68",350,"23,21",44,306,"20,29"
411995,PONTAL DO PARANÁ,PR,11/2022,1625,1294,"79,63",1219,75,"94,20",331,"20,37",7,324,"19,94"
412000,PORECATU,PR,11/2022,565,526,"93,10",514,12,"97,72",39,"6,90",1,38,"6,73"
412000,PORECATU,PR,09/2022,539,496,"92,02",463,33,"93,35",43,"7,98",10,33,"6,12"
412000,PORECATU,PR,07/2022,472,416,"88,14",401,15,"96,39",56,"11,86",32,24,"5,08"
412010,PORTO AMAZONAS,PR,09/2022,145,113,"77,93",105,8,"92,92",32,"22,07",17,15,"10,34"
412010,PORTO AMAZONAS,PR,07/2022,140,89,"63,57",83,6,"93,26",51,"36,43",21,30,"21,43"
412010,PORTO AMAZONAS,PR,11/2022,147,123,"83,67",112,11,"91,06",24,"16,33",8,16,"10,88"
412015,PORTO BARREIRO,PR,11/2022,165,155,"93,94",154,1,"99,35",10,"6,06",0,10,"6,06"
412015,PORTO BARREIRO,PR,09/2022,166,139,"83,73",133,6,"95,68",27,"16,27",8,19,"11,45"
412015,PORTO BARREIRO,PR,07/2022,158,136,"86,08",129,7,"94,85",22,"13,92",4,18,"11,39"
412020,PORTO RICO,PR,09/2022,131,113,"86,26",110,3,"97,35",18,"13,74",2,16,"12,21"
412020,PORTO RICO,PR,07/2022,132,114,"86,36",112,2,"98,25",18,"13,64",2,16,"12,12"
412020,PORTO RICO,PR,11/2022,140,128,"91,43",125,3,"97,66",12,"8,57",1,11,"7,86"
412030,PORTO VITÓRIA,PR,11/2022,193,190,"98,45",186,4,"97,89",3,"1,55",0,3,"1,55"
412030,PORTO VITÓRIA,PR,09/2022,191,190,"99,48",185,5,"97,37",1,"0,52",0,1,"0,52"
412030,PORTO VITÓRIA,PR,07/2022,191,190,"99,48",183,7,"96,32",1,"0,52",0,1,"0,52"
412033,PRADO FERREIRA,PR,07/2022,174,171,"98,28",169,2,"98,83",3,"1,72",2,1,"0,57"
412033,PRADO FERREIRA,PR,09/2022,180,167,"92,78",167,0,"100,00",13,"7,22",9,4,"2,22"
412033,PRADO FERREIRA,PR,11/2022,185,180,"97,30",176,4,"97,78",5,"2,70",0,5,"2,70"
412035,PRANCHITA,PR,11/2022,220,216,"98,18",212,4,"98,15",4,"1,82",1,3,"1,36"
412035,PRANCHITA,PR,09/2022,232,225,"96,98",215,10,"95,56",7,"3,02",3,4,"1,72"
412035,PRANCHITA,PR,07/2022,235,227,"96,60",226,1,"99,56",8,"3,40",3,5,"2,13"
412040,PRESIDENTE CASTELO BRANCO,PR,09/2022,93,88,"94,62",86,2,"97,73",5,"5,38",1,4,"4,30"
412040,PRESIDENTE CASTELO BRANCO,PR,07/2022,91,84,"92,31",80,4,"95,24",7,"7,69",0,7,"7,69"
412040,PRESIDENTE CASTELO BRANCO,PR,11/2022,106,102,"96,23",99,3,"97,06",4,"3,77",0,4,"3,77"
412050,PRIMEIRO DE MAIO,PR,11/2022,374,348,"93,05",345,3,"99,14",26,"6,95",2,24,"6,42"
412050,PRIMEIRO DE MAIO,PR,09/2022,364,298,"81,87",289,9,"96,98",66,"18,13",35,31,"8,52"
412050,PRIMEIRO DE MAIO,PR,07/2022,373,344,"92,23",336,8,"97,67",29,"7,77",3,26,"6,97"
412060,PRUDENTÓPOLIS,PR,09/2022,2599,2515,"96,77",2304,211,"91,61",84,"3,23",38,46,"1,77"
412060,PRUDENTÓPOLIS,PR,07/2022,2652,2385,"89,93",2249,136,"94,30",267,"10,07",75,192,"7,24"
412060,PRUDENTÓPOLIS,PR,11/2022,2481,2433,"98,07",2326,107,"95,60",48,"1,93",43,5,"0,20"
412065,QUARTO CENTENÁRIO,PR,11/2022,183,169,"92,35",160,9,"94,67",14,"7,65",0,14,"7,65"
412065,QUARTO CENTENÁRIO,PR,07/2022,194,177,"91,24",164,13,"92,66",17,"8,76",0,17,"8,76"
412065,QUARTO CENTENÁRIO,PR,09/2022,195,177,"90,77",160,17,"90,40",18,"9,23",2,16,"8,21"
412070,QUATIGUÁ,PR,07/2022,333,228,"68,47",225,3,"98,68",105,"31,53",32,73,"21,92"
412070,QUATIGUÁ,PR,09/2022,347,324,"93,37",315,9,"97,22",23,"6,63",13,10,"2,88"
412070,QUATIGUÁ,PR,11/2022,338,321,"94,97",311,10,"96,88",17,"5,03",7,10,"2,96"
412080,QUATRO BARRAS,PR,11/2022,738,699,"94,72",670,29,"95,85",39,"5,28",1,38,"5,15"
412080,QUATRO BARRAS,PR,09/2022,666,467,"70,12",450,17,"96,36",199,"29,88",175,24,"3,60"
412080,QUATRO BARRAS,PR,07/2022,634,378,"59,62",361,17,"95,50",256,"40,38",227,29,"4,57"
412085,QUATRO PONTES,PR,09/2022,29,25,"86,21",24,1,"96,00",4,"13,79",1,3,"10,34"
412085,QUATRO PONTES,PR,07/2022,35,31,"88,57",31,0,"100,00",4,"11,43",1,3,"8,57"
412085,QUATRO PONTES,PR,11/2022,31,26,"83,87",26,0,"100,00",5,"16,13",0,5,"16,13"
412090,QUEDAS DO IGUAÇU,PR,11/2022,1989,1896,"95,32",1843,53,"97,20",93,"4,68",12,81,"4,07"
412090,QUEDAS DO IGUAÇU,PR,09/2022,2076,1901,"91,57",1857,44,"97,69",175,"8,43",23,152,"7,32"
412090,QUEDAS DO IGUAÇU,PR,07/2022,2083,1951,"93,66",1914,37,"98,10",132,"6,34",26,106,"5,09"
412100,QUERÊNCIA DO NORTE,PR,09/2022,653,554,"84,84",519,35,"93,68",99,"15,16",6,93,"14,24"
412100,QUERÊNCIA DO NORTE,PR,07/2022,658,589,"89,51",589,0,"100,00",69,"10,49",1,68,"10,33"
412100,QUERÊNCIA DO NORTE,PR,11/2022,618,592,"95,79",565,27,"95,44",26,"4,21",1,25,"4,05"
412110,QUINTA DO SOL,PR,11/2022,191,170,"89,01",154,16,"90,59",21,"10,99",1,20,"10,47"
412110,QUINTA DO SOL,PR,07/2022,216,180,"83,33",171,9,"95,00",36,"16,67",13,23,"10,65"
412110,QUINTA DO SOL,PR,09/2022,212,191,"90,09",165,26,"86,39",21,"9,91",2,19,"8,96"
412120,QUITANDINHA,PR,09/2022,651,618,"94,93",594,24,"96,12",33,"5,07",5,28,"4,30"
412120,QUITANDINHA,PR,07/2022,630,598,"94,92",571,27,"95,48",32,"5,08",6,26,"4,13"
412120,QUITANDINHA,PR,11/2022,655,622,"94,96",614,8,"98,71",33,"5,04",6,27,"4,12"
412125,RAMILÂNDIA,PR,11/2022,183,161,"87,98",160,1,"99,38",22,"12,02",0,22,"12,02"
412125,RAMILÂNDIA,PR,09/2022,192,169,"88,02",169,0,"100,00",23,"11,98",1,22,"11,46"
412125,RAMILÂNDIA,PR,07/2022,202,177,"87,62",170,7,"96,05",25,"12,38",1,24,"11,88"
412130,RANCHO ALEGRE,PR,09/2022,154,136,"88,31",129,7,"94,85",18,"11,69",0,18,"11,69"
412130,RANCHO ALEGRE,PR,07/2022,153,133,"86,93",132,1,"99,25",20,"13,07",9,11,"7,19"
412130,RANCHO ALEGRE,PR,11/2022,152,138,"90,79",131,7,"94,93",14,"9,21",0,14,"9,21"
412135,RANCHO ALEGRE D´OESTE,PR,11/2022,103,100,"97,09",100,0,"100,00",3,"2,91",0,3,"2,91"
412135,RANCHO ALEGRE D´OESTE,PR,07/2022,105,91,"86,67",86,5,"94,51",14,"13,33",0,14,"13,33"
412135,RANCHO ALEGRE D´OESTE,PR,09/2022,106,99,"93,40",95,4,"95,96",7,"6,60",1,6,"5,66"
412140,REALEZA,PR,09/2022,494,402,"81,38",395,7,"98,26",92,"18,62",3,89,"18,02"
412140,REALEZA,PR,07/2022,470,332,"70,64",328,4,"98,80",138,"29,36",47,91,"19,36"
412140,REALEZA,PR,11/2022,498,432,"86,75",428,4,"99,07",66,"13,25",34,32,"6,43"
412150,REBOUÇAS,PR,11/2022,906,897,"99,01",857,40,"95,54",9,"0,99",4,5,"0,55"
412150,REBOUÇAS,PR,09/2022,907,892,"98,35",849,43,"95,18",15,"1,65",8,7,"0,77"
412150,REBOUÇAS,PR,07/2022,919,904,"98,37",871,33,"96,35",15,"1,63",3,12,"1,31"
412160,RENASCENÇA,PR,07/2022,152,146,"96,05",138,8,"94,52",6,"3,95",3,3,"1,97"
412160,RENASCENÇA,PR,09/2022,147,144,"97,96",137,7,"95,14",3,"2,04",0,3,"2,04"
412160,RENASCENÇA,PR,11/2022,136,131,"96,32",130,1,"99,24",5,"3,68",2,3,"2,21"
412170,RESERVA,PR,11/2022,1779,1755,"98,65",1685,70,"96,01",24,"1,35",4,20,"1,12"
412170,RESERVA,PR,09/2022,1789,1761,"98,43",1661,100,"94,32",28,"1,57",5,23,"1,29"
412170,RESERVA,PR,07/2022,1796,1760,"98,00",1654,106,"93,98",36,"2,00",13,23,"1,28"
412175,RESERVA DO IGUAÇU,PR,07/2022,591,521,"88,16",520,1,"99,81",70,"11,84",8,62,"10,49"
412175,RESERVA DO IGUAÇU,PR,09/2022,550,333,"60,55",324,9,"97,30",217,"39,45",145,72,"13,09"
412175,RESERVA DO IGUAÇU,PR,11/2022,538,448,"83,27",441,7,"98,44",90,"16,73",25,65,"12,08"
412180,RIBEIRÃO CLARO,PR,11/2022,499,416,"83,37",404,12,"97,12",83,"16,63",11,72,"14,43"
412180,RIBEIRÃO CLARO,PR,09/2022,512,418,"81,64",403,15,"96,41",94,"18,36",14,80,"15,63"
412180,RIBEIRÃO CLARO,PR,07/2022,507,419,"82,64",398,21,"94,99",88,"17,36",9,79,"15,58"
412190,RIBEIRÃO DO PINHAL,PR,09/2022,847,809,"95,51",793,16,"98,02",38,"4,49",2,36,"4,25"
412190,RIBEIRÃO DO PINHAL,PR,07/2022,864,825,"95,49",809,16,"98,06",39,"4,51",9,30,"3,47"
412190,RIBEIRÃO DO PINHAL,PR,11/2022,854,813,"95,20",800,13,"98,40",41,"4,80",10,31,"3,63"
412200,RIO AZUL,PR,11/2022,503,497,"98,81",488,9,"98,19",6,"1,19",0,6,"1,19"
412200,RIO AZUL,PR,09/2022,506,501,"99,01",491,10,"98,00",5,"0,99",0,5,"0,99"
412200,RIO AZUL,PR,07/2022,502,497,"99,00",484,13,"97,38",5,"1,00",3,2,"0,40"
412210,RIO BOM,PR,09/2022,131,120,"91,60",94,26,"78,33",11,"8,40",2,9,"6,87"
412210,RIO BOM,PR,07/2022,123,110,"89,43",106,4,"96,36",13,"10,57",0,13,"10,57"
412210,RIO BOM,PR,11/2022,133,124,"93,23",110,14,"88,71",9,"6,77",1,8,"6,02"
412215,RIO BONITO DO IGUAÇU,PR,11/2022,1248,1137,"91,11",1129,8,"99,30",111,"8,89",2,109,"8,73"
412215,RIO BONITO DO IGUAÇU,PR,09/2022,1253,1128,"90,02",1081,47,"95,83",125,"9,98",7,118,"9,42"
412215,RIO BONITO DO IGUAÇU,PR,07/2022,1280,1136,"88,75",1132,4,"99,65",144,"11,25",11,133,"10,39"
412217,RIO BRANCO DO IVAÍ,PR,07/2022,316,306,"96,84",302,4,"98,69",10,"3,16",6,4,"1,27"
412217,RIO BRANCO DO IVAÍ,PR,09/2022,335,317,"94,63",297,20,"93,69",18,"5,37",14,4,"1,19"
412217,RIO BRANCO DO IVAÍ,PR,11/2022,317,311,"98,11",302,9,"97,11",6,"1,89",0,6,"1,89"
412220,RIO BRANCO DO SUL,PR,11/2022,2636,2272,"86,19",2220,52,"97,71",364,"13,81",133,231,"8,76"
412220,RIO BRANCO DO SUL,PR,09/2022,2727,2405,"88,19",2377,28,"98,84",322,"11,81",29,293,"10,74"
412220,RIO BRANCO DO SUL,PR,07/2022,2683,2094,"78,05",2068,26,"98,76",589,"21,95",290,299,"11,14"
412230,RIO NEGRO,PR,07/2022,790,712,"90,13",674,38,"94,66",78,"9,87",7,71,"8,99"
412230,RIO NEGRO,PR,09/2022,781,716,"91,68",692,24,"96,65",65,"8,32",4,61,"7,81"
412230,RIO NEGRO,PR,11/2022,754,704,"93,37",674,30,"95,74",50,"6,63",2,48,"6,37"
412240,ROLÂNDIA,PR,11/2022,1921,1758,"91,51",1609,149,"91,52",163,"8,49",8,155,"8,07"
412240,ROLÂNDIA,PR,07/2022,1923,1699,"88,35",1609,90,"94,70",224,"11,65",36,188,"9,78"
412240,ROLÂNDIA,PR,09/2022,1903,1278,"67,16",1113,165,"87,09",625,"32,84",431,194,"10,19"
412250,RONCADOR,PR,07/2022,481,427,"88,77",412,15,"96,49",54,"11,23",10,44,"9,15"
412250,RONCADOR,PR,09/2022,472,446,"94,49",428,18,"95,96",26,"5,51",8,18,"3,81"
412250,RONCADOR,PR,11/2022,448,426,"95,09",417,9,"97,89",22,"4,91",5,17,"3,79"
412260,RONDON,PR,11/2022,341,232,"68,04",223,9,"96,12",109,"31,96",23,86,"25,22"
412260,RONDON,PR,07/2022,313,170,"54,31",137,33,"80,59",143,"45,69",45,98,"31,31"
412260,RONDON,PR,09/2022,350,225,"64,29",202,23,"89,78",125,"35,71",29,96,"27,43"
412265,ROSÁRIO DO IVAÍ,PR,09/2022,344,264,"76,74",263,1,"99,62",80,"23,26",8,72,"20,93"
412265,ROSÁRIO DO IVAÍ,PR,07/2022,360,280,"77,78",276,4,"98,57",80,"22,22",7,73,"20,28"
412265,ROSÁRIO DO IVAÍ,PR,11/2022,353,284,"80,45",283,1,"99,65",69,"19,55",1,68,"19,26"
412270,SABÁUDIA,PR,11/2022,255,249,"97,65",248,1,"99,60",6,"2,35",1,5,"1,96"
412270,SABÁUDIA,PR,07/2022,256,192,"75,00",190,2,"98,96",64,"25,00",32,32,"12,50"
412270,SABÁUDIA,PR,09/2022,262,243,"92,75",241,2,"99,18",19,"7,25",3,16,"6,11"
412280,SALGADO FILHO,PR,09/2022,116,110,"94,83",106,4,"96,36",6,"5,17",3,3,"2,59"
412280,SALGADO FILHO,PR,07/2022,116,110,"94,83",109,1,"99,09",6,"5,17",3,3,"2,59"
412280,SALGADO FILHO,PR,11/2022,112,110,"98,21",106,4,"96,36",2,"1,79",0,2,"1,79"
412290,SALTO DO ITARARÉ,PR,11/2022,266,248,"93,23",247,1,"99,60",18,"6,77",3,15,"5,64"
412290,SALTO DO ITARARÉ,PR,07/2022,266,229,"86,09",229,0,"100,00",37,"13,91",3,34,"12,78"
412290,SALTO DO ITARARÉ,PR,09/2022,261,237,"90,80",225,12,"94,94",24,"9,20",1,23,"8,81"
412300,SALTO DO LONTRA,PR,07/2022,510,354,"69,41",352,2,"99,44",156,"30,59",36,120,"23,53"
412300,SALTO DO LONTRA,PR,09/2022,511,304,"59,49",303,1,"99,67",207,"40,51",87,120,"23,48"
412300,SALTO DO LONTRA,PR,11/2022,518,380,"73,36",378,2,"99,47",138,"26,64",28,110,"21,24"
412310,SANTA AMÉLIA,PR,11/2022,224,209,"93,30",208,1,"99,52",15,"6,70",7,8,"3,57"
412310,SANTA AMÉLIA,PR,07/2022,242,197,"81,40",197,0,"100,00",45,"18,60",6,39,"16,12"
412310,SANTA AMÉLIA,PR,09/2022,240,208,"86,67",203,5,"97,60",32,"13,33",6,26,"10,83"
412320,SANTA CECÍLIA DO PAVÃO,PR,09/2022,146,143,"97,95",139,4,"97,20",3,"2,05",3,0,"0,00"
412320,SANTA CECÍLIA DO PAVÃO,PR,07/2022,152,150,"98,68",149,1,"99,33",2,"1,32",1,1,"0,66"
412320,SANTA CECÍLIA DO PAVÃO,PR,11/2022,147,146,"99,32",146,0,"100,00",1,"0,68",1,0,"0,00"
412330,SANTA CRUZ DE MONTE CASTELO,PR,11/2022,459,419,"91,29",405,14,"96,66",40,"8,71",0,40,"8,71"
412330,SANTA CRUZ DE MONTE CASTELO,PR,09/2022,457,391,"85,56",373,18,"95,40",66,"14,44",2,64,"14,00"
412330,SANTA CRUZ DE MONTE CASTELO,PR,07/2022,446,374,"83,86",357,17,"95,45",72,"16,14",2,70,"15,70"
412340,SANTA FÉ,PR,07/2022,259,206,"79,54",201,5,"97,57",53,"20,46",11,42,"16,22"
412340,SANTA FÉ,PR,09/2022,265,209,"78,87",204,5,"97,61",56,"21,13",3,53,"20,00"
412340,SANTA FÉ,PR,11/2022,257,206,"80,16",198,8,"96,12",51,"19,84",3,48,"18,68"
412350,SANTA HELENA,PR,11/2022,762,678,"88,98",656,22,"96,76",84,"11,02",39,45,"5,91"
412350,SANTA HELENA,PR,09/2022,737,602,"81,68",567,35,"94,19",135,"18,32",77,58,"7,87"
412350,SANTA HELENA,PR,07/2022,703,609,"86,63",588,21,"96,55",94,"13,37",49,45,"6,40"
412360,SANTA INÊS,PR,09/2022,86,71,"82,56",69,2,"97,18",15,"17,44",0,15,"17,44"
412360,SANTA INÊS,PR,07/2022,78,32,"41,03",27,5,"84,38",46,"58,97",31,15,"19,23"
412360,SANTA INÊS,PR,11/2022,86,75,"87,21",75,0,"100,00",11,"12,79",0,11,"12,79"
412370,SANTA ISABEL DO IVAÍ,PR,11/2022,292,277,"94,86",262,15,"94,58",15,"5,14",1,14,"4,79"
412370,SANTA ISABEL DO IVAÍ,PR,07/2022,248,196,"79,03",191,5,"97,45",52,"20,97",8,44,"17,74"
412370,SANTA ISABEL DO IVAÍ,PR,09/2022,277,217,"78,34",199,18,"91,71",60,"21,66",9,51,"18,41"
412380,SANTA IZABEL DO OESTE,PR,09/2022,404,309,"76,49",289,20,"93,53",95,"23,51",17,78,"19,31"
412380,SANTA IZABEL DO OESTE,PR,07/2022,406,312,"76,85",294,18,"94,23",94,"23,15",15,79,"19,46"
412380,SANTA IZABEL DO OESTE,PR,11/2022,397,314,"79,09",301,13,"95,86",83,"20,91",9,74,"18,64"
412382,SANTA LÚCIA,PR,11/2022,136,134,"98,53",132,2,"98,51",2,"1,47",0,2,"1,47"
412382,SANTA LÚCIA,PR,09/2022,145,141,"97,24",134,7,"95,04",4,"2,76",1,3,"2,07"
412382,SANTA LÚCIA,PR,07/2022,138,134,"97,10",133,1,"99,25",4,"2,90",0,4,"2,90"
412385,SANTA MARIA DO OESTE,PR,07/2022,789,726,"92,02",706,20,"97,25",63,"7,98",7,56,"7,10"
412385,SANTA MARIA DO OESTE,PR,09/2022,752,727,"96,68",694,33,"95,46",25,"3,32",6,19,"2,53"
412385,SANTA MARIA DO OESTE,PR,11/2022,744,710,"95,43",700,10,"98,59",34,"4,57",4,30,"4,03"
412390,SANTA MARIANA,PR,11/2022,650,518,"79,69",507,11,"97,88",132,"20,31",24,108,"16,62"
412390,SANTA MARIANA,PR,07/2022,648,501,"77,31",482,19,"96,21",147,"22,69",31,116,"17,90"
412390,SANTA MARIANA,PR,09/2022,654,509,"77,83",487,22,"95,68",145,"22,17",33,112,"17,13"
412395,SANTA MÔNICA,PR,09/2022,203,182,"89,66",165,17,"90,66",21,"10,34",7,14,"6,90"
412395,SANTA MÔNICA,PR,07/2022,202,189,"93,56",175,14,"92,59",13,"6,44",0,13,"6,44"
412395,SANTA MÔNICA,PR,11/2022,182,173,"95,05",169,4,"97,69",9,"4,95",1,8,"4,40"
412400,SANTANA DO ITARARÉ,PR,11/2022,263,248,"94,30",248,0,"100,00",15,"5,70",6,9,"3,42"
412400,SANTANA DO ITARARÉ,PR,07/2022,279,255,"91,40",255,0,"100,00",24,"8,60",1,23,"8,24"
412400,SANTANA DO ITARARÉ,PR,09/2022,276,253,"91,67",241,12,"95,26",23,"8,33",1,22,"7,97"
412402,SANTA TEREZA DO OESTE,PR,07/2022,583,272,"46,66",272,0,"100,00",311,"53,34",216,95,"16,30"
412402,SANTA TEREZA DO OESTE,PR,09/2022,628,529,"84,24",529,0,"100,00",99,"15,76",5,94,"14,97"
412402,SANTA TEREZA DO OESTE,PR,11/2022,619,516,"83,36",516,0,"100,00",103,"16,64",6,97,"15,67"
412405,SANTA TEREZINHA DE ITAIPU,PR,11/2022,672,578,"86,01",575,3,"99,48",94,"13,99",64,30,"4,46"
412405,SANTA TEREZINHA DE ITAIPU,PR,07/2022,663,593,"89,44",574,19,"96,80",70,"10,56",48,22,"3,32"
412405,SANTA TEREZINHA DE ITAIPU,PR,09/2022,691,665,"96,24",648,17,"97,44",26,"3,76",5,21,"3,04"
412410,SANTO ANTÔNIO DA PLATINA,PR,07/2022,2076,1757,"84,63",1757,0,"100,00",319,"15,37",5,314,"15,13"
412410,SANTO ANTÔNIO DA PLATINA,PR,09/2022,2096,1777,"84,78",1777,0,"100,00",319,"15,22",3,316,"15,08"
412410,SANTO ANTÔNIO DA PLATINA,PR,11/2022,2077,1775,"85,46",1775,0,"100,00",302,"14,54",4,298,"14,35"
412420,SANTO ANTÔNIO DO CAIUÁ,PR,11/2022,101,98,"97,03",98,0,"100,00",3,"2,97",0,3,"2,97"
412420,SANTO ANTÔNIO DO CAIUÁ,PR,09/2022,102,99,"97,06",94,5,"94,95",3,"2,94",0,3,"2,94"
412420,SANTO ANTÔNIO DO CAIUÁ,PR,07/2022,103,98,"95,15",97,1,"98,98",5,"4,85",2,3,"2,91"
412430,SANTO ANTÔNIO DO PARAÍSO,PR,09/2022,93,82,"88,17",82,0,"100,00",11,"11,83",1,10,"10,75"
412430,SANTO ANTÔNIO DO PARAÍSO,PR,07/2022,101,83,"82,18",83,0,"100,00",18,"17,82",6,12,"11,88"
412430,SANTO ANTÔNIO DO PARAÍSO,PR,11/2022,90,89,"98,89",89,0,"100,00",1,"1,11",0,1,"1,11"
412440,SANTO ANTÔNIO DO SUDOESTE,PR,11/2022,816,606,"74,26",592,14,"97,69",210,"25,74",4,206,"25,25"
412440,SANTO ANTÔNIO DO SUDOESTE,PR,09/2022,801,558,"69,66",546,12,"97,85",243,"30,34",6,237,"29,59"
412440,SANTO ANTÔNIO DO SUDOESTE,PR,07/2022,795,550,"69,18",531,19,"96,55",245,"30,82",3,242,"30,44"
412450,SANTO INÁCIO,PR,09/2022,90,74,"82,22",72,2,"97,30",16,"17,78",2,14,"15,56"
412450,SANTO INÁCIO,PR,07/2022,93,66,"70,97",63,3,"95,45",27,"29,03",13,14,"15,05"
412450,SANTO INÁCIO,PR,11/2022,88,71,"80,68",69,2,"97,18",17,"19,32",4,13,"14,77"
412460,SÃO CARLOS DO IVAÍ,PR,11/2022,358,352,"98,32",340,12,"96,59",6,"1,68",3,3,"0,84"
412460,SÃO CARLOS DO IVAÍ,PR,07/2022,335,325,"97,01",306,19,"94,15",10,"2,99",4,6,"1,79"
412460,SÃO CARLOS DO IVAÍ,PR,09/2022,360,349,"96,94",318,31,"91,12",11,"3,06",5,6,"1,67"
412470,SÃO JERÔNIMO DA SERRA,PR,07/2022,664,587,"88,40",568,19,"96,76",77,"11,60",39,38,"5,72"
412470,SÃO JERÔNIMO DA SERRA,PR,09/2022,663,641,"96,68",628,13,"97,97",22,"3,32",1,21,"3,17"
412470,SÃO JERÔNIMO DA SERRA,PR,11/2022,656,646,"98,48",634,12,"98,14",10,"1,52",0,10,"1,52"
412480,SÃO JOÃO,PR,11/2022,294,256,"87,07",256,0,"100,00",38,"12,93",9,29,"9,86"
412480,SÃO JOÃO,PR,09/2022,305,257,"84,26",256,1,"99,61",48,"15,74",16,32,"10,49"
412480,SÃO JOÃO,PR,07/2022,300,247,"82,33",245,2,"99,19",53,"17,67",21,32,"10,67"
412490,SÃO JOÃO DO CAIUÁ,PR,07/2022,320,298,"93,13",288,10,"96,64",22,"6,88",1,21,"6,56"
412490,SÃO JOÃO DO CAIUÁ,PR,09/2022,334,311,"93,11",300,11,"96,46",23,"6,89",2,21,"6,29"
412490,SÃO JOÃO DO CAIUÁ,PR,11/2022,336,327,"97,32",321,6,"98,17",9,"2,68",0,9,"2,68"
412500,SÃO JOÃO DO IVAÍ,PR,11/2022,471,353,"74,95",338,15,"95,75",118,"25,05",62,56,"11,89"
412500,SÃO JOÃO DO IVAÍ,PR,09/2022,476,384,"80,67",346,38,"90,10",92,"19,33",37,55,"11,55"
412500,SÃO JOÃO DO IVAÍ,PR,07/2022,489,355,"72,60",346,9,"97,46",134,"27,40",78,56,"11,45"
412510,SÃO JOÃO DO TRIUNFO,PR,07/2022,467,429,"91,86",429,0,"100,00",38,"8,14",3,35,"7,49"
412510,SÃO JOÃO DO TRIUNFO,PR,09/2022,471,435,"92,36",427,8,"98,16",36,"7,64",1,35,"7,43"
412510,SÃO JOÃO DO TRIUNFO,PR,11/2022,467,432,"92,51",429,3,"99,31",35,"7,49",3,32,"6,85"
412520,SÃO JORGE D´OESTE,PR,11/2022,250,196,"78,40",194,2,"98,98",54,"21,60",1,53,"21,20"
412520,SÃO JORGE D´OESTE,PR,09/2022,250,195,"78,00",194,1,"99,49",55,"22,00",1,54,"21,60"
412520,SÃO JORGE D´OESTE,PR,07/2022,241,184,"76,35",184,0,"100,00",57,"23,65",0,57,"23,65"
412530,SÃO JORGE DO IVAÍ,PR,07/2022,134,68,"50,75",68,0,"100,00",66,"49,25",1,65,"48,51"
412530,SÃO JORGE DO IVAÍ,PR,09/2022,143,77,"53,85",77,0,"100,00",66,"46,15",0,66,"46,15"
412530,SÃO JORGE DO IVAÍ,PR,11/2022,147,83,"56,46",83,0,"100,00",64,"43,54",0,64,"43,54"
412535,SÃO JORGE DO PATROCÍNIO,PR,11/2022,120,120,"100,00",115,5,"95,83",0,"0,00",0,0,"0,00"
412535,SÃO JORGE DO PATROCÍNIO,PR,07/2022,120,119,"99,17",115,4,"96,64",1,"0,83",1,0,"0,00"
412535,SÃO JORGE DO PATROCÍNIO,PR,09/2022,116,116,"100,00",112,4,"96,55",0,"0,00",0,0,"0,00"
412540,SÃO JOSÉ DA BOA VISTA,PR,09/2022,299,280,"93,65",253,27,"90,36",19,"6,35",1,18,"6,02"
412540,SÃO JOSÉ DA BOA VISTA,PR,07/2022,302,279,"92,38",257,22,"92,11",23,"7,62",1,22,"7,28"
412540,SÃO JOSÉ DA BOA VISTA,PR,11/2022,286,274,"95,80",266,8,"97,08",12,"4,20",0,12,"4,20"
412545,SÃO JOSÉ DAS PALMEIRAS,PR,11/2022,187,185,"98,93",185,0,"100,00",2,"1,07",0,2,"1,07"
412545,SÃO JOSÉ DAS PALMEIRAS,PR,09/2022,180,145,"80,56",143,2,"98,62",35,"19,44",2,33,"18,33"
412545,SÃO JOSÉ DAS PALMEIRAS,PR,07/2022,171,140,"81,87",137,3,"97,86",31,"18,13",0,31,"18,13"
412550,SÃO JOSÉ DOS PINHAIS,PR,09/2022,11409,8109,"71,08",7564,545,"93,28",3300,"28,92",507,2793,"24,48"
412550,SÃO JOSÉ DOS PINHAIS,PR,07/2022,10176,7251,"71,26",6867,384,"94,70",2925,"28,74",229,2696,"26,49"
412550,SÃO JOSÉ DOS PINHAIS,PR,11/2022,11498,8667,"75,38",8070,597,"93,11",2831,"24,62",197,2634,"22,91"
412555,SÃO MANOEL DO PARANÁ,PR,11/2022,42,38,"90,48",34,4,"89,47",4,"9,52",1,3,"7,14"
412555,SÃO MANOEL DO PARANÁ,PR,07/2022,40,35,"87,50",27,8,"77,14",5,"12,50",0,5,"12,50"
412555,SÃO MANOEL DO PARANÁ,PR,09/2022,43,37,"86,05",34,3,"91,89",6,"13,95",2,4,"9,30"
412560,SÃO MATEUS DO SUL,PR,07/2022,1619,1434,"88,57",1417,17,"98,81",185,"11,43",7,178,"10,99"
412560,SÃO MATEUS DO SUL,PR,09/2022,1617,1433,"88,62",1383,50,"96,51",184,"11,38",7,177,"10,95"
412560,SÃO MATEUS DO SUL,PR,11/2022,1625,1457,"89,66",1387,70,"95,20",168,"10,34",0,168,"10,34"
412570,SÃO MIGUEL DO IGUAÇU,PR,11/2022,985,947,"96,14",933,14,"98,52",38,"3,86",7,31,"3,15"
412570,SÃO MIGUEL DO IGUAÇU,PR,07/2022,987,933,"94,53",924,9,"99,04",54,"5,47",27,27,"2,74"
412570,SÃO MIGUEL DO IGUAÇU,PR,09/2022,963,924,"95,95",917,7,"99,24",39,"4,05",9,30,"3,12"
412575,SÃO PEDRO DO IGUAÇU,PR,07/2022,326,236,"72,39",236,0,"100,00",90,"27,61",42,48,"14,72"
412575,SÃO PEDRO DO IGUAÇU,PR,09/2022,328,260,"79,27",258,2,"99,23",68,"20,73",13,55,"16,77"
412575,SÃO PEDRO DO IGUAÇU,PR,11/2022,327,258,"78,90",257,1,"99,61",69,"21,10",13,56,"17,13"
412580,SÃO PEDRO DO IVAÍ,PR,11/2022,477,420,"88,05",388,32,"92,38",57,"11,95",5,52,"10,90"
412580,SÃO PEDRO DO IVAÍ,PR,07/2022,447,370,"82,77",356,14,"96,22",77,"17,23",11,66,"14,77"
412580,SÃO PEDRO DO IVAÍ,PR,09/2022,475,292,"61,47",251,41,"85,96",183,"38,53",128,55,"11,58"
412590,SÃO PEDRO DO PARANÁ,PR,09/2022,84,75,"89,29",72,3,"96,00",9,"10,71",0,9,"10,71"
412590,SÃO PEDRO DO PARANÁ,PR,07/2022,84,75,"89,29",75,0,"100,00",9,"10,71",0,9,"10,71"
412590,SÃO PEDRO DO PARANÁ,PR,11/2022,86,82,"95,35",77,5,"93,90",4,"4,65",0,4,"4,65"
412600,SÃO SEBASTIÃO DA AMOREIRA,PR,11/2022,502,384,"76,49",369,15,"96,09",118,"23,51",60,58,"11,55"
412600,SÃO SEBASTIÃO DA AMOREIRA,PR,07/2022,482,307,"63,69",304,3,"99,02",175,"36,31",99,76,"15,77"
412600,SÃO SEBASTIÃO DA AMOREIRA,PR,09/2022,520,429,"82,50",420,9,"97,90",91,"17,50",10,81,"15,58"
412610,SÃO TOMÉ,PR,09/2022,230,189,"82,17",188,1,"99,47",41,"17,83",7,34,"14,78"
412610,SÃO TOMÉ,PR,07/2022,199,151,"75,88",150,1,"99,34",48,"24,12",15,33,"16,58"
412610,SÃO TOMÉ,PR,11/2022,225,189,"84,00",188,1,"99,47",36,"16,00",3,33,"14,67"
412620,SAPOPEMA,PR,11/2022,383,372,"97,13",350,22,"94,09",11,"2,87",0,11,"2,87"
412620,SAPOPEMA,PR,07/2022,406,383,"94,33",382,1,"99,74",23,"5,67",8,15,"3,69"
412620,SAPOPEMA,PR,09/2022,399,381,"95,49",356,25,"93,44",18,"4,51",5,13,"3,26"
412625,SARANDI,PR,07/2022,1848,1435,"77,65",1273,162,"88,71",413,"22,35",67,346,"18,72"
412625,SARANDI,PR,09/2022,1950,1541,"79,03",1338,203,"86,83",409,"20,97",46,363,"18,62"
412625,SARANDI,PR,11/2022,2052,1594,"77,68",1441,153,"90,40",458,"22,32",78,380,"18,52"
412627,SAUDADE DO IGUAÇU,PR,11/2022,327,304,"92,97",293,11,"96,38",23,"7,03",0,23,"7,03"
412627,SAUDADE DO IGUAÇU,PR,07/2022,336,290,"86,31",283,7,"97,59",46,"13,69",0,46,"13,69"
412627,SAUDADE DO IGUAÇU,PR,09/2022,344,298,"86,63",281,17,"94,30",46,"13,37",0,46,"13,37"
412630,SENGÉS,PR,09/2022,909,801,"88,12",786,15,"98,13",108,"11,88",0,108,"11,88"
412630,SENGÉS,PR,07/2022,922,811,"87,96",801,10,"98,77",111,"12,04",0,111,"12,04"
412630,SENGÉS,PR,11/2022,876,802,"91,55",791,11,"98,63",74,"8,45",1,73,"8,33"
412635,SERRANÓPOLIS DO IGUAÇU,PR,11/2022,84,78,"92,86",77,1,"98,72",6,"7,14",1,5,"5,95"
412635,SERRANÓPOLIS DO IGUAÇU,PR,09/2022,85,69,"81,18",68,1,"98,55",16,"18,82",3,13,"15,29"
412635,SERRANÓPOLIS DO IGUAÇU,PR,07/2022,79,58,"73,42",57,1,"98,28",21,"26,58",6,15,"18,99"
412640,SERTANEJA,PR,07/2022,158,155,"98,10",150,5,"96,77",3,"1,90",0,3,"1,90"
412640,SERTANEJA,PR,09/2022,166,161,"96,99",161,0,"100,00",5,"3,01",0,5,"3,01"
412640,SERTANEJA,PR,11/2022,168,163,"97,02",163,0,"100,00",5,"2,98",0,5,"2,98"
412650,SERTANÓPOLIS,PR,11/2022,547,509,"93,05",507,2,"99,61",38,"6,95",0,38,"6,95"
412650,SERTANÓPOLIS,PR,09/2022,536,489,"91,23",489,0,"100,00",47,"8,77",1,46,"8,58"
412650,SERTANÓPOLIS,PR,07/2022,523,463,"88,53",463,0,"100,00",60,"11,47",1,59,"11,28"
412660,SIQUEIRA CAMPOS,PR,09/2022,692,662,"95,66",613,49,"92,60",30,"4,34",1,29,"4,19"
412660,SIQUEIRA CAMPOS,PR,07/2022,700,662,"94,57",626,36,"94,56",38,"5,43",4,34,"4,86"
412660,SIQUEIRA CAMPOS,PR,11/2022,691,660,"95,51",608,52,"92,12",31,"4,49",1,30,"4,34"
412665,SULINA,PR,11/2022,119,107,"89,92",104,3,"97,20",12,"10,08",1,11,"9,24"
412665,SULINA,PR,07/2022,114,102,"89,47",101,1,"99,02",12,"10,53",2,10,"8,77"
412665,SULINA,PR,09/2022,118,104,"88,14",96,8,"92,31",14,"11,86",2,12,"10,17"
412667,TAMARANA,PR,07/2022,785,720,"91,72",695,25,"96,53",65,"8,28",1,64,"8,15"
412667,TAMARANA,PR,09/2022,782,721,"92,20",658,63,"91,26",61,"7,80",2,59,"7,54"
412667,TAMARANA,PR,11/2022,752,714,"94,95",663,51,"92,86",38,"5,05",4,34,"4,52"
412670,TAMBOARA,PR,11/2022,205,201,"98,05",194,7,"96,52",4,"1,95",1,3,"1,46"
412670,TAMBOARA,PR,07/2022,182,154,"84,62",152,2,"98,70",28,"15,38",0,28,"15,38"
412670,TAMBOARA,PR,09/2022,201,172,"85,57",167,5,"97,09",29,"14,43",0,29,"14,43"
412680,TAPEJARA,PR,09/2022,475,461,"97,05",421,40,"91,32",14,"2,95",10,4,"0,84"
412680,TAPEJARA,PR,07/2022,479,459,"95,82",422,37,"91,94",20,"4,18",8,12,"2,51"
412680,TAPEJARA,PR,11/2022,465,461,"99,14",426,35,"92,41",4,"0,86",1,3,"0,65"
412690,TAPIRA,PR,11/2022,283,264,"93,29",264,0,"100,00",19,"6,71",2,17,"6,01"
412690,TAPIRA,PR,07/2022,242,227,"93,80",213,14,"93,83",15,"6,20",1,14,"5,79"
412690,TAPIRA,PR,09/2022,268,245,"91,42",231,14,"94,29",23,"8,58",2,21,"7,84"
412700,TEIXEIRA SOARES,PR,07/2022,634,519,"81,86",511,8,"98,46",115,"18,14",40,75,"11,83"
412700,TEIXEIRA SOARES,PR,09/2022,639,548,"85,76",531,17,"96,90",91,"14,24",47,44,"6,89"
412700,TEIXEIRA SOARES,PR,11/2022,613,572,"93,31",559,13,"97,73",41,"6,69",6,35,"5,71"
412710,TELÊMACO BORBA,PR,11/2022,1778,1720,"96,74",1649,71,"95,87",58,"3,26",16,42,"2,36"
412710,TELÊMACO BORBA,PR,09/2022,1852,1791,"96,71",1661,130,"92,74",61,"3,29",17,44,"2,38"
412710,TELÊMACO BORBA,PR,07/2022,1884,1833,"97,29",1787,46,"97,49",51,"2,71",12,39,"2,07"
412720,TERRA BOA,PR,09/2022,352,337,"95,74",321,16,"95,25",15,"4,26",4,11,"3,13"
412720,TERRA BOA,PR,07/2022,338,302,"89,35",292,10,"96,69",36,"10,65",18,18,"5,33"
412720,TERRA BOA,PR,11/2022,359,339,"94,43",331,8,"97,64",20,"5,57",4,16,"4,46"
412730,TERRA RICA,PR,11/2022,758,686,"90,50",657,29,"95,77",72,"9,50",1,71,"9,37"
412730,TERRA RICA,PR,09/2022,732,638,"87,16",593,45,"92,95",94,"12,84",35,59,"8,06"
412730,TERRA RICA,PR,07/2022,677,620,"91,58",577,43,"93,06",57,"8,42",1,56,"8,27"
412740,TERRA ROXA,PR,07/2022,524,430,"82,06",400,30,"93,02",94,"17,94",24,70,"13,36"
412740,TERRA ROXA,PR,09/2022,518,452,"87,26",402,50,"88,94",66,"12,74",0,66,"12,74"
412740,TERRA ROXA,PR,11/2022,504,446,"88,49",423,23,"94,84",58,"11,51",0,58,"11,51"
412750,TIBAGI,PR,11/2022,1517,1184,"78,05",1154,30,"97,47",333,"21,95",131,202,"13,32"
412750,TIBAGI,PR,07/2022,1494,883,"59,10",851,32,"96,38",611,"40,90",403,208,"13,92"
412750,TIBAGI,PR,09/2022,1548,1328,"85,79",1286,42,"96,84",220,"14,21",8,212,"13,70"
412760,TIJUCAS DO SUL,PR,07/2022,1153,980,"85,00",960,20,"97,96",173,"15,00",13,160,"13,88"
412760,TIJUCAS DO SUL,PR,09/2022,1189,1127,"94,79",1109,18,"98,40",62,"5,21",15,47,"3,95"
412760,TIJUCAS DO SUL,PR,11/2022,1176,1115,"94,81",1111,4,"99,64",61,"5,19",7,54,"4,59"
412770,TOLEDO,PR,11/2022,2233,2118,"94,85",2019,99,"95,33",115,"5,15",12,103,"4,61"
412770,TOLEDO,PR,07/2022,2080,1794,"86,25",1709,85,"95,26",286,"13,75",55,231,"11,11"
412770,TOLEDO,PR,09/2022,2191,2079,"94,89",1945,134,"93,55",112,"5,11",21,91,"4,15"
412780,TOMAZINA,PR,09/2022,370,286,"77,30",280,6,"97,90",84,"22,70",34,50,"13,51"
412780,TOMAZINA,PR,07/2022,379,310,"81,79",287,23,"92,58",69,"18,21",26,43,"11,35"
412780,TOMAZINA,PR,11/2022,364,332,"91,21",331,1,"99,70",32,"8,79",6,26,"7,14"
412785,TRÊS BARRAS DO PARANÁ,PR,11/2022,612,607,"99,18",564,43,"92,92",5,"0,82",1,4,"0,65"
412785,TRÊS BARRAS DO PARANÁ,PR,07/2022,636,622,"97,80",571,51,"91,80",14,"2,20",6,8,"1,26"
412785,TRÊS BARRAS DO PARANÁ,PR,09/2022,637,626,"98,27",561,65,"89,62",11,"1,73",6,5,"0,78"
412788,TUNAS DO PARANÁ,PR,07/2022,629,477,"75,83",477,0,"100,00",152,"24,17",1,151,"24,01"
412788,TUNAS DO PARANÁ,PR,09/2022,624,473,"75,80",473,0,"100,00",151,"24,20",2,149,"23,88"
412788,TUNAS DO PARANÁ,PR,11/2022,630,481,"76,35",481,0,"100,00",149,"23,65",1,148,"23,49"
412790,TUNEIRAS DO OESTE,PR,11/2022,318,246,"77,36",240,6,"97,56",72,"22,64",6,66,"20,75"
412790,TUNEIRAS DO OESTE,PR,09/2022,298,136,"45,64",133,3,"97,79",162,"54,36",87,75,"25,17"
412790,TUNEIRAS DO OESTE,PR,07/2022,279,129,"46,24",129,0,"100,00",150,"53,76",76,74,"26,52"
412795,TUPÃSSI,PR,07/2022,206,157,"76,21",148,9,"94,27",49,"23,79",10,39,"18,93"
412795,TUPÃSSI,PR,09/2022,200,159,"79,50",148,11,"93,08",41,"20,50",9,32,"16,00"
412795,TUPÃSSI,PR,11/2022,199,162,"81,41",151,11,"93,21",37,"18,59",9,28,"14,07"
412796,TURVO,PR,11/2022,715,687,"96,08",669,18,"97,38",28,"3,92",3,25,"3,50"
412796,TURVO,PR,07/2022,772,576,"74,61",562,14,"97,57",196,"25,39",7,189,"24,48"
412796,TURVO,PR,09/2022,733,505,"68,89",470,35,"93,07",228,"31,11",52,176,"24,01"
412800,UBIRATÃ,PR,07/2022,957,695,"72,62",664,31,"95,54",262,"27,38",183,79,"8,25"
412800,UBIRATÃ,PR,09/2022,992,833,"83,97",798,35,"95,80",159,"16,03",65,94,"9,48"
412800,UBIRATÃ,PR,11/2022,1020,894,"87,65",871,23,"97,43",126,"12,35",7,119,"11,67"
412810,UMUARAMA,PR,11/2022,3090,2914,"94,30",2773,141,"95,16",176,"5,70",4,172,"5,57"
412810,UMUARAMA,PR,07/2022,3061,2869,"93,73",2529,340,"88,15",192,"6,27",21,171,"5,59"
412810,UMUARAMA,PR,09/2022,3089,2896,"93,75",2636,260,"91,02",193,"6,25",13,180,"5,83"
412820,UNIÃO DA VITÓRIA,PR,07/2022,2023,1945,"96,14",1897,48,"97,53",78,"3,86",34,44,"2,17"
412820,UNIÃO DA VITÓRIA,PR,09/2022,2012,1972,"98,01",1881,91,"95,39",40,"1,99",13,27,"1,34"
412820,UNIÃO DA VITÓRIA,PR,11/2022,1973,1932,"97,92",1886,46,"97,62",41,"2,08",10,31,"1,57"
412830,UNIFLOR,PR,11/2022,73,56,"76,71",56,0,"100,00",17,"23,29",0,17,"23,29"
412830,UNIFLOR,PR,07/2022,68,49,"72,06",49,0,"100,00",19,"27,94",2,17,"25,00"
412830,UNIFLOR,PR,09/2022,74,53,"71,62",53,0,"100,00",21,"28,38",2,19,"25,68"
412840,URAÍ,PR,07/2022,482,394,"81,74",379,15,"96,19",88,"18,26",3,85,"17,63"
412840,URAÍ,PR,09/2022,478,390,"81,59",383,7,"98,21",88,"18,41",2,86,"17,99"
412840,URAÍ,PR,11/2022,484,449,"92,77",449,0,"100,00",35,"7,23",2,33,"6,82"
412850,WENCESLAU BRAZ,PR,11/2022,867,819,"94,46",789,30,"96,34",48,"5,54",5,43,"4,96"
412850,WENCESLAU BRAZ,PR,09/2022,882,831,"94,22",787,44,"94,71",51,"5,78",6,45,"5,10"
412850,WENCESLAU BRAZ,PR,07/2022,876,839,"95,78",812,27,"96,78",37,"4,22",1,36,"4,11"
412853,VENTANIA,PR,07/2022,435,392,"90,11",388,4,"98,98",43,"9,89",5,38,"8,74"
412853,VENTANIA,PR,09/2022,433,394,"90,99",374,20,"94,92",39,"9,01",6,33,"7,62"
412853,VENTANIA,PR,11/2022,419,410,"97,85",395,15,"96,34",9,"2,15",3,6,"1,43"
412855,VERA CRUZ DO OESTE,PR,11/2022,257,239,"93,00",228,11,"95,40",18,"7,00",2,16,"6,23"
412855,VERA CRUZ DO OESTE,PR,09/2022,276,252,"91,30",231,21,"91,67",24,"8,70",0,24,"8,70"
412855,VERA CRUZ DO OESTE,PR,07/2022,275,251,"91,27",240,11,"95,62",24,"8,73",1,23,"8,36"
412860,VERÊ,PR,07/2022,220,132,"60,00",132,0,"100,00",88,"40,00",83,5,"2,27"
412860,VERÊ,PR,09/2022,214,126,"58,88",122,4,"96,83",88,"41,12",85,3,"1,40"
412860,VERÊ,PR,11/2022,209,207,"99,04",201,6,"97,10",2,"0,96",0,2,"0,96"
412862,ALTO PARAÍSO,PR,11/2022,178,173,"97,19",170,3,"98,27",5,"2,81",1,4,"2,25"
412862,ALTO PARAÍSO,PR,09/2022,184,179,"97,28",172,7,"96,09",5,"2,72",0,5,"2,72"
412862,ALTO PARAÍSO,PR,07/2022,184,179,"97,28",176,3,"98,32",5,"2,72",2,3,"1,63"
412863,DOUTOR ULYSSES,PR,09/2022,575,540,"93,91",540,0,"100,00",35,"6,09",7,28,"4,87"
412863,DOUTOR ULYSSES,PR,07/2022,581,509,"87,61",508,1,"99,80",72,"12,39",6,66,"11,36"
412863,DOUTOR ULYSSES,PR,11/2022,562,541,"96,26",541,0,"100,00",21,"3,74",0,21,"3,74"
412865,VIRMOND,PR,11/2022,164,156,"95,12",152,4,"97,44",8,"4,88",2,6,"3,66"
412865,VIRMOND,PR,09/2022,162,153,"94,44",149,4,"97,39",9,"5,56",3,6,"3,70"
412865,VIRMOND,PR,07/2022,158,142,"89,87",138,4,"97,18",16,"10,13",2,14,"8,86"
412870,VITORINO,PR,07/2022,317,129,"40,69",113,16,"87,60",188,"59,31",166,22,"6,94"
412870,VITORINO,PR,09/2022,347,317,"91,35",315,2,"99,37",30,"8,65",7,23,"6,63"
412870,VITORINO,PR,11/2022,329,290,"88,15",287,3,"98,97",39,"11,85",9,30,"9,12"
412880,XAMBRÊ,PR,11/2022,234,217,"92,74",209,8,"96,31",17,"7,26",2,15,"6,41"
412880,XAMBRÊ,PR,09/2022,235,220,"93,62",206,14,"93,64",15,"6,38",1,14,"5,96"
412880,XAMBRÊ,PR,07/2022,232,221,"95,26",210,11,"95,02",11,"4,74",2,9,"3,88"
330010,ANGRA DOS REIS,RJ,07/2022,10597,6323,"59,67",5821,502,"92,06",4274,"40,33",606,3668,"34,61"
330010,ANGRA DOS REIS,RJ,09/2022,11391,7110,"62,42",6565,545,"92,33",4281,"37,58",602,3679,"32,30"
330010,ANGRA DOS REIS,RJ,11/2022,11313,8309,"73,45",7727,582,"93,00",3004,"26,55",342,2662,"23,53"
330015,APERIBÉ,RJ,11/2022,484,446,"92,15",446,0,"100,00",38,"7,85",7,31,"6,40"
330015,APERIBÉ,RJ,09/2022,474,457,"96,41",457,0,"100,00",17,"3,59",12,5,"1,05"
330015,APERIBÉ,RJ,07/2022,456,440,"96,49",440,0,"100,00",16,"3,51",8,8,"1,75"
330020,ARARUAMA,RJ,07/2022,8962,3234,"36,09",3220,14,"99,57",5728,"63,91",2207,3521,"39,29"
330020,ARARUAMA,RJ,09/2022,9364,5070,"54,14",5069,1,"99,98",4294,"45,86",744,3550,"37,91"
330020,ARARUAMA,RJ,11/2022,9304,4611,"49,56",4596,15,"99,67",4693,"50,44",1284,3409,"36,64"
330022,AREAL,RJ,11/2022,699,645,"92,27",598,47,"92,71",54,"7,73",12,42,"6,01"
330022,AREAL,RJ,09/2022,743,549,"73,89",497,52,"90,53",194,"26,11",152,42,"5,65"
330022,AREAL,RJ,07/2022,743,707,"95,15",668,39,"94,48",36,"4,85",13,23,"3,10"
330023,ARMAÇÃO DOS BÚZIOS,RJ,07/2022,2045,1829,"89,44",1707,122,"93,33",216,"10,56",3,213,"10,42"
330023,ARMAÇÃO DOS BÚZIOS,RJ,09/2022,2404,2176,"90,52",2075,101,"95,36",228,"9,48",7,221,"9,19"
330023,ARMAÇÃO DOS BÚZIOS,RJ,11/2022,2429,2195,"90,37",2092,103,"95,31",234,"9,63",2,232,"9,55"
330025,ARRAIAL DO CABO,RJ,11/2022,1823,1718,"94,24",1661,57,"96,68",105,"5,76",7,98,"5,38"
330025,ARRAIAL DO CABO,RJ,09/2022,1716,1594,"92,89",1472,122,"92,35",122,"7,11",35,87,"5,07"
330025,ARRAIAL DO CABO,RJ,07/2022,1655,1315,"79,46",1208,107,"91,86",340,"20,54",15,325,"19,64"
330030,BARRA DO PIRAÍ,RJ,07/2022,4531,3149,"69,50",2705,444,"85,90",1382,"30,50",27,1355,"29,91"
330030,BARRA DO PIRAÍ,RJ,09/2022,4508,3742,"83,01",3249,493,"86,83",766,"16,99",33,733,"16,26"
330030,BARRA DO PIRAÍ,RJ,11/2022,4406,3746,"85,02",3325,421,"88,76",660,"14,98",9,651,"14,78"
330040,BARRA MANSA,RJ,11/2022,7696,7088,"92,10",6229,859,"87,88",608,"7,90",63,545,"7,08"
330040,BARRA MANSA,RJ,09/2022,7539,6464,"85,74",5473,991,"84,67",1075,"14,26",65,1010,"13,40"
330040,BARRA MANSA,RJ,07/2022,7300,6230,"85,34",5295,935,"84,99",1070,"14,66",53,1017,"13,93"
330045,BELFORD ROXO,RJ,07/2022,39034,22178,"56,82",21789,389,"98,25",16856,"43,18",3021,13835,"35,44"
330045,BELFORD ROXO,RJ,09/2022,40292,11942,"29,64",11541,401,"96,64",28350,"70,36",14451,13899,"34,50"
330045,BELFORD ROXO,RJ,11/2022,41617,27733,"66,64",27214,519,"98,13",13884,"33,36",1813,12071,"29,00"
330050,BOM JARDIM,RJ,11/2022,1228,1138,"92,67",1068,70,"93,85",90,"7,33",1,89,"7,25"
330050,BOM JARDIM,RJ,09/2022,1166,1089,"93,40",1008,81,"92,56",77,"6,60",10,67,"5,75"
330050,BOM JARDIM,RJ,07/2022,1144,1005,"87,85",959,46,"95,42",139,"12,15",15,124,"10,84"
330060,BOM JESUS DO ITABAPOANA,RJ,07/2022,1851,0,"0,00",0,0,,1851,"100,00",1514,337,"18,21"
330060,BOM JESUS DO ITABAPOANA,RJ,09/2022,2104,1596,"75,86",1596,0,"100,00",508,"24,14",176,332,"15,78"
330060,BOM JESUS DO ITABAPOANA,RJ,11/2022,2105,1648,"78,29",1648,0,"100,00",457,"21,71",144,313,"14,87"
330070,CABO FRIO,RJ,11/2022,13415,11121,"82,90",11120,1,"99,99",2294,"17,10",148,2146,"16,00"
330070,CABO FRIO,RJ,09/2022,13009,10940,"84,10",10940,0,"100,00",2069,"15,90",44,2025,"15,57"
330070,CABO FRIO,RJ,07/2022,11792,10144,"86,02",10144,0,"100,00",1648,"13,98",59,1589,"13,48"
330080,CACHOEIRAS DE MACACU,RJ,07/2022,3750,2077,"55,39",2057,20,"99,04",1673,"44,61",7,1666,"44,43"
330080,CACHOEIRAS DE MACACU,RJ,09/2022,4007,2170,"54,16",2135,35,"98,39",1837,"45,84",13,1824,"45,52"
330080,CACHOEIRAS DE MACACU,RJ,11/2022,4086,2261,"55,34",2235,26,"98,85",1825,"44,66",13,1812,"44,35"
330090,CAMBUCI,RJ,11/2022,920,766,"83,26",766,0,"100,00",154,"16,74",29,125,"13,59"
330090,CAMBUCI,RJ,09/2022,948,707,"74,58",704,3,"99,58",241,"25,42",38,203,"21,41"
330090,CAMBUCI,RJ,07/2022,925,711,"76,86",711,0,"100,00",214,"23,14",12,202,"21,84"
330093,CARAPEBUS,RJ,07/2022,905,671,"74,14",670,1,"99,85",234,"25,86",3,231,"25,52"
330093,CARAPEBUS,RJ,09/2022,997,821,"82,35",820,1,"99,88",176,"17,65",14,162,"16,25"
330093,CARAPEBUS,RJ,11/2022,993,846,"85,20",828,18,"97,87",147,"14,80",4,143,"14,40"
330095,COMENDADOR LEVY GASPARIAN,RJ,11/2022,603,569,"94,36",566,3,"99,47",34,"5,64",2,32,"5,31"
330095,COMENDADOR LEVY GASPARIAN,RJ,09/2022,614,596,"97,07",584,12,"97,99",18,"2,93",2,16,"2,61"
330095,COMENDADOR LEVY GASPARIAN,RJ,07/2022,597,542,"90,79",542,0,"100,00",55,"9,21",0,55,"9,21"
330100,CAMPOS DOS GOYTACAZES,RJ,07/2022,35184,21114,"60,01",20709,405,"98,08",14070,"39,99",493,13577,"38,59"
330100,CAMPOS DOS GOYTACAZES,RJ,09/2022,35780,21876,"61,14",21268,608,"97,22",13904,"38,86",349,13555,"37,88"
330100,CAMPOS DOS GOYTACAZES,RJ,11/2022,35547,22546,"63,43",22305,241,"98,93",13001,"36,57",154,12847,"36,14"
330110,CANTAGALO,RJ,11/2022,1160,893,"76,98",871,22,"97,54",267,"23,02",3,264,"22,76"
330110,CANTAGALO,RJ,09/2022,1156,871,"75,35",804,67,"92,31",285,"24,65",7,278,"24,05"
330110,CANTAGALO,RJ,07/2022,1162,855,"73,58",824,31,"96,37",307,"26,42",104,203,"17,47"
330115,CARDOSO MOREIRA,RJ,07/2022,1021,925,"90,60",925,0,"100,00",96,"9,40",14,82,"8,03"
330115,CARDOSO MOREIRA,RJ,09/2022,1049,964,"91,90",964,0,"100,00",85,"8,10",22,63,"6,01"
330115,CARDOSO MOREIRA,RJ,11/2022,1083,917,"84,67",906,11,"98,80",166,"15,33",1,165,"15,24"
330120,CARMO,RJ,11/2022,1145,882,"77,03",875,7,"99,21",263,"22,97",27,236,"20,61"
330120,CARMO,RJ,09/2022,1153,763,"66,18",749,14,"98,17",390,"33,82",30,360,"31,22"
330120,CARMO,RJ,07/2022,1129,803,"71,12",727,76,"90,54",326,"28,88",35,291,"25,78"
330130,CASIMIRO DE ABREU,RJ,07/2022,1979,1894,"95,70",1734,160,"91,55",85,"4,30",28,57,"2,88"
330130,CASIMIRO DE ABREU,RJ,09/2022,2294,2201,"95,95",2100,101,"95,41",93,"4,05",43,50,"2,18"
330130,CASIMIRO DE ABREU,RJ,11/2022,2309,2206,"95,54",2095,111,"94,97",103,"4,46",9,94,"4,07"
330140,CONCEIÇÃO DE MACABU,RJ,11/2022,1667,1392,"83,50",1392,0,"100,00",275,"16,50",7,268,"16,08"
330140,CONCEIÇÃO DE MACABU,RJ,09/2022,1689,1397,"82,71",1391,6,"99,57",292,"17,29",20,272,"16,10"
330140,CONCEIÇÃO DE MACABU,RJ,07/2022,1603,1155,"72,05",1155,0,"100,00",448,"27,95",7,441,"27,51"
330150,CORDEIRO,RJ,07/2022,987,730,"73,96",682,48,"93,42",257,"26,04",51,206,"20,87"
330150,CORDEIRO,RJ,09/2022,1081,795,"73,54",729,66,"91,70",286,"26,46",59,227,"21,00"
330150,CORDEIRO,RJ,11/2022,1091,858,"78,64",820,38,"95,57",233,"21,36",13,220,"20,16"
330160,DUAS BARRAS,RJ,11/2022,702,513,"73,08",485,28,"94,54",189,"26,92",16,173,"24,64"
330160,DUAS BARRAS,RJ,09/2022,697,470,"67,43",431,39,"91,70",227,"32,57",57,170,"24,39"
330160,DUAS BARRAS,RJ,07/2022,684,448,"65,50",392,56,"87,50",236,"34,50",75,161,"23,54"
330170,DUQUE DE CAXIAS,RJ,07/2022,57932,38244,"66,02",37981,263,"99,31",19688,"33,98",1212,18476,"31,89"
330170,DUQUE DE CAXIAS,RJ,09/2022,62415,41511,"66,51",41424,87,"99,79",20904,"33,49",1298,19606,"31,41"
330170,DUQUE DE CAXIAS,RJ,11/2022,63551,42942,"67,57",42543,399,"99,07",20609,"32,43",1307,19302,"30,37"
330180,ENGENHEIRO PAULO DE FRONTIN,RJ,11/2022,729,688,"94,38",664,24,"96,51",41,"5,62",7,34,"4,66"
330180,ENGENHEIRO PAULO DE FRONTIN,RJ,09/2022,710,656,"92,39",630,26,"96,04",54,"7,61",6,48,"6,76"
330180,ENGENHEIRO PAULO DE FRONTIN,RJ,07/2022,684,602,"88,01",588,14,"97,67",82,"11,99",4,78,"11,40"
330185,GUAPIMIRIM,RJ,07/2022,4288,3417,"79,69",3416,1,"99,97",871,"20,31",18,853,"19,89"
330185,GUAPIMIRIM,RJ,09/2022,4664,3831,"82,14",3831,0,"100,00",833,"17,86",10,823,"17,65"
330185,GUAPIMIRIM,RJ,11/2022,4677,3803,"81,31",3803,0,"100,00",874,"18,69",329,545,"11,65"
330187,IGUABA GRANDE,RJ,11/2022,1960,1636,"83,47",1601,35,"97,86",324,"16,53",224,100,"5,10"
330187,IGUABA GRANDE,RJ,09/2022,1863,1439,"77,24",1361,78,"94,58",424,"22,76",347,77,"4,13"
330187,IGUABA GRANDE,RJ,07/2022,1715,1497,"87,29",1434,63,"95,79",218,"12,71",137,81,"4,72"
330190,ITABORAÍ,RJ,07/2022,16623,12742,"76,65",12737,5,"99,96",3881,"23,35",562,3319,"19,97"
330190,ITABORAÍ,RJ,09/2022,17755,11267,"63,46",9559,1708,"84,84",6488,"36,54",1601,4887,"27,52"
330190,ITABORAÍ,RJ,11/2022,17592,14964,"85,06",13846,1118,"92,53",2628,"14,94",1652,976,"5,55"
330200,ITAGUAÍ,RJ,11/2022,9411,7347,"78,07",6940,407,"94,46",2064,"21,93",27,2037,"21,64"
330200,ITAGUAÍ,RJ,09/2022,9330,6079,"65,16",5666,413,"93,21",3251,"34,84",150,3101,"33,24"
330200,ITAGUAÍ,RJ,07/2022,8967,6108,"68,12",5564,544,"91,09",2859,"31,88",65,2794,"31,16"
330205,ITALVA,RJ,07/2022,698,573,"82,09",559,14,"97,56",125,"17,91",1,124,"17,77"
330205,ITALVA,RJ,09/2022,713,577,"80,93",559,18,"96,88",136,"19,07",1,135,"18,93"
330205,ITALVA,RJ,11/2022,720,628,"87,22",589,39,"93,79",92,"12,78",0,92,"12,78"
330210,ITAOCARA,RJ,11/2022,962,710,"73,80",659,51,"92,82",252,"26,20",13,239,"24,84"
330210,ITAOCARA,RJ,09/2022,975,803,"82,36",782,21,"97,38",172,"17,64",13,159,"16,31"
330210,ITAOCARA,RJ,07/2022,992,812,"81,85",777,35,"95,69",180,"18,15",15,165,"16,63"
330220,ITAPERUNA,RJ,07/2022,4157,3350,"80,59",3335,15,"99,55",807,"19,41",38,769,"18,50"
330220,ITAPERUNA,RJ,09/2022,4123,3050,"73,98",3046,4,"99,87",1073,"26,02",870,203,"4,92"
330220,ITAPERUNA,RJ,11/2022,4203,3803,"90,48",3772,31,"99,18",400,"9,52",10,390,"9,28"
330225,ITATIAIA,RJ,11/2022,1753,1647,"93,95",1561,86,"94,78",106,"6,05",9,97,"5,53"
330225,ITATIAIA,RJ,09/2022,1732,1660,"95,84",1557,103,"93,80",72,"4,16",15,57,"3,29"
330225,ITATIAIA,RJ,07/2022,1624,1514,"93,23",1401,113,"92,54",110,"6,77",4,106,"6,53"
330227,JAPERI,RJ,07/2022,8365,3846,"45,98",3561,285,"92,59",4519,"54,02",797,3722,"44,49"
330227,JAPERI,RJ,09/2022,8783,3948,"44,95",3805,143,"96,38",4835,"55,05",1141,3694,"42,06"
330227,JAPERI,RJ,11/2022,8654,4980,"57,55",4645,335,"93,27",3674,"42,45",250,3424,"39,57"
330230,LAJE DO MURIAÉ,RJ,11/2022,511,487,"95,30",466,21,"95,69",24,"4,70",1,23,"4,50"
330230,LAJE DO MURIAÉ,RJ,09/2022,540,505,"93,52",498,7,"98,61",35,"6,48",3,32,"5,93"
330230,LAJE DO MURIAÉ,RJ,07/2022,556,499,"89,75",497,2,"99,60",57,"10,25",1,56,"10,07"
330240,MACAÉ,RJ,07/2022,12356,8729,"70,65",8315,414,"95,26",3627,"29,35",532,3095,"25,05"
330240,MACAÉ,RJ,09/2022,13319,8833,"66,32",8314,519,"94,12",4486,"33,68",1137,3349,"25,14"
330240,MACAÉ,RJ,11/2022,13580,9583,"70,57",8954,629,"93,44",3997,"29,43",649,3348,"24,65"
330245,MACUCO,RJ,11/2022,511,444,"86,89",430,14,"96,85",67,"13,11",6,61,"11,94"
330245,MACUCO,RJ,09/2022,514,452,"87,94",438,14,"96,90",62,"12,06",9,53,"10,31"
330245,MACUCO,RJ,07/2022,501,440,"87,82",413,27,"93,86",61,"12,18",10,51,"10,18"
330250,MAGÉ,RJ,07/2022,19285,12439,"64,50",11904,535,"95,70",6846,"35,50",461,6385,"33,11"
330250,MAGÉ,RJ,09/2022,20640,13532,"65,56",12751,781,"94,23",7108,"34,44",281,6827,"33,08"
330250,MAGÉ,RJ,11/2022,20921,14097,"67,38",13407,690,"95,11",6824,"32,62",293,6531,"31,22"
330260,MANGARATIBA,RJ,11/2022,2573,2129,"82,74",2129,0,"100,00",444,"17,26",9,435,"16,91"
330260,MANGARATIBA,RJ,09/2022,2426,1993,"82,15",1993,0,"100,00",433,"17,85",8,425,"17,52"
330260,MANGARATIBA,RJ,07/2022,2188,1800,"82,27",1800,0,"100,00",388,"17,73",16,372,"17,00"
330270,MARICÁ,RJ,07/2022,7740,7139,"92,24",6389,750,"89,49",601,"7,76",66,535,"6,91"
330270,MARICÁ,RJ,09/2022,8648,7897,"91,32",7058,839,"89,38",751,"8,68",43,708,"8,19"
330270,MARICÁ,RJ,11/2022,9053,8106,"89,54",7513,593,"92,68",947,"10,46",59,888,"9,81"
330280,MENDES,RJ,11/2022,1023,982,"95,99",888,94,"90,43",41,"4,01",0,41,"4,01"
330280,MENDES,RJ,09/2022,987,951,"96,35",888,63,"93,38",36,"3,65",2,34,"3,44"
330280,MENDES,RJ,07/2022,934,889,"95,18",749,140,"84,25",45,"4,82",1,44,"4,71"
330285,MESQUITA,RJ,07/2022,10975,8876,"80,87",8842,34,"99,62",2099,"19,13",249,1850,"16,86"
330285,MESQUITA,RJ,09/2022,11467,8347,"72,79",8311,36,"99,57",3120,"27,21",1239,1881,"16,40"
330285,MESQUITA,RJ,11/2022,11503,9641,"83,81",9616,25,"99,74",1862,"16,19",116,1746,"15,18"
330290,MIGUEL PEREIRA,RJ,11/2022,1589,324,"20,39",324,0,"100,00",1265,"79,61",1104,161,"10,13"
330290,MIGUEL PEREIRA,RJ,09/2022,1583,0,"0,00",0,0,,1583,"100,00",1416,167,"10,55"
330290,MIGUEL PEREIRA,RJ,07/2022,1497,0,"0,00",0,0,,1497,"100,00",1356,141,"9,42"
330300,MIRACEMA,RJ,07/2022,1867,1656,"88,70",1590,66,"96,01",211,"11,30",8,203,"10,87"
330300,MIRACEMA,RJ,09/2022,1958,1778,"90,81",1723,55,"96,91",180,"9,19",6,174,"8,89"
330300,MIRACEMA,RJ,11/2022,1983,1827,"92,13",1760,67,"96,33",156,"7,87",2,154,"7,77"
330310,NATIVIDADE,RJ,11/2022,986,921,"93,41",907,14,"98,48",65,"6,59",0,65,"6,59"
330310,NATIVIDADE,RJ,09/2022,995,707,"71,06",697,10,"98,59",288,"28,94",227,61,"6,13"
330310,NATIVIDADE,RJ,07/2022,981,916,"93,37",911,5,"99,45",65,"6,63",0,65,"6,63"
330320,NILÓPOLIS,RJ,07/2022,7724,4795,"62,08",4795,0,"100,00",2929,"37,92",1089,1840,"23,82"
330320,NILÓPOLIS,RJ,09/2022,7665,4866,"63,48",4862,4,"99,92",2799,"36,52",2110,689,"8,99"
330320,NILÓPOLIS,RJ,11/2022,7569,4729,"62,48",4669,60,"98,73",2840,"37,52",1652,1188,"15,70"
330330,NITERÓI,RJ,11/2022,18848,11453,"60,77",10713,740,"93,54",7395,"39,23",80,7315,"38,81"
330330,NITERÓI,RJ,09/2022,18230,10358,"56,82",9422,936,"90,96",7872,"43,18",96,7776,"42,65"
330330,NITERÓI,RJ,07/2022,16311,8509,"52,17",7982,527,"93,81",7802,"47,83",62,7740,"47,45"
330340,NOVA FRIBURGO,RJ,07/2022,6265,5056,"80,70",4706,350,"93,08",1209,"19,30",16,1193,"19,04"
330340,NOVA FRIBURGO,RJ,09/2022,6715,5386,"80,21",5079,307,"94,30",1329,"19,79",37,1292,"19,24"
330340,NOVA FRIBURGO,RJ,11/2022,6739,5692,"84,46",5251,441,"92,25",1047,"15,54",36,1011,"15,00"
330350,NOVA IGUAÇU,RJ,11/2022,69475,40387,"58,13",39797,590,"98,54",29088,"41,87",309,28779,"41,42"
330350,NOVA IGUAÇU,RJ,09/2022,69774,39007,"55,90",38432,575,"98,53",30767,"44,10",830,29937,"42,91"
330350,NOVA IGUAÇU,RJ,07/2022,65743,36243,"55,13",35633,610,"98,32",29500,"44,87",387,29113,"44,28"
330360,PARACAMBI,RJ,07/2022,2818,2492,"88,43",2453,39,"98,43",326,"11,57",20,306,"10,86"
330360,PARACAMBI,RJ,09/2022,2960,2733,"92,33",2664,69,"97,48",227,"7,67",36,191,"6,45"
330360,PARACAMBI,RJ,11/2022,2899,2660,"91,76",2634,26,"99,02",239,"8,24",18,221,"7,62"
330370,PARAÍBA DO SUL,RJ,11/2022,2648,2441,"92,18",2296,145,"94,06",207,"7,82",7,200,"7,55"
330370,PARAÍBA DO SUL,RJ,09/2022,2657,2383,"89,69",2241,142,"94,04",274,"10,31",52,222,"8,36"
330370,PARAÍBA DO SUL,RJ,07/2022,2676,2161,"80,75",2105,56,"97,41",515,"19,25",8,507,"18,95"
330380,PARATI,RJ,07/2022,2345,1630,"69,51",1625,5,"99,69",715,"30,49",164,551,"23,50"
330380,PARATI,RJ,09/2022,2543,894,"35,16",850,44,"95,08",1649,"64,84",1023,626,"24,62"
330380,PARATI,RJ,11/2022,2734,1984,"72,57",1981,3,"99,85",750,"27,43",136,614,"22,46"
330385,PATY DO ALFERES,RJ,11/2022,2007,1817,"90,53",1810,7,"99,61",190,"9,47",70,120,"5,98"
330385,PATY DO ALFERES,RJ,09/2022,2018,1500,"74,33",1469,31,"97,93",518,"25,67",242,276,"13,68"
330385,PATY DO ALFERES,RJ,07/2022,2020,1841,"91,14",1810,31,"98,32",179,"8,86",64,115,"5,69"
330390,PETRÓPOLIS,RJ,07/2022,12608,9587,"76,04",8736,851,"91,12",3021,"23,96",1465,1556,"12,34"
330390,PETRÓPOLIS,RJ,09/2022,13432,12347,"91,92",11076,1271,"89,71",1085,"8,08",34,1051,"7,82"
330390,PETRÓPOLIS,RJ,11/2022,13633,12923,"94,79",11805,1118,"91,35",710,"5,21",55,655,"4,80"
330395,PINHEIRAL,RJ,11/2022,1590,1326,"83,40",1323,3,"99,77",264,"16,60",5,259,"16,29"
330395,PINHEIRAL,RJ,09/2022,1628,1262,"77,52",1176,86,"93,19",366,"22,48",10,356,"21,87"
330395,PINHEIRAL,RJ,07/2022,1529,1037,"67,82",907,130,"87,46",492,"32,18",4,488,"31,92"
330400,PIRAÍ,RJ,07/2022,1594,1315,"82,50",1224,91,"93,08",279,"17,50",206,73,"4,58"
330400,PIRAÍ,RJ,09/2022,1680,1602,"95,36",1529,73,"95,44",78,"4,64",20,58,"3,45"
330400,PIRAÍ,RJ,11/2022,1661,1542,"92,84",1488,54,"96,50",119,"7,16",9,110,"6,62"
330410,PORCIÚNCULA,RJ,11/2022,1276,940,"73,67",923,17,"98,19",336,"26,33",6,330,"25,86"
330410,PORCIÚNCULA,RJ,09/2022,1275,917,"71,92",904,13,"98,58",358,"28,08",22,336,"26,35"
330410,PORCIÚNCULA,RJ,07/2022,1253,901,"71,91",885,16,"98,22",352,"28,09",10,342,"27,29"
330411,PORTO REAL,RJ,07/2022,1222,992,"81,18",918,74,"92,54",230,"18,82",3,227,"18,58"
330411,PORTO REAL,RJ,09/2022,1289,1061,"82,31",1011,50,"95,29",228,"17,69",14,214,"16,60"
330411,PORTO REAL,RJ,11/2022,1283,1125,"87,69",1086,39,"96,53",158,"12,31",1,157,"12,24"
330412,QUATIS,RJ,11/2022,815,742,"91,04",728,14,"98,11",73,"8,96",0,73,"8,96"
330412,QUATIS,RJ,09/2022,814,743,"91,28",667,76,"89,77",71,"8,72",6,65,"7,99"
330412,QUATIS,RJ,07/2022,796,691,"86,81",631,60,"91,32",105,"13,19",41,64,"8,04"
330414,QUEIMADOS,RJ,07/2022,11365,5032,"44,28",4868,164,"96,74",6333,"55,72",1498,4835,"42,54"
330414,QUEIMADOS,RJ,09/2022,12062,6021,"49,92",5777,244,"95,95",6041,"50,08",1148,4893,"40,57"
330414,QUEIMADOS,RJ,11/2022,12008,5934,"49,42",5759,175,"97,05",6074,"50,58",1318,4756,"39,61"
330415,QUISSAMÃ,RJ,11/2022,1835,1533,"83,54",1475,58,"96,22",302,"16,46",1,301,"16,40"
330415,QUISSAMÃ,RJ,09/2022,1876,1755,"93,55",1693,62,"96,47",121,"6,45",23,98,"5,22"
330415,QUISSAMÃ,RJ,07/2022,1820,1719,"94,45",1719,0,"100,00",101,"5,55",2,99,"5,44"
330420,RESENDE,RJ,07/2022,4665,3161,"67,76",2667,494,"84,37",1504,"32,24",28,1476,"31,64"
330420,RESENDE,RJ,09/2022,4840,4531,"93,62",4211,320,"92,94",309,"6,38",35,274,"5,66"
330420,RESENDE,RJ,11/2022,4836,4567,"94,44",4231,336,"92,64",269,"5,56",24,245,"5,07"
330430,RIO BONITO,RJ,11/2022,3890,3635,"93,44",3482,153,"95,79",255,"6,56",12,243,"6,25"
330430,RIO BONITO,RJ,09/2022,3915,3710,"94,76",3509,201,"94,58",205,"5,24",27,178,"4,55"
330430,RIO BONITO,RJ,07/2022,3691,3465,"93,88",3366,99,"97,14",226,"6,12",42,184,"4,99"
330440,RIO CLARO,RJ,07/2022,1018,908,"89,19",881,27,"97,03",110,"10,81",15,95,"9,33"
330440,RIO CLARO,RJ,09/2022,1064,934,"87,78",892,42,"95,50",130,"12,22",9,121,"11,37"
330440,RIO CLARO,RJ,11/2022,1068,959,"89,79",923,36,"96,25",109,"10,21",6,103,"9,64"
330450,RIO DAS FLORES,RJ,11/2022,670,538,"80,30",517,21,"96,10",132,"19,70",13,119,"17,76"
330450,RIO DAS FLORES,RJ,09/2022,665,537,"80,75",507,30,"94,41",128,"19,25",11,117,"17,59"
330450,RIO DAS FLORES,RJ,07/2022,674,517,"76,71",465,52,"89,94",157,"23,29",33,124,"18,40"
330452,RIO DAS OSTRAS,RJ,07/2022,7415,5753,"77,59",5357,396,"93,12",1662,"22,41",424,1238,"16,70"
330452,RIO DAS OSTRAS,RJ,09/2022,8179,6082,"74,36",5680,402,"93,39",2097,"25,64",944,1153,"14,10"
330452,RIO DAS OSTRAS,RJ,11/2022,8578,7167,"83,55",6717,450,"93,72",1411,"16,45",271,1140,"13,29"
330455,RIO DE JANEIRO,RJ,11/2022,295014,224559,"76,12",219652,4907,"97,81",70455,"23,88",13299,57156,"19,37"
330455,RIO DE JANEIRO,RJ,09/2022,292315,204795,"70,06",199191,5604,"97,26",87520,"29,94",20482,67038,"22,93"
330455,RIO DE JANEIRO,RJ,07/2022,269846,187883,"69,63",183473,4410,"97,65",81963,"30,37",17688,64275,"23,82"
330460,SANTA MARIA MADALENA,RJ,07/2022,573,491,"85,69",444,47,"90,43",82,"14,31",1,81,"14,14"
330460,SANTA MARIA MADALENA,RJ,09/2022,568,474,"83,45",430,44,"90,72",94,"16,55",3,91,"16,02"
330460,SANTA MARIA MADALENA,RJ,11/2022,560,474,"84,64",435,39,"91,77",86,"15,36",1,85,"15,18"
330470,SANTO ANTÔNIO DE PÁDUA,RJ,11/2022,1910,1352,"70,79",1281,71,"94,75",558,"29,21",101,457,"23,93"
330470,SANTO ANTÔNIO DE PÁDUA,RJ,09/2022,1909,1312,"68,73",1248,64,"95,12",597,"31,27",126,471,"24,67"
330470,SANTO ANTÔNIO DE PÁDUA,RJ,07/2022,1864,1248,"66,95",1202,46,"96,31",616,"33,05",147,469,"25,16"
330475,SÃO FRANCISCO DE ITABAPOANA,RJ,07/2022,4384,3689,"84,15",3509,180,"95,12",695,"15,85",9,686,"15,65"
330475,SÃO FRANCISCO DE ITABAPOANA,RJ,09/2022,4370,3670,"83,98",3370,300,"91,83",700,"16,02",20,680,"15,56"
330475,SÃO FRANCISCO DE ITABAPOANA,RJ,11/2022,4323,3686,"85,26",3404,282,"92,35",637,"14,74",1,636,"14,71"
330480,SÃO FIDÉLIS,RJ,11/2022,2403,2175,"90,51",2123,52,"97,61",228,"9,49",6,222,"9,24"
330480,SÃO FIDÉLIS,RJ,09/2022,2425,2197,"90,60",2105,92,"95,81",228,"9,40",4,224,"9,24"
330480,SÃO FIDÉLIS,RJ,07/2022,2382,2172,"91,18",2105,67,"96,92",210,"8,82",1,209,"8,77"
330490,SÃO GONÇALO,RJ,07/2022,44494,16384,"36,82",13652,2732,"83,33",28110,"63,18",294,27816,"62,52"
330490,SÃO GONÇALO,RJ,09/2022,46383,17499,"37,73",14953,2546,"85,45",28884,"62,27",310,28574,"61,60"
330490,SÃO GONÇALO,RJ,11/2022,46637,21035,"45,10",19472,1563,"92,57",25602,"54,90",217,25385,"54,43"
330500,SÃO JOÃO DA BARRA,RJ,11/2022,3667,2838,"77,39",2837,1,"99,96",829,"22,61",2,827,"22,55"
330500,SÃO JOÃO DA BARRA,RJ,09/2022,3592,2457,"68,40",2457,0,"100,00",1135,"31,60",250,885,"24,64"
330500,SÃO JOÃO DA BARRA,RJ,07/2022,3319,2515,"75,78",2490,25,"99,01",804,"24,22",10,794,"23,92"
330510,SÃO JOÃO DE MERITI,RJ,07/2022,19541,8292,"42,43",7865,427,"94,85",11249,"57,57",2218,9031,"46,22"
330510,SÃO JOÃO DE MERITI,RJ,09/2022,20597,9864,"47,89",9420,444,"95,50",10733,"52,11",1344,9389,"45,58"
330510,SÃO JOÃO DE MERITI,RJ,11/2022,21332,11554,"54,16",11247,307,"97,34",9778,"45,84",561,9217,"43,21"
330513,SÃO JOSÉ DE UBÁ,RJ,11/2022,504,445,"88,29",431,14,"96,85",59,"11,71",5,54,"10,71"
330513,SÃO JOSÉ DE UBÁ,RJ,09/2022,506,261,"51,58",245,16,"93,87",245,"48,42",185,60,"11,86"
330513,SÃO JOSÉ DE UBÁ,RJ,07/2022,498,259,"52,01",252,7,"97,30",239,"47,99",183,56,"11,24"
330515,SÃO JOSÉ DO VALE DO RIO PRETO,RJ,07/2022,1237,917,"74,13",863,54,"94,11",320,"25,87",119,201,"16,25"
330515,SÃO JOSÉ DO VALE DO RIO PRETO,RJ,09/2022,1275,870,"68,24",794,76,"91,26",405,"31,76",202,203,"15,92"
330515,SÃO JOSÉ DO VALE DO RIO PRETO,RJ,11/2022,1277,994,"77,84",936,58,"94,16",283,"22,16",90,193,"15,11"
330520,SÃO PEDRO DA ALDEIA,RJ,11/2022,6423,4473,"69,64",4457,16,"99,64",1950,"30,36",27,1923,"29,94"
330520,SÃO PEDRO DA ALDEIA,RJ,09/2022,6252,4258,"68,11",4197,61,"98,57",1994,"31,89",37,1957,"31,30"
330520,SÃO PEDRO DA ALDEIA,RJ,07/2022,5671,3800,"67,01",3756,44,"98,84",1871,"32,99",27,1844,"32,52"
330530,SÃO SEBASTIÃO DO ALTO,RJ,07/2022,546,258,"47,25",240,18,"93,02",288,"52,75",226,62,"11,36"
330530,SÃO SEBASTIÃO DO ALTO,RJ,09/2022,542,374,"69,00",351,23,"93,85",168,"31,00",77,91,"16,79"
330530,SÃO SEBASTIÃO DO ALTO,RJ,11/2022,528,390,"73,86",376,14,"96,41",138,"26,14",23,115,"21,78"
330540,SAPUCAIA,RJ,11/2022,1138,917,"80,58",901,16,"98,26",221,"19,42",3,218,"19,16"
330540,SAPUCAIA,RJ,09/2022,1133,898,"79,26",876,22,"97,55",235,"20,74",5,230,"20,30"
330540,SAPUCAIA,RJ,07/2022,1141,896,"78,53",803,93,"89,62",245,"21,47",9,236,"20,68"
330550,SAQUAREMA,RJ,07/2022,4554,2767,"60,76",2652,115,"95,84",1787,"39,24",58,1729,"37,97"
330550,SAQUAREMA,RJ,09/2022,5167,2979,"57,65",2824,155,"94,80",2188,"42,35",194,1994,"38,59"
330550,SAQUAREMA,RJ,11/2022,5366,4059,"75,64",4039,20,"99,51",1307,"24,36",122,1185,"22,08"
330555,SEROPÉDICA,RJ,11/2022,7559,6291,"83,23",6291,0,"100,00",1268,"16,77",28,1240,"16,40"
330555,SEROPÉDICA,RJ,09/2022,7180,2247,"31,30",2243,4,"99,82",4933,"68,70",3832,1101,"15,33"
330555,SEROPÉDICA,RJ,07/2022,7125,5869,"82,37",5869,0,"100,00",1256,"17,63",233,1023,"14,36"
330560,SILVA JARDIM,RJ,07/2022,1824,1736,"95,18",1704,32,"98,16",88,"4,82",31,57,"3,13"
330560,SILVA JARDIM,RJ,09/2022,1800,1708,"94,89",1661,47,"97,25",92,"5,11",23,69,"3,83"
330560,SILVA JARDIM,RJ,11/2022,1768,1674,"94,68",1665,9,"99,46",94,"5,32",14,80,"4,52"
330570,SUMIDOURO,RJ,11/2022,1236,969,"78,40",969,0,"100,00",267,"21,60",27,240,"19,42"
330570,SUMIDOURO,RJ,09/2022,1240,955,"77,02",955,0,"100,00",285,"22,98",45,240,"19,35"
330570,SUMIDOURO,RJ,07/2022,1190,933,"78,40",931,2,"99,79",257,"21,60",27,230,"19,33"
330575,TANGUÁ,RJ,07/2022,2704,2329,"86,13",2302,27,"98,84",375,"13,87",1,374,"13,83"
330575,TANGUÁ,RJ,09/2022,2857,2424,"84,84",2416,8,"99,67",433,"15,16",6,427,"14,95"
330575,TANGUÁ,RJ,11/2022,2847,2341,"82,23",2335,6,"99,74",506,"17,77",11,495,"17,39"
330580,TERESÓPOLIS,RJ,11/2022,8879,7176,"80,82",6961,215,"97,00",1703,"19,18",1478,225,"2,53"
330580,TERESÓPOLIS,RJ,09/2022,8532,5647,"66,19",5369,278,"95,08",2885,"33,81",2727,158,"1,85"
330580,TERESÓPOLIS,RJ,07/2022,7761,5868,"75,61",5585,283,"95,18",1893,"24,39",1714,179,"2,31"
330590,TRAJANO DE MORAIS,RJ,07/2022,724,520,"71,82",500,20,"96,15",204,"28,18",8,196,"27,07"
330590,TRAJANO DE MORAIS,RJ,09/2022,723,492,"68,05",466,26,"94,72",231,"31,95",21,210,"29,05"
330590,TRAJANO DE MORAIS,RJ,11/2022,716,493,"68,85",471,22,"95,54",223,"31,15",8,215,"30,03"
330600,TRÊS RIOS,RJ,11/2022,5418,4866,"89,81",4649,217,"95,54",552,"10,19",12,540,"9,97"
330600,TRÊS RIOS,RJ,09/2022,5368,4560,"84,95",4293,267,"94,14",808,"15,05",209,599,"11,16"
330600,TRÊS RIOS,RJ,07/2022,5108,4595,"89,96",4417,178,"96,13",513,"10,04",20,493,"9,65"
330610,VALENÇA,RJ,07/2022,4569,594,"13,00",552,42,"92,93",3975,"87,00",2890,1085,"23,75"
330610,VALENÇA,RJ,09/2022,4655,1835,"39,42",1734,101,"94,50",2820,"60,58",1023,1797,"38,60"
330610,VALENÇA,RJ,11/2022,4625,2479,"53,60",2364,115,"95,36",2146,"46,40",341,1805,"39,03"
330615,VARRE-SAI,RJ,11/2022,943,817,"86,64",811,6,"99,27",126,"13,36",74,52,"5,51"
330615,VARRE-SAI,RJ,09/2022,964,822,"85,27",822,0,"100,00",142,"14,73",13,129,"13,38"
330615,VARRE-SAI,RJ,07/2022,960,818,"85,21",815,3,"99,63",142,"14,79",10,132,"13,75"
330620,VASSOURAS,RJ,07/2022,1789,1473,"82,34",1442,31,"97,90",316,"17,66",7,309,"17,27"
330620,VASSOURAS,RJ,09/2022,1779,1690,"95,00",1670,20,"98,82",89,"5,00",9,80,"4,50"
330620,VASSOURAS,RJ,11/2022,1792,1697,"94,70",1615,82,"95,17",95,"5,30",13,82,"4,58"
330630,VOLTA REDONDA,RJ,11/2022,11969,9037,"75,50",8587,450,"95,02",2932,"24,50",1107,1825,"15,25"
330630,VOLTA REDONDA,RJ,09/2022,11771,7645,"64,95",7167,478,"93,75",4126,"35,05",2387,1739,"14,77"
330630,VOLTA REDONDA,RJ,07/2022,11178,8216,"73,50",7564,652,"92,06",2962,"26,50",1174,1788,"16,00"
240010,ACARI,RN,09/2022,849,727,"85,63",724,3,"99,59",122,"14,37",76,46,"5,42"
240010,ACARI,RN,11/2022,813,749,"92,13",741,8,"98,93",64,"7,87",48,16,"1,97"
240010,ACARI,RN,07/2022,877,790,"90,08",788,2,"99,75",87,"9,92",42,45,"5,13"
240020,AÇU,RN,07/2022,5320,4709,"88,52",4709,0,"100,00",611,"11,48",13,598,"11,24"
240020,AÇU,RN,11/2022,5359,4612,"86,06",4612,0,"100,00",747,"13,94",131,616,"11,49"
240020,AÇU,RN,09/2022,5187,0,"0,00",0,0,,5187,"100,00",4583,604,"11,64"
240030,AFONSO BEZERRA,RN,09/2022,1270,902,"71,02",902,0,"100,00",368,"28,98",13,355,"27,95"
240030,AFONSO BEZERRA,RN,11/2022,1242,900,"72,46",900,0,"100,00",342,"27,54",5,337,"27,13"
240030,AFONSO BEZERRA,RN,07/2022,1257,897,"71,36",897,0,"100,00",360,"28,64",11,349,"27,76"
240040,ÁGUA NOVA,RN,07/2022,341,321,"94,13",321,0,"100,00",20,"5,87",1,19,"5,57"
240040,ÁGUA NOVA,RN,11/2022,321,304,"94,70",302,2,"99,34",17,"5,30",13,4,"1,25"
240040,ÁGUA NOVA,RN,09/2022,322,78,"24,22",77,1,"98,72",244,"75,78",234,10,"3,11"
240050,ALEXANDRIA,RN,09/2022,1195,1020,"85,36",1014,6,"99,41",175,"14,64",3,172,"14,39"
240050,ALEXANDRIA,RN,11/2022,1172,1036,"88,40",1036,0,"100,00",136,"11,60",0,136,"11,60"
240050,ALEXANDRIA,RN,07/2022,1211,1009,"83,32",992,17,"98,32",202,"16,68",6,196,"16,18"
240060,ALMINO AFONSO,RN,07/2022,490,439,"89,59",439,0,"100,00",51,"10,41",19,32,"6,53"
240060,ALMINO AFONSO,RN,11/2022,493,454,"92,09",454,0,"100,00",39,"7,91",9,30,"6,09"
240060,ALMINO AFONSO,RN,09/2022,493,454,"92,09",454,0,"100,00",39,"7,91",8,31,"6,29"
240070,ALTO DO RODRIGUES,RN,09/2022,1038,987,"95,09",866,121,"87,74",51,"4,91",6,45,"4,34"
240070,ALTO DO RODRIGUES,RN,11/2022,1027,976,"95,03",868,108,"88,93",51,"4,97",2,49,"4,77"
240070,ALTO DO RODRIGUES,RN,07/2022,1047,899,"85,86",800,99,"88,99",148,"14,14",3,145,"13,85"
240080,ANGICOS,RN,07/2022,1011,687,"67,95",533,154,"77,58",324,"32,05",295,29,"2,87"
240080,ANGICOS,RN,11/2022,992,877,"88,41",821,56,"93,61",115,"11,59",86,29,"2,92"
240080,ANGICOS,RN,09/2022,995,742,"74,57",642,100,"86,52",253,"25,43",230,23,"2,31"
240090,ANTÔNIO MARTINS,RN,09/2022,659,598,"90,74",580,18,"96,99",61,"9,26",13,48,"7,28"
240090,ANTÔNIO MARTINS,RN,11/2022,636,585,"91,98",572,13,"97,78",51,"8,02",4,47,"7,39"
240090,ANTÔNIO MARTINS,RN,07/2022,663,608,"91,70",603,5,"99,18",55,"8,30",8,47,"7,09"
240100,APODI,RN,07/2022,3028,2370,"78,27",2302,68,"97,13",658,"21,73",28,630,"20,81"
240100,APODI,RN,11/2022,3038,2497,"82,19",2458,39,"98,44",541,"17,81",14,527,"17,35"
240100,APODI,RN,09/2022,3070,2385,"77,69",2348,37,"98,45",685,"22,31",36,649,"21,14"
240110,AREIA BRANCA,RN,09/2022,2031,975,"48,01",949,26,"97,33",1056,"51,99",96,960,"47,27"
240110,AREIA BRANCA,RN,11/2022,1998,980,"49,05",952,28,"97,14",1018,"50,95",94,924,"46,25"
240110,AREIA BRANCA,RN,07/2022,2014,852,"42,30",849,3,"99,65",1162,"57,70",218,944,"46,87"
240120,ARÊS,RN,07/2022,1491,1334,"89,47",1311,23,"98,28",157,"10,53",22,135,"9,05"
240120,ARÊS,RN,11/2022,1468,1309,"89,17",1294,15,"98,85",159,"10,83",8,151,"10,29"
240120,ARÊS,RN,09/2022,1480,1324,"89,46",1300,24,"98,19",156,"10,54",8,148,"10,00"
240130,AUGUSTO SEVERO,RN,09/2022,1009,204,"20,22",199,5,"97,55",805,"79,78",657,148,"14,67"
240130,AUGUSTO SEVERO,RN,11/2022,968,835,"86,26",830,5,"99,40",133,"13,74",8,125,"12,91"
240130,AUGUSTO SEVERO,RN,07/2022,1018,852,"83,69",847,5,"99,41",166,"16,31",14,152,"14,93"
240140,BAÍA FORMOSA,RN,07/2022,845,717,"84,85",717,0,"100,00",128,"15,15",65,63,"7,46"
240140,BAÍA FORMOSA,RN,11/2022,844,644,"76,30",638,6,"99,07",200,"23,70",1,199,"23,58"
240140,BAÍA FORMOSA,RN,09/2022,853,726,"85,11",726,0,"100,00",127,"14,89",66,61,"7,15"
240145,BARAÚNA,RN,09/2022,3022,1521,"50,33",1514,7,"99,54",1501,"49,67",832,669,"22,14"
240145,BARAÚNA,RN,11/2022,3043,2506,"82,35",2480,26,"98,96",537,"17,65",123,414,"13,60"
240145,BARAÚNA,RN,07/2022,3103,1867,"60,17",1866,1,"99,95",1236,"39,83",303,933,"30,07"
240150,BARCELONA,RN,07/2022,386,357,"92,49",353,4,"98,88",29,"7,51",6,23,"5,96"
240150,BARCELONA,RN,11/2022,353,316,"89,52",285,31,"90,19",37,"10,48",30,7,"1,98"
240150,BARCELONA,RN,09/2022,374,364,"97,33",339,25,"93,13",10,"2,67",5,5,"1,34"
240160,BENTO FERNANDES,RN,09/2022,558,521,"93,37",521,0,"100,00",37,"6,63",8,29,"5,20"
240160,BENTO FERNANDES,RN,11/2022,556,518,"93,17",515,3,"99,42",38,"6,83",6,32,"5,76"
240160,BENTO FERNANDES,RN,07/2022,568,534,"94,01",530,4,"99,25",34,"5,99",4,30,"5,28"
240165,BODÓ,RN,07/2022,386,343,"88,86",340,3,"99,13",43,"11,14",3,40,"10,36"
240165,BODÓ,RN,11/2022,365,350,"95,89",350,0,"100,00",15,"4,11",6,9,"2,47"
240165,BODÓ,RN,09/2022,333,145,"43,54",145,0,"100,00",188,"56,46",177,11,"3,30"
240170,BOM JESUS,RN,09/2022,1048,258,"24,62",235,23,"91,09",790,"75,38",711,79,"7,54"
240170,BOM JESUS,RN,11/2022,1035,615,"59,42",592,23,"96,26",420,"40,58",212,208,"20,10"
240170,BOM JESUS,RN,07/2022,1052,364,"34,60",350,14,"96,15",688,"65,40",613,75,"7,13"
240180,BREJINHO,RN,07/2022,1278,1134,"88,73",1134,0,"100,00",144,"11,27",16,128,"10,02"
240180,BREJINHO,RN,11/2022,1236,1150,"93,04",1150,0,"100,00",86,"6,96",0,86,"6,96"
240180,BREJINHO,RN,09/2022,1265,1174,"92,81",1171,3,"99,74",91,"7,19",6,85,"6,72"
240185,CAIÇARA DO NORTE,RN,09/2022,682,359,"52,64",354,5,"98,61",323,"47,36",105,218,"31,96"
240185,CAIÇARA DO NORTE,RN,11/2022,677,414,"61,15",408,6,"98,55",263,"38,85",38,225,"33,23"
240185,CAIÇARA DO NORTE,RN,07/2022,689,480,"69,67",479,1,"99,79",209,"30,33",17,192,"27,87"
240190,CAIÇARA DO RIO DO VENTO,RN,07/2022,476,400,"84,03",400,0,"100,00",76,"15,97",5,71,"14,92"
240190,CAIÇARA DO RIO DO VENTO,RN,11/2022,453,337,"74,39",315,22,"93,47",116,"25,61",2,114,"25,17"
240190,CAIÇARA DO RIO DO VENTO,RN,09/2022,460,349,"75,87",333,16,"95,42",111,"24,13",4,107,"23,26"
240200,CAICÓ,RN,09/2022,3848,1736,"45,11",1676,60,"96,54",2112,"54,89",981,1131,"29,39"
240200,CAICÓ,RN,11/2022,3811,2107,"55,29",2052,55,"97,39",1704,"44,71",552,1152,"30,23"
240200,CAICÓ,RN,07/2022,3722,1810,"48,63",1768,42,"97,68",1912,"51,37",799,1113,"29,90"
240210,CAMPO REDONDO,RN,07/2022,1017,978,"96,17",957,21,"97,85",39,"3,83",11,28,"2,75"
240210,CAMPO REDONDO,RN,11/2022,996,951,"95,48",930,21,"97,79",45,"4,52",6,39,"3,92"
240210,CAMPO REDONDO,RN,09/2022,1017,963,"94,69",956,7,"99,27",54,"5,31",18,36,"3,54"
240220,CANGUARETAMA,RN,09/2022,4332,3247,"74,95",3192,55,"98,31",1085,"25,05",211,874,"20,18"
240220,CANGUARETAMA,RN,11/2022,4219,3043,"72,13",2949,94,"96,91",1176,"27,87",98,1078,"25,55"
240220,CANGUARETAMA,RN,07/2022,4355,3426,"78,67",3365,61,"98,22",929,"21,33",107,822,"18,87"
240230,CARAÚBAS,RN,07/2022,2197,2039,"92,81",2039,0,"100,00",158,"7,19",15,143,"6,51"
240230,CARAÚBAS,RN,11/2022,2149,1992,"92,69",1992,0,"100,00",157,"7,31",12,145,"6,75"
240230,CARAÚBAS,RN,09/2022,2181,2022,"92,71",2022,0,"100,00",159,"7,29",17,142,"6,51"
240240,CARNAÚBA DOS DANTAS,RN,09/2022,427,376,"88,06",369,7,"98,14",51,"11,94",15,36,"8,43"
240240,CARNAÚBA DOS DANTAS,RN,11/2022,414,324,"78,26",319,5,"98,46",90,"21,74",58,32,"7,73"
240240,CARNAÚBA DOS DANTAS,RN,07/2022,425,371,"87,29",366,5,"98,65",54,"12,71",19,35,"8,24"
240250,CARNAUBAIS,RN,07/2022,1233,388,"31,47",372,16,"95,88",845,"68,53",516,329,"26,68"
240250,CARNAUBAIS,RN,11/2022,1215,729,"60,00",722,7,"99,04",486,"40,00",162,324,"26,67"
240250,CARNAUBAIS,RN,09/2022,1270,173,"13,62",163,10,"94,22",1097,"86,38",780,317,"24,96"
240260,CEARÁ-MIRIM,RN,09/2022,8358,7285,"87,16",7249,36,"99,51",1073,"12,84",67,1006,"12,04"
240260,CEARÁ-MIRIM,RN,11/2022,8296,7290,"87,87",7190,100,"98,63",1006,"12,13",10,996,"12,01"
240260,CEARÁ-MIRIM,RN,07/2022,8284,7246,"87,47",7188,58,"99,20",1038,"12,53",76,962,"11,61"
240270,CERRO CORÁ,RN,07/2022,1182,925,"78,26",917,8,"99,14",257,"21,74",16,241,"20,39"
240270,CERRO CORÁ,RN,11/2022,1120,697,"62,23",697,0,"100,00",423,"37,77",193,230,"20,54"
240270,CERRO CORÁ,RN,09/2022,1158,831,"71,76",822,9,"98,92",327,"28,24",92,235,"20,29"
240280,CORONEL EZEQUIEL,RN,09/2022,561,391,"69,70",391,0,"100,00",170,"30,30",56,114,"20,32"
240280,CORONEL EZEQUIEL,RN,11/2022,551,483,"87,66",483,0,"100,00",68,"12,34",23,45,"8,17"
240280,CORONEL EZEQUIEL,RN,07/2022,573,383,"66,84",382,1,"99,74",190,"33,16",71,119,"20,77"
240290,CORONEL JOÃO PESSOA,RN,07/2022,419,392,"93,56",392,0,"100,00",27,"6,44",1,26,"6,21"
240290,CORONEL JOÃO PESSOA,RN,11/2022,399,372,"93,23",354,18,"95,16",27,"6,77",1,26,"6,52"
240290,CORONEL JOÃO PESSOA,RN,09/2022,408,383,"93,87",383,0,"100,00",25,"6,13",0,25,"6,13"
240300,CRUZETA,RN,09/2022,593,435,"73,36",433,2,"99,54",158,"26,64",115,43,"7,25"
240300,CRUZETA,RN,11/2022,590,422,"71,53",416,6,"98,58",168,"28,47",123,45,"7,63"
240300,CRUZETA,RN,07/2022,605,438,"72,40",436,2,"99,54",167,"27,60",126,41,"6,78"
240310,CURRAIS NOVOS,RN,07/2022,2748,2626,"95,56",2435,191,"92,73",122,"4,44",11,111,"4,04"
240310,CURRAIS NOVOS,RN,11/2022,2678,2577,"96,23",2393,184,"92,86",101,"3,77",11,90,"3,36"
240310,CURRAIS NOVOS,RN,09/2022,2720,2631,"96,73",2423,208,"92,09",89,"3,27",15,74,"2,72"
240320,DOUTOR SEVERIANO,RN,09/2022,622,611,"98,23",588,23,"96,24",11,"1,77",4,7,"1,13"
240320,DOUTOR SEVERIANO,RN,11/2022,605,596,"98,51",582,14,"97,65",9,"1,49",0,9,"1,49"
240320,DOUTOR SEVERIANO,RN,07/2022,631,620,"98,26",573,47,"92,42",11,"1,74",2,9,"1,43"
240325,PARNAMIRIM,RN,07/2022,12569,5767,"45,88",5443,324,"94,38",6802,"54,12",957,5845,"46,50"
240325,PARNAMIRIM,RN,11/2022,13273,8045,"60,61",7554,491,"93,90",5228,"39,39",844,4384,"33,03"
240325,PARNAMIRIM,RN,09/2022,13173,7105,"53,94",6736,369,"94,81",6068,"46,06",891,5177,"39,30"
240330,ENCANTO,RN,09/2022,562,536,"95,37",502,34,"93,66",26,"4,63",4,22,"3,91"
240330,ENCANTO,RN,11/2022,560,531,"94,82",520,11,"97,93",29,"5,18",4,25,"4,46"
240330,ENCANTO,RN,07/2022,564,532,"94,33",515,17,"96,80",32,"5,67",4,28,"4,96"
240340,EQUADOR,RN,07/2022,654,438,"66,97",438,0,"100,00",216,"33,03",121,95,"14,53"
240340,EQUADOR,RN,11/2022,658,565,"85,87",565,0,"100,00",93,"14,13",5,88,"13,37"
240340,EQUADOR,RN,09/2022,661,460,"69,59",459,1,"99,78",201,"30,41",107,94,"14,22"
240350,ESPÍRITO SANTO,RN,09/2022,1113,624,"56,06",597,27,"95,67",489,"43,94",321,168,"15,09"
240350,ESPÍRITO SANTO,RN,11/2022,1089,485,"44,54",459,26,"94,64",604,"55,46",446,158,"14,51"
240350,ESPÍRITO SANTO,RN,07/2022,1126,547,"48,58",536,11,"97,99",579,"51,42",409,170,"15,10"
240360,EXTREMOZ,RN,07/2022,4897,2832,"57,83",2486,346,"87,78",2065,"42,17",76,1989,"40,62"
240360,EXTREMOZ,RN,11/2022,5361,3229,"60,23",3039,190,"94,12",2132,"39,77",48,2084,"38,87"
240360,EXTREMOZ,RN,09/2022,5284,3190,"60,37",3086,104,"96,74",2094,"39,63",71,2023,"38,29"
240370,FELIPE GUERRA,RN,09/2022,633,554,"87,52",550,4,"99,28",79,"12,48",1,78,"12,32"
240370,FELIPE GUERRA,RN,11/2022,624,559,"89,58",556,3,"99,46",65,"10,42",0,65,"10,42"
240370,FELIPE GUERRA,RN,07/2022,627,551,"87,88",551,0,"100,00",76,"12,12",0,76,"12,12"
240375,FERNANDO PEDROZA,RN,07/2022,318,219,"68,87",186,33,"84,93",99,"31,13",58,41,"12,89"
240375,FERNANDO PEDROZA,RN,11/2022,295,211,"71,53",183,28,"86,73",84,"28,47",43,41,"13,90"
240375,FERNANDO PEDROZA,RN,09/2022,306,155,"50,65",145,10,"93,55",151,"49,35",106,45,"14,71"
240380,FLORÂNIA,RN,09/2022,690,71,"10,29",71,0,"100,00",619,"89,71",575,44,"6,38"
240380,FLORÂNIA,RN,11/2022,709,553,"78,00",552,1,"99,82",156,"22,00",77,79,"11,14"
240380,FLORÂNIA,RN,07/2022,720,510,"70,83",490,20,"96,08",210,"29,17",187,23,"3,19"
240390,FRANCISCO DANTAS,RN,07/2022,237,153,"64,56",153,0,"100,00",84,"35,44",36,48,"20,25"
240390,FRANCISCO DANTAS,RN,11/2022,224,139,"62,05",139,0,"100,00",85,"37,95",39,46,"20,54"
240390,FRANCISCO DANTAS,RN,09/2022,230,182,"79,13",182,0,"100,00",48,"20,87",1,47,"20,43"
240400,FRUTUOSO GOMES,RN,09/2022,363,236,"65,01",233,3,"98,73",127,"34,99",99,28,"7,71"
240400,FRUTUOSO GOMES,RN,11/2022,366,331,"90,44",325,6,"98,19",35,"9,56",4,31,"8,47"
240400,FRUTUOSO GOMES,RN,07/2022,367,336,"91,55",329,7,"97,92",31,"8,45",3,28,"7,63"
240410,GALINHOS,RN,07/2022,242,146,"60,33",136,10,"93,15",96,"39,67",77,19,"7,85"
240410,GALINHOS,RN,11/2022,243,174,"71,60",167,7,"95,98",69,"28,40",38,31,"12,76"
240410,GALINHOS,RN,09/2022,252,207,"82,14",207,0,"100,00",45,"17,86",17,28,"11,11"
240420,GOIANINHA,RN,09/2022,3025,2631,"86,98",2534,97,"96,31",394,"13,02",76,318,"10,51"
240420,GOIANINHA,RN,11/2022,3003,2441,"81,29",2284,157,"93,57",562,"18,71",277,285,"9,49"
240420,GOIANINHA,RN,07/2022,2947,2049,"69,53",1922,127,"93,80",898,"30,47",420,478,"16,22"
240430,GOVERNADOR DIX-SEPT ROSADO,RN,07/2022,1126,1091,"96,89",1002,89,"91,84",35,"3,11",10,25,"2,22"
240430,GOVERNADOR DIX-SEPT ROSADO,RN,11/2022,1121,1084,"96,70",1000,84,"92,25",37,"3,30",23,14,"1,25"
240430,GOVERNADOR DIX-SEPT ROSADO,RN,09/2022,1132,1010,"89,22",930,80,"92,08",122,"10,78",113,9,"0,80"
240440,GROSSOS,RN,09/2022,927,806,"86,95",806,0,"100,00",121,"13,05",2,119,"12,84"
240440,GROSSOS,RN,11/2022,920,797,"86,63",791,6,"99,25",123,"13,37",3,120,"13,04"
240440,GROSSOS,RN,07/2022,904,636,"70,35",636,0,"100,00",268,"29,65",157,111,"12,28"
240450,GUAMARÉ,RN,07/2022,1613,0,"0,00",0,0,,1613,"100,00",1482,131,"8,12"
240450,GUAMARÉ,RN,11/2022,1596,1326,"83,08",1233,93,"92,99",270,"16,92",15,255,"15,98"
240450,GUAMARÉ,RN,09/2022,1676,1521,"90,75",1521,0,"100,00",155,"9,25",10,145,"8,65"
240460,IELMO MARINHO,RN,09/2022,1508,1026,"68,04",1025,1,"99,90",482,"31,96",254,228,"15,12"
240460,IELMO MARINHO,RN,11/2022,1578,1194,"75,67",1194,0,"100,00",384,"24,33",170,214,"13,56"
240460,IELMO MARINHO,RN,07/2022,1516,1031,"68,01",1030,1,"99,90",485,"31,99",254,231,"15,24"
240470,IPANGUAÇU,RN,07/2022,1506,1277,"84,79",1276,1,"99,92",229,"15,21",6,223,"14,81"
240470,IPANGUAÇU,RN,11/2022,1474,1238,"83,99",1223,15,"98,79",236,"16,01",4,232,"15,74"
240470,IPANGUAÇU,RN,09/2022,1531,1236,"80,73",1236,0,"100,00",295,"19,27",35,260,"16,98"
240480,IPUEIRA,RN,09/2022,124,121,"97,58",118,3,"97,52",3,"2,42",0,3,"2,42"
240480,IPUEIRA,RN,11/2022,125,122,"97,60",115,7,"94,26",3,"2,40",0,3,"2,40"
240480,IPUEIRA,RN,07/2022,130,128,"98,46",127,1,"99,22",2,"1,54",0,2,"1,54"
240485,ITAJÁ,RN,07/2022,878,707,"80,52",702,5,"99,29",171,"19,48",8,163,"18,56"
240485,ITAJÁ,RN,11/2022,852,692,"81,22",653,39,"94,36",160,"18,78",1,159,"18,66"
240485,ITAJÁ,RN,09/2022,909,709,"78,00",706,3,"99,58",200,"22,00",34,166,"18,26"
240490,ITAÚ,RN,09/2022,504,401,"79,56",377,24,"94,01",103,"20,44",54,49,"9,72"
240490,ITAÚ,RN,11/2022,490,390,"79,59",372,18,"95,38",100,"20,41",48,52,"10,61"
240490,ITAÚ,RN,07/2022,516,398,"77,13",369,29,"92,71",118,"22,87",68,50,"9,69"
240500,JAÇANÃ,RN,07/2022,913,661,"72,40",658,3,"99,55",252,"27,60",37,215,"23,55"
240500,JAÇANÃ,RN,11/2022,821,736,"89,65",704,32,"95,65",85,"10,35",15,70,"8,53"
240500,JAÇANÃ,RN,09/2022,875,787,"89,94",785,2,"99,75",88,"10,06",29,59,"6,74"
240510,JANDAÍRA,RN,09/2022,743,80,"10,77",76,4,"95,00",663,"89,23",544,119,"16,02"
240510,JANDAÍRA,RN,11/2022,773,632,"81,76",623,9,"98,58",141,"18,24",22,119,"15,39"
240510,JANDAÍRA,RN,07/2022,774,478,"61,76",461,17,"96,44",296,"38,24",180,116,"14,99"
240520,JANDUÍS,RN,07/2022,566,370,"65,37",362,8,"97,84",196,"34,63",87,109,"19,26"
240520,JANDUÍS,RN,11/2022,567,448,"79,01",448,0,"100,00",119,"20,99",13,106,"18,69"
240520,JANDUÍS,RN,09/2022,554,213,"38,45",213,0,"100,00",341,"61,55",233,108,"19,49"
240530,JANUÁRIO CICCO,RN,09/2022,1016,481,"47,34",478,3,"99,38",535,"52,66",41,494,"48,62"
240530,JANUÁRIO CICCO,RN,11/2022,987,499,"50,56",487,12,"97,60",488,"49,44",12,476,"48,23"
240530,JANUÁRIO CICCO,RN,07/2022,1043,519,"49,76",461,58,"88,82",524,"50,24",17,507,"48,61"
240540,JAPI,RN,07/2022,809,765,"94,56",765,0,"100,00",44,"5,44",11,33,"4,08"
240540,JAPI,RN,11/2022,790,746,"94,43",745,1,"99,87",44,"5,57",4,40,"5,06"
240540,JAPI,RN,09/2022,824,765,"92,84",765,0,"100,00",59,"7,16",24,35,"4,25"
240550,JARDIM DE ANGICOS,RN,09/2022,306,207,"67,65",182,25,"87,92",99,"32,35",88,11,"3,59"
240550,JARDIM DE ANGICOS,RN,11/2022,296,246,"83,11",217,29,"88,21",50,"16,89",41,9,"3,04"
240550,JARDIM DE ANGICOS,RN,07/2022,333,255,"76,58",255,0,"100,00",78,"23,42",9,69,"20,72"
240560,JARDIM DE PIRANHAS,RN,07/2022,1358,72,"5,30",69,3,"95,83",1286,"94,70",1144,142,"10,46"
240560,JARDIM DE PIRANHAS,RN,11/2022,1445,888,"61,45",856,32,"96,40",557,"38,55",380,177,"12,25"
240560,JARDIM DE PIRANHAS,RN,09/2022,1453,974,"67,03",948,26,"97,33",479,"32,97",328,151,"10,39"
240570,JARDIM DO SERIDÓ,RN,09/2022,501,361,"72,06",351,10,"97,23",140,"27,94",95,45,"8,98"
240570,JARDIM DO SERIDÓ,RN,11/2022,488,476,"97,54",451,25,"94,75",12,"2,46",0,12,"2,46"
240570,JARDIM DO SERIDÓ,RN,07/2022,503,439,"87,28",431,8,"98,18",64,"12,72",5,59,"11,73"
240580,JOÃO CÂMARA,RN,07/2022,4346,4066,"93,56",3963,103,"97,47",280,"6,44",34,246,"5,66"
240580,JOÃO CÂMARA,RN,11/2022,4221,3739,"88,58",3634,105,"97,19",482,"11,42",208,274,"6,49"
240580,JOÃO CÂMARA,RN,09/2022,4329,3980,"91,94",3910,70,"98,24",349,"8,06",84,265,"6,12"
240590,JOÃO DIAS,RN,09/2022,231,223,"96,54",204,19,"91,48",8,"3,46",4,4,"1,73"
240590,JOÃO DIAS,RN,11/2022,240,221,"92,08",205,16,"92,76",19,"7,92",11,8,"3,33"
240590,JOÃO DIAS,RN,07/2022,229,216,"94,32",213,3,"98,61",13,"5,68",0,13,"5,68"
240600,JOSÉ DA PENHA,RN,07/2022,499,365,"73,15",356,9,"97,53",134,"26,85",54,80,"16,03"
240600,JOSÉ DA PENHA,RN,11/2022,469,427,"91,04",412,15,"96,49",42,"8,96",11,31,"6,61"
240600,JOSÉ DA PENHA,RN,09/2022,485,438,"90,31",421,17,"96,12",47,"9,69",17,30,"6,19"
240610,JUCURUTU,RN,09/2022,1606,1541,"95,95",1472,69,"95,52",65,"4,05",16,49,"3,05"
240610,JUCURUTU,RN,11/2022,1566,1509,"96,36",1428,81,"94,63",57,"3,64",24,33,"2,11"
240610,JUCURUTU,RN,07/2022,1607,1537,"95,64",1491,46,"97,01",70,"4,36",8,62,"3,86"
240615,JUNDIÁ,RN,07/2022,385,299,"77,66",295,4,"98,66",86,"22,34",3,83,"21,56"
240615,JUNDIÁ,RN,11/2022,394,311,"78,93",305,6,"98,07",83,"21,07",2,81,"20,56"
240615,JUNDIÁ,RN,09/2022,395,310,"78,48",306,4,"98,71",85,"21,52",0,85,"21,52"
240620,LAGOA D´ANTA,RN,09/2022,862,744,"86,31",744,0,"100,00",118,"13,69",6,112,"12,99"
240620,LAGOA D´ANTA,RN,11/2022,850,744,"87,53",744,0,"100,00",106,"12,47",4,102,"12,00"
240620,LAGOA D´ANTA,RN,07/2022,857,738,"86,11",738,0,"100,00",119,"13,89",10,109,"12,72"
240630,LAGOA DE PEDRAS,RN,07/2022,899,733,"81,54",733,0,"100,00",166,"18,46",54,112,"12,46"
240630,LAGOA DE PEDRAS,RN,11/2022,845,676,"80,00",676,0,"100,00",169,"20,00",57,112,"13,25"
240630,LAGOA DE PEDRAS,RN,09/2022,879,715,"81,34",715,0,"100,00",164,"18,66",52,112,"12,74"
240640,LAGOA DE VELHOS,RN,09/2022,349,318,"91,12",318,0,"100,00",31,"8,88",2,29,"8,31"
240640,LAGOA DE VELHOS,RN,11/2022,340,308,"90,59",308,0,"100,00",32,"9,41",1,31,"9,12"
240640,LAGOA DE VELHOS,RN,07/2022,349,318,"91,12",318,0,"100,00",31,"8,88",1,30,"8,60"
240650,LAGOA NOVA,RN,07/2022,1761,1689,"95,91",1654,35,"97,93",72,"4,09",8,64,"3,63"
240650,LAGOA NOVA,RN,11/2022,1734,1673,"96,48",1628,45,"97,31",61,"3,52",6,55,"3,17"
240650,LAGOA NOVA,RN,09/2022,1803,1699,"94,23",1664,35,"97,94",104,"5,77",50,54,"3,00"
240660,LAGOA SALGADA,RN,09/2022,1408,1,"0,07",1,0,"100,00",1407,"99,93",1089,318,"22,59"
240660,LAGOA SALGADA,RN,11/2022,1451,1146,"78,98",1146,0,"100,00",305,"21,02",12,293,"20,19"
240660,LAGOA SALGADA,RN,07/2022,1397,1,"0,07",1,0,"100,00",1396,"99,93",1085,311,"22,26"
240670,LAJES,RN,07/2022,904,865,"95,69",822,43,"95,03",39,"4,31",21,18,"1,99"
240670,LAJES,RN,11/2022,884,850,"96,15",791,59,"93,06",34,"3,85",7,27,"3,05"
240670,LAJES,RN,09/2022,886,854,"96,39",810,44,"94,85",32,"3,61",12,20,"2,26"
240680,LAJES PINTADAS,RN,09/2022,512,491,"95,90",491,0,"100,00",21,"4,10",14,7,"1,37"
240680,LAJES PINTADAS,RN,11/2022,512,494,"96,48",477,17,"96,56",18,"3,52",7,11,"2,15"
240680,LAJES PINTADAS,RN,07/2022,522,460,"88,12",460,0,"100,00",62,"11,88",9,53,"10,15"
240690,LUCRÉCIA,RN,07/2022,396,378,"95,45",378,0,"100,00",18,"4,55",0,18,"4,55"
240690,LUCRÉCIA,RN,11/2022,409,387,"94,62",387,0,"100,00",22,"5,38",1,21,"5,13"
240690,LUCRÉCIA,RN,09/2022,409,387,"94,62",387,0,"100,00",22,"5,38",1,21,"5,13"
240700,LUÍS GOMES,RN,09/2022,1133,1113,"98,23",1063,50,"95,51",20,"1,77",5,15,"1,32"
240700,LUÍS GOMES,RN,11/2022,1116,1093,"97,94",1041,52,"95,24",23,"2,06",5,18,"1,61"
240700,LUÍS GOMES,RN,07/2022,1179,1091,"92,54",1091,0,"100,00",88,"7,46",9,79,"6,70"
240710,MACAÍBA,RN,07/2022,7277,4987,"68,53",4978,9,"99,82",2290,"31,47",311,1979,"27,20"
240710,MACAÍBA,RN,11/2022,7552,5489,"72,68",5487,2,"99,96",2063,"27,32",40,2023,"26,79"
240710,MACAÍBA,RN,09/2022,7560,5447,"72,05",5382,65,"98,81",2113,"27,95",66,2047,"27,08"
240720,MACAU,RN,09/2022,2150,1637,"76,14",1618,19,"98,84",513,"23,86",106,407,"18,93"
240720,MACAU,RN,11/2022,2106,1588,"75,40",1571,17,"98,93",518,"24,60",106,412,"19,56"
240720,MACAU,RN,07/2022,2206,1499,"67,95",1492,7,"99,53",707,"32,05",464,243,"11,02"
240725,MAJOR SALES,RN,07/2022,423,0,"0,00",0,0,,423,"100,00",402,21,"4,96"
240725,MAJOR SALES,RN,11/2022,412,383,"92,96",375,8,"97,91",29,"7,04",12,17,"4,13"
240725,MAJOR SALES,RN,09/2022,427,399,"93,44",398,1,"99,75",28,"6,56",9,19,"4,45"
240730,MARCELINO VIEIRA,RN,09/2022,790,240,"30,38",237,3,"98,75",550,"69,62",508,42,"5,32"
240730,MARCELINO VIEIRA,RN,11/2022,781,680,"87,07",676,4,"99,41",101,"12,93",65,36,"4,61"
240730,MARCELINO VIEIRA,RN,07/2022,830,785,"94,58",775,10,"98,73",45,"5,42",3,42,"5,06"
240740,MARTINS,RN,07/2022,639,553,"86,54",510,43,"92,22",86,"13,46",16,70,"10,95"
240740,MARTINS,RN,11/2022,617,547,"88,65",512,35,"93,60",70,"11,35",4,66,"10,70"
240740,MARTINS,RN,09/2022,628,554,"88,22",530,24,"95,67",74,"11,78",6,68,"10,83"
240750,MAXARANGUAPE,RN,09/2022,1089,1037,"95,22",975,62,"94,02",52,"4,78",7,45,"4,13"
240750,MAXARANGUAPE,RN,11/2022,1090,1031,"94,59",953,78,"92,43",59,"5,41",6,53,"4,86"
240750,MAXARANGUAPE,RN,07/2022,1108,1028,"92,78",977,51,"95,04",80,"7,22",21,59,"5,32"
240760,MESSIAS TARGINO,RN,07/2022,496,434,"87,50",428,6,"98,62",62,"12,50",26,36,"7,26"
240760,MESSIAS TARGINO,RN,11/2022,433,206,"47,58",196,10,"95,15",227,"52,42",186,41,"9,47"
240760,MESSIAS TARGINO,RN,09/2022,466,358,"76,82",343,15,"95,81",108,"23,18",70,38,"8,15"
240770,MONTANHAS,RN,09/2022,1442,1303,"90,36",1302,1,"99,92",139,"9,64",37,102,"7,07"
240770,MONTANHAS,RN,11/2022,1381,1259,"91,17",1259,0,"100,00",122,"8,83",3,119,"8,62"
240770,MONTANHAS,RN,07/2022,1480,1132,"76,49",1132,0,"100,00",348,"23,51",22,326,"22,03"
240780,MONTE ALEGRE,RN,07/2022,2178,1995,"91,60",1787,208,"89,57",183,"8,40",66,117,"5,37"
240780,MONTE ALEGRE,RN,11/2022,2072,1971,"95,13",1800,171,"91,32",101,"4,87",15,86,"4,15"
240780,MONTE ALEGRE,RN,09/2022,2146,2004,"93,38",1834,170,"91,52",142,"6,62",61,81,"3,77"
240790,MONTE DAS GAMELEIRAS,RN,09/2022,270,265,"98,15",222,43,"83,77",5,"1,85",4,1,"0,37"
240790,MONTE DAS GAMELEIRAS,RN,11/2022,262,254,"96,95",229,25,"90,16",8,"3,05",3,5,"1,91"
240790,MONTE DAS GAMELEIRAS,RN,07/2022,271,265,"97,79",238,27,"89,81",6,"2,21",3,3,"1,11"
240800,MOSSORÓ,RN,07/2022,17567,16375,"93,21",16264,111,"99,32",1192,"6,79",88,1104,"6,28"
240800,MOSSORÓ,RN,11/2022,18096,14601,"80,69",14411,190,"98,70",3495,"19,31",2180,1315,"7,27"
240800,MOSSORÓ,RN,09/2022,18230,16991,"93,20",16734,257,"98,49",1239,"6,80",136,1103,"6,05"
240810,NATAL,RN,09/2022,44784,29030,"64,82",28683,347,"98,80",15754,"35,18",3229,12525,"27,97"
240810,NATAL,RN,11/2022,44923,30996,"69,00",30523,473,"98,47",13927,"31,00",2026,11901,"26,49"
240810,NATAL,RN,07/2022,44274,28508,"64,39",28203,305,"98,93",15766,"35,61",3665,12101,"27,33"
240820,NÍSIA FLORESTA,RN,07/2022,2823,109,"3,86",109,0,"100,00",2714,"96,14",2391,323,"11,44"
240820,NÍSIA FLORESTA,RN,11/2022,3341,3102,"92,85",3102,0,"100,00",239,"7,15",33,206,"6,17"
240820,NÍSIA FLORESTA,RN,09/2022,2860,0,"0,00",0,0,,2860,"100,00",2535,325,"11,36"
240830,NOVA CRUZ,RN,09/2022,3944,1876,"47,57",1867,9,"99,52",2068,"52,43",1378,690,"17,49"
240830,NOVA CRUZ,RN,11/2022,3863,1988,"51,46",1969,19,"99,04",1875,"48,54",982,893,"23,12"
240830,NOVA CRUZ,RN,07/2022,3952,1371,"34,69",1362,9,"99,34",2581,"65,31",1951,630,"15,94"
240840,OLHO-D´ÁGUA DO BORGES,RN,07/2022,322,293,"90,99",292,1,"99,66",29,"9,01",22,7,"2,17"
240840,OLHO-D´ÁGUA DO BORGES,RN,11/2022,302,282,"93,38",274,8,"97,16",20,"6,62",5,15,"4,97"
240840,OLHO-D´ÁGUA DO BORGES,RN,09/2022,326,292,"89,57",292,0,"100,00",34,"10,43",23,11,"3,37"
240850,OURO BRANCO,RN,09/2022,355,344,"96,90",325,19,"94,48",11,"3,10",0,11,"3,10"
240850,OURO BRANCO,RN,11/2022,359,350,"97,49",333,17,"95,14",9,"2,51",0,9,"2,51"
240850,OURO BRANCO,RN,07/2022,353,343,"97,17",324,19,"94,46",10,"2,83",3,7,"1,98"
240860,PARANÁ,RN,07/2022,450,125,"27,78",125,0,"100,00",325,"72,22",301,24,"5,33"
240860,PARANÁ,RN,11/2022,460,433,"94,13",433,0,"100,00",27,"5,87",5,22,"4,78"
240860,PARANÁ,RN,09/2022,445,171,"38,43",171,0,"100,00",274,"61,57",253,21,"4,72"
240870,PARAÚ,RN,09/2022,325,284,"87,38",275,9,"96,83",41,"12,62",6,35,"10,77"
240870,PARAÚ,RN,11/2022,306,275,"89,87",275,0,"100,00",31,"10,13",1,30,"9,80"
240870,PARAÚ,RN,07/2022,331,309,"93,35",306,3,"99,03",22,"6,65",15,7,"2,11"
240880,PARAZINHO,RN,07/2022,658,294,"44,68",276,18,"93,88",364,"55,32",103,261,"39,67"
240880,PARAZINHO,RN,11/2022,638,382,"59,87",359,23,"93,98",256,"40,13",97,159,"24,92"
240880,PARAZINHO,RN,09/2022,642,370,"57,63",353,17,"95,41",272,"42,37",110,162,"25,23"
240890,PARELHAS,RN,09/2022,1753,1690,"96,41",1640,50,"97,04",63,"3,59",18,45,"2,57"
240890,PARELHAS,RN,11/2022,1740,1681,"96,61",1605,76,"95,48",59,"3,39",10,49,"2,82"
240890,PARELHAS,RN,07/2022,1763,1610,"91,32",1568,42,"97,39",153,"8,68",18,135,"7,66"
240895,RIO DO FOGO,RN,07/2022,1531,1387,"90,59",1333,54,"96,11",144,"9,41",25,119,"7,77"
240895,RIO DO FOGO,RN,11/2022,1470,1361,"92,59",1298,63,"95,37",109,"7,41",44,65,"4,42"
240895,RIO DO FOGO,RN,09/2022,1501,1439,"95,87",1355,84,"94,16",62,"4,13",16,46,"3,06"
240910,PASSA E FICA,RN,09/2022,1418,1377,"97,11",1360,17,"98,77",41,"2,89",19,22,"1,55"
240910,PASSA E FICA,RN,11/2022,1390,1357,"97,63",1333,24,"98,23",33,"2,37",10,23,"1,65"
240910,PASSA E FICA,RN,07/2022,1420,1273,"89,65",1259,14,"98,90",147,"10,35",48,99,"6,97"
240920,PASSAGEM,RN,07/2022,293,274,"93,52",273,1,"99,64",19,"6,48",7,12,"4,10"
240920,PASSAGEM,RN,11/2022,290,279,"96,21",274,5,"98,21",11,"3,79",0,11,"3,79"
240920,PASSAGEM,RN,09/2022,300,282,"94,00",280,2,"99,29",18,"6,00",6,12,"4,00"
240930,PATU,RN,09/2022,1273,1036,"81,38",990,46,"95,56",237,"18,62",121,116,"9,11"
240930,PATU,RN,11/2022,1245,1122,"90,12",1040,82,"92,69",123,"9,88",4,119,"9,56"
240930,PATU,RN,07/2022,1268,1013,"79,89",937,76,"92,50",255,"20,11",137,118,"9,31"
240933,SANTA MARIA,RN,07/2022,684,596,"87,13",596,0,"100,00",88,"12,87",1,87,"12,72"
240933,SANTA MARIA,RN,11/2022,645,562,"87,13",562,0,"100,00",83,"12,87",1,82,"12,71"
240933,SANTA MARIA,RN,09/2022,668,581,"86,98",581,0,"100,00",87,"13,02",1,86,"12,87"
240940,PAU DOS FERROS,RN,09/2022,2189,1498,"68,43",1449,49,"96,73",691,"31,57",33,658,"30,06"
240940,PAU DOS FERROS,RN,11/2022,2184,1492,"68,32",1459,33,"97,79",692,"31,68",80,612,"28,02"
240940,PAU DOS FERROS,RN,07/2022,2107,1452,"68,91",1420,32,"97,80",655,"31,09",9,646,"30,66"
240950,PEDRA GRANDE,RN,07/2022,476,356,"74,79",350,6,"98,31",120,"25,21",13,107,"22,48"
240950,PEDRA GRANDE,RN,11/2022,463,356,"76,89",318,38,"89,33",107,"23,11",4,103,"22,25"
240950,PEDRA GRANDE,RN,09/2022,464,161,"34,70",161,0,"100,00",303,"65,30",196,107,"23,06"
240960,PEDRA PRETA,RN,09/2022,305,265,"86,89",265,0,"100,00",40,"13,11",6,34,"11,15"
240960,PEDRA PRETA,RN,11/2022,299,265,"88,63",257,8,"96,98",34,"11,37",1,33,"11,04"
240960,PEDRA PRETA,RN,07/2022,305,265,"86,89",244,21,"92,08",40,"13,11",4,36,"11,80"
240970,PEDRO AVELINO,RN,07/2022,801,690,"86,14",689,1,"99,86",111,"13,86",39,72,"8,99"
240970,PEDRO AVELINO,RN,11/2022,804,714,"88,81",689,25,"96,50",90,"11,19",9,81,"10,07"
240970,PEDRO AVELINO,RN,09/2022,799,701,"87,73",680,21,"97,00",98,"12,27",26,72,"9,01"
240980,PEDRO VELHO,RN,09/2022,1787,1640,"91,77",1640,0,"100,00",147,"8,23",12,135,"7,55"
240980,PEDRO VELHO,RN,11/2022,1759,1690,"96,08",1690,0,"100,00",69,"3,92",6,63,"3,58"
240980,PEDRO VELHO,RN,07/2022,1803,1131,"62,73",1131,0,"100,00",672,"37,27",545,127,"7,04"
240990,PENDÊNCIAS,RN,07/2022,1221,1008,"82,56",995,13,"98,71",213,"17,44",17,196,"16,05"
240990,PENDÊNCIAS,RN,11/2022,1184,1082,"91,39",1030,52,"95,19",102,"8,61",1,101,"8,53"
240990,PENDÊNCIAS,RN,09/2022,1192,1098,"92,11",1031,67,"93,90",94,"7,89",6,88,"7,38"
241000,PILÕES,RN,09/2022,299,64,"21,40",60,4,"93,75",235,"78,60",189,46,"15,38"
241000,PILÕES,RN,11/2022,302,257,"85,10",257,0,"100,00",45,"14,90",1,44,"14,57"
241000,PILÕES,RN,07/2022,314,270,"85,99",270,0,"100,00",44,"14,01",6,38,"12,10"
241010,POÇO BRANCO,RN,07/2022,1511,820,"54,27",805,15,"98,17",691,"45,73",333,358,"23,69"
241010,POÇO BRANCO,RN,11/2022,1479,1042,"70,45",1010,32,"96,93",437,"29,55",43,394,"26,64"
241010,POÇO BRANCO,RN,09/2022,1499,922,"61,51",915,7,"99,24",577,"38,49",182,395,"26,35"
241020,PORTALEGRE,RN,09/2022,739,666,"90,12",663,3,"99,55",73,"9,88",9,64,"8,66"
241020,PORTALEGRE,RN,11/2022,729,649,"89,03",646,3,"99,54",80,"10,97",0,80,"10,97"
241020,PORTALEGRE,RN,07/2022,742,613,"82,61",606,7,"98,86",129,"17,39",67,62,"8,36"
241025,PORTO DO MANGUE,RN,07/2022,632,502,"79,43",502,0,"100,00",130,"20,57",10,120,"18,99"
241025,PORTO DO MANGUE,RN,11/2022,605,506,"83,64",503,3,"99,41",99,"16,36",3,96,"15,87"
241025,PORTO DO MANGUE,RN,09/2022,625,501,"80,16",499,2,"99,60",124,"19,84",8,116,"18,56"
241030,PRESIDENTE JUSCELINO,RN,09/2022,1121,1052,"93,84",947,105,"90,02",69,"6,16",20,49,"4,37"
241030,PRESIDENTE JUSCELINO,RN,11/2022,1110,1036,"93,33",929,107,"89,67",74,"6,67",18,56,"5,05"
241030,PRESIDENTE JUSCELINO,RN,07/2022,1142,1074,"94,05",966,108,"89,94",68,"5,95",18,50,"4,38"
241040,PUREZA,RN,07/2022,1198,1105,"92,24",1089,16,"98,55",93,"7,76",4,89,"7,43"
241040,PUREZA,RN,11/2022,1182,1093,"92,47",1090,3,"99,73",89,"7,53",0,89,"7,53"
241040,PUREZA,RN,09/2022,1204,1115,"92,61",1108,7,"99,37",89,"7,39",2,87,"7,23"
241050,RAFAEL FERNANDES,RN,09/2022,487,390,"80,08",382,8,"97,95",97,"19,92",13,84,"17,25"
241050,RAFAEL FERNANDES,RN,11/2022,474,395,"83,33",370,25,"93,67",79,"16,67",3,76,"16,03"
241050,RAFAEL FERNANDES,RN,07/2022,472,385,"81,57",373,12,"96,88",87,"18,43",5,82,"17,37"
241060,RAFAEL GODEIRO,RN,07/2022,287,242,"84,32",242,0,"100,00",45,"15,68",9,36,"12,54"
241060,RAFAEL GODEIRO,RN,11/2022,273,253,"92,67",252,1,"99,60",20,"7,33",8,12,"4,40"
241060,RAFAEL GODEIRO,RN,09/2022,279,247,"88,53",246,1,"99,60",32,"11,47",10,22,"7,89"
241070,RIACHO DA CRUZ,RN,09/2022,271,262,"96,68",254,8,"96,95",9,"3,32",2,7,"2,58"
241070,RIACHO DA CRUZ,RN,11/2022,270,253,"93,70",248,5,"98,02",17,"6,30",9,8,"2,96"
241070,RIACHO DA CRUZ,RN,07/2022,265,242,"91,32",233,9,"96,28",23,"8,68",9,14,"5,28"
241080,RIACHO DE SANTANA,RN,07/2022,407,355,"87,22",348,7,"98,03",52,"12,78",24,28,"6,88"
241080,RIACHO DE SANTANA,RN,11/2022,401,364,"90,77",345,19,"94,78",37,"9,23",4,33,"8,23"
241080,RIACHO DE SANTANA,RN,09/2022,405,356,"87,90",335,21,"94,10",49,"12,10",13,36,"8,89"
241090,RIACHUELO,RN,09/2022,813,748,"92,00",748,0,"100,00",65,"8,00",3,62,"7,63"
241090,RIACHUELO,RN,11/2022,807,750,"92,94",750,0,"100,00",57,"7,06",4,53,"6,57"
241090,RIACHUELO,RN,07/2022,802,489,"60,97",489,0,"100,00",313,"39,03",257,56,"6,98"
241100,RODOLFO FERNANDES,RN,07/2022,397,362,"91,18",344,18,"95,03",35,"8,82",3,32,"8,06"
241100,RODOLFO FERNANDES,RN,11/2022,378,346,"91,53",296,50,"85,55",32,"8,47",1,31,"8,20"
241100,RODOLFO FERNANDES,RN,09/2022,389,357,"91,77",357,0,"100,00",32,"8,23",3,29,"7,46"
241105,TIBAU,RN,09/2022,466,429,"92,06",429,0,"100,00",37,"7,94",2,35,"7,51"
241105,TIBAU,RN,11/2022,483,449,"92,96",449,0,"100,00",34,"7,04",4,30,"6,21"
241105,TIBAU,RN,07/2022,463,425,"91,79",425,0,"100,00",38,"8,21",2,36,"7,78"
241110,RUY BARBOSA,RN,07/2022,247,230,"93,12",230,0,"100,00",17,"6,88",5,12,"4,86"
241110,RUY BARBOSA,RN,11/2022,229,221,"96,51",220,1,"99,55",8,"3,49",2,6,"2,62"
241110,RUY BARBOSA,RN,09/2022,237,225,"94,94",224,1,"99,56",12,"5,06",5,7,"2,95"
241120,SANTA CRUZ,RN,09/2022,3685,3147,"85,40",3142,5,"99,84",538,"14,60",503,35,"0,95"
241120,SANTA CRUZ,RN,11/2022,3646,3448,"94,57",3412,36,"98,96",198,"5,43",134,64,"1,76"
241120,SANTA CRUZ,RN,07/2022,3795,3589,"94,57",3557,32,"99,11",206,"5,43",93,113,"2,98"
241140,SANTANA DO MATOS,RN,07/2022,1101,759,"68,94",720,39,"94,86",342,"31,06",231,111,"10,08"
241140,SANTANA DO MATOS,RN,11/2022,1050,769,"73,24",748,21,"97,27",281,"26,76",164,117,"11,14"
241140,SANTANA DO MATOS,RN,09/2022,1082,766,"70,79",723,43,"94,39",316,"29,21",191,125,"11,55"
241142,SANTANA DO SERIDÓ,RN,09/2022,180,171,"95,00",168,3,"98,25",9,"5,00",7,2,"1,11"
241142,SANTANA DO SERIDÓ,RN,11/2022,175,171,"97,71",168,3,"98,25",4,"2,29",2,2,"1,14"
241142,SANTANA DO SERIDÓ,RN,07/2022,174,167,"95,98",166,1,"99,40",7,"4,02",2,5,"2,87"
241150,SANTO ANTÔNIO,RN,07/2022,2459,2007,"81,62",2007,0,"100,00",452,"18,38",20,432,"17,57"
241150,SANTO ANTÔNIO,RN,11/2022,2392,1987,"83,07",1987,0,"100,00",405,"16,93",9,396,"16,56"
241150,SANTO ANTÔNIO,RN,09/2022,2424,1983,"81,81",1983,0,"100,00",441,"18,19",16,425,"17,53"
241160,SÃO BENTO DO NORTE,RN,09/2022,436,349,"80,05",343,6,"98,28",87,"19,95",21,66,"15,14"
241160,SÃO BENTO DO NORTE,RN,11/2022,417,329,"78,90",318,11,"96,66",88,"21,10",22,66,"15,83"
241160,SÃO BENTO DO NORTE,RN,07/2022,435,287,"65,98",287,0,"100,00",148,"34,02",66,82,"18,85"
241170,SÃO BENTO DO TRAIRÍ,RN,07/2022,505,399,"79,01",399,0,"100,00",106,"20,99",11,95,"18,81"
241170,SÃO BENTO DO TRAIRÍ,RN,11/2022,500,423,"84,60",421,2,"99,53",77,"15,40",4,73,"14,60"
241170,SÃO BENTO DO TRAIRÍ,RN,09/2022,511,410,"80,23",410,0,"100,00",101,"19,77",10,91,"17,81"
241180,SÃO FERNANDO,RN,09/2022,234,213,"91,03",179,34,"84,04",21,"8,97",11,10,"4,27"
241180,SÃO FERNANDO,RN,11/2022,234,214,"91,45",175,39,"81,78",20,"8,55",11,9,"3,85"
241180,SÃO FERNANDO,RN,07/2022,240,218,"90,83",194,24,"88,99",22,"9,17",15,7,"2,92"
241190,SÃO FRANCISCO DO OESTE,RN,07/2022,340,334,"98,24",320,14,"95,81",6,"1,76",4,2,"0,59"
241190,SÃO FRANCISCO DO OESTE,RN,11/2022,331,327,"98,79",316,11,"96,64",4,"1,21",1,3,"0,91"
241190,SÃO FRANCISCO DO OESTE,RN,09/2022,346,339,"97,98",329,10,"97,05",7,"2,02",6,1,"0,29"
241200,SÃO GONÇALO DO AMARANTE,RN,09/2022,9671,8949,"92,53",8949,0,"100,00",722,"7,47",188,534,"5,52"
241200,SÃO GONÇALO DO AMARANTE,RN,11/2022,9132,8425,"92,26",8396,29,"99,66",707,"7,74",113,594,"6,50"
241200,SÃO GONÇALO DO AMARANTE,RN,07/2022,9414,7818,"83,05",7818,0,"100,00",1596,"16,95",325,1271,"13,50"
241210,SÃO JOÃO DO SABUGI,RN,07/2022,472,427,"90,47",405,22,"94,85",45,"9,53",2,43,"9,11"
241210,SÃO JOÃO DO SABUGI,RN,11/2022,453,444,"98,01",441,3,"99,32",9,"1,99",0,9,"1,99"
241210,SÃO JOÃO DO SABUGI,RN,09/2022,464,448,"96,55",421,27,"93,97",16,"3,45",6,10,"2,16"
241220,SÃO JOSÉ DE MIPIBU,RN,09/2022,4871,3058,"62,78",2935,123,"95,98",1813,"37,22",257,1556,"31,94"
241220,SÃO JOSÉ DE MIPIBU,RN,11/2022,4616,3233,"70,04",3099,134,"95,86",1383,"29,96",13,1370,"29,68"
241220,SÃO JOSÉ DE MIPIBU,RN,07/2022,4838,2994,"61,89",2797,197,"93,42",1844,"38,11",243,1601,"33,09"
241230,SÃO JOSÉ DO CAMPESTRE,RN,07/2022,1339,1051,"78,49",1045,6,"99,43",288,"21,51",4,284,"21,21"
241230,SÃO JOSÉ DO CAMPESTRE,RN,11/2022,1241,1049,"84,53",1039,10,"99,05",192,"15,47",7,185,"14,91"
241230,SÃO JOSÉ DO CAMPESTRE,RN,09/2022,1282,1074,"83,78",1074,0,"100,00",208,"16,22",12,196,"15,29"
241240,SÃO JOSÉ DO SERIDÓ,RN,09/2022,287,0,"0,00",0,0,,287,"100,00",264,23,"8,01"
241240,SÃO JOSÉ DO SERIDÓ,RN,11/2022,307,265,"86,32",256,9,"96,60",42,"13,68",14,28,"9,12"
241240,SÃO JOSÉ DO SERIDÓ,RN,07/2022,293,0,"0,00",0,0,,293,"100,00",270,23,"7,85"
241250,SÃO MIGUEL,RN,07/2022,2263,1993,"88,07",1961,32,"98,39",270,"11,93",164,106,"4,68"
241250,SÃO MIGUEL,RN,11/2022,2198,2075,"94,40",2040,35,"98,31",123,"5,60",26,97,"4,41"
241250,SÃO MIGUEL,RN,09/2022,2239,2159,"96,43",2139,20,"99,07",80,"3,57",10,70,"3,13"
241255,SÃO MIGUEL DO GOSTOSO,RN,09/2022,1153,971,"84,22",937,34,"96,50",182,"15,78",127,55,"4,77"
241255,SÃO MIGUEL DO GOSTOSO,RN,11/2022,1153,1074,"93,15",1029,45,"95,81",79,"6,85",4,75,"6,50"
241255,SÃO MIGUEL DO GOSTOSO,RN,07/2022,1160,1015,"87,50",983,32,"96,85",145,"12,50",16,129,"11,12"
241260,SÃO PAULO DO POTENGI,RN,07/2022,1819,1260,"69,27",1259,1,"99,92",559,"30,73",7,552,"30,35"
241260,SÃO PAULO DO POTENGI,RN,11/2022,1732,1503,"86,78",1485,18,"98,80",229,"13,22",16,213,"12,30"
241260,SÃO PAULO DO POTENGI,RN,09/2022,1783,1466,"82,22",1447,19,"98,70",317,"17,78",21,296,"16,60"
241270,SÃO PEDRO,RN,09/2022,713,638,"89,48",638,0,"100,00",75,"10,52",3,72,"10,10"
241270,SÃO PEDRO,RN,11/2022,677,460,"67,95",460,0,"100,00",217,"32,05",3,214,"31,61"
241270,SÃO PEDRO,RN,07/2022,711,624,"87,76",624,0,"100,00",87,"12,24",16,71,"9,99"
241280,SÃO RAFAEL,RN,07/2022,755,552,"73,11",532,20,"96,38",203,"26,89",4,199,"26,36"
241280,SÃO RAFAEL,RN,11/2022,736,537,"72,96",485,52,"90,32",199,"27,04",3,196,"26,63"
241280,SÃO RAFAEL,RN,09/2022,772,550,"71,24",515,35,"93,64",222,"28,76",16,206,"26,68"
241290,SÃO TOMÉ,RN,09/2022,995,453,"45,53",452,1,"99,78",542,"54,47",526,16,"1,61"
241290,SÃO TOMÉ,RN,11/2022,995,646,"64,92",642,4,"99,38",349,"35,08",322,27,"2,71"
241290,SÃO TOMÉ,RN,07/2022,1014,587,"57,89",578,9,"98,47",427,"42,11",405,22,"2,17"
241300,SÃO VICENTE,RN,07/2022,467,384,"82,23",380,4,"98,96",83,"17,77",56,27,"5,78"
241300,SÃO VICENTE,RN,11/2022,474,448,"94,51",440,8,"98,21",26,"5,49",6,20,"4,22"
241300,SÃO VICENTE,RN,09/2022,480,462,"96,25",455,7,"98,48",18,"3,75",9,9,"1,88"
241310,SENADOR ELÓI DE SOUZA,RN,09/2022,820,622,"75,85",618,4,"99,36",198,"24,15",31,167,"20,37"
241310,SENADOR ELÓI DE SOUZA,RN,11/2022,801,622,"77,65",603,19,"96,95",179,"22,35",29,150,"18,73"
241310,SENADOR ELÓI DE SOUZA,RN,07/2022,815,615,"75,46",609,6,"99,02",200,"24,54",59,141,"17,30"
241320,SENADOR GEORGINO AVELINO,RN,07/2022,505,463,"91,68",463,0,"100,00",42,"8,32",2,40,"7,92"
241320,SENADOR GEORGINO AVELINO,RN,11/2022,493,451,"91,48",451,0,"100,00",42,"8,52",1,41,"8,32"
241320,SENADOR GEORGINO AVELINO,RN,09/2022,498,456,"91,57",456,0,"100,00",42,"8,43",3,39,"7,83"
241330,SERRA DE SÃO BENTO,RN,09/2022,661,627,"94,86",621,6,"99,04",34,"5,14",5,29,"4,39"
241330,SERRA DE SÃO BENTO,RN,11/2022,651,612,"94,01",608,4,"99,35",39,"5,99",10,29,"4,45"
241330,SERRA DE SÃO BENTO,RN,07/2022,665,618,"92,93",606,12,"98,06",47,"7,07",22,25,"3,76"
241335,SERRA DO MEL,RN,07/2022,1624,1579,"97,23",1579,0,"100,00",45,"2,77",7,38,"2,34"
241335,SERRA DO MEL,RN,11/2022,1613,1548,"95,97",1548,0,"100,00",65,"4,03",21,44,"2,73"
241335,SERRA DO MEL,RN,09/2022,1611,1556,"96,59",1551,5,"99,68",55,"3,41",25,30,"1,86"
241340,SERRA NEGRA DO NORTE,RN,09/2022,517,427,"82,59",412,15,"96,49",90,"17,41",10,80,"15,47"
241340,SERRA NEGRA DO NORTE,RN,11/2022,514,427,"83,07",402,25,"94,15",87,"16,93",2,85,"16,54"
241340,SERRA NEGRA DO NORTE,RN,07/2022,516,366,"70,93",355,11,"96,99",150,"29,07",39,111,"21,51"
241350,SERRINHA,RN,07/2022,860,778,"90,47",778,0,"100,00",82,"9,53",2,80,"9,30"
241350,SERRINHA,RN,11/2022,859,776,"90,34",775,1,"99,87",83,"9,66",4,79,"9,20"
241350,SERRINHA,RN,09/2022,862,780,"90,49",780,0,"100,00",82,"9,51",4,78,"9,05"
241355,SERRINHA DOS PINTOS,RN,09/2022,425,386,"90,82",384,2,"99,48",39,"9,18",2,37,"8,71"
241355,SERRINHA DOS PINTOS,RN,11/2022,419,369,"88,07",322,47,"87,26",50,"11,93",1,49,"11,69"
241355,SERRINHA DOS PINTOS,RN,07/2022,423,396,"93,62",395,1,"99,75",27,"6,38",0,27,"6,38"
241360,SEVERIANO MELO,RN,07/2022,551,514,"93,28",508,6,"98,83",37,"6,72",5,32,"5,81"
241360,SEVERIANO MELO,RN,11/2022,560,527,"94,11",520,7,"98,67",33,"5,89",3,30,"5,36"
241360,SEVERIANO MELO,RN,09/2022,555,473,"85,23",461,12,"97,46",82,"14,77",54,28,"5,05"
241370,SÍTIO NOVO,RN,09/2022,472,396,"83,90",374,22,"94,44",76,"16,10",21,55,"11,65"
241370,SÍTIO NOVO,RN,11/2022,469,402,"85,71",386,16,"96,02",67,"14,29",14,53,"11,30"
241370,SÍTIO NOVO,RN,07/2022,479,390,"81,42",379,11,"97,18",89,"18,58",32,57,"11,90"
241380,TABOLEIRO GRANDE,RN,07/2022,225,213,"94,67",213,0,"100,00",12,"5,33",2,10,"4,44"
241380,TABOLEIRO GRANDE,RN,11/2022,225,210,"93,33",210,0,"100,00",15,"6,67",4,11,"4,89"
241380,TABOLEIRO GRANDE,RN,09/2022,226,213,"94,25",213,0,"100,00",13,"5,75",2,11,"4,87"
241390,TAIPU,RN,09/2022,1405,1165,"82,92",1165,0,"100,00",240,"17,08",13,227,"16,16"
241390,TAIPU,RN,11/2022,1380,1154,"83,62",1154,0,"100,00",226,"16,38",10,216,"15,65"
241390,TAIPU,RN,07/2022,1430,1181,"82,59",1181,0,"100,00",249,"17,41",16,233,"16,29"
241400,TANGARÁ,RN,07/2022,1715,1198,"69,85",1155,43,"96,41",517,"30,15",21,496,"28,92"
241400,TANGARÁ,RN,11/2022,1657,1090,"65,78",1033,57,"94,77",567,"34,22",19,548,"33,07"
241400,TANGARÁ,RN,09/2022,1694,1121,"66,17",1037,84,"92,51",573,"33,83",14,559,"33,00"
241410,TENENTE ANANIAS,RN,09/2022,1002,936,"93,41",916,20,"97,86",66,"6,59",5,61,"6,09"
241410,TENENTE ANANIAS,RN,11/2022,993,928,"93,45",913,15,"98,38",65,"6,55",3,62,"6,24"
241410,TENENTE ANANIAS,RN,07/2022,999,932,"93,29",917,15,"98,39",67,"6,71",7,60,"6,01"
241415,TENENTE LAURENTINO CRUZ,RN,07/2022,747,691,"92,50",690,1,"99,86",56,"7,50",19,37,"4,95"
241415,TENENTE LAURENTINO CRUZ,RN,11/2022,752,691,"91,89",691,0,"100,00",61,"8,11",14,47,"6,25"
241415,TENENTE LAURENTINO CRUZ,RN,09/2022,762,694,"91,08",693,1,"99,86",68,"8,92",25,43,"5,64"
241420,TIBAU DO SUL,RN,09/2022,1439,1385,"96,25",1350,35,"97,47",54,"3,75",12,42,"2,92"
241420,TIBAU DO SUL,RN,11/2022,1447,1362,"94,13",1260,102,"92,51",85,"5,87",7,78,"5,39"
241420,TIBAU DO SUL,RN,07/2022,1460,1155,"79,11",1155,0,"100,00",305,"20,89",13,292,"20,00"
241430,TIMBAÚBA DOS BATISTAS,RN,07/2022,157,136,"86,62",136,0,"100,00",21,"13,38",3,18,"11,46"
241430,TIMBAÚBA DOS BATISTAS,RN,11/2022,160,137,"85,63",137,0,"100,00",23,"14,38",2,21,"13,13"
241430,TIMBAÚBA DOS BATISTAS,RN,09/2022,162,142,"87,65",142,0,"100,00",20,"12,35",2,18,"11,11"
241440,TOUROS,RN,09/2022,4085,2953,"72,29",2898,55,"98,14",1132,"27,71",25,1107,"27,10"
241440,TOUROS,RN,11/2022,3983,2840,"71,30",2811,29,"98,98",1143,"28,70",28,1115,"27,99"
241440,TOUROS,RN,07/2022,4101,2136,"52,08",2103,33,"98,46",1965,"47,92",51,1914,"46,67"
241445,TRIUNFO POTIGUAR,RN,07/2022,592,547,"92,40",547,0,"100,00",45,"7,60",0,45,"7,60"
241445,TRIUNFO POTIGUAR,RN,11/2022,574,534,"93,03",516,18,"96,63",40,"6,97",1,39,"6,79"
241445,TRIUNFO POTIGUAR,RN,09/2022,596,541,"90,77",541,0,"100,00",55,"9,23",11,44,"7,38"
241450,UMARIZAL,RN,09/2022,882,128,"14,51",125,3,"97,66",754,"85,49",565,189,"21,43"
241450,UMARIZAL,RN,11/2022,890,584,"65,62",573,11,"98,12",306,"34,38",121,185,"20,79"
241450,UMARIZAL,RN,07/2022,908,295,"32,49",295,0,"100,00",613,"67,51",419,194,"21,37"
241460,UPANEMA,RN,07/2022,1368,1306,"95,47",1298,8,"99,39",62,"4,53",14,48,"3,51"
241460,UPANEMA,RN,11/2022,1303,680,"52,19",638,42,"93,82",623,"47,81",593,30,"2,30"
241460,UPANEMA,RN,09/2022,1354,1187,"87,67",1150,37,"96,88",167,"12,33",129,38,"2,81"
241470,VÁRZEA,RN,09/2022,589,422,"71,65",415,7,"98,34",167,"28,35",7,160,"27,16"
241470,VÁRZEA,RN,11/2022,590,522,"88,47",512,10,"98,08",68,"11,53",6,62,"10,51"
241470,VÁRZEA,RN,07/2022,597,364,"60,97",358,6,"98,35",233,"39,03",85,148,"24,79"
241475,VENHA-VER,RN,07/2022,357,334,"93,56",328,6,"98,20",23,"6,44",8,15,"4,20"
241475,VENHA-VER,RN,11/2022,352,324,"92,05",314,10,"96,91",28,"7,95",0,28,"7,95"
241475,VENHA-VER,RN,09/2022,344,328,"95,35",323,5,"98,48",16,"4,65",3,13,"3,78"
241480,VERA CRUZ,RN,09/2022,1274,1159,"90,97",1159,0,"100,00",115,"9,03",17,98,"7,69"
241480,VERA CRUZ,RN,11/2022,1275,1166,"91,45",1166,0,"100,00",109,"8,55",16,93,"7,29"
241480,VERA CRUZ,RN,07/2022,1280,1171,"91,48",1171,0,"100,00",109,"8,52",14,95,"7,42"
241490,VIÇOSA,RN,07/2022,218,199,"91,28",182,17,"91,46",19,"8,72",0,19,"8,72"
241490,VIÇOSA,RN,11/2022,223,203,"91,03",203,0,"100,00",20,"8,97",0,20,"8,97"
241490,VIÇOSA,RN,09/2022,223,204,"91,48",198,6,"97,06",19,"8,52",0,19,"8,52"
241500,VILA FLOR,RN,09/2022,482,443,"91,91",440,3,"99,32",39,"8,09",2,37,"7,68"
241500,VILA FLOR,RN,11/2022,459,416,"90,63",398,18,"95,67",43,"9,37",3,40,"8,71"
241500,VILA FLOR,RN,07/2022,481,463,"96,26",463,0,"100,00",18,"3,74",1,17,"3,53"
110001,ALTA FLORESTA D´OESTE,RO,11/2022,1413,1360,"96,25",1353,7,"99,49",53,"3,75",9,44,"3,11"
110001,ALTA FLORESTA D´OESTE,RO,09/2022,1394,1325,"95,05",1313,12,"99,09",69,"4,95",10,59,"4,23"
110001,ALTA FLORESTA D´OESTE,RO,07/2022,1416,1303,"92,02",1291,12,"99,08",113,"7,98",18,95,"6,71"
110002,ARIQUEMES,RO,07/2022,4631,4145,"89,51",4075,70,"98,31",486,"10,49",90,396,"8,55"
110002,ARIQUEMES,RO,11/2022,4587,4248,"92,61",4124,124,"97,08",339,"7,39",35,304,"6,63"
110002,ARIQUEMES,RO,09/2022,4516,4246,"94,02",4085,161,"96,21",270,"5,98",21,249,"5,51"
110003,CABIXI,RO,11/2022,258,177,"68,60",173,4,"97,74",81,"31,40",3,78,"30,23"
110003,CABIXI,RO,09/2022,264,184,"69,70",184,0,"100,00",80,"30,30",10,70,"26,52"
110003,CABIXI,RO,07/2022,270,190,"70,37",189,1,"99,47",80,"29,63",13,67,"24,81"
110004,CACOAL,RO,07/2022,3784,3120,"82,45",3105,15,"99,52",664,"17,55",473,191,"5,05"
110004,CACOAL,RO,09/2022,3812,3651,"95,78",3619,32,"99,12",161,"4,22",54,107,"2,81"
110004,CACOAL,RO,11/2022,3872,3722,"96,13",3636,86,"97,69",150,"3,87",24,126,"3,25"
110005,CEREJEIRAS,RO,11/2022,755,661,"87,55",645,16,"97,58",94,"12,45",50,44,"5,83"
110005,CEREJEIRAS,RO,09/2022,756,702,"92,86",694,8,"98,86",54,"7,14",17,37,"4,89"
110005,CEREJEIRAS,RO,07/2022,779,726,"93,20",724,2,"99,72",53,"6,80",18,35,"4,49"
110006,COLORADO DO OESTE,RO,07/2022,391,323,"82,61",319,4,"98,76",68,"17,39",46,22,"5,63"
110006,COLORADO DO OESTE,RO,11/2022,392,369,"94,13",356,13,"96,48",23,"5,87",9,14,"3,57"
110006,COLORADO DO OESTE,RO,09/2022,391,362,"92,58",359,3,"99,17",29,"7,42",15,14,"3,58"
110007,CORUMBIARA,RO,11/2022,380,354,"93,16",344,10,"97,18",26,"6,84",1,25,"6,58"
110007,CORUMBIARA,RO,09/2022,396,380,"95,96",371,9,"97,63",16,"4,04",2,14,"3,54"
110007,CORUMBIARA,RO,07/2022,436,370,"84,86",369,1,"99,73",66,"15,14",20,46,"10,55"
110008,COSTA MARQUES,RO,07/2022,1647,861,"52,28",843,18,"97,91",786,"47,72",43,743,"45,11"
110008,COSTA MARQUES,RO,09/2022,1605,888,"55,33",872,16,"98,20",717,"44,67",42,675,"42,06"
110008,COSTA MARQUES,RO,11/2022,1569,1307,"83,30",1282,25,"98,09",262,"16,70",49,213,"13,58"
110009,ESPIGÃO D´OESTE,RO,11/2022,1750,1422,"81,26",1404,18,"98,73",328,"18,74",1,327,"18,69"
110009,ESPIGÃO D´OESTE,RO,09/2022,1732,1267,"73,15",1256,11,"99,13",465,"26,85",118,347,"20,03"
110009,ESPIGÃO D´OESTE,RO,07/2022,1753,1289,"73,53",1280,9,"99,30",464,"26,47",94,370,"21,11"
110010,GUAJARÁ-MIRIM,RO,07/2022,4716,4230,"89,69",4186,44,"98,96",486,"10,31",33,453,"9,61"
110010,GUAJARÁ-MIRIM,RO,09/2022,4550,4418,"97,10",4324,94,"97,87",132,"2,90",19,113,"2,48"
110010,GUAJARÁ-MIRIM,RO,11/2022,4537,4397,"96,91",4337,60,"98,64",140,"3,09",29,111,"2,45"
110011,JARU,RO,11/2022,2283,2076,"90,93",2034,42,"97,98",207,"9,07",27,180,"7,88"
110011,JARU,RO,09/2022,2222,1979,"89,06",1923,56,"97,17",243,"10,94",103,140,"6,30"
110011,JARU,RO,07/2022,2290,2053,"89,65",2006,47,"97,71",237,"10,35",35,202,"8,82"
110012,JI-PARANÁ,RO,07/2022,4089,3183,"77,84",3138,45,"98,59",906,"22,16",85,821,"20,08"
110012,JI-PARANÁ,RO,11/2022,4445,4064,"91,43",3959,105,"97,42",381,"8,57",24,357,"8,03"
110012,JI-PARANÁ,RO,09/2022,4249,3822,"89,95",3736,86,"97,75",427,"10,05",90,337,"7,93"
110013,MACHADINHO D´OESTE,RO,09/2022,2435,2318,"95,20",2275,43,"98,14",117,"4,80",9,108,"4,44"
110013,MACHADINHO D´OESTE,RO,11/2022,2456,2292,"93,32",2227,65,"97,16",164,"6,68",65,99,"4,03"
110013,MACHADINHO D´OESTE,RO,07/2022,2491,1836,"73,71",1830,6,"99,67",655,"26,29",7,648,"26,01"
110014,NOVA BRASILÂNDIA D´OESTE,RO,07/2022,1129,776,"68,73",759,17,"97,81",353,"31,27",272,81,"7,17"
110014,NOVA BRASILÂNDIA D´OESTE,RO,11/2022,1106,1021,"92,31",1001,20,"98,04",85,"7,69",2,83,"7,50"
110014,NOVA BRASILÂNDIA D´OESTE,RO,09/2022,1127,1033,"91,66",1000,33,"96,81",94,"8,34",12,82,"7,28"
110015,OURO PRETO DO OESTE,RO,09/2022,1516,986,"65,04",925,61,"93,81",530,"34,96",16,514,"33,91"
110015,OURO PRETO DO OESTE,RO,11/2022,1550,1067,"68,84",1007,60,"94,38",483,"31,16",9,474,"30,58"
110015,OURO PRETO DO OESTE,RO,07/2022,1447,738,"51,00",697,41,"94,44",709,"49,00",147,562,"38,84"
110018,PIMENTA BUENO,RO,07/2022,1129,709,"62,80",611,98,"86,18",420,"37,20",11,409,"36,23"
110018,PIMENTA BUENO,RO,11/2022,1122,903,"80,48",848,55,"93,91",219,"19,52",3,216,"19,25"
110018,PIMENTA BUENO,RO,09/2022,1146,879,"76,70",858,21,"97,61",267,"23,30",17,250,"21,82"
110020,PORTO VELHO,RO,09/2022,34268,23680,"69,10",23337,343,"98,55",10588,"30,90",498,10090,"29,44"
110020,PORTO VELHO,RO,11/2022,34844,21794,"62,55",21338,456,"97,91",13050,"37,45",3243,9807,"28,15"
110020,PORTO VELHO,RO,07/2022,31074,13020,"41,90",12704,316,"97,57",18054,"58,10",7350,10704,"34,45"
110025,PRESIDENTE MÉDICI,RO,07/2022,1349,1154,"85,54",1123,31,"97,31",195,"14,46",29,166,"12,31"
110025,PRESIDENTE MÉDICI,RO,11/2022,1360,1183,"86,99",1152,31,"97,38",177,"13,01",23,154,"11,32"
110025,PRESIDENTE MÉDICI,RO,09/2022,1340,1174,"87,61",1141,33,"97,19",166,"12,39",11,155,"11,57"
110026,RIO CRESPO,RO,09/2022,227,170,"74,89",170,0,"100,00",57,"25,11",0,57,"25,11"
110026,RIO CRESPO,RO,11/2022,218,150,"68,81",149,1,"99,33",68,"31,19",11,57,"26,15"
110026,RIO CRESPO,RO,07/2022,235,179,"76,17",179,0,"100,00",56,"23,83",3,53,"22,55"
110028,ROLIM DE MOURA,RO,07/2022,1858,1535,"82,62",1438,97,"93,68",323,"17,38",17,306,"16,47"
110028,ROLIM DE MOURA,RO,11/2022,1816,1674,"92,18",1595,79,"95,28",142,"7,82",5,137,"7,54"
110028,ROLIM DE MOURA,RO,09/2022,1819,1646,"90,49",1599,47,"97,14",173,"9,51",6,167,"9,18"
110029,SANTA LUZIA D´OESTE,RO,09/2022,433,367,"84,76",367,0,"100,00",66,"15,24",7,59,"13,63"
110029,SANTA LUZIA D´OESTE,RO,11/2022,424,404,"95,28",404,0,"100,00",20,"4,72",0,20,"4,72"
110029,SANTA LUZIA D´OESTE,RO,07/2022,428,369,"86,21",369,0,"100,00",59,"13,79",3,56,"13,08"
110030,VILHENA,RO,07/2022,3761,2287,"60,81",2257,30,"98,69",1474,"39,19",48,1426,"37,92"
110030,VILHENA,RO,09/2022,3725,2752,"73,88",2692,60,"97,82",973,"26,12",17,956,"25,66"
110030,VILHENA,RO,11/2022,3644,2832,"77,72",2622,210,"92,58",812,"22,28",4,808,"22,17"
110032,SÃO MIGUEL DO GUAPORÉ,RO,11/2022,996,847,"85,04",832,15,"98,23",149,"14,96",6,143,"14,36"
110032,SÃO MIGUEL DO GUAPORÉ,RO,09/2022,973,800,"82,22",776,24,"97,00",173,"17,78",4,169,"17,37"
110032,SÃO MIGUEL DO GUAPORÉ,RO,07/2022,955,772,"80,84",772,0,"100,00",183,"19,16",21,162,"16,96"
110033,NOVA MAMORÉ,RO,07/2022,1939,1703,"87,83",1673,30,"98,24",236,"12,17",102,134,"6,91"
110033,NOVA MAMORÉ,RO,09/2022,1996,1896,"94,99",1813,83,"95,62",100,"5,01",19,81,"4,06"
110033,NOVA MAMORÉ,RO,11/2022,2082,1964,"94,33",1874,90,"95,42",118,"5,67",31,87,"4,18"
110034,ALVORADA D´OESTE,RO,09/2022,932,893,"95,82",869,24,"97,31",39,"4,18",10,29,"3,11"
110034,ALVORADA D´OESTE,RO,11/2022,924,875,"94,70",847,28,"96,80",49,"5,30",16,33,"3,57"
110034,ALVORADA D´OESTE,RO,07/2022,951,872,"91,69",852,20,"97,71",79,"8,31",26,53,"5,57"
110037,ALTO ALEGRE DOS PARECIS,RO,07/2022,756,709,"93,78",694,15,"97,88",47,"6,22",12,35,"4,63"
110037,ALTO ALEGRE DOS PARECIS,RO,09/2022,716,695,"97,07",678,17,"97,55",21,"2,93",3,18,"2,51"
110037,ALTO ALEGRE DOS PARECIS,RO,11/2022,707,682,"96,46",670,12,"98,24",25,"3,54",1,24,"3,39"
110040,ALTO PARAÍSO,RO,11/2022,1130,892,"78,94",892,0,"100,00",238,"21,06",9,229,"20,27"
110040,ALTO PARAÍSO,RO,09/2022,1122,885,"78,88",885,0,"100,00",237,"21,12",2,235,"20,94"
110040,ALTO PARAÍSO,RO,07/2022,1141,916,"80,28",916,0,"100,00",225,"19,72",7,218,"19,11"
110045,BURITIS,RO,07/2022,1821,1599,"87,81",1568,31,"98,06",222,"12,19",82,140,"7,69"
110045,BURITIS,RO,11/2022,1821,1673,"91,87",1586,87,"94,80",148,"8,13",34,114,"6,26"
110045,BURITIS,RO,09/2022,1752,1620,"92,47",1550,70,"95,68",132,"7,53",15,117,"6,68"
110050,NOVO HORIZONTE DO OESTE,RO,09/2022,481,475,"98,75",468,7,"98,53",6,"1,25",0,6,"1,25"
110050,NOVO HORIZONTE DO OESTE,RO,11/2022,477,454,"95,18",439,15,"96,70",23,"4,82",2,21,"4,40"
110050,NOVO HORIZONTE DO OESTE,RO,07/2022,511,460,"90,02",444,16,"96,52",51,"9,98",9,42,"8,22"
110060,CACAULÂNDIA,RO,07/2022,291,248,"85,22",248,0,"100,00",43,"14,78",9,34,"11,68"
110060,CACAULÂNDIA,RO,09/2022,265,230,"86,79",224,6,"97,39",35,"13,21",8,27,"10,19"
110060,CACAULÂNDIA,RO,11/2022,258,209,"81,01",190,19,"90,91",49,"18,99",20,29,"11,24"
110070,CAMPO NOVO DE RONDÔNIA,RO,09/2022,578,496,"85,81",494,2,"99,60",82,"14,19",9,73,"12,63"
110070,CAMPO NOVO DE RONDÔNIA,RO,11/2022,590,507,"85,93",503,4,"99,21",83,"14,07",8,75,"12,71"
110070,CAMPO NOVO DE RONDÔNIA,RO,07/2022,582,164,"28,18",161,3,"98,17",418,"71,82",320,98,"16,84"
110080,CANDEIAS DO JAMARI,RO,07/2022,2579,1843,"71,46",1817,26,"98,59",736,"28,54",296,440,"17,06"
110080,CANDEIAS DO JAMARI,RO,11/2022,2394,2150,"89,81",2075,75,"96,51",244,"10,19",48,196,"8,19"
110080,CANDEIAS DO JAMARI,RO,09/2022,2383,2151,"90,26",2041,110,"94,89",232,"9,74",65,167,"7,01"
110090,CASTANHEIRAS,RO,11/2022,200,182,"91,00",177,5,"97,25",18,"9,00",0,18,"9,00"
110090,CASTANHEIRAS,RO,09/2022,208,202,"97,12",199,3,"98,51",6,"2,88",0,6,"2,88"
110090,CASTANHEIRAS,RO,07/2022,218,191,"87,61",191,0,"100,00",27,"12,39",1,26,"11,93"
110092,CHUPINGUAIA,RO,07/2022,620,149,"24,03",149,0,"100,00",471,"75,97",344,127,"20,48"
110092,CHUPINGUAIA,RO,11/2022,734,617,"84,06",617,0,"100,00",117,"15,94",30,87,"11,85"
110092,CHUPINGUAIA,RO,09/2022,723,622,"86,03",622,0,"100,00",101,"13,97",0,101,"13,97"
110094,CUJUBIM,RO,09/2022,1299,1160,"89,30",1152,8,"99,31",139,"10,70",4,135,"10,39"
110094,CUJUBIM,RO,11/2022,1290,1158,"89,77",1128,30,"97,41",132,"10,23",6,126,"9,77"
110094,CUJUBIM,RO,07/2022,1320,1022,"77,42",996,26,"97,46",298,"22,58",85,213,"16,14"
110100,GOVERNADOR JORGE TEIXEIRA,RO,07/2022,680,573,"84,26",567,6,"98,95",107,"15,74",42,65,"9,56"
110100,GOVERNADOR JORGE TEIXEIRA,RO,09/2022,662,584,"88,22",579,5,"99,14",78,"11,78",16,62,"9,37"
110100,GOVERNADOR JORGE TEIXEIRA,RO,11/2022,679,589,"86,75",584,5,"99,15",90,"13,25",19,71,"10,46"
110110,ITAPUÃ DO OESTE,RO,09/2022,729,699,"95,88",667,32,"95,42",30,"4,12",2,28,"3,84"
110110,ITAPUÃ DO OESTE,RO,11/2022,762,684,"89,76",658,26,"96,20",78,"10,24",29,49,"6,43"
110110,ITAPUÃ DO OESTE,RO,07/2022,739,677,"91,61",533,144,"78,73",62,"8,39",21,41,"5,55"
110120,MINISTRO ANDREAZZA,RO,07/2022,429,396,"92,31",390,6,"98,48",33,"7,69",13,20,"4,66"
110120,MINISTRO ANDREAZZA,RO,09/2022,407,391,"96,07",385,6,"98,47",16,"3,93",0,16,"3,93"
110120,MINISTRO ANDREAZZA,RO,11/2022,409,389,"95,11",389,0,"100,00",20,"4,89",0,20,"4,89"
110130,MIRANTE DA SERRA,RO,11/2022,580,534,"92,07",518,16,"97,00",46,"7,93",10,36,"6,21"
110130,MIRANTE DA SERRA,RO,09/2022,569,523,"91,92",507,16,"96,94",46,"8,08",3,43,"7,56"
110130,MIRANTE DA SERRA,RO,07/2022,595,415,"69,75",393,22,"94,70",180,"30,25",110,70,"11,76"
110140,MONTE NEGRO,RO,07/2022,848,561,"66,16",558,3,"99,47",287,"33,84",88,199,"23,47"
110140,MONTE NEGRO,RO,11/2022,912,717,"78,62",715,2,"99,72",195,"21,38",20,175,"19,19"
110140,MONTE NEGRO,RO,09/2022,877,684,"77,99",675,9,"98,68",193,"22,01",11,182,"20,75"
110143,NOVA UNIÃO,RO,11/2022,397,352,"88,66",335,17,"95,17",45,"11,34",1,44,"11,08"
110143,NOVA UNIÃO,RO,09/2022,367,338,"92,10",327,11,"96,75",29,"7,90",2,27,"7,36"
110143,NOVA UNIÃO,RO,07/2022,419,340,"81,15",333,7,"97,94",79,"18,85",5,74,"17,66"
110145,PARECIS,RO,07/2022,262,232,"88,55",225,7,"96,98",30,"11,45",11,19,"7,25"
110145,PARECIS,RO,09/2022,253,243,"96,05",236,7,"97,12",10,"3,95",2,8,"3,16"
110145,PARECIS,RO,11/2022,249,234,"93,98",233,1,"99,57",15,"6,02",6,9,"3,61"
110146,PIMENTEIRAS DO OESTE,RO,09/2022,213,163,"76,53",163,0,"100,00",50,"23,47",0,50,"23,47"
110146,PIMENTEIRAS DO OESTE,RO,11/2022,209,154,"73,68",149,5,"96,75",55,"26,32",1,54,"25,84"
110146,PIMENTEIRAS DO OESTE,RO,07/2022,213,169,"79,34",169,0,"100,00",44,"20,66",0,44,"20,66"
110147,PRIMAVERA DE RONDÔNIA,RO,07/2022,174,76,"43,68",76,0,"100,00",98,"56,32",10,88,"50,57"
110147,PRIMAVERA DE RONDÔNIA,RO,11/2022,182,134,"73,63",133,1,"99,25",48,"26,37",6,42,"23,08"
110147,PRIMAVERA DE RONDÔNIA,RO,09/2022,167,95,"56,89",94,1,"98,95",72,"43,11",0,72,"43,11"
110148,SÃO FELIPE D´OESTE,RO,09/2022,193,131,"67,88",131,0,"100,00",62,"32,12",24,38,"19,69"
110148,SÃO FELIPE D´OESTE,RO,11/2022,183,133,"72,68",103,30,"77,44",50,"27,32",15,35,"19,13"
110148,SÃO FELIPE D´OESTE,RO,07/2022,205,166,"80,98",166,0,"100,00",39,"19,02",2,37,"18,05"
110149,SÃO FRANCISCO DO GUAPORÉ,RO,07/2022,1152,601,"52,17",591,10,"98,34",551,"47,83",22,529,"45,92"
110149,SÃO FRANCISCO DO GUAPORÉ,RO,11/2022,1153,928,"80,49",924,4,"99,57",225,"19,51",40,185,"16,05"
110149,SÃO FRANCISCO DO GUAPORÉ,RO,09/2022,1119,829,"74,08",801,28,"96,62",290,"25,92",22,268,"23,95"
110150,SERINGUEIRAS,RO,09/2022,827,767,"92,74",763,4,"99,48",60,"7,26",2,58,"7,01"
110150,SERINGUEIRAS,RO,11/2022,760,756,"99,47",749,7,"99,07",4,"0,53",1,3,"0,39"
110150,SERINGUEIRAS,RO,07/2022,852,698,"81,92",698,0,"100,00",154,"18,08",6,148,"17,37"
110155,TEIXEIRÓPOLIS,RO,07/2022,231,185,"80,09",180,5,"97,30",46,"19,91",12,34,"14,72"
110155,TEIXEIRÓPOLIS,RO,09/2022,238,218,"91,60",215,3,"98,62",20,"8,40",1,19,"7,98"
110155,TEIXEIRÓPOLIS,RO,11/2022,233,202,"86,70",199,3,"98,51",31,"13,30",2,29,"12,45"
110160,THEOBROMA,RO,09/2022,530,417,"78,68",415,2,"99,52",113,"21,32",1,112,"21,13"
110160,THEOBROMA,RO,11/2022,512,394,"76,95",393,1,"99,75",118,"23,05",0,118,"23,05"
110160,THEOBROMA,RO,07/2022,560,418,"74,64",418,0,"100,00",142,"25,36",2,140,"25,00"
110170,URUPÁ,RO,07/2022,652,590,"90,49",583,7,"98,81",62,"9,51",6,56,"8,59"
110170,URUPÁ,RO,09/2022,621,592,"95,33",578,14,"97,64",29,"4,67",1,28,"4,51"
110170,URUPÁ,RO,11/2022,627,576,"91,87",563,13,"97,74",51,"8,13",2,49,"7,81"
110175,VALE DO ANARI,RO,11/2022,618,590,"95,47",579,11,"98,14",28,"4,53",0,28,"4,53"
110175,VALE DO ANARI,RO,09/2022,602,575,"95,51",575,0,"100,00",27,"4,49",3,24,"3,99"
110175,VALE DO ANARI,RO,07/2022,632,554,"87,66",552,2,"99,64",78,"12,34",12,66,"10,44"
110180,VALE DO PARAÍSO,RO,07/2022,384,343,"89,32",343,0,"100,00",41,"10,68",9,32,"8,33"
110180,VALE DO PARAÍSO,RO,09/2022,374,348,"93,05",348,0,"100,00",26,"6,95",2,24,"6,42"
110180,VALE DO PARAÍSO,RO,11/2022,357,322,"90,20",322,0,"100,00",35,"9,80",1,34,"9,52"
140002,AMAJARI,RR,09/2022,1796,1187,"66,09",1162,25,"97,89",609,"33,91",76,533,"29,68"
140002,AMAJARI,RR,11/2022,1803,1118,"62,01",1092,26,"97,67",685,"37,99",143,542,"30,06"
140002,AMAJARI,RR,07/2022,1812,997,"55,02",975,22,"97,79",815,"44,98",211,604,"33,33"
140005,ALTO ALEGRE,RR,07/2022,2261,1342,"59,35",1333,9,"99,33",919,"40,65",125,794,"35,12"
140005,ALTO ALEGRE,RR,09/2022,2243,1299,"57,91",1292,7,"99,46",944,"42,09",116,828,"36,91"
140005,ALTO ALEGRE,RR,11/2022,2237,1235,"55,21",1224,11,"99,11",1002,"44,79",182,820,"36,66"
140010,BOA VISTA,RR,09/2022,24784,18085,"72,97",18077,8,"99,96",6699,"27,03",817,5882,"23,73"
140010,BOA VISTA,RR,11/2022,24792,17391,"70,15",17331,60,"99,65",7401,"29,85",1115,6286,"25,35"
140010,BOA VISTA,RR,07/2022,25050,15717,"62,74",15675,42,"99,73",9333,"37,26",1271,8062,"32,18"
140015,BONFIM,RR,07/2022,3126,0,"0,00",0,0,,3126,"100,00",2500,626,"20,03"
140015,BONFIM,RR,09/2022,3188,1321,"41,44",1321,0,"100,00",1867,"58,56",1217,650,"20,39"
140015,BONFIM,RR,11/2022,3169,0,"0,00",0,0,,3169,"100,00",2492,677,"21,36"
140017,CANTÁ,RR,11/2022,3200,2191,"68,47",2191,0,"100,00",1009,"31,53",24,985,"30,78"
140017,CANTÁ,RR,09/2022,3149,2181,"69,26",2157,24,"98,90",968,"30,74",15,953,"30,26"
140017,CANTÁ,RR,07/2022,3004,1988,"66,18",1943,45,"97,74",1016,"33,82",126,890,"29,63"
140020,CARACARAÍ,RR,07/2022,3066,698,"22,77",647,51,"92,69",2368,"77,23",714,1654,"53,95"
140020,CARACARAÍ,RR,11/2022,3266,1581,"48,41",1579,2,"99,87",1685,"51,59",93,1592,"48,74"
140020,CARACARAÍ,RR,09/2022,3257,451,"13,85",450,1,"99,78",2806,"86,15",1175,1631,"50,08"
140023,CAROEBE,RR,09/2022,1421,1208,"85,01",1199,9,"99,25",213,"14,99",10,203,"14,29"
140023,CAROEBE,RR,11/2022,1438,1229,"85,47",1225,4,"99,67",209,"14,53",6,203,"14,12"
140023,CAROEBE,RR,07/2022,1342,805,"59,99",797,8,"99,01",537,"40,01",250,287,"21,39"
140028,IRACEMA,RR,07/2022,1058,820,"77,50",733,87,"89,39",238,"22,50",37,201,"19,00"
140028,IRACEMA,RR,11/2022,1092,782,"71,61",751,31,"96,04",310,"28,39",9,301,"27,56"
140028,IRACEMA,RR,09/2022,1081,807,"74,65",768,39,"95,17",274,"25,35",7,267,"24,70"
140030,MUCAJAÍ,RR,11/2022,3157,2143,"67,88",2143,0,"100,00",1014,"32,12",37,977,"30,95"
140030,MUCAJAÍ,RR,09/2022,3075,2064,"67,12",2064,0,"100,00",1011,"32,88",23,988,"32,13"
140030,MUCAJAÍ,RR,07/2022,2937,1957,"66,63",1954,3,"99,85",980,"33,37",54,926,"31,53"
140040,NORMANDIA,RR,07/2022,3373,2467,"73,14",2467,0,"100,00",906,"26,86",90,816,"24,19"
140040,NORMANDIA,RR,11/2022,3480,2564,"73,68",2564,0,"100,00",916,"26,32",61,855,"24,57"
140040,NORMANDIA,RR,09/2022,3441,2507,"72,86",2507,0,"100,00",934,"27,14",98,836,"24,30"
140045,PACARAIMA,RR,11/2022,2926,2766,"94,53",2764,2,"99,93",160,"5,47",4,156,"5,33"
140045,PACARAIMA,RR,09/2022,2785,2547,"91,45",2547,0,"100,00",238,"8,55",47,191,"6,86"
140045,PACARAIMA,RR,07/2022,2450,2279,"93,02",2279,0,"100,00",171,"6,98",21,150,"6,12"
140047,RORAINÓPOLIS,RR,07/2022,3702,2164,"58,45",2124,40,"98,15",1538,"41,55",22,1516,"40,95"
140047,RORAINÓPOLIS,RR,09/2022,3681,2407,"65,39",2282,125,"94,81",1274,"34,61",34,1240,"33,69"
140047,RORAINÓPOLIS,RR,11/2022,3618,2402,"66,39",2342,60,"97,50",1216,"33,61",16,1200,"33,17"
140050,SÃO JOÃO DA BALIZA,RR,11/2022,936,757,"80,88",757,0,"100,00",179,"19,12",17,162,"17,31"
140050,SÃO JOÃO DA BALIZA,RR,09/2022,930,797,"85,70",797,0,"100,00",133,"14,30",10,123,"13,23"
140050,SÃO JOÃO DA BALIZA,RR,07/2022,929,667,"71,80",666,1,"99,85",262,"28,20",24,238,"25,62"
140060,SÃO LUIZ,RR,07/2022,999,689,"68,97",673,16,"97,68",310,"31,03",31,279,"27,93"
140060,SÃO LUIZ,RR,11/2022,974,679,"69,71",679,0,"100,00",295,"30,29",4,291,"29,88"
140060,SÃO LUIZ,RR,09/2022,988,659,"66,70",655,4,"99,39",329,"33,30",32,297,"30,06"
140070,UIRAMUTÃ,RR,11/2022,3589,2690,"74,95",2651,39,"98,55",899,"25,05",92,807,"22,49"
140070,UIRAMUTÃ,RR,09/2022,3405,0,"0,00",0,0,,3405,"100,00",2648,757,"22,23"
140070,UIRAMUTÃ,RR,07/2022,3370,0,"0,00",0,0,,3370,"100,00",2521,849,"25,19"
430003,ACEGUÁ,RS,07/2022,199,162,"81,41",147,15,"90,74",37,"18,59",5,32,"16,08"
430003,ACEGUÁ,RS,11/2022,211,182,"86,26",179,3,"98,35",29,"13,74",1,28,"13,27"
430003,ACEGUÁ,RS,09/2022,194,149,"76,80",133,16,"89,26",45,"23,20",12,33,"17,01"
430005,ÁGUA SANTA,RS,09/2022,131,123,"93,89",114,9,"92,68",8,"6,11",5,3,"2,29"
430005,ÁGUA SANTA,RS,11/2022,138,133,"96,38",130,3,"97,74",5,"3,62",1,4,"2,90"
430005,ÁGUA SANTA,RS,07/2022,120,94,"78,33",85,9,"90,43",26,"21,67",5,21,"17,50"
430010,AGUDO,RS,07/2022,618,571,"92,39",566,5,"99,12",47,"7,61",13,34,"5,50"
430010,AGUDO,RS,11/2022,600,579,"96,50",577,2,"99,65",21,"3,50",9,12,"2,00"
430010,AGUDO,RS,09/2022,614,583,"94,95",571,12,"97,94",31,"5,05",24,7,"1,14"
430020,AJURICABA,RS,09/2022,190,182,"95,79",175,7,"96,15",8,"4,21",3,5,"2,63"
430020,AJURICABA,RS,11/2022,186,180,"96,77",176,4,"97,78",6,"3,23",2,4,"2,15"
430020,AJURICABA,RS,07/2022,194,187,"96,39",182,5,"97,33",7,"3,61",3,4,"2,06"
430030,ALECRIM,RS,07/2022,215,184,"85,58",176,8,"95,65",31,"14,42",1,30,"13,95"
430030,ALECRIM,RS,11/2022,242,222,"91,74",216,6,"97,30",20,"8,26",2,18,"7,44"
430030,ALECRIM,RS,09/2022,234,203,"86,75",198,5,"97,54",31,"13,25",2,29,"12,39"
430040,ALEGRETE,RS,09/2022,2424,1611,"66,46",1528,83,"94,85",813,"33,54",199,614,"25,33"
430040,ALEGRETE,RS,11/2022,2427,1738,"71,61",1665,73,"95,80",689,"28,39",104,585,"24,10"
430040,ALEGRETE,RS,07/2022,2393,1587,"66,32",1496,91,"94,27",806,"33,68",186,620,"25,91"
430045,ALEGRIA,RS,07/2022,160,145,"90,63",144,1,"99,31",15,"9,38",9,6,"3,75"
430045,ALEGRIA,RS,11/2022,156,152,"97,44",152,0,"100,00",4,"2,56",1,3,"1,92"
430045,ALEGRIA,RS,09/2022,156,142,"91,03",142,0,"100,00",14,"8,97",8,6,"3,85"
430047,ALMIRANTE TAMANDARÉ DO SUL,RS,09/2022,36,30,"83,33",29,1,"96,67",6,"16,67",4,2,"5,56"
430047,ALMIRANTE TAMANDARÉ DO SUL,RS,11/2022,29,27,"93,10",27,0,"100,00",2,"6,90",2,0,"0,00"
430047,ALMIRANTE TAMANDARÉ DO SUL,RS,07/2022,37,32,"86,49",30,2,"93,75",5,"13,51",2,3,"8,11"
430050,ALPESTRE,RS,07/2022,198,94,"47,47",93,1,"98,94",104,"52,53",16,88,"44,44"
430050,ALPESTRE,RS,11/2022,194,156,"80,41",156,0,"100,00",38,"19,59",7,31,"15,98"
430050,ALPESTRE,RS,09/2022,199,165,"82,91",164,1,"99,39",34,"17,09",8,26,"13,07"
430055,ALTO ALEGRE,RS,09/2022,36,34,"94,44",34,0,"100,00",2,"5,56",1,1,"2,78"
430055,ALTO ALEGRE,RS,11/2022,34,33,"97,06",33,0,"100,00",1,"2,94",0,1,"2,94"
430055,ALTO ALEGRE,RS,07/2022,42,39,"92,86",39,0,"100,00",3,"7,14",0,3,"7,14"
430057,ALTO FELIZ,RS,07/2022,16,6,"37,50",6,0,"100,00",10,"62,50",9,1,"6,25"
430057,ALTO FELIZ,RS,11/2022,28,26,"92,86",24,2,"92,31",2,"7,14",1,1,"3,57"
430057,ALTO FELIZ,RS,09/2022,26,23,"88,46",21,2,"91,30",3,"11,54",3,0,"0,00"
430060,ALVORADA,RS,09/2022,9846,8144,"82,71",6865,1279,"84,30",1702,"17,29",22,1680,"17,06"
430060,ALVORADA,RS,11/2022,10030,8875,"88,48",7787,1088,"87,74",1155,"11,52",19,1136,"11,33"
430060,ALVORADA,RS,07/2022,9461,7258,"76,71",6063,1195,"83,54",2203,"23,29",38,2165,"22,88"
430063,AMARAL FERRADOR,RS,07/2022,327,244,"74,62",237,7,"97,13",83,"25,38",31,52,"15,90"
430063,AMARAL FERRADOR,RS,11/2022,322,214,"66,46",211,3,"98,60",108,"33,54",67,41,"12,73"
430063,AMARAL FERRADOR,RS,09/2022,323,265,"82,04",257,8,"96,98",58,"17,96",16,42,"13,00"
430064,AMETISTA DO SUL,RS,09/2022,402,347,"86,32",344,3,"99,14",55,"13,68",6,49,"12,19"
430064,AMETISTA DO SUL,RS,11/2022,376,74,"19,68",74,0,"100,00",302,"80,32",258,44,"11,70"
430064,AMETISTA DO SUL,RS,07/2022,400,340,"85,00",328,12,"96,47",60,"15,00",6,54,"13,50"
430066,ANDRÉ DA ROCHA,RS,07/2022,36,21,"58,33",21,0,"100,00",15,"41,67",7,8,"22,22"
430066,ANDRÉ DA ROCHA,RS,11/2022,37,20,"54,05",19,1,"95,00",17,"45,95",7,10,"27,03"
430066,ANDRÉ DA ROCHA,RS,09/2022,36,23,"63,89",21,2,"91,30",13,"36,11",3,10,"27,78"
430070,ANTA GORDA,RS,09/2022,60,58,"96,67",56,2,"96,55",2,"3,33",0,2,"3,33"
430070,ANTA GORDA,RS,11/2022,63,62,"98,41",61,1,"98,39",1,"1,59",0,1,"1,59"
430070,ANTA GORDA,RS,07/2022,55,52,"94,55",51,1,"98,08",3,"5,45",1,2,"3,64"
430080,ANTÔNIO PRADO,RS,07/2022,214,179,"83,64",149,30,"83,24",35,"16,36",1,34,"15,89"
430080,ANTÔNIO PRADO,RS,11/2022,236,198,"83,90",178,20,"89,90",38,"16,10",0,38,"16,10"
430080,ANTÔNIO PRADO,RS,09/2022,232,196,"84,48",180,16,"91,84",36,"15,52",0,36,"15,52"
430085,ARAMBARÉ,RS,09/2022,240,215,"89,58",200,15,"93,02",25,"10,42",10,15,"6,25"
430085,ARAMBARÉ,RS,11/2022,237,229,"96,62",223,6,"97,38",8,"3,38",3,5,"2,11"
430085,ARAMBARÉ,RS,07/2022,232,214,"92,24",197,17,"92,06",18,"7,76",5,13,"5,60"
430087,ARARICÁ,RS,07/2022,299,214,"71,57",212,2,"99,07",85,"28,43",8,77,"25,75"
430087,ARARICÁ,RS,11/2022,348,238,"68,39",231,7,"97,06",110,"31,61",7,103,"29,60"
430087,ARARICÁ,RS,09/2022,335,242,"72,24",240,2,"99,17",93,"27,76",5,88,"26,27"
430090,ARATIBA,RS,09/2022,69,51,"73,91",47,4,"92,16",18,"26,09",4,14,"20,29"
430090,ARATIBA,RS,11/2022,65,55,"84,62",53,2,"96,36",10,"15,38",2,8,"12,31"
430090,ARATIBA,RS,07/2022,66,53,"80,30",50,3,"94,34",13,"19,70",2,11,"16,67"
430100,ARROIO DO MEIO,RS,07/2022,224,181,"80,80",160,21,"88,40",43,"19,20",20,23,"10,27"
430100,ARROIO DO MEIO,RS,11/2022,217,205,"94,47",186,19,"90,73",12,"5,53",4,8,"3,69"
430100,ARROIO DO MEIO,RS,09/2022,231,182,"78,79",160,22,"87,91",49,"21,21",37,12,"5,19"
430105,ARROIO DO SAL,RS,09/2022,487,454,"93,22",425,29,"93,61",33,"6,78",9,24,"4,93"
430105,ARROIO DO SAL,RS,11/2022,486,468,"96,30",443,25,"94,66",18,"3,70",4,14,"2,88"
430105,ARROIO DO SAL,RS,07/2022,478,432,"90,38",372,60,"86,11",46,"9,62",20,26,"5,44"
430107,ARROIO DO PADRE,RS,07/2022,28,27,"96,43",24,3,"88,89",1,"3,57",0,1,"3,57"
430107,ARROIO DO PADRE,RS,11/2022,28,28,"100,00",26,2,"92,86",0,"0,00",0,0,"0,00"
430107,ARROIO DO PADRE,RS,09/2022,30,29,"96,67",26,3,"89,66",1,"3,33",0,1,"3,33"
430110,ARROIO DOS RATOS,RS,09/2022,793,725,"91,42",723,2,"99,72",68,"8,58",4,64,"8,07"
430110,ARROIO DOS RATOS,RS,11/2022,793,733,"92,43",714,19,"97,41",60,"7,57",7,53,"6,68"
430110,ARROIO DOS RATOS,RS,07/2022,809,685,"84,67",660,25,"96,35",124,"15,33",13,111,"13,72"
430120,ARROIO DO TIGRE,RS,07/2022,357,324,"90,76",314,10,"96,91",33,"9,24",7,26,"7,28"
430120,ARROIO DO TIGRE,RS,11/2022,349,335,"95,99",327,8,"97,61",14,"4,01",8,6,"1,72"
430120,ARROIO DO TIGRE,RS,09/2022,364,339,"93,13",325,14,"95,87",25,"6,87",9,16,"4,40"
430130,ARROIO GRANDE,RS,09/2022,981,568,"57,90",550,18,"96,83",413,"42,10",137,276,"28,13"
430130,ARROIO GRANDE,RS,11/2022,999,654,"65,47",636,18,"97,25",345,"34,53",86,259,"25,93"
430130,ARROIO GRANDE,RS,07/2022,999,516,"51,65",495,21,"95,93",483,"48,35",228,255,"25,53"
430140,ARVOREZINHA,RS,07/2022,362,293,"80,94",287,6,"97,95",69,"19,06",32,37,"10,22"
430140,ARVOREZINHA,RS,11/2022,344,277,"80,52",274,3,"98,92",67,"19,48",27,40,"11,63"
430140,ARVOREZINHA,RS,09/2022,357,132,"36,97",122,10,"92,42",225,"63,03",177,48,"13,45"
430150,AUGUSTO PESTANA,RS,09/2022,140,138,"98,57",128,10,"92,75",2,"1,43",1,1,"0,71"
430150,AUGUSTO PESTANA,RS,11/2022,144,138,"95,83",130,8,"94,20",6,"4,17",5,1,"0,69"
430150,AUGUSTO PESTANA,RS,07/2022,143,133,"93,01",118,15,"88,72",10,"6,99",1,9,"6,29"
430155,ÁUREA,RS,07/2022,37,30,"81,08",29,1,"96,67",7,"18,92",3,4,"10,81"
430155,ÁUREA,RS,11/2022,28,25,"89,29",23,2,"92,00",3,"10,71",2,1,"3,57"
430155,ÁUREA,RS,09/2022,24,14,"58,33",13,1,"92,86",10,"41,67",8,2,"8,33"
430160,BAGÉ,RS,09/2022,7092,4906,"69,18",4904,2,"99,96",2186,"30,82",14,2172,"30,63"
430160,BAGÉ,RS,11/2022,7201,5128,"71,21",5128,0,"100,00",2073,"28,79",9,2064,"28,66"
430160,BAGÉ,RS,07/2022,6806,4481,"65,84",4481,0,"100,00",2325,"34,16",153,2172,"31,91"
430163,BALNEÁRIO PINHAL,RS,07/2022,987,0,"0,00",0,0,,987,"100,00",811,176,"17,83"
430163,BALNEÁRIO PINHAL,RS,11/2022,1061,241,"22,71",229,12,"95,02",820,"77,29",625,195,"18,38"
430163,BALNEÁRIO PINHAL,RS,09/2022,1130,809,"71,59",782,27,"96,66",321,"28,41",124,197,"17,43"
430165,BARÃO,RS,09/2022,24,22,"91,67",22,0,"100,00",2,"8,33",1,1,"4,17"
430165,BARÃO,RS,11/2022,26,25,"96,15",25,0,"100,00",1,"3,85",0,1,"3,85"
430165,BARÃO,RS,07/2022,19,13,"68,42",13,0,"100,00",6,"31,58",5,1,"5,26"
430170,BARÃO DE COTEGIPE,RS,07/2022,112,105,"93,75",98,7,"93,33",7,"6,25",1,6,"5,36"
430170,BARÃO DE COTEGIPE,RS,11/2022,117,116,"99,15",111,5,"95,69",1,"0,85",0,1,"0,85"
430170,BARÃO DE COTEGIPE,RS,09/2022,113,108,"95,58",105,3,"97,22",5,"4,42",0,5,"4,42"
430175,BARÃO DO TRIUNFO,RS,09/2022,269,232,"86,25",221,11,"95,26",37,"13,75",11,26,"9,67"
430175,BARÃO DO TRIUNFO,RS,11/2022,267,239,"89,51",226,13,"94,56",28,"10,49",4,24,"8,99"
430175,BARÃO DO TRIUNFO,RS,07/2022,280,177,"63,21",164,13,"92,66",103,"36,79",9,94,"33,57"
430180,BARRACÃO,RS,07/2022,227,2,"0,88",0,2,"0,00",225,"99,12",137,88,"38,77"
430180,BARRACÃO,RS,11/2022,212,183,"86,32",181,2,"98,91",29,"13,68",8,21,"9,91"
430180,BARRACÃO,RS,09/2022,223,57,"25,56",55,2,"96,49",166,"74,44",52,114,"51,12"
430185,BARRA DO GUARITA,RS,09/2022,113,50,"44,25",48,2,"96,00",63,"55,75",26,37,"32,74"
430185,BARRA DO GUARITA,RS,11/2022,116,48,"41,38",46,2,"95,83",68,"58,62",33,35,"30,17"
430185,BARRA DO GUARITA,RS,07/2022,110,62,"56,36",58,4,"93,55",48,"43,64",13,35,"31,82"
430187,BARRA DO QUARAÍ,RS,07/2022,283,224,"79,15",219,5,"97,77",59,"20,85",6,53,"18,73"
430187,BARRA DO QUARAÍ,RS,11/2022,288,232,"80,56",232,0,"100,00",56,"19,44",5,51,"17,71"
430187,BARRA DO QUARAÍ,RS,09/2022,274,0,"0,00",0,0,,274,"100,00",222,52,"18,98"
430190,BARRA DO RIBEIRO,RS,09/2022,514,237,"46,11",220,17,"92,83",277,"53,89",111,166,"32,30"
430190,BARRA DO RIBEIRO,RS,11/2022,515,328,"63,69",300,28,"91,46",187,"36,31",19,168,"32,62"
430190,BARRA DO RIBEIRO,RS,07/2022,509,1,"0,20",1,0,"100,00",508,"99,80",341,167,"32,81"
430192,BARRA DO RIO AZUL,RS,07/2022,13,11,"84,62",11,0,"100,00",2,"15,38",0,2,"15,38"
430192,BARRA DO RIO AZUL,RS,11/2022,11,10,"90,91",10,0,"100,00",1,"9,09",0,1,"9,09"
430192,BARRA DO RIO AZUL,RS,09/2022,14,12,"85,71",12,0,"100,00",2,"14,29",0,2,"14,29"
430195,BARRA FUNDA,RS,09/2022,25,13,"52,00",13,0,"100,00",12,"48,00",10,2,"8,00"
430195,BARRA FUNDA,RS,11/2022,21,12,"57,14",9,3,"75,00",9,"42,86",7,2,"9,52"
430195,BARRA FUNDA,RS,07/2022,22,10,"45,45",9,1,"90,00",12,"54,55",10,2,"9,09"
430200,BARROS CASSAL,RS,07/2022,438,377,"86,07",377,0,"100,00",61,"13,93",20,41,"9,36"
430200,BARROS CASSAL,RS,11/2022,441,355,"80,50",355,0,"100,00",86,"19,50",46,40,"9,07"
430200,BARROS CASSAL,RS,09/2022,439,383,"87,24",383,0,"100,00",56,"12,76",15,41,"9,34"
430205,BENJAMIN CONSTANT DO SUL,RS,09/2022,220,195,"88,64",187,8,"95,90",25,"11,36",6,19,"8,64"
430205,BENJAMIN CONSTANT DO SUL,RS,11/2022,210,191,"90,95",186,5,"97,38",19,"9,05",10,9,"4,29"
430205,BENJAMIN CONSTANT DO SUL,RS,07/2022,217,194,"89,40",194,0,"100,00",23,"10,60",4,19,"8,76"
430210,BENTO GONÇALVES,RS,07/2022,1492,1150,"77,08",1010,140,"87,83",342,"22,92",22,320,"21,45"
430210,BENTO GONÇALVES,RS,11/2022,1512,1229,"81,28",1120,109,"91,13",283,"18,72",15,268,"17,72"
430210,BENTO GONÇALVES,RS,09/2022,1530,1221,"79,80",1079,142,"88,37",309,"20,20",14,295,"19,28"
430215,BOA VISTA DAS MISSÕES,RS,09/2022,98,74,"75,51",74,0,"100,00",24,"24,49",4,20,"20,41"
430215,BOA VISTA DAS MISSÕES,RS,11/2022,98,81,"82,65",81,0,"100,00",17,"17,35",1,16,"16,33"
430215,BOA VISTA DAS MISSÕES,RS,07/2022,101,78,"77,23",76,2,"97,44",23,"22,77",3,20,"19,80"
430220,BOA VISTA DO BURICÁ,RS,07/2022,73,73,"100,00",70,3,"95,89",0,"0,00",0,0,"0,00"
430220,BOA VISTA DO BURICÁ,RS,11/2022,87,86,"98,85",82,4,"95,35",1,"1,15",1,0,"0,00"
430220,BOA VISTA DO BURICÁ,RS,09/2022,79,78,"98,73",77,1,"98,72",1,"1,27",0,1,"1,27"
430222,BOA VISTA DO CADEADO,RS,09/2022,56,44,"78,57",42,2,"95,45",12,"21,43",8,4,"7,14"
430222,BOA VISTA DO CADEADO,RS,11/2022,55,48,"87,27",45,3,"93,75",7,"12,73",6,1,"1,82"
430222,BOA VISTA DO CADEADO,RS,07/2022,66,45,"68,18",43,2,"95,56",21,"31,82",9,12,"18,18"
430223,BOA VISTA DO INCRA,RS,07/2022,101,80,"79,21",80,0,"100,00",21,"20,79",2,19,"18,81"
430223,BOA VISTA DO INCRA,RS,11/2022,108,89,"82,41",89,0,"100,00",19,"17,59",0,19,"17,59"
430223,BOA VISTA DO INCRA,RS,09/2022,105,86,"81,90",86,0,"100,00",19,"18,10",0,19,"18,10"
430225,BOA VISTA DO SUL,RS,11/2022,6,4,"66,67",4,0,"100,00",2,"33,33",0,2,"33,33"
430225,BOA VISTA DO SUL,RS,07/2022,4,4,"100,00",4,0,"100,00",0,"0,00",0,0,"0,00"
430225,BOA VISTA DO SUL,RS,09/2022,6,4,"66,67",4,0,"100,00",2,"33,33",0,2,"33,33"
430230,BOM JESUS,RS,07/2022,1022,864,"84,54",861,3,"99,65",158,"15,46",24,134,"13,11"
430230,BOM JESUS,RS,11/2022,1048,913,"87,12",912,1,"99,89",135,"12,88",13,122,"11,64"
430230,BOM JESUS,RS,09/2022,1062,928,"87,38",924,4,"99,57",134,"12,62",8,126,"11,86"
430235,BOM PRINCÍPIO,RS,09/2022,90,42,"46,67",40,2,"95,24",48,"53,33",2,46,"51,11"
430235,BOM PRINCÍPIO,RS,11/2022,92,53,"57,61",51,2,"96,23",39,"42,39",3,36,"39,13"
430235,BOM PRINCÍPIO,RS,07/2022,103,47,"45,63",44,3,"93,62",56,"54,37",9,47,"45,63"
430237,BOM PROGRESSO,RS,07/2022,146,0,"0,00",0,0,,146,"100,00",102,44,"30,14"
430237,BOM PROGRESSO,RS,11/2022,149,0,"0,00",0,0,,149,"100,00",108,41,"27,52"
430237,BOM PROGRESSO,RS,09/2022,163,109,"66,87",102,7,"93,58",54,"33,13",11,43,"26,38"
430240,BOM RETIRO DO SUL,RS,09/2022,290,138,"47,59",138,0,"100,00",152,"52,41",85,67,"23,10"
430240,BOM RETIRO DO SUL,RS,11/2022,288,130,"45,14",128,2,"98,46",158,"54,86",80,78,"27,08"
430240,BOM RETIRO DO SUL,RS,07/2022,273,0,"0,00",0,0,,273,"100,00",211,62,"22,71"
430245,BOQUEIRÃO DO LEÃO,RS,07/2022,332,269,"81,02",265,4,"98,51",63,"18,98",7,56,"16,87"
430245,BOQUEIRÃO DO LEÃO,RS,11/2022,329,304,"92,40",298,6,"98,03",25,"7,60",0,25,"7,60"
430245,BOQUEIRÃO DO LEÃO,RS,09/2022,327,271,"82,87",267,4,"98,52",56,"17,13",2,54,"16,51"
430250,BOSSOROCA,RS,09/2022,285,208,"72,98",206,2,"99,04",77,"27,02",53,24,"8,42"
430250,BOSSOROCA,RS,11/2022,315,282,"89,52",276,6,"97,87",33,"10,48",12,21,"6,67"
430250,BOSSOROCA,RS,07/2022,297,257,"86,53",257,0,"100,00",40,"13,47",21,19,"6,40"
430258,BOZANO,RS,07/2022,35,33,"94,29",32,1,"96,97",2,"5,71",0,2,"5,71"
430258,BOZANO,RS,11/2022,38,36,"94,74",36,0,"100,00",2,"5,26",0,2,"5,26"
430258,BOZANO,RS,09/2022,34,33,"97,06",33,0,"100,00",1,"2,94",0,1,"2,94"
430260,BRAGA,RS,09/2022,206,198,"96,12",195,3,"98,48",8,"3,88",5,3,"1,46"
430260,BRAGA,RS,11/2022,199,186,"93,47",181,5,"97,31",13,"6,53",6,7,"3,52"
430260,BRAGA,RS,07/2022,206,197,"95,63",193,4,"97,97",9,"4,37",5,4,"1,94"
430265,BROCHIER,RS,07/2022,98,91,"92,86",73,18,"80,22",7,"7,14",4,3,"3,06"
430265,BROCHIER,RS,11/2022,100,96,"96,00",91,5,"94,79",4,"4,00",2,2,"2,00"
430265,BROCHIER,RS,09/2022,95,93,"97,89",87,6,"93,55",2,"2,11",1,1,"1,05"
430270,BUTIÁ,RS,09/2022,1270,1011,"79,61",827,184,"81,80",259,"20,39",198,61,"4,80"
430270,BUTIÁ,RS,11/2022,1301,1087,"83,55",941,146,"86,57",214,"16,45",148,66,"5,07"
430270,BUTIÁ,RS,07/2022,1243,781,"62,83",667,114,"85,40",462,"37,17",205,257,"20,68"
430280,CAÇAPAVA DO SUL,RS,07/2022,1596,1266,"79,32",1258,8,"99,37",330,"20,68",5,325,"20,36"
430280,CAÇAPAVA DO SUL,RS,11/2022,1555,1404,"90,29",1384,20,"98,58",151,"9,71",1,150,"9,65"
430280,CAÇAPAVA DO SUL,RS,09/2022,1577,1325,"84,02",1314,11,"99,17",252,"15,98",6,246,"15,60"
430290,CACEQUI,RS,09/2022,815,478,"58,65",465,13,"97,28",337,"41,35",82,255,"31,29"
430290,CACEQUI,RS,11/2022,808,479,"59,28",474,5,"98,96",329,"40,72",83,246,"30,45"
430290,CACEQUI,RS,07/2022,843,427,"50,65",420,7,"98,36",416,"49,35",155,261,"30,96"
430300,CACHOEIRA DO SUL,RS,07/2022,3662,3446,"94,10",3336,110,"96,81",216,"5,90",96,120,"3,28"
430300,CACHOEIRA DO SUL,RS,11/2022,3546,3403,"95,97",3317,86,"97,47",143,"4,03",62,81,"2,28"
430300,CACHOEIRA DO SUL,RS,09/2022,3620,3475,"95,99",3351,124,"96,43",145,"4,01",68,77,"2,13"
430310,CACHOEIRINHA,RS,09/2022,4109,3719,"90,51",3404,315,"91,53",390,"9,49",35,355,"8,64"
430310,CACHOEIRINHA,RS,11/2022,4208,3928,"93,35",3622,306,"92,21",280,"6,65",18,262,"6,23"
430310,CACHOEIRINHA,RS,07/2022,3850,3072,"79,79",2808,264,"91,41",778,"20,21",20,758,"19,69"
430320,CACIQUE DOBLE,RS,07/2022,290,253,"87,24",248,5,"98,02",37,"12,76",9,28,"9,66"
430320,CACIQUE DOBLE,RS,11/2022,275,133,"48,36",131,2,"98,50",142,"51,64",124,18,"6,55"
430320,CACIQUE DOBLE,RS,09/2022,289,256,"88,58",250,6,"97,66",33,"11,42",4,29,"10,03"
430330,CAIBATÉ,RS,09/2022,129,122,"94,57",117,5,"95,90",7,"5,43",6,1,"0,78"
430330,CAIBATÉ,RS,11/2022,126,122,"96,83",119,3,"97,54",4,"3,17",4,0,"0,00"
430330,CAIBATÉ,RS,07/2022,133,124,"93,23",114,10,"91,94",9,"6,77",9,0,"0,00"
430340,CAIÇARA,RS,07/2022,171,129,"75,44",129,0,"100,00",42,"24,56",2,40,"23,39"
430340,CAIÇARA,RS,11/2022,172,136,"79,07",136,0,"100,00",36,"20,93",0,36,"20,93"
430340,CAIÇARA,RS,09/2022,174,137,"78,74",137,0,"100,00",37,"21,26",1,36,"20,69"
430350,CAMAQUÃ,RS,09/2022,2817,2552,"90,59",2423,129,"94,95",265,"9,41",23,242,"8,59"
430350,CAMAQUÃ,RS,11/2022,2824,2557,"90,55",2439,118,"95,39",267,"9,45",6,261,"9,24"
430350,CAMAQUÃ,RS,07/2022,2933,2124,"72,42",1964,160,"92,47",809,"27,58",10,799,"27,24"
430355,CAMARGO,RS,07/2022,27,22,"81,48",21,1,"95,45",5,"18,52",1,4,"14,81"
430355,CAMARGO,RS,11/2022,26,15,"57,69",15,0,"100,00",11,"42,31",4,7,"26,92"
430355,CAMARGO,RS,09/2022,24,16,"66,67",15,1,"93,75",8,"33,33",3,5,"20,83"
430360,CAMBARÁ DO SUL,RS,09/2022,227,200,"88,11",184,16,"92,00",27,"11,89",7,20,"8,81"
430360,CAMBARÁ DO SUL,RS,11/2022,221,187,"84,62",170,17,"90,91",34,"15,38",15,19,"8,60"
430360,CAMBARÁ DO SUL,RS,07/2022,210,99,"47,14",90,9,"90,91",111,"52,86",91,20,"9,52"
430367,CAMPESTRE DA SERRA,RS,07/2022,80,40,"50,00",40,0,"100,00",40,"50,00",3,37,"46,25"
430367,CAMPESTRE DA SERRA,RS,11/2022,90,51,"56,67",51,0,"100,00",39,"43,33",2,37,"41,11"
430367,CAMPESTRE DA SERRA,RS,09/2022,88,13,"14,77",13,0,"100,00",75,"85,23",37,38,"43,18"
430370,CAMPINA DAS MISSÕES,RS,09/2022,58,57,"98,28",57,0,"100,00",1,"1,72",1,0,"0,00"
430370,CAMPINA DAS MISSÕES,RS,11/2022,58,58,"100,00",58,0,"100,00",0,"0,00",0,0,"0,00"
430370,CAMPINA DAS MISSÕES,RS,07/2022,64,63,"98,44",62,1,"98,41",1,"1,56",1,0,"0,00"
430380,CAMPINAS DO SUL,RS,07/2022,122,25,"20,49",24,1,"96,00",97,"79,51",69,28,"22,95"
430380,CAMPINAS DO SUL,RS,11/2022,111,73,"65,77",70,3,"95,89",38,"34,23",11,27,"24,32"
430380,CAMPINAS DO SUL,RS,09/2022,115,59,"51,30",59,0,"100,00",56,"48,70",26,30,"26,09"
430390,CAMPO BOM,RS,09/2022,685,654,"95,47",561,93,"85,78",31,"4,53",15,16,"2,34"
430390,CAMPO BOM,RS,11/2022,679,657,"96,76",573,84,"87,21",22,"3,24",10,12,"1,77"
430390,CAMPO BOM,RS,07/2022,646,602,"93,19",518,84,"86,05",44,"6,81",15,29,"4,49"
430400,CAMPO NOVO,RS,07/2022,244,227,"93,03",195,32,"85,90",17,"6,97",4,13,"5,33"
430400,CAMPO NOVO,RS,11/2022,258,243,"94,19",238,5,"97,94",15,"5,81",3,12,"4,65"
430400,CAMPO NOVO,RS,09/2022,249,237,"95,18",207,30,"87,34",12,"4,82",4,8,"3,21"
430410,CAMPOS BORGES,RS,09/2022,152,124,"81,58",124,0,"100,00",28,"18,42",3,25,"16,45"
430410,CAMPOS BORGES,RS,11/2022,152,124,"81,58",124,0,"100,00",28,"18,42",3,25,"16,45"
430410,CAMPOS BORGES,RS,07/2022,160,130,"81,25",130,0,"100,00",30,"18,75",3,27,"16,88"
430420,CANDELÁRIA,RS,07/2022,1025,936,"91,32",851,85,"90,92",89,"8,68",73,16,"1,56"
430420,CANDELÁRIA,RS,11/2022,1002,992,"99,00",923,69,"93,04",10,"1,00",3,7,"0,70"
430420,CANDELÁRIA,RS,09/2022,1001,925,"92,41",861,64,"93,08",76,"7,59",57,19,"1,90"
430430,CÂNDIDO GODÓI,RS,09/2022,77,77,"100,00",72,5,"93,51",0,"0,00",0,0,"0,00"
430430,CÂNDIDO GODÓI,RS,11/2022,74,73,"98,65",72,1,"98,63",1,"1,35",0,1,"1,35"
430430,CÂNDIDO GODÓI,RS,07/2022,77,74,"96,10",71,3,"95,95",3,"3,90",0,3,"3,90"
430435,CANDIOTA,RS,07/2022,546,378,"69,23",346,32,"91,53",168,"30,77",22,146,"26,74"
430435,CANDIOTA,RS,11/2022,633,498,"78,67",498,0,"100,00",135,"21,33",1,134,"21,17"
430435,CANDIOTA,RS,09/2022,621,448,"72,14",423,25,"94,42",173,"27,86",17,156,"25,12"
430440,CANELA,RS,09/2022,1599,1509,"94,37",1394,115,"92,38",90,"5,63",19,71,"4,44"
430440,CANELA,RS,11/2022,1680,1625,"96,73",1462,163,"89,97",55,"3,27",12,43,"2,56"
430440,CANELA,RS,07/2022,1466,1426,"97,27",1286,140,"90,18",40,"2,73",21,19,"1,30"
430450,CANGUÇU,RS,07/2022,2147,1971,"91,80",1880,91,"95,38",176,"8,20",21,155,"7,22"
430450,CANGUÇU,RS,11/2022,2114,2045,"96,74",1982,63,"96,92",69,"3,26",11,58,"2,74"
430450,CANGUÇU,RS,09/2022,2113,2035,"96,31",1951,84,"95,87",78,"3,69",28,50,"2,37"
430460,CANOAS,RS,09/2022,15381,11154,"72,52",11016,138,"98,76",4227,"27,48",55,4172,"27,12"
430460,CANOAS,RS,11/2022,15472,11796,"76,24",11690,106,"99,10",3676,"23,76",53,3623,"23,42"
430460,CANOAS,RS,07/2022,14263,10004,"70,14",9935,69,"99,31",4259,"29,86",194,4065,"28,50"
430461,CANUDOS DO VALE,RS,07/2022,32,32,"100,00",31,1,"96,88",0,"0,00",0,0,"0,00"
430461,CANUDOS DO VALE,RS,11/2022,30,30,"100,00",30,0,"100,00",0,"0,00",0,0,"0,00"
430461,CANUDOS DO VALE,RS,09/2022,32,32,"100,00",32,0,"100,00",0,"0,00",0,0,"0,00"
430462,CAPÃO BONITO DO SUL,RS,09/2022,66,66,"100,00",63,3,"95,45",0,"0,00",0,0,"0,00"
430462,CAPÃO BONITO DO SUL,RS,11/2022,66,66,"100,00",61,5,"92,42",0,"0,00",0,0,"0,00"
430462,CAPÃO BONITO DO SUL,RS,07/2022,69,68,"98,55",55,13,"80,88",1,"1,45",1,0,"0,00"
430463,CAPÃO DA CANOA,RS,07/2022,2569,1880,"73,18",1880,0,"100,00",689,"26,82",22,667,"25,96"
430463,CAPÃO DA CANOA,RS,11/2022,2939,2234,"76,01",2234,0,"100,00",705,"23,99",6,699,"23,78"
430463,CAPÃO DA CANOA,RS,09/2022,2856,2145,"75,11",2145,0,"100,00",711,"24,89",11,700,"24,51"
430465,CAPÃO DO CIPÓ,RS,09/2022,163,130,"79,75",129,1,"99,23",33,"20,25",2,31,"19,02"
430465,CAPÃO DO CIPÓ,RS,11/2022,163,156,"95,71",156,0,"100,00",7,"4,29",1,6,"3,68"
430465,CAPÃO DO CIPÓ,RS,07/2022,160,130,"81,25",129,1,"99,23",30,"18,75",0,30,"18,75"
430466,CAPÃO DO LEÃO,RS,07/2022,1923,1397,"72,65",1343,54,"96,13",526,"27,35",20,506,"26,31"
430466,CAPÃO DO LEÃO,RS,11/2022,1925,1577,"81,92",1545,32,"97,97",348,"18,08",6,342,"17,77"
430466,CAPÃO DO LEÃO,RS,09/2022,1946,1332,"68,45",1271,61,"95,42",614,"31,55",37,577,"29,65"
430467,CAPIVARI DO SUL,RS,09/2022,161,85,"52,80",81,4,"95,29",76,"47,20",40,36,"22,36"
430467,CAPIVARI DO SUL,RS,11/2022,171,109,"63,74",103,6,"94,50",62,"36,26",22,40,"23,39"
430467,CAPIVARI DO SUL,RS,07/2022,155,26,"16,77",26,0,"100,00",129,"83,23",111,18,"11,61"
430468,CAPELA DE SANTANA,RS,07/2022,627,444,"70,81",444,0,"100,00",183,"29,19",14,169,"26,95"
430468,CAPELA DE SANTANA,RS,11/2022,657,486,"73,97",486,0,"100,00",171,"26,03",7,164,"24,96"
430468,CAPELA DE SANTANA,RS,09/2022,661,484,"73,22",484,0,"100,00",177,"26,78",5,172,"26,02"
430469,CAPITÃO,RS,09/2022,18,0,"0,00",0,0,,18,"100,00",17,1,"5,56"
430469,CAPITÃO,RS,11/2022,26,23,"88,46",21,2,"91,30",3,"11,54",2,1,"3,85"
430469,CAPITÃO,RS,07/2022,26,24,"92,31",24,0,"100,00",2,"7,69",1,1,"3,85"
430470,CARAZINHO,RS,07/2022,1835,1719,"93,68",1546,173,"89,94",116,"6,32",52,64,"3,49"
430470,CARAZINHO,RS,11/2022,1822,1770,"97,15",1618,152,"91,41",52,"2,85",16,36,"1,98"
430470,CARAZINHO,RS,09/2022,1840,1746,"94,89",1585,161,"90,78",94,"5,11",54,40,"2,17"
430471,CARAÁ,RS,09/2022,281,262,"93,24",256,6,"97,71",19,"6,76",5,14,"4,98"
430471,CARAÁ,RS,11/2022,289,277,"95,85",269,8,"97,11",12,"4,15",4,8,"2,77"
430471,CARAÁ,RS,07/2022,285,246,"86,32",238,8,"96,75",39,"13,68",3,36,"12,63"
430480,CARLOS BARBOSA,RS,07/2022,114,13,"11,40",12,1,"92,31",101,"88,60",75,26,"22,81"
430480,CARLOS BARBOSA,RS,11/2022,151,112,"74,17",103,9,"91,96",39,"25,83",29,10,"6,62"
430480,CARLOS BARBOSA,RS,09/2022,128,22,"17,19",21,1,"95,45",106,"82,81",80,26,"20,31"
430485,CARLOS GOMES,RS,09/2022,12,11,"91,67",11,0,"100,00",1,"8,33",0,1,"8,33"
430485,CARLOS GOMES,RS,11/2022,13,12,"92,31",12,0,"100,00",1,"7,69",0,1,"7,69"
430485,CARLOS GOMES,RS,07/2022,12,11,"91,67",11,0,"100,00",1,"8,33",0,1,"8,33"
430490,CASCA,RS,07/2022,114,80,"70,18",77,3,"96,25",34,"29,82",7,27,"23,68"
430490,CASCA,RS,11/2022,104,78,"75,00",77,1,"98,72",26,"25,00",3,23,"22,12"
430490,CASCA,RS,09/2022,105,36,"34,29",36,0,"100,00",69,"65,71",47,22,"20,95"
430495,CASEIROS,RS,09/2022,131,105,"80,15",100,5,"95,24",26,"19,85",3,23,"17,56"
430495,CASEIROS,RS,11/2022,134,110,"82,09",106,4,"96,36",24,"17,91",0,24,"17,91"
430495,CASEIROS,RS,07/2022,133,110,"82,71",106,4,"96,36",23,"17,29",0,23,"17,29"
430500,CATUÍPE,RS,07/2022,345,294,"85,22",292,2,"99,32",51,"14,78",3,48,"13,91"
430500,CATUÍPE,RS,11/2022,343,311,"90,67",311,0,"100,00",32,"9,33",2,30,"8,75"
430500,CATUÍPE,RS,09/2022,350,304,"86,86",303,1,"99,67",46,"13,14",2,44,"12,57"
430510,CAXIAS DO SUL,RS,09/2022,9886,8593,"86,92",7653,940,"89,06",1293,"13,08",499,794,"8,03"
430510,CAXIAS DO SUL,RS,11/2022,9819,8172,"83,23",7315,857,"89,51",1647,"16,77",770,877,"8,93"
430510,CAXIAS DO SUL,RS,07/2022,9209,7741,"84,06",6616,1125,"85,47",1468,"15,94",668,800,"8,69"
430511,CENTENÁRIO,RS,07/2022,19,17,"89,47",17,0,"100,00",2,"10,53",1,1,"5,26"
430511,CENTENÁRIO,RS,11/2022,20,17,"85,00",17,0,"100,00",3,"15,00",1,2,"10,00"
430511,CENTENÁRIO,RS,09/2022,20,18,"90,00",16,2,"88,89",2,"10,00",1,1,"5,00"
430512,CERRITO,RS,09/2022,279,276,"98,92",268,8,"97,10",3,"1,08",2,1,"0,36"
430512,CERRITO,RS,11/2022,289,285,"98,62",273,12,"95,79",4,"1,38",2,2,"0,69"
430512,CERRITO,RS,07/2022,284,274,"96,48",267,7,"97,45",10,"3,52",5,5,"1,76"
430513,CERRO BRANCO,RS,07/2022,138,130,"94,20",130,0,"100,00",8,"5,80",0,8,"5,80"
430513,CERRO BRANCO,RS,11/2022,129,116,"89,92",116,0,"100,00",13,"10,08",0,13,"10,08"
430513,CERRO BRANCO,RS,09/2022,135,128,"94,81",128,0,"100,00",7,"5,19",0,7,"5,19"
430515,CERRO GRANDE,RS,09/2022,126,99,"78,57",98,1,"98,99",27,"21,43",18,9,"7,14"
430515,CERRO GRANDE,RS,11/2022,116,49,"42,24",48,1,"97,96",67,"57,76",58,9,"7,76"
430515,CERRO GRANDE,RS,07/2022,119,97,"81,51",96,1,"98,97",22,"18,49",15,7,"5,88"
430517,CERRO GRANDE DO SUL,RS,07/2022,546,447,"81,87",394,53,"88,14",99,"18,13",16,83,"15,20"
430517,CERRO GRANDE DO SUL,RS,11/2022,543,459,"84,53",425,34,"92,59",84,"15,47",9,75,"13,81"
430517,CERRO GRANDE DO SUL,RS,09/2022,559,462,"82,65",421,41,"91,13",97,"17,35",12,85,"15,21"
430520,CERRO LARGO,RS,09/2022,240,221,"92,08",198,23,"89,59",19,"7,92",4,15,"6,25"
430520,CERRO LARGO,RS,11/2022,249,227,"91,16",219,8,"96,48",22,"8,84",8,14,"5,62"
430520,CERRO LARGO,RS,07/2022,245,225,"91,84",209,16,"92,89",20,"8,16",8,12,"4,90"
430530,CHAPADA,RS,07/2022,143,77,"53,85",72,5,"93,51",66,"46,15",22,44,"30,77"
430530,CHAPADA,RS,11/2022,154,117,"75,97",116,1,"99,15",37,"24,03",22,15,"9,74"
430530,CHAPADA,RS,09/2022,152,91,"59,87",88,3,"96,70",61,"40,13",17,44,"28,95"
430535,CHARQUEADAS,RS,09/2022,1128,946,"83,87",920,26,"97,25",182,"16,13",24,158,"14,01"
430535,CHARQUEADAS,RS,11/2022,1099,1004,"91,36",974,30,"97,01",95,"8,64",2,93,"8,46"
430535,CHARQUEADAS,RS,07/2022,1130,969,"85,75",932,37,"96,18",161,"14,25",4,157,"13,89"
430537,CHARRUA,RS,07/2022,188,157,"83,51",154,3,"98,09",31,"16,49",5,26,"13,83"
430537,CHARRUA,RS,11/2022,180,169,"93,89",163,6,"96,45",11,"6,11",3,8,"4,44"
430537,CHARRUA,RS,09/2022,179,166,"92,74",165,1,"99,40",13,"7,26",1,12,"6,70"
430540,CHIAPETTA,RS,09/2022,176,154,"87,50",140,14,"90,91",22,"12,50",1,21,"11,93"
430540,CHIAPETTA,RS,11/2022,181,176,"97,24",167,9,"94,89",5,"2,76",3,2,"1,10"
430540,CHIAPETTA,RS,07/2022,167,146,"87,43",130,16,"89,04",21,"12,57",1,20,"11,98"
430543,CHUÍ,RS,07/2022,177,108,"61,02",91,17,"84,26",69,"38,98",2,67,"37,85"
430543,CHUÍ,RS,11/2022,186,116,"62,37",109,7,"93,97",70,"37,63",1,69,"37,10"
430543,CHUÍ,RS,09/2022,173,108,"62,43",103,5,"95,37",65,"37,57",0,65,"37,57"
430544,CHUVISCA,RS,09/2022,225,209,"92,89",206,3,"98,56",16,"7,11",3,13,"5,78"
430544,CHUVISCA,RS,11/2022,217,209,"96,31",205,4,"98,09",8,"3,69",0,8,"3,69"
430544,CHUVISCA,RS,07/2022,217,200,"92,17",197,3,"98,50",17,"7,83",2,15,"6,91"
430545,CIDREIRA,RS,07/2022,984,617,"62,70",539,78,"87,36",367,"37,30",95,272,"27,64"
430545,CIDREIRA,RS,11/2022,1014,686,"67,65",624,62,"90,96",328,"32,35",72,256,"25,25"
430545,CIDREIRA,RS,09/2022,977,406,"41,56",387,19,"95,32",571,"58,44",302,269,"27,53"
430550,CIRÍACO,RS,09/2022,104,78,"75,00",77,1,"98,72",26,"25,00",10,16,"15,38"
430550,CIRÍACO,RS,11/2022,94,76,"80,85",76,0,"100,00",18,"19,15",4,14,"14,89"
430550,CIRÍACO,RS,07/2022,100,57,"57,00",57,0,"100,00",43,"43,00",28,15,"15,00"
430558,COLINAS,RS,07/2022,22,15,"68,18",15,0,"100,00",7,"31,82",6,1,"4,55"
430558,COLINAS,RS,11/2022,22,0,"0,00",0,0,,22,"100,00",21,1,"4,55"
430558,COLINAS,RS,09/2022,22,17,"77,27",17,0,"100,00",5,"22,73",4,1,"4,55"
430560,COLORADO,RS,09/2022,59,57,"96,61",53,4,"92,98",2,"3,39",1,1,"1,69"
430560,COLORADO,RS,11/2022,55,53,"96,36",49,4,"92,45",2,"3,64",2,0,"0,00"
430560,COLORADO,RS,07/2022,52,41,"78,85",40,1,"97,56",11,"21,15",0,11,"21,15"
430570,CONDOR,RS,07/2022,220,205,"93,18",187,18,"91,22",15,"6,82",3,12,"5,45"
430570,CONDOR,RS,11/2022,228,212,"92,98",200,12,"94,34",16,"7,02",3,13,"5,70"
430570,CONDOR,RS,09/2022,218,199,"91,28",185,14,"92,96",19,"8,72",5,14,"6,42"
430580,CONSTANTINA,RS,09/2022,341,308,"90,32",295,13,"95,78",33,"9,68",3,30,"8,80"
430580,CONSTANTINA,RS,11/2022,339,299,"88,20",286,13,"95,65",40,"11,80",14,26,"7,67"
430580,CONSTANTINA,RS,07/2022,351,304,"86,61",281,23,"92,43",47,"13,39",5,42,"11,97"
430583,COQUEIRO BAIXO,RS,07/2022,6,6,"100,00",6,0,"100,00",0,"0,00",0,0,"0,00"
430583,COQUEIRO BAIXO,RS,11/2022,7,7,"100,00",7,0,"100,00",0,"0,00",0,0,"0,00"
430583,COQUEIRO BAIXO,RS,09/2022,6,6,"100,00",6,0,"100,00",0,"0,00",0,0,"0,00"
430585,COQUEIROS DO SUL,RS,09/2022,24,23,"95,83",21,2,"91,30",1,"4,17",1,0,"0,00"
430585,COQUEIROS DO SUL,RS,11/2022,21,20,"95,24",18,2,"90,00",1,"4,76",1,0,"0,00"
430585,COQUEIROS DO SUL,RS,07/2022,34,30,"88,24",29,1,"96,67",4,"11,76",4,0,"0,00"
430587,CORONEL BARROS,RS,07/2022,50,39,"78,00",38,1,"97,44",11,"22,00",0,11,"22,00"
430587,CORONEL BARROS,RS,11/2022,52,42,"80,77",42,0,"100,00",10,"19,23",0,10,"19,23"
430587,CORONEL BARROS,RS,09/2022,55,43,"78,18",41,2,"95,35",12,"21,82",0,12,"21,82"
430590,CORONEL BICACO,RS,09/2022,608,308,"50,66",300,8,"97,40",300,"49,34",102,198,"32,57"
430590,CORONEL BICACO,RS,11/2022,557,361,"64,81",345,16,"95,57",196,"35,19",6,190,"34,11"
430590,CORONEL BICACO,RS,07/2022,604,5,"0,83",5,0,"100,00",599,"99,17",508,91,"15,07"
430593,CORONEL PILAR,RS,07/2022,2,0,"0,00",0,0,,2,"100,00",2,0,"0,00"
430593,CORONEL PILAR,RS,09/2022,8,6,"75,00",6,0,"100,00",2,"25,00",0,2,"25,00"
430593,CORONEL PILAR,RS,11/2022,7,0,"0,00",0,0,,7,"100,00",2,5,"71,43"
430595,COTIPORÃ,RS,09/2022,31,27,"87,10",24,3,"88,89",4,"12,90",0,4,"12,90"
430595,COTIPORÃ,RS,07/2022,29,25,"86,21",23,2,"92,00",4,"13,79",0,4,"13,79"
430595,COTIPORÃ,RS,11/2022,30,24,"80,00",21,3,"87,50",6,"20,00",1,5,"16,67"
430597,COXILHA,RS,11/2022,67,64,"95,52",63,1,"98,44",3,"4,48",2,1,"1,49"
430597,COXILHA,RS,07/2022,61,55,"90,16",50,5,"90,91",6,"9,84",5,1,"1,64"
430597,COXILHA,RS,09/2022,64,62,"96,88",60,2,"96,77",2,"3,13",1,1,"1,56"
430600,CRISSIUMAL,RS,09/2022,236,234,"99,15",229,5,"97,86",2,"0,85",1,1,"0,42"
430600,CRISSIUMAL,RS,07/2022,222,220,"99,10",217,3,"98,64",2,"0,90",2,0,"0,00"
430600,CRISSIUMAL,RS,11/2022,187,186,"99,47",179,7,"96,24",1,"0,53",0,1,"0,53"
430605,CRISTAL,RS,11/2022,413,389,"94,19",358,31,"92,03",24,"5,81",10,14,"3,39"
430605,CRISTAL,RS,07/2022,416,315,"75,72",274,41,"86,98",101,"24,28",9,92,"22,12"
430605,CRISTAL,RS,09/2022,415,391,"94,22",346,45,"88,49",24,"5,78",9,15,"3,61"
430607,CRISTAL DO SUL,RS,09/2022,162,144,"88,89",144,0,"100,00",18,"11,11",1,17,"10,49"
430607,CRISTAL DO SUL,RS,07/2022,155,139,"89,68",139,0,"100,00",16,"10,32",1,15,"9,68"
430607,CRISTAL DO SUL,RS,11/2022,156,143,"91,67",143,0,"100,00",13,"8,33",0,13,"8,33"
430610,CRUZ ALTA,RS,11/2022,2072,1467,"70,80",1391,76,"94,82",605,"29,20",311,294,"14,19"
430610,CRUZ ALTA,RS,07/2022,1888,1193,"63,19",1098,95,"92,04",695,"36,81",273,422,"22,35"
430610,CRUZ ALTA,RS,09/2022,1968,1389,"70,58",1265,124,"91,07",579,"29,42",150,429,"21,80"
430613,CRUZALTENSE,RS,09/2022,17,8,"47,06",8,0,"100,00",9,"52,94",8,1,"5,88"
430613,CRUZALTENSE,RS,07/2022,18,13,"72,22",13,0,"100,00",5,"27,78",4,1,"5,56"
430613,CRUZALTENSE,RS,11/2022,16,12,"75,00",12,0,"100,00",4,"25,00",3,1,"6,25"
430620,CRUZEIRO DO SUL,RS,11/2022,230,177,"76,96",173,4,"97,74",53,"23,04",26,27,"11,74"
430620,CRUZEIRO DO SUL,RS,07/2022,216,188,"87,04",177,11,"94,15",28,"12,96",2,26,"12,04"
430620,CRUZEIRO DO SUL,RS,09/2022,227,186,"81,94",178,8,"95,70",41,"18,06",10,31,"13,66"
430630,DAVID CANABARRO,RS,09/2022,41,35,"85,37",35,0,"100,00",6,"14,63",3,3,"7,32"
430630,DAVID CANABARRO,RS,07/2022,45,38,"84,44",38,0,"100,00",7,"15,56",2,5,"11,11"
430630,DAVID CANABARRO,RS,11/2022,44,41,"93,18",41,0,"100,00",3,"6,82",0,3,"6,82"
430632,DERRUBADAS,RS,11/2022,74,69,"93,24",66,3,"95,65",5,"6,76",1,4,"5,41"
430632,DERRUBADAS,RS,07/2022,73,68,"93,15",66,2,"97,06",5,"6,85",2,3,"4,11"
430632,DERRUBADAS,RS,09/2022,71,66,"92,96",61,5,"92,42",5,"7,04",1,4,"5,63"
430635,DEZESSEIS DE NOVEMBRO,RS,09/2022,153,138,"90,20",138,0,"100,00",15,"9,80",4,11,"7,19"
430635,DEZESSEIS DE NOVEMBRO,RS,07/2022,148,137,"92,57",137,0,"100,00",11,"7,43",2,9,"6,08"
430635,DEZESSEIS DE NOVEMBRO,RS,11/2022,147,138,"93,88",138,0,"100,00",9,"6,12",3,6,"4,08"
430637,DILERMANDO DE AGUIAR,RS,11/2022,173,0,"0,00",0,0,,173,"100,00",143,30,"17,34"
430637,DILERMANDO DE AGUIAR,RS,07/2022,171,0,"0,00",0,0,,171,"100,00",141,30,"17,54"
430637,DILERMANDO DE AGUIAR,RS,09/2022,171,0,"0,00",0,0,,171,"100,00",141,30,"17,54"
430640,DOIS IRMÃOS,RS,09/2022,301,238,"79,07",208,30,"87,39",63,"20,93",6,57,"18,94"
430640,DOIS IRMÃOS,RS,07/2022,265,206,"77,74",171,35,"83,01",59,"22,26",1,58,"21,89"
430640,DOIS IRMÃOS,RS,11/2022,298,234,"78,52",212,22,"90,60",64,"21,48",5,59,"19,80"
430642,DOIS IRMÃOS DAS MISSÕES,RS,11/2022,103,93,"90,29",92,1,"98,92",10,"9,71",0,10,"9,71"
430642,DOIS IRMÃOS DAS MISSÕES,RS,07/2022,107,95,"88,79",95,0,"100,00",12,"11,21",5,7,"6,54"
430642,DOIS IRMÃOS DAS MISSÕES,RS,09/2022,98,91,"92,86",90,1,"98,90",7,"7,14",1,6,"6,12"
430645,DOIS LAJEADOS,RS,09/2022,24,17,"70,83",15,2,"88,24",7,"29,17",0,7,"29,17"
430645,DOIS LAJEADOS,RS,07/2022,22,15,"68,18",13,2,"86,67",7,"31,82",0,7,"31,82"
430645,DOIS LAJEADOS,RS,11/2022,23,18,"78,26",18,0,"100,00",5,"21,74",0,5,"21,74"
430650,DOM FELICIANO,RS,11/2022,766,632,"82,51",613,19,"96,99",134,"17,49",7,127,"16,58"
430650,DOM FELICIANO,RS,07/2022,787,606,"77,00",573,33,"94,55",181,"23,00",45,136,"17,28"
430650,DOM FELICIANO,RS,09/2022,767,620,"80,83",592,28,"95,48",147,"19,17",14,133,"17,34"
430655,DOM PEDRO DE ALCÂNTARA,RS,09/2022,71,63,"88,73",56,7,"88,89",8,"11,27",2,6,"8,45"
430655,DOM PEDRO DE ALCÂNTARA,RS,07/2022,70,64,"91,43",55,9,"85,94",6,"8,57",0,6,"8,57"
430655,DOM PEDRO DE ALCÂNTARA,RS,11/2022,70,66,"94,29",58,8,"87,88",4,"5,71",0,4,"5,71"
430660,DOM PEDRITO,RS,11/2022,1909,1743,"91,30",1716,27,"98,45",166,"8,70",2,164,"8,59"
430660,DOM PEDRITO,RS,07/2022,1950,1753,"89,90",1666,87,"95,04",197,"10,10",31,166,"8,51"
430660,DOM PEDRITO,RS,09/2022,1918,1729,"90,15",1673,56,"96,76",189,"9,85",12,177,"9,23"
430670,DONA FRANCISCA,RS,09/2022,146,129,"88,36",125,4,"96,90",17,"11,64",6,11,"7,53"
430670,DONA FRANCISCA,RS,07/2022,154,0,"0,00",0,0,,154,"100,00",133,21,"13,64"
430670,DONA FRANCISCA,RS,11/2022,142,125,"88,03",120,5,"96,00",17,"11,97",6,11,"7,75"
430673,DOUTOR MAURÍCIO CARDOSO,RS,11/2022,83,80,"96,39",80,0,"100,00",3,"3,61",0,3,"3,61"
430673,DOUTOR MAURÍCIO CARDOSO,RS,07/2022,82,78,"95,12",78,0,"100,00",4,"4,88",0,4,"4,88"
430673,DOUTOR MAURÍCIO CARDOSO,RS,09/2022,82,76,"92,68",76,0,"100,00",6,"7,32",0,6,"7,32"
430675,DOUTOR RICARDO,RS,09/2022,24,19,"79,17",18,1,"94,74",5,"20,83",5,0,"0,00"
430675,DOUTOR RICARDO,RS,07/2022,24,10,"41,67",10,0,"100,00",14,"58,33",14,0,"0,00"
430675,DOUTOR RICARDO,RS,11/2022,21,19,"90,48",17,2,"89,47",2,"9,52",2,0,"0,00"
430676,ELDORADO DO SUL,RS,11/2022,2394,1946,"81,29",1859,87,"95,53",448,"18,71",47,401,"16,75"
430676,ELDORADO DO SUL,RS,07/2022,2157,1489,"69,03",1425,64,"95,70",668,"30,97",51,617,"28,60"
430676,ELDORADO DO SUL,RS,09/2022,2352,1778,"75,60",1697,81,"95,44",574,"24,40",31,543,"23,09"
430680,ENCANTADO,RS,09/2022,316,15,"4,75",13,2,"86,67",301,"95,25",192,109,"34,49"
430680,ENCANTADO,RS,07/2022,308,68,"22,08",64,4,"94,12",240,"77,92",133,107,"34,74"
430680,ENCANTADO,RS,11/2022,333,162,"48,65",149,13,"91,98",171,"51,35",59,112,"33,63"
430690,ENCRUZILHADA DO SUL,RS,11/2022,1219,975,"79,98",887,88,"90,97",244,"20,02",71,173,"14,19"
430690,ENCRUZILHADA DO SUL,RS,07/2022,1243,866,"69,67",800,66,"92,38",377,"30,33",149,228,"18,34"
430690,ENCRUZILHADA DO SUL,RS,09/2022,1216,700,"57,57",622,78,"88,86",516,"42,43",297,219,"18,01"
430692,ENGENHO VELHO,RS,09/2022,116,113,"97,41",104,9,"92,04",3,"2,59",2,1,"0,86"
430692,ENGENHO VELHO,RS,07/2022,116,109,"93,97",95,14,"87,16",7,"6,03",4,3,"2,59"
430692,ENGENHO VELHO,RS,11/2022,116,114,"98,28",107,7,"93,86",2,"1,72",1,1,"0,86"
430693,ENTRE-IJUÍS,RS,11/2022,233,215,"92,27",211,4,"98,14",18,"7,73",4,14,"6,01"
430693,ENTRE-IJUÍS,RS,07/2022,239,215,"89,96",213,2,"99,07",24,"10,04",3,21,"8,79"
430693,ENTRE-IJUÍS,RS,09/2022,221,202,"91,40",198,4,"98,02",19,"8,60",7,12,"5,43"
430695,ENTRE RIOS DO SUL,RS,09/2022,100,96,"96,00",90,6,"93,75",4,"4,00",1,3,"3,00"
430695,ENTRE RIOS DO SUL,RS,07/2022,99,56,"56,57",56,0,"100,00",43,"43,43",31,12,"12,12"
430695,ENTRE RIOS DO SUL,RS,11/2022,94,94,"100,00",94,0,"100,00",0,"0,00",0,0,"0,00"
430697,EREBANGO,RS,11/2022,179,154,"86,03",154,0,"100,00",25,"13,97",0,25,"13,97"
430697,EREBANGO,RS,07/2022,177,103,"58,19",103,0,"100,00",74,"41,81",47,27,"15,25"
430697,EREBANGO,RS,09/2022,173,80,"46,24",78,2,"97,50",93,"53,76",66,27,"15,61"
430700,ERECHIM,RS,09/2022,1904,1332,"69,96",1152,180,"86,49",572,"30,04",102,470,"24,68"
430700,ERECHIM,RS,07/2022,1858,1210,"65,12",1112,98,"91,90",648,"34,88",206,442,"23,79"
430700,ERECHIM,RS,11/2022,1930,1549,"80,26",1426,123,"92,06",381,"19,74",96,285,"14,77"
430705,ERNESTINA,RS,11/2022,67,62,"92,54",61,1,"98,39",5,"7,46",1,4,"5,97"
430705,ERNESTINA,RS,07/2022,67,57,"85,07",57,0,"100,00",10,"14,93",6,4,"5,97"
430705,ERNESTINA,RS,09/2022,68,63,"92,65",63,0,"100,00",5,"7,35",1,4,"5,88"
430710,HERVAL,RS,09/2022,447,384,"85,91",369,15,"96,09",63,"14,09",47,16,"3,58"
430710,HERVAL,RS,07/2022,473,402,"84,99",398,4,"99,00",71,"15,01",24,47,"9,94"
430710,HERVAL,RS,11/2022,442,407,"92,08",392,15,"96,31",35,"7,92",12,23,"5,20"
430720,ERVAL GRANDE,RS,11/2022,201,187,"93,03",182,5,"97,33",14,"6,97",1,13,"6,47"
430720,ERVAL GRANDE,RS,07/2022,212,160,"75,47",159,1,"99,38",52,"24,53",22,30,"14,15"
430720,ERVAL GRANDE,RS,09/2022,208,175,"84,13",169,6,"96,57",33,"15,87",20,13,"6,25"
430730,ERVAL SECO,RS,09/2022,302,229,"75,83",229,0,"100,00",73,"24,17",20,53,"17,55"
430730,ERVAL SECO,RS,07/2022,320,259,"80,94",259,0,"100,00",61,"19,06",7,54,"16,88"
430730,ERVAL SECO,RS,11/2022,286,233,"81,47",233,0,"100,00",53,"18,53",5,48,"16,78"
430740,ESMERALDA,RS,11/2022,135,121,"89,63",119,2,"98,35",14,"10,37",3,11,"8,15"
430740,ESMERALDA,RS,07/2022,142,120,"84,51",116,4,"96,67",22,"15,49",9,13,"9,15"
430740,ESMERALDA,RS,09/2022,139,119,"85,61",115,4,"96,64",20,"14,39",8,12,"8,63"
430745,ESPERANÇA DO SUL,RS,09/2022,119,88,"73,95",86,2,"97,73",31,"26,05",3,28,"23,53"
430745,ESPERANÇA DO SUL,RS,07/2022,125,93,"74,40",92,1,"98,92",32,"25,60",5,27,"21,60"
430745,ESPERANÇA DO SUL,RS,11/2022,126,93,"73,81",92,1,"98,92",33,"26,19",5,28,"22,22"
430750,ESPUMOSO,RS,11/2022,490,468,"95,51",450,18,"96,15",22,"4,49",6,16,"3,27"
430750,ESPUMOSO,RS,07/2022,517,422,"81,62",404,18,"95,73",95,"18,38",7,88,"17,02"
430750,ESPUMOSO,RS,09/2022,503,472,"93,84",459,13,"97,25",31,"6,16",18,13,"2,58"
430755,ESTAÇÃO,RS,09/2022,100,89,"89,00",83,6,"93,26",11,"11,00",1,10,"10,00"
430755,ESTAÇÃO,RS,07/2022,97,85,"87,63",78,7,"91,76",12,"12,37",1,11,"11,34"
430755,ESTAÇÃO,RS,11/2022,100,90,"90,00",88,2,"97,78",10,"10,00",3,7,"7,00"
430760,ESTÂNCIA VELHA,RS,11/2022,812,399,"49,14",387,12,"96,99",413,"50,86",169,244,"30,05"
430760,ESTÂNCIA VELHA,RS,07/2022,801,493,"61,55",459,34,"93,10",308,"38,45",49,259,"32,33"
430760,ESTÂNCIA VELHA,RS,09/2022,812,403,"49,63",378,25,"93,80",409,"50,37",142,267,"32,88"
430770,ESTEIO,RS,09/2022,2873,2632,"91,61",2290,342,"87,01",241,"8,39",73,168,"5,85"
430770,ESTEIO,RS,07/2022,2690,2446,"90,93",2164,282,"88,47",244,"9,07",98,146,"5,43"
430770,ESTEIO,RS,11/2022,2898,2747,"94,79",2488,259,"90,57",151,"5,21",22,129,"4,45"
430780,ESTRELA,RS,11/2022,675,573,"84,89",504,69,"87,96",102,"15,11",31,71,"10,52"
430780,ESTRELA,RS,07/2022,623,479,"76,89",428,51,"89,35",144,"23,11",10,134,"21,51"
430780,ESTRELA,RS,09/2022,664,567,"85,39",526,41,"92,77",97,"14,61",26,71,"10,69"
430781,ESTRELA VELHA,RS,09/2022,127,104,"81,89",103,1,"99,04",23,"18,11",14,9,"7,09"
430781,ESTRELA VELHA,RS,07/2022,119,105,"88,24",103,2,"98,10",14,"11,76",4,10,"8,40"
430781,ESTRELA VELHA,RS,11/2022,133,123,"92,48",123,0,"100,00",10,"7,52",1,9,"6,77"
430783,EUGÊNIO DE CASTRO,RS,11/2022,81,70,"86,42",68,2,"97,14",11,"13,58",3,8,"9,88"
430783,EUGÊNIO DE CASTRO,RS,07/2022,87,74,"85,06",73,1,"98,65",13,"14,94",1,12,"13,79"
430783,EUGÊNIO DE CASTRO,RS,09/2022,89,74,"83,15",68,6,"91,89",15,"16,85",1,14,"15,73"
430786,FAGUNDES VARELA,RS,09/2022,14,14,"100,00",11,3,"78,57",0,"0,00",0,0,"0,00"
430786,FAGUNDES VARELA,RS,07/2022,12,12,"100,00",11,1,"91,67",0,"0,00",0,0,"0,00"
430786,FAGUNDES VARELA,RS,11/2022,20,20,"100,00",17,3,"85,00",0,"0,00",0,0,"0,00"
430790,FARROUPILHA,RS,11/2022,1494,762,"51,00",738,24,"96,85",732,"49,00",315,417,"27,91"
430790,FARROUPILHA,RS,07/2022,1395,897,"64,30",864,33,"96,32",498,"35,70",192,306,"21,94"
430790,FARROUPILHA,RS,09/2022,1490,723,"48,52",709,14,"98,06",767,"51,48",400,367,"24,63"
430800,FAXINAL DO SOTURNO,RS,09/2022,276,224,"81,16",224,0,"100,00",52,"18,84",0,52,"18,84"
430800,FAXINAL DO SOTURNO,RS,07/2022,255,207,"81,18",207,0,"100,00",48,"18,82",2,46,"18,04"
430800,FAXINAL DO SOTURNO,RS,11/2022,255,228,"89,41",205,23,"89,91",27,"10,59",3,24,"9,41"
430805,FAXINALZINHO,RS,11/2022,122,114,"93,44",106,8,"92,98",8,"6,56",1,7,"5,74"
430805,FAXINALZINHO,RS,07/2022,116,108,"93,10",102,6,"94,44",8,"6,90",0,8,"6,90"
430805,FAXINALZINHO,RS,09/2022,123,113,"91,87",108,5,"95,58",10,"8,13",1,9,"7,32"
430807,FAZENDA VILANOVA,RS,09/2022,145,0,"0,00",0,0,,145,"100,00",92,53,"36,55"
430807,FAZENDA VILANOVA,RS,07/2022,139,67,"48,20",62,5,"92,54",72,"51,80",15,57,"41,01"
430807,FAZENDA VILANOVA,RS,11/2022,162,86,"53,09",83,3,"96,51",76,"46,91",20,56,"34,57"
430810,FELIZ,RS,11/2022,130,119,"91,54",115,4,"96,64",11,"8,46",3,8,"6,15"
430810,FELIZ,RS,07/2022,115,81,"70,43",80,1,"98,77",34,"29,57",7,27,"23,48"
430810,FELIZ,RS,09/2022,121,108,"89,26",105,3,"97,22",13,"10,74",2,11,"9,09"
430820,FLORES DA CUNHA,RS,09/2022,369,342,"92,68",324,18,"94,74",27,"7,32",7,20,"5,42"
430820,FLORES DA CUNHA,RS,07/2022,356,332,"93,26",315,17,"94,88",24,"6,74",10,14,"3,93"
430820,FLORES DA CUNHA,RS,11/2022,369,344,"93,22",332,12,"96,51",25,"6,78",12,13,"3,52"
430825,FLORIANO PEIXOTO,RS,11/2022,25,24,"96,00",24,0,"100,00",1,"4,00",1,0,"0,00"
430825,FLORIANO PEIXOTO,RS,07/2022,28,25,"89,29",25,0,"100,00",3,"10,71",0,3,"10,71"
430825,FLORIANO PEIXOTO,RS,09/2022,27,24,"88,89",24,0,"100,00",3,"11,11",2,1,"3,70"
430830,FONTOURA XAVIER,RS,09/2022,638,573,"89,81",569,4,"99,30",65,"10,19",10,55,"8,62"
430830,FONTOURA XAVIER,RS,07/2022,638,520,"81,50",516,4,"99,23",118,"18,50",13,105,"16,46"
430830,FONTOURA XAVIER,RS,11/2022,637,614,"96,39",608,6,"99,02",23,"3,61",1,22,"3,45"
430840,FORMIGUEIRO,RS,11/2022,363,294,"80,99",288,6,"97,96",69,"19,01",0,69,"19,01"
430840,FORMIGUEIRO,RS,07/2022,369,303,"82,11",303,0,"100,00",66,"17,89",0,66,"17,89"
430840,FORMIGUEIRO,RS,09/2022,350,74,"21,14",71,3,"95,95",276,"78,86",206,70,"20,00"
430843,FORQUETINHA,RS,09/2022,29,21,"72,41",21,0,"100,00",8,"27,59",1,7,"24,14"
430843,FORQUETINHA,RS,07/2022,31,25,"80,65",25,0,"100,00",6,"19,35",0,6,"19,35"
430843,FORQUETINHA,RS,11/2022,28,0,"0,00",0,0,,28,"100,00",22,6,"21,43"
430845,FORTALEZA DOS VALOS,RS,11/2022,137,132,"96,35",129,3,"97,73",5,"3,65",2,3,"2,19"
430845,FORTALEZA DOS VALOS,RS,07/2022,133,125,"93,98",121,4,"96,80",8,"6,02",2,6,"4,51"
430845,FORTALEZA DOS VALOS,RS,09/2022,134,130,"97,01",126,4,"96,92",4,"2,99",1,3,"2,24"
430850,FREDERICO WESTPHALEN,RS,09/2022,802,506,"63,09",486,20,"96,05",296,"36,91",78,218,"27,18"
430850,FREDERICO WESTPHALEN,RS,07/2022,799,506,"63,33",483,23,"95,45",293,"36,67",65,228,"28,54"
430850,FREDERICO WESTPHALEN,RS,11/2022,784,531,"67,73",511,20,"96,23",253,"32,27",48,205,"26,15"
430860,GARIBALDI,RS,11/2022,253,212,"83,79",194,18,"91,51",41,"16,21",2,39,"15,42"
430860,GARIBALDI,RS,07/2022,244,217,"88,93",197,20,"90,78",27,"11,07",7,20,"8,20"
430860,GARIBALDI,RS,09/2022,249,211,"84,74",193,18,"91,47",38,"15,26",5,33,"13,25"
430865,GARRUCHOS,RS,09/2022,160,0,"0,00",0,0,,160,"100,00",144,16,"10,00"
430865,GARRUCHOS,RS,07/2022,162,0,"0,00",0,0,,162,"100,00",147,15,"9,26"
430865,GARRUCHOS,RS,11/2022,158,0,"0,00",0,0,,158,"100,00",142,16,"10,13"
430870,GAURAMA,RS,11/2022,86,86,"100,00",81,5,"94,19",0,"0,00",0,0,"0,00"
430870,GAURAMA,RS,07/2022,91,88,"96,70",75,13,"85,23",3,"3,30",0,3,"3,30"
430870,GAURAMA,RS,09/2022,89,88,"98,88",75,13,"85,23",1,"1,12",0,1,"1,12"
430880,GENERAL CÂMARA,RS,09/2022,438,388,"88,58",361,27,"93,04",50,"11,42",4,46,"10,50"
430880,GENERAL CÂMARA,RS,07/2022,426,373,"87,56",347,26,"93,03",53,"12,44",4,49,"11,50"
430880,GENERAL CÂMARA,RS,11/2022,425,396,"93,18",368,28,"92,93",29,"6,82",1,28,"6,59"
430885,GENTIL,RS,11/2022,53,50,"94,34",50,0,"100,00",3,"5,66",1,2,"3,77"
430885,GENTIL,RS,07/2022,45,38,"84,44",38,0,"100,00",7,"15,56",4,3,"6,67"
430885,GENTIL,RS,09/2022,51,47,"92,16",47,0,"100,00",4,"7,84",3,1,"1,96"
430890,GETÚLIO VARGAS,RS,09/2022,208,193,"92,79",179,14,"92,75",15,"7,21",1,14,"6,73"
430890,GETÚLIO VARGAS,RS,07/2022,209,187,"89,47",176,11,"94,12",22,"10,53",4,18,"8,61"
430890,GETÚLIO VARGAS,RS,11/2022,217,214,"98,62",206,8,"96,26",3,"1,38",1,2,"0,92"
430900,GIRUÁ,RS,11/2022,757,738,"97,49",727,11,"98,51",19,"2,51",10,9,"1,19"
430900,GIRUÁ,RS,07/2022,755,715,"94,70",684,31,"95,66",40,"5,30",22,18,"2,38"
430900,GIRUÁ,RS,09/2022,758,743,"98,02",720,23,"96,90",15,"1,98",9,6,"0,79"
430905,GLORINHA,RS,09/2022,260,203,"78,08",170,33,"83,74",57,"21,92",37,20,"7,69"
430905,GLORINHA,RS,07/2022,252,179,"71,03",139,40,"77,65",73,"28,97",21,52,"20,63"
430905,GLORINHA,RS,11/2022,268,191,"71,27",151,40,"79,06",77,"28,73",66,11,"4,10"
430910,GRAMADO,RS,11/2022,732,465,"63,52",449,16,"96,56",267,"36,48",93,174,"23,77"
430910,GRAMADO,RS,07/2022,648,400,"61,73",382,18,"95,50",248,"38,27",58,190,"29,32"
430910,GRAMADO,RS,09/2022,699,412,"58,94",393,19,"95,39",287,"41,06",101,186,"26,61"
430912,GRAMADO DOS LOUREIROS,RS,09/2022,179,155,"86,59",150,5,"96,77",24,"13,41",1,23,"12,85"
430912,GRAMADO DOS LOUREIROS,RS,07/2022,184,160,"86,96",154,6,"96,25",24,"13,04",0,24,"13,04"
430912,GRAMADO DOS LOUREIROS,RS,11/2022,181,159,"87,85",151,8,"94,97",22,"12,15",0,22,"12,15"
430915,GRAMADO XAVIER,RS,11/2022,160,126,"78,75",118,8,"93,65",34,"21,25",7,27,"16,88"
430915,GRAMADO XAVIER,RS,07/2022,174,135,"77,59",128,7,"94,81",39,"22,41",7,32,"18,39"
430915,GRAMADO XAVIER,RS,09/2022,171,116,"67,84",112,4,"96,55",55,"32,16",23,32,"18,71"
430920,GRAVATAÍ,RS,09/2022,11098,9364,"84,38",8564,800,"91,46",1734,"15,62",675,1059,"9,54"
430920,GRAVATAÍ,RS,07/2022,10734,7275,"67,78",6568,707,"90,28",3459,"32,22",1503,1956,"18,22"
430920,GRAVATAÍ,RS,11/2022,11150,10345,"92,78",9550,795,"92,32",805,"7,22",180,625,"5,61"
430925,GUABIJU,RS,11/2022,13,11,"84,62",11,0,"100,00",2,"15,38",0,2,"15,38"
430925,GUABIJU,RS,07/2022,10,9,"90,00",8,1,"88,89",1,"10,00",0,1,"10,00"
430925,GUABIJU,RS,09/2022,13,12,"92,31",11,1,"91,67",1,"7,69",0,1,"7,69"
430930,GUAÍBA,RS,09/2022,3782,2787,"73,69",2533,254,"90,89",995,"26,31",12,983,"25,99"
430930,GUAÍBA,RS,07/2022,3676,2676,"72,80",2343,333,"87,56",1000,"27,20",24,976,"26,55"
430930,GUAÍBA,RS,11/2022,3914,2961,"75,65",2710,251,"91,52",953,"24,35",8,945,"24,14"
430940,GUAPORÉ,RS,11/2022,348,327,"93,97",297,30,"90,83",21,"6,03",5,16,"4,60"
430940,GUAPORÉ,RS,07/2022,301,280,"93,02",262,18,"93,57",21,"6,98",11,10,"3,32"
430940,GUAPORÉ,RS,09/2022,337,319,"94,66",281,38,"88,09",18,"5,34",4,14,"4,15"
430950,GUARANI DAS MISSÕES,RS,09/2022,214,188,"87,85",186,2,"98,94",26,"12,15",2,24,"11,21"
430950,GUARANI DAS MISSÕES,RS,07/2022,210,182,"86,67",174,8,"95,60",28,"13,33",3,25,"11,90"
430950,GUARANI DAS MISSÕES,RS,11/2022,229,202,"88,21",198,4,"98,02",27,"11,79",3,24,"10,48"
430955,HARMONIA,RS,11/2022,44,32,"72,73",31,1,"96,88",12,"27,27",0,12,"27,27"
430955,HARMONIA,RS,07/2022,43,31,"72,09",27,4,"87,10",12,"27,91",3,9,"20,93"
430955,HARMONIA,RS,09/2022,34,0,"0,00",0,0,,34,"100,00",26,8,"23,53"
430957,HERVEIRAS,RS,09/2022,101,85,"84,16",83,2,"97,65",16,"15,84",2,14,"13,86"
430957,HERVEIRAS,RS,07/2022,109,92,"84,40",91,1,"98,91",17,"15,60",3,14,"12,84"
430957,HERVEIRAS,RS,11/2022,97,73,"75,26",73,0,"100,00",24,"24,74",10,14,"14,43"
430960,HORIZONTINA,RS,11/2022,308,299,"97,08",273,26,"91,30",9,"2,92",4,5,"1,62"
430960,HORIZONTINA,RS,07/2022,340,308,"90,59",278,30,"90,26",32,"9,41",8,24,"7,06"
430960,HORIZONTINA,RS,09/2022,325,320,"98,46",297,23,"92,81",5,"1,54",0,5,"1,54"
430965,HULHA NEGRA,RS,09/2022,559,175,"31,31",166,9,"94,86",384,"68,69",331,53,"9,48"
430965,HULHA NEGRA,RS,07/2022,549,176,"32,06",155,21,"88,07",373,"67,94",319,54,"9,84"
430965,HULHA NEGRA,RS,11/2022,544,409,"75,18",398,11,"97,31",135,"24,82",83,52,"9,56"
430970,HUMAITÁ,RS,11/2022,88,86,"97,73",86,0,"100,00",2,"2,27",1,1,"1,14"
430970,HUMAITÁ,RS,07/2022,93,69,"74,19",69,0,"100,00",24,"25,81",3,21,"22,58"
430970,HUMAITÁ,RS,09/2022,95,74,"77,89",73,1,"98,65",21,"22,11",3,18,"18,95"
430975,IBARAMA,RS,09/2022,173,147,"84,97",146,1,"99,32",26,"15,03",4,22,"12,72"
430975,IBARAMA,RS,07/2022,175,149,"85,14",144,5,"96,64",26,"14,86",5,21,"12,00"
430975,IBARAMA,RS,11/2022,167,143,"85,63",140,3,"97,90",24,"14,37",3,21,"12,57"
430980,IBIAÇÁ,RS,11/2022,75,65,"86,67",65,0,"100,00",10,"13,33",2,8,"10,67"
430980,IBIAÇÁ,RS,07/2022,77,64,"83,12",64,0,"100,00",13,"16,88",2,11,"14,29"
430980,IBIAÇÁ,RS,09/2022,74,64,"86,49",64,0,"100,00",10,"13,51",1,9,"12,16"
430990,IBIRAIARAS,RS,09/2022,198,183,"92,42",176,7,"96,17",15,"7,58",1,14,"7,07"
430990,IBIRAIARAS,RS,07/2022,188,164,"87,23",157,7,"95,73",24,"12,77",1,23,"12,23"
430990,IBIRAIARAS,RS,11/2022,207,199,"96,14",190,9,"95,48",8,"3,86",4,4,"1,93"
430995,IBIRAPUITÃ,RS,11/2022,167,1,"0,60",0,1,"0,00",166,"99,40",142,24,"14,37"
430995,IBIRAPUITÃ,RS,07/2022,177,0,"0,00",0,0,,177,"100,00",150,27,"15,25"
430995,IBIRAPUITÃ,RS,09/2022,172,0,"0,00",0,0,,172,"100,00",145,27,"15,70"
431000,IBIRUBÁ,RS,09/2022,168,128,"76,19",114,14,"89,06",40,"23,81",19,21,"12,50"
431000,IBIRUBÁ,RS,07/2022,167,121,"72,46",112,9,"92,56",46,"27,54",25,21,"12,57"
431000,IBIRUBÁ,RS,11/2022,158,106,"67,09",96,10,"90,57",52,"32,91",32,20,"12,66"
431010,IGREJINHA,RS,11/2022,821,618,"75,27",545,73,"88,19",203,"24,73",56,147,"17,90"
431010,IGREJINHA,RS,07/2022,728,450,"61,81",364,86,"80,89",278,"38,19",115,163,"22,39"
431010,IGREJINHA,RS,09/2022,827,592,"71,58",507,85,"85,64",235,"28,42",65,170,"20,56"
431020,IJUÍ,RS,09/2022,1985,1799,"90,63",1616,183,"89,83",186,"9,37",69,117,"5,89"
431020,IJUÍ,RS,07/2022,2003,1563,"78,03",1407,156,"90,02",440,"21,97",80,360,"17,97"
431020,IJUÍ,RS,11/2022,1984,1887,"95,11",1727,160,"91,52",97,"4,89",12,85,"4,28"
431030,ILÓPOLIS,RS,11/2022,76,73,"96,05",64,9,"87,67",3,"3,95",1,2,"2,63"
431030,ILÓPOLIS,RS,07/2022,74,71,"95,95",65,6,"91,55",3,"4,05",0,3,"4,05"
431030,ILÓPOLIS,RS,09/2022,74,68,"91,89",63,5,"92,65",6,"8,11",4,2,"2,70"
431033,IMBÉ,RS,09/2022,1174,998,"85,01",989,9,"99,10",176,"14,99",31,145,"12,35"
431033,IMBÉ,RS,07/2022,1144,895,"78,23",895,0,"100,00",249,"21,77",57,192,"16,78"
431033,IMBÉ,RS,11/2022,1166,941,"80,70",869,72,"92,35",225,"19,30",23,202,"17,32"
431036,IMIGRANTE,RS,11/2022,18,10,"55,56",8,2,"80,00",8,"44,44",7,1,"5,56"
431036,IMIGRANTE,RS,07/2022,16,15,"93,75",13,2,"86,67",1,"6,25",0,1,"6,25"
431036,IMIGRANTE,RS,09/2022,15,5,"33,33",5,0,"100,00",10,"66,67",9,1,"6,67"
431040,INDEPENDÊNCIA,RS,09/2022,256,239,"93,36",216,23,"90,38",17,"6,64",6,11,"4,30"
431040,INDEPENDÊNCIA,RS,07/2022,249,216,"86,75",197,19,"91,20",33,"13,25",15,18,"7,23"
431040,INDEPENDÊNCIA,RS,11/2022,240,234,"97,50",213,21,"91,03",6,"2,50",5,1,"0,42"
431041,INHACORÁ,RS,11/2022,96,90,"93,75",85,5,"94,44",6,"6,25",3,3,"3,13"
431041,INHACORÁ,RS,07/2022,105,90,"85,71",86,4,"95,56",15,"14,29",6,9,"8,57"
431041,INHACORÁ,RS,09/2022,95,91,"95,79",82,9,"90,11",4,"4,21",2,2,"2,11"
431043,IPÊ,RS,09/2022,116,82,"70,69",78,4,"95,12",34,"29,31",1,33,"28,45"
431043,IPÊ,RS,07/2022,107,67,"62,62",61,6,"91,04",40,"37,38",7,33,"30,84"
431043,IPÊ,RS,11/2022,126,85,"67,46",83,2,"97,65",41,"32,54",2,39,"30,95"
431046,IPIRANGA DO SUL,RS,11/2022,23,19,"82,61",16,3,"84,21",4,"17,39",0,4,"17,39"
431046,IPIRANGA DO SUL,RS,07/2022,17,15,"88,24",9,6,"60,00",2,"11,76",0,2,"11,76"
431046,IPIRANGA DO SUL,RS,09/2022,19,17,"89,47",17,0,"100,00",2,"10,53",0,2,"10,53"
431050,IRAÍ,RS,09/2022,408,377,"92,40",373,4,"98,94",31,"7,60",19,12,"2,94"
431050,IRAÍ,RS,07/2022,435,372,"85,52",366,6,"98,39",63,"14,48",23,40,"9,20"
431050,IRAÍ,RS,11/2022,404,376,"93,07",375,1,"99,73",28,"6,93",19,9,"2,23"
431053,ITAARA,RS,11/2022,197,176,"89,34",176,0,"100,00",21,"10,66",8,13,"6,60"
431053,ITAARA,RS,07/2022,191,171,"89,53",171,0,"100,00",20,"10,47",8,12,"6,28"
431053,ITAARA,RS,09/2022,197,175,"88,83",175,0,"100,00",22,"11,17",9,13,"6,60"
431055,ITACURUBI,RS,09/2022,220,56,"25,45",56,0,"100,00",164,"74,55",97,67,"30,45"
431055,ITACURUBI,RS,07/2022,225,140,"62,22",137,3,"97,86",85,"37,78",15,70,"31,11"
431055,ITACURUBI,RS,11/2022,223,150,"67,26",150,0,"100,00",73,"32,74",6,67,"30,04"
431057,ITAPUCA,RS,11/2022,57,39,"68,42",39,0,"100,00",18,"31,58",12,6,"10,53"
431057,ITAPUCA,RS,07/2022,58,30,"51,72",30,0,"100,00",28,"48,28",23,5,"8,62"
431057,ITAPUCA,RS,09/2022,63,0,"0,00",0,0,,63,"100,00",56,7,"11,11"
431060,ITAQUI,RS,09/2022,1781,0,"0,00",0,0,,1781,"100,00",1615,166,"9,32"
431060,ITAQUI,RS,07/2022,1785,0,"0,00",0,0,,1785,"100,00",1612,173,"9,69"
431060,ITAQUI,RS,11/2022,1814,557,"30,71",557,0,"100,00",1257,"69,29",1103,154,"8,49"
431065,ITATI,RS,11/2022,133,118,"88,72",113,5,"95,76",15,"11,28",2,13,"9,77"
431065,ITATI,RS,07/2022,127,116,"91,34",111,5,"95,69",11,"8,66",0,11,"8,66"
431065,ITATI,RS,09/2022,133,122,"91,73",114,8,"93,44",11,"8,27",0,11,"8,27"
431070,ITATIBA DO SUL,RS,09/2022,82,66,"80,49",65,1,"98,48",16,"19,51",12,4,"4,88"
431070,ITATIBA DO SUL,RS,07/2022,81,60,"74,07",60,0,"100,00",21,"25,93",16,5,"6,17"
431070,ITATIBA DO SUL,RS,11/2022,82,64,"78,05",63,1,"98,44",18,"21,95",10,8,"9,76"
431075,IVORÁ,RS,11/2022,58,56,"96,55",53,3,"94,64",2,"3,45",0,2,"3,45"
431075,IVORÁ,RS,07/2022,55,53,"96,36",47,6,"88,68",2,"3,64",0,2,"3,64"
431075,IVORÁ,RS,09/2022,59,56,"94,92",51,5,"91,07",3,"5,08",0,3,"5,08"
431080,IVOTI,RS,09/2022,146,104,"71,23",99,5,"95,19",42,"28,77",6,36,"24,66"
431080,IVOTI,RS,07/2022,146,50,"34,25",41,9,"82,00",96,"65,75",64,32,"21,92"
431080,IVOTI,RS,11/2022,150,112,"74,67",103,9,"91,96",38,"25,33",10,28,"18,67"
431085,JABOTICABA,RS,11/2022,144,140,"97,22",139,1,"99,29",4,"2,78",1,3,"2,08"
431085,JABOTICABA,RS,07/2022,147,141,"95,92",141,0,"100,00",6,"4,08",1,5,"3,40"
431085,JABOTICABA,RS,09/2022,147,142,"96,60",141,1,"99,30",5,"3,40",1,4,"2,72"
431087,JACUIZINHO,RS,09/2022,157,130,"82,80",129,1,"99,23",27,"17,20",13,14,"8,92"
431087,JACUIZINHO,RS,07/2022,153,143,"93,46",142,1,"99,30",10,"6,54",0,10,"6,54"
431087,JACUIZINHO,RS,11/2022,154,141,"91,56",141,0,"100,00",13,"8,44",0,13,"8,44"
431090,JACUTINGA,RS,11/2022,66,63,"95,45",57,6,"90,48",3,"4,55",3,0,"0,00"
431090,JACUTINGA,RS,07/2022,71,62,"87,32",56,6,"90,32",9,"12,68",6,3,"4,23"
431090,JACUTINGA,RS,09/2022,71,65,"91,55",59,6,"90,77",6,"8,45",3,3,"4,23"
431100,JAGUARÃO,RS,09/2022,1196,1014,"84,78",958,56,"94,48",182,"15,22",13,169,"14,13"
431100,JAGUARÃO,RS,07/2022,1185,985,"83,12",933,52,"94,72",200,"16,88",10,190,"16,03"
431100,JAGUARÃO,RS,11/2022,1246,1068,"85,71",1029,39,"96,35",178,"14,29",11,167,"13,40"
431110,JAGUARI,RS,11/2022,335,317,"94,63",311,6,"98,11",18,"5,37",1,17,"5,07"
431110,JAGUARI,RS,07/2022,342,317,"92,69",307,10,"96,85",25,"7,31",4,21,"6,14"
431110,JAGUARI,RS,09/2022,343,318,"92,71",313,5,"98,43",25,"7,29",4,21,"6,12"
431112,JAQUIRANA,RS,09/2022,303,0,"0,00",0,0,,303,"100,00",242,61,"20,13"
431112,JAQUIRANA,RS,07/2022,304,0,"0,00",0,0,,304,"100,00",245,59,"19,41"
431112,JAQUIRANA,RS,11/2022,302,0,"0,00",0,0,,302,"100,00",240,62,"20,53"
431113,JARI,RS,11/2022,169,158,"93,49",157,1,"99,37",11,"6,51",1,10,"5,92"
431113,JARI,RS,07/2022,153,126,"82,35",126,0,"100,00",27,"17,65",4,23,"15,03"
431113,JARI,RS,09/2022,160,137,"85,63",135,2,"98,54",23,"14,38",0,23,"14,38"
431115,JÓIA,RS,09/2022,415,379,"91,33",379,0,"100,00",36,"8,67",0,36,"8,67"
431115,JÓIA,RS,07/2022,402,360,"89,55",359,1,"99,72",42,"10,45",6,36,"8,96"
431115,JÓIA,RS,11/2022,417,402,"96,40",402,0,"100,00",15,"3,60",2,13,"3,12"
431120,JÚLIO DE CASTILHOS,RS,11/2022,807,774,"95,91",747,27,"96,51",33,"4,09",14,19,"2,35"
431120,JÚLIO DE CASTILHOS,RS,07/2022,811,768,"94,70",719,49,"93,62",43,"5,30",10,33,"4,07"
431120,JÚLIO DE CASTILHOS,RS,09/2022,808,778,"96,29",738,40,"94,86",30,"3,71",12,18,"2,23"
431123,LAGOA BONITA DO SUL,RS,09/2022,98,90,"91,84",90,0,"100,00",8,"8,16",2,6,"6,12"
431123,LAGOA BONITA DO SUL,RS,07/2022,103,92,"89,32",92,0,"100,00",11,"10,68",4,7,"6,80"
431123,LAGOA BONITA DO SUL,RS,11/2022,93,88,"94,62",88,0,"100,00",5,"5,38",0,5,"5,38"
431125,LAGOÃO,RS,11/2022,384,377,"98,18",359,18,"95,23",7,"1,82",2,5,"1,30"
431125,LAGOÃO,RS,07/2022,391,0,"0,00",0,0,,391,"100,00",365,26,"6,65"
431125,LAGOÃO,RS,09/2022,394,333,"84,52",329,4,"98,80",61,"15,48",54,7,"1,78"
431127,LAGOA DOS TRÊS CANTOS,RS,09/2022,23,10,"43,48",10,0,"100,00",13,"56,52",1,12,"52,17"
431127,LAGOA DOS TRÊS CANTOS,RS,07/2022,22,0,"0,00",0,0,,22,"100,00",8,14,"63,64"
431127,LAGOA DOS TRÊS CANTOS,RS,11/2022,22,21,"95,45",21,0,"100,00",1,"4,55",0,1,"4,55"
431130,LAGOA VERMELHA,RS,11/2022,1212,973,"80,28",956,17,"98,25",239,"19,72",27,212,"17,49"
431130,LAGOA VERMELHA,RS,07/2022,1211,769,"63,50",740,29,"96,23",442,"36,50",41,401,"33,11"
431130,LAGOA VERMELHA,RS,09/2022,1191,929,"78,00",912,17,"98,17",262,"22,00",52,210,"17,63"
431140,LAJEADO,RS,09/2022,1231,1161,"94,31",1007,154,"86,74",70,"5,69",31,39,"3,17"
431140,LAJEADO,RS,07/2022,1131,1041,"92,04",878,163,"84,34",90,"7,96",35,55,"4,86"
431140,LAJEADO,RS,11/2022,1220,1154,"94,59",998,156,"86,48",66,"5,41",21,45,"3,69"
431142,LAJEADO DO BUGRE,RS,11/2022,209,199,"95,22",197,2,"98,99",10,"4,78",9,1,"0,48"
431142,LAJEADO DO BUGRE,RS,07/2022,199,165,"82,91",165,0,"100,00",34,"17,09",3,31,"15,58"
431142,LAJEADO DO BUGRE,RS,09/2022,194,188,"96,91",188,0,"100,00",6,"3,09",4,2,"1,03"
431150,LAVRAS DO SUL,RS,09/2022,341,294,"86,22",277,17,"94,22",47,"13,78",1,46,"13,49"
431150,LAVRAS DO SUL,RS,07/2022,342,283,"82,75",254,29,"89,75",59,"17,25",1,58,"16,96"
431150,LAVRAS DO SUL,RS,11/2022,349,307,"87,97",299,8,"97,39",42,"12,03",0,42,"12,03"
431160,LIBERATO SALZANO,RS,11/2022,154,123,"79,87",119,4,"96,75",31,"20,13",6,25,"16,23"
431160,LIBERATO SALZANO,RS,07/2022,155,110,"70,97",109,1,"99,09",45,"29,03",17,28,"18,06"
431160,LIBERATO SALZANO,RS,09/2022,158,114,"72,15",111,3,"97,37",44,"27,85",17,27,"17,09"
431162,LINDOLFO COLLOR,RS,09/2022,175,90,"51,43",87,3,"96,67",85,"48,57",41,44,"25,14"
431162,LINDOLFO COLLOR,RS,07/2022,166,122,"73,49",117,5,"95,90",44,"26,51",5,39,"23,49"
431162,LINDOLFO COLLOR,RS,11/2022,167,117,"70,06",115,2,"98,29",50,"29,94",2,48,"28,74"
431164,LINHA NOVA,RS,11/2022,6,6,"100,00",6,0,"100,00",0,"0,00",0,0,"0,00"
431164,LINHA NOVA,RS,07/2022,13,10,"76,92",10,0,"100,00",3,"23,08",3,0,"0,00"
431164,LINHA NOVA,RS,09/2022,11,9,"81,82",9,0,"100,00",2,"18,18",2,0,"0,00"
431170,MACHADINHO,RS,09/2022,145,144,"99,31",127,17,"88,19",1,"0,69",0,1,"0,69"
431170,MACHADINHO,RS,07/2022,141,128,"90,78",117,11,"91,41",13,"9,22",6,7,"4,96"
431170,MACHADINHO,RS,11/2022,150,149,"99,33",134,15,"89,93",1,"0,67",1,0,"0,00"
431171,MAÇAMBARA,RS,11/2022,347,128,"36,89",128,0,"100,00",219,"63,11",145,74,"21,33"
431171,MAÇAMBARA,RS,07/2022,297,0,"0,00",0,0,,297,"100,00",229,68,"22,90"
431171,MAÇAMBARA,RS,09/2022,327,0,"0,00",0,0,,327,"100,00",254,73,"22,32"
431173,MAMPITUBA,RS,09/2022,186,160,"86,02",160,0,"100,00",26,"13,98",0,26,"13,98"
431173,MAMPITUBA,RS,07/2022,189,168,"88,89",168,0,"100,00",21,"11,11",1,20,"10,58"
431173,MAMPITUBA,RS,11/2022,186,161,"86,56",161,0,"100,00",25,"13,44",1,24,"12,90"
431175,MANOEL VIANA,RS,11/2022,292,268,"91,78",259,9,"96,64",24,"8,22",2,22,"7,53"
431175,MANOEL VIANA,RS,07/2022,286,241,"84,27",231,10,"95,85",45,"15,73",6,39,"13,64"
431175,MANOEL VIANA,RS,09/2022,295,250,"84,75",240,10,"96,00",45,"15,25",6,39,"13,22"
431177,MAQUINÉ,RS,09/2022,382,319,"83,51",313,6,"98,12",63,"16,49",29,34,"8,90"
431177,MAQUINÉ,RS,07/2022,365,238,"65,21",233,5,"97,90",127,"34,79",68,59,"16,16"
431177,MAQUINÉ,RS,11/2022,386,305,"79,02",292,13,"95,74",81,"20,98",67,14,"3,63"
431179,MARATÁ,RS,11/2022,32,27,"84,38",27,0,"100,00",5,"15,63",0,5,"15,63"
431179,MARATÁ,RS,07/2022,34,26,"76,47",26,0,"100,00",8,"23,53",0,8,"23,53"
431179,MARATÁ,RS,09/2022,29,11,"37,93",11,0,"100,00",18,"62,07",10,8,"27,59"
431180,MARAU,RS,09/2022,635,561,"88,35",560,1,"99,82",74,"11,65",6,68,"10,71"
431180,MARAU,RS,07/2022,632,519,"82,12",519,0,"100,00",113,"17,88",4,109,"17,25"
431180,MARAU,RS,11/2022,585,529,"90,43",527,2,"99,62",56,"9,57",4,52,"8,89"
431190,MARCELINO RAMOS,RS,11/2022,69,68,"98,55",66,2,"97,06",1,"1,45",0,1,"1,45"
431190,MARCELINO RAMOS,RS,07/2022,68,66,"97,06",64,2,"96,97",2,"2,94",1,1,"1,47"
431190,MARCELINO RAMOS,RS,09/2022,68,66,"97,06",62,4,"93,94",2,"2,94",1,1,"1,47"
431198,MARIANA PIMENTEL,RS,11/2022,193,172,"89,12",163,9,"94,77",21,"10,88",2,19,"9,84"
431198,MARIANA PIMENTEL,RS,09/2022,197,170,"86,29",156,14,"91,76",27,"13,71",1,26,"13,20"
431198,MARIANA PIMENTEL,RS,07/2022,198,172,"86,87",158,14,"91,86",26,"13,13",1,25,"12,63"
431200,MARIANO MORO,RS,07/2022,19,14,"73,68",13,1,"92,86",5,"26,32",4,1,"5,26"
431200,MARIANO MORO,RS,11/2022,14,11,"78,57",10,1,"90,91",3,"21,43",2,1,"7,14"
431200,MARIANO MORO,RS,09/2022,16,12,"75,00",11,1,"91,67",4,"25,00",3,1,"6,25"
431205,MARQUES DE SOUZA,RS,09/2022,54,49,"90,74",49,0,"100,00",5,"9,26",1,4,"7,41"
431205,MARQUES DE SOUZA,RS,11/2022,50,47,"94,00",46,1,"97,87",3,"6,00",3,0,"0,00"
431205,MARQUES DE SOUZA,RS,07/2022,54,43,"79,63",43,0,"100,00",11,"20,37",3,8,"14,81"
431210,MATA,RS,07/2022,197,178,"90,36",154,24,"86,52",19,"9,64",9,10,"5,08"
431210,MATA,RS,11/2022,191,181,"94,76",178,3,"98,34",10,"5,24",2,8,"4,19"
431210,MATA,RS,09/2022,181,79,"43,65",77,2,"97,47",102,"56,35",92,10,"5,52"
431213,MATO CASTELHANO,RS,09/2022,68,55,"80,88",55,0,"100,00",13,"19,12",8,5,"7,35"
431213,MATO CASTELHANO,RS,11/2022,68,59,"86,76",56,3,"94,92",9,"13,24",3,6,"8,82"
431213,MATO CASTELHANO,RS,07/2022,63,49,"77,78",48,1,"97,96",14,"22,22",4,10,"15,87"
431215,MATO LEITÃO,RS,07/2022,121,100,"82,64",88,12,"88,00",21,"17,36",4,17,"14,05"
431215,MATO LEITÃO,RS,11/2022,139,119,"85,61",108,11,"90,76",20,"14,39",2,18,"12,95"
431215,MATO LEITÃO,RS,09/2022,141,119,"84,40",107,12,"89,92",22,"15,60",3,19,"13,48"
431217,MATO QUEIMADO,RS,09/2022,47,46,"97,87",46,0,"100,00",1,"2,13",1,0,"0,00"
431217,MATO QUEIMADO,RS,11/2022,49,47,"95,92",46,1,"97,87",2,"4,08",2,0,"0,00"
431217,MATO QUEIMADO,RS,07/2022,46,44,"95,65",44,0,"100,00",2,"4,35",1,1,"2,17"
431220,MAXIMILIANO DE ALMEIDA,RS,07/2022,133,117,"87,97",113,4,"96,58",16,"12,03",3,13,"9,77"
431220,MAXIMILIANO DE ALMEIDA,RS,11/2022,138,132,"95,65",128,4,"96,97",6,"4,35",2,4,"2,90"
431220,MAXIMILIANO DE ALMEIDA,RS,09/2022,130,124,"95,38",119,5,"95,97",6,"4,62",4,2,"1,54"
431225,MINAS DO LEÃO,RS,09/2022,506,486,"96,05",441,45,"90,74",20,"3,95",15,5,"0,99"
431225,MINAS DO LEÃO,RS,11/2022,495,482,"97,37",454,28,"94,19",13,"2,63",8,5,"1,01"
431225,MINAS DO LEÃO,RS,07/2022,507,474,"93,49",412,62,"86,92",33,"6,51",14,19,"3,75"
431230,MIRAGUAÍ,RS,07/2022,271,208,"76,75",192,16,"92,31",63,"23,25",34,29,"10,70"
431230,MIRAGUAÍ,RS,11/2022,279,246,"88,17",237,9,"96,34",33,"11,83",3,30,"10,75"
431230,MIRAGUAÍ,RS,09/2022,279,244,"87,46",233,11,"95,49",35,"12,54",5,30,"10,75"
431235,MONTAURI,RS,09/2022,5,1,"20,00",1,0,"100,00",4,"80,00",4,0,"0,00"
431235,MONTAURI,RS,11/2022,3,3,"100,00",3,0,"100,00",0,"0,00",0,0,"0,00"
431235,MONTAURI,RS,07/2022,6,4,"66,67",4,0,"100,00",2,"33,33",2,0,"0,00"
431237,MONTE ALEGRE DOS CAMPOS,RS,07/2022,152,125,"82,24",118,7,"94,40",27,"17,76",6,21,"13,82"
431237,MONTE ALEGRE DOS CAMPOS,RS,11/2022,159,134,"84,28",126,8,"94,03",25,"15,72",3,22,"13,84"
431237,MONTE ALEGRE DOS CAMPOS,RS,09/2022,150,126,"84,00",121,5,"96,03",24,"16,00",2,22,"14,67"
431238,MONTE BELO DO SUL,RS,09/2022,22,19,"86,36",19,0,"100,00",3,"13,64",0,3,"13,64"
431238,MONTE BELO DO SUL,RS,11/2022,19,16,"84,21",15,1,"93,75",3,"15,79",0,3,"15,79"
431238,MONTE BELO DO SUL,RS,07/2022,22,19,"86,36",18,1,"94,74",3,"13,64",0,3,"13,64"
431240,MONTENEGRO,RS,07/2022,1875,1247,"66,51",1163,84,"93,26",628,"33,49",92,536,"28,59"
431240,MONTENEGRO,RS,11/2022,1928,1402,"72,72",1332,70,"95,01",526,"27,28",20,506,"26,24"
431240,MONTENEGRO,RS,09/2022,1971,1397,"70,88",1298,99,"92,91",574,"29,12",48,526,"26,69"
431242,MORMAÇO,RS,09/2022,108,96,"88,89",96,0,"100,00",12,"11,11",2,10,"9,26"
431242,MORMAÇO,RS,11/2022,105,92,"87,62",92,0,"100,00",13,"12,38",2,11,"10,48"
431242,MORMAÇO,RS,07/2022,108,96,"88,89",96,0,"100,00",12,"11,11",1,11,"10,19"
431244,MORRINHOS DO SUL,RS,07/2022,53,47,"88,68",47,0,"100,00",6,"11,32",0,6,"11,32"
431244,MORRINHOS DO SUL,RS,11/2022,61,57,"93,44",57,0,"100,00",4,"6,56",0,4,"6,56"
431244,MORRINHOS DO SUL,RS,09/2022,49,2,"4,08",2,0,"100,00",47,"95,92",42,5,"10,20"
431245,MORRO REDONDO,RS,09/2022,261,209,"80,08",206,3,"98,56",52,"19,92",5,47,"18,01"
431245,MORRO REDONDO,RS,11/2022,266,217,"81,58",217,0,"100,00",49,"18,42",1,48,"18,05"
431245,MORRO REDONDO,RS,07/2022,254,197,"77,56",197,0,"100,00",57,"22,44",10,47,"18,50"
431247,MORRO REUTER,RS,07/2022,56,41,"73,21",38,3,"92,68",15,"26,79",1,14,"25,00"
431247,MORRO REUTER,RS,11/2022,56,41,"73,21",40,1,"97,56",15,"26,79",0,15,"26,79"
431247,MORRO REUTER,RS,09/2022,55,41,"74,55",41,0,"100,00",14,"25,45",0,14,"25,45"
431250,MOSTARDAS,RS,09/2022,706,550,"77,90",491,59,"89,27",156,"22,10",13,143,"20,25"
431250,MOSTARDAS,RS,11/2022,709,665,"93,79",587,78,"88,27",44,"6,21",13,31,"4,37"
431250,MOSTARDAS,RS,07/2022,702,523,"74,50",427,96,"81,64",179,"25,50",49,130,"18,52"
431260,MUÇUM,RS,07/2022,96,86,"89,58",82,4,"95,35",10,"10,42",3,7,"7,29"
431260,MUÇUM,RS,11/2022,90,81,"90,00",78,3,"96,30",9,"10,00",6,3,"3,33"
431260,MUÇUM,RS,09/2022,94,77,"81,91",72,5,"93,51",17,"18,09",11,6,"6,38"
431261,MUITOS CAPÕES,RS,09/2022,129,100,"77,52",97,3,"97,00",29,"22,48",6,23,"17,83"
431261,MUITOS CAPÕES,RS,11/2022,127,113,"88,98",102,11,"90,27",14,"11,02",9,5,"3,94"
431261,MUITOS CAPÕES,RS,07/2022,120,93,"77,50",86,7,"92,47",27,"22,50",4,23,"19,17"
431262,MULITERNO,RS,07/2022,75,64,"85,33",50,14,"78,13",11,"14,67",0,11,"14,67"
431262,MULITERNO,RS,11/2022,83,82,"98,80",70,12,"85,37",1,"1,20",1,0,"0,00"
431262,MULITERNO,RS,09/2022,79,76,"96,20",66,10,"86,84",3,"3,80",1,2,"2,53"
431265,NÃO-ME-TOQUE,RS,09/2022,242,195,"80,58",176,19,"90,26",47,"19,42",46,1,"0,41"
431265,NÃO-ME-TOQUE,RS,11/2022,238,193,"81,09",174,19,"90,16",45,"18,91",42,3,"1,26"
431265,NÃO-ME-TOQUE,RS,07/2022,234,171,"73,08",148,23,"86,55",63,"26,92",37,26,"11,11"
431267,NICOLAU VERGUEIRO,RS,07/2022,65,55,"84,62",55,0,"100,00",10,"15,38",2,8,"12,31"
431267,NICOLAU VERGUEIRO,RS,11/2022,73,65,"89,04",65,0,"100,00",8,"10,96",5,3,"4,11"
431267,NICOLAU VERGUEIRO,RS,09/2022,68,41,"60,29",38,3,"92,68",27,"39,71",23,4,"5,88"
431270,NONOAI,RS,09/2022,596,421,"70,64",397,24,"94,30",175,"29,36",33,142,"23,83"
431270,NONOAI,RS,11/2022,602,443,"73,59",418,25,"94,36",159,"26,41",14,145,"24,09"
431270,NONOAI,RS,07/2022,591,436,"73,77",409,27,"93,81",155,"26,23",11,144,"24,37"
431275,NOVA ALVORADA,RS,07/2022,36,29,"80,56",27,2,"93,10",7,"19,44",2,5,"13,89"
431275,NOVA ALVORADA,RS,11/2022,37,32,"86,49",29,3,"90,63",5,"13,51",0,5,"13,51"
431275,NOVA ALVORADA,RS,09/2022,36,31,"86,11",28,3,"90,32",5,"13,89",1,4,"11,11"
431280,NOVA ARAÇÁ,RS,09/2022,33,24,"72,73",24,0,"100,00",9,"27,27",1,8,"24,24"
431280,NOVA ARAÇÁ,RS,11/2022,40,33,"82,50",33,0,"100,00",7,"17,50",4,3,"7,50"
431280,NOVA ARAÇÁ,RS,07/2022,29,20,"68,97",18,2,"90,00",9,"31,03",1,8,"27,59"
431290,NOVA BASSANO,RS,07/2022,69,66,"95,65",61,5,"92,42",3,"4,35",0,3,"4,35"
431290,NOVA BASSANO,RS,11/2022,96,88,"91,67",86,2,"97,73",8,"8,33",2,6,"6,25"
431290,NOVA BASSANO,RS,09/2022,90,84,"93,33",81,3,"96,43",6,"6,67",0,6,"6,67"
431295,NOVA BOA VISTA,RS,09/2022,4,0,"0,00",0,0,,4,"100,00",3,1,"25,00"
431295,NOVA BOA VISTA,RS,11/2022,13,11,"84,62",11,0,"100,00",2,"15,38",0,2,"15,38"
431295,NOVA BOA VISTA,RS,07/2022,4,0,"0,00",0,0,,4,"100,00",3,1,"25,00"
431300,NOVA BRÉSCIA,RS,07/2022,21,17,"80,95",17,0,"100,00",4,"19,05",4,0,"0,00"
431300,NOVA BRÉSCIA,RS,11/2022,22,20,"90,91",19,1,"95,00",2,"9,09",2,0,"0,00"
431300,NOVA BRÉSCIA,RS,09/2022,24,20,"83,33",19,1,"95,00",4,"16,67",4,0,"0,00"
431301,NOVA CANDELÁRIA,RS,09/2022,22,22,"100,00",22,0,"100,00",0,"0,00",0,0,"0,00"
431301,NOVA CANDELÁRIA,RS,11/2022,19,18,"94,74",18,0,"100,00",1,"5,26",1,0,"0,00"
431301,NOVA CANDELÁRIA,RS,07/2022,22,22,"100,00",17,5,"77,27",0,"0,00",0,0,"0,00"
431303,NOVA ESPERANÇA DO SUL,RS,07/2022,119,96,"80,67",95,1,"98,96",23,"19,33",7,16,"13,45"
431303,NOVA ESPERANÇA DO SUL,RS,11/2022,122,103,"84,43",102,1,"99,03",19,"15,57",12,7,"5,74"
431303,NOVA ESPERANÇA DO SUL,RS,09/2022,125,105,"84,00",104,1,"99,05",20,"16,00",13,7,"5,60"
431306,NOVA HARTZ,RS,09/2022,547,477,"87,20",458,19,"96,02",70,"12,80",4,66,"12,07"
431306,NOVA HARTZ,RS,11/2022,523,458,"87,57",440,18,"96,07",65,"12,43",15,50,"9,56"
431306,NOVA HARTZ,RS,07/2022,518,358,"69,11",335,23,"93,58",160,"30,89",42,118,"22,78"
431308,NOVA PÁDUA,RS,07/2022,16,9,"56,25",9,0,"100,00",7,"43,75",0,7,"43,75"
431308,NOVA PÁDUA,RS,11/2022,13,9,"69,23",9,0,"100,00",4,"30,77",0,4,"30,77"
431308,NOVA PÁDUA,RS,09/2022,16,10,"62,50",10,0,"100,00",6,"37,50",0,6,"37,50"
431310,NOVA PALMA,RS,09/2022,135,82,"60,74",81,1,"98,78",53,"39,26",2,51,"37,78"
431310,NOVA PALMA,RS,11/2022,128,113,"88,28",111,2,"98,23",15,"11,72",7,8,"6,25"
431310,NOVA PALMA,RS,07/2022,141,84,"59,57",83,1,"98,81",57,"40,43",3,54,"38,30"
431320,NOVA PETRÓPOLIS,RS,07/2022,153,62,"40,52",49,13,"79,03",91,"59,48",64,27,"17,65"
431320,NOVA PETRÓPOLIS,RS,11/2022,168,121,"72,02",114,7,"94,21",47,"27,98",24,23,"13,69"
431320,NOVA PETRÓPOLIS,RS,09/2022,159,26,"16,35",26,0,"100,00",133,"83,65",109,24,"15,09"
431330,NOVA PRATA,RS,09/2022,446,386,"86,55",345,41,"89,38",60,"13,45",7,53,"11,88"
431330,NOVA PRATA,RS,11/2022,434,382,"88,02",339,43,"88,74",52,"11,98",7,45,"10,37"
431330,NOVA PRATA,RS,07/2022,430,366,"85,12",316,50,"86,34",64,"14,88",20,44,"10,23"
431333,NOVA RAMADA,RS,07/2022,36,34,"94,44",34,0,"100,00",2,"5,56",0,2,"5,56"
431333,NOVA RAMADA,RS,11/2022,36,33,"91,67",33,0,"100,00",3,"8,33",1,2,"5,56"
431333,NOVA RAMADA,RS,09/2022,38,34,"89,47",34,0,"100,00",4,"10,53",2,2,"5,26"
431335,NOVA ROMA DO SUL,RS,09/2022,8,8,"100,00",8,0,"100,00",0,"0,00",0,0,"0,00"
431335,NOVA ROMA DO SUL,RS,11/2022,9,8,"88,89",8,0,"100,00",1,"11,11",1,0,"0,00"
431335,NOVA ROMA DO SUL,RS,07/2022,8,7,"87,50",7,0,"100,00",1,"12,50",1,0,"0,00"
431337,NOVA SANTA RITA,RS,07/2022,1271,609,"47,92",586,23,"96,22",662,"52,08",192,470,"36,98"
431337,NOVA SANTA RITA,RS,11/2022,1545,652,"42,20",641,11,"98,31",893,"57,80",420,473,"30,61"
431337,NOVA SANTA RITA,RS,09/2022,1452,930,"64,05",896,34,"96,34",522,"35,95",39,483,"33,26"
431339,NOVO CABRAIS,RS,09/2022,126,115,"91,27",112,3,"97,39",11,"8,73",4,7,"5,56"
431339,NOVO CABRAIS,RS,11/2022,127,120,"94,49",115,5,"95,83",7,"5,51",2,5,"3,94"
431339,NOVO CABRAIS,RS,07/2022,117,102,"87,18",99,3,"97,06",15,"12,82",11,4,"3,42"
431340,NOVO HAMBURGO,RS,07/2022,6252,4475,"71,58",3837,638,"85,74",1777,"28,42",119,1658,"26,52"
431340,NOVO HAMBURGO,RS,11/2022,6102,5752,"94,26",5087,665,"88,44",350,"5,74",64,286,"4,69"
431340,NOVO HAMBURGO,RS,09/2022,6191,5688,"91,88",4988,700,"87,69",503,"8,12",106,397,"6,41"
431342,NOVO MACHADO,RS,09/2022,99,96,"96,97",94,2,"97,92",3,"3,03",0,3,"3,03"
431342,NOVO MACHADO,RS,11/2022,102,101,"99,02",97,4,"96,04",1,"0,98",1,0,"0,00"
431342,NOVO MACHADO,RS,07/2022,104,97,"93,27",97,0,"100,00",7,"6,73",2,5,"4,81"
431344,NOVO TIRADENTES,RS,07/2022,100,64,"64,00",64,0,"100,00",36,"36,00",7,29,"29,00"
431344,NOVO TIRADENTES,RS,11/2022,102,74,"72,55",73,1,"98,65",28,"27,45",1,27,"26,47"
431344,NOVO TIRADENTES,RS,09/2022,96,62,"64,58",62,0,"100,00",34,"35,42",4,30,"31,25"
431346,NOVO XINGU,RS,09/2022,27,27,"100,00",27,0,"100,00",0,"0,00",0,0,"0,00"
431346,NOVO XINGU,RS,11/2022,27,27,"100,00",27,0,"100,00",0,"0,00",0,0,"0,00"
431346,NOVO XINGU,RS,07/2022,26,26,"100,00",26,0,"100,00",0,"0,00",0,0,"0,00"
431349,NOVO BARREIRO,RS,07/2022,187,138,"73,80",137,1,"99,28",49,"26,20",12,37,"19,79"
431349,NOVO BARREIRO,RS,11/2022,216,175,"81,02",174,1,"99,43",41,"18,98",4,37,"17,13"
431349,NOVO BARREIRO,RS,09/2022,199,156,"78,39",155,1,"99,36",43,"21,61",1,42,"21,11"
431350,OSÓRIO,RS,09/2022,1729,1116,"64,55",905,211,"81,09",613,"35,45",14,599,"34,64"
431350,OSÓRIO,RS,11/2022,1775,1195,"67,32",1004,191,"84,02",580,"32,68",6,574,"32,34"
431350,OSÓRIO,RS,07/2022,1603,961,"59,95",793,168,"82,52",642,"40,05",48,594,"37,06"
431360,PAIM FILHO,RS,07/2022,89,71,"79,78",63,8,"88,73",18,"20,22",3,15,"16,85"
431360,PAIM FILHO,RS,11/2022,97,74,"76,29",74,0,"100,00",23,"23,71",2,21,"21,65"
431360,PAIM FILHO,RS,09/2022,91,71,"78,02",62,9,"87,32",20,"21,98",3,17,"18,68"
431365,PALMARES DO SUL,RS,09/2022,844,606,"71,80",526,80,"86,80",238,"28,20",9,229,"27,13"
431365,PALMARES DO SUL,RS,11/2022,866,661,"76,33",568,93,"85,93",205,"23,67",29,176,"20,32"
431365,PALMARES DO SUL,RS,07/2022,817,587,"71,85",512,75,"87,22",230,"28,15",13,217,"26,56"
431370,PALMEIRA DAS MISSÕES,RS,07/2022,1726,937,"54,29",907,30,"96,80",789,"45,71",390,399,"23,12"
431370,PALMEIRA DAS MISSÕES,RS,11/2022,1683,1189,"70,65",1163,26,"97,81",494,"29,35",142,352,"20,92"
431370,PALMEIRA DAS MISSÕES,RS,09/2022,1726,1182,"68,48",1156,26,"97,80",544,"31,52",145,399,"23,12"
431380,PALMITINHO,RS,09/2022,400,245,"61,25",241,4,"98,37",155,"38,75",14,141,"35,25"
431380,PALMITINHO,RS,11/2022,405,253,"62,47",250,3,"98,81",152,"37,53",5,147,"36,30"
431380,PALMITINHO,RS,07/2022,375,233,"62,13",225,8,"96,57",142,"37,87",3,139,"37,07"
431390,PANAMBI,RS,07/2022,680,652,"95,88",568,84,"87,12",28,"4,12",12,16,"2,35"
431390,PANAMBI,RS,11/2022,701,680,"97,00",607,73,"89,26",21,"3,00",7,14,"2,00"
431390,PANAMBI,RS,09/2022,697,679,"97,42",613,66,"90,28",18,"2,58",8,10,"1,43"
431395,PANTANO GRANDE,RS,09/2022,581,380,"65,40",362,18,"95,26",201,"34,60",142,59,"10,15"
431395,PANTANO GRANDE,RS,11/2022,613,549,"89,56",526,23,"95,81",64,"10,44",6,58,"9,46"
431395,PANTANO GRANDE,RS,07/2022,587,447,"76,15",410,37,"91,72",140,"23,85",75,65,"11,07"
431400,PARAÍ,RS,07/2022,48,39,"81,25",39,0,"100,00",9,"18,75",1,8,"16,67"
431400,PARAÍ,RS,11/2022,44,43,"97,73",42,1,"97,67",1,"2,27",1,0,"0,00"
431400,PARAÍ,RS,09/2022,46,45,"97,83",44,1,"97,78",1,"2,17",1,0,"0,00"
431402,PARAÍSO DO SUL,RS,09/2022,228,171,"75,00",168,3,"98,25",57,"25,00",14,43,"18,86"
431402,PARAÍSO DO SUL,RS,11/2022,231,173,"74,89",171,2,"98,84",58,"25,11",14,44,"19,05"
431402,PARAÍSO DO SUL,RS,07/2022,238,181,"76,05",177,4,"97,79",57,"23,95",14,43,"18,07"
431403,PARECI NOVO,RS,07/2022,65,18,"27,69",18,0,"100,00",47,"72,31",30,17,"26,15"
431403,PARECI NOVO,RS,11/2022,65,25,"38,46",25,0,"100,00",40,"61,54",33,7,"10,77"
431403,PARECI NOVO,RS,09/2022,73,57,"78,08",57,0,"100,00",16,"21,92",5,11,"15,07"
431405,PAROBÉ,RS,09/2022,1980,1906,"96,26",1765,141,"92,60",74,"3,74",17,57,"2,88"
431405,PAROBÉ,RS,11/2022,1982,1911,"96,42",1791,120,"93,72",71,"3,58",14,57,"2,88"
431405,PAROBÉ,RS,07/2022,1825,1703,"93,32",1552,151,"91,13",122,"6,68",30,92,"5,04"
431406,PASSA SETE,RS,07/2022,154,116,"75,32",113,3,"97,41",38,"24,68",18,20,"12,99"
431406,PASSA SETE,RS,11/2022,154,136,"88,31",135,1,"99,26",18,"11,69",0,18,"11,69"
431406,PASSA SETE,RS,09/2022,159,139,"87,42",135,4,"97,12",20,"12,58",1,19,"11,95"
431407,PASSO DO SOBRADO,RS,09/2022,186,166,"89,25",166,0,"100,00",20,"10,75",10,10,"5,38"
431407,PASSO DO SOBRADO,RS,11/2022,182,166,"91,21",166,0,"100,00",16,"8,79",6,10,"5,49"
431407,PASSO DO SOBRADO,RS,07/2022,198,176,"88,89",176,0,"100,00",22,"11,11",11,11,"5,56"
431410,PASSO FUNDO,RS,07/2022,6002,3857,"64,26",3531,326,"91,55",2145,"35,74",645,1500,"24,99"
431410,PASSO FUNDO,RS,11/2022,6467,4889,"75,60",4514,375,"92,33",1578,"24,40",100,1478,"22,85"
431410,PASSO FUNDO,RS,09/2022,6403,4185,"65,36",3761,424,"89,87",2218,"34,64",730,1488,"23,24"
431413,PAULO BENTO,RS,09/2022,20,9,"45,00",9,0,"100,00",11,"55,00",5,6,"30,00"
431413,PAULO BENTO,RS,11/2022,17,9,"52,94",9,0,"100,00",8,"47,06",4,4,"23,53"
431413,PAULO BENTO,RS,07/2022,14,6,"42,86",6,0,"100,00",8,"57,14",3,5,"35,71"
431415,PAVERAMA,RS,07/2022,191,142,"74,35",136,6,"95,77",49,"25,65",34,15,"7,85"
431415,PAVERAMA,RS,11/2022,197,173,"87,82",160,13,"92,49",24,"12,18",6,18,"9,14"
431415,PAVERAMA,RS,09/2022,195,91,"46,67",85,6,"93,41",104,"53,33",87,17,"8,72"
431417,PEDRAS ALTAS,RS,09/2022,127,93,"73,23",90,3,"96,77",34,"26,77",4,30,"23,62"
431417,PEDRAS ALTAS,RS,11/2022,124,110,"88,71",108,2,"98,18",14,"11,29",0,14,"11,29"
431417,PEDRAS ALTAS,RS,07/2022,129,88,"68,22",86,2,"97,73",41,"31,78",5,36,"27,91"
431420,PEDRO OSÓRIO,RS,07/2022,553,357,"64,56",349,8,"97,76",196,"35,44",4,192,"34,72"
431420,PEDRO OSÓRIO,RS,11/2022,572,384,"67,13",373,11,"97,14",188,"32,87",9,179,"31,29"
431420,PEDRO OSÓRIO,RS,09/2022,569,366,"64,32",356,10,"97,27",203,"35,68",13,190,"33,39"
431430,PEJUÇARA,RS,09/2022,94,77,"81,91",70,7,"90,91",17,"18,09",1,16,"17,02"
431430,PEJUÇARA,RS,11/2022,99,81,"81,82",77,4,"95,06",18,"18,18",1,17,"17,17"
431430,PEJUÇARA,RS,07/2022,93,77,"82,80",74,3,"96,10",16,"17,20",1,15,"16,13"
431440,PELOTAS,RS,07/2022,10060,6019,"59,83",5251,768,"87,24",4041,"40,17",981,3060,"30,42"
431440,PELOTAS,RS,11/2022,11154,8080,"72,44",7486,594,"92,65",3074,"27,56",392,2682,"24,05"
431440,PELOTAS,RS,09/2022,10479,6603,"63,01",5937,666,"89,91",3876,"36,99",945,2931,"27,97"
431442,PICADA CAFÉ,RS,09/2022,25,19,"76,00",18,1,"94,74",6,"24,00",2,4,"16,00"
431442,PICADA CAFÉ,RS,11/2022,26,23,"88,46",22,1,"95,65",3,"11,54",0,3,"11,54"
431442,PICADA CAFÉ,RS,07/2022,25,19,"76,00",16,3,"84,21",6,"24,00",1,5,"20,00"
431445,PINHAL,RS,07/2022,36,34,"94,44",34,0,"100,00",2,"5,56",0,2,"5,56"
431445,PINHAL,RS,11/2022,37,37,"100,00",37,0,"100,00",0,"0,00",0,0,"0,00"
431445,PINHAL,RS,09/2022,40,40,"100,00",40,0,"100,00",0,"0,00",0,0,"0,00"
431446,PINHAL DA SERRA,RS,09/2022,92,87,"94,57",87,0,"100,00",5,"5,43",1,4,"4,35"
431446,PINHAL DA SERRA,RS,11/2022,95,89,"93,68",89,0,"100,00",6,"6,32",2,4,"4,21"
431446,PINHAL DA SERRA,RS,07/2022,94,89,"94,68",89,0,"100,00",5,"5,32",1,4,"4,26"
431447,PINHAL GRANDE,RS,07/2022,155,154,"99,35",149,5,"96,75",1,"0,65",1,0,"0,00"
431447,PINHAL GRANDE,RS,11/2022,143,142,"99,30",137,5,"96,48",1,"0,70",0,1,"0,70"
431447,PINHAL GRANDE,RS,09/2022,154,152,"98,70",144,8,"94,74",2,"1,30",2,0,"0,00"
431449,PINHEIRINHO DO VALE,RS,09/2022,209,167,"79,90",163,4,"97,60",42,"20,10",4,38,"18,18"
431449,PINHEIRINHO DO VALE,RS,11/2022,210,169,"80,48",164,5,"97,04",41,"19,52",6,35,"16,67"
431449,PINHEIRINHO DO VALE,RS,07/2022,209,168,"80,38",164,4,"97,62",41,"19,62",3,38,"18,18"
431450,PINHEIRO MACHADO,RS,07/2022,695,641,"92,23",580,61,"90,48",54,"7,77",17,37,"5,32"
431450,PINHEIRO MACHADO,RS,11/2022,642,636,"99,07",615,21,"96,70",6,"0,93",4,2,"0,31"
431450,PINHEIRO MACHADO,RS,09/2022,671,620,"92,40",574,46,"92,58",51,"7,60",47,4,"0,60"
431454,PINTO BANDEIRA,RS,09/2022,28,26,"92,86",26,0,"100,00",2,"7,14",1,1,"3,57"
431454,PINTO BANDEIRA,RS,07/2022,19,19,"100,00",19,0,"100,00",0,"0,00",0,0,"0,00"
431454,PINTO BANDEIRA,RS,11/2022,26,25,"96,15",24,1,"96,00",1,"3,85",0,1,"3,85"
431455,PIRAPÓ,RS,11/2022,90,89,"98,89",83,6,"93,26",1,"1,11",1,0,"0,00"
431455,PIRAPÓ,RS,07/2022,88,73,"82,95",73,0,"100,00",15,"17,05",5,10,"11,36"
431455,PIRAPÓ,RS,09/2022,89,85,"95,51",85,0,"100,00",4,"4,49",4,0,"0,00"
431460,PIRATINI,RS,09/2022,774,588,"75,97",567,21,"96,43",186,"24,03",10,176,"22,74"
431460,PIRATINI,RS,07/2022,769,577,"75,03",560,17,"97,05",192,"24,97",9,183,"23,80"
431460,PIRATINI,RS,11/2022,766,598,"78,07",584,14,"97,66",168,"21,93",3,165,"21,54"
431470,PLANALTO,RS,11/2022,467,384,"82,23",380,4,"98,96",83,"17,77",9,74,"15,85"
431470,PLANALTO,RS,07/2022,459,363,"79,08",362,1,"99,72",96,"20,92",15,81,"17,65"
431470,PLANALTO,RS,09/2022,460,193,"41,96",189,4,"97,93",267,"58,04",185,82,"17,83"
431475,POÇO DAS ANTAS,RS,09/2022,15,12,"80,00",12,0,"100,00",3,"20,00",0,3,"20,00"
431475,POÇO DAS ANTAS,RS,07/2022,11,10,"90,91",10,0,"100,00",1,"9,09",1,0,"0,00"
431475,POÇO DAS ANTAS,RS,11/2022,15,12,"80,00",12,0,"100,00",3,"20,00",0,3,"20,00"
431477,PONTÃO,RS,11/2022,97,71,"73,20",71,0,"100,00",26,"26,80",10,16,"16,49"
431477,PONTÃO,RS,07/2022,92,62,"67,39",62,0,"100,00",30,"32,61",14,16,"17,39"
431477,PONTÃO,RS,09/2022,100,72,"72,00",72,0,"100,00",28,"28,00",12,16,"16,00"
431478,PONTE PRETA,RS,09/2022,8,8,"100,00",8,0,"100,00",0,"0,00",0,0,"0,00"
431478,PONTE PRETA,RS,07/2022,10,9,"90,00",9,0,"100,00",1,"10,00",0,1,"10,00"
431478,PONTE PRETA,RS,11/2022,9,9,"100,00",9,0,"100,00",0,"0,00",0,0,"0,00"
431480,PORTÃO,RS,11/2022,1274,1209,"94,90",1104,105,"91,32",65,"5,10",15,50,"3,92"
431480,PORTÃO,RS,07/2022,1360,836,"61,47",754,82,"90,19",524,"38,53",275,249,"18,31"
431480,PORTÃO,RS,09/2022,1309,1029,"78,61",965,64,"93,78",280,"21,39",237,43,"3,28"
431490,PORTO ALEGRE,RS,09/2022,47622,41989,"88,17",38794,3195,"92,39",5633,"11,83",116,5517,"11,58"
431490,PORTO ALEGRE,RS,07/2022,45225,38510,"85,15",35582,2928,"92,40",6715,"14,85",171,6544,"14,47"
431490,PORTO ALEGRE,RS,11/2022,48703,44373,"91,11",41493,2880,"93,51",4330,"8,89",87,4243,"8,71"
431500,PORTO LUCENA,RS,11/2022,118,107,"90,68",105,2,"98,13",11,"9,32",3,8,"6,78"
431500,PORTO LUCENA,RS,07/2022,122,112,"91,80",103,9,"91,96",10,"8,20",1,9,"7,38"
431500,PORTO LUCENA,RS,09/2022,121,110,"90,91",108,2,"98,18",11,"9,09",3,8,"6,61"
431505,PORTO MAUÁ,RS,09/2022,84,78,"92,86",74,4,"94,87",6,"7,14",4,2,"2,38"
431505,PORTO MAUÁ,RS,07/2022,81,71,"87,65",65,6,"91,55",10,"12,35",6,4,"4,94"
431505,PORTO MAUÁ,RS,11/2022,78,72,"92,31",71,1,"98,61",6,"7,69",4,2,"2,56"
431507,PORTO VERA CRUZ,RS,11/2022,57,57,"100,00",57,0,"100,00",0,"0,00",0,0,"0,00"
431507,PORTO VERA CRUZ,RS,07/2022,54,54,"100,00",54,0,"100,00",0,"0,00",0,0,"0,00"
431507,PORTO VERA CRUZ,RS,09/2022,58,58,"100,00",58,0,"100,00",0,"0,00",0,0,"0,00"
431510,PORTO XAVIER,RS,09/2022,423,419,"99,05",389,30,"92,84",4,"0,95",4,0,"0,00"
431510,PORTO XAVIER,RS,07/2022,436,430,"98,62",404,26,"93,95",6,"1,38",3,3,"0,69"
431510,PORTO XAVIER,RS,11/2022,421,417,"99,05",400,17,"95,92",4,"0,95",2,2,"0,48"
431513,POUSO NOVO,RS,11/2022,41,39,"95,12",37,2,"94,87",2,"4,88",1,1,"2,44"
431513,POUSO NOVO,RS,07/2022,42,39,"92,86",38,1,"97,44",3,"7,14",3,0,"0,00"
431513,POUSO NOVO,RS,09/2022,38,0,"0,00",0,0,,38,"100,00",37,1,"2,63"
431514,PRESIDENTE LUCENA,RS,09/2022,44,29,"65,91",28,1,"96,55",15,"34,09",2,13,"29,55"
431514,PRESIDENTE LUCENA,RS,07/2022,38,23,"60,53",23,0,"100,00",15,"39,47",2,13,"34,21"
431514,PRESIDENTE LUCENA,RS,11/2022,45,29,"64,44",28,1,"96,55",16,"35,56",1,15,"33,33"
431515,PROGRESSO,RS,11/2022,179,151,"84,36",144,7,"95,36",28,"15,64",1,27,"15,08"
431515,PROGRESSO,RS,07/2022,180,147,"81,67",143,4,"97,28",33,"18,33",3,30,"16,67"
431515,PROGRESSO,RS,09/2022,179,136,"75,98",125,11,"91,91",43,"24,02",14,29,"16,20"
431517,PROTÁSIO ALVES,RS,09/2022,34,33,"97,06",32,1,"96,97",1,"2,94",0,1,"2,94"
431517,PROTÁSIO ALVES,RS,07/2022,27,25,"92,59",23,2,"92,00",2,"7,41",1,1,"3,70"
431517,PROTÁSIO ALVES,RS,11/2022,32,32,"100,00",32,0,"100,00",0,"0,00",0,0,"0,00"
431520,PUTINGA,RS,11/2022,73,71,"97,26",69,2,"97,18",2,"2,74",0,2,"2,74"
431520,PUTINGA,RS,07/2022,69,65,"94,20",58,7,"89,23",4,"5,80",2,2,"2,90"
431520,PUTINGA,RS,09/2022,70,66,"94,29",62,4,"93,94",4,"5,71",2,2,"2,86"
431530,QUARAÍ,RS,09/2022,1297,1213,"93,52",1179,34,"97,20",84,"6,48",21,63,"4,86"
431530,QUARAÍ,RS,07/2022,1298,1145,"88,21",1106,39,"96,59",153,"11,79",16,137,"10,55"
431530,QUARAÍ,RS,11/2022,1277,1204,"94,28",1154,50,"95,85",73,"5,72",10,63,"4,93"
431531,QUATRO IRMÃOS,RS,11/2022,39,28,"71,79",26,2,"92,86",11,"28,21",8,3,"7,69"
431531,QUATRO IRMÃOS,RS,07/2022,37,25,"67,57",23,2,"92,00",12,"32,43",9,3,"8,11"
431531,QUATRO IRMÃOS,RS,09/2022,43,38,"88,37",37,1,"97,37",5,"11,63",2,3,"6,98"
431532,QUEVEDOS,RS,09/2022,142,127,"89,44",119,8,"93,70",15,"10,56",1,14,"9,86"
431532,QUEVEDOS,RS,07/2022,135,123,"91,11",115,8,"93,50",12,"8,89",2,10,"7,41"
431532,QUEVEDOS,RS,11/2022,138,124,"89,86",117,7,"94,35",14,"10,14",0,14,"10,14"
431535,QUINZE DE NOVEMBRO,RS,11/2022,35,32,"91,43",31,1,"96,88",3,"8,57",3,0,"0,00"
431535,QUINZE DE NOVEMBRO,RS,07/2022,35,33,"94,29",30,3,"90,91",2,"5,71",2,0,"0,00"
431535,QUINZE DE NOVEMBRO,RS,09/2022,36,34,"94,44",32,2,"94,12",2,"5,56",2,0,"0,00"
431540,REDENTORA,RS,09/2022,1152,430,"37,33",430,0,"100,00",722,"62,67",352,370,"32,12"
431540,REDENTORA,RS,07/2022,1160,670,"57,76",670,0,"100,00",490,"42,24",122,368,"31,72"
431540,REDENTORA,RS,11/2022,1103,364,"33,00",364,0,"100,00",739,"67,00",402,337,"30,55"
431545,RELVADO,RS,11/2022,22,19,"86,36",18,1,"94,74",3,"13,64",1,2,"9,09"
431545,RELVADO,RS,07/2022,18,16,"88,89",16,0,"100,00",2,"11,11",1,1,"5,56"
431545,RELVADO,RS,09/2022,19,18,"94,74",18,0,"100,00",1,"5,26",0,1,"5,26"
431550,RESTINGA SECA,RS,09/2022,671,611,"91,06",546,65,"89,36",60,"8,94",18,42,"6,26"
431550,RESTINGA SECA,RS,07/2022,675,505,"74,81",420,85,"83,17",170,"25,19",64,106,"15,70"
431550,RESTINGA SECA,RS,11/2022,663,612,"92,31",557,55,"91,01",51,"7,69",10,41,"6,18"
431555,RIO DOS ÍNDIOS,RS,11/2022,153,92,"60,13",92,0,"100,00",61,"39,87",20,41,"26,80"
431555,RIO DOS ÍNDIOS,RS,07/2022,163,99,"60,74",99,0,"100,00",64,"39,26",22,42,"25,77"
431555,RIO DOS ÍNDIOS,RS,09/2022,156,0,"0,00",0,0,,156,"100,00",116,40,"25,64"
431560,RIO GRANDE,RS,09/2022,7206,5916,"82,10",5366,550,"90,70",1290,"17,90",48,1242,"17,24"
431560,RIO GRANDE,RS,07/2022,7177,5875,"81,86",5486,389,"93,38",1302,"18,14",36,1266,"17,64"
431560,RIO GRANDE,RS,11/2022,7261,6118,"84,26",5689,429,"92,99",1143,"15,74",10,1133,"15,60"
431570,RIO PARDO,RS,11/2022,1922,1799,"93,60",1690,109,"93,94",123,"6,40",15,108,"5,62"
431570,RIO PARDO,RS,07/2022,1879,1774,"94,41",1595,179,"89,91",105,"5,59",20,85,"4,52"
431570,RIO PARDO,RS,09/2022,1904,1796,"94,33",1634,162,"90,98",108,"5,67",9,99,"5,20"
431575,RIOZINHO,RS,09/2022,137,123,"89,78",121,2,"98,37",14,"10,22",0,14,"10,22"
431575,RIOZINHO,RS,07/2022,131,84,"64,12",82,2,"97,62",47,"35,88",34,13,"9,92"
431575,RIOZINHO,RS,11/2022,133,125,"93,98",124,1,"99,20",8,"6,02",3,5,"3,76"
431580,ROCA SALES,RS,11/2022,208,163,"78,37",163,0,"100,00",45,"21,63",16,29,"13,94"
431580,ROCA SALES,RS,07/2022,194,140,"72,16",140,0,"100,00",54,"27,84",21,33,"17,01"
431580,ROCA SALES,RS,09/2022,179,0,"0,00",0,0,,179,"100,00",147,32,"17,88"
431590,RODEIO BONITO,RS,09/2022,212,162,"76,42",161,1,"99,38",50,"23,58",23,27,"12,74"
431590,RODEIO BONITO,RS,07/2022,204,96,"47,06",95,1,"98,96",108,"52,94",56,52,"25,49"
431590,RODEIO BONITO,RS,11/2022,217,179,"82,49",177,2,"98,88",38,"17,51",11,27,"12,44"
431595,ROLADOR,RS,11/2022,93,91,"97,85",91,0,"100,00",2,"2,15",1,1,"1,08"
431595,ROLADOR,RS,07/2022,90,82,"91,11",82,0,"100,00",8,"8,89",5,3,"3,33"
431595,ROLADOR,RS,09/2022,94,91,"96,81",90,1,"98,90",3,"3,19",2,1,"1,06"
431600,ROLANTE,RS,09/2022,594,564,"94,95",525,39,"93,09",30,"5,05",1,29,"4,88"
431600,ROLANTE,RS,07/2022,571,527,"92,29",471,56,"89,37",44,"7,71",8,36,"6,30"
431600,ROLANTE,RS,11/2022,589,569,"96,60",516,53,"90,69",20,"3,40",1,19,"3,23"
431610,RONDA ALTA,RS,11/2022,373,336,"90,08",329,7,"97,92",37,"9,92",10,27,"7,24"
431610,RONDA ALTA,RS,07/2022,401,316,"78,80",293,23,"92,72",85,"21,20",21,64,"15,96"
431610,RONDA ALTA,RS,09/2022,397,360,"90,68",342,18,"95,00",37,"9,32",8,29,"7,30"
431620,RONDINHA,RS,09/2022,111,91,"81,98",90,1,"98,90",20,"18,02",6,14,"12,61"
431620,RONDINHA,RS,07/2022,114,91,"79,82",90,1,"98,90",23,"20,18",12,11,"9,65"
431620,RONDINHA,RS,11/2022,114,97,"85,09",96,1,"98,97",17,"14,91",7,10,"8,77"
431630,ROQUE GONZALES,RS,11/2022,224,197,"87,95",195,2,"98,98",27,"12,05",4,23,"10,27"
431630,ROQUE GONZALES,RS,07/2022,215,174,"80,93",173,1,"99,43",41,"19,07",17,24,"11,16"
431630,ROQUE GONZALES,RS,09/2022,226,193,"85,40",192,1,"99,48",33,"14,60",5,28,"12,39"
431640,ROSÁRIO DO SUL,RS,09/2022,2471,2015,"81,55",2015,0,"100,00",456,"18,45",38,418,"16,92"
431640,ROSÁRIO DO SUL,RS,07/2022,2387,1974,"82,70",1970,4,"99,80",413,"17,30",56,357,"14,96"
431640,ROSÁRIO DO SUL,RS,11/2022,2407,1919,"79,73",1919,0,"100,00",488,"20,27",41,447,"18,57"
431642,SAGRADA FAMÍLIA,RS,11/2022,104,100,"96,15",94,6,"94,00",4,"3,85",2,2,"1,92"
431642,SAGRADA FAMÍLIA,RS,07/2022,101,97,"96,04",92,5,"94,85",4,"3,96",3,1,"0,99"
431642,SAGRADA FAMÍLIA,RS,09/2022,104,100,"96,15",95,5,"95,00",4,"3,85",3,1,"0,96"
431643,SALDANHA MARINHO,RS,09/2022,43,31,"72,09",31,0,"100,00",12,"27,91",3,9,"20,93"
431643,SALDANHA MARINHO,RS,07/2022,43,33,"76,74",33,0,"100,00",10,"23,26",0,10,"23,26"
431643,SALDANHA MARINHO,RS,11/2022,44,21,"47,73",21,0,"100,00",23,"52,27",14,9,"20,45"
431645,SALTO DO JACUÍ,RS,11/2022,636,526,"82,70",503,23,"95,63",110,"17,30",5,105,"16,51"
431645,SALTO DO JACUÍ,RS,07/2022,616,477,"77,44",441,36,"92,45",139,"22,56",30,109,"17,69"
431645,SALTO DO JACUÍ,RS,09/2022,645,486,"75,35",459,27,"94,44",159,"24,65",51,108,"16,74"
431647,SALVADOR DAS MISSÕES,RS,09/2022,33,25,"75,76",25,0,"100,00",8,"24,24",2,6,"18,18"
431647,SALVADOR DAS MISSÕES,RS,07/2022,38,32,"84,21",32,0,"100,00",6,"15,79",0,6,"15,79"
431647,SALVADOR DAS MISSÕES,RS,11/2022,41,40,"97,56",40,0,"100,00",1,"2,44",0,1,"2,44"
431650,SALVADOR DO SUL,RS,07/2022,53,51,"96,23",49,2,"96,08",2,"3,77",1,1,"1,89"
431650,SALVADOR DO SUL,RS,11/2022,54,48,"88,89",46,2,"95,83",6,"11,11",3,3,"5,56"
431650,SALVADOR DO SUL,RS,09/2022,52,46,"88,46",46,0,"100,00",6,"11,54",5,1,"1,92"
431660,SANANDUVA,RS,09/2022,156,135,"86,54",128,7,"94,81",21,"13,46",4,17,"10,90"
431660,SANANDUVA,RS,07/2022,159,137,"86,16",135,2,"98,54",22,"13,84",4,18,"11,32"
431660,SANANDUVA,RS,11/2022,141,131,"92,91",128,3,"97,71",10,"7,09",5,5,"3,55"
431670,SANTA BÁRBARA DO SUL,RS,11/2022,278,248,"89,21",241,7,"97,18",30,"10,79",3,27,"9,71"
431670,SANTA BÁRBARA DO SUL,RS,07/2022,285,179,"62,81",171,8,"95,53",106,"37,19",62,44,"15,44"
431670,SANTA BÁRBARA DO SUL,RS,09/2022,281,211,"75,09",203,8,"96,21",70,"24,91",35,35,"12,46"
431673,SANTA CECÍLIA DO SUL,RS,09/2022,30,28,"93,33",28,0,"100,00",2,"6,67",2,0,"0,00"
431673,SANTA CECÍLIA DO SUL,RS,07/2022,29,29,"100,00",29,0,"100,00",0,"0,00",0,0,"0,00"
431673,SANTA CECÍLIA DO SUL,RS,11/2022,29,27,"93,10",27,0,"100,00",2,"6,90",1,1,"3,45"
431675,SANTA CLARA DO SUL,RS,11/2022,39,32,"82,05",29,3,"90,63",7,"17,95",7,0,"0,00"
431675,SANTA CLARA DO SUL,RS,07/2022,44,43,"97,73",41,2,"95,35",1,"2,27",0,1,"2,27"
431675,SANTA CLARA DO SUL,RS,09/2022,42,38,"90,48",37,1,"97,37",4,"9,52",3,1,"2,38"
431680,SANTA CRUZ DO SUL,RS,09/2022,3329,2488,"74,74",2297,191,"92,32",841,"25,26",66,775,"23,28"
431680,SANTA CRUZ DO SUL,RS,07/2022,3255,2312,"71,03",2087,225,"90,27",943,"28,97",133,810,"24,88"
431680,SANTA CRUZ DO SUL,RS,11/2022,3349,2984,"89,10",2768,216,"92,76",365,"10,90",17,348,"10,39"
431690,SANTA MARIA,RS,11/2022,9264,7651,"82,59",7292,359,"95,31",1613,"17,41",22,1591,"17,17"
431690,SANTA MARIA,RS,07/2022,9102,7137,"78,41",6771,366,"94,87",1965,"21,59",73,1892,"20,79"
431690,SANTA MARIA,RS,09/2022,9212,7313,"79,39",6903,410,"94,39",1899,"20,61",29,1870,"20,30"
431695,SANTA MARIA DO HERVAL,RS,09/2022,53,40,"75,47",40,0,"100,00",13,"24,53",0,13,"24,53"
431695,SANTA MARIA DO HERVAL,RS,07/2022,51,38,"74,51",38,0,"100,00",13,"25,49",0,13,"25,49"
431695,SANTA MARIA DO HERVAL,RS,11/2022,54,41,"75,93",41,0,"100,00",13,"24,07",0,13,"24,07"
431697,SANTA MARGARIDA DO SUL,RS,11/2022,134,118,"88,06",114,4,"96,61",16,"11,94",1,15,"11,19"
431697,SANTA MARGARIDA DO SUL,RS,07/2022,138,109,"78,99",107,2,"98,17",29,"21,01",5,24,"17,39"
431697,SANTA MARGARIDA DO SUL,RS,09/2022,138,120,"86,96",118,2,"98,33",18,"13,04",2,16,"11,59"
431700,SANTANA DA BOA VISTA,RS,09/2022,432,0,"0,00",0,0,,432,"100,00",359,73,"16,90"
431700,SANTANA DA BOA VISTA,RS,07/2022,442,0,"0,00",0,0,,442,"100,00",369,73,"16,52"
431700,SANTANA DA BOA VISTA,RS,11/2022,424,337,"79,48",337,0,"100,00",87,"20,52",21,66,"15,57"
431710,SANTANA DO LIVRAMENTO,RS,11/2022,5103,3755,"73,58",3686,69,"98,16",1348,"26,42",19,1329,"26,04"
431710,SANTANA DO LIVRAMENTO,RS,07/2022,5030,3765,"74,85",3722,43,"98,86",1265,"25,15",22,1243,"24,71"
431710,SANTANA DO LIVRAMENTO,RS,09/2022,5046,3707,"73,46",3703,4,"99,89",1339,"26,54",22,1317,"26,10"
431720,SANTA ROSA,RS,09/2022,1536,1512,"98,44",1455,57,"96,23",24,"1,56",9,15,"0,98"
431720,SANTA ROSA,RS,07/2022,1551,1359,"87,62",1330,29,"97,87",192,"12,38",88,104,"6,71"
431720,SANTA ROSA,RS,11/2022,1516,1502,"99,08",1437,65,"95,67",14,"0,92",6,8,"0,53"
431725,SANTA TEREZA,RS,11/2022,22,22,"100,00",22,0,"100,00",0,"0,00",0,0,"0,00"
431725,SANTA TEREZA,RS,07/2022,22,19,"86,36",18,1,"94,74",3,"13,64",1,2,"9,09"
431725,SANTA TEREZA,RS,09/2022,21,21,"100,00",21,0,"100,00",0,"0,00",0,0,"0,00"
431730,SANTA VITÓRIA DO PALMAR,RS,09/2022,1430,1227,"85,80",1159,68,"94,46",203,"14,20",5,198,"13,85"
431730,SANTA VITÓRIA DO PALMAR,RS,07/2022,1420,1216,"85,63",1137,79,"93,50",204,"14,37",6,198,"13,94"
431730,SANTA VITÓRIA DO PALMAR,RS,11/2022,1468,1273,"86,72",1241,32,"97,49",195,"13,28",5,190,"12,94"
431740,SANTIAGO,RS,11/2022,1297,1070,"82,50",1040,30,"97,20",227,"17,50",108,119,"9,18"
431740,SANTIAGO,RS,07/2022,1306,1135,"86,91",1075,60,"94,71",171,"13,09",32,139,"10,64"
431740,SANTIAGO,RS,09/2022,1310,1164,"88,85",1112,52,"95,53",146,"11,15",17,129,"9,85"
431750,SANTO ÂNGELO,RS,09/2022,2844,2284,"80,31",2121,163,"92,86",560,"19,69",11,549,"19,30"
431750,SANTO ÂNGELO,RS,07/2022,2805,2199,"78,40",2021,178,"91,91",606,"21,60",17,589,"21,00"
431750,SANTO ÂNGELO,RS,11/2022,2779,2255,"81,14",2105,150,"93,35",524,"18,86",5,519,"18,68"
431755,SANTO ANTÔNIO DO PALMA,RS,11/2022,29,29,"100,00",28,1,"96,55",0,"0,00",0,0,"0,00"
431755,SANTO ANTÔNIO DO PALMA,RS,07/2022,20,20,"100,00",20,0,"100,00",0,"0,00",0,0,"0,00"
431755,SANTO ANTÔNIO DO PALMA,RS,09/2022,23,21,"91,30",21,0,"100,00",2,"8,70",2,0,"0,00"
431760,SANTO ANTÔNIO DA PATRULHA,RS,09/2022,1551,1484,"95,68",1386,98,"93,40",67,"4,32",11,56,"3,61"
431760,SANTO ANTÔNIO DA PATRULHA,RS,07/2022,1521,1379,"90,66",1248,131,"90,50",142,"9,34",15,127,"8,35"
431760,SANTO ANTÔNIO DA PATRULHA,RS,11/2022,1528,1475,"96,53",1396,79,"94,64",53,"3,47",2,51,"3,34"
431770,SANTO ANTÔNIO DAS MISSÕES,RS,11/2022,644,564,"87,58",528,36,"93,62",80,"12,42",22,58,"9,01"
431770,SANTO ANTÔNIO DAS MISSÕES,RS,07/2022,645,547,"84,81",520,27,"95,06",98,"15,19",21,77,"11,94"
431770,SANTO ANTÔNIO DAS MISSÕES,RS,09/2022,662,583,"88,07",554,29,"95,03",79,"11,93",18,61,"9,21"
431775,SANTO ANTÔNIO DO PLANALTO,RS,09/2022,39,38,"97,44",37,1,"97,37",1,"2,56",1,0,"0,00"
431775,SANTO ANTÔNIO DO PLANALTO,RS,07/2022,35,34,"97,14",29,5,"85,29",1,"2,86",1,0,"0,00"
431775,SANTO ANTÔNIO DO PLANALTO,RS,11/2022,40,39,"97,50",36,3,"92,31",1,"2,50",0,1,"2,50"
431780,SANTO AUGUSTO,RS,11/2022,500,417,"83,40",400,17,"95,92",83,"16,60",25,58,"11,60"
431780,SANTO AUGUSTO,RS,07/2022,522,323,"61,88",301,22,"93,19",199,"38,12",120,79,"15,13"
431780,SANTO AUGUSTO,RS,09/2022,516,367,"71,12",337,30,"91,83",149,"28,88",88,61,"11,82"
431790,SANTO CRISTO,RS,09/2022,248,247,"99,60",238,9,"96,36",1,"0,40",1,0,"0,00"
431790,SANTO CRISTO,RS,07/2022,246,243,"98,78",240,3,"98,77",3,"1,22",3,0,"0,00"
431790,SANTO CRISTO,RS,11/2022,267,267,"100,00",262,5,"98,13",0,"0,00",0,0,"0,00"
431795,SANTO EXPEDITO DO SUL,RS,11/2022,41,40,"97,56",38,2,"95,00",1,"2,44",0,1,"2,44"
431795,SANTO EXPEDITO DO SUL,RS,07/2022,45,44,"97,78",42,2,"95,45",1,"2,22",0,1,"2,22"
431795,SANTO EXPEDITO DO SUL,RS,09/2022,44,43,"97,73",41,2,"95,35",1,"2,27",0,1,"2,27"
431800,SÃO BORJA,RS,09/2022,1842,1511,"82,03",1463,48,"96,82",331,"17,97",24,307,"16,67"
431800,SÃO BORJA,RS,07/2022,1811,1484,"81,94",1459,25,"98,32",327,"18,06",26,301,"16,62"
431800,SÃO BORJA,RS,11/2022,1850,1526,"82,49",1469,57,"96,26",324,"17,51",19,305,"16,49"
431805,SÃO DOMINGOS DO SUL,RS,11/2022,15,9,"60,00",9,0,"100,00",6,"40,00",3,3,"20,00"
431805,SÃO DOMINGOS DO SUL,RS,07/2022,13,11,"84,62",10,1,"90,91",2,"15,38",0,2,"15,38"
431805,SÃO DOMINGOS DO SUL,RS,09/2022,15,8,"53,33",8,0,"100,00",7,"46,67",4,3,"20,00"
431810,SÃO FRANCISCO DE ASSIS,RS,09/2022,846,775,"91,61",761,14,"98,19",71,"8,39",5,66,"7,80"
431810,SÃO FRANCISCO DE ASSIS,RS,07/2022,853,773,"90,62",756,17,"97,80",80,"9,38",10,70,"8,21"
431810,SÃO FRANCISCO DE ASSIS,RS,11/2022,853,795,"93,20",787,8,"98,99",58,"6,80",4,54,"6,33"
431820,SÃO FRANCISCO DE PAULA,RS,11/2022,989,782,"79,07",704,78,"90,03",207,"20,93",16,191,"19,31"
431820,SÃO FRANCISCO DE PAULA,RS,07/2022,1037,795,"76,66",706,89,"88,81",242,"23,34",26,216,"20,83"
431820,SÃO FRANCISCO DE PAULA,RS,09/2022,1010,777,"76,93",684,93,"88,03",233,"23,07",16,217,"21,49"
431830,SÃO GABRIEL,RS,09/2022,2699,1758,"65,14",1758,0,"100,00",941,"34,86",2,939,"34,79"
431830,SÃO GABRIEL,RS,07/2022,2729,1637,"59,99",1600,37,"97,74",1092,"40,01",117,975,"35,73"
431830,SÃO GABRIEL,RS,11/2022,2656,1594,"60,02",1549,45,"97,18",1062,"39,98",3,1059,"39,87"
431840,SÃO JERÔNIMO,RS,11/2022,1200,881,"73,42",791,90,"89,78",319,"26,58",3,316,"26,33"
431840,SÃO JERÔNIMO,RS,07/2022,1238,880,"71,08",738,142,"83,86",358,"28,92",7,351,"28,35"
431840,SÃO JERÔNIMO,RS,09/2022,1228,883,"71,91",781,102,"88,45",345,"28,09",5,340,"27,69"
431842,SÃO JOÃO DA URTIGA,RS,09/2022,49,45,"91,84",45,0,"100,00",4,"8,16",2,2,"4,08"
431842,SÃO JOÃO DA URTIGA,RS,07/2022,51,50,"98,04",50,0,"100,00",1,"1,96",0,1,"1,96"
431842,SÃO JOÃO DA URTIGA,RS,11/2022,47,45,"95,74",45,0,"100,00",2,"4,26",0,2,"4,26"
431843,SÃO JOÃO DO POLÊSINE,RS,11/2022,87,86,"98,85",80,6,"93,02",1,"1,15",0,1,"1,15"
431843,SÃO JOÃO DO POLÊSINE,RS,07/2022,91,87,"95,60",87,0,"100,00",4,"4,40",2,2,"2,20"
431843,SÃO JOÃO DO POLÊSINE,RS,09/2022,90,88,"97,78",88,0,"100,00",2,"2,22",2,0,"0,00"
431844,SÃO JORGE,RS,09/2022,33,24,"72,73",24,0,"100,00",9,"27,27",8,1,"3,03"
431844,SÃO JORGE,RS,07/2022,35,23,"65,71",23,0,"100,00",12,"34,29",7,5,"14,29"
431844,SÃO JORGE,RS,11/2022,30,29,"96,67",28,1,"96,55",1,"3,33",1,0,"0,00"
431845,SÃO JOSÉ DAS MISSÕES,RS,11/2022,134,131,"97,76",129,2,"98,47",3,"2,24",2,1,"0,75"
431845,SÃO JOSÉ DAS MISSÕES,RS,07/2022,138,127,"92,03",124,3,"97,64",11,"7,97",2,9,"6,52"
431845,SÃO JOSÉ DAS MISSÕES,RS,09/2022,138,125,"90,58",124,1,"99,20",13,"9,42",4,9,"6,52"
431846,SÃO JOSÉ DO HERVAL,RS,09/2022,143,113,"79,02",113,0,"100,00",30,"20,98",3,27,"18,88"
431846,SÃO JOSÉ DO HERVAL,RS,07/2022,141,115,"81,56",115,0,"100,00",26,"18,44",1,25,"17,73"
431846,SÃO JOSÉ DO HERVAL,RS,11/2022,148,122,"82,43",122,0,"100,00",26,"17,57",0,26,"17,57"
431848,SÃO JOSÉ DO HORTÊNCIO,RS,11/2022,36,32,"88,89",30,2,"93,75",4,"11,11",0,4,"11,11"
431848,SÃO JOSÉ DO HORTÊNCIO,RS,07/2022,32,22,"68,75",21,1,"95,45",10,"31,25",8,2,"6,25"
431848,SÃO JOSÉ DO HORTÊNCIO,RS,09/2022,34,29,"85,29",28,1,"96,55",5,"14,71",3,2,"5,88"
431849,SÃO JOSÉ DO INHACORÁ,RS,09/2022,19,17,"89,47",16,1,"94,12",2,"10,53",0,2,"10,53"
431849,SÃO JOSÉ DO INHACORÁ,RS,07/2022,14,10,"71,43",8,2,"80,00",4,"28,57",4,0,"0,00"
431849,SÃO JOSÉ DO INHACORÁ,RS,11/2022,16,15,"93,75",15,0,"100,00",1,"6,25",1,0,"0,00"
431850,SÃO JOSÉ DO NORTE,RS,11/2022,1358,1277,"94,04",1244,33,"97,42",81,"5,96",1,80,"5,89"
431850,SÃO JOSÉ DO NORTE,RS,07/2022,1348,1280,"94,96",1253,27,"97,89",68,"5,04",2,66,"4,90"
431850,SÃO JOSÉ DO NORTE,RS,09/2022,1350,803,"59,48",781,22,"97,26",547,"40,52",471,76,"5,63"
431860,SÃO JOSÉ DO OURO,RS,09/2022,165,70,"42,42",64,6,"91,43",95,"57,58",52,43,"26,06"
431860,SÃO JOSÉ DO OURO,RS,07/2022,164,69,"42,07",64,5,"92,75",95,"57,93",53,42,"25,61"
431860,SÃO JOSÉ DO OURO,RS,11/2022,169,89,"52,66",86,3,"96,63",80,"47,34",39,41,"24,26"
431861,SÃO JOSÉ DO SUL,RS,11/2022,31,29,"93,55",29,0,"100,00",2,"6,45",0,2,"6,45"
431861,SÃO JOSÉ DO SUL,RS,07/2022,22,21,"95,45",21,0,"100,00",1,"4,55",0,1,"4,55"
431861,SÃO JOSÉ DO SUL,RS,09/2022,31,29,"93,55",29,0,"100,00",2,"6,45",0,2,"6,45"
431862,SÃO JOSÉ DOS AUSENTES,RS,09/2022,250,194,"77,60",187,7,"96,39",56,"22,40",5,51,"20,40"
431862,SÃO JOSÉ DOS AUSENTES,RS,07/2022,259,194,"74,90",187,7,"96,39",65,"25,10",7,58,"22,39"
431862,SÃO JOSÉ DOS AUSENTES,RS,11/2022,255,206,"80,78",201,5,"97,57",49,"19,22",3,46,"18,04"
431870,SÃO LEOPOLDO,RS,11/2022,9247,7363,"79,63",6878,485,"93,41",1884,"20,37",29,1855,"20,06"
431870,SÃO LEOPOLDO,RS,07/2022,8801,5754,"65,38",5255,499,"91,33",3047,"34,62",218,2829,"32,14"
431870,SÃO LEOPOLDO,RS,09/2022,9201,7142,"77,62",6651,491,"93,13",2059,"22,38",165,1894,"20,58"
431880,SÃO LOURENÇO DO SUL,RS,09/2022,1289,1102,"85,49",946,156,"85,84",187,"14,51",7,180,"13,96"
431880,SÃO LOURENÇO DO SUL,RS,07/2022,1295,1098,"84,79",898,200,"81,79",197,"15,21",10,187,"14,44"
431880,SÃO LOURENÇO DO SUL,RS,11/2022,1285,1113,"86,61",1004,109,"90,21",172,"13,39",4,168,"13,07"
431890,SÃO LUIZ GONZAGA,RS,11/2022,1233,1123,"91,08",1062,61,"94,57",110,"8,92",47,63,"5,11"
431890,SÃO LUIZ GONZAGA,RS,07/2022,1261,1015,"80,49",968,47,"95,37",246,"19,51",58,188,"14,91"
431890,SÃO LUIZ GONZAGA,RS,09/2022,1247,1088,"87,25",1020,68,"93,75",159,"12,75",120,39,"3,13"
431900,SÃO MARCOS,RS,09/2022,353,245,"69,41",235,10,"95,92",108,"30,59",12,96,"27,20"
431900,SÃO MARCOS,RS,07/2022,339,216,"63,72",199,17,"92,13",123,"36,28",18,105,"30,97"
431900,SÃO MARCOS,RS,11/2022,326,198,"60,74",183,15,"92,42",128,"39,26",40,88,"26,99"
431910,SÃO MARTINHO,RS,11/2022,81,80,"98,77",76,4,"95,00",1,"1,23",0,1,"1,23"
431910,SÃO MARTINHO,RS,07/2022,87,82,"94,25",82,0,"100,00",5,"5,75",5,0,"0,00"
431910,SÃO MARTINHO,RS,09/2022,84,81,"96,43",81,0,"100,00",3,"3,57",3,0,"0,00"
431912,SÃO MARTINHO DA SERRA,RS,09/2022,203,0,"0,00",0,0,,203,"100,00",164,39,"19,21"
431912,SÃO MARTINHO DA SERRA,RS,07/2022,202,0,"0,00",0,0,,202,"100,00",169,33,"16,34"
431912,SÃO MARTINHO DA SERRA,RS,11/2022,201,0,"0,00",0,0,,201,"100,00",164,37,"18,41"
431915,SÃO MIGUEL DAS MISSÕES,RS,11/2022,398,307,"77,14",301,6,"98,05",91,"22,86",14,77,"19,35"
431915,SÃO MIGUEL DAS MISSÕES,RS,07/2022,400,291,"72,75",289,2,"99,31",109,"27,25",40,69,"17,25"
431915,SÃO MIGUEL DAS MISSÕES,RS,09/2022,407,325,"79,85",319,6,"98,15",82,"20,15",8,74,"18,18"
431920,SÃO NICOLAU,RS,09/2022,418,401,"95,93",382,19,"95,26",17,"4,07",11,6,"1,44"
431920,SÃO NICOLAU,RS,07/2022,405,381,"94,07",369,12,"96,85",24,"5,93",15,9,"2,22"
431920,SÃO NICOLAU,RS,11/2022,422,409,"96,92",402,7,"98,29",13,"3,08",7,6,"1,42"
431930,SÃO PAULO DAS MISSÕES,RS,11/2022,210,199,"94,76",196,3,"98,49",11,"5,24",2,9,"4,29"
431930,SÃO PAULO DAS MISSÕES,RS,07/2022,222,211,"95,05",208,3,"98,58",11,"4,95",7,4,"1,80"
431930,SÃO PAULO DAS MISSÕES,RS,09/2022,216,207,"95,83",204,3,"98,55",9,"4,17",4,5,"2,31"
431935,SÃO PEDRO DA SERRA,RS,09/2022,17,13,"76,47",13,0,"100,00",4,"23,53",3,1,"5,88"
431935,SÃO PEDRO DA SERRA,RS,07/2022,18,14,"77,78",12,2,"85,71",4,"22,22",1,3,"16,67"
431935,SÃO PEDRO DA SERRA,RS,11/2022,12,11,"91,67",11,0,"100,00",1,"8,33",0,1,"8,33"
431936,SÃO PEDRO DAS MISSÕES,RS,11/2022,80,57,"71,25",57,0,"100,00",23,"28,75",0,23,"28,75"
431936,SÃO PEDRO DAS MISSÕES,RS,07/2022,76,49,"64,47",48,1,"97,96",27,"35,53",3,24,"31,58"
431936,SÃO PEDRO DAS MISSÕES,RS,09/2022,75,16,"21,33",15,1,"93,75",59,"78,67",36,23,"30,67"
431937,SÃO PEDRO DO BUTIÁ,RS,09/2022,49,47,"95,92",44,3,"93,62",2,"4,08",0,2,"4,08"
431937,SÃO PEDRO DO BUTIÁ,RS,07/2022,55,50,"90,91",50,0,"100,00",5,"9,09",3,2,"3,64"
431937,SÃO PEDRO DO BUTIÁ,RS,11/2022,49,47,"95,92",45,2,"95,74",2,"4,08",0,2,"4,08"
431940,SÃO PEDRO DO SUL,RS,11/2022,746,736,"98,66",736,0,"100,00",10,"1,34",5,5,"0,67"
431940,SÃO PEDRO DO SUL,RS,07/2022,737,729,"98,91",729,0,"100,00",8,"1,09",7,1,"0,14"
431940,SÃO PEDRO DO SUL,RS,09/2022,745,737,"98,93",734,3,"99,59",8,"1,07",5,3,"0,40"
431950,SÃO SEBASTIÃO DO CAÍ,RS,09/2022,932,822,"88,20",782,40,"95,13",110,"11,80",19,91,"9,76"
431950,SÃO SEBASTIÃO DO CAÍ,RS,07/2022,832,590,"70,91",558,32,"94,58",242,"29,09",146,96,"11,54"
431950,SÃO SEBASTIÃO DO CAÍ,RS,11/2022,910,809,"88,90",775,34,"95,80",101,"11,10",13,88,"9,67"
431960,SÃO SEPÉ,RS,11/2022,872,771,"88,42",699,72,"90,66",101,"11,58",42,59,"6,77"
431960,SÃO SEPÉ,RS,07/2022,874,719,"82,27",625,94,"86,93",155,"17,73",72,83,"9,50"
431960,SÃO SEPÉ,RS,09/2022,871,791,"90,82",783,8,"98,99",80,"9,18",8,72,"8,27"
431970,SÃO VALENTIM,RS,09/2022,55,54,"98,18",53,1,"98,15",1,"1,82",1,0,"0,00"
431970,SÃO VALENTIM,RS,07/2022,56,49,"87,50",48,1,"97,96",7,"12,50",0,7,"12,50"
431970,SÃO VALENTIM,RS,11/2022,63,63,"100,00",61,2,"96,83",0,"0,00",0,0,"0,00"
431971,SÃO VALENTIM DO SUL,RS,11/2022,17,7,"41,18",7,0,"100,00",10,"58,82",4,6,"35,29"
431971,SÃO VALENTIM DO SUL,RS,07/2022,9,5,"55,56",5,0,"100,00",4,"44,44",0,4,"44,44"
431971,SÃO VALENTIM DO SUL,RS,09/2022,16,12,"75,00",12,0,"100,00",4,"25,00",2,2,"12,50"
431973,SÃO VALÉRIO DO SUL,RS,09/2022,244,228,"93,44",220,8,"96,49",16,"6,56",0,16,"6,56"
431973,SÃO VALÉRIO DO SUL,RS,07/2022,251,211,"84,06",203,8,"96,21",40,"15,94",1,39,"15,54"
431973,SÃO VALÉRIO DO SUL,RS,11/2022,239,230,"96,23",228,2,"99,13",9,"3,77",0,9,"3,77"
431975,SÃO VENDELINO,RS,11/2022,15,15,"100,00",14,1,"93,33",0,"0,00",0,0,"0,00"
431975,SÃO VENDELINO,RS,07/2022,12,11,"91,67",11,0,"100,00",1,"8,33",1,0,"0,00"
431975,SÃO VENDELINO,RS,09/2022,16,16,"100,00",15,1,"93,75",0,"0,00",0,0,"0,00"
431980,SÃO VICENTE DO SUL,RS,09/2022,415,355,"85,54",341,14,"96,06",60,"14,46",24,36,"8,67"
431980,SÃO VICENTE DO SUL,RS,07/2022,415,353,"85,06",343,10,"97,17",62,"14,94",16,46,"11,08"
431980,SÃO VICENTE DO SUL,RS,11/2022,410,362,"88,29",353,9,"97,51",48,"11,71",15,33,"8,05"
431990,SAPIRANGA,RS,11/2022,2363,1902,"80,49",1815,87,"95,43",461,"19,51",25,436,"18,45"
431990,SAPIRANGA,RS,07/2022,2206,1635,"74,12",1482,153,"90,64",571,"25,88",84,487,"22,08"
431990,SAPIRANGA,RS,09/2022,2283,1794,"78,58",1664,130,"92,75",489,"21,42",62,427,"18,70"
432000,SAPUCAIA DO SUL,RS,09/2022,5091,4979,"97,80",4305,674,"86,46",112,"2,20",40,72,"1,41"
432000,SAPUCAIA DO SUL,RS,07/2022,4760,4628,"97,23",3883,745,"83,90",132,"2,77",35,97,"2,04"
432000,SAPUCAIA DO SUL,RS,11/2022,5265,5166,"98,12",4524,642,"87,57",99,"1,88",17,82,"1,56"
432010,SARANDI,RS,11/2022,701,632,"90,16",619,13,"97,94",69,"9,84",21,48,"6,85"
432010,SARANDI,RS,07/2022,715,553,"77,34",536,17,"96,93",162,"22,66",25,137,"19,16"
432010,SARANDI,RS,09/2022,728,592,"81,32",573,19,"96,79",136,"18,68",27,109,"14,97"
432020,SEBERI,RS,09/2022,451,424,"94,01",401,23,"94,58",27,"5,99",8,19,"4,21"
432020,SEBERI,RS,07/2022,461,426,"92,41",399,27,"93,66",35,"7,59",13,22,"4,77"
432020,SEBERI,RS,11/2022,407,389,"95,58",374,15,"96,14",18,"4,42",13,5,"1,23"
432023,SEDE NOVA,RS,11/2022,73,65,"89,04",62,3,"95,38",8,"10,96",0,8,"10,96"
432023,SEDE NOVA,RS,07/2022,80,67,"83,75",61,6,"91,04",13,"16,25",1,12,"15,00"
432023,SEDE NOVA,RS,09/2022,74,61,"82,43",58,3,"95,08",13,"17,57",2,11,"14,86"
432026,SEGREDO,RS,09/2022,330,317,"96,06",311,6,"98,11",13,"3,94",2,11,"3,33"
432026,SEGREDO,RS,07/2022,346,321,"92,77",313,8,"97,51",25,"7,23",13,12,"3,47"
432026,SEGREDO,RS,11/2022,320,310,"96,88",305,5,"98,39",10,"3,13",2,8,"2,50"
432030,SELBACH,RS,11/2022,91,84,"92,31",81,3,"96,43",7,"7,69",1,6,"6,59"
432030,SELBACH,RS,07/2022,83,71,"85,54",70,1,"98,59",12,"14,46",8,4,"4,82"
432030,SELBACH,RS,09/2022,85,79,"92,94",74,5,"93,67",6,"7,06",0,6,"7,06"
432032,SENADOR SALGADO FILHO,RS,09/2022,83,83,"100,00",80,3,"96,39",0,"0,00",0,0,"0,00"
432032,SENADOR SALGADO FILHO,RS,07/2022,86,85,"98,84",81,4,"95,29",1,"1,16",1,0,"0,00"
432032,SENADOR SALGADO FILHO,RS,11/2022,81,81,"100,00",79,2,"97,53",0,"0,00",0,0,"0,00"
432035,SENTINELA DO SUL,RS,11/2022,302,250,"82,78",249,1,"99,60",52,"17,22",5,47,"15,56"
432035,SENTINELA DO SUL,RS,07/2022,297,230,"77,44",225,5,"97,83",67,"22,56",22,45,"15,15"
432035,SENTINELA DO SUL,RS,09/2022,298,240,"80,54",237,3,"98,75",58,"19,46",12,46,"15,44"
432040,SERAFINA CORRÊA,RS,09/2022,213,175,"82,16",170,5,"97,14",38,"17,84",8,30,"14,08"
432040,SERAFINA CORRÊA,RS,07/2022,182,144,"79,12",141,3,"97,92",38,"20,88",16,22,"12,09"
432040,SERAFINA CORRÊA,RS,11/2022,198,166,"83,84",160,6,"96,39",32,"16,16",5,27,"13,64"
432045,SÉRIO,RS,11/2022,50,40,"80,00",38,2,"95,00",10,"20,00",2,8,"16,00"
432045,SÉRIO,RS,07/2022,46,20,"43,48",20,0,"100,00",26,"56,52",20,6,"13,04"
432045,SÉRIO,RS,09/2022,46,30,"65,22",30,0,"100,00",16,"34,78",12,4,"8,70"
432050,SERTÃO,RS,09/2022,148,114,"77,03",108,6,"94,74",34,"22,97",5,29,"19,59"
432050,SERTÃO,RS,07/2022,150,113,"75,33",106,7,"93,81",37,"24,67",8,29,"19,33"
432050,SERTÃO,RS,11/2022,155,127,"81,94",117,10,"92,13",28,"18,06",2,26,"16,77"
432055,SERTÃO SANTANA,RS,11/2022,210,116,"55,24",108,8,"93,10",94,"44,76",7,87,"41,43"
432055,SERTÃO SANTANA,RS,07/2022,220,98,"44,55",90,8,"91,84",122,"55,45",31,91,"41,36"
432055,SERTÃO SANTANA,RS,09/2022,211,98,"46,45",97,1,"98,98",113,"53,55",23,90,"42,65"
432057,SETE DE SETEMBRO,RS,09/2022,45,36,"80,00",35,1,"97,22",9,"20,00",0,9,"20,00"
432057,SETE DE SETEMBRO,RS,07/2022,43,33,"76,74",32,1,"96,97",10,"23,26",0,10,"23,26"
432057,SETE DE SETEMBRO,RS,11/2022,45,36,"80,00",36,0,"100,00",9,"20,00",0,9,"20,00"
432060,SEVERIANO DE ALMEIDA,RS,11/2022,54,52,"96,30",52,0,"100,00",2,"3,70",0,2,"3,70"
432060,SEVERIANO DE ALMEIDA,RS,07/2022,48,11,"22,92",11,0,"100,00",37,"77,08",27,10,"20,83"
432060,SEVERIANO DE ALMEIDA,RS,09/2022,41,0,"0,00",0,0,,41,"100,00",32,9,"21,95"
432065,SILVEIRA MARTINS,RS,09/2022,71,56,"78,87",55,1,"98,21",15,"21,13",0,15,"21,13"
432065,SILVEIRA MARTINS,RS,07/2022,71,57,"80,28",57,0,"100,00",14,"19,72",0,14,"19,72"
432065,SILVEIRA MARTINS,RS,11/2022,75,60,"80,00",56,4,"93,33",15,"20,00",0,15,"20,00"
432067,SINIMBU,RS,11/2022,315,311,"98,73",299,12,"96,14",4,"1,27",3,1,"0,32"
432067,SINIMBU,RS,07/2022,326,307,"94,17",297,10,"96,74",19,"5,83",13,6,"1,84"
432067,SINIMBU,RS,09/2022,319,311,"97,49",304,7,"97,75",8,"2,51",7,1,"0,31"
432070,SOBRADINHO,RS,09/2022,465,418,"89,89",404,14,"96,65",47,"10,11",19,28,"6,02"
432070,SOBRADINHO,RS,07/2022,470,399,"84,89",387,12,"96,99",71,"15,11",17,54,"11,49"
432070,SOBRADINHO,RS,11/2022,454,430,"94,71",423,7,"98,37",24,"5,29",13,11,"2,42"
432080,SOLEDADE,RS,11/2022,1429,1107,"77,47",1064,43,"96,12",322,"22,53",12,310,"21,69"
432080,SOLEDADE,RS,07/2022,1401,1023,"73,02",980,43,"95,80",378,"26,98",31,347,"24,77"
432080,SOLEDADE,RS,09/2022,1423,942,"66,20",894,48,"94,90",481,"33,80",158,323,"22,70"
432085,TABAÍ,RS,09/2022,180,105,"58,33",103,2,"98,10",75,"41,67",8,67,"37,22"
432085,TABAÍ,RS,07/2022,178,106,"59,55",103,3,"97,17",72,"40,45",8,64,"35,96"
432085,TABAÍ,RS,11/2022,167,139,"83,23",134,5,"96,40",28,"16,77",3,25,"14,97"
432090,TAPEJARA,RS,11/2022,644,588,"91,30",518,70,"88,10",56,"8,70",14,42,"6,52"
432090,TAPEJARA,RS,07/2022,529,432,"81,66",389,43,"90,05",97,"18,34",18,79,"14,93"
432090,TAPEJARA,RS,09/2022,638,563,"88,24",491,72,"87,21",75,"11,76",16,59,"9,25"
432100,TAPERA,RS,09/2022,191,154,"80,63",139,15,"90,26",37,"19,37",9,28,"14,66"
432100,TAPERA,RS,07/2022,172,127,"73,84",108,19,"85,04",45,"26,16",19,26,"15,12"
432100,TAPERA,RS,11/2022,197,173,"87,82",161,12,"93,06",24,"12,18",3,21,"10,66"
432110,TAPES,RS,11/2022,562,540,"96,09",495,45,"91,67",22,"3,91",0,22,"3,91"
432110,TAPES,RS,07/2022,551,434,"78,77",358,76,"82,49",117,"21,23",3,114,"20,69"
432110,TAPES,RS,09/2022,540,521,"96,48",468,53,"89,83",19,"3,52",4,15,"2,78"
432120,TAQUARA,RS,09/2022,1562,1508,"96,54",1395,113,"92,51",54,"3,46",23,31,"1,98"
432120,TAQUARA,RS,07/2022,1587,1390,"87,59",1261,129,"90,72",197,"12,41",59,138,"8,70"
432120,TAQUARA,RS,11/2022,1595,1553,"97,37",1430,123,"92,08",42,"2,63",13,29,"1,82"
432130,TAQUARI,RS,11/2022,1187,585,"49,28",579,6,"98,97",602,"50,72",295,307,"25,86"
432130,TAQUARI,RS,07/2022,1222,497,"40,67",486,11,"97,79",725,"59,33",366,359,"29,38"
432130,TAQUARI,RS,09/2022,1200,290,"24,17",289,1,"99,66",910,"75,83",556,354,"29,50"
432132,TAQUARUÇU DO SUL,RS,11/2022,68,63,"92,65",62,1,"98,41",5,"7,35",0,5,"7,35"
432132,TAQUARUÇU DO SUL,RS,09/2022,67,60,"89,55",59,1,"98,33",7,"10,45",0,7,"10,45"
432132,TAQUARUÇU DO SUL,RS,07/2022,68,64,"94,12",63,1,"98,44",4,"5,88",0,4,"5,88"
432135,TAVARES,RS,07/2022,250,226,"90,40",204,22,"90,27",24,"9,60",4,20,"8,00"
432135,TAVARES,RS,11/2022,265,250,"94,34",230,20,"92,00",15,"5,66",1,14,"5,28"
432135,TAVARES,RS,09/2022,261,241,"92,34",218,23,"90,46",20,"7,66",5,15,"5,75"
432140,TENENTE PORTELA,RS,09/2022,873,819,"93,81",815,4,"99,51",54,"6,19",12,42,"4,81"
432140,TENENTE PORTELA,RS,11/2022,878,839,"95,56",826,13,"98,45",39,"4,44",10,29,"3,30"
432140,TENENTE PORTELA,RS,07/2022,868,801,"92,28",800,1,"99,88",67,"7,72",6,61,"7,03"
432143,TERRA DE AREIA,RS,07/2022,612,496,"81,05",458,38,"92,34",116,"18,95",6,110,"17,97"
432143,TERRA DE AREIA,RS,11/2022,615,569,"92,52",539,30,"94,73",46,"7,48",6,40,"6,50"
432143,TERRA DE AREIA,RS,09/2022,608,521,"85,69",489,32,"93,86",87,"14,31",3,84,"13,82"
432145,TEUTÔNIA,RS,09/2022,418,336,"80,38",324,12,"96,43",82,"19,62",8,74,"17,70"
432145,TEUTÔNIA,RS,11/2022,431,345,"80,05",333,12,"96,52",86,"19,95",10,76,"17,63"
432145,TEUTÔNIA,RS,07/2022,370,287,"77,57",277,10,"96,52",83,"22,43",14,69,"18,65"
432146,TIO HUGO,RS,07/2022,50,37,"74,00",37,0,"100,00",13,"26,00",3,10,"20,00"
432146,TIO HUGO,RS,11/2022,61,44,"72,13",44,0,"100,00",17,"27,87",5,12,"19,67"
432146,TIO HUGO,RS,09/2022,56,41,"73,21",39,2,"95,12",15,"26,79",4,11,"19,64"
432147,TIRADENTES DO SUL,RS,09/2022,137,114,"83,21",114,0,"100,00",23,"16,79",3,20,"14,60"
432147,TIRADENTES DO SUL,RS,11/2022,136,117,"86,03",116,1,"99,15",19,"13,97",1,18,"13,24"
432147,TIRADENTES DO SUL,RS,07/2022,144,124,"86,11",123,1,"99,19",20,"13,89",1,19,"13,19"
432149,TOROPI,RS,07/2022,63,0,"0,00",0,0,,63,"100,00",62,1,"1,59"
432149,TOROPI,RS,11/2022,72,70,"97,22",70,0,"100,00",2,"2,78",1,1,"1,39"
432149,TOROPI,RS,09/2022,69,69,"100,00",68,1,"98,55",0,"0,00",0,0,"0,00"
432150,TORRES,RS,09/2022,1245,1160,"93,17",1035,125,"89,22",85,"6,83",19,66,"5,30"
432150,TORRES,RS,11/2022,1301,1219,"93,70",1118,101,"91,71",82,"6,30",5,77,"5,92"
432150,TORRES,RS,07/2022,1235,871,"70,53",758,113,"87,03",364,"29,47",191,173,"14,01"
432160,TRAMANDAÍ,RS,07/2022,2413,1717,"71,16",1624,93,"94,58",696,"28,84",7,689,"28,55"
432160,TRAMANDAÍ,RS,11/2022,2546,1844,"72,43",1742,102,"94,47",702,"27,57",9,693,"27,22"
432160,TRAMANDAÍ,RS,09/2022,2502,1782,"71,22",1676,106,"94,05",720,"28,78",6,714,"28,54"
432162,TRAVESSEIRO,RS,09/2022,18,17,"94,44",17,0,"100,00",1,"5,56",0,1,"5,56"
432162,TRAVESSEIRO,RS,11/2022,17,17,"100,00",17,0,"100,00",0,"0,00",0,0,"0,00"
432162,TRAVESSEIRO,RS,07/2022,11,10,"90,91",10,0,"100,00",1,"9,09",0,1,"9,09"
432163,TRÊS ARROIOS,RS,07/2022,1,1,"100,00",1,0,"100,00",0,"0,00",0,0,"0,00"
432163,TRÊS ARROIOS,RS,11/2022,1,1,"100,00",1,0,"100,00",0,"0,00",0,0,"0,00"
432163,TRÊS ARROIOS,RS,09/2022,0,0,,0,0,,0,,0,0,
432166,TRÊS CACHOEIRAS,RS,09/2022,204,114,"55,88",108,6,"94,74",90,"44,12",50,40,"19,61"
432166,TRÊS CACHOEIRAS,RS,11/2022,214,171,"79,91",165,6,"96,49",43,"20,09",3,40,"18,69"
432166,TRÊS CACHOEIRAS,RS,07/2022,199,129,"64,82",123,6,"95,35",70,"35,18",26,44,"22,11"
432170,TRÊS COROAS,RS,07/2022,483,421,"87,16",370,51,"87,89",62,"12,84",30,32,"6,63"
432170,TRÊS COROAS,RS,11/2022,491,408,"83,10",386,22,"94,61",83,"16,90",60,23,"4,68"
432170,TRÊS COROAS,RS,09/2022,500,340,"68,00",299,41,"87,94",160,"32,00",128,32,"6,40"
432180,TRÊS DE MAIO,RS,09/2022,610,571,"93,61",508,63,"88,97",39,"6,39",7,32,"5,25"
432180,TRÊS DE MAIO,RS,11/2022,606,569,"93,89",528,41,"92,79",37,"6,11",6,31,"5,12"
432180,TRÊS DE MAIO,RS,07/2022,596,558,"93,62",492,66,"88,17",38,"6,38",8,30,"5,03"
432183,TRÊS FORQUILHAS,RS,07/2022,117,67,"57,26",66,1,"98,51",50,"42,74",2,48,"41,03"
432183,TRÊS FORQUILHAS,RS,11/2022,132,114,"86,36",113,1,"99,12",18,"13,64",6,12,"9,09"
432183,TRÊS FORQUILHAS,RS,09/2022,131,74,"56,49",73,1,"98,65",57,"43,51",1,56,"42,75"
432185,TRÊS PALMEIRAS,RS,09/2022,257,215,"83,66",210,5,"97,67",42,"16,34",5,37,"14,40"
432185,TRÊS PALMEIRAS,RS,11/2022,250,209,"83,60",204,5,"97,61",41,"16,40",7,34,"13,60"
432185,TRÊS PALMEIRAS,RS,07/2022,256,218,"85,16",208,10,"95,41",38,"14,84",5,33,"12,89"
432190,TRÊS PASSOS,RS,07/2022,638,426,"66,77",424,2,"99,53",212,"33,23",118,94,"14,73"
432190,TRÊS PASSOS,RS,11/2022,680,546,"80,29",538,8,"98,53",134,"19,71",33,101,"14,85"
432190,TRÊS PASSOS,RS,09/2022,650,463,"71,23",455,8,"98,27",187,"28,77",88,99,"15,23"
432195,TRINDADE DO SUL,RS,09/2022,305,227,"74,43",202,25,"88,99",78,"25,57",9,69,"22,62"
432195,TRINDADE DO SUL,RS,11/2022,309,229,"74,11",213,16,"93,01",80,"25,89",16,64,"20,71"
432195,TRINDADE DO SUL,RS,07/2022,302,226,"74,83",212,14,"93,81",76,"25,17",3,73,"24,17"
432200,TRIUNFO,RS,11/2022,1447,1328,"91,78",1258,70,"94,73",119,"8,22",12,107,"7,39"
432200,TRIUNFO,RS,07/2022,1366,1178,"86,24",1074,104,"91,17",188,"13,76",27,161,"11,79"
432200,TRIUNFO,RS,09/2022,1444,1307,"90,51",1233,74,"94,34",137,"9,49",8,129,"8,93"
432210,TUCUNDUVA,RS,09/2022,128,89,"69,53",85,4,"95,51",39,"30,47",0,39,"30,47"
432210,TUCUNDUVA,RS,11/2022,129,116,"89,92",110,6,"94,83",13,"10,08",4,9,"6,98"
432210,TUCUNDUVA,RS,07/2022,126,84,"66,67",82,2,"97,62",42,"33,33",0,42,"33,33"
432215,TUNAS,RS,07/2022,277,245,"88,45",236,9,"96,33",32,"11,55",21,11,"3,97"
432215,TUNAS,RS,11/2022,251,237,"94,42",234,3,"98,73",14,"5,58",8,6,"2,39"
432215,TUNAS,RS,09/2022,266,252,"94,74",248,4,"98,41",14,"5,26",3,11,"4,14"
432218,TUPANCI DO SUL,RS,09/2022,36,26,"72,22",24,2,"92,31",10,"27,78",7,3,"8,33"
432218,TUPANCI DO SUL,RS,11/2022,34,29,"85,29",28,1,"96,55",5,"14,71",2,3,"8,82"
432218,TUPANCI DO SUL,RS,07/2022,36,26,"72,22",24,2,"92,31",10,"27,78",7,3,"8,33"
432220,TUPANCIRETÃ,RS,07/2022,1306,1078,"82,54",1033,45,"95,83",228,"17,46",74,154,"11,79"
432220,TUPANCIRETÃ,RS,11/2022,1269,1064,"83,85",1036,28,"97,37",205,"16,15",73,132,"10,40"
432220,TUPANCIRETÃ,RS,09/2022,1278,995,"77,86",939,56,"94,37",283,"22,14",76,207,"16,20"
432225,TUPANDI,RS,09/2022,42,36,"85,71",36,0,"100,00",6,"14,29",0,6,"14,29"
432225,TUPANDI,RS,11/2022,46,37,"80,43",37,0,"100,00",9,"19,57",3,6,"13,04"
432225,TUPANDI,RS,07/2022,36,26,"72,22",26,0,"100,00",10,"27,78",3,7,"19,44"
432230,TUPARENDI,RS,07/2022,130,124,"95,38",123,1,"99,19",6,"4,62",5,1,"0,77"
432230,TUPARENDI,RS,11/2022,132,125,"94,70",120,5,"96,00",7,"5,30",5,2,"1,52"
432230,TUPARENDI,RS,09/2022,138,133,"96,38",125,8,"93,98",5,"3,62",1,4,"2,90"
432232,TURUÇU,RS,09/2022,108,89,"82,41",75,14,"84,27",19,"17,59",16,3,"2,78"
432232,TURUÇU,RS,11/2022,116,100,"86,21",93,7,"93,00",16,"13,79",11,5,"4,31"
432232,TURUÇU,RS,07/2022,109,88,"80,73",78,10,"88,64",21,"19,27",18,3,"2,75"
432234,UBIRETAMA,RS,07/2022,34,25,"73,53",25,0,"100,00",9,"26,47",2,7,"20,59"
432234,UBIRETAMA,RS,11/2022,33,29,"87,88",29,0,"100,00",4,"12,12",4,0,"0,00"
432234,UBIRETAMA,RS,09/2022,33,26,"78,79",25,1,"96,15",7,"21,21",0,7,"21,21"
432235,UNIÃO DA SERRA,RS,09/2022,12,12,"100,00",12,0,"100,00",0,"0,00",0,0,"0,00"
432235,UNIÃO DA SERRA,RS,11/2022,13,11,"84,62",11,0,"100,00",2,"15,38",2,0,"0,00"
432235,UNIÃO DA SERRA,RS,07/2022,15,15,"100,00",15,0,"100,00",0,"0,00",0,0,"0,00"
432237,UNISTALDA,RS,07/2022,133,128,"96,24",126,2,"98,44",5,"3,76",5,0,"0,00"
432237,UNISTALDA,RS,11/2022,124,122,"98,39",120,2,"98,36",2,"1,61",1,1,"0,81"
432237,UNISTALDA,RS,09/2022,129,123,"95,35",121,2,"98,37",6,"4,65",5,1,"0,78"
432240,URUGUAIANA,RS,09/2022,6950,2741,"39,44",2605,136,"95,04",4209,"60,56",2129,2080,"29,93"
432240,URUGUAIANA,RS,11/2022,6935,3510,"50,61",3350,160,"95,44",3425,"49,39",1240,2185,"31,51"
432240,URUGUAIANA,RS,07/2022,6967,3178,"45,62",3012,166,"94,78",3789,"54,38",1664,2125,"30,50"
432250,VACARIA,RS,07/2022,2800,1473,"52,61",1289,184,"87,51",1327,"47,39",331,996,"35,57"
432250,VACARIA,RS,11/2022,2894,1919,"66,31",1718,201,"89,53",975,"33,69",156,819,"28,30"
432250,VACARIA,RS,09/2022,2855,1463,"51,24",1279,184,"87,42",1392,"48,76",422,970,"33,98"
432252,VALE VERDE,RS,09/2022,98,53,"54,08",50,3,"94,34",45,"45,92",10,35,"35,71"
432252,VALE VERDE,RS,11/2022,107,70,"65,42",68,2,"97,14",37,"34,58",2,35,"32,71"
432252,VALE VERDE,RS,07/2022,95,40,"42,11",40,0,"100,00",55,"57,89",20,35,"36,84"
432253,VALE DO SOL,RS,07/2022,221,211,"95,48",206,5,"97,63",10,"4,52",2,8,"3,62"
432253,VALE DO SOL,RS,11/2022,245,239,"97,55",232,7,"97,07",6,"2,45",0,6,"2,45"
432253,VALE DO SOL,RS,09/2022,227,224,"98,68",221,3,"98,66",3,"1,32",1,2,"0,88"
432254,VALE REAL,RS,09/2022,39,29,"74,36",27,2,"93,10",10,"25,64",0,10,"25,64"
432254,VALE REAL,RS,11/2022,37,31,"83,78",28,3,"90,32",6,"16,22",1,5,"13,51"
432254,VALE REAL,RS,07/2022,38,27,"71,05",27,0,"100,00",11,"28,95",1,10,"26,32"
432255,VANINI,RS,07/2022,17,0,"0,00",0,0,,17,"100,00",12,5,"29,41"
432255,VANINI,RS,11/2022,19,19,"100,00",19,0,"100,00",0,"0,00",0,0,"0,00"
432255,VANINI,RS,09/2022,20,15,"75,00",15,0,"100,00",5,"25,00",0,5,"25,00"
432260,VENÂNCIO AIRES,RS,09/2022,1876,1087,"57,94",1021,66,"93,93",789,"42,06",233,556,"29,64"
432260,VENÂNCIO AIRES,RS,11/2022,1865,1287,"69,01",1224,63,"95,10",578,"30,99",51,527,"28,26"
432260,VENÂNCIO AIRES,RS,07/2022,1877,1083,"57,70",996,87,"91,97",794,"42,30",258,536,"28,56"
432270,VERA CRUZ,RS,07/2022,836,764,"91,39",708,56,"92,67",72,"8,61",2,70,"8,37"
432270,VERA CRUZ,RS,11/2022,836,801,"95,81",760,41,"94,88",35,"4,19",1,34,"4,07"
432270,VERA CRUZ,RS,09/2022,831,762,"91,70",725,37,"95,14",69,"8,30",5,64,"7,70"
432280,VERANÓPOLIS,RS,09/2022,296,275,"92,91",258,17,"93,82",21,"7,09",6,15,"5,07"
432280,VERANÓPOLIS,RS,11/2022,282,268,"95,04",245,23,"91,42",14,"4,96",3,11,"3,90"
432280,VERANÓPOLIS,RS,07/2022,312,274,"87,82",265,9,"96,72",38,"12,18",9,29,"9,29"
432285,VESPASIANO CORREA,RS,07/2022,7,3,"42,86",2,1,"66,67",4,"57,14",3,1,"14,29"
432285,VESPASIANO CORREA,RS,11/2022,12,6,"50,00",6,0,"100,00",6,"50,00",2,4,"33,33"
432285,VESPASIANO CORREA,RS,09/2022,9,0,"0,00",0,0,,9,"100,00",6,3,"33,33"
432290,VIADUTOS,RS,09/2022,60,44,"73,33",43,1,"97,73",16,"26,67",0,16,"26,67"
432290,VIADUTOS,RS,11/2022,61,47,"77,05",46,1,"97,87",14,"22,95",0,14,"22,95"
432290,VIADUTOS,RS,07/2022,64,50,"78,13",50,0,"100,00",14,"21,88",0,14,"21,88"
432300,VIAMÃO,RS,07/2022,11373,9390,"82,56",7914,1476,"84,28",1983,"17,44",134,1849,"16,26"
432300,VIAMÃO,RS,11/2022,11868,11355,"95,68",10172,1183,"89,58",513,"4,32",74,439,"3,70"
432300,VIAMÃO,RS,09/2022,11609,11347,"97,74",9780,1567,"86,19",262,"2,26",109,153,"1,32"
432310,VICENTE DUTRA,RS,09/2022,361,272,"75,35",271,1,"99,63",89,"24,65",4,85,"23,55"
432310,VICENTE DUTRA,RS,11/2022,377,289,"76,66",289,0,"100,00",88,"23,34",2,86,"22,81"
432310,VICENTE DUTRA,RS,07/2022,359,268,"74,65",266,2,"99,25",91,"25,35",6,85,"23,68"
432320,VICTOR GRAEFF,RS,07/2022,24,9,"37,50",8,1,"88,89",15,"62,50",7,8,"33,33"
432320,VICTOR GRAEFF,RS,11/2022,24,12,"50,00",11,1,"91,67",12,"50,00",4,8,"33,33"
432320,VICTOR GRAEFF,RS,09/2022,24,11,"45,83",10,1,"90,91",13,"54,17",5,8,"33,33"
432330,VILA FLORES,RS,09/2022,25,19,"76,00",19,0,"100,00",6,"24,00",0,6,"24,00"
432330,VILA FLORES,RS,11/2022,21,1,"4,76",1,0,"100,00",20,"95,24",14,6,"28,57"
432330,VILA FLORES,RS,07/2022,22,15,"68,18",15,0,"100,00",7,"31,82",1,6,"27,27"
432335,VILA LÂNGARO,RS,07/2022,18,10,"55,56",10,0,"100,00",8,"44,44",0,8,"44,44"
432335,VILA LÂNGARO,RS,11/2022,19,10,"52,63",10,0,"100,00",9,"47,37",0,9,"47,37"
432335,VILA LÂNGARO,RS,09/2022,16,0,"0,00",0,0,,16,"100,00",7,9,"56,25"
432340,VILA MARIA,RS,09/2022,50,47,"94,00",46,1,"97,87",3,"6,00",0,3,"6,00"
432340,VILA MARIA,RS,11/2022,64,54,"84,38",54,0,"100,00",10,"15,63",1,9,"14,06"
432340,VILA MARIA,RS,07/2022,45,41,"91,11",41,0,"100,00",4,"8,89",2,2,"4,44"
432345,VILA NOVA DO SUL,RS,07/2022,251,129,"51,39",129,0,"100,00",122,"48,61",87,35,"13,94"
432345,VILA NOVA DO SUL,RS,11/2022,256,203,"79,30",197,6,"97,04",53,"20,70",4,49,"19,14"
432345,VILA NOVA DO SUL,RS,09/2022,249,130,"52,21",130,0,"100,00",119,"47,79",84,35,"14,06"
432350,VISTA ALEGRE,RS,09/2022,62,52,"83,87",52,0,"100,00",10,"16,13",0,10,"16,13"
432350,VISTA ALEGRE,RS,11/2022,64,55,"85,94",55,0,"100,00",9,"14,06",0,9,"14,06"
432350,VISTA ALEGRE,RS,07/2022,70,55,"78,57",54,1,"98,18",15,"21,43",1,14,"20,00"
432360,VISTA ALEGRE DO PRATA,RS,07/2022,15,15,"100,00",13,2,"86,67",0,"0,00",0,0,"0,00"
432360,VISTA ALEGRE DO PRATA,RS,11/2022,23,20,"86,96",17,3,"85,00",3,"13,04",1,2,"8,70"
432360,VISTA ALEGRE DO PRATA,RS,09/2022,17,17,"100,00",16,1,"94,12",0,"0,00",0,0,"0,00"
432370,VISTA GAÚCHA,RS,09/2022,105,93,"88,57",90,3,"96,77",12,"11,43",2,10,"9,52"
432370,VISTA GAÚCHA,RS,11/2022,108,102,"94,44",102,0,"100,00",6,"5,56",0,6,"5,56"
432370,VISTA GAÚCHA,RS,07/2022,106,92,"86,79",90,2,"97,83",14,"13,21",3,11,"10,38"
432375,VITÓRIA DAS MISSÕES,RS,07/2022,125,116,"92,80",116,0,"100,00",9,"7,20",3,6,"4,80"
432375,VITÓRIA DAS MISSÕES,RS,11/2022,124,113,"91,13",112,1,"99,12",11,"8,87",5,6,"4,84"
432375,VITÓRIA DAS MISSÕES,RS,09/2022,123,114,"92,68",114,0,"100,00",9,"7,32",4,5,"4,07"
432377,WESTFALIA,RS,09/2022,12,12,"100,00",12,0,"100,00",0,"0,00",0,0,"0,00"
432377,WESTFALIA,RS,11/2022,13,13,"100,00",13,0,"100,00",0,"0,00",0,0,"0,00"
432377,WESTFALIA,RS,07/2022,13,13,"100,00",11,2,"84,62",0,"0,00",0,0,"0,00"
432380,XANGRI-LÁ,RS,07/2022,702,436,"62,11",358,78,"82,11",266,"37,89",24,242,"34,47"
432380,XANGRI-LÁ,RS,11/2022,801,574,"71,66",484,90,"84,32",227,"28,34",16,211,"26,34"
432380,XANGRI-LÁ,RS,09/2022,772,535,"69,30",475,60,"88,79",237,"30,70",20,217,"28,11"
420005,ABDON BATISTA,SC,11/2022,121,116,"95,87",114,2,"98,28",5,"4,13",1,4,"3,31"
420005,ABDON BATISTA,SC,07/2022,124,117,"94,35",115,2,"98,29",7,"5,65",1,6,"4,84"
420005,ABDON BATISTA,SC,09/2022,119,114,"95,80",114,0,"100,00",5,"4,20",1,4,"3,36"
420010,ABELARDO LUZ,SC,09/2022,1121,1082,"96,52",1069,13,"98,80",39,"3,48",30,9,"0,80"
420010,ABELARDO LUZ,SC,07/2022,1142,1071,"93,78",1063,8,"99,25",71,"6,22",43,28,"2,45"
420010,ABELARDO LUZ,SC,11/2022,1120,1092,"97,50",1074,18,"98,35",28,"2,50",18,10,"0,89"
420020,AGROLÂNDIA,SC,11/2022,162,144,"88,89",142,2,"98,61",18,"11,11",3,15,"9,26"
420020,AGROLÂNDIA,SC,07/2022,129,87,"67,44",87,0,"100,00",42,"32,56",6,36,"27,91"
420020,AGROLÂNDIA,SC,09/2022,134,88,"65,67",87,1,"98,86",46,"34,33",3,43,"32,09"
420030,AGRONÔMICA,SC,07/2022,73,64,"87,67",56,8,"87,50",9,"12,33",3,6,"8,22"
420030,AGRONÔMICA,SC,09/2022,83,73,"87,95",68,5,"93,15",10,"12,05",2,8,"9,64"
420030,AGRONÔMICA,SC,11/2022,70,66,"94,29",59,7,"89,39",4,"5,71",2,2,"2,86"
420040,ÁGUA DOCE,SC,11/2022,162,161,"99,38",158,3,"98,14",1,"0,62",0,1,"0,62"
420040,ÁGUA DOCE,SC,09/2022,173,169,"97,69",168,1,"99,41",4,"2,31",2,2,"1,16"
420040,ÁGUA DOCE,SC,07/2022,159,140,"88,05",140,0,"100,00",19,"11,95",1,18,"11,32"
420050,ÁGUAS DE CHAPECÓ,SC,07/2022,224,180,"80,36",172,8,"95,56",44,"19,64",4,40,"17,86"
420050,ÁGUAS DE CHAPECÓ,SC,09/2022,216,171,"79,17",165,6,"96,49",45,"20,83",6,39,"18,06"
420050,ÁGUAS DE CHAPECÓ,SC,11/2022,228,225,"98,68",225,0,"100,00",3,"1,32",0,3,"1,32"
420055,ÁGUAS FRIAS,SC,11/2022,57,45,"78,95",45,0,"100,00",12,"21,05",0,12,"21,05"
420055,ÁGUAS FRIAS,SC,09/2022,56,37,"66,07",37,0,"100,00",19,"33,93",7,12,"21,43"
420055,ÁGUAS FRIAS,SC,07/2022,54,32,"59,26",30,2,"93,75",22,"40,74",13,9,"16,67"
420060,ÁGUAS MORNAS,SC,09/2022,76,69,"90,79",67,2,"97,10",7,"9,21",1,6,"7,89"
420060,ÁGUAS MORNAS,SC,07/2022,68,63,"92,65",60,3,"95,24",5,"7,35",1,4,"5,88"
420060,ÁGUAS MORNAS,SC,11/2022,76,69,"90,79",66,3,"95,65",7,"9,21",1,6,"7,89"
420070,ALFREDO WAGNER,SC,11/2022,369,355,"96,21",349,6,"98,31",14,"3,79",2,12,"3,25"
420070,ALFREDO WAGNER,SC,09/2022,363,302,"83,20",299,3,"99,01",61,"16,80",2,59,"16,25"
420070,ALFREDO WAGNER,SC,07/2022,363,305,"84,02",305,0,"100,00",58,"15,98",3,55,"15,15"
420075,ALTO BELA VISTA,SC,09/2022,16,13,"81,25",13,0,"100,00",3,"18,75",1,2,"12,50"
420075,ALTO BELA VISTA,SC,07/2022,13,13,"100,00",12,1,"92,31",0,"0,00",0,0,"0,00"
420075,ALTO BELA VISTA,SC,11/2022,14,14,"100,00",14,0,"100,00",0,"0,00",0,0,"0,00"
420080,ANCHIETA,SC,11/2022,162,148,"91,36",148,0,"100,00",14,"8,64",0,14,"8,64"
420080,ANCHIETA,SC,09/2022,165,147,"89,09",145,2,"98,64",18,"10,91",1,17,"10,30"
420080,ANCHIETA,SC,07/2022,173,149,"86,13",149,0,"100,00",24,"13,87",11,13,"7,51"
420090,ANGELINA,SC,07/2022,116,112,"96,55",111,1,"99,11",4,"3,45",1,3,"2,59"
420090,ANGELINA,SC,09/2022,115,112,"97,39",112,0,"100,00",3,"2,61",0,3,"2,61"
420090,ANGELINA,SC,11/2022,120,117,"97,50",117,0,"100,00",3,"2,50",0,3,"2,50"
420100,ANITA GARIBALDI,SC,11/2022,526,454,"86,31",451,3,"99,34",72,"13,69",10,62,"11,79"
420100,ANITA GARIBALDI,SC,09/2022,550,431,"78,36",425,6,"98,61",119,"21,64",53,66,"12,00"
420100,ANITA GARIBALDI,SC,07/2022,545,441,"80,92",436,5,"98,87",104,"19,08",25,79,"14,50"
420110,ANITÁPOLIS,SC,07/2022,116,84,"72,41",84,0,"100,00",32,"27,59",6,26,"22,41"
420110,ANITÁPOLIS,SC,09/2022,124,97,"78,23",96,1,"98,97",27,"21,77",1,26,"20,97"
420110,ANITÁPOLIS,SC,11/2022,128,96,"75,00",95,1,"98,96",32,"25,00",7,25,"19,53"
420120,ANTÔNIO CARLOS,SC,11/2022,180,166,"92,22",158,8,"95,18",14,"7,78",5,9,"5,00"
420120,ANTÔNIO CARLOS,SC,07/2022,167,146,"87,43",137,9,"93,84",21,"12,57",2,19,"11,38"
420120,ANTÔNIO CARLOS,SC,09/2022,189,166,"87,83",159,7,"95,78",23,"12,17",8,15,"7,94"
420125,APIÚNA,SC,09/2022,164,153,"93,29",153,0,"100,00",11,"6,71",2,9,"5,49"
420125,APIÚNA,SC,07/2022,167,151,"90,42",151,0,"100,00",16,"9,58",4,12,"7,19"
420125,APIÚNA,SC,11/2022,176,158,"89,77",158,0,"100,00",18,"10,23",10,8,"4,55"
420127,ARABUTÃ,SC,11/2022,56,55,"98,21",55,0,"100,00",1,"1,79",1,0,"0,00"
420127,ARABUTÃ,SC,07/2022,47,33,"70,21",33,0,"100,00",14,"29,79",12,2,"4,26"
420127,ARABUTÃ,SC,09/2022,57,52,"91,23",51,1,"98,08",5,"8,77",5,0,"0,00"
420130,ARAQUARI,SC,09/2022,1874,1373,"73,27",1299,74,"94,61",501,"26,73",38,463,"24,71"
420130,ARAQUARI,SC,07/2022,1645,952,"57,87",876,76,"92,02",693,"42,13",304,389,"23,65"
420130,ARAQUARI,SC,11/2022,1843,1656,"89,85",1594,62,"96,26",187,"10,15",53,134,"7,27"
420140,ARARANGUÁ,SC,11/2022,1751,1736,"99,14",1712,24,"98,62",15,"0,86",4,11,"0,63"
420140,ARARANGUÁ,SC,07/2022,1646,1616,"98,18",1588,28,"98,27",30,"1,82",9,21,"1,28"
420140,ARARANGUÁ,SC,09/2022,1749,1734,"99,14",1694,40,"97,69",15,"0,86",9,6,"0,34"
420150,ARMAZÉM,SC,07/2022,199,152,"76,38",152,0,"100,00",47,"23,62",16,31,"15,58"
420150,ARMAZÉM,SC,09/2022,228,176,"77,19",176,0,"100,00",52,"22,81",21,31,"13,60"
420150,ARMAZÉM,SC,11/2022,226,197,"87,17",197,0,"100,00",29,"12,83",5,24,"10,62"
420160,ARROIO TRINTA,SC,11/2022,31,18,"58,06",16,2,"88,89",13,"41,94",6,7,"22,58"
420160,ARROIO TRINTA,SC,07/2022,41,16,"39,02",14,2,"87,50",25,"60,98",16,9,"21,95"
420160,ARROIO TRINTA,SC,09/2022,33,23,"69,70",22,1,"95,65",10,"30,30",3,7,"21,21"
420165,ARVOREDO,SC,09/2022,41,39,"95,12",38,1,"97,44",2,"4,88",0,2,"4,88"
420165,ARVOREDO,SC,07/2022,40,37,"92,50",35,2,"94,59",3,"7,50",0,3,"7,50"
420165,ARVOREDO,SC,11/2022,41,39,"95,12",38,1,"97,44",2,"4,88",0,2,"4,88"
420170,ASCURRA,SC,11/2022,124,93,"75,00",91,2,"97,85",31,"25,00",1,30,"24,19"
420170,ASCURRA,SC,09/2022,111,77,"69,37",74,3,"96,10",34,"30,63",5,29,"26,13"
420170,ASCURRA,SC,07/2022,109,66,"60,55",64,2,"96,97",43,"39,45",14,29,"26,61"
420180,ATALANTA,SC,07/2022,40,29,"72,50",29,0,"100,00",11,"27,50",6,5,"12,50"
420180,ATALANTA,SC,09/2022,38,33,"86,84",33,0,"100,00",5,"13,16",2,3,"7,89"
420180,ATALANTA,SC,11/2022,41,37,"90,24",37,0,"100,00",4,"9,76",0,4,"9,76"
420190,AURORA,SC,11/2022,78,77,"98,72",77,0,"100,00",1,"1,28",0,1,"1,28"
420190,AURORA,SC,09/2022,85,79,"92,94",79,0,"100,00",6,"7,06",4,2,"2,35"
420190,AURORA,SC,07/2022,81,77,"95,06",77,0,"100,00",4,"4,94",2,2,"2,47"
420195,BALNEÁRIO ARROIO DO SILVA,SC,09/2022,675,597,"88,44",585,12,"97,99",78,"11,56",7,71,"10,52"
420195,BALNEÁRIO ARROIO DO SILVA,SC,07/2022,611,452,"73,98",440,12,"97,35",159,"26,02",14,145,"23,73"
420195,BALNEÁRIO ARROIO DO SILVA,SC,11/2022,708,675,"95,34",663,12,"98,22",33,"4,66",6,27,"3,81"
420200,BALNEÁRIO CAMBORIÚ,SC,11/2022,1816,1357,"74,72",1324,33,"97,57",459,"25,28",8,451,"24,83"
420200,BALNEÁRIO CAMBORIÚ,SC,07/2022,1505,1091,"72,49",1079,12,"98,90",414,"27,51",16,398,"26,45"
420200,BALNEÁRIO CAMBORIÚ,SC,09/2022,1689,1234,"73,06",1218,16,"98,70",455,"26,94",20,435,"25,75"
420205,BALNEÁRIO BARRA DO SUL,SC,07/2022,629,531,"84,42",523,8,"98,49",98,"15,58",41,57,"9,06"
420205,BALNEÁRIO BARRA DO SUL,SC,09/2022,638,602,"94,36",572,30,"95,02",36,"5,64",11,25,"3,92"
420205,BALNEÁRIO BARRA DO SUL,SC,11/2022,650,622,"95,69",614,8,"98,71",28,"4,31",5,23,"3,54"
420207,BALNEÁRIO GAIVOTA,SC,11/2022,642,613,"95,48",608,5,"99,18",29,"4,52",4,25,"3,89"
420207,BALNEÁRIO GAIVOTA,SC,09/2022,654,609,"93,12",605,4,"99,34",45,"6,88",6,39,"5,96"
420207,BALNEÁRIO GAIVOTA,SC,07/2022,596,545,"91,44",544,1,"99,82",51,"8,56",4,47,"7,89"
420208,BANDEIRANTE,SC,07/2022,117,89,"76,07",89,0,"100,00",28,"23,93",12,16,"13,68"
420208,BANDEIRANTE,SC,09/2022,117,92,"78,63",88,4,"95,65",25,"21,37",11,14,"11,97"
420208,BANDEIRANTE,SC,11/2022,117,101,"86,32",97,4,"96,04",16,"13,68",12,4,"3,42"
420209,BARRA BONITA,SC,11/2022,63,56,"88,89",56,0,"100,00",7,"11,11",3,4,"6,35"
420209,BARRA BONITA,SC,07/2022,57,52,"91,23",52,0,"100,00",5,"8,77",4,1,"1,75"
420209,BARRA BONITA,SC,09/2022,59,54,"91,53",54,0,"100,00",5,"8,47",2,3,"5,08"
420210,BARRA VELHA,SC,07/2022,1218,1012,"83,09",985,27,"97,33",206,"16,91",132,74,"6,08"
420210,BARRA VELHA,SC,09/2022,1455,1292,"88,80",1228,64,"95,05",163,"11,20",95,68,"4,67"
420210,BARRA VELHA,SC,11/2022,1518,1368,"90,12",1351,17,"98,76",150,"9,88",48,102,"6,72"
420213,BELA VISTA DO TOLDO,SC,11/2022,318,314,"98,74",314,0,"100,00",4,"1,26",1,3,"0,94"
420213,BELA VISTA DO TOLDO,SC,09/2022,312,65,"20,83",65,0,"100,00",247,"79,17",240,7,"2,24"
420213,BELA VISTA DO TOLDO,SC,07/2022,341,328,"96,19",327,1,"99,70",13,"3,81",7,6,"1,76"
420215,BELMONTE,SC,09/2022,87,85,"97,70",85,0,"100,00",2,"2,30",2,0,"0,00"
420215,BELMONTE,SC,07/2022,80,75,"93,75",73,2,"97,33",5,"6,25",4,1,"1,25"
420215,BELMONTE,SC,11/2022,90,90,"100,00",90,0,"100,00",0,"0,00",0,0,"0,00"
420220,BENEDITO NOVO,SC,07/2022,134,105,"78,36",96,9,"91,43",29,"21,64",0,29,"21,64"
420220,BENEDITO NOVO,SC,09/2022,136,115,"84,56",110,5,"95,65",21,"15,44",5,16,"11,76"
420220,BENEDITO NOVO,SC,11/2022,136,121,"88,97",116,5,"95,87",15,"11,03",12,3,"2,21"
420230,BIGUAÇU,SC,07/2022,2048,1399,"68,31",1323,76,"94,57",649,"31,69",153,496,"24,22"
420230,BIGUAÇU,SC,09/2022,2280,1585,"69,52",1515,70,"95,58",695,"30,48",165,530,"23,25"
420230,BIGUAÇU,SC,11/2022,2289,1760,"76,89",1689,71,"95,97",529,"23,11",85,444,"19,40"
420240,BLUMENAU,SC,11/2022,4709,3613,"76,73",3506,107,"97,04",1096,"23,27",302,794,"16,86"
420240,BLUMENAU,SC,09/2022,4817,3947,"81,94",3790,157,"96,02",870,"18,06",61,809,"16,79"
420240,BLUMENAU,SC,07/2022,4370,3206,"73,36",3065,141,"95,60",1164,"26,64",424,740,"16,93"
420243,BOCAINA DO SUL,SC,09/2022,217,202,"93,09",191,11,"94,55",15,"6,91",1,14,"6,45"
420243,BOCAINA DO SUL,SC,07/2022,212,199,"93,87",174,25,"87,44",13,"6,13",0,13,"6,13"
420243,BOCAINA DO SUL,SC,11/2022,223,212,"95,07",199,13,"93,87",11,"4,93",1,10,"4,48"
420245,BOMBINHAS,SC,11/2022,616,578,"93,83",555,23,"96,02",38,"6,17",9,29,"4,71"
420245,BOMBINHAS,SC,07/2022,518,486,"93,82",454,32,"93,42",32,"6,18",14,18,"3,47"
420245,BOMBINHAS,SC,09/2022,600,580,"96,67",558,22,"96,21",20,"3,33",4,16,"2,67"
420250,BOM JARDIM DA SERRA,SC,09/2022,251,188,"74,90",180,8,"95,74",63,"25,10",1,62,"24,70"
420250,BOM JARDIM DA SERRA,SC,07/2022,248,187,"75,40",187,0,"100,00",61,"24,60",5,56,"22,58"
420250,BOM JARDIM DA SERRA,SC,11/2022,255,194,"76,08",193,1,"99,48",61,"23,92",0,61,"23,92"
420253,BOM JESUS,SC,11/2022,182,166,"91,21",166,0,"100,00",16,"8,79",1,15,"8,24"
420253,BOM JESUS,SC,09/2022,169,152,"89,94",152,0,"100,00",17,"10,06",1,16,"9,47"
420253,BOM JESUS,SC,07/2022,159,141,"88,68",141,0,"100,00",18,"11,32",3,15,"9,43"
420257,BOM JESUS DO OESTE,SC,07/2022,59,55,"93,22",54,1,"98,18",4,"6,78",1,3,"5,08"
420257,BOM JESUS DO OESTE,SC,09/2022,65,62,"95,38",60,2,"96,77",3,"4,62",2,1,"1,54"
420257,BOM JESUS DO OESTE,SC,11/2022,63,62,"98,41",62,0,"100,00",1,"1,59",0,1,"1,59"
420260,BOM RETIRO,SC,11/2022,531,517,"97,36",514,3,"99,42",14,"2,64",1,13,"2,45"
420260,BOM RETIRO,SC,07/2022,524,510,"97,33",509,1,"99,80",14,"2,67",2,12,"2,29"
420260,BOM RETIRO,SC,09/2022,550,531,"96,55",525,6,"98,87",19,"3,45",1,18,"3,27"
420270,BOTUVERÁ,SC,07/2022,80,39,"48,75",39,0,"100,00",41,"51,25",18,23,"28,75"
420270,BOTUVERÁ,SC,09/2022,87,71,"81,61",70,1,"98,59",16,"18,39",8,8,"9,20"
420270,BOTUVERÁ,SC,11/2022,81,66,"81,48",64,2,"96,97",15,"18,52",9,6,"7,41"
420280,BRAÇO DO NORTE,SC,11/2022,673,499,"74,15",495,4,"99,20",174,"25,85",52,122,"18,13"
420280,BRAÇO DO NORTE,SC,09/2022,672,496,"73,81",489,7,"98,59",176,"26,19",50,126,"18,75"
420280,BRAÇO DO NORTE,SC,07/2022,594,420,"70,71",416,4,"99,05",174,"29,29",60,114,"19,19"
420285,BRAÇO DO TROMBUDO,SC,09/2022,50,46,"92,00",45,1,"97,83",4,"8,00",0,4,"8,00"
420285,BRAÇO DO TROMBUDO,SC,07/2022,39,34,"87,18",34,0,"100,00",5,"12,82",0,5,"12,82"
420285,BRAÇO DO TROMBUDO,SC,11/2022,47,46,"97,87",46,0,"100,00",1,"2,13",1,0,"0,00"
420287,BRUNÓPOLIS,SC,11/2022,112,90,"80,36",90,0,"100,00",22,"19,64",0,22,"19,64"
420287,BRUNÓPOLIS,SC,09/2022,110,83,"75,45",82,1,"98,80",27,"24,55",6,21,"19,09"
420287,BRUNÓPOLIS,SC,07/2022,116,82,"70,69",82,0,"100,00",34,"29,31",12,22,"18,97"
420290,BRUSQUE,SC,09/2022,2497,1467,"58,75",1440,27,"98,16",1030,"41,25",335,695,"27,83"
420290,BRUSQUE,SC,07/2022,2170,918,"42,30",897,21,"97,71",1252,"57,70",623,629,"28,99"
420290,BRUSQUE,SC,11/2022,2467,1576,"63,88",1553,23,"98,54",891,"36,12",228,663,"26,87"
420300,CAÇADOR,SC,11/2022,2097,1974,"94,13",1892,82,"95,85",123,"5,87",22,101,"4,82"
420300,CAÇADOR,SC,09/2022,2070,1422,"68,70",1373,49,"96,55",648,"31,30",314,334,"16,14"
420300,CAÇADOR,SC,07/2022,2079,1278,"61,47",1222,56,"95,62",801,"38,53",167,634,"30,50"
420310,CAIBI,SC,09/2022,190,177,"93,16",173,4,"97,74",13,"6,84",5,8,"4,21"
420310,CAIBI,SC,07/2022,165,47,"28,48",43,4,"91,49",118,"71,52",75,43,"26,06"
420310,CAIBI,SC,11/2022,195,187,"95,90",180,7,"96,26",8,"4,10",7,1,"0,51"
420315,CALMON,SC,11/2022,282,276,"97,87",252,24,"91,30",6,"2,13",0,6,"2,13"
420315,CALMON,SC,07/2022,293,222,"75,77",200,22,"90,09",71,"24,23",12,59,"20,14"
420315,CALMON,SC,09/2022,276,253,"91,67",232,21,"91,70",23,"8,33",13,10,"3,62"
420320,CAMBORIÚ,SC,09/2022,2310,1408,"60,95",1401,7,"99,50",902,"39,05",356,546,"23,64"
420320,CAMBORIÚ,SC,07/2022,2047,1309,"63,95",1307,2,"99,85",738,"36,05",288,450,"21,98"
420320,CAMBORIÚ,SC,11/2022,2427,1877,"77,34",1865,12,"99,36",550,"22,66",14,536,"22,08"
420325,CAPÃO ALTO,SC,11/2022,101,96,"95,05",86,10,"89,58",5,"4,95",3,2,"1,98"
420325,CAPÃO ALTO,SC,07/2022,93,63,"67,74",62,1,"98,41",30,"32,26",5,25,"26,88"
420325,CAPÃO ALTO,SC,09/2022,106,97,"91,51",92,5,"94,85",9,"8,49",4,5,"4,72"
420330,CAMPO ALEGRE,SC,07/2022,327,255,"77,98",233,22,"91,37",72,"22,02",64,8,"2,45"
420330,CAMPO ALEGRE,SC,09/2022,319,265,"83,07",265,0,"100,00",54,"16,93",50,4,"1,25"
420330,CAMPO ALEGRE,SC,11/2022,312,281,"90,06",280,1,"99,64",31,"9,94",28,3,"0,96"
420340,CAMPO BELO DO SUL,SC,11/2022,336,195,"58,04",184,11,"94,36",141,"41,96",92,49,"14,58"
420340,CAMPO BELO DO SUL,SC,09/2022,335,190,"56,72",185,5,"97,37",145,"43,28",93,52,"15,52"
420340,CAMPO BELO DO SUL,SC,07/2022,333,181,"54,35",177,4,"97,79",152,"45,65",77,75,"22,52"
420350,CAMPO ERÊ,SC,07/2022,482,402,"83,40",402,0,"100,00",80,"16,60",14,66,"13,69"
420350,CAMPO ERÊ,SC,09/2022,475,429,"90,32",424,5,"98,83",46,"9,68",33,13,"2,74"
420350,CAMPO ERÊ,SC,11/2022,451,425,"94,24",425,0,"100,00",26,"5,76",10,16,"3,55"
420360,CAMPOS NOVOS,SC,11/2022,576,504,"87,50",479,25,"95,04",72,"12,50",4,68,"11,81"
420360,CAMPOS NOVOS,SC,07/2022,611,523,"85,60",521,2,"99,62",88,"14,40",6,82,"13,42"
420360,CAMPOS NOVOS,SC,09/2022,586,548,"93,52",520,28,"94,89",38,"6,48",4,34,"5,80"
420370,CANELINHA,SC,07/2022,613,444,"72,43",435,9,"97,97",169,"27,57",26,143,"23,33"
420370,CANELINHA,SC,09/2022,633,481,"75,99",472,9,"98,13",152,"24,01",6,146,"23,06"
420370,CANELINHA,SC,11/2022,637,487,"76,45",480,7,"98,56",150,"23,55",8,142,"22,29"
420380,CANOINHAS,SC,11/2022,1566,1516,"96,81",1475,41,"97,30",50,"3,19",17,33,"2,11"
420380,CANOINHAS,SC,07/2022,1595,1492,"93,54",1466,26,"98,26",103,"6,46",67,36,"2,26"
420380,CANOINHAS,SC,09/2022,1597,1484,"92,92",1443,41,"97,24",113,"7,08",85,28,"1,75"
420390,CAPINZAL,SC,09/2022,273,239,"87,55",231,8,"96,65",34,"12,45",0,34,"12,45"
420390,CAPINZAL,SC,07/2022,256,223,"87,11",216,7,"96,86",33,"12,89",1,32,"12,50"
420390,CAPINZAL,SC,11/2022,266,252,"94,74",240,12,"95,24",14,"5,26",5,9,"3,38"
420395,CAPIVARI DE BAIXO,SC,11/2022,307,261,"85,02",252,9,"96,55",46,"14,98",32,14,"4,56"
420395,CAPIVARI DE BAIXO,SC,07/2022,311,298,"95,82",295,3,"98,99",13,"4,18",5,8,"2,57"
420395,CAPIVARI DE BAIXO,SC,09/2022,322,306,"95,03",301,5,"98,37",16,"4,97",4,12,"3,73"
420400,CATANDUVAS,SC,09/2022,375,344,"91,73",339,5,"98,55",31,"8,27",9,22,"5,87"
420400,CATANDUVAS,SC,07/2022,354,294,"83,05",289,5,"98,30",60,"16,95",7,53,"14,97"
420400,CATANDUVAS,SC,11/2022,360,346,"96,11",344,2,"99,42",14,"3,89",1,13,"3,61"
420410,CAXAMBU DO SUL,SC,11/2022,224,180,"80,36",178,2,"98,89",44,"19,64",1,43,"19,20"
420410,CAXAMBU DO SUL,SC,09/2022,223,170,"76,23",169,1,"99,41",53,"23,77",8,45,"20,18"
420410,CAXAMBU DO SUL,SC,07/2022,225,102,"45,33",101,1,"99,02",123,"54,67",81,42,"18,67"
420415,CELSO RAMOS,SC,09/2022,139,118,"84,89",118,0,"100,00",21,"15,11",5,16,"11,51"
420415,CELSO RAMOS,SC,07/2022,131,114,"87,02",114,0,"100,00",17,"12,98",2,15,"11,45"
420415,CELSO RAMOS,SC,11/2022,138,118,"85,51",118,0,"100,00",20,"14,49",3,17,"12,32"
420417,CERRO NEGRO,SC,11/2022,237,83,"35,02",83,0,"100,00",154,"64,98",124,30,"12,66"
420417,CERRO NEGRO,SC,07/2022,234,79,"33,76",78,1,"98,73",155,"66,24",125,30,"12,82"
420417,CERRO NEGRO,SC,09/2022,235,49,"20,85",49,0,"100,00",186,"79,15",156,30,"12,77"
420419,CHAPADÃO DO LAGEADO,SC,09/2022,66,65,"98,48",64,1,"98,46",1,"1,52",1,0,"0,00"
420419,CHAPADÃO DO LAGEADO,SC,07/2022,63,63,"100,00",62,1,"98,41",0,"0,00",0,0,"0,00"
420419,CHAPADÃO DO LAGEADO,SC,11/2022,64,62,"96,88",60,2,"96,77",2,"3,13",1,1,"1,56"
420420,CHAPECÓ,SC,11/2022,5196,4680,"90,07",4444,236,"94,96",516,"9,93",100,416,"8,01"
420420,CHAPECÓ,SC,09/2022,5017,3660,"72,95",3397,263,"92,81",1357,"27,05",669,688,"13,71"
420420,CHAPECÓ,SC,07/2022,4861,3680,"75,70",3451,229,"93,78",1181,"24,30",545,636,"13,08"
420425,COCAL DO SUL,SC,07/2022,214,160,"74,77",159,1,"99,38",54,"25,23",5,49,"22,90"
420425,COCAL DO SUL,SC,09/2022,219,161,"73,52",157,4,"97,52",58,"26,48",8,50,"22,83"
420425,COCAL DO SUL,SC,11/2022,197,149,"75,63",148,1,"99,33",48,"24,37",1,47,"23,86"
420430,CONCÓRDIA,SC,11/2022,1004,938,"93,43",888,50,"94,67",66,"6,57",4,62,"6,18"
420430,CONCÓRDIA,SC,07/2022,958,728,"75,99",682,46,"93,68",230,"24,01",33,197,"20,56"
420430,CONCÓRDIA,SC,09/2022,1003,943,"94,02",911,32,"96,61",60,"5,98",13,47,"4,69"
420435,CORDILHEIRA ALTA,SC,09/2022,96,20,"20,83",20,0,"100,00",76,"79,17",49,27,"28,13"
420435,CORDILHEIRA ALTA,SC,07/2022,79,16,"20,25",16,0,"100,00",63,"79,75",49,14,"17,72"
420435,CORDILHEIRA ALTA,SC,11/2022,93,63,"67,74",63,0,"100,00",30,"32,26",7,23,"24,73"
420440,CORONEL FREITAS,SC,11/2022,280,187,"66,79",185,2,"98,93",93,"33,21",34,59,"21,07"
420440,CORONEL FREITAS,SC,09/2022,242,142,"58,68",135,7,"95,07",100,"41,32",48,52,"21,49"
420440,CORONEL FREITAS,SC,07/2022,227,142,"62,56",126,16,"88,73",85,"37,44",41,44,"19,38"
420445,CORONEL MARTINS,SC,07/2022,43,19,"44,19",19,0,"100,00",24,"55,81",23,1,"2,33"
420445,CORONEL MARTINS,SC,09/2022,44,40,"90,91",40,0,"100,00",4,"9,09",3,1,"2,27"
420445,CORONEL MARTINS,SC,11/2022,43,40,"93,02",40,0,"100,00",3,"6,98",2,1,"2,33"
420450,CORUPÁ,SC,11/2022,250,199,"79,60",194,5,"97,49",51,"20,40",1,50,"20,00"
420450,CORUPÁ,SC,09/2022,264,203,"76,89",200,3,"98,52",61,"23,11",0,61,"23,11"
420450,CORUPÁ,SC,07/2022,251,167,"66,53",164,3,"98,20",84,"33,47",18,66,"26,29"
420455,CORREIA PINTO,SC,09/2022,748,496,"66,31",490,6,"98,79",252,"33,69",150,102,"13,64"
420455,CORREIA PINTO,SC,07/2022,740,578,"78,11",566,12,"97,92",162,"21,89",62,100,"13,51"
420455,CORREIA PINTO,SC,11/2022,765,677,"88,50",670,7,"98,97",88,"11,50",35,53,"6,93"
420460,CRICIÚMA,SC,11/2022,4072,3984,"97,84",3720,264,"93,37",88,"2,16",23,65,"1,60"
420460,CRICIÚMA,SC,07/2022,3960,3867,"97,65",3579,288,"92,55",93,"2,35",20,73,"1,84"
420460,CRICIÚMA,SC,09/2022,4156,4084,"98,27",3808,276,"93,24",72,"1,73",15,57,"1,37"
420470,CUNHA PORÃ,SC,07/2022,117,93,"79,49",93,0,"100,00",24,"20,51",4,20,"17,09"
420470,CUNHA PORÃ,SC,09/2022,113,91,"80,53",91,0,"100,00",22,"19,47",2,20,"17,70"
420470,CUNHA PORÃ,SC,11/2022,114,94,"82,46",93,1,"98,94",20,"17,54",1,19,"16,67"
420475,CUNHATAÍ,SC,11/2022,12,12,"100,00",12,0,"100,00",0,"0,00",0,0,"0,00"
420475,CUNHATAÍ,SC,09/2022,10,8,"80,00",8,0,"100,00",2,"20,00",2,0,"0,00"
420475,CUNHATAÍ,SC,07/2022,8,6,"75,00",6,0,"100,00",2,"25,00",2,0,"0,00"
420480,CURITIBANOS,SC,07/2022,1777,1440,"81,04",1432,8,"99,44",337,"18,96",38,299,"16,83"
420480,CURITIBANOS,SC,09/2022,1832,1494,"81,55",1484,10,"99,33",338,"18,45",34,304,"16,59"
420480,CURITIBANOS,SC,11/2022,1811,1693,"93,48",1679,14,"99,17",118,"6,52",12,106,"5,85"
420490,DESCANSO,SC,11/2022,144,123,"85,42",122,1,"99,19",21,"14,58",4,17,"11,81"
420490,DESCANSO,SC,09/2022,143,84,"58,74",81,3,"96,43",59,"41,26",42,17,"11,89"
420490,DESCANSO,SC,07/2022,142,116,"81,69",111,5,"95,69",26,"18,31",8,18,"12,68"
420500,DIONÍSIO CERQUEIRA,SC,07/2022,533,393,"73,73",384,9,"97,71",140,"26,27",19,121,"22,70"
420500,DIONÍSIO CERQUEIRA,SC,09/2022,524,390,"74,43",388,2,"99,49",134,"25,57",13,121,"23,09"
420500,DIONÍSIO CERQUEIRA,SC,11/2022,514,381,"74,12",380,1,"99,74",133,"25,88",17,116,"22,57"
420510,DONA EMMA,SC,11/2022,41,41,"100,00",41,0,"100,00",0,"0,00",0,0,"0,00"
420510,DONA EMMA,SC,09/2022,40,39,"97,50",39,0,"100,00",1,"2,50",1,0,"0,00"
420510,DONA EMMA,SC,07/2022,37,37,"100,00",37,0,"100,00",0,"0,00",0,0,"0,00"
420515,DOUTOR PEDRINHO,SC,09/2022,32,28,"87,50",27,1,"96,43",4,"12,50",3,1,"3,13"
420515,DOUTOR PEDRINHO,SC,07/2022,32,25,"78,13",25,0,"100,00",7,"21,88",1,6,"18,75"
420515,DOUTOR PEDRINHO,SC,11/2022,26,25,"96,15",23,2,"92,00",1,"3,85",1,0,"0,00"
420517,ENTRE RIOS,SC,11/2022,282,210,"74,47",208,2,"99,05",72,"25,53",14,58,"20,57"
420517,ENTRE RIOS,SC,07/2022,299,197,"65,89",192,5,"97,46",102,"34,11",29,73,"24,41"
420517,ENTRE RIOS,SC,09/2022,294,217,"73,81",212,5,"97,70",77,"26,19",14,63,"21,43"
420519,ERMO,SC,09/2022,103,103,"100,00",103,0,"100,00",0,"0,00",0,0,"0,00"
420519,ERMO,SC,07/2022,95,93,"97,89",93,0,"100,00",2,"2,11",0,2,"2,11"
420519,ERMO,SC,11/2022,103,102,"99,03",102,0,"100,00",1,"0,97",1,0,"0,00"
420520,ERVAL VELHO,SC,11/2022,49,45,"91,84",44,1,"97,78",4,"8,16",0,4,"8,16"
420520,ERVAL VELHO,SC,07/2022,46,37,"80,43",34,3,"91,89",9,"19,57",0,9,"19,57"
420520,ERVAL VELHO,SC,09/2022,44,44,"100,00",40,4,"90,91",0,"0,00",0,0,"0,00"
420530,FAXINAL DOS GUEDES,SC,09/2022,249,157,"63,05",156,1,"99,36",92,"36,95",81,11,"4,42"
420530,FAXINAL DOS GUEDES,SC,07/2022,244,186,"76,23",184,2,"98,92",58,"23,77",22,36,"14,75"
420530,FAXINAL DOS GUEDES,SC,11/2022,247,222,"89,88",220,2,"99,10",25,"10,12",17,8,"3,24"
420535,FLOR DO SERTÃO,SC,11/2022,33,26,"78,79",26,0,"100,00",7,"21,21",5,2,"6,06"
420535,FLOR DO SERTÃO,SC,09/2022,36,31,"86,11",31,0,"100,00",5,"13,89",2,3,"8,33"
420535,FLOR DO SERTÃO,SC,07/2022,42,37,"88,10",37,0,"100,00",5,"11,90",2,3,"7,14"
420540,FLORIANÓPOLIS,SC,09/2022,9916,6566,"66,22",6389,177,"97,30",3350,"33,78",183,3167,"31,94"
420540,FLORIANÓPOLIS,SC,07/2022,8729,5061,"57,98",4823,238,"95,30",3668,"42,02",690,2978,"34,12"
420540,FLORIANÓPOLIS,SC,11/2022,10083,6819,"67,63",6541,278,"95,92",3264,"32,37",116,3148,"31,22"
420543,FORMOSA DO SUL,SC,11/2022,89,83,"93,26",82,1,"98,80",6,"6,74",0,6,"6,74"
420543,FORMOSA DO SUL,SC,07/2022,92,83,"90,22",82,1,"98,80",9,"9,78",0,9,"9,78"
420543,FORMOSA DO SUL,SC,09/2022,96,85,"88,54",85,0,"100,00",11,"11,46",1,10,"10,42"
420545,FORQUILHINHA,SC,07/2022,497,454,"91,35",436,18,"96,04",43,"8,65",31,12,"2,41"
420545,FORQUILHINHA,SC,09/2022,519,479,"92,29",467,12,"97,49",40,"7,71",13,27,"5,20"
420545,FORQUILHINHA,SC,11/2022,540,491,"90,93",490,1,"99,80",49,"9,07",10,39,"7,22"
420550,FRAIBURGO,SC,11/2022,1366,1112,"81,41",1062,50,"95,50",254,"18,59",21,233,"17,06"
420550,FRAIBURGO,SC,07/2022,1325,1054,"79,55",998,56,"94,69",271,"20,45",11,260,"19,62"
420550,FRAIBURGO,SC,09/2022,1380,1084,"78,55",1027,57,"94,74",296,"21,45",35,261,"18,91"
420555,FREI ROGÉRIO,SC,07/2022,149,117,"78,52",114,3,"97,44",32,"21,48",1,31,"20,81"
420555,FREI ROGÉRIO,SC,09/2022,130,45,"34,62",45,0,"100,00",85,"65,38",54,31,"23,85"
420555,FREI ROGÉRIO,SC,11/2022,152,121,"79,61",120,1,"99,17",31,"20,39",1,30,"19,74"
420560,GALVÃO,SC,11/2022,144,124,"86,11",124,0,"100,00",20,"13,89",3,17,"11,81"
420560,GALVÃO,SC,07/2022,155,134,"86,45",134,0,"100,00",21,"13,55",3,18,"11,61"
420560,GALVÃO,SC,09/2022,153,131,"85,62",130,1,"99,24",22,"14,38",4,18,"11,76"
420570,GAROPABA,SC,07/2022,802,534,"66,58",534,0,"100,00",268,"33,42",182,86,"10,72"
420570,GAROPABA,SC,09/2022,905,834,"92,15",830,4,"99,52",71,"7,85",30,41,"4,53"
420570,GAROPABA,SC,11/2022,928,871,"93,86",870,1,"99,89",57,"6,14",5,52,"5,60"
420580,GARUVA,SC,11/2022,584,498,"85,27",488,10,"97,99",86,"14,73",5,81,"13,87"
420580,GARUVA,SC,07/2022,610,545,"89,34",511,34,"93,76",65,"10,66",10,55,"9,02"
420580,GARUVA,SC,09/2022,598,473,"79,10",462,11,"97,67",125,"20,90",60,65,"10,87"
420590,GASPAR,SC,09/2022,886,724,"81,72",717,7,"99,03",162,"18,28",17,145,"16,37"
420590,GASPAR,SC,07/2022,818,616,"75,31",611,5,"99,19",202,"24,69",36,166,"20,29"
420590,GASPAR,SC,11/2022,842,697,"82,78",692,5,"99,28",145,"17,22",9,136,"16,15"
420600,GOVERNADOR CELSO RAMOS,SC,11/2022,485,353,"72,78",344,9,"97,45",132,"27,22",9,123,"25,36"
420600,GOVERNADOR CELSO RAMOS,SC,07/2022,409,281,"68,70",277,4,"98,58",128,"31,30",13,115,"28,12"
420600,GOVERNADOR CELSO RAMOS,SC,09/2022,458,330,"72,05",327,3,"99,09",128,"27,95",6,122,"26,64"
420610,GRÃO PARÁ,SC,09/2022,183,169,"92,35",169,0,"100,00",14,"7,65",9,5,"2,73"
420610,GRÃO PARÁ,SC,07/2022,148,140,"94,59",138,2,"98,57",8,"5,41",5,3,"2,03"
420610,GRÃO PARÁ,SC,11/2022,198,187,"94,44",186,1,"99,47",11,"5,56",8,3,"1,52"
420620,GRAVATAL,SC,11/2022,267,191,"71,54",191,0,"100,00",76,"28,46",38,38,"14,23"
420620,GRAVATAL,SC,07/2022,264,206,"78,03",204,2,"99,03",58,"21,97",26,32,"12,12"
420620,GRAVATAL,SC,09/2022,265,204,"76,98",204,0,"100,00",61,"23,02",28,33,"12,45"
420630,GUABIRUBA,SC,07/2022,468,223,"47,65",221,2,"99,10",245,"52,35",192,53,"11,32"
420630,GUABIRUBA,SC,09/2022,496,371,"74,80",358,13,"96,50",125,"25,20",61,64,"12,90"
420630,GUABIRUBA,SC,11/2022,505,407,"80,59",398,9,"97,79",98,"19,41",30,68,"13,47"
420640,GUARACIABA,SC,11/2022,123,100,"81,30",100,0,"100,00",23,"18,70",21,2,"1,63"
420640,GUARACIABA,SC,07/2022,136,113,"83,09",112,1,"99,12",23,"16,91",18,5,"3,68"
420640,GUARACIABA,SC,09/2022,133,118,"88,72",117,1,"99,15",15,"11,28",10,5,"3,76"
420650,GUARAMIRIM,SC,09/2022,1190,1092,"91,76",1086,6,"99,45",98,"8,24",10,88,"7,39"
420650,GUARAMIRIM,SC,07/2022,1132,989,"87,37",977,12,"98,79",143,"12,63",20,123,"10,87"
420650,GUARAMIRIM,SC,11/2022,1204,1098,"91,20",1098,0,"100,00",106,"8,80",17,89,"7,39"
420660,GUARUJÁ DO SUL,SC,11/2022,80,78,"97,50",76,2,"97,44",2,"2,50",1,1,"1,25"
420660,GUARUJÁ DO SUL,SC,07/2022,100,87,"87,00",77,10,"88,51",13,"13,00",1,12,"12,00"
420660,GUARUJÁ DO SUL,SC,09/2022,87,77,"88,51",71,6,"92,21",10,"11,49",0,10,"11,49"
420665,GUATAMBÚ,SC,07/2022,205,176,"85,85",175,1,"99,43",29,"14,15",5,24,"11,71"
420665,GUATAMBÚ,SC,09/2022,227,198,"87,22",194,4,"97,98",29,"12,78",3,26,"11,45"
420665,GUATAMBÚ,SC,11/2022,211,193,"91,47",190,3,"98,45",18,"8,53",1,17,"8,06"
420670,HERVAL D´OESTE,SC,11/2022,237,236,"99,58",226,10,"95,76",1,"0,42",1,0,"0,00"
420670,HERVAL D´OESTE,SC,07/2022,324,304,"93,83",290,14,"95,39",20,"6,17",6,14,"4,32"
420670,HERVAL D´OESTE,SC,09/2022,319,306,"95,92",296,10,"96,73",13,"4,08",3,10,"3,13"
420675,IBIAM,SC,09/2022,91,66,"72,53",64,2,"96,97",25,"27,47",2,23,"25,27"
420675,IBIAM,SC,07/2022,77,47,"61,04",47,0,"100,00",30,"38,96",8,22,"28,57"
420675,IBIAM,SC,11/2022,82,59,"71,95",58,1,"98,31",23,"28,05",1,22,"26,83"
420680,IBICARÉ,SC,11/2022,58,57,"98,28",57,0,"100,00",1,"1,72",1,0,"0,00"
420680,IBICARÉ,SC,09/2022,70,66,"94,29",66,0,"100,00",4,"5,71",4,0,"0,00"
420680,IBICARÉ,SC,07/2022,61,57,"93,44",55,2,"96,49",4,"6,56",4,0,"0,00"
420690,IBIRAMA,SC,07/2022,256,250,"97,66",248,2,"99,20",6,"2,34",2,4,"1,56"
420690,IBIRAMA,SC,09/2022,274,263,"95,99",259,4,"98,48",11,"4,01",5,6,"2,19"
420690,IBIRAMA,SC,11/2022,266,255,"95,86",250,5,"98,04",11,"4,14",3,8,"3,01"
420700,IÇARA,SC,11/2022,1410,1368,"97,02",1314,54,"96,05",42,"2,98",13,29,"2,06"
420700,IÇARA,SC,07/2022,1344,1181,"87,87",1113,68,"94,24",163,"12,13",10,153,"11,38"
420700,IÇARA,SC,09/2022,1393,1342,"96,34",1294,48,"96,42",51,"3,66",20,31,"2,23"
420710,ILHOTA,SC,07/2022,456,414,"90,79",406,8,"98,07",42,"9,21",20,22,"4,82"
420710,ILHOTA,SC,09/2022,480,447,"93,13",439,8,"98,21",33,"6,88",14,19,"3,96"
420710,ILHOTA,SC,11/2022,500,472,"94,40",464,8,"98,31",28,"5,60",11,17,"3,40"
420720,IMARUÍ,SC,11/2022,573,239,"41,71",237,2,"99,16",334,"58,29",202,132,"23,04"
420720,IMARUÍ,SC,07/2022,562,238,"42,35",238,0,"100,00",324,"57,65",210,114,"20,28"
420720,IMARUÍ,SC,09/2022,558,124,"22,22",123,1,"99,19",434,"77,78",321,113,"20,25"
420730,IMBITUBA,SC,09/2022,1428,728,"50,98",717,11,"98,49",700,"49,02",503,197,"13,80"
420730,IMBITUBA,SC,07/2022,1392,749,"53,81",746,3,"99,60",643,"46,19",451,192,"13,79"
420730,IMBITUBA,SC,11/2022,1509,1297,"85,95",1296,1,"99,92",212,"14,05",8,204,"13,52"
420740,IMBUIA,SC,11/2022,122,111,"90,98",111,0,"100,00",11,"9,02",1,10,"8,20"
420740,IMBUIA,SC,09/2022,127,115,"90,55",115,0,"100,00",12,"9,45",3,9,"7,09"
420740,IMBUIA,SC,07/2022,130,118,"90,77",118,0,"100,00",12,"9,23",1,11,"8,46"
420750,INDAIAL,SC,07/2022,771,656,"85,08",621,35,"94,66",115,"14,92",40,75,"9,73"
420750,INDAIAL,SC,09/2022,796,683,"85,80",666,17,"97,51",113,"14,20",16,97,"12,19"
420750,INDAIAL,SC,11/2022,763,719,"94,23",661,58,"91,93",44,"5,77",19,25,"3,28"
420757,IOMERÊ,SC,11/2022,35,29,"82,86",27,2,"93,10",6,"17,14",1,5,"14,29"
420757,IOMERÊ,SC,07/2022,28,24,"85,71",24,0,"100,00",4,"14,29",1,3,"10,71"
420757,IOMERÊ,SC,09/2022,38,35,"92,11",35,0,"100,00",3,"7,89",0,3,"7,89"
420760,IPIRA,SC,07/2022,59,54,"91,53",54,0,"100,00",5,"8,47",3,2,"3,39"
420760,IPIRA,SC,09/2022,64,61,"95,31",61,0,"100,00",3,"4,69",1,2,"3,13"
420760,IPIRA,SC,11/2022,67,63,"94,03",63,0,"100,00",4,"5,97",3,1,"1,49"
420765,IPORÃ DO OESTE,SC,11/2022,161,156,"96,89",154,2,"98,72",5,"3,11",2,3,"1,86"
420765,IPORÃ DO OESTE,SC,09/2022,164,148,"90,24",148,0,"100,00",16,"9,76",6,10,"6,10"
420765,IPORÃ DO OESTE,SC,07/2022,153,137,"89,54",135,2,"98,54",16,"10,46",9,7,"4,58"
420768,IPUAÇU,SC,07/2022,779,563,"72,27",553,10,"98,22",216,"27,73",107,109,"13,99"
420768,IPUAÇU,SC,09/2022,765,625,"81,70",624,1,"99,84",140,"18,30",21,119,"15,56"
420768,IPUAÇU,SC,11/2022,724,562,"77,62",555,7,"98,75",162,"22,38",42,120,"16,57"
420770,IPUMIRIM,SC,11/2022,94,87,"92,55",87,0,"100,00",7,"7,45",3,4,"4,26"
420770,IPUMIRIM,SC,09/2022,104,101,"97,12",99,2,"98,02",3,"2,88",0,3,"2,88"
420770,IPUMIRIM,SC,07/2022,109,102,"93,58",99,3,"97,06",7,"6,42",2,5,"4,59"
420775,IRACEMINHA,SC,09/2022,82,78,"95,12",76,2,"97,44",4,"4,88",3,1,"1,22"
420775,IRACEMINHA,SC,07/2022,83,75,"90,36",73,2,"97,33",8,"9,64",7,1,"1,20"
420775,IRACEMINHA,SC,11/2022,81,76,"93,83",74,2,"97,37",5,"6,17",4,1,"1,23"
420780,IRANI,SC,11/2022,189,184,"97,35",180,4,"97,83",5,"2,65",0,5,"2,65"
420780,IRANI,SC,09/2022,191,181,"94,76",181,0,"100,00",10,"5,24",0,10,"5,24"
420780,IRANI,SC,07/2022,191,167,"87,43",167,0,"100,00",24,"12,57",3,21,"10,99"
420785,IRATI,SC,09/2022,46,43,"93,48",43,0,"100,00",3,"6,52",1,2,"4,35"
420785,IRATI,SC,07/2022,55,50,"90,91",50,0,"100,00",5,"9,09",3,2,"3,64"
420785,IRATI,SC,11/2022,48,44,"91,67",44,0,"100,00",4,"8,33",2,2,"4,17"
420790,IRINEÓPOLIS,SC,11/2022,457,398,"87,09",395,3,"99,25",59,"12,91",17,42,"9,19"
420790,IRINEÓPOLIS,SC,09/2022,458,316,"69,00",315,1,"99,68",142,"31,00",95,47,"10,26"
420790,IRINEÓPOLIS,SC,07/2022,472,387,"81,99",383,4,"98,97",85,"18,01",32,53,"11,23"
420800,ITÁ,SC,07/2022,173,163,"94,22",152,11,"93,25",10,"5,78",3,7,"4,05"
420800,ITÁ,SC,09/2022,196,190,"96,94",183,7,"96,32",6,"3,06",4,2,"1,02"
420800,ITÁ,SC,11/2022,197,189,"95,94",182,7,"96,30",8,"4,06",4,4,"2,03"
420810,ITAIÓPOLIS,SC,11/2022,726,604,"83,20",598,6,"99,01",122,"16,80",20,102,"14,05"
420810,ITAIÓPOLIS,SC,07/2022,719,577,"80,25",574,3,"99,48",142,"19,75",33,109,"15,16"
420810,ITAIÓPOLIS,SC,09/2022,735,572,"77,82",569,3,"99,48",163,"22,18",54,109,"14,83"
420820,ITAJAÍ,SC,09/2022,5019,4838,"96,39",4728,110,"97,73",181,"3,61",49,132,"2,63"
420820,ITAJAÍ,SC,07/2022,4512,4265,"94,53",4146,119,"97,21",247,"5,47",35,212,"4,70"
420820,ITAJAÍ,SC,11/2022,4935,4750,"96,25",4620,130,"97,26",185,"3,75",34,151,"3,06"
420830,ITAPEMA,SC,11/2022,1928,1212,"62,86",1156,56,"95,38",716,"37,14",108,608,"31,54"
420830,ITAPEMA,SC,07/2022,1691,794,"46,95",775,19,"97,61",897,"53,05",290,607,"35,90"
420830,ITAPEMA,SC,09/2022,1788,790,"44,18",767,23,"97,09",998,"55,82",378,620,"34,68"
420840,ITAPIRANGA,SC,07/2022,130,100,"76,92",98,2,"98,00",30,"23,08",17,13,"10,00"
420840,ITAPIRANGA,SC,09/2022,134,115,"85,82",113,2,"98,26",19,"14,18",6,13,"9,70"
420840,ITAPIRANGA,SC,11/2022,144,128,"88,89",127,1,"99,22",16,"11,11",10,6,"4,17"
420845,ITAPOÁ,SC,11/2022,1041,784,"75,31",714,70,"91,07",257,"24,69",23,234,"22,48"
420845,ITAPOÁ,SC,07/2022,954,777,"81,45",772,5,"99,36",177,"18,55",25,152,"15,93"
420845,ITAPOÁ,SC,09/2022,1040,798,"76,73",728,70,"91,23",242,"23,27",25,217,"20,87"
420850,ITUPORANGA,SC,09/2022,399,312,"78,20",308,4,"98,72",87,"21,80",1,86,"21,55"
420850,ITUPORANGA,SC,07/2022,409,328,"80,20",325,3,"99,09",81,"19,80",6,75,"18,34"
420850,ITUPORANGA,SC,11/2022,416,336,"80,77",335,1,"99,70",80,"19,23",2,78,"18,75"
420860,JABORÁ,SC,11/2022,96,93,"96,88",90,3,"96,77",3,"3,13",0,3,"3,13"
420860,JABORÁ,SC,07/2022,94,84,"89,36",81,3,"96,43",10,"10,64",3,7,"7,45"
420860,JABORÁ,SC,09/2022,98,92,"93,88",90,2,"97,83",6,"6,12",3,3,"3,06"
420870,JACINTO MACHADO,SC,07/2022,313,283,"90,42",278,5,"98,23",30,"9,58",3,27,"8,63"
420870,JACINTO MACHADO,SC,09/2022,302,297,"98,34",297,0,"100,00",5,"1,66",3,2,"0,66"
420870,JACINTO MACHADO,SC,11/2022,292,291,"99,66",289,2,"99,31",1,"0,34",0,1,"0,34"
420880,JAGUARUNA,SC,11/2022,556,516,"92,81",455,61,"88,18",40,"7,19",14,26,"4,68"
420880,JAGUARUNA,SC,07/2022,541,424,"78,37",408,16,"96,23",117,"21,63",18,99,"18,30"
420880,JAGUARUNA,SC,09/2022,566,431,"76,15",403,28,"93,50",135,"23,85",32,103,"18,20"
420890,JARAGUÁ DO SUL,SC,07/2022,2223,2050,"92,22",2017,33,"98,39",173,"7,78",27,146,"6,57"
420890,JARAGUÁ DO SUL,SC,09/2022,2282,2108,"92,38",2071,37,"98,24",174,"7,62",127,47,"2,06"
420890,JARAGUÁ DO SUL,SC,11/2022,2327,2161,"92,87",2116,45,"97,92",166,"7,13",120,46,"1,98"
420895,JARDINÓPOLIS,SC,11/2022,52,52,"100,00",52,0,"100,00",0,"0,00",0,0,"0,00"
420895,JARDINÓPOLIS,SC,07/2022,55,44,"80,00",44,0,"100,00",11,"20,00",9,2,"3,64"
420895,JARDINÓPOLIS,SC,09/2022,53,13,"24,53",13,0,"100,00",40,"75,47",37,3,"5,66"
420900,JOAÇABA,SC,09/2022,482,472,"97,93",455,17,"96,40",10,"2,07",5,5,"1,04"
420900,JOAÇABA,SC,07/2022,477,460,"96,44",443,17,"96,30",17,"3,56",9,8,"1,68"
420900,JOAÇABA,SC,11/2022,465,457,"98,28",445,12,"97,37",8,"1,72",1,7,"1,51"
420910,JOINVILLE,SC,11/2022,10855,10174,"93,73",9820,354,"96,52",681,"6,27",162,519,"4,78"
420910,JOINVILLE,SC,07/2022,9502,6815,"71,72",6452,363,"94,67",2687,"28,28",1963,724,"7,62"
420910,JOINVILLE,SC,09/2022,10558,9509,"90,06",9139,370,"96,11",1049,"9,94",361,688,"6,52"
420915,JOSÉ BOITEUX,SC,07/2022,401,391,"97,51",381,10,"97,44",10,"2,49",4,6,"1,50"
420915,JOSÉ BOITEUX,SC,09/2022,407,398,"97,79",392,6,"98,49",9,"2,21",0,9,"2,21"
420915,JOSÉ BOITEUX,SC,11/2022,398,386,"96,98",371,15,"96,11",12,"3,02",2,10,"2,51"
420917,JUPIÁ,SC,11/2022,92,81,"88,04",75,6,"92,59",11,"11,96",0,11,"11,96"
420917,JUPIÁ,SC,09/2022,92,83,"90,22",80,3,"96,39",9,"9,78",1,8,"8,70"
420917,JUPIÁ,SC,07/2022,84,76,"90,48",70,6,"92,11",8,"9,52",3,5,"5,95"
420920,LACERDÓPOLIS,SC,07/2022,18,12,"66,67",12,0,"100,00",6,"33,33",1,5,"27,78"
420920,LACERDÓPOLIS,SC,09/2022,16,15,"93,75",15,0,"100,00",1,"6,25",1,0,"0,00"
420920,LACERDÓPOLIS,SC,11/2022,13,13,"100,00",13,0,"100,00",0,"0,00",0,0,"0,00"
420930,LAGES,SC,11/2022,6572,6408,"97,50",6160,248,"96,13",164,"2,50",40,124,"1,89"
420930,LAGES,SC,09/2022,6513,6311,"96,90",6075,236,"96,26",202,"3,10",112,90,"1,38"
420930,LAGES,SC,07/2022,6546,6080,"92,88",5930,150,"97,53",466,"7,12",60,406,"6,20"
420940,LAGUNA,SC,07/2022,801,510,"63,67",487,23,"95,49",291,"36,33",154,137,"17,10"
420940,LAGUNA,SC,09/2022,801,594,"74,16",582,12,"97,98",207,"25,84",68,139,"17,35"
420940,LAGUNA,SC,11/2022,852,707,"82,98",688,19,"97,31",145,"17,02",8,137,"16,08"
420945,LAJEADO GRANDE,SC,11/2022,55,44,"80,00",44,0,"100,00",11,"20,00",4,7,"12,73"
420945,LAJEADO GRANDE,SC,09/2022,55,42,"76,36",41,1,"97,62",13,"23,64",6,7,"12,73"
420945,LAJEADO GRANDE,SC,07/2022,49,42,"85,71",42,0,"100,00",7,"14,29",1,6,"12,24"
420950,LAURENTINO,SC,07/2022,71,60,"84,51",60,0,"100,00",11,"15,49",5,6,"8,45"
420950,LAURENTINO,SC,09/2022,84,75,"89,29",75,0,"100,00",9,"10,71",5,4,"4,76"
420950,LAURENTINO,SC,11/2022,87,84,"96,55",81,3,"96,43",3,"3,45",2,1,"1,15"
420960,LAURO MULLER,SC,11/2022,346,288,"83,24",280,8,"97,22",58,"16,76",1,57,"16,47"
420960,LAURO MULLER,SC,09/2022,347,268,"77,23",261,7,"97,39",79,"22,77",15,64,"18,44"
420960,LAURO MULLER,SC,07/2022,355,283,"79,72",280,3,"98,94",72,"20,28",6,66,"18,59"
420970,LEBON RÉGIS,SC,07/2022,839,575,"68,53",563,12,"97,91",264,"31,47",70,194,"23,12"
420970,LEBON RÉGIS,SC,09/2022,859,531,"61,82",527,4,"99,25",328,"38,18",124,204,"23,75"
420970,LEBON RÉGIS,SC,11/2022,870,821,"94,37",814,7,"99,15",49,"5,63",14,35,"4,02"
420980,LEOBERTO LEAL,SC,11/2022,157,136,"86,62",134,2,"98,53",21,"13,38",5,16,"10,19"
420980,LEOBERTO LEAL,SC,07/2022,166,133,"80,12",132,1,"99,25",33,"19,88",14,19,"11,45"
420980,LEOBERTO LEAL,SC,09/2022,164,141,"85,98",140,1,"99,29",23,"14,02",5,18,"10,98"
420985,LINDÓIA DO SUL,SC,07/2022,86,63,"73,26",61,2,"96,83",23,"26,74",8,15,"17,44"
420985,LINDÓIA DO SUL,SC,09/2022,82,79,"96,34",78,1,"98,73",3,"3,66",2,1,"1,22"
420985,LINDÓIA DO SUL,SC,11/2022,82,81,"98,78",81,0,"100,00",1,"1,22",0,1,"1,22"
420990,LONTRAS,SC,11/2022,120,111,"92,50",109,2,"98,20",9,"7,50",0,9,"7,50"
420990,LONTRAS,SC,09/2022,125,114,"91,20",111,3,"97,37",11,"8,80",0,11,"8,80"
420990,LONTRAS,SC,07/2022,111,101,"90,99",101,0,"100,00",10,"9,01",1,9,"8,11"
421000,LUIZ ALVES,SC,09/2022,225,195,"86,67",193,2,"98,97",30,"13,33",5,25,"11,11"
421000,LUIZ ALVES,SC,07/2022,186,57,"30,65",56,1,"98,25",129,"69,35",113,16,"8,60"
421000,LUIZ ALVES,SC,11/2022,220,193,"87,73",188,5,"97,41",27,"12,27",3,24,"10,91"
421003,LUZERNA,SC,11/2022,37,36,"97,30",32,4,"88,89",1,"2,70",1,0,"0,00"
421003,LUZERNA,SC,09/2022,36,36,"100,00",34,2,"94,44",0,"0,00",0,0,"0,00"
421003,LUZERNA,SC,07/2022,25,20,"80,00",18,2,"90,00",5,"20,00",0,5,"20,00"
421005,MACIEIRA,SC,07/2022,40,30,"75,00",30,0,"100,00",10,"25,00",1,9,"22,50"
421005,MACIEIRA,SC,09/2022,45,36,"80,00",35,1,"97,22",9,"20,00",0,9,"20,00"
421005,MACIEIRA,SC,11/2022,46,43,"93,48",42,1,"97,67",3,"6,52",3,0,"0,00"
421010,MAFRA,SC,11/2022,1144,1039,"90,82",987,52,"95,00",105,"9,18",23,82,"7,17"
421010,MAFRA,SC,09/2022,1140,834,"73,16",795,39,"95,32",306,"26,84",84,222,"19,47"
421010,MAFRA,SC,07/2022,1136,810,"71,30",751,59,"92,72",326,"28,70",113,213,"18,75"
421020,MAJOR GERCINO,SC,07/2022,185,144,"77,84",144,0,"100,00",41,"22,16",6,35,"18,92"
421020,MAJOR GERCINO,SC,09/2022,204,167,"81,86",166,1,"99,40",37,"18,14",3,34,"16,67"
421020,MAJOR GERCINO,SC,11/2022,202,169,"83,66",169,0,"100,00",33,"16,34",1,32,"15,84"
421030,MAJOR VIEIRA,SC,11/2022,351,317,"90,31",316,1,"99,68",34,"9,69",5,29,"8,26"
421030,MAJOR VIEIRA,SC,07/2022,351,311,"88,60",310,1,"99,68",40,"11,40",5,35,"9,97"
421030,MAJOR VIEIRA,SC,09/2022,358,319,"89,11",317,2,"99,37",39,"10,89",7,32,"8,94"
421040,MARACAJÁ,SC,09/2022,211,209,"99,05",208,1,"99,52",2,"0,95",0,2,"0,95"
421040,MARACAJÁ,SC,07/2022,218,211,"96,79",206,5,"97,63",7,"3,21",0,7,"3,21"
421040,MARACAJÁ,SC,11/2022,210,210,"100,00",209,1,"99,52",0,"0,00",0,0,"0,00"
421050,MARAVILHA,SC,11/2022,341,289,"84,75",285,4,"98,62",52,"15,25",6,46,"13,49"
421050,MARAVILHA,SC,09/2022,351,245,"69,80",242,3,"98,78",106,"30,20",55,51,"14,53"
421050,MARAVILHA,SC,07/2022,341,226,"66,28",222,4,"98,23",115,"33,72",64,51,"14,96"
421055,MAREMA,SC,07/2022,39,29,"74,36",28,1,"96,55",10,"25,64",8,2,"5,13"
421055,MAREMA,SC,09/2022,40,36,"90,00",36,0,"100,00",4,"10,00",0,4,"10,00"
421055,MAREMA,SC,11/2022,38,34,"89,47",34,0,"100,00",4,"10,53",2,2,"5,26"
421060,MASSARANDUBA,SC,11/2022,267,208,"77,90",206,2,"99,04",59,"22,10",29,30,"11,24"
421060,MASSARANDUBA,SC,09/2022,267,233,"87,27",225,8,"96,57",34,"12,73",2,32,"11,99"
421060,MASSARANDUBA,SC,07/2022,228,81,"35,53",78,3,"96,30",147,"64,47",102,45,"19,74"
421070,MATOS COSTA,SC,07/2022,155,127,"81,94",126,1,"99,21",28,"18,06",4,24,"15,48"
421070,MATOS COSTA,SC,09/2022,144,121,"84,03",118,3,"97,52",23,"15,97",3,20,"13,89"
421070,MATOS COSTA,SC,11/2022,150,130,"86,67",126,4,"96,92",20,"13,33",0,20,"13,33"
421080,MELEIRO,SC,11/2022,214,205,"95,79",200,5,"97,56",9,"4,21",6,3,"1,40"
421080,MELEIRO,SC,09/2022,222,211,"95,05",210,1,"99,53",11,"4,95",3,8,"3,60"
421080,MELEIRO,SC,07/2022,225,213,"94,67",207,6,"97,18",12,"5,33",4,8,"3,56"
421085,MIRIM DOCE,SC,09/2022,43,34,"79,07",34,0,"100,00",9,"20,93",2,7,"16,28"
421085,MIRIM DOCE,SC,07/2022,37,17,"45,95",17,0,"100,00",20,"54,05",13,7,"18,92"
421085,MIRIM DOCE,SC,11/2022,42,35,"83,33",35,0,"100,00",7,"16,67",1,6,"14,29"
421090,MODELO,SC,11/2022,49,43,"87,76",41,2,"95,35",6,"12,24",1,5,"10,20"
421090,MODELO,SC,09/2022,55,48,"87,27",43,5,"89,58",7,"12,73",3,4,"7,27"
421090,MODELO,SC,07/2022,52,28,"53,85",24,4,"85,71",24,"46,15",21,3,"5,77"
421100,MONDAÍ,SC,09/2022,150,124,"82,67",123,1,"99,19",26,"17,33",6,20,"13,33"
421100,MONDAÍ,SC,07/2022,150,94,"62,67",94,0,"100,00",56,"37,33",35,21,"14,00"
421100,MONDAÍ,SC,11/2022,148,126,"85,14",125,1,"99,21",22,"14,86",1,21,"14,19"
421105,MONTE CARLO,SC,11/2022,539,447,"82,93",446,1,"99,78",92,"17,07",3,89,"16,51"
421105,MONTE CARLO,SC,09/2022,558,460,"82,44",459,1,"99,78",98,"17,56",3,95,"17,03"
421105,MONTE CARLO,SC,07/2022,561,464,"82,71",463,1,"99,78",97,"17,29",3,94,"16,76"
421110,MONTE CASTELO,SC,07/2022,555,451,"81,26",447,4,"99,11",104,"18,74",5,99,"17,84"
421110,MONTE CASTELO,SC,09/2022,572,465,"81,29",464,1,"99,78",107,"18,71",9,98,"17,13"
421110,MONTE CASTELO,SC,11/2022,559,515,"92,13",515,0,"100,00",44,"7,87",0,44,"7,87"
421120,MORRO DA FUMAÇA,SC,11/2022,421,358,"85,04",346,12,"96,65",63,"14,96",1,62,"14,73"
421120,MORRO DA FUMAÇA,SC,07/2022,395,317,"80,25",311,6,"98,11",78,"19,75",12,66,"16,71"
421120,MORRO DA FUMAÇA,SC,09/2022,427,355,"83,14",349,6,"98,31",72,"16,86",6,66,"15,46"
421125,MORRO GRANDE,SC,07/2022,108,108,"100,00",108,0,"100,00",0,"0,00",0,0,"0,00"
421125,MORRO GRANDE,SC,09/2022,112,112,"100,00",112,0,"100,00",0,"0,00",0,0,"0,00"
421125,MORRO GRANDE,SC,11/2022,115,115,"100,00",115,0,"100,00",0,"0,00",0,0,"0,00"
421130,NAVEGANTES,SC,11/2022,3149,2481,"78,79",2481,0,"100,00",668,"21,21",7,661,"20,99"
421130,NAVEGANTES,SC,09/2022,3188,2488,"78,04",2488,0,"100,00",700,"21,96",14,686,"21,52"
421130,NAVEGANTES,SC,07/2022,2911,2172,"74,61",2172,0,"100,00",739,"25,39",82,657,"22,57"
421140,NOVA ERECHIM,SC,09/2022,84,34,"40,48",34,0,"100,00",50,"59,52",38,12,"14,29"
421140,NOVA ERECHIM,SC,07/2022,76,32,"42,11",32,0,"100,00",44,"57,89",29,15,"19,74"
421140,NOVA ERECHIM,SC,11/2022,93,71,"76,34",70,1,"98,59",22,"23,66",10,12,"12,90"
421145,NOVA ITABERABA,SC,11/2022,143,122,"85,31",119,3,"97,54",21,"14,69",3,18,"12,59"
421145,NOVA ITABERABA,SC,07/2022,135,22,"16,30",22,0,"100,00",113,"83,70",104,9,"6,67"
421145,NOVA ITABERABA,SC,09/2022,137,112,"81,75",112,0,"100,00",25,"18,25",8,17,"12,41"
421150,NOVA TRENTO,SC,09/2022,271,242,"89,30",231,11,"95,45",29,"10,70",7,22,"8,12"
421150,NOVA TRENTO,SC,07/2022,262,220,"83,97",208,12,"94,55",42,"16,03",6,36,"13,74"
421150,NOVA TRENTO,SC,11/2022,237,222,"93,67",220,2,"99,10",15,"6,33",4,11,"4,64"
421160,NOVA VENEZA,SC,11/2022,245,228,"93,06",226,2,"99,12",17,"6,94",4,13,"5,31"
421160,NOVA VENEZA,SC,07/2022,235,210,"89,36",206,4,"98,10",25,"10,64",9,16,"6,81"
421160,NOVA VENEZA,SC,09/2022,250,238,"95,20",237,1,"99,58",12,"4,80",5,7,"2,80"
421165,NOVO HORIZONTE,SC,07/2022,64,0,"0,00",0,0,,64,"100,00",62,2,"3,13"
421165,NOVO HORIZONTE,SC,09/2022,75,73,"97,33",73,0,"100,00",2,"2,67",1,1,"1,33"
421165,NOVO HORIZONTE,SC,11/2022,64,59,"92,19",59,0,"100,00",5,"7,81",4,1,"1,56"
421170,ORLEANS,SC,11/2022,554,540,"97,47",524,16,"97,04",14,"2,53",7,7,"1,26"
421170,ORLEANS,SC,09/2022,584,566,"96,92",554,12,"97,88",18,"3,08",11,7,"1,20"
421170,ORLEANS,SC,07/2022,586,551,"94,03",538,13,"97,64",35,"5,97",9,26,"4,44"
421175,OTACÍLIO COSTA,SC,07/2022,427,351,"82,20",343,8,"97,72",76,"17,80",5,71,"16,63"
421175,OTACÍLIO COSTA,SC,09/2022,436,374,"85,78",365,9,"97,59",62,"14,22",5,57,"13,07"
421175,OTACÍLIO COSTA,SC,11/2022,429,370,"86,25",363,7,"98,11",59,"13,75",7,52,"12,12"
421180,OURO,SC,11/2022,98,95,"96,94",93,2,"97,89",3,"3,06",2,1,"1,02"
421180,OURO,SC,07/2022,91,76,"83,52",74,2,"97,37",15,"16,48",3,12,"13,19"
421180,OURO,SC,09/2022,93,76,"81,72",74,2,"97,37",17,"18,28",3,14,"15,05"
421185,OURO VERDE,SC,09/2022,106,95,"89,62",93,2,"97,89",11,"10,38",4,7,"6,60"
421185,OURO VERDE,SC,07/2022,106,81,"76,42",81,0,"100,00",25,"23,58",21,4,"3,77"
421185,OURO VERDE,SC,11/2022,112,99,"88,39",96,3,"96,97",13,"11,61",6,7,"6,25"
421187,PAIAL,SC,11/2022,63,63,"100,00",63,0,"100,00",0,"0,00",0,0,"0,00"
421187,PAIAL,SC,07/2022,75,70,"93,33",70,0,"100,00",5,"6,67",4,1,"1,33"
421187,PAIAL,SC,09/2022,73,68,"93,15",68,0,"100,00",5,"6,85",4,1,"1,37"
421189,PAINEL,SC,09/2022,142,117,"82,39",117,0,"100,00",25,"17,61",4,21,"14,79"
421189,PAINEL,SC,07/2022,139,82,"58,99",82,0,"100,00",57,"41,01",37,20,"14,39"
421189,PAINEL,SC,11/2022,133,114,"85,71",114,0,"100,00",19,"14,29",3,16,"12,03"
421190,PALHOÇA,SC,11/2022,4804,4425,"92,11",4191,234,"94,71",379,"7,89",25,354,"7,37"
421190,PALHOÇA,SC,07/2022,3972,3552,"89,43",3335,217,"93,89",420,"10,57",97,323,"8,13"
421190,PALHOÇA,SC,09/2022,4574,4136,"90,42",3865,271,"93,45",438,"9,58",110,328,"7,17"
421200,PALMA SOLA,SC,09/2022,299,235,"78,60",230,5,"97,87",64,"21,40",19,45,"15,05"
421200,PALMA SOLA,SC,07/2022,287,207,"72,13",200,7,"96,62",80,"27,87",25,55,"19,16"
421200,PALMA SOLA,SC,11/2022,277,231,"83,39",226,5,"97,84",46,"16,61",4,42,"15,16"
421205,PALMEIRA,SC,11/2022,84,69,"82,14",69,0,"100,00",15,"17,86",0,15,"17,86"
421205,PALMEIRA,SC,07/2022,63,44,"69,84",44,0,"100,00",19,"30,16",5,14,"22,22"
421205,PALMEIRA,SC,09/2022,75,60,"80,00",60,0,"100,00",15,"20,00",0,15,"20,00"
421210,PALMITOS,SC,09/2022,351,334,"95,16",327,7,"97,90",17,"4,84",14,3,"0,85"
421210,PALMITOS,SC,07/2022,365,268,"73,42",262,6,"97,76",97,"26,58",11,86,"23,56"
421210,PALMITOS,SC,11/2022,349,341,"97,71",325,16,"95,31",8,"2,29",2,6,"1,72"
421220,PAPANDUVA,SC,11/2022,630,530,"84,13",524,6,"98,87",100,"15,87",17,83,"13,17"
421220,PAPANDUVA,SC,07/2022,635,526,"82,83",504,22,"95,82",109,"17,17",18,91,"14,33"
421220,PAPANDUVA,SC,09/2022,639,483,"75,59",474,9,"98,14",156,"24,41",65,91,"14,24"
421223,PARAÍSO,SC,09/2022,143,104,"72,73",104,0,"100,00",39,"27,27",18,21,"14,69"
421223,PARAÍSO,SC,07/2022,136,101,"74,26",100,1,"99,01",35,"25,74",16,19,"13,97"
421223,PARAÍSO,SC,11/2022,144,113,"78,47",71,42,"62,83",31,"21,53",12,19,"13,19"
421225,PASSO DE TORRES,SC,11/2022,579,568,"98,10",550,18,"96,83",11,"1,90",4,7,"1,21"
421225,PASSO DE TORRES,SC,07/2022,507,419,"82,64",414,5,"98,81",88,"17,36",7,81,"15,98"
421225,PASSO DE TORRES,SC,09/2022,569,553,"97,19",540,13,"97,65",16,"2,81",9,7,"1,23"
421227,PASSOS MAIA,SC,09/2022,237,201,"84,81",199,2,"99,00",36,"15,19",18,18,"7,59"
421227,PASSOS MAIA,SC,07/2022,254,213,"83,86",206,7,"96,71",41,"16,14",18,23,"9,06"
421227,PASSOS MAIA,SC,11/2022,219,203,"92,69",199,4,"98,03",16,"7,31",5,11,"5,02"
421230,PAULO LOPES,SC,11/2022,223,214,"95,96",214,0,"100,00",9,"4,04",0,9,"4,04"
421230,PAULO LOPES,SC,07/2022,216,199,"92,13",198,1,"99,50",17,"7,87",7,10,"4,63"
421230,PAULO LOPES,SC,09/2022,227,211,"92,95",211,0,"100,00",16,"7,05",7,9,"3,96"
421240,PEDRAS GRANDES,SC,09/2022,56,54,"96,43",52,2,"96,30",2,"3,57",1,1,"1,79"
421240,PEDRAS GRANDES,SC,07/2022,57,56,"98,25",52,4,"92,86",1,"1,75",1,0,"0,00"
421240,PEDRAS GRANDES,SC,11/2022,59,56,"94,92",53,3,"94,64",3,"5,08",0,3,"5,08"
421250,PENHA,SC,11/2022,922,677,"73,43",658,19,"97,19",245,"26,57",19,226,"24,51"
421250,PENHA,SC,07/2022,748,525,"70,19",506,19,"96,38",223,"29,81",6,217,"29,01"
421250,PENHA,SC,09/2022,861,610,"70,85",581,29,"95,25",251,"29,15",26,225,"26,13"
421260,PERITIBA,SC,09/2022,21,17,"80,95",17,0,"100,00",4,"19,05",1,3,"14,29"
421260,PERITIBA,SC,07/2022,22,17,"77,27",17,0,"100,00",5,"22,73",2,3,"13,64"
421260,PERITIBA,SC,11/2022,18,15,"83,33",15,0,"100,00",3,"16,67",1,2,"11,11"
421265,PESCARIA BRAVA,SC,11/2022,435,252,"57,93",252,0,"100,00",183,"42,07",46,137,"31,49"
421265,PESCARIA BRAVA,SC,07/2022,392,121,"30,87",121,0,"100,00",271,"69,13",10,261,"66,58"
421265,PESCARIA BRAVA,SC,09/2022,426,150,"35,21",150,0,"100,00",276,"64,79",7,269,"63,15"
421270,PETROLÂNDIA,SC,09/2022,127,99,"77,95",99,0,"100,00",28,"22,05",26,2,"1,57"
421270,PETROLÂNDIA,SC,07/2022,115,112,"97,39",112,0,"100,00",3,"2,61",1,2,"1,74"
421270,PETROLÂNDIA,SC,11/2022,129,128,"99,22",128,0,"100,00",1,"0,78",0,1,"0,78"
421280,BALNEÁRIO PIÇARRAS,SC,11/2022,941,623,"66,21",616,7,"98,88",318,"33,79",92,226,"24,02"
421280,BALNEÁRIO PIÇARRAS,SC,07/2022,793,451,"56,87",448,3,"99,33",342,"43,13",137,205,"25,85"
421280,BALNEÁRIO PIÇARRAS,SC,09/2022,907,339,"37,38",336,3,"99,12",568,"62,62",345,223,"24,59"
421290,PINHALZINHO,SC,09/2022,189,163,"86,24",156,7,"95,71",26,"13,76",8,18,"9,52"
421290,PINHALZINHO,SC,07/2022,189,107,"56,61",93,14,"86,92",82,"43,39",65,17,"8,99"
421290,PINHALZINHO,SC,11/2022,186,170,"91,40",162,8,"95,29",16,"8,60",2,14,"7,53"
421300,PINHEIRO PRETO,SC,11/2022,74,69,"93,24",69,0,"100,00",5,"6,76",2,3,"4,05"
421300,PINHEIRO PRETO,SC,07/2022,67,64,"95,52",64,0,"100,00",3,"4,48",0,3,"4,48"
421300,PINHEIRO PRETO,SC,09/2022,77,72,"93,51",72,0,"100,00",5,"6,49",1,4,"5,19"
421310,PIRATUBA,SC,09/2022,100,82,"82,00",82,0,"100,00",18,"18,00",11,7,"7,00"
421310,PIRATUBA,SC,07/2022,94,84,"89,36",83,1,"98,81",10,"10,64",3,7,"7,45"
421310,PIRATUBA,SC,11/2022,104,101,"97,12",101,0,"100,00",3,"2,88",1,2,"1,92"
421315,PLANALTO ALEGRE,SC,11/2022,81,76,"93,83",75,1,"98,68",5,"6,17",2,3,"3,70"
421315,PLANALTO ALEGRE,SC,07/2022,80,64,"80,00",63,1,"98,44",16,"20,00",1,15,"18,75"
421315,PLANALTO ALEGRE,SC,09/2022,81,61,"75,31",59,2,"96,72",20,"24,69",4,16,"19,75"
421320,POMERODE,SC,09/2022,101,94,"93,07",89,5,"94,68",7,"6,93",0,7,"6,93"
421320,POMERODE,SC,07/2022,88,80,"90,91",74,6,"92,50",8,"9,09",0,8,"9,09"
421320,POMERODE,SC,11/2022,84,82,"97,62",77,5,"93,90",2,"2,38",0,2,"2,38"
421330,PONTE ALTA,SC,11/2022,194,75,"38,66",72,3,"96,00",119,"61,34",102,17,"8,76"
421330,PONTE ALTA,SC,07/2022,202,65,"32,18",64,1,"98,46",137,"67,82",116,21,"10,40"
421330,PONTE ALTA,SC,09/2022,198,68,"34,34",66,2,"97,06",130,"65,66",110,20,"10,10"
421335,PONTE ALTA DO NORTE,SC,09/2022,200,0,"0,00",0,0,,200,"100,00",181,19,"9,50"
421335,PONTE ALTA DO NORTE,SC,07/2022,189,56,"29,63",56,0,"100,00",133,"70,37",112,21,"11,11"
421335,PONTE ALTA DO NORTE,SC,11/2022,209,205,"98,09",205,0,"100,00",4,"1,91",0,4,"1,91"
421340,PONTE SERRADA,SC,11/2022,552,515,"93,30",511,4,"99,22",37,"6,70",10,27,"4,89"
421340,PONTE SERRADA,SC,07/2022,571,491,"85,99",479,12,"97,56",80,"14,01",28,52,"9,11"
421340,PONTE SERRADA,SC,09/2022,569,511,"89,81",497,14,"97,26",58,"10,19",22,36,"6,33"
421350,PORTO BELO,SC,09/2022,566,399,"70,49",387,12,"96,99",167,"29,51",1,166,"29,33"
421350,PORTO BELO,SC,07/2022,529,384,"72,59",384,0,"100,00",145,"27,41",14,131,"24,76"
421350,PORTO BELO,SC,11/2022,584,438,"75,00",438,0,"100,00",146,"25,00",2,144,"24,66"
421360,PORTO UNIÃO,SC,11/2022,742,713,"96,09",692,21,"97,05",29,"3,91",0,29,"3,91"
421360,PORTO UNIÃO,SC,07/2022,791,704,"89,00",688,16,"97,73",87,"11,00",7,80,"10,11"
421360,PORTO UNIÃO,SC,09/2022,769,725,"94,28",713,12,"98,34",44,"5,72",4,40,"5,20"
421370,POUSO REDONDO,SC,09/2022,267,187,"70,04",187,0,"100,00",80,"29,96",51,29,"10,86"
421370,POUSO REDONDO,SC,07/2022,244,168,"68,85",162,6,"96,43",76,"31,15",49,27,"11,07"
421370,POUSO REDONDO,SC,11/2022,274,195,"71,17",195,0,"100,00",79,"28,83",48,31,"11,31"
421380,PRAIA GRANDE,SC,11/2022,320,312,"97,50",312,0,"100,00",8,"2,50",3,5,"1,56"
421380,PRAIA GRANDE,SC,07/2022,335,317,"94,63",316,1,"99,68",18,"5,37",3,15,"4,48"
421380,PRAIA GRANDE,SC,09/2022,328,324,"98,78",321,3,"99,07",4,"1,22",1,3,"0,91"
421390,PRESIDENTE CASTELO BRANCO,SC,09/2022,27,27,"100,00",26,1,"96,30",0,"0,00",0,0,"0,00"
421390,PRESIDENTE CASTELO BRANCO,SC,07/2022,22,22,"100,00",22,0,"100,00",0,"0,00",0,0,"0,00"
421390,PRESIDENTE CASTELO BRANCO,SC,11/2022,30,30,"100,00",30,0,"100,00",0,"0,00",0,0,"0,00"
421400,PRESIDENTE GETÚLIO,SC,11/2022,237,189,"79,75",189,0,"100,00",48,"20,25",4,44,"18,57"
421400,PRESIDENTE GETÚLIO,SC,07/2022,233,187,"80,26",187,0,"100,00",46,"19,74",5,41,"17,60"
421400,PRESIDENTE GETÚLIO,SC,09/2022,246,199,"80,89",199,0,"100,00",47,"19,11",3,44,"17,89"
421410,PRESIDENTE NEREU,SC,09/2022,44,43,"97,73",43,0,"100,00",1,"2,27",0,1,"2,27"
421410,PRESIDENTE NEREU,SC,07/2022,37,35,"94,59",35,0,"100,00",2,"5,41",0,2,"5,41"
421410,PRESIDENTE NEREU,SC,11/2022,39,38,"97,44",38,0,"100,00",1,"2,56",0,1,"2,56"
421415,PRINCESA,SC,11/2022,48,42,"87,50",42,0,"100,00",6,"12,50",0,6,"12,50"
421415,PRINCESA,SC,07/2022,45,39,"86,67",39,0,"100,00",6,"13,33",1,5,"11,11"
421415,PRINCESA,SC,09/2022,50,42,"84,00",42,0,"100,00",8,"16,00",1,7,"14,00"
421420,QUILOMBO,SC,09/2022,249,207,"83,13",206,1,"99,52",42,"16,87",6,36,"14,46"
421420,QUILOMBO,SC,07/2022,239,188,"78,66",185,3,"98,40",51,"21,34",18,33,"13,81"
421420,QUILOMBO,SC,11/2022,252,209,"82,94",207,2,"99,04",43,"17,06",3,40,"15,87"
421430,RANCHO QUEIMADO,SC,11/2022,26,25,"96,15",22,3,"88,00",1,"3,85",0,1,"3,85"
421430,RANCHO QUEIMADO,SC,07/2022,25,24,"96,00",24,0,"100,00",1,"4,00",0,1,"4,00"
421430,RANCHO QUEIMADO,SC,09/2022,24,23,"95,83",23,0,"100,00",1,"4,17",0,1,"4,17"
421440,RIO DAS ANTAS,SC,09/2022,214,200,"93,46",197,3,"98,50",14,"6,54",4,10,"4,67"
421440,RIO DAS ANTAS,SC,07/2022,208,195,"93,75",189,6,"96,92",13,"6,25",4,9,"4,33"
421440,RIO DAS ANTAS,SC,11/2022,233,223,"95,71",219,4,"98,21",10,"4,29",1,9,"3,86"
421450,RIO DO CAMPO,SC,11/2022,107,89,"83,18",89,0,"100,00",18,"16,82",0,18,"16,82"
421450,RIO DO CAMPO,SC,07/2022,106,56,"52,83",56,0,"100,00",50,"47,17",34,16,"15,09"
421450,RIO DO CAMPO,SC,09/2022,109,46,"42,20",46,0,"100,00",63,"57,80",44,19,"17,43"
421460,RIO DO OESTE,SC,09/2022,57,56,"98,25",56,0,"100,00",1,"1,75",1,0,"0,00"
421460,RIO DO OESTE,SC,07/2022,53,50,"94,34",50,0,"100,00",3,"5,66",1,2,"3,77"
421460,RIO DO OESTE,SC,11/2022,48,46,"95,83",46,0,"100,00",2,"4,17",2,0,"0,00"
421470,RIO DOS CEDROS,SC,11/2022,125,116,"92,80",111,5,"95,69",9,"7,20",2,7,"5,60"
421470,RIO DOS CEDROS,SC,07/2022,121,93,"76,86",86,7,"92,47",28,"23,14",10,18,"14,88"
421470,RIO DOS CEDROS,SC,09/2022,114,72,"63,16",69,3,"95,83",42,"36,84",24,18,"15,79"
421480,RIO DO SUL,SC,09/2022,986,909,"92,19",877,32,"96,48",77,"7,81",32,45,"4,56"
421480,RIO DO SUL,SC,07/2022,964,883,"91,60",840,43,"95,13",81,"8,40",12,69,"7,16"
421480,RIO DO SUL,SC,11/2022,1001,954,"95,30",911,43,"95,49",47,"4,70",4,43,"4,30"
421490,RIO FORTUNA,SC,11/2022,54,46,"85,19",43,3,"93,48",8,"14,81",0,8,"14,81"
421490,RIO FORTUNA,SC,07/2022,52,43,"82,69",42,1,"97,67",9,"17,31",2,7,"13,46"
421490,RIO FORTUNA,SC,09/2022,55,46,"83,64",45,1,"97,83",9,"16,36",1,8,"14,55"
421500,RIO NEGRINHO,SC,09/2022,768,746,"97,14",693,53,"92,90",22,"2,86",16,6,"0,78"
421500,RIO NEGRINHO,SC,07/2022,749,721,"96,26",679,42,"94,17",28,"3,74",12,16,"2,14"
421500,RIO NEGRINHO,SC,11/2022,767,750,"97,78",722,28,"96,27",17,"2,22",11,6,"0,78"
421505,RIO RUFINO,SC,11/2022,127,105,"82,68",104,1,"99,05",22,"17,32",0,22,"17,32"
421505,RIO RUFINO,SC,07/2022,127,105,"82,68",105,0,"100,00",22,"17,32",0,22,"17,32"
421505,RIO RUFINO,SC,09/2022,124,100,"80,65",99,1,"99,00",24,"19,35",1,23,"18,55"
421507,RIQUEZA,SC,09/2022,139,133,"95,68",130,3,"97,74",6,"4,32",5,1,"0,72"
421507,RIQUEZA,SC,07/2022,128,60,"46,88",59,1,"98,33",68,"53,13",59,9,"7,03"
421507,RIQUEZA,SC,11/2022,126,119,"94,44",118,1,"99,16",7,"5,56",3,4,"3,17"
421510,RODEIO,SC,11/2022,128,123,"96,09",118,5,"95,93",5,"3,91",1,4,"3,13"
421510,RODEIO,SC,07/2022,118,111,"94,07",103,8,"92,79",7,"5,93",4,3,"2,54"
421510,RODEIO,SC,09/2022,126,119,"94,44",118,1,"99,16",7,"5,56",5,2,"1,59"
421520,ROMELÂNDIA,SC,09/2022,111,104,"93,69",104,0,"100,00",7,"6,31",1,6,"5,41"
421520,ROMELÂNDIA,SC,07/2022,111,97,"87,39",96,1,"98,97",14,"12,61",6,8,"7,21"
421520,ROMELÂNDIA,SC,11/2022,109,105,"96,33",105,0,"100,00",4,"3,67",2,2,"1,83"
421530,SALETE,SC,11/2022,109,107,"98,17",105,2,"98,13",2,"1,83",1,1,"0,92"
421530,SALETE,SC,07/2022,105,104,"99,05",102,2,"98,08",1,"0,95",1,0,"0,00"
421530,SALETE,SC,09/2022,106,104,"98,11",103,1,"99,04",2,"1,89",1,1,"0,94"
421535,SALTINHO,SC,09/2022,147,129,"87,76",128,1,"99,22",18,"12,24",9,9,"6,12"
421535,SALTINHO,SC,07/2022,150,130,"86,67",130,0,"100,00",20,"13,33",10,10,"6,67"
421535,SALTINHO,SC,11/2022,140,130,"92,86",128,2,"98,46",10,"7,14",5,5,"3,57"
421540,SALTO VELOSO,SC,11/2022,92,79,"85,87",73,6,"92,41",13,"14,13",3,10,"10,87"
421540,SALTO VELOSO,SC,07/2022,74,62,"83,78",57,5,"91,94",12,"16,22",4,8,"10,81"
421540,SALTO VELOSO,SC,09/2022,79,72,"91,14",69,3,"95,83",7,"8,86",1,6,"7,59"
421545,SANGÃO,SC,09/2022,325,112,"34,46",110,2,"98,21",213,"65,54",166,47,"14,46"
421545,SANGÃO,SC,07/2022,331,187,"56,50",185,2,"98,93",144,"43,50",98,46,"13,90"
421545,SANGÃO,SC,11/2022,324,192,"59,26",191,1,"99,48",132,"40,74",90,42,"12,96"
421550,SANTA CECÍLIA,SC,11/2022,985,939,"95,33",929,10,"98,94",46,"4,67",4,42,"4,26"
421550,SANTA CECÍLIA,SC,07/2022,1042,729,"69,96",724,5,"99,31",313,"30,04",38,275,"26,39"
421550,SANTA CECÍLIA,SC,09/2022,1002,720,"71,86",705,15,"97,92",282,"28,14",207,75,"7,49"
421555,SANTA HELENA,SC,09/2022,17,14,"82,35",14,0,"100,00",3,"17,65",0,3,"17,65"
421555,SANTA HELENA,SC,07/2022,26,17,"65,38",17,0,"100,00",9,"34,62",0,9,"34,62"
421555,SANTA HELENA,SC,11/2022,23,22,"95,65",22,0,"100,00",1,"4,35",0,1,"4,35"
421560,SANTA ROSA DE LIMA,SC,11/2022,25,22,"88,00",22,0,"100,00",3,"12,00",1,2,"8,00"
421560,SANTA ROSA DE LIMA,SC,07/2022,24,16,"66,67",16,0,"100,00",8,"33,33",5,3,"12,50"
421560,SANTA ROSA DE LIMA,SC,09/2022,21,5,"23,81",5,0,"100,00",16,"76,19",14,2,"9,52"
421565,SANTA ROSA DO SUL,SC,09/2022,378,331,"87,57",331,0,"100,00",47,"12,43",2,45,"11,90"
421565,SANTA ROSA DO SUL,SC,07/2022,341,268,"78,59",268,0,"100,00",73,"21,41",1,72,"21,11"
421565,SANTA ROSA DO SUL,SC,11/2022,384,359,"93,49",358,1,"99,72",25,"6,51",3,22,"5,73"
421567,SANTA TEREZINHA,SC,11/2022,167,138,"82,63",138,0,"100,00",29,"17,37",3,26,"15,57"
421567,SANTA TEREZINHA,SC,07/2022,161,126,"78,26",125,1,"99,21",35,"21,74",10,25,"15,53"
421567,SANTA TEREZINHA,SC,09/2022,151,46,"30,46",46,0,"100,00",105,"69,54",80,25,"16,56"
421568,SANTA TEREZINHA DO PROGRESSO,SC,09/2022,99,83,"83,84",83,0,"100,00",16,"16,16",2,14,"14,14"
421568,SANTA TEREZINHA DO PROGRESSO,SC,07/2022,106,89,"83,96",89,0,"100,00",17,"16,04",2,15,"14,15"
421568,SANTA TEREZINHA DO PROGRESSO,SC,11/2022,92,88,"95,65",87,1,"98,86",4,"4,35",0,4,"4,35"
421569,SANTIAGO DO SUL,SC,11/2022,37,30,"81,08",30,0,"100,00",7,"18,92",1,6,"16,22"
421569,SANTIAGO DO SUL,SC,07/2022,42,37,"88,10",37,0,"100,00",5,"11,90",1,4,"9,52"
421569,SANTIAGO DO SUL,SC,09/2022,39,32,"82,05",32,0,"100,00",7,"17,95",2,5,"12,82"
421570,SANTO AMARO DA IMPERATRIZ,SC,09/2022,498,355,"71,29",341,14,"96,06",143,"28,71",62,81,"16,27"
421570,SANTO AMARO DA IMPERATRIZ,SC,07/2022,456,322,"70,61",304,18,"94,41",134,"29,39",44,90,"19,74"
421570,SANTO AMARO DA IMPERATRIZ,SC,11/2022,508,444,"87,40",398,46,"89,64",64,"12,60",22,42,"8,27"
421575,SÃO BERNARDINO,SC,11/2022,109,106,"97,25",103,3,"97,17",3,"2,75",1,2,"1,83"
421575,SÃO BERNARDINO,SC,07/2022,120,104,"86,67",103,1,"99,04",16,"13,33",2,14,"11,67"
421575,SÃO BERNARDINO,SC,09/2022,125,117,"93,60",116,1,"99,15",8,"6,40",0,8,"6,40"
421580,SÃO BENTO DO SUL,SC,09/2022,1303,845,"64,85",826,19,"97,75",458,"35,15",216,242,"18,57"
421580,SÃO BENTO DO SUL,SC,07/2022,1280,898,"70,16",874,24,"97,33",382,"29,84",155,227,"17,73"
421580,SÃO BENTO DO SUL,SC,11/2022,1287,954,"74,13",922,32,"96,65",333,"25,87",94,239,"18,57"
421590,SÃO BONIFÁCIO,SC,11/2022,52,51,"98,08",51,0,"100,00",1,"1,92",0,1,"1,92"
421590,SÃO BONIFÁCIO,SC,07/2022,56,53,"94,64",52,1,"98,11",3,"5,36",0,3,"5,36"
421590,SÃO BONIFÁCIO,SC,09/2022,57,53,"92,98",53,0,"100,00",4,"7,02",1,3,"5,26"
421600,SÃO CARLOS,SC,09/2022,169,138,"81,66",130,8,"94,20",31,"18,34",5,26,"15,38"
421600,SÃO CARLOS,SC,07/2022,151,119,"78,81",118,1,"99,16",32,"21,19",7,25,"16,56"
421600,SÃO CARLOS,SC,11/2022,164,149,"90,85",149,0,"100,00",15,"9,15",1,14,"8,54"
421605,SÃO CRISTOVÃO DO SUL,SC,11/2022,254,108,"42,52",105,3,"97,22",146,"57,48",72,74,"29,13"
421605,SÃO CRISTOVÃO DO SUL,SC,07/2022,264,111,"42,05",108,3,"97,30",153,"57,95",75,78,"29,55"
421605,SÃO CRISTOVÃO DO SUL,SC,09/2022,263,175,"66,54",171,4,"97,71",88,"33,46",10,78,"29,66"
421610,SÃO DOMINGOS,SC,09/2022,300,241,"80,33",238,3,"98,76",59,"19,67",1,58,"19,33"
421610,SÃO DOMINGOS,SC,07/2022,290,228,"78,62",224,4,"98,25",62,"21,38",7,55,"18,97"
421610,SÃO DOMINGOS,SC,11/2022,304,243,"79,93",239,4,"98,35",61,"20,07",1,60,"19,74"
421620,SÃO FRANCISCO DO SUL,SC,11/2022,1451,1399,"96,42",1302,97,"93,07",52,"3,58",7,45,"3,10"
421620,SÃO FRANCISCO DO SUL,SC,07/2022,1410,1151,"81,63",1096,55,"95,22",259,"18,37",55,204,"14,47"
421620,SÃO FRANCISCO DO SUL,SC,09/2022,1472,1400,"95,11",1305,95,"93,21",72,"4,89",20,52,"3,53"
421625,SÃO JOÃO DO OESTE,SC,09/2022,28,0,"0,00",0,0,,28,"100,00",14,14,"50,00"
421625,SÃO JOÃO DO OESTE,SC,07/2022,30,3,"10,00",3,0,"100,00",27,"90,00",13,14,"46,67"
421625,SÃO JOÃO DO OESTE,SC,11/2022,32,27,"84,38",27,0,"100,00",5,"15,63",2,3,"9,38"
421630,SÃO JOÃO BATISTA,SC,11/2022,786,587,"74,68",581,6,"98,98",199,"25,32",30,169,"21,50"
421630,SÃO JOÃO BATISTA,SC,07/2022,632,371,"58,70",366,5,"98,65",261,"41,30",104,157,"24,84"
421630,SÃO JOÃO BATISTA,SC,09/2022,781,545,"69,78",536,9,"98,35",236,"30,22",55,181,"23,18"
421635,SÃO JOÃO DO ITAPERIÚ,SC,09/2022,133,126,"94,74",119,7,"94,44",7,"5,26",0,7,"5,26"
421635,SÃO JOÃO DO ITAPERIÚ,SC,07/2022,111,94,"84,68",88,6,"93,62",17,"15,32",2,15,"13,51"
421635,SÃO JOÃO DO ITAPERIÚ,SC,11/2022,127,116,"91,34",112,4,"96,55",11,"8,66",1,10,"7,87"
421640,SÃO JOÃO DO SUL,SC,11/2022,285,282,"98,95",276,6,"97,87",3,"1,05",2,1,"0,35"
421640,SÃO JOÃO DO SUL,SC,07/2022,269,246,"91,45",244,2,"99,19",23,"8,55",14,9,"3,35"
421640,SÃO JOÃO DO SUL,SC,09/2022,279,273,"97,85",268,5,"98,17",6,"2,15",4,2,"0,72"
421650,SÃO JOAQUIM,SC,09/2022,933,907,"97,21",906,1,"99,89",26,"2,79",7,19,"2,04"
421650,SÃO JOAQUIM,SC,07/2022,918,737,"80,28",731,6,"99,19",181,"19,72",7,174,"18,95"
421650,SÃO JOAQUIM,SC,11/2022,967,929,"96,07",923,6,"99,35",38,"3,93",4,34,"3,52"
421660,SÃO JOSÉ,SC,11/2022,4743,4118,"86,82",3915,203,"95,07",625,"13,18",44,581,"12,25"
421660,SÃO JOSÉ,SC,07/2022,4299,3653,"84,97",3395,258,"92,94",646,"15,03",201,445,"10,35"
421660,SÃO JOSÉ,SC,09/2022,4596,4001,"87,05",3749,252,"93,70",595,"12,95",76,519,"11,29"
421670,SÃO JOSÉ DO CEDRO,SC,09/2022,274,255,"93,07",247,8,"96,86",19,"6,93",6,13,"4,74"
421670,SÃO JOSÉ DO CEDRO,SC,07/2022,273,233,"85,35",227,6,"97,42",40,"14,65",29,11,"4,03"
421670,SÃO JOSÉ DO CEDRO,SC,11/2022,276,234,"84,78",228,6,"97,44",42,"15,22",22,20,"7,25"
421680,SÃO JOSÉ DO CERRITO,SC,11/2022,588,538,"91,50",537,1,"99,81",50,"8,50",4,46,"7,82"
421680,SÃO JOSÉ DO CERRITO,SC,07/2022,559,485,"86,76",481,4,"99,18",74,"13,24",35,39,"6,98"
421680,SÃO JOSÉ DO CERRITO,SC,09/2022,581,530,"91,22",529,1,"99,81",51,"8,78",12,39,"6,71"
421690,SÃO LOURENÇO DO OESTE,SC,09/2022,469,447,"95,31",437,10,"97,76",22,"4,69",15,7,"1,49"
421690,SÃO LOURENÇO DO OESTE,SC,07/2022,485,389,"80,21",378,11,"97,17",96,"19,79",83,13,"2,68"
421690,SÃO LOURENÇO DO OESTE,SC,11/2022,482,456,"94,61",444,12,"97,37",26,"5,39",10,16,"3,32"
421700,SÃO LUDGERO,SC,11/2022,228,209,"91,67",209,0,"100,00",19,"8,33",3,16,"7,02"
421700,SÃO LUDGERO,SC,07/2022,228,190,"83,33",176,14,"92,63",38,"16,67",7,31,"13,60"
421700,SÃO LUDGERO,SC,09/2022,246,224,"91,06",215,9,"95,98",22,"8,94",8,14,"5,69"
421710,SÃO MARTINHO,SC,09/2022,51,44,"86,27",44,0,"100,00",7,"13,73",3,4,"7,84"
421710,SÃO MARTINHO,SC,07/2022,51,47,"92,16",46,1,"97,87",4,"7,84",3,1,"1,96"
421710,SÃO MARTINHO,SC,11/2022,50,44,"88,00",44,0,"100,00",6,"12,00",1,5,"10,00"
421715,SÃO MIGUEL DA BOA VISTA,SC,11/2022,42,41,"97,62",41,0,"100,00",1,"2,38",0,1,"2,38"
421715,SÃO MIGUEL DA BOA VISTA,SC,07/2022,47,43,"91,49",43,0,"100,00",4,"8,51",3,1,"2,13"
421715,SÃO MIGUEL DA BOA VISTA,SC,09/2022,44,22,"50,00",22,0,"100,00",22,"50,00",21,1,"2,27"
421720,SÃO MIGUEL DO OESTE,SC,09/2022,603,424,"70,32",421,3,"99,29",179,"29,68",67,112,"18,57"
421720,SÃO MIGUEL DO OESTE,SC,07/2022,592,295,"49,83",292,3,"98,98",297,"50,17",187,110,"18,58"
421720,SÃO MIGUEL DO OESTE,SC,11/2022,611,417,"68,25",416,1,"99,76",194,"31,75",75,119,"19,48"
421725,SÃO PEDRO DE ALCÂNTARA,SC,11/2022,61,59,"96,72",59,0,"100,00",2,"3,28",0,2,"3,28"
421725,SÃO PEDRO DE ALCÂNTARA,SC,07/2022,61,54,"88,52",54,0,"100,00",7,"11,48",1,6,"9,84"
421725,SÃO PEDRO DE ALCÂNTARA,SC,09/2022,60,59,"98,33",59,0,"100,00",1,"1,67",1,0,"0,00"
421730,SAUDADES,SC,09/2022,137,119,"86,86",114,5,"95,80",18,"13,14",16,2,"1,46"
421730,SAUDADES,SC,07/2022,119,103,"86,55",101,2,"98,06",16,"13,45",12,4,"3,36"
421730,SAUDADES,SC,11/2022,142,120,"84,51",119,1,"99,17",22,"15,49",18,4,"2,82"
421740,SCHROEDER,SC,11/2022,253,242,"95,65",234,8,"96,69",11,"4,35",8,3,"1,19"
421740,SCHROEDER,SC,07/2022,246,226,"91,87",219,7,"96,90",20,"8,13",12,8,"3,25"
421740,SCHROEDER,SC,09/2022,263,255,"96,96",250,5,"98,04",8,"3,04",5,3,"1,14"
421750,SEARA,SC,09/2022,227,133,"58,59",132,1,"99,25",94,"41,41",91,3,"1,32"
421750,SEARA,SC,07/2022,203,168,"82,76",168,0,"100,00",35,"17,24",21,14,"6,90"
421750,SEARA,SC,11/2022,244,234,"95,90",229,5,"97,86",10,"4,10",7,3,"1,23"
421755,SERRA ALTA,SC,11/2022,33,33,"100,00",33,0,"100,00",0,"0,00",0,0,"0,00"
421755,SERRA ALTA,SC,07/2022,37,16,"43,24",16,0,"100,00",21,"56,76",0,21,"56,76"
421755,SERRA ALTA,SC,09/2022,34,0,"0,00",0,0,,34,"100,00",14,20,"58,82"
421760,SIDERÓPOLIS,SC,09/2022,287,284,"98,95",276,8,"97,18",3,"1,05",1,2,"0,70"
421760,SIDERÓPOLIS,SC,07/2022,272,252,"92,65",244,8,"96,83",20,"7,35",3,17,"6,25"
421760,SIDERÓPOLIS,SC,11/2022,281,276,"98,22",265,11,"96,01",5,"1,78",1,4,"1,42"
421770,SOMBRIO,SC,11/2022,972,944,"97,12",942,2,"99,79",28,"2,88",14,14,"1,44"
421770,SOMBRIO,SC,07/2022,970,751,"77,42",748,3,"99,60",219,"22,58",20,199,"20,52"
421770,SOMBRIO,SC,09/2022,1011,967,"95,65",967,0,"100,00",44,"4,35",17,27,"2,67"
421775,SUL BRASIL,SC,09/2022,63,62,"98,41",62,0,"100,00",1,"1,59",0,1,"1,59"
421775,SUL BRASIL,SC,07/2022,62,59,"95,16",59,0,"100,00",3,"4,84",2,1,"1,61"
421775,SUL BRASIL,SC,11/2022,60,58,"96,67",58,0,"100,00",2,"3,33",1,1,"1,67"
421780,TAIÓ,SC,11/2022,316,258,"81,65",253,5,"98,06",58,"18,35",3,55,"17,41"
421780,TAIÓ,SC,07/2022,323,244,"75,54",243,1,"99,59",79,"24,46",28,51,"15,79"
421780,TAIÓ,SC,09/2022,317,258,"81,39",248,10,"96,12",59,"18,61",6,53,"16,72"
421790,TANGARÁ,SC,09/2022,238,120,"50,42",120,0,"100,00",118,"49,58",71,47,"19,75"
421790,TANGARÁ,SC,07/2022,235,133,"56,60",133,0,"100,00",102,"43,40",58,44,"18,72"
421790,TANGARÁ,SC,11/2022,232,117,"50,43",116,1,"99,15",115,"49,57",59,56,"24,14"
421795,TIGRINHOS,SC,11/2022,58,56,"96,55",56,0,"100,00",2,"3,45",0,2,"3,45"
421795,TIGRINHOS,SC,07/2022,58,52,"89,66",52,0,"100,00",6,"10,34",2,4,"6,90"
421795,TIGRINHOS,SC,09/2022,57,50,"87,72",50,0,"100,00",7,"12,28",4,3,"5,26"
421800,TIJUCAS,SC,09/2022,1476,997,"67,55",985,12,"98,80",479,"32,45",50,429,"29,07"
421800,TIJUCAS,SC,07/2022,1287,822,"63,87",809,13,"98,42",465,"36,13",65,400,"31,08"
421800,TIJUCAS,SC,11/2022,1456,1034,"71,02",1032,2,"99,81",422,"28,98",17,405,"27,82"
421810,TIMBÉ DO SUL,SC,11/2022,169,165,"97,63",163,2,"98,79",4,"2,37",1,3,"1,78"
421810,TIMBÉ DO SUL,SC,07/2022,184,147,"79,89",146,1,"99,32",37,"20,11",4,33,"17,93"
421810,TIMBÉ DO SUL,SC,09/2022,174,169,"97,13",167,2,"98,82",5,"2,87",2,3,"1,72"
421820,TIMBÓ,SC,09/2022,318,209,"65,72",206,3,"98,56",109,"34,28",8,101,"31,76"
421820,TIMBÓ,SC,07/2022,304,199,"65,46",193,6,"96,98",105,"34,54",7,98,"32,24"
421820,TIMBÓ,SC,11/2022,321,228,"71,03",226,2,"99,12",93,"28,97",6,87,"27,10"
421825,TIMBÓ GRANDE,SC,11/2022,716,576,"80,45",574,2,"99,65",140,"19,55",15,125,"17,46"
421825,TIMBÓ GRANDE,SC,07/2022,677,534,"78,88",532,2,"99,63",143,"21,12",12,131,"19,35"
421825,TIMBÓ GRANDE,SC,09/2022,710,78,"10,99",78,0,"100,00",632,"89,01",504,128,"18,03"
421830,TRÊS BARRAS,SC,09/2022,797,560,"70,26",542,18,"96,79",237,"29,74",174,63,"7,90"
421830,TRÊS BARRAS,SC,07/2022,785,425,"54,14",403,22,"94,82",360,"45,86",292,68,"8,66"
421830,TRÊS BARRAS,SC,11/2022,756,691,"91,40",645,46,"93,34",65,"8,60",10,55,"7,28"
421835,TREVISO,SC,11/2022,72,67,"93,06",65,2,"97,01",5,"6,94",1,4,"5,56"
421835,TREVISO,SC,07/2022,56,53,"94,64",53,0,"100,00",3,"5,36",0,3,"5,36"
421835,TREVISO,SC,09/2022,67,63,"94,03",63,0,"100,00",4,"5,97",0,4,"5,97"
421840,TREZE DE MAIO,SC,09/2022,120,82,"68,33",78,4,"95,12",38,"31,67",7,31,"25,83"
421840,TREZE DE MAIO,SC,07/2022,83,56,"67,47",53,3,"94,64",27,"32,53",1,26,"31,33"
421840,TREZE DE MAIO,SC,11/2022,135,100,"74,07",93,7,"93,00",35,"25,93",2,33,"24,44"
421850,TREZE TÍLIAS,SC,11/2022,124,122,"98,39",121,1,"99,18",2,"1,61",2,0,"0,00"
421850,TREZE TÍLIAS,SC,07/2022,116,114,"98,28",111,3,"97,37",2,"1,72",1,1,"0,86"
421850,TREZE TÍLIAS,SC,09/2022,117,117,"100,00",115,2,"98,29",0,"0,00",0,0,"0,00"
421860,TROMBUDO CENTRAL,SC,09/2022,100,95,"95,00",88,7,"92,63",5,"5,00",2,3,"3,00"
421860,TROMBUDO CENTRAL,SC,07/2022,101,91,"90,10",87,4,"95,60",10,"9,90",8,2,"1,98"
421860,TROMBUDO CENTRAL,SC,11/2022,93,82,"88,17",75,7,"91,46",11,"11,83",8,3,"3,23"
421870,TUBARÃO,SC,11/2022,1767,1720,"97,34",1679,41,"97,62",47,"2,66",20,27,"1,53"
421870,TUBARÃO,SC,07/2022,1616,1552,"96,04",1507,45,"97,10",64,"3,96",31,33,"2,04"
421870,TUBARÃO,SC,09/2022,1707,1658,"97,13",1607,51,"96,92",49,"2,87",24,25,"1,46"
421875,TUNÁPOLIS,SC,09/2022,44,33,"75,00",33,0,"100,00",11,"25,00",6,5,"11,36"
421875,TUNÁPOLIS,SC,07/2022,49,32,"65,31",32,0,"100,00",17,"34,69",12,5,"10,20"
421875,TUNÁPOLIS,SC,11/2022,38,29,"76,32",29,0,"100,00",9,"23,68",5,4,"10,53"
421880,TURVO,SC,11/2022,181,179,"98,90",170,9,"94,97",2,"1,10",1,1,"0,55"
421880,TURVO,SC,07/2022,196,178,"90,82",172,6,"96,63",18,"9,18",4,14,"7,14"
421880,TURVO,SC,09/2022,185,178,"96,22",172,6,"96,63",7,"3,78",2,5,"2,70"
421885,UNIÃO DO OESTE,SC,09/2022,81,62,"76,54",62,0,"100,00",19,"23,46",3,16,"19,75"
421885,UNIÃO DO OESTE,SC,07/2022,81,61,"75,31",60,1,"98,36",20,"24,69",2,18,"22,22"
421885,UNIÃO DO OESTE,SC,11/2022,81,62,"76,54",61,1,"98,39",19,"23,46",3,16,"19,75"
421890,URUBICI,SC,11/2022,475,459,"96,63",443,16,"96,51",16,"3,37",3,13,"2,74"
421890,URUBICI,SC,07/2022,459,439,"95,64",423,16,"96,36",20,"4,36",8,12,"2,61"
421890,URUBICI,SC,09/2022,469,454,"96,80",435,19,"95,81",15,"3,20",3,12,"2,56"
421895,URUPEMA,SC,09/2022,193,175,"90,67",175,0,"100,00",18,"9,33",1,17,"8,81"
421895,URUPEMA,SC,07/2022,180,162,"90,00",162,0,"100,00",18,"10,00",7,11,"6,11"
421895,URUPEMA,SC,11/2022,196,179,"91,33",179,0,"100,00",17,"8,67",0,17,"8,67"
421900,URUSSANGA,SC,11/2022,276,263,"95,29",260,3,"98,86",13,"4,71",0,13,"4,71"
421900,URUSSANGA,SC,07/2022,301,259,"86,05",257,2,"99,23",42,"13,95",0,42,"13,95"
421900,URUSSANGA,SC,09/2022,307,285,"92,83",281,4,"98,60",22,"7,17",6,16,"5,21"
421910,VARGEÃO,SC,09/2022,86,77,"89,53",77,0,"100,00",9,"10,47",3,6,"6,98"
421910,VARGEÃO,SC,07/2022,84,80,"95,24",76,4,"95,00",4,"4,76",0,4,"4,76"
421910,VARGEÃO,SC,11/2022,83,77,"92,77",77,0,"100,00",6,"7,23",0,6,"7,23"
421915,VARGEM,SC,11/2022,74,67,"90,54",67,0,"100,00",7,"9,46",0,7,"9,46"
421915,VARGEM,SC,07/2022,79,62,"78,48",62,0,"100,00",17,"21,52",2,15,"18,99"
421915,VARGEM,SC,09/2022,77,69,"89,61",68,1,"98,55",8,"10,39",0,8,"10,39"
421917,VARGEM BONITA,SC,09/2022,163,131,"80,37",127,4,"96,95",32,"19,63",2,30,"18,40"
421917,VARGEM BONITA,SC,07/2022,174,140,"80,46",139,1,"99,29",34,"19,54",5,29,"16,67"
421917,VARGEM BONITA,SC,11/2022,168,139,"82,74",138,1,"99,28",29,"17,26",0,29,"17,26"
421920,VIDAL RAMOS,SC,11/2022,121,101,"83,47",101,0,"100,00",20,"16,53",0,20,"16,53"
421920,VIDAL RAMOS,SC,07/2022,142,106,"74,65",106,0,"100,00",36,"25,35",15,21,"14,79"
421920,VIDAL RAMOS,SC,09/2022,132,107,"81,06",107,0,"100,00",25,"18,94",3,22,"16,67"
421930,VIDEIRA,SC,09/2022,839,572,"68,18",544,28,"95,10",267,"31,82",75,192,"22,88"
421930,VIDEIRA,SC,07/2022,801,484,"60,42",452,32,"93,39",317,"39,58",141,176,"21,97"
421930,VIDEIRA,SC,11/2022,818,561,"68,58",550,11,"98,04",257,"31,42",83,174,"21,27"
421935,VITOR MEIRELES,SC,11/2022,174,155,"89,08",147,8,"94,84",19,"10,92",0,19,"10,92"
421935,VITOR MEIRELES,SC,07/2022,177,157,"88,70",139,18,"88,54",20,"11,30",1,19,"10,73"
421935,VITOR MEIRELES,SC,09/2022,175,150,"85,71",142,8,"94,67",25,"14,29",3,22,"12,57"
421940,WITMARSUM,SC,09/2022,56,54,"96,43",53,1,"98,15",2,"3,57",1,1,"1,79"
421940,WITMARSUM,SC,07/2022,51,51,"100,00",49,2,"96,08",0,"0,00",0,0,"0,00"
421940,WITMARSUM,SC,11/2022,61,57,"93,44",57,0,"100,00",4,"6,56",1,3,"4,92"
421950,XANXERÊ,SC,11/2022,817,552,"67,56",533,19,"96,56",265,"32,44",133,132,"16,16"
421950,XANXERÊ,SC,07/2022,774,546,"70,54",536,10,"98,17",228,"29,46",109,119,"15,37"
421950,XANXERÊ,SC,09/2022,809,522,"64,52",510,12,"97,70",287,"35,48",163,124,"15,33"
421960,XAVANTINA,SC,09/2022,28,27,"96,43",27,0,"100,00",1,"3,57",0,1,"3,57"
421960,XAVANTINA,SC,07/2022,31,29,"93,55",29,0,"100,00",2,"6,45",1,1,"3,23"
421960,XAVANTINA,SC,11/2022,25,24,"96,00",24,0,"100,00",1,"4,00",0,1,"4,00"
421970,XAXIM,SC,11/2022,581,526,"90,53",505,21,"96,01",55,"9,47",23,32,"5,51"
421970,XAXIM,SC,07/2022,545,464,"85,14",456,8,"98,28",81,"14,86",50,31,"5,69"
421970,XAXIM,SC,09/2022,583,502,"86,11",482,20,"96,02",81,"13,89",46,35,"6,00"
421985,ZORTÉA,SC,09/2022,105,93,"88,57",93,0,"100,00",12,"11,43",4,8,"7,62"
421985,ZORTÉA,SC,07/2022,78,72,"92,31",72,0,"100,00",6,"7,69",1,5,"6,41"
421985,ZORTÉA,SC,11/2022,103,93,"90,29",93,0,"100,00",10,"9,71",1,9,"8,74"
422000,BALNEÁRIO RINCÃO,SC,11/2022,873,449,"51,43",426,23,"94,88",424,"48,57",13,411,"47,08"
422000,BALNEÁRIO RINCÃO,SC,07/2022,854,362,"42,39",360,2,"99,45",492,"57,61",15,477,"55,85"
422000,BALNEÁRIO RINCÃO,SC,09/2022,921,450,"48,86",444,6,"98,67",471,"51,14",1,470,"51,03"
280010,AMPARO DE SÃO FRANCISCO,SE,11/2022,229,211,"92,14",199,12,"94,31",18,"7,86",3,15,"6,55"
280010,AMPARO DE SÃO FRANCISCO,SE,09/2022,231,219,"94,81",205,14,"93,61",12,"5,19",3,9,"3,90"
280010,AMPARO DE SÃO FRANCISCO,SE,07/2022,247,214,"86,64",214,0,"100,00",33,"13,36",5,28,"11,34"
280020,AQUIDABÃ,SE,07/2022,2076,626,"30,15",624,2,"99,68",1450,"69,85",1204,246,"11,85"
280020,AQUIDABÃ,SE,09/2022,2168,1885,"86,95",1885,0,"100,00",283,"13,05",30,253,"11,67"
280020,AQUIDABÃ,SE,11/2022,2144,1854,"86,47",1854,0,"100,00",290,"13,53",41,249,"11,61"
280030,ARACAJU,SE,11/2022,33863,25514,"75,34",23221,2293,"91,01",8349,"24,66",393,7956,"23,49"
280030,ARACAJU,SE,07/2022,32514,15470,"47,58",15155,315,"97,96",17044,"52,42",2422,14622,"44,97"
280030,ARACAJU,SE,09/2022,33737,24721,"73,28",18026,6695,"72,92",9016,"26,72",480,8536,"25,30"
280040,ARAUÁ,SE,07/2022,1277,967,"75,72",961,6,"99,38",310,"24,28",11,299,"23,41"
280040,ARAUÁ,SE,09/2022,1242,1150,"92,59",1110,40,"96,52",92,"7,41",11,81,"6,52"
280040,ARAUÁ,SE,11/2022,1245,1171,"94,06",1098,73,"93,77",74,"5,94",7,67,"5,38"
280050,AREIA BRANCA,SE,11/2022,1872,1762,"94,12",1741,21,"98,81",110,"5,88",18,92,"4,91"
280050,AREIA BRANCA,SE,09/2022,1890,1801,"95,29",1778,23,"98,72",89,"4,71",29,60,"3,17"
280050,AREIA BRANCA,SE,07/2022,1993,1748,"87,71",1689,59,"96,62",245,"12,29",70,175,"8,78"
280060,BARRA DOS COQUEIROS,SE,09/2022,2918,2050,"70,25",2049,1,"99,95",868,"29,75",275,593,"20,32"
280060,BARRA DOS COQUEIROS,SE,07/2022,2834,1743,"61,50",1743,0,"100,00",1091,"38,50",535,556,"19,62"
280060,BARRA DOS COQUEIROS,SE,11/2022,2902,1654,"57,00",1651,3,"99,82",1248,"43,00",618,630,"21,71"
280067,BOQUIM,SE,11/2022,2638,1853,"70,24",1808,45,"97,57",785,"29,76",79,706,"26,76"
280067,BOQUIM,SE,07/2022,2704,1887,"69,79",1878,9,"99,52",817,"30,21",61,756,"27,96"
280067,BOQUIM,SE,09/2022,2689,1877,"69,80",1821,56,"97,02",812,"30,20",54,758,"28,19"
280070,BREJO GRANDE,SE,09/2022,1148,872,"75,96",872,0,"100,00",276,"24,04",142,134,"11,67"
280070,BREJO GRANDE,SE,07/2022,1165,633,"54,33",633,0,"100,00",532,"45,67",307,225,"19,31"
280070,BREJO GRANDE,SE,11/2022,1113,621,"55,80",621,0,"100,00",492,"44,20",417,75,"6,74"
280100,CAMPO DO BRITO,SE,11/2022,1806,1511,"83,67",1476,35,"97,68",295,"16,33",5,290,"16,06"
280100,CAMPO DO BRITO,SE,09/2022,1833,1531,"83,52",1466,65,"95,75",302,"16,48",7,295,"16,09"
280100,CAMPO DO BRITO,SE,07/2022,1874,1510,"80,58",1484,26,"98,28",364,"19,42",5,359,"19,16"
280110,CANHOBA,SE,07/2022,667,262,"39,28",262,0,"100,00",405,"60,72",344,61,"9,15"
280110,CANHOBA,SE,09/2022,615,507,"82,44",507,0,"100,00",108,"17,56",42,66,"10,73"
280110,CANHOBA,SE,11/2022,603,448,"74,30",447,1,"99,78",155,"25,70",52,103,"17,08"
280120,CANINDÉ DE SÃO FRANCISCO,SE,11/2022,4176,2939,"70,38",2809,130,"95,58",1237,"29,62",247,990,"23,71"
280120,CANINDÉ DE SÃO FRANCISCO,SE,07/2022,4329,3850,"88,94",2886,964,"74,96",479,"11,06",75,404,"9,33"
280120,CANINDÉ DE SÃO FRANCISCO,SE,09/2022,4235,3171,"74,88",3077,94,"97,04",1064,"25,12",72,992,"23,42"
280130,CAPELA,SE,07/2022,4126,3372,"81,73",3343,29,"99,14",754,"18,27",36,718,"17,40"
280130,CAPELA,SE,09/2022,4103,3545,"86,40",3487,58,"98,36",558,"13,60",22,536,"13,06"
280130,CAPELA,SE,11/2022,3985,3478,"87,28",3413,65,"98,13",507,"12,72",16,491,"12,32"
280140,CARIRA,SE,11/2022,2324,1676,"72,12",1656,20,"98,81",648,"27,88",8,640,"27,54"
280140,CARIRA,SE,09/2022,2364,1695,"71,70",1673,22,"98,70",669,"28,30",35,634,"26,82"
280140,CARIRA,SE,07/2022,2380,1652,"69,41",1635,17,"98,97",728,"30,59",101,627,"26,34"
280150,CARMÓPOLIS,SE,09/2022,1975,1116,"56,51",1076,40,"96,42",859,"43,49",736,123,"6,23"
280150,CARMÓPOLIS,SE,07/2022,1981,1018,"51,39",1000,18,"98,23",963,"48,61",749,214,"10,80"
280150,CARMÓPOLIS,SE,11/2022,1920,1206,"62,81",1186,20,"98,34",714,"37,19",593,121,"6,30"
280160,CEDRO DE SÃO JOÃO,SE,11/2022,501,456,"91,02",445,11,"97,59",45,"8,98",6,39,"7,78"
280160,CEDRO DE SÃO JOÃO,SE,09/2022,504,456,"90,48",429,27,"94,08",48,"9,52",3,45,"8,93"
280160,CEDRO DE SÃO JOÃO,SE,07/2022,511,460,"90,02",445,15,"96,74",51,"9,98",6,45,"8,81"
280170,CRISTINÁPOLIS,SE,07/2022,2420,2310,"95,45",2030,280,"87,88",110,"4,55",17,93,"3,84"
280170,CRISTINÁPOLIS,SE,09/2022,2405,2276,"94,64",2142,134,"94,11",129,"5,36",15,114,"4,74"
280170,CRISTINÁPOLIS,SE,11/2022,2386,2371,"99,37",2129,242,"89,79",15,"0,63",5,10,"0,42"
280190,CUMBE,SE,11/2022,450,0,"0,00",0,0,,450,"100,00",349,101,"22,44"
280190,CUMBE,SE,09/2022,457,309,"67,61",309,0,"100,00",148,"32,39",49,99,"21,66"
280190,CUMBE,SE,07/2022,447,0,"0,00",0,0,,447,"100,00",355,92,"20,58"
280200,DIVINA PASTORA,SE,07/2022,590,379,"64,24",371,8,"97,89",211,"35,76",146,65,"11,02"
280200,DIVINA PASTORA,SE,09/2022,587,415,"70,70",398,17,"95,90",172,"29,30",100,72,"12,27"
280200,DIVINA PASTORA,SE,11/2022,601,504,"83,86",453,51,"89,88",97,"16,14",8,89,"14,81"
280210,ESTÂNCIA,SE,11/2022,6808,5527,"81,18",5456,71,"98,72",1281,"18,82",22,1259,"18,49"
280210,ESTÂNCIA,SE,07/2022,6944,5404,"77,82",5328,76,"98,59",1540,"22,18",42,1498,"21,57"
280210,ESTÂNCIA,SE,09/2022,6950,5717,"82,26",5635,82,"98,57",1233,"17,74",24,1209,"17,40"
280220,FEIRA NOVA,SE,09/2022,775,731,"94,32",728,3,"99,59",44,"5,68",8,36,"4,65"
280220,FEIRA NOVA,SE,07/2022,820,544,"66,34",543,1,"99,82",276,"33,66",128,148,"18,05"
280220,FEIRA NOVA,SE,11/2022,778,728,"93,57",723,5,"99,31",50,"6,43",3,47,"6,04"
280230,FREI PAULO,SE,11/2022,1534,1406,"91,66",1395,11,"99,22",128,"8,34",9,119,"7,76"
280230,FREI PAULO,SE,09/2022,1575,1429,"90,73",1418,11,"99,23",146,"9,27",29,117,"7,43"
280230,FREI PAULO,SE,07/2022,1583,1402,"88,57",1396,6,"99,57",181,"11,43",23,158,"9,98"
280240,GARARU,SE,07/2022,1315,1107,"84,18",1035,72,"93,50",208,"15,82",3,205,"15,59"
280240,GARARU,SE,09/2022,1296,1068,"82,41",974,94,"91,20",228,"17,59",4,224,"17,28"
280240,GARARU,SE,11/2022,1262,1135,"89,94",1055,80,"92,95",127,"10,06",2,125,"9,90"
280250,GENERAL MAYNARD,SE,11/2022,237,216,"91,14",196,20,"90,74",21,"8,86",10,11,"4,64"
280250,GENERAL MAYNARD,SE,09/2022,248,218,"87,90",210,8,"96,33",30,"12,10",11,19,"7,66"
280250,GENERAL MAYNARD,SE,07/2022,244,215,"88,11",215,0,"100,00",29,"11,89",14,15,"6,15"
280260,GRACHO CARDOSO,SE,07/2022,824,605,"73,42",537,68,"88,76",219,"26,58",24,195,"23,67"
280260,GRACHO CARDOSO,SE,09/2022,762,588,"77,17",575,13,"97,79",174,"22,83",9,165,"21,65"
280260,GRACHO CARDOSO,SE,11/2022,744,567,"76,21",547,20,"96,47",177,"23,79",2,175,"23,52"
280270,ILHA DAS FLORES,SE,11/2022,1213,977,"80,54",976,1,"99,90",236,"19,46",21,215,"17,72"
280270,ILHA DAS FLORES,SE,09/2022,1214,982,"80,89",971,11,"98,88",232,"19,11",25,207,"17,05"
280270,ILHA DAS FLORES,SE,07/2022,1302,806,"61,90",789,17,"97,89",496,"38,10",22,474,"36,41"
280280,INDIAROBA,SE,09/2022,2335,2132,"91,31",2058,74,"96,53",203,"8,69",23,180,"7,71"
280280,INDIAROBA,SE,07/2022,2344,2133,"91,00",1942,191,"91,05",211,"9,00",14,197,"8,40"
280280,INDIAROBA,SE,11/2022,2275,2170,"95,38",2084,86,"96,04",105,"4,62",5,100,"4,40"
280290,ITABAIANA,SE,11/2022,8808,6031,"68,47",5860,171,"97,16",2777,"31,53",464,2313,"26,26"
280290,ITABAIANA,SE,07/2022,8738,5305,"60,71",5173,132,"97,51",3433,"39,29",908,2525,"28,90"
280290,ITABAIANA,SE,09/2022,8874,6055,"68,23",5912,143,"97,64",2819,"31,77",449,2370,"26,71"
280300,ITABAIANINHA,SE,09/2022,5680,5437,"95,72",5430,7,"99,87",243,"4,28",8,235,"4,14"
280300,ITABAIANINHA,SE,07/2022,5745,5028,"87,52",5026,2,"99,96",717,"12,48",503,214,"3,72"
280300,ITABAIANINHA,SE,11/2022,5554,5328,"95,93",5323,5,"99,91",226,"4,07",7,219,"3,94"
280310,ITABI,SE,11/2022,511,503,"98,43",503,0,"100,00",8,"1,57",2,6,"1,17"
280310,ITABI,SE,09/2022,529,510,"96,41",510,0,"100,00",19,"3,59",3,16,"3,02"
280310,ITABI,SE,07/2022,535,516,"96,45",516,0,"100,00",19,"3,55",7,12,"2,24"
280320,ITAPORANGA D´AJUDA,SE,07/2022,3997,2981,"74,58",2814,167,"94,40",1016,"25,42",20,996,"24,92"
280320,ITAPORANGA D´AJUDA,SE,09/2022,4041,3178,"78,64",2964,214,"93,27",863,"21,36",6,857,"21,21"
280320,ITAPORANGA D´AJUDA,SE,11/2022,3972,3216,"80,97",2962,254,"92,10",756,"19,03",14,742,"18,68"
280330,JAPARATUBA,SE,11/2022,1873,1342,"71,65",1329,13,"99,03",531,"28,35",25,506,"27,02"
280330,JAPARATUBA,SE,07/2022,1933,919,"47,54",914,5,"99,46",1014,"52,46",318,696,"36,01"
280330,JAPARATUBA,SE,09/2022,1892,1230,"65,01",1211,19,"98,46",662,"34,99",26,636,"33,62"
280340,JAPOATÃ,SE,09/2022,2051,545,"26,57",538,7,"98,72",1506,"73,43",594,912,"44,47"
280340,JAPOATÃ,SE,07/2022,2063,0,"0,00",0,0,,2063,"100,00",1387,676,"32,77"
280340,JAPOATÃ,SE,11/2022,2007,1356,"67,56",1331,25,"98,16",651,"32,44",159,492,"24,51"
280350,LAGARTO,SE,11/2022,9991,9110,"91,18",9089,21,"99,77",881,"8,82",133,748,"7,49"
280350,LAGARTO,SE,07/2022,10028,8293,"82,70",8286,7,"99,92",1735,"17,30",148,1587,"15,83"
280350,LAGARTO,SE,09/2022,10097,9342,"92,52",9304,38,"99,59",755,"7,48",142,613,"6,07"
280360,LARANJEIRAS,SE,09/2022,2804,1613,"57,52",1600,13,"99,19",1191,"42,48",213,978,"34,88"
280360,LARANJEIRAS,SE,07/2022,2781,1396,"50,20",1143,253,"81,88",1385,"49,80",397,988,"35,53"
280360,LARANJEIRAS,SE,11/2022,2759,1574,"57,05",1513,61,"96,12",1185,"42,95",231,954,"34,58"
280370,MACAMBIRA,SE,11/2022,783,737,"94,13",730,7,"99,05",46,"5,87",7,39,"4,98"
280370,MACAMBIRA,SE,07/2022,812,671,"82,64",656,15,"97,76",141,"17,36",3,138,"17,00"
280370,MACAMBIRA,SE,09/2022,789,734,"93,03",718,16,"97,82",55,"6,97",16,39,"4,94"
280380,MALHADA DOS BOIS,SE,09/2022,416,382,"91,83",367,15,"96,07",34,"8,17",15,19,"4,57"
280380,MALHADA DOS BOIS,SE,07/2022,450,366,"81,33",344,22,"93,99",84,"18,67",19,65,"14,44"
280380,MALHADA DOS BOIS,SE,11/2022,407,375,"92,14",361,14,"96,27",32,"7,86",2,30,"7,37"
280390,MALHADOR,SE,11/2022,1370,1288,"94,01",1278,10,"99,22",82,"5,99",10,72,"5,26"
280390,MALHADOR,SE,09/2022,1377,1295,"94,05",1276,19,"98,53",82,"5,95",11,71,"5,16"
280390,MALHADOR,SE,07/2022,1377,1266,"91,94",1261,5,"99,61",111,"8,06",18,93,"6,75"
280400,MARUIM,SE,09/2022,1886,1806,"95,76",1774,32,"98,23",80,"4,24",20,60,"3,18"
280400,MARUIM,SE,07/2022,1893,1801,"95,14",1793,8,"99,56",92,"4,86",32,60,"3,17"
280400,MARUIM,SE,11/2022,1873,1779,"94,98",1775,4,"99,78",94,"5,02",16,78,"4,16"
280410,MOITA BONITA,SE,11/2022,935,875,"93,58",839,36,"95,89",60,"6,42",29,31,"3,32"
280410,MOITA BONITA,SE,09/2022,932,852,"91,42",836,16,"98,12",80,"8,58",42,38,"4,08"
280410,MOITA BONITA,SE,07/2022,956,861,"90,06",858,3,"99,65",95,"9,94",61,34,"3,56"
280420,MONTE ALEGRE DE SERGIPE,SE,07/2022,2069,1562,"75,50",1471,91,"94,17",507,"24,50",5,502,"24,26"
280420,MONTE ALEGRE DE SERGIPE,SE,09/2022,2001,1831,"91,50",1771,60,"96,72",170,"8,50",16,154,"7,70"
280420,MONTE ALEGRE DE SERGIPE,SE,11/2022,2004,1828,"91,22",1774,54,"97,05",176,"8,78",6,170,"8,48"
280430,MURIBECA,SE,11/2022,1027,803,"78,19",803,0,"100,00",224,"21,81",5,219,"21,32"
280430,MURIBECA,SE,07/2022,1005,812,"80,80",732,80,"90,15",193,"19,20",46,147,"14,63"
280430,MURIBECA,SE,09/2022,1021,791,"77,47",791,0,"100,00",230,"22,53",6,224,"21,94"
280440,NEÓPOLIS,SE,09/2022,2377,1473,"61,97",1460,13,"99,12",904,"38,03",40,864,"36,35"
280440,NEÓPOLIS,SE,07/2022,2389,1479,"61,91",1476,3,"99,80",910,"38,09",49,861,"36,04"
280440,NEÓPOLIS,SE,11/2022,2270,1387,"61,10",1385,2,"99,86",883,"38,90",83,800,"35,24"
280445,NOSSA SENHORA APARECIDA,SE,11/2022,864,744,"86,11",743,1,"99,87",120,"13,89",50,70,"8,10"
280445,NOSSA SENHORA APARECIDA,SE,07/2022,843,670,"79,48",668,2,"99,70",173,"20,52",106,67,"7,95"
280445,NOSSA SENHORA APARECIDA,SE,09/2022,846,673,"79,55",670,3,"99,55",173,"20,45",104,69,"8,16"
280450,NOSSA SENHORA DA GLÓRIA,SE,09/2022,4092,3265,"79,79",3090,175,"94,64",827,"20,21",306,521,"12,73"
280450,NOSSA SENHORA DA GLÓRIA,SE,07/2022,4108,2996,"72,93",2668,328,"89,05",1112,"27,07",62,1050,"25,56"
280450,NOSSA SENHORA DA GLÓRIA,SE,11/2022,3993,3711,"92,94",3547,164,"95,58",282,"7,06",40,242,"6,06"
280460,NOSSA SENHORA DAS DORES,SE,11/2022,3010,2561,"85,08",2561,0,"100,00",449,"14,92",2,447,"14,85"
280460,NOSSA SENHORA DAS DORES,SE,09/2022,3063,2609,"85,18",2609,0,"100,00",454,"14,82",5,449,"14,66"
280460,NOSSA SENHORA DAS DORES,SE,07/2022,3063,2629,"85,83",2629,0,"100,00",434,"14,17",22,412,"13,45"
280470,NOSSA SENHORA DE LOURDES,SE,07/2022,751,565,"75,23",555,10,"98,23",186,"24,77",12,174,"23,17"
280470,NOSSA SENHORA DE LOURDES,SE,09/2022,737,585,"79,38",554,31,"94,70",152,"20,62",0,152,"20,62"
280470,NOSSA SENHORA DE LOURDES,SE,11/2022,722,658,"91,14",657,1,"99,85",64,"8,86",0,64,"8,86"
280480,NOSSA SENHORA DO SOCORRO,SE,11/2022,19044,9184,"48,23",8871,313,"96,59",9860,"51,77",2040,7820,"41,06"
280480,NOSSA SENHORA DO SOCORRO,SE,09/2022,19142,9448,"49,36",8849,599,"93,66",9694,"50,64",1646,8048,"42,04"
280480,NOSSA SENHORA DO SOCORRO,SE,07/2022,18764,5866,"31,26",4470,1396,"76,20",12898,"68,74",3187,9711,"51,75"
280490,PACATUBA,SE,09/2022,1719,1157,"67,31",1157,0,"100,00",562,"32,69",105,457,"26,59"
280490,PACATUBA,SE,07/2022,1748,1061,"60,70",1059,2,"99,81",687,"39,30",254,433,"24,77"
280490,PACATUBA,SE,11/2022,1690,1170,"69,23",1164,6,"99,49",520,"30,77",61,459,"27,16"
280500,PEDRA MOLE,SE,11/2022,379,318,"83,91",315,3,"99,06",61,"16,09",1,60,"15,83"
280500,PEDRA MOLE,SE,09/2022,390,324,"83,08",322,2,"99,38",66,"16,92",3,63,"16,15"
280500,PEDRA MOLE,SE,07/2022,388,334,"86,08",332,2,"99,40",54,"13,92",5,49,"12,63"
280510,PEDRINHAS,SE,07/2022,1019,783,"76,84",783,0,"100,00",236,"23,16",6,230,"22,57"
280510,PEDRINHAS,SE,09/2022,1057,822,"77,77",821,1,"99,88",235,"22,23",1,234,"22,14"
280510,PEDRINHAS,SE,11/2022,1034,800,"77,37",797,3,"99,63",234,"22,63",1,233,"22,53"
280520,PINHÃO,SE,11/2022,695,643,"92,52",621,22,"96,58",52,"7,48",5,47,"6,76"
280520,PINHÃO,SE,07/2022,696,643,"92,39",639,4,"99,38",53,"7,61",8,45,"6,47"
280520,PINHÃO,SE,09/2022,703,652,"92,75",637,15,"97,70",51,"7,25",5,46,"6,54"
280530,PIRAMBU,SE,07/2022,1057,669,"63,29",638,31,"95,37",388,"36,71",177,211,"19,96"
280530,PIRAMBU,SE,09/2022,1065,816,"76,62",758,58,"92,89",249,"23,38",22,227,"21,31"
280530,PIRAMBU,SE,11/2022,1037,783,"75,51",726,57,"92,72",254,"24,49",41,213,"20,54"
280540,POÇO REDONDO,SE,11/2022,4582,3981,"86,88",3981,0,"100,00",601,"13,12",30,571,"12,46"
280540,POÇO REDONDO,SE,07/2022,4703,3919,"83,33",3919,0,"100,00",784,"16,67",13,771,"16,39"
280540,POÇO REDONDO,SE,09/2022,4708,4008,"85,13",4008,0,"100,00",700,"14,87",11,689,"14,63"
280550,POÇO VERDE,SE,09/2022,2263,2017,"89,13",1971,46,"97,72",246,"10,87",63,183,"8,09"
280550,POÇO VERDE,SE,07/2022,2289,1722,"75,23",1687,35,"97,97",567,"24,77",237,330,"14,42"
280550,POÇO VERDE,SE,11/2022,2223,2010,"90,42",1954,56,"97,21",213,"9,58",57,156,"7,02"
280560,PORTO DA FOLHA,SE,11/2022,3676,3079,"83,76",3020,59,"98,08",597,"16,24",8,589,"16,02"
280560,PORTO DA FOLHA,SE,07/2022,3759,3035,"80,74",2998,37,"98,78",724,"19,26",14,710,"18,89"
280560,PORTO DA FOLHA,SE,09/2022,3743,3031,"80,98",2971,60,"98,02",712,"19,02",5,707,"18,89"
280570,PROPRIÁ,SE,09/2022,2817,1421,"50,44",1353,68,"95,21",1396,"49,56",5,1391,"49,38"
280570,PROPRIÁ,SE,07/2022,2841,1323,"46,57",1251,72,"94,56",1518,"53,43",253,1265,"44,53"
280570,PROPRIÁ,SE,11/2022,2808,2078,"74,00",2060,18,"99,13",730,"26,00",5,725,"25,82"
280580,RIACHÃO DO DANTAS,SE,11/2022,2246,2191,"97,55",2191,0,"100,00",55,"2,45",14,41,"1,83"
280580,RIACHÃO DO DANTAS,SE,07/2022,2275,2194,"96,44",2192,2,"99,91",81,"3,56",33,48,"2,11"
280580,RIACHÃO DO DANTAS,SE,09/2022,2254,2194,"97,34",2180,14,"99,36",60,"2,66",31,29,"1,29"
280590,RIACHUELO,SE,07/2022,1172,560,"47,78",528,32,"94,29",612,"52,22",213,399,"34,04"
280590,RIACHUELO,SE,09/2022,1161,543,"46,77",499,44,"91,90",618,"53,23",235,383,"32,99"
280590,RIACHUELO,SE,11/2022,1144,715,"62,50",708,7,"99,02",429,"37,50",114,315,"27,53"
280600,RIBEIRÓPOLIS,SE,11/2022,1558,1121,"71,95",1093,28,"97,50",437,"28,05",220,217,"13,93"
280600,RIBEIRÓPOLIS,SE,07/2022,1560,1022,"65,51",1019,3,"99,71",538,"34,49",300,238,"15,26"
280600,RIBEIRÓPOLIS,SE,09/2022,1553,1021,"65,74",1008,13,"98,73",532,"34,26",290,242,"15,58"
280610,ROSÁRIO DO CATETE,SE,09/2022,1239,959,"77,40",959,0,"100,00",280,"22,60",17,263,"21,23"
280610,ROSÁRIO DO CATETE,SE,07/2022,1255,966,"76,97",966,0,"100,00",289,"23,03",20,269,"21,43"
280610,ROSÁRIO DO CATETE,SE,11/2022,1228,805,"65,55",804,1,"99,88",423,"34,45",143,280,"22,80"
280620,SALGADO,SE,11/2022,2257,1585,"70,23",1567,18,"98,86",672,"29,77",17,655,"29,02"
280620,SALGADO,SE,07/2022,2301,1408,"61,19",1403,5,"99,64",893,"38,81",55,838,"36,42"
280620,SALGADO,SE,09/2022,2313,1550,"67,01",1503,47,"96,97",763,"32,99",28,735,"31,78"
280630,SANTA LUZIA DO ITANHY,SE,09/2022,1963,1364,"69,49",1288,76,"94,43",599,"30,51",47,552,"28,12"
280630,SANTA LUZIA DO ITANHY,SE,07/2022,1969,1404,"71,31",1371,33,"97,65",565,"28,69",30,535,"27,17"
280630,SANTA LUZIA DO ITANHY,SE,11/2022,1922,1376,"71,59",1305,71,"94,84",546,"28,41",9,537,"27,94"
280640,SANTANA DO SÃO FRANCISCO,SE,11/2022,1076,917,"85,22",906,11,"98,80",159,"14,78",24,135,"12,55"
280640,SANTANA DO SÃO FRANCISCO,SE,07/2022,1169,822,"70,32",822,0,"100,00",347,"29,68",6,341,"29,17"
280640,SANTANA DO SÃO FRANCISCO,SE,09/2022,1124,928,"82,56",922,6,"99,35",196,"17,44",11,185,"16,46"
280650,SANTA ROSA DE LIMA,SE,07/2022,526,480,"91,25",480,0,"100,00",46,"8,75",4,42,"7,98"
280650,SANTA ROSA DE LIMA,SE,09/2022,525,498,"94,86",498,0,"100,00",27,"5,14",2,25,"4,76"
280650,SANTA ROSA DE LIMA,SE,11/2022,519,503,"96,92",503,0,"100,00",16,"3,08",2,14,"2,70"
280660,SANTO AMARO DAS BROTAS,SE,11/2022,1598,275,"17,21",275,0,"100,00",1323,"82,79",1159,164,"10,26"
280660,SANTO AMARO DAS BROTAS,SE,09/2022,1608,604,"37,56",602,2,"99,67",1004,"62,44",838,166,"10,32"
280660,SANTO AMARO DAS BROTAS,SE,07/2022,1582,24,"1,52",24,0,"100,00",1558,"98,48",1359,199,"12,58"
280670,SÃO CRISTÓVÃO,SE,09/2022,8420,5116,"60,76",4963,153,"97,01",3304,"39,24",29,3275,"38,90"
280670,SÃO CRISTÓVÃO,SE,07/2022,8411,4434,"52,72",4213,221,"95,02",3977,"47,28",57,3920,"46,61"
280670,SÃO CRISTÓVÃO,SE,11/2022,8200,5289,"64,50",5109,180,"96,60",2911,"35,50",22,2889,"35,23"
280680,SÃO DOMINGOS,SE,11/2022,1088,967,"88,88",910,57,"94,11",121,"11,12",0,121,"11,12"
280680,SÃO DOMINGOS,SE,07/2022,1171,736,"62,85",644,92,"87,50",435,"37,15",3,432,"36,89"
280680,SÃO DOMINGOS,SE,09/2022,1153,714,"61,93",685,29,"95,94",439,"38,07",1,438,"37,99"
280690,SÃO FRANCISCO,SE,07/2022,373,280,"75,07",277,3,"98,93",93,"24,93",17,76,"20,38"
280690,SÃO FRANCISCO,SE,09/2022,359,264,"73,54",264,0,"100,00",95,"26,46",8,87,"24,23"
280690,SÃO FRANCISCO,SE,11/2022,346,256,"73,99",256,0,"100,00",90,"26,01",2,88,"25,43"
280700,SÃO MIGUEL DO ALEIXO,SE,11/2022,378,334,"88,36",328,6,"98,20",44,"11,64",9,35,"9,26"
280700,SÃO MIGUEL DO ALEIXO,SE,09/2022,398,339,"85,18",337,2,"99,41",59,"14,82",9,50,"12,56"
280700,SÃO MIGUEL DO ALEIXO,SE,07/2022,410,342,"83,41",339,3,"99,12",68,"16,59",15,53,"12,93"
280710,SIMÃO DIAS,SE,09/2022,5025,4503,"89,61",4428,75,"98,33",522,"10,39",320,202,"4,02"
280710,SIMÃO DIAS,SE,07/2022,5194,3668,"70,62",3617,51,"98,61",1526,"29,38",700,826,"15,90"
280710,SIMÃO DIAS,SE,11/2022,4873,4495,"92,24",4436,59,"98,69",378,"7,76",183,195,"4,00"
280720,SIRIRI,SE,11/2022,1018,906,"89,00",906,0,"100,00",112,"11,00",8,104,"10,22"
280720,SIRIRI,SE,07/2022,1016,910,"89,57",910,0,"100,00",106,"10,43",7,99,"9,74"
280720,SIRIRI,SE,09/2022,1025,914,"89,17",914,0,"100,00",111,"10,83",7,104,"10,15"
280730,TELHA,SE,07/2022,426,302,"70,89",302,0,"100,00",124,"29,11",6,118,"27,70"
280730,TELHA,SE,09/2022,423,303,"71,63",303,0,"100,00",120,"28,37",0,120,"28,37"
280730,TELHA,SE,11/2022,407,296,"72,73",296,0,"100,00",111,"27,27",0,111,"27,27"
280740,TOBIAS BARRETO,SE,11/2022,5216,4623,"88,63",4572,51,"98,90",593,"11,37",52,541,"10,37"
280740,TOBIAS BARRETO,SE,07/2022,5224,3789,"72,53",3760,29,"99,23",1435,"27,47",98,1337,"25,59"
280740,TOBIAS BARRETO,SE,09/2022,5282,4404,"83,38",4325,79,"98,21",878,"16,62",126,752,"14,24"
280750,TOMAR DO GERU,SE,09/2022,1456,1210,"83,10",1160,50,"95,87",246,"16,90",10,236,"16,21"
280750,TOMAR DO GERU,SE,07/2022,1491,1196,"80,21",1186,10,"99,16",295,"19,79",50,245,"16,43"
280750,TOMAR DO GERU,SE,11/2022,1434,1203,"83,89",1170,33,"97,26",231,"16,11",7,224,"15,62"
280760,UMBAÚBA,SE,11/2022,2882,2776,"96,32",2605,171,"93,84",106,"3,68",10,96,"3,33"
280760,UMBAÚBA,SE,07/2022,3024,2401,"79,40",2386,15,"99,38",623,"20,60",15,608,"20,11"
280760,UMBAÚBA,SE,09/2022,2906,2745,"94,46",2583,162,"94,10",161,"5,54",24,137,"4,71"
350010,ADAMANTINA,SP,07/2022,544,526,"96,69",490,36,"93,16",18,"3,31",5,13,"2,39"
350010,ADAMANTINA,SP,09/2022,535,519,"97,01",433,86,"83,43",16,"2,99",2,14,"2,62"
350010,ADAMANTINA,SP,11/2022,510,501,"98,24",497,4,"99,20",9,"1,76",4,5,"0,98"
350020,ADOLFO,SP,11/2022,153,117,"76,47",109,8,"93,16",36,"23,53",1,35,"22,88"
350020,ADOLFO,SP,09/2022,158,117,"74,05",110,7,"94,02",41,"25,95",2,39,"24,68"
350020,ADOLFO,SP,07/2022,143,102,"71,33",93,9,"91,18",41,"28,67",4,37,"25,87"
350030,AGUAÍ,SP,07/2022,1646,1565,"95,08",1519,46,"97,06",81,"4,92",10,71,"4,31"
350030,AGUAÍ,SP,09/2022,1687,1564,"92,71",1372,192,"87,72",123,"7,29",16,107,"6,34"
350030,AGUAÍ,SP,11/2022,1630,1519,"93,19",1347,172,"88,68",111,"6,81",4,107,"6,56"
350040,ÁGUAS DA PRATA,SP,11/2022,194,165,"85,05",165,0,"100,00",29,"14,95",0,29,"14,95"
350040,ÁGUAS DA PRATA,SP,09/2022,177,151,"85,31",151,0,"100,00",26,"14,69",0,26,"14,69"
350040,ÁGUAS DA PRATA,SP,07/2022,176,149,"84,66",149,0,"100,00",27,"15,34",1,26,"14,77"
350050,ÁGUAS DE LINDÓIA,SP,07/2022,392,345,"88,01",345,0,"100,00",47,"11,99",1,46,"11,73"
350050,ÁGUAS DE LINDÓIA,SP,09/2022,397,349,"87,91",349,0,"100,00",48,"12,09",4,44,"11,08"
350050,ÁGUAS DE LINDÓIA,SP,11/2022,400,362,"90,50",362,0,"100,00",38,"9,50",1,37,"9,25"
350055,ÁGUAS DE SANTA BÁRBARA,SP,11/2022,343,213,"62,10",213,0,"100,00",130,"37,90",4,126,"36,73"
350055,ÁGUAS DE SANTA BÁRBARA,SP,09/2022,381,327,"85,83",327,0,"100,00",54,"14,17",5,49,"12,86"
350055,ÁGUAS DE SANTA BÁRBARA,SP,07/2022,342,138,"40,35",135,3,"97,83",204,"59,65",155,49,"14,33"
350060,ÁGUAS DE SÃO PEDRO,SP,07/2022,73,60,"82,19",53,7,"88,33",13,"17,81",6,7,"9,59"
350060,ÁGUAS DE SÃO PEDRO,SP,09/2022,78,70,"89,74",62,8,"88,57",8,"10,26",1,7,"8,97"
350060,ÁGUAS DE SÃO PEDRO,SP,11/2022,84,76,"90,48",74,2,"97,37",8,"9,52",1,7,"8,33"
350070,AGUDOS,SP,11/2022,1216,1212,"99,67",1143,69,"94,31",4,"0,33",3,1,"0,08"
350070,AGUDOS,SP,09/2022,1165,1139,"97,77",1096,43,"96,22",26,"2,23",9,17,"1,46"
350070,AGUDOS,SP,07/2022,1153,1117,"96,88",1098,19,"98,30",36,"3,12",22,14,"1,21"
350075,ALAMBARI,SP,07/2022,211,87,"41,23",87,0,"100,00",124,"58,77",103,21,"9,95"
350075,ALAMBARI,SP,09/2022,211,102,"48,34",94,8,"92,16",109,"51,66",86,23,"10,90"
350075,ALAMBARI,SP,11/2022,211,47,"22,27",43,4,"91,49",164,"77,73",142,22,"10,43"
350080,ALFREDO MARCONDES,SP,11/2022,160,105,"65,63",78,27,"74,29",55,"34,38",34,21,"13,13"
350080,ALFREDO MARCONDES,SP,09/2022,165,105,"63,64",88,17,"83,81",60,"36,36",35,25,"15,15"
350080,ALFREDO MARCONDES,SP,07/2022,152,96,"63,16",77,19,"80,21",56,"36,84",33,23,"15,13"
350090,ALTAIR,SP,07/2022,139,1,"0,72",1,0,"100,00",138,"99,28",114,24,"17,27"
350090,ALTAIR,SP,09/2022,178,154,"86,52",154,0,"100,00",24,"13,48",2,22,"12,36"
350090,ALTAIR,SP,11/2022,199,178,"89,45",163,15,"91,57",21,"10,55",2,19,"9,55"
350100,ALTINÓPOLIS,SP,11/2022,880,719,"81,70",678,41,"94,30",161,"18,30",8,153,"17,39"
350100,ALTINÓPOLIS,SP,09/2022,883,716,"81,09",659,57,"92,04",167,"18,91",8,159,"18,01"
350100,ALTINÓPOLIS,SP,07/2022,822,624,"75,91",591,33,"94,71",198,"24,09",51,147,"17,88"
350110,ALTO ALEGRE,SP,07/2022,154,139,"90,26",138,1,"99,28",15,"9,74",1,14,"9,09"
350110,ALTO ALEGRE,SP,09/2022,160,145,"90,63",121,24,"83,45",15,"9,38",0,15,"9,38"
350110,ALTO ALEGRE,SP,11/2022,157,146,"92,99",143,3,"97,95",11,"7,01",0,11,"7,01"
350115,ALUMÍNIO,SP,11/2022,534,477,"89,33",434,43,"90,99",57,"10,67",3,54,"10,11"
350115,ALUMÍNIO,SP,09/2022,555,491,"88,47",442,49,"90,02",64,"11,53",1,63,"11,35"
350115,ALUMÍNIO,SP,07/2022,554,485,"87,55",458,27,"94,43",69,"12,45",1,68,"12,27"
350120,ÁLVARES FLORENCE,SP,07/2022,119,108,"90,76",89,19,"82,41",11,"9,24",1,10,"8,40"
350120,ÁLVARES FLORENCE,SP,09/2022,123,115,"93,50",113,2,"98,26",8,"6,50",1,7,"5,69"
350120,ÁLVARES FLORENCE,SP,11/2022,129,122,"94,57",121,1,"99,18",7,"5,43",1,6,"4,65"
350130,ÁLVARES MACHADO,SP,11/2022,1179,1160,"98,39",1088,72,"93,79",19,"1,61",14,5,"0,42"
350130,ÁLVARES MACHADO,SP,09/2022,1197,1077,"89,97",1029,48,"95,54",120,"10,03",7,113,"9,44"
350130,ÁLVARES MACHADO,SP,07/2022,1154,895,"77,56",855,40,"95,53",259,"22,44",14,245,"21,23"
350140,ÁLVARO DE CARVALHO,SP,07/2022,212,195,"91,98",166,29,"85,13",17,"8,02",5,12,"5,66"
350140,ÁLVARO DE CARVALHO,SP,09/2022,221,207,"93,67",144,63,"69,57",14,"6,33",3,11,"4,98"
350140,ÁLVARO DE CARVALHO,SP,11/2022,206,196,"95,15",141,55,"71,94",10,"4,85",1,9,"4,37"
350150,ALVINLÂNDIA,SP,11/2022,155,151,"97,42",151,0,"100,00",4,"2,58",2,2,"1,29"
350150,ALVINLÂNDIA,SP,09/2022,158,154,"97,47",153,1,"99,35",4,"2,53",2,2,"1,27"
350150,ALVINLÂNDIA,SP,07/2022,150,135,"90,00",134,1,"99,26",15,"10,00",1,14,"9,33"
350160,AMERICANA,SP,07/2022,4142,3925,"94,76",3795,130,"96,69",217,"5,24",15,202,"4,88"
350160,AMERICANA,SP,09/2022,4478,4174,"93,21",3736,438,"89,51",304,"6,79",37,267,"5,96"
350160,AMERICANA,SP,11/2022,4445,4120,"92,69",3824,296,"92,82",325,"7,31",31,294,"6,61"
350170,AMÉRICO BRASILIENSE,SP,11/2022,1088,1057,"97,15",1035,22,"97,92",31,"2,85",5,26,"2,39"
350170,AMÉRICO BRASILIENSE,SP,09/2022,1085,873,"80,46",829,44,"94,96",212,"19,54",189,23,"2,12"
350170,AMÉRICO BRASILIENSE,SP,07/2022,1042,976,"93,67",955,21,"97,85",66,"6,33",20,46,"4,41"
350180,AMÉRICO DE CAMPOS,SP,07/2022,247,191,"77,33",185,6,"96,86",56,"22,67",2,54,"21,86"
350180,AMÉRICO DE CAMPOS,SP,09/2022,245,192,"78,37",183,9,"95,31",53,"21,63",1,52,"21,22"
350180,AMÉRICO DE CAMPOS,SP,11/2022,257,196,"76,26",195,1,"99,49",61,"23,74",2,59,"22,96"
350190,AMPARO,SP,11/2022,1308,1101,"84,17",1047,54,"95,10",207,"15,83",52,155,"11,85"
350190,AMPARO,SP,09/2022,1245,915,"73,49",868,47,"94,86",330,"26,51",191,139,"11,16"
350190,AMPARO,SP,07/2022,1142,793,"69,44",733,60,"92,43",349,"30,56",225,124,"10,86"
350200,ANALÂNDIA,SP,07/2022,191,162,"84,82",162,0,"100,00",29,"15,18",4,25,"13,09"
350200,ANALÂNDIA,SP,09/2022,189,161,"85,19",161,0,"100,00",28,"14,81",3,25,"13,23"
350200,ANALÂNDIA,SP,11/2022,185,161,"87,03",161,0,"100,00",24,"12,97",5,19,"10,27"
350210,ANDRADINA,SP,11/2022,2144,1627,"75,89",1605,22,"98,65",517,"24,11",9,508,"23,69"
350210,ANDRADINA,SP,09/2022,2204,1567,"71,10",1542,25,"98,40",637,"28,90",23,614,"27,86"
350210,ANDRADINA,SP,07/2022,2059,1368,"66,44",1348,20,"98,54",691,"33,56",22,669,"32,49"
350220,ANGATUBA,SP,07/2022,905,891,"98,45",881,10,"98,88",14,"1,55",7,7,"0,77"
350220,ANGATUBA,SP,09/2022,932,914,"98,07",826,88,"90,37",18,"1,93",4,14,"1,50"
350220,ANGATUBA,SP,11/2022,959,938,"97,81",846,92,"90,19",21,"2,19",9,12,"1,25"
350230,ANHEMBI,SP,11/2022,420,231,"55,00",224,7,"96,97",189,"45,00",107,82,"19,52"
350230,ANHEMBI,SP,09/2022,435,112,"25,75",111,1,"99,11",323,"74,25",247,76,"17,47"
350230,ANHEMBI,SP,07/2022,431,342,"79,35",339,3,"99,12",89,"20,65",7,82,"19,03"
350240,ANHUMAS,SP,07/2022,122,81,"66,39",79,2,"97,53",41,"33,61",29,12,"9,84"
350240,ANHUMAS,SP,09/2022,126,116,"92,06",103,13,"88,79",10,"7,94",3,7,"5,56"
350240,ANHUMAS,SP,11/2022,125,120,"96,00",102,18,"85,00",5,"4,00",2,3,"2,40"
350250,APARECIDA,SP,11/2022,1390,1223,"87,99",1126,97,"92,07",167,"12,01",14,153,"11,01"
350250,APARECIDA,SP,09/2022,1391,1224,"87,99",1070,154,"87,42",167,"12,01",22,145,"10,42"
350250,APARECIDA,SP,07/2022,1394,1224,"87,80",1197,27,"97,79",170,"12,20",43,127,"9,11"
350260,APARECIDA D´OESTE,SP,07/2022,239,0,"0,00",0,0,,239,"100,00",206,33,"13,81"
350260,APARECIDA D´OESTE,SP,09/2022,240,0,"0,00",0,0,,240,"100,00",206,34,"14,17"
350260,APARECIDA D´OESTE,SP,11/2022,222,157,"70,72",141,16,"89,81",65,"29,28",25,40,"18,02"
350270,APIAÍ,SP,11/2022,1612,1565,"97,08",1458,107,"93,16",47,"2,92",35,12,"0,74"
350270,APIAÍ,SP,09/2022,1621,1337,"82,48",1224,113,"91,55",284,"17,52",133,151,"9,32"
350270,APIAÍ,SP,07/2022,1634,1465,"89,66",1437,28,"98,09",169,"10,34",13,156,"9,55"
350275,ARAÇARIGUAMA,SP,07/2022,1089,840,"77,13",782,58,"93,10",249,"22,87",6,243,"22,31"
350275,ARAÇARIGUAMA,SP,09/2022,1260,972,"77,14",885,87,"91,05",288,"22,86",11,277,"21,98"
350275,ARAÇARIGUAMA,SP,11/2022,1310,1024,"78,17",956,68,"93,36",286,"21,83",8,278,"21,22"
350280,ARAÇATUBA,SP,11/2022,5462,5154,"94,36",4612,542,"89,48",308,"5,64",128,180,"3,30"
350280,ARAÇATUBA,SP,07/2022,5317,5042,"94,83",4522,520,"89,69",275,"5,17",59,216,"4,06"
350280,ARAÇATUBA,SP,09/2022,5413,5075,"93,76",4498,577,"88,63",338,"6,24",93,245,"4,53"
350290,ARAÇOIABA DA SERRA,SP,09/2022,1288,941,"73,06",838,103,"89,05",347,"26,94",103,244,"18,94"
350290,ARAÇOIABA DA SERRA,SP,07/2022,1226,969,"79,04",940,29,"97,01",257,"20,96",58,199,"16,23"
350290,ARAÇOIABA DA SERRA,SP,11/2022,1270,1190,"93,70",1157,33,"97,23",80,"6,30",40,40,"3,15"
350300,ARAMINA,SP,11/2022,275,238,"86,55",225,13,"94,54",37,"13,45",6,31,"11,27"
350300,ARAMINA,SP,07/2022,253,214,"84,58",214,0,"100,00",39,"15,42",9,30,"11,86"
350300,ARAMINA,SP,09/2022,247,0,"0,00",0,0,,247,"100,00",216,31,"12,55"
350310,ARANDU,SP,07/2022,308,261,"84,74",256,5,"98,08",47,"15,26",2,45,"14,61"
350310,ARANDU,SP,09/2022,330,280,"84,85",269,11,"96,07",50,"15,15",4,46,"13,94"
350310,ARANDU,SP,11/2022,325,282,"86,77",278,4,"98,58",43,"13,23",1,42,"12,92"
350315,ARAPEÍ,SP,11/2022,164,153,"93,29",149,4,"97,39",11,"6,71",1,10,"6,10"
350315,ARAPEÍ,SP,07/2022,166,155,"93,37",152,3,"98,06",11,"6,63",3,8,"4,82"
350315,ARAPEÍ,SP,09/2022,161,1,"0,62",0,1,"0,00",160,"99,38",153,7,"4,35"
350320,ARARAQUARA,SP,07/2022,5828,5068,"86,96",4879,189,"96,27",760,"13,04",127,633,"10,86"
350320,ARARAQUARA,SP,09/2022,6267,5042,"80,45",4429,613,"87,84",1225,"19,55",567,658,"10,50"
350320,ARARAQUARA,SP,11/2022,6236,5955,"95,49",5753,202,"96,61",281,"4,51",12,269,"4,31"
350330,ARARAS,SP,11/2022,4659,3780,"81,13",3589,191,"94,95",879,"18,87",296,583,"12,51"
350330,ARARAS,SP,09/2022,4690,3595,"76,65",3370,225,"93,74",1095,"23,35",523,572,"12,20"
350330,ARARAS,SP,07/2022,4260,3103,"72,84",2914,189,"93,91",1157,"27,16",674,483,"11,34"
350335,ARCO-ÍRIS,SP,07/2022,129,114,"88,37",112,2,"98,25",15,"11,63",2,13,"10,08"
350335,ARCO-ÍRIS,SP,09/2022,132,121,"91,67",113,8,"93,39",11,"8,33",1,10,"7,58"
350335,ARCO-ÍRIS,SP,11/2022,132,123,"93,18",116,7,"94,31",9,"6,82",0,9,"6,82"
350340,AREALVA,SP,11/2022,326,240,"73,62",233,7,"97,08",86,"26,38",1,85,"26,07"
350340,AREALVA,SP,09/2022,329,222,"67,48",206,16,"92,79",107,"32,52",2,105,"31,91"
350340,AREALVA,SP,07/2022,303,91,"30,03",87,4,"95,60",212,"69,97",105,107,"35,31"
350350,AREIAS,SP,07/2022,264,212,"80,30",210,2,"99,06",52,"19,70",8,44,"16,67"
350350,AREIAS,SP,09/2022,244,232,"95,08",215,17,"92,67",12,"4,92",5,7,"2,87"
350350,AREIAS,SP,11/2022,249,240,"96,39",240,0,"100,00",9,"3,61",2,7,"2,81"
350360,AREIÓPOLIS,SP,11/2022,506,367,"72,53",355,12,"96,73",139,"27,47",1,138,"27,27"
350360,AREIÓPOLIS,SP,07/2022,444,310,"69,82",304,6,"98,06",134,"30,18",4,130,"29,28"
350360,AREIÓPOLIS,SP,09/2022,471,339,"71,97",315,24,"92,92",132,"28,03",4,128,"27,18"
350370,ARIRANHA,SP,07/2022,216,190,"87,96",179,11,"94,21",26,"12,04",2,24,"11,11"
350370,ARIRANHA,SP,09/2022,225,206,"91,56",199,7,"96,60",19,"8,44",0,19,"8,44"
350370,ARIRANHA,SP,11/2022,231,214,"92,64",205,9,"95,79",17,"7,36",0,17,"7,36"
350380,ARTUR NOGUEIRA,SP,11/2022,1720,1616,"93,95",1577,39,"97,59",104,"6,05",9,95,"5,52"
350380,ARTUR NOGUEIRA,SP,07/2022,1622,1542,"95,07",1511,31,"97,99",80,"4,93",10,70,"4,32"
350380,ARTUR NOGUEIRA,SP,09/2022,1739,1635,"94,02",1523,112,"93,15",104,"5,98",20,84,"4,83"
350390,ARUJÁ,SP,09/2022,4704,1654,"35,16",1496,158,"90,45",3050,"64,84",2120,930,"19,77"
350390,ARUJÁ,SP,07/2022,4340,1318,"30,37",1184,134,"89,83",3022,"69,63",2141,881,"20,30"
350390,ARUJÁ,SP,11/2022,4675,3456,"73,93",3193,263,"92,39",1219,"26,07",704,515,"11,02"
350395,ASPÁSIA,SP,11/2022,61,46,"75,41",40,6,"86,96",15,"24,59",11,4,"6,56"
350395,ASPÁSIA,SP,09/2022,64,58,"90,63",52,6,"89,66",6,"9,38",1,5,"7,81"
350395,ASPÁSIA,SP,07/2022,61,57,"93,44",52,5,"91,23",4,"6,56",1,3,"4,92"
350400,ASSIS,SP,09/2022,2907,2789,"95,94",2386,403,"85,55",118,"4,06",74,44,"1,51"
350400,ASSIS,SP,07/2022,2890,2712,"93,84",2405,307,"88,68",178,"6,16",110,68,"2,35"
350400,ASSIS,SP,11/2022,2873,2620,"91,19",2356,264,"89,92",253,"8,81",198,55,"1,91"
350410,ATIBAIA,SP,11/2022,4568,4383,"95,95",3941,442,"89,92",185,"4,05",55,130,"2,85"
350410,ATIBAIA,SP,07/2022,4504,4121,"91,50",3513,608,"85,25",383,"8,50",208,175,"3,89"
350410,ATIBAIA,SP,09/2022,4592,4244,"92,42",3592,652,"84,64",348,"7,58",200,148,"3,22"
350420,AURIFLAMA,SP,07/2022,255,169,"66,27",141,28,"83,43",86,"33,73",1,85,"33,33"
350420,AURIFLAMA,SP,09/2022,255,245,"96,08",226,19,"92,24",10,"3,92",2,8,"3,14"
350420,AURIFLAMA,SP,11/2022,255,248,"97,25",228,20,"91,94",7,"2,75",2,5,"1,96"
350430,AVAÍ,SP,11/2022,273,261,"95,60",261,0,"100,00",12,"4,40",2,10,"3,66"
350430,AVAÍ,SP,09/2022,285,260,"91,23",255,5,"98,08",25,"8,77",17,8,"2,81"
350430,AVAÍ,SP,07/2022,293,263,"89,76",263,0,"100,00",30,"10,24",3,27,"9,22"
350440,AVANHANDAVA,SP,07/2022,810,652,"80,49",652,0,"100,00",158,"19,51",8,150,"18,52"
350440,AVANHANDAVA,SP,09/2022,841,678,"80,62",673,5,"99,26",163,"19,38",6,157,"18,67"
350440,AVANHANDAVA,SP,11/2022,824,667,"80,95",628,39,"94,15",157,"19,05",6,151,"18,33"
350450,AVARÉ,SP,11/2022,3354,3202,"95,47",2985,217,"93,22",152,"4,53",70,82,"2,44"
350450,AVARÉ,SP,09/2022,3290,3218,"97,81",2771,447,"86,11",72,"2,19",14,58,"1,76"
350450,AVARÉ,SP,07/2022,3125,2820,"90,24",2745,75,"97,34",305,"9,76",12,293,"9,38"
350460,BADY BASSITT,SP,09/2022,643,597,"92,85",489,108,"81,91",46,"7,15",20,26,"4,04"
350460,BADY BASSITT,SP,07/2022,519,471,"90,75",340,131,"72,19",48,"9,25",10,38,"7,32"
350460,BADY BASSITT,SP,11/2022,683,633,"92,68",548,85,"86,57",50,"7,32",12,38,"5,56"
350470,BALBINOS,SP,11/2022,87,81,"93,10",81,0,"100,00",6,"6,90",2,4,"4,60"
350470,BALBINOS,SP,07/2022,81,78,"96,30",78,0,"100,00",3,"3,70",1,2,"2,47"
350470,BALBINOS,SP,09/2022,86,82,"95,35",82,0,"100,00",4,"4,65",2,2,"2,33"
350480,BÁLSAMO,SP,07/2022,241,228,"94,61",228,0,"100,00",13,"5,39",2,11,"4,56"
350480,BÁLSAMO,SP,09/2022,265,254,"95,85",254,0,"100,00",11,"4,15",1,10,"3,77"
350480,BÁLSAMO,SP,11/2022,272,260,"95,59",257,3,"98,85",12,"4,41",0,12,"4,41"
350490,BANANAL,SP,11/2022,590,305,"51,69",284,21,"93,11",285,"48,31",210,75,"12,71"
350490,BANANAL,SP,07/2022,597,475,"79,56",462,13,"97,26",122,"20,44",56,66,"11,06"
350490,BANANAL,SP,09/2022,602,377,"62,62",364,13,"96,55",225,"37,38",148,77,"12,79"
350500,BARÃO DE ANTONINA,SP,09/2022,188,187,"99,47",155,32,"82,89",1,"0,53",0,1,"0,53"
350500,BARÃO DE ANTONINA,SP,07/2022,186,183,"98,39",181,2,"98,91",3,"1,61",2,1,"0,54"
350500,BARÃO DE ANTONINA,SP,11/2022,185,181,"97,84",139,42,"76,80",4,"2,16",3,1,"0,54"
350510,BARBOSA,SP,11/2022,409,359,"87,78",357,2,"99,44",50,"12,22",0,50,"12,22"
350510,BARBOSA,SP,09/2022,406,352,"86,70",347,5,"98,58",54,"13,30",0,54,"13,30"
350510,BARBOSA,SP,07/2022,371,320,"86,25",313,7,"97,81",51,"13,75",3,48,"12,94"
350520,BARIRI,SP,07/2022,952,728,"76,47",663,65,"91,07",224,"23,53",134,90,"9,45"
350520,BARIRI,SP,09/2022,985,543,"55,13",486,57,"89,50",442,"44,87",353,89,"9,04"
350520,BARIRI,SP,11/2022,1011,933,"92,28",883,50,"94,64",78,"7,72",7,71,"7,02"
350530,BARRA BONITA,SP,11/2022,1036,957,"92,37",942,15,"98,43",79,"7,63",15,64,"6,18"
350530,BARRA BONITA,SP,09/2022,1069,948,"88,68",938,10,"98,95",121,"11,32",17,104,"9,73"
350530,BARRA BONITA,SP,07/2022,1028,859,"83,56",846,13,"98,49",169,"16,44",76,93,"9,05"
350535,BARRA DO CHAPÉU,SP,09/2022,589,538,"91,34",538,0,"100,00",51,"8,66",1,50,"8,49"
350535,BARRA DO CHAPÉU,SP,07/2022,557,509,"91,38",509,0,"100,00",48,"8,62",0,48,"8,62"
350535,BARRA DO CHAPÉU,SP,11/2022,596,548,"91,95",548,0,"100,00",48,"8,05",0,48,"8,05"
350540,BARRA DO TURVO,SP,11/2022,687,561,"81,66",515,46,"91,80",126,"18,34",1,125,"18,20"
350540,BARRA DO TURVO,SP,07/2022,682,540,"79,18",529,11,"97,96",142,"20,82",27,115,"16,86"
350540,BARRA DO TURVO,SP,09/2022,693,566,"81,67",533,33,"94,17",127,"18,33",15,112,"16,16"
350550,BARRETOS,SP,07/2022,3131,2605,"83,20",2308,297,"88,60",526,"16,80",55,471,"15,04"
350550,BARRETOS,SP,09/2022,3286,2237,"68,08",1827,410,"81,67",1049,"31,92",556,493,"15,00"
350550,BARRETOS,SP,11/2022,3382,2863,"84,65",2640,223,"92,21",519,"15,35",42,477,"14,10"
350560,BARRINHA,SP,11/2022,2041,1737,"85,11",1717,20,"98,85",304,"14,89",34,270,"13,23"
350560,BARRINHA,SP,09/2022,1973,1648,"83,53",1566,82,"95,02",325,"16,47",60,265,"13,43"
350560,BARRINHA,SP,07/2022,1685,1456,"86,41",1433,23,"98,42",229,"13,59",20,209,"12,40"
350570,BARUERI,SP,09/2022,14083,9413,"66,84",9067,346,"96,32",4670,"33,16",533,4137,"29,38"
350570,BARUERI,SP,07/2022,12971,9040,"69,69",8843,197,"97,82",3931,"30,31",70,3861,"29,77"
350570,BARUERI,SP,11/2022,14351,10231,"71,29",10042,189,"98,15",4120,"28,71",41,4079,"28,42"
350580,BASTOS,SP,11/2022,556,514,"92,45",448,66,"87,16",42,"7,55",2,40,"7,19"
350580,BASTOS,SP,07/2022,535,466,"87,10",368,98,"78,97",69,"12,90",5,64,"11,96"
350580,BASTOS,SP,09/2022,555,495,"89,19",393,102,"79,39",60,"10,81",3,57,"10,27"
350590,BATATAIS,SP,07/2022,1914,1537,"80,30",1438,99,"93,56",377,"19,70",294,83,"4,34"
350590,BATATAIS,SP,09/2022,2004,1769,"88,27",1615,154,"91,29",235,"11,73",150,85,"4,24"
350590,BATATAIS,SP,11/2022,1963,1727,"87,98",1640,87,"94,96",236,"12,02",144,92,"4,69"
350600,BAURU,SP,11/2022,10288,10160,"98,76",9652,508,"95,00",128,"1,24",22,106,"1,03"
350600,BAURU,SP,07/2022,10327,9923,"96,09",9311,612,"93,83",404,"3,91",252,152,"1,47"
350600,BAURU,SP,09/2022,10530,10431,"99,06",9917,514,"95,07",99,"0,94",52,47,"0,45"
350610,BEBEDOURO,SP,09/2022,2538,2222,"87,55",1921,301,"86,45",316,"12,45",235,81,"3,19"
350610,BEBEDOURO,SP,07/2022,2471,2083,"84,30",1913,170,"91,84",388,"15,70",13,375,"15,18"
350610,BEBEDOURO,SP,11/2022,2536,2401,"94,68",2095,306,"87,26",135,"5,32",40,95,"3,75"
350620,BENTO DE ABREU,SP,11/2022,142,124,"87,32",97,27,"78,23",18,"12,68",6,12,"8,45"
350620,BENTO DE ABREU,SP,07/2022,121,110,"90,91",99,11,"90,00",11,"9,09",4,7,"5,79"
350620,BENTO DE ABREU,SP,09/2022,125,114,"91,20",79,35,"69,30",11,"8,80",6,5,"4,00"
350630,BERNARDINO DE CAMPOS,SP,09/2022,546,531,"97,25",424,107,"79,85",15,"2,75",8,7,"1,28"
350630,BERNARDINO DE CAMPOS,SP,07/2022,491,469,"95,52",422,47,"89,98",22,"4,48",10,12,"2,44"
350630,BERNARDINO DE CAMPOS,SP,11/2022,553,539,"97,47",474,65,"87,94",14,"2,53",4,10,"1,81"
350635,BERTIOGA,SP,11/2022,4450,2973,"66,81",2438,535,"82,00",1477,"33,19",57,1420,"31,91"
350635,BERTIOGA,SP,07/2022,3938,2497,"63,41",2066,431,"82,74",1441,"36,59",70,1371,"34,81"
350635,BERTIOGA,SP,09/2022,4331,2819,"65,09",2292,527,"81,31",1512,"34,91",81,1431,"33,04"
350640,BILAC,SP,09/2022,179,165,"92,18",158,7,"95,76",14,"7,82",2,12,"6,70"
350640,BILAC,SP,07/2022,176,166,"94,32",154,12,"92,77",10,"5,68",3,7,"3,98"
350640,BILAC,SP,11/2022,191,180,"94,24",175,5,"97,22",11,"5,76",0,11,"5,76"
350650,BIRIGUI,SP,11/2022,3201,3058,"95,53",2809,249,"91,86",143,"4,47",12,131,"4,09"
350650,BIRIGUI,SP,09/2022,3208,3082,"96,07",2772,310,"89,94",126,"3,93",8,118,"3,68"
350650,BIRIGUI,SP,07/2022,3026,2918,"96,43",2495,423,"85,50",108,"3,57",18,90,"2,97"
350660,BIRITIBA-MIRIM,SP,07/2022,1934,1469,"75,96",1428,41,"97,21",465,"24,04",137,328,"16,96"
350660,BIRITIBA-MIRIM,SP,09/2022,2040,1938,"95,00",1909,29,"98,50",102,"5,00",69,33,"1,62"
350660,BIRITIBA-MIRIM,SP,11/2022,2009,1880,"93,58",1852,28,"98,51",129,"6,42",87,42,"2,09"
350670,BOA ESPERANÇA DO SUL,SP,11/2022,727,558,"76,75",538,20,"96,42",169,"23,25",25,144,"19,81"
350670,BOA ESPERANÇA DO SUL,SP,07/2022,704,546,"77,56",538,8,"98,53",158,"22,44",8,150,"21,31"
350670,BOA ESPERANÇA DO SUL,SP,09/2022,770,610,"79,22",568,42,"93,11",160,"20,78",10,150,"19,48"
350680,BOCAINA,SP,09/2022,377,369,"97,88",260,109,"70,46",8,"2,12",1,7,"1,86"
350680,BOCAINA,SP,07/2022,360,349,"96,94",319,30,"91,40",11,"3,06",4,7,"1,94"
350680,BOCAINA,SP,11/2022,376,372,"98,94",284,88,"76,34",4,"1,06",0,4,"1,06"
350690,BOFETE,SP,11/2022,560,517,"92,32",517,0,"100,00",43,"7,68",15,28,"5,00"
350690,BOFETE,SP,07/2022,486,15,"3,09",15,0,"100,00",471,"96,91",342,129,"26,54"
350690,BOFETE,SP,09/2022,556,491,"88,31",491,0,"100,00",65,"11,69",13,52,"9,35"
350700,BOITUVA,SP,09/2022,2259,1845,"81,67",1712,133,"92,79",414,"18,33",6,408,"18,06"
350700,BOITUVA,SP,07/2022,2109,1692,"80,23",1604,88,"94,80",417,"19,77",7,410,"19,44"
350700,BOITUVA,SP,11/2022,2252,1854,"82,33",1699,155,"91,64",398,"17,67",5,393,"17,45"
350710,BOM JESUS DOS PERDÕES,SP,11/2022,1351,600,"44,41",557,43,"92,83",751,"55,59",466,285,"21,10"
350710,BOM JESUS DOS PERDÕES,SP,07/2022,1323,379,"28,65",317,62,"83,64",944,"71,35",663,281,"21,24"
350710,BOM JESUS DOS PERDÕES,SP,09/2022,1402,570,"40,66",498,72,"87,37",832,"59,34",537,295,"21,04"
350715,BOM SUCESSO DE ITARARÉ,SP,07/2022,314,246,"78,34",230,16,"93,50",68,"21,66",6,62,"19,75"
350715,BOM SUCESSO DE ITARARÉ,SP,09/2022,313,297,"94,89",230,67,"77,44",16,"5,11",2,14,"4,47"
350715,BOM SUCESSO DE ITARARÉ,SP,11/2022,302,293,"97,02",261,32,"89,08",9,"2,98",0,9,"2,98"
350720,BORÁ,SP,11/2022,43,40,"93,02",40,0,"100,00",3,"6,98",0,3,"6,98"
350720,BORÁ,SP,09/2022,41,37,"90,24",37,0,"100,00",4,"9,76",0,4,"9,76"
350720,BORÁ,SP,07/2022,38,26,"68,42",26,0,"100,00",12,"31,58",5,7,"18,42"
350730,BORACÉIA,SP,09/2022,258,232,"89,92",225,7,"96,98",26,"10,08",2,24,"9,30"
350730,BORACÉIA,SP,07/2022,255,225,"88,24",216,9,"96,00",30,"11,76",5,25,"9,80"
350730,BORACÉIA,SP,11/2022,251,232,"92,43",232,0,"100,00",19,"7,57",0,19,"7,57"
350740,BORBOREMA,SP,11/2022,469,467,"99,57",446,21,"95,50",2,"0,43",2,0,"0,00"
350740,BORBOREMA,SP,07/2022,454,441,"97,14",413,28,"93,65",13,"2,86",4,9,"1,98"
350740,BORBOREMA,SP,09/2022,475,462,"97,26",431,31,"93,29",13,"2,74",10,3,"0,63"
350745,BOREBI,SP,09/2022,160,142,"88,75",133,9,"93,66",18,"11,25",0,18,"11,25"
350745,BOREBI,SP,07/2022,142,121,"85,21",121,0,"100,00",21,"14,79",3,18,"12,68"
350745,BOREBI,SP,11/2022,161,146,"90,68",127,19,"86,99",15,"9,32",0,15,"9,32"
350750,BOTUCATU,SP,11/2022,4372,2689,"61,51",2494,195,"92,75",1683,"38,49",1588,95,"2,17"
350750,BOTUCATU,SP,09/2022,4383,2880,"65,71",2598,282,"90,21",1503,"34,29",1126,377,"8,60"
350750,BOTUCATU,SP,07/2022,4302,2751,"63,95",2614,137,"95,02",1551,"36,05",1196,355,"8,25"
350760,BRAGANÇA PAULISTA,SP,09/2022,5546,5444,"98,16",4509,935,"82,83",102,"1,84",43,59,"1,06"
350760,BRAGANÇA PAULISTA,SP,07/2022,5069,4963,"97,91",4302,661,"86,68",106,"2,09",31,75,"1,48"
350760,BRAGANÇA PAULISTA,SP,11/2022,5637,5545,"98,37",5077,468,"91,56",92,"1,63",31,61,"1,08"
350770,BRAÚNA,SP,11/2022,336,285,"84,82",262,23,"91,93",51,"15,18",1,50,"14,88"
350770,BRAÚNA,SP,09/2022,321,258,"80,37",230,28,"89,15",63,"19,63",1,62,"19,31"
350770,BRAÚNA,SP,07/2022,310,269,"86,77",250,19,"92,94",41,"13,23",0,41,"13,23"
350775,BREJO ALEGRE,SP,07/2022,180,166,"92,22",163,3,"98,19",14,"7,78",2,12,"6,67"
350775,BREJO ALEGRE,SP,09/2022,186,168,"90,32",157,11,"93,45",18,"9,68",4,14,"7,53"
350775,BREJO ALEGRE,SP,11/2022,174,169,"97,13",161,8,"95,27",5,"2,87",3,2,"1,15"
350780,BRODOWSKI,SP,11/2022,955,937,"98,12",858,79,"91,57",18,"1,88",2,16,"1,68"
350780,BRODOWSKI,SP,09/2022,950,930,"97,89",820,110,"88,17",20,"2,11",8,12,"1,26"
350780,BRODOWSKI,SP,07/2022,852,835,"98,00",803,32,"96,17",17,"2,00",1,16,"1,88"
350790,BROTAS,SP,09/2022,584,568,"97,26",508,60,"89,44",16,"2,74",9,7,"1,20"
350790,BROTAS,SP,07/2022,594,487,"81,99",468,19,"96,10",107,"18,01",18,89,"14,98"
350790,BROTAS,SP,11/2022,590,556,"94,24",523,33,"94,06",34,"5,76",13,21,"3,56"
350800,BURI,SP,11/2022,1744,1688,"96,79",1438,250,"85,19",56,"3,21",6,50,"2,87"
350800,BURI,SP,09/2022,1768,1694,"95,81",1380,314,"81,46",74,"4,19",8,66,"3,73"
350800,BURI,SP,07/2022,1763,1653,"93,76",1415,238,"85,60",110,"6,24",12,98,"5,56"
350810,BURITAMA,SP,09/2022,1053,877,"83,29",806,71,"91,90",176,"16,71",23,153,"14,53"
350810,BURITAMA,SP,07/2022,998,831,"83,27",768,63,"92,42",167,"16,73",26,141,"14,13"
350810,BURITAMA,SP,11/2022,1044,902,"86,40",851,51,"94,35",142,"13,60",21,121,"11,59"
350820,BURITIZAL,SP,11/2022,200,185,"92,50",180,5,"97,30",15,"7,50",0,15,"7,50"
350820,BURITIZAL,SP,07/2022,182,167,"91,76",142,25,"85,03",15,"8,24",3,12,"6,59"
350820,BURITIZAL,SP,09/2022,196,175,"89,29",172,3,"98,29",21,"10,71",5,16,"8,16"
350830,CABRÁLIA PAULISTA,SP,07/2022,178,174,"97,75",157,17,"90,23",4,"2,25",3,1,"0,56"
350830,CABRÁLIA PAULISTA,SP,09/2022,182,179,"98,35",178,1,"99,44",3,"1,65",2,1,"0,55"
350830,CABRÁLIA PAULISTA,SP,11/2022,186,182,"97,85",170,12,"93,41",4,"2,15",0,4,"2,15"
350840,CABREÚVA,SP,11/2022,1557,1420,"91,20",1310,110,"92,25",137,"8,80",27,110,"7,06"
350840,CABREÚVA,SP,07/2022,1522,1336,"87,78",1214,122,"90,87",186,"12,22",31,155,"10,18"
350840,CABREÚVA,SP,09/2022,1576,1330,"84,39",1155,175,"86,84",246,"15,61",166,80,"5,08"
350850,CAÇAPAVA,SP,09/2022,3821,3055,"79,95",3055,0,"100,00",766,"20,05",28,738,"19,31"
350850,CAÇAPAVA,SP,07/2022,3653,2917,"79,85",2917,0,"100,00",736,"20,15",9,727,"19,90"
350850,CAÇAPAVA,SP,11/2022,3718,3010,"80,96",3010,0,"100,00",708,"19,04",20,688,"18,50"
350860,CACHOEIRA PAULISTA,SP,11/2022,1811,1639,"90,50",1639,0,"100,00",172,"9,50",1,171,"9,44"
350860,CACHOEIRA PAULISTA,SP,07/2022,1759,1578,"89,71",1578,0,"100,00",181,"10,29",4,177,"10,06"
350860,CACHOEIRA PAULISTA,SP,09/2022,1800,1613,"89,61",1613,0,"100,00",187,"10,39",12,175,"9,72"
350870,CACONDE,SP,09/2022,1044,336,"32,18",289,47,"86,01",708,"67,82",594,114,"10,92"
350870,CACONDE,SP,07/2022,1065,948,"89,01",948,0,"100,00",117,"10,99",4,113,"10,61"
350870,CACONDE,SP,11/2022,1045,773,"73,97",747,26,"96,64",272,"26,03",154,118,"11,29"
350880,CAFELÂNDIA,SP,11/2022,601,576,"95,84",497,79,"86,28",25,"4,16",8,17,"2,83"
350880,CAFELÂNDIA,SP,09/2022,590,574,"97,29",485,89,"84,49",16,"2,71",11,5,"0,85"
350880,CAFELÂNDIA,SP,07/2022,567,554,"97,71",421,133,"75,99",13,"2,29",8,5,"0,88"
350890,CAIABU,SP,07/2022,106,52,"49,06",50,2,"96,15",54,"50,94",37,17,"16,04"
350890,CAIABU,SP,09/2022,101,87,"86,14",84,3,"96,55",14,"13,86",4,10,"9,90"
350890,CAIABU,SP,11/2022,113,99,"87,61",94,5,"94,95",14,"12,39",2,12,"10,62"
350900,CAIEIRAS,SP,11/2022,3716,3672,"98,82",3672,0,"100,00",44,"1,18",13,31,"0,83"
350900,CAIEIRAS,SP,09/2022,3666,3605,"98,34",3601,4,"99,89",61,"1,66",15,46,"1,25"
350900,CAIEIRAS,SP,07/2022,3340,3089,"92,49",3089,0,"100,00",251,"7,51",11,240,"7,19"
350910,CAIUÁ,SP,07/2022,291,225,"77,32",225,0,"100,00",66,"22,68",4,62,"21,31"
350910,CAIUÁ,SP,09/2022,318,252,"79,25",252,0,"100,00",66,"20,75",3,63,"19,81"
350910,CAIUÁ,SP,11/2022,318,255,"80,19",255,0,"100,00",63,"19,81",51,12,"3,77"
350920,CAJAMAR,SP,11/2022,5312,4455,"83,87",4071,384,"91,38",857,"16,13",88,769,"14,48"
350920,CAJAMAR,SP,07/2022,5019,3877,"77,25",3650,227,"94,14",1142,"22,75",396,746,"14,86"
350920,CAJAMAR,SP,09/2022,5430,4274,"78,71",3898,376,"91,20",1156,"21,29",366,790,"14,55"
350925,CAJATI,SP,09/2022,1654,1329,"80,35",1233,96,"92,78",325,"19,65",61,264,"15,96"
350925,CAJATI,SP,07/2022,1622,1129,"69,61",1120,9,"99,20",493,"30,39",243,250,"15,41"
350925,CAJATI,SP,11/2022,1704,1375,"80,69",1276,99,"92,80",329,"19,31",60,269,"15,79"
350930,CAJOBI,SP,11/2022,401,362,"90,27",353,9,"97,51",39,"9,73",26,13,"3,24"
350930,CAJOBI,SP,09/2022,410,290,"70,73",287,3,"98,97",120,"29,27",12,108,"26,34"
350930,CAJOBI,SP,07/2022,388,267,"68,81",262,5,"98,13",121,"31,19",11,110,"28,35"
350940,CAJURU,SP,09/2022,1158,973,"84,02",872,101,"89,62",185,"15,98",22,163,"14,08"
350940,CAJURU,SP,07/2022,1078,892,"82,75",851,41,"95,40",186,"17,25",28,158,"14,66"
350940,CAJURU,SP,11/2022,1193,1067,"89,44",950,117,"89,03",126,"10,56",8,118,"9,89"
350945,CAMPINA DO MONTE ALEGRE,SP,11/2022,321,281,"87,54",225,56,"80,07",40,"12,46",7,33,"10,28"
350945,CAMPINA DO MONTE ALEGRE,SP,09/2022,333,282,"84,68",230,52,"81,56",51,"15,32",10,41,"12,31"
350945,CAMPINA DO MONTE ALEGRE,SP,07/2022,328,278,"84,76",167,111,"60,07",50,"15,24",10,40,"12,20"
350950,CAMPINAS,SP,07/2022,37680,37391,"99,23",35993,1398,"96,26",289,"0,77",179,110,"0,29"
350950,CAMPINAS,SP,09/2022,38675,31863,"82,39",29081,2782,"91,27",6812,"17,61",6633,179,"0,46"
350950,CAMPINAS,SP,11/2022,38357,38124,"99,39",36147,1977,"94,81",233,"0,61",111,122,"0,32"
350960,CAMPO LIMPO PAULISTA,SP,11/2022,3171,3088,"97,38",3088,0,"100,00",83,"2,62",32,51,"1,61"
350960,CAMPO LIMPO PAULISTA,SP,09/2022,3299,3258,"98,76",3258,0,"100,00",41,"1,24",18,23,"0,70"
350960,CAMPO LIMPO PAULISTA,SP,07/2022,3119,3058,"98,04",3058,0,"100,00",61,"1,96",11,50,"1,60"
350970,CAMPOS DO JORDÃO,SP,07/2022,1280,1230,"96,09",1210,20,"98,37",50,"3,91",5,45,"3,52"
350970,CAMPOS DO JORDÃO,SP,09/2022,1316,1255,"95,36",1020,235,"81,27",61,"4,64",11,50,"3,80"
350970,CAMPOS DO JORDÃO,SP,11/2022,1327,1287,"96,99",1109,178,"86,17",40,"3,01",6,34,"2,56"
350980,CAMPOS NOVOS PAULISTA,SP,11/2022,299,249,"83,28",233,16,"93,57",50,"16,72",13,37,"12,37"
350980,CAMPOS NOVOS PAULISTA,SP,09/2022,288,149,"51,74",130,19,"87,25",139,"48,26",83,56,"19,44"
350980,CAMPOS NOVOS PAULISTA,SP,07/2022,272,99,"36,40",99,0,"100,00",173,"63,60",119,54,"19,85"
350990,CANANÉIA,SP,09/2022,781,652,"83,48",499,153,"76,53",129,"16,52",7,122,"15,62"
350990,CANANÉIA,SP,07/2022,796,659,"82,79",588,71,"89,23",137,"17,21",10,127,"15,95"
350990,CANANÉIA,SP,11/2022,817,691,"84,58",552,139,"79,88",126,"15,42",4,122,"14,93"
350995,CANAS,SP,11/2022,423,357,"84,40",345,12,"96,64",66,"15,60",38,28,"6,62"
350995,CANAS,SP,07/2022,389,288,"74,04",274,14,"95,14",101,"25,96",16,85,"21,85"
350995,CANAS,SP,09/2022,424,324,"76,42",311,13,"95,99",100,"23,58",14,86,"20,28"
351000,CÂNDIDO MOTA,SP,07/2022,970,830,"85,57",757,73,"91,20",140,"14,43",4,136,"14,02"
351000,CÂNDIDO MOTA,SP,09/2022,960,847,"88,23",783,64,"92,44",113,"11,77",69,44,"4,58"
351000,CÂNDIDO MOTA,SP,11/2022,946,917,"96,93",863,54,"94,11",29,"3,07",4,25,"2,64"
351010,CÂNDIDO RODRIGUES,SP,11/2022,100,100,"100,00",99,1,"99,00",0,"0,00",0,0,"0,00"
351010,CÂNDIDO RODRIGUES,SP,09/2022,96,92,"95,83",91,1,"98,91",4,"4,17",0,4,"4,17"
351010,CÂNDIDO RODRIGUES,SP,07/2022,86,82,"95,35",81,1,"98,78",4,"4,65",0,4,"4,65"
351015,CANITAR,SP,07/2022,355,267,"75,21",248,19,"92,88",88,"24,79",76,12,"3,38"
351015,CANITAR,SP,09/2022,393,314,"79,90",295,19,"93,95",79,"20,10",66,13,"3,31"
351015,CANITAR,SP,11/2022,395,323,"81,77",310,13,"95,98",72,"18,23",62,10,"2,53"
351020,CAPÃO BONITO,SP,11/2022,3228,3046,"94,36",2966,80,"97,37",182,"5,64",64,118,"3,66"
351020,CAPÃO BONITO,SP,09/2022,3216,2901,"90,21",2681,220,"92,42",315,"9,79",58,257,"7,99"
351020,CAPÃO BONITO,SP,07/2022,3237,2923,"90,30",2676,247,"91,55",314,"9,70",65,249,"7,69"
351030,CAPELA DO ALTO,SP,09/2022,1371,1358,"99,05",1237,121,"91,09",13,"0,95",3,10,"0,73"
351030,CAPELA DO ALTO,SP,07/2022,1302,1048,"80,49",1041,7,"99,33",254,"19,51",88,166,"12,75"
351030,CAPELA DO ALTO,SP,11/2022,1391,1362,"97,92",1244,118,"91,34",29,"2,08",3,26,"1,87"
351040,CAPIVARI,SP,11/2022,2321,2199,"94,74",1919,280,"87,27",122,"5,26",10,112,"4,83"
351040,CAPIVARI,SP,09/2022,2336,2207,"94,48",1784,423,"80,83",129,"5,52",12,117,"5,01"
351040,CAPIVARI,SP,07/2022,2197,2068,"94,13",1929,139,"93,28",129,"5,87",11,118,"5,37"
351050,CARAGUATATUBA,SP,09/2022,6820,6412,"94,02",6101,311,"95,15",408,"5,98",65,343,"5,03"
351050,CARAGUATATUBA,SP,07/2022,6250,2891,"46,26",2693,198,"93,15",3359,"53,74",1783,1576,"25,22"
351050,CARAGUATATUBA,SP,11/2022,6868,5862,"85,35",5403,459,"92,17",1006,"14,65",602,404,"5,88"
351060,CARAPICUÍBA,SP,11/2022,21020,12325,"58,63",11506,819,"93,35",8695,"41,37",211,8484,"40,36"
351060,CARAPICUÍBA,SP,07/2022,21292,10758,"50,53",10184,574,"94,66",10534,"49,47",688,9846,"46,24"
351060,CARAPICUÍBA,SP,09/2022,21618,11920,"55,14",11093,827,"93,06",9698,"44,86",445,9253,"42,80"
351070,CARDOSO,SP,09/2022,358,312,"87,15",307,5,"98,40",46,"12,85",1,45,"12,57"
351070,CARDOSO,SP,07/2022,331,184,"55,59",179,5,"97,28",147,"44,41",112,35,"10,57"
351070,CARDOSO,SP,11/2022,366,318,"86,89",308,10,"96,86",48,"13,11",1,47,"12,84"
351080,CASA BRANCA,SP,11/2022,1196,1056,"88,29",938,118,"88,83",140,"11,71",16,124,"10,37"
351080,CASA BRANCA,SP,09/2022,1137,701,"61,65",590,111,"84,17",436,"38,35",324,112,"9,85"
351080,CASA BRANCA,SP,07/2022,1155,629,"54,46",541,88,"86,01",526,"45,54",414,112,"9,70"
351090,CÁSSIA DOS COQUEIROS,SP,07/2022,126,119,"94,44",112,7,"94,12",7,"5,56",0,7,"5,56"
351090,CÁSSIA DOS COQUEIROS,SP,09/2022,127,119,"93,70",111,8,"93,28",8,"6,30",4,4,"3,15"
351090,CÁSSIA DOS COQUEIROS,SP,11/2022,118,113,"95,76",105,8,"92,92",5,"4,24",1,4,"3,39"
351100,CASTILHO,SP,11/2022,835,702,"84,07",656,46,"93,45",133,"15,93",1,132,"15,81"
351100,CASTILHO,SP,09/2022,884,720,"81,45",666,54,"92,50",164,"18,55",6,158,"17,87"
351100,CASTILHO,SP,07/2022,870,690,"79,31",671,19,"97,25",180,"20,69",20,160,"18,39"
351110,CATANDUVA,SP,07/2022,2383,1877,"78,77",1671,206,"89,03",506,"21,23",17,489,"20,52"
351110,CATANDUVA,SP,09/2022,2395,2332,"97,37",2009,323,"86,15",63,"2,63",15,48,"2,00"
351110,CATANDUVA,SP,11/2022,2409,2347,"97,43",1919,428,"81,76",62,"2,57",8,54,"2,24"
351120,CATIGUÁ,SP,11/2022,204,199,"97,55",165,34,"82,91",5,"2,45",1,4,"1,96"
351120,CATIGUÁ,SP,09/2022,211,207,"98,10",172,35,"83,09",4,"1,90",1,3,"1,42"
351120,CATIGUÁ,SP,07/2022,198,192,"96,97",179,13,"93,23",6,"3,03",2,4,"2,02"
351130,CEDRAL,SP,07/2022,237,204,"86,08",157,47,"76,96",33,"13,92",5,28,"11,81"
351130,CEDRAL,SP,09/2022,254,216,"85,04",165,51,"76,39",38,"14,96",7,31,"12,20"
351130,CEDRAL,SP,11/2022,232,194,"83,62",175,19,"90,21",38,"16,38",4,34,"14,66"
351140,CERQUEIRA CÉSAR,SP,11/2022,873,843,"96,56",786,57,"93,24",30,"3,44",10,20,"2,29"
351140,CERQUEIRA CÉSAR,SP,07/2022,866,726,"83,83",673,53,"92,70",140,"16,17",17,123,"14,20"
351140,CERQUEIRA CÉSAR,SP,09/2022,893,764,"85,55",657,107,"85,99",129,"14,45",6,123,"13,77"
351150,CERQUILHO,SP,07/2022,854,758,"88,76",632,126,"83,38",96,"11,24",41,55,"6,44"
351150,CERQUILHO,SP,09/2022,967,861,"89,04",752,109,"87,34",106,"10,96",46,60,"6,20"
351150,CERQUILHO,SP,11/2022,990,911,"92,02",815,96,"89,46",79,"7,98",21,58,"5,86"
351160,CESÁRIO LANGE,SP,11/2022,488,426,"87,30",391,35,"91,78",62,"12,70",6,56,"11,48"
351160,CESÁRIO LANGE,SP,07/2022,437,379,"86,73",365,14,"96,31",58,"13,27",1,57,"13,04"
351160,CESÁRIO LANGE,SP,09/2022,464,379,"81,68",349,30,"92,08",85,"18,32",27,58,"12,50"
351170,CHARQUEADA,SP,09/2022,730,698,"95,62",602,96,"86,25",32,"4,38",3,29,"3,97"
351170,CHARQUEADA,SP,07/2022,679,640,"94,26",465,175,"72,66",39,"5,74",3,36,"5,30"
351170,CHARQUEADA,SP,11/2022,725,696,"96,00",614,82,"88,22",29,"4,00",2,27,"3,72"
351190,CLEMENTINA,SP,11/2022,351,340,"96,87",333,7,"97,94",11,"3,13",0,11,"3,13"
351190,CLEMENTINA,SP,07/2022,331,314,"94,86",313,1,"99,68",17,"5,14",4,13,"3,93"
351190,CLEMENTINA,SP,09/2022,342,330,"96,49",318,12,"96,36",12,"3,51",0,12,"3,51"
351200,COLINA,SP,07/2022,683,441,"64,57",427,14,"96,83",242,"35,43",138,104,"15,23"
351200,COLINA,SP,09/2022,704,391,"55,54",374,17,"95,65",313,"44,46",210,103,"14,63"
351200,COLINA,SP,11/2022,694,583,"84,01",583,0,"100,00",111,"15,99",15,96,"13,83"
351210,COLÔMBIA,SP,11/2022,440,377,"85,68",370,7,"98,14",63,"14,32",3,60,"13,64"
351210,COLÔMBIA,SP,07/2022,452,233,"51,55",233,0,"100,00",219,"48,45",23,196,"43,36"
351210,COLÔMBIA,SP,09/2022,465,309,"66,45",309,0,"100,00",156,"33,55",27,129,"27,74"
351220,CONCHAL,SP,09/2022,1652,1567,"94,85",1396,171,"89,09",85,"5,15",17,68,"4,12"
351220,CONCHAL,SP,07/2022,1523,1422,"93,37",1355,67,"95,29",101,"6,63",30,71,"4,66"
351220,CONCHAL,SP,11/2022,1642,1564,"95,25",1430,134,"91,43",78,"4,75",5,73,"4,45"
351230,CONCHAS,SP,11/2022,857,641,"74,80",641,0,"100,00",216,"25,20",89,127,"14,82"
351230,CONCHAS,SP,07/2022,791,458,"57,90",458,0,"100,00",333,"42,10",209,124,"15,68"
351230,CONCHAS,SP,09/2022,812,200,"24,63",200,0,"100,00",612,"75,37",484,128,"15,76"
351240,CORDEIRÓPOLIS,SP,07/2022,591,553,"93,57",530,23,"95,84",38,"6,43",8,30,"5,08"
351240,CORDEIRÓPOLIS,SP,09/2022,618,584,"94,50",560,24,"95,89",34,"5,50",11,23,"3,72"
351240,CORDEIRÓPOLIS,SP,11/2022,583,574,"98,46",563,11,"98,08",9,"1,54",4,5,"0,86"
351250,COROADOS,SP,11/2022,243,239,"98,35",220,19,"92,05",4,"1,65",2,2,"0,82"
351250,COROADOS,SP,07/2022,251,244,"97,21",243,1,"99,59",7,"2,79",1,6,"2,39"
351250,COROADOS,SP,09/2022,260,253,"97,31",225,28,"88,93",7,"2,69",2,5,"1,92"
351260,CORONEL MACEDO,SP,09/2022,206,180,"87,38",166,14,"92,22",26,"12,62",4,22,"10,68"
351260,CORONEL MACEDO,SP,07/2022,216,188,"87,04",183,5,"97,34",28,"12,96",6,22,"10,19"
351260,CORONEL MACEDO,SP,11/2022,204,180,"88,24",158,22,"87,78",24,"11,76",4,20,"9,80"
351270,CORUMBATAÍ,SP,11/2022,168,157,"93,45",109,48,"69,43",11,"6,55",0,11,"6,55"
351270,CORUMBATAÍ,SP,09/2022,162,154,"95,06",121,33,"78,57",8,"4,94",0,8,"4,94"
351270,CORUMBATAÍ,SP,07/2022,159,146,"91,82",118,28,"80,82",13,"8,18",6,7,"4,40"
351280,COSMÓPOLIS,SP,07/2022,1457,1404,"96,36",1388,16,"98,86",53,"3,64",7,46,"3,16"
351280,COSMÓPOLIS,SP,09/2022,1476,1426,"96,61",1283,143,"89,97",50,"3,39",5,45,"3,05"
351280,COSMÓPOLIS,SP,11/2022,1399,1355,"96,85",1225,130,"90,41",44,"3,15",3,41,"2,93"
351290,COSMORAMA,SP,11/2022,428,388,"90,65",342,46,"88,14",40,"9,35",8,32,"7,48"
351290,COSMORAMA,SP,09/2022,425,385,"90,59",363,22,"94,29",40,"9,41",6,34,"8,00"
351290,COSMORAMA,SP,07/2022,400,314,"78,50",296,18,"94,27",86,"21,50",63,23,"5,75"
351300,COTIA,SP,07/2022,8861,6818,"76,94",6605,213,"96,88",2043,"23,06",80,1963,"22,15"
351300,COTIA,SP,09/2022,9194,7050,"76,68",6554,496,"92,96",2144,"23,32",109,2035,"22,13"
351300,COTIA,SP,11/2022,9146,7238,"79,14",6574,664,"90,83",1908,"20,86",82,1826,"19,97"
351310,CRAVINHOS,SP,11/2022,1418,1378,"97,18",1244,134,"90,28",40,"2,82",5,35,"2,47"
351310,CRAVINHOS,SP,07/2022,1273,1231,"96,70",950,281,"77,17",42,"3,30",22,20,"1,57"
351310,CRAVINHOS,SP,09/2022,1415,1324,"93,57",1114,210,"84,14",91,"6,43",59,32,"2,26"
351320,CRISTAIS PAULISTA,SP,07/2022,274,262,"95,62",258,4,"98,47",12,"4,38",4,8,"2,92"
351320,CRISTAIS PAULISTA,SP,09/2022,294,274,"93,20",255,19,"93,07",20,"6,80",3,17,"5,78"
351320,CRISTAIS PAULISTA,SP,11/2022,263,246,"93,54",246,0,"100,00",17,"6,46",1,16,"6,08"
351330,CRUZÁLIA,SP,11/2022,65,55,"84,62",40,15,"72,73",10,"15,38",7,3,"4,62"
351330,CRUZÁLIA,SP,09/2022,70,37,"52,86",27,10,"72,97",33,"47,14",3,30,"42,86"
351330,CRUZÁLIA,SP,07/2022,73,39,"53,42",31,8,"79,49",34,"46,58",3,31,"42,47"
351340,CRUZEIRO,SP,07/2022,3324,2580,"77,62",2572,8,"99,69",744,"22,38",123,621,"18,68"
351340,CRUZEIRO,SP,09/2022,3299,79,"2,39",76,3,"96,20",3220,"97,61",2602,618,"18,73"
351340,CRUZEIRO,SP,11/2022,3457,2957,"85,54",2930,27,"99,09",500,"14,46",32,468,"13,54"
351350,CUBATÃO,SP,11/2022,5771,5587,"96,81",5037,550,"90,16",184,"3,19",18,166,"2,88"
351350,CUBATÃO,SP,07/2022,5735,5446,"94,96",5107,339,"93,78",289,"5,04",30,259,"4,52"
351350,CUBATÃO,SP,09/2022,5939,5529,"93,10",5296,233,"95,79",410,"6,90",147,263,"4,43"
351360,CUNHA,SP,09/2022,1308,845,"64,60",803,42,"95,03",463,"35,40",32,431,"32,95"
351360,CUNHA,SP,07/2022,1327,856,"64,51",822,34,"96,03",471,"35,49",36,435,"32,78"
351360,CUNHA,SP,11/2022,1295,801,"61,85",798,3,"99,63",494,"38,15",71,423,"32,66"
351370,DESCALVADO,SP,11/2022,709,667,"94,08",583,84,"87,41",42,"5,92",10,32,"4,51"
351370,DESCALVADO,SP,07/2022,687,649,"94,47",534,115,"82,28",38,"5,53",10,28,"4,08"
351370,DESCALVADO,SP,09/2022,701,658,"93,87",596,62,"90,58",43,"6,13",11,32,"4,56"
351380,DIADEMA,SP,07/2022,17335,9130,"52,67",8283,847,"90,72",8205,"47,33",4329,3876,"22,36"
351380,DIADEMA,SP,09/2022,18011,13864,"76,98",13833,31,"99,78",4147,"23,02",256,3891,"21,60"
351380,DIADEMA,SP,11/2022,18051,14146,"78,37",14139,7,"99,95",3905,"21,63",250,3655,"20,25"
351385,DIRCE REIS,SP,11/2022,57,47,"82,46",47,0,"100,00",10,"17,54",0,10,"17,54"
351385,DIRCE REIS,SP,07/2022,51,41,"80,39",41,0,"100,00",10,"19,61",0,10,"19,61"
351385,DIRCE REIS,SP,09/2022,53,0,"0,00",0,0,,53,"100,00",42,11,"20,75"
351390,DIVINOLÂNDIA,SP,07/2022,443,375,"84,65",375,0,"100,00",68,"15,35",2,66,"14,90"
351390,DIVINOLÂNDIA,SP,09/2022,463,0,"0,00",0,0,,463,"100,00",393,70,"15,12"
351390,DIVINOLÂNDIA,SP,11/2022,497,444,"89,34",444,0,"100,00",53,"10,66",6,47,"9,46"
351400,DOBRADA,SP,11/2022,500,495,"99,00",495,0,"100,00",5,"1,00",1,4,"0,80"
351400,DOBRADA,SP,09/2022,489,481,"98,36",461,20,"95,84",8,"1,64",3,5,"1,02"
351400,DOBRADA,SP,07/2022,444,435,"97,97",433,2,"99,54",9,"2,03",5,4,"0,90"
351410,DOIS CÓRREGOS,SP,09/2022,1100,1088,"98,91",977,111,"89,80",12,"1,09",6,6,"0,55"
351410,DOIS CÓRREGOS,SP,07/2022,1108,1072,"96,75",1033,39,"96,36",36,"3,25",9,27,"2,44"
351410,DOIS CÓRREGOS,SP,11/2022,1104,1091,"98,82",1030,61,"94,41",13,"1,18",4,9,"0,82"
351420,DOLCINÓPOLIS,SP,11/2022,135,107,"79,26",98,9,"91,59",28,"20,74",11,17,"12,59"
351420,DOLCINÓPOLIS,SP,07/2022,123,98,"79,67",93,5,"94,90",25,"20,33",4,21,"17,07"
351420,DOLCINÓPOLIS,SP,09/2022,130,110,"84,62",102,8,"92,73",20,"15,38",4,16,"12,31"
351430,DOURADO,SP,07/2022,348,315,"90,52",267,48,"84,76",33,"9,48",4,29,"8,33"
351430,DOURADO,SP,09/2022,400,365,"91,25",345,20,"94,52",35,"8,75",3,32,"8,00"
351430,DOURADO,SP,11/2022,392,363,"92,60",350,13,"96,42",29,"7,40",2,27,"6,89"
351440,DRACENA,SP,11/2022,883,854,"96,72",777,77,"90,98",29,"3,28",9,20,"2,27"
351440,DRACENA,SP,09/2022,879,864,"98,29",718,146,"83,10",15,"1,71",5,10,"1,14"
351440,DRACENA,SP,07/2022,868,778,"89,63",762,16,"97,94",90,"10,37",29,61,"7,03"
351450,DUARTINA,SP,07/2022,338,331,"97,93",295,36,"89,12",7,"2,07",3,4,"1,18"
351450,DUARTINA,SP,09/2022,389,375,"96,40",313,62,"83,47",14,"3,60",7,7,"1,80"
351450,DUARTINA,SP,11/2022,401,396,"98,75",341,55,"86,11",5,"1,25",0,5,"1,25"
351460,DUMONT,SP,11/2022,422,405,"95,97",399,6,"98,52",17,"4,03",1,16,"3,79"
351460,DUMONT,SP,09/2022,422,398,"94,31",383,15,"96,23",24,"5,69",9,15,"3,55"
351460,DUMONT,SP,07/2022,373,350,"93,83",350,0,"100,00",23,"6,17",2,21,"5,63"
351470,ECHAPORÃ,SP,09/2022,363,332,"91,46",293,39,"88,25",31,"8,54",7,24,"6,61"
351470,ECHAPORÃ,SP,07/2022,352,311,"88,35",286,25,"91,96",41,"11,65",15,26,"7,39"
351470,ECHAPORÃ,SP,11/2022,368,344,"93,48",318,26,"92,44",24,"6,52",3,21,"5,71"
351480,ELDORADO,SP,11/2022,1107,998,"90,15",994,4,"99,60",109,"9,85",61,48,"4,34"
351480,ELDORADO,SP,09/2022,1102,1036,"94,01",999,37,"96,43",66,"5,99",23,43,"3,90"
351480,ELDORADO,SP,07/2022,1087,1013,"93,19",991,22,"97,83",74,"6,81",28,46,"4,23"
351490,ELIAS FAUSTO,SP,09/2022,1079,1047,"97,03",1047,0,"100,00",32,"2,97",5,27,"2,50"
351490,ELIAS FAUSTO,SP,07/2022,972,949,"97,63",949,0,"100,00",23,"2,37",7,16,"1,65"
351490,ELIAS FAUSTO,SP,11/2022,1082,1073,"99,17",1071,2,"99,81",9,"0,83",1,8,"0,74"
351492,ELISIÁRIO,SP,11/2022,134,105,"78,36",87,18,"82,86",29,"21,64",6,23,"17,16"
351492,ELISIÁRIO,SP,09/2022,136,107,"78,68",92,15,"85,98",29,"21,32",2,27,"19,85"
351492,ELISIÁRIO,SP,07/2022,121,95,"78,51",94,1,"98,95",26,"21,49",1,25,"20,66"
351495,EMBAÚBA,SP,09/2022,63,0,"0,00",0,0,,63,"100,00",51,12,"19,05"
351495,EMBAÚBA,SP,07/2022,69,56,"81,16",56,0,"100,00",13,"18,84",0,13,"18,84"
351495,EMBAÚBA,SP,11/2022,75,62,"82,67",61,1,"98,39",13,"17,33",1,12,"16,00"
351500,EMBU,SP,11/2022,16629,13419,"80,70",12635,784,"94,16",3210,"19,30",2030,1180,"7,10"
351500,EMBU,SP,07/2022,15492,9552,"61,66",9157,395,"95,86",5940,"38,34",3677,2263,"14,61"
351500,EMBU,SP,09/2022,16359,10145,"62,01",9494,651,"93,58",6214,"37,99",4091,2123,"12,98"
351510,EMBU-GUAÇU,SP,07/2022,4735,3754,"79,28",3660,94,"97,50",981,"20,72",271,710,"14,99"
351510,EMBU-GUAÇU,SP,09/2022,5006,3407,"68,06",3377,30,"99,12",1599,"31,94",964,635,"12,68"
351510,EMBU-GUAÇU,SP,11/2022,5103,4632,"90,77",4363,269,"94,19",471,"9,23",55,416,"8,15"
351512,EMILIANÓPOLIS,SP,11/2022,113,105,"92,92",91,14,"86,67",8,"7,08",6,2,"1,77"
351512,EMILIANÓPOLIS,SP,09/2022,107,103,"96,26",87,16,"84,47",4,"3,74",2,2,"1,87"
351512,EMILIANÓPOLIS,SP,07/2022,111,94,"84,68",88,6,"93,62",17,"15,32",13,4,"3,60"
351515,ENGENHEIRO COELHO,SP,09/2022,785,582,"74,14",520,62,"89,35",203,"25,86",10,193,"24,59"
351515,ENGENHEIRO COELHO,SP,07/2022,729,544,"74,62",517,27,"95,04",185,"25,38",4,181,"24,83"
351515,ENGENHEIRO COELHO,SP,11/2022,759,559,"73,65",517,42,"92,49",200,"26,35",5,195,"25,69"
351518,ESPÍRITO SANTO DO PINHAL,SP,11/2022,837,793,"94,74",783,10,"98,74",44,"5,26",1,43,"5,14"
351518,ESPÍRITO SANTO DO PINHAL,SP,07/2022,878,789,"89,86",784,5,"99,37",89,"10,14",33,56,"6,38"
351518,ESPÍRITO SANTO DO PINHAL,SP,09/2022,876,828,"94,52",812,16,"98,07",48,"5,48",1,47,"5,37"
351519,ESPÍRITO SANTO DO TURVO,SP,07/2022,140,128,"91,43",123,5,"96,09",12,"8,57",5,7,"5,00"
351519,ESPÍRITO SANTO DO TURVO,SP,09/2022,153,138,"90,20",137,1,"99,28",15,"9,80",6,9,"5,88"
351519,ESPÍRITO SANTO DO TURVO,SP,11/2022,157,141,"89,81",137,4,"97,16",16,"10,19",5,11,"7,01"
351520,ESTRELA D´OESTE,SP,11/2022,257,252,"98,05",203,49,"80,56",5,"1,95",0,5,"1,95"
351520,ESTRELA D´OESTE,SP,09/2022,246,235,"95,53",200,35,"85,11",11,"4,47",2,9,"3,66"
351520,ESTRELA D´OESTE,SP,07/2022,205,0,"0,00",0,0,,205,"100,00",196,9,"4,39"
351530,ESTRELA DO NORTE,SP,09/2022,74,64,"86,49",56,8,"87,50",10,"13,51",2,8,"10,81"
351530,ESTRELA DO NORTE,SP,07/2022,78,20,"25,64",19,1,"95,00",58,"74,36",50,8,"10,26"
351530,ESTRELA DO NORTE,SP,11/2022,68,60,"88,24",57,3,"95,00",8,"11,76",1,7,"10,29"
351535,EUCLIDES DA CUNHA PAULISTA,SP,11/2022,523,491,"93,88",490,1,"99,80",32,"6,12",7,25,"4,78"
351535,EUCLIDES DA CUNHA PAULISTA,SP,07/2022,566,486,"85,87",486,0,"100,00",80,"14,13",2,78,"13,78"
351535,EUCLIDES DA CUNHA PAULISTA,SP,09/2022,529,521,"98,49",502,19,"96,35",8,"1,51",2,6,"1,13"
351540,FARTURA,SP,09/2022,760,746,"98,16",684,62,"91,69",14,"1,84",4,10,"1,32"
351540,FARTURA,SP,07/2022,702,674,"96,01",601,73,"89,17",28,"3,99",2,26,"3,70"
351540,FARTURA,SP,11/2022,754,735,"97,48",717,18,"97,55",19,"2,52",1,18,"2,39"
351550,FERNANDÓPOLIS,SP,11/2022,2091,2034,"97,27",1784,250,"87,71",57,"2,73",18,39,"1,87"
351550,FERNANDÓPOLIS,SP,07/2022,1946,1851,"95,12",1689,162,"91,25",95,"4,88",37,58,"2,98"
351550,FERNANDÓPOLIS,SP,09/2022,2091,2011,"96,17",1828,183,"90,90",80,"3,83",35,45,"2,15"
351560,FERNANDO PRESTES,SP,09/2022,185,154,"83,24",147,7,"95,45",31,"16,76",11,20,"10,81"
351560,FERNANDO PRESTES,SP,07/2022,170,144,"84,71",128,16,"88,89",26,"15,29",5,21,"12,35"
351560,FERNANDO PRESTES,SP,11/2022,188,163,"86,70",159,4,"97,55",25,"13,30",4,21,"11,17"
351565,FERNÃO,SP,11/2022,91,83,"91,21",83,0,"100,00",8,"8,79",0,8,"8,79"
351565,FERNÃO,SP,09/2022,82,0,"0,00",0,0,,82,"100,00",76,6,"7,32"
351565,FERNÃO,SP,07/2022,85,80,"94,12",80,0,"100,00",5,"5,88",1,4,"4,71"
351570,FERRAZ DE VASCONCELOS,SP,09/2022,9616,6513,"67,73",5966,547,"91,60",3103,"32,27",1709,1394,"14,50"
351570,FERRAZ DE VASCONCELOS,SP,07/2022,9198,7128,"77,50",6985,143,"97,99",2070,"22,50",710,1360,"14,79"
351570,FERRAZ DE VASCONCELOS,SP,11/2022,9495,6893,"72,60",6521,372,"94,60",2602,"27,40",1299,1303,"13,72"
351580,FLORA RICA,SP,11/2022,64,61,"95,31",61,0,"100,00",3,"4,69",0,3,"4,69"
351580,FLORA RICA,SP,07/2022,59,53,"89,83",48,5,"90,57",6,"10,17",0,6,"10,17"
351580,FLORA RICA,SP,09/2022,68,64,"94,12",63,1,"98,44",4,"5,88",0,4,"5,88"
351590,FLOREAL,SP,07/2022,82,77,"93,90",74,3,"96,10",5,"6,10",0,5,"6,10"
351590,FLOREAL,SP,09/2022,85,80,"94,12",65,15,"81,25",5,"5,88",0,5,"5,88"
351590,FLOREAL,SP,11/2022,89,85,"95,51",72,13,"84,71",4,"4,49",0,4,"4,49"
351600,FLÓRIDA PAULISTA,SP,11/2022,453,423,"93,38",378,45,"89,36",30,"6,62",7,23,"5,08"
351600,FLÓRIDA PAULISTA,SP,07/2022,479,398,"83,09",321,77,"80,65",81,"16,91",9,72,"15,03"
351600,FLÓRIDA PAULISTA,SP,09/2022,473,393,"83,09",342,51,"87,02",80,"16,91",8,72,"15,22"
351610,FLORÍNIA,SP,07/2022,150,129,"86,00",128,1,"99,22",21,"14,00",2,19,"12,67"
351610,FLORÍNIA,SP,09/2022,151,124,"82,12",123,1,"99,19",27,"17,88",11,16,"10,60"
351610,FLORÍNIA,SP,11/2022,145,133,"91,72",130,3,"97,74",12,"8,28",0,12,"8,28"
351620,FRANCA,SP,11/2022,9029,8787,"97,32",8534,253,"97,12",242,"2,68",4,238,"2,64"
351620,FRANCA,SP,09/2022,9179,8918,"97,16",8720,198,"97,78",261,"2,84",18,243,"2,65"
351620,FRANCA,SP,07/2022,9023,8827,"97,83",8820,7,"99,92",196,"2,17",16,180,"1,99"
351630,FRANCISCO MORATO,SP,07/2022,12412,10764,"86,72",10495,269,"97,50",1648,"13,28",389,1259,"10,14"
351630,FRANCISCO MORATO,SP,09/2022,12509,8105,"64,79",7761,344,"95,76",4404,"35,21",3269,1135,"9,07"
351630,FRANCISCO MORATO,SP,11/2022,12541,11588,"92,40",11381,207,"98,21",953,"7,60",355,598,"4,77"
351640,FRANCO DA ROCHA,SP,11/2022,8558,7771,"90,80",7306,465,"94,02",787,"9,20",101,686,"8,02"
351640,FRANCO DA ROCHA,SP,09/2022,8571,7482,"87,29",7114,368,"95,08",1089,"12,71",425,664,"7,75"
351640,FRANCO DA ROCHA,SP,07/2022,7811,6517,"83,43",6144,373,"94,28",1294,"16,57",546,748,"9,58"
351650,GABRIEL MONTEIRO,SP,09/2022,74,66,"89,19",66,0,"100,00",8,"10,81",2,6,"8,11"
351650,GABRIEL MONTEIRO,SP,07/2022,68,61,"89,71",61,0,"100,00",7,"10,29",1,6,"8,82"
351650,GABRIEL MONTEIRO,SP,11/2022,75,73,"97,33",72,1,"98,63",2,"2,67",1,1,"1,33"
351660,GÁLIA,SP,11/2022,185,151,"81,62",135,16,"89,40",34,"18,38",20,14,"7,57"
351660,GÁLIA,SP,07/2022,197,153,"77,66",128,25,"83,66",44,"22,34",29,15,"7,61"
351660,GÁLIA,SP,09/2022,201,178,"88,56",157,21,"88,20",23,"11,44",8,15,"7,46"
351670,GARÇA,SP,09/2022,1780,1691,"95,00",1681,10,"99,41",89,"5,00",21,68,"3,82"
351670,GARÇA,SP,07/2022,1788,1557,"87,08",1557,0,"100,00",231,"12,92",73,158,"8,84"
351670,GARÇA,SP,11/2022,1739,1649,"94,82",1649,0,"100,00",90,"5,18",14,76,"4,37"
351680,GASTÃO VIDIGAL,SP,11/2022,97,93,"95,88",82,11,"88,17",4,"4,12",1,3,"3,09"
351680,GASTÃO VIDIGAL,SP,09/2022,94,89,"94,68",75,14,"84,27",5,"5,32",1,4,"4,26"
351680,GASTÃO VIDIGAL,SP,07/2022,86,83,"96,51",73,10,"87,95",3,"3,49",0,3,"3,49"
351685,GAVIÃO PEIXOTO,SP,07/2022,208,199,"95,67",194,5,"97,49",9,"4,33",2,7,"3,37"
351685,GAVIÃO PEIXOTO,SP,09/2022,222,211,"95,05",201,10,"95,26",11,"4,95",2,9,"4,05"
351685,GAVIÃO PEIXOTO,SP,11/2022,211,194,"91,94",183,11,"94,33",17,"8,06",2,15,"7,11"
351690,GENERAL SALGADO,SP,11/2022,320,296,"92,50",292,4,"98,65",24,"7,50",2,22,"6,88"
351690,GENERAL SALGADO,SP,09/2022,336,305,"90,77",293,12,"96,07",31,"9,23",5,26,"7,74"
351690,GENERAL SALGADO,SP,07/2022,322,297,"92,24",285,12,"95,96",25,"7,76",1,24,"7,45"
351700,GETULINA,SP,09/2022,444,428,"96,40",364,64,"85,05",16,"3,60",15,1,"0,23"
351700,GETULINA,SP,07/2022,439,410,"93,39",410,0,"100,00",29,"6,61",4,25,"5,69"
351700,GETULINA,SP,11/2022,414,408,"98,55",383,25,"93,87",6,"1,45",3,3,"0,72"
351710,GLICÉRIO,SP,11/2022,223,200,"89,69",200,0,"100,00",23,"10,31",1,22,"9,87"
351710,GLICÉRIO,SP,07/2022,209,173,"82,78",172,1,"99,42",36,"17,22",6,30,"14,35"
351710,GLICÉRIO,SP,09/2022,234,202,"86,32",196,6,"97,03",32,"13,68",1,31,"13,25"
351720,GUAIÇARA,SP,09/2022,565,336,"59,47",289,47,"86,01",229,"40,53",54,175,"30,97"
351720,GUAIÇARA,SP,07/2022,476,245,"51,47",154,91,"62,86",231,"48,53",61,170,"35,71"
351720,GUAIÇARA,SP,11/2022,565,329,"58,23",307,22,"93,31",236,"41,77",74,162,"28,67"
351730,GUAIMBÊ,SP,11/2022,345,342,"99,13",342,0,"100,00",3,"0,87",0,3,"0,87"
351730,GUAIMBÊ,SP,07/2022,313,278,"88,82",277,1,"99,64",35,"11,18",3,32,"10,22"
351730,GUAIMBÊ,SP,09/2022,326,159,"48,77",157,2,"98,74",167,"51,23",134,33,"10,12"
351740,GUAÍRA,SP,07/2022,1374,1270,"92,43",1270,0,"100,00",104,"7,57",2,102,"7,42"
351740,GUAÍRA,SP,09/2022,1409,1312,"93,12",1312,0,"100,00",97,"6,88",2,95,"6,74"
351740,GUAÍRA,SP,11/2022,1389,1288,"92,73",1288,0,"100,00",101,"7,27",0,101,"7,27"
351750,GUAPIAÇU,SP,11/2022,506,476,"94,07",455,21,"95,59",30,"5,93",7,23,"4,55"
351750,GUAPIAÇU,SP,09/2022,525,496,"94,48",408,88,"82,26",29,"5,52",13,16,"3,05"
351750,GUAPIAÇU,SP,07/2022,516,480,"93,02",477,3,"99,38",36,"6,98",10,26,"5,04"
351760,GUAPIARA,SP,07/2022,1082,797,"73,66",789,8,"99,00",285,"26,34",178,107,"9,89"
351760,GUAPIARA,SP,09/2022,1064,992,"93,23",934,58,"94,15",72,"6,77",25,47,"4,42"
351760,GUAPIARA,SP,11/2022,1077,1034,"96,01",1010,24,"97,68",43,"3,99",13,30,"2,79"
351770,GUARÁ,SP,11/2022,978,960,"98,16",877,83,"91,35",18,"1,84",2,16,"1,64"
351770,GUARÁ,SP,07/2022,998,983,"98,50",810,173,"82,40",15,"1,50",6,9,"0,90"
351770,GUARÁ,SP,09/2022,997,968,"97,09",854,114,"88,22",29,"2,91",15,14,"1,40"
351780,GUARAÇAÍ,SP,07/2022,273,231,"84,62",230,1,"99,57",42,"15,38",5,37,"13,55"
351780,GUARAÇAÍ,SP,09/2022,260,222,"85,38",206,16,"92,79",38,"14,62",2,36,"13,85"
351780,GUARAÇAÍ,SP,11/2022,256,218,"85,16",203,15,"93,12",38,"14,84",1,37,"14,45"
351790,GUARACI,SP,11/2022,579,524,"90,50",455,69,"86,83",55,"9,50",3,52,"8,98"
351790,GUARACI,SP,07/2022,539,477,"88,50",437,40,"91,61",62,"11,50",9,53,"9,83"
351790,GUARACI,SP,09/2022,582,517,"88,83",455,62,"88,01",65,"11,17",10,55,"9,45"
351800,GUARANI D´OESTE,SP,09/2022,78,73,"93,59",67,6,"91,78",5,"6,41",2,3,"3,85"
351800,GUARANI D´OESTE,SP,07/2022,76,68,"89,47",58,10,"85,29",8,"10,53",5,3,"3,95"
351800,GUARANI D´OESTE,SP,11/2022,80,72,"90,00",70,2,"97,22",8,"10,00",5,3,"3,75"
351810,GUARANTÃ,SP,11/2022,459,420,"91,50",420,0,"100,00",39,"8,50",1,38,"8,28"
351810,GUARANTÃ,SP,07/2022,453,411,"90,73",411,0,"100,00",42,"9,27",2,40,"8,83"
351810,GUARANTÃ,SP,09/2022,460,414,"90,00",408,6,"98,55",46,"10,00",5,41,"8,91"
351820,GUARARAPES,SP,07/2022,1039,956,"92,01",879,77,"91,95",83,"7,99",12,71,"6,83"
351820,GUARARAPES,SP,09/2022,1075,1032,"96,00",940,92,"91,09",43,"4,00",11,32,"2,98"
351820,GUARARAPES,SP,11/2022,1106,1065,"96,29",1005,60,"94,37",41,"3,71",10,31,"2,80"
351830,GUARAREMA,SP,11/2022,1856,1262,"68,00",1190,72,"94,29",594,"32,00",14,580,"31,25"
351830,GUARAREMA,SP,07/2022,1687,1144,"67,81",979,165,"85,58",543,"32,19",17,526,"31,18"
351830,GUARAREMA,SP,09/2022,1813,1221,"67,35",1020,201,"83,54",592,"32,65",22,570,"31,44"
351840,GUARATINGUETÁ,SP,09/2022,3828,2851,"74,48",2664,187,"93,44",977,"25,52",408,569,"14,86"
351840,GUARATINGUETÁ,SP,07/2022,3788,2877,"75,95",2710,167,"94,20",911,"24,05",350,561,"14,81"
351840,GUARATINGUETÁ,SP,11/2022,3864,2999,"77,61",2813,186,"93,80",865,"22,39",311,554,"14,34"
351850,GUAREÍ,SP,11/2022,434,391,"90,09",391,0,"100,00",43,"9,91",14,29,"6,68"
351850,GUAREÍ,SP,07/2022,450,405,"90,00",405,0,"100,00",45,"10,00",12,33,"7,33"
351850,GUAREÍ,SP,09/2022,450,416,"92,44",416,0,"100,00",34,"7,56",1,33,"7,33"
351860,GUARIBA,SP,07/2022,1418,1368,"96,47",1197,171,"87,50",50,"3,53",9,41,"2,89"
351860,GUARIBA,SP,09/2022,1444,1400,"96,95",1254,146,"89,57",44,"3,05",9,35,"2,42"
351860,GUARIBA,SP,11/2022,1435,1400,"97,56",1268,132,"90,57",35,"2,44",2,33,"2,30"
351870,GUARUJÁ,SP,11/2022,11635,10599,"91,10",9783,816,"92,30",1036,"8,90",15,1021,"8,78"
351870,GUARUJÁ,SP,09/2022,11545,9251,"80,13",8356,895,"90,33",2294,"19,87",18,2276,"19,71"
351870,GUARUJÁ,SP,07/2022,11314,8979,"79,36",8449,530,"94,10",2335,"20,64",11,2324,"20,54"
351880,GUARULHOS,SP,09/2022,63995,43795,"68,44",36716,7079,"83,84",20200,"31,56",8421,11779,"18,41"
351880,GUARULHOS,SP,07/2022,59737,44154,"73,91",38530,5624,"87,26",15583,"26,09",3844,11739,"19,65"
351880,GUARULHOS,SP,11/2022,65811,50515,"76,76",43088,7427,"85,30",15296,"23,24",3388,11908,"18,09"
351885,GUATAPARÁ,SP,11/2022,453,449,"99,12",404,45,"89,98",4,"0,88",2,2,"0,44"
351885,GUATAPARÁ,SP,09/2022,474,402,"84,81",366,36,"91,04",72,"15,19",1,71,"14,98"
351885,GUATAPARÁ,SP,07/2022,462,381,"82,47",374,7,"98,16",81,"17,53",2,79,"17,10"
351890,GUZOLÂNDIA,SP,07/2022,198,140,"70,71",126,14,"90,00",58,"29,29",3,55,"27,78"
351890,GUZOLÂNDIA,SP,09/2022,190,127,"66,84",108,19,"85,04",63,"33,16",3,60,"31,58"
351890,GUZOLÂNDIA,SP,11/2022,187,124,"66,31",117,7,"94,35",63,"33,69",1,62,"33,16"
351900,HERCULÂNDIA,SP,11/2022,488,357,"73,16",349,8,"97,76",131,"26,84",100,31,"6,35"
351900,HERCULÂNDIA,SP,07/2022,491,273,"55,60",273,0,"100,00",218,"44,40",182,36,"7,33"
351900,HERCULÂNDIA,SP,09/2022,497,191,"38,43",148,43,"77,49",306,"61,57",271,35,"7,04"
351905,HOLAMBRA,SP,07/2022,157,133,"84,71",101,32,"75,94",24,"15,29",2,22,"14,01"
351905,HOLAMBRA,SP,09/2022,183,151,"82,51",135,16,"89,40",32,"17,49",6,26,"14,21"
351905,HOLAMBRA,SP,11/2022,181,167,"92,27",152,15,"91,02",14,"7,73",7,7,"3,87"
351907,HORTOLÂNDIA,SP,11/2022,9182,8262,"89,98",7920,342,"95,86",920,"10,02",54,866,"9,43"
351907,HORTOLÂNDIA,SP,07/2022,8976,6428,"71,61",6196,232,"96,39",2548,"28,39",143,2405,"26,79"
351907,HORTOLÂNDIA,SP,09/2022,9577,7107,"74,21",6457,650,"90,85",2470,"25,79",171,2299,"24,01"
351910,IACANGA,SP,07/2022,432,407,"94,21",368,39,"90,42",25,"5,79",15,10,"2,31"
351910,IACANGA,SP,09/2022,467,450,"96,36",418,32,"92,89",17,"3,64",9,8,"1,71"
351910,IACANGA,SP,11/2022,462,450,"97,40",427,23,"94,89",12,"2,60",2,10,"2,16"
351920,IACRI,SP,11/2022,247,230,"93,12",230,0,"100,00",17,"6,88",0,17,"6,88"
351920,IACRI,SP,09/2022,250,235,"94,00",235,0,"100,00",15,"6,00",0,15,"6,00"
351920,IACRI,SP,07/2022,249,231,"92,77",231,0,"100,00",18,"7,23",1,17,"6,83"
351925,IARAS,SP,07/2022,342,242,"70,76",236,6,"97,52",100,"29,24",5,95,"27,78"
351925,IARAS,SP,09/2022,348,246,"70,69",168,78,"68,29",102,"29,31",5,97,"27,87"
351925,IARAS,SP,11/2022,338,236,"69,82",195,41,"82,63",102,"30,18",0,102,"30,18"
351930,IBATÉ,SP,11/2022,2108,1691,"80,22",1616,75,"95,56",417,"19,78",14,403,"19,12"
351930,IBATÉ,SP,09/2022,2114,1642,"77,67",1520,122,"92,57",472,"22,33",45,427,"20,20"
351930,IBATÉ,SP,07/2022,1957,1509,"77,11",1472,37,"97,55",448,"22,89",39,409,"20,90"
351940,IBIRÁ,SP,07/2022,454,392,"86,34",354,38,"90,31",62,"13,66",5,57,"12,56"
351940,IBIRÁ,SP,09/2022,466,405,"86,91",368,37,"90,86",61,"13,09",5,56,"12,02"
351940,IBIRÁ,SP,11/2022,458,426,"93,01",400,26,"93,90",32,"6,99",2,30,"6,55"
351950,IBIRAREMA,SP,11/2022,516,390,"75,58",372,18,"95,38",126,"24,42",0,126,"24,42"
351950,IBIRAREMA,SP,09/2022,518,328,"63,32",295,33,"89,94",190,"36,68",4,186,"35,91"
351950,IBIRAREMA,SP,07/2022,518,333,"64,29",333,0,"100,00",185,"35,71",3,182,"35,14"
351960,IBITINGA,SP,09/2022,2119,2065,"97,45",2040,25,"98,79",54,"2,55",14,40,"1,89"
351960,IBITINGA,SP,07/2022,1971,1500,"76,10",1463,37,"97,53",471,"23,90",422,49,"2,49"
351960,IBITINGA,SP,11/2022,2063,2001,"96,99",1863,138,"93,10",62,"3,01",11,51,"2,47"
351970,IBIÚNA,SP,11/2022,4417,4312,"97,62",3449,863,"79,99",105,"2,38",21,84,"1,90"
351970,IBIÚNA,SP,07/2022,4158,3757,"90,36",3165,592,"84,24",401,"9,64",25,376,"9,04"
351970,IBIÚNA,SP,09/2022,4313,4201,"97,40",3507,694,"83,48",112,"2,60",31,81,"1,88"
351980,ICÉM,SP,07/2022,296,221,"74,66",220,1,"99,55",75,"25,34",8,67,"22,64"
351980,ICÉM,SP,09/2022,311,228,"73,31",228,0,"100,00",83,"26,69",10,73,"23,47"
351980,ICÉM,SP,11/2022,316,243,"76,90",242,1,"99,59",73,"23,10",3,70,"22,15"
351990,IEPÊ,SP,11/2022,311,261,"83,92",222,39,"85,06",50,"16,08",4,46,"14,79"
351990,IEPÊ,SP,09/2022,322,277,"86,02",229,48,"82,67",45,"13,98",1,44,"13,66"
351990,IEPÊ,SP,07/2022,302,246,"81,46",219,27,"89,02",56,"18,54",14,42,"13,91"
352000,IGARAÇU DO TIETÊ,SP,09/2022,1275,1169,"91,69",984,185,"84,17",106,"8,31",38,68,"5,33"
352000,IGARAÇU DO TIETÊ,SP,07/2022,1182,944,"79,86",758,186,"80,30",238,"20,14",46,192,"16,24"
352000,IGARAÇU DO TIETÊ,SP,11/2022,1268,1161,"91,56",1073,88,"92,42",107,"8,44",36,71,"5,60"
352010,IGARAPAVA,SP,11/2022,954,870,"91,19",870,0,"100,00",84,"8,81",3,81,"8,49"
352010,IGARAPAVA,SP,09/2022,978,885,"90,49",810,75,"91,53",93,"9,51",23,70,"7,16"
352010,IGARAPAVA,SP,07/2022,914,828,"90,59",786,42,"94,93",86,"9,41",33,53,"5,80"
352020,IGARATÁ,SP,09/2022,607,591,"97,36",510,81,"86,29",16,"2,64",9,7,"1,15"
352020,IGARATÁ,SP,07/2022,548,504,"91,97",382,122,"75,79",44,"8,03",34,10,"1,82"
352020,IGARATÁ,SP,11/2022,632,620,"98,10",566,54,"91,29",12,"1,90",3,9,"1,42"
352030,IGUAPE,SP,11/2022,2391,2159,"90,30",1806,353,"83,65",232,"9,70",143,89,"3,72"
352030,IGUAPE,SP,07/2022,2359,1425,"60,41",1420,5,"99,65",934,"39,59",806,128,"5,43"
352030,IGUAPE,SP,09/2022,2409,2268,"94,15",2045,223,"90,17",141,"5,85",76,65,"2,70"
352040,ILHABELA,SP,09/2022,1174,1013,"86,29",845,168,"83,42",161,"13,71",14,147,"12,52"
352040,ILHABELA,SP,07/2022,1097,915,"83,41",845,70,"92,35",182,"16,59",38,144,"13,13"
352040,ILHABELA,SP,11/2022,1188,1024,"86,20",875,149,"85,45",164,"13,80",22,142,"11,95"
352042,ILHA COMPRIDA,SP,11/2022,1170,1134,"96,92",1132,2,"99,82",36,"3,08",13,23,"1,97"
352042,ILHA COMPRIDA,SP,07/2022,969,939,"96,90",939,0,"100,00",30,"3,10",24,6,"0,62"
352042,ILHA COMPRIDA,SP,09/2022,1094,1082,"98,90",1067,15,"98,61",12,"1,10",6,6,"0,55"
352044,ILHA SOLTEIRA,SP,07/2022,486,301,"61,93",295,6,"98,01",185,"38,07",113,72,"14,81"
352044,ILHA SOLTEIRA,SP,09/2022,482,409,"84,85",390,19,"95,35",73,"15,15",7,66,"13,69"
352044,ILHA SOLTEIRA,SP,11/2022,490,469,"95,71",465,4,"99,15",21,"4,29",5,16,"3,27"
352050,INDAIATUBA,SP,11/2022,4143,3411,"82,33",2979,432,"87,34",732,"17,67",103,629,"15,18"
352050,INDAIATUBA,SP,07/2022,4029,3399,"84,36",2856,543,"84,02",630,"15,64",92,538,"13,35"
352050,INDAIATUBA,SP,09/2022,4119,3357,"81,50",2799,558,"83,38",762,"18,50",170,592,"14,37"
352060,INDIANA,SP,07/2022,210,177,"84,29",165,12,"93,22",33,"15,71",0,33,"15,71"
352060,INDIANA,SP,09/2022,229,194,"84,72",169,25,"87,11",35,"15,28",2,33,"14,41"
352060,INDIANA,SP,11/2022,228,193,"84,65",178,15,"92,23",35,"15,35",5,30,"13,16"
352070,INDIAPORÃ,SP,11/2022,190,156,"82,11",156,0,"100,00",34,"17,89",18,16,"8,42"
352070,INDIAPORÃ,SP,07/2022,169,133,"78,70",133,0,"100,00",36,"21,30",20,16,"9,47"
352070,INDIAPORÃ,SP,09/2022,184,147,"79,89",147,0,"100,00",37,"20,11",20,17,"9,24"
352080,INÚBIA PAULISTA,SP,07/2022,85,79,"92,94",78,1,"98,73",6,"7,06",0,6,"7,06"
352080,INÚBIA PAULISTA,SP,09/2022,87,79,"90,80",78,1,"98,73",8,"9,20",1,7,"8,05"
352080,INÚBIA PAULISTA,SP,11/2022,80,74,"92,50",73,1,"98,65",6,"7,50",0,6,"7,50"
352090,IPAUSSU,SP,11/2022,630,619,"98,25",588,31,"94,99",11,"1,75",2,9,"1,43"
352090,IPAUSSU,SP,07/2022,601,586,"97,50",561,25,"95,73",15,"2,50",4,11,"1,83"
352090,IPAUSSU,SP,09/2022,619,604,"97,58",517,87,"85,60",15,"2,42",3,12,"1,94"
352100,IPERÓ,SP,07/2022,1568,1278,"81,51",1168,110,"91,39",290,"18,49",56,234,"14,92"
352100,IPERÓ,SP,09/2022,1662,1424,"85,68",1228,196,"86,24",238,"14,32",6,232,"13,96"
352100,IPERÓ,SP,11/2022,1644,1415,"86,07",1297,118,"91,66",229,"13,93",6,223,"13,56"
352110,IPEÚNA,SP,11/2022,244,236,"96,72",211,25,"89,41",8,"3,28",3,5,"2,05"
352110,IPEÚNA,SP,07/2022,249,238,"95,58",211,27,"88,66",11,"4,42",3,8,"3,21"
352110,IPEÚNA,SP,09/2022,252,235,"93,25",189,46,"80,43",17,"6,75",5,12,"4,76"
352115,IPIGUÁ,SP,07/2022,255,240,"94,12",214,26,"89,17",15,"5,88",5,10,"3,92"
352115,IPIGUÁ,SP,09/2022,294,268,"91,16",248,20,"92,54",26,"8,84",8,18,"6,12"
352115,IPIGUÁ,SP,11/2022,287,264,"91,99",224,40,"84,85",23,"8,01",7,16,"5,57"
352120,IPORANGA,SP,11/2022,318,270,"84,91",244,26,"90,37",48,"15,09",43,5,"1,57"
352120,IPORANGA,SP,07/2022,337,276,"81,90",276,0,"100,00",61,"18,10",7,54,"16,02"
352120,IPORANGA,SP,09/2022,321,310,"96,57",310,0,"100,00",11,"3,43",5,6,"1,87"
352130,IPUÃ,SP,07/2022,560,523,"93,39",509,14,"97,32",37,"6,61",1,36,"6,43"
352130,IPUÃ,SP,09/2022,578,541,"93,60",452,89,"83,55",37,"6,40",4,33,"5,71"
352130,IPUÃ,SP,11/2022,569,538,"94,55",486,52,"90,33",31,"5,45",1,30,"5,27"
352140,IRACEMÁPOLIS,SP,11/2022,497,461,"92,76",461,0,"100,00",36,"7,24",20,16,"3,22"
352140,IRACEMÁPOLIS,SP,07/2022,473,447,"94,50",445,2,"99,55",26,"5,50",14,12,"2,54"
352140,IRACEMÁPOLIS,SP,09/2022,488,443,"90,78",440,3,"99,32",45,"9,22",22,23,"4,71"
352150,IRAPUÃ,SP,07/2022,362,196,"54,14",196,0,"100,00",166,"45,86",76,90,"24,86"
352150,IRAPUÃ,SP,09/2022,380,235,"61,84",219,16,"93,19",145,"38,16",54,91,"23,95"
352150,IRAPUÃ,SP,11/2022,389,255,"65,55",253,2,"99,22",134,"34,45",40,94,"24,16"
352160,IRAPURU,SP,11/2022,288,287,"99,65",271,16,"94,43",1,"0,35",0,1,"0,35"
352160,IRAPURU,SP,09/2022,287,284,"98,95",274,10,"96,48",3,"1,05",3,0,"0,00"
352160,IRAPURU,SP,07/2022,305,255,"83,61",253,2,"99,22",50,"16,39",14,36,"11,80"
352170,ITABERÁ,SP,07/2022,1114,1020,"91,56",1009,11,"98,92",94,"8,44",6,88,"7,90"
352170,ITABERÁ,SP,09/2022,1074,1024,"95,34",963,61,"94,04",50,"4,66",6,44,"4,10"
352170,ITABERÁ,SP,11/2022,1052,1046,"99,43",969,77,"92,64",6,"0,57",4,2,"0,19"
352180,ITAÍ,SP,11/2022,971,948,"97,63",855,93,"90,19",23,"2,37",3,20,"2,06"
352180,ITAÍ,SP,09/2022,943,919,"97,45",770,149,"83,79",24,"2,55",5,19,"2,01"
352180,ITAÍ,SP,07/2022,937,908,"96,91",844,64,"92,95",29,"3,09",10,19,"2,03"
352190,ITAJOBI,SP,09/2022,623,598,"95,99",558,40,"93,31",25,"4,01",4,21,"3,37"
352190,ITAJOBI,SP,07/2022,568,543,"95,60",542,1,"99,82",25,"4,40",0,25,"4,40"
352190,ITAJOBI,SP,11/2022,630,595,"94,44",577,18,"96,97",35,"5,56",1,34,"5,40"
352200,ITAJU,SP,11/2022,153,143,"93,46",143,0,"100,00",10,"6,54",0,10,"6,54"
352200,ITAJU,SP,07/2022,141,126,"89,36",126,0,"100,00",15,"10,64",5,10,"7,09"
352200,ITAJU,SP,09/2022,150,139,"92,67",133,6,"95,68",11,"7,33",1,10,"6,67"
352210,ITANHAÉM,SP,07/2022,8597,6241,"72,60",6194,47,"99,25",2356,"27,40",90,2266,"26,36"
352210,ITANHAÉM,SP,09/2022,9115,6947,"76,22",6485,462,"93,35",2168,"23,78",134,2034,"22,31"
352210,ITANHAÉM,SP,11/2022,9071,7270,"80,15",6733,537,"92,61",1801,"19,85",84,1717,"18,93"
352215,ITAÓCA,SP,11/2022,255,251,"98,43",249,2,"99,20",4,"1,57",0,4,"1,57"
352215,ITAÓCA,SP,07/2022,277,268,"96,75",268,0,"100,00",9,"3,25",4,5,"1,81"
352215,ITAÓCA,SP,09/2022,261,256,"98,08",254,2,"99,22",5,"1,92",1,4,"1,53"
352220,ITAPECERICA DA SERRA,SP,07/2022,8807,6631,"75,29",6194,437,"93,41",2176,"24,71",1315,861,"9,78"
352220,ITAPECERICA DA SERRA,SP,09/2022,9815,6676,"68,02",6207,469,"92,97",3139,"31,98",2192,947,"9,65"
352220,ITAPECERICA DA SERRA,SP,11/2022,10069,7791,"77,38",7368,423,"94,57",2278,"22,62",1455,823,"8,17"
352230,ITAPETININGA,SP,11/2022,6599,5032,"76,25",4769,263,"94,77",1567,"23,75",364,1203,"18,23"
352230,ITAPETININGA,SP,07/2022,6587,5618,"85,29",5576,42,"99,25",969,"14,71",17,952,"14,45"
352230,ITAPETININGA,SP,09/2022,6701,5713,"85,26",5712,1,"99,98",988,"14,74",22,966,"14,42"
352240,ITAPEVA,SP,07/2022,4171,3751,"89,93",3390,361,"90,38",420,"10,07",90,330,"7,91"
352240,ITAPEVA,SP,09/2022,4218,4068,"96,44",3664,404,"90,07",150,"3,56",8,142,"3,37"
352240,ITAPEVA,SP,11/2022,4182,4123,"98,59",3880,243,"94,11",59,"1,41",6,53,"1,27"
352250,ITAPEVI,SP,11/2022,13104,9459,"72,18",8466,993,"89,50",3645,"27,82",3229,416,"3,17"
352250,ITAPEVI,SP,07/2022,12524,6343,"50,65",5079,1264,"80,07",6181,"49,35",5738,443,"3,54"
352250,ITAPEVI,SP,09/2022,13013,8396,"64,52",7386,1010,"87,97",4617,"35,48",4018,599,"4,60"
352260,ITAPIRA,SP,09/2022,1735,1461,"84,21",1391,70,"95,21",274,"15,79",136,138,"7,95"
352260,ITAPIRA,SP,07/2022,1729,1598,"92,42",1481,117,"92,68",131,"7,58",15,116,"6,71"
352260,ITAPIRA,SP,11/2022,1686,1518,"90,04",1430,88,"94,20",168,"9,96",15,153,"9,07"
352265,ITAPIRAPUÃ PAULISTA,SP,11/2022,384,350,"91,15",296,54,"84,57",34,"8,85",13,21,"5,47"
352265,ITAPIRAPUÃ PAULISTA,SP,09/2022,396,300,"75,76",292,8,"97,33",96,"24,24",58,38,"9,60"
352265,ITAPIRAPUÃ PAULISTA,SP,07/2022,405,321,"79,26",292,29,"90,97",84,"20,74",51,33,"8,15"
352270,ITÁPOLIS,SP,09/2022,821,164,"19,98",164,0,"100,00",657,"80,02",557,100,"12,18"
352270,ITÁPOLIS,SP,07/2022,822,374,"45,50",373,1,"99,73",448,"54,50",350,98,"11,92"
352270,ITÁPOLIS,SP,11/2022,900,817,"90,78",817,0,"100,00",83,"9,22",16,67,"7,44"
352280,ITAPORANGA,SP,11/2022,899,428,"47,61",423,5,"98,83",471,"52,39",404,67,"7,45"
352280,ITAPORANGA,SP,07/2022,877,363,"41,39",359,4,"98,90",514,"58,61",452,62,"7,07"
352280,ITAPORANGA,SP,09/2022,884,384,"43,44",382,2,"99,48",500,"56,56",434,66,"7,47"
352290,ITAPUÍ,SP,09/2022,553,487,"88,07",389,98,"79,88",66,"11,93",27,39,"7,05"
352290,ITAPUÍ,SP,07/2022,491,209,"42,57",205,4,"98,09",282,"57,43",218,64,"13,03"
352290,ITAPUÍ,SP,11/2022,530,499,"94,15",455,44,"91,18",31,"5,85",26,5,"0,94"
352300,ITAPURA,SP,11/2022,227,180,"79,30",130,50,"72,22",47,"20,70",0,47,"20,70"
352300,ITAPURA,SP,07/2022,250,197,"78,80",197,0,"100,00",53,"21,20",4,49,"19,60"
352300,ITAPURA,SP,09/2022,235,186,"79,15",140,46,"75,27",49,"20,85",1,48,"20,43"
352310,ITAQUAQUECETUBA,SP,07/2022,19916,12228,"61,40",11947,281,"97,70",7688,"38,60",2377,5311,"26,67"
352310,ITAQUAQUECETUBA,SP,09/2022,19890,11006,"55,33",10413,593,"94,61",8884,"44,67",3688,5196,"26,12"
352310,ITAQUAQUECETUBA,SP,11/2022,19748,14728,"74,58",14083,645,"95,62",5020,"25,42",2774,2246,"11,37"
352320,ITARARÉ,SP,11/2022,2363,2234,"94,54",2158,76,"96,60",129,"5,46",3,126,"5,33"
352320,ITARARÉ,SP,09/2022,2304,2158,"93,66",2038,120,"94,44",146,"6,34",21,125,"5,43"
352320,ITARARÉ,SP,07/2022,2287,2169,"94,84",2030,139,"93,59",118,"5,16",4,114,"4,98"
352330,ITARIRI,SP,07/2022,1161,377,"32,47",376,1,"99,73",784,"67,53",629,155,"13,35"
352330,ITARIRI,SP,09/2022,1034,183,"17,70",183,0,"100,00",851,"82,30",692,159,"15,38"
352330,ITARIRI,SP,11/2022,1098,356,"32,42",344,12,"96,63",742,"67,58",673,69,"6,28"
352340,ITATIBA,SP,11/2022,2680,2607,"97,28",2246,361,"86,15",73,"2,72",3,70,"2,61"
352340,ITATIBA,SP,09/2022,2696,2621,"97,22",2061,560,"78,63",75,"2,78",10,65,"2,41"
352340,ITATIBA,SP,07/2022,2465,2404,"97,53",2396,8,"99,67",61,"2,47",7,54,"2,19"
352350,ITATINGA,SP,09/2022,1031,869,"84,29",740,129,"85,16",162,"15,71",12,150,"14,55"
352350,ITATINGA,SP,07/2022,939,787,"83,81",685,102,"87,04",152,"16,19",9,143,"15,23"
352350,ITATINGA,SP,11/2022,994,844,"84,91",683,161,"80,92",150,"15,09",9,141,"14,19"
352360,ITIRAPINA,SP,11/2022,637,605,"94,98",539,66,"89,09",32,"5,02",14,18,"2,83"
352360,ITIRAPINA,SP,09/2022,659,622,"94,39",557,65,"89,55",37,"5,61",21,16,"2,43"
352360,ITIRAPINA,SP,07/2022,616,566,"91,88",551,15,"97,35",50,"8,12",35,15,"2,44"
352370,ITIRAPUÃ,SP,07/2022,524,429,"81,87",403,26,"93,94",95,"18,13",22,73,"13,93"
352370,ITIRAPUÃ,SP,09/2022,525,443,"84,38",443,0,"100,00",82,"15,62",5,77,"14,67"
352370,ITIRAPUÃ,SP,11/2022,523,454,"86,81",446,8,"98,24",69,"13,19",9,60,"11,47"
352380,ITOBI,SP,11/2022,305,249,"81,64",207,42,"83,13",56,"18,36",5,51,"16,72"
352380,ITOBI,SP,09/2022,316,254,"80,38",196,58,"77,17",62,"19,62",9,53,"16,77"
352380,ITOBI,SP,07/2022,302,243,"80,46",214,29,"88,07",59,"19,54",8,51,"16,89"
352390,ITU,SP,07/2022,5235,4872,"93,07",4122,750,"84,61",363,"6,93",57,306,"5,85"
352390,ITU,SP,09/2022,5486,5185,"94,51",4363,822,"84,15",301,"5,49",37,264,"4,81"
352390,ITU,SP,11/2022,5362,4996,"93,17",4175,821,"83,57",366,"6,83",62,304,"5,67"
352400,ITUPEVA,SP,11/2022,1577,825,"52,31",755,70,"91,52",752,"47,69",539,213,"13,51"
352400,ITUPEVA,SP,09/2022,1760,497,"28,24",426,71,"85,71",1263,"71,76",834,429,"24,38"
352400,ITUPEVA,SP,07/2022,1750,553,"31,60",416,137,"75,23",1197,"68,40",765,432,"24,69"
352410,ITUVERAVA,SP,07/2022,1271,997,"78,44",975,22,"97,79",274,"21,56",53,221,"17,39"
352410,ITUVERAVA,SP,09/2022,1359,1038,"76,38",1007,31,"97,01",321,"23,62",107,214,"15,75"
352410,ITUVERAVA,SP,11/2022,1345,1108,"82,38",1013,95,"91,43",237,"17,62",18,219,"16,28"
352420,JABORANDI,SP,11/2022,233,222,"95,28",217,5,"97,75",11,"4,72",2,9,"3,86"
352420,JABORANDI,SP,07/2022,233,222,"95,28",221,1,"99,55",11,"4,72",3,8,"3,43"
352420,JABORANDI,SP,09/2022,240,226,"94,17",221,5,"97,79",14,"5,83",7,7,"2,92"
352430,JABOTICABAL,SP,07/2022,2784,1960,"70,40",1837,123,"93,72",824,"29,60",182,642,"23,06"
352430,JABOTICABAL,SP,09/2022,2952,2145,"72,66",1815,330,"84,62",807,"27,34",172,635,"21,51"
352430,JABOTICABAL,SP,11/2022,2966,2363,"79,67",2128,235,"90,06",603,"20,33",6,597,"20,13"
352440,JACAREÍ,SP,11/2022,7847,6611,"84,25",5952,659,"90,03",1236,"15,75",16,1220,"15,55"
352440,JACAREÍ,SP,07/2022,7971,6633,"83,21",6095,538,"91,89",1338,"16,79",72,1266,"15,88"
352440,JACAREÍ,SP,09/2022,8002,6697,"83,69",5340,1357,"79,74",1305,"16,31",22,1283,"16,03"
352450,JACI,SP,07/2022,213,180,"84,51",180,0,"100,00",33,"15,49",1,32,"15,02"
352450,JACI,SP,09/2022,215,176,"81,86",170,6,"96,59",39,"18,14",1,38,"17,67"
352450,JACI,SP,11/2022,207,171,"82,61",166,5,"97,08",36,"17,39",1,35,"16,91"
352460,JACUPIRANGA,SP,11/2022,1076,818,"76,02",788,30,"96,33",258,"23,98",4,254,"23,61"
352460,JACUPIRANGA,SP,09/2022,1103,551,"49,95",523,28,"94,92",552,"50,05",67,485,"43,97"
352460,JACUPIRANGA,SP,07/2022,1088,499,"45,86",483,16,"96,79",589,"54,14",252,337,"30,97"
352470,JAGUARIÚNA,SP,07/2022,1270,1157,"91,10",408,749,"35,26",113,"8,90",58,55,"4,33"
352470,JAGUARIÚNA,SP,09/2022,1254,621,"49,52",575,46,"92,59",633,"50,48",586,47,"3,75"
352470,JAGUARIÚNA,SP,11/2022,1269,1197,"94,33",1123,74,"93,82",72,"5,67",11,61,"4,81"
352480,JALES,SP,11/2022,1138,1054,"92,62",1005,49,"95,35",84,"7,38",47,37,"3,25"
352480,JALES,SP,07/2022,1139,1103,"96,84",1046,57,"94,83",36,"3,16",14,22,"1,93"
352480,JALES,SP,09/2022,1142,1096,"95,97",1044,52,"95,26",46,"4,03",20,26,"2,28"
352490,JAMBEIRO,SP,09/2022,289,199,"68,86",184,15,"92,46",90,"31,14",15,75,"25,95"
352490,JAMBEIRO,SP,07/2022,282,190,"67,38",188,2,"98,95",92,"32,62",19,73,"25,89"
352490,JAMBEIRO,SP,11/2022,296,209,"70,61",197,12,"94,26",87,"29,39",12,75,"25,34"
352500,JANDIRA,SP,11/2022,3623,2460,"67,90",2460,0,"100,00",1163,"32,10",36,1127,"31,11"
352500,JANDIRA,SP,09/2022,3919,649,"16,56",603,46,"92,91",3270,"83,44",10,3260,"83,18"
352500,JANDIRA,SP,07/2022,3867,610,"15,77",601,9,"98,52",3257,"84,23",9,3248,"83,99"
352510,JARDINÓPOLIS,SP,07/2022,1797,1722,"95,83",1581,141,"91,81",75,"4,17",21,54,"3,01"
352510,JARDINÓPOLIS,SP,09/2022,1931,1830,"94,77",1478,352,"80,77",101,"5,23",40,61,"3,16"
352510,JARDINÓPOLIS,SP,11/2022,1932,1863,"96,43",1566,297,"84,06",69,"3,57",0,69,"3,57"
352520,JARINU,SP,11/2022,1233,1158,"93,92",1070,88,"92,40",75,"6,08",48,27,"2,19"
352520,JARINU,SP,07/2022,1206,975,"80,85",849,126,"87,08",231,"19,15",39,192,"15,92"
352520,JARINU,SP,09/2022,1202,754,"62,73",688,66,"91,25",448,"37,27",252,196,"16,31"
352530,JAÚ,SP,07/2022,3305,2806,"84,90",2564,242,"91,38",499,"15,10",38,461,"13,95"
352530,JAÚ,SP,09/2022,3490,3074,"88,08",2633,441,"85,65",416,"11,92",24,392,"11,23"
352530,JAÚ,SP,11/2022,3460,3100,"89,60",2712,388,"87,48",360,"10,40",20,340,"9,83"
352540,JERIQUARA,SP,11/2022,182,174,"95,60",166,8,"95,40",8,"4,40",1,7,"3,85"
352540,JERIQUARA,SP,09/2022,196,187,"95,41",183,4,"97,86",9,"4,59",2,7,"3,57"
352540,JERIQUARA,SP,07/2022,185,180,"97,30",179,1,"99,44",5,"2,70",0,5,"2,70"
352550,JOANÓPOLIS,SP,07/2022,388,332,"85,57",318,14,"95,78",56,"14,43",30,26,"6,70"
352550,JOANÓPOLIS,SP,09/2022,389,333,"85,60",322,11,"96,70",56,"14,40",28,28,"7,20"
352550,JOANÓPOLIS,SP,11/2022,401,367,"91,52",358,9,"97,55",34,"8,48",20,14,"3,49"
352560,JOÃO RAMALHO,SP,11/2022,270,257,"95,19",208,49,"80,93",13,"4,81",3,10,"3,70"
352560,JOÃO RAMALHO,SP,09/2022,263,251,"95,44",201,50,"80,08",12,"4,56",2,10,"3,80"
352560,JOÃO RAMALHO,SP,07/2022,225,213,"94,67",198,15,"92,96",12,"5,33",3,9,"4,00"
352570,JOSÉ BONIFÁCIO,SP,09/2022,764,737,"96,47",632,105,"85,75",27,"3,53",14,13,"1,70"
352570,JOSÉ BONIFÁCIO,SP,07/2022,767,740,"96,48",647,93,"87,43",27,"3,52",2,25,"3,26"
352570,JOSÉ BONIFÁCIO,SP,11/2022,738,717,"97,15",617,100,"86,05",21,"2,85",4,17,"2,30"
352580,JÚLIO MESQUITA,SP,11/2022,278,237,"85,25",231,6,"97,47",41,"14,75",0,41,"14,75"
352580,JÚLIO MESQUITA,SP,07/2022,241,200,"82,99",196,4,"98,00",41,"17,01",2,39,"16,18"
352580,JÚLIO MESQUITA,SP,09/2022,259,216,"83,40",213,3,"98,61",43,"16,60",2,41,"15,83"
352585,JUMIRIM,SP,07/2022,116,104,"89,66",104,0,"100,00",12,"10,34",5,7,"6,03"
352585,JUMIRIM,SP,11/2022,115,111,"96,52",111,0,"100,00",4,"3,48",2,2,"1,74"
352585,JUMIRIM,SP,09/2022,135,117,"86,67",108,9,"92,31",18,"13,33",11,7,"5,19"
352590,JUNDIAÍ,SP,11/2022,5909,5639,"95,43",5150,489,"91,33",270,"4,57",51,219,"3,71"
352590,JUNDIAÍ,SP,07/2022,6021,5722,"95,03",5605,117,"97,96",299,"4,97",172,127,"2,11"
352590,JUNDIAÍ,SP,09/2022,6221,5940,"95,48",5456,484,"91,85",281,"4,52",96,185,"2,97"
352600,JUNQUEIRÓPOLIS,SP,07/2022,746,708,"94,91",661,47,"93,36",38,"5,09",8,30,"4,02"
352600,JUNQUEIRÓPOLIS,SP,09/2022,822,788,"95,86",652,136,"82,74",34,"4,14",5,29,"3,53"
352600,JUNQUEIRÓPOLIS,SP,11/2022,835,808,"96,77",715,93,"88,49",27,"3,23",4,23,"2,75"
352610,JUQUIÁ,SP,11/2022,1263,1019,"80,68",966,53,"94,80",244,"19,32",14,230,"18,21"
352610,JUQUIÁ,SP,09/2022,1282,1043,"81,36",992,51,"95,11",239,"18,64",5,234,"18,25"
352610,JUQUIÁ,SP,07/2022,1249,1000,"80,06",994,6,"99,40",249,"19,94",11,238,"19,06"
352620,JUQUITIBA,SP,09/2022,2420,1628,"67,27",1559,69,"95,76",792,"32,73",512,280,"11,57"
352620,JUQUITIBA,SP,07/2022,2378,1455,"61,19",1370,85,"94,16",923,"38,81",657,266,"11,19"
352620,JUQUITIBA,SP,11/2022,2360,1611,"68,26",1527,84,"94,79",749,"31,74",506,243,"10,30"
352630,LAGOINHA,SP,11/2022,281,211,"75,09",210,1,"99,53",70,"24,91",0,70,"24,91"
352630,LAGOINHA,SP,07/2022,286,202,"70,63",194,8,"96,04",84,"29,37",7,77,"26,92"
352630,LAGOINHA,SP,09/2022,276,197,"71,38",194,3,"98,48",79,"28,62",3,76,"27,54"
352640,LARANJAL PAULISTA,SP,09/2022,1180,1050,"88,98",1005,45,"95,71",130,"11,02",22,108,"9,15"
352640,LARANJAL PAULISTA,SP,07/2022,1056,863,"81,72",817,46,"94,67",193,"18,28",116,77,"7,29"
352640,LARANJAL PAULISTA,SP,11/2022,1169,1052,"89,99",1044,8,"99,24",117,"10,01",11,106,"9,07"
352650,LAVÍNIA,SP,11/2022,162,156,"96,30",147,9,"94,23",6,"3,70",0,6,"3,70"
352650,LAVÍNIA,SP,09/2022,169,147,"86,98",135,12,"91,84",22,"13,02",3,19,"11,24"
352650,LAVÍNIA,SP,07/2022,162,0,"0,00",0,0,,162,"100,00",147,15,"9,26"
352660,LAVRINHAS,SP,07/2022,480,354,"73,75",307,47,"86,72",126,"26,25",9,117,"24,38"
352660,LAVRINHAS,SP,09/2022,502,358,"71,31",316,42,"88,27",144,"28,69",28,116,"23,11"
352660,LAVRINHAS,SP,11/2022,454,420,"92,51",383,37,"91,19",34,"7,49",0,34,"7,49"
352670,LEME,SP,11/2022,3787,3655,"96,51",3540,115,"96,85",132,"3,49",17,115,"3,04"
352670,LEME,SP,07/2022,3419,3303,"96,61",3251,52,"98,43",116,"3,39",21,95,"2,78"
352670,LEME,SP,09/2022,3701,3555,"96,06",3355,200,"94,37",146,"3,94",18,128,"3,46"
352680,LENÇÓIS PAULISTA,SP,07/2022,1452,1429,"98,42",1260,169,"88,17",23,"1,58",9,14,"0,96"
352680,LENÇÓIS PAULISTA,SP,09/2022,1481,1471,"99,32",1248,223,"84,84",10,"0,68",7,3,"0,20"
352680,LENÇÓIS PAULISTA,SP,11/2022,1487,1471,"98,92",1297,174,"88,17",16,"1,08",3,13,"0,87"
352690,LIMEIRA,SP,11/2022,10396,8191,"78,79",7380,811,"90,10",2205,"21,21",573,1632,"15,70"
352690,LIMEIRA,SP,09/2022,10598,8551,"80,69",7416,1135,"86,73",2047,"19,31",334,1713,"16,16"
352690,LIMEIRA,SP,07/2022,10083,7684,"76,21",7381,303,"96,06",2399,"23,79",790,1609,"15,96"
352700,LINDÓIA,SP,09/2022,259,175,"67,57",162,13,"92,57",84,"32,43",3,81,"31,27"
352700,LINDÓIA,SP,07/2022,249,180,"72,29",180,0,"100,00",69,"27,71",3,66,"26,51"
352700,LINDÓIA,SP,11/2022,254,170,"66,93",155,15,"91,18",84,"33,07",3,81,"31,89"
352710,LINS,SP,11/2022,2054,2028,"98,73",1801,227,"88,81",26,"1,27",18,8,"0,39"
352710,LINS,SP,09/2022,2110,2027,"96,07",1733,294,"85,50",83,"3,93",73,10,"0,47"
352710,LINS,SP,07/2022,2013,1961,"97,42",1957,4,"99,80",52,"2,58",22,30,"1,49"
352720,LORENA,SP,07/2022,3707,2410,"65,01",1870,540,"77,59",1297,"34,99",640,657,"17,72"
352720,LORENA,SP,09/2022,3727,2255,"60,50",1664,591,"73,79",1472,"39,50",1122,350,"9,39"
352720,LORENA,SP,11/2022,3802,3441,"90,50",2866,575,"83,29",361,"9,50",20,341,"8,97"
352725,LOURDES,SP,11/2022,99,92,"92,93",92,0,"100,00",7,"7,07",3,4,"4,04"
352725,LOURDES,SP,09/2022,97,92,"94,85",92,0,"100,00",5,"5,15",0,5,"5,15"
352725,LOURDES,SP,07/2022,90,85,"94,44",85,0,"100,00",5,"5,56",0,5,"5,56"
352730,LOUVEIRA,SP,09/2022,1635,1394,"85,26",1235,159,"88,59",241,"14,74",21,220,"13,46"
352730,LOUVEIRA,SP,07/2022,1494,1244,"83,27",1007,237,"80,95",250,"16,73",16,234,"15,66"
352730,LOUVEIRA,SP,11/2022,1553,1319,"84,93",1238,81,"93,86",234,"15,07",40,194,"12,49"
352740,LUCÉLIA,SP,11/2022,724,647,"89,36",613,34,"94,74",77,"10,64",10,67,"9,25"
352740,LUCÉLIA,SP,09/2022,718,643,"89,55",594,49,"92,38",75,"10,45",5,70,"9,75"
352740,LUCÉLIA,SP,07/2022,706,627,"88,81",610,17,"97,29",79,"11,19",8,71,"10,06"
352750,LUCIANÓPOLIS,SP,07/2022,87,76,"87,36",76,0,"100,00",11,"12,64",5,6,"6,90"
352750,LUCIANÓPOLIS,SP,09/2022,99,90,"90,91",90,0,"100,00",9,"9,09",8,1,"1,01"
352750,LUCIANÓPOLIS,SP,11/2022,91,91,"100,00",91,0,"100,00",0,"0,00",0,0,"0,00"
352760,LUÍS ANTÔNIO,SP,11/2022,629,484,"76,95",477,7,"98,55",145,"23,05",16,129,"20,51"
352760,LUÍS ANTÔNIO,SP,07/2022,575,413,"71,83",407,6,"98,55",162,"28,17",56,106,"18,43"
352760,LUÍS ANTÔNIO,SP,09/2022,618,443,"71,68",433,10,"97,74",175,"28,32",59,116,"18,77"
352770,LUIZIÂNIA,SP,09/2022,321,291,"90,65",291,0,"100,00",30,"9,35",13,17,"5,30"
352770,LUIZIÂNIA,SP,07/2022,292,263,"90,07",263,0,"100,00",29,"9,93",14,15,"5,14"
352770,LUIZIÂNIA,SP,11/2022,326,300,"92,02",300,0,"100,00",26,"7,98",10,16,"4,91"
352780,LUPÉRCIO,SP,11/2022,185,177,"95,68",145,32,"81,92",8,"4,32",0,8,"4,32"
352780,LUPÉRCIO,SP,07/2022,177,161,"90,96",161,0,"100,00",16,"9,04",3,13,"7,34"
352780,LUPÉRCIO,SP,09/2022,171,112,"65,50",95,17,"84,82",59,"34,50",48,11,"6,43"
352790,LUTÉCIA,SP,09/2022,97,38,"39,18",32,6,"84,21",59,"60,82",43,16,"16,49"
352790,LUTÉCIA,SP,07/2022,98,83,"84,69",83,0,"100,00",15,"15,31",2,13,"13,27"
352790,LUTÉCIA,SP,11/2022,109,93,"85,32",87,6,"93,55",16,"14,68",2,14,"12,84"
352800,MACATUBA,SP,11/2022,402,395,"98,26",356,39,"90,13",7,"1,74",0,7,"1,74"
352800,MACATUBA,SP,07/2022,386,221,"57,25",198,23,"89,59",165,"42,75",115,50,"12,95"
352800,MACATUBA,SP,09/2022,398,383,"96,23",348,35,"90,86",15,"3,77",8,7,"1,76"
352810,MACAUBAL,SP,09/2022,320,289,"90,31",215,74,"74,39",31,"9,69",13,18,"5,63"
352810,MACAUBAL,SP,07/2022,289,263,"91,00",248,15,"94,30",26,"9,00",14,12,"4,15"
352810,MACAUBAL,SP,11/2022,303,283,"93,40",206,77,"72,79",20,"6,60",2,18,"5,94"
352820,MACEDÔNIA,SP,11/2022,124,115,"92,74",106,9,"92,17",9,"7,26",1,8,"6,45"
352820,MACEDÔNIA,SP,09/2022,125,114,"91,20",104,10,"91,23",11,"8,80",2,9,"7,20"
352820,MACEDÔNIA,SP,07/2022,132,123,"93,18",123,0,"100,00",9,"6,82",1,8,"6,06"
352830,MAGDA,SP,07/2022,99,95,"95,96",94,1,"98,95",4,"4,04",0,4,"4,04"
352830,MAGDA,SP,09/2022,90,86,"95,56",83,3,"96,51",4,"4,44",0,4,"4,44"
352830,MAGDA,SP,11/2022,94,90,"95,74",89,1,"98,89",4,"4,26",0,4,"4,26"
352840,MAIRINQUE,SP,11/2022,1966,1919,"97,61",1808,111,"94,22",47,"2,39",13,34,"1,73"
352840,MAIRINQUE,SP,09/2022,2028,1961,"96,70",1813,148,"92,45",67,"3,30",24,43,"2,12"
352840,MAIRINQUE,SP,07/2022,2011,1953,"97,12",1938,15,"99,23",58,"2,88",16,42,"2,09"
352850,MAIRIPORÃ,SP,07/2022,3817,2497,"65,42",2372,125,"94,99",1320,"34,58",41,1279,"33,51"
352850,MAIRIPORÃ,SP,09/2022,4178,2789,"66,75",2536,253,"90,93",1389,"33,25",48,1341,"32,10"
352850,MAIRIPORÃ,SP,11/2022,4378,2972,"67,88",2788,184,"93,81",1406,"32,12",33,1373,"31,36"
352860,MANDURI,SP,11/2022,372,346,"93,01",324,22,"93,64",26,"6,99",1,25,"6,72"
352860,MANDURI,SP,07/2022,352,318,"90,34",317,1,"99,69",34,"9,66",7,27,"7,67"
352860,MANDURI,SP,09/2022,373,342,"91,69",317,25,"92,69",31,"8,31",1,30,"8,04"
352870,MARABÁ PAULISTA,SP,09/2022,225,103,"45,78",101,2,"98,06",122,"54,22",98,24,"10,67"
352870,MARABÁ PAULISTA,SP,07/2022,214,0,"0,00",0,0,,214,"100,00",194,20,"9,35"
352870,MARABÁ PAULISTA,SP,11/2022,228,164,"71,93",161,3,"98,17",64,"28,07",40,24,"10,53"
352880,MARACAÍ,SP,11/2022,440,393,"89,32",353,40,"89,82",47,"10,68",0,47,"10,68"
352880,MARACAÍ,SP,07/2022,432,380,"87,96",355,25,"93,42",52,"12,04",2,50,"11,57"
352880,MARACAÍ,SP,09/2022,442,388,"87,78",358,30,"92,27",54,"12,22",1,53,"11,99"
352885,MARAPOAMA,SP,07/2022,114,111,"97,37",111,0,"100,00",3,"2,63",0,3,"2,63"
352885,MARAPOAMA,SP,09/2022,127,124,"97,64",114,10,"91,94",3,"2,36",0,3,"2,36"
352885,MARAPOAMA,SP,11/2022,124,122,"98,39",114,8,"93,44",2,"1,61",0,2,"1,61"
352890,MARIÁPOLIS,SP,11/2022,160,148,"92,50",118,30,"79,73",12,"7,50",2,10,"6,25"
352890,MARIÁPOLIS,SP,09/2022,155,134,"86,45",105,29,"78,36",21,"13,55",1,20,"12,90"
352890,MARIÁPOLIS,SP,07/2022,150,0,"0,00",0,0,,150,"100,00",142,8,"5,33"
352900,MARÍLIA,SP,07/2022,6388,5581,"87,37",5265,316,"94,34",807,"12,63",105,702,"10,99"
352900,MARÍLIA,SP,09/2022,6440,5697,"88,46",5689,8,"99,86",743,"11,54",32,711,"11,04"
352900,MARÍLIA,SP,11/2022,6467,6004,"92,84",5994,10,"99,83",463,"7,16",20,443,"6,85"
352910,MARINÓPOLIS,SP,11/2022,61,57,"93,44",57,0,"100,00",4,"6,56",0,4,"6,56"
352910,MARINÓPOLIS,SP,09/2022,59,55,"93,22",54,1,"98,18",4,"6,78",0,4,"6,78"
352910,MARINÓPOLIS,SP,07/2022,57,53,"92,98",51,2,"96,23",4,"7,02",0,4,"7,02"
352920,MARTINÓPOLIS,SP,07/2022,1015,910,"89,66",814,96,"89,45",105,"10,34",28,77,"7,59"
352920,MARTINÓPOLIS,SP,09/2022,1030,997,"96,80",958,39,"96,09",33,"3,20",6,27,"2,62"
352920,MARTINÓPOLIS,SP,11/2022,1023,990,"96,77",906,84,"91,52",33,"3,23",10,23,"2,25"
352930,MATÃO,SP,11/2022,2327,2106,"90,50",1932,174,"91,74",221,"9,50",3,218,"9,37"
352930,MATÃO,SP,07/2022,2375,1814,"76,38",1756,58,"96,80",561,"23,62",73,488,"20,55"
352930,MATÃO,SP,09/2022,2413,2067,"85,66",1854,213,"89,70",346,"14,34",37,309,"12,81"
352940,MAUÁ,SP,09/2022,10938,9420,"86,12",8276,1144,"87,86",1518,"13,88",1200,318,"2,91"
352940,MAUÁ,SP,07/2022,10533,10048,"95,40",9879,169,"98,32",485,"4,60",159,326,"3,10"
352940,MAUÁ,SP,11/2022,11588,11167,"96,37",10085,1082,"90,31",421,"3,63",179,242,"2,09"
352950,MENDONÇA,SP,11/2022,158,154,"97,47",143,11,"92,86",4,"2,53",3,1,"0,63"
352950,MENDONÇA,SP,09/2022,152,152,"100,00",133,19,"87,50",0,"0,00",0,0,"0,00"
352950,MENDONÇA,SP,07/2022,141,139,"98,58",130,9,"93,53",2,"1,42",0,2,"1,42"
352960,MERIDIANO,SP,09/2022,144,133,"92,36",124,9,"93,23",11,"7,64",1,10,"6,94"
352960,MERIDIANO,SP,07/2022,138,127,"92,03",94,33,"74,02",11,"7,97",1,10,"7,25"
352960,MERIDIANO,SP,11/2022,142,128,"90,14",123,5,"96,09",14,"9,86",4,10,"7,04"
352965,MESÓPOLIS,SP,11/2022,83,76,"91,57",73,3,"96,05",7,"8,43",0,7,"8,43"
352965,MESÓPOLIS,SP,07/2022,79,73,"92,41",72,1,"98,63",6,"7,59",0,6,"7,59"
352965,MESÓPOLIS,SP,09/2022,82,76,"92,68",73,3,"96,05",6,"7,32",0,6,"7,32"
352970,MIGUELÓPOLIS,SP,09/2022,1312,1162,"88,57",1162,0,"100,00",150,"11,43",3,147,"11,20"
352970,MIGUELÓPOLIS,SP,07/2022,1153,1019,"88,38",1019,0,"100,00",134,"11,62",4,130,"11,27"
352970,MIGUELÓPOLIS,SP,11/2022,1363,1201,"88,11",1201,0,"100,00",162,"11,89",5,157,"11,52"
352980,MINEIROS DO TIETÊ,SP,11/2022,655,452,"69,01",420,32,"92,92",203,"30,99",21,182,"27,79"
352980,MINEIROS DO TIETÊ,SP,09/2022,624,272,"43,59",211,61,"77,57",352,"56,41",149,203,"32,53"
352980,MINEIROS DO TIETÊ,SP,07/2022,577,292,"50,61",203,89,"69,52",285,"49,39",181,104,"18,02"
352990,MIRACATU,SP,09/2022,1856,1493,"80,44",1404,89,"94,04",363,"19,56",102,261,"14,06"
352990,MIRACATU,SP,07/2022,1897,1710,"90,14",1710,0,"100,00",187,"9,86",48,139,"7,33"
352990,MIRACATU,SP,11/2022,1795,1413,"78,72",1306,107,"92,43",382,"21,28",109,273,"15,21"
353000,MIRA ESTRELA,SP,11/2022,90,87,"96,67",87,0,"100,00",3,"3,33",1,2,"2,22"
353000,MIRA ESTRELA,SP,09/2022,74,0,"0,00",0,0,,74,"100,00",63,11,"14,86"
353000,MIRA ESTRELA,SP,07/2022,83,72,"86,75",69,3,"95,83",11,"13,25",1,10,"12,05"
353010,MIRANDÓPOLIS,SP,09/2022,837,787,"94,03",707,80,"89,83",50,"5,97",12,38,"4,54"
353010,MIRANDÓPOLIS,SP,07/2022,826,752,"91,04",654,98,"86,97",74,"8,96",15,59,"7,14"
353010,MIRANDÓPOLIS,SP,11/2022,827,775,"93,71",660,115,"85,16",52,"6,29",8,44,"5,32"
353020,MIRANTE DO PARANAPANEMA,SP,11/2022,807,789,"97,77",761,28,"96,45",18,"2,23",6,12,"1,49"
353020,MIRANTE DO PARANAPANEMA,SP,07/2022,826,731,"88,50",623,108,"85,23",95,"11,50",59,36,"4,36"
353020,MIRANTE DO PARANAPANEMA,SP,09/2022,823,787,"95,63",725,62,"92,12",36,"4,37",19,17,"2,07"
353030,MIRASSOL,SP,09/2022,1552,1387,"89,37",1387,0,"100,00",165,"10,63",15,150,"9,66"
353030,MIRASSOL,SP,07/2022,1542,1353,"87,74",1205,148,"89,06",189,"12,26",13,176,"11,41"
353030,MIRASSOL,SP,11/2022,1550,1477,"95,29",1362,115,"92,21",73,"4,71",11,62,"4,00"
353040,MIRASSOLÂNDIA,SP,11/2022,221,210,"95,02",207,3,"98,57",11,"4,98",2,9,"4,07"
353040,MIRASSOLÂNDIA,SP,07/2022,172,113,"65,70",110,3,"97,35",59,"34,30",3,56,"32,56"
353040,MIRASSOLÂNDIA,SP,09/2022,184,0,"0,00",0,0,,184,"100,00",124,60,"32,61"
353050,MOCOCA,SP,07/2022,2394,2187,"91,35",2157,30,"98,63",207,"8,65",15,192,"8,02"
353050,MOCOCA,SP,09/2022,2374,2107,"88,75",1998,109,"94,83",267,"11,25",43,224,"9,44"
353050,MOCOCA,SP,11/2022,2373,2138,"90,10",2134,4,"99,81",235,"9,90",16,219,"9,23"
353060,MOGI DAS CRUZES,SP,11/2022,23323,20049,"85,96",18753,1296,"93,54",3274,"14,04",1012,2262,"9,70"
353060,MOGI DAS CRUZES,SP,09/2022,23508,15881,"67,56",14115,1766,"88,88",7627,"32,44",2326,5301,"22,55"
353060,MOGI DAS CRUZES,SP,07/2022,22702,16162,"71,19",14868,1294,"91,99",6540,"28,81",1376,5164,"22,75"
353070,MOGI GUAÇU,SP,07/2022,3917,3589,"91,63",3184,405,"88,72",328,"8,37",61,267,"6,82"
353070,MOGI GUAÇU,SP,09/2022,4077,3821,"93,72",3403,418,"89,06",256,"6,28",42,214,"5,25"
353070,MOGI GUAÇU,SP,11/2022,4071,3980,"97,76",3595,385,"90,33",91,"2,24",24,67,"1,65"
353080,MOGI MIRIM,SP,11/2022,1780,1517,"85,22",1392,125,"91,76",263,"14,78",27,236,"13,26"
353080,MOGI MIRIM,SP,09/2022,1772,1482,"83,63",1349,133,"91,03",290,"16,37",50,240,"13,54"
353080,MOGI MIRIM,SP,07/2022,1638,631,"38,52",553,78,"87,64",1007,"61,48",810,197,"12,03"
353090,MOMBUCA,SP,07/2022,265,222,"83,77",217,5,"97,75",43,"16,23",5,38,"14,34"
353090,MOMBUCA,SP,09/2022,279,234,"83,87",218,16,"93,16",45,"16,13",5,40,"14,34"
353090,MOMBUCA,SP,11/2022,266,230,"86,47",212,18,"92,17",36,"13,53",1,35,"13,16"
353100,MONÇÕES,SP,11/2022,38,37,"97,37",34,3,"91,89",1,"2,63",0,1,"2,63"
353100,MONÇÕES,SP,07/2022,41,39,"95,12",39,0,"100,00",2,"4,88",2,0,"0,00"
353100,MONÇÕES,SP,09/2022,41,39,"95,12",35,4,"89,74",2,"4,88",1,1,"2,44"
353110,MONGAGUÁ,SP,07/2022,3842,1952,"50,81",1792,160,"91,80",1890,"49,19",1348,542,"14,11"
353110,MONGAGUÁ,SP,09/2022,4140,2735,"66,06",2464,271,"90,09",1405,"33,94",830,575,"13,89"
353110,MONGAGUÁ,SP,11/2022,4227,3590,"84,93",3276,314,"91,25",637,"15,07",42,595,"14,08"
353120,MONTE ALEGRE DO SUL,SP,11/2022,140,94,"67,14",94,0,"100,00",46,"32,86",27,19,"13,57"
353120,MONTE ALEGRE DO SUL,SP,09/2022,142,121,"85,21",120,1,"99,17",21,"14,79",3,18,"12,68"
353120,MONTE ALEGRE DO SUL,SP,07/2022,134,111,"82,84",107,4,"96,40",23,"17,16",4,19,"14,18"
353130,MONTE ALTO,SP,07/2022,784,762,"97,19",759,3,"99,61",22,"2,81",2,20,"2,55"
353130,MONTE ALTO,SP,09/2022,815,788,"96,69",757,31,"96,07",27,"3,31",7,20,"2,45"
353130,MONTE ALTO,SP,11/2022,816,731,"89,58",720,11,"98,50",85,"10,42",63,22,"2,70"
353140,MONTE APRAZÍVEL,SP,11/2022,1022,911,"89,14",909,2,"99,78",111,"10,86",5,106,"10,37"
353140,MONTE APRAZÍVEL,SP,09/2022,1047,920,"87,87",908,12,"98,70",127,"12,13",12,115,"10,98"
353140,MONTE APRAZÍVEL,SP,07/2022,938,822,"87,63",810,12,"98,54",116,"12,37",19,97,"10,34"
353150,MONTE AZUL PAULISTA,SP,07/2022,501,415,"82,83",322,93,"77,59",86,"17,17",5,81,"16,17"
353150,MONTE AZUL PAULISTA,SP,09/2022,496,406,"81,85",314,92,"77,34",90,"18,15",7,83,"16,73"
353150,MONTE AZUL PAULISTA,SP,11/2022,482,409,"84,85",321,88,"78,48",73,"15,15",3,70,"14,52"
353160,MONTE CASTELO,SP,11/2022,185,176,"95,14",160,16,"90,91",9,"4,86",2,7,"3,78"
353160,MONTE CASTELO,SP,07/2022,182,174,"95,60",128,46,"73,56",8,"4,40",1,7,"3,85"
353160,MONTE CASTELO,SP,09/2022,188,183,"97,34",146,37,"79,78",5,"2,66",2,3,"1,60"
353170,MONTEIRO LOBATO,SP,07/2022,272,259,"95,22",253,6,"97,68",13,"4,78",6,7,"2,57"
353170,MONTEIRO LOBATO,SP,09/2022,239,110,"46,03",105,5,"95,45",129,"53,97",122,7,"2,93"
353170,MONTEIRO LOBATO,SP,11/2022,269,247,"91,82",245,2,"99,19",22,"8,18",11,11,"4,09"
353180,MONTE MOR,SP,11/2022,4008,2797,"69,79",2618,179,"93,60",1211,"30,21",442,769,"19,19"
353180,MONTE MOR,SP,07/2022,3845,2071,"53,86",1969,102,"95,07",1774,"46,14",795,979,"25,46"
353180,MONTE MOR,SP,09/2022,4100,2481,"60,51",2236,245,"90,12",1619,"39,49",652,967,"23,59"
353190,MORRO AGUDO,SP,07/2022,1326,1276,"96,23",1260,16,"98,75",50,"3,77",5,45,"3,39"
353190,MORRO AGUDO,SP,09/2022,1384,1343,"97,04",1314,29,"97,84",41,"2,96",7,34,"2,46"
353190,MORRO AGUDO,SP,11/2022,1369,1330,"97,15",1318,12,"99,10",39,"2,85",3,36,"2,63"
353200,MORUNGABA,SP,11/2022,451,440,"97,56",419,21,"95,23",11,"2,44",2,9,"2,00"
353200,MORUNGABA,SP,07/2022,485,342,"70,52",340,2,"99,42",143,"29,48",3,140,"28,87"
353200,MORUNGABA,SP,09/2022,486,343,"70,58",332,11,"96,79",143,"29,42",3,140,"28,81"
353205,MOTUCA,SP,09/2022,179,179,"100,00",175,4,"97,77",0,"0,00",0,0,"0,00"
353205,MOTUCA,SP,07/2022,174,173,"99,43",170,3,"98,27",1,"0,57",0,1,"0,57"
353205,MOTUCA,SP,11/2022,179,179,"100,00",176,3,"98,32",0,"0,00",0,0,"0,00"
353210,MURUTINGA DO SUL,SP,11/2022,216,172,"79,63",142,30,"82,56",44,"20,37",0,44,"20,37"
353210,MURUTINGA DO SUL,SP,07/2022,208,163,"78,37",147,16,"90,18",45,"21,63",2,43,"20,67"
353210,MURUTINGA DO SUL,SP,09/2022,211,166,"78,67",139,27,"83,73",45,"21,33",2,43,"20,38"
353215,NANTES,SP,09/2022,128,111,"86,72",111,0,"100,00",17,"13,28",0,17,"13,28"
353215,NANTES,SP,07/2022,118,28,"23,73",2,26,"7,14",90,"76,27",73,17,"14,41"
353215,NANTES,SP,11/2022,130,112,"86,15",112,0,"100,00",18,"13,85",1,17,"13,08"
353220,NARANDIBA,SP,11/2022,192,184,"95,83",175,9,"95,11",8,"4,17",1,7,"3,65"
353220,NARANDIBA,SP,07/2022,188,176,"93,62",142,34,"80,68",12,"6,38",3,9,"4,79"
353220,NARANDIBA,SP,09/2022,196,181,"92,35",158,23,"87,29",15,"7,65",3,12,"6,12"
353230,NATIVIDADE DA SERRA,SP,09/2022,340,298,"87,65",281,17,"94,30",42,"12,35",15,27,"7,94"
353230,NATIVIDADE DA SERRA,SP,07/2022,343,299,"87,17",289,10,"96,66",44,"12,83",16,28,"8,16"
353230,NATIVIDADE DA SERRA,SP,11/2022,351,317,"90,31",288,29,"90,85",34,"9,69",3,31,"8,83"
353240,NAZARÉ PAULISTA,SP,11/2022,1026,940,"91,62",904,36,"96,17",86,"8,38",41,45,"4,39"
353240,NAZARÉ PAULISTA,SP,07/2022,946,541,"57,19",448,93,"82,81",405,"42,81",375,30,"3,17"
353240,NAZARÉ PAULISTA,SP,09/2022,981,598,"60,96",541,57,"90,47",383,"39,04",345,38,"3,87"
353250,NEVES PAULISTA,SP,07/2022,286,269,"94,06",255,14,"94,80",17,"5,94",5,12,"4,20"
353250,NEVES PAULISTA,SP,09/2022,348,327,"93,97",312,15,"95,41",21,"6,03",3,18,"5,17"
353250,NEVES PAULISTA,SP,11/2022,351,337,"96,01",327,10,"97,03",14,"3,99",1,13,"3,70"
353260,NHANDEARA,SP,11/2022,276,265,"96,01",223,42,"84,15",11,"3,99",4,7,"2,54"
353260,NHANDEARA,SP,07/2022,285,265,"92,98",167,98,"63,02",20,"7,02",6,14,"4,91"
353260,NHANDEARA,SP,09/2022,275,260,"94,55",217,43,"83,46",15,"5,45",6,9,"3,27"
353270,NIPOÃ,SP,09/2022,336,289,"86,01",246,43,"85,12",47,"13,99",2,45,"13,39"
353270,NIPOÃ,SP,07/2022,308,269,"87,34",243,26,"90,33",39,"12,66",1,38,"12,34"
353270,NIPOÃ,SP,11/2022,341,294,"86,22",261,33,"88,78",47,"13,78",1,46,"13,49"
353280,NOVA ALIANÇA,SP,11/2022,239,222,"92,89",212,10,"95,50",17,"7,11",5,12,"5,02"
353280,NOVA ALIANÇA,SP,07/2022,198,184,"92,93",182,2,"98,91",14,"7,07",3,11,"5,56"
353280,NOVA ALIANÇA,SP,09/2022,224,205,"91,52",190,15,"92,68",19,"8,48",9,10,"4,46"
353282,NOVA CAMPINA,SP,09/2022,730,618,"84,66",593,25,"95,95",112,"15,34",34,78,"10,68"
353282,NOVA CAMPINA,SP,07/2022,730,525,"71,92",522,3,"99,43",205,"28,08",133,72,"9,86"
353282,NOVA CAMPINA,SP,11/2022,710,679,"95,63",633,46,"93,23",31,"4,37",7,24,"3,38"
353284,NOVA CANAÃ PAULISTA,SP,11/2022,67,60,"89,55",59,1,"98,33",7,"10,45",6,1,"1,49"
353284,NOVA CANAÃ PAULISTA,SP,09/2022,65,0,"0,00",0,0,,65,"100,00",64,1,"1,54"
353284,NOVA CANAÃ PAULISTA,SP,07/2022,63,39,"61,90",27,12,"69,23",24,"38,10",23,1,"1,59"
353286,NOVA CASTILHO,SP,07/2022,52,47,"90,38",47,0,"100,00",5,"9,62",2,3,"5,77"
353286,NOVA CASTILHO,SP,09/2022,48,43,"89,58",41,2,"95,35",5,"10,42",0,5,"10,42"
353286,NOVA CASTILHO,SP,11/2022,52,47,"90,38",47,0,"100,00",5,"9,62",0,5,"9,62"
353290,NOVA EUROPA,SP,11/2022,332,292,"87,95",292,0,"100,00",40,"12,05",14,26,"7,83"
353290,NOVA EUROPA,SP,07/2022,366,326,"89,07",326,0,"100,00",40,"10,93",18,22,"6,01"
353290,NOVA EUROPA,SP,09/2022,357,301,"84,31",288,13,"95,68",56,"15,69",25,31,"8,68"
353300,NOVA GRANADA,SP,09/2022,760,735,"96,71",709,26,"96,46",25,"3,29",9,16,"2,11"
353300,NOVA GRANADA,SP,07/2022,733,701,"95,63",698,3,"99,57",32,"4,37",5,27,"3,68"
353300,NOVA GRANADA,SP,11/2022,733,715,"97,54",692,23,"96,78",18,"2,46",6,12,"1,64"
353310,NOVA GUATAPORANGA,SP,11/2022,122,106,"86,89",103,3,"97,17",16,"13,11",0,16,"13,11"
353310,NOVA GUATAPORANGA,SP,07/2022,116,104,"89,66",102,2,"98,08",12,"10,34",2,10,"8,62"
353310,NOVA GUATAPORANGA,SP,09/2022,121,110,"90,91",108,2,"98,18",11,"9,09",0,11,"9,09"
353320,NOVA INDEPENDÊNCIA,SP,09/2022,305,273,"89,51",222,51,"81,32",32,"10,49",11,21,"6,89"
353320,NOVA INDEPENDÊNCIA,SP,07/2022,286,247,"86,36",223,24,"90,28",39,"13,64",22,17,"5,94"
353320,NOVA INDEPENDÊNCIA,SP,11/2022,292,256,"87,67",230,26,"89,84",36,"12,33",8,28,"9,59"
353325,NOVAIS,SP,11/2022,235,206,"87,66",188,18,"91,26",29,"12,34",1,28,"11,91"
353325,NOVAIS,SP,07/2022,215,180,"83,72",180,0,"100,00",35,"16,28",2,33,"15,35"
353325,NOVAIS,SP,09/2022,240,204,"85,00",174,30,"85,29",36,"15,00",3,33,"13,75"
353330,NOVA LUZITÂNIA,SP,07/2022,139,103,"74,10",94,9,"91,26",36,"25,90",18,18,"12,95"
353330,NOVA LUZITÂNIA,SP,09/2022,145,103,"71,03",94,9,"91,26",42,"28,97",20,22,"15,17"
353330,NOVA LUZITÂNIA,SP,11/2022,146,106,"72,60",103,3,"97,17",40,"27,40",19,21,"14,38"
353340,NOVA ODESSA,SP,11/2022,1304,1248,"95,71",1133,115,"90,79",56,"4,29",14,42,"3,22"
353340,NOVA ODESSA,SP,09/2022,1298,1245,"95,92",1095,150,"87,95",53,"4,08",21,32,"2,47"
353340,NOVA ODESSA,SP,07/2022,1283,1241,"96,73",1130,111,"91,06",42,"3,27",13,29,"2,26"
353350,NOVO HORIZONTE,SP,09/2022,1208,1154,"95,53",969,185,"83,97",54,"4,47",11,43,"3,56"
353350,NOVO HORIZONTE,SP,07/2022,1127,1089,"96,63",768,321,"70,52",38,"3,37",5,33,"2,93"
353350,NOVO HORIZONTE,SP,11/2022,1196,1160,"96,99",1020,140,"87,93",36,"3,01",4,32,"2,68"
353360,NUPORANGA,SP,11/2022,311,278,"89,39",278,0,"100,00",33,"10,61",0,33,"10,61"
353360,NUPORANGA,SP,07/2022,271,239,"88,19",238,1,"99,58",32,"11,81",2,30,"11,07"
353360,NUPORANGA,SP,09/2022,292,257,"88,01",211,46,"82,10",35,"11,99",3,32,"10,96"
353370,OCAUÇU,SP,09/2022,243,225,"92,59",183,42,"81,33",18,"7,41",5,13,"5,35"
353370,OCAUÇU,SP,07/2022,232,202,"87,07",183,19,"90,59",30,"12,93",2,28,"12,07"
353370,OCAUÇU,SP,11/2022,244,168,"68,85",144,24,"85,71",76,"31,15",60,16,"6,56"
353380,ÓLEO,SP,11/2022,123,97,"78,86",85,12,"87,63",26,"21,14",0,26,"21,14"
353380,ÓLEO,SP,07/2022,116,91,"78,45",88,3,"96,70",25,"21,55",0,25,"21,55"
353380,ÓLEO,SP,09/2022,122,92,"75,41",77,15,"83,70",30,"24,59",1,29,"23,77"
353390,OLÍMPIA,SP,09/2022,2219,1910,"86,07",1903,7,"99,63",309,"13,93",17,292,"13,16"
353390,OLÍMPIA,SP,07/2022,2101,1795,"85,44",1794,1,"99,94",306,"14,56",42,264,"12,57"
353390,OLÍMPIA,SP,11/2022,2174,2073,"95,35",2036,37,"98,22",101,"4,65",6,95,"4,37"
353400,ONDA VERDE,SP,11/2022,160,145,"90,63",145,0,"100,00",15,"9,38",0,15,"9,38"
353400,ONDA VERDE,SP,07/2022,147,127,"86,39",127,0,"100,00",20,"13,61",0,20,"13,61"
353400,ONDA VERDE,SP,09/2022,162,143,"88,27",143,0,"100,00",19,"11,73",0,19,"11,73"
353410,ORIENTE,SP,07/2022,174,107,"61,49",107,0,"100,00",67,"38,51",67,0,"0,00"
353410,ORIENTE,SP,09/2022,192,191,"99,48",191,0,"100,00",1,"0,52",0,1,"0,52"
353410,ORIENTE,SP,11/2022,202,200,"99,01",200,0,"100,00",2,"0,99",0,2,"0,99"
353420,ORINDIÚVA,SP,11/2022,107,89,"83,18",87,2,"97,75",18,"16,82",3,15,"14,02"
353420,ORINDIÚVA,SP,09/2022,100,63,"63,00",63,0,"100,00",37,"37,00",6,31,"31,00"
353420,ORINDIÚVA,SP,07/2022,93,61,"65,59",61,0,"100,00",32,"34,41",5,27,"29,03"
353430,ORLÂNDIA,SP,09/2022,1074,948,"88,27",889,59,"93,78",126,"11,73",13,113,"10,52"
353430,ORLÂNDIA,SP,07/2022,1076,881,"81,88",867,14,"98,41",195,"18,12",77,118,"10,97"
353430,ORLÂNDIA,SP,11/2022,1065,948,"89,01",902,46,"95,15",117,"10,99",2,115,"10,80"
353440,OSASCO,SP,11/2022,28834,27509,"95,40",26154,1355,"95,07",1325,"4,60",406,919,"3,19"
353440,OSASCO,SP,07/2022,28426,25032,"88,06",22905,2127,"91,50",3394,"11,94",416,2978,"10,48"
353440,OSASCO,SP,09/2022,28982,27290,"94,16",25891,1399,"94,87",1692,"5,84",652,1040,"3,59"
353450,OSCAR BRESSANE,SP,07/2022,95,80,"84,21",80,0,"100,00",15,"15,79",0,15,"15,79"
353450,OSCAR BRESSANE,SP,09/2022,102,88,"86,27",83,5,"94,32",14,"13,73",0,14,"13,73"
353450,OSCAR BRESSANE,SP,11/2022,101,93,"92,08",91,2,"97,85",8,"7,92",0,8,"7,92"
353460,OSVALDO CRUZ,SP,11/2022,1050,996,"94,86",993,3,"99,70",54,"5,14",6,48,"4,57"
353460,OSVALDO CRUZ,SP,09/2022,1040,974,"93,65",968,6,"99,38",66,"6,35",2,64,"6,15"
353460,OSVALDO CRUZ,SP,07/2022,1020,956,"93,73",932,24,"97,49",64,"6,27",10,54,"5,29"
353470,OURINHOS,SP,09/2022,3358,3253,"96,87",2860,393,"87,92",105,"3,13",23,82,"2,44"
353470,OURINHOS,SP,07/2022,3320,3078,"92,71",2801,277,"91,00",242,"7,29",99,143,"4,31"
353470,OURINHOS,SP,11/2022,3376,3276,"97,04",3070,206,"93,71",100,"2,96",10,90,"2,67"
353475,OUROESTE,SP,11/2022,417,387,"92,81",361,26,"93,28",30,"7,19",6,24,"5,76"
353475,OUROESTE,SP,09/2022,434,398,"91,71",370,28,"92,96",36,"8,29",10,26,"5,99"
353475,OUROESTE,SP,07/2022,399,368,"92,23",362,6,"98,37",31,"7,77",9,22,"5,51"
353480,OURO VERDE,SP,07/2022,625,539,"86,24",539,0,"100,00",86,"13,76",2,84,"13,44"
353480,OURO VERDE,SP,09/2022,591,579,"97,97",555,24,"95,85",12,"2,03",9,3,"0,51"
353480,OURO VERDE,SP,11/2022,568,560,"98,59",493,67,"88,04",8,"1,41",3,5,"0,88"
353490,PACAEMBU,SP,11/2022,319,316,"99,06",263,53,"83,23",3,"0,94",1,2,"0,63"
353490,PACAEMBU,SP,09/2022,331,327,"98,79",280,47,"85,63",4,"1,21",1,3,"0,91"
353490,PACAEMBU,SP,07/2022,342,308,"90,06",248,60,"80,52",34,"9,94",8,26,"7,60"
353500,PALESTINA,SP,09/2022,470,388,"82,55",388,0,"100,00",82,"17,45",2,80,"17,02"
353500,PALESTINA,SP,07/2022,453,370,"81,68",370,0,"100,00",83,"18,32",1,82,"18,10"
353500,PALESTINA,SP,11/2022,474,394,"83,12",382,12,"96,95",80,"16,88",2,78,"16,46"
353510,PALMARES PAULISTA,SP,11/2022,316,266,"84,18",248,18,"93,23",50,"15,82",0,50,"15,82"
353510,PALMARES PAULISTA,SP,07/2022,287,234,"81,53",234,0,"100,00",53,"18,47",1,52,"18,12"
353510,PALMARES PAULISTA,SP,09/2022,320,265,"82,81",236,29,"89,06",55,"17,19",0,55,"17,19"
353520,PALMEIRA D´OESTE,SP,07/2022,271,253,"93,36",241,12,"95,26",18,"6,64",13,5,"1,85"
353520,PALMEIRA D´OESTE,SP,09/2022,267,232,"86,89",227,5,"97,84",35,"13,11",23,12,"4,49"
353520,PALMEIRA D´OESTE,SP,11/2022,276,258,"93,48",257,1,"99,61",18,"6,52",5,13,"4,71"
353530,PALMITAL,SP,11/2022,935,918,"98,18",896,22,"97,60",17,"1,82",5,12,"1,28"
353530,PALMITAL,SP,09/2022,943,928,"98,41",887,41,"95,58",15,"1,59",3,12,"1,27"
353530,PALMITAL,SP,07/2022,896,878,"97,99",862,16,"98,18",18,"2,01",5,13,"1,45"
353540,PANORAMA,SP,07/2022,949,903,"95,15",712,191,"78,85",46,"4,85",20,26,"2,74"
353540,PANORAMA,SP,09/2022,970,940,"96,91",732,208,"77,87",30,"3,09",6,24,"2,47"
353540,PANORAMA,SP,11/2022,942,916,"97,24",780,136,"85,15",26,"2,76",5,21,"2,23"
353550,PARAGUAÇU PAULISTA,SP,11/2022,2316,2237,"96,59",1944,293,"86,90",79,"3,41",12,67,"2,89"
353550,PARAGUAÇU PAULISTA,SP,09/2022,2315,2224,"96,07",1858,366,"83,54",91,"3,93",13,78,"3,37"
353550,PARAGUAÇU PAULISTA,SP,07/2022,2198,2101,"95,59",1836,265,"87,39",97,"4,41",20,77,"3,50"
353560,PARAIBUNA,SP,07/2022,794,717,"90,30",667,50,"93,03",77,"9,70",13,64,"8,06"
353560,PARAIBUNA,SP,09/2022,801,720,"89,89",661,59,"91,81",81,"10,11",13,68,"8,49"
353560,PARAIBUNA,SP,11/2022,814,736,"90,42",681,55,"92,53",78,"9,58",6,72,"8,85"
353570,PARAÍSO,SP,11/2022,179,142,"79,33",134,8,"94,37",37,"20,67",4,33,"18,44"
353570,PARAÍSO,SP,09/2022,182,140,"76,92",131,9,"93,57",42,"23,08",6,36,"19,78"
353570,PARAÍSO,SP,07/2022,175,135,"77,14",134,1,"99,26",40,"22,86",2,38,"21,71"
353580,PARANAPANEMA,SP,07/2022,793,376,"47,41",363,13,"96,54",417,"52,59",213,204,"25,73"
353580,PARANAPANEMA,SP,09/2022,827,548,"66,26",506,42,"92,34",279,"33,74",80,199,"24,06"
353580,PARANAPANEMA,SP,11/2022,854,591,"69,20",575,16,"97,29",263,"30,80",74,189,"22,13"
353590,PARANAPUÃ,SP,11/2022,197,103,"52,28",103,0,"100,00",94,"47,72",81,13,"6,60"
353590,PARANAPUÃ,SP,09/2022,203,187,"92,12",180,7,"96,26",16,"7,88",1,15,"7,39"
353590,PARANAPUÃ,SP,07/2022,185,172,"92,97",172,0,"100,00",13,"7,03",0,13,"7,03"
353600,PARAPUÃ,SP,07/2022,472,369,"78,18",261,108,"70,73",103,"21,82",88,15,"3,18"
353600,PARAPUÃ,SP,09/2022,474,405,"85,44",337,68,"83,21",69,"14,56",52,17,"3,59"
353600,PARAPUÃ,SP,11/2022,461,434,"94,14",384,50,"88,48",27,"5,86",8,19,"4,12"
353610,PARDINHO,SP,11/2022,274,270,"98,54",251,19,"92,96",4,"1,46",2,2,"0,73"
353610,PARDINHO,SP,09/2022,285,275,"96,49",257,18,"93,45",10,"3,51",5,5,"1,75"
353610,PARDINHO,SP,07/2022,245,236,"96,33",231,5,"97,88",9,"3,67",5,4,"1,63"
353620,PARIQUERA-AÇU,SP,09/2022,936,895,"95,62",870,25,"97,21",41,"4,38",4,37,"3,95"
353620,PARIQUERA-AÇU,SP,07/2022,942,864,"91,72",818,46,"94,68",78,"8,28",5,73,"7,75"
353620,PARIQUERA-AÇU,SP,11/2022,916,866,"94,54",827,39,"95,50",50,"5,46",6,44,"4,80"
353625,PARISI,SP,11/2022,159,114,"71,70",110,4,"96,49",45,"28,30",2,43,"27,04"
353625,PARISI,SP,07/2022,136,79,"58,09",78,1,"98,73",57,"41,91",1,56,"41,18"
353625,PARISI,SP,09/2022,162,108,"66,67",106,2,"98,15",54,"33,33",2,52,"32,10"
353630,PATROCÍNIO PAULISTA,SP,07/2022,641,547,"85,34",538,9,"98,35",94,"14,66",0,94,"14,66"
353630,PATROCÍNIO PAULISTA,SP,09/2022,720,623,"86,53",620,3,"99,52",97,"13,47",1,96,"13,33"
353630,PATROCÍNIO PAULISTA,SP,11/2022,746,638,"85,52",625,13,"97,96",108,"14,48",2,106,"14,21"
353640,PAULICÉIA,SP,11/2022,577,558,"96,71",542,16,"97,13",19,"3,29",6,13,"2,25"
353640,PAULICÉIA,SP,07/2022,512,157,"30,66",141,16,"89,81",355,"69,34",237,118,"23,05"
353640,PAULICÉIA,SP,09/2022,547,525,"95,98",504,21,"96,00",22,"4,02",5,17,"3,11"
353650,PAULÍNIA,SP,09/2022,2913,2805,"96,29",2572,233,"91,69",108,"3,71",76,32,"1,10"
353650,PAULÍNIA,SP,07/2022,2766,2719,"98,30",2683,36,"98,68",47,"1,70",26,21,"0,76"
353650,PAULÍNIA,SP,11/2022,2870,2854,"99,44",2671,183,"93,59",16,"0,56",9,7,"0,24"
353657,PAULISTÂNIA,SP,11/2022,71,66,"92,96",61,5,"92,42",5,"7,04",0,5,"7,04"
353657,PAULISTÂNIA,SP,07/2022,80,72,"90,00",70,2,"97,22",8,"10,00",0,8,"10,00"
353657,PAULISTÂNIA,SP,09/2022,81,73,"90,12",68,5,"93,15",8,"9,88",0,8,"9,88"
353660,PAULO DE FARIA,SP,09/2022,424,277,"65,33",270,7,"97,47",147,"34,67",10,137,"32,31"
353660,PAULO DE FARIA,SP,07/2022,415,283,"68,19",266,17,"93,99",132,"31,81",0,132,"31,81"
353660,PAULO DE FARIA,SP,11/2022,424,281,"66,27",272,9,"96,80",143,"33,73",0,143,"33,73"
353670,PEDERNEIRAS,SP,11/2022,1768,1709,"96,66",1697,12,"99,30",59,"3,34",9,50,"2,83"
353670,PEDERNEIRAS,SP,09/2022,1810,1734,"95,80",1590,144,"91,70",76,"4,20",17,59,"3,26"
353670,PEDERNEIRAS,SP,07/2022,1666,1584,"95,08",1584,0,"100,00",82,"4,92",22,60,"3,60"
353680,PEDRA BELA,SP,09/2022,257,219,"85,21",175,44,"79,91",38,"14,79",11,27,"10,51"
353680,PEDRA BELA,SP,07/2022,239,206,"86,19",191,15,"92,72",33,"13,81",6,27,"11,30"
353680,PEDRA BELA,SP,11/2022,250,219,"87,60",213,6,"97,26",31,"12,40",2,29,"11,60"
353690,PEDRANÓPOLIS,SP,11/2022,72,65,"90,28",64,1,"98,46",7,"9,72",0,7,"9,72"
353690,PEDRANÓPOLIS,SP,07/2022,63,54,"85,71",54,0,"100,00",9,"14,29",2,7,"11,11"
353690,PEDRANÓPOLIS,SP,09/2022,56,0,"0,00",0,0,,56,"100,00",50,6,"10,71"
353700,PEDREGULHO,SP,09/2022,952,896,"94,12",839,57,"93,64",56,"5,88",4,52,"5,46"
353700,PEDREGULHO,SP,07/2022,893,831,"93,06",801,30,"96,39",62,"6,94",11,51,"5,71"
353700,PEDREGULHO,SP,11/2022,941,883,"93,84",771,112,"87,32",58,"6,16",3,55,"5,84"
353710,PEDREIRA,SP,11/2022,1132,824,"72,79",747,77,"90,66",308,"27,21",139,169,"14,93"
353710,PEDREIRA,SP,07/2022,1028,742,"72,18",721,21,"97,17",286,"27,82",124,162,"15,76"
353710,PEDREIRA,SP,09/2022,1144,929,"81,21",835,94,"89,88",215,"18,79",34,181,"15,82"
353715,PEDRINHAS PAULISTA,SP,07/2022,69,56,"81,16",36,20,"64,29",13,"18,84",0,13,"18,84"
353715,PEDRINHAS PAULISTA,SP,09/2022,78,59,"75,64",51,8,"86,44",19,"24,36",7,12,"15,38"
353715,PEDRINHAS PAULISTA,SP,11/2022,82,69,"84,15",66,3,"95,65",13,"15,85",1,12,"14,63"
353720,PEDRO DE TOLEDO,SP,11/2022,816,614,"75,25",516,98,"84,04",202,"24,75",12,190,"23,28"
353720,PEDRO DE TOLEDO,SP,07/2022,833,426,"51,14",426,0,"100,00",407,"48,86",262,145,"17,41"
353720,PEDRO DE TOLEDO,SP,09/2022,844,617,"73,10",542,75,"87,84",227,"26,90",23,204,"24,17"
353730,PENÁPOLIS,SP,09/2022,2186,1507,"68,94",1418,89,"94,09",679,"31,06",21,658,"30,10"
353730,PENÁPOLIS,SP,07/2022,1991,1267,"63,64",1244,23,"98,18",724,"36,36",79,645,"32,40"
353730,PENÁPOLIS,SP,11/2022,2250,1586,"70,49",1518,68,"95,71",664,"29,51",4,660,"29,33"
353740,PEREIRA BARRETO,SP,11/2022,782,735,"93,99",705,30,"95,92",47,"6,01",3,44,"5,63"
353740,PEREIRA BARRETO,SP,09/2022,767,725,"94,52",675,50,"93,10",42,"5,48",8,34,"4,43"
353740,PEREIRA BARRETO,SP,07/2022,781,739,"94,62",696,43,"94,18",42,"5,38",7,35,"4,48"
353750,PEREIRAS,SP,09/2022,346,8,"2,31",8,0,"100,00",338,"97,69",332,6,"1,73"
353750,PEREIRAS,SP,07/2022,363,229,"63,09",224,5,"97,82",134,"36,91",4,130,"35,81"
353750,PEREIRAS,SP,11/2022,349,340,"97,42",330,10,"97,06",9,"2,58",4,5,"1,43"
353760,PERUÍBE,SP,11/2022,5284,4845,"91,69",4578,267,"94,49",439,"8,31",203,236,"4,47"
353760,PERUÍBE,SP,07/2022,4710,4369,"92,76",4154,215,"95,08",341,"7,24",145,196,"4,16"
353760,PERUÍBE,SP,09/2022,5235,4710,"89,97",4289,421,"91,06",525,"10,03",279,246,"4,70"
353770,PIACATU,SP,09/2022,135,132,"97,78",107,25,"81,06",3,"2,22",2,1,"0,74"
353770,PIACATU,SP,07/2022,128,126,"98,44",114,12,"90,48",2,"1,56",1,1,"0,78"
353770,PIACATU,SP,11/2022,130,129,"99,23",115,14,"89,15",1,"0,77",0,1,"0,77"
353780,PIEDADE,SP,11/2022,2593,2555,"98,53",2359,196,"92,33",38,"1,47",14,24,"0,93"
353780,PIEDADE,SP,09/2022,2568,2514,"97,90",2253,261,"89,62",54,"2,10",26,28,"1,09"
353780,PIEDADE,SP,07/2022,2393,2311,"96,57",2050,261,"88,71",82,"3,43",30,52,"2,17"
353790,PILAR DO SUL,SP,07/2022,944,739,"78,28",637,102,"86,20",205,"21,72",24,181,"19,17"
353790,PILAR DO SUL,SP,09/2022,938,746,"79,53",646,100,"86,60",192,"20,47",9,183,"19,51"
353790,PILAR DO SUL,SP,11/2022,924,738,"79,87",658,80,"89,16",186,"20,13",7,179,"19,37"
353800,PINDAMONHANGABA,SP,11/2022,7170,5675,"79,15",5231,444,"92,18",1495,"20,85",661,834,"11,63"
353800,PINDAMONHANGABA,SP,07/2022,7000,3402,"48,60",3054,348,"89,77",3598,"51,40",1268,2330,"33,29"
353800,PINDAMONHANGABA,SP,09/2022,7297,3215,"44,06",2873,342,"89,36",4082,"55,94",2149,1933,"26,49"
353810,PINDORAMA,SP,07/2022,392,364,"92,86",364,0,"100,00",28,"7,14",1,27,"6,89"
353810,PINDORAMA,SP,09/2022,403,364,"90,32",323,41,"88,74",39,"9,68",6,33,"8,19"
353810,PINDORAMA,SP,11/2022,396,359,"90,66",359,0,"100,00",37,"9,34",0,37,"9,34"
353820,PINHALZINHO,SP,11/2022,559,503,"89,98",465,38,"92,45",56,"10,02",26,30,"5,37"
353820,PINHALZINHO,SP,09/2022,552,490,"88,77",445,45,"90,82",62,"11,23",14,48,"8,70"
353820,PINHALZINHO,SP,07/2022,551,473,"85,84",402,71,"84,99",78,"14,16",24,54,"9,80"
353830,PIQUEROBI,SP,09/2022,186,146,"78,49",143,3,"97,95",40,"21,51",9,31,"16,67"
353830,PIQUEROBI,SP,07/2022,172,139,"80,81",134,5,"96,40",33,"19,19",2,31,"18,02"
353830,PIQUEROBI,SP,11/2022,184,144,"78,26",135,9,"93,75",40,"21,74",8,32,"17,39"
353850,PIQUETE,SP,11/2022,526,434,"82,51",375,59,"86,41",92,"17,49",1,91,"17,30"
353850,PIQUETE,SP,07/2022,543,424,"78,08",405,19,"95,52",119,"21,92",8,111,"20,44"
353850,PIQUETE,SP,09/2022,543,368,"67,77",335,33,"91,03",175,"32,23",69,106,"19,52"
353860,PIRACAIA,SP,09/2022,1150,0,"0,00",0,0,,1150,"100,00",1041,109,"9,48"
353860,PIRACAIA,SP,07/2022,1171,1041,"88,90",1040,1,"99,90",130,"11,10",8,122,"10,42"
353860,PIRACAIA,SP,11/2022,1211,1198,"98,93",1198,0,"100,00",13,"1,07",5,8,"0,66"
353870,PIRACICABA,SP,11/2022,10923,9763,"89,38",8849,914,"90,64",1160,"10,62",39,1121,"10,26"
353870,PIRACICABA,SP,07/2022,10827,8297,"76,63",7456,841,"89,86",2530,"23,37",138,2392,"22,09"
353870,PIRACICABA,SP,09/2022,11243,8768,"77,99",7700,1068,"87,82",2475,"22,01",47,2428,"21,60"
353880,PIRAJU,SP,09/2022,1292,1227,"94,97",1070,157,"87,20",65,"5,03",47,18,"1,39"
353880,PIRAJU,SP,07/2022,1247,1212,"97,19",1116,96,"92,08",35,"2,81",15,20,"1,60"
353880,PIRAJU,SP,11/2022,1300,1266,"97,38",1114,152,"87,99",34,"2,62",13,21,"1,62"
353890,PIRAJUÍ,SP,11/2022,855,707,"82,69",651,56,"92,08",148,"17,31",2,146,"17,08"
353890,PIRAJUÍ,SP,09/2022,878,713,"81,21",574,139,"80,50",165,"18,79",11,154,"17,54"
353890,PIRAJUÍ,SP,07/2022,840,677,"80,60",652,25,"96,31",163,"19,40",8,155,"18,45"
353900,PIRANGI,SP,07/2022,234,221,"94,44",215,6,"97,29",13,"5,56",1,12,"5,13"
353900,PIRANGI,SP,09/2022,249,241,"96,79",219,22,"90,87",8,"3,21",0,8,"3,21"
353900,PIRANGI,SP,11/2022,239,235,"98,33",230,5,"97,87",4,"1,67",1,3,"1,26"
353910,PIRAPORA DO BOM JESUS,SP,11/2022,1365,653,"47,84",619,34,"94,79",712,"52,16",10,702,"51,43"
353910,PIRAPORA DO BOM JESUS,SP,07/2022,1239,578,"46,65",507,71,"87,72",661,"53,35",27,634,"51,17"
353910,PIRAPORA DO BOM JESUS,SP,09/2022,1315,618,"47,00",583,35,"94,34",697,"53,00",15,682,"51,86"
353920,PIRAPOZINHO,SP,07/2022,586,427,"72,87",371,56,"86,89",159,"27,13",69,90,"15,36"
353920,PIRAPOZINHO,SP,09/2022,621,540,"86,96",460,80,"85,19",81,"13,04",22,59,"9,50"
353920,PIRAPOZINHO,SP,11/2022,638,562,"88,09",476,86,"84,70",76,"11,91",18,58,"9,09"
353930,PIRASSUNUNGA,SP,11/2022,1928,1826,"94,71",1699,127,"93,04",102,"5,29",9,93,"4,82"
353930,PIRASSUNUNGA,SP,07/2022,1861,1787,"96,02",1667,120,"93,28",74,"3,98",19,55,"2,96"
353930,PIRASSUNUNGA,SP,09/2022,1881,1657,"88,09",1496,161,"90,28",224,"11,91",146,78,"4,15"
353940,PIRATININGA,SP,09/2022,391,323,"82,61",323,0,"100,00",68,"17,39",19,49,"12,53"
353940,PIRATININGA,SP,07/2022,358,295,"82,40",295,0,"100,00",63,"17,60",13,50,"13,97"
353940,PIRATININGA,SP,11/2022,388,318,"81,96",303,15,"95,28",70,"18,04",18,52,"13,40"
353950,PITANGUEIRAS,SP,11/2022,1434,1388,"96,79",1324,64,"95,39",46,"3,21",2,44,"3,07"
353950,PITANGUEIRAS,SP,09/2022,1461,1428,"97,74",1417,11,"99,23",33,"2,26",10,23,"1,57"
353950,PITANGUEIRAS,SP,07/2022,1473,1092,"74,13",1092,0,"100,00",381,"25,87",106,275,"18,67"
353960,PLANALTO,SP,07/2022,194,176,"90,72",134,42,"76,14",18,"9,28",9,9,"4,64"
353960,PLANALTO,SP,09/2022,193,181,"93,78",139,42,"76,80",12,"6,22",5,7,"3,63"
353960,PLANALTO,SP,11/2022,179,172,"96,09",148,24,"86,05",7,"3,91",0,7,"3,91"
353970,PLATINA,SP,11/2022,217,211,"97,24",203,8,"96,21",6,"2,76",5,1,"0,46"
353970,PLATINA,SP,07/2022,217,177,"81,57",177,0,"100,00",40,"18,43",39,1,"0,46"
353970,PLATINA,SP,09/2022,217,214,"98,62",214,0,"100,00",3,"1,38",2,1,"0,46"
353980,POÁ,SP,07/2022,6066,5092,"83,94",5058,34,"99,33",974,"16,06",143,831,"13,70"
353980,POÁ,SP,09/2022,6349,5906,"93,02",5352,554,"90,62",443,"6,98",181,262,"4,13"
353980,POÁ,SP,11/2022,6311,6098,"96,62",5546,552,"90,95",213,"3,38",97,116,"1,84"
353990,POLONI,SP,11/2022,325,294,"90,46",287,7,"97,62",31,"9,54",4,27,"8,31"
353990,POLONI,SP,09/2022,314,287,"91,40",261,26,"90,94",27,"8,60",10,17,"5,41"
353990,POLONI,SP,07/2022,283,253,"89,40",238,15,"94,07",30,"10,60",2,28,"9,89"
354000,POMPÉIA,SP,07/2022,465,405,"87,10",359,46,"88,64",60,"12,90",3,57,"12,26"
354000,POMPÉIA,SP,09/2022,477,410,"85,95",379,31,"92,44",67,"14,05",7,60,"12,58"
354000,POMPÉIA,SP,11/2022,477,460,"96,44",447,13,"97,17",17,"3,56",1,16,"3,35"
354010,PONGAÍ,SP,11/2022,130,0,"0,00",0,0,,130,"100,00",125,5,"3,85"
354010,PONGAÍ,SP,09/2022,143,77,"53,85",77,0,"100,00",66,"46,15",61,5,"3,50"
354010,PONGAÍ,SP,07/2022,160,141,"88,13",141,0,"100,00",19,"11,88",1,18,"11,25"
354020,PONTAL,SP,09/2022,1619,1521,"93,95",1368,153,"89,94",98,"6,05",12,86,"5,31"
354020,PONTAL,SP,07/2022,1558,1456,"93,45",1379,77,"94,71",102,"6,55",12,90,"5,78"
354020,PONTAL,SP,11/2022,1603,1531,"95,51",1445,86,"94,38",72,"4,49",0,72,"4,49"
354025,PONTALINDA,SP,11/2022,189,167,"88,36",133,34,"79,64",22,"11,64",2,20,"10,58"
354025,PONTALINDA,SP,09/2022,187,165,"88,24",133,32,"80,61",22,"11,76",1,21,"11,23"
354025,PONTALINDA,SP,07/2022,182,130,"71,43",119,11,"91,54",52,"28,57",29,23,"12,64"
354030,PONTES GESTAL,SP,07/2022,92,72,"78,26",67,5,"93,06",20,"21,74",1,19,"20,65"
354030,PONTES GESTAL,SP,09/2022,101,81,"80,20",74,7,"91,36",20,"19,80",1,19,"18,81"
354030,PONTES GESTAL,SP,11/2022,102,84,"82,35",78,6,"92,86",18,"17,65",0,18,"17,65"
354040,POPULINA,SP,11/2022,260,233,"89,62",203,30,"87,12",27,"10,38",10,17,"6,54"
354040,POPULINA,SP,07/2022,233,188,"80,69",171,17,"90,96",45,"19,31",16,29,"12,45"
354040,POPULINA,SP,09/2022,251,220,"87,65",199,21,"90,45",31,"12,35",10,21,"8,37"
354050,PORANGABA,SP,07/2022,389,305,"78,41",305,0,"100,00",84,"21,59",0,84,"21,59"
354050,PORANGABA,SP,09/2022,368,109,"29,62",102,7,"93,58",259,"70,38",241,18,"4,89"
354050,PORANGABA,SP,11/2022,394,375,"95,18",366,9,"97,60",19,"4,82",1,18,"4,57"
354060,PORTO FELIZ,SP,11/2022,1490,1410,"94,63",1275,135,"90,43",80,"5,37",32,48,"3,22"
354060,PORTO FELIZ,SP,09/2022,1487,1439,"96,77",1205,234,"83,74",48,"3,23",31,17,"1,14"
354060,PORTO FELIZ,SP,07/2022,1431,1361,"95,11",1281,80,"94,12",70,"4,89",19,51,"3,56"
354070,PORTO FERREIRA,SP,07/2022,1328,617,"46,46",554,63,"89,79",711,"53,54",528,183,"13,78"
354070,PORTO FERREIRA,SP,09/2022,1321,505,"38,23",393,112,"77,82",816,"61,77",642,174,"13,17"
354070,PORTO FERREIRA,SP,11/2022,1349,672,"49,81",501,171,"74,55",677,"50,19",518,159,"11,79"
354075,POTIM,SP,11/2022,1187,952,"80,20",945,7,"99,26",235,"19,80",20,215,"18,11"
354075,POTIM,SP,09/2022,1205,697,"57,84",687,10,"98,57",508,"42,16",279,229,"19,00"
354075,POTIM,SP,07/2022,1151,692,"60,12",672,20,"97,11",459,"39,88",242,217,"18,85"
354080,POTIRENDABA,SP,07/2022,452,446,"98,67",431,15,"96,64",6,"1,33",4,2,"0,44"
354080,POTIRENDABA,SP,09/2022,477,466,"97,69",412,54,"88,41",11,"2,31",7,4,"0,84"
354080,POTIRENDABA,SP,11/2022,481,466,"96,88",410,56,"87,98",15,"3,12",4,11,"2,29"
354085,PRACINHA,SP,11/2022,91,87,"95,60",80,7,"91,95",4,"4,40",0,4,"4,40"
354085,PRACINHA,SP,09/2022,102,91,"89,22",82,9,"90,11",11,"10,78",1,10,"9,80"
354085,PRACINHA,SP,07/2022,100,85,"85,00",50,35,"58,82",15,"15,00",3,12,"12,00"
354090,PRADÓPOLIS,SP,07/2022,818,780,"95,35",770,10,"98,72",38,"4,65",11,27,"3,30"
354090,PRADÓPOLIS,SP,09/2022,846,824,"97,40",738,86,"89,56",22,"2,60",13,9,"1,06"
354090,PRADÓPOLIS,SP,11/2022,848,837,"98,70",761,76,"90,92",11,"1,30",3,8,"0,94"
354100,PRAIA GRANDE,SP,11/2022,10919,9346,"85,59",8545,801,"91,43",1573,"14,41",92,1481,"13,56"
354100,PRAIA GRANDE,SP,07/2022,10024,7620,"76,02",7218,402,"94,72",2404,"23,98",960,1444,"14,41"
354100,PRAIA GRANDE,SP,09/2022,10496,8585,"81,79",7646,939,"89,06",1911,"18,21",460,1451,"13,82"
354105,PRATÂNIA,SP,09/2022,460,384,"83,48",384,0,"100,00",76,"16,52",6,70,"15,22"
354105,PRATÂNIA,SP,07/2022,425,317,"74,59",317,0,"100,00",108,"25,41",3,105,"24,71"
354105,PRATÂNIA,SP,11/2022,454,403,"88,77",403,0,"100,00",51,"11,23",8,43,"9,47"
354110,PRESIDENTE ALVES,SP,11/2022,193,149,"77,20",145,4,"97,32",44,"22,80",0,44,"22,80"
354110,PRESIDENTE ALVES,SP,09/2022,173,0,"0,00",0,0,,173,"100,00",138,35,"20,23"
354110,PRESIDENTE ALVES,SP,07/2022,175,139,"79,43",139,0,"100,00",36,"20,57",0,36,"20,57"
354120,PRESIDENTE BERNARDES,SP,09/2022,322,240,"74,53",231,9,"96,25",82,"25,47",47,35,"10,87"
354120,PRESIDENTE BERNARDES,SP,07/2022,320,238,"74,38",234,4,"98,32",82,"25,63",47,35,"10,94"
354120,PRESIDENTE BERNARDES,SP,11/2022,343,215,"62,68",214,1,"99,53",128,"37,32",91,37,"10,79"
354130,PRESIDENTE EPITÁCIO,SP,11/2022,1368,1325,"96,86",1269,56,"95,77",43,"3,14",8,35,"2,56"
354130,PRESIDENTE EPITÁCIO,SP,07/2022,1264,1100,"87,03",993,107,"90,27",164,"12,97",9,155,"12,26"
354130,PRESIDENTE EPITÁCIO,SP,09/2022,1281,1234,"96,33",1135,99,"91,98",47,"3,67",11,36,"2,81"
354140,PRESIDENTE PRUDENTE,SP,09/2022,6132,4990,"81,38",4619,371,"92,57",1142,"18,62",170,972,"15,85"
354140,PRESIDENTE PRUDENTE,SP,07/2022,5772,3565,"61,76",3375,190,"94,67",2207,"38,24",1252,955,"16,55"
354140,PRESIDENTE PRUDENTE,SP,11/2022,6063,4784,"78,90",4555,229,"95,21",1279,"21,10",584,695,"11,46"
354150,PRESIDENTE VENCESLAU,SP,11/2022,906,798,"88,08",765,33,"95,86",108,"11,92",66,42,"4,64"
354150,PRESIDENTE VENCESLAU,SP,07/2022,947,863,"91,13",844,19,"97,80",84,"8,87",47,37,"3,91"
354150,PRESIDENTE VENCESLAU,SP,09/2022,864,0,"0,00",0,0,,864,"100,00",830,34,"3,94"
354160,PROMISSÃO,SP,09/2022,1265,1206,"95,34",1111,95,"92,12",59,"4,66",8,51,"4,03"
354160,PROMISSÃO,SP,07/2022,1212,1146,"94,55",1102,44,"96,16",66,"5,45",17,49,"4,04"
354160,PROMISSÃO,SP,11/2022,1233,1170,"94,89",1110,60,"94,87",63,"5,11",9,54,"4,38"
354165,QUADRA,SP,11/2022,252,240,"95,24",240,0,"100,00",12,"4,76",1,11,"4,37"
354165,QUADRA,SP,09/2022,241,230,"95,44",215,15,"93,48",11,"4,56",3,8,"3,32"
354165,QUADRA,SP,07/2022,222,213,"95,95",213,0,"100,00",9,"4,05",2,7,"3,15"
354170,QUATÁ,SP,09/2022,689,662,"96,08",510,152,"77,04",27,"3,92",4,23,"3,34"
354170,QUATÁ,SP,07/2022,662,620,"93,66",536,84,"86,45",42,"6,34",15,27,"4,08"
354170,QUATÁ,SP,11/2022,680,665,"97,79",592,73,"89,02",15,"2,21",2,13,"1,91"
354180,QUEIROZ,SP,11/2022,151,148,"98,01",122,26,"82,43",3,"1,99",0,3,"1,99"
354180,QUEIROZ,SP,07/2022,138,136,"98,55",136,0,"100,00",2,"1,45",1,1,"0,72"
354180,QUEIROZ,SP,09/2022,135,134,"99,26",100,34,"74,63",1,"0,74",1,0,"0,00"
354190,QUELUZ,SP,07/2022,428,399,"93,22",361,38,"90,48",29,"6,78",2,27,"6,31"
354190,QUELUZ,SP,09/2022,444,407,"91,67",384,23,"94,35",37,"8,33",13,24,"5,41"
354190,QUELUZ,SP,11/2022,420,401,"95,48",377,24,"94,01",19,"4,52",0,19,"4,52"
354200,QUINTANA,SP,11/2022,337,285,"84,57",273,12,"95,79",52,"15,43",1,51,"15,13"
354200,QUINTANA,SP,07/2022,314,259,"82,48",259,0,"100,00",55,"17,52",4,51,"16,24"
354200,QUINTANA,SP,09/2022,333,280,"84,08",243,37,"86,79",53,"15,92",2,51,"15,32"
354210,RAFARD,SP,07/2022,420,398,"94,76",380,18,"95,48",22,"5,24",13,9,"2,14"
354210,RAFARD,SP,09/2022,470,443,"94,26",399,44,"90,07",27,"5,74",14,13,"2,77"
354210,RAFARD,SP,11/2022,463,448,"96,76",430,18,"95,98",15,"3,24",3,12,"2,59"
354220,RANCHARIA,SP,11/2022,1146,1140,"99,48",1106,34,"97,02",6,"0,52",6,0,"0,00"
354220,RANCHARIA,SP,09/2022,1164,1123,"96,48",1029,94,"91,63",41,"3,52",4,37,"3,18"
354220,RANCHARIA,SP,07/2022,1198,1157,"96,58",1058,99,"91,44",41,"3,42",10,31,"2,59"
354230,REDENÇÃO DA SERRA,SP,07/2022,339,267,"78,76",232,35,"86,89",72,"21,24",8,64,"18,88"
354230,REDENÇÃO DA SERRA,SP,09/2022,348,261,"75,00",256,5,"98,08",87,"25,00",13,74,"21,26"
354230,REDENÇÃO DA SERRA,SP,11/2022,339,268,"79,06",267,1,"99,63",71,"20,94",0,71,"20,94"
354240,REGENTE FEIJÓ,SP,11/2022,492,465,"94,51",419,46,"90,11",27,"5,49",8,19,"3,86"
354240,REGENTE FEIJÓ,SP,09/2022,514,457,"88,91",376,81,"82,28",57,"11,09",6,51,"9,92"
354240,REGENTE FEIJÓ,SP,07/2022,491,423,"86,15",362,61,"85,58",68,"13,85",11,57,"11,61"
354250,REGINÓPOLIS,SP,07/2022,179,155,"86,59",155,0,"100,00",24,"13,41",3,21,"11,73"
354250,REGINÓPOLIS,SP,09/2022,180,175,"97,22",175,0,"100,00",5,"2,78",4,1,"0,56"
354250,REGINÓPOLIS,SP,11/2022,170,170,"100,00",170,0,"100,00",0,"0,00",0,0,"0,00"
354260,REGISTRO,SP,11/2022,3335,3118,"93,49",2782,336,"89,22",217,"6,51",12,205,"6,15"
354260,REGISTRO,SP,07/2022,3191,2600,"81,48",2313,287,"88,96",591,"18,52",22,569,"17,83"
354260,REGISTRO,SP,09/2022,3315,2965,"89,44",2620,345,"88,36",350,"10,56",16,334,"10,08"
354270,RESTINGA,SP,09/2022,411,402,"97,81",398,4,"99,00",9,"2,19",0,9,"2,19"
354270,RESTINGA,SP,07/2022,386,367,"95,08",365,2,"99,46",19,"4,92",13,6,"1,55"
354270,RESTINGA,SP,11/2022,421,411,"97,62",403,8,"98,05",10,"2,38",0,10,"2,38"
354280,RIBEIRA,SP,11/2022,286,271,"94,76",270,1,"99,63",15,"5,24",5,10,"3,50"
354280,RIBEIRA,SP,07/2022,291,230,"79,04",229,1,"99,57",61,"20,96",8,53,"18,21"
354280,RIBEIRA,SP,09/2022,301,245,"81,40",243,2,"99,18",56,"18,60",2,54,"17,94"
354290,RIBEIRÃO BONITO,SP,09/2022,517,496,"95,94",439,57,"88,51",21,"4,06",20,1,"0,19"
354290,RIBEIRÃO BONITO,SP,07/2022,520,501,"96,35",497,4,"99,20",19,"3,65",10,9,"1,73"
354290,RIBEIRÃO BONITO,SP,11/2022,498,488,"97,99",450,38,"92,21",10,"2,01",7,3,"0,60"
354300,RIBEIRÃO BRANCO,SP,11/2022,1489,1327,"89,12",1191,136,"89,75",162,"10,88",2,160,"10,75"
354300,RIBEIRÃO BRANCO,SP,07/2022,1455,909,"62,47",809,100,"89,00",546,"37,53",387,159,"10,93"
354300,RIBEIRÃO BRANCO,SP,09/2022,1476,1207,"81,78",1091,116,"90,39",269,"18,22",102,167,"11,31"
354310,RIBEIRÃO CORRENTE,SP,07/2022,304,299,"98,36",291,8,"97,32",5,"1,64",0,5,"1,64"
354310,RIBEIRÃO CORRENTE,SP,09/2022,337,330,"97,92",319,11,"96,67",7,"2,08",1,6,"1,78"
354310,RIBEIRÃO CORRENTE,SP,11/2022,347,343,"98,85",311,32,"90,67",4,"1,15",0,4,"1,15"
354320,RIBEIRÃO DO SUL,SP,11/2022,224,219,"97,77",190,29,"86,76",5,"2,23",0,5,"2,23"
354320,RIBEIRÃO DO SUL,SP,09/2022,224,218,"97,32",183,35,"83,94",6,"2,68",1,5,"2,23"
354320,RIBEIRÃO DO SUL,SP,07/2022,196,187,"95,41",187,0,"100,00",9,"4,59",2,7,"3,57"
354323,RIBEIRÃO DOS ÍNDIOS,SP,07/2022,118,99,"83,90",99,0,"100,00",19,"16,10",3,16,"13,56"
354323,RIBEIRÃO DOS ÍNDIOS,SP,09/2022,113,50,"44,25",50,0,"100,00",63,"55,75",49,14,"12,39"
354323,RIBEIRÃO DOS ÍNDIOS,SP,11/2022,113,96,"84,96",95,1,"98,96",17,"15,04",2,15,"13,27"
354325,RIBEIRÃO GRANDE,SP,11/2022,375,325,"86,67",299,26,"92,00",50,"13,33",5,45,"12,00"
354325,RIBEIRÃO GRANDE,SP,09/2022,390,338,"86,67",294,44,"86,98",52,"13,33",4,48,"12,31"
354325,RIBEIRÃO GRANDE,SP,07/2022,377,319,"84,62",299,20,"93,73",58,"15,38",13,45,"11,94"
354330,RIBEIRÃO PIRES,SP,09/2022,3577,2897,"80,99",2788,109,"96,24",680,"19,01",145,535,"14,96"
354330,RIBEIRÃO PIRES,SP,07/2022,3366,2475,"73,53",2423,52,"97,90",891,"26,47",368,523,"15,54"
354330,RIBEIRÃO PIRES,SP,11/2022,3532,3132,"88,67",2998,134,"95,72",400,"11,33",74,326,"9,23"
354340,RIBEIRÃO PRETO,SP,11/2022,16128,15130,"93,81",14048,1082,"92,85",998,"6,19",57,941,"5,83"
354340,RIBEIRÃO PRETO,SP,07/2022,15440,10055,"65,12",9012,1043,"89,63",5385,"34,88",3801,1584,"10,26"
354340,RIBEIRÃO PRETO,SP,09/2022,15804,8685,"54,95",7702,983,"88,68",7119,"45,05",5606,1513,"9,57"
354350,RIVERSUL,SP,07/2022,406,362,"89,16",340,22,"93,92",44,"10,84",7,37,"9,11"
354350,RIVERSUL,SP,09/2022,396,367,"92,68",306,61,"83,38",29,"7,32",16,13,"3,28"
354350,RIVERSUL,SP,11/2022,373,349,"93,57",292,57,"83,67",24,"6,43",13,11,"2,95"
354360,RIFAINA,SP,11/2022,165,153,"92,73",134,19,"87,58",12,"7,27",1,11,"6,67"
354360,RIFAINA,SP,07/2022,162,140,"86,42",136,4,"97,14",22,"13,58",4,18,"11,11"
354360,RIFAINA,SP,09/2022,148,135,"91,22",105,30,"77,78",13,"8,78",1,12,"8,11"
354370,RINCÃO,SP,07/2022,446,423,"94,84",396,27,"93,62",23,"5,16",10,13,"2,91"
354370,RINCÃO,SP,09/2022,466,439,"94,21",414,25,"94,31",27,"5,79",9,18,"3,86"
354370,RINCÃO,SP,11/2022,474,459,"96,84",404,55,"88,02",15,"3,16",2,13,"2,74"
354380,RINÓPOLIS,SP,11/2022,214,198,"92,52",174,24,"87,88",16,"7,48",2,14,"6,54"
354380,RINÓPOLIS,SP,09/2022,225,210,"93,33",172,38,"81,90",15,"6,67",0,15,"6,67"
354380,RINÓPOLIS,SP,07/2022,223,207,"92,83",144,63,"69,57",16,"7,17",3,13,"5,83"
354390,RIO CLARO,SP,09/2022,4806,4597,"95,65",3712,885,"80,75",209,"4,35",69,140,"2,91"
354390,RIO CLARO,SP,07/2022,4461,4223,"94,66",3411,812,"80,77",238,"5,34",119,119,"2,67"
354390,RIO CLARO,SP,11/2022,4899,4706,"96,06",4103,603,"87,19",193,"3,94",23,170,"3,47"
354400,RIO DAS PEDRAS,SP,11/2022,755,639,"84,64",589,50,"92,18",116,"15,36",13,103,"13,64"
354400,RIO DAS PEDRAS,SP,07/2022,750,629,"83,87",586,43,"93,16",121,"16,13",32,89,"11,87"
354400,RIO DAS PEDRAS,SP,09/2022,767,637,"83,05",571,66,"89,64",130,"16,95",30,100,"13,04"
354410,RIO GRANDE DA SERRA,SP,09/2022,2346,2044,"87,13",1937,107,"94,77",302,"12,87",42,260,"11,08"
354410,RIO GRANDE DA SERRA,SP,07/2022,2261,1892,"83,68",1840,52,"97,25",369,"16,32",55,314,"13,89"
354410,RIO GRANDE DA SERRA,SP,11/2022,2356,2098,"89,05",1962,136,"93,52",258,"10,95",21,237,"10,06"
354420,RIOLÂNDIA,SP,11/2022,536,470,"87,69",459,11,"97,66",66,"12,31",13,53,"9,89"
354420,RIOLÂNDIA,SP,09/2022,554,484,"87,36",475,9,"98,14",70,"12,64",5,65,"11,73"
354420,RIOLÂNDIA,SP,07/2022,529,450,"85,07",446,4,"99,11",79,"14,93",8,71,"13,42"
354425,ROSANA,SP,07/2022,806,639,"79,28",529,110,"82,79",167,"20,72",44,123,"15,26"
354425,ROSANA,SP,09/2022,832,759,"91,23",661,98,"87,09",73,"8,77",26,47,"5,65"
354425,ROSANA,SP,11/2022,820,773,"94,27",690,83,"89,26",47,"5,73",8,39,"4,76"
354430,ROSEIRA,SP,11/2022,622,414,"66,56",403,11,"97,34",208,"33,44",77,131,"21,06"
354430,ROSEIRA,SP,07/2022,574,323,"56,27",313,10,"96,90",251,"43,73",112,139,"24,22"
354430,ROSEIRA,SP,09/2022,628,325,"51,75",311,14,"95,69",303,"48,25",164,139,"22,13"
354440,RUBIÁCEA,SP,07/2022,148,109,"73,65",102,7,"93,58",39,"26,35",5,34,"22,97"
354440,RUBIÁCEA,SP,09/2022,160,123,"76,88",118,5,"95,93",37,"23,13",4,33,"20,63"
354440,RUBIÁCEA,SP,11/2022,151,116,"76,82",100,16,"86,21",35,"23,18",4,31,"20,53"
354450,RUBINÉIA,SP,11/2022,104,88,"84,62",79,9,"89,77",16,"15,38",2,14,"13,46"
354450,RUBINÉIA,SP,09/2022,108,45,"41,67",43,2,"95,56",63,"58,33",47,16,"14,81"
354450,RUBINÉIA,SP,07/2022,106,80,"75,47",69,11,"86,25",26,"24,53",10,16,"15,09"
354460,SABINO,SP,07/2022,259,256,"98,84",255,1,"99,61",3,"1,16",0,3,"1,16"
354460,SABINO,SP,09/2022,253,250,"98,81",234,16,"93,60",3,"1,19",1,2,"0,79"
354460,SABINO,SP,11/2022,240,240,"100,00",229,11,"95,42",0,"0,00",0,0,"0,00"
354470,SAGRES,SP,11/2022,102,86,"84,31",81,5,"94,19",16,"15,69",3,13,"12,75"
354470,SAGRES,SP,09/2022,103,87,"84,47",85,2,"97,70",16,"15,53",2,14,"13,59"
354470,SAGRES,SP,07/2022,98,85,"86,73",84,1,"98,82",13,"13,27",0,13,"13,27"
354480,SALES,SP,07/2022,310,230,"74,19",228,2,"99,13",80,"25,81",7,73,"23,55"
354480,SALES,SP,09/2022,334,257,"76,95",248,9,"96,50",77,"23,05",4,73,"21,86"
354480,SALES,SP,11/2022,345,270,"78,26",270,0,"100,00",75,"21,74",0,75,"21,74"
354490,SALES OLIVEIRA,SP,11/2022,324,314,"96,91",297,17,"94,59",10,"3,09",3,7,"2,16"
354490,SALES OLIVEIRA,SP,09/2022,340,333,"97,94",333,0,"100,00",7,"2,06",3,4,"1,18"
354490,SALES OLIVEIRA,SP,07/2022,318,316,"99,37",309,7,"97,78",2,"0,63",1,1,"0,31"
354500,SALESÓPOLIS,SP,07/2022,889,711,"79,98",695,16,"97,75",178,"20,02",67,111,"12,49"
354500,SALESÓPOLIS,SP,09/2022,935,679,"72,62",644,35,"94,85",256,"27,38",145,111,"11,87"
354500,SALESÓPOLIS,SP,11/2022,932,874,"93,78",831,43,"95,08",58,"6,22",42,16,"1,72"
354510,SALMOURÃO,SP,11/2022,235,196,"83,40",186,10,"94,90",39,"16,60",3,36,"15,32"
354510,SALMOURÃO,SP,07/2022,224,182,"81,25",173,9,"95,05",42,"18,75",3,39,"17,41"
354510,SALMOURÃO,SP,09/2022,245,200,"81,63",186,14,"93,00",45,"18,37",3,42,"17,14"
354515,SALTINHO,SP,07/2022,123,120,"97,56",104,16,"86,67",3,"2,44",0,3,"2,44"
354515,SALTINHO,SP,09/2022,143,136,"95,10",125,11,"91,91",7,"4,90",5,2,"1,40"
354515,SALTINHO,SP,11/2022,141,138,"97,87",128,10,"92,75",3,"2,13",1,2,"1,42"
354520,SALTO,SP,11/2022,2952,2599,"88,04",2320,279,"89,27",353,"11,96",31,322,"10,91"
354520,SALTO,SP,09/2022,2973,2490,"83,75",2096,394,"84,18",483,"16,25",153,330,"11,10"
354520,SALTO,SP,07/2022,2751,2215,"80,52",1855,360,"83,75",536,"19,48",221,315,"11,45"
354530,SALTO DE PIRAPORA,SP,07/2022,1926,1408,"73,10",1405,3,"99,79",518,"26,90",107,411,"21,34"
354530,SALTO DE PIRAPORA,SP,09/2022,1940,1317,"67,89",1316,1,"99,92",623,"32,11",210,413,"21,29"
354530,SALTO DE PIRAPORA,SP,11/2022,1989,1574,"79,14",1569,5,"99,68",415,"20,86",7,408,"20,51"
354540,SALTO GRANDE,SP,11/2022,443,406,"91,65",374,32,"92,12",37,"8,35",5,32,"7,22"
354540,SALTO GRANDE,SP,07/2022,469,402,"85,71",402,0,"100,00",67,"14,29",15,52,"11,09"
354540,SALTO GRANDE,SP,09/2022,449,401,"89,31",369,32,"92,02",48,"10,69",21,27,"6,01"
354550,SANDOVALINA,SP,09/2022,212,186,"87,74",186,0,"100,00",26,"12,26",13,13,"6,13"
354550,SANDOVALINA,SP,07/2022,205,192,"93,66",192,0,"100,00",13,"6,34",2,11,"5,37"
354550,SANDOVALINA,SP,11/2022,219,204,"93,15",204,0,"100,00",15,"6,85",2,13,"5,94"
354560,SANTA ADÉLIA,SP,11/2022,481,435,"90,44",435,0,"100,00",46,"9,56",0,46,"9,56"
354560,SANTA ADÉLIA,SP,07/2022,415,396,"95,42",396,0,"100,00",19,"4,58",1,18,"4,34"
354560,SANTA ADÉLIA,SP,09/2022,471,423,"89,81",423,0,"100,00",48,"10,19",7,41,"8,70"
354570,SANTA ALBERTINA,SP,07/2022,154,125,"81,17",55,70,"44,00",29,"18,83",0,29,"18,83"
354570,SANTA ALBERTINA,SP,09/2022,150,113,"75,33",88,25,"77,88",37,"24,67",2,35,"23,33"
354570,SANTA ALBERTINA,SP,11/2022,132,107,"81,06",83,24,"77,57",25,"18,94",3,22,"16,67"
354580,SANTA BÁRBARA D´OESTE,SP,11/2022,3545,3438,"96,98",2907,531,"84,55",107,"3,02",6,101,"2,85"
354580,SANTA BÁRBARA D´OESTE,SP,09/2022,3545,3448,"97,26",2948,500,"85,50",97,"2,74",18,79,"2,23"
354580,SANTA BÁRBARA D´OESTE,SP,07/2022,3464,3368,"97,23",3323,45,"98,66",96,"2,77",6,90,"2,60"
354600,SANTA BRANCA,SP,09/2022,767,676,"88,14",669,7,"98,96",91,"11,86",9,82,"10,69"
354600,SANTA BRANCA,SP,07/2022,759,668,"88,01",665,3,"99,55",91,"11,99",2,89,"11,73"
354600,SANTA BRANCA,SP,11/2022,772,694,"89,90",684,10,"98,56",78,"10,10",2,76,"9,84"
354610,SANTA CLARA D´OESTE,SP,11/2022,100,93,"93,00",78,15,"83,87",7,"7,00",3,4,"4,00"
354610,SANTA CLARA D´OESTE,SP,09/2022,101,95,"94,06",80,15,"84,21",6,"5,94",3,3,"2,97"
354610,SANTA CLARA D´OESTE,SP,07/2022,87,80,"91,95",69,11,"86,25",7,"8,05",3,4,"4,60"
354620,SANTA CRUZ DA CONCEIÇÃO,SP,09/2022,145,135,"93,10",128,7,"94,81",10,"6,90",5,5,"3,45"
354620,SANTA CRUZ DA CONCEIÇÃO,SP,07/2022,131,122,"93,13",120,2,"98,36",9,"6,87",6,3,"2,29"
354620,SANTA CRUZ DA CONCEIÇÃO,SP,11/2022,122,32,"26,23",32,0,"100,00",90,"73,77",84,6,"4,92"
354625,SANTA CRUZ DA ESPERANÇA,SP,11/2022,67,52,"77,61",52,0,"100,00",15,"22,39",11,4,"5,97"
354625,SANTA CRUZ DA ESPERANÇA,SP,09/2022,69,54,"78,26",53,1,"98,15",15,"21,74",11,4,"5,80"
354625,SANTA CRUZ DA ESPERANÇA,SP,07/2022,62,47,"75,81",44,3,"93,62",15,"24,19",10,5,"8,06"
354630,SANTA CRUZ DAS PALMEIRAS,SP,09/2022,1004,602,"59,96",549,53,"91,20",402,"40,04",366,36,"3,59"
354630,SANTA CRUZ DAS PALMEIRAS,SP,07/2022,991,955,"96,37",951,4,"99,58",36,"3,63",8,28,"2,83"
354630,SANTA CRUZ DAS PALMEIRAS,SP,11/2022,1053,1011,"96,01",958,53,"94,76",42,"3,99",6,36,"3,42"
354640,SANTA CRUZ DO RIO PARDO,SP,11/2022,1574,1433,"91,04",1283,150,"89,53",141,"8,96",109,32,"2,03"
354640,SANTA CRUZ DO RIO PARDO,SP,07/2022,1418,1168,"82,37",1035,133,"88,61",250,"17,63",223,27,"1,90"
354640,SANTA CRUZ DO RIO PARDO,SP,09/2022,1529,1120,"73,25",1010,110,"90,18",409,"26,75",383,26,"1,70"
354650,SANTA ERNESTINA,SP,09/2022,284,272,"95,77",271,1,"99,63",12,"4,23",4,8,"2,82"
354650,SANTA ERNESTINA,SP,07/2022,271,259,"95,57",258,1,"99,61",12,"4,43",1,11,"4,06"
354650,SANTA ERNESTINA,SP,11/2022,273,262,"95,97",261,1,"99,62",11,"4,03",2,9,"3,30"
354660,SANTA FÉ DO SUL,SP,11/2022,894,727,"81,32",658,69,"90,51",167,"18,68",5,162,"18,12"
354660,SANTA FÉ DO SUL,SP,07/2022,866,706,"81,52",706,0,"100,00",160,"18,48",12,148,"17,09"
354660,SANTA FÉ DO SUL,SP,09/2022,909,688,"75,69",649,39,"94,33",221,"24,31",72,149,"16,39"
354670,SANTA GERTRUDES,SP,07/2022,445,413,"92,81",407,6,"98,55",32,"7,19",5,27,"6,07"
354670,SANTA GERTRUDES,SP,09/2022,458,432,"94,32",418,14,"96,76",26,"5,68",6,20,"4,37"
354670,SANTA GERTRUDES,SP,11/2022,458,439,"95,85",422,17,"96,13",19,"4,15",6,13,"2,84"
354680,SANTA ISABEL,SP,11/2022,2365,2342,"99,03",2108,234,"90,01",23,"0,97",15,8,"0,34"
354680,SANTA ISABEL,SP,09/2022,2396,2301,"96,04",2047,254,"88,96",95,"3,96",42,53,"2,21"
354680,SANTA ISABEL,SP,07/2022,2381,2078,"87,27",1931,147,"92,93",303,"12,73",256,47,"1,97"
354690,SANTA LÚCIA,SP,09/2022,200,196,"98,00",167,29,"85,20",4,"2,00",0,4,"2,00"
354690,SANTA LÚCIA,SP,07/2022,189,183,"96,83",178,5,"97,27",6,"3,17",1,5,"2,65"
354690,SANTA LÚCIA,SP,11/2022,199,195,"97,99",172,23,"88,21",4,"2,01",0,4,"2,01"
354700,SANTA MARIA DA SERRA,SP,11/2022,339,328,"96,76",307,21,"93,60",11,"3,24",4,7,"2,06"
354700,SANTA MARIA DA SERRA,SP,09/2022,328,311,"94,82",280,31,"90,03",17,"5,18",5,12,"3,66"
354700,SANTA MARIA DA SERRA,SP,07/2022,331,312,"94,26",301,11,"96,47",19,"5,74",5,14,"4,23"
354710,SANTA MERCEDES,SP,07/2022,129,93,"72,09",69,24,"74,19",36,"27,91",9,27,"20,93"
354710,SANTA MERCEDES,SP,09/2022,136,125,"91,91",110,15,"88,00",11,"8,09",4,7,"5,15"
354710,SANTA MERCEDES,SP,11/2022,131,120,"91,60",113,7,"94,17",11,"8,40",5,6,"4,58"
354720,SANTANA DA PONTE PENSA,SP,11/2022,69,69,"100,00",68,1,"98,55",0,"0,00",0,0,"0,00"
354720,SANTANA DA PONTE PENSA,SP,07/2022,58,57,"98,28",37,20,"64,91",1,"1,72",1,0,"0,00"
354720,SANTANA DA PONTE PENSA,SP,09/2022,64,63,"98,44",61,2,"96,83",1,"1,56",0,1,"1,56"
354730,SANTANA DE PARNAÍBA,SP,09/2022,5233,4870,"93,06",4661,209,"95,71",363,"6,94",293,70,"1,34"
354730,SANTANA DE PARNAÍBA,SP,07/2022,5174,5080,"98,18",5046,34,"99,33",94,"1,82",37,57,"1,10"
354730,SANTANA DE PARNAÍBA,SP,11/2022,5257,5179,"98,52",5041,138,"97,34",78,"1,48",40,38,"0,72"
354740,SANTA RITA D´OESTE,SP,11/2022,35,31,"88,57",27,4,"87,10",4,"11,43",0,4,"11,43"
354740,SANTA RITA D´OESTE,SP,07/2022,42,38,"90,48",38,0,"100,00",4,"9,52",0,4,"9,52"
354740,SANTA RITA D´OESTE,SP,09/2022,40,36,"90,00",32,4,"88,89",4,"10,00",0,4,"10,00"
354750,SANTA RITA DO PASSA QUATRO,SP,09/2022,791,617,"78,00",591,26,"95,79",174,"22,00",50,124,"15,68"
354750,SANTA RITA DO PASSA QUATRO,SP,07/2022,727,573,"78,82",552,21,"96,34",154,"21,18",37,117,"16,09"
354750,SANTA RITA DO PASSA QUATRO,SP,11/2022,768,715,"93,10",662,53,"92,59",53,"6,90",9,44,"5,73"
354760,SANTA ROSA DE VITERBO,SP,11/2022,737,713,"96,74",550,163,"77,14",24,"3,26",7,17,"2,31"
354760,SANTA ROSA DE VITERBO,SP,09/2022,733,702,"95,77",572,130,"81,48",31,"4,23",9,22,"3,00"
354760,SANTA ROSA DE VITERBO,SP,07/2022,704,669,"95,03",587,82,"87,74",35,"4,97",22,13,"1,85"
354765,SANTA SALETE,SP,07/2022,53,46,"86,79",43,3,"93,48",7,"13,21",1,6,"11,32"
354765,SANTA SALETE,SP,09/2022,62,56,"90,32",49,7,"87,50",6,"9,68",0,6,"9,68"
354765,SANTA SALETE,SP,11/2022,63,58,"92,06",52,6,"89,66",5,"7,94",0,5,"7,94"
354770,SANTO ANASTÁCIO,SP,11/2022,740,695,"93,92",647,48,"93,09",45,"6,08",4,41,"5,54"
354770,SANTO ANASTÁCIO,SP,07/2022,744,695,"93,41",623,72,"89,64",49,"6,59",7,42,"5,65"
354770,SANTO ANASTÁCIO,SP,09/2022,759,621,"81,82",573,48,"92,27",138,"18,18",97,41,"5,40"
354780,SANTO ANDRÉ,SP,09/2022,22850,16212,"70,95",14116,2096,"87,07",6638,"29,05",1842,4796,"20,99"
354780,SANTO ANDRÉ,SP,07/2022,22270,16976,"76,23",16877,99,"99,42",5294,"23,77",868,4426,"19,87"
354780,SANTO ANDRÉ,SP,11/2022,22506,19111,"84,92",17041,2070,"89,17",3395,"15,08",796,2599,"11,55"
354790,SANTO ANTÔNIO DA ALEGRIA,SP,11/2022,387,375,"96,90",375,0,"100,00",12,"3,10",2,10,"2,58"
354790,SANTO ANTÔNIO DA ALEGRIA,SP,09/2022,414,242,"58,45",241,1,"99,59",172,"41,55",84,88,"21,26"
354790,SANTO ANTÔNIO DA ALEGRIA,SP,07/2022,401,318,"79,30",318,0,"100,00",83,"20,70",1,82,"20,45"
354800,SANTO ANTÔNIO DE POSSE,SP,07/2022,962,826,"85,86",805,21,"97,46",136,"14,14",9,127,"13,20"
354800,SANTO ANTÔNIO DE POSSE,SP,09/2022,1020,973,"95,39",914,59,"93,94",47,"4,61",31,16,"1,57"
354800,SANTO ANTÔNIO DE POSSE,SP,11/2022,993,965,"97,18",942,23,"97,62",28,"2,82",4,24,"2,42"
354805,SANTO ANTÔNIO DO ARACANGUÁ,SP,11/2022,427,405,"94,85",385,20,"95,06",22,"5,15",1,21,"4,92"
354805,SANTO ANTÔNIO DO ARACANGUÁ,SP,09/2022,385,360,"93,51",336,24,"93,33",25,"6,49",6,19,"4,94"
354805,SANTO ANTÔNIO DO ARACANGUÁ,SP,07/2022,321,302,"94,08",265,37,"87,75",19,"5,92",3,16,"4,98"
354810,SANTO ANTÔNIO DO JARDIM,SP,09/2022,191,168,"87,96",140,28,"83,33",23,"12,04",1,22,"11,52"
354810,SANTO ANTÔNIO DO JARDIM,SP,07/2022,202,180,"89,11",149,31,"82,78",22,"10,89",0,22,"10,89"
354810,SANTO ANTÔNIO DO JARDIM,SP,11/2022,198,176,"88,89",148,28,"84,09",22,"11,11",2,20,"10,10"
354820,SANTO ANTÔNIO DO PINHAL,SP,11/2022,317,293,"92,43",290,3,"98,98",24,"7,57",4,20,"6,31"
354820,SANTO ANTÔNIO DO PINHAL,SP,07/2022,324,261,"80,56",229,32,"87,74",63,"19,44",35,28,"8,64"
354820,SANTO ANTÔNIO DO PINHAL,SP,09/2022,314,286,"91,08",257,29,"89,86",28,"8,92",11,17,"5,41"
354830,SANTO EXPEDITO,SP,09/2022,136,92,"67,65",87,5,"94,57",44,"32,35",25,19,"13,97"
354830,SANTO EXPEDITO,SP,07/2022,130,57,"43,85",52,5,"91,23",73,"56,15",55,18,"13,85"
354830,SANTO EXPEDITO,SP,11/2022,127,109,"85,83",106,3,"97,25",18,"14,17",4,14,"11,02"
354840,SANTÓPOLIS DO AGUAPEÍ,SP,11/2022,218,184,"84,40",184,0,"100,00",34,"15,60",18,16,"7,34"
354840,SANTÓPOLIS DO AGUAPEÍ,SP,09/2022,213,179,"84,04",179,0,"100,00",34,"15,96",20,14,"6,57"
354840,SANTÓPOLIS DO AGUAPEÍ,SP,07/2022,206,169,"82,04",169,0,"100,00",37,"17,96",20,17,"8,25"
354850,SANTOS,SP,09/2022,8885,8414,"94,70",7141,1273,"84,87",471,"5,30",184,287,"3,23"
354850,SANTOS,SP,07/2022,8766,8352,"95,28",7573,779,"90,67",414,"4,72",90,324,"3,70"
354850,SANTOS,SP,11/2022,8845,8497,"96,07",7850,647,"92,39",348,"3,93",48,300,"3,39"
354860,SÃO BENTO DO SAPUCAÍ,SP,11/2022,386,338,"87,56",338,0,"100,00",48,"12,44",38,10,"2,59"
354860,SÃO BENTO DO SAPUCAÍ,SP,07/2022,394,325,"82,49",325,0,"100,00",69,"17,51",37,32,"8,12"
354860,SÃO BENTO DO SAPUCAÍ,SP,09/2022,387,340,"87,86",340,0,"100,00",47,"12,14",43,4,"1,03"
354870,SÃO BERNARDO DO CAMPO,SP,07/2022,24810,15626,"62,98",13142,2484,"84,10",9184,"37,02",4048,5136,"20,70"
354870,SÃO BERNARDO DO CAMPO,SP,09/2022,26196,16575,"63,27",14539,2036,"87,72",9621,"36,73",4870,4751,"18,14"
354870,SÃO BERNARDO DO CAMPO,SP,11/2022,25847,18303,"70,81",16497,1806,"90,13",7544,"29,19",3043,4501,"17,41"
354880,SÃO CAETANO DO SUL,SP,11/2022,1696,1618,"95,40",1544,74,"95,43",78,"4,60",17,61,"3,60"
354880,SÃO CAETANO DO SUL,SP,07/2022,1460,1370,"93,84",1264,106,"92,26",90,"6,16",49,41,"2,81"
354880,SÃO CAETANO DO SUL,SP,09/2022,1474,1374,"93,22",1281,93,"93,23",100,"6,78",49,51,"3,46"
354890,SÃO CARLOS,SP,09/2022,6986,2705,"38,72",2682,23,"99,15",4281,"61,28",2622,1659,"23,75"
354890,SÃO CARLOS,SP,07/2022,6469,2423,"37,46",2413,10,"99,59",4046,"62,54",2474,1572,"24,30"
354890,SÃO CARLOS,SP,11/2022,7107,3327,"46,81",3307,20,"99,40",3780,"53,19",1931,1849,"26,02"
354900,SÃO FRANCISCO,SP,11/2022,98,91,"92,86",91,0,"100,00",7,"7,14",0,7,"7,14"
354900,SÃO FRANCISCO,SP,09/2022,87,78,"89,66",78,0,"100,00",9,"10,34",1,8,"9,20"
354900,SÃO FRANCISCO,SP,07/2022,85,76,"89,41",76,0,"100,00",9,"10,59",0,9,"10,59"
354910,SÃO JOÃO DA BOA VISTA,SP,09/2022,1525,1136,"74,49",1023,113,"90,05",389,"25,51",2,387,"25,38"
354910,SÃO JOÃO DA BOA VISTA,SP,07/2022,1529,1122,"73,38",1044,78,"93,05",407,"26,62",5,402,"26,29"
354910,SÃO JOÃO DA BOA VISTA,SP,11/2022,1534,1177,"76,73",941,236,"79,95",357,"23,27",1,356,"23,21"
354920,SÃO JOÃO DAS DUAS PONTES,SP,11/2022,77,76,"98,70",71,5,"93,42",1,"1,30",1,0,"0,00"
354920,SÃO JOÃO DAS DUAS PONTES,SP,09/2022,84,82,"97,62",81,1,"98,78",2,"2,38",2,0,"0,00"
354920,SÃO JOÃO DAS DUAS PONTES,SP,07/2022,87,81,"93,10",79,2,"97,53",6,"6,90",3,3,"3,45"
354925,SÃO JOÃO DE IRACEMA,SP,07/2022,53,38,"71,70",30,8,"78,95",15,"28,30",9,6,"11,32"
354925,SÃO JOÃO DE IRACEMA,SP,09/2022,52,41,"78,85",39,2,"95,12",11,"21,15",8,3,"5,77"
354925,SÃO JOÃO DE IRACEMA,SP,11/2022,48,37,"77,08",37,0,"100,00",11,"22,92",8,3,"6,25"
354930,SÃO JOÃO DO PAU D´ALHO,SP,11/2022,86,41,"47,67",32,9,"78,05",45,"52,33",36,9,"10,47"
354930,SÃO JOÃO DO PAU D´ALHO,SP,07/2022,85,27,"31,76",26,1,"96,30",58,"68,24",50,8,"9,41"
354930,SÃO JOÃO DO PAU D´ALHO,SP,09/2022,86,70,"81,40",67,3,"95,71",16,"18,60",6,10,"11,63"
354940,SÃO JOAQUIM DA BARRA,SP,07/2022,1146,1115,"97,29",1005,110,"90,13",31,"2,71",4,27,"2,36"
354940,SÃO JOAQUIM DA BARRA,SP,09/2022,1176,1130,"96,09",1081,49,"95,66",46,"3,91",4,42,"3,57"
354940,SÃO JOAQUIM DA BARRA,SP,11/2022,1173,1110,"94,63",1038,72,"93,51",63,"5,37",11,52,"4,43"
354950,SÃO JOSÉ DA BELA VISTA,SP,11/2022,651,451,"69,28",451,0,"100,00",200,"30,72",1,199,"30,57"
354950,SÃO JOSÉ DA BELA VISTA,SP,07/2022,634,417,"65,77",417,0,"100,00",217,"34,23",0,217,"34,23"
354950,SÃO JOSÉ DA BELA VISTA,SP,09/2022,681,467,"68,58",467,0,"100,00",214,"31,42",3,211,"30,98"
354960,SÃO JOSÉ DO BARREIRO,SP,09/2022,306,288,"94,12",283,5,"98,26",18,"5,88",2,16,"5,23"
354960,SÃO JOSÉ DO BARREIRO,SP,07/2022,312,291,"93,27",290,1,"99,66",21,"6,73",7,14,"4,49"
354960,SÃO JOSÉ DO BARREIRO,SP,11/2022,294,280,"95,24",276,4,"98,57",14,"4,76",0,14,"4,76"
354970,SÃO JOSÉ DO RIO PARDO,SP,11/2022,2114,1690,"79,94",1560,130,"92,31",424,"20,06",91,333,"15,75"
354970,SÃO JOSÉ DO RIO PARDO,SP,09/2022,2186,1715,"78,45",1582,133,"92,24",471,"21,55",110,361,"16,51"
354970,SÃO JOSÉ DO RIO PARDO,SP,07/2022,2146,55,"2,56",52,3,"94,55",2091,"97,44",1824,267,"12,44"
354980,SÃO JOSÉ DO RIO PRETO,SP,07/2022,11300,5044,"44,64",4545,499,"90,11",6256,"55,36",4101,2155,"19,07"
354980,SÃO JOSÉ DO RIO PRETO,SP,09/2022,12221,5860,"47,95",5218,642,"89,04",6361,"52,05",4113,2248,"18,39"
354980,SÃO JOSÉ DO RIO PRETO,SP,11/2022,12327,7953,"64,52",7317,636,"92,00",4374,"35,48",2277,2097,"17,01"
354990,SÃO JOSÉ DOS CAMPOS,SP,11/2022,25969,25193,"97,01",23687,1506,"94,02",776,"2,99",128,648,"2,50"
354990,SÃO JOSÉ DOS CAMPOS,SP,09/2022,25679,24852,"96,78",22393,2459,"90,11",827,"3,22",183,644,"2,51"
354990,SÃO JOSÉ DOS CAMPOS,SP,07/2022,23386,22435,"95,93",21721,714,"96,82",951,"4,07",180,771,"3,30"
354995,SÃO LOURENÇO DA SERRA,SP,07/2022,1014,769,"75,84",768,1,"99,87",245,"24,16",115,130,"12,82"
354995,SÃO LOURENÇO DA SERRA,SP,09/2022,1049,10,"0,95",8,2,"80,00",1039,"99,05",902,137,"13,06"
354995,SÃO LOURENÇO DA SERRA,SP,11/2022,1168,1022,"87,50",1021,1,"99,90",146,"12,50",36,110,"9,42"
355000,SÃO LUÍS DO PARAITINGA,SP,11/2022,451,435,"96,45",413,22,"94,94",16,"3,55",2,14,"3,10"
355000,SÃO LUÍS DO PARAITINGA,SP,09/2022,449,370,"82,41",308,62,"83,24",79,"17,59",66,13,"2,90"
355000,SÃO LUÍS DO PARAITINGA,SP,07/2022,453,437,"96,47",382,55,"87,41",16,"3,53",5,11,"2,43"
355010,SÃO MANUEL,SP,07/2022,1269,1119,"88,18",1008,111,"90,08",150,"11,82",11,139,"10,95"
355010,SÃO MANUEL,SP,09/2022,1282,964,"75,20",848,116,"87,97",318,"24,80",170,148,"11,54"
355010,SÃO MANUEL,SP,11/2022,1291,1140,"88,30",1134,6,"99,47",151,"11,70",13,138,"10,69"
355020,SÃO MIGUEL ARCANJO,SP,11/2022,1535,1353,"88,14",1119,234,"82,71",182,"11,86",4,178,"11,60"
355020,SÃO MIGUEL ARCANJO,SP,07/2022,1577,1375,"87,19",1266,109,"92,07",202,"12,81",4,198,"12,56"
355020,SÃO MIGUEL ARCANJO,SP,09/2022,1540,973,"63,18",841,132,"86,43",567,"36,82",356,211,"13,70"
355030,SÃO PAULO,SP,07/2022,439710,396256,"90,12",360660,35596,"91,02",43454,"9,88",5176,38278,"8,71"
355030,SÃO PAULO,SP,09/2022,448994,411464,"91,64",358174,53290,"87,05",37530,"8,36",13331,24199,"5,39"
355030,SÃO PAULO,SP,11/2022,439178,388698,"88,51",338150,50548,"87,00",50480,"11,49",24584,25896,"5,90"
355040,SÃO PEDRO,SP,11/2022,1466,1386,"94,54",1301,85,"93,87",80,"5,46",10,70,"4,77"
355040,SÃO PEDRO,SP,09/2022,1462,1383,"94,60",1291,92,"93,35",79,"5,40",19,60,"4,10"
355040,SÃO PEDRO,SP,07/2022,1412,1347,"95,40",1245,102,"92,43",65,"4,60",32,33,"2,34"
355050,SÃO PEDRO DO TURVO,SP,07/2022,327,324,"99,08",318,6,"98,15",3,"0,92",2,1,"0,31"
355050,SÃO PEDRO DO TURVO,SP,09/2022,347,342,"98,56",318,24,"92,98",5,"1,44",4,1,"0,29"
355050,SÃO PEDRO DO TURVO,SP,11/2022,351,349,"99,43",323,26,"92,55",2,"0,57",2,0,"0,00"
355060,SÃO ROQUE,SP,11/2022,2598,2449,"94,26",2395,54,"97,80",149,"5,74",15,134,"5,16"
355060,SÃO ROQUE,SP,07/2022,2436,2113,"86,74",1979,134,"93,66",323,"13,26",192,131,"5,38"
355060,SÃO ROQUE,SP,09/2022,2526,2139,"84,68",1871,268,"87,47",387,"15,32",258,129,"5,11"
355070,SÃO SEBASTIÃO,SP,09/2022,4095,3045,"74,36",2727,318,"89,56",1050,"25,64",797,253,"6,18"
355070,SÃO SEBASTIÃO,SP,07/2022,3609,730,"20,23",719,11,"98,49",2879,"79,77",2648,231,"6,40"
355070,SÃO SEBASTIÃO,SP,11/2022,4023,2833,"70,42",2628,205,"92,76",1190,"29,58",907,283,"7,03"
355080,SÃO SEBASTIÃO DA GRAMA,SP,11/2022,246,220,"89,43",181,39,"82,27",26,"10,57",5,21,"8,54"
355080,SÃO SEBASTIÃO DA GRAMA,SP,07/2022,245,219,"89,39",217,2,"99,09",26,"10,61",6,20,"8,16"
355080,SÃO SEBASTIÃO DA GRAMA,SP,09/2022,251,221,"88,05",173,48,"78,28",30,"11,95",7,23,"9,16"
355090,SÃO SIMÃO,SP,09/2022,581,558,"96,04",513,45,"91,94",23,"3,96",10,13,"2,24"
355090,SÃO SIMÃO,SP,07/2022,533,515,"96,62",489,26,"94,95",18,"3,38",4,14,"2,63"
355090,SÃO SIMÃO,SP,11/2022,579,556,"96,03",457,99,"82,19",23,"3,97",6,17,"2,94"
355100,SÃO VICENTE,SP,11/2022,13018,9674,"74,31",8949,725,"92,51",3344,"25,69",494,2850,"21,89"
355100,SÃO VICENTE,SP,09/2022,12613,8923,"70,74",7991,932,"89,56",3690,"29,26",444,3246,"25,74"
355100,SÃO VICENTE,SP,07/2022,12042,8338,"69,24",7757,581,"93,03",3704,"30,76",471,3233,"26,85"
355110,SARAPUÍ,SP,07/2022,293,123,"41,98",120,3,"97,56",170,"58,02",119,51,"17,41"
355110,SARAPUÍ,SP,09/2022,283,126,"44,52",123,3,"97,62",157,"55,48",109,48,"16,96"
355110,SARAPUÍ,SP,11/2022,289,242,"83,74",241,1,"99,59",47,"16,26",7,40,"13,84"
355120,SARUTAIÁ,SP,11/2022,236,223,"94,49",223,0,"100,00",13,"5,51",7,6,"2,54"
355120,SARUTAIÁ,SP,07/2022,231,228,"98,70",228,0,"100,00",3,"1,30",2,1,"0,43"
355120,SARUTAIÁ,SP,09/2022,234,229,"97,86",228,1,"99,56",5,"2,14",2,3,"1,28"
355130,SEBASTIANÓPOLIS DO SUL,SP,09/2022,160,140,"87,50",135,5,"96,43",20,"12,50",3,17,"10,63"
355130,SEBASTIANÓPOLIS DO SUL,SP,07/2022,148,133,"89,86",133,0,"100,00",15,"10,14",1,14,"9,46"
355130,SEBASTIANÓPOLIS DO SUL,SP,11/2022,158,140,"88,61",131,9,"93,57",18,"11,39",3,15,"9,49"
355140,SERRA AZUL,SP,11/2022,843,825,"97,86",825,0,"100,00",18,"2,14",2,16,"1,90"
355140,SERRA AZUL,SP,07/2022,766,746,"97,39",736,10,"98,66",20,"2,61",2,18,"2,35"
355140,SERRA AZUL,SP,09/2022,837,803,"95,94",756,47,"94,15",34,"4,06",18,16,"1,91"
355150,SERRANA,SP,07/2022,1908,1610,"84,38",1587,23,"98,57",298,"15,62",26,272,"14,26"
355150,SERRANA,SP,09/2022,2143,1814,"84,65",1662,152,"91,62",329,"15,35",23,306,"14,28"
355150,SERRANA,SP,11/2022,2166,1834,"84,67",1697,137,"92,53",332,"15,33",4,328,"15,14"
355160,SERRA NEGRA,SP,11/2022,729,706,"96,84",701,5,"99,29",23,"3,16",7,16,"2,19"
355160,SERRA NEGRA,SP,09/2022,743,710,"95,56",709,1,"99,86",33,"4,44",20,13,"1,75"
355160,SERRA NEGRA,SP,07/2022,739,672,"90,93",672,0,"100,00",67,"9,07",12,55,"7,44"
355170,SERTÃOZINHO,SP,09/2022,4905,3900,"79,51",3514,386,"90,10",1005,"20,49",54,951,"19,39"
355170,SERTÃOZINHO,SP,07/2022,4457,3453,"77,47",2983,470,"86,39",1004,"22,53",92,912,"20,46"
355170,SERTÃOZINHO,SP,11/2022,4858,3949,"81,29",3611,338,"91,44",909,"18,71",18,891,"18,34"
355180,SETE BARRAS,SP,11/2022,1106,965,"87,25",926,39,"95,96",141,"12,75",6,135,"12,21"
355180,SETE BARRAS,SP,09/2022,1103,953,"86,40",913,40,"95,80",150,"13,60",4,146,"13,24"
355180,SETE BARRAS,SP,07/2022,1110,923,"83,15",899,24,"97,40",187,"16,85",47,140,"12,61"
355190,SEVERÍNIA,SP,07/2022,694,657,"94,67",657,0,"100,00",37,"5,33",5,32,"4,61"
355190,SEVERÍNIA,SP,09/2022,786,738,"93,89",722,16,"97,83",48,"6,11",15,33,"4,20"
355190,SEVERÍNIA,SP,11/2022,756,721,"95,37",715,6,"99,17",35,"4,63",3,32,"4,23"
355200,SILVEIRAS,SP,11/2022,380,370,"97,37",367,3,"99,19",10,"2,63",0,10,"2,63"
355200,SILVEIRAS,SP,09/2022,401,385,"96,01",378,7,"98,18",16,"3,99",6,10,"2,49"
355200,SILVEIRAS,SP,07/2022,398,390,"97,99",318,72,"81,54",8,"2,01",3,5,"1,26"
355210,SOCORRO,SP,09/2022,1175,1015,"86,38",943,72,"92,91",160,"13,62",115,45,"3,83"
355210,SOCORRO,SP,07/2022,1203,1094,"90,94",1030,64,"94,15",109,"9,06",28,81,"6,73"
355210,SOCORRO,SP,11/2022,1161,1064,"91,65",996,68,"93,61",97,"8,35",43,54,"4,65"
355220,SOROCABA,SP,11/2022,20230,19391,"95,85",17700,1691,"91,28",839,"4,15",116,723,"3,57"
355220,SOROCABA,SP,07/2022,18887,16536,"87,55",14328,2208,"86,65",2351,"12,45",83,2268,"12,01"
355220,SOROCABA,SP,09/2022,20298,17839,"87,89",15671,2168,"87,85",2459,"12,11",111,2348,"11,57"
355230,SUD MENNUCCI,SP,09/2022,250,192,"76,80",185,7,"96,35",58,"23,20",4,54,"21,60"
355230,SUD MENNUCCI,SP,07/2022,214,93,"43,46",88,5,"94,62",121,"56,54",70,51,"23,83"
355230,SUD MENNUCCI,SP,11/2022,241,193,"80,08",180,13,"93,26",48,"19,92",1,47,"19,50"
355240,SUMARÉ,SP,11/2022,9499,7489,"78,84",7221,268,"96,42",2010,"21,16",197,1813,"19,09"
355240,SUMARÉ,SP,09/2022,9454,5792,"61,27",5583,209,"96,39",3662,"38,73",1760,1902,"20,12"
355240,SUMARÉ,SP,07/2022,8879,5334,"60,07",5279,55,"98,97",3545,"39,93",1701,1844,"20,77"
355250,SUZANO,SP,09/2022,16040,13857,"86,39",12622,1235,"91,09",2183,"13,61",1172,1011,"6,30"
355250,SUZANO,SP,07/2022,14958,12028,"80,41",11480,548,"95,44",2930,"19,59",1899,1031,"6,89"
355250,SUZANO,SP,11/2022,16071,15065,"93,74",13925,1140,"92,43",1006,"6,26",120,886,"5,51"
355255,SUZANÁPOLIS,SP,11/2022,116,101,"87,07",97,4,"96,04",15,"12,93",0,15,"12,93"
355255,SUZANÁPOLIS,SP,07/2022,116,54,"46,55",54,0,"100,00",62,"53,45",44,18,"15,52"
355255,SUZANÁPOLIS,SP,09/2022,123,103,"83,74",94,9,"91,26",20,"16,26",3,17,"13,82"
355260,TABAPUÃ,SP,09/2022,558,539,"96,59",533,6,"98,89",19,"3,41",10,9,"1,61"
355260,TABAPUÃ,SP,07/2022,519,495,"95,38",495,0,"100,00",24,"4,62",3,21,"4,05"
355260,TABAPUÃ,SP,11/2022,543,520,"95,76",509,11,"97,88",23,"4,24",2,21,"3,87"
355270,TABATINGA,SP,11/2022,553,552,"99,82",513,39,"92,93",1,"0,18",0,1,"0,18"
355270,TABATINGA,SP,09/2022,560,547,"97,68",519,28,"94,88",13,"2,32",12,1,"0,18"
355270,TABATINGA,SP,07/2022,533,515,"96,62",472,43,"91,65",18,"3,38",12,6,"1,13"
355280,TABOÃO DA SERRA,SP,09/2022,11064,6457,"58,36",5671,786,"87,83",4607,"41,64",2244,2363,"21,36"
355280,TABOÃO DA SERRA,SP,07/2022,10193,5268,"51,68",4719,549,"89,58",4925,"48,32",2655,2270,"22,27"
355280,TABOÃO DA SERRA,SP,11/2022,11153,7156,"64,16",6561,595,"91,69",3997,"35,84",1707,2290,"20,53"
355290,TACIBA,SP,11/2022,352,285,"80,97",269,16,"94,39",67,"19,03",27,40,"11,36"
355290,TACIBA,SP,07/2022,331,128,"38,67",123,5,"96,09",203,"61,33",171,32,"9,67"
355290,TACIBA,SP,09/2022,346,146,"42,20",130,16,"89,04",200,"57,80",157,43,"12,43"
355300,TAGUAÍ,SP,09/2022,551,537,"97,46",462,75,"86,03",14,"2,54",1,13,"2,36"
355300,TAGUAÍ,SP,07/2022,504,492,"97,62",416,76,"84,55",12,"2,38",2,10,"1,98"
355300,TAGUAÍ,SP,11/2022,556,528,"94,96",485,43,"91,86",28,"5,04",3,25,"4,50"
355310,TAIAÇU,SP,11/2022,318,307,"96,54",258,49,"84,04",11,"3,46",2,9,"2,83"
355310,TAIAÇU,SP,07/2022,336,192,"57,14",159,33,"82,81",144,"42,86",52,92,"27,38"
355310,TAIAÇU,SP,09/2022,328,264,"80,49",224,40,"84,85",64,"19,51",27,37,"11,28"
355320,TAIÚVA,SP,07/2022,144,107,"74,31",90,17,"84,11",37,"25,69",4,33,"22,92"
355320,TAIÚVA,SP,09/2022,156,120,"76,92",116,4,"96,67",36,"23,08",1,35,"22,44"
355320,TAIÚVA,SP,11/2022,154,121,"78,57",109,12,"90,08",33,"21,43",0,33,"21,43"
355330,TAMBAÚ,SP,11/2022,1184,994,"83,95",994,0,"100,00",190,"16,05",4,186,"15,71"
355330,TAMBAÚ,SP,09/2022,1189,971,"81,67",971,0,"100,00",218,"18,33",31,187,"15,73"
355330,TAMBAÚ,SP,07/2022,1119,913,"81,59",913,0,"100,00",206,"18,41",16,190,"16,98"
355340,TANABI,SP,09/2022,1398,1329,"95,06",1226,103,"92,25",69,"4,94",16,53,"3,79"
355340,TANABI,SP,07/2022,1338,1242,"92,83",1178,64,"94,85",96,"7,17",22,74,"5,53"
355340,TANABI,SP,11/2022,1347,1281,"95,10",1231,50,"96,10",66,"4,90",9,57,"4,23"
355350,TAPIRAÍ,SP,11/2022,511,486,"95,11",466,20,"95,88",25,"4,89",3,22,"4,31"
355350,TAPIRAÍ,SP,07/2022,494,464,"93,93",444,20,"95,69",30,"6,07",7,23,"4,66"
355350,TAPIRAÍ,SP,09/2022,495,471,"95,15",431,40,"91,51",24,"4,85",5,19,"3,84"
355360,TAPIRATIBA,SP,07/2022,524,482,"91,98",482,0,"100,00",42,"8,02",1,41,"7,82"
355360,TAPIRATIBA,SP,09/2022,559,507,"90,70",507,0,"100,00",52,"9,30",9,43,"7,69"
355360,TAPIRATIBA,SP,11/2022,519,0,"0,00",0,0,,519,"100,00",482,37,"7,13"
355365,TAQUARAL,SP,11/2022,68,52,"76,47",51,1,"98,08",16,"23,53",0,16,"23,53"
355365,TAQUARAL,SP,09/2022,65,48,"73,85",46,2,"95,83",17,"26,15",0,17,"26,15"
355365,TAQUARAL,SP,07/2022,65,48,"73,85",44,4,"91,67",17,"26,15",1,16,"24,62"
355370,TAQUARITINGA,SP,07/2022,2405,2325,"96,67",2316,9,"99,61",80,"3,33",22,58,"2,41"
355370,TAQUARITINGA,SP,09/2022,2485,2409,"96,94",2401,8,"99,67",76,"3,06",9,67,"2,70"
355370,TAQUARITINGA,SP,11/2022,2477,2401,"96,93",2292,109,"95,46",76,"3,07",2,74,"2,99"
355380,TAQUARITUBA,SP,11/2022,879,777,"88,40",742,35,"95,50",102,"11,60",19,83,"9,44"
355380,TAQUARITUBA,SP,07/2022,853,767,"89,92",767,0,"100,00",86,"10,08",1,85,"9,96"
355380,TAQUARITUBA,SP,09/2022,883,793,"89,81",790,3,"99,62",90,"10,19",6,84,"9,51"
355385,TAQUARIVAÍ,SP,07/2022,366,356,"97,27",354,2,"99,44",10,"2,73",3,7,"1,91"
355385,TAQUARIVAÍ,SP,09/2022,389,377,"96,92",342,35,"90,72",12,"3,08",4,8,"2,06"
355385,TAQUARIVAÍ,SP,11/2022,407,398,"97,79",357,41,"89,70",9,"2,21",1,8,"1,97"
355390,TARABAI,SP,11/2022,259,253,"97,68",247,6,"97,63",6,"2,32",6,0,"0,00"
355390,TARABAI,SP,09/2022,254,247,"97,24",239,8,"96,76",7,"2,76",6,1,"0,39"
355390,TARABAI,SP,07/2022,263,212,"80,61",208,4,"98,11",51,"19,39",24,27,"10,27"
355395,TARUMÃ,SP,07/2022,581,558,"96,04",543,15,"97,31",23,"3,96",7,16,"2,75"
355395,TARUMÃ,SP,09/2022,606,565,"93,23",529,36,"93,63",41,"6,77",24,17,"2,81"
355395,TARUMÃ,SP,11/2022,587,549,"93,53",507,42,"92,35",38,"6,47",21,17,"2,90"
355400,TATUÍ,SP,11/2022,4091,3185,"77,85",2846,339,"89,36",906,"22,15",158,748,"18,28"
355400,TATUÍ,SP,07/2022,4206,3216,"76,46",3049,167,"94,81",990,"23,54",26,964,"22,92"
355400,TATUÍ,SP,09/2022,4272,3304,"77,34",2810,494,"85,05",968,"22,66",13,955,"22,35"
355410,TAUBATÉ,SP,09/2022,8184,6190,"75,64",5165,1025,"83,44",1994,"24,36",732,1262,"15,42"
355410,TAUBATÉ,SP,07/2022,8059,6776,"84,08",6390,386,"94,30",1283,"15,92",73,1210,"15,01"
355410,TAUBATÉ,SP,11/2022,8409,7172,"85,29",6454,718,"89,99",1237,"14,71",35,1202,"14,29"
355420,TEJUPÁ,SP,11/2022,278,252,"90,65",233,19,"92,46",26,"9,35",6,20,"7,19"
355420,TEJUPÁ,SP,07/2022,279,256,"91,76",240,16,"93,75",23,"8,24",1,22,"7,89"
355420,TEJUPÁ,SP,09/2022,279,252,"90,32",228,24,"90,48",27,"9,68",5,22,"7,89"
355430,TEODORO SAMPAIO,SP,09/2022,1215,1167,"96,05",1061,106,"90,92",48,"3,95",26,22,"1,81"
355430,TEODORO SAMPAIO,SP,07/2022,1241,1026,"82,68",952,74,"92,79",215,"17,32",18,197,"15,87"
355430,TEODORO SAMPAIO,SP,11/2022,1173,1114,"94,97",1032,82,"92,64",59,"5,03",8,51,"4,35"
355440,TERRA ROXA,SP,11/2022,183,175,"95,63",170,5,"97,14",8,"4,37",0,8,"4,37"
355440,TERRA ROXA,SP,09/2022,192,181,"94,27",165,16,"91,16",11,"5,73",2,9,"4,69"
355440,TERRA ROXA,SP,07/2022,184,167,"90,76",149,18,"89,22",17,"9,24",1,16,"8,70"
355450,TIETÊ,SP,07/2022,1006,629,"62,52",621,8,"98,73",377,"37,48",212,165,"16,40"
355450,TIETÊ,SP,09/2022,1058,185,"17,49",184,1,"99,46",873,"82,51",703,170,"16,07"
355450,TIETÊ,SP,11/2022,1123,908,"80,85",886,22,"97,58",215,"19,15",44,171,"15,23"
355460,TIMBURI,SP,11/2022,135,135,"100,00",118,17,"87,41",0,"0,00",0,0,"0,00"
355460,TIMBURI,SP,09/2022,130,127,"97,69",120,7,"94,49",3,"2,31",1,2,"1,54"
355460,TIMBURI,SP,07/2022,126,123,"97,62",106,17,"86,18",3,"2,38",0,3,"2,38"
355465,TORRE DE PEDRA,SP,07/2022,169,137,"81,07",137,0,"100,00",32,"18,93",0,32,"18,93"
355465,TORRE DE PEDRA,SP,09/2022,183,148,"80,87",132,16,"89,19",35,"19,13",0,35,"19,13"
355465,TORRE DE PEDRA,SP,11/2022,179,146,"81,56",135,11,"92,47",33,"18,44",0,33,"18,44"
355470,TORRINHA,SP,11/2022,351,303,"86,32",277,26,"91,42",48,"13,68",36,12,"3,42"
355470,TORRINHA,SP,07/2022,320,255,"79,69",244,11,"95,69",65,"20,31",26,39,"12,19"
355470,TORRINHA,SP,09/2022,339,285,"84,07",243,42,"85,26",54,"15,93",3,51,"15,04"
355475,TRABIJU,SP,07/2022,123,113,"91,87",113,0,"100,00",10,"8,13",5,5,"4,07"
355475,TRABIJU,SP,09/2022,123,118,"95,93",118,0,"100,00",5,"4,07",1,4,"3,25"
355475,TRABIJU,SP,11/2022,113,107,"94,69",107,0,"100,00",6,"5,31",3,3,"2,65"
355480,TREMEMBÉ,SP,11/2022,1928,1840,"95,44",1726,114,"93,80",88,"4,56",18,70,"3,63"
355480,TREMEMBÉ,SP,09/2022,1915,1512,"78,96",1337,175,"88,43",403,"21,04",332,71,"3,71"
355480,TREMEMBÉ,SP,07/2022,1907,1665,"87,31",1445,220,"86,79",242,"12,69",39,203,"10,64"
355490,TRÊS FRONTEIRAS,SP,07/2022,217,189,"87,10",189,0,"100,00",28,"12,90",1,27,"12,44"
355490,TRÊS FRONTEIRAS,SP,09/2022,231,193,"83,55",193,0,"100,00",38,"16,45",5,33,"14,29"
355490,TRÊS FRONTEIRAS,SP,11/2022,213,179,"84,04",179,0,"100,00",34,"15,96",1,33,"15,49"
355495,TUIUTI,SP,11/2022,282,274,"97,16",245,29,"89,42",8,"2,84",0,8,"2,84"
355495,TUIUTI,SP,07/2022,260,242,"93,08",195,47,"80,58",18,"6,92",11,7,"2,69"
355495,TUIUTI,SP,09/2022,280,262,"93,57",209,53,"79,77",18,"6,43",11,7,"2,50"
355500,TUPÃ,SP,07/2022,1881,1724,"91,65",1587,137,"92,05",157,"8,35",26,131,"6,96"
355500,TUPÃ,SP,09/2022,1902,1834,"96,42",1661,173,"90,57",68,"3,58",17,51,"2,68"
355500,TUPÃ,SP,11/2022,1914,1862,"97,28",1691,171,"90,82",52,"2,72",7,45,"2,35"
355510,TUPI PAULISTA,SP,11/2022,374,355,"94,92",355,0,"100,00",19,"5,08",0,19,"5,08"
355510,TUPI PAULISTA,SP,09/2022,380,354,"93,16",354,0,"100,00",26,"6,84",4,22,"5,79"
355510,TUPI PAULISTA,SP,07/2022,356,334,"93,82",332,2,"99,40",22,"6,18",1,21,"5,90"
355520,TURIÚBA,SP,09/2022,72,58,"80,56",48,10,"82,76",14,"19,44",2,12,"16,67"
355520,TURIÚBA,SP,07/2022,75,61,"81,33",40,21,"65,57",14,"18,67",4,10,"13,33"
355520,TURIÚBA,SP,11/2022,72,58,"80,56",56,2,"96,55",14,"19,44",3,11,"15,28"
355530,TURMALINA,SP,11/2022,52,38,"73,08",38,0,"100,00",14,"26,92",10,4,"7,69"
355530,TURMALINA,SP,07/2022,48,0,"0,00",0,0,,48,"100,00",42,6,"12,50"
355530,TURMALINA,SP,09/2022,56,37,"66,07",37,0,"100,00",19,"33,93",13,6,"10,71"
355535,UBARANA,SP,09/2022,234,220,"94,02",199,21,"90,45",14,"5,98",4,10,"4,27"
355535,UBARANA,SP,07/2022,220,204,"92,73",187,17,"91,67",16,"7,27",9,7,"3,18"
355535,UBARANA,SP,11/2022,228,208,"91,23",179,29,"86,06",20,"8,77",2,18,"7,89"
355540,UBATUBA,SP,11/2022,5466,3433,"62,81",3121,312,"90,91",2033,"37,19",23,2010,"36,77"
355540,UBATUBA,SP,07/2022,4899,2610,"53,28",2352,258,"90,11",2289,"46,72",262,2027,"41,38"
355540,UBATUBA,SP,09/2022,5308,3150,"59,34",2677,473,"84,98",2158,"40,66",102,2056,"38,73"
355550,UBIRAJARA,SP,09/2022,287,0,"0,00",0,0,,287,"100,00",244,43,"14,98"
355550,UBIRAJARA,SP,07/2022,292,248,"84,93",248,0,"100,00",44,"15,07",0,44,"15,07"
355550,UBIRAJARA,SP,11/2022,332,296,"89,16",296,0,"100,00",36,"10,84",0,36,"10,84"
355560,UCHOA,SP,11/2022,193,188,"97,41",174,14,"92,55",5,"2,59",2,3,"1,55"
355560,UCHOA,SP,09/2022,203,191,"94,09",177,14,"92,67",12,"5,91",7,5,"2,46"
355560,UCHOA,SP,07/2022,209,202,"96,65",194,8,"96,04",7,"3,35",2,5,"2,39"
355570,UNIÃO PAULISTA,SP,07/2022,61,50,"81,97",50,0,"100,00",11,"18,03",0,11,"18,03"
355570,UNIÃO PAULISTA,SP,09/2022,61,43,"70,49",38,5,"88,37",18,"29,51",10,8,"13,11"
355570,UNIÃO PAULISTA,SP,11/2022,67,46,"68,66",45,1,"97,83",21,"31,34",8,13,"19,40"
355580,URÂNIA,SP,11/2022,302,246,"81,46",222,24,"90,24",56,"18,54",15,41,"13,58"
355580,URÂNIA,SP,09/2022,304,179,"58,88",147,32,"82,12",125,"41,12",87,38,"12,50"
355580,URÂNIA,SP,07/2022,314,257,"81,85",253,4,"98,44",57,"18,15",22,35,"11,15"
355590,URU,SP,07/2022,54,0,"0,00",0,0,,54,"100,00",54,0,"0,00"
355590,URU,SP,09/2022,51,0,"0,00",0,0,,51,"100,00",51,0,"0,00"
355590,URU,SP,11/2022,73,69,"94,52",69,0,"100,00",4,"5,48",2,2,"2,74"
355600,URUPÊS,SP,11/2022,382,345,"90,31",299,46,"86,67",37,"9,69",1,36,"9,42"
355600,URUPÊS,SP,09/2022,395,351,"88,86",330,21,"94,02",44,"11,14",1,43,"10,89"
355600,URUPÊS,SP,07/2022,377,334,"88,59",275,59,"82,34",43,"11,41",2,41,"10,88"
355610,VALENTIM GENTIL,SP,09/2022,546,502,"91,94",493,9,"98,21",44,"8,06",6,38,"6,96"
355610,VALENTIM GENTIL,SP,07/2022,482,415,"86,10",415,0,"100,00",67,"13,90",1,66,"13,69"
355610,VALENTIM GENTIL,SP,11/2022,545,504,"92,48",503,1,"99,80",41,"7,52",2,39,"7,16"
355620,VALINHOS,SP,11/2022,1990,1864,"93,67",1747,117,"93,72",126,"6,33",12,114,"5,73"
355620,VALINHOS,SP,09/2022,1933,1262,"65,29",1156,106,"91,60",671,"34,71",585,86,"4,45"
355620,VALINHOS,SP,07/2022,1902,1783,"93,74",1545,238,"86,65",119,"6,26",59,60,"3,15"
355630,VALPARAÍSO,SP,07/2022,1010,888,"87,92",874,14,"98,42",122,"12,08",5,117,"11,58"
355630,VALPARAÍSO,SP,09/2022,1038,693,"66,76",631,62,"91,05",345,"33,24",205,140,"13,49"
355630,VALPARAÍSO,SP,11/2022,1036,719,"69,40",716,3,"99,58",317,"30,60",196,121,"11,68"
355635,VARGEM,SP,11/2022,329,265,"80,55",248,17,"93,58",64,"19,45",8,56,"17,02"
355635,VARGEM,SP,07/2022,323,245,"75,85",243,2,"99,18",78,"24,15",13,65,"20,12"
355635,VARGEM,SP,09/2022,331,261,"78,85",214,47,"81,99",70,"21,15",4,66,"19,94"
355640,VARGEM GRANDE DO SUL,SP,09/2022,1128,1064,"94,33",952,112,"89,47",64,"5,67",32,32,"2,84"
355640,VARGEM GRANDE DO SUL,SP,07/2022,1138,966,"84,89",857,109,"88,72",172,"15,11",136,36,"3,16"
355640,VARGEM GRANDE DO SUL,SP,11/2022,1119,935,"83,56",855,80,"91,44",184,"16,44",168,16,"1,43"
355645,VARGEM GRANDE PAULISTA,SP,11/2022,1711,1338,"78,20",1258,80,"94,02",373,"21,80",9,364,"21,27"
355645,VARGEM GRANDE PAULISTA,SP,07/2022,1733,1218,"70,28",1081,137,"88,75",515,"29,72",111,404,"23,31"
355645,VARGEM GRANDE PAULISTA,SP,09/2022,1798,1389,"77,25",1247,142,"89,78",409,"22,75",9,400,"22,25"
355650,VÁRZEA PAULISTA,SP,07/2022,2681,1734,"64,68",1645,89,"94,87",947,"35,32",321,626,"23,35"
355650,VÁRZEA PAULISTA,SP,09/2022,2812,1834,"65,22",1696,138,"92,48",978,"34,78",332,646,"22,97"
355650,VÁRZEA PAULISTA,SP,11/2022,2882,2037,"70,68",1921,116,"94,31",845,"29,32",246,599,"20,78"
355660,VERA CRUZ,SP,11/2022,306,296,"96,73",275,21,"92,91",10,"3,27",1,9,"2,94"
355660,VERA CRUZ,SP,09/2022,314,303,"96,50",259,44,"85,48",11,"3,50",4,7,"2,23"
355660,VERA CRUZ,SP,07/2022,311,195,"62,70",186,9,"95,38",116,"37,30",76,40,"12,86"
355670,VINHEDO,SP,07/2022,1244,673,"54,10",666,7,"98,96",571,"45,90",7,564,"45,34"
355670,VINHEDO,SP,09/2022,1395,847,"60,72",801,46,"94,57",548,"39,28",21,527,"37,78"
355670,VINHEDO,SP,11/2022,1409,1073,"76,15",1035,38,"96,46",336,"23,85",13,323,"22,92"
355680,VIRADOURO,SP,11/2022,525,460,"87,62",410,50,"89,13",65,"12,38",9,56,"10,67"
355680,VIRADOURO,SP,09/2022,513,447,"87,13",384,63,"85,91",66,"12,87",5,61,"11,89"
355680,VIRADOURO,SP,07/2022,499,430,"86,17",334,96,"77,67",69,"13,83",10,59,"11,82"
355690,VISTA ALEGRE DO ALTO,SP,07/2022,199,186,"93,47",186,0,"100,00",13,"6,53",0,13,"6,53"
355690,VISTA ALEGRE DO ALTO,SP,09/2022,212,191,"90,09",187,4,"97,91",21,"9,91",6,15,"7,08"
355690,VISTA ALEGRE DO ALTO,SP,11/2022,219,197,"89,95",197,0,"100,00",22,"10,05",1,21,"9,59"
355695,VITÓRIA BRASIL,SP,11/2022,48,46,"95,83",46,0,"100,00",2,"4,17",0,2,"4,17"
355695,VITÓRIA BRASIL,SP,09/2022,35,0,"0,00",0,0,,35,"100,00",32,3,"8,57"
355695,VITÓRIA BRASIL,SP,07/2022,43,40,"93,02",40,0,"100,00",3,"6,98",0,3,"6,98"
355700,VOTORANTIM,SP,07/2022,3638,2871,"78,92",2767,104,"96,38",767,"21,08",22,745,"20,48"
355700,VOTORANTIM,SP,09/2022,3733,2923,"78,30",2618,305,"89,57",810,"21,70",26,784,"21,00"
355700,VOTORANTIM,SP,11/2022,3656,2880,"78,77",2433,447,"84,48",776,"21,23",20,756,"20,68"
355710,VOTUPORANGA,SP,11/2022,2765,2378,"86,00",2181,197,"91,72",387,"14,00",27,360,"13,02"
355710,VOTUPORANGA,SP,07/2022,2555,2202,"86,18",2088,114,"94,82",353,"13,82",19,334,"13,07"
355710,VOTUPORANGA,SP,09/2022,2809,2412,"85,87",2230,182,"92,45",397,"14,13",26,371,"13,21"
355715,ZACARIAS,SP,09/2022,93,85,"91,40",68,17,"80,00",8,"8,60",3,5,"5,38"
355715,ZACARIAS,SP,07/2022,94,81,"86,17",61,20,"75,31",13,"13,83",8,5,"5,32"
355715,ZACARIAS,SP,11/2022,94,86,"91,49",86,0,"100,00",8,"8,51",3,5,"5,32"
355720,CHAVANTES,SP,11/2022,688,607,"88,23",563,44,"92,75",81,"11,77",4,77,"11,19"
355720,CHAVANTES,SP,09/2022,677,594,"87,74",594,0,"100,00",83,"12,26",5,78,"11,52"
355720,CHAVANTES,SP,07/2022,647,555,"85,78",551,4,"99,28",92,"14,22",11,81,"12,52"
355730,ESTIVA GERBI,SP,07/2022,342,182,"53,22",182,0,"100,00",160,"46,78",110,50,"14,62"
355730,ESTIVA GERBI,SP,09/2022,392,208,"53,06",208,0,"100,00",184,"46,94",131,53,"13,52"
355730,ESTIVA GERBI,SP,11/2022,417,368,"88,25",368,0,"100,00",49,"11,75",1,48,"11,51"
170025,ABREULÂNDIA,TO,07/2022,212,169,"79,72",168,1,"99,41",43,"20,28",0,43,"20,28"
170025,ABREULÂNDIA,TO,11/2022,206,184,"89,32",180,4,"97,83",22,"10,68",0,22,"10,68"
170025,ABREULÂNDIA,TO,09/2022,207,177,"85,51",175,2,"98,87",30,"14,49",4,26,"12,56"
170030,AGUIARNÓPOLIS,TO,09/2022,483,374,"77,43",371,3,"99,20",109,"22,57",14,95,"19,67"
170030,AGUIARNÓPOLIS,TO,11/2022,487,378,"77,62",373,5,"98,68",109,"22,38",13,96,"19,71"
170030,AGUIARNÓPOLIS,TO,07/2022,493,381,"77,28",381,0,"100,00",112,"22,72",21,91,"18,46"
170035,ALIANÇA DO TOCANTINS,TO,07/2022,507,243,"47,93",243,0,"100,00",264,"52,07",117,147,"28,99"
170035,ALIANÇA DO TOCANTINS,TO,11/2022,464,285,"61,42",284,1,"99,65",179,"38,58",108,71,"15,30"
170035,ALIANÇA DO TOCANTINS,TO,09/2022,482,294,"61,00",291,3,"98,98",188,"39,00",102,86,"17,84"
170040,ALMAS,TO,09/2022,902,688,"76,27",682,6,"99,13",214,"23,73",8,206,"22,84"
170040,ALMAS,TO,07/2022,922,652,"70,72",651,1,"99,85",270,"29,28",36,234,"25,38"
170040,ALMAS,TO,11/2022,882,823,"93,31",812,11,"98,66",59,"6,69",3,56,"6,35"
170070,ALVORADA,TO,07/2022,638,561,"87,93",560,1,"99,82",77,"12,07",9,68,"10,66"
170070,ALVORADA,TO,11/2022,661,574,"86,84",568,6,"98,95",87,"13,16",2,85,"12,86"
170070,ALVORADA,TO,09/2022,662,561,"84,74",546,15,"97,33",101,"15,26",12,89,"13,44"
170100,ANANÁS,TO,09/2022,1103,966,"87,58",945,21,"97,83",137,"12,42",60,77,"6,98"
170100,ANANÁS,TO,11/2022,1068,965,"90,36",955,10,"98,96",103,"9,64",6,97,"9,08"
170100,ANANÁS,TO,07/2022,1158,865,"74,70",863,2,"99,77",293,"25,30",50,243,"20,98"
170105,ANGICO,TO,11/2022,222,215,"96,85",215,0,"100,00",7,"3,15",2,5,"2,25"
170105,ANGICO,TO,07/2022,230,212,"92,17",212,0,"100,00",18,"7,83",8,10,"4,35"
170105,ANGICO,TO,09/2022,220,213,"96,82",213,0,"100,00",7,"3,18",3,4,"1,82"
170110,APARECIDA DO RIO NEGRO,TO,09/2022,477,398,"83,44",398,0,"100,00",79,"16,56",1,78,"16,35"
170110,APARECIDA DO RIO NEGRO,TO,07/2022,469,404,"86,14",404,0,"100,00",65,"13,86",3,62,"13,22"
170110,APARECIDA DO RIO NEGRO,TO,11/2022,471,394,"83,65",394,0,"100,00",77,"16,35",1,76,"16,14"
170130,ARAGOMINAS,TO,11/2022,565,499,"88,32",470,29,"94,19",66,"11,68",14,52,"9,20"
170130,ARAGOMINAS,TO,07/2022,567,485,"85,54",485,0,"100,00",82,"14,46",30,52,"9,17"
170130,ARAGOMINAS,TO,09/2022,552,490,"88,77",471,19,"96,12",62,"11,23",5,57,"10,33"
170190,ARAGUACEMA,TO,09/2022,603,505,"83,75",492,13,"97,43",98,"16,25",12,86,"14,26"
170190,ARAGUACEMA,TO,11/2022,590,503,"85,25",496,7,"98,61",87,"14,75",5,82,"13,90"
170190,ARAGUACEMA,TO,07/2022,617,412,"66,77",411,1,"99,76",205,"33,23",104,101,"16,37"
170200,ARAGUAÇU,TO,11/2022,501,372,"74,25",370,2,"99,46",129,"25,75",4,125,"24,95"
170200,ARAGUAÇU,TO,07/2022,505,383,"75,84",383,0,"100,00",122,"24,16",9,113,"22,38"
170200,ARAGUAÇU,TO,09/2022,490,342,"69,80",330,12,"96,49",148,"30,20",16,132,"26,94"
170210,ARAGUAÍNA,TO,09/2022,10589,10073,"95,13",10036,37,"99,63",516,"4,87",53,463,"4,37"
170210,ARAGUAÍNA,TO,11/2022,10614,9994,"94,16",9905,89,"99,11",620,"5,84",47,573,"5,40"
170210,ARAGUAÍNA,TO,07/2022,10911,9621,"88,18",9605,16,"99,83",1290,"11,82",337,953,"8,73"
170215,ARAGUANÃ,TO,07/2022,566,443,"78,27",443,0,"100,00",123,"21,73",43,80,"14,13"
170215,ARAGUANÃ,TO,11/2022,528,471,"89,20",469,2,"99,58",57,"10,80",21,36,"6,82"
170215,ARAGUANÃ,TO,09/2022,539,464,"86,09",460,4,"99,14",75,"13,91",39,36,"6,68"
170220,ARAGUATINS,TO,09/2022,3120,2463,"78,94",2438,25,"98,98",657,"21,06",75,582,"18,65"
170220,ARAGUATINS,TO,11/2022,3009,2315,"76,94",2291,24,"98,96",694,"23,06",83,611,"20,31"
170220,ARAGUATINS,TO,07/2022,3140,2410,"76,75",2409,1,"99,96",730,"23,25",136,594,"18,92"
170230,ARAPOEMA,TO,11/2022,464,371,"79,96",370,1,"99,73",93,"20,04",1,92,"19,83"
170230,ARAPOEMA,TO,07/2022,443,97,"21,90",97,0,"100,00",346,"78,10",125,221,"49,89"
170230,ARAPOEMA,TO,09/2022,460,324,"70,43",324,0,"100,00",136,"29,57",30,106,"23,04"
170240,ARRAIAS,TO,09/2022,1218,985,"80,87",971,14,"98,58",233,"19,13",14,219,"17,98"
170240,ARRAIAS,TO,07/2022,1201,980,"81,60",979,1,"99,90",221,"18,40",13,208,"17,32"
170240,ARRAIAS,TO,11/2022,1233,989,"80,21",980,9,"99,09",244,"19,79",11,233,"18,90"
170255,AUGUSTINÓPOLIS,TO,11/2022,1689,1428,"84,55",1423,5,"99,65",261,"15,45",1,260,"15,39"
170255,AUGUSTINÓPOLIS,TO,07/2022,1696,1039,"61,26",1039,0,"100,00",657,"38,74",384,273,"16,10"
170255,AUGUSTINÓPOLIS,TO,09/2022,1682,1381,"82,10",1376,5,"99,64",301,"17,90",64,237,"14,09"
170270,AURORA DO TOCANTINS,TO,09/2022,240,222,"92,50",220,2,"99,10",18,"7,50",3,15,"6,25"
170270,AURORA DO TOCANTINS,TO,07/2022,242,227,"93,80",227,0,"100,00",15,"6,20",0,15,"6,20"
170270,AURORA DO TOCANTINS,TO,11/2022,236,221,"93,64",211,10,"95,48",15,"6,36",0,15,"6,36"
170290,AXIXÁ DO TOCANTINS,TO,11/2022,1648,1309,"79,43",1299,10,"99,24",339,"20,57",67,272,"16,50"
170290,AXIXÁ DO TOCANTINS,TO,07/2022,1692,1183,"69,92",1183,0,"100,00",509,"30,08",147,362,"21,39"
170290,AXIXÁ DO TOCANTINS,TO,09/2022,1706,1249,"73,21",1228,21,"98,32",457,"26,79",78,379,"22,22"
170300,BABAÇULÂNDIA,TO,09/2022,956,778,"81,38",772,6,"99,23",178,"18,62",3,175,"18,31"
170300,BABAÇULÂNDIA,TO,11/2022,925,783,"84,65",770,13,"98,34",142,"15,35",0,142,"15,35"
170300,BABAÇULÂNDIA,TO,07/2022,967,828,"85,63",828,0,"100,00",139,"14,37",33,106,"10,96"
170305,BANDEIRANTES DO TOCANTINS,TO,07/2022,267,153,"57,30",153,0,"100,00",114,"42,70",4,110,"41,20"
170305,BANDEIRANTES DO TOCANTINS,TO,11/2022,270,188,"69,63",187,1,"99,47",82,"30,37",5,77,"28,52"
170305,BANDEIRANTES DO TOCANTINS,TO,09/2022,276,154,"55,80",154,0,"100,00",122,"44,20",4,118,"42,75"
170307,BARRA DO OURO,TO,09/2022,553,431,"77,94",420,11,"97,45",122,"22,06",8,114,"20,61"
170307,BARRA DO OURO,TO,11/2022,551,492,"89,29",459,33,"93,29",59,"10,71",16,43,"7,80"
170307,BARRA DO OURO,TO,07/2022,537,311,"57,91",305,6,"98,07",226,"42,09",101,125,"23,28"
170310,BARROLÂNDIA,TO,11/2022,505,418,"82,77",415,3,"99,28",87,"17,23",1,86,"17,03"
170310,BARROLÂNDIA,TO,07/2022,535,361,"67,48",361,0,"100,00",174,"32,52",8,166,"31,03"
170310,BARROLÂNDIA,TO,09/2022,514,371,"72,18",370,1,"99,73",143,"27,82",5,138,"26,85"
170320,BERNARDO SAYÃO,TO,09/2022,399,366,"91,73",366,0,"100,00",33,"8,27",5,28,"7,02"
170320,BERNARDO SAYÃO,TO,07/2022,409,375,"91,69",375,0,"100,00",34,"8,31",11,23,"5,62"
170320,BERNARDO SAYÃO,TO,11/2022,407,365,"89,68",365,0,"100,00",42,"10,32",4,38,"9,34"
170330,BOM JESUS DO TOCANTINS,TO,11/2022,503,443,"88,07",430,13,"97,07",60,"11,93",2,58,"11,53"
170330,BOM JESUS DO TOCANTINS,TO,07/2022,485,402,"82,89",399,3,"99,25",83,"17,11",4,79,"16,29"
170330,BOM JESUS DO TOCANTINS,TO,09/2022,524,464,"88,55",459,5,"98,92",60,"11,45",2,58,"11,07"
170360,BRASILÂNDIA DO TOCANTINS,TO,09/2022,195,168,"86,15",168,0,"100,00",27,"13,85",6,21,"10,77"
170360,BRASILÂNDIA DO TOCANTINS,TO,07/2022,192,165,"85,94",164,1,"99,39",27,"14,06",8,19,"9,90"
170360,BRASILÂNDIA DO TOCANTINS,TO,11/2022,186,95,"51,08",94,1,"98,95",91,"48,92",68,23,"12,37"
170370,BREJINHO DE NAZARÉ,TO,07/2022,481,391,"81,29",391,0,"100,00",90,"18,71",3,87,"18,09"
170370,BREJINHO DE NAZARÉ,TO,11/2022,452,387,"85,62",382,5,"98,71",65,"14,38",2,63,"13,94"
170370,BREJINHO DE NAZARÉ,TO,09/2022,458,391,"85,37",385,6,"98,47",67,"14,63",10,57,"12,45"
170380,BURITI DO TOCANTINS,TO,09/2022,910,804,"88,35",795,9,"98,88",106,"11,65",3,103,"11,32"
170380,BURITI DO TOCANTINS,TO,11/2022,907,816,"89,97",808,8,"99,02",91,"10,03",3,88,"9,70"
170380,BURITI DO TOCANTINS,TO,07/2022,942,832,"88,32",830,2,"99,76",110,"11,68",4,106,"11,25"
170382,CACHOEIRINHA,TO,07/2022,244,176,"72,13",176,0,"100,00",68,"27,87",8,60,"24,59"
170382,CACHOEIRINHA,TO,11/2022,238,167,"70,17",165,2,"98,80",71,"29,83",12,59,"24,79"
170382,CACHOEIRINHA,TO,09/2022,235,178,"75,74",178,0,"100,00",57,"24,26",0,57,"24,26"
170384,CAMPOS LINDOS,TO,09/2022,1117,1059,"94,81",1055,4,"99,62",58,"5,19",3,55,"4,92"
170384,CAMPOS LINDOS,TO,07/2022,1126,1067,"94,76",1062,5,"99,53",59,"5,24",6,53,"4,71"
170384,CAMPOS LINDOS,TO,11/2022,1091,1030,"94,41",1018,12,"98,83",61,"5,59",2,59,"5,41"
170386,CARIRI DO TOCANTINS,TO,07/2022,229,212,"92,58",210,2,"99,06",17,"7,42",4,13,"5,68"
170386,CARIRI DO TOCANTINS,TO,11/2022,203,187,"92,12",184,3,"98,40",16,"7,88",2,14,"6,90"
170386,CARIRI DO TOCANTINS,TO,09/2022,214,198,"92,52",194,4,"97,98",16,"7,48",7,9,"4,21"
170388,CARMOLÂNDIA,TO,09/2022,249,190,"76,31",189,1,"99,47",59,"23,69",10,49,"19,68"
170388,CARMOLÂNDIA,TO,11/2022,248,190,"76,61",190,0,"100,00",58,"23,39",1,57,"22,98"
170388,CARMOLÂNDIA,TO,07/2022,245,193,"78,78",193,0,"100,00",52,"21,22",4,48,"19,59"
170389,CARRASCO BONITO,TO,11/2022,422,345,"81,75",344,1,"99,71",77,"18,25",0,77,"18,25"
170389,CARRASCO BONITO,TO,07/2022,473,371,"78,44",370,1,"99,73",102,"21,56",21,81,"17,12"
170389,CARRASCO BONITO,TO,09/2022,457,356,"77,90",355,1,"99,72",101,"22,10",20,81,"17,72"
170390,CASEARA,TO,09/2022,684,432,"63,16",432,0,"100,00",252,"36,84",12,240,"35,09"
170390,CASEARA,TO,11/2022,688,446,"64,83",446,0,"100,00",242,"35,17",11,231,"33,58"
170390,CASEARA,TO,07/2022,684,455,"66,52",455,0,"100,00",229,"33,48",11,218,"31,87"
170410,CENTENÁRIO,TO,11/2022,165,153,"92,73",127,26,"83,01",12,"7,27",0,12,"7,27"
170410,CENTENÁRIO,TO,07/2022,182,171,"93,96",171,0,"100,00",11,"6,04",0,11,"6,04"
170410,CENTENÁRIO,TO,09/2022,173,160,"92,49",147,13,"91,88",13,"7,51",1,12,"6,94"
170460,CHAPADA DE AREIA,TO,09/2022,187,127,"67,91",126,1,"99,21",60,"32,09",1,59,"31,55"
170460,CHAPADA DE AREIA,TO,11/2022,171,121,"70,76",121,0,"100,00",50,"29,24",2,48,"28,07"
170460,CHAPADA DE AREIA,TO,07/2022,190,138,"72,63",138,0,"100,00",52,"27,37",1,51,"26,84"
170510,CHAPADA DA NATIVIDADE,TO,11/2022,351,321,"91,45",310,11,"96,57",30,"8,55",3,27,"7,69"
170510,CHAPADA DA NATIVIDADE,TO,07/2022,359,323,"89,97",320,3,"99,07",36,"10,03",3,33,"9,19"
170510,CHAPADA DA NATIVIDADE,TO,09/2022,355,322,"90,70",309,13,"95,96",33,"9,30",2,31,"8,73"
170550,COLINAS DO TOCANTINS,TO,09/2022,2644,1313,"49,66",1298,15,"98,86",1331,"50,34",390,941,"35,59"
170550,COLINAS DO TOCANTINS,TO,11/2022,2671,1458,"54,59",1433,25,"98,29",1213,"45,41",236,977,"36,58"
170550,COLINAS DO TOCANTINS,TO,07/2022,2654,1012,"38,13",1007,5,"99,51",1642,"61,87",718,924,"34,82"
170555,COMBINADO,TO,07/2022,460,409,"88,91",408,1,"99,76",51,"11,09",30,21,"4,57"
170555,COMBINADO,TO,11/2022,445,416,"93,48",407,9,"97,84",29,"6,52",3,26,"5,84"
170555,COMBINADO,TO,09/2022,449,414,"92,20",407,7,"98,31",35,"7,80",8,27,"6,01"
170560,CONCEIÇÃO DO TOCANTINS,TO,09/2022,474,339,"71,52",337,2,"99,41",135,"28,48",20,115,"24,26"
170560,CONCEIÇÃO DO TOCANTINS,TO,11/2022,454,339,"74,67",337,2,"99,41",115,"25,33",9,106,"23,35"
170560,CONCEIÇÃO DO TOCANTINS,TO,07/2022,490,360,"73,47",360,0,"100,00",130,"26,53",20,110,"22,45"
170600,COUTO DE MAGALHÃES,TO,07/2022,583,366,"62,78",366,0,"100,00",217,"37,22",41,176,"30,19"
170600,COUTO DE MAGALHÃES,TO,11/2022,591,344,"58,21",344,0,"100,00",247,"41,79",71,176,"29,78"
170600,COUTO DE MAGALHÃES,TO,09/2022,576,319,"55,38",319,0,"100,00",257,"44,62",82,175,"30,38"
170610,CRISTALÂNDIA,TO,09/2022,550,332,"60,36",320,12,"96,39",218,"39,64",9,209,"38,00"
170610,CRISTALÂNDIA,TO,07/2022,556,253,"45,50",253,0,"100,00",303,"54,50",107,196,"35,25"
170610,CRISTALÂNDIA,TO,11/2022,545,409,"75,05",388,21,"94,87",136,"24,95",9,127,"23,30"
170625,CRIXÁS DO TOCANTINS,TO,07/2022,100,75,"75,00",75,0,"100,00",25,"25,00",6,19,"19,00"
170625,CRIXÁS DO TOCANTINS,TO,11/2022,97,85,"87,63",79,6,"92,94",12,"12,37",4,8,"8,25"
170625,CRIXÁS DO TOCANTINS,TO,09/2022,93,83,"89,25",79,4,"95,18",10,"10,75",5,5,"5,38"
170650,DARCINÓPOLIS,TO,09/2022,693,505,"72,87",503,2,"99,60",188,"27,13",2,186,"26,84"
170650,DARCINÓPOLIS,TO,07/2022,682,528,"77,42",528,0,"100,00",154,"22,58",4,150,"21,99"
170650,DARCINÓPOLIS,TO,11/2022,692,516,"74,57",516,0,"100,00",176,"25,43",3,173,"25,00"
170700,DIANÓPOLIS,TO,07/2022,1564,1282,"81,97",1282,0,"100,00",282,"18,03",7,275,"17,58"
170700,DIANÓPOLIS,TO,11/2022,1458,1376,"94,38",1344,32,"97,67",82,"5,62",3,79,"5,42"
170700,DIANÓPOLIS,TO,09/2022,1480,1395,"94,26",1352,43,"96,92",85,"5,74",10,75,"5,07"
170710,DIVINÓPOLIS DO TOCANTINS,TO,09/2022,620,455,"73,39",445,10,"97,80",165,"26,61",4,161,"25,97"
170710,DIVINÓPOLIS DO TOCANTINS,TO,11/2022,617,465,"75,36",464,1,"99,78",152,"24,64",2,150,"24,31"
170710,DIVINÓPOLIS DO TOCANTINS,TO,07/2022,639,485,"75,90",485,0,"100,00",154,"24,10",16,138,"21,60"
170720,DOIS IRMÃOS DO TOCANTINS,TO,11/2022,590,581,"98,47",572,9,"98,45",9,"1,53",2,7,"1,19"
170720,DOIS IRMÃOS DO TOCANTINS,TO,07/2022,625,608,"97,28",608,0,"100,00",17,"2,72",6,11,"1,76"
170720,DOIS IRMÃOS DO TOCANTINS,TO,09/2022,606,594,"98,02",587,7,"98,82",12,"1,98",5,7,"1,16"
170730,DUERÉ,TO,09/2022,413,333,"80,63",331,2,"99,40",80,"19,37",15,65,"15,74"
170730,DUERÉ,TO,07/2022,418,342,"81,82",342,0,"100,00",76,"18,18",8,68,"16,27"
170730,DUERÉ,TO,11/2022,420,328,"78,10",319,9,"97,26",92,"21,90",20,72,"17,14"
170740,ESPERANTINA,TO,11/2022,1252,1053,"84,11",1042,11,"98,96",199,"15,89",118,81,"6,47"
170740,ESPERANTINA,TO,07/2022,1313,1052,"80,12",1046,6,"99,43",261,"19,88",159,102,"7,77"
170740,ESPERANTINA,TO,09/2022,1260,1073,"85,16",1056,17,"98,42",187,"14,84",117,70,"5,56"
170755,FÁTIMA,TO,09/2022,286,259,"90,56",257,2,"99,23",27,"9,44",16,11,"3,85"
170755,FÁTIMA,TO,11/2022,298,268,"89,93",267,1,"99,63",30,"10,07",14,16,"5,37"
170755,FÁTIMA,TO,07/2022,285,254,"89,12",254,0,"100,00",31,"10,88",14,17,"5,96"
170765,FIGUEIRÓPOLIS,TO,07/2022,401,199,"49,63",199,0,"100,00",202,"50,37",123,79,"19,70"
170765,FIGUEIRÓPOLIS,TO,11/2022,416,357,"85,82",352,5,"98,60",59,"14,18",4,55,"13,22"
170765,FIGUEIRÓPOLIS,TO,09/2022,399,81,"20,30",75,6,"92,59",318,"79,70",238,80,"20,05"
170770,FILADÉLFIA,TO,09/2022,925,789,"85,30",781,8,"98,99",136,"14,70",6,130,"14,05"
170770,FILADÉLFIA,TO,07/2022,919,787,"85,64",787,0,"100,00",132,"14,36",4,128,"13,93"
170770,FILADÉLFIA,TO,11/2022,926,789,"85,21",789,0,"100,00",137,"14,79",3,134,"14,47"
170820,FORMOSO DO ARAGUAIA,TO,11/2022,1731,1272,"73,48",1269,3,"99,76",459,"26,52",32,427,"24,67"
170820,FORMOSO DO ARAGUAIA,TO,07/2022,1758,1298,"73,83",1293,5,"99,61",460,"26,17",81,379,"21,56"
170820,FORMOSO DO ARAGUAIA,TO,09/2022,1747,1314,"75,21",1311,3,"99,77",433,"24,79",26,407,"23,30"
170825,FORTALEZA DO TABOCÃO,TO,09/2022,409,334,"81,66",326,8,"97,60",75,"18,34",19,56,"13,69"
170825,FORTALEZA DO TABOCÃO,TO,11/2022,387,314,"81,14",310,4,"98,73",73,"18,86",17,56,"14,47"
170825,FORTALEZA DO TABOCÃO,TO,07/2022,390,309,"79,23",309,0,"100,00",81,"20,77",20,61,"15,64"
170830,GOIANORTE,TO,11/2022,458,384,"83,84",384,0,"100,00",74,"16,16",7,67,"14,63"
170830,GOIANORTE,TO,07/2022,471,274,"58,17",274,0,"100,00",197,"41,83",102,95,"20,17"
170830,GOIANORTE,TO,09/2022,457,289,"63,24",289,0,"100,00",168,"36,76",28,140,"30,63"
170900,GOIATINS,TO,09/2022,1888,1719,"91,05",1704,15,"99,13",169,"8,95",23,146,"7,73"
170900,GOIATINS,TO,07/2022,1980,1665,"84,09",1665,0,"100,00",315,"15,91",47,268,"13,54"
170900,GOIATINS,TO,11/2022,1903,1643,"86,34",1632,11,"99,33",260,"13,66",24,236,"12,40"
170930,GUARAÍ,TO,07/2022,1500,1327,"88,47",1327,0,"100,00",173,"11,53",74,99,"6,60"
170930,GUARAÍ,TO,11/2022,1577,1413,"89,60",1413,0,"100,00",164,"10,40",43,121,"7,67"
170930,GUARAÍ,TO,09/2022,1529,1345,"87,97",1345,0,"100,00",184,"12,03",77,107,"7,00"
170950,GURUPI,TO,09/2022,3711,2696,"72,65",2527,169,"93,73",1015,"27,35",21,994,"26,79"
170950,GURUPI,TO,11/2022,3681,2725,"74,03",2525,200,"92,66",956,"25,97",35,921,"25,02"
170950,GURUPI,TO,07/2022,3663,2667,"72,81",2639,28,"98,95",996,"27,19",49,947,"25,85"
170980,IPUEIRAS,TO,07/2022,165,96,"58,18",96,0,"100,00",69,"41,82",8,61,"36,97"
170980,IPUEIRAS,TO,11/2022,150,121,"80,67",118,3,"97,52",29,"19,33",4,25,"16,67"
170980,IPUEIRAS,TO,09/2022,152,112,"73,68",104,8,"92,86",40,"26,32",5,35,"23,03"
171050,ITACAJÁ,TO,09/2022,1060,681,"64,25",680,1,"99,85",379,"35,75",66,313,"29,53"
171050,ITACAJÁ,TO,07/2022,1064,662,"62,22",662,0,"100,00",402,"37,78",7,395,"37,12"
171050,ITACAJÁ,TO,11/2022,1033,715,"69,22",715,0,"100,00",318,"30,78",7,311,"30,11"
171070,ITAGUATINS,TO,11/2022,655,599,"91,45",599,0,"100,00",56,"8,55",7,49,"7,48"
171070,ITAGUATINS,TO,07/2022,668,586,"87,72",586,0,"100,00",82,"12,28",18,64,"9,58"
171070,ITAGUATINS,TO,09/2022,665,587,"88,27",587,0,"100,00",78,"11,73",9,69,"10,38"
171090,ITAPIRATINS,TO,09/2022,345,319,"92,46",308,11,"96,55",26,"7,54",8,18,"5,22"
171090,ITAPIRATINS,TO,11/2022,331,304,"91,84",293,11,"96,38",27,"8,16",10,17,"5,14"
171090,ITAPIRATINS,TO,07/2022,357,320,"89,64",319,1,"99,69",37,"10,36",9,28,"7,84"
171110,ITAPORÃ DO TOCANTINS,TO,07/2022,169,143,"84,62",143,0,"100,00",26,"15,38",5,21,"12,43"
171110,ITAPORÃ DO TOCANTINS,TO,11/2022,171,150,"87,72",150,0,"100,00",21,"12,28",2,19,"11,11"
171110,ITAPORÃ DO TOCANTINS,TO,09/2022,176,149,"84,66",142,7,"95,30",27,"15,34",7,20,"11,36"
171150,JAÚ DO TOCANTINS,TO,09/2022,326,283,"86,81",283,0,"100,00",43,"13,19",8,35,"10,74"
171150,JAÚ DO TOCANTINS,TO,11/2022,315,278,"88,25",278,0,"100,00",37,"11,75",3,34,"10,79"
171150,JAÚ DO TOCANTINS,TO,07/2022,331,293,"88,52",293,0,"100,00",38,"11,48",3,35,"10,57"
171180,JUARINA,TO,07/2022,239,152,"63,60",152,0,"100,00",87,"36,40",5,82,"34,31"
171180,JUARINA,TO,11/2022,227,159,"70,04",144,15,"90,57",68,"29,96",4,64,"28,19"
171180,JUARINA,TO,09/2022,226,133,"58,85",128,5,"96,24",93,"41,15",2,91,"40,27"
171190,LAGOA DA CONFUSÃO,TO,09/2022,1515,1093,"72,15",1087,6,"99,45",422,"27,85",21,401,"26,47"
171190,LAGOA DA CONFUSÃO,TO,11/2022,1349,994,"73,68",974,20,"97,99",355,"26,32",46,309,"22,91"
171190,LAGOA DA CONFUSÃO,TO,07/2022,1518,536,"35,31",536,0,"100,00",982,"64,69",565,417,"27,47"
171195,LAGOA DO TOCANTINS,TO,11/2022,446,432,"96,86",430,2,"99,54",14,"3,14",0,14,"3,14"
171195,LAGOA DO TOCANTINS,TO,07/2022,482,472,"97,93",471,1,"99,79",10,"2,07",1,9,"1,87"
171195,LAGOA DO TOCANTINS,TO,09/2022,470,454,"96,60",448,6,"98,68",16,"3,40",1,15,"3,19"
171200,LAJEADO,TO,09/2022,290,248,"85,52",242,6,"97,58",42,"14,48",2,40,"13,79"
171200,LAJEADO,TO,11/2022,283,242,"85,51",242,0,"100,00",41,"14,49",1,40,"14,13"
171200,LAJEADO,TO,07/2022,298,257,"86,24",254,3,"98,83",41,"13,76",1,40,"13,42"
171215,LAVANDEIRA,TO,11/2022,160,141,"88,13",141,0,"100,00",19,"11,88",1,18,"11,25"
171215,LAVANDEIRA,TO,07/2022,166,132,"79,52",132,0,"100,00",34,"20,48",11,23,"13,86"
171215,LAVANDEIRA,TO,09/2022,168,136,"80,95",136,0,"100,00",32,"19,05",1,31,"18,45"
171240,LIZARDA,TO,09/2022,346,305,"88,15",304,1,"99,67",41,"11,85",3,38,"10,98"
171240,LIZARDA,TO,11/2022,357,317,"88,80",317,0,"100,00",40,"11,20",3,37,"10,36"
171240,LIZARDA,TO,07/2022,364,320,"87,91",320,0,"100,00",44,"12,09",4,40,"10,99"
171245,LUZINÓPOLIS,TO,11/2022,319,283,"88,71",272,11,"96,11",36,"11,29",2,34,"10,66"
171245,LUZINÓPOLIS,TO,07/2022,334,282,"84,43",282,0,"100,00",52,"15,57",1,51,"15,27"
171245,LUZINÓPOLIS,TO,09/2022,339,283,"83,48",280,3,"98,94",56,"16,52",1,55,"16,22"
171250,MARIANÓPOLIS DO TOCANTINS,TO,09/2022,391,303,"77,49",278,25,"91,75",88,"22,51",2,86,"21,99"
171250,MARIANÓPOLIS DO TOCANTINS,TO,11/2022,380,292,"76,84",289,3,"98,97",88,"23,16",0,88,"23,16"
171250,MARIANÓPOLIS DO TOCANTINS,TO,07/2022,403,314,"77,92",314,0,"100,00",89,"22,08",4,85,"21,09"
171270,MATEIROS,TO,11/2022,282,183,"64,89",183,0,"100,00",99,"35,11",30,69,"24,47"
171270,MATEIROS,TO,07/2022,292,51,"17,47",51,0,"100,00",241,"82,53",185,56,"19,18"
171270,MATEIROS,TO,09/2022,288,54,"18,75",53,1,"98,15",234,"81,25",179,55,"19,10"
171280,MAURILÂNDIA DO TOCANTINS,TO,09/2022,382,346,"90,58",345,1,"99,71",36,"9,42",24,12,"3,14"
171280,MAURILÂNDIA DO TOCANTINS,TO,07/2022,404,347,"85,89",347,0,"100,00",57,"14,11",32,25,"6,19"
171280,MAURILÂNDIA DO TOCANTINS,TO,11/2022,374,351,"93,85",350,1,"99,72",23,"6,15",12,11,"2,94"
171320,MIRACEMA DO TOCANTINS,TO,07/2022,1447,1120,"77,40",1110,10,"99,11",327,"22,60",16,311,"21,49"
171320,MIRACEMA DO TOCANTINS,TO,11/2022,1381,1038,"75,16",993,45,"95,66",343,"24,84",10,333,"24,11"
171320,MIRACEMA DO TOCANTINS,TO,09/2022,1424,1050,"73,74",989,61,"94,19",374,"26,26",21,353,"24,79"
171330,MIRANORTE,TO,09/2022,1103,1047,"94,92",1037,10,"99,04",56,"5,08",7,49,"4,44"
171330,MIRANORTE,TO,07/2022,1114,1042,"93,54",1042,0,"100,00",72,"6,46",5,67,"6,01"
171330,MIRANORTE,TO,11/2022,1098,1035,"94,26",1014,21,"97,97",63,"5,74",2,61,"5,56"
171360,MONTE DO CARMO,TO,11/2022,657,562,"85,54",562,0,"100,00",95,"14,46",33,62,"9,44"
171360,MONTE DO CARMO,TO,07/2022,648,376,"58,02",375,1,"99,73",272,"41,98",188,84,"12,96"
171360,MONTE DO CARMO,TO,09/2022,646,473,"73,22",472,1,"99,79",173,"26,78",64,109,"16,87"
171370,MONTE SANTO DO TOCANTINS,TO,09/2022,241,210,"87,14",209,1,"99,52",31,"12,86",1,30,"12,45"
171370,MONTE SANTO DO TOCANTINS,TO,07/2022,240,210,"87,50",210,0,"100,00",30,"12,50",3,27,"11,25"
171370,MONTE SANTO DO TOCANTINS,TO,11/2022,236,205,"86,86",204,1,"99,51",31,"13,14",0,31,"13,14"
171380,PALMEIRAS DO TOCANTINS,TO,11/2022,653,569,"87,14",569,0,"100,00",84,"12,86",3,81,"12,40"
171380,PALMEIRAS DO TOCANTINS,TO,07/2022,663,579,"87,33",579,0,"100,00",84,"12,67",11,73,"11,01"
171380,PALMEIRAS DO TOCANTINS,TO,09/2022,658,573,"87,08",573,0,"100,00",85,"12,92",8,77,"11,70"
171395,MURICILÂNDIA,TO,09/2022,324,292,"90,12",287,5,"98,29",32,"9,88",19,13,"4,01"
171395,MURICILÂNDIA,TO,11/2022,317,255,"80,44",255,0,"100,00",62,"19,56",43,19,"5,99"
171395,MURICILÂNDIA,TO,07/2022,336,209,"62,20",209,0,"100,00",127,"37,80",94,33,"9,82"
171420,NATIVIDADE,TO,07/2022,780,753,"96,54",705,48,"93,63",27,"3,46",20,7,"0,90"
171420,NATIVIDADE,TO,11/2022,759,710,"93,54",708,2,"99,72",49,"6,46",8,41,"5,40"
171420,NATIVIDADE,TO,09/2022,756,709,"93,78",707,2,"99,72",47,"6,22",5,42,"5,56"
171430,NAZARÉ,TO,09/2022,410,397,"96,83",364,33,"91,69",13,"3,17",3,10,"2,44"
171430,NAZARÉ,TO,11/2022,409,382,"93,40",369,13,"96,60",27,"6,60",1,26,"6,36"
171430,NAZARÉ,TO,07/2022,415,388,"93,49",351,37,"90,46",27,"6,51",3,24,"5,78"
171488,NOVA OLINDA,TO,11/2022,1209,703,"58,15",700,3,"99,57",506,"41,85",257,249,"20,60"
171488,NOVA OLINDA,TO,07/2022,1232,823,"66,80",820,3,"99,64",409,"33,20",38,371,"30,11"
171488,NOVA OLINDA,TO,09/2022,1238,939,"75,85",933,6,"99,36",299,"24,15",40,259,"20,92"
171500,NOVA ROSALÂNDIA,TO,09/2022,315,260,"82,54",258,2,"99,23",55,"17,46",3,52,"16,51"
171500,NOVA ROSALÂNDIA,TO,07/2022,321,267,"83,18",265,2,"99,25",54,"16,82",1,53,"16,51"
171500,NOVA ROSALÂNDIA,TO,11/2022,329,277,"84,19",277,0,"100,00",52,"15,81",3,49,"14,89"
171510,NOVO ACORDO,TO,11/2022,425,415,"97,65",411,4,"99,04",10,"2,35",1,9,"2,12"
171510,NOVO ACORDO,TO,07/2022,448,408,"91,07",407,1,"99,75",40,"8,93",8,32,"7,14"
171510,NOVO ACORDO,TO,09/2022,431,418,"96,98",415,3,"99,28",13,"3,02",5,8,"1,86"
171515,NOVO ALEGRE,TO,09/2022,179,162,"90,50",162,0,"100,00",17,"9,50",3,14,"7,82"
171515,NOVO ALEGRE,TO,07/2022,181,166,"91,71",166,0,"100,00",15,"8,29",0,15,"8,29"
171515,NOVO ALEGRE,TO,11/2022,176,159,"90,34",159,0,"100,00",17,"9,66",2,15,"8,52"
171525,NOVO JARDIM,TO,11/2022,284,220,"77,46",220,0,"100,00",64,"22,54",1,63,"22,18"
171525,NOVO JARDIM,TO,09/2022,281,218,"77,58",217,1,"99,54",63,"22,42",1,62,"22,06"
171525,NOVO JARDIM,TO,07/2022,280,217,"77,50",217,0,"100,00",63,"22,50",1,62,"22,14"
171550,OLIVEIRA DE FÁTIMA,TO,07/2022,149,111,"74,50",110,1,"99,10",38,"25,50",1,37,"24,83"
171550,OLIVEIRA DE FÁTIMA,TO,09/2022,146,102,"69,86",102,0,"100,00",44,"30,14",17,27,"18,49"
171550,OLIVEIRA DE FÁTIMA,TO,11/2022,141,107,"75,89",107,0,"100,00",34,"24,11",3,31,"21,99"
171570,PALMEIRANTE,TO,11/2022,468,299,"63,89",299,0,"100,00",169,"36,11",3,166,"35,47"
171570,PALMEIRANTE,TO,09/2022,490,293,"59,80",293,0,"100,00",197,"40,20",5,192,"39,18"
171570,PALMEIRANTE,TO,07/2022,495,303,"61,21",303,0,"100,00",192,"38,79",4,188,"37,98"
171575,PALMEIRÓPOLIS,TO,07/2022,473,438,"92,60",434,4,"99,09",35,"7,40",10,25,"5,29"
171575,PALMEIRÓPOLIS,TO,09/2022,462,430,"93,07",427,3,"99,30",32,"6,93",8,24,"5,19"
171575,PALMEIRÓPOLIS,TO,11/2022,458,425,"92,79",419,6,"98,59",33,"7,21",1,32,"6,99"
171610,PARAÍSO DO TOCANTINS,TO,11/2022,2294,2163,"94,29",2099,64,"97,04",131,"5,71",13,118,"5,14"
171610,PARAÍSO DO TOCANTINS,TO,09/2022,2309,2215,"95,93",2149,66,"97,02",94,"4,07",29,65,"2,82"
171610,PARAÍSO DO TOCANTINS,TO,07/2022,2332,2216,"95,03",2154,62,"97,20",116,"4,97",45,71,"3,04"
171620,PARANÃ,TO,07/2022,1470,1026,"69,80",1026,0,"100,00",444,"30,20",24,420,"28,57"
171620,PARANÃ,TO,09/2022,1464,1020,"69,67",1009,11,"98,92",444,"30,33",22,422,"28,83"
171620,PARANÃ,TO,11/2022,1416,1009,"71,26",1009,0,"100,00",407,"28,74",5,402,"28,39"
171630,PAU D´ARCO,TO,07/2022,495,414,"83,64",414,0,"100,00",81,"16,36",9,72,"14,55"
171630,PAU D´ARCO,TO,11/2022,460,365,"79,35",355,10,"97,26",95,"20,65",8,87,"18,91"
171630,PAU D´ARCO,TO,09/2022,478,374,"78,24",364,10,"97,33",104,"21,76",10,94,"19,67"
171650,PEDRO AFONSO,TO,09/2022,964,650,"67,43",645,5,"99,23",314,"32,57",18,296,"30,71"
171650,PEDRO AFONSO,TO,07/2022,1015,796,"78,42",796,0,"100,00",219,"21,58",28,191,"18,82"
171650,PEDRO AFONSO,TO,11/2022,914,590,"64,55",581,9,"98,47",324,"35,45",4,320,"35,01"
171660,PEIXE,TO,11/2022,734,459,"62,53",438,21,"95,42",275,"37,47",95,180,"24,52"
171660,PEIXE,TO,09/2022,744,429,"57,66",409,20,"95,34",315,"42,34",124,191,"25,67"
171660,PEIXE,TO,07/2022,762,419,"54,99",418,1,"99,76",343,"45,01",133,210,"27,56"
171665,PEQUIZEIRO,TO,09/2022,518,418,"80,69",418,0,"100,00",100,"19,31",12,88,"16,99"
171665,PEQUIZEIRO,TO,07/2022,534,299,"55,99",299,0,"100,00",235,"44,01",180,55,"10,30"
171665,PEQUIZEIRO,TO,11/2022,500,427,"85,40",425,2,"99,53",73,"14,60",6,67,"13,40"
171670,COLMÉIA,TO,11/2022,650,338,"52,00",334,4,"98,82",312,"48,00",27,285,"43,85"
171670,COLMÉIA,TO,07/2022,668,326,"48,80",326,0,"100,00",342,"51,20",42,300,"44,91"
171670,COLMÉIA,TO,09/2022,649,202,"31,12",201,1,"99,50",447,"68,88",145,302,"46,53"
171700,PINDORAMA DO TOCANTINS,TO,09/2022,450,359,"79,78",351,8,"97,77",91,"20,22",19,72,"16,00"
171700,PINDORAMA DO TOCANTINS,TO,07/2022,459,382,"83,22",382,0,"100,00",77,"16,78",10,67,"14,60"
171700,PINDORAMA DO TOCANTINS,TO,11/2022,428,367,"85,75",367,0,"100,00",61,"14,25",3,58,"13,55"
171720,PIRAQUÊ,TO,11/2022,312,266,"85,26",266,0,"100,00",46,"14,74",4,42,"13,46"
171720,PIRAQUÊ,TO,07/2022,325,240,"73,85",240,0,"100,00",85,"26,15",7,78,"24,00"
171720,PIRAQUÊ,TO,09/2022,323,260,"80,50",244,16,"93,85",63,"19,50",7,56,"17,34"
171750,PIUM,TO,09/2022,479,348,"72,65",348,0,"100,00",131,"27,35",45,86,"17,95"
171750,PIUM,TO,07/2022,421,344,"81,71",344,0,"100,00",77,"18,29",40,37,"8,79"
171750,PIUM,TO,11/2022,622,351,"56,43",351,0,"100,00",271,"43,57",209,62,"9,97"
171780,PONTE ALTA DO BOM JESUS,TO,11/2022,397,393,"98,99",360,33,"91,60",4,"1,01",1,3,"0,76"
171780,PONTE ALTA DO BOM JESUS,TO,09/2022,416,401,"96,39",395,6,"98,50",15,"3,61",9,6,"1,44"
171780,PONTE ALTA DO BOM JESUS,TO,07/2022,419,360,"85,92",358,2,"99,44",59,"14,08",51,8,"1,91"
171790,PONTE ALTA DO TOCANTINS,TO,07/2022,706,529,"74,93",529,0,"100,00",177,"25,07",6,171,"24,22"
171790,PONTE ALTA DO TOCANTINS,TO,09/2022,706,533,"75,50",533,0,"100,00",173,"24,50",2,171,"24,22"
171790,PONTE ALTA DO TOCANTINS,TO,11/2022,708,532,"75,14",532,0,"100,00",176,"24,86",4,172,"24,29"
171800,PORTO ALEGRE DO TOCANTINS,TO,11/2022,317,309,"97,48",297,12,"96,12",8,"2,52",1,7,"2,21"
171800,PORTO ALEGRE DO TOCANTINS,TO,07/2022,325,269,"82,77",261,8,"97,03",56,"17,23",9,47,"14,46"
171800,PORTO ALEGRE DO TOCANTINS,TO,09/2022,319,313,"98,12",302,11,"96,49",6,"1,88",0,6,"1,88"
171820,PORTO NACIONAL,TO,09/2022,4830,3972,"82,24",3948,24,"99,40",858,"17,76",40,818,"16,94"
171820,PORTO NACIONAL,TO,07/2022,4894,3557,"72,68",3557,0,"100,00",1337,"27,32",23,1314,"26,85"
171820,PORTO NACIONAL,TO,11/2022,4660,4139,"88,82",4084,55,"98,67",521,"11,18",19,502,"10,77"
171830,PRAIA NORTE,TO,11/2022,839,751,"89,51",751,0,"100,00",88,"10,49",11,77,"9,18"
171830,PRAIA NORTE,TO,09/2022,850,750,"88,24",741,9,"98,80",100,"11,76",9,91,"10,71"
171830,PRAIA NORTE,TO,07/2022,875,456,"52,11",456,0,"100,00",419,"47,89",386,33,"3,77"
171840,PRESIDENTE KENNEDY,TO,07/2022,214,178,"83,18",178,0,"100,00",36,"16,82",6,30,"14,02"
171840,PRESIDENTE KENNEDY,TO,09/2022,215,181,"84,19",181,0,"100,00",34,"15,81",4,30,"13,95"
171840,PRESIDENTE KENNEDY,TO,11/2022,199,171,"85,93",171,0,"100,00",28,"14,07",4,24,"12,06"
171845,PUGMIL,TO,11/2022,247,186,"75,30",186,0,"100,00",61,"24,70",2,59,"23,89"
171845,PUGMIL,TO,07/2022,237,166,"70,04",166,0,"100,00",71,"29,96",27,44,"18,57"
171845,PUGMIL,TO,09/2022,230,0,"0,00",0,0,,230,"100,00",186,44,"19,13"
171850,RECURSOLÂNDIA,TO,07/2022,525,457,"87,05",457,0,"100,00",68,"12,95",3,65,"12,38"
171850,RECURSOLÂNDIA,TO,09/2022,518,453,"87,45",440,13,"97,13",65,"12,55",0,65,"12,55"
171850,RECURSOLÂNDIA,TO,11/2022,519,469,"90,37",405,64,"86,35",50,"9,63",5,45,"8,67"
171855,RIACHINHO,TO,11/2022,451,416,"92,24",416,0,"100,00",35,"7,76",0,35,"7,76"
171855,RIACHINHO,TO,07/2022,431,373,"86,54",373,0,"100,00",58,"13,46",0,58,"13,46"
171855,RIACHINHO,TO,09/2022,427,290,"67,92",290,0,"100,00",137,"32,08",74,63,"14,75"
171865,RIO DA CONCEIÇÃO,TO,07/2022,195,190,"97,44",190,0,"100,00",5,"2,56",0,5,"2,56"
171865,RIO DA CONCEIÇÃO,TO,09/2022,195,192,"98,46",166,26,"86,46",3,"1,54",0,3,"1,54"
171865,RIO DA CONCEIÇÃO,TO,11/2022,189,187,"98,94",167,20,"89,30",2,"1,06",0,2,"1,06"
171870,RIO DOS BOIS,TO,11/2022,240,223,"92,92",213,10,"95,52",17,"7,08",4,13,"5,42"
171870,RIO DOS BOIS,TO,09/2022,248,226,"91,13",219,7,"96,90",22,"8,87",2,20,"8,06"
171870,RIO DOS BOIS,TO,07/2022,253,236,"93,28",236,0,"100,00",17,"6,72",8,9,"3,56"
171875,RIO SONO,TO,07/2022,562,477,"84,88",477,0,"100,00",85,"15,12",4,81,"14,41"
171875,RIO SONO,TO,09/2022,542,533,"98,34",511,22,"95,87",9,"1,66",6,3,"0,55"
171875,RIO SONO,TO,11/2022,540,534,"98,89",521,13,"97,57",6,"1,11",2,4,"0,74"
171880,SAMPAIO,TO,11/2022,686,384,"55,98",375,9,"97,66",302,"44,02",3,299,"43,59"
171880,SAMPAIO,TO,09/2022,699,386,"55,22",381,5,"98,70",313,"44,78",10,303,"43,35"
171880,SAMPAIO,TO,07/2022,694,386,"55,62",386,0,"100,00",308,"44,38",14,294,"42,36"
171884,SANDOLÂNDIA,TO,09/2022,421,399,"94,77",376,23,"94,24",22,"5,23",8,14,"3,33"
171884,SANDOLÂNDIA,TO,07/2022,402,176,"43,78",175,1,"99,43",226,"56,22",196,30,"7,46"
171884,SANDOLÂNDIA,TO,11/2022,416,372,"89,42",365,7,"98,12",44,"10,58",16,28,"6,73"
171886,SANTA FÉ DO ARAGUAIA,TO,11/2022,577,287,"49,74",287,0,"100,00",290,"50,26",147,143,"24,78"
171886,SANTA FÉ DO ARAGUAIA,TO,07/2022,564,185,"32,80",185,0,"100,00",379,"67,20",232,147,"26,06"
171886,SANTA FÉ DO ARAGUAIA,TO,09/2022,593,426,"71,84",420,6,"98,59",167,"28,16",17,150,"25,30"
171888,SANTA MARIA DO TOCANTINS,TO,09/2022,274,268,"97,81",268,0,"100,00",6,"2,19",0,6,"2,19"
171888,SANTA MARIA DO TOCANTINS,TO,07/2022,276,260,"94,20",260,0,"100,00",16,"5,80",3,13,"4,71"
171888,SANTA MARIA DO TOCANTINS,TO,11/2022,262,255,"97,33",253,2,"99,22",7,"2,67",3,4,"1,53"
171889,SANTA RITA DO TOCANTINS,TO,11/2022,155,74,"47,74",74,0,"100,00",81,"52,26",42,39,"25,16"
171889,SANTA RITA DO TOCANTINS,TO,07/2022,159,105,"66,04",105,0,"100,00",54,"33,96",17,37,"23,27"
171889,SANTA RITA DO TOCANTINS,TO,09/2022,157,101,"64,33",99,2,"98,02",56,"35,67",16,40,"25,48"
171890,SANTA ROSA DO TOCANTINS,TO,07/2022,595,465,"78,15",464,1,"99,78",130,"21,85",1,129,"21,68"
171890,SANTA ROSA DO TOCANTINS,TO,09/2022,562,489,"87,01",488,1,"99,80",73,"12,99",3,70,"12,46"
171890,SANTA ROSA DO TOCANTINS,TO,11/2022,555,489,"88,11",489,0,"100,00",66,"11,89",1,65,"11,71"
171900,SANTA TEREZA DO TOCANTINS,TO,11/2022,234,231,"98,72",231,0,"100,00",3,"1,28",0,3,"1,28"
171900,SANTA TEREZA DO TOCANTINS,TO,07/2022,260,247,"95,00",245,2,"99,19",13,"5,00",5,8,"3,08"
171900,SANTA TEREZA DO TOCANTINS,TO,09/2022,243,237,"97,53",228,9,"96,20",6,"2,47",2,4,"1,65"
172000,SANTA TEREZINHA DO TOCANTINS,TO,09/2022,191,185,"96,86",180,5,"97,30",6,"3,14",1,5,"2,62"
172000,SANTA TEREZINHA DO TOCANTINS,TO,07/2022,199,177,"88,94",177,0,"100,00",22,"11,06",3,19,"9,55"
172000,SANTA TEREZINHA DO TOCANTINS,TO,11/2022,185,180,"97,30",175,5,"97,22",5,"2,70",0,5,"2,70"
172010,SÃO BENTO DO TOCANTINS,TO,11/2022,651,359,"55,15",359,0,"100,00",292,"44,85",0,292,"44,85"
172010,SÃO BENTO DO TOCANTINS,TO,09/2022,664,366,"55,12",366,0,"100,00",298,"44,88",1,297,"44,73"
172010,SÃO BENTO DO TOCANTINS,TO,07/2022,663,383,"57,77",383,0,"100,00",280,"42,23",4,276,"41,63"
172015,SÃO FÉLIX DO TOCANTINS,TO,09/2022,190,159,"83,68",142,17,"89,31",31,"16,32",25,6,"3,16"
172015,SÃO FÉLIX DO TOCANTINS,TO,07/2022,209,184,"88,04",181,3,"98,37",25,"11,96",16,9,"4,31"
172015,SÃO FÉLIX DO TOCANTINS,TO,11/2022,193,173,"89,64",152,21,"87,86",20,"10,36",10,10,"5,18"
172020,SÃO MIGUEL DO TOCANTINS,TO,11/2022,1491,1091,"73,17",1087,4,"99,63",400,"26,83",88,312,"20,93"
172020,SÃO MIGUEL DO TOCANTINS,TO,09/2022,1498,1084,"72,36",1082,2,"99,82",414,"27,64",87,327,"21,83"
172020,SÃO MIGUEL DO TOCANTINS,TO,07/2022,1520,1081,"71,12",1081,0,"100,00",439,"28,88",125,314,"20,66"
172025,SÃO SALVADOR DO TOCANTINS,TO,07/2022,301,247,"82,06",247,0,"100,00",54,"17,94",32,22,"7,31"
172025,SÃO SALVADOR DO TOCANTINS,TO,09/2022,307,193,"62,87",191,2,"98,96",114,"37,13",89,25,"8,14"
172025,SÃO SALVADOR DO TOCANTINS,TO,11/2022,346,315,"91,04",314,1,"99,68",31,"8,96",3,28,"8,09"
172030,SÃO SEBASTIÃO DO TOCANTINS,TO,11/2022,480,441,"91,88",441,0,"100,00",39,"8,13",6,33,"6,88"
172030,SÃO SEBASTIÃO DO TOCANTINS,TO,09/2022,552,452,"81,88",451,1,"99,78",100,"18,12",8,92,"16,67"
172030,SÃO SEBASTIÃO DO TOCANTINS,TO,07/2022,572,473,"82,69",473,0,"100,00",99,"17,31",13,86,"15,03"
172049,SÃO VALÉRIO DA NATIVIDADE,TO,07/2022,468,245,"52,35",245,0,"100,00",223,"47,65",130,93,"19,87"
172049,SÃO VALÉRIO DA NATIVIDADE,TO,09/2022,457,348,"76,15",336,12,"96,55",109,"23,85",31,78,"17,07"
172049,SÃO VALÉRIO DA NATIVIDADE,TO,11/2022,445,310,"69,66",305,5,"98,39",135,"30,34",57,78,"17,53"
172065,SILVANÓPOLIS,TO,11/2022,681,633,"92,95",633,0,"100,00",48,"7,05",5,43,"6,31"
172065,SILVANÓPOLIS,TO,07/2022,697,613,"87,95",613,0,"100,00",84,"12,05",7,77,"11,05"
172065,SILVANÓPOLIS,TO,09/2022,701,651,"92,87",651,0,"100,00",50,"7,13",12,38,"5,42"
172080,SÍTIO NOVO DO TOCANTINS,TO,07/2022,1163,792,"68,10",792,0,"100,00",371,"31,90",11,360,"30,95"
172080,SÍTIO NOVO DO TOCANTINS,TO,09/2022,1124,772,"68,68",767,5,"99,35",352,"31,32",2,350,"31,14"
172080,SÍTIO NOVO DO TOCANTINS,TO,11/2022,1092,762,"69,78",752,10,"98,69",330,"30,22",3,327,"29,95"
172085,SUCUPIRA,TO,11/2022,121,103,"85,12",102,1,"99,03",18,"14,88",1,17,"14,05"
172085,SUCUPIRA,TO,09/2022,125,103,"82,40",101,2,"98,06",22,"17,60",0,22,"17,60"
172085,SUCUPIRA,TO,07/2022,132,106,"80,30",106,0,"100,00",26,"19,70",0,26,"19,70"
172090,TAGUATINGA,TO,07/2022,1595,1128,"70,72",1128,0,"100,00",467,"29,28",53,414,"25,96"
172090,TAGUATINGA,TO,09/2022,1584,1119,"70,64",1118,1,"99,91",465,"29,36",49,416,"26,26"
172090,TAGUATINGA,TO,11/2022,1547,1430,"92,44",1430,0,"100,00",117,"7,56",0,117,"7,56"
172093,TAIPAS DO TOCANTINS,TO,11/2022,197,189,"95,94",187,2,"98,94",8,"4,06",1,7,"3,55"
172093,TAIPAS DO TOCANTINS,TO,07/2022,197,0,"0,00",0,0,,197,"100,00",168,29,"14,72"
172093,TAIPAS DO TOCANTINS,TO,09/2022,201,193,"96,02",190,3,"98,45",8,"3,98",3,5,"2,49"
172097,TALISMÃ,TO,07/2022,173,156,"90,17",156,0,"100,00",17,"9,83",8,9,"5,20"
172097,TALISMÃ,TO,09/2022,167,150,"89,82",149,1,"99,33",17,"10,18",8,9,"5,39"
172097,TALISMÃ,TO,11/2022,164,154,"93,90",154,0,"100,00",10,"6,10",0,10,"6,10"
172100,PALMAS,TO,11/2022,16511,16256,"98,46",16139,117,"99,28",255,"1,54",213,42,"0,25"
172100,PALMAS,TO,09/2022,16418,15432,"93,99",15306,126,"99,18",986,"6,01",903,83,"0,51"
172100,PALMAS,TO,07/2022,15696,14496,"92,35",14485,11,"99,92",1200,"7,65",1152,48,"0,31"
172110,TOCANTÍNIA,TO,07/2022,1389,0,"0,00",0,0,,1389,"100,00",1070,319,"22,97"
172110,TOCANTÍNIA,TO,09/2022,1407,936,"66,52",931,5,"99,47",471,"33,48",34,437,"31,06"
172110,TOCANTÍNIA,TO,11/2022,1389,932,"67,10",930,2,"99,79",457,"32,90",16,441,"31,75"
172120,TOCANTINÓPOLIS,TO,11/2022,2599,2315,"89,07",2222,93,"95,98",284,"10,93",23,261,"10,04"
172120,TOCANTINÓPOLIS,TO,09/2022,2677,2147,"80,20",2086,61,"97,16",530,"19,80",46,484,"18,08"
172120,TOCANTINÓPOLIS,TO,07/2022,2706,1892,"69,92",1889,3,"99,84",814,"30,08",321,493,"18,22"
172125,TUPIRAMA,TO,07/2022,138,120,"86,96",120,0,"100,00",18,"13,04",0,18,"13,04"
172125,TUPIRAMA,TO,09/2022,139,113,"81,29",109,4,"96,46",26,"18,71",0,26,"18,71"
172125,TUPIRAMA,TO,11/2022,140,108,"77,14",104,4,"96,30",32,"22,86",3,29,"20,71"
172130,TUPIRATINS,TO,11/2022,169,156,"92,31",150,6,"96,15",13,"7,69",3,10,"5,92"
172130,TUPIRATINS,TO,07/2022,173,143,"82,66",143,0,"100,00",30,"17,34",7,23,"13,29"
172130,TUPIRATINS,TO,09/2022,174,147,"84,48",141,6,"95,92",27,"15,52",4,23,"13,22"
172208,WANDERLÂNDIA,TO,09/2022,1102,679,"61,62",677,2,"99,71",423,"38,38",217,206,"18,69"
172208,WANDERLÂNDIA,TO,07/2022,1103,688,"62,38",687,1,"99,85",415,"37,62",204,211,"19,13"
172208,WANDERLÂNDIA,TO,11/2022,1092,867,"79,40",859,8,"99,08",225,"20,60",11,214,"19,60"
172210,XAMBIOÁ,TO,11/2022,1181,851,"72,06",851,0,"100,00",330,"27,94",22,308,"26,08"
172210,XAMBIOÁ,TO,09/2022,1195,859,"71,88",844,15,"98,25",336,"28,12",44,292,"24,44"
172210,XAMBIOÁ,TO,07/2022,1201,871,"72,52",871,0,"100,00",330,"27,48",50,280,"23,31"