version https://git-lfs.github.com/spec/v1
oid sha256:134601bb461ae10621e6ffcd5efede0ddf35c54041507b6bbde420af0db4e846
size 100955
