version https://git-lfs.github.com/spec/v1
oid sha256:2b6aae54b6bf268c7c96cc766983d04cb8278c3387320d741aca1c814e93551e
size 39762427
