DATAFLOW,LAST UPDATE,freq,indic_de,geo,TIME_PERIOD,OBS_VALUE,OBS_FLAG,CONF_STATUS
ESTAT:DEMO_NIND(1.0),30/04/26 23:00:00,A,FAGEMAR1,AM,2006,25.4,,
ESTAT:DEMO_NIND(1.0),30/04/26 23:00:00,A,FAGEMAR1,AM,2007,25.8,,
ESTAT:DEMO_NIND(1.0),30/04/26 23:00:00,A,FAGEMAR1,AM,2008,25.7,,
ESTAT:DEMO_NIND(1.0),30/04/26 23:00:00,A,FAGEMAR1,AM,2009,25.5,,
ESTAT:DEMO_NIND(1.0),30/04/26 23:00:00,A,FAGEMAR1,AM,2015,26.8,,
ESTAT:DEMO_NIND(1.0),30/04/26 23:00:00,A,FAGEMAR1,AM,2017,26.7,,
ESTAT:DEMO_NIND(1.0),30/04/26 23:00:00,A,FAGEMAR1,AM,2018,26.7,,
ESTAT:DEMO_NIND(1.0),30/04/26 23:00:00,A,FAGEMAR1,AT,1990,25.2,,
ESTAT:DEMO_NIND(1.0),30/04/26 23:00:00,A,FAGEMAR1,AT,1991,25.4,,
ESTAT:DEMO_NIND(1.0),30/04/26 23:00:00,A,FAGEMAR1,AT,1992,25.6,,
ESTAT:DEMO_NIND(1.0),30/04/26 23:00:00,A,FAGEMAR1,AT,1993,25.8,,
ESTAT:DEMO_NIND(1.0),30/04/26 23:00:00,A,FAGEMAR1,AT,1994,26.1,,
ESTAT:DEMO_NIND(1.0),30/04/26 23:00:00,A,FAGEMAR1,AT,1995,26.3,,
ESTAT:DEMO_NIND(1.0),30/04/26 23:00:00,A,FAGEMAR1,AT,1996,26.5,,
ESTAT:DEMO_NIND(1.0),30/04/26 23:00:00,A,FAGEMAR1,AT,1997,26.8,,
ESTAT:DEMO_NIND(1.0),30/04/26 23:00:00,A,FAGEMAR1,AT,1998,26.9,,
ESTAT:DEMO_NIND(1.0),30/04/26 23:00:00,A,FAGEMAR1,AT,1999,27.3,,
ESTAT:DEMO_NIND(1.0),30/04/26 23:00:00,A,FAGEMAR1,AT,2000,27.4,,
ESTAT:DEMO_NIND(1.0),30/04/26 23:00:00,A,FAGEMAR1,AT,2001,27.5,,
ESTAT:DEMO_NIND(1.0),30/04/26 23:00:00,A,FAGEMAR1,AT,2002,27.7,,
ESTAT:DEMO_NIND(1.0),30/04/26 23:00:00,A,FAGEMAR1,AT,2003,27.9,,
ESTAT:DEMO_NIND(1.0),30/04/26 23:00:00,A,FAGEMAR1,AT,2004,28.2,,
ESTAT:DEMO_NIND(1.0),30/04/26 23:00:00,A,FAGEMAR1,AT,2005,28.6,,
ESTAT:DEMO_NIND(1.0),30/04/26 23:00:00,A,FAGEMAR1,AT,2006,29.1,,
ESTAT:DEMO_NIND(1.0),30/04/26 23:00:00,A,FAGEMAR1,AT,2007,29.3,,
ESTAT:DEMO_NIND(1.0),30/04/26 23:00:00,A,FAGEMAR1,AT,2008,29.5,,
ESTAT:DEMO_NIND(1.0),30/04/26 23:00:00,A,FAGEMAR1,AT,2009,29.9,,
ESTAT:DEMO_NIND(1.0),30/04/26 23:00:00,A,FAGEMAR1,AT,2011,30.3,,
ESTAT:DEMO_NIND(1.0),30/04/26 23:00:00,A,FAGEMAR1,AT,2012,30.6,,
ESTAT:DEMO_NIND(1.0),30/04/26 23:00:00,A,FAGEMAR1,AT,2013,30.7,,
ESTAT:DEMO_NIND(1.0),30/04/26 23:00:00,A,FAGEMAR1,AT,2014,30.9,,
ESTAT:DEMO_NIND(1.0),30/04/26 23:00:00,A,FAGEMAR1,AT,2015,31.2,,
ESTAT:DEMO_NIND(1.0),30/04/26 23:00:00,A,FAGEMAR1,AT,2016,31.3,,
ESTAT:DEMO_NIND(1.0),30/04/26 23:00:00,A,FAGEMAR1,AT,2017,31.5,,
ESTAT:DEMO_NIND(1.0),30/04/26 23:00:00,A,FAGEMAR1,AT,2018,31.7,,
ESTAT:DEMO_NIND(1.0),30/04/26 23:00:00,A,FAGEMAR1,AT,2019,32.0,,
ESTAT:DEMO_NIND(1.0),30/04/26 23:00:00,A,FAGEMAR1,AT,2023,32.7,,
ESTAT:DEMO_NIND(1.0),30/04/26 23:00:00,A,FAGEMAR1,AT,2024,32.8,,
ESTAT:DEMO_NIND(1.0),30/04/26 23:00:00,A,FAGEMAR1,AZ,2006,24.5,,
ESTAT:DEMO_NIND(1.0),30/04/26 23:00:00,A,FAGEMAR1,AZ,2007,24.5,,
ESTAT:DEMO_NIND(1.0),30/04/26 23:00:00,A,FAGEMAR1,AZ,2008,24.3,,
ESTAT:DEMO_NIND(1.0),30/04/26 23:00:00,A,FAGEMAR1,AZ,2009,24.3,,
ESTAT:DEMO_NIND(1.0),30/04/26 23:00:00,A,FAGEMAR1,AZ,2014,24.4,,
ESTAT:DEMO_NIND(1.0),30/04/26 23:00:00,A,FAGEMAR1,AZ,2017,23.9,,
ESTAT:DEMO_NIND(1.0),30/04/26 23:00:00,A,FAGEMAR1,AZ,2018,23.8,,
ESTAT:DEMO_NIND(1.0),30/04/26 23:00:00,A,FAGEMAR1,AZ,2019,24.0,,
ESTAT:DEMO_NIND(1.0),30/04/26 23:00:00,A,FAGEMAR1,BE,1990,24.4,,
ESTAT:DEMO_NIND(1.0),30/04/26 23:00:00,A,FAGEMAR1,BE,1991,24.0,,
ESTAT:DEMO_NIND(1.0),30/04/26 23:00:00,A,FAGEMAR1,BE,1992,24.8,,
ESTAT:DEMO_NIND(1.0),30/04/26 23:00:00,A,FAGEMAR1,BE,1993,25.1,,
ESTAT:DEMO_NIND(1.0),30/04/26 23:00:00,A,FAGEMAR1,BE,1994,25.4,,
ESTAT:DEMO_NIND(1.0),30/04/26 23:00:00,A,FAGEMAR1,BE,1995,25.6,,
ESTAT:DEMO_NIND(1.0),30/04/26 23:00:00,A,FAGEMAR1,BE,1996,25.7,,
ESTAT:DEMO_NIND(1.0),30/04/26 23:00:00,A,FAGEMAR1,BE,1997,25.9,,
ESTAT:DEMO_NIND(1.0),30/04/26 23:00:00,A,FAGEMAR1,BE,1998,26.0,,
ESTAT:DEMO_NIND(1.0),30/04/26 23:00:00,A,FAGEMAR1,BE,1999,26.3,,
ESTAT:DEMO_NIND(1.0),30/04/26 23:00:00,A,FAGEMAR1,BE,2000,26.9,,
ESTAT:DEMO_NIND(1.0),30/04/26 23:00:00,A,FAGEMAR1,BE,2001,26.7,,
ESTAT:DEMO_NIND(1.0),30/04/26 23:00:00,A,FAGEMAR1,BE,2002,27.0,,
ESTAT:DEMO_NIND(1.0),30/04/26 23:00:00,A,FAGEMAR1,BE,2003,27.5,,
ESTAT:DEMO_NIND(1.0),30/04/26 23:00:00,A,FAGEMAR1,BE,2004,27.9,,
ESTAT:DEMO_NIND(1.0),30/04/26 23:00:00,A,FAGEMAR1,BE,2005,28.1,,
ESTAT:DEMO_NIND(1.0),30/04/26 23:00:00,A,FAGEMAR1,BE,2006,28.4,,
ESTAT:DEMO_NIND(1.0),30/04/26 23:00:00,A,FAGEMAR1,BE,2007,28.6,,
ESTAT:DEMO_NIND(1.0),30/04/26 23:00:00,A,FAGEMAR1,BE,2008,28.9,,
ESTAT:DEMO_NIND(1.0),30/04/26 23:00:00,A,FAGEMAR1,BE,2009,29.3,,
ESTAT:DEMO_NIND(1.0),30/04/26 23:00:00,A,FAGEMAR1,BE,2010,29.4,,
ESTAT:DEMO_NIND(1.0),30/04/26 23:00:00,A,FAGEMAR1,BE,2011,,b,
ESTAT:DEMO_NIND(1.0),30/04/26 23:00:00,A,FAGEMAR1,BE,2017,31.2,,
ESTAT:DEMO_NIND(1.0),30/04/26 23:00:00,A,FAGEMAR1,BE,2020,32.0,,
ESTAT:DEMO_NIND(1.0),30/04/26 23:00:00,A,FAGEMAR1,BE,2021,32.2,,
ESTAT:DEMO_NIND(1.0),30/04/26 23:00:00,A,FAGEMAR1,BE,2022,32.7,,
ESTAT:DEMO_NIND(1.0),30/04/26 23:00:00,A,FAGEMAR1,BE,2023,32.9,,
ESTAT:DEMO_NIND(1.0),30/04/26 23:00:00,A,FAGEMAR1,BG,1990,21.5,,
ESTAT:DEMO_NIND(1.0),30/04/26 23:00:00,A,FAGEMAR1,BG,1991,21.5,,
ESTAT:DEMO_NIND(1.0),30/04/26 23:00:00,A,FAGEMAR1,BG,1992,21.7,,
ESTAT:DEMO_NIND(1.0),30/04/26 23:00:00,A,FAGEMAR1,BG,1993,22.0,,
ESTAT:DEMO_NIND(1.0),30/04/26 23:00:00,A,FAGEMAR1,BG,1994,22.4,,
ESTAT:DEMO_NIND(1.0),30/04/26 23:00:00,A,FAGEMAR1,BG,1995,22.7,,
ESTAT:DEMO_NIND(1.0),30/04/26 23:00:00,A,FAGEMAR1,BG,1996,23.0,,
ESTAT:DEMO_NIND(1.0),30/04/26 23:00:00,A,FAGEMAR1,BG,1997,23.3,,
ESTAT:DEMO_NIND(1.0),30/04/26 23:00:00,A,FAGEMAR1,BG,1998,23.4,,
ESTAT:DEMO_NIND(1.0),30/04/26 23:00:00,A,FAGEMAR1,BG,1999,23.7,,
ESTAT:DEMO_NIND(1.0),30/04/26 23:00:00,A,FAGEMAR1,BG,2000,24.7,,
ESTAT:DEMO_NIND(1.0),30/04/26 23:00:00,A,FAGEMAR1,BG,2001,24.7,,
ESTAT:DEMO_NIND(1.0),30/04/26 23:00:00,A,FAGEMAR1,BG,2002,24.6,,
ESTAT:DEMO_NIND(1.0),30/04/26 23:00:00,A,FAGEMAR1,BG,2003,25.0,,
ESTAT:DEMO_NIND(1.0),30/04/26 23:00:00,A,FAGEMAR1,BG,2004,25.3,,
ESTAT:DEMO_NIND(1.0),30/04/26 23:00:00,A,FAGEMAR1,BG,2005,25.6,,
ESTAT:DEMO_NIND(1.0),30/04/26 23:00:00,A,FAGEMAR1,BG,2006,25.7,,
ESTAT:DEMO_NIND(1.0),30/04/26 23:00:00,A,FAGEMAR1,BG,2007,25.8,,
ESTAT:DEMO_NIND(1.0),30/04/26 23:00:00,A,FAGEMAR1,BG,2008,25.9,,
ESTAT:DEMO_NIND(1.0),30/04/26 23:00:00,A,FAGEMAR1,BG,2009,26.2,,
ESTAT:DEMO_NIND(1.0),30/04/26 23:00:00,A,FAGEMAR1,BG,2010,26.6,,
ESTAT:DEMO_NIND(1.0),30/04/26 23:00:00,A,FAGEMAR1,BG,2011,26.6,,
ESTAT:DEMO_NIND(1.0),30/04/26 23:00:00,A,FAGEMAR1,BG,2013,26.7,,
ESTAT:DEMO_NIND(1.0),30/04/26 23:00:00,A,FAGEMAR1,BG,2014,26.9,,
ESTAT:DEMO_NIND(1.0),30/04/26 23:00:00,A,FAGEMAR1,BG,2015,27.0,,
ESTAT:DEMO_NIND(1.0),30/04/26 23:00:00,A,FAGEMAR1,BG,2016,27.1,,
ESTAT:DEMO_NIND(1.0),30/04/26 23:00:00,A,FAGEMAR1,BG,2017,27.3,,
ESTAT:DEMO_NIND(1.0),30/04/26 23:00:00,A,FAGEMAR1,BG,2018,27.5,,
ESTAT:DEMO_NIND(1.0),30/04/26 23:00:00,A,FAGEMAR1,BG,2019,27.8,,
ESTAT:DEMO_NIND(1.0),30/04/26 23:00:00,A,FAGEMAR1,BG,2020,28.1,,
ESTAT:DEMO_NIND(1.0),30/04/26 23:00:00,A,FAGEMAR1,BG,2021,28.3,,
ESTAT:DEMO_NIND(1.0),30/04/26 23:00:00,A,FAGEMAR1,BG,2022,28.6,b,
ESTAT:DEMO_NIND(1.0),30/04/26 23:00:00,A,FAGEMAR1,BG,2023,28.9,,
ESTAT:DEMO_NIND(1.0),30/04/26 23:00:00,A,FAGEMAR1,BG,2024,29.3,,
ESTAT:DEMO_NIND(1.0),30/04/26 23:00:00,A,FAGEMAR1,BY,2006,23.9,,
ESTAT:DEMO_NIND(1.0),30/04/26 23:00:00,A,FAGEMAR1,BY,2007,24.0,,
ESTAT:DEMO_NIND(1.0),30/04/26 23:00:00,A,FAGEMAR1,BY,2008,24.1,,
ESTAT:DEMO_NIND(1.0),30/04/26 23:00:00,A,FAGEMAR1,BY,2011,24.4,,
ESTAT:DEMO_NIND(1.0),30/04/26 23:00:00,A,FAGEMAR1,BY,2012,24.4,,
ESTAT:DEMO_NIND(1.0),30/04/26 23:00:00,A,FAGEMAR1,BY,2013,24.7,,
ESTAT:DEMO_NIND(1.0),30/04/26 23:00:00,A,FAGEMAR1,BY,2014,24.8,,
ESTAT:DEMO_NIND(1.0),30/04/26 23:00:00,A,FAGEMAR1,BY,2015,24.8,,
ESTAT:DEMO_NIND(1.0),30/04/26 23:00:00,A,FAGEMAR1,BY,2016,24.9,,
ESTAT:DEMO_NIND(1.0),30/04/26 23:00:00,A,FAGEMAR1,BY,2017,24.9,,
ESTAT:DEMO_NIND(1.0),30/04/26 23:00:00,A,FAGEMAR1,BY,2018,25.1,,
ESTAT:DEMO_NIND(1.0),30/04/26 23:00:00,A,FAGEMAR1,CH,1990,27.0,,
ESTAT:DEMO_NIND(1.0),30/04/26 23:00:00,A,FAGEMAR1,CH,1991,27.1,,
ESTAT:DEMO_NIND(1.0),30/04/26 23:00:00,A,FAGEMAR1,CH,1992,27.1,,
ESTAT:DEMO_NIND(1.0),30/04/26 23:00:00,A,FAGEMAR1,CH,1993,27.2,,
ESTAT:DEMO_NIND(1.0),30/04/26 23:00:00,A,FAGEMAR1,CH,1994,27.4,,
ESTAT:DEMO_NIND(1.0),30/04/26 23:00:00,A,FAGEMAR1,CH,1995,27.5,,
ESTAT:DEMO_NIND(1.0),30/04/26 23:00:00,A,FAGEMAR1,CH,1997,27.8,,
ESTAT:DEMO_NIND(1.0),30/04/26 23:00:00,A,FAGEMAR1,CH,1998,27.9,,
ESTAT:DEMO_NIND(1.0),30/04/26 23:00:00,A,FAGEMAR1,CH,1999,28.0,,
ESTAT:DEMO_NIND(1.0),30/04/26 23:00:00,A,FAGEMAR1,CH,2000,28.2,,
ESTAT:DEMO_NIND(1.0),30/04/26 23:00:00,A,FAGEMAR1,CH,2001,28.4,,
ESTAT:DEMO_NIND(1.0),30/04/26 23:00:00,A,FAGEMAR1,CH,2003,28.7,,
ESTAT:DEMO_NIND(1.0),30/04/26 23:00:00,A,FAGEMAR1,CH,2004,29.0,,
ESTAT:DEMO_NIND(1.0),30/04/26 23:00:00,A,FAGEMAR1,CH,2005,29.1,,
ESTAT:DEMO_NIND(1.0),30/04/26 23:00:00,A,FAGEMAR1,CH,2006,29.1,,
ESTAT:DEMO_NIND(1.0),30/04/26 23:00:00,A,FAGEMAR1,CH,2007,29.3,,
ESTAT:DEMO_NIND(1.0),30/04/26 23:00:00,A,FAGEMAR1,CH,2008,29.6,,
ESTAT:DEMO_NIND(1.0),30/04/26 23:00:00,A,FAGEMAR1,CH,2009,29.6,,
ESTAT:DEMO_NIND(1.0),30/04/26 23:00:00,A,FAGEMAR1,CH,2010,29.8,,
ESTAT:DEMO_NIND(1.0),30/04/26 23:00:00,A,FAGEMAR1,CH,2011,29.9,,
ESTAT:DEMO_NIND(1.0),30/04/26 23:00:00,A,FAGEMAR1,CH,2012,29.9,,
ESTAT:DEMO_NIND(1.0),30/04/26 23:00:00,A,FAGEMAR1,CH,2013,30.1,,
ESTAT:DEMO_NIND(1.0),30/04/26 23:00:00,A,FAGEMAR1,CH,2014,30.1,,
ESTAT:DEMO_NIND(1.0),30/04/26 23:00:00,A,FAGEMAR1,CH,2015,30.2,,
ESTAT:DEMO_NIND(1.0),30/04/26 23:00:00,A,FAGEMAR1,CH,2016,30.4,,
ESTAT:DEMO_NIND(1.0),30/04/26 23:00:00,A,FAGEMAR1,CH,2017,30.4,,
ESTAT:DEMO_NIND(1.0),30/04/26 23:00:00,A,FAGEMAR1,CH,2018,30.5,,
ESTAT:DEMO_NIND(1.0),30/04/26 23:00:00,A,FAGEMAR1,CH,2019,30.7,,
ESTAT:DEMO_NIND(1.0),30/04/26 23:00:00,A,FAGEMAR1,CH,2020,30.9,,
ESTAT:DEMO_NIND(1.0),30/04/26 23:00:00,A,FAGEMAR1,CH,2021,30.9,,
ESTAT:DEMO_NIND(1.0),30/04/26 23:00:00,A,FAGEMAR1,CH,2022,31.1,,
ESTAT:DEMO_NIND(1.0),30/04/26 23:00:00,A,FAGEMAR1,CH,2023,31.2,,
ESTAT:DEMO_NIND(1.0),30/04/26 23:00:00,A,FAGEMAR1,CH,2024,31.3,,
ESTAT:DEMO_NIND(1.0),30/04/26 23:00:00,A,FAGEMAR1,CY,1990,24.9,,
ESTAT:DEMO_NIND(1.0),30/04/26 23:00:00,A,FAGEMAR1,CY,1991,24.6,,
ESTAT:DEMO_NIND(1.0),30/04/26 23:00:00,A,FAGEMAR1,CY,1992,25.4,,
ESTAT:DEMO_NIND(1.0),30/04/26 23:00:00,A,FAGEMAR1,CY,1993,25.2,,
ESTAT:DEMO_NIND(1.0),30/04/26 23:00:00,A,FAGEMAR1,CY,1994,25.8,,
ESTAT:DEMO_NIND(1.0),30/04/26 23:00:00,A,FAGEMAR1,CY,1995,25.7,,
ESTAT:DEMO_NIND(1.0),30/04/26 23:00:00,A,FAGEMAR1,CY,1996,26.0,,
ESTAT:DEMO_NIND(1.0),30/04/26 23:00:00,A,FAGEMAR1,CY,1997,26.2,,
ESTAT:DEMO_NIND(1.0),30/04/26 23:00:00,A,FAGEMAR1,CY,1998,26.4,,
ESTAT:DEMO_NIND(1.0),30/04/26 23:00:00,A,FAGEMAR1,CY,1999,26.4,,
ESTAT:DEMO_NIND(1.0),30/04/26 23:00:00,A,FAGEMAR1,CY,2000,26.9,,
ESTAT:DEMO_NIND(1.0),30/04/26 23:00:00,A,FAGEMAR1,CY,2001,27.2,,
ESTAT:DEMO_NIND(1.0),30/04/26 23:00:00,A,FAGEMAR1,CY,2002,27.3,,
ESTAT:DEMO_NIND(1.0),30/04/26 23:00:00,A,FAGEMAR1,CY,2003,27.8,,
ESTAT:DEMO_NIND(1.0),30/04/26 23:00:00,A,FAGEMAR1,CY,2004,27.3,,
ESTAT:DEMO_NIND(1.0),30/04/26 23:00:00,A,FAGEMAR1,CY,2005,27.3,,
ESTAT:DEMO_NIND(1.0),30/04/26 23:00:00,A,FAGEMAR1,CY,2006,27.7,,
ESTAT:DEMO_NIND(1.0),30/04/26 23:00:00,A,FAGEMAR1,CZ,1990,21.6,,
ESTAT:DEMO_NIND(1.0),30/04/26 23:00:00,A,FAGEMAR1,CZ,1991,21.6,,
ESTAT:DEMO_NIND(1.0),30/04/26 23:00:00,A,FAGEMAR1,CZ,1992,21.9,,
ESTAT:DEMO_NIND(1.0),30/04/26 23:00:00,A,FAGEMAR1,CZ,1993,22.1,,
ESTAT:DEMO_NIND(1.0),30/04/26 23:00:00,A,FAGEMAR1,CZ,1994,22.4,,
ESTAT:DEMO_NIND(1.0),30/04/26 23:00:00,A,FAGEMAR1,CZ,1995,22.8,,
ESTAT:DEMO_NIND(1.0),30/04/26 23:00:00,A,FAGEMAR1,CZ,1996,23.1,,
ESTAT:DEMO_NIND(1.0),30/04/26 23:00:00,A,FAGEMAR1,CZ,1997,23.6,,
ESTAT:DEMO_NIND(1.0),30/04/26 23:00:00,A,FAGEMAR1,CZ,1998,23.8,,
ESTAT:DEMO_NIND(1.0),30/04/26 23:00:00,A,FAGEMAR1,CZ,1999,24.2,,
ESTAT:DEMO_NIND(1.0),30/04/26 23:00:00,A,FAGEMAR1,CZ,2000,24.6,,
ESTAT:DEMO_NIND(1.0),30/04/26 23:00:00,A,FAGEMAR1,CZ,2001,25.0,,
ESTAT:DEMO_NIND(1.0),30/04/26 23:00:00,A,FAGEMAR1,CZ,2002,25.4,,
ESTAT:DEMO_NIND(1.0),30/04/26 23:00:00,A,FAGEMAR1,CZ,2003,25.8,,
ESTAT:DEMO_NIND(1.0),30/04/26 23:00:00,A,FAGEMAR1,CZ,2004,26.1,,
ESTAT:DEMO_NIND(1.0),30/04/26 23:00:00,A,FAGEMAR1,CZ,2005,26.4,,
ESTAT:DEMO_NIND(1.0),30/04/26 23:00:00,A,FAGEMAR1,CZ,2006,26.8,,
ESTAT:DEMO_NIND(1.0),30/04/26 23:00:00,A,FAGEMAR1,CZ,2007,27.0,,
ESTAT:DEMO_NIND(1.0),30/04/26 23:00:00,A,FAGEMAR1,CZ,2008,27.2,,
ESTAT:DEMO_NIND(1.0),30/04/26 23:00:00,A,FAGEMAR1,CZ,2009,27.6,,
ESTAT:DEMO_NIND(1.0),30/04/26 23:00:00,A,FAGEMAR1,CZ,2010,27.9,,
ESTAT:DEMO_NIND(1.0),30/04/26 23:00:00,A,FAGEMAR1,CZ,2011,28.1,,
ESTAT:DEMO_NIND(1.0),30/04/26 23:00:00,A,FAGEMAR1,CZ,2012,28.3,,
ESTAT:DEMO_NIND(1.0),30/04/26 23:00:00,A,FAGEMAR1,CZ,2013,28.5,,
ESTAT:DEMO_NIND(1.0),30/04/26 23:00:00,A,FAGEMAR1,CZ,2014,28.7,,
ESTAT:DEMO_NIND(1.0),30/04/26 23:00:00,A,FAGEMAR1,CZ,2015,28.8,,
ESTAT:DEMO_NIND(1.0),30/04/26 23:00:00,A,FAGEMAR1,CZ,2016,29.0,,
ESTAT:DEMO_NIND(1.0),30/04/26 23:00:00,A,FAGEMAR1,CZ,2017,29.1,,
ESTAT:DEMO_NIND(1.0),30/04/26 23:00:00,A,FAGEMAR1,CZ,2018,29.2,,
ESTAT:DEMO_NIND(1.0),30/04/26 23:00:00,A,FAGEMAR1,CZ,2019,29.4,,
ESTAT:DEMO_NIND(1.0),30/04/26 23:00:00,A,FAGEMAR1,CZ,2020,29.7,,
ESTAT:DEMO_NIND(1.0),30/04/26 23:00:00,A,FAGEMAR1,CZ,2021,29.9,,
ESTAT:DEMO_NIND(1.0),30/04/26 23:00:00,A,FAGEMAR1,CZ,2022,30.2,,
ESTAT:DEMO_NIND(1.0),30/04/26 23:00:00,A,FAGEMAR1,CZ,2023,30.4,,
ESTAT:DEMO_NIND(1.0),30/04/26 23:00:00,A,FAGEMAR1,CZ,2024,30.4,,
ESTAT:DEMO_NIND(1.0),30/04/26 23:00:00,A,FAGEMAR1,DE,1991,25.9,,
ESTAT:DEMO_NIND(1.0),30/04/26 23:00:00,A,FAGEMAR1,DE,1992,26.1,,
ESTAT:DEMO_NIND(1.0),30/04/26 23:00:00,A,FAGEMAR1,DE,1993,26.4,,
ESTAT:DEMO_NIND(1.0),30/04/26 23:00:00,A,FAGEMAR1,DE,1994,26.6,,
ESTAT:DEMO_NIND(1.0),30/04/26 23:00:00,A,FAGEMAR1,DE,1995,26.7,,
ESTAT:DEMO_NIND(1.0),30/04/26 23:00:00,A,FAGEMAR1,DE,1996,26.9,,
ESTAT:DEMO_NIND(1.0),30/04/26 23:00:00,A,FAGEMAR1,DE,1997,27.0,,
ESTAT:DEMO_NIND(1.0),30/04/26 23:00:00,A,FAGEMAR1,DE,1998,27.2,,
ESTAT:DEMO_NIND(1.0),30/04/26 23:00:00,A,FAGEMAR1,DE,1999,27.5,,
ESTAT:DEMO_NIND(1.0),30/04/26 23:00:00,A,FAGEMAR1,DE,2000,27.7,,
ESTAT:DEMO_NIND(1.0),30/04/26 23:00:00,A,FAGEMAR1,DE,2001,28.0,,
ESTAT:DEMO_NIND(1.0),30/04/26 23:00:00,A,FAGEMAR1,DE,2003,28.4,,
ESTAT:DEMO_NIND(1.0),30/04/26 23:00:00,A,FAGEMAR1,DE,2004,28.8,,
ESTAT:DEMO_NIND(1.0),30/04/26 23:00:00,A,FAGEMAR1,DE,2005,29.1,,
ESTAT:DEMO_NIND(1.0),30/04/26 23:00:00,A,FAGEMAR1,DE,2006,29.1,,
ESTAT:DEMO_NIND(1.0),30/04/26 23:00:00,A,FAGEMAR1,DE,2007,29.3,,
ESTAT:DEMO_NIND(1.0),30/04/26 23:00:00,A,FAGEMAR1,DE,2008,29.6,,
ESTAT:DEMO_NIND(1.0),30/04/26 23:00:00,A,FAGEMAR1,DE,2009,29.8,,
ESTAT:DEMO_NIND(1.0),30/04/26 23:00:00,A,FAGEMAR1,DE,2011,30.2,,
ESTAT:DEMO_NIND(1.0),30/04/26 23:00:00,A,FAGEMAR1,DE,2013,30.5,,
ESTAT:DEMO_NIND(1.0),30/04/26 23:00:00,A,FAGEMAR1,DE,2014,30.7,,
ESTAT:DEMO_NIND(1.0),30/04/26 23:00:00,A,FAGEMAR1,DE,2015,30.9,,
ESTAT:DEMO_NIND(1.0),30/04/26 23:00:00,A,FAGEMAR1,DE,2016,31.1,,
ESTAT:DEMO_NIND(1.0),30/04/26 23:00:00,A,FAGEMAR1,DE,2017,31.2,,
ESTAT:DEMO_NIND(1.0),30/04/26 23:00:00,A,FAGEMAR1,DE_TOT,1990,25.5,,
ESTAT:DEMO_NIND(1.0),30/04/26 23:00:00,A,FAGEMAR1,DE_TOT,1991,25.9,,
ESTAT:DEMO_NIND(1.0),30/04/26 23:00:00,A,FAGEMAR1,DE_TOT,1992,26.1,,
ESTAT:DEMO_NIND(1.0),30/04/26 23:00:00,A,FAGEMAR1,DE_TOT,1993,26.4,,
ESTAT:DEMO_NIND(1.0),30/04/26 23:00:00,A,FAGEMAR1,DE_TOT,1994,26.6,,
ESTAT:DEMO_NIND(1.0),30/04/26 23:00:00,A,FAGEMAR1,DE_TOT,1995,26.7,,
ESTAT:DEMO_NIND(1.0),30/04/26 23:00:00,A,FAGEMAR1,DE_TOT,1996,26.9,,
ESTAT:DEMO_NIND(1.0),30/04/26 23:00:00,A,FAGEMAR1,DE_TOT,1997,27.0,,
ESTAT:DEMO_NIND(1.0),30/04/26 23:00:00,A,FAGEMAR1,DE_TOT,1998,27.2,,
ESTAT:DEMO_NIND(1.0),30/04/26 23:00:00,A,FAGEMAR1,DE_TOT,1999,27.5,,
ESTAT:DEMO_NIND(1.0),30/04/26 23:00:00,A,FAGEMAR1,DE_TOT,2000,27.7,,
ESTAT:DEMO_NIND(1.0),30/04/26 23:00:00,A,FAGEMAR1,DE_TOT,2001,28.0,,
ESTAT:DEMO_NIND(1.0),30/04/26 23:00:00,A,FAGEMAR1,DE_TOT,2003,28.4,,
ESTAT:DEMO_NIND(1.0),30/04/26 23:00:00,A,FAGEMAR1,DE_TOT,2004,28.8,,
ESTAT:DEMO_NIND(1.0),30/04/26 23:00:00,A,FAGEMAR1,DE_TOT,2005,29.1,,
ESTAT:DEMO_NIND(1.0),30/04/26 23:00:00,A,FAGEMAR1,DE_TOT,2006,29.1,,
ESTAT:DEMO_NIND(1.0),30/04/26 23:00:00,A,FAGEMAR1,DE_TOT,2007,29.3,,
ESTAT:DEMO_NIND(1.0),30/04/26 23:00:00,A,FAGEMAR1,DE_TOT,2008,29.6,,
ESTAT:DEMO_NIND(1.0),30/04/26 23:00:00,A,FAGEMAR1,DE_TOT,2009,29.8,,
ESTAT:DEMO_NIND(1.0),30/04/26 23:00:00,A,FAGEMAR1,DE_TOT,2011,30.2,,
ESTAT:DEMO_NIND(1.0),30/04/26 23:00:00,A,FAGEMAR1,DE_TOT,2013,30.5,,
ESTAT:DEMO_NIND(1.0),30/04/26 23:00:00,A,FAGEMAR1,DE_TOT,2014,30.7,,
ESTAT:DEMO_NIND(1.0),30/04/26 23:00:00,A,FAGEMAR1,DE_TOT,2015,30.9,,
ESTAT:DEMO_NIND(1.0),30/04/26 23:00:00,A,FAGEMAR1,DE_TOT,2016,31.1,,
ESTAT:DEMO_NIND(1.0),30/04/26 23:00:00,A,FAGEMAR1,DE_TOT,2017,31.2,,
ESTAT:DEMO_NIND(1.0),30/04/26 23:00:00,A,FAGEMAR1,DK,1990,27.8,,
ESTAT:DEMO_NIND(1.0),30/04/26 23:00:00,A,FAGEMAR1,DK,1991,28.0,,
ESTAT:DEMO_NIND(1.0),30/04/26 23:00:00,A,FAGEMAR1,DK,1992,28.3,,
ESTAT:DEMO_NIND(1.0),30/04/26 23:00:00,A,FAGEMAR1,DK,1993,28.8,,
ESTAT:DEMO_NIND(1.0),30/04/26 23:00:00,A,FAGEMAR1,DK,1994,29.2,,
ESTAT:DEMO_NIND(1.0),30/04/26 23:00:00,A,FAGEMAR1,DK,1995,29.2,,
ESTAT:DEMO_NIND(1.0),30/04/26 23:00:00,A,FAGEMAR1,DK,1996,29.9,,
ESTAT:DEMO_NIND(1.0),30/04/26 23:00:00,A,FAGEMAR1,DK,1997,30.1,,
ESTAT:DEMO_NIND(1.0),30/04/26 23:00:00,A,FAGEMAR1,DK,1998,29.8,,
ESTAT:DEMO_NIND(1.0),30/04/26 23:00:00,A,FAGEMAR1,DK,1999,30.0,,
ESTAT:DEMO_NIND(1.0),30/04/26 23:00:00,A,FAGEMAR1,DK,2000,29.9,,
ESTAT:DEMO_NIND(1.0),30/04/26 23:00:00,A,FAGEMAR1,DK,2001,29.9,,
ESTAT:DEMO_NIND(1.0),30/04/26 23:00:00,A,FAGEMAR1,DK,2002,30.1,,
ESTAT:DEMO_NIND(1.0),30/04/26 23:00:00,A,FAGEMAR1,DK,2003,30.6,,
ESTAT:DEMO_NIND(1.0),30/04/26 23:00:00,A,FAGEMAR1,DK,2004,30.9,,
ESTAT:DEMO_NIND(1.0),30/04/26 23:00:00,A,FAGEMAR1,DK,2005,30.9,,
ESTAT:DEMO_NIND(1.0),30/04/26 23:00:00,A,FAGEMAR1,DK,2006,30.9,,
ESTAT:DEMO_NIND(1.0),30/04/26 23:00:00,A,FAGEMAR1,DK,2007,31.3,,
ESTAT:DEMO_NIND(1.0),30/04/26 23:00:00,A,FAGEMAR1,DK,2008,31.4,,
ESTAT:DEMO_NIND(1.0),30/04/26 23:00:00,A,FAGEMAR1,DK,2009,31.1,,
ESTAT:DEMO_NIND(1.0),30/04/26 23:00:00,A,FAGEMAR1,DK,2010,31.2,,
ESTAT:DEMO_NIND(1.0),30/04/26 23:00:00,A,FAGEMAR1,DK,2011,31.4,,
ESTAT:DEMO_NIND(1.0),30/04/26 23:00:00,A,FAGEMAR1,DK,2012,31.8,,
ESTAT:DEMO_NIND(1.0),30/04/26 23:00:00,A,FAGEMAR1,DK,2013,31.9,,
ESTAT:DEMO_NIND(1.0),30/04/26 23:00:00,A,FAGEMAR1,DK,2014,31.9,,
ESTAT:DEMO_NIND(1.0),30/04/26 23:00:00,A,FAGEMAR1,DK,2015,31.9,,
ESTAT:DEMO_NIND(1.0),30/04/26 23:00:00,A,FAGEMAR1,DK,2016,32.2,,
ESTAT:DEMO_NIND(1.0),30/04/26 23:00:00,A,FAGEMAR1,DK,2017,32.4,,
ESTAT:DEMO_NIND(1.0),30/04/26 23:00:00,A,FAGEMAR1,DK,2018,32.5,,
ESTAT:DEMO_NIND(1.0),30/04/26 23:00:00,A,FAGEMAR1,DK,2019,32.8,,
ESTAT:DEMO_NIND(1.0),30/04/26 23:00:00,A,FAGEMAR1,DK,2020,33.0,,
ESTAT:DEMO_NIND(1.0),30/04/26 23:00:00,A,FAGEMAR1,DK,2021,33.0,,
ESTAT:DEMO_NIND(1.0),30/04/26 23:00:00,A,FAGEMAR1,EA19,2006,29.2,,
ESTAT:DEMO_NIND(1.0),30/04/26 23:00:00,A,FAGEMAR1,EE,1992,23.0,,
ESTAT:DEMO_NIND(1.0),30/04/26 23:00:00,A,FAGEMAR1,EE,1993,23.6,,
ESTAT:DEMO_NIND(1.0),30/04/26 23:00:00,A,FAGEMAR1,EE,1994,24.1,,
ESTAT:DEMO_NIND(1.0),30/04/26 23:00:00,A,FAGEMAR1,EE,1995,24.2,,
ESTAT:DEMO_NIND(1.0),30/04/26 23:00:00,A,FAGEMAR1,EE,1996,24.2,,
ESTAT:DEMO_NIND(1.0),30/04/26 23:00:00,A,FAGEMAR1,EE,1997,24.4,,
ESTAT:DEMO_NIND(1.0),30/04/26 23:00:00,A,FAGEMAR1,EE,1998,24.8,,
ESTAT:DEMO_NIND(1.0),30/04/26 23:00:00,A,FAGEMAR1,EE,1999,25.0,,
ESTAT:DEMO_NIND(1.0),30/04/26 23:00:00,A,FAGEMAR1,EE,2000,25.2,,
ESTAT:DEMO_NIND(1.0),30/04/26 23:00:00,A,FAGEMAR1,EE,2001,25.5,,
ESTAT:DEMO_NIND(1.0),30/04/26 23:00:00,A,FAGEMAR1,EE,2002,25.8,,
ESTAT:DEMO_NIND(1.0),30/04/26 23:00:00,A,FAGEMAR1,EE,2003,25.9,,
ESTAT:DEMO_NIND(1.0),30/04/26 23:00:00,A,FAGEMAR1,EE,2004,26.2,,
ESTAT:DEMO_NIND(1.0),30/04/26 23:00:00,A,FAGEMAR1,EE,2005,26.4,,
ESTAT:DEMO_NIND(1.0),30/04/26 23:00:00,A,FAGEMAR1,EE,2006,26.6,,
ESTAT:DEMO_NIND(1.0),30/04/26 23:00:00,A,FAGEMAR1,EE,2007,27.1,,
ESTAT:DEMO_NIND(1.0),30/04/26 23:00:00,A,FAGEMAR1,EE,2008,27.4,,
ESTAT:DEMO_NIND(1.0),30/04/26 23:00:00,A,FAGEMAR1,EE,2009,27.8,,
ESTAT:DEMO_NIND(1.0),30/04/26 23:00:00,A,FAGEMAR1,EE,2010,28.0,,
ESTAT:DEMO_NIND(1.0),30/04/26 23:00:00,A,FAGEMAR1,EE,2011,28.4,,
ESTAT:DEMO_NIND(1.0),30/04/26 23:00:00,A,FAGEMAR1,EE,2012,28.9,,
ESTAT:DEMO_NIND(1.0),30/04/26 23:00:00,A,FAGEMAR1,EE,2013,28.8,,
ESTAT:DEMO_NIND(1.0),30/04/26 23:00:00,A,FAGEMAR1,EE,2014,29.0,,
ESTAT:DEMO_NIND(1.0),30/04/26 23:00:00,A,FAGEMAR1,EE,2015,29.3,,
ESTAT:DEMO_NIND(1.0),30/04/26 23:00:00,A,FAGEMAR1,EE,2016,29.7,,
ESTAT:DEMO_NIND(1.0),30/04/26 23:00:00,A,FAGEMAR1,EE,2017,29.9,,
ESTAT:DEMO_NIND(1.0),30/04/26 23:00:00,A,FAGEMAR1,EE,2018,29.9,,
ESTAT:DEMO_NIND(1.0),30/04/26 23:00:00,A,FAGEMAR1,EE,2020,30.6,,
ESTAT:DEMO_NIND(1.0),30/04/26 23:00:00,A,FAGEMAR1,EE,2021,30.8,,
ESTAT:DEMO_NIND(1.0),30/04/26 23:00:00,A,FAGEMAR1,EE,2022,31.0,,
ESTAT:DEMO_NIND(1.0),30/04/26 23:00:00,A,FAGEMAR1,EE,2023,30.7,,
ESTAT:DEMO_NIND(1.0),30/04/26 23:00:00,A,FAGEMAR1,EE,2024,30.8,,
ESTAT:DEMO_NIND(1.0),30/04/26 23:00:00,A,FAGEMAR1,EFTA,2011,30.4,,
ESTAT:DEMO_NIND(1.0),30/04/26 23:00:00,A,FAGEMAR1,EL,1990,24.9,,
ESTAT:DEMO_NIND(1.0),30/04/26 23:00:00,A,FAGEMAR1,EL,1991,25.2,,
ESTAT:DEMO_NIND(1.0),30/04/26 23:00:00,A,FAGEMAR1,EL,1992,25.5,,
ESTAT:DEMO_NIND(1.0),30/04/26 23:00:00,A,FAGEMAR1,EL,1993,25.5,,
ESTAT:DEMO_NIND(1.0),30/04/26 23:00:00,A,FAGEMAR1,EL,1994,25.8,,
ESTAT:DEMO_NIND(1.0),30/04/26 23:00:00,A,FAGEMAR1,EL,1995,26.0,,
ESTAT:DEMO_NIND(1.0),30/04/26 23:00:00,A,FAGEMAR1,EL,1996,26.3,,
ESTAT:DEMO_NIND(1.0),30/04/26 23:00:00,A,FAGEMAR1,EL,1997,26.6,,
ESTAT:DEMO_NIND(1.0),30/04/26 23:00:00,A,FAGEMAR1,EL,1998,26.8,,
ESTAT:DEMO_NIND(1.0),30/04/26 23:00:00,A,FAGEMAR1,EL,1999,26.9,,
ESTAT:DEMO_NIND(1.0),30/04/26 23:00:00,A,FAGEMAR1,EL,2000,27.2,,
ESTAT:DEMO_NIND(1.0),30/04/26 23:00:00,A,FAGEMAR1,EL,2001,27.3,,
ESTAT:DEMO_NIND(1.0),30/04/26 23:00:00,A,FAGEMAR1,EL,2002,27.6,,
ESTAT:DEMO_NIND(1.0),30/04/26 23:00:00,A,FAGEMAR1,EL,2003,27.9,,
ESTAT:DEMO_NIND(1.0),30/04/26 23:00:00,A,FAGEMAR1,EL,2004,28.0,,
ESTAT:DEMO_NIND(1.0),30/04/26 23:00:00,A,FAGEMAR1,EL,2005,28.3,,
ESTAT:DEMO_NIND(1.0),30/04/26 23:00:00,A,FAGEMAR1,EL,2006,28.6,,
ESTAT:DEMO_NIND(1.0),30/04/26 23:00:00,A,FAGEMAR1,EL,2007,28.8,,
ESTAT:DEMO_NIND(1.0),30/04/26 23:00:00,A,FAGEMAR1,EL,2008,28.9,,
ESTAT:DEMO_NIND(1.0),30/04/26 23:00:00,A,FAGEMAR1,EL,2009,29.0,,
ESTAT:DEMO_NIND(1.0),30/04/26 23:00:00,A,FAGEMAR1,EL,2010,29.3,,
ESTAT:DEMO_NIND(1.0),30/04/26 23:00:00,A,FAGEMAR1,EL,2011,29.4,,
ESTAT:DEMO_NIND(1.0),30/04/26 23:00:00,A,FAGEMAR1,EL,2012,29.5,,
ESTAT:DEMO_NIND(1.0),30/04/26 23:00:00,A,FAGEMAR1,EL,2013,29.7,,
ESTAT:DEMO_NIND(1.0),30/04/26 23:00:00,A,FAGEMAR1,EL,2014,29.9,,
ESTAT:DEMO_NIND(1.0),30/04/26 23:00:00,A,FAGEMAR1,EL,2015,30.1,,
ESTAT:DEMO_NIND(1.0),30/04/26 23:00:00,A,FAGEMAR1,EL,2016,30.1,,
ESTAT:DEMO_NIND(1.0),30/04/26 23:00:00,A,FAGEMAR1,EL,2017,30.3,,
ESTAT:DEMO_NIND(1.0),30/04/26 23:00:00,A,FAGEMAR1,EL,2018,30.3,,
ESTAT:DEMO_NIND(1.0),30/04/26 23:00:00,A,FAGEMAR1,EL,2019,30.7,,
ESTAT:DEMO_NIND(1.0),30/04/26 23:00:00,A,FAGEMAR1,EL,2020,30.7,,
ESTAT:DEMO_NIND(1.0),30/04/26 23:00:00,A,FAGEMAR1,EL,2021,30.9,,
ESTAT:DEMO_NIND(1.0),30/04/26 23:00:00,A,FAGEMAR1,EL,2022,31.1,,
ESTAT:DEMO_NIND(1.0),30/04/26 23:00:00,A,FAGEMAR1,EL,2023,31.2,,
ESTAT:DEMO_NIND(1.0),30/04/26 23:00:00,A,FAGEMAR1,EL,2024,31.4,,
ESTAT:DEMO_NIND(1.0),30/04/26 23:00:00,A,FAGEMAR1,ES,1990,25.6,,
ESTAT:DEMO_NIND(1.0),30/04/26 23:00:00,A,FAGEMAR1,ES,1991,25.9,,
ESTAT:DEMO_NIND(1.0),30/04/26 23:00:00,A,FAGEMAR1,ES,1992,26.2,,
ESTAT:DEMO_NIND(1.0),30/04/26 23:00:00,A,FAGEMAR1,ES,1993,26.6,,
ESTAT:DEMO_NIND(1.0),30/04/26 23:00:00,A,FAGEMAR1,ES,1994,26.9,,
ESTAT:DEMO_NIND(1.0),30/04/26 23:00:00,A,FAGEMAR1,ES,1995,27.1,,
ESTAT:DEMO_NIND(1.0),30/04/26 23:00:00,A,FAGEMAR1,ES,1996,27.4,,
ESTAT:DEMO_NIND(1.0),30/04/26 23:00:00,A,FAGEMAR1,ES,1997,27.6,,
ESTAT:DEMO_NIND(1.0),30/04/26 23:00:00,A,FAGEMAR1,ES,1998,27.8,,
ESTAT:DEMO_NIND(1.0),30/04/26 23:00:00,A,FAGEMAR1,ES,1999,28.0,,
ESTAT:DEMO_NIND(1.0),30/04/26 23:00:00,A,FAGEMAR1,ES,2000,28.1,,
ESTAT:DEMO_NIND(1.0),30/04/26 23:00:00,A,FAGEMAR1,ES,2002,28.6,,
ESTAT:DEMO_NIND(1.0),30/04/26 23:00:00,A,FAGEMAR1,ES,2003,28.9,,
ESTAT:DEMO_NIND(1.0),30/04/26 23:00:00,A,FAGEMAR1,ES,2004,29.2,,
ESTAT:DEMO_NIND(1.0),30/04/26 23:00:00,A,FAGEMAR1,ES,2005,29.4,,
ESTAT:DEMO_NIND(1.0),30/04/26 23:00:00,A,FAGEMAR1,ES,2006,29.6,,
ESTAT:DEMO_NIND(1.0),30/04/26 23:00:00,A,FAGEMAR1,ES,2007,29.8,,
ESTAT:DEMO_NIND(1.0),30/04/26 23:00:00,A,FAGEMAR1,ES,2008,30.1,,
ESTAT:DEMO_NIND(1.0),30/04/26 23:00:00,A,FAGEMAR1,ES,2009,30.5,,
ESTAT:DEMO_NIND(1.0),30/04/26 23:00:00,A,FAGEMAR1,ES,2010,30.9,,
ESTAT:DEMO_NIND(1.0),30/04/26 23:00:00,A,FAGEMAR1,ES,2011,31.3,,
ESTAT:DEMO_NIND(1.0),30/04/26 23:00:00,A,FAGEMAR1,ES,2012,31.6,,
ESTAT:DEMO_NIND(1.0),30/04/26 23:00:00,A,FAGEMAR1,ES,2013,32.2,,
ESTAT:DEMO_NIND(1.0),30/04/26 23:00:00,A,FAGEMAR1,ES,2014,32.3,,
ESTAT:DEMO_NIND(1.0),30/04/26 23:00:00,A,FAGEMAR1,ES,2015,32.7,,
ESTAT:DEMO_NIND(1.0),30/04/26 23:00:00,A,FAGEMAR1,ES,2016,33.0,,
ESTAT:DEMO_NIND(1.0),30/04/26 23:00:00,A,FAGEMAR1,ES,2017,33.2,,
ESTAT:DEMO_NIND(1.0),30/04/26 23:00:00,A,FAGEMAR1,ES,2018,33.5,,
ESTAT:DEMO_NIND(1.0),30/04/26 23:00:00,A,FAGEMAR1,ES,2019,33.9,,
ESTAT:DEMO_NIND(1.0),30/04/26 23:00:00,A,FAGEMAR1,ES,2020,34.9,,
ESTAT:DEMO_NIND(1.0),30/04/26 23:00:00,A,FAGEMAR1,ES,2021,34.7,,
ESTAT:DEMO_NIND(1.0),30/04/26 23:00:00,A,FAGEMAR1,ES,2022,34.7,,
ESTAT:DEMO_NIND(1.0),30/04/26 23:00:00,A,FAGEMAR1,ES,2023,34.9,,
ESTAT:DEMO_NIND(1.0),30/04/26 23:00:00,A,FAGEMAR1,ES,2024,35.2,,
ESTAT:DEMO_NIND(1.0),30/04/26 23:00:00,A,FAGEMAR1,FI,1990,26.3,,
ESTAT:DEMO_NIND(1.0),30/04/26 23:00:00,A,FAGEMAR1,FI,1991,26.3,,
ESTAT:DEMO_NIND(1.0),30/04/26 23:00:00,A,FAGEMAR1,FI,1992,26.6,,
ESTAT:DEMO_NIND(1.0),30/04/26 23:00:00,A,FAGEMAR1,FI,1993,26.8,,
ESTAT:DEMO_NIND(1.0),30/04/26 23:00:00,A,FAGEMAR1,FI,1994,26.9,,
ESTAT:DEMO_NIND(1.0),30/04/26 23:00:00,A,FAGEMAR1,FI,1995,27.2,,
ESTAT:DEMO_NIND(1.0),30/04/26 23:00:00,A,FAGEMAR1,FI,1997,27.6,,
ESTAT:DEMO_NIND(1.0),30/04/26 23:00:00,A,FAGEMAR1,FI,1998,27.8,,
ESTAT:DEMO_NIND(1.0),30/04/26 23:00:00,A,FAGEMAR1,FI,1999,28.0,,
ESTAT:DEMO_NIND(1.0),30/04/26 23:00:00,A,FAGEMAR1,FI,2000,28.3,,
ESTAT:DEMO_NIND(1.0),30/04/26 23:00:00,A,FAGEMAR1,FI,2001,28.4,,
ESTAT:DEMO_NIND(1.0),30/04/26 23:00:00,A,FAGEMAR1,FI,2002,28.8,,
ESTAT:DEMO_NIND(1.0),30/04/26 23:00:00,A,FAGEMAR1,FI,2003,29.0,,
ESTAT:DEMO_NIND(1.0),30/04/26 23:00:00,A,FAGEMAR1,FI,2004,29.5,,
ESTAT:DEMO_NIND(1.0),30/04/26 23:00:00,A,FAGEMAR1,FI,2005,29.4,,
ESTAT:DEMO_NIND(1.0),30/04/26 23:00:00,A,FAGEMAR1,FI,2006,29.5,,
ESTAT:DEMO_NIND(1.0),30/04/26 23:00:00,A,FAGEMAR1,FI,2007,29.7,,
ESTAT:DEMO_NIND(1.0),30/04/26 23:00:00,A,FAGEMAR1,FI,2008,30.0,,
ESTAT:DEMO_NIND(1.0),30/04/26 23:00:00,A,FAGEMAR1,FI,2009,30.0,,
ESTAT:DEMO_NIND(1.0),30/04/26 23:00:00,A,FAGEMAR1,FI,2010,30.2,,
ESTAT:DEMO_NIND(1.0),30/04/26 23:00:00,A,FAGEMAR1,FI,2011,30.4,,
ESTAT:DEMO_NIND(1.0),30/04/26 23:00:00,A,FAGEMAR1,FI,2013,30.4,,
ESTAT:DEMO_NIND(1.0),30/04/26 23:00:00,A,FAGEMAR1,FI,2014,30.6,,
ESTAT:DEMO_NIND(1.0),30/04/26 23:00:00,A,FAGEMAR1,FI,2015,31.0,,
ESTAT:DEMO_NIND(1.0),30/04/26 23:00:00,A,FAGEMAR1,FI,2016,31.3,,
ESTAT:DEMO_NIND(1.0),30/04/26 23:00:00,A,FAGEMAR1,FI,2017,31.6,,
ESTAT:DEMO_NIND(1.0),30/04/26 23:00:00,A,FAGEMAR1,FI,2018,31.7,,
ESTAT:DEMO_NIND(1.0),30/04/26 23:00:00,A,FAGEMAR1,FI,2019,31.9,,
ESTAT:DEMO_NIND(1.0),30/04/26 23:00:00,A,FAGEMAR1,FI,2020,32.0,,
ESTAT:DEMO_NIND(1.0),30/04/26 23:00:00,A,FAGEMAR1,FI,2021,32.1,,
ESTAT:DEMO_NIND(1.0),30/04/26 23:00:00,A,FAGEMAR1,FI,2022,32.3,,
ESTAT:DEMO_NIND(1.0),30/04/26 23:00:00,A,FAGEMAR1,FI,2023,32.3,,
ESTAT:DEMO_NIND(1.0),30/04/26 23:00:00,A,FAGEMAR1,FI,2024,32.5,,
ESTAT:DEMO_NIND(1.0),30/04/26 23:00:00,A,FAGEMAR1,FR,1998,28.1,,
ESTAT:DEMO_NIND(1.0),30/04/26 23:00:00,A,FAGEMAR1,FR,1999,28.2,,
ESTAT:DEMO_NIND(1.0),30/04/26 23:00:00,A,FAGEMAR1,FR,2000,28.4,,
ESTAT:DEMO_NIND(1.0),30/04/26 23:00:00,A,FAGEMAR1,FR,2001,28.5,,
ESTAT:DEMO_NIND(1.0),30/04/26 23:00:00,A,FAGEMAR1,FR,2002,28.7,,
ESTAT:DEMO_NIND(1.0),30/04/26 23:00:00,A,FAGEMAR1,FR,2003,28.9,,
ESTAT:DEMO_NIND(1.0),30/04/26 23:00:00,A,FAGEMAR1,FR,2004,29.2,,
ESTAT:DEMO_NIND(1.0),30/04/26 23:00:00,A,FAGEMAR1,FR,2005,29.6,,
ESTAT:DEMO_NIND(1.0),30/04/26 23:00:00,A,FAGEMAR1,FR,2006,29.8,,
ESTAT:DEMO_NIND(1.0),30/04/26 23:00:00,A,FAGEMAR1,FR,2007,30.0,,
ESTAT:DEMO_NIND(1.0),30/04/26 23:00:00,A,FAGEMAR1,FR,2008,30.2,,
ESTAT:DEMO_NIND(1.0),30/04/26 23:00:00,A,FAGEMAR1,FR,2009,30.4,,
ESTAT:DEMO_NIND(1.0),30/04/26 23:00:00,A,FAGEMAR1,FR,2010,30.7,,
ESTAT:DEMO_NIND(1.0),30/04/26 23:00:00,A,FAGEMAR1,FR,2011,30.8,,
ESTAT:DEMO_NIND(1.0),30/04/26 23:00:00,A,FAGEMAR1,FR,2013,31.7,,
ESTAT:DEMO_NIND(1.0),30/04/26 23:00:00,A,FAGEMAR1,FR,2014,32.1,,
ESTAT:DEMO_NIND(1.0),30/04/26 23:00:00,A,FAGEMAR1,FR,2015,32.2,,
ESTAT:DEMO_NIND(1.0),30/04/26 23:00:00,A,FAGEMAR1,FR,2016,32.5,,
ESTAT:DEMO_NIND(1.0),30/04/26 23:00:00,A,FAGEMAR1,FR,2017,32.8,,
ESTAT:DEMO_NIND(1.0),30/04/26 23:00:00,A,FAGEMAR1,FR,2018,33.1,,
ESTAT:DEMO_NIND(1.0),30/04/26 23:00:00,A,FAGEMAR1,FR,2020,33.5,p,
ESTAT:DEMO_NIND(1.0),30/04/26 23:00:00,A,FAGEMAR1,FR,2021,33.8,p,
ESTAT:DEMO_NIND(1.0),30/04/26 23:00:00,A,FAGEMAR1,FR,2022,34.3,p,
ESTAT:DEMO_NIND(1.0),30/04/26 23:00:00,A,FAGEMAR1,FX,1990,25.9,,
ESTAT:DEMO_NIND(1.0),30/04/26 23:00:00,A,FAGEMAR1,FX,1991,26.1,,
ESTAT:DEMO_NIND(1.0),30/04/26 23:00:00,A,FAGEMAR1,FX,1992,26.4,,
ESTAT:DEMO_NIND(1.0),30/04/26 23:00:00,A,FAGEMAR1,FX,1993,26.8,,
ESTAT:DEMO_NIND(1.0),30/04/26 23:00:00,A,FAGEMAR1,FX,1994,27.1,,
ESTAT:DEMO_NIND(1.0),30/04/26 23:00:00,A,FAGEMAR1,FX,1995,27.2,,
ESTAT:DEMO_NIND(1.0),30/04/26 23:00:00,A,FAGEMAR1,FX,1996,27.7,,
ESTAT:DEMO_NIND(1.0),30/04/26 23:00:00,A,FAGEMAR1,FX,1997,28.0,,
ESTAT:DEMO_NIND(1.0),30/04/26 23:00:00,A,FAGEMAR1,FX,1998,28.0,,
ESTAT:DEMO_NIND(1.0),30/04/26 23:00:00,A,FAGEMAR1,FX,1999,28.1,,
ESTAT:DEMO_NIND(1.0),30/04/26 23:00:00,A,FAGEMAR1,FX,2000,28.4,,
ESTAT:DEMO_NIND(1.0),30/04/26 23:00:00,A,FAGEMAR1,FX,2001,28.4,,
ESTAT:DEMO_NIND(1.0),30/04/26 23:00:00,A,FAGEMAR1,FX,2002,28.6,,
ESTAT:DEMO_NIND(1.0),30/04/26 23:00:00,A,FAGEMAR1,FX,2003,28.9,,
ESTAT:DEMO_NIND(1.0),30/04/26 23:00:00,A,FAGEMAR1,FX,2004,29.2,,
ESTAT:DEMO_NIND(1.0),30/04/26 23:00:00,A,FAGEMAR1,FX,2005,29.6,,
ESTAT:DEMO_NIND(1.0),30/04/26 23:00:00,A,FAGEMAR1,FX,2006,29.8,,
ESTAT:DEMO_NIND(1.0),30/04/26 23:00:00,A,FAGEMAR1,FX,2007,30.0,,
ESTAT:DEMO_NIND(1.0),30/04/26 23:00:00,A,FAGEMAR1,FX,2008,30.2,,
ESTAT:DEMO_NIND(1.0),30/04/26 23:00:00,A,FAGEMAR1,FX,2009,30.4,,
ESTAT:DEMO_NIND(1.0),30/04/26 23:00:00,A,FAGEMAR1,FX,2010,30.7,,
ESTAT:DEMO_NIND(1.0),30/04/26 23:00:00,A,FAGEMAR1,FX,2011,30.8,,
ESTAT:DEMO_NIND(1.0),30/04/26 23:00:00,A,FAGEMAR1,GE,2006,26.3,,
ESTAT:DEMO_NIND(1.0),30/04/26 23:00:00,A,FAGEMAR1,GE,2014,28.4,,
ESTAT:DEMO_NIND(1.0),30/04/26 23:00:00,A,FAGEMAR1,GE,2015,28.5,,
ESTAT:DEMO_NIND(1.0),30/04/26 23:00:00,A,FAGEMAR1,GE,2016,28.4,,
ESTAT:DEMO_NIND(1.0),30/04/26 23:00:00,A,FAGEMAR1,GE,2017,27.4,,
ESTAT:DEMO_NIND(1.0),30/04/26 23:00:00,A,FAGEMAR1,GE,2018,27.6,,
ESTAT:DEMO_NIND(1.0),30/04/26 23:00:00,A,FAGEMAR1,GE,2019,27.9,,
ESTAT:DEMO_NIND(1.0),30/04/26 23:00:00,A,FAGEMAR1,GE,2020,27.7,,
ESTAT:DEMO_NIND(1.0),30/04/26 23:00:00,A,FAGEMAR1,GE,2021,28.7,,
ESTAT:DEMO_NIND(1.0),30/04/26 23:00:00,A,FAGEMAR1,GE,2022,29.1,,
ESTAT:DEMO_NIND(1.0),30/04/26 23:00:00,A,FAGEMAR1,GE,2023,29.4,,
ESTAT:DEMO_NIND(1.0),30/04/26 23:00:00,A,FAGEMAR1,GE,2024,29.6,,
ESTAT:DEMO_NIND(1.0),30/04/26 23:00:00,A,FAGEMAR1,HR,2001,25.4,,
ESTAT:DEMO_NIND(1.0),30/04/26 23:00:00,A,FAGEMAR1,HR,2002,25.6,,
ESTAT:DEMO_NIND(1.0),30/04/26 23:00:00,A,FAGEMAR1,HR,2003,25.8,,
ESTAT:DEMO_NIND(1.0),30/04/26 23:00:00,A,FAGEMAR1,HR,2004,26.0,,
ESTAT:DEMO_NIND(1.0),30/04/26 23:00:00,A,FAGEMAR1,HR,2005,26.2,,
ESTAT:DEMO_NIND(1.0),30/04/26 23:00:00,A,FAGEMAR1,HR,2006,26.3,,
ESTAT:DEMO_NIND(1.0),30/04/26 23:00:00,A,FAGEMAR1,HR,2007,26.6,,
ESTAT:DEMO_NIND(1.0),30/04/26 23:00:00,A,FAGEMAR1,HR,2008,26.6,,
ESTAT:DEMO_NIND(1.0),30/04/26 23:00:00,A,FAGEMAR1,HR,2009,26.9,,
ESTAT:DEMO_NIND(1.0),30/04/26 23:00:00,A,FAGEMAR1,HR,2010,27.1,,
ESTAT:DEMO_NIND(1.0),30/04/26 23:00:00,A,FAGEMAR1,HR,2011,27.3,,
ESTAT:DEMO_NIND(1.0),30/04/26 23:00:00,A,FAGEMAR1,HR,2012,27.3,,
ESTAT:DEMO_NIND(1.0),30/04/26 23:00:00,A,FAGEMAR1,HR,2013,27.6,,
ESTAT:DEMO_NIND(1.0),30/04/26 23:00:00,A,FAGEMAR1,HR,2014,27.8,,
ESTAT:DEMO_NIND(1.0),30/04/26 23:00:00,A,FAGEMAR1,HR,2015,27.9,,
ESTAT:DEMO_NIND(1.0),30/04/26 23:00:00,A,FAGEMAR1,HR,2016,28.0,,
ESTAT:DEMO_NIND(1.0),30/04/26 23:00:00,A,FAGEMAR1,HR,2017,28.2,,
ESTAT:DEMO_NIND(1.0),30/04/26 23:00:00,A,FAGEMAR1,HR,2018,28.3,,
ESTAT:DEMO_NIND(1.0),30/04/26 23:00:00,A,FAGEMAR1,HR,2019,28.5,,
ESTAT:DEMO_NIND(1.0),30/04/26 23:00:00,A,FAGEMAR1,HR,2020,28.7,,
ESTAT:DEMO_NIND(1.0),30/04/26 23:00:00,A,FAGEMAR1,HR,2021,28.8,b,
ESTAT:DEMO_NIND(1.0),30/04/26 23:00:00,A,FAGEMAR1,HR,2022,28.9,b,
ESTAT:DEMO_NIND(1.0),30/04/26 23:00:00,A,FAGEMAR1,HR,2023,29.3,,
ESTAT:DEMO_NIND(1.0),30/04/26 23:00:00,A,FAGEMAR1,HR,2024,29.3,,
ESTAT:DEMO_NIND(1.0),30/04/26 23:00:00,A,FAGEMAR1,HU,1990,22.0,,
ESTAT:DEMO_NIND(1.0),30/04/26 23:00:00,A,FAGEMAR1,HU,1991,22.1,,
ESTAT:DEMO_NIND(1.0),30/04/26 23:00:00,A,FAGEMAR1,HU,1992,22.3,,
ESTAT:DEMO_NIND(1.0),30/04/26 23:00:00,A,FAGEMAR1,HU,1993,22.5,,
ESTAT:DEMO_NIND(1.0),30/04/26 23:00:00,A,FAGEMAR1,HU,1994,22.8,,
ESTAT:DEMO_NIND(1.0),30/04/26 23:00:00,A,FAGEMAR1,HU,1995,23.1,,
ESTAT:DEMO_NIND(1.0),30/04/26 23:00:00,A,FAGEMAR1,HU,1996,23.4,,
ESTAT:DEMO_NIND(1.0),30/04/26 23:00:00,A,FAGEMAR1,HU,1997,23.7,,
ESTAT:DEMO_NIND(1.0),30/04/26 23:00:00,A,FAGEMAR1,HU,1998,24.1,,
ESTAT:DEMO_NIND(1.0),30/04/26 23:00:00,A,FAGEMAR1,HU,1999,24.4,,
ESTAT:DEMO_NIND(1.0),30/04/26 23:00:00,A,FAGEMAR1,HU,2000,24.8,,
ESTAT:DEMO_NIND(1.0),30/04/26 23:00:00,A,FAGEMAR1,HU,2001,25.2,,
ESTAT:DEMO_NIND(1.0),30/04/26 23:00:00,A,FAGEMAR1,HU,2002,25.7,,
ESTAT:DEMO_NIND(1.0),30/04/26 23:00:00,A,FAGEMAR1,HU,2003,26.0,,
ESTAT:DEMO_NIND(1.0),30/04/26 23:00:00,A,FAGEMAR1,HU,2004,26.4,,
ESTAT:DEMO_NIND(1.0),30/04/26 23:00:00,A,FAGEMAR1,HU,2005,26.7,,
ESTAT:DEMO_NIND(1.0),30/04/26 23:00:00,A,FAGEMAR1,HU,2006,27.0,,
ESTAT:DEMO_NIND(1.0),30/04/26 23:00:00,A,FAGEMAR1,HU,2007,27.2,,
ESTAT:DEMO_NIND(1.0),30/04/26 23:00:00,A,FAGEMAR1,HU,2008,27.5,,
ESTAT:DEMO_NIND(1.0),30/04/26 23:00:00,A,FAGEMAR1,HU,2009,28.0,,
ESTAT:DEMO_NIND(1.0),30/04/26 23:00:00,A,FAGEMAR1,HU,2010,28.3,,
ESTAT:DEMO_NIND(1.0),30/04/26 23:00:00,A,FAGEMAR1,HU,2011,28.6,,
ESTAT:DEMO_NIND(1.0),30/04/26 23:00:00,A,FAGEMAR1,HU,2012,,b,
ESTAT:DEMO_NIND(1.0),30/04/26 23:00:00,A,FAGEMAR1,HU,2013,29.0,,
ESTAT:DEMO_NIND(1.0),30/04/26 23:00:00,A,FAGEMAR1,HU,2014,29.3,,
ESTAT:DEMO_NIND(1.0),30/04/26 23:00:00,A,FAGEMAR1,HU,2015,29.2,,
ESTAT:DEMO_NIND(1.0),30/04/26 23:00:00,A,FAGEMAR1,HU,2016,29.2,,
ESTAT:DEMO_NIND(1.0),30/04/26 23:00:00,A,FAGEMAR1,HU,2017,29.4,,
ESTAT:DEMO_NIND(1.0),30/04/26 23:00:00,A,FAGEMAR1,HU,2018,29.6,,
ESTAT:DEMO_NIND(1.0),30/04/26 23:00:00,A,FAGEMAR1,HU,2019,29.6,,
ESTAT:DEMO_NIND(1.0),30/04/26 23:00:00,A,FAGEMAR1,HU,2020,29.5,,
ESTAT:DEMO_NIND(1.0),30/04/26 23:00:00,A,FAGEMAR1,HU,2021,29.7,,
ESTAT:DEMO_NIND(1.0),30/04/26 23:00:00,A,FAGEMAR1,HU,2022,29.8,b,
ESTAT:DEMO_NIND(1.0),30/04/26 23:00:00,A,FAGEMAR1,HU,2023,30.2,,
ESTAT:DEMO_NIND(1.0),30/04/26 23:00:00,A,FAGEMAR1,HU,2024,29.8,,
ESTAT:DEMO_NIND(1.0),30/04/26 23:00:00,A,FAGEMAR1,IE,1990,26.6,,
ESTAT:DEMO_NIND(1.0),30/04/26 23:00:00,A,FAGEMAR1,IE,1991,26.9,,
ESTAT:DEMO_NIND(1.0),30/04/26 23:00:00,A,FAGEMAR1,IE,1992,27.1,,
ESTAT:DEMO_NIND(1.0),30/04/26 23:00:00,A,FAGEMAR1,IE,1993,27.5,,
ESTAT:DEMO_NIND(1.0),30/04/26 23:00:00,A,FAGEMAR1,IE,1994,27.8,,
ESTAT:DEMO_NIND(1.0),30/04/26 23:00:00,A,FAGEMAR1,IE,1995,28.1,,
ESTAT:DEMO_NIND(1.0),30/04/26 23:00:00,A,FAGEMAR1,IE,1996,28.5,,
ESTAT:DEMO_NIND(1.0),30/04/26 23:00:00,A,FAGEMAR1,IE,2005,30.5,,
ESTAT:DEMO_NIND(1.0),30/04/26 23:00:00,A,FAGEMAR1,IE,2006,30.7,,
ESTAT:DEMO_NIND(1.0),30/04/26 23:00:00,A,FAGEMAR1,IE,2007,30.9,,
ESTAT:DEMO_NIND(1.0),30/04/26 23:00:00,A,FAGEMAR1,IE,2009,31.2,,
ESTAT:DEMO_NIND(1.0),30/04/26 23:00:00,A,FAGEMAR1,IE,2010,31.3,,
ESTAT:DEMO_NIND(1.0),30/04/26 23:00:00,A,FAGEMAR1,IE,2013,31.8,,
ESTAT:DEMO_NIND(1.0),30/04/26 23:00:00,A,FAGEMAR1,IE,2014,30.7,,
ESTAT:DEMO_NIND(1.0),30/04/26 23:00:00,A,FAGEMAR1,IE,2015,32.0,,
ESTAT:DEMO_NIND(1.0),30/04/26 23:00:00,A,FAGEMAR1,IE,2016,31.9,,
ESTAT:DEMO_NIND(1.0),30/04/26 23:00:00,A,FAGEMAR1,IS,1990,26.9,,
ESTAT:DEMO_NIND(1.0),30/04/26 23:00:00,A,FAGEMAR1,IS,1991,27.2,,
ESTAT:DEMO_NIND(1.0),30/04/26 23:00:00,A,FAGEMAR1,IS,1992,27.9,,
ESTAT:DEMO_NIND(1.0),30/04/26 23:00:00,A,FAGEMAR1,IS,1993,28.0,,
ESTAT:DEMO_NIND(1.0),30/04/26 23:00:00,A,FAGEMAR1,IS,1994,28.8,,
ESTAT:DEMO_NIND(1.0),30/04/26 23:00:00,A,FAGEMAR1,IS,1995,28.8,,
ESTAT:DEMO_NIND(1.0),30/04/26 23:00:00,A,FAGEMAR1,IS,1996,29.2,,
ESTAT:DEMO_NIND(1.0),30/04/26 23:00:00,A,FAGEMAR1,IS,1997,30.6,,
ESTAT:DEMO_NIND(1.0),30/04/26 23:00:00,A,FAGEMAR1,IS,1998,30.1,,
ESTAT:DEMO_NIND(1.0),30/04/26 23:00:00,A,FAGEMAR1,IS,1999,30.2,,
ESTAT:DEMO_NIND(1.0),30/04/26 23:00:00,A,FAGEMAR1,IS,2000,30.6,,
ESTAT:DEMO_NIND(1.0),30/04/26 23:00:00,A,FAGEMAR1,IS,2001,30.2,,
ESTAT:DEMO_NIND(1.0),30/04/26 23:00:00,A,FAGEMAR1,IS,2002,30.8,,
ESTAT:DEMO_NIND(1.0),30/04/26 23:00:00,A,FAGEMAR1,IS,2003,31.0,,
ESTAT:DEMO_NIND(1.0),30/04/26 23:00:00,A,FAGEMAR1,IS,2004,31.4,,
ESTAT:DEMO_NIND(1.0),30/04/26 23:00:00,A,FAGEMAR1,IS,2005,31.5,,
ESTAT:DEMO_NIND(1.0),30/04/26 23:00:00,A,FAGEMAR1,IS,2006,31.8,,
ESTAT:DEMO_NIND(1.0),30/04/26 23:00:00,A,FAGEMAR1,IS,2007,32.1,,
ESTAT:DEMO_NIND(1.0),30/04/26 23:00:00,A,FAGEMAR1,IS,2008,32.4,,
ESTAT:DEMO_NIND(1.0),30/04/26 23:00:00,A,FAGEMAR1,IS,2009,32.1,,
ESTAT:DEMO_NIND(1.0),30/04/26 23:00:00,A,FAGEMAR1,IS,2010,32.4,,
ESTAT:DEMO_NIND(1.0),30/04/26 23:00:00,A,FAGEMAR1,IS,2011,32.4,,
ESTAT:DEMO_NIND(1.0),30/04/26 23:00:00,A,FAGEMAR1,IT,1990,25.9,,
ESTAT:DEMO_NIND(1.0),30/04/26 23:00:00,A,FAGEMAR1,IT,1991,26.0,,
ESTAT:DEMO_NIND(1.0),30/04/26 23:00:00,A,FAGEMAR1,IT,1992,26.2,,
ESTAT:DEMO_NIND(1.0),30/04/26 23:00:00,A,FAGEMAR1,IT,1993,26.4,,
ESTAT:DEMO_NIND(1.0),30/04/26 23:00:00,A,FAGEMAR1,IT,1994,26.6,,
ESTAT:DEMO_NIND(1.0),30/04/26 23:00:00,A,FAGEMAR1,IT,1995,26.9,,
ESTAT:DEMO_NIND(1.0),30/04/26 23:00:00,A,FAGEMAR1,IT,1996,27.1,,
ESTAT:DEMO_NIND(1.0),30/04/26 23:00:00,A,FAGEMAR1,IT,1997,27.3,,
ESTAT:DEMO_NIND(1.0),30/04/26 23:00:00,A,FAGEMAR1,IT,1998,27.0,,
ESTAT:DEMO_NIND(1.0),30/04/26 23:00:00,A,FAGEMAR1,IT,1999,27.2,,
ESTAT:DEMO_NIND(1.0),30/04/26 23:00:00,A,FAGEMAR1,IT,2000,27.8,,
ESTAT:DEMO_NIND(1.0),30/04/26 23:00:00,A,FAGEMAR1,IT,2001,28.1,,
ESTAT:DEMO_NIND(1.0),30/04/26 23:00:00,A,FAGEMAR1,IT,2002,28.4,,
ESTAT:DEMO_NIND(1.0),30/04/26 23:00:00,A,FAGEMAR1,IT,2003,28.6,,
ESTAT:DEMO_NIND(1.0),30/04/26 23:00:00,A,FAGEMAR1,IT,2004,28.8,,
ESTAT:DEMO_NIND(1.0),30/04/26 23:00:00,A,FAGEMAR1,IT,2005,29.1,,
ESTAT:DEMO_NIND(1.0),30/04/26 23:00:00,A,FAGEMAR1,IT,2006,29.3,,
ESTAT:DEMO_NIND(1.0),30/04/26 23:00:00,A,FAGEMAR1,IT,2007,29.6,,
ESTAT:DEMO_NIND(1.0),30/04/26 23:00:00,A,FAGEMAR1,IT,2008,29.8,,
ESTAT:DEMO_NIND(1.0),30/04/26 23:00:00,A,FAGEMAR1,IT,2009,30.0,,
ESTAT:DEMO_NIND(1.0),30/04/26 23:00:00,A,FAGEMAR1,IT,2010,30.3,,
ESTAT:DEMO_NIND(1.0),30/04/26 23:00:00,A,FAGEMAR1,IT,2011,30.5,,
ESTAT:DEMO_NIND(1.0),30/04/26 23:00:00,A,FAGEMAR1,IT,2013,31.1,,
ESTAT:DEMO_NIND(1.0),30/04/26 23:00:00,A,FAGEMAR1,IT,2014,31.3,,
ESTAT:DEMO_NIND(1.0),30/04/26 23:00:00,A,FAGEMAR1,IT,2016,31.9,,
ESTAT:DEMO_NIND(1.0),30/04/26 23:00:00,A,FAGEMAR1,IT,2017,32.2,,
ESTAT:DEMO_NIND(1.0),30/04/26 23:00:00,A,FAGEMAR1,IT,2018,32.4,,
ESTAT:DEMO_NIND(1.0),30/04/26 23:00:00,A,FAGEMAR1,IT,2019,32.7,,
ESTAT:DEMO_NIND(1.0),30/04/26 23:00:00,A,FAGEMAR1,IT,2020,33.6,,
ESTAT:DEMO_NIND(1.0),30/04/26 23:00:00,A,FAGEMAR1,IT,2021,33.0,,
ESTAT:DEMO_NIND(1.0),30/04/26 23:00:00,A,FAGEMAR1,IT,2022,33.6,,
ESTAT:DEMO_NIND(1.0),30/04/26 23:00:00,A,FAGEMAR1,IT,2023,33.9,,
ESTAT:DEMO_NIND(1.0),30/04/26 23:00:00,A,FAGEMAR1,IT,2024,34.2,,
ESTAT:DEMO_NIND(1.0),30/04/26 23:00:00,A,FAGEMAR1,LI,2011,30.8,,
ESTAT:DEMO_NIND(1.0),30/04/26 23:00:00,A,FAGEMAR1,LI,2012,31.5,,
ESTAT:DEMO_NIND(1.0),30/04/26 23:00:00,A,FAGEMAR1,LT,1990,22.7,,
ESTAT:DEMO_NIND(1.0),30/04/26 23:00:00,A,FAGEMAR1,LT,1991,22.5,,
ESTAT:DEMO_NIND(1.0),30/04/26 23:00:00,A,FAGEMAR1,LT,1992,22.4,,
ESTAT:DEMO_NIND(1.0),30/04/26 23:00:00,A,FAGEMAR1,LT,1993,22.4,,
ESTAT:DEMO_NIND(1.0),30/04/26 23:00:00,A,FAGEMAR1,LT,1994,22.5,,
ESTAT:DEMO_NIND(1.0),30/04/26 23:00:00,A,FAGEMAR1,LT,1995,22.6,,
ESTAT:DEMO_NIND(1.0),30/04/26 23:00:00,A,FAGEMAR1,LT,1996,22.8,,
ESTAT:DEMO_NIND(1.0),30/04/26 23:00:00,A,FAGEMAR1,LT,1997,23.0,,
ESTAT:DEMO_NIND(1.0),30/04/26 23:00:00,A,FAGEMAR1,LT,1998,23.1,,
ESTAT:DEMO_NIND(1.0),30/04/26 23:00:00,A,FAGEMAR1,LT,1999,23.4,,
ESTAT:DEMO_NIND(1.0),30/04/26 23:00:00,A,FAGEMAR1,LT,2000,23.8,,
ESTAT:DEMO_NIND(1.0),30/04/26 23:00:00,A,FAGEMAR1,LT,2001,24.1,,
ESTAT:DEMO_NIND(1.0),30/04/26 23:00:00,A,FAGEMAR1,LT,2002,24.3,,
ESTAT:DEMO_NIND(1.0),30/04/26 23:00:00,A,FAGEMAR1,LT,2003,24.6,,
ESTAT:DEMO_NIND(1.0),30/04/26 23:00:00,A,FAGEMAR1,LT,2004,24.8,,
ESTAT:DEMO_NIND(1.0),30/04/26 23:00:00,A,FAGEMAR1,LT,2005,25.0,,
ESTAT:DEMO_NIND(1.0),30/04/26 23:00:00,A,FAGEMAR1,LT,2006,25.1,,
ESTAT:DEMO_NIND(1.0),30/04/26 23:00:00,A,FAGEMAR1,LT,2007,25.5,,
ESTAT:DEMO_NIND(1.0),30/04/26 23:00:00,A,FAGEMAR1,LT,2008,25.8,,
ESTAT:DEMO_NIND(1.0),30/04/26 23:00:00,A,FAGEMAR1,LT,2009,26.2,,
ESTAT:DEMO_NIND(1.0),30/04/26 23:00:00,A,FAGEMAR1,LT,2010,26.5,,
ESTAT:DEMO_NIND(1.0),30/04/26 23:00:00,A,FAGEMAR1,LT,2011,26.7,,
ESTAT:DEMO_NIND(1.0),30/04/26 23:00:00,A,FAGEMAR1,LT,2013,27.1,,
ESTAT:DEMO_NIND(1.0),30/04/26 23:00:00,A,FAGEMAR1,LT,2014,27.3,,
ESTAT:DEMO_NIND(1.0),30/04/26 23:00:00,A,FAGEMAR1,LT,2015,27.5,,
ESTAT:DEMO_NIND(1.0),30/04/26 23:00:00,A,FAGEMAR1,LT,2016,27.9,,
ESTAT:DEMO_NIND(1.0),30/04/26 23:00:00,A,FAGEMAR1,LT,2017,27.8,,
ESTAT:DEMO_NIND(1.0),30/04/26 23:00:00,A,FAGEMAR1,LT,2018,28.2,,
ESTAT:DEMO_NIND(1.0),30/04/26 23:00:00,A,FAGEMAR1,LT,2019,28.4,,
ESTAT:DEMO_NIND(1.0),30/04/26 23:00:00,A,FAGEMAR1,LT,2020,28.4,,
ESTAT:DEMO_NIND(1.0),30/04/26 23:00:00,A,FAGEMAR1,LT,2021,28.6,,
ESTAT:DEMO_NIND(1.0),30/04/26 23:00:00,A,FAGEMAR1,LT,2022,28.7,,
ESTAT:DEMO_NIND(1.0),30/04/26 23:00:00,A,FAGEMAR1,LT,2024,29.3,,
ESTAT:DEMO_NIND(1.0),30/04/26 23:00:00,A,FAGEMAR1,LU,1990,25.6,,
ESTAT:DEMO_NIND(1.0),30/04/26 23:00:00,A,FAGEMAR1,LU,1991,26.1,,
ESTAT:DEMO_NIND(1.0),30/04/26 23:00:00,A,FAGEMAR1,LU,1992,26.2,,
ESTAT:DEMO_NIND(1.0),30/04/26 23:00:00,A,FAGEMAR1,LU,1993,25.8,,
ESTAT:DEMO_NIND(1.0),30/04/26 23:00:00,A,FAGEMAR1,LU,1994,26.4,,
ESTAT:DEMO_NIND(1.0),30/04/26 23:00:00,A,FAGEMAR1,LU,1995,26.7,,
ESTAT:DEMO_NIND(1.0),30/04/26 23:00:00,A,FAGEMAR1,LU,1996,26.6,,
ESTAT:DEMO_NIND(1.0),30/04/26 23:00:00,A,FAGEMAR1,LU,1997,27.2,,
ESTAT:DEMO_NIND(1.0),30/04/26 23:00:00,A,FAGEMAR1,LU,1998,27.5,,
ESTAT:DEMO_NIND(1.0),30/04/26 23:00:00,A,FAGEMAR1,LU,1999,27.7,,
ESTAT:DEMO_NIND(1.0),30/04/26 23:00:00,A,FAGEMAR1,LU,2000,27.4,,
ESTAT:DEMO_NIND(1.0),30/04/26 23:00:00,A,FAGEMAR1,LU,2001,27.9,,
ESTAT:DEMO_NIND(1.0),30/04/26 23:00:00,A,FAGEMAR1,LU,2002,27.9,,
ESTAT:DEMO_NIND(1.0),30/04/26 23:00:00,A,FAGEMAR1,LU,2003,28.2,,
ESTAT:DEMO_NIND(1.0),30/04/26 23:00:00,A,FAGEMAR1,LU,2004,28.5,,
ESTAT:DEMO_NIND(1.0),30/04/26 23:00:00,A,FAGEMAR1,LU,2005,28.9,,
ESTAT:DEMO_NIND(1.0),30/04/26 23:00:00,A,FAGEMAR1,LU,2006,29.4,,
ESTAT:DEMO_NIND(1.0),30/04/26 23:00:00,A,FAGEMAR1,LU,2007,29.5,,
ESTAT:DEMO_NIND(1.0),30/04/26 23:00:00,A,FAGEMAR1,LU,2008,29.8,,
ESTAT:DEMO_NIND(1.0),30/04/26 23:00:00,A,FAGEMAR1,LU,2009,29.7,,
ESTAT:DEMO_NIND(1.0),30/04/26 23:00:00,A,FAGEMAR1,LU,2010,30.2,,
ESTAT:DEMO_NIND(1.0),30/04/26 23:00:00,A,FAGEMAR1,LU,2011,30.3,,
ESTAT:DEMO_NIND(1.0),30/04/26 23:00:00,A,FAGEMAR1,LU,2013,29.7,,
ESTAT:DEMO_NIND(1.0),30/04/26 23:00:00,A,FAGEMAR1,LU,2014,30.9,,
ESTAT:DEMO_NIND(1.0),30/04/26 23:00:00,A,FAGEMAR1,LU,2015,32.1,,
ESTAT:DEMO_NIND(1.0),30/04/26 23:00:00,A,FAGEMAR1,LU,2016,31.6,,
ESTAT:DEMO_NIND(1.0),30/04/26 23:00:00,A,FAGEMAR1,LU,2017,31.6,,
ESTAT:DEMO_NIND(1.0),30/04/26 23:00:00,A,FAGEMAR1,LU,2019,32.1,,
ESTAT:DEMO_NIND(1.0),30/04/26 23:00:00,A,FAGEMAR1,LU,2020,32.4,,
ESTAT:DEMO_NIND(1.0),30/04/26 23:00:00,A,FAGEMAR1,LU,2021,32.4,,
ESTAT:DEMO_NIND(1.0),30/04/26 23:00:00,A,FAGEMAR1,LU,2022,32.8,,
ESTAT:DEMO_NIND(1.0),30/04/26 23:00:00,A,FAGEMAR1,LU,2023,33.0,,
ESTAT:DEMO_NIND(1.0),30/04/26 23:00:00,A,FAGEMAR1,LU,2024,32.7,,
ESTAT:DEMO_NIND(1.0),30/04/26 23:00:00,A,FAGEMAR1,LV,2002,25.0,,
ESTAT:DEMO_NIND(1.0),30/04/26 23:00:00,A,FAGEMAR1,LV,2003,25.1,,
ESTAT:DEMO_NIND(1.0),30/04/26 23:00:00,A,FAGEMAR1,LV,2004,25.3,,
ESTAT:DEMO_NIND(1.0),30/04/26 23:00:00,A,FAGEMAR1,LV,2005,25.8,,
ESTAT:DEMO_NIND(1.0),30/04/26 23:00:00,A,FAGEMAR1,LV,2006,26.1,,
ESTAT:DEMO_NIND(1.0),30/04/26 23:00:00,A,FAGEMAR1,LV,2007,26.2,,
ESTAT:DEMO_NIND(1.0),30/04/26 23:00:00,A,FAGEMAR1,LV,2008,26.5,,
ESTAT:DEMO_NIND(1.0),30/04/26 23:00:00,A,FAGEMAR1,LV,2009,26.9,,
ESTAT:DEMO_NIND(1.0),30/04/26 23:00:00,A,FAGEMAR1,LV,2010,27.1,,
ESTAT:DEMO_NIND(1.0),30/04/26 23:00:00,A,FAGEMAR1,LV,2011,27.3,,
ESTAT:DEMO_NIND(1.0),30/04/26 23:00:00,A,FAGEMAR1,LV,2012,27.5,,
ESTAT:DEMO_NIND(1.0),30/04/26 23:00:00,A,FAGEMAR1,LV,2013,27.9,,
ESTAT:DEMO_NIND(1.0),30/04/26 23:00:00,A,FAGEMAR1,LV,2014,28.2,,
ESTAT:DEMO_NIND(1.0),30/04/26 23:00:00,A,FAGEMAR1,LV,2015,28.5,,
ESTAT:DEMO_NIND(1.0),30/04/26 23:00:00,A,FAGEMAR1,LV,2016,28.8,,
ESTAT:DEMO_NIND(1.0),30/04/26 23:00:00,A,FAGEMAR1,LV,2017,28.9,,
ESTAT:DEMO_NIND(1.0),30/04/26 23:00:00,A,FAGEMAR1,LV,2018,29.2,,
ESTAT:DEMO_NIND(1.0),30/04/26 23:00:00,A,FAGEMAR1,LV,2019,29.6,,
ESTAT:DEMO_NIND(1.0),30/04/26 23:00:00,A,FAGEMAR1,LV,2020,29.8,,
ESTAT:DEMO_NIND(1.0),30/04/26 23:00:00,A,FAGEMAR1,LV,2021,30.0,,
ESTAT:DEMO_NIND(1.0),30/04/26 23:00:00,A,FAGEMAR1,LV,2022,30.0,,
ESTAT:DEMO_NIND(1.0),30/04/26 23:00:00,A,FAGEMAR1,LV,2023,30.5,,
ESTAT:DEMO_NIND(1.0),30/04/26 23:00:00,A,FAGEMAR1,LV,2024,30.6,,
ESTAT:DEMO_NIND(1.0),30/04/26 23:00:00,A,FAGEMAR1,MD,2014,24.6,,
ESTAT:DEMO_NIND(1.0),30/04/26 23:00:00,A,FAGEMAR1,MD,2015,24.7,e,
ESTAT:DEMO_NIND(1.0),30/04/26 23:00:00,A,FAGEMAR1,MD,2023,25.1,ep,
ESTAT:DEMO_NIND(1.0),30/04/26 23:00:00,A,FAGEMAR1,MD,2024,25.5,ep,
ESTAT:DEMO_NIND(1.0),30/04/26 23:00:00,A,FAGEMAR1,ME,2005,26.2,,
ESTAT:DEMO_NIND(1.0),30/04/26 23:00:00,A,FAGEMAR1,ME,2006,26.3,,
ESTAT:DEMO_NIND(1.0),30/04/26 23:00:00,A,FAGEMAR1,ME,2007,26.5,,
ESTAT:DEMO_NIND(1.0),30/04/26 23:00:00,A,FAGEMAR1,ME,2008,26.4,,
ESTAT:DEMO_NIND(1.0),30/04/26 23:00:00,A,FAGEMAR1,ME,2009,26.7,,
ESTAT:DEMO_NIND(1.0),30/04/26 23:00:00,A,FAGEMAR1,ME,2011,27.2,,
ESTAT:DEMO_NIND(1.0),30/04/26 23:00:00,A,FAGEMAR1,ME,2013,28.6,,
ESTAT:DEMO_NIND(1.0),30/04/26 23:00:00,A,FAGEMAR1,ME,2014,28.6,,
ESTAT:DEMO_NIND(1.0),30/04/26 23:00:00,A,FAGEMAR1,ME,2015,28.0,,
ESTAT:DEMO_NIND(1.0),30/04/26 23:00:00,A,FAGEMAR1,ME,2016,28.0,,
ESTAT:DEMO_NIND(1.0),30/04/26 23:00:00,A,FAGEMAR1,ME,2017,28.2,,
ESTAT:DEMO_NIND(1.0),30/04/26 23:00:00,A,FAGEMAR1,ME,2018,28.3,,
ESTAT:DEMO_NIND(1.0),30/04/26 23:00:00,A,FAGEMAR1,ME,2019,28.2,,
ESTAT:DEMO_NIND(1.0),30/04/26 23:00:00,A,FAGEMAR1,ME,2020,28.4,,
ESTAT:DEMO_NIND(1.0),30/04/26 23:00:00,A,FAGEMAR1,ME,2021,27.5,,
ESTAT:DEMO_NIND(1.0),30/04/26 23:00:00,A,FAGEMAR1,MK,1994,23.1,,
ESTAT:DEMO_NIND(1.0),30/04/26 23:00:00,A,FAGEMAR1,MK,1995,23.2,,
ESTAT:DEMO_NIND(1.0),30/04/26 23:00:00,A,FAGEMAR1,MK,1996,23.2,,
ESTAT:DEMO_NIND(1.0),30/04/26 23:00:00,A,FAGEMAR1,MK,1997,23.4,,
ESTAT:DEMO_NIND(1.0),30/04/26 23:00:00,A,FAGEMAR1,MK,1998,23.4,,
ESTAT:DEMO_NIND(1.0),30/04/26 23:00:00,A,FAGEMAR1,MK,1999,23.5,,
ESTAT:DEMO_NIND(1.0),30/04/26 23:00:00,A,FAGEMAR1,MK,2000,23.7,,
ESTAT:DEMO_NIND(1.0),30/04/26 23:00:00,A,FAGEMAR1,MK,2001,24.0,,
ESTAT:DEMO_NIND(1.0),30/04/26 23:00:00,A,FAGEMAR1,MK,2002,24.0,,
ESTAT:DEMO_NIND(1.0),30/04/26 23:00:00,A,FAGEMAR1,MK,2003,24.4,,
ESTAT:DEMO_NIND(1.0),30/04/26 23:00:00,A,FAGEMAR1,MK,2004,24.5,,
ESTAT:DEMO_NIND(1.0),30/04/26 23:00:00,A,FAGEMAR1,MK,2005,24.7,,
ESTAT:DEMO_NIND(1.0),30/04/26 23:00:00,A,FAGEMAR1,MK,2007,25.2,,
ESTAT:DEMO_NIND(1.0),30/04/26 23:00:00,A,FAGEMAR1,MK,2008,24.8,,
ESTAT:DEMO_NIND(1.0),30/04/26 23:00:00,A,FAGEMAR1,MK,2009,25.1,,
ESTAT:DEMO_NIND(1.0),30/04/26 23:00:00,A,FAGEMAR1,MK,2010,25.2,,
ESTAT:DEMO_NIND(1.0),30/04/26 23:00:00,A,FAGEMAR1,MK,2011,25.4,,
ESTAT:DEMO_NIND(1.0),30/04/26 23:00:00,A,FAGEMAR1,MK,2013,25.7,,
ESTAT:DEMO_NIND(1.0),30/04/26 23:00:00,A,FAGEMAR1,MK,2014,25.9,,
ESTAT:DEMO_NIND(1.0),30/04/26 23:00:00,A,FAGEMAR1,MK,2016,26.3,,
ESTAT:DEMO_NIND(1.0),30/04/26 23:00:00,A,FAGEMAR1,MK,2017,26.2,,
ESTAT:DEMO_NIND(1.0),30/04/26 23:00:00,A,FAGEMAR1,MK,2018,26.0,,
ESTAT:DEMO_NIND(1.0),30/04/26 23:00:00,A,FAGEMAR1,MK,2019,26.5,,
ESTAT:DEMO_NIND(1.0),30/04/26 23:00:00,A,FAGEMAR1,MK,2020,26.5,,
ESTAT:DEMO_NIND(1.0),30/04/26 23:00:00,A,FAGEMAR1,MK,2021,26.6,,
ESTAT:DEMO_NIND(1.0),30/04/26 23:00:00,A,FAGEMAR1,MT,1990,24.6,,
ESTAT:DEMO_NIND(1.0),30/04/26 23:00:00,A,FAGEMAR1,MT,1991,24.9,,
ESTAT:DEMO_NIND(1.0),30/04/26 23:00:00,A,FAGEMAR1,MT,1992,25.1,,
ESTAT:DEMO_NIND(1.0),30/04/26 23:00:00,A,FAGEMAR1,MT,1993,25.0,,
ESTAT:DEMO_NIND(1.0),30/04/26 23:00:00,A,FAGEMAR1,MT,1994,25.3,,
ESTAT:DEMO_NIND(1.0),30/04/26 23:00:00,A,FAGEMAR1,MT,1995,25.6,,
ESTAT:DEMO_NIND(1.0),30/04/26 23:00:00,A,FAGEMAR1,MT,1996,25.6,,
ESTAT:DEMO_NIND(1.0),30/04/26 23:00:00,A,FAGEMAR1,MT,2003,26.8,,
ESTAT:DEMO_NIND(1.0),30/04/26 23:00:00,A,FAGEMAR1,MT,2004,27.3,,
ESTAT:DEMO_NIND(1.0),30/04/26 23:00:00,A,FAGEMAR1,MT,2006,27.8,,
ESTAT:DEMO_NIND(1.0),30/04/26 23:00:00,A,FAGEMAR1,MT,2007,28.1,,
ESTAT:DEMO_NIND(1.0),30/04/26 23:00:00,A,FAGEMAR1,MT,2008,28.5,,
ESTAT:DEMO_NIND(1.0),30/04/26 23:00:00,A,FAGEMAR1,MT,2009,28.7,,
ESTAT:DEMO_NIND(1.0),30/04/26 23:00:00,A,FAGEMAR1,MT,2010,28.6,,
ESTAT:DEMO_NIND(1.0),30/04/26 23:00:00,A,FAGEMAR1,MT,2011,29.2,,
ESTAT:DEMO_NIND(1.0),30/04/26 23:00:00,A,FAGEMAR1,NL,1990,26.1,,
ESTAT:DEMO_NIND(1.0),30/04/26 23:00:00,A,FAGEMAR1,NL,1991,26.5,,
ESTAT:DEMO_NIND(1.0),30/04/26 23:00:00,A,FAGEMAR1,NL,1992,26.7,,
ESTAT:DEMO_NIND(1.0),30/04/26 23:00:00,A,FAGEMAR1,NL,1993,26.9,,
ESTAT:DEMO_NIND(1.0),30/04/26 23:00:00,A,FAGEMAR1,NL,1994,27.2,,
ESTAT:DEMO_NIND(1.0),30/04/26 23:00:00,A,FAGEMAR1,NL,1995,27.3,,
ESTAT:DEMO_NIND(1.0),30/04/26 23:00:00,A,FAGEMAR1,NL,1996,27.4,,
ESTAT:DEMO_NIND(1.0),30/04/26 23:00:00,A,FAGEMAR1,NL,1997,27.6,,
ESTAT:DEMO_NIND(1.0),30/04/26 23:00:00,A,FAGEMAR1,NL,1998,27.8,,
ESTAT:DEMO_NIND(1.0),30/04/26 23:00:00,A,FAGEMAR1,NL,1999,27.9,,
ESTAT:DEMO_NIND(1.0),30/04/26 23:00:00,A,FAGEMAR1,NL,2000,28.0,,
ESTAT:DEMO_NIND(1.0),30/04/26 23:00:00,A,FAGEMAR1,NL,2001,28.1,,
ESTAT:DEMO_NIND(1.0),30/04/26 23:00:00,A,FAGEMAR1,NL,2002,28.5,,
ESTAT:DEMO_NIND(1.0),30/04/26 23:00:00,A,FAGEMAR1,NL,2004,29.0,,
ESTAT:DEMO_NIND(1.0),30/04/26 23:00:00,A,FAGEMAR1,NL,2005,29.2,,
ESTAT:DEMO_NIND(1.0),30/04/26 23:00:00,A,FAGEMAR1,NL,2006,29.4,,
ESTAT:DEMO_NIND(1.0),30/04/26 23:00:00,A,FAGEMAR1,NL,2007,29.5,,
ESTAT:DEMO_NIND(1.0),30/04/26 23:00:00,A,FAGEMAR1,NL,2008,29.8,,
ESTAT:DEMO_NIND(1.0),30/04/26 23:00:00,A,FAGEMAR1,NL,2009,29.9,,
ESTAT:DEMO_NIND(1.0),30/04/26 23:00:00,A,FAGEMAR1,NL,2010,29.8,,
ESTAT:DEMO_NIND(1.0),30/04/26 23:00:00,A,FAGEMAR1,NL,2011,30.1,,
ESTAT:DEMO_NIND(1.0),30/04/26 23:00:00,A,FAGEMAR1,NL,2013,30.3,,
ESTAT:DEMO_NIND(1.0),30/04/26 23:00:00,A,FAGEMAR1,NL,2014,30.4,,
ESTAT:DEMO_NIND(1.0),30/04/26 23:00:00,A,FAGEMAR1,NL,2015,30.8,,
ESTAT:DEMO_NIND(1.0),30/04/26 23:00:00,A,FAGEMAR1,NL,2016,31.1,,
ESTAT:DEMO_NIND(1.0),30/04/26 23:00:00,A,FAGEMAR1,NL,2017,31.4,,
ESTAT:DEMO_NIND(1.0),30/04/26 23:00:00,A,FAGEMAR1,NL,2018,31.6,,
ESTAT:DEMO_NIND(1.0),30/04/26 23:00:00,A,FAGEMAR1,NL,2019,31.9,,
ESTAT:DEMO_NIND(1.0),30/04/26 23:00:00,A,FAGEMAR1,NL,2020,31.8,,
ESTAT:DEMO_NIND(1.0),30/04/26 23:00:00,A,FAGEMAR1,NL,2021,32.0,,
ESTAT:DEMO_NIND(1.0),30/04/26 23:00:00,A,FAGEMAR1,NL,2022,32.9,,
ESTAT:DEMO_NIND(1.0),30/04/26 23:00:00,A,FAGEMAR1,NL,2024,33.0,,
ESTAT:DEMO_NIND(1.0),30/04/26 23:00:00,A,FAGEMAR1,NO,1990,26.4,,
ESTAT:DEMO_NIND(1.0),30/04/26 23:00:00,A,FAGEMAR1,NO,1991,26.6,,
ESTAT:DEMO_NIND(1.0),30/04/26 23:00:00,A,FAGEMAR1,NO,1992,26.8,,
ESTAT:DEMO_NIND(1.0),30/04/26 23:00:00,A,FAGEMAR1,NO,1993,27.0,,
ESTAT:DEMO_NIND(1.0),30/04/26 23:00:00,A,FAGEMAR1,NO,1994,27.2,,
ESTAT:DEMO_NIND(1.0),30/04/26 23:00:00,A,FAGEMAR1,NO,1995,27.5,,
ESTAT:DEMO_NIND(1.0),30/04/26 23:00:00,A,FAGEMAR1,NO,1996,27.9,,
ESTAT:DEMO_NIND(1.0),30/04/26 23:00:00,A,FAGEMAR1,NO,1997,28.2,,
ESTAT:DEMO_NIND(1.0),30/04/26 23:00:00,A,FAGEMAR1,NO,1998,28.4,,
ESTAT:DEMO_NIND(1.0),30/04/26 23:00:00,A,FAGEMAR1,NO,1999,28.9,,
ESTAT:DEMO_NIND(1.0),30/04/26 23:00:00,A,FAGEMAR1,NO,2000,28.4,,
ESTAT:DEMO_NIND(1.0),30/04/26 23:00:00,A,FAGEMAR1,NO,2001,28.6,,
ESTAT:DEMO_NIND(1.0),30/04/26 23:00:00,A,FAGEMAR1,NO,2002,28.7,,
ESTAT:DEMO_NIND(1.0),30/04/26 23:00:00,A,FAGEMAR1,NO,2006,30.4,,
ESTAT:DEMO_NIND(1.0),30/04/26 23:00:00,A,FAGEMAR1,NO,2007,30.6,,
ESTAT:DEMO_NIND(1.0),30/04/26 23:00:00,A,FAGEMAR1,NO,2008,31.0,,
ESTAT:DEMO_NIND(1.0),30/04/26 23:00:00,A,FAGEMAR1,NO,2009,30.9,,
ESTAT:DEMO_NIND(1.0),30/04/26 23:00:00,A,FAGEMAR1,NO,2010,30.8,,
ESTAT:DEMO_NIND(1.0),30/04/26 23:00:00,A,FAGEMAR1,NO,2011,31.1,,
ESTAT:DEMO_NIND(1.0),30/04/26 23:00:00,A,FAGEMAR1,NO,2012,31.4,,
ESTAT:DEMO_NIND(1.0),30/04/26 23:00:00,A,FAGEMAR1,NO,2013,31.5,,
ESTAT:DEMO_NIND(1.0),30/04/26 23:00:00,A,FAGEMAR1,NO,2014,31.6,,
ESTAT:DEMO_NIND(1.0),30/04/26 23:00:00,A,FAGEMAR1,NO,2015,31.9,,
ESTAT:DEMO_NIND(1.0),30/04/26 23:00:00,A,FAGEMAR1,NO,2016,31.9,,
ESTAT:DEMO_NIND(1.0),30/04/26 23:00:00,A,FAGEMAR1,NO,2017,32.3,,
ESTAT:DEMO_NIND(1.0),30/04/26 23:00:00,A,FAGEMAR1,NO,2018,30.5,,
ESTAT:DEMO_NIND(1.0),30/04/26 23:00:00,A,FAGEMAR1,NO,2019,33.1,,
ESTAT:DEMO_NIND(1.0),30/04/26 23:00:00,A,FAGEMAR1,NO,2020,34.1,,
ESTAT:DEMO_NIND(1.0),30/04/26 23:00:00,A,FAGEMAR1,PL,1993,23.0,,
ESTAT:DEMO_NIND(1.0),30/04/26 23:00:00,A,FAGEMAR1,PL,1994,23.2,,
ESTAT:DEMO_NIND(1.0),30/04/26 23:00:00,A,FAGEMAR1,PL,1995,23.3,,
ESTAT:DEMO_NIND(1.0),30/04/26 23:00:00,A,FAGEMAR1,PL,1996,23.4,,
ESTAT:DEMO_NIND(1.0),30/04/26 23:00:00,A,FAGEMAR1,PL,1997,23.6,,
ESTAT:DEMO_NIND(1.0),30/04/26 23:00:00,A,FAGEMAR1,PL,1998,23.8,,
ESTAT:DEMO_NIND(1.0),30/04/26 23:00:00,A,FAGEMAR1,PL,1999,23.9,,
ESTAT:DEMO_NIND(1.0),30/04/26 23:00:00,A,FAGEMAR1,PL,2000,24.1,,
ESTAT:DEMO_NIND(1.0),30/04/26 23:00:00,A,FAGEMAR1,PL,2001,24.4,,
ESTAT:DEMO_NIND(1.0),30/04/26 23:00:00,A,FAGEMAR1,PL,2002,24.6,,
ESTAT:DEMO_NIND(1.0),30/04/26 23:00:00,A,FAGEMAR1,PL,2003,24.9,,
ESTAT:DEMO_NIND(1.0),30/04/26 23:00:00,A,FAGEMAR1,PL,2004,25.1,,
ESTAT:DEMO_NIND(1.0),30/04/26 23:00:00,A,FAGEMAR1,PL,2005,25.3,,
ESTAT:DEMO_NIND(1.0),30/04/26 23:00:00,A,FAGEMAR1,PL,2006,25.5,,
ESTAT:DEMO_NIND(1.0),30/04/26 23:00:00,A,FAGEMAR1,PL,2007,25.6,,
ESTAT:DEMO_NIND(1.0),30/04/26 23:00:00,A,FAGEMAR1,PL,2008,25.7,,
ESTAT:DEMO_NIND(1.0),30/04/26 23:00:00,A,FAGEMAR1,PL,2009,25.9,b,
ESTAT:DEMO_NIND(1.0),30/04/26 23:00:00,A,FAGEMAR1,PL,2010,26.1,,
ESTAT:DEMO_NIND(1.0),30/04/26 23:00:00,A,FAGEMAR1,PL,2011,26.2,,
ESTAT:DEMO_NIND(1.0),30/04/26 23:00:00,A,FAGEMAR1,PL,2012,26.3,,
ESTAT:DEMO_NIND(1.0),30/04/26 23:00:00,A,FAGEMAR1,PL,2013,26.6,,
ESTAT:DEMO_NIND(1.0),30/04/26 23:00:00,A,FAGEMAR1,PL,2014,26.7,,
ESTAT:DEMO_NIND(1.0),30/04/26 23:00:00,A,FAGEMAR1,PL,2015,26.9,,
ESTAT:DEMO_NIND(1.0),30/04/26 23:00:00,A,FAGEMAR1,PL,2016,27.1,,
ESTAT:DEMO_NIND(1.0),30/04/26 23:00:00,A,FAGEMAR1,PL,2017,27.3,,
ESTAT:DEMO_NIND(1.0),30/04/26 23:00:00,A,FAGEMAR1,PL,2018,27.4,,
ESTAT:DEMO_NIND(1.0),30/04/26 23:00:00,A,FAGEMAR1,PL,2019,27.7,,
ESTAT:DEMO_NIND(1.0),30/04/26 23:00:00,A,FAGEMAR1,PL,2020,27.9,ep,
ESTAT:DEMO_NIND(1.0),30/04/26 23:00:00,A,FAGEMAR1,PL,2021,28.0,ep,
ESTAT:DEMO_NIND(1.0),30/04/26 23:00:00,A,FAGEMAR1,PL,2022,28.4,b,
ESTAT:DEMO_NIND(1.0),30/04/26 23:00:00,A,FAGEMAR1,PL,2023,28.5,ep,
ESTAT:DEMO_NIND(1.0),30/04/26 23:00:00,A,FAGEMAR1,PL,2024,28.9,ep,
ESTAT:DEMO_NIND(1.0),30/04/26 23:00:00,A,FAGEMAR1,PT,1991,24.0,,
ESTAT:DEMO_NIND(1.0),30/04/26 23:00:00,A,FAGEMAR1,PT,1992,24.1,,
ESTAT:DEMO_NIND(1.0),30/04/26 23:00:00,A,FAGEMAR1,PT,1993,24.3,,
ESTAT:DEMO_NIND(1.0),30/04/26 23:00:00,A,FAGEMAR1,PT,1994,24.4,,
ESTAT:DEMO_NIND(1.0),30/04/26 23:00:00,A,FAGEMAR1,PT,1995,24.5,,
ESTAT:DEMO_NIND(1.0),30/04/26 23:00:00,A,FAGEMAR1,PT,1996,24.7,,
ESTAT:DEMO_NIND(1.0),30/04/26 23:00:00,A,FAGEMAR1,PT,1997,24.8,,
ESTAT:DEMO_NIND(1.0),30/04/26 23:00:00,A,FAGEMAR1,PT,1998,24.9,,
ESTAT:DEMO_NIND(1.0),30/04/26 23:00:00,A,FAGEMAR1,PT,1999,25.0,,
ESTAT:DEMO_NIND(1.0),30/04/26 23:00:00,A,FAGEMAR1,PT,2000,25.2,,
ESTAT:DEMO_NIND(1.0),30/04/26 23:00:00,A,FAGEMAR1,PT,2001,25.5,,
ESTAT:DEMO_NIND(1.0),30/04/26 23:00:00,A,FAGEMAR1,PT,2002,25.7,,
ESTAT:DEMO_NIND(1.0),30/04/26 23:00:00,A,FAGEMAR1,PT,2003,25.9,,
ESTAT:DEMO_NIND(1.0),30/04/26 23:00:00,A,FAGEMAR1,PT,2004,26.0,,
ESTAT:DEMO_NIND(1.0),30/04/26 23:00:00,A,FAGEMAR1,PT,2005,26.3,,
ESTAT:DEMO_NIND(1.0),30/04/26 23:00:00,A,FAGEMAR1,PT,2006,26.4,,
ESTAT:DEMO_NIND(1.0),30/04/26 23:00:00,A,FAGEMAR1,PT,2007,26.6,,
ESTAT:DEMO_NIND(1.0),30/04/26 23:00:00,A,FAGEMAR1,PT,2008,26.8,,
ESTAT:DEMO_NIND(1.0),30/04/26 23:00:00,A,FAGEMAR1,PT,2009,27.2,,
ESTAT:DEMO_NIND(1.0),30/04/26 23:00:00,A,FAGEMAR1,PT,2010,27.7,,
ESTAT:DEMO_NIND(1.0),30/04/26 23:00:00,A,FAGEMAR1,PT,2011,28.0,,
ESTAT:DEMO_NIND(1.0),30/04/26 23:00:00,A,FAGEMAR1,PT,2012,28.4,,
ESTAT:DEMO_NIND(1.0),30/04/26 23:00:00,A,FAGEMAR1,PT,2014,29.8,,
ESTAT:DEMO_NIND(1.0),30/04/26 23:00:00,A,FAGEMAR1,PT,2015,30.2,,
ESTAT:DEMO_NIND(1.0),30/04/26 23:00:00,A,FAGEMAR1,PT,2016,30.4,,
ESTAT:DEMO_NIND(1.0),30/04/26 23:00:00,A,FAGEMAR1,PT,2017,30.7,,
ESTAT:DEMO_NIND(1.0),30/04/26 23:00:00,A,FAGEMAR1,PT,2018,31.1,,
ESTAT:DEMO_NIND(1.0),30/04/26 23:00:00,A,FAGEMAR1,PT,2019,31.5,,
ESTAT:DEMO_NIND(1.0),30/04/26 23:00:00,A,FAGEMAR1,PT,2020,32.3,,
ESTAT:DEMO_NIND(1.0),30/04/26 23:00:00,A,FAGEMAR1,PT,2021,32.0,,
ESTAT:DEMO_NIND(1.0),30/04/26 23:00:00,A,FAGEMAR1,PT,2022,32.7,,
ESTAT:DEMO_NIND(1.0),30/04/26 23:00:00,A,FAGEMAR1,PT,2023,33.2,,
ESTAT:DEMO_NIND(1.0),30/04/26 23:00:00,A,FAGEMAR1,PT,2024,33.3,,
ESTAT:DEMO_NIND(1.0),30/04/26 23:00:00,A,FAGEMAR1,RO,1990,22.4,,
ESTAT:DEMO_NIND(1.0),30/04/26 23:00:00,A,FAGEMAR1,RO,1991,22.3,,
ESTAT:DEMO_NIND(1.0),30/04/26 23:00:00,A,FAGEMAR1,RO,1992,22.4,,
ESTAT:DEMO_NIND(1.0),30/04/26 23:00:00,A,FAGEMAR1,RO,1993,22.5,,
ESTAT:DEMO_NIND(1.0),30/04/26 23:00:00,A,FAGEMAR1,RO,1994,22.7,,
ESTAT:DEMO_NIND(1.0),30/04/26 23:00:00,A,FAGEMAR1,RO,1995,23.1,,
ESTAT:DEMO_NIND(1.0),30/04/26 23:00:00,A,FAGEMAR1,RO,1996,23.1,,
ESTAT:DEMO_NIND(1.0),30/04/26 23:00:00,A,FAGEMAR1,RO,1997,23.2,,
ESTAT:DEMO_NIND(1.0),30/04/26 23:00:00,A,FAGEMAR1,RO,1998,23.4,,
ESTAT:DEMO_NIND(1.0),30/04/26 23:00:00,A,FAGEMAR1,RO,1999,23.4,,
ESTAT:DEMO_NIND(1.0),30/04/26 23:00:00,A,FAGEMAR1,RO,2000,23.7,,
ESTAT:DEMO_NIND(1.0),30/04/26 23:00:00,A,FAGEMAR1,RO,2001,23.9,,
ESTAT:DEMO_NIND(1.0),30/04/26 23:00:00,A,FAGEMAR1,RO,2002,24.1,,
ESTAT:DEMO_NIND(1.0),30/04/26 23:00:00,A,FAGEMAR1,RO,2003,24.4,,
ESTAT:DEMO_NIND(1.0),30/04/26 23:00:00,A,FAGEMAR1,RO,2004,25.0,,
ESTAT:DEMO_NIND(1.0),30/04/26 23:00:00,A,FAGEMAR1,RO,2005,25.1,,
ESTAT:DEMO_NIND(1.0),30/04/26 23:00:00,A,FAGEMAR1,RO,2006,25.2,,
ESTAT:DEMO_NIND(1.0),30/04/26 23:00:00,A,FAGEMAR1,RO,2007,26.2,,
ESTAT:DEMO_NIND(1.0),30/04/26 23:00:00,A,FAGEMAR1,RO,2008,25.6,,
ESTAT:DEMO_NIND(1.0),30/04/26 23:00:00,A,FAGEMAR1,RO,2009,25.5,,
ESTAT:DEMO_NIND(1.0),30/04/26 23:00:00,A,FAGEMAR1,RO,2010,25.6,,
ESTAT:DEMO_NIND(1.0),30/04/26 23:00:00,A,FAGEMAR1,RO,2011,25.8,,
ESTAT:DEMO_NIND(1.0),30/04/26 23:00:00,A,FAGEMAR1,RO,2013,26.3,,
ESTAT:DEMO_NIND(1.0),30/04/26 23:00:00,A,FAGEMAR1,RO,2014,26.7,,
ESTAT:DEMO_NIND(1.0),30/04/26 23:00:00,A,FAGEMAR1,RO,2015,26.8,,
ESTAT:DEMO_NIND(1.0),30/04/26 23:00:00,A,FAGEMAR1,RO,2016,27.0,,
ESTAT:DEMO_NIND(1.0),30/04/26 23:00:00,A,FAGEMAR1,RO,2017,27.5,,
ESTAT:DEMO_NIND(1.0),30/04/26 23:00:00,A,FAGEMAR1,RO,2018,28.4,,
ESTAT:DEMO_NIND(1.0),30/04/26 23:00:00,A,FAGEMAR1,RO,2019,28.3,,
ESTAT:DEMO_NIND(1.0),30/04/26 23:00:00,A,FAGEMAR1,RO,2020,27.3,e,
ESTAT:DEMO_NIND(1.0),30/04/26 23:00:00,A,FAGEMAR1,RO,2021,27.5,e,
ESTAT:DEMO_NIND(1.0),30/04/26 23:00:00,A,FAGEMAR1,RO,2022,28.0,e,
ESTAT:DEMO_NIND(1.0),30/04/26 23:00:00,A,FAGEMAR1,RO,2023,28.3,e,
ESTAT:DEMO_NIND(1.0),30/04/26 23:00:00,A,FAGEMAR1,RO,2024,28.4,e,
ESTAT:DEMO_NIND(1.0),30/04/26 23:00:00,A,FAGEMAR1,RS,2000,25.3,,
ESTAT:DEMO_NIND(1.0),30/04/26 23:00:00,A,FAGEMAR1,RS,2001,25.5,,
ESTAT:DEMO_NIND(1.0),30/04/26 23:00:00,A,FAGEMAR1,RS,2002,25.7,,
ESTAT:DEMO_NIND(1.0),30/04/26 23:00:00,A,FAGEMAR1,RS,2003,25.9,,
ESTAT:DEMO_NIND(1.0),30/04/26 23:00:00,A,FAGEMAR1,RS,2004,26.2,,
ESTAT:DEMO_NIND(1.0),30/04/26 23:00:00,A,FAGEMAR1,RS,2005,26.1,,
ESTAT:DEMO_NIND(1.0),30/04/26 23:00:00,A,FAGEMAR1,RS,2006,26.3,,
ESTAT:DEMO_NIND(1.0),30/04/26 23:00:00,A,FAGEMAR1,RS,2007,26.6,,
ESTAT:DEMO_NIND(1.0),30/04/26 23:00:00,A,FAGEMAR1,RS,2008,26.8,,
ESTAT:DEMO_NIND(1.0),30/04/26 23:00:00,A,FAGEMAR1,RS,2009,27.1,,
ESTAT:DEMO_NIND(1.0),30/04/26 23:00:00,A,FAGEMAR1,RS,2010,27.2,,
ESTAT:DEMO_NIND(1.0),30/04/26 23:00:00,A,FAGEMAR1,RS,2011,27.4,,
ESTAT:DEMO_NIND(1.0),30/04/26 23:00:00,A,FAGEMAR1,RS,2012,27.4,,
ESTAT:DEMO_NIND(1.0),30/04/26 23:00:00,A,FAGEMAR1,RS,2013,27.5,,
ESTAT:DEMO_NIND(1.0),30/04/26 23:00:00,A,FAGEMAR1,RS,2014,27.8,,
ESTAT:DEMO_NIND(1.0),30/04/26 23:00:00,A,FAGEMAR1,RS,2015,27.9,,
ESTAT:DEMO_NIND(1.0),30/04/26 23:00:00,A,FAGEMAR1,RS,2016,28.1,,
ESTAT:DEMO_NIND(1.0),30/04/26 23:00:00,A,FAGEMAR1,RS,2017,28.2,,
ESTAT:DEMO_NIND(1.0),30/04/26 23:00:00,A,FAGEMAR1,RS,2018,28.4,,
ESTAT:DEMO_NIND(1.0),30/04/26 23:00:00,A,FAGEMAR1,RS,2019,28.5,,
ESTAT:DEMO_NIND(1.0),30/04/26 23:00:00,A,FAGEMAR1,RS,2020,28.5,,
ESTAT:DEMO_NIND(1.0),30/04/26 23:00:00,A,FAGEMAR1,RS,2021,28.5,,
ESTAT:DEMO_NIND(1.0),30/04/26 23:00:00,A,FAGEMAR1,RS,2022,28.6,,
ESTAT:DEMO_NIND(1.0),30/04/26 23:00:00,A,FAGEMAR1,RS,2023,28.9,b,
ESTAT:DEMO_NIND(1.0),30/04/26 23:00:00,A,FAGEMAR1,RS,2024,29.0,,
ESTAT:DEMO_NIND(1.0),30/04/26 23:00:00,A,FAGEMAR1,SE,1990,27.7,,
ESTAT:DEMO_NIND(1.0),30/04/26 23:00:00,A,FAGEMAR1,SE,1991,27.9,,
ESTAT:DEMO_NIND(1.0),30/04/26 23:00:00,A,FAGEMAR1,SE,1992,28.2,,
ESTAT:DEMO_NIND(1.0),30/04/26 23:00:00,A,FAGEMAR1,SE,1993,28.3,,
ESTAT:DEMO_NIND(1.0),30/04/26 23:00:00,A,FAGEMAR1,SE,1994,28.7,,
ESTAT:DEMO_NIND(1.0),30/04/26 23:00:00,A,FAGEMAR1,SE,1996,29.2,,
ESTAT:DEMO_NIND(1.0),30/04/26 23:00:00,A,FAGEMAR1,SE,1997,29.5,,
ESTAT:DEMO_NIND(1.0),30/04/26 23:00:00,A,FAGEMAR1,SE,1998,29.7,,
ESTAT:DEMO_NIND(1.0),30/04/26 23:00:00,A,FAGEMAR1,SE,1999,30.2,,
ESTAT:DEMO_NIND(1.0),30/04/26 23:00:00,A,FAGEMAR1,SE,2000,30.4,,
ESTAT:DEMO_NIND(1.0),30/04/26 23:00:00,A,FAGEMAR1,SE,2001,30.3,,
ESTAT:DEMO_NIND(1.0),30/04/26 23:00:00,A,FAGEMAR1,SE,2002,30.6,,
ESTAT:DEMO_NIND(1.0),30/04/26 23:00:00,A,FAGEMAR1,SE,2003,31.0,,
ESTAT:DEMO_NIND(1.0),30/04/26 23:00:00,A,FAGEMAR1,SE,2004,31.3,,
ESTAT:DEMO_NIND(1.0),30/04/26 23:00:00,A,FAGEMAR1,SE,2005,31.7,,
ESTAT:DEMO_NIND(1.0),30/04/26 23:00:00,A,FAGEMAR1,SE,2006,31.5,,
ESTAT:DEMO_NIND(1.0),30/04/26 23:00:00,A,FAGEMAR1,SE,2008,32.3,,
ESTAT:DEMO_NIND(1.0),30/04/26 23:00:00,A,FAGEMAR1,SE,2009,32.3,,
ESTAT:DEMO_NIND(1.0),30/04/26 23:00:00,A,FAGEMAR1,SE,2010,32.7,,
ESTAT:DEMO_NIND(1.0),30/04/26 23:00:00,A,FAGEMAR1,SE,2011,33.0,,
ESTAT:DEMO_NIND(1.0),30/04/26 23:00:00,A,FAGEMAR1,SE,2012,33.3,,
ESTAT:DEMO_NIND(1.0),30/04/26 23:00:00,A,FAGEMAR1,SE,2013,33.0,,
ESTAT:DEMO_NIND(1.0),30/04/26 23:00:00,A,FAGEMAR1,SE,2014,33.3,,
ESTAT:DEMO_NIND(1.0),30/04/26 23:00:00,A,FAGEMAR1,SE,2015,33.6,,
ESTAT:DEMO_NIND(1.0),30/04/26 23:00:00,A,FAGEMAR1,SE,2016,33.8,,
ESTAT:DEMO_NIND(1.0),30/04/26 23:00:00,A,FAGEMAR1,SE,2017,33.8,,
ESTAT:DEMO_NIND(1.0),30/04/26 23:00:00,A,FAGEMAR1,SE,2018,34.0,,
ESTAT:DEMO_NIND(1.0),30/04/26 23:00:00,A,FAGEMAR1,SE,2019,34.1,,
ESTAT:DEMO_NIND(1.0),30/04/26 23:00:00,A,FAGEMAR1,SE,2020,34.8,,
ESTAT:DEMO_NIND(1.0),30/04/26 23:00:00,A,FAGEMAR1,SE,2021,34.2,,
ESTAT:DEMO_NIND(1.0),30/04/26 23:00:00,A,FAGEMAR1,SE,2022,34.5,,
ESTAT:DEMO_NIND(1.0),30/04/26 23:00:00,A,FAGEMAR1,SE,2023,34.8,,
ESTAT:DEMO_NIND(1.0),30/04/26 23:00:00,A,FAGEMAR1,SE,2024,35.2,,
ESTAT:DEMO_NIND(1.0),30/04/26 23:00:00,A,FAGEMAR1,SI,1990,23.9,,
ESTAT:DEMO_NIND(1.0),30/04/26 23:00:00,A,FAGEMAR1,SI,1991,24.1,,
ESTAT:DEMO_NIND(1.0),30/04/26 23:00:00,A,FAGEMAR1,SI,1992,24.4,,
ESTAT:DEMO_NIND(1.0),30/04/26 23:00:00,A,FAGEMAR1,SI,1993,24.8,,
ESTAT:DEMO_NIND(1.0),30/04/26 23:00:00,A,FAGEMAR1,SI,1994,25.1,,
ESTAT:DEMO_NIND(1.0),30/04/26 23:00:00,A,FAGEMAR1,SI,1995,25.3,,
ESTAT:DEMO_NIND(1.0),30/04/26 23:00:00,A,FAGEMAR1,SI,1996,25.6,,
ESTAT:DEMO_NIND(1.0),30/04/26 23:00:00,A,FAGEMAR1,SI,1997,25.9,,
ESTAT:DEMO_NIND(1.0),30/04/26 23:00:00,A,FAGEMAR1,SI,1998,26.2,,
ESTAT:DEMO_NIND(1.0),30/04/26 23:00:00,A,FAGEMAR1,SI,1999,26.5,,
ESTAT:DEMO_NIND(1.0),30/04/26 23:00:00,A,FAGEMAR1,SI,2000,27.0,,
ESTAT:DEMO_NIND(1.0),30/04/26 23:00:00,A,FAGEMAR1,SI,2001,27.3,,
ESTAT:DEMO_NIND(1.0),30/04/26 23:00:00,A,FAGEMAR1,SI,2002,27.7,,
ESTAT:DEMO_NIND(1.0),30/04/26 23:00:00,A,FAGEMAR1,SI,2003,27.8,,
ESTAT:DEMO_NIND(1.0),30/04/26 23:00:00,A,FAGEMAR1,SI,2004,28.1,,
ESTAT:DEMO_NIND(1.0),30/04/26 23:00:00,A,FAGEMAR1,SI,2005,28.7,,
ESTAT:DEMO_NIND(1.0),30/04/26 23:00:00,A,FAGEMAR1,SI,2006,28.4,,
ESTAT:DEMO_NIND(1.0),30/04/26 23:00:00,A,FAGEMAR1,SI,2007,28.6,,
ESTAT:DEMO_NIND(1.0),30/04/26 23:00:00,A,FAGEMAR1,SI,2008,28.6,,
ESTAT:DEMO_NIND(1.0),30/04/26 23:00:00,A,FAGEMAR1,SI,2009,28.5,,
ESTAT:DEMO_NIND(1.0),30/04/26 23:00:00,A,FAGEMAR1,SI,2010,29.0,,
ESTAT:DEMO_NIND(1.0),30/04/26 23:00:00,A,FAGEMAR1,SI,2011,29.4,,
ESTAT:DEMO_NIND(1.0),30/04/26 23:00:00,A,FAGEMAR1,SI,2012,29.4,,
ESTAT:DEMO_NIND(1.0),30/04/26 23:00:00,A,FAGEMAR1,SI,2013,29.6,,
ESTAT:DEMO_NIND(1.0),30/04/26 23:00:00,A,FAGEMAR1,SI,2014,29.7,,
ESTAT:DEMO_NIND(1.0),30/04/26 23:00:00,A,FAGEMAR1,SI,2015,30.0,,
ESTAT:DEMO_NIND(1.0),30/04/26 23:00:00,A,FAGEMAR1,SI,2016,30.3,,
ESTAT:DEMO_NIND(1.0),30/04/26 23:00:00,A,FAGEMAR1,SI,2017,30.4,,
ESTAT:DEMO_NIND(1.0),30/04/26 23:00:00,A,FAGEMAR1,SI,2018,31.2,,
ESTAT:DEMO_NIND(1.0),30/04/26 23:00:00,A,FAGEMAR1,SI,2019,31.2,,
ESTAT:DEMO_NIND(1.0),30/04/26 23:00:00,A,FAGEMAR1,SI,2020,31.1,,
ESTAT:DEMO_NIND(1.0),30/04/26 23:00:00,A,FAGEMAR1,SI,2021,31.4,,
ESTAT:DEMO_NIND(1.0),30/04/26 23:00:00,A,FAGEMAR1,SI,2022,31.8,,
ESTAT:DEMO_NIND(1.0),30/04/26 23:00:00,A,FAGEMAR1,SI,2023,31.9,,
ESTAT:DEMO_NIND(1.0),30/04/26 23:00:00,A,FAGEMAR1,SI,2024,31.9,,
ESTAT:DEMO_NIND(1.0),30/04/26 23:00:00,A,FAGEMAR1,SK,1999,23.3,,
ESTAT:DEMO_NIND(1.0),30/04/26 23:00:00,A,FAGEMAR1,SK,2000,24.1,,
ESTAT:DEMO_NIND(1.0),30/04/26 23:00:00,A,FAGEMAR1,SK,2001,24.3,,
ESTAT:DEMO_NIND(1.0),30/04/26 23:00:00,A,FAGEMAR1,SK,2002,24.7,,
ESTAT:DEMO_NIND(1.0),30/04/26 23:00:00,A,FAGEMAR1,SK,2003,25.1,,
ESTAT:DEMO_NIND(1.0),30/04/26 23:00:00,A,FAGEMAR1,SK,2004,25.4,,
ESTAT:DEMO_NIND(1.0),30/04/26 23:00:00,A,FAGEMAR1,SK,2006,26.3,,
ESTAT:DEMO_NIND(1.0),30/04/26 23:00:00,A,FAGEMAR1,SK,2007,26.5,,
ESTAT:DEMO_NIND(1.0),30/04/26 23:00:00,A,FAGEMAR1,SK,2008,26.7,,
ESTAT:DEMO_NIND(1.0),30/04/26 23:00:00,A,FAGEMAR1,SK,2009,26.9,,
ESTAT:DEMO_NIND(1.0),30/04/26 23:00:00,A,FAGEMAR1,SK,2010,27.2,,
ESTAT:DEMO_NIND(1.0),30/04/26 23:00:00,A,FAGEMAR1,SK,2012,27.6,,
ESTAT:DEMO_NIND(1.0),30/04/26 23:00:00,A,FAGEMAR1,SK,2013,27.8,,
ESTAT:DEMO_NIND(1.0),30/04/26 23:00:00,A,FAGEMAR1,SK,2014,28.1,,
ESTAT:DEMO_NIND(1.0),30/04/26 23:00:00,A,FAGEMAR1,SK,2015,28.2,,
ESTAT:DEMO_NIND(1.0),30/04/26 23:00:00,A,FAGEMAR1,SK,2016,28.3,,
ESTAT:DEMO_NIND(1.0),30/04/26 23:00:00,A,FAGEMAR1,SK,2017,28.6,,
ESTAT:DEMO_NIND(1.0),30/04/26 23:00:00,A,FAGEMAR1,SK,2018,28.7,,
ESTAT:DEMO_NIND(1.0),30/04/26 23:00:00,A,FAGEMAR1,SK,2019,28.7,,
ESTAT:DEMO_NIND(1.0),30/04/26 23:00:00,A,FAGEMAR1,SK,2020,28.8,,
ESTAT:DEMO_NIND(1.0),30/04/26 23:00:00,A,FAGEMAR1,SK,2021,28.9,,
ESTAT:DEMO_NIND(1.0),30/04/26 23:00:00,A,FAGEMAR1,SK,2022,29.2,,
ESTAT:DEMO_NIND(1.0),30/04/26 23:00:00,A,FAGEMAR1,SK,2023,29.3,,
ESTAT:DEMO_NIND(1.0),30/04/26 23:00:00,A,FAGEMAR1,SK,2024,29.7,,
ESTAT:DEMO_NIND(1.0),30/04/26 23:00:00,A,FAGEMAR1,SM,2012,30.1,,
ESTAT:DEMO_NIND(1.0),30/04/26 23:00:00,A,FAGEMAR1,TR,2003,24.1,,
ESTAT:DEMO_NIND(1.0),30/04/26 23:00:00,A,FAGEMAR1,TR,2006,23.5,,
ESTAT:DEMO_NIND(1.0),30/04/26 23:00:00,A,FAGEMAR1,TR,2007,23.5,,
ESTAT:DEMO_NIND(1.0),30/04/26 23:00:00,A,FAGEMAR1,TR,2008,23.6,,
ESTAT:DEMO_NIND(1.0),30/04/26 23:00:00,A,FAGEMAR1,TR,2009,23.7,,
ESTAT:DEMO_NIND(1.0),30/04/26 23:00:00,A,FAGEMAR1,TR,2010,23.8,,
ESTAT:DEMO_NIND(1.0),30/04/26 23:00:00,A,FAGEMAR1,TR,2011,23.9,,
ESTAT:DEMO_NIND(1.0),30/04/26 23:00:00,A,FAGEMAR1,TR,2013,24.2,,
ESTAT:DEMO_NIND(1.0),30/04/26 23:00:00,A,FAGEMAR1,TR,2014,24.3,,
ESTAT:DEMO_NIND(1.0),30/04/26 23:00:00,A,FAGEMAR1,TR,2015,24.5,,
ESTAT:DEMO_NIND(1.0),30/04/26 23:00:00,A,FAGEMAR1,TR,2016,24.7,,
ESTAT:DEMO_NIND(1.0),30/04/26 23:00:00,A,FAGEMAR1,TR,2017,24.8,,
ESTAT:DEMO_NIND(1.0),30/04/26 23:00:00,A,FAGEMAR1,TR,2018,24.9,,
ESTAT:DEMO_NIND(1.0),30/04/26 23:00:00,A,FAGEMAR1,TR,2019,25.1,,
ESTAT:DEMO_NIND(1.0),30/04/26 23:00:00,A,FAGEMAR1,TR,2020,25.2,,
ESTAT:DEMO_NIND(1.0),30/04/26 23:00:00,A,FAGEMAR1,TR,2022,25.6,,
ESTAT:DEMO_NIND(1.0),30/04/26 23:00:00,A,FAGEMAR1,TR,2023,25.8,,
ESTAT:DEMO_NIND(1.0),30/04/26 23:00:00,A,FAGEMAR1,TR,2024,25.9,,
ESTAT:DEMO_NIND(1.0),30/04/26 23:00:00,A,FAGEMAR1,UA,2006,23.5,,
ESTAT:DEMO_NIND(1.0),30/04/26 23:00:00,A,FAGEMAR1,UA,2007,23.6,,
ESTAT:DEMO_NIND(1.0),30/04/26 23:00:00,A,FAGEMAR1,UA,2008,23.8,,
ESTAT:DEMO_NIND(1.0),30/04/26 23:00:00,A,FAGEMAR1,UA,2010,24.0,,
ESTAT:DEMO_NIND(1.0),30/04/26 23:00:00,A,FAGEMAR1,UA,2011,24.1,,
ESTAT:DEMO_NIND(1.0),30/04/26 23:00:00,A,FAGEMAR1,UA,2014,25.0,,
ESTAT:DEMO_NIND(1.0),30/04/26 23:00:00,A,FAGEMAR1,UA,2017,24.7,,
ESTAT:DEMO_NIND(1.0),30/04/26 23:00:00,A,FAGEMAR1,UA,2018,24.8,,
ESTAT:DEMO_NIND(1.0),30/04/26 23:00:00,A,FAGEMAR1,UA,2019,24.9,,
ESTAT:DEMO_NIND(1.0),30/04/26 23:00:00,A,FAGEMAR1,UK,2013,31.5,,
ESTAT:DEMO_NIND(1.0),30/04/26 23:00:00,A,FAGEMAR1,UK,2015,31.5,,
ESTAT:DEMO_NIND(1.0),30/04/26 23:00:00,A,FAGEMAR1,XK,2016,29.0,,
ESTAT:DEMO_NIND(1.0),30/04/26 23:00:00,A,FAGEMAR1,XK,2017,29.6,,
ESTAT:DEMO_NIND(1.0),30/04/26 23:00:00,A,FAGEMAR1,XK,2018,28.8,,
ESTAT:DEMO_NIND(1.0),30/04/26 23:00:00,A,FAGEMAR1,XK,2019,28.8,,
ESTAT:DEMO_NIND(1.0),30/04/26 23:00:00,A,FMAR1CUM,AM,2006,0.58,,
ESTAT:DEMO_NIND(1.0),30/04/26 23:00:00,A,FMAR1CUM,AM,2007,0.62,,
ESTAT:DEMO_NIND(1.0),30/04/26 23:00:00,A,FMAR1CUM,AM,2008,0.62,,
ESTAT:DEMO_NIND(1.0),30/04/26 23:00:00,A,FMAR1CUM,AM,2009,0.62,,
ESTAT:DEMO_NIND(1.0),30/04/26 23:00:00,A,FMAR1CUM,AM,2015,0.66,,
ESTAT:DEMO_NIND(1.0),30/04/26 23:00:00,A,FMAR1CUM,AM,2017,0.62,,
ESTAT:DEMO_NIND(1.0),30/04/26 23:00:00,A,FMAR1CUM,AM,2018,0.63,,
ESTAT:DEMO_NIND(1.0),30/04/26 23:00:00,A,FMAR1CUM,AT,1990,0.59,,
ESTAT:DEMO_NIND(1.0),30/04/26 23:00:00,A,FMAR1CUM,AT,1991,0.56,,
ESTAT:DEMO_NIND(1.0),30/04/26 23:00:00,A,FMAR1CUM,AT,1992,0.58,,
ESTAT:DEMO_NIND(1.0),30/04/26 23:00:00,A,FMAR1CUM,AT,1993,0.58,,
ESTAT:DEMO_NIND(1.0),30/04/26 23:00:00,A,FMAR1CUM,AT,1994,0.57,,
ESTAT:DEMO_NIND(1.0),30/04/26 23:00:00,A,FMAR1CUM,AT,1995,0.57,,
ESTAT:DEMO_NIND(1.0),30/04/26 23:00:00,A,FMAR1CUM,AT,1996,0.57,,
ESTAT:DEMO_NIND(1.0),30/04/26 23:00:00,A,FMAR1CUM,AT,1997,0.56,,
ESTAT:DEMO_NIND(1.0),30/04/26 23:00:00,A,FMAR1CUM,AT,1998,0.54,,
ESTAT:DEMO_NIND(1.0),30/04/26 23:00:00,A,FMAR1CUM,AT,1999,0.54,,
ESTAT:DEMO_NIND(1.0),30/04/26 23:00:00,A,FMAR1CUM,AT,2000,0.55,,
ESTAT:DEMO_NIND(1.0),30/04/26 23:00:00,A,FMAR1CUM,AT,2001,0.47,,
ESTAT:DEMO_NIND(1.0),30/04/26 23:00:00,A,FMAR1CUM,AT,2002,0.50,,
ESTAT:DEMO_NIND(1.0),30/04/26 23:00:00,A,FMAR1CUM,AT,2003,0.51,,
ESTAT:DEMO_NIND(1.0),30/04/26 23:00:00,A,FMAR1CUM,AT,2004,0.52,,
ESTAT:DEMO_NIND(1.0),30/04/26 23:00:00,A,FMAR1CUM,AT,2005,0.53,,
ESTAT:DEMO_NIND(1.0),30/04/26 23:00:00,A,FMAR1CUM,AT,2006,0.50,,
ESTAT:DEMO_NIND(1.0),30/04/26 23:00:00,A,FMAR1CUM,AT,2007,0.49,,
ESTAT:DEMO_NIND(1.0),30/04/26 23:00:00,A,FMAR1CUM,AT,2008,0.48,,
ESTAT:DEMO_NIND(1.0),30/04/26 23:00:00,A,FMAR1CUM,AT,2009,0.49,,
ESTAT:DEMO_NIND(1.0),30/04/26 23:00:00,A,FMAR1CUM,AT,2011,0.50,,
ESTAT:DEMO_NIND(1.0),30/04/26 23:00:00,A,FMAR1CUM,AT,2012,0.54,,
ESTAT:DEMO_NIND(1.0),30/04/26 23:00:00,A,FMAR1CUM,AT,2013,0.50,,
ESTAT:DEMO_NIND(1.0),30/04/26 23:00:00,A,FMAR1CUM,AT,2014,0.52,,
ESTAT:DEMO_NIND(1.0),30/04/26 23:00:00,A,FMAR1CUM,AT,2015,0.61,,
ESTAT:DEMO_NIND(1.0),30/04/26 23:00:00,A,FMAR1CUM,AT,2016,0.61,,
ESTAT:DEMO_NIND(1.0),30/04/26 23:00:00,A,FMAR1CUM,AT,2017,0.61,,
ESTAT:DEMO_NIND(1.0),30/04/26 23:00:00,A,FMAR1CUM,AT,2018,0.63,,
ESTAT:DEMO_NIND(1.0),30/04/26 23:00:00,A,FMAR1CUM,AT,2019,0.62,,
ESTAT:DEMO_NIND(1.0),30/04/26 23:00:00,A,FMAR1CUM,AT,2023,0.63,,
ESTAT:DEMO_NIND(1.0),30/04/26 23:00:00,A,FMAR1CUM,AT,2024,0.63,,
ESTAT:DEMO_NIND(1.0),30/04/26 23:00:00,A,FMAR1CUM,AZ,2006,0.99,,
ESTAT:DEMO_NIND(1.0),30/04/26 23:00:00,A,FMAR1CUM,AZ,2007,1.00,,
ESTAT:DEMO_NIND(1.0),30/04/26 23:00:00,A,FMAR1CUM,AZ,2008,0.94,,
ESTAT:DEMO_NIND(1.0),30/04/26 23:00:00,A,FMAR1CUM,AZ,2009,0.88,,
ESTAT:DEMO_NIND(1.0),30/04/26 23:00:00,A,FMAR1CUM,AZ,2014,0.98,,
ESTAT:DEMO_NIND(1.0),30/04/26 23:00:00,A,FMAR1CUM,AZ,2015,0.99,,
ESTAT:DEMO_NIND(1.0),30/04/26 23:00:00,A,FMAR1CUM,AZ,2017,0.78,,
ESTAT:DEMO_NIND(1.0),30/04/26 23:00:00,A,FMAR1CUM,AZ,2018,0.80,,
ESTAT:DEMO_NIND(1.0),30/04/26 23:00:00,A,FMAR1CUM,AZ,2019,0.84,,
ESTAT:DEMO_NIND(1.0),30/04/26 23:00:00,A,FMAR1CUM,BE,1990,0.72,,
ESTAT:DEMO_NIND(1.0),30/04/26 23:00:00,A,FMAR1CUM,BE,1991,0.69,,
ESTAT:DEMO_NIND(1.0),30/04/26 23:00:00,A,FMAR1CUM,BE,1992,0.65,,
ESTAT:DEMO_NIND(1.0),30/04/26 23:00:00,A,FMAR1CUM,BE,1993,0.61,,
ESTAT:DEMO_NIND(1.0),30/04/26 23:00:00,A,FMAR1CUM,BE,1994,0.59,,
ESTAT:DEMO_NIND(1.0),30/04/26 23:00:00,A,FMAR1CUM,BE,1995,0.57,,
ESTAT:DEMO_NIND(1.0),30/04/26 23:00:00,A,FMAR1CUM,BE,1996,0.56,,
ESTAT:DEMO_NIND(1.0),30/04/26 23:00:00,A,FMAR1CUM,BE,1997,0.54,,
ESTAT:DEMO_NIND(1.0),30/04/26 23:00:00,A,FMAR1CUM,BE,1998,0.51,,
ESTAT:DEMO_NIND(1.0),30/04/26 23:00:00,A,FMAR1CUM,BE,1999,0.51,,
ESTAT:DEMO_NIND(1.0),30/04/26 23:00:00,A,FMAR1CUM,BE,2000,0.51,,
ESTAT:DEMO_NIND(1.0),30/04/26 23:00:00,A,FMAR1CUM,BE,2001,0.48,,
ESTAT:DEMO_NIND(1.0),30/04/26 23:00:00,A,FMAR1CUM,BE,2002,0.46,,
ESTAT:DEMO_NIND(1.0),30/04/26 23:00:00,A,FMAR1CUM,BE,2003,0.47,,
ESTAT:DEMO_NIND(1.0),30/04/26 23:00:00,A,FMAR1CUM,BE,2004,0.48,,
ESTAT:DEMO_NIND(1.0),30/04/26 23:00:00,A,FMAR1CUM,BE,2005,0.47,,
ESTAT:DEMO_NIND(1.0),30/04/26 23:00:00,A,FMAR1CUM,BE,2006,0.48,,
ESTAT:DEMO_NIND(1.0),30/04/26 23:00:00,A,FMAR1CUM,BE,2007,0.49,,
ESTAT:DEMO_NIND(1.0),30/04/26 23:00:00,A,FMAR1CUM,BE,2008,0.49,,
ESTAT:DEMO_NIND(1.0),30/04/26 23:00:00,A,FMAR1CUM,BE,2009,0.46,,
ESTAT:DEMO_NIND(1.0),30/04/26 23:00:00,A,FMAR1CUM,BE,2010,0.44,,
ESTAT:DEMO_NIND(1.0),30/04/26 23:00:00,A,FMAR1CUM,BE,2012,0.44,,
ESTAT:DEMO_NIND(1.0),30/04/26 23:00:00,A,FMAR1CUM,BE,2017,0.43,,
ESTAT:DEMO_NIND(1.0),30/04/26 23:00:00,A,FMAR1CUM,BE,2020,0.31,,
ESTAT:DEMO_NIND(1.0),30/04/26 23:00:00,A,FMAR1CUM,BE,2021,0.39,,
ESTAT:DEMO_NIND(1.0),30/04/26 23:00:00,A,FMAR1CUM,BE,2022,0.47,,
ESTAT:DEMO_NIND(1.0),30/04/26 23:00:00,A,FMAR1CUM,BE,2023,0.45,,
ESTAT:DEMO_NIND(1.0),30/04/26 23:00:00,A,FMAR1CUM,BG,1990,0.91,,
ESTAT:DEMO_NIND(1.0),30/04/26 23:00:00,A,FMAR1CUM,BG,1991,0.75,,
ESTAT:DEMO_NIND(1.0),30/04/26 23:00:00,A,FMAR1CUM,BG,1992,0.69,,
ESTAT:DEMO_NIND(1.0),30/04/26 23:00:00,A,FMAR1CUM,BG,1993,0.61,,
ESTAT:DEMO_NIND(1.0),30/04/26 23:00:00,A,FMAR1CUM,BG,1994,0.57,,
ESTAT:DEMO_NIND(1.0),30/04/26 23:00:00,A,FMAR1CUM,BG,1995,0.55,,
ESTAT:DEMO_NIND(1.0),30/04/26 23:00:00,A,FMAR1CUM,BG,1996,0.53,,
ESTAT:DEMO_NIND(1.0),30/04/26 23:00:00,A,FMAR1CUM,BG,1997,0.51,,
ESTAT:DEMO_NIND(1.0),30/04/26 23:00:00,A,FMAR1CUM,BG,1998,0.53,,
ESTAT:DEMO_NIND(1.0),30/04/26 23:00:00,A,FMAR1CUM,BG,1999,0.53,,
ESTAT:DEMO_NIND(1.0),30/04/26 23:00:00,A,FMAR1CUM,BG,2000,0.52,,
ESTAT:DEMO_NIND(1.0),30/04/26 23:00:00,A,FMAR1CUM,BG,2001,0.49,,
ESTAT:DEMO_NIND(1.0),30/04/26 23:00:00,A,FMAR1CUM,BG,2002,0.47,,
ESTAT:DEMO_NIND(1.0),30/04/26 23:00:00,A,FMAR1CUM,BG,2003,0.49,,
ESTAT:DEMO_NIND(1.0),30/04/26 23:00:00,A,FMAR1CUM,BG,2004,0.50,,
ESTAT:DEMO_NIND(1.0),30/04/26 23:00:00,A,FMAR1CUM,BG,2005,0.54,,
ESTAT:DEMO_NIND(1.0),30/04/26 23:00:00,A,FMAR1CUM,BG,2006,0.53,,
ESTAT:DEMO_NIND(1.0),30/04/26 23:00:00,A,FMAR1CUM,BG,2007,0.49,,
ESTAT:DEMO_NIND(1.0),30/04/26 23:00:00,A,FMAR1CUM,BG,2008,0.47,,
ESTAT:DEMO_NIND(1.0),30/04/26 23:00:00,A,FMAR1CUM,BG,2009,0.44,,
ESTAT:DEMO_NIND(1.0),30/04/26 23:00:00,A,FMAR1CUM,BG,2010,0.42,,
ESTAT:DEMO_NIND(1.0),30/04/26 23:00:00,A,FMAR1CUM,BG,2011,0.40,b,
ESTAT:DEMO_NIND(1.0),30/04/26 23:00:00,A,FMAR1CUM,BG,2013,0.43,,
ESTAT:DEMO_NIND(1.0),30/04/26 23:00:00,A,FMAR1CUM,BG,2014,0.49,,
ESTAT:DEMO_NIND(1.0),30/04/26 23:00:00,A,FMAR1CUM,BG,2015,0.57,,
ESTAT:DEMO_NIND(1.0),30/04/26 23:00:00,A,FMAR1CUM,BG,2016,0.57,,
ESTAT:DEMO_NIND(1.0),30/04/26 23:00:00,A,FMAR1CUM,BG,2017,0.62,,
ESTAT:DEMO_NIND(1.0),30/04/26 23:00:00,A,FMAR1CUM,BG,2018,0.64,,
ESTAT:DEMO_NIND(1.0),30/04/26 23:00:00,A,FMAR1CUM,BG,2019,0.66,,
ESTAT:DEMO_NIND(1.0),30/04/26 23:00:00,A,FMAR1CUM,BG,2020,0.51,,
ESTAT:DEMO_NIND(1.0),30/04/26 23:00:00,A,FMAR1CUM,BG,2021,0.62,,
ESTAT:DEMO_NIND(1.0),30/04/26 23:00:00,A,FMAR1CUM,BG,2022,0.65,,
ESTAT:DEMO_NIND(1.0),30/04/26 23:00:00,A,FMAR1CUM,BG,2023,0.59,,
ESTAT:DEMO_NIND(1.0),30/04/26 23:00:00,A,FMAR1CUM,BG,2024,0.55,,
ESTAT:DEMO_NIND(1.0),30/04/26 23:00:00,A,FMAR1CUM,BY,2006,0.78,,
ESTAT:DEMO_NIND(1.0),30/04/26 23:00:00,A,FMAR1CUM,BY,2007,0.88,,
ESTAT:DEMO_NIND(1.0),30/04/26 23:00:00,A,FMAR1CUM,BY,2008,0.75,,
ESTAT:DEMO_NIND(1.0),30/04/26 23:00:00,A,FMAR1CUM,BY,2011,0.91,,
ESTAT:DEMO_NIND(1.0),30/04/26 23:00:00,A,FMAR1CUM,BY,2013,0.94,,
ESTAT:DEMO_NIND(1.0),30/04/26 23:00:00,A,FMAR1CUM,BY,2014,0.92,,
ESTAT:DEMO_NIND(1.0),30/04/26 23:00:00,A,FMAR1CUM,BY,2015,0.92,,
ESTAT:DEMO_NIND(1.0),30/04/26 23:00:00,A,FMAR1CUM,BY,2016,0.74,,
ESTAT:DEMO_NIND(1.0),30/04/26 23:00:00,A,FMAR1CUM,BY,2017,0.79,,
ESTAT:DEMO_NIND(1.0),30/04/26 23:00:00,A,FMAR1CUM,BY,2018,0.73,,
ESTAT:DEMO_NIND(1.0),30/04/26 23:00:00,A,FMAR1CUM,CH,1990,0.75,,
ESTAT:DEMO_NIND(1.0),30/04/26 23:00:00,A,FMAR1CUM,CH,1991,0.75,,
ESTAT:DEMO_NIND(1.0),30/04/26 23:00:00,A,FMAR1CUM,CH,1992,0.71,,
ESTAT:DEMO_NIND(1.0),30/04/26 23:00:00,A,FMAR1CUM,CH,1993,0.68,,
ESTAT:DEMO_NIND(1.0),30/04/26 23:00:00,A,FMAR1CUM,CH,1994,0.66,,
ESTAT:DEMO_NIND(1.0),30/04/26 23:00:00,A,FMAR1CUM,CH,1995,0.65,,
ESTAT:DEMO_NIND(1.0),30/04/26 23:00:00,A,FMAR1CUM,CH,1996,0.64,,
ESTAT:DEMO_NIND(1.0),30/04/26 23:00:00,A,FMAR1CUM,CH,1997,0.62,,
ESTAT:DEMO_NIND(1.0),30/04/26 23:00:00,A,FMAR1CUM,CH,1998,0.63,,
ESTAT:DEMO_NIND(1.0),30/04/26 23:00:00,A,FMAR1CUM,CH,1999,0.66,,
ESTAT:DEMO_NIND(1.0),30/04/26 23:00:00,A,FMAR1CUM,CH,2000,0.65,,
ESTAT:DEMO_NIND(1.0),30/04/26 23:00:00,A,FMAR1CUM,CH,2001,0.59,,
ESTAT:DEMO_NIND(1.0),30/04/26 23:00:00,A,FMAR1CUM,CH,2002,0.65,,
ESTAT:DEMO_NIND(1.0),30/04/26 23:00:00,A,FMAR1CUM,CH,2003,0.64,,
ESTAT:DEMO_NIND(1.0),30/04/26 23:00:00,A,FMAR1CUM,CH,2004,0.63,,
ESTAT:DEMO_NIND(1.0),30/04/26 23:00:00,A,FMAR1CUM,CH,2005,0.64,,
ESTAT:DEMO_NIND(1.0),30/04/26 23:00:00,A,FMAR1CUM,CH,2006,0.64,,
ESTAT:DEMO_NIND(1.0),30/04/26 23:00:00,A,FMAR1CUM,CH,2007,0.64,,
ESTAT:DEMO_NIND(1.0),30/04/26 23:00:00,A,FMAR1CUM,CH,2008,0.65,,
ESTAT:DEMO_NIND(1.0),30/04/26 23:00:00,A,FMAR1CUM,CH,2009,0.65,,
ESTAT:DEMO_NIND(1.0),30/04/26 23:00:00,A,FMAR1CUM,CH,2010,0.66,,
ESTAT:DEMO_NIND(1.0),30/04/26 23:00:00,A,FMAR1CUM,CH,2011,0.64,b,
ESTAT:DEMO_NIND(1.0),30/04/26 23:00:00,A,FMAR1CUM,CH,2013,0.60,,
ESTAT:DEMO_NIND(1.0),30/04/26 23:00:00,A,FMAR1CUM,CH,2014,0.62,,
ESTAT:DEMO_NIND(1.0),30/04/26 23:00:00,A,FMAR1CUM,CH,2015,0.61,,
ESTAT:DEMO_NIND(1.0),30/04/26 23:00:00,A,FMAR1CUM,CH,2016,0.61,,
ESTAT:DEMO_NIND(1.0),30/04/26 23:00:00,A,FMAR1CUM,CH,2017,0.59,,
ESTAT:DEMO_NIND(1.0),30/04/26 23:00:00,A,FMAR1CUM,CH,2018,0.60,,
ESTAT:DEMO_NIND(1.0),30/04/26 23:00:00,A,FMAR1CUM,CH,2019,0.57,,
ESTAT:DEMO_NIND(1.0),30/04/26 23:00:00,A,FMAR1CUM,CH,2020,0.51,,
ESTAT:DEMO_NIND(1.0),30/04/26 23:00:00,A,FMAR1CUM,CH,2021,0.53,,
ESTAT:DEMO_NIND(1.0),30/04/26 23:00:00,A,FMAR1CUM,CH,2022,0.55,,
ESTAT:DEMO_NIND(1.0),30/04/26 23:00:00,A,FMAR1CUM,CH,2023,0.53,,
ESTAT:DEMO_NIND(1.0),30/04/26 23:00:00,A,FMAR1CUM,CH,2024,0.52,,
ESTAT:DEMO_NIND(1.0),30/04/26 23:00:00,A,FMAR1CUM,CY,1990,1.20,,
ESTAT:DEMO_NIND(1.0),30/04/26 23:00:00,A,FMAR1CUM,CY,1991,1.31,,
ESTAT:DEMO_NIND(1.0),30/04/26 23:00:00,A,FMAR1CUM,CY,1992,0.96,,
ESTAT:DEMO_NIND(1.0),30/04/26 23:00:00,A,FMAR1CUM,CY,1993,1.20,,
ESTAT:DEMO_NIND(1.0),30/04/26 23:00:00,A,FMAR1CUM,CY,1994,1.17,,
ESTAT:DEMO_NIND(1.0),30/04/26 23:00:00,A,FMAR1CUM,CY,1995,1.22,,
ESTAT:DEMO_NIND(1.0),30/04/26 23:00:00,A,FMAR1CUM,CY,1996,1.00,,
ESTAT:DEMO_NIND(1.0),30/04/26 23:00:00,A,FMAR1CUM,CY,1997,1.24,,
ESTAT:DEMO_NIND(1.0),30/04/26 23:00:00,A,FMAR1CUM,CY,1998,1.27,,
ESTAT:DEMO_NIND(1.0),30/04/26 23:00:00,A,FMAR1CUM,CY,1999,1.45,,
ESTAT:DEMO_NIND(1.0),30/04/26 23:00:00,A,FMAR1CUM,CY,2000,1.43,,
ESTAT:DEMO_NIND(1.0),30/04/26 23:00:00,A,FMAR1CUM,CY,2001,1.63,,
ESTAT:DEMO_NIND(1.0),30/04/26 23:00:00,A,FMAR1CUM,CY,2002,1.56,,
ESTAT:DEMO_NIND(1.0),30/04/26 23:00:00,A,FMAR1CUM,CY,2003,1.62,,
ESTAT:DEMO_NIND(1.0),30/04/26 23:00:00,A,FMAR1CUM,CY,2004,0.77,,
ESTAT:DEMO_NIND(1.0),30/04/26 23:00:00,A,FMAR1CUM,CY,2005,0.82,,
ESTAT:DEMO_NIND(1.0),30/04/26 23:00:00,A,FMAR1CUM,CY,2006,0.71,,
ESTAT:DEMO_NIND(1.0),30/04/26 23:00:00,A,FMAR1CUM,CZ,1990,1.00,,
ESTAT:DEMO_NIND(1.0),30/04/26 23:00:00,A,FMAR1CUM,CZ,1991,0.76,,
ESTAT:DEMO_NIND(1.0),30/04/26 23:00:00,A,FMAR1CUM,CZ,1992,0.76,,
ESTAT:DEMO_NIND(1.0),30/04/26 23:00:00,A,FMAR1CUM,CZ,1993,0.65,,
ESTAT:DEMO_NIND(1.0),30/04/26 23:00:00,A,FMAR1CUM,CZ,1994,0.55,,
ESTAT:DEMO_NIND(1.0),30/04/26 23:00:00,A,FMAR1CUM,CZ,1995,0.51,,
ESTAT:DEMO_NIND(1.0),30/04/26 23:00:00,A,FMAR1CUM,CZ,1996,0.49,,
ESTAT:DEMO_NIND(1.0),30/04/26 23:00:00,A,FMAR1CUM,CZ,1997,0.51,,
ESTAT:DEMO_NIND(1.0),30/04/26 23:00:00,A,FMAR1CUM,CZ,1998,0.49,,
ESTAT:DEMO_NIND(1.0),30/04/26 23:00:00,A,FMAR1CUM,CZ,1999,0.48,,
ESTAT:DEMO_NIND(1.0),30/04/26 23:00:00,A,FMAR1CUM,CZ,2000,0.50,,
ESTAT:DEMO_NIND(1.0),30/04/26 23:00:00,A,FMAR1CUM,CZ,2001,0.48,,
ESTAT:DEMO_NIND(1.0),30/04/26 23:00:00,A,FMAR1CUM,CZ,2002,0.49,,
ESTAT:DEMO_NIND(1.0),30/04/26 23:00:00,A,FMAR1CUM,CZ,2003,0.45,,
ESTAT:DEMO_NIND(1.0),30/04/26 23:00:00,A,FMAR1CUM,CZ,2004,0.48,,
ESTAT:DEMO_NIND(1.0),30/04/26 23:00:00,A,FMAR1CUM,CZ,2005,0.49,,
ESTAT:DEMO_NIND(1.0),30/04/26 23:00:00,A,FMAR1CUM,CZ,2006,0.51,,
ESTAT:DEMO_NIND(1.0),30/04/26 23:00:00,A,FMAR1CUM,CZ,2007,0.55,,
ESTAT:DEMO_NIND(1.0),30/04/26 23:00:00,A,FMAR1CUM,CZ,2008,0.50,,
ESTAT:DEMO_NIND(1.0),30/04/26 23:00:00,A,FMAR1CUM,CZ,2009,0.46,,
ESTAT:DEMO_NIND(1.0),30/04/26 23:00:00,A,FMAR1CUM,CZ,2010,0.46,,
ESTAT:DEMO_NIND(1.0),30/04/26 23:00:00,A,FMAR1CUM,CZ,2011,0.46,b,
ESTAT:DEMO_NIND(1.0),30/04/26 23:00:00,A,FMAR1CUM,CZ,2012,0.48,,
ESTAT:DEMO_NIND(1.0),30/04/26 23:00:00,A,FMAR1CUM,CZ,2013,0.47,,
ESTAT:DEMO_NIND(1.0),30/04/26 23:00:00,A,FMAR1CUM,CZ,2014,0.50,,
ESTAT:DEMO_NIND(1.0),30/04/26 23:00:00,A,FMAR1CUM,CZ,2015,0.54,,
ESTAT:DEMO_NIND(1.0),30/04/26 23:00:00,A,FMAR1CUM,CZ,2016,0.58,,
ESTAT:DEMO_NIND(1.0),30/04/26 23:00:00,A,FMAR1CUM,CZ,2017,0.60,,
ESTAT:DEMO_NIND(1.0),30/04/26 23:00:00,A,FMAR1CUM,CZ,2018,0.63,,
ESTAT:DEMO_NIND(1.0),30/04/26 23:00:00,A,FMAR1CUM,CZ,2019,0.65,,
ESTAT:DEMO_NIND(1.0),30/04/26 23:00:00,A,FMAR1CUM,CZ,2020,0.54,,
ESTAT:DEMO_NIND(1.0),30/04/26 23:00:00,A,FMAR1CUM,CZ,2021,0.58,,
ESTAT:DEMO_NIND(1.0),30/04/26 23:00:00,A,FMAR1CUM,CZ,2022,0.68,,
ESTAT:DEMO_NIND(1.0),30/04/26 23:00:00,A,FMAR1CUM,CZ,2023,0.59,,
ESTAT:DEMO_NIND(1.0),30/04/26 23:00:00,A,FMAR1CUM,CZ,2024,0.55,,
ESTAT:DEMO_NIND(1.0),30/04/26 23:00:00,A,FMAR1CUM,DE,1990,0.38,,
ESTAT:DEMO_NIND(1.0),30/04/26 23:00:00,A,FMAR1CUM,DE,1991,0.57,,
ESTAT:DEMO_NIND(1.0),30/04/26 23:00:00,A,FMAR1CUM,DE,1992,0.57,,
ESTAT:DEMO_NIND(1.0),30/04/26 23:00:00,A,FMAR1CUM,DE,1993,0.56,,
ESTAT:DEMO_NIND(1.0),30/04/26 23:00:00,A,FMAR1CUM,DE,1994,0.57,,
ESTAT:DEMO_NIND(1.0),30/04/26 23:00:00,A,FMAR1CUM,DE,1995,0.57,,
ESTAT:DEMO_NIND(1.0),30/04/26 23:00:00,A,FMAR1CUM,DE,1996,0.57,,
ESTAT:DEMO_NIND(1.0),30/04/26 23:00:00,A,FMAR1CUM,DE,1997,0.57,,
ESTAT:DEMO_NIND(1.0),30/04/26 23:00:00,A,FMAR1CUM,DE,1998,0.57,,
ESTAT:DEMO_NIND(1.0),30/04/26 23:00:00,A,FMAR1CUM,DE,1999,0.60,,
ESTAT:DEMO_NIND(1.0),30/04/26 23:00:00,A,FMAR1CUM,DE,2000,0.59,,
ESTAT:DEMO_NIND(1.0),30/04/26 23:00:00,A,FMAR1CUM,DE,2001,0.54,,
ESTAT:DEMO_NIND(1.0),30/04/26 23:00:00,A,FMAR1CUM,DE,2003,0.55,,
ESTAT:DEMO_NIND(1.0),30/04/26 23:00:00,A,FMAR1CUM,DE,2004,0.56,,
ESTAT:DEMO_NIND(1.0),30/04/26 23:00:00,A,FMAR1CUM,DE,2005,0.56,,
ESTAT:DEMO_NIND(1.0),30/04/26 23:00:00,A,FMAR1CUM,DE,2006,0.55,,
ESTAT:DEMO_NIND(1.0),30/04/26 23:00:00,A,FMAR1CUM,DE,2007,0.54,,
ESTAT:DEMO_NIND(1.0),30/04/26 23:00:00,A,FMAR1CUM,DE,2008,0.55,,
ESTAT:DEMO_NIND(1.0),30/04/26 23:00:00,A,FMAR1CUM,DE,2009,0.56,,
ESTAT:DEMO_NIND(1.0),30/04/26 23:00:00,A,FMAR1CUM,DE,2011,0.57,,
ESTAT:DEMO_NIND(1.0),30/04/26 23:00:00,A,FMAR1CUM,DE,2013,0.57,,
ESTAT:DEMO_NIND(1.0),30/04/26 23:00:00,A,FMAR1CUM,DE,2014,0.59,,
ESTAT:DEMO_NIND(1.0),30/04/26 23:00:00,A,FMAR1CUM,DE,2015,0.61,,
ESTAT:DEMO_NIND(1.0),30/04/26 23:00:00,A,FMAR1CUM,DE,2016,0.62,,
ESTAT:DEMO_NIND(1.0),30/04/26 23:00:00,A,FMAR1CUM,DE,2017,0.62,,
ESTAT:DEMO_NIND(1.0),30/04/26 23:00:00,A,FMAR1CUM,DE_TOT,1990,0.64,,
ESTAT:DEMO_NIND(1.0),30/04/26 23:00:00,A,FMAR1CUM,DE_TOT,1991,0.57,,
ESTAT:DEMO_NIND(1.0),30/04/26 23:00:00,A,FMAR1CUM,DE_TOT,1992,0.57,,
ESTAT:DEMO_NIND(1.0),30/04/26 23:00:00,A,FMAR1CUM,DE_TOT,1993,0.56,,
ESTAT:DEMO_NIND(1.0),30/04/26 23:00:00,A,FMAR1CUM,DE_TOT,1994,0.57,,
ESTAT:DEMO_NIND(1.0),30/04/26 23:00:00,A,FMAR1CUM,DE_TOT,1995,0.57,,
ESTAT:DEMO_NIND(1.0),30/04/26 23:00:00,A,FMAR1CUM,DE_TOT,1996,0.57,,
ESTAT:DEMO_NIND(1.0),30/04/26 23:00:00,A,FMAR1CUM,DE_TOT,1997,0.57,,
ESTAT:DEMO_NIND(1.0),30/04/26 23:00:00,A,FMAR1CUM,DE_TOT,1998,0.57,,
ESTAT:DEMO_NIND(1.0),30/04/26 23:00:00,A,FMAR1CUM,DE_TOT,1999,0.60,,
ESTAT:DEMO_NIND(1.0),30/04/26 23:00:00,A,FMAR1CUM,DE_TOT,2000,0.59,,
ESTAT:DEMO_NIND(1.0),30/04/26 23:00:00,A,FMAR1CUM,DE_TOT,2001,0.54,,
ESTAT:DEMO_NIND(1.0),30/04/26 23:00:00,A,FMAR1CUM,DE_TOT,2003,0.55,,
ESTAT:DEMO_NIND(1.0),30/04/26 23:00:00,A,FMAR1CUM,DE_TOT,2004,0.56,,
ESTAT:DEMO_NIND(1.0),30/04/26 23:00:00,A,FMAR1CUM,DE_TOT,2005,0.56,,
ESTAT:DEMO_NIND(1.0),30/04/26 23:00:00,A,FMAR1CUM,DE_TOT,2006,0.55,,
ESTAT:DEMO_NIND(1.0),30/04/26 23:00:00,A,FMAR1CUM,DE_TOT,2007,0.54,,
ESTAT:DEMO_NIND(1.0),30/04/26 23:00:00,A,FMAR1CUM,DE_TOT,2008,0.55,,
ESTAT:DEMO_NIND(1.0),30/04/26 23:00:00,A,FMAR1CUM,DE_TOT,2009,0.56,,
ESTAT:DEMO_NIND(1.0),30/04/26 23:00:00,A,FMAR1CUM,DE_TOT,2011,0.57,,
ESTAT:DEMO_NIND(1.0),30/04/26 23:00:00,A,FMAR1CUM,DE_TOT,2013,0.57,,
ESTAT:DEMO_NIND(1.0),30/04/26 23:00:00,A,FMAR1CUM,DE_TOT,2014,0.59,,
ESTAT:DEMO_NIND(1.0),30/04/26 23:00:00,A,FMAR1CUM,DE_TOT,2015,0.61,,
ESTAT:DEMO_NIND(1.0),30/04/26 23:00:00,A,FMAR1CUM,DE_TOT,2016,0.62,,
ESTAT:DEMO_NIND(1.0),30/04/26 23:00:00,A,FMAR1CUM,DE_TOT,2017,0.62,,
ESTAT:DEMO_NIND(1.0),30/04/26 23:00:00,A,FMAR1CUM,DK,1990,0.60,,
ESTAT:DEMO_NIND(1.0),30/04/26 23:00:00,A,FMAR1CUM,DK,1991,0.59,,
ESTAT:DEMO_NIND(1.0),30/04/26 23:00:00,A,FMAR1CUM,DK,1992,0.61,,
ESTAT:DEMO_NIND(1.0),30/04/26 23:00:00,A,FMAR1CUM,DK,1993,0.60,,
ESTAT:DEMO_NIND(1.0),30/04/26 23:00:00,A,FMAR1CUM,DK,1994,0.67,,
ESTAT:DEMO_NIND(1.0),30/04/26 23:00:00,A,FMAR1CUM,DK,1995,0.66,,
ESTAT:DEMO_NIND(1.0),30/04/26 23:00:00,A,FMAR1CUM,DK,1996,0.68,,
ESTAT:DEMO_NIND(1.0),30/04/26 23:00:00,A,FMAR1CUM,DK,1997,0.64,,
ESTAT:DEMO_NIND(1.0),30/04/26 23:00:00,A,FMAR1CUM,DK,1998,0.65,,
ESTAT:DEMO_NIND(1.0),30/04/26 23:00:00,A,FMAR1CUM,DK,1999,0.68,,
ESTAT:DEMO_NIND(1.0),30/04/26 23:00:00,A,FMAR1CUM,DK,2000,0.74,,
ESTAT:DEMO_NIND(1.0),30/04/26 23:00:00,A,FMAR1CUM,DK,2001,0.71,,
ESTAT:DEMO_NIND(1.0),30/04/26 23:00:00,A,FMAR1CUM,DK,2002,0.74,,
ESTAT:DEMO_NIND(1.0),30/04/26 23:00:00,A,FMAR1CUM,DK,2003,0.71,,
ESTAT:DEMO_NIND(1.0),30/04/26 23:00:00,A,FMAR1CUM,DK,2004,0.76,,
ESTAT:DEMO_NIND(1.0),30/04/26 23:00:00,A,FMAR1CUM,DK,2005,0.74,,
ESTAT:DEMO_NIND(1.0),30/04/26 23:00:00,A,FMAR1CUM,DK,2006,0.76,,
ESTAT:DEMO_NIND(1.0),30/04/26 23:00:00,A,FMAR1CUM,DK,2007,0.78,,
ESTAT:DEMO_NIND(1.0),30/04/26 23:00:00,A,FMAR1CUM,DK,2008,0.81,,
ESTAT:DEMO_NIND(1.0),30/04/26 23:00:00,A,FMAR1CUM,DK,2009,0.72,,
ESTAT:DEMO_NIND(1.0),30/04/26 23:00:00,A,FMAR1CUM,DK,2010,0.68,,
ESTAT:DEMO_NIND(1.0),30/04/26 23:00:00,A,FMAR1CUM,DK,2011,0.59,,
ESTAT:DEMO_NIND(1.0),30/04/26 23:00:00,A,FMAR1CUM,DK,2012,0.61,,
ESTAT:DEMO_NIND(1.0),30/04/26 23:00:00,A,FMAR1CUM,DK,2013,0.59,,
ESTAT:DEMO_NIND(1.0),30/04/26 23:00:00,A,FMAR1CUM,DK,2014,0.60,,
ESTAT:DEMO_NIND(1.0),30/04/26 23:00:00,A,FMAR1CUM,DK,2015,0.61,,
ESTAT:DEMO_NIND(1.0),30/04/26 23:00:00,A,FMAR1CUM,DK,2016,0.64,,
ESTAT:DEMO_NIND(1.0),30/04/26 23:00:00,A,FMAR1CUM,DK,2017,0.66,,
ESTAT:DEMO_NIND(1.0),30/04/26 23:00:00,A,FMAR1CUM,DK,2018,0.67,,
ESTAT:DEMO_NIND(1.0),30/04/26 23:00:00,A,FMAR1CUM,DK,2019,0.63,,
ESTAT:DEMO_NIND(1.0),30/04/26 23:00:00,A,FMAR1CUM,DK,2020,0.59,,
ESTAT:DEMO_NIND(1.0),30/04/26 23:00:00,A,FMAR1CUM,DK,2021,0.57,,
ESTAT:DEMO_NIND(1.0),30/04/26 23:00:00,A,FMAR1CUM,EE,1992,0.59,,
ESTAT:DEMO_NIND(1.0),30/04/26 23:00:00,A,FMAR1CUM,EE,1993,0.51,,
ESTAT:DEMO_NIND(1.0),30/04/26 23:00:00,A,FMAR1CUM,EE,1994,0.49,,
ESTAT:DEMO_NIND(1.0),30/04/26 23:00:00,A,FMAR1CUM,EE,1995,0.49,,
ESTAT:DEMO_NIND(1.0),30/04/26 23:00:00,A,FMAR1CUM,EE,1996,0.38,,
ESTAT:DEMO_NIND(1.0),30/04/26 23:00:00,A,FMAR1CUM,EE,1997,0.39,,
ESTAT:DEMO_NIND(1.0),30/04/26 23:00:00,A,FMAR1CUM,EE,1998,0.38,,
ESTAT:DEMO_NIND(1.0),30/04/26 23:00:00,A,FMAR1CUM,EE,1999,0.41,,
ESTAT:DEMO_NIND(1.0),30/04/26 23:00:00,A,FMAR1CUM,EE,2000,0.39,,
ESTAT:DEMO_NIND(1.0),30/04/26 23:00:00,A,FMAR1CUM,EE,2001,0.40,,
ESTAT:DEMO_NIND(1.0),30/04/26 23:00:00,A,FMAR1CUM,EE,2002,0.43,,
ESTAT:DEMO_NIND(1.0),30/04/26 23:00:00,A,FMAR1CUM,EE,2003,0.42,,
ESTAT:DEMO_NIND(1.0),30/04/26 23:00:00,A,FMAR1CUM,EE,2004,0.44,,
ESTAT:DEMO_NIND(1.0),30/04/26 23:00:00,A,FMAR1CUM,EE,2005,0.45,,
ESTAT:DEMO_NIND(1.0),30/04/26 23:00:00,A,FMAR1CUM,EE,2006,0.51,,
ESTAT:DEMO_NIND(1.0),30/04/26 23:00:00,A,FMAR1CUM,EE,2007,0.52,,
ESTAT:DEMO_NIND(1.0),30/04/26 23:00:00,A,FMAR1CUM,EE,2008,0.45,,
ESTAT:DEMO_NIND(1.0),30/04/26 23:00:00,A,FMAR1CUM,EE,2009,0.40,,
ESTAT:DEMO_NIND(1.0),30/04/26 23:00:00,A,FMAR1CUM,EE,2010,0.38,,
ESTAT:DEMO_NIND(1.0),30/04/26 23:00:00,A,FMAR1CUM,EE,2011,0.41,,
ESTAT:DEMO_NIND(1.0),30/04/26 23:00:00,A,FMAR1CUM,EE,2012,0.48,,
ESTAT:DEMO_NIND(1.0),30/04/26 23:00:00,A,FMAR1CUM,EE,2013,0.46,,
ESTAT:DEMO_NIND(1.0),30/04/26 23:00:00,A,FMAR1CUM,EE,2014,0.49,,
ESTAT:DEMO_NIND(1.0),30/04/26 23:00:00,A,FMAR1CUM,EE,2015,0.54,,
ESTAT:DEMO_NIND(1.0),30/04/26 23:00:00,A,FMAR1CUM,EE,2016,0.54,,
ESTAT:DEMO_NIND(1.0),30/04/26 23:00:00,A,FMAR1CUM,EE,2017,0.54,,
ESTAT:DEMO_NIND(1.0),30/04/26 23:00:00,A,FMAR1CUM,EE,2018,0.55,,
ESTAT:DEMO_NIND(1.0),30/04/26 23:00:00,A,FMAR1CUM,EE,2020,0.50,,
ESTAT:DEMO_NIND(1.0),30/04/26 23:00:00,A,FMAR1CUM,EE,2021,0.52,,
ESTAT:DEMO_NIND(1.0),30/04/26 23:00:00,A,FMAR1CUM,EE,2022,0.57,,
ESTAT:DEMO_NIND(1.0),30/04/26 23:00:00,A,FMAR1CUM,EE,2023,0.52,,
ESTAT:DEMO_NIND(1.0),30/04/26 23:00:00,A,FMAR1CUM,EE,2024,0.55,,
ESTAT:DEMO_NIND(1.0),30/04/26 23:00:00,A,FMAR1CUM,EFTA,2011,0.58,,
ESTAT:DEMO_NIND(1.0),30/04/26 23:00:00,A,FMAR1CUM,EL,1990,0.73,,
ESTAT:DEMO_NIND(1.0),30/04/26 23:00:00,A,FMAR1CUM,EL,1991,0.80,,
ESTAT:DEMO_NIND(1.0),30/04/26 23:00:00,A,FMAR1CUM,EL,1992,0.59,,
ESTAT:DEMO_NIND(1.0),30/04/26 23:00:00,A,FMAR1CUM,EL,1993,0.75,,
ESTAT:DEMO_NIND(1.0),30/04/26 23:00:00,A,FMAR1CUM,EL,1994,0.68,,
ESTAT:DEMO_NIND(1.0),30/04/26 23:00:00,A,FMAR1CUM,EL,1995,0.75,,
ESTAT:DEMO_NIND(1.0),30/04/26 23:00:00,A,FMAR1CUM,EL,1996,0.52,,
ESTAT:DEMO_NIND(1.0),30/04/26 23:00:00,A,FMAR1CUM,EL,1997,0.69,,
ESTAT:DEMO_NIND(1.0),30/04/26 23:00:00,A,FMAR1CUM,EL,1998,0.63,,
ESTAT:DEMO_NIND(1.0),30/04/26 23:00:00,A,FMAR1CUM,EL,1999,0.69,,
ESTAT:DEMO_NIND(1.0),30/04/26 23:00:00,A,FMAR1CUM,EL,2000,0.54,,
ESTAT:DEMO_NIND(1.0),30/04/26 23:00:00,A,FMAR1CUM,EL,2001,0.65,,
ESTAT:DEMO_NIND(1.0),30/04/26 23:00:00,A,FMAR1CUM,EL,2002,0.64,,
ESTAT:DEMO_NIND(1.0),30/04/26 23:00:00,A,FMAR1CUM,EL,2003,0.68,,
ESTAT:DEMO_NIND(1.0),30/04/26 23:00:00,A,FMAR1CUM,EL,2004,0.57,,
ESTAT:DEMO_NIND(1.0),30/04/26 23:00:00,A,FMAR1CUM,EL,2005,0.68,,
ESTAT:DEMO_NIND(1.0),30/04/26 23:00:00,A,FMAR1CUM,EL,2006,0.65,,
ESTAT:DEMO_NIND(1.0),30/04/26 23:00:00,A,FMAR1CUM,EL,2007,0.70,,
ESTAT:DEMO_NIND(1.0),30/04/26 23:00:00,A,FMAR1CUM,EL,2008,0.62,,
ESTAT:DEMO_NIND(1.0),30/04/26 23:00:00,A,FMAR1CUM,EL,2009,0.70,,
ESTAT:DEMO_NIND(1.0),30/04/26 23:00:00,A,FMAR1CUM,EL,2010,0.67,,
ESTAT:DEMO_NIND(1.0),30/04/26 23:00:00,A,FMAR1CUM,EL,2011,0.68,,
ESTAT:DEMO_NIND(1.0),30/04/26 23:00:00,A,FMAR1CUM,EL,2012,0.61,,
ESTAT:DEMO_NIND(1.0),30/04/26 23:00:00,A,FMAR1CUM,EL,2013,0.65,,
ESTAT:DEMO_NIND(1.0),30/04/26 23:00:00,A,FMAR1CUM,EL,2014,0.69,,
ESTAT:DEMO_NIND(1.0),30/04/26 23:00:00,A,FMAR1CUM,EL,2015,0.71,,
ESTAT:DEMO_NIND(1.0),30/04/26 23:00:00,A,FMAR1CUM,EL,2016,0.68,,
ESTAT:DEMO_NIND(1.0),30/04/26 23:00:00,A,FMAR1CUM,EL,2017,0.70,,
ESTAT:DEMO_NIND(1.0),30/04/26 23:00:00,A,FMAR1CUM,EL,2018,0.68,,
ESTAT:DEMO_NIND(1.0),30/04/26 23:00:00,A,FMAR1CUM,EL,2019,0.68,,
ESTAT:DEMO_NIND(1.0),30/04/26 23:00:00,A,FMAR1CUM,EL,2020,0.45,,
ESTAT:DEMO_NIND(1.0),30/04/26 23:00:00,A,FMAR1CUM,EL,2021,0.61,,
ESTAT:DEMO_NIND(1.0),30/04/26 23:00:00,A,FMAR1CUM,EL,2022,0.68,,
ESTAT:DEMO_NIND(1.0),30/04/26 23:00:00,A,FMAR1CUM,EL,2023,0.64,,
ESTAT:DEMO_NIND(1.0),30/04/26 23:00:00,A,FMAR1CUM,EL,2024,0.59,,
ESTAT:DEMO_NIND(1.0),30/04/26 23:00:00,A,FMAR1CUM,ES,1990,0.69,,
ESTAT:DEMO_NIND(1.0),30/04/26 23:00:00,A,FMAR1CUM,ES,1991,0.68,,
ESTAT:DEMO_NIND(1.0),30/04/26 23:00:00,A,FMAR1CUM,ES,1992,0.67,,
ESTAT:DEMO_NIND(1.0),30/04/26 23:00:00,A,FMAR1CUM,ES,1993,0.62,,
ESTAT:DEMO_NIND(1.0),30/04/26 23:00:00,A,FMAR1CUM,ES,1994,0.61,,
ESTAT:DEMO_NIND(1.0),30/04/26 23:00:00,A,FMAR1CUM,ES,1995,0.61,,
ESTAT:DEMO_NIND(1.0),30/04/26 23:00:00,A,FMAR1CUM,ES,1996,0.58,,
ESTAT:DEMO_NIND(1.0),30/04/26 23:00:00,A,FMAR1CUM,ES,1997,0.59,,
ESTAT:DEMO_NIND(1.0),30/04/26 23:00:00,A,FMAR1CUM,ES,1998,0.62,,
ESTAT:DEMO_NIND(1.0),30/04/26 23:00:00,A,FMAR1CUM,ES,1999,0.61,,
ESTAT:DEMO_NIND(1.0),30/04/26 23:00:00,A,FMAR1CUM,ES,2000,0.63,,
ESTAT:DEMO_NIND(1.0),30/04/26 23:00:00,A,FMAR1CUM,ES,2002,0.59,,
ESTAT:DEMO_NIND(1.0),30/04/26 23:00:00,A,FMAR1CUM,ES,2003,0.58,,
ESTAT:DEMO_NIND(1.0),30/04/26 23:00:00,A,FMAR1CUM,ES,2004,0.58,,
ESTAT:DEMO_NIND(1.0),30/04/26 23:00:00,A,FMAR1CUM,ES,2005,0.55,,
ESTAT:DEMO_NIND(1.0),30/04/26 23:00:00,A,FMAR1CUM,ES,2006,0.53,,
ESTAT:DEMO_NIND(1.0),30/04/26 23:00:00,A,FMAR1CUM,ES,2007,0.51,,
ESTAT:DEMO_NIND(1.0),30/04/26 23:00:00,A,FMAR1CUM,ES,2008,0.49,,
ESTAT:DEMO_NIND(1.0),30/04/26 23:00:00,A,FMAR1CUM,ES,2009,0.43,,
ESTAT:DEMO_NIND(1.0),30/04/26 23:00:00,A,FMAR1CUM,ES,2010,0.42,,
ESTAT:DEMO_NIND(1.0),30/04/26 23:00:00,A,FMAR1CUM,ES,2011,0.40,,
ESTAT:DEMO_NIND(1.0),30/04/26 23:00:00,A,FMAR1CUM,ES,2012,0.42,,
ESTAT:DEMO_NIND(1.0),30/04/26 23:00:00,A,FMAR1CUM,ES,2013,0.40,,
ESTAT:DEMO_NIND(1.0),30/04/26 23:00:00,A,FMAR1CUM,ES,2014,0.43,,
ESTAT:DEMO_NIND(1.0),30/04/26 23:00:00,A,FMAR1CUM,ES,2015,0.46,,
ESTAT:DEMO_NIND(1.0),30/04/26 23:00:00,A,FMAR1CUM,ES,2016,0.48,,
ESTAT:DEMO_NIND(1.0),30/04/26 23:00:00,A,FMAR1CUM,ES,2017,0.48,,
ESTAT:DEMO_NIND(1.0),30/04/26 23:00:00,A,FMAR1CUM,ES,2018,0.46,,
ESTAT:DEMO_NIND(1.0),30/04/26 23:00:00,A,FMAR1CUM,ES,2019,0.45,,
ESTAT:DEMO_NIND(1.0),30/04/26 23:00:00,A,FMAR1CUM,ES,2020,0.23,,
ESTAT:DEMO_NIND(1.0),30/04/26 23:00:00,A,FMAR1CUM,ES,2021,0.41,,
ESTAT:DEMO_NIND(1.0),30/04/26 23:00:00,A,FMAR1CUM,ES,2022,0.50,,
ESTAT:DEMO_NIND(1.0),30/04/26 23:00:00,A,FMAR1CUM,ES,2023,0.47,,
ESTAT:DEMO_NIND(1.0),30/04/26 23:00:00,A,FMAR1CUM,ES,2024,0.48,,
ESTAT:DEMO_NIND(1.0),30/04/26 23:00:00,A,FMAR1CUM,FI,1990,0.58,,
ESTAT:DEMO_NIND(1.0),30/04/26 23:00:00,A,FMAR1CUM,FI,1991,0.58,,
ESTAT:DEMO_NIND(1.0),30/04/26 23:00:00,A,FMAR1CUM,FI,1992,0.56,,
ESTAT:DEMO_NIND(1.0),30/04/26 23:00:00,A,FMAR1CUM,FI,1993,0.59,,
ESTAT:DEMO_NIND(1.0),30/04/26 23:00:00,A,FMAR1CUM,FI,1994,0.60,,
ESTAT:DEMO_NIND(1.0),30/04/26 23:00:00,A,FMAR1CUM,FI,1995,0.57,,
ESTAT:DEMO_NIND(1.0),30/04/26 23:00:00,A,FMAR1CUM,FI,1997,0.57,,
ESTAT:DEMO_NIND(1.0),30/04/26 23:00:00,A,FMAR1CUM,FI,1998,0.58,,
ESTAT:DEMO_NIND(1.0),30/04/26 23:00:00,A,FMAR1CUM,FI,1999,0.58,,
ESTAT:DEMO_NIND(1.0),30/04/26 23:00:00,A,FMAR1CUM,FI,2000,0.63,,
ESTAT:DEMO_NIND(1.0),30/04/26 23:00:00,A,FMAR1CUM,FI,2001,0.59,,
ESTAT:DEMO_NIND(1.0),30/04/26 23:00:00,A,FMAR1CUM,FI,2002,0.64,,
ESTAT:DEMO_NIND(1.0),30/04/26 23:00:00,A,FMAR1CUM,FI,2003,0.62,,
ESTAT:DEMO_NIND(1.0),30/04/26 23:00:00,A,FMAR1CUM,FI,2004,0.69,,
ESTAT:DEMO_NIND(1.0),30/04/26 23:00:00,A,FMAR1CUM,FI,2006,0.67,,
ESTAT:DEMO_NIND(1.0),30/04/26 23:00:00,A,FMAR1CUM,FI,2007,0.69,,
ESTAT:DEMO_NIND(1.0),30/04/26 23:00:00,A,FMAR1CUM,FI,2008,0.72,,
ESTAT:DEMO_NIND(1.0),30/04/26 23:00:00,A,FMAR1CUM,FI,2009,0.69,,
ESTAT:DEMO_NIND(1.0),30/04/26 23:00:00,A,FMAR1CUM,FI,2010,0.70,,
ESTAT:DEMO_NIND(1.0),30/04/26 23:00:00,A,FMAR1CUM,FI,2011,0.65,,
ESTAT:DEMO_NIND(1.0),30/04/26 23:00:00,A,FMAR1CUM,FI,2012,0.66,,
ESTAT:DEMO_NIND(1.0),30/04/26 23:00:00,A,FMAR1CUM,FI,2013,0.57,,
ESTAT:DEMO_NIND(1.0),30/04/26 23:00:00,A,FMAR1CUM,FI,2014,0.56,,
ESTAT:DEMO_NIND(1.0),30/04/26 23:00:00,A,FMAR1CUM,FI,2015,0.55,,
ESTAT:DEMO_NIND(1.0),30/04/26 23:00:00,A,FMAR1CUM,FI,2016,0.54,,
ESTAT:DEMO_NIND(1.0),30/04/26 23:00:00,A,FMAR1CUM,FI,2017,0.53,,
ESTAT:DEMO_NIND(1.0),30/04/26 23:00:00,A,FMAR1CUM,FI,2018,0.50,,
ESTAT:DEMO_NIND(1.0),30/04/26 23:00:00,A,FMAR1CUM,FI,2019,0.45,,
ESTAT:DEMO_NIND(1.0),30/04/26 23:00:00,A,FMAR1CUM,FI,2020,0.45,,
ESTAT:DEMO_NIND(1.0),30/04/26 23:00:00,A,FMAR1CUM,FI,2021,0.43,,
ESTAT:DEMO_NIND(1.0),30/04/26 23:00:00,A,FMAR1CUM,FI,2022,0.47,,
ESTAT:DEMO_NIND(1.0),30/04/26 23:00:00,A,FMAR1CUM,FI,2023,0.42,,
ESTAT:DEMO_NIND(1.0),30/04/26 23:00:00,A,FMAR1CUM,FI,2024,0.44,,
ESTAT:DEMO_NIND(1.0),30/04/26 23:00:00,A,FMAR1CUM,FR,1998,0.55,,
ESTAT:DEMO_NIND(1.0),30/04/26 23:00:00,A,FMAR1CUM,FR,1999,0.58,,
ESTAT:DEMO_NIND(1.0),30/04/26 23:00:00,A,FMAR1CUM,FR,2000,0.61,,
ESTAT:DEMO_NIND(1.0),30/04/26 23:00:00,A,FMAR1CUM,FR,2001,0.60,,
ESTAT:DEMO_NIND(1.0),30/04/26 23:00:00,A,FMAR1CUM,FR,2002,0.58,,
ESTAT:DEMO_NIND(1.0),30/04/26 23:00:00,A,FMAR1CUM,FR,2003,0.57,,
ESTAT:DEMO_NIND(1.0),30/04/26 23:00:00,A,FMAR1CUM,FR,2004,0.55,,
ESTAT:DEMO_NIND(1.0),30/04/26 23:00:00,A,FMAR1CUM,FR,2005,0.56,,
ESTAT:DEMO_NIND(1.0),30/04/26 23:00:00,A,FMAR1CUM,FR,2006,0.54,,
ESTAT:DEMO_NIND(1.0),30/04/26 23:00:00,A,FMAR1CUM,FR,2007,0.53,,
ESTAT:DEMO_NIND(1.0),30/04/26 23:00:00,A,FMAR1CUM,FR,2008,0.52,,
ESTAT:DEMO_NIND(1.0),30/04/26 23:00:00,A,FMAR1CUM,FR,2009,0.49,,
ESTAT:DEMO_NIND(1.0),30/04/26 23:00:00,A,FMAR1CUM,FR,2010,0.49,,
ESTAT:DEMO_NIND(1.0),30/04/26 23:00:00,A,FMAR1CUM,FR,2011,0.46,,
ESTAT:DEMO_NIND(1.0),30/04/26 23:00:00,A,FMAR1CUM,FR,2013,0.47,,
ESTAT:DEMO_NIND(1.0),30/04/26 23:00:00,A,FMAR1CUM,FR,2014,0.47,,
ESTAT:DEMO_NIND(1.0),30/04/26 23:00:00,A,FMAR1CUM,FR,2015,0.46,,
ESTAT:DEMO_NIND(1.0),30/04/26 23:00:00,A,FMAR1CUM,FR,2016,0.46,,
ESTAT:DEMO_NIND(1.0),30/04/26 23:00:00,A,FMAR1CUM,FR,2017,0.46,,
ESTAT:DEMO_NIND(1.0),30/04/26 23:00:00,A,FMAR1CUM,FR,2018,0.47,,
ESTAT:DEMO_NIND(1.0),30/04/26 23:00:00,A,FMAR1CUM,FR,2020,0.31,,
ESTAT:DEMO_NIND(1.0),30/04/26 23:00:00,A,FMAR1CUM,FR,2021,0.44,,
ESTAT:DEMO_NIND(1.0),30/04/26 23:00:00,A,FMAR1CUM,FX,1990,0.57,,
ESTAT:DEMO_NIND(1.0),30/04/26 23:00:00,A,FMAR1CUM,FX,1991,0.55,,
ESTAT:DEMO_NIND(1.0),30/04/26 23:00:00,A,FMAR1CUM,FX,1992,0.54,,
ESTAT:DEMO_NIND(1.0),30/04/26 23:00:00,A,FMAR1CUM,FX,1993,0.50,,
ESTAT:DEMO_NIND(1.0),30/04/26 23:00:00,A,FMAR1CUM,FX,1994,0.50,,
ESTAT:DEMO_NIND(1.0),30/04/26 23:00:00,A,FMAR1CUM,FX,1995,0.50,,
ESTAT:DEMO_NIND(1.0),30/04/26 23:00:00,A,FMAR1CUM,FX,1996,0.55,,
ESTAT:DEMO_NIND(1.0),30/04/26 23:00:00,A,FMAR1CUM,FX,1997,0.57,,
ESTAT:DEMO_NIND(1.0),30/04/26 23:00:00,A,FMAR1CUM,FX,1998,0.55,,
ESTAT:DEMO_NIND(1.0),30/04/26 23:00:00,A,FMAR1CUM,FX,1999,0.58,,
ESTAT:DEMO_NIND(1.0),30/04/26 23:00:00,A,FMAR1CUM,FX,2000,0.61,,
ESTAT:DEMO_NIND(1.0),30/04/26 23:00:00,A,FMAR1CUM,FX,2001,0.60,,
ESTAT:DEMO_NIND(1.0),30/04/26 23:00:00,A,FMAR1CUM,FX,2002,0.58,,
ESTAT:DEMO_NIND(1.0),30/04/26 23:00:00,A,FMAR1CUM,FX,2003,0.57,,
ESTAT:DEMO_NIND(1.0),30/04/26 23:00:00,A,FMAR1CUM,FX,2004,0.56,,
ESTAT:DEMO_NIND(1.0),30/04/26 23:00:00,A,FMAR1CUM,FX,2005,0.56,,
ESTAT:DEMO_NIND(1.0),30/04/26 23:00:00,A,FMAR1CUM,FX,2006,0.54,,
ESTAT:DEMO_NIND(1.0),30/04/26 23:00:00,A,FMAR1CUM,FX,2007,0.54,,
ESTAT:DEMO_NIND(1.0),30/04/26 23:00:00,A,FMAR1CUM,FX,2008,0.52,,
ESTAT:DEMO_NIND(1.0),30/04/26 23:00:00,A,FMAR1CUM,FX,2009,0.49,,
ESTAT:DEMO_NIND(1.0),30/04/26 23:00:00,A,FMAR1CUM,FX,2010,0.50,,
ESTAT:DEMO_NIND(1.0),30/04/26 23:00:00,A,FMAR1CUM,FX,2011,0.47,,
ESTAT:DEMO_NIND(1.0),30/04/26 23:00:00,A,FMAR1CUM,GE,2006,0.63,,
ESTAT:DEMO_NIND(1.0),30/04/26 23:00:00,A,FMAR1CUM,GE,2014,1.05,,
ESTAT:DEMO_NIND(1.0),30/04/26 23:00:00,A,FMAR1CUM,GE,2015,1.11,,
ESTAT:DEMO_NIND(1.0),30/04/26 23:00:00,A,FMAR1CUM,GE,2016,1.01,,
ESTAT:DEMO_NIND(1.0),30/04/26 23:00:00,A,FMAR1CUM,GE,2017,0.87,,
ESTAT:DEMO_NIND(1.0),30/04/26 23:00:00,A,FMAR1CUM,GE,2018,0.86,,
ESTAT:DEMO_NIND(1.0),30/04/26 23:00:00,A,FMAR1CUM,GE,2019,0.86,,
ESTAT:DEMO_NIND(1.0),30/04/26 23:00:00,A,FMAR1CUM,GE,2020,0.62,,
ESTAT:DEMO_NIND(1.0),30/04/26 23:00:00,A,FMAR1CUM,GE,2021,0.85,,
ESTAT:DEMO_NIND(1.0),30/04/26 23:00:00,A,FMAR1CUM,GE,2022,0.94,,
ESTAT:DEMO_NIND(1.0),30/04/26 23:00:00,A,FMAR1CUM,GE,2023,0.78,,
ESTAT:DEMO_NIND(1.0),30/04/26 23:00:00,A,FMAR1CUM,GE,2024,0.76,,
ESTAT:DEMO_NIND(1.0),30/04/26 23:00:00,A,FMAR1CUM,HR,2002,0.69,,
ESTAT:DEMO_NIND(1.0),30/04/26 23:00:00,A,FMAR1CUM,HR,2003,0.68,,
ESTAT:DEMO_NIND(1.0),30/04/26 23:00:00,A,FMAR1CUM,HR,2004,0.69,,
ESTAT:DEMO_NIND(1.0),30/04/26 23:00:00,A,FMAR1CUM,HR,2005,0.67,,
ESTAT:DEMO_NIND(1.0),30/04/26 23:00:00,A,FMAR1CUM,HR,2006,0.67,,
ESTAT:DEMO_NIND(1.0),30/04/26 23:00:00,A,FMAR1CUM,HR,2007,0.71,,
ESTAT:DEMO_NIND(1.0),30/04/26 23:00:00,A,FMAR1CUM,HR,2008,0.72,,
ESTAT:DEMO_NIND(1.0),30/04/26 23:00:00,A,FMAR1CUM,HR,2009,0.70,,
ESTAT:DEMO_NIND(1.0),30/04/26 23:00:00,A,FMAR1CUM,HR,2010,0.67,,
ESTAT:DEMO_NIND(1.0),30/04/26 23:00:00,A,FMAR1CUM,HR,2011,0.64,,
ESTAT:DEMO_NIND(1.0),30/04/26 23:00:00,A,FMAR1CUM,HR,2012,0.68,,
ESTAT:DEMO_NIND(1.0),30/04/26 23:00:00,A,FMAR1CUM,HR,2013,0.64,,
ESTAT:DEMO_NIND(1.0),30/04/26 23:00:00,A,FMAR1CUM,HR,2014,0.66,,
ESTAT:DEMO_NIND(1.0),30/04/26 23:00:00,A,FMAR1CUM,HR,2015,0.67,,
ESTAT:DEMO_NIND(1.0),30/04/26 23:00:00,A,FMAR1CUM,HR,2016,0.71,,
ESTAT:DEMO_NIND(1.0),30/04/26 23:00:00,A,FMAR1CUM,HR,2017,0.72,,
ESTAT:DEMO_NIND(1.0),30/04/26 23:00:00,A,FMAR1CUM,HR,2018,0.72,,
ESTAT:DEMO_NIND(1.0),30/04/26 23:00:00,A,FMAR1CUM,HR,2019,0.73,,
ESTAT:DEMO_NIND(1.0),30/04/26 23:00:00,A,FMAR1CUM,HR,2020,0.57,,
ESTAT:DEMO_NIND(1.0),30/04/26 23:00:00,A,FMAR1CUM,HR,2021,0.71,,
ESTAT:DEMO_NIND(1.0),30/04/26 23:00:00,A,FMAR1CUM,HR,2022,0.74,,
ESTAT:DEMO_NIND(1.0),30/04/26 23:00:00,A,FMAR1CUM,HR,2023,0.70,,
ESTAT:DEMO_NIND(1.0),30/04/26 23:00:00,A,FMAR1CUM,HR,2024,0.71,,
ESTAT:DEMO_NIND(1.0),30/04/26 23:00:00,A,FMAR1CUM,HU,1990,0.77,,
ESTAT:DEMO_NIND(1.0),30/04/26 23:00:00,A,FMAR1CUM,HU,1991,0.71,,
ESTAT:DEMO_NIND(1.0),30/04/26 23:00:00,A,FMAR1CUM,HU,1992,0.65,,
ESTAT:DEMO_NIND(1.0),30/04/26 23:00:00,A,FMAR1CUM,HU,1993,0.60,,
ESTAT:DEMO_NIND(1.0),30/04/26 23:00:00,A,FMAR1CUM,HU,1994,0.58,,
ESTAT:DEMO_NIND(1.0),30/04/26 23:00:00,A,FMAR1CUM,HU,1995,0.56,,
ESTAT:DEMO_NIND(1.0),30/04/26 23:00:00,A,FMAR1CUM,HU,1996,0.51,,
ESTAT:DEMO_NIND(1.0),30/04/26 23:00:00,A,FMAR1CUM,HU,1997,0.48,,
ESTAT:DEMO_NIND(1.0),30/04/26 23:00:00,A,FMAR1CUM,HU,1998,0.46,,
ESTAT:DEMO_NIND(1.0),30/04/26 23:00:00,A,FMAR1CUM,HU,1999,0.47,,
ESTAT:DEMO_NIND(1.0),30/04/26 23:00:00,A,FMAR1CUM,HU,2000,0.49,,
ESTAT:DEMO_NIND(1.0),30/04/26 23:00:00,A,FMAR1CUM,HU,2001,0.44,,
ESTAT:DEMO_NIND(1.0),30/04/26 23:00:00,A,FMAR1CUM,HU,2002,0.47,,
ESTAT:DEMO_NIND(1.0),30/04/26 23:00:00,A,FMAR1CUM,HU,2003,0.47,,
ESTAT:DEMO_NIND(1.0),30/04/26 23:00:00,A,FMAR1CUM,HU,2004,0.45,,
ESTAT:DEMO_NIND(1.0),30/04/26 23:00:00,A,FMAR1CUM,HU,2005,0.47,,
ESTAT:DEMO_NIND(1.0),30/04/26 23:00:00,A,FMAR1CUM,HU,2006,0.47,,
ESTAT:DEMO_NIND(1.0),30/04/26 23:00:00,A,FMAR1CUM,HU,2007,0.44,,
ESTAT:DEMO_NIND(1.0),30/04/26 23:00:00,A,FMAR1CUM,HU,2008,0.44,,
ESTAT:DEMO_NIND(1.0),30/04/26 23:00:00,A,FMAR1CUM,HU,2009,0.40,,
ESTAT:DEMO_NIND(1.0),30/04/26 23:00:00,A,FMAR1CUM,HU,2010,0.39,,
ESTAT:DEMO_NIND(1.0),30/04/26 23:00:00,A,FMAR1CUM,HU,2011,0.39,,
ESTAT:DEMO_NIND(1.0),30/04/26 23:00:00,A,FMAR1CUM,HU,2013,0.44,,
ESTAT:DEMO_NIND(1.0),30/04/26 23:00:00,A,FMAR1CUM,HU,2014,0.47,,
ESTAT:DEMO_NIND(1.0),30/04/26 23:00:00,A,FMAR1CUM,HU,2015,0.58,,
ESTAT:DEMO_NIND(1.0),30/04/26 23:00:00,A,FMAR1CUM,HU,2016,0.66,,
ESTAT:DEMO_NIND(1.0),30/04/26 23:00:00,A,FMAR1CUM,HU,2017,0.65,,
ESTAT:DEMO_NIND(1.0),30/04/26 23:00:00,A,FMAR1CUM,HU,2018,0.66,,
ESTAT:DEMO_NIND(1.0),30/04/26 23:00:00,A,FMAR1CUM,HU,2019,0.89,,
ESTAT:DEMO_NIND(1.0),30/04/26 23:00:00,A,FMAR1CUM,HU,2020,0.94,,
ESTAT:DEMO_NIND(1.0),30/04/26 23:00:00,A,FMAR1CUM,HU,2021,1.02,,
ESTAT:DEMO_NIND(1.0),30/04/26 23:00:00,A,FMAR1CUM,HU,2022,0.90,,
ESTAT:DEMO_NIND(1.0),30/04/26 23:00:00,A,FMAR1CUM,HU,2023,0.70,,
ESTAT:DEMO_NIND(1.0),30/04/26 23:00:00,A,FMAR1CUM,HU,2024,0.67,,
ESTAT:DEMO_NIND(1.0),30/04/26 23:00:00,A,FMAR1CUM,IE,1990,0.70,,
ESTAT:DEMO_NIND(1.0),30/04/26 23:00:00,A,FMAR1CUM,IE,1991,0.69,,
ESTAT:DEMO_NIND(1.0),30/04/26 23:00:00,A,FMAR1CUM,IE,1992,0.65,,
ESTAT:DEMO_NIND(1.0),30/04/26 23:00:00,A,FMAR1CUM,IE,1993,0.65,,
ESTAT:DEMO_NIND(1.0),30/04/26 23:00:00,A,FMAR1CUM,IE,1994,0.64,,
ESTAT:DEMO_NIND(1.0),30/04/26 23:00:00,A,FMAR1CUM,IE,1995,0.59,,
ESTAT:DEMO_NIND(1.0),30/04/26 23:00:00,A,FMAR1CUM,IE,1996,0.60,,
ESTAT:DEMO_NIND(1.0),30/04/26 23:00:00,A,FMAR1CUM,IE,2005,0.60,,
ESTAT:DEMO_NIND(1.0),30/04/26 23:00:00,A,FMAR1CUM,IE,2006,0.59,,
ESTAT:DEMO_NIND(1.0),30/04/26 23:00:00,A,FMAR1CUM,IE,2007,0.58,,
ESTAT:DEMO_NIND(1.0),30/04/26 23:00:00,A,FMAR1CUM,IE,2013,0.54,,
ESTAT:DEMO_NIND(1.0),30/04/26 23:00:00,A,FMAR1CUM,IE,2014,0.60,,
ESTAT:DEMO_NIND(1.0),30/04/26 23:00:00,A,FMAR1CUM,IE,2015,0.59,,
ESTAT:DEMO_NIND(1.0),30/04/26 23:00:00,A,FMAR1CUM,IE,2016,0.56,,
ESTAT:DEMO_NIND(1.0),30/04/26 23:00:00,A,FMAR1CUM,IS,1990,0.45,,
ESTAT:DEMO_NIND(1.0),30/04/26 23:00:00,A,FMAR1CUM,IS,1991,0.50,,
ESTAT:DEMO_NIND(1.0),30/04/26 23:00:00,A,FMAR1CUM,IS,1992,0.51,,
ESTAT:DEMO_NIND(1.0),30/04/26 23:00:00,A,FMAR1CUM,IS,1993,0.50,,
ESTAT:DEMO_NIND(1.0),30/04/26 23:00:00,A,FMAR1CUM,IS,1994,0.53,,
ESTAT:DEMO_NIND(1.0),30/04/26 23:00:00,A,FMAR1CUM,IS,1995,0.51,,
ESTAT:DEMO_NIND(1.0),30/04/26 23:00:00,A,FMAR1CUM,IS,1996,0.56,,
ESTAT:DEMO_NIND(1.0),30/04/26 23:00:00,A,FMAR1CUM,IS,1997,0.60,,
ESTAT:DEMO_NIND(1.0),30/04/26 23:00:00,A,FMAR1CUM,IS,1998,0.63,,
ESTAT:DEMO_NIND(1.0),30/04/26 23:00:00,A,FMAR1CUM,IS,1999,0.63,,
ESTAT:DEMO_NIND(1.0),30/04/26 23:00:00,A,FMAR1CUM,IS,2000,0.72,,
ESTAT:DEMO_NIND(1.0),30/04/26 23:00:00,A,FMAR1CUM,IS,2001,0.59,,
ESTAT:DEMO_NIND(1.0),30/04/26 23:00:00,A,FMAR1CUM,IS,2002,0.65,,
ESTAT:DEMO_NIND(1.0),30/04/26 23:00:00,A,FMAR1CUM,IS,2003,0.60,,
ESTAT:DEMO_NIND(1.0),30/04/26 23:00:00,A,FMAR1CUM,IS,2004,0.58,,
ESTAT:DEMO_NIND(1.0),30/04/26 23:00:00,A,FMAR1CUM,IS,2005,0.63,,
ESTAT:DEMO_NIND(1.0),30/04/26 23:00:00,A,FMAR1CUM,IS,2006,0.66,,
ESTAT:DEMO_NIND(1.0),30/04/26 23:00:00,A,FMAR1CUM,IS,2007,0.66,,
ESTAT:DEMO_NIND(1.0),30/04/26 23:00:00,A,FMAR1CUM,IS,2008,0.61,,
ESTAT:DEMO_NIND(1.0),30/04/26 23:00:00,A,FMAR1CUM,IS,2009,0.52,,
ESTAT:DEMO_NIND(1.0),30/04/26 23:00:00,A,FMAR1CUM,IS,2010,0.54,,
ESTAT:DEMO_NIND(1.0),30/04/26 23:00:00,A,FMAR1CUM,IS,2011,0.53,,
ESTAT:DEMO_NIND(1.0),30/04/26 23:00:00,A,FMAR1CUM,IT,1990,0.70,,
ESTAT:DEMO_NIND(1.0),30/04/26 23:00:00,A,FMAR1CUM,IT,1991,0.68,,
ESTAT:DEMO_NIND(1.0),30/04/26 23:00:00,A,FMAR1CUM,IT,1992,0.67,,
ESTAT:DEMO_NIND(1.0),30/04/26 23:00:00,A,FMAR1CUM,IT,1993,0.65,,
ESTAT:DEMO_NIND(1.0),30/04/26 23:00:00,A,FMAR1CUM,IT,1994,0.63,,
ESTAT:DEMO_NIND(1.0),30/04/26 23:00:00,A,FMAR1CUM,IT,1995,0.63,,
ESTAT:DEMO_NIND(1.0),30/04/26 23:00:00,A,FMAR1CUM,IT,1996,0.61,,
ESTAT:DEMO_NIND(1.0),30/04/26 23:00:00,A,FMAR1CUM,IT,1997,0.61,,
ESTAT:DEMO_NIND(1.0),30/04/26 23:00:00,A,FMAR1CUM,IT,1998,0.60,,
ESTAT:DEMO_NIND(1.0),30/04/26 23:00:00,A,FMAR1CUM,IT,1999,0.61,,
ESTAT:DEMO_NIND(1.0),30/04/26 23:00:00,A,FMAR1CUM,IT,2000,0.65,,
ESTAT:DEMO_NIND(1.0),30/04/26 23:00:00,A,FMAR1CUM,IT,2001,0.61,,
ESTAT:DEMO_NIND(1.0),30/04/26 23:00:00,A,FMAR1CUM,IT,2002,0.63,,
ESTAT:DEMO_NIND(1.0),30/04/26 23:00:00,A,FMAR1CUM,IT,2003,0.62,,
ESTAT:DEMO_NIND(1.0),30/04/26 23:00:00,A,FMAR1CUM,IT,2004,0.59,,
ESTAT:DEMO_NIND(1.0),30/04/26 23:00:00,A,FMAR1CUM,IT,2005,0.58,,
ESTAT:DEMO_NIND(1.0),30/04/26 23:00:00,A,FMAR1CUM,IT,2006,0.58,,
ESTAT:DEMO_NIND(1.0),30/04/26 23:00:00,A,FMAR1CUM,IT,2007,0.60,,
ESTAT:DEMO_NIND(1.0),30/04/26 23:00:00,A,FMAR1CUM,IT,2008,0.59,,
ESTAT:DEMO_NIND(1.0),30/04/26 23:00:00,A,FMAR1CUM,IT,2009,0.55,,
ESTAT:DEMO_NIND(1.0),30/04/26 23:00:00,A,FMAR1CUM,IT,2010,0.53,,
ESTAT:DEMO_NIND(1.0),30/04/26 23:00:00,A,FMAR1CUM,IT,2011,0.50,,
ESTAT:DEMO_NIND(1.0),30/04/26 23:00:00,A,FMAR1CUM,IT,2013,0.49,,
ESTAT:DEMO_NIND(1.0),30/04/26 23:00:00,A,FMAR1CUM,IT,2014,0.47,,
ESTAT:DEMO_NIND(1.0),30/04/26 23:00:00,A,FMAR1CUM,IT,2016,0.51,,
ESTAT:DEMO_NIND(1.0),30/04/26 23:00:00,A,FMAR1CUM,IT,2017,0.48,,
ESTAT:DEMO_NIND(1.0),30/04/26 23:00:00,A,FMAR1CUM,IT,2018,0.50,,
ESTAT:DEMO_NIND(1.0),30/04/26 23:00:00,A,FMAR1CUM,IT,2019,0.48,,
ESTAT:DEMO_NIND(1.0),30/04/26 23:00:00,A,FMAR1CUM,IT,2020,0.24,,
ESTAT:DEMO_NIND(1.0),30/04/26 23:00:00,A,FMAR1CUM,IT,2021,0.48,,
ESTAT:DEMO_NIND(1.0),30/04/26 23:00:00,A,FMAR1CUM,IT,2022,0.49,,
ESTAT:DEMO_NIND(1.0),30/04/26 23:00:00,A,FMAR1CUM,IT,2023,0.48,,
ESTAT:DEMO_NIND(1.0),30/04/26 23:00:00,A,FMAR1CUM,IT,2024,0.45,,
ESTAT:DEMO_NIND(1.0),30/04/26 23:00:00,A,FMAR1CUM,LI,2011,0.55,,
ESTAT:DEMO_NIND(1.0),30/04/26 23:00:00,A,FMAR1CUM,LT,1990,1.06,,
ESTAT:DEMO_NIND(1.0),30/04/26 23:00:00,A,FMAR1CUM,LT,1991,1.01,,
ESTAT:DEMO_NIND(1.0),30/04/26 23:00:00,A,FMAR1CUM,LT,1992,0.91,,
ESTAT:DEMO_NIND(1.0),30/04/26 23:00:00,A,FMAR1CUM,LT,1993,0.74,,
ESTAT:DEMO_NIND(1.0),30/04/26 23:00:00,A,FMAR1CUM,LT,1994,0.74,,
ESTAT:DEMO_NIND(1.0),30/04/26 23:00:00,A,FMAR1CUM,LT,1995,0.70,,
ESTAT:DEMO_NIND(1.0),30/04/26 23:00:00,A,FMAR1CUM,LT,1996,0.66,,
ESTAT:DEMO_NIND(1.0),30/04/26 23:00:00,A,FMAR1CUM,LT,1997,0.61,,
ESTAT:DEMO_NIND(1.0),30/04/26 23:00:00,A,FMAR1CUM,LT,1998,0.61,,
ESTAT:DEMO_NIND(1.0),30/04/26 23:00:00,A,FMAR1CUM,LT,1999,0.59,,
ESTAT:DEMO_NIND(1.0),30/04/26 23:00:00,A,FMAR1CUM,LT,2000,0.56,,
ESTAT:DEMO_NIND(1.0),30/04/26 23:00:00,A,FMAR1CUM,LT,2001,0.53,,
ESTAT:DEMO_NIND(1.0),30/04/26 23:00:00,A,FMAR1CUM,LT,2002,0.54,,
ESTAT:DEMO_NIND(1.0),30/04/26 23:00:00,A,FMAR1CUM,LT,2003,0.56,,
ESTAT:DEMO_NIND(1.0),30/04/26 23:00:00,A,FMAR1CUM,LT,2004,0.63,,
ESTAT:DEMO_NIND(1.0),30/04/26 23:00:00,A,FMAR1CUM,LT,2005,0.65,,
ESTAT:DEMO_NIND(1.0),30/04/26 23:00:00,A,FMAR1CUM,LT,2006,0.68,,
ESTAT:DEMO_NIND(1.0),30/04/26 23:00:00,A,FMAR1CUM,LT,2007,0.73,,
ESTAT:DEMO_NIND(1.0),30/04/26 23:00:00,A,FMAR1CUM,LT,2008,0.76,,
ESTAT:DEMO_NIND(1.0),30/04/26 23:00:00,A,FMAR1CUM,LT,2009,0.66,,
ESTAT:DEMO_NIND(1.0),30/04/26 23:00:00,A,FMAR1CUM,LT,2010,0.62,,
ESTAT:DEMO_NIND(1.0),30/04/26 23:00:00,A,FMAR1CUM,LT,2011,0.76,b,
ESTAT:DEMO_NIND(1.0),30/04/26 23:00:00,A,FMAR1CUM,LT,2013,0.83,,
ESTAT:DEMO_NIND(1.0),30/04/26 23:00:00,A,FMAR1CUM,LT,2014,0.90,,
ESTAT:DEMO_NIND(1.0),30/04/26 23:00:00,A,FMAR1CUM,LT,2015,0.91,,
ESTAT:DEMO_NIND(1.0),30/04/26 23:00:00,A,FMAR1CUM,LT,2016,0.88,,
ESTAT:DEMO_NIND(1.0),30/04/26 23:00:00,A,FMAR1CUM,LT,2017,0.90,,
ESTAT:DEMO_NIND(1.0),30/04/26 23:00:00,A,FMAR1CUM,LT,2018,0.86,,
ESTAT:DEMO_NIND(1.0),30/04/26 23:00:00,A,FMAR1CUM,LT,2019,0.85,,
ESTAT:DEMO_NIND(1.0),30/04/26 23:00:00,A,FMAR1CUM,LT,2020,0.68,,
ESTAT:DEMO_NIND(1.0),30/04/26 23:00:00,A,FMAR1CUM,LT,2021,0.76,,
ESTAT:DEMO_NIND(1.0),30/04/26 23:00:00,A,FMAR1CUM,LT,2022,0.75,,
ESTAT:DEMO_NIND(1.0),30/04/26 23:00:00,A,FMAR1CUM,LT,2023,0.66,,
ESTAT:DEMO_NIND(1.0),30/04/26 23:00:00,A,FMAR1CUM,LT,2024,0.61,,
ESTAT:DEMO_NIND(1.0),30/04/26 23:00:00,A,FMAR1CUM,LU,1990,0.64,,
ESTAT:DEMO_NIND(1.0),30/04/26 23:00:00,A,FMAR1CUM,LU,1991,0.70,,
ESTAT:DEMO_NIND(1.0),30/04/26 23:00:00,A,FMAR1CUM,LU,1992,0.68,,
ESTAT:DEMO_NIND(1.0),30/04/26 23:00:00,A,FMAR1CUM,LU,1993,0.65,,
ESTAT:DEMO_NIND(1.0),30/04/26 23:00:00,A,FMAR1CUM,LU,1994,0.64,,
ESTAT:DEMO_NIND(1.0),30/04/26 23:00:00,A,FMAR1CUM,LU,1995,0.56,,
ESTAT:DEMO_NIND(1.0),30/04/26 23:00:00,A,FMAR1CUM,LU,1996,0.58,,
ESTAT:DEMO_NIND(1.0),30/04/26 23:00:00,A,FMAR1CUM,LU,1997,0.53,,
ESTAT:DEMO_NIND(1.0),30/04/26 23:00:00,A,FMAR1CUM,LU,1998,0.53,,
ESTAT:DEMO_NIND(1.0),30/04/26 23:00:00,A,FMAR1CUM,LU,1999,0.54,,
ESTAT:DEMO_NIND(1.0),30/04/26 23:00:00,A,FMAR1CUM,LU,2000,0.55,,
ESTAT:DEMO_NIND(1.0),30/04/26 23:00:00,A,FMAR1CUM,LU,2001,0.48,,
ESTAT:DEMO_NIND(1.0),30/04/26 23:00:00,A,FMAR1CUM,LU,2002,0.50,,
ESTAT:DEMO_NIND(1.0),30/04/26 23:00:00,A,FMAR1CUM,LU,2003,0.49,,
ESTAT:DEMO_NIND(1.0),30/04/26 23:00:00,A,FMAR1CUM,LU,2004,0.49,,
ESTAT:DEMO_NIND(1.0),30/04/26 23:00:00,A,FMAR1CUM,LU,2005,0.49,,
ESTAT:DEMO_NIND(1.0),30/04/26 23:00:00,A,FMAR1CUM,LU,2006,0.46,,
ESTAT:DEMO_NIND(1.0),30/04/26 23:00:00,A,FMAR1CUM,LU,2007,0.45,,
ESTAT:DEMO_NIND(1.0),30/04/26 23:00:00,A,FMAR1CUM,LU,2008,0.43,,
ESTAT:DEMO_NIND(1.0),30/04/26 23:00:00,A,FMAR1CUM,LU,2009,0.38,,
ESTAT:DEMO_NIND(1.0),30/04/26 23:00:00,A,FMAR1CUM,LU,2010,0.39,,
ESTAT:DEMO_NIND(1.0),30/04/26 23:00:00,A,FMAR1CUM,LU,2011,0.37,,
ESTAT:DEMO_NIND(1.0),30/04/26 23:00:00,A,FMAR1CUM,LU,2013,0.34,,
ESTAT:DEMO_NIND(1.0),30/04/26 23:00:00,A,FMAR1CUM,LU,2014,0.32,,
ESTAT:DEMO_NIND(1.0),30/04/26 23:00:00,A,FMAR1CUM,LU,2015,0.38,,
ESTAT:DEMO_NIND(1.0),30/04/26 23:00:00,A,FMAR1CUM,LU,2016,0.34,,
ESTAT:DEMO_NIND(1.0),30/04/26 23:00:00,A,FMAR1CUM,LU,2017,0.34,,
ESTAT:DEMO_NIND(1.0),30/04/26 23:00:00,A,FMAR1CUM,LU,2018,0.34,,
ESTAT:DEMO_NIND(1.0),30/04/26 23:00:00,A,FMAR1CUM,LU,2019,0.37,,
ESTAT:DEMO_NIND(1.0),30/04/26 23:00:00,A,FMAR1CUM,LU,2020,0.31,,
ESTAT:DEMO_NIND(1.0),30/04/26 23:00:00,A,FMAR1CUM,LU,2021,0.33,,
ESTAT:DEMO_NIND(1.0),30/04/26 23:00:00,A,FMAR1CUM,LU,2022,0.41,,
ESTAT:DEMO_NIND(1.0),30/04/26 23:00:00,A,FMAR1CUM,LU,2023,0.42,,
ESTAT:DEMO_NIND(1.0),30/04/26 23:00:00,A,FMAR1CUM,LU,2024,0.41,,
ESTAT:DEMO_NIND(1.0),30/04/26 23:00:00,A,FMAR1CUM,LV,2002,0.44,,
ESTAT:DEMO_NIND(1.0),30/04/26 23:00:00,A,FMAR1CUM,LV,2003,0.45,,
ESTAT:DEMO_NIND(1.0),30/04/26 23:00:00,A,FMAR1CUM,LV,2004,0.47,,
ESTAT:DEMO_NIND(1.0),30/04/26 23:00:00,A,FMAR1CUM,LV,2005,0.56,,
ESTAT:DEMO_NIND(1.0),30/04/26 23:00:00,A,FMAR1CUM,LV,2006,0.64,,
ESTAT:DEMO_NIND(1.0),30/04/26 23:00:00,A,FMAR1CUM,LV,2007,0.66,,
ESTAT:DEMO_NIND(1.0),30/04/26 23:00:00,A,FMAR1CUM,LV,2008,0.56,,
ESTAT:DEMO_NIND(1.0),30/04/26 23:00:00,A,FMAR1CUM,LV,2009,0.43,,
ESTAT:DEMO_NIND(1.0),30/04/26 23:00:00,A,FMAR1CUM,LV,2010,0.41,,
ESTAT:DEMO_NIND(1.0),30/04/26 23:00:00,A,FMAR1CUM,LV,2011,0.55,b,
ESTAT:DEMO_NIND(1.0),30/04/26 23:00:00,A,FMAR1CUM,LV,2012,0.58,,
ESTAT:DEMO_NIND(1.0),30/04/26 23:00:00,A,FMAR1CUM,LV,2013,0.60,,
ESTAT:DEMO_NIND(1.0),30/04/26 23:00:00,A,FMAR1CUM,LV,2014,0.67,,
ESTAT:DEMO_NIND(1.0),30/04/26 23:00:00,A,FMAR1CUM,LV,2015,0.75,,
ESTAT:DEMO_NIND(1.0),30/04/26 23:00:00,A,FMAR1CUM,LV,2016,0.74,,
ESTAT:DEMO_NIND(1.0),30/04/26 23:00:00,A,FMAR1CUM,LV,2017,0.76,,
ESTAT:DEMO_NIND(1.0),30/04/26 23:00:00,A,FMAR1CUM,LV,2018,0.76,,
ESTAT:DEMO_NIND(1.0),30/04/26 23:00:00,A,FMAR1CUM,LV,2019,0.74,,
ESTAT:DEMO_NIND(1.0),30/04/26 23:00:00,A,FMAR1CUM,LV,2020,0.66,,
ESTAT:DEMO_NIND(1.0),30/04/26 23:00:00,A,FMAR1CUM,LV,2021,0.72,,
ESTAT:DEMO_NIND(1.0),30/04/26 23:00:00,A,FMAR1CUM,LV,2022,0.77,,
ESTAT:DEMO_NIND(1.0),30/04/26 23:00:00,A,FMAR1CUM,LV,2023,0.68,,
ESTAT:DEMO_NIND(1.0),30/04/26 23:00:00,A,FMAR1CUM,LV,2024,0.67,,
ESTAT:DEMO_NIND(1.0),30/04/26 23:00:00,A,FMAR1CUM,MD,2014,0.72,,
ESTAT:DEMO_NIND(1.0),30/04/26 23:00:00,A,FMAR1CUM,MD,2015,0.80,,
ESTAT:DEMO_NIND(1.0),30/04/26 23:00:00,A,FMAR1CUM,MD,2023,0.93,,
ESTAT:DEMO_NIND(1.0),30/04/26 23:00:00,A,FMAR1CUM,MD,2024,0.90,,
ESTAT:DEMO_NIND(1.0),30/04/26 23:00:00,A,FMAR1CUM,ME,2005,0.66,,
ESTAT:DEMO_NIND(1.0),30/04/26 23:00:00,A,FMAR1CUM,ME,2006,0.71,,
ESTAT:DEMO_NIND(1.0),30/04/26 23:00:00,A,FMAR1CUM,ME,2007,0.82,,
ESTAT:DEMO_NIND(1.0),30/04/26 23:00:00,A,FMAR1CUM,ME,2008,0.70,,
ESTAT:DEMO_NIND(1.0),30/04/26 23:00:00,A,FMAR1CUM,ME,2009,0.80,,
ESTAT:DEMO_NIND(1.0),30/04/26 23:00:00,A,FMAR1CUM,ME,2011,0.74,,
ESTAT:DEMO_NIND(1.0),30/04/26 23:00:00,A,FMAR1CUM,ME,2013,0.91,,
ESTAT:DEMO_NIND(1.0),30/04/26 23:00:00,A,FMAR1CUM,ME,2014,0.84,,
ESTAT:DEMO_NIND(1.0),30/04/26 23:00:00,A,FMAR1CUM,ME,2015,0.87,,
ESTAT:DEMO_NIND(1.0),30/04/26 23:00:00,A,FMAR1CUM,ME,2016,0.72,,
ESTAT:DEMO_NIND(1.0),30/04/26 23:00:00,A,FMAR1CUM,ME,2017,0.77,,
ESTAT:DEMO_NIND(1.0),30/04/26 23:00:00,A,FMAR1CUM,ME,2018,0.78,,
ESTAT:DEMO_NIND(1.0),30/04/26 23:00:00,A,FMAR1CUM,ME,2019,0.84,,
ESTAT:DEMO_NIND(1.0),30/04/26 23:00:00,A,FMAR1CUM,ME,2020,0.47,,
ESTAT:DEMO_NIND(1.0),30/04/26 23:00:00,A,FMAR1CUM,ME,2021,0.76,,
ESTAT:DEMO_NIND(1.0),30/04/26 23:00:00,A,FMAR1CUM,MK,1994,0.99,,
ESTAT:DEMO_NIND(1.0),30/04/26 23:00:00,A,FMAR1CUM,MK,1995,0.98,,
ESTAT:DEMO_NIND(1.0),30/04/26 23:00:00,A,FMAR1CUM,MK,1996,0.86,,
ESTAT:DEMO_NIND(1.0),30/04/26 23:00:00,A,FMAR1CUM,MK,1997,0.85,,
ESTAT:DEMO_NIND(1.0),30/04/26 23:00:00,A,FMAR1CUM,MK,1998,0.84,,
ESTAT:DEMO_NIND(1.0),30/04/26 23:00:00,A,FMAR1CUM,MK,1999,0.85,,
ESTAT:DEMO_NIND(1.0),30/04/26 23:00:00,A,FMAR1CUM,MK,2000,0.84,,
ESTAT:DEMO_NIND(1.0),30/04/26 23:00:00,A,FMAR1CUM,MK,2001,0.78,,
ESTAT:DEMO_NIND(1.0),30/04/26 23:00:00,A,FMAR1CUM,MK,2002,0.87,,
ESTAT:DEMO_NIND(1.0),30/04/26 23:00:00,A,FMAR1CUM,MK,2003,0.86,,
ESTAT:DEMO_NIND(1.0),30/04/26 23:00:00,A,FMAR1CUM,MK,2004,0.83,,
ESTAT:DEMO_NIND(1.0),30/04/26 23:00:00,A,FMAR1CUM,MK,2005,0.85,,
ESTAT:DEMO_NIND(1.0),30/04/26 23:00:00,A,FMAR1CUM,MK,2006,0.89,,
ESTAT:DEMO_NIND(1.0),30/04/26 23:00:00,A,FMAR1CUM,MK,2007,0.91,,
ESTAT:DEMO_NIND(1.0),30/04/26 23:00:00,A,FMAR1CUM,MK,2008,0.87,,
ESTAT:DEMO_NIND(1.0),30/04/26 23:00:00,A,FMAR1CUM,MK,2009,0.88,,
ESTAT:DEMO_NIND(1.0),30/04/26 23:00:00,A,FMAR1CUM,MK,2010,0.84,,
ESTAT:DEMO_NIND(1.0),30/04/26 23:00:00,A,FMAR1CUM,MK,2011,0.88,,
ESTAT:DEMO_NIND(1.0),30/04/26 23:00:00,A,FMAR1CUM,MK,2013,0.83,,
ESTAT:DEMO_NIND(1.0),30/04/26 23:00:00,A,FMAR1CUM,MK,2014,0.84,,
ESTAT:DEMO_NIND(1.0),30/04/26 23:00:00,A,FMAR1CUM,MK,2016,0.82,,
ESTAT:DEMO_NIND(1.0),30/04/26 23:00:00,A,FMAR1CUM,MK,2017,0.88,,
ESTAT:DEMO_NIND(1.0),30/04/26 23:00:00,A,FMAR1CUM,MK,2018,0.88,,
ESTAT:DEMO_NIND(1.0),30/04/26 23:00:00,A,FMAR1CUM,MK,2019,0.91,,
ESTAT:DEMO_NIND(1.0),30/04/26 23:00:00,A,FMAR1CUM,MK,2020,0.70,,
ESTAT:DEMO_NIND(1.0),30/04/26 23:00:00,A,FMAR1CUM,MK,2021,1.01,,
ESTAT:DEMO_NIND(1.0),30/04/26 23:00:00,A,FMAR1CUM,MT,1990,1.01,,
ESTAT:DEMO_NIND(1.0),30/04/26 23:00:00,A,FMAR1CUM,MT,1991,1.04,,
ESTAT:DEMO_NIND(1.0),30/04/26 23:00:00,A,FMAR1CUM,MT,1992,0.97,,
ESTAT:DEMO_NIND(1.0),30/04/26 23:00:00,A,FMAR1CUM,MT,1993,1.00,,
ESTAT:DEMO_NIND(1.0),30/04/26 23:00:00,A,FMAR1CUM,MT,1994,0.99,,
ESTAT:DEMO_NIND(1.0),30/04/26 23:00:00,A,FMAR1CUM,MT,1995,0.91,,
ESTAT:DEMO_NIND(1.0),30/04/26 23:00:00,A,FMAR1CUM,MT,1996,0.93,,
ESTAT:DEMO_NIND(1.0),30/04/26 23:00:00,A,FMAR1CUM,MT,2003,0.77,,
ESTAT:DEMO_NIND(1.0),30/04/26 23:00:00,A,FMAR1CUM,MT,2004,0.79,,
ESTAT:DEMO_NIND(1.0),30/04/26 23:00:00,A,FMAR1CUM,MT,2006,0.82,,
ESTAT:DEMO_NIND(1.0),30/04/26 23:00:00,A,FMAR1CUM,MT,2007,0.80,,
ESTAT:DEMO_NIND(1.0),30/04/26 23:00:00,A,FMAR1CUM,MT,2008,0.80,,
ESTAT:DEMO_NIND(1.0),30/04/26 23:00:00,A,FMAR1CUM,MT,2009,0.76,,
ESTAT:DEMO_NIND(1.0),30/04/26 23:00:00,A,FMAR1CUM,MT,2010,0.84,,
ESTAT:DEMO_NIND(1.0),30/04/26 23:00:00,A,FMAR1CUM,MT,2011,0.82,b,
ESTAT:DEMO_NIND(1.0),30/04/26 23:00:00,A,FMAR1CUM,NL,1990,0.66,,
ESTAT:DEMO_NIND(1.0),30/04/26 23:00:00,A,FMAR1CUM,NL,1991,0.65,,
ESTAT:DEMO_NIND(1.0),30/04/26 23:00:00,A,FMAR1CUM,NL,1992,0.64,,
ESTAT:DEMO_NIND(1.0),30/04/26 23:00:00,A,FMAR1CUM,NL,1993,0.60,,
ESTAT:DEMO_NIND(1.0),30/04/26 23:00:00,A,FMAR1CUM,NL,1994,0.56,,
ESTAT:DEMO_NIND(1.0),30/04/26 23:00:00,A,FMAR1CUM,NL,1995,0.53,,
ESTAT:DEMO_NIND(1.0),30/04/26 23:00:00,A,FMAR1CUM,NL,1996,0.56,,
ESTAT:DEMO_NIND(1.0),30/04/26 23:00:00,A,FMAR1CUM,NL,1997,0.56,,
ESTAT:DEMO_NIND(1.0),30/04/26 23:00:00,A,FMAR1CUM,NL,1998,0.58,,
ESTAT:DEMO_NIND(1.0),30/04/26 23:00:00,A,FMAR1CUM,NL,1999,0.61,,
ESTAT:DEMO_NIND(1.0),30/04/26 23:00:00,A,FMAR1CUM,NL,2000,0.60,,
ESTAT:DEMO_NIND(1.0),30/04/26 23:00:00,A,FMAR1CUM,NL,2001,0.54,,
ESTAT:DEMO_NIND(1.0),30/04/26 23:00:00,A,FMAR1CUM,NL,2002,0.59,,
ESTAT:DEMO_NIND(1.0),30/04/26 23:00:00,A,FMAR1CUM,NL,2004,0.52,,
ESTAT:DEMO_NIND(1.0),30/04/26 23:00:00,A,FMAR1CUM,NL,2005,0.52,,
ESTAT:DEMO_NIND(1.0),30/04/26 23:00:00,A,FMAR1CUM,NL,2006,0.52,,
ESTAT:DEMO_NIND(1.0),30/04/26 23:00:00,A,FMAR1CUM,NL,2007,0.54,,
ESTAT:DEMO_NIND(1.0),30/04/26 23:00:00,A,FMAR1CUM,NL,2008,0.56,,
ESTAT:DEMO_NIND(1.0),30/04/26 23:00:00,A,FMAR1CUM,NL,2009,0.55,,
ESTAT:DEMO_NIND(1.0),30/04/26 23:00:00,A,FMAR1CUM,NL,2010,0.53,,
ESTAT:DEMO_NIND(1.0),30/04/26 23:00:00,A,FMAR1CUM,NL,2011,0.51,,
ESTAT:DEMO_NIND(1.0),30/04/26 23:00:00,A,FMAR1CUM,NL,2013,0.47,,
ESTAT:DEMO_NIND(1.0),30/04/26 23:00:00,A,FMAR1CUM,NL,2014,0.47,,
ESTAT:DEMO_NIND(1.0),30/04/26 23:00:00,A,FMAR1CUM,NL,2015,0.46,,
ESTAT:DEMO_NIND(1.0),30/04/26 23:00:00,A,FMAR1CUM,NL,2016,0.46,,
ESTAT:DEMO_NIND(1.0),30/04/26 23:00:00,A,FMAR1CUM,NL,2017,0.45,,
ESTAT:DEMO_NIND(1.0),30/04/26 23:00:00,A,FMAR1CUM,NL,2018,0.44,,
ESTAT:DEMO_NIND(1.0),30/04/26 23:00:00,A,FMAR1CUM,NL,2019,0.43,,
ESTAT:DEMO_NIND(1.0),30/04/26 23:00:00,A,FMAR1CUM,NL,2020,0.33,,
ESTAT:DEMO_NIND(1.0),30/04/26 23:00:00,A,FMAR1CUM,NL,2021,0.38,,
ESTAT:DEMO_NIND(1.0),30/04/26 23:00:00,A,FMAR1CUM,NL,2022,0.47,,
ESTAT:DEMO_NIND(1.0),30/04/26 23:00:00,A,FMAR1CUM,NL,2024,0.45,,
ESTAT:DEMO_NIND(1.0),30/04/26 23:00:00,A,FMAR1CUM,NO,1990,0.58,,
ESTAT:DEMO_NIND(1.0),30/04/26 23:00:00,A,FMAR1CUM,NO,1991,0.53,,
ESTAT:DEMO_NIND(1.0),30/04/26 23:00:00,A,FMAR1CUM,NO,1992,0.51,,
ESTAT:DEMO_NIND(1.0),30/04/26 23:00:00,A,FMAR1CUM,NO,1993,0.47,,
ESTAT:DEMO_NIND(1.0),30/04/26 23:00:00,A,FMAR1CUM,NO,1994,0.48,,
ESTAT:DEMO_NIND(1.0),30/04/26 23:00:00,A,FMAR1CUM,NO,1995,0.55,,
ESTAT:DEMO_NIND(1.0),30/04/26 23:00:00,A,FMAR1CUM,NO,1996,0.58,,
ESTAT:DEMO_NIND(1.0),30/04/26 23:00:00,A,FMAR1CUM,NO,1997,0.61,,
ESTAT:DEMO_NIND(1.0),30/04/26 23:00:00,A,FMAR1CUM,NO,1998,0.54,,
ESTAT:DEMO_NIND(1.0),30/04/26 23:00:00,A,FMAR1CUM,NO,1999,0.52,,
ESTAT:DEMO_NIND(1.0),30/04/26 23:00:00,A,FMAR1CUM,NO,2000,0.51,,
ESTAT:DEMO_NIND(1.0),30/04/26 23:00:00,A,FMAR1CUM,NO,2001,0.45,,
ESTAT:DEMO_NIND(1.0),30/04/26 23:00:00,A,FMAR1CUM,NO,2002,0.47,,
ESTAT:DEMO_NIND(1.0),30/04/26 23:00:00,A,FMAR1CUM,NO,2006,0.48,,
ESTAT:DEMO_NIND(1.0),30/04/26 23:00:00,A,FMAR1CUM,NO,2007,0.53,,
ESTAT:DEMO_NIND(1.0),30/04/26 23:00:00,A,FMAR1CUM,NO,2008,0.56,,
ESTAT:DEMO_NIND(1.0),30/04/26 23:00:00,A,FMAR1CUM,NO,2009,0.54,,
ESTAT:DEMO_NIND(1.0),30/04/26 23:00:00,A,FMAR1CUM,NO,2010,0.51,,
ESTAT:DEMO_NIND(1.0),30/04/26 23:00:00,A,FMAR1CUM,NO,2011,0.49,,
ESTAT:DEMO_NIND(1.0),30/04/26 23:00:00,A,FMAR1CUM,NO,2013,0.50,,
ESTAT:DEMO_NIND(1.0),30/04/26 23:00:00,A,FMAR1CUM,NO,2014,0.48,,
ESTAT:DEMO_NIND(1.0),30/04/26 23:00:00,A,FMAR1CUM,NO,2015,0.46,,
ESTAT:DEMO_NIND(1.0),30/04/26 23:00:00,A,FMAR1CUM,NO,2016,0.46,,
ESTAT:DEMO_NIND(1.0),30/04/26 23:00:00,A,FMAR1CUM,NO,2017,0.44,,
ESTAT:DEMO_NIND(1.0),30/04/26 23:00:00,A,FMAR1CUM,NO,2018,0.43,,
ESTAT:DEMO_NIND(1.0),30/04/26 23:00:00,A,FMAR1CUM,NO,2019,0.40,,
ESTAT:DEMO_NIND(1.0),30/04/26 23:00:00,A,FMAR1CUM,NO,2020,0.35,,
ESTAT:DEMO_NIND(1.0),30/04/26 23:00:00,A,FMAR1CUM,PL,1993,0.71,,
ESTAT:DEMO_NIND(1.0),30/04/26 23:00:00,A,FMAR1CUM,PL,1994,0.69,,
ESTAT:DEMO_NIND(1.0),30/04/26 23:00:00,A,FMAR1CUM,PL,1995,0.68,,
ESTAT:DEMO_NIND(1.0),30/04/26 23:00:00,A,FMAR1CUM,PL,1996,0.65,,
ESTAT:DEMO_NIND(1.0),30/04/26 23:00:00,A,FMAR1CUM,PL,1997,0.64,,
ESTAT:DEMO_NIND(1.0),30/04/26 23:00:00,A,FMAR1CUM,PL,1998,0.64,,
ESTAT:DEMO_NIND(1.0),30/04/26 23:00:00,A,FMAR1CUM,PL,1999,0.67,,
ESTAT:DEMO_NIND(1.0),30/04/26 23:00:00,A,FMAR1CUM,PL,2000,0.65,,
ESTAT:DEMO_NIND(1.0),30/04/26 23:00:00,A,FMAR1CUM,PL,2001,0.59,,
ESTAT:DEMO_NIND(1.0),30/04/26 23:00:00,A,FMAR1CUM,PL,2002,0.58,,
ESTAT:DEMO_NIND(1.0),30/04/26 23:00:00,A,FMAR1CUM,PL,2003,0.58,,
ESTAT:DEMO_NIND(1.0),30/04/26 23:00:00,A,FMAR1CUM,PL,2004,0.57,,
ESTAT:DEMO_NIND(1.0),30/04/26 23:00:00,A,FMAR1CUM,PL,2005,0.61,,
ESTAT:DEMO_NIND(1.0),30/04/26 23:00:00,A,FMAR1CUM,PL,2006,0.66,,
ESTAT:DEMO_NIND(1.0),30/04/26 23:00:00,A,FMAR1CUM,PL,2007,0.72,,
ESTAT:DEMO_NIND(1.0),30/04/26 23:00:00,A,FMAR1CUM,PL,2008,0.75,,
ESTAT:DEMO_NIND(1.0),30/04/26 23:00:00,A,FMAR1CUM,PL,2009,0.73,,
ESTAT:DEMO_NIND(1.0),30/04/26 23:00:00,A,FMAR1CUM,PL,2010,0.68,,
ESTAT:DEMO_NIND(1.0),30/04/26 23:00:00,A,FMAR1CUM,PL,2011,0.62,b,
ESTAT:DEMO_NIND(1.0),30/04/26 23:00:00,A,FMAR1CUM,PL,2012,0.63,,
ESTAT:DEMO_NIND(1.0),30/04/26 23:00:00,A,FMAR1CUM,PL,2013,0.56,,
ESTAT:DEMO_NIND(1.0),30/04/26 23:00:00,A,FMAR1CUM,PL,2014,0.60,,
ESTAT:DEMO_NIND(1.0),30/04/26 23:00:00,A,FMAR1CUM,PL,2015,0.61,,
ESTAT:DEMO_NIND(1.0),30/04/26 23:00:00,A,FMAR1CUM,PL,2016,0.64,,
ESTAT:DEMO_NIND(1.0),30/04/26 23:00:00,A,FMAR1CUM,PL,2017,0.64,,
ESTAT:DEMO_NIND(1.0),30/04/26 23:00:00,A,FMAR1CUM,PL,2018,0.66,,
ESTAT:DEMO_NIND(1.0),30/04/26 23:00:00,A,FMAR1CUM,PL,2019,0.63,,
ESTAT:DEMO_NIND(1.0),30/04/26 23:00:00,A,FMAR1CUM,PL,2020,0.51,,
ESTAT:DEMO_NIND(1.0),30/04/26 23:00:00,A,FMAR1CUM,PL,2021,0.61,,
ESTAT:DEMO_NIND(1.0),30/04/26 23:00:00,A,FMAR1CUM,PL,2022,0.58,,
ESTAT:DEMO_NIND(1.0),30/04/26 23:00:00,A,FMAR1CUM,PL,2023,0.56,,
ESTAT:DEMO_NIND(1.0),30/04/26 23:00:00,A,FMAR1CUM,PL,2024,0.52,,
ESTAT:DEMO_NIND(1.0),30/04/26 23:00:00,A,FMAR1CUM,PT,1991,0.89,,
ESTAT:DEMO_NIND(1.0),30/04/26 23:00:00,A,FMAR1CUM,PT,1992,0.86,,
ESTAT:DEMO_NIND(1.0),30/04/26 23:00:00,A,FMAR1CUM,PT,1993,0.83,,
ESTAT:DEMO_NIND(1.0),30/04/26 23:00:00,A,FMAR1CUM,PT,1994,0.80,,
ESTAT:DEMO_NIND(1.0),30/04/26 23:00:00,A,FMAR1CUM,PT,1995,0.74,,
ESTAT:DEMO_NIND(1.0),30/04/26 23:00:00,A,FMAR1CUM,PT,1996,0.71,,
ESTAT:DEMO_NIND(1.0),30/04/26 23:00:00,A,FMAR1CUM,PT,1997,0.79,,
ESTAT:DEMO_NIND(1.0),30/04/26 23:00:00,A,FMAR1CUM,PT,1998,0.80,,
ESTAT:DEMO_NIND(1.0),30/04/26 23:00:00,A,FMAR1CUM,PT,1999,0.82,,
ESTAT:DEMO_NIND(1.0),30/04/26 23:00:00,A,FMAR1CUM,PT,2000,0.76,,
ESTAT:DEMO_NIND(1.0),30/04/26 23:00:00,A,FMAR1CUM,PT,2001,0.69,,
ESTAT:DEMO_NIND(1.0),30/04/26 23:00:00,A,FMAR1CUM,PT,2002,0.67,,
ESTAT:DEMO_NIND(1.0),30/04/26 23:00:00,A,FMAR1CUM,PT,2003,0.63,,
ESTAT:DEMO_NIND(1.0),30/04/26 23:00:00,A,FMAR1CUM,PT,2004,0.57,,
ESTAT:DEMO_NIND(1.0),30/04/26 23:00:00,A,FMAR1CUM,PT,2005,0.57,,
ESTAT:DEMO_NIND(1.0),30/04/26 23:00:00,A,FMAR1CUM,PT,2006,0.56,,
ESTAT:DEMO_NIND(1.0),30/04/26 23:00:00,A,FMAR1CUM,PT,2007,0.54,,
ESTAT:DEMO_NIND(1.0),30/04/26 23:00:00,A,FMAR1CUM,PT,2008,0.51,,
ESTAT:DEMO_NIND(1.0),30/04/26 23:00:00,A,FMAR1CUM,PT,2009,0.47,,
ESTAT:DEMO_NIND(1.0),30/04/26 23:00:00,A,FMAR1CUM,PT,2010,0.47,,
ESTAT:DEMO_NIND(1.0),30/04/26 23:00:00,A,FMAR1CUM,PT,2011,0.39,,
ESTAT:DEMO_NIND(1.0),30/04/26 23:00:00,A,FMAR1CUM,PT,2012,0.39,,
ESTAT:DEMO_NIND(1.0),30/04/26 23:00:00,A,FMAR1CUM,PT,2013,0.40,,
ESTAT:DEMO_NIND(1.0),30/04/26 23:00:00,A,FMAR1CUM,PT,2014,0.40,,
ESTAT:DEMO_NIND(1.0),30/04/26 23:00:00,A,FMAR1CUM,PT,2015,0.42,,
ESTAT:DEMO_NIND(1.0),30/04/26 23:00:00,A,FMAR1CUM,PT,2016,0.42,,
ESTAT:DEMO_NIND(1.0),30/04/26 23:00:00,A,FMAR1CUM,PT,2017,0.44,,
ESTAT:DEMO_NIND(1.0),30/04/26 23:00:00,A,FMAR1CUM,PT,2018,0.45,,
ESTAT:DEMO_NIND(1.0),30/04/26 23:00:00,A,FMAR1CUM,PT,2019,0.43,,
ESTAT:DEMO_NIND(1.0),30/04/26 23:00:00,A,FMAR1CUM,PT,2020,0.22,,
ESTAT:DEMO_NIND(1.0),30/04/26 23:00:00,A,FMAR1CUM,PT,2021,0.38,,
ESTAT:DEMO_NIND(1.0),30/04/26 23:00:00,A,FMAR1CUM,PT,2022,0.47,,
ESTAT:DEMO_NIND(1.0),30/04/26 23:00:00,A,FMAR1CUM,PT,2023,0.46,,
ESTAT:DEMO_NIND(1.0),30/04/26 23:00:00,A,FMAR1CUM,PT,2024,0.45,,
ESTAT:DEMO_NIND(1.0),30/04/26 23:00:00,A,FMAR1CUM,RO,1990,0.92,,
ESTAT:DEMO_NIND(1.0),30/04/26 23:00:00,A,FMAR1CUM,RO,1991,0.90,,
ESTAT:DEMO_NIND(1.0),30/04/26 23:00:00,A,FMAR1CUM,RO,1992,0.87,,
ESTAT:DEMO_NIND(1.0),30/04/26 23:00:00,A,FMAR1CUM,RO,1993,0.79,,
ESTAT:DEMO_NIND(1.0),30/04/26 23:00:00,A,FMAR1CUM,RO,1994,0.74,,
ESTAT:DEMO_NIND(1.0),30/04/26 23:00:00,A,FMAR1CUM,RO,1995,0.73,,
ESTAT:DEMO_NIND(1.0),30/04/26 23:00:00,A,FMAR1CUM,RO,1996,0.71,,
ESTAT:DEMO_NIND(1.0),30/04/26 23:00:00,A,FMAR1CUM,RO,1997,0.69,,
ESTAT:DEMO_NIND(1.0),30/04/26 23:00:00,A,FMAR1CUM,RO,1998,0.68,,
ESTAT:DEMO_NIND(1.0),30/04/26 23:00:00,A,FMAR1CUM,RO,1999,0.66,,
ESTAT:DEMO_NIND(1.0),30/04/26 23:00:00,A,FMAR1CUM,RO,2000,0.64,,
ESTAT:DEMO_NIND(1.0),30/04/26 23:00:00,A,FMAR1CUM,RO,2001,0.64,,
ESTAT:DEMO_NIND(1.0),30/04/26 23:00:00,A,FMAR1CUM,RO,2002,0.66,,
ESTAT:DEMO_NIND(1.0),30/04/26 23:00:00,A,FMAR1CUM,RO,2003,0.69,,
ESTAT:DEMO_NIND(1.0),30/04/26 23:00:00,A,FMAR1CUM,RO,2004,0.74,,
ESTAT:DEMO_NIND(1.0),30/04/26 23:00:00,A,FMAR1CUM,RO,2005,0.73,,
ESTAT:DEMO_NIND(1.0),30/04/26 23:00:00,A,FMAR1CUM,RO,2006,0.76,,
ESTAT:DEMO_NIND(1.0),30/04/26 23:00:00,A,FMAR1CUM,RO,2007,1.03,,
ESTAT:DEMO_NIND(1.0),30/04/26 23:00:00,A,FMAR1CUM,RO,2008,0.79,,
ESTAT:DEMO_NIND(1.0),30/04/26 23:00:00,A,FMAR1CUM,RO,2009,0.72,,
ESTAT:DEMO_NIND(1.0),30/04/26 23:00:00,A,FMAR1CUM,RO,2010,0.77,,
ESTAT:DEMO_NIND(1.0),30/04/26 23:00:00,A,FMAR1CUM,RO,2011,0.58,,
ESTAT:DEMO_NIND(1.0),30/04/26 23:00:00,A,FMAR1CUM,RO,2012,0.82,,
ESTAT:DEMO_NIND(1.0),30/04/26 23:00:00,A,FMAR1CUM,RO,2013,0.72,,
ESTAT:DEMO_NIND(1.0),30/04/26 23:00:00,A,FMAR1CUM,RO,2014,0.81,,
ESTAT:DEMO_NIND(1.0),30/04/26 23:00:00,A,FMAR1CUM,RO,2015,0.88,,
ESTAT:DEMO_NIND(1.0),30/04/26 23:00:00,A,FMAR1CUM,RO,2016,0.96,,
ESTAT:DEMO_NIND(1.0),30/04/26 23:00:00,A,FMAR1CUM,RO,2017,1.05,,
ESTAT:DEMO_NIND(1.0),30/04/26 23:00:00,A,FMAR1CUM,RO,2018,1.07,,
ESTAT:DEMO_NIND(1.0),30/04/26 23:00:00,A,FMAR1CUM,RO,2019,1.10,,
ESTAT:DEMO_NIND(1.0),30/04/26 23:00:00,A,FMAR1CUM,RO,2020,0.61,,
ESTAT:DEMO_NIND(1.0),30/04/26 23:00:00,A,FMAR1CUM,RO,2021,0.91,,
ESTAT:DEMO_NIND(1.0),30/04/26 23:00:00,A,FMAR1CUM,RO,2022,0.95,,
ESTAT:DEMO_NIND(1.0),30/04/26 23:00:00,A,FMAR1CUM,RO,2023,0.89,,
ESTAT:DEMO_NIND(1.0),30/04/26 23:00:00,A,FMAR1CUM,RO,2024,0.83,,
ESTAT:DEMO_NIND(1.0),30/04/26 23:00:00,A,FMAR1CUM,RS,2000,0.75,,
ESTAT:DEMO_NIND(1.0),30/04/26 23:00:00,A,FMAR1CUM,RS,2001,0.72,,
ESTAT:DEMO_NIND(1.0),30/04/26 23:00:00,A,FMAR1CUM,RS,2002,0.73,,
ESTAT:DEMO_NIND(1.0),30/04/26 23:00:00,A,FMAR1CUM,RS,2003,0.73,,
ESTAT:DEMO_NIND(1.0),30/04/26 23:00:00,A,FMAR1CUM,RS,2004,0.73,,
ESTAT:DEMO_NIND(1.0),30/04/26 23:00:00,A,FMAR1CUM,RS,2005,0.68,,
ESTAT:DEMO_NIND(1.0),30/04/26 23:00:00,A,FMAR1CUM,RS,2006,0.70,,
ESTAT:DEMO_NIND(1.0),30/04/26 23:00:00,A,FMAR1CUM,RS,2007,0.73,,
ESTAT:DEMO_NIND(1.0),30/04/26 23:00:00,A,FMAR1CUM,RS,2008,0.69,,
ESTAT:DEMO_NIND(1.0),30/04/26 23:00:00,A,FMAR1CUM,RS,2009,0.67,,
ESTAT:DEMO_NIND(1.0),30/04/26 23:00:00,A,FMAR1CUM,RS,2010,0.66,,
ESTAT:DEMO_NIND(1.0),30/04/26 23:00:00,A,FMAR1CUM,RS,2011,0.67,,
ESTAT:DEMO_NIND(1.0),30/04/26 23:00:00,A,FMAR1CUM,RS,2013,0.71,,
ESTAT:DEMO_NIND(1.0),30/04/26 23:00:00,A,FMAR1CUM,RS,2014,0.72,,
ESTAT:DEMO_NIND(1.0),30/04/26 23:00:00,A,FMAR1CUM,RS,2015,0.73,,
ESTAT:DEMO_NIND(1.0),30/04/26 23:00:00,A,FMAR1CUM,RS,2016,0.72,,
ESTAT:DEMO_NIND(1.0),30/04/26 23:00:00,A,FMAR1CUM,RS,2017,0.73,,
ESTAT:DEMO_NIND(1.0),30/04/26 23:00:00,A,FMAR1CUM,RS,2018,0.74,,
ESTAT:DEMO_NIND(1.0),30/04/26 23:00:00,A,FMAR1CUM,RS,2019,0.74,,
ESTAT:DEMO_NIND(1.0),30/04/26 23:00:00,A,FMAR1CUM,RS,2020,0.49,,
ESTAT:DEMO_NIND(1.0),30/04/26 23:00:00,A,FMAR1CUM,RS,2021,0.71,,
ESTAT:DEMO_NIND(1.0),30/04/26 23:00:00,A,FMAR1CUM,RS,2022,0.75,,
ESTAT:DEMO_NIND(1.0),30/04/26 23:00:00,A,FMAR1CUM,RS,2023,0.75,,
ESTAT:DEMO_NIND(1.0),30/04/26 23:00:00,A,FMAR1CUM,RS,2024,0.73,,
ESTAT:DEMO_NIND(1.0),30/04/26 23:00:00,A,FMAR1CUM,SE,1990,0.56,,
ESTAT:DEMO_NIND(1.0),30/04/26 23:00:00,A,FMAR1CUM,SE,1991,0.50,,
ESTAT:DEMO_NIND(1.0),30/04/26 23:00:00,A,FMAR1CUM,SE,1992,0.50,,
ESTAT:DEMO_NIND(1.0),30/04/26 23:00:00,A,FMAR1CUM,SE,1993,0.46,,
ESTAT:DEMO_NIND(1.0),30/04/26 23:00:00,A,FMAR1CUM,SE,1994,0.46,,
ESTAT:DEMO_NIND(1.0),30/04/26 23:00:00,A,FMAR1CUM,SE,1996,0.44,,
ESTAT:DEMO_NIND(1.0),30/04/26 23:00:00,A,FMAR1CUM,SE,1997,0.42,,
ESTAT:DEMO_NIND(1.0),30/04/26 23:00:00,A,FMAR1CUM,SE,1998,0.42,,
ESTAT:DEMO_NIND(1.0),30/04/26 23:00:00,A,FMAR1CUM,SE,1999,0.47,,
ESTAT:DEMO_NIND(1.0),30/04/26 23:00:00,A,FMAR1CUM,SE,2000,0.53,,
ESTAT:DEMO_NIND(1.0),30/04/26 23:00:00,A,FMAR1CUM,SE,2001,0.48,,
ESTAT:DEMO_NIND(1.0),30/04/26 23:00:00,A,FMAR1CUM,SE,2002,0.50,,
ESTAT:DEMO_NIND(1.0),30/04/26 23:00:00,A,FMAR1CUM,SE,2003,0.52,,
ESTAT:DEMO_NIND(1.0),30/04/26 23:00:00,A,FMAR1CUM,SE,2004,0.57,,
ESTAT:DEMO_NIND(1.0),30/04/26 23:00:00,A,FMAR1CUM,SE,2005,0.60,,
ESTAT:DEMO_NIND(1.0),30/04/26 23:00:00,A,FMAR1CUM,SE,2006,0.62,,
ESTAT:DEMO_NIND(1.0),30/04/26 23:00:00,A,FMAR1CUM,SE,2008,0.67,,
ESTAT:DEMO_NIND(1.0),30/04/26 23:00:00,A,FMAR1CUM,SE,2009,0.63,,
ESTAT:DEMO_NIND(1.0),30/04/26 23:00:00,A,FMAR1CUM,SE,2010,0.66,,
ESTAT:DEMO_NIND(1.0),30/04/26 23:00:00,A,FMAR1CUM,SE,2011,0.63,,
ESTAT:DEMO_NIND(1.0),30/04/26 23:00:00,A,FMAR1CUM,SE,2012,0.66,,
ESTAT:DEMO_NIND(1.0),30/04/26 23:00:00,A,FMAR1CUM,SE,2013,0.59,,
ESTAT:DEMO_NIND(1.0),30/04/26 23:00:00,A,FMAR1CUM,SE,2014,0.60,,
ESTAT:DEMO_NIND(1.0),30/04/26 23:00:00,A,FMAR1CUM,SE,2015,0.58,,
ESTAT:DEMO_NIND(1.0),30/04/26 23:00:00,A,FMAR1CUM,SE,2016,0.59,,
ESTAT:DEMO_NIND(1.0),30/04/26 23:00:00,A,FMAR1CUM,SE,2017,0.58,,
ESTAT:DEMO_NIND(1.0),30/04/26 23:00:00,A,FMAR1CUM,SE,2018,0.55,,
ESTAT:DEMO_NIND(1.0),30/04/26 23:00:00,A,FMAR1CUM,SE,2019,0.52,,
ESTAT:DEMO_NIND(1.0),30/04/26 23:00:00,A,FMAR1CUM,SE,2020,0.40,,
ESTAT:DEMO_NIND(1.0),30/04/26 23:00:00,A,FMAR1CUM,SE,2021,0.41,,
ESTAT:DEMO_NIND(1.0),30/04/26 23:00:00,A,FMAR1CUM,SE,2022,0.50,,
ESTAT:DEMO_NIND(1.0),30/04/26 23:00:00,A,FMAR1CUM,SE,2023,0.46,,
ESTAT:DEMO_NIND(1.0),30/04/26 23:00:00,A,FMAR1CUM,SE,2024,0.49,,
ESTAT:DEMO_NIND(1.0),30/04/26 23:00:00,A,FMAR1CUM,SI,1990,0.52,,
ESTAT:DEMO_NIND(1.0),30/04/26 23:00:00,A,FMAR1CUM,SI,1991,0.50,,
ESTAT:DEMO_NIND(1.0),30/04/26 23:00:00,A,FMAR1CUM,SI,1992,0.56,,
ESTAT:DEMO_NIND(1.0),30/04/26 23:00:00,A,FMAR1CUM,SI,1993,0.55,,
ESTAT:DEMO_NIND(1.0),30/04/26 23:00:00,A,FMAR1CUM,SI,1994,0.51,,
ESTAT:DEMO_NIND(1.0),30/04/26 23:00:00,A,FMAR1CUM,SI,1995,0.52,,
ESTAT:DEMO_NIND(1.0),30/04/26 23:00:00,A,FMAR1CUM,SI,1996,0.47,,
ESTAT:DEMO_NIND(1.0),30/04/26 23:00:00,A,FMAR1CUM,SI,1997,0.47,,
ESTAT:DEMO_NIND(1.0),30/04/26 23:00:00,A,FMAR1CUM,SI,1998,0.47,,
ESTAT:DEMO_NIND(1.0),30/04/26 23:00:00,A,FMAR1CUM,SI,1999,0.48,,
ESTAT:DEMO_NIND(1.0),30/04/26 23:00:00,A,FMAR1CUM,SI,2000,0.45,,
ESTAT:DEMO_NIND(1.0),30/04/26 23:00:00,A,FMAR1CUM,SI,2001,0.44,,
ESTAT:DEMO_NIND(1.0),30/04/26 23:00:00,A,FMAR1CUM,SI,2002,0.44,,
ESTAT:DEMO_NIND(1.0),30/04/26 23:00:00,A,FMAR1CUM,SI,2003,0.43,,
ESTAT:DEMO_NIND(1.0),30/04/26 23:00:00,A,FMAR1CUM,SI,2004,0.41,,
ESTAT:DEMO_NIND(1.0),30/04/26 23:00:00,A,FMAR1CUM,SI,2005,0.37,,
ESTAT:DEMO_NIND(1.0),30/04/26 23:00:00,A,FMAR1CUM,SI,2006,0.40,,
ESTAT:DEMO_NIND(1.0),30/04/26 23:00:00,A,FMAR1CUM,SI,2007,0.40,,
ESTAT:DEMO_NIND(1.0),30/04/26 23:00:00,A,FMAR1CUM,SI,2008,0.42,,
ESTAT:DEMO_NIND(1.0),30/04/26 23:00:00,A,FMAR1CUM,SI,2009,0.42,,
ESTAT:DEMO_NIND(1.0),30/04/26 23:00:00,A,FMAR1CUM,SI,2010,0.42,,
ESTAT:DEMO_NIND(1.0),30/04/26 23:00:00,A,FMAR1CUM,SI,2011,0.44,b,
ESTAT:DEMO_NIND(1.0),30/04/26 23:00:00,A,FMAR1CUM,SI,2012,0.46,,
ESTAT:DEMO_NIND(1.0),30/04/26 23:00:00,A,FMAR1CUM,SI,2013,0.42,,
ESTAT:DEMO_NIND(1.0),30/04/26 23:00:00,A,FMAR1CUM,SI,2014,0.45,,
ESTAT:DEMO_NIND(1.0),30/04/26 23:00:00,A,FMAR1CUM,SI,2015,0.45,,
ESTAT:DEMO_NIND(1.0),30/04/26 23:00:00,A,FMAR1CUM,SI,2016,0.47,,
ESTAT:DEMO_NIND(1.0),30/04/26 23:00:00,A,FMAR1CUM,SI,2017,0.47,,
ESTAT:DEMO_NIND(1.0),30/04/26 23:00:00,A,FMAR1CUM,SI,2018,0.53,,
ESTAT:DEMO_NIND(1.0),30/04/26 23:00:00,A,FMAR1CUM,SI,2019,0.49,,
ESTAT:DEMO_NIND(1.0),30/04/26 23:00:00,A,FMAR1CUM,SI,2020,0.39,,
ESTAT:DEMO_NIND(1.0),30/04/26 23:00:00,A,FMAR1CUM,SI,2021,0.45,,
ESTAT:DEMO_NIND(1.0),30/04/26 23:00:00,A,FMAR1CUM,SI,2022,0.51,,
ESTAT:DEMO_NIND(1.0),30/04/26 23:00:00,A,FMAR1CUM,SI,2023,0.49,,
ESTAT:DEMO_NIND(1.0),30/04/26 23:00:00,A,FMAR1CUM,SI,2024,0.50,,
ESTAT:DEMO_NIND(1.0),30/04/26 23:00:00,A,FMAR1CUM,SK,1999,0.51,,
ESTAT:DEMO_NIND(1.0),30/04/26 23:00:00,A,FMAR1CUM,SK,2000,0.52,,
ESTAT:DEMO_NIND(1.0),30/04/26 23:00:00,A,FMAR1CUM,SK,2001,0.48,,
ESTAT:DEMO_NIND(1.0),30/04/26 23:00:00,A,FMAR1CUM,SK,2002,0.50,,
ESTAT:DEMO_NIND(1.0),30/04/26 23:00:00,A,FMAR1CUM,SK,2003,0.52,,
ESTAT:DEMO_NIND(1.0),30/04/26 23:00:00,A,FMAR1CUM,SK,2004,0.57,,
ESTAT:DEMO_NIND(1.0),30/04/26 23:00:00,A,FMAR1CUM,SK,2006,0.51,,
ESTAT:DEMO_NIND(1.0),30/04/26 23:00:00,A,FMAR1CUM,SK,2007,0.54,,
ESTAT:DEMO_NIND(1.0),30/04/26 23:00:00,A,FMAR1CUM,SK,2008,0.57,,
ESTAT:DEMO_NIND(1.0),30/04/26 23:00:00,A,FMAR1CUM,SK,2009,0.53,,
ESTAT:DEMO_NIND(1.0),30/04/26 23:00:00,A,FMAR1CUM,SK,2010,0.52,,
ESTAT:DEMO_NIND(1.0),30/04/26 23:00:00,A,FMAR1CUM,SK,2012,0.54,,
ESTAT:DEMO_NIND(1.0),30/04/26 23:00:00,A,FMAR1CUM,SK,2013,0.55,,
ESTAT:DEMO_NIND(1.0),30/04/26 23:00:00,A,FMAR1CUM,SK,2014,0.58,,
ESTAT:DEMO_NIND(1.0),30/04/26 23:00:00,A,FMAR1CUM,SK,2015,0.64,,
ESTAT:DEMO_NIND(1.0),30/04/26 23:00:00,A,FMAR1CUM,SK,2016,0.67,,
ESTAT:DEMO_NIND(1.0),30/04/26 23:00:00,A,FMAR1CUM,SK,2017,0.72,,
ESTAT:DEMO_NIND(1.0),30/04/26 23:00:00,A,FMAR1CUM,SK,2018,0.72,,
ESTAT:DEMO_NIND(1.0),30/04/26 23:00:00,A,FMAR1CUM,SK,2019,0.71,,
ESTAT:DEMO_NIND(1.0),30/04/26 23:00:00,A,FMAR1CUM,SK,2020,0.57,,
ESTAT:DEMO_NIND(1.0),30/04/26 23:00:00,A,FMAR1CUM,SK,2021,0.66,,
ESTAT:DEMO_NIND(1.0),30/04/26 23:00:00,A,FMAR1CUM,SK,2022,0.74,,
ESTAT:DEMO_NIND(1.0),30/04/26 23:00:00,A,FMAR1CUM,SK,2023,0.68,,
ESTAT:DEMO_NIND(1.0),30/04/26 23:00:00,A,FMAR1CUM,SK,2024,0.65,,
ESTAT:DEMO_NIND(1.0),30/04/26 23:00:00,A,FMAR1CUM,TR,2003,0.76,,
ESTAT:DEMO_NIND(1.0),30/04/26 23:00:00,A,FMAR1CUM,TR,2006,0.96,,
ESTAT:DEMO_NIND(1.0),30/04/26 23:00:00,A,FMAR1CUM,TR,2007,0.96,,
ESTAT:DEMO_NIND(1.0),30/04/26 23:00:00,A,FMAR1CUM,TR,2008,0.94,,
ESTAT:DEMO_NIND(1.0),30/04/26 23:00:00,A,FMAR1CUM,TR,2009,0.86,,
ESTAT:DEMO_NIND(1.0),30/04/26 23:00:00,A,FMAR1CUM,TR,2010,0.84,,
ESTAT:DEMO_NIND(1.0),30/04/26 23:00:00,A,FMAR1CUM,TR,2011,0.84,,
ESTAT:DEMO_NIND(1.0),30/04/26 23:00:00,A,FMAR1CUM,TR,2013,0.84,,
ESTAT:DEMO_NIND(1.0),30/04/26 23:00:00,A,FMAR1CUM,TR,2014,0.83,,
ESTAT:DEMO_NIND(1.0),30/04/26 23:00:00,A,FMAR1CUM,TR,2015,0.83,,
ESTAT:DEMO_NIND(1.0),30/04/26 23:00:00,A,FMAR1CUM,TR,2016,0.80,,
ESTAT:DEMO_NIND(1.0),30/04/26 23:00:00,A,FMAR1CUM,TR,2017,0.76,,
ESTAT:DEMO_NIND(1.0),30/04/26 23:00:00,A,FMAR1CUM,TR,2018,0.73,,
ESTAT:DEMO_NIND(1.0),30/04/26 23:00:00,A,FMAR1CUM,TR,2019,0.71,,
ESTAT:DEMO_NIND(1.0),30/04/26 23:00:00,A,FMAR1CUM,TR,2020,0.63,,
ESTAT:DEMO_NIND(1.0),30/04/26 23:00:00,A,FMAR1CUM,TR,2022,0.73,,
ESTAT:DEMO_NIND(1.0),30/04/26 23:00:00,A,FMAR1CUM,TR,2023,0.71,,
ESTAT:DEMO_NIND(1.0),30/04/26 23:00:00,A,FMAR1CUM,TR,2024,0.72,,
ESTAT:DEMO_NIND(1.0),30/04/26 23:00:00,A,FMAR1CUM,UA,2006,0.75,,
ESTAT:DEMO_NIND(1.0),30/04/26 23:00:00,A,FMAR1CUM,UA,2007,0.89,,
ESTAT:DEMO_NIND(1.0),30/04/26 23:00:00,A,FMAR1CUM,UA,2008,0.68,,
ESTAT:DEMO_NIND(1.0),30/04/26 23:00:00,A,FMAR1CUM,UA,2010,0.68,,
ESTAT:DEMO_NIND(1.0),30/04/26 23:00:00,A,FMAR1CUM,UA,2011,0.82,,
ESTAT:DEMO_NIND(1.0),30/04/26 23:00:00,A,FMAR1CUM,UA,2014,0.76,,
ESTAT:DEMO_NIND(1.0),30/04/26 23:00:00,A,FMAR1CUM,UA,2015,0.81,,
ESTAT:DEMO_NIND(1.0),30/04/26 23:00:00,A,FMAR1CUM,UA,2017,0.71,,
ESTAT:DEMO_NIND(1.0),30/04/26 23:00:00,A,FMAR1CUM,UA,2018,0.66,,
ESTAT:DEMO_NIND(1.0),30/04/26 23:00:00,A,FMAR1CUM,UA,2019,0.70,,
ESTAT:DEMO_NIND(1.0),30/04/26 23:00:00,A,FMAR1CUM,UK,1990,0.63,,
ESTAT:DEMO_NIND(1.0),30/04/26 23:00:00,A,FMAR1CUM,UK,1991,0.59,,
ESTAT:DEMO_NIND(1.0),30/04/26 23:00:00,A,FMAR1CUM,UK,1992,0.60,,
ESTAT:DEMO_NIND(1.0),30/04/26 23:00:00,A,FMAR1CUM,UK,1993,0.57,,
ESTAT:DEMO_NIND(1.0),30/04/26 23:00:00,A,FMAR1CUM,UK,1994,0.55,,
ESTAT:DEMO_NIND(1.0),30/04/26 23:00:00,A,FMAR1CUM,UK,1995,0.54,,
ESTAT:DEMO_NIND(1.0),30/04/26 23:00:00,A,FMAR1CUM,UK,1996,0.53,,
ESTAT:DEMO_NIND(1.0),30/04/26 23:00:00,A,FMAR1CUM,UK,1997,0.53,,
ESTAT:DEMO_NIND(1.0),30/04/26 23:00:00,A,FMAR1CUM,UK,1998,0.52,,
ESTAT:DEMO_NIND(1.0),30/04/26 23:00:00,A,FMAR1CUM,UK,1999,0.53,,
ESTAT:DEMO_NIND(1.0),30/04/26 23:00:00,A,FMAR1CUM,UK,2002,0.53,,
ESTAT:DEMO_NIND(1.0),30/04/26 23:00:00,A,FMAR1CUM,UK,2007,0.50,,
ESTAT:DEMO_NIND(1.0),30/04/26 23:00:00,A,FMAR1CUM,UK,2008,0.50,,
ESTAT:DEMO_NIND(1.0),30/04/26 23:00:00,A,FMAR1CUM,UK,2013,0.92,,
ESTAT:DEMO_NIND(1.0),30/04/26 23:00:00,A,FMAR1CUM,UK,2015,0.50,,
ESTAT:DEMO_NIND(1.0),30/04/26 23:00:00,A,FMAR1CUM,XK,2016,1.06,,
ESTAT:DEMO_NIND(1.0),30/04/26 23:00:00,A,FMAR1CUM,XK,2017,1.20,,
ESTAT:DEMO_NIND(1.0),30/04/26 23:00:00,A,FMAR1CUM,XK,2018,1.12,,
ESTAT:DEMO_NIND(1.0),30/04/26 23:00:00,A,FMAR1CUM,XK,2019,1.18,,
ESTAT:DEMO_NIND(1.0),30/04/26 23:00:00,A,FMAR1PC,AD,2018,74.1,,
ESTAT:DEMO_NIND(1.0),30/04/26 23:00:00,A,FMAR1PC,AL,1998,96.9,,
ESTAT:DEMO_NIND(1.0),30/04/26 23:00:00,A,FMAR1PC,AL,1999,96.8,,
ESTAT:DEMO_NIND(1.0),30/04/26 23:00:00,A,FMAR1PC,AL,2000,97.4,,
ESTAT:DEMO_NIND(1.0),30/04/26 23:00:00,A,FMAR1PC,AL,2001,96.8,,
ESTAT:DEMO_NIND(1.0),30/04/26 23:00:00,A,FMAR1PC,AL,2002,96.8,,
ESTAT:DEMO_NIND(1.0),30/04/26 23:00:00,A,FMAR1PC,AL,2003,96.7,,
ESTAT:DEMO_NIND(1.0),30/04/26 23:00:00,A,FMAR1PC,AL,2004,96.2,,
ESTAT:DEMO_NIND(1.0),30/04/26 23:00:00,A,FMAR1PC,AL,2005,96.3,,
ESTAT:DEMO_NIND(1.0),30/04/26 23:00:00,A,FMAR1PC,AL,2006,96.2,,
ESTAT:DEMO_NIND(1.0),30/04/26 23:00:00,A,FMAR1PC,AM,2006,98.0,,
ESTAT:DEMO_NIND(1.0),30/04/26 23:00:00,A,FMAR1PC,AM,2007,97.3,,
ESTAT:DEMO_NIND(1.0),30/04/26 23:00:00,A,FMAR1PC,AM,2008,97.6,,
ESTAT:DEMO_NIND(1.0),30/04/26 23:00:00,A,FMAR1PC,AM,2009,97.2,,
ESTAT:DEMO_NIND(1.0),30/04/26 23:00:00,A,FMAR1PC,AM,2014,93.8,,
ESTAT:DEMO_NIND(1.0),30/04/26 23:00:00,A,FMAR1PC,AM,2015,94.6,,
ESTAT:DEMO_NIND(1.0),30/04/26 23:00:00,A,FMAR1PC,AM,2016,94.8,,
ESTAT:DEMO_NIND(1.0),30/04/26 23:00:00,A,FMAR1PC,AM,2017,94.1,,
ESTAT:DEMO_NIND(1.0),30/04/26 23:00:00,A,FMAR1PC,AM,2018,93.9,,
ESTAT:DEMO_NIND(1.0),30/04/26 23:00:00,A,FMAR1PC,AM,2019,93.5,,
ESTAT:DEMO_NIND(1.0),30/04/26 23:00:00,A,FMAR1PC,AM,2020,94.1,,
ESTAT:DEMO_NIND(1.0),30/04/26 23:00:00,A,FMAR1PC,AM,2022,92.4,,
ESTAT:DEMO_NIND(1.0),30/04/26 23:00:00,A,FMAR1PC,AT,1960,87.3,,
ESTAT:DEMO_NIND(1.0),30/04/26 23:00:00,A,FMAR1PC,AT,1961,87.9,,
ESTAT:DEMO_NIND(1.0),30/04/26 23:00:00,A,FMAR1PC,AT,1962,88.5,,
ESTAT:DEMO_NIND(1.0),30/04/26 23:00:00,A,FMAR1PC,AT,1963,88.5,,
ESTAT:DEMO_NIND(1.0),30/04/26 23:00:00,A,FMAR1PC,AT,1964,88.0,,
ESTAT:DEMO_NIND(1.0),30/04/26 23:00:00,A,FMAR1PC,AT,1965,87.8,,
ESTAT:DEMO_NIND(1.0),30/04/26 23:00:00,A,FMAR1PC,AT,1966,88.1,,
ESTAT:DEMO_NIND(1.0),30/04/26 23:00:00,A,FMAR1PC,AT,1967,87.7,,
ESTAT:DEMO_NIND(1.0),30/04/26 23:00:00,A,FMAR1PC,AT,1968,87.9,,
ESTAT:DEMO_NIND(1.0),30/04/26 23:00:00,A,FMAR1PC,AT,1969,87.2,,
ESTAT:DEMO_NIND(1.0),30/04/26 23:00:00,A,FMAR1PC,AT,1970,86.8,,
ESTAT:DEMO_NIND(1.0),30/04/26 23:00:00,A,FMAR1PC,AT,1971,86.0,,
ESTAT:DEMO_NIND(1.0),30/04/26 23:00:00,A,FMAR1PC,AT,1972,87.6,,
ESTAT:DEMO_NIND(1.0),30/04/26 23:00:00,A,FMAR1PC,AT,1973,86.1,,
ESTAT:DEMO_NIND(1.0),30/04/26 23:00:00,A,FMAR1PC,AT,1974,85.8,,
ESTAT:DEMO_NIND(1.0),30/04/26 23:00:00,A,FMAR1PC,AT,1975,85.5,,
ESTAT:DEMO_NIND(1.0),30/04/26 23:00:00,A,FMAR1PC,AT,1976,85.0,,
ESTAT:DEMO_NIND(1.0),30/04/26 23:00:00,A,FMAR1PC,AT,1977,85.5,,
ESTAT:DEMO_NIND(1.0),30/04/26 23:00:00,A,FMAR1PC,AT,1978,85.0,,
ESTAT:DEMO_NIND(1.0),30/04/26 23:00:00,A,FMAR1PC,AT,1979,84.9,,
ESTAT:DEMO_NIND(1.0),30/04/26 23:00:00,A,FMAR1PC,AT,1980,85.3,,
ESTAT:DEMO_NIND(1.0),30/04/26 23:00:00,A,FMAR1PC,AT,1981,84.9,,
ESTAT:DEMO_NIND(1.0),30/04/26 23:00:00,A,FMAR1PC,AT,1982,85.6,,
ESTAT:DEMO_NIND(1.0),30/04/26 23:00:00,A,FMAR1PC,AT,1983,86.7,,
ESTAT:DEMO_NIND(1.0),30/04/26 23:00:00,A,FMAR1PC,AT,1984,84.3,,
ESTAT:DEMO_NIND(1.0),30/04/26 23:00:00,A,FMAR1PC,AT,1985,83.3,,
ESTAT:DEMO_NIND(1.0),30/04/26 23:00:00,A,FMAR1PC,AT,1986,83.4,,
ESTAT:DEMO_NIND(1.0),30/04/26 23:00:00,A,FMAR1PC,AT,1987,88.3,,
ESTAT:DEMO_NIND(1.0),30/04/26 23:00:00,A,FMAR1PC,AT,1988,78.1,,
ESTAT:DEMO_NIND(1.0),30/04/26 23:00:00,A,FMAR1PC,AT,1989,80.1,,
ESTAT:DEMO_NIND(1.0),30/04/26 23:00:00,A,FMAR1PC,AT,1990,80.9,,
ESTAT:DEMO_NIND(1.0),30/04/26 23:00:00,A,FMAR1PC,AT,1991,80.0,,
ESTAT:DEMO_NIND(1.0),30/04/26 23:00:00,A,FMAR1PC,AT,1992,79.9,,
ESTAT:DEMO_NIND(1.0),30/04/26 23:00:00,A,FMAR1PC,AT,1993,79.8,,
ESTAT:DEMO_NIND(1.0),30/04/26 23:00:00,A,FMAR1PC,AT,1994,80.2,,
ESTAT:DEMO_NIND(1.0),30/04/26 23:00:00,A,FMAR1PC,AT,1995,79.8,,
ESTAT:DEMO_NIND(1.0),30/04/26 23:00:00,A,FMAR1PC,AT,1996,79.3,,
ESTAT:DEMO_NIND(1.0),30/04/26 23:00:00,A,FMAR1PC,AT,1997,78.6,,
ESTAT:DEMO_NIND(1.0),30/04/26 23:00:00,A,FMAR1PC,AT,1998,78.4,,
ESTAT:DEMO_NIND(1.0),30/04/26 23:00:00,A,FMAR1PC,AT,1999,76.8,,
ESTAT:DEMO_NIND(1.0),30/04/26 23:00:00,A,FMAR1PC,AT,2000,77.0,,
ESTAT:DEMO_NIND(1.0),30/04/26 23:00:00,A,FMAR1PC,AT,2001,74.7,,
ESTAT:DEMO_NIND(1.0),30/04/26 23:00:00,A,FMAR1PC,AT,2002,74.2,,
ESTAT:DEMO_NIND(1.0),30/04/26 23:00:00,A,FMAR1PC,AT,2003,73.8,,
ESTAT:DEMO_NIND(1.0),30/04/26 23:00:00,A,FMAR1PC,AT,2004,72.9,,
ESTAT:DEMO_NIND(1.0),30/04/26 23:00:00,A,FMAR1PC,AT,2005,73.2,,
ESTAT:DEMO_NIND(1.0),30/04/26 23:00:00,A,FMAR1PC,AT,2006,74.4,,
ESTAT:DEMO_NIND(1.0),30/04/26 23:00:00,A,FMAR1PC,AT,2007,75.3,,
ESTAT:DEMO_NIND(1.0),30/04/26 23:00:00,A,FMAR1PC,AT,2008,75.3,,
ESTAT:DEMO_NIND(1.0),30/04/26 23:00:00,A,FMAR1PC,AT,2009,76.7,,
ESTAT:DEMO_NIND(1.0),30/04/26 23:00:00,A,FMAR1PC,AT,2010,76.4,,
ESTAT:DEMO_NIND(1.0),30/04/26 23:00:00,A,FMAR1PC,AT,2011,76.5,,
ESTAT:DEMO_NIND(1.0),30/04/26 23:00:00,A,FMAR1PC,AT,2012,77.5,,
ESTAT:DEMO_NIND(1.0),30/04/26 23:00:00,A,FMAR1PC,AT,2013,77.6,,
ESTAT:DEMO_NIND(1.0),30/04/26 23:00:00,A,FMAR1PC,AT,2014,78.2,,
ESTAT:DEMO_NIND(1.0),30/04/26 23:00:00,A,FMAR1PC,AT,2015,78.3,,
ESTAT:DEMO_NIND(1.0),30/04/26 23:00:00,A,FMAR1PC,AT,2016,78.7,,
ESTAT:DEMO_NIND(1.0),30/04/26 23:00:00,A,FMAR1PC,AT,2017,78.6,,
ESTAT:DEMO_NIND(1.0),30/04/26 23:00:00,A,FMAR1PC,AT,2018,78.7,,
ESTAT:DEMO_NIND(1.0),30/04/26 23:00:00,A,FMAR1PC,AT,2019,78.1,,
ESTAT:DEMO_NIND(1.0),30/04/26 23:00:00,A,FMAR1PC,AT,2020,78.7,,
ESTAT:DEMO_NIND(1.0),30/04/26 23:00:00,A,FMAR1PC,AT,2021,80.2,,
ESTAT:DEMO_NIND(1.0),30/04/26 23:00:00,A,FMAR1PC,AT,2022,79.7,,
ESTAT:DEMO_NIND(1.0),30/04/26 23:00:00,A,FMAR1PC,AT,2023,80.0,,
ESTAT:DEMO_NIND(1.0),30/04/26 23:00:00,A,FMAR1PC,AT,2024,80.9,,
ESTAT:DEMO_NIND(1.0),30/04/26 23:00:00,A,FMAR1PC,AZ,2006,98.6,,
ESTAT:DEMO_NIND(1.0),30/04/26 23:00:00,A,FMAR1PC,AZ,2007,98.3,,
ESTAT:DEMO_NIND(1.0),30/04/26 23:00:00,A,FMAR1PC,AZ,2008,98.4,,
ESTAT:DEMO_NIND(1.0),30/04/26 23:00:00,A,FMAR1PC,AZ,2009,98.2,,
ESTAT:DEMO_NIND(1.0),30/04/26 23:00:00,A,FMAR1PC,AZ,2010,97.7,,
ESTAT:DEMO_NIND(1.0),30/04/26 23:00:00,A,FMAR1PC,AZ,2012,97.6,,
ESTAT:DEMO_NIND(1.0),30/04/26 23:00:00,A,FMAR1PC,AZ,2013,97.6,,
ESTAT:DEMO_NIND(1.0),30/04/26 23:00:00,A,FMAR1PC,AZ,2014,93.1,,
ESTAT:DEMO_NIND(1.0),30/04/26 23:00:00,A,FMAR1PC,AZ,2015,96.3,,
ESTAT:DEMO_NIND(1.0),30/04/26 23:00:00,A,FMAR1PC,AZ,2016,96.2,,
ESTAT:DEMO_NIND(1.0),30/04/26 23:00:00,A,FMAR1PC,AZ,2017,95.5,,
ESTAT:DEMO_NIND(1.0),30/04/26 23:00:00,A,FMAR1PC,AZ,2018,94.8,,
ESTAT:DEMO_NIND(1.0),30/04/26 23:00:00,A,FMAR1PC,AZ,2019,94.2,,
ESTAT:DEMO_NIND(1.0),30/04/26 23:00:00,A,FMAR1PC,AZ,2020,92.4,,
ESTAT:DEMO_NIND(1.0),30/04/26 23:00:00,A,FMAR1PC,AZ,2021,0.0,,
ESTAT:DEMO_NIND(1.0),30/04/26 23:00:00,A,FMAR1PC,BA,2003,90.6,,
ESTAT:DEMO_NIND(1.0),30/04/26 23:00:00,A,FMAR1PC,BA,2004,90.9,,
ESTAT:DEMO_NIND(1.0),30/04/26 23:00:00,A,FMAR1PC,BA,2006,90.5,,
ESTAT:DEMO_NIND(1.0),30/04/26 23:00:00,A,FMAR1PC,BA,2007,89.7,,
ESTAT:DEMO_NIND(1.0),30/04/26 23:00:00,A,FMAR1PC,BA,2008,90.7,,
ESTAT:DEMO_NIND(1.0),30/04/26 23:00:00,A,FMAR1PC,BA,2009,90.9,,
ESTAT:DEMO_NIND(1.0),30/04/26 23:00:00,A,FMAR1PC,BA,2010,90.9,,
ESTAT:DEMO_NIND(1.0),30/04/26 23:00:00,A,FMAR1PC,BA,2012,90.9,,
ESTAT:DEMO_NIND(1.0),30/04/26 23:00:00,A,FMAR1PC,BA,2023,88.1,,
ESTAT:DEMO_NIND(1.0),30/04/26 23:00:00,A,FMAR1PC,BA,2024,88.0,,
ESTAT:DEMO_NIND(1.0),30/04/26 23:00:00,A,FMAR1PC,BE,1960,91.0,,
ESTAT:DEMO_NIND(1.0),30/04/26 23:00:00,A,FMAR1PC,BE,1961,90.9,,
ESTAT:DEMO_NIND(1.0),30/04/26 23:00:00,A,FMAR1PC,BE,1962,90.9,,
ESTAT:DEMO_NIND(1.0),30/04/26 23:00:00,A,FMAR1PC,BE,1963,91.0,,
ESTAT:DEMO_NIND(1.0),30/04/26 23:00:00,A,FMAR1PC,BE,1964,90.9,,
ESTAT:DEMO_NIND(1.0),30/04/26 23:00:00,A,FMAR1PC,BE,1965,90.9,,
ESTAT:DEMO_NIND(1.0),30/04/26 23:00:00,A,FMAR1PC,BE,1966,91.2,,
ESTAT:DEMO_NIND(1.0),30/04/26 23:00:00,A,FMAR1PC,BE,1967,91.4,,
ESTAT:DEMO_NIND(1.0),30/04/26 23:00:00,A,FMAR1PC,BE,1968,92.0,,
ESTAT:DEMO_NIND(1.0),30/04/26 23:00:00,A,FMAR1PC,BE,1969,91.9,,
ESTAT:DEMO_NIND(1.0),30/04/26 23:00:00,A,FMAR1PC,BE,1970,92.4,,
ESTAT:DEMO_NIND(1.0),30/04/26 23:00:00,A,FMAR1PC,BE,1971,92.4,,
ESTAT:DEMO_NIND(1.0),30/04/26 23:00:00,A,FMAR1PC,BE,1972,91.9,,
ESTAT:DEMO_NIND(1.0),30/04/26 23:00:00,A,FMAR1PC,BE,1973,91.5,,
ESTAT:DEMO_NIND(1.0),30/04/26 23:00:00,A,FMAR1PC,BE,1974,91.4,,
ESTAT:DEMO_NIND(1.0),30/04/26 23:00:00,A,FMAR1PC,BE,1975,91.0,,
ESTAT:DEMO_NIND(1.0),30/04/26 23:00:00,A,FMAR1PC,BE,1976,89.9,,
ESTAT:DEMO_NIND(1.0),30/04/26 23:00:00,A,FMAR1PC,BE,1977,90.1,,
ESTAT:DEMO_NIND(1.0),30/04/26 23:00:00,A,FMAR1PC,BE,1978,89.9,,
ESTAT:DEMO_NIND(1.0),30/04/26 23:00:00,A,FMAR1PC,BE,1979,89.8,,
ESTAT:DEMO_NIND(1.0),30/04/26 23:00:00,A,FMAR1PC,BE,1980,89.8,,
ESTAT:DEMO_NIND(1.0),30/04/26 23:00:00,A,FMAR1PC,BE,1981,89.3,,
ESTAT:DEMO_NIND(1.0),30/04/26 23:00:00,A,FMAR1PC,BE,1982,88.6,,
ESTAT:DEMO_NIND(1.0),30/04/26 23:00:00,A,FMAR1PC,BE,1983,88.0,,
ESTAT:DEMO_NIND(1.0),30/04/26 23:00:00,A,FMAR1PC,BE,1984,87.1,,
ESTAT:DEMO_NIND(1.0),30/04/26 23:00:00,A,FMAR1PC,BE,1985,87.0,,
ESTAT:DEMO_NIND(1.0),30/04/26 23:00:00,A,FMAR1PC,BE,1986,86.9,,
ESTAT:DEMO_NIND(1.0),30/04/26 23:00:00,A,FMAR1PC,BE,1987,85.3,,
ESTAT:DEMO_NIND(1.0),30/04/26 23:00:00,A,FMAR1PC,BE,1988,84.7,,
ESTAT:DEMO_NIND(1.0),30/04/26 23:00:00,A,FMAR1PC,BE,1989,82.7,,
ESTAT:DEMO_NIND(1.0),30/04/26 23:00:00,A,FMAR1PC,BE,1990,82.5,,
ESTAT:DEMO_NIND(1.0),30/04/26 23:00:00,A,FMAR1PC,BE,1991,81.9,,
ESTAT:DEMO_NIND(1.0),30/04/26 23:00:00,A,FMAR1PC,BE,1992,81.3,,
ESTAT:DEMO_NIND(1.0),30/04/26 23:00:00,A,FMAR1PC,BE,1993,80.8,,
ESTAT:DEMO_NIND(1.0),30/04/26 23:00:00,A,FMAR1PC,BE,1994,80.2,,
ESTAT:DEMO_NIND(1.0),30/04/26 23:00:00,A,FMAR1PC,BE,1995,77.6,,
ESTAT:DEMO_NIND(1.0),30/04/26 23:00:00,A,FMAR1PC,BE,1996,77.1,,
ESTAT:DEMO_NIND(1.0),30/04/26 23:00:00,A,FMAR1PC,BE,1999,76.3,,
ESTAT:DEMO_NIND(1.0),30/04/26 23:00:00,A,FMAR1PC,BE,2000,75.7,,
ESTAT:DEMO_NIND(1.0),30/04/26 23:00:00,A,FMAR1PC,BE,2001,75.2,,
ESTAT:DEMO_NIND(1.0),30/04/26 23:00:00,A,FMAR1PC,BE,2002,75.0,,
ESTAT:DEMO_NIND(1.0),30/04/26 23:00:00,A,FMAR1PC,BE,2003,74.0,,
ESTAT:DEMO_NIND(1.0),30/04/26 23:00:00,A,FMAR1PC,BE,2004,73.1,,
ESTAT:DEMO_NIND(1.0),30/04/26 23:00:00,A,FMAR1PC,BE,2005,72.6,,
ESTAT:DEMO_NIND(1.0),30/04/26 23:00:00,A,FMAR1PC,BE,2006,72.4,,
ESTAT:DEMO_NIND(1.0),30/04/26 23:00:00,A,FMAR1PC,BE,2007,72.7,,
ESTAT:DEMO_NIND(1.0),30/04/26 23:00:00,A,FMAR1PC,BE,2008,73.5,,
ESTAT:DEMO_NIND(1.0),30/04/26 23:00:00,A,FMAR1PC,BE,2009,74.0,,
ESTAT:DEMO_NIND(1.0),30/04/26 23:00:00,A,FMAR1PC,BE,2010,73.6,,
ESTAT:DEMO_NIND(1.0),30/04/26 23:00:00,A,FMAR1PC,BE,2017,70.6,,
ESTAT:DEMO_NIND(1.0),30/04/26 23:00:00,A,FMAR1PC,BE,2020,69.2,,
ESTAT:DEMO_NIND(1.0),30/04/26 23:00:00,A,FMAR1PC,BE,2021,70.3,,
ESTAT:DEMO_NIND(1.0),30/04/26 23:00:00,A,FMAR1PC,BE,2022,71.1,,
ESTAT:DEMO_NIND(1.0),30/04/26 23:00:00,A,FMAR1PC,BE,2023,71.7,,
ESTAT:DEMO_NIND(1.0),30/04/26 23:00:00,A,FMAR1PC,BG,1995,89.3,,
ESTAT:DEMO_NIND(1.0),30/04/26 23:00:00,A,FMAR1PC,BG,1996,89.0,,
ESTAT:DEMO_NIND(1.0),30/04/26 23:00:00,A,FMAR1PC,BG,1997,88.7,,
ESTAT:DEMO_NIND(1.0),30/04/26 23:00:00,A,FMAR1PC,BG,1998,89.6,,
ESTAT:DEMO_NIND(1.0),30/04/26 23:00:00,A,FMAR1PC,BG,1999,88.5,,
ESTAT:DEMO_NIND(1.0),30/04/26 23:00:00,A,FMAR1PC,BG,2000,87.8,,
ESTAT:DEMO_NIND(1.0),30/04/26 23:00:00,A,FMAR1PC,BG,2001,88.4,,
ESTAT:DEMO_NIND(1.0),30/04/26 23:00:00,A,FMAR1PC,BG,2002,89.2,,
ESTAT:DEMO_NIND(1.0),30/04/26 23:00:00,A,FMAR1PC,BG,2003,88.3,,
ESTAT:DEMO_NIND(1.0),30/04/26 23:00:00,A,FMAR1PC,BG,2004,88.0,,
ESTAT:DEMO_NIND(1.0),30/04/26 23:00:00,A,FMAR1PC,BG,2005,87.4,,
ESTAT:DEMO_NIND(1.0),30/04/26 23:00:00,A,FMAR1PC,BG,2006,87.7,,
ESTAT:DEMO_NIND(1.0),30/04/26 23:00:00,A,FMAR1PC,BG,2007,88.6,,
ESTAT:DEMO_NIND(1.0),30/04/26 23:00:00,A,FMAR1PC,BG,2008,88.9,,
ESTAT:DEMO_NIND(1.0),30/04/26 23:00:00,A,FMAR1PC,BG,2009,88.7,,
ESTAT:DEMO_NIND(1.0),30/04/26 23:00:00,A,FMAR1PC,BG,2010,87.8,,
ESTAT:DEMO_NIND(1.0),30/04/26 23:00:00,A,FMAR1PC,BG,2011,87.2,,
ESTAT:DEMO_NIND(1.0),30/04/26 23:00:00,A,FMAR1PC,BG,2012,88.0,,
ESTAT:DEMO_NIND(1.0),30/04/26 23:00:00,A,FMAR1PC,BG,2013,88.1,,
ESTAT:DEMO_NIND(1.0),30/04/26 23:00:00,A,FMAR1PC,BG,2014,87.8,,
ESTAT:DEMO_NIND(1.0),30/04/26 23:00:00,A,FMAR1PC,BG,2015,88.5,,
ESTAT:DEMO_NIND(1.0),30/04/26 23:00:00,A,FMAR1PC,BG,2016,87.2,,
ESTAT:DEMO_NIND(1.0),30/04/26 23:00:00,A,FMAR1PC,BG,2017,87.1,,
ESTAT:DEMO_NIND(1.0),30/04/26 23:00:00,A,FMAR1PC,BG,2018,86.9,,
ESTAT:DEMO_NIND(1.0),30/04/26 23:00:00,A,FMAR1PC,BG,2019,86.3,,
ESTAT:DEMO_NIND(1.0),30/04/26 23:00:00,A,FMAR1PC,BG,2020,85.4,,
ESTAT:DEMO_NIND(1.0),30/04/26 23:00:00,A,FMAR1PC,BG,2022,84.7,,
ESTAT:DEMO_NIND(1.0),30/04/26 23:00:00,A,FMAR1PC,BG,2023,84.6,,
ESTAT:DEMO_NIND(1.0),30/04/26 23:00:00,A,FMAR1PC,BG,2024,83.8,,
ESTAT:DEMO_NIND(1.0),30/04/26 23:00:00,A,FMAR1PC,BY,2004,76.3,,
ESTAT:DEMO_NIND(1.0),30/04/26 23:00:00,A,FMAR1PC,BY,2005,77.0,,
ESTAT:DEMO_NIND(1.0),30/04/26 23:00:00,A,FMAR1PC,BY,2006,77.4,,
ESTAT:DEMO_NIND(1.0),30/04/26 23:00:00,A,FMAR1PC,BY,2007,77.0,,
ESTAT:DEMO_NIND(1.0),30/04/26 23:00:00,A,FMAR1PC,BY,2008,76.5,,
ESTAT:DEMO_NIND(1.0),30/04/26 23:00:00,A,FMAR1PC,BY,2009,75.4,,
ESTAT:DEMO_NIND(1.0),30/04/26 23:00:00,A,FMAR1PC,BY,2011,75.7,,
ESTAT:DEMO_NIND(1.0),30/04/26 23:00:00,A,FMAR1PC,BY,2012,74.1,,
ESTAT:DEMO_NIND(1.0),30/04/26 23:00:00,A,FMAR1PC,BY,2013,73.5,,
ESTAT:DEMO_NIND(1.0),30/04/26 23:00:00,A,FMAR1PC,BY,2014,71.9,,
ESTAT:DEMO_NIND(1.0),30/04/26 23:00:00,A,FMAR1PC,BY,2015,71.2,,
ESTAT:DEMO_NIND(1.0),30/04/26 23:00:00,A,FMAR1PC,BY,2016,70.0,,
ESTAT:DEMO_NIND(1.0),30/04/26 23:00:00,A,FMAR1PC,BY,2017,69.6,,
ESTAT:DEMO_NIND(1.0),30/04/26 23:00:00,A,FMAR1PC,BY,2018,67.8,,
ESTAT:DEMO_NIND(1.0),30/04/26 23:00:00,A,FMAR1PC,CH,1960,90.7,,
ESTAT:DEMO_NIND(1.0),30/04/26 23:00:00,A,FMAR1PC,CH,1961,91.0,,
ESTAT:DEMO_NIND(1.0),30/04/26 23:00:00,A,FMAR1PC,CH,1962,91.1,,
ESTAT:DEMO_NIND(1.0),30/04/26 23:00:00,A,FMAR1PC,CH,1963,91.2,,
ESTAT:DEMO_NIND(1.0),30/04/26 23:00:00,A,FMAR1PC,CH,1964,91.3,,
ESTAT:DEMO_NIND(1.0),30/04/26 23:00:00,A,FMAR1PC,CH,1965,91.1,,
ESTAT:DEMO_NIND(1.0),30/04/26 23:00:00,A,FMAR1PC,CH,1966,91.5,,
ESTAT:DEMO_NIND(1.0),30/04/26 23:00:00,A,FMAR1PC,CH,1967,91.3,,
ESTAT:DEMO_NIND(1.0),30/04/26 23:00:00,A,FMAR1PC,CH,1968,91.5,,
ESTAT:DEMO_NIND(1.0),30/04/26 23:00:00,A,FMAR1PC,CH,1969,91.4,,
ESTAT:DEMO_NIND(1.0),30/04/26 23:00:00,A,FMAR1PC,CH,1970,91.2,,
ESTAT:DEMO_NIND(1.0),30/04/26 23:00:00,A,FMAR1PC,CH,1971,91.0,,
ESTAT:DEMO_NIND(1.0),30/04/26 23:00:00,A,FMAR1PC,CH,1972,90.8,,
ESTAT:DEMO_NIND(1.0),30/04/26 23:00:00,A,FMAR1PC,CH,1973,90.5,,
ESTAT:DEMO_NIND(1.0),30/04/26 23:00:00,A,FMAR1PC,CH,1974,90.0,,
ESTAT:DEMO_NIND(1.0),30/04/26 23:00:00,A,FMAR1PC,CH,1975,89.2,,
ESTAT:DEMO_NIND(1.0),30/04/26 23:00:00,A,FMAR1PC,CH,1976,88.7,,
ESTAT:DEMO_NIND(1.0),30/04/26 23:00:00,A,FMAR1PC,CH,1977,87.8,,
ESTAT:DEMO_NIND(1.0),30/04/26 23:00:00,A,FMAR1PC,CH,1978,87.4,,
ESTAT:DEMO_NIND(1.0),30/04/26 23:00:00,A,FMAR1PC,CH,1979,87.1,,
ESTAT:DEMO_NIND(1.0),30/04/26 23:00:00,A,FMAR1PC,CH,1980,87.3,,
ESTAT:DEMO_NIND(1.0),30/04/26 23:00:00,A,FMAR1PC,CH,1981,87.2,,
ESTAT:DEMO_NIND(1.0),30/04/26 23:00:00,A,FMAR1PC,CH,1982,87.2,,
ESTAT:DEMO_NIND(1.0),30/04/26 23:00:00,A,FMAR1PC,CH,1983,86.6,,
ESTAT:DEMO_NIND(1.0),30/04/26 23:00:00,A,FMAR1PC,CH,1984,86.4,,
ESTAT:DEMO_NIND(1.0),30/04/26 23:00:00,A,FMAR1PC,CH,1985,86.0,,
ESTAT:DEMO_NIND(1.0),30/04/26 23:00:00,A,FMAR1PC,CH,1986,85.9,,
ESTAT:DEMO_NIND(1.0),30/04/26 23:00:00,A,FMAR1PC,CH,1987,86.0,,
ESTAT:DEMO_NIND(1.0),30/04/26 23:00:00,A,FMAR1PC,CH,1988,85.0,,
ESTAT:DEMO_NIND(1.0),30/04/26 23:00:00,A,FMAR1PC,CH,1989,84.9,,
ESTAT:DEMO_NIND(1.0),30/04/26 23:00:00,A,FMAR1PC,CH,1990,85.0,,
ESTAT:DEMO_NIND(1.0),30/04/26 23:00:00,A,FMAR1PC,CH,1991,84.2,,
ESTAT:DEMO_NIND(1.0),30/04/26 23:00:00,A,FMAR1PC,CH,1992,84.7,,
ESTAT:DEMO_NIND(1.0),30/04/26 23:00:00,A,FMAR1PC,CH,1993,83.7,,
ESTAT:DEMO_NIND(1.0),30/04/26 23:00:00,A,FMAR1PC,CH,1994,83.3,,
ESTAT:DEMO_NIND(1.0),30/04/26 23:00:00,A,FMAR1PC,CH,1995,82.7,,
ESTAT:DEMO_NIND(1.0),30/04/26 23:00:00,A,FMAR1PC,CH,1996,82.1,,
ESTAT:DEMO_NIND(1.0),30/04/26 23:00:00,A,FMAR1PC,CH,1997,81.1,,
ESTAT:DEMO_NIND(1.0),30/04/26 23:00:00,A,FMAR1PC,CH,1998,80.9,,
ESTAT:DEMO_NIND(1.0),30/04/26 23:00:00,A,FMAR1PC,CH,1999,80.2,,
ESTAT:DEMO_NIND(1.0),30/04/26 23:00:00,A,FMAR1PC,CH,2000,79.3,,
ESTAT:DEMO_NIND(1.0),30/04/26 23:00:00,A,FMAR1PC,CH,2001,79.4,,
ESTAT:DEMO_NIND(1.0),30/04/26 23:00:00,A,FMAR1PC,CH,2002,78.9,,
ESTAT:DEMO_NIND(1.0),30/04/26 23:00:00,A,FMAR1PC,CH,2003,78.0,,
ESTAT:DEMO_NIND(1.0),30/04/26 23:00:00,A,FMAR1PC,CH,2004,77.8,,
ESTAT:DEMO_NIND(1.0),30/04/26 23:00:00,A,FMAR1PC,CH,2005,78.1,,
ESTAT:DEMO_NIND(1.0),30/04/26 23:00:00,A,FMAR1PC,CH,2006,78.3,,
ESTAT:DEMO_NIND(1.0),30/04/26 23:00:00,A,FMAR1PC,CH,2007,78.5,,
ESTAT:DEMO_NIND(1.0),30/04/26 23:00:00,A,FMAR1PC,CH,2008,78.6,,
ESTAT:DEMO_NIND(1.0),30/04/26 23:00:00,A,FMAR1PC,CH,2009,79.3,,
ESTAT:DEMO_NIND(1.0),30/04/26 23:00:00,A,FMAR1PC,CH,2010,79.4,,
ESTAT:DEMO_NIND(1.0),30/04/26 23:00:00,A,FMAR1PC,CH,2011,79.6,,
ESTAT:DEMO_NIND(1.0),30/04/26 23:00:00,A,FMAR1PC,CH,2012,80.4,,
ESTAT:DEMO_NIND(1.0),30/04/26 23:00:00,A,FMAR1PC,CH,2013,80.6,,
ESTAT:DEMO_NIND(1.0),30/04/26 23:00:00,A,FMAR1PC,CH,2014,81.1,,
ESTAT:DEMO_NIND(1.0),30/04/26 23:00:00,A,FMAR1PC,CH,2015,81.1,,
ESTAT:DEMO_NIND(1.0),30/04/26 23:00:00,A,FMAR1PC,CH,2016,81.6,,
ESTAT:DEMO_NIND(1.0),30/04/26 23:00:00,A,FMAR1PC,CH,2017,81.8,,
ESTAT:DEMO_NIND(1.0),30/04/26 23:00:00,A,FMAR1PC,CH,2018,82.2,,
ESTAT:DEMO_NIND(1.0),30/04/26 23:00:00,A,FMAR1PC,CH,2019,82.1,,
ESTAT:DEMO_NIND(1.0),30/04/26 23:00:00,A,FMAR1PC,CH,2020,82.5,,
ESTAT:DEMO_NIND(1.0),30/04/26 23:00:00,A,FMAR1PC,CH,2021,83.3,,
ESTAT:DEMO_NIND(1.0),30/04/26 23:00:00,A,FMAR1PC,CH,2022,82.6,,
ESTAT:DEMO_NIND(1.0),30/04/26 23:00:00,A,FMAR1PC,CH,2023,82.1,,
ESTAT:DEMO_NIND(1.0),30/04/26 23:00:00,A,FMAR1PC,CH,2024,82.5,,
ESTAT:DEMO_NIND(1.0),30/04/26 23:00:00,A,FMAR1PC,CY,1996,83.7,,
ESTAT:DEMO_NIND(1.0),30/04/26 23:00:00,A,FMAR1PC,CY,1998,81.7,,
ESTAT:DEMO_NIND(1.0),30/04/26 23:00:00,A,FMAR1PC,CY,1999,80.7,,
ESTAT:DEMO_NIND(1.0),30/04/26 23:00:00,A,FMAR1PC,CY,2000,79.4,,
ESTAT:DEMO_NIND(1.0),30/04/26 23:00:00,A,FMAR1PC,CY,2001,80.2,,
ESTAT:DEMO_NIND(1.0),30/04/26 23:00:00,A,FMAR1PC,CY,2002,80.1,,
ESTAT:DEMO_NIND(1.0),30/04/26 23:00:00,A,FMAR1PC,CY,2003,80.7,,
ESTAT:DEMO_NIND(1.0),30/04/26 23:00:00,A,FMAR1PC,CY,2004,81.0,,
ESTAT:DEMO_NIND(1.0),30/04/26 23:00:00,A,FMAR1PC,CY,2005,83.0,,
ESTAT:DEMO_NIND(1.0),30/04/26 23:00:00,A,FMAR1PC,CY,2006,83.8,,
ESTAT:DEMO_NIND(1.0),30/04/26 23:00:00,A,FMAR1PC,CY,2009,84.4,,
ESTAT:DEMO_NIND(1.0),30/04/26 23:00:00,A,FMAR1PC,CY,2012,86.2,,
ESTAT:DEMO_NIND(1.0),30/04/26 23:00:00,A,FMAR1PC,CY,2013,87.1,,
ESTAT:DEMO_NIND(1.0),30/04/26 23:00:00,A,FMAR1PC,CY,2014,87.1,,
ESTAT:DEMO_NIND(1.0),30/04/26 23:00:00,A,FMAR1PC,CY,2016,87.3,,
ESTAT:DEMO_NIND(1.0),30/04/26 23:00:00,A,FMAR1PC,CY,2017,87.4,,
ESTAT:DEMO_NIND(1.0),30/04/26 23:00:00,A,FMAR1PC,CY,2018,86.2,,
ESTAT:DEMO_NIND(1.0),30/04/26 23:00:00,A,FMAR1PC,CY,2019,86.4,,
ESTAT:DEMO_NIND(1.0),30/04/26 23:00:00,A,FMAR1PC,CZ,1995,75.8,,
ESTAT:DEMO_NIND(1.0),30/04/26 23:00:00,A,FMAR1PC,CZ,1996,75.3,,
ESTAT:DEMO_NIND(1.0),30/04/26 23:00:00,A,FMAR1PC,CZ,1997,73.3,,
ESTAT:DEMO_NIND(1.0),30/04/26 23:00:00,A,FMAR1PC,CZ,1998,74.8,,
ESTAT:DEMO_NIND(1.0),30/04/26 23:00:00,A,FMAR1PC,CZ,1999,75.0,,
ESTAT:DEMO_NIND(1.0),30/04/26 23:00:00,A,FMAR1PC,CZ,2000,75.1,,
ESTAT:DEMO_NIND(1.0),30/04/26 23:00:00,A,FMAR1PC,CZ,2001,74.9,,
ESTAT:DEMO_NIND(1.0),30/04/26 23:00:00,A,FMAR1PC,CZ,2002,74.6,,
ESTAT:DEMO_NIND(1.0),30/04/26 23:00:00,A,FMAR1PC,CZ,2003,74.3,,
ESTAT:DEMO_NIND(1.0),30/04/26 23:00:00,A,FMAR1PC,CZ,2004,74.1,,
ESTAT:DEMO_NIND(1.0),30/04/26 23:00:00,A,FMAR1PC,CZ,2005,74.5,,
ESTAT:DEMO_NIND(1.0),30/04/26 23:00:00,A,FMAR1PC,CZ,2006,74.9,,
ESTAT:DEMO_NIND(1.0),30/04/26 23:00:00,A,FMAR1PC,CZ,2007,73.5,,
ESTAT:DEMO_NIND(1.0),30/04/26 23:00:00,A,FMAR1PC,CZ,2008,72.7,,
ESTAT:DEMO_NIND(1.0),30/04/26 23:00:00,A,FMAR1PC,CZ,2009,73.6,,
ESTAT:DEMO_NIND(1.0),30/04/26 23:00:00,A,FMAR1PC,CZ,2010,74.3,,
ESTAT:DEMO_NIND(1.0),30/04/26 23:00:00,A,FMAR1PC,CZ,2011,74.1,,
ESTAT:DEMO_NIND(1.0),30/04/26 23:00:00,A,FMAR1PC,CZ,2012,75.6,,
ESTAT:DEMO_NIND(1.0),30/04/26 23:00:00,A,FMAR1PC,CZ,2013,75.9,,
ESTAT:DEMO_NIND(1.0),30/04/26 23:00:00,A,FMAR1PC,CZ,2014,77.1,,
ESTAT:DEMO_NIND(1.0),30/04/26 23:00:00,A,FMAR1PC,CZ,2015,76.8,,
ESTAT:DEMO_NIND(1.0),30/04/26 23:00:00,A,FMAR1PC,CZ,2016,76.8,,
ESTAT:DEMO_NIND(1.0),30/04/26 23:00:00,A,FMAR1PC,CZ,2017,76.7,,
ESTAT:DEMO_NIND(1.0),30/04/26 23:00:00,A,FMAR1PC,CZ,2018,76.4,,
ESTAT:DEMO_NIND(1.0),30/04/26 23:00:00,A,FMAR1PC,CZ,2019,76.0,,
ESTAT:DEMO_NIND(1.0),30/04/26 23:00:00,A,FMAR1PC,CZ,2020,74.8,,
ESTAT:DEMO_NIND(1.0),30/04/26 23:00:00,A,FMAR1PC,CZ,2021,74.5,,
ESTAT:DEMO_NIND(1.0),30/04/26 23:00:00,A,FMAR1PC,CZ,2022,75.0,,
ESTAT:DEMO_NIND(1.0),30/04/26 23:00:00,A,FMAR1PC,CZ,2023,74.6,,
ESTAT:DEMO_NIND(1.0),30/04/26 23:00:00,A,FMAR1PC,CZ,2024,74.7,,
ESTAT:DEMO_NIND(1.0),30/04/26 23:00:00,A,FMAR1PC,DE,1960,90.2,,
ESTAT:DEMO_NIND(1.0),30/04/26 23:00:00,A,FMAR1PC,DE,1961,90.4,,
ESTAT:DEMO_NIND(1.0),30/04/26 23:00:00,A,FMAR1PC,DE,1962,90.3,,
ESTAT:DEMO_NIND(1.0),30/04/26 23:00:00,A,FMAR1PC,DE,1963,89.9,,
ESTAT:DEMO_NIND(1.0),30/04/26 23:00:00,A,FMAR1PC,DE,1964,89.5,,
ESTAT:DEMO_NIND(1.0),30/04/26 23:00:00,A,FMAR1PC,DE,1965,88.8,,
ESTAT:DEMO_NIND(1.0),30/04/26 23:00:00,A,FMAR1PC,DE,1966,88.4,,
ESTAT:DEMO_NIND(1.0),30/04/26 23:00:00,A,FMAR1PC,DE,1967,88.0,,
ESTAT:DEMO_NIND(1.0),30/04/26 23:00:00,A,FMAR1PC,DE,1968,87.3,,
ESTAT:DEMO_NIND(1.0),30/04/26 23:00:00,A,FMAR1PC,DE,1969,87.2,,
ESTAT:DEMO_NIND(1.0),30/04/26 23:00:00,A,FMAR1PC,DE,1970,86.8,,
ESTAT:DEMO_NIND(1.0),30/04/26 23:00:00,A,FMAR1PC,DE,1971,86.4,,
ESTAT:DEMO_NIND(1.0),30/04/26 23:00:00,A,FMAR1PC,DE,1972,85.7,,
ESTAT:DEMO_NIND(1.0),30/04/26 23:00:00,A,FMAR1PC,DE,1973,84.9,,
ESTAT:DEMO_NIND(1.0),30/04/26 23:00:00,A,FMAR1PC,DE,1974,83.7,,
ESTAT:DEMO_NIND(1.0),30/04/26 23:00:00,A,FMAR1PC,DE,1975,83.6,,
ESTAT:DEMO_NIND(1.0),30/04/26 23:00:00,A,FMAR1PC,DE,1976,81.9,,
ESTAT:DEMO_NIND(1.0),30/04/26 23:00:00,A,FMAR1PC,DE,1977,81.7,,
ESTAT:DEMO_NIND(1.0),30/04/26 23:00:00,A,FMAR1PC,DE,1978,83.3,,
ESTAT:DEMO_NIND(1.0),30/04/26 23:00:00,A,FMAR1PC,DE,1979,82.8,,
ESTAT:DEMO_NIND(1.0),30/04/26 23:00:00,A,FMAR1PC,DE,1980,82.6,,
ESTAT:DEMO_NIND(1.0),30/04/26 23:00:00,A,FMAR1PC,DE,1981,81.8,,
ESTAT:DEMO_NIND(1.0),30/04/26 23:00:00,A,FMAR1PC,DE,1982,80.9,,
ESTAT:DEMO_NIND(1.0),30/04/26 23:00:00,A,FMAR1PC,DE,1983,78.9,,
ESTAT:DEMO_NIND(1.0),30/04/26 23:00:00,A,FMAR1PC,DE,1984,80.9,,
ESTAT:DEMO_NIND(1.0),30/04/26 23:00:00,A,FMAR1PC,DE,1985,80.5,,
ESTAT:DEMO_NIND(1.0),30/04/26 23:00:00,A,FMAR1PC,DE,1986,80.2,,
ESTAT:DEMO_NIND(1.0),30/04/26 23:00:00,A,FMAR1PC,DE,1987,80.2,,
ESTAT:DEMO_NIND(1.0),30/04/26 23:00:00,A,FMAR1PC,DE,1988,80.1,,
ESTAT:DEMO_NIND(1.0),30/04/26 23:00:00,A,FMAR1PC,DE,1989,79.7,,
ESTAT:DEMO_NIND(1.0),30/04/26 23:00:00,A,FMAR1PC,DE,1990,79.5,,
ESTAT:DEMO_NIND(1.0),30/04/26 23:00:00,A,FMAR1PC,DE,1991,77.5,,
ESTAT:DEMO_NIND(1.0),30/04/26 23:00:00,A,FMAR1PC,DE,1992,77.5,,
ESTAT:DEMO_NIND(1.0),30/04/26 23:00:00,A,FMAR1PC,DE,1993,77.1,,
ESTAT:DEMO_NIND(1.0),30/04/26 23:00:00,A,FMAR1PC,DE,1994,76.6,,
ESTAT:DEMO_NIND(1.0),30/04/26 23:00:00,A,FMAR1PC,DE,1995,76.1,,
ESTAT:DEMO_NIND(1.0),30/04/26 23:00:00,A,FMAR1PC,DE,1996,75.6,,
ESTAT:DEMO_NIND(1.0),30/04/26 23:00:00,A,FMAR1PC,DE,1997,74.9,,
ESTAT:DEMO_NIND(1.0),30/04/26 23:00:00,A,FMAR1PC,DE,1998,73.6,,
ESTAT:DEMO_NIND(1.0),30/04/26 23:00:00,A,FMAR1PC,DE,1999,73.1,,
ESTAT:DEMO_NIND(1.0),30/04/26 23:00:00,A,FMAR1PC,DE,2000,73.0,,
ESTAT:DEMO_NIND(1.0),30/04/26 23:00:00,A,FMAR1PC,DE,2001,71.3,,
ESTAT:DEMO_NIND(1.0),30/04/26 23:00:00,A,FMAR1PC,DE,2002,72.5,,
ESTAT:DEMO_NIND(1.0),30/04/26 23:00:00,A,FMAR1PC,DE,2004,71.7,,
ESTAT:DEMO_NIND(1.0),30/04/26 23:00:00,A,FMAR1PC,DE,2005,72.3,,
ESTAT:DEMO_NIND(1.0),30/04/26 23:00:00,A,FMAR1PC,DE,2006,73.1,,
ESTAT:DEMO_NIND(1.0),30/04/26 23:00:00,A,FMAR1PC,DE,2007,73.5,,
ESTAT:DEMO_NIND(1.0),30/04/26 23:00:00,A,FMAR1PC,DE,2008,73.2,,
ESTAT:DEMO_NIND(1.0),30/04/26 23:00:00,A,FMAR1PC,DE,2009,73.6,,
ESTAT:DEMO_NIND(1.0),30/04/26 23:00:00,A,FMAR1PC,DE,2010,74.3,,
ESTAT:DEMO_NIND(1.0),30/04/26 23:00:00,A,FMAR1PC,DE,2011,74.2,,
ESTAT:DEMO_NIND(1.0),30/04/26 23:00:00,A,FMAR1PC,DE,2012,74.6,,
ESTAT:DEMO_NIND(1.0),30/04/26 23:00:00,A,FMAR1PC,DE,2013,75.2,,
ESTAT:DEMO_NIND(1.0),30/04/26 23:00:00,A,FMAR1PC,DE,2014,75.9,,
ESTAT:DEMO_NIND(1.0),30/04/26 23:00:00,A,FMAR1PC,DE,2015,76.2,,
ESTAT:DEMO_NIND(1.0),30/04/26 23:00:00,A,FMAR1PC,DE,2016,76.6,,
ESTAT:DEMO_NIND(1.0),30/04/26 23:00:00,A,FMAR1PC,DE_TOT,1960,89.1,,
ESTAT:DEMO_NIND(1.0),30/04/26 23:00:00,A,FMAR1PC,DE_TOT,1961,89.3,,
ESTAT:DEMO_NIND(1.0),30/04/26 23:00:00,A,FMAR1PC,DE_TOT,1962,89.2,,
ESTAT:DEMO_NIND(1.0),30/04/26 23:00:00,A,FMAR1PC,DE_TOT,1963,88.6,,
ESTAT:DEMO_NIND(1.0),30/04/26 23:00:00,A,FMAR1PC,DE_TOT,1964,88.1,,
ESTAT:DEMO_NIND(1.0),30/04/26 23:00:00,A,FMAR1PC,DE_TOT,1965,87.4,,
ESTAT:DEMO_NIND(1.0),30/04/26 23:00:00,A,FMAR1PC,DE_TOT,1966,86.9,,
ESTAT:DEMO_NIND(1.0),30/04/26 23:00:00,A,FMAR1PC,DE_TOT,1967,86.7,,
ESTAT:DEMO_NIND(1.0),30/04/26 23:00:00,A,FMAR1PC,DE_TOT,1968,86.0,,
ESTAT:DEMO_NIND(1.0),30/04/26 23:00:00,A,FMAR1PC,DE_TOT,1969,86.0,,
ESTAT:DEMO_NIND(1.0),30/04/26 23:00:00,A,FMAR1PC,DE_TOT,1970,85.9,,
ESTAT:DEMO_NIND(1.0),30/04/26 23:00:00,A,FMAR1PC,DE_TOT,1971,85.8,,
ESTAT:DEMO_NIND(1.0),30/04/26 23:00:00,A,FMAR1PC,DE_TOT,1972,85.1,,
ESTAT:DEMO_NIND(1.0),30/04/26 23:00:00,A,FMAR1PC,DE_TOT,1973,84.4,,
ESTAT:DEMO_NIND(1.0),30/04/26 23:00:00,A,FMAR1PC,DE_TOT,1974,83.2,,
ESTAT:DEMO_NIND(1.0),30/04/26 23:00:00,A,FMAR1PC,DE_TOT,1975,83.0,,
ESTAT:DEMO_NIND(1.0),30/04/26 23:00:00,A,FMAR1PC,DE_TOT,1976,81.6,,
ESTAT:DEMO_NIND(1.0),30/04/26 23:00:00,A,FMAR1PC,DE_TOT,1977,81.3,,
ESTAT:DEMO_NIND(1.0),30/04/26 23:00:00,A,FMAR1PC,DE_TOT,1978,82.5,,
ESTAT:DEMO_NIND(1.0),30/04/26 23:00:00,A,FMAR1PC,DE_TOT,1979,82.3,,
ESTAT:DEMO_NIND(1.0),30/04/26 23:00:00,A,FMAR1PC,DE_TOT,1980,82.0,,
ESTAT:DEMO_NIND(1.0),30/04/26 23:00:00,A,FMAR1PC,DE_TOT,1981,81.1,,
ESTAT:DEMO_NIND(1.0),30/04/26 23:00:00,A,FMAR1PC,DE_TOT,1982,80.1,,
ESTAT:DEMO_NIND(1.0),30/04/26 23:00:00,A,FMAR1PC,DE_TOT,1983,78.5,,
ESTAT:DEMO_NIND(1.0),30/04/26 23:00:00,A,FMAR1PC,DE_TOT,1984,79.6,,
ESTAT:DEMO_NIND(1.0),30/04/26 23:00:00,A,FMAR1PC,DE_TOT,1985,79.2,,
ESTAT:DEMO_NIND(1.0),30/04/26 23:00:00,A,FMAR1PC,DE_TOT,1986,78.9,,
ESTAT:DEMO_NIND(1.0),30/04/26 23:00:00,A,FMAR1PC,DE_TOT,1987,78.5,,
ESTAT:DEMO_NIND(1.0),30/04/26 23:00:00,A,FMAR1PC,DE_TOT,1988,78.2,,
ESTAT:DEMO_NIND(1.0),30/04/26 23:00:00,A,FMAR1PC,DE_TOT,1989,77.7,,
ESTAT:DEMO_NIND(1.0),30/04/26 23:00:00,A,FMAR1PC,DE_TOT,1990,78.1,,
ESTAT:DEMO_NIND(1.0),30/04/26 23:00:00,A,FMAR1PC,DE_TOT,1991,77.5,,
ESTAT:DEMO_NIND(1.0),30/04/26 23:00:00,A,FMAR1PC,DE_TOT,1992,77.5,,
ESTAT:DEMO_NIND(1.0),30/04/26 23:00:00,A,FMAR1PC,DE_TOT,1993,77.1,,
ESTAT:DEMO_NIND(1.0),30/04/26 23:00:00,A,FMAR1PC,DE_TOT,1994,76.6,,
ESTAT:DEMO_NIND(1.0),30/04/26 23:00:00,A,FMAR1PC,DE_TOT,1995,76.1,,
ESTAT:DEMO_NIND(1.0),30/04/26 23:00:00,A,FMAR1PC,DE_TOT,1996,75.6,,
ESTAT:DEMO_NIND(1.0),30/04/26 23:00:00,A,FMAR1PC,DE_TOT,1997,74.9,,
ESTAT:DEMO_NIND(1.0),30/04/26 23:00:00,A,FMAR1PC,DE_TOT,1998,73.6,,
ESTAT:DEMO_NIND(1.0),30/04/26 23:00:00,A,FMAR1PC,DE_TOT,1999,73.1,,
ESTAT:DEMO_NIND(1.0),30/04/26 23:00:00,A,FMAR1PC,DE_TOT,2000,73.0,,
ESTAT:DEMO_NIND(1.0),30/04/26 23:00:00,A,FMAR1PC,DE_TOT,2001,71.3,,
ESTAT:DEMO_NIND(1.0),30/04/26 23:00:00,A,FMAR1PC,DE_TOT,2002,72.5,,
ESTAT:DEMO_NIND(1.0),30/04/26 23:00:00,A,FMAR1PC,DE_TOT,2004,71.7,,
ESTAT:DEMO_NIND(1.0),30/04/26 23:00:00,A,FMAR1PC,DE_TOT,2005,72.3,,
ESTAT:DEMO_NIND(1.0),30/04/26 23:00:00,A,FMAR1PC,DE_TOT,2006,73.1,,
ESTAT:DEMO_NIND(1.0),30/04/26 23:00:00,A,FMAR1PC,DE_TOT,2007,73.5,,
ESTAT:DEMO_NIND(1.0),30/04/26 23:00:00,A,FMAR1PC,DE_TOT,2008,73.2,,
ESTAT:DEMO_NIND(1.0),30/04/26 23:00:00,A,FMAR1PC,DE_TOT,2009,73.6,,
ESTAT:DEMO_NIND(1.0),30/04/26 23:00:00,A,FMAR1PC,DE_TOT,2010,74.3,,
ESTAT:DEMO_NIND(1.0),30/04/26 23:00:00,A,FMAR1PC,DE_TOT,2011,74.2,,
ESTAT:DEMO_NIND(1.0),30/04/26 23:00:00,A,FMAR1PC,DE_TOT,2012,74.6,,
ESTAT:DEMO_NIND(1.0),30/04/26 23:00:00,A,FMAR1PC,DE_TOT,2013,75.2,,
ESTAT:DEMO_NIND(1.0),30/04/26 23:00:00,A,FMAR1PC,DE_TOT,2014,75.9,,
ESTAT:DEMO_NIND(1.0),30/04/26 23:00:00,A,FMAR1PC,DE_TOT,2015,76.2,,
ESTAT:DEMO_NIND(1.0),30/04/26 23:00:00,A,FMAR1PC,DE_TOT,2016,76.6,,
ESTAT:DEMO_NIND(1.0),30/04/26 23:00:00,A,FMAR1PC,DK,1960,86.6,,
ESTAT:DEMO_NIND(1.0),30/04/26 23:00:00,A,FMAR1PC,DK,1961,87.5,,
ESTAT:DEMO_NIND(1.0),30/04/26 23:00:00,A,FMAR1PC,DK,1962,87.8,,
ESTAT:DEMO_NIND(1.0),30/04/26 23:00:00,A,FMAR1PC,DK,1963,88.6,,
ESTAT:DEMO_NIND(1.0),30/04/26 23:00:00,A,FMAR1PC,DK,1964,88.9,,
ESTAT:DEMO_NIND(1.0),30/04/26 23:00:00,A,FMAR1PC,DK,1965,89.5,,
ESTAT:DEMO_NIND(1.0),30/04/26 23:00:00,A,FMAR1PC,DK,1966,89.6,,
ESTAT:DEMO_NIND(1.0),30/04/26 23:00:00,A,FMAR1PC,DK,1967,89.9,,
ESTAT:DEMO_NIND(1.0),30/04/26 23:00:00,A,FMAR1PC,DK,1968,89.8,,
ESTAT:DEMO_NIND(1.0),30/04/26 23:00:00,A,FMAR1PC,DK,1969,87.7,,
ESTAT:DEMO_NIND(1.0),30/04/26 23:00:00,A,FMAR1PC,DK,1970,86.1,,
ESTAT:DEMO_NIND(1.0),30/04/26 23:00:00,A,FMAR1PC,DK,1971,82.6,,
ESTAT:DEMO_NIND(1.0),30/04/26 23:00:00,A,FMAR1PC,DK,1972,81.2,,
ESTAT:DEMO_NIND(1.0),30/04/26 23:00:00,A,FMAR1PC,DK,1973,79.2,,
ESTAT:DEMO_NIND(1.0),30/04/26 23:00:00,A,FMAR1PC,DK,1974,78.2,,
ESTAT:DEMO_NIND(1.0),30/04/26 23:00:00,A,FMAR1PC,DK,1975,77.7,,
ESTAT:DEMO_NIND(1.0),30/04/26 23:00:00,A,FMAR1PC,DK,1976,76.5,,
ESTAT:DEMO_NIND(1.0),30/04/26 23:00:00,A,FMAR1PC,DK,1977,75.9,,
ESTAT:DEMO_NIND(1.0),30/04/26 23:00:00,A,FMAR1PC,DK,1978,75.1,,
ESTAT:DEMO_NIND(1.0),30/04/26 23:00:00,A,FMAR1PC,DK,1979,75.0,,
ESTAT:DEMO_NIND(1.0),30/04/26 23:00:00,A,FMAR1PC,DK,1980,73.9,,
ESTAT:DEMO_NIND(1.0),30/04/26 23:00:00,A,FMAR1PC,DK,1981,72.6,,
ESTAT:DEMO_NIND(1.0),30/04/26 23:00:00,A,FMAR1PC,DK,1982,72.9,,
ESTAT:DEMO_NIND(1.0),30/04/26 23:00:00,A,FMAR1PC,DK,1983,71.8,,
ESTAT:DEMO_NIND(1.0),30/04/26 23:00:00,A,FMAR1PC,DK,1984,72.9,,
ESTAT:DEMO_NIND(1.0),30/04/26 23:00:00,A,FMAR1PC,DK,1985,73.2,,
ESTAT:DEMO_NIND(1.0),30/04/26 23:00:00,A,FMAR1PC,DK,1986,73.6,,
ESTAT:DEMO_NIND(1.0),30/04/26 23:00:00,A,FMAR1PC,DK,1987,72.8,,
ESTAT:DEMO_NIND(1.0),30/04/26 23:00:00,A,FMAR1PC,DK,1988,73.6,,
ESTAT:DEMO_NIND(1.0),30/04/26 23:00:00,A,FMAR1PC,DK,1989,73.7,,
ESTAT:DEMO_NIND(1.0),30/04/26 23:00:00,A,FMAR1PC,DK,1990,73.2,,
ESTAT:DEMO_NIND(1.0),30/04/26 23:00:00,A,FMAR1PC,DK,1991,73.2,,
ESTAT:DEMO_NIND(1.0),30/04/26 23:00:00,A,FMAR1PC,DK,1992,73.4,,
ESTAT:DEMO_NIND(1.0),30/04/26 23:00:00,A,FMAR1PC,DK,1993,73.2,,
ESTAT:DEMO_NIND(1.0),30/04/26 23:00:00,A,FMAR1PC,DK,1994,73.4,,
ESTAT:DEMO_NIND(1.0),30/04/26 23:00:00,A,FMAR1PC,DK,1995,73.0,,
ESTAT:DEMO_NIND(1.0),30/04/26 23:00:00,A,FMAR1PC,DK,1996,73.1,,
ESTAT:DEMO_NIND(1.0),30/04/26 23:00:00,A,FMAR1PC,DK,1997,72.0,,
ESTAT:DEMO_NIND(1.0),30/04/26 23:00:00,A,FMAR1PC,DK,1998,71.6,,
ESTAT:DEMO_NIND(1.0),30/04/26 23:00:00,A,FMAR1PC,DK,1999,72.2,,
ESTAT:DEMO_NIND(1.0),30/04/26 23:00:00,A,FMAR1PC,DK,2000,71.7,,
ESTAT:DEMO_NIND(1.0),30/04/26 23:00:00,A,FMAR1PC,DK,2001,72.1,,
ESTAT:DEMO_NIND(1.0),30/04/26 23:00:00,A,FMAR1PC,DK,2002,72.7,,
ESTAT:DEMO_NIND(1.0),30/04/26 23:00:00,A,FMAR1PC,DK,2003,73.4,,
ESTAT:DEMO_NIND(1.0),30/04/26 23:00:00,A,FMAR1PC,DK,2004,72.6,,
ESTAT:DEMO_NIND(1.0),30/04/26 23:00:00,A,FMAR1PC,DK,2005,72.5,,
ESTAT:DEMO_NIND(1.0),30/04/26 23:00:00,A,FMAR1PC,DK,2006,72.4,,
ESTAT:DEMO_NIND(1.0),30/04/26 23:00:00,A,FMAR1PC,DK,2007,73.9,,
ESTAT:DEMO_NIND(1.0),30/04/26 23:00:00,A,FMAR1PC,DK,2008,74.1,,
ESTAT:DEMO_NIND(1.0),30/04/26 23:00:00,A,FMAR1PC,DK,2009,74.4,,
ESTAT:DEMO_NIND(1.0),30/04/26 23:00:00,A,FMAR1PC,DK,2010,74.7,,
ESTAT:DEMO_NIND(1.0),30/04/26 23:00:00,A,FMAR1PC,DK,2011,73.1,,
ESTAT:DEMO_NIND(1.0),30/04/26 23:00:00,A,FMAR1PC,DK,2012,72.5,,
ESTAT:DEMO_NIND(1.0),30/04/26 23:00:00,A,FMAR1PC,DK,2013,73.4,,
ESTAT:DEMO_NIND(1.0),30/04/26 23:00:00,A,FMAR1PC,DK,2014,72.6,,
ESTAT:DEMO_NIND(1.0),30/04/26 23:00:00,A,FMAR1PC,DK,2015,73.6,,
ESTAT:DEMO_NIND(1.0),30/04/26 23:00:00,A,FMAR1PC,DK,2016,73.6,,
ESTAT:DEMO_NIND(1.0),30/04/26 23:00:00,A,FMAR1PC,DK,2017,74.0,,
ESTAT:DEMO_NIND(1.0),30/04/26 23:00:00,A,FMAR1PC,DK,2018,74.9,,
ESTAT:DEMO_NIND(1.0),30/04/26 23:00:00,A,FMAR1PC,DK,2019,75.5,,
ESTAT:DEMO_NIND(1.0),30/04/26 23:00:00,A,FMAR1PC,DK,2020,75.8,,
ESTAT:DEMO_NIND(1.0),30/04/26 23:00:00,A,FMAR1PC,DK,2021,76.3,,
ESTAT:DEMO_NIND(1.0),30/04/26 23:00:00,A,FMAR1PC,EE,1995,67.5,,
ESTAT:DEMO_NIND(1.0),30/04/26 23:00:00,A,FMAR1PC,EE,1996,66.5,,
ESTAT:DEMO_NIND(1.0),30/04/26 23:00:00,A,FMAR1PC,EE,1997,66.6,,
ESTAT:DEMO_NIND(1.0),30/04/26 23:00:00,A,FMAR1PC,EE,1998,66.9,,
ESTAT:DEMO_NIND(1.0),30/04/26 23:00:00,A,FMAR1PC,EE,1999,68.4,,
ESTAT:DEMO_NIND(1.0),30/04/26 23:00:00,A,FMAR1PC,EE,2007,70.7,,
ESTAT:DEMO_NIND(1.0),30/04/26 23:00:00,A,FMAR1PC,EE,2008,72.8,,
ESTAT:DEMO_NIND(1.0),30/04/26 23:00:00,A,FMAR1PC,EE,2009,73.4,,
ESTAT:DEMO_NIND(1.0),30/04/26 23:00:00,A,FMAR1PC,EE,2010,74.5,,
ESTAT:DEMO_NIND(1.0),30/04/26 23:00:00,A,FMAR1PC,EE,2011,73.0,,
ESTAT:DEMO_NIND(1.0),30/04/26 23:00:00,A,FMAR1PC,EE,2012,74.6,,
ESTAT:DEMO_NIND(1.0),30/04/26 23:00:00,A,FMAR1PC,EE,2013,73.7,,
ESTAT:DEMO_NIND(1.0),30/04/26 23:00:00,A,FMAR1PC,EE,2014,70.0,,
ESTAT:DEMO_NIND(1.0),30/04/26 23:00:00,A,FMAR1PC,EE,2015,69.9,,
ESTAT:DEMO_NIND(1.0),30/04/26 23:00:00,A,FMAR1PC,EE,2016,73.3,,
ESTAT:DEMO_NIND(1.0),30/04/26 23:00:00,A,FMAR1PC,EE,2017,71.3,,
ESTAT:DEMO_NIND(1.0),30/04/26 23:00:00,A,FMAR1PC,EE,2018,69.7,,
ESTAT:DEMO_NIND(1.0),30/04/26 23:00:00,A,FMAR1PC,EE,2019,69.7,,
ESTAT:DEMO_NIND(1.0),30/04/26 23:00:00,A,FMAR1PC,EE,2020,66.3,,
ESTAT:DEMO_NIND(1.0),30/04/26 23:00:00,A,FMAR1PC,EE,2021,64.2,,
ESTAT:DEMO_NIND(1.0),30/04/26 23:00:00,A,FMAR1PC,EE,2022,63.0,,
ESTAT:DEMO_NIND(1.0),30/04/26 23:00:00,A,FMAR1PC,EE,2023,65.2,,
ESTAT:DEMO_NIND(1.0),30/04/26 23:00:00,A,FMAR1PC,EE,2024,68.8,,
ESTAT:DEMO_NIND(1.0),30/04/26 23:00:00,A,FMAR1PC,EL,1960,96.5,,
ESTAT:DEMO_NIND(1.0),30/04/26 23:00:00,A,FMAR1PC,EL,1961,96.5,,
ESTAT:DEMO_NIND(1.0),30/04/26 23:00:00,A,FMAR1PC,EL,1962,96.6,,
ESTAT:DEMO_NIND(1.0),30/04/26 23:00:00,A,FMAR1PC,EL,1963,96.8,,
ESTAT:DEMO_NIND(1.0),30/04/26 23:00:00,A,FMAR1PC,EL,1964,96.7,,
ESTAT:DEMO_NIND(1.0),30/04/26 23:00:00,A,FMAR1PC,EL,1965,96.8,,
ESTAT:DEMO_NIND(1.0),30/04/26 23:00:00,A,FMAR1PC,EL,1966,96.5,,
ESTAT:DEMO_NIND(1.0),30/04/26 23:00:00,A,FMAR1PC,EL,1967,96.5,,
ESTAT:DEMO_NIND(1.0),30/04/26 23:00:00,A,FMAR1PC,EL,1968,96.4,,
ESTAT:DEMO_NIND(1.0),30/04/26 23:00:00,A,FMAR1PC,EL,1969,96.7,,
ESTAT:DEMO_NIND(1.0),30/04/26 23:00:00,A,FMAR1PC,EL,1970,96.2,,
ESTAT:DEMO_NIND(1.0),30/04/26 23:00:00,A,FMAR1PC,EL,1971,96.4,,
ESTAT:DEMO_NIND(1.0),30/04/26 23:00:00,A,FMAR1PC,EL,1972,96.1,,
ESTAT:DEMO_NIND(1.0),30/04/26 23:00:00,A,FMAR1PC,EL,1973,96.1,,
ESTAT:DEMO_NIND(1.0),30/04/26 23:00:00,A,FMAR1PC,EL,1974,96.0,,
ESTAT:DEMO_NIND(1.0),30/04/26 23:00:00,A,FMAR1PC,EL,1975,96.2,,
ESTAT:DEMO_NIND(1.0),30/04/26 23:00:00,A,FMAR1PC,EL,1976,95.8,,
ESTAT:DEMO_NIND(1.0),30/04/26 23:00:00,A,FMAR1PC,EL,1977,96.1,,
ESTAT:DEMO_NIND(1.0),30/04/26 23:00:00,A,FMAR1PC,EL,1978,96.0,,
ESTAT:DEMO_NIND(1.0),30/04/26 23:00:00,A,FMAR1PC,EL,1979,96.0,,
ESTAT:DEMO_NIND(1.0),30/04/26 23:00:00,A,FMAR1PC,EL,1980,95.3,,
ESTAT:DEMO_NIND(1.0),30/04/26 23:00:00,A,FMAR1PC,EL,1981,95.1,,
ESTAT:DEMO_NIND(1.0),30/04/26 23:00:00,A,FMAR1PC,EL,1982,94.7,,
ESTAT:DEMO_NIND(1.0),30/04/26 23:00:00,A,FMAR1PC,EL,1983,94.3,,
ESTAT:DEMO_NIND(1.0),30/04/26 23:00:00,A,FMAR1PC,EL,1984,93.1,,
ESTAT:DEMO_NIND(1.0),30/04/26 23:00:00,A,FMAR1PC,EL,1985,93.1,,
ESTAT:DEMO_NIND(1.0),30/04/26 23:00:00,A,FMAR1PC,EL,1986,92.5,,
ESTAT:DEMO_NIND(1.0),30/04/26 23:00:00,A,FMAR1PC,EL,1987,92.5,,
ESTAT:DEMO_NIND(1.0),30/04/26 23:00:00,A,FMAR1PC,EL,1988,91.5,,
ESTAT:DEMO_NIND(1.0),30/04/26 23:00:00,A,FMAR1PC,EL,1989,91.9,,
ESTAT:DEMO_NIND(1.0),30/04/26 23:00:00,A,FMAR1PC,EL,1990,91.8,,
ESTAT:DEMO_NIND(1.0),30/04/26 23:00:00,A,FMAR1PC,EL,1991,91.9,,
ESTAT:DEMO_NIND(1.0),30/04/26 23:00:00,A,FMAR1PC,EL,1992,91.0,,
ESTAT:DEMO_NIND(1.0),30/04/26 23:00:00,A,FMAR1PC,EL,1993,91.9,,
ESTAT:DEMO_NIND(1.0),30/04/26 23:00:00,A,FMAR1PC,EL,1994,91.9,,
ESTAT:DEMO_NIND(1.0),30/04/26 23:00:00,A,FMAR1PC,EL,1995,91.4,,
ESTAT:DEMO_NIND(1.0),30/04/26 23:00:00,A,FMAR1PC,EL,1996,90.2,,
ESTAT:DEMO_NIND(1.0),30/04/26 23:00:00,A,FMAR1PC,EL,1997,90.5,,
ESTAT:DEMO_NIND(1.0),30/04/26 23:00:00,A,FMAR1PC,EL,1998,90.1,,
ESTAT:DEMO_NIND(1.0),30/04/26 23:00:00,A,FMAR1PC,EL,1999,90.1,,
ESTAT:DEMO_NIND(1.0),30/04/26 23:00:00,A,FMAR1PC,EL,2000,89.2,,
ESTAT:DEMO_NIND(1.0),30/04/26 23:00:00,A,FMAR1PC,EL,2001,89.7,,
ESTAT:DEMO_NIND(1.0),30/04/26 23:00:00,A,FMAR1PC,EL,2002,89.3,,
ESTAT:DEMO_NIND(1.0),30/04/26 23:00:00,A,FMAR1PC,EL,2003,89.1,,
ESTAT:DEMO_NIND(1.0),30/04/26 23:00:00,A,FMAR1PC,EL,2004,88.7,,
ESTAT:DEMO_NIND(1.0),30/04/26 23:00:00,A,FMAR1PC,EL,2005,88.8,,
ESTAT:DEMO_NIND(1.0),30/04/26 23:00:00,A,FMAR1PC,EL,2006,88.1,,
ESTAT:DEMO_NIND(1.0),30/04/26 23:00:00,A,FMAR1PC,EL,2007,88.6,,
ESTAT:DEMO_NIND(1.0),30/04/26 23:00:00,A,FMAR1PC,EL,2008,88.5,,
ESTAT:DEMO_NIND(1.0),30/04/26 23:00:00,A,FMAR1PC,EL,2009,88.8,,
ESTAT:DEMO_NIND(1.0),30/04/26 23:00:00,A,FMAR1PC,EL,2010,88.8,,
ESTAT:DEMO_NIND(1.0),30/04/26 23:00:00,A,FMAR1PC,EL,2011,88.9,,
ESTAT:DEMO_NIND(1.0),30/04/26 23:00:00,A,FMAR1PC,EL,2012,88.9,,
ESTAT:DEMO_NIND(1.0),30/04/26 23:00:00,A,FMAR1PC,EL,2013,88.4,,
ESTAT:DEMO_NIND(1.0),30/04/26 23:00:00,A,FMAR1PC,EL,2014,88.2,,
ESTAT:DEMO_NIND(1.0),30/04/26 23:00:00,A,FMAR1PC,EL,2015,87.8,,
ESTAT:DEMO_NIND(1.0),30/04/26 23:00:00,A,FMAR1PC,EL,2016,88.1,,
ESTAT:DEMO_NIND(1.0),30/04/26 23:00:00,A,FMAR1PC,EL,2017,88.3,,
ESTAT:DEMO_NIND(1.0),30/04/26 23:00:00,A,FMAR1PC,EL,2018,87.4,,
ESTAT:DEMO_NIND(1.0),30/04/26 23:00:00,A,FMAR1PC,EL,2019,86.5,,
ESTAT:DEMO_NIND(1.0),30/04/26 23:00:00,A,FMAR1PC,EL,2023,81.2,,
ESTAT:DEMO_NIND(1.0),30/04/26 23:00:00,A,FMAR1PC,EL,2024,78.4,,
ESTAT:DEMO_NIND(1.0),30/04/26 23:00:00,A,FMAR1PC,ES,1960,98.7,,
ESTAT:DEMO_NIND(1.0),30/04/26 23:00:00,A,FMAR1PC,ES,1961,98.8,,
ESTAT:DEMO_NIND(1.0),30/04/26 23:00:00,A,FMAR1PC,ES,1962,98.8,,
ESTAT:DEMO_NIND(1.0),30/04/26 23:00:00,A,FMAR1PC,ES,1963,98.8,,
ESTAT:DEMO_NIND(1.0),30/04/26 23:00:00,A,FMAR1PC,ES,1964,98.8,,
ESTAT:DEMO_NIND(1.0),30/04/26 23:00:00,A,FMAR1PC,ES,1965,98.8,,
ESTAT:DEMO_NIND(1.0),30/04/26 23:00:00,A,FMAR1PC,ES,1966,98.8,,
ESTAT:DEMO_NIND(1.0),30/04/26 23:00:00,A,FMAR1PC,ES,1967,98.8,,
ESTAT:DEMO_NIND(1.0),30/04/26 23:00:00,A,FMAR1PC,ES,1968,98.9,,
ESTAT:DEMO_NIND(1.0),30/04/26 23:00:00,A,FMAR1PC,ES,1969,98.9,,
ESTAT:DEMO_NIND(1.0),30/04/26 23:00:00,A,FMAR1PC,ES,1970,98.9,,
ESTAT:DEMO_NIND(1.0),30/04/26 23:00:00,A,FMAR1PC,ES,1971,98.9,,
ESTAT:DEMO_NIND(1.0),30/04/26 23:00:00,A,FMAR1PC,ES,1972,99.0,,
ESTAT:DEMO_NIND(1.0),30/04/26 23:00:00,A,FMAR1PC,ES,1973,99.0,,
ESTAT:DEMO_NIND(1.0),30/04/26 23:00:00,A,FMAR1PC,ES,1974,99.0,,
ESTAT:DEMO_NIND(1.0),30/04/26 23:00:00,A,FMAR1PC,ES,1975,99.2,,
ESTAT:DEMO_NIND(1.0),30/04/26 23:00:00,A,FMAR1PC,ES,1976,99.1,,
ESTAT:DEMO_NIND(1.0),30/04/26 23:00:00,A,FMAR1PC,ES,1977,99.1,,
ESTAT:DEMO_NIND(1.0),30/04/26 23:00:00,A,FMAR1PC,ES,1978,99.2,,
ESTAT:DEMO_NIND(1.0),30/04/26 23:00:00,A,FMAR1PC,ES,1979,99.5,,
ESTAT:DEMO_NIND(1.0),30/04/26 23:00:00,A,FMAR1PC,ES,1980,99.2,,
ESTAT:DEMO_NIND(1.0),30/04/26 23:00:00,A,FMAR1PC,ES,1981,99.3,,
ESTAT:DEMO_NIND(1.0),30/04/26 23:00:00,A,FMAR1PC,ES,1982,98.5,,
ESTAT:DEMO_NIND(1.0),30/04/26 23:00:00,A,FMAR1PC,ES,1983,98.0,,
ESTAT:DEMO_NIND(1.0),30/04/26 23:00:00,A,FMAR1PC,ES,1984,97.7,,
ESTAT:DEMO_NIND(1.0),30/04/26 23:00:00,A,FMAR1PC,ES,1985,97.6,,
ESTAT:DEMO_NIND(1.0),30/04/26 23:00:00,A,FMAR1PC,ES,1986,97.6,,
ESTAT:DEMO_NIND(1.0),30/04/26 23:00:00,A,FMAR1PC,ES,1987,97.5,,
ESTAT:DEMO_NIND(1.0),30/04/26 23:00:00,A,FMAR1PC,ES,1988,97.1,,
ESTAT:DEMO_NIND(1.0),30/04/26 23:00:00,A,FMAR1PC,ES,1989,97.0,,
ESTAT:DEMO_NIND(1.0),30/04/26 23:00:00,A,FMAR1PC,ES,1990,96.7,,
ESTAT:DEMO_NIND(1.0),30/04/26 23:00:00,A,FMAR1PC,ES,1991,96.3,,
ESTAT:DEMO_NIND(1.0),30/04/26 23:00:00,A,FMAR1PC,ES,1992,96.0,,
ESTAT:DEMO_NIND(1.0),30/04/26 23:00:00,A,FMAR1PC,ES,1993,95.6,,
ESTAT:DEMO_NIND(1.0),30/04/26 23:00:00,A,FMAR1PC,ES,1994,95.2,,
ESTAT:DEMO_NIND(1.0),30/04/26 23:00:00,A,FMAR1PC,ES,1995,95.2,,
ESTAT:DEMO_NIND(1.0),30/04/26 23:00:00,A,FMAR1PC,ES,1996,94.9,,
ESTAT:DEMO_NIND(1.0),30/04/26 23:00:00,A,FMAR1PC,ES,1997,94.8,,
ESTAT:DEMO_NIND(1.0),30/04/26 23:00:00,A,FMAR1PC,ES,1998,94.7,,
ESTAT:DEMO_NIND(1.0),30/04/26 23:00:00,A,FMAR1PC,ES,1999,94.6,,
ESTAT:DEMO_NIND(1.0),30/04/26 23:00:00,A,FMAR1PC,ES,2000,94.6,,
ESTAT:DEMO_NIND(1.0),30/04/26 23:00:00,A,FMAR1PC,ES,2001,94.2,,
ESTAT:DEMO_NIND(1.0),30/04/26 23:00:00,A,FMAR1PC,ES,2002,93.7,,
ESTAT:DEMO_NIND(1.0),30/04/26 23:00:00,A,FMAR1PC,ES,2003,93.2,,
ESTAT:DEMO_NIND(1.0),30/04/26 23:00:00,A,FMAR1PC,ES,2004,92.2,,
ESTAT:DEMO_NIND(1.0),30/04/26 23:00:00,A,FMAR1PC,ES,2005,91.8,,
ESTAT:DEMO_NIND(1.0),30/04/26 23:00:00,A,FMAR1PC,ES,2006,90.5,,
ESTAT:DEMO_NIND(1.0),30/04/26 23:00:00,A,FMAR1PC,ES,2007,89.8,,
ESTAT:DEMO_NIND(1.0),30/04/26 23:00:00,A,FMAR1PC,ES,2008,89.0,,
ESTAT:DEMO_NIND(1.0),30/04/26 23:00:00,A,FMAR1PC,ES,2009,87.6,,
ESTAT:DEMO_NIND(1.0),30/04/26 23:00:00,A,FMAR1PC,ES,2010,86.6,,
ESTAT:DEMO_NIND(1.0),30/04/26 23:00:00,A,FMAR1PC,ES,2011,86.0,,
ESTAT:DEMO_NIND(1.0),30/04/26 23:00:00,A,FMAR1PC,ES,2012,85.9,,
ESTAT:DEMO_NIND(1.0),30/04/26 23:00:00,A,FMAR1PC,ES,2013,84.9,,
ESTAT:DEMO_NIND(1.0),30/04/26 23:00:00,A,FMAR1PC,ES,2014,85.0,,
ESTAT:DEMO_NIND(1.0),30/04/26 23:00:00,A,FMAR1PC,ES,2015,84.4,,
ESTAT:DEMO_NIND(1.0),30/04/26 23:00:00,A,FMAR1PC,ES,2016,83.8,,
ESTAT:DEMO_NIND(1.0),30/04/26 23:00:00,A,FMAR1PC,ES,2017,83.0,,
ESTAT:DEMO_NIND(1.0),30/04/26 23:00:00,A,FMAR1PC,ES,2018,82.3,,
ESTAT:DEMO_NIND(1.0),30/04/26 23:00:00,A,FMAR1PC,ES,2019,81.3,,
ESTAT:DEMO_NIND(1.0),30/04/26 23:00:00,A,FMAR1PC,ES,2020,77.5,,
ESTAT:DEMO_NIND(1.0),30/04/26 23:00:00,A,FMAR1PC,ES,2021,81.3,,
ESTAT:DEMO_NIND(1.0),30/04/26 23:00:00,A,FMAR1PC,ES,2023,82.3,,
ESTAT:DEMO_NIND(1.0),30/04/26 23:00:00,A,FMAR1PC,ES,2024,82.2,,
ESTAT:DEMO_NIND(1.0),30/04/26 23:00:00,A,FMAR1PC,FI,1960,91.3,,
ESTAT:DEMO_NIND(1.0),30/04/26 23:00:00,A,FMAR1PC,FI,1961,91.3,,
ESTAT:DEMO_NIND(1.0),30/04/26 23:00:00,A,FMAR1PC,FI,1962,91.5,,
ESTAT:DEMO_NIND(1.0),30/04/26 23:00:00,A,FMAR1PC,FI,1963,91.6,,
ESTAT:DEMO_NIND(1.0),30/04/26 23:00:00,A,FMAR1PC,FI,1964,91.5,,
ESTAT:DEMO_NIND(1.0),30/04/26 23:00:00,A,FMAR1PC,FI,1965,92.0,,
ESTAT:DEMO_NIND(1.0),30/04/26 23:00:00,A,FMAR1PC,FI,1966,92.0,,
ESTAT:DEMO_NIND(1.0),30/04/26 23:00:00,A,FMAR1PC,FI,1967,92.6,,
ESTAT:DEMO_NIND(1.0),30/04/26 23:00:00,A,FMAR1PC,FI,1968,92.6,,
ESTAT:DEMO_NIND(1.0),30/04/26 23:00:00,A,FMAR1PC,FI,1969,92.5,,
ESTAT:DEMO_NIND(1.0),30/04/26 23:00:00,A,FMAR1PC,FI,1970,92.6,,
ESTAT:DEMO_NIND(1.0),30/04/26 23:00:00,A,FMAR1PC,FI,1971,92.2,,
ESTAT:DEMO_NIND(1.0),30/04/26 23:00:00,A,FMAR1PC,FI,1972,91.7,,
ESTAT:DEMO_NIND(1.0),30/04/26 23:00:00,A,FMAR1PC,FI,1973,91.2,,
ESTAT:DEMO_NIND(1.0),30/04/26 23:00:00,A,FMAR1PC,FI,1974,90.3,,
ESTAT:DEMO_NIND(1.0),30/04/26 23:00:00,A,FMAR1PC,FI,1975,90.3,,
ESTAT:DEMO_NIND(1.0),30/04/26 23:00:00,A,FMAR1PC,FI,1976,88.9,,
ESTAT:DEMO_NIND(1.0),30/04/26 23:00:00,A,FMAR1PC,FI,1977,88.5,,
ESTAT:DEMO_NIND(1.0),30/04/26 23:00:00,A,FMAR1PC,FI,1978,87.9,,
ESTAT:DEMO_NIND(1.0),30/04/26 23:00:00,A,FMAR1PC,FI,1979,86.7,,
ESTAT:DEMO_NIND(1.0),30/04/26 23:00:00,A,FMAR1PC,FI,1980,87.1,,
ESTAT:DEMO_NIND(1.0),30/04/26 23:00:00,A,FMAR1PC,FI,1981,86.0,,
ESTAT:DEMO_NIND(1.0),30/04/26 23:00:00,A,FMAR1PC,FI,1982,86.3,,
ESTAT:DEMO_NIND(1.0),30/04/26 23:00:00,A,FMAR1PC,FI,1983,85.4,,
ESTAT:DEMO_NIND(1.0),30/04/26 23:00:00,A,FMAR1PC,FI,1984,85.2,,
ESTAT:DEMO_NIND(1.0),30/04/26 23:00:00,A,FMAR1PC,FI,1985,84.9,,
ESTAT:DEMO_NIND(1.0),30/04/26 23:00:00,A,FMAR1PC,FI,1986,84.2,,
ESTAT:DEMO_NIND(1.0),30/04/26 23:00:00,A,FMAR1PC,FI,1987,85.2,,
ESTAT:DEMO_NIND(1.0),30/04/26 23:00:00,A,FMAR1PC,FI,1988,85.1,,
ESTAT:DEMO_NIND(1.0),30/04/26 23:00:00,A,FMAR1PC,FI,1989,84.2,,
ESTAT:DEMO_NIND(1.0),30/04/26 23:00:00,A,FMAR1PC,FI,1990,83.2,,
ESTAT:DEMO_NIND(1.0),30/04/26 23:00:00,A,FMAR1PC,FI,1991,82.5,,
ESTAT:DEMO_NIND(1.0),30/04/26 23:00:00,A,FMAR1PC,FI,1992,83.4,,
ESTAT:DEMO_NIND(1.0),30/04/26 23:00:00,A,FMAR1PC,FI,1993,82.0,,
ESTAT:DEMO_NIND(1.0),30/04/26 23:00:00,A,FMAR1PC,FI,1994,81.6,,
ESTAT:DEMO_NIND(1.0),30/04/26 23:00:00,A,FMAR1PC,FI,1995,80.8,,
ESTAT:DEMO_NIND(1.0),30/04/26 23:00:00,A,FMAR1PC,FI,1997,79.4,,
ESTAT:DEMO_NIND(1.0),30/04/26 23:00:00,A,FMAR1PC,FI,1998,78.0,,
ESTAT:DEMO_NIND(1.0),30/04/26 23:00:00,A,FMAR1PC,FI,1999,77.7,,
ESTAT:DEMO_NIND(1.0),30/04/26 23:00:00,A,FMAR1PC,FI,2000,77.3,,
ESTAT:DEMO_NIND(1.0),30/04/26 23:00:00,A,FMAR1PC,FI,2001,77.0,,
ESTAT:DEMO_NIND(1.0),30/04/26 23:00:00,A,FMAR1PC,FI,2002,77.1,,
ESTAT:DEMO_NIND(1.0),30/04/26 23:00:00,A,FMAR1PC,FI,2003,77.2,,
ESTAT:DEMO_NIND(1.0),30/04/26 23:00:00,A,FMAR1PC,FI,2004,76.3,,
ESTAT:DEMO_NIND(1.0),30/04/26 23:00:00,A,FMAR1PC,FI,2005,77.2,,
ESTAT:DEMO_NIND(1.0),30/04/26 23:00:00,A,FMAR1PC,FI,2006,76.6,,
ESTAT:DEMO_NIND(1.0),30/04/26 23:00:00,A,FMAR1PC,FI,2007,76.6,,
ESTAT:DEMO_NIND(1.0),30/04/26 23:00:00,A,FMAR1PC,FI,2008,76.5,,
ESTAT:DEMO_NIND(1.0),30/04/26 23:00:00,A,FMAR1PC,FI,2009,76.5,,
ESTAT:DEMO_NIND(1.0),30/04/26 23:00:00,A,FMAR1PC,FI,2010,77.0,,
ESTAT:DEMO_NIND(1.0),30/04/26 23:00:00,A,FMAR1PC,FI,2011,75.9,,
ESTAT:DEMO_NIND(1.0),30/04/26 23:00:00,A,FMAR1PC,FI,2012,75.7,,
ESTAT:DEMO_NIND(1.0),30/04/26 23:00:00,A,FMAR1PC,FI,2013,76.5,,
ESTAT:DEMO_NIND(1.0),30/04/26 23:00:00,A,FMAR1PC,FI,2014,76.3,,
ESTAT:DEMO_NIND(1.0),30/04/26 23:00:00,A,FMAR1PC,FI,2015,74.9,,
ESTAT:DEMO_NIND(1.0),30/04/26 23:00:00,A,FMAR1PC,FI,2016,74.5,,
ESTAT:DEMO_NIND(1.0),30/04/26 23:00:00,A,FMAR1PC,FI,2017,67.7,,
ESTAT:DEMO_NIND(1.0),30/04/26 23:00:00,A,FMAR1PC,FI,2018,70.8,,
ESTAT:DEMO_NIND(1.0),30/04/26 23:00:00,A,FMAR1PC,FI,2019,68.2,,
ESTAT:DEMO_NIND(1.0),30/04/26 23:00:00,A,FMAR1PC,FI,2020,69.1,,
ESTAT:DEMO_NIND(1.0),30/04/26 23:00:00,A,FMAR1PC,FI,2021,73.0,,
ESTAT:DEMO_NIND(1.0),30/04/26 23:00:00,A,FMAR1PC,FI,2022,71.2,,
ESTAT:DEMO_NIND(1.0),30/04/26 23:00:00,A,FMAR1PC,FI,2023,68.7,,
ESTAT:DEMO_NIND(1.0),30/04/26 23:00:00,A,FMAR1PC,FI,2024,70.2,,
ESTAT:DEMO_NIND(1.0),30/04/26 23:00:00,A,FMAR1PC,FR,1994,83.7,,
ESTAT:DEMO_NIND(1.0),30/04/26 23:00:00,A,FMAR1PC,FR,1996,82.6,,
ESTAT:DEMO_NIND(1.0),30/04/26 23:00:00,A,FMAR1PC,FR,1997,82.8,,
ESTAT:DEMO_NIND(1.0),30/04/26 23:00:00,A,FMAR1PC,FR,1998,83.0,,
ESTAT:DEMO_NIND(1.0),30/04/26 23:00:00,A,FMAR1PC,FR,1999,83.2,,
ESTAT:DEMO_NIND(1.0),30/04/26 23:00:00,A,FMAR1PC,FR,2000,82.6,,
ESTAT:DEMO_NIND(1.0),30/04/26 23:00:00,A,FMAR1PC,FR,2001,83.5,,
ESTAT:DEMO_NIND(1.0),30/04/26 23:00:00,A,FMAR1PC,FR,2002,82.9,,
ESTAT:DEMO_NIND(1.0),30/04/26 23:00:00,A,FMAR1PC,FR,2003,82.6,,
ESTAT:DEMO_NIND(1.0),30/04/26 23:00:00,A,FMAR1PC,FR,2004,81.8,,
ESTAT:DEMO_NIND(1.0),30/04/26 23:00:00,A,FMAR1PC,FR,2005,80.9,,
ESTAT:DEMO_NIND(1.0),30/04/26 23:00:00,A,FMAR1PC,FR,2006,80.6,,
ESTAT:DEMO_NIND(1.0),30/04/26 23:00:00,A,FMAR1PC,FR,2007,80.5,,
ESTAT:DEMO_NIND(1.0),30/04/26 23:00:00,A,FMAR1PC,FR,2008,80.6,,
ESTAT:DEMO_NIND(1.0),30/04/26 23:00:00,A,FMAR1PC,FR,2009,80.7,,
ESTAT:DEMO_NIND(1.0),30/04/26 23:00:00,A,FMAR1PC,FR,2010,80.8,,
ESTAT:DEMO_NIND(1.0),30/04/26 23:00:00,A,FMAR1PC,FR,2011,80.6,,
ESTAT:DEMO_NIND(1.0),30/04/26 23:00:00,A,FMAR1PC,FR,2013,81.1,,
ESTAT:DEMO_NIND(1.0),30/04/26 23:00:00,A,FMAR1PC,FR,2014,81.2,,
ESTAT:DEMO_NIND(1.0),30/04/26 23:00:00,A,FMAR1PC,FR,2015,81.1,,
ESTAT:DEMO_NIND(1.0),30/04/26 23:00:00,A,FMAR1PC,FR,2016,81.3,,
ESTAT:DEMO_NIND(1.0),30/04/26 23:00:00,A,FMAR1PC,FR,2017,81.3,,
ESTAT:DEMO_NIND(1.0),30/04/26 23:00:00,A,FMAR1PC,FR,2018,81.3,,
ESTAT:DEMO_NIND(1.0),30/04/26 23:00:00,A,FMAR1PC,FR,2021,82.8,,
ESTAT:DEMO_NIND(1.0),30/04/26 23:00:00,A,FMAR1PC,FR,2022,82.3,,
ESTAT:DEMO_NIND(1.0),30/04/26 23:00:00,A,FMAR1PC,FX,1960,90.5,,
ESTAT:DEMO_NIND(1.0),30/04/26 23:00:00,A,FMAR1PC,FX,1961,90.4,,
ESTAT:DEMO_NIND(1.0),30/04/26 23:00:00,A,FMAR1PC,FX,1962,90.6,,
ESTAT:DEMO_NIND(1.0),30/04/26 23:00:00,A,FMAR1PC,FX,1963,91.3,,
ESTAT:DEMO_NIND(1.0),30/04/26 23:00:00,A,FMAR1PC,FX,1964,91.2,,
ESTAT:DEMO_NIND(1.0),30/04/26 23:00:00,A,FMAR1PC,FX,1965,91.4,,
ESTAT:DEMO_NIND(1.0),30/04/26 23:00:00,A,FMAR1PC,FX,1966,91.5,,
ESTAT:DEMO_NIND(1.0),30/04/26 23:00:00,A,FMAR1PC,FX,1967,91.6,,
ESTAT:DEMO_NIND(1.0),30/04/26 23:00:00,A,FMAR1PC,FX,1968,92.3,,
ESTAT:DEMO_NIND(1.0),30/04/26 23:00:00,A,FMAR1PC,FX,1969,92.4,,
ESTAT:DEMO_NIND(1.0),30/04/26 23:00:00,A,FMAR1PC,FX,1970,92.5,,
ESTAT:DEMO_NIND(1.0),30/04/26 23:00:00,A,FMAR1PC,FX,1971,92.6,,
ESTAT:DEMO_NIND(1.0),30/04/26 23:00:00,A,FMAR1PC,FX,1972,92.3,,
ESTAT:DEMO_NIND(1.0),30/04/26 23:00:00,A,FMAR1PC,FX,1973,92.2,,
ESTAT:DEMO_NIND(1.0),30/04/26 23:00:00,A,FMAR1PC,FX,1974,91.9,,
ESTAT:DEMO_NIND(1.0),30/04/26 23:00:00,A,FMAR1PC,FX,1975,91.2,,
ESTAT:DEMO_NIND(1.0),30/04/26 23:00:00,A,FMAR1PC,FX,1976,90.8,,
ESTAT:DEMO_NIND(1.0),30/04/26 23:00:00,A,FMAR1PC,FX,1977,89.9,,
ESTAT:DEMO_NIND(1.0),30/04/26 23:00:00,A,FMAR1PC,FX,1978,89.3,,
ESTAT:DEMO_NIND(1.0),30/04/26 23:00:00,A,FMAR1PC,FX,1979,89.0,,
ESTAT:DEMO_NIND(1.0),30/04/26 23:00:00,A,FMAR1PC,FX,1980,88.6,,
ESTAT:DEMO_NIND(1.0),30/04/26 23:00:00,A,FMAR1PC,FX,1981,87.9,,
ESTAT:DEMO_NIND(1.0),30/04/26 23:00:00,A,FMAR1PC,FX,1982,87.7,,
ESTAT:DEMO_NIND(1.0),30/04/26 23:00:00,A,FMAR1PC,FX,1983,87.0,,
ESTAT:DEMO_NIND(1.0),30/04/26 23:00:00,A,FMAR1PC,FX,1984,86.3,,
ESTAT:DEMO_NIND(1.0),30/04/26 23:00:00,A,FMAR1PC,FX,1985,85.3,,
ESTAT:DEMO_NIND(1.0),30/04/26 23:00:00,A,FMAR1PC,FX,1986,84.8,,
ESTAT:DEMO_NIND(1.0),30/04/26 23:00:00,A,FMAR1PC,FX,1987,84.0,,
ESTAT:DEMO_NIND(1.0),30/04/26 23:00:00,A,FMAR1PC,FX,1988,84.1,,
ESTAT:DEMO_NIND(1.0),30/04/26 23:00:00,A,FMAR1PC,FX,1989,84.0,,
ESTAT:DEMO_NIND(1.0),30/04/26 23:00:00,A,FMAR1PC,FX,1990,84.1,,
ESTAT:DEMO_NIND(1.0),30/04/26 23:00:00,A,FMAR1PC,FX,1991,84.0,,
ESTAT:DEMO_NIND(1.0),30/04/26 23:00:00,A,FMAR1PC,FX,1992,83.9,,
ESTAT:DEMO_NIND(1.0),30/04/26 23:00:00,A,FMAR1PC,FX,1993,83.6,,
ESTAT:DEMO_NIND(1.0),30/04/26 23:00:00,A,FMAR1PC,FX,1994,83.5,,
ESTAT:DEMO_NIND(1.0),30/04/26 23:00:00,A,FMAR1PC,FX,1995,82.9,,
ESTAT:DEMO_NIND(1.0),30/04/26 23:00:00,A,FMAR1PC,FX,1996,82.4,,
ESTAT:DEMO_NIND(1.0),30/04/26 23:00:00,A,FMAR1PC,FX,1997,82.6,,
ESTAT:DEMO_NIND(1.0),30/04/26 23:00:00,A,FMAR1PC,FX,1998,82.8,,
ESTAT:DEMO_NIND(1.0),30/04/26 23:00:00,A,FMAR1PC,FX,1999,83.0,,
ESTAT:DEMO_NIND(1.0),30/04/26 23:00:00,A,FMAR1PC,FX,2000,82.4,,
ESTAT:DEMO_NIND(1.0),30/04/26 23:00:00,A,FMAR1PC,FX,2001,83.3,,
ESTAT:DEMO_NIND(1.0),30/04/26 23:00:00,A,FMAR1PC,FX,2002,82.7,,
ESTAT:DEMO_NIND(1.0),30/04/26 23:00:00,A,FMAR1PC,FX,2003,82.4,,
ESTAT:DEMO_NIND(1.0),30/04/26 23:00:00,A,FMAR1PC,FX,2004,81.7,,
ESTAT:DEMO_NIND(1.0),30/04/26 23:00:00,A,FMAR1PC,FX,2005,80.8,,
ESTAT:DEMO_NIND(1.0),30/04/26 23:00:00,A,FMAR1PC,FX,2006,80.5,,
ESTAT:DEMO_NIND(1.0),30/04/26 23:00:00,A,FMAR1PC,FX,2007,80.4,,
ESTAT:DEMO_NIND(1.0),30/04/26 23:00:00,A,FMAR1PC,FX,2008,80.4,,
ESTAT:DEMO_NIND(1.0),30/04/26 23:00:00,A,FMAR1PC,FX,2009,80.6,,
ESTAT:DEMO_NIND(1.0),30/04/26 23:00:00,A,FMAR1PC,FX,2010,80.7,,
ESTAT:DEMO_NIND(1.0),30/04/26 23:00:00,A,FMAR1PC,FX,2011,80.5,,
ESTAT:DEMO_NIND(1.0),30/04/26 23:00:00,A,FMAR1PC,GE,2006,98.8,,
ESTAT:DEMO_NIND(1.0),30/04/26 23:00:00,A,FMAR1PC,GE,2007,98.4,,
ESTAT:DEMO_NIND(1.0),30/04/26 23:00:00,A,FMAR1PC,GE,2008,97.8,,
ESTAT:DEMO_NIND(1.0),30/04/26 23:00:00,A,FMAR1PC,GE,2009,97.4,,
ESTAT:DEMO_NIND(1.0),30/04/26 23:00:00,A,FMAR1PC,GE,2010,96.6,,
ESTAT:DEMO_NIND(1.0),30/04/26 23:00:00,A,FMAR1PC,GE,2011,95.4,,
ESTAT:DEMO_NIND(1.0),30/04/26 23:00:00,A,FMAR1PC,GE,2013,94.1,,
ESTAT:DEMO_NIND(1.0),30/04/26 23:00:00,A,FMAR1PC,GE,2014,90.1,,
ESTAT:DEMO_NIND(1.0),30/04/26 23:00:00,A,FMAR1PC,GE,2015,90.1,,
ESTAT:DEMO_NIND(1.0),30/04/26 23:00:00,A,FMAR1PC,GE,2016,89.7,,
ESTAT:DEMO_NIND(1.0),30/04/26 23:00:00,A,FMAR1PC,GE,2017,88.5,,
ESTAT:DEMO_NIND(1.0),30/04/26 23:00:00,A,FMAR1PC,GE,2018,87.2,,
ESTAT:DEMO_NIND(1.0),30/04/26 23:00:00,A,FMAR1PC,GE,2019,84.7,,
ESTAT:DEMO_NIND(1.0),30/04/26 23:00:00,A,FMAR1PC,GE,2020,86.2,,
ESTAT:DEMO_NIND(1.0),30/04/26 23:00:00,A,FMAR1PC,GE,2022,81.2,,
ESTAT:DEMO_NIND(1.0),30/04/26 23:00:00,A,FMAR1PC,GE,2023,79.9,,
ESTAT:DEMO_NIND(1.0),30/04/26 23:00:00,A,FMAR1PC,GE,2024,78.6,,
ESTAT:DEMO_NIND(1.0),30/04/26 23:00:00,A,FMAR1PC,HR,1996,90.2,,
ESTAT:DEMO_NIND(1.0),30/04/26 23:00:00,A,FMAR1PC,HR,1997,90.8,,
ESTAT:DEMO_NIND(1.0),30/04/26 23:00:00,A,FMAR1PC,HR,1998,91.6,,
ESTAT:DEMO_NIND(1.0),30/04/26 23:00:00,A,FMAR1PC,HR,1999,91.6,,
ESTAT:DEMO_NIND(1.0),30/04/26 23:00:00,A,FMAR1PC,HR,2000,91.0,,
ESTAT:DEMO_NIND(1.0),30/04/26 23:00:00,A,FMAR1PC,HR,2001,91.0,,
ESTAT:DEMO_NIND(1.0),30/04/26 23:00:00,A,FMAR1PC,HR,2002,91.0,,
ESTAT:DEMO_NIND(1.0),30/04/26 23:00:00,A,FMAR1PC,HR,2003,91.2,,
ESTAT:DEMO_NIND(1.0),30/04/26 23:00:00,A,FMAR1PC,HR,2004,91.3,,
ESTAT:DEMO_NIND(1.0),30/04/26 23:00:00,A,FMAR1PC,HR,2005,91.6,,
ESTAT:DEMO_NIND(1.0),30/04/26 23:00:00,A,FMAR1PC,HR,2006,91.3,,
ESTAT:DEMO_NIND(1.0),30/04/26 23:00:00,A,FMAR1PC,HR,2007,91.4,,
ESTAT:DEMO_NIND(1.0),30/04/26 23:00:00,A,FMAR1PC,HR,2008,91.6,,
ESTAT:DEMO_NIND(1.0),30/04/26 23:00:00,A,FMAR1PC,HR,2009,91.9,,
ESTAT:DEMO_NIND(1.0),30/04/26 23:00:00,A,FMAR1PC,HR,2010,91.6,,
ESTAT:DEMO_NIND(1.0),30/04/26 23:00:00,A,FMAR1PC,HR,2011,91.4,,
ESTAT:DEMO_NIND(1.0),30/04/26 23:00:00,A,FMAR1PC,HR,2012,90.8,,
ESTAT:DEMO_NIND(1.0),30/04/26 23:00:00,A,FMAR1PC,HR,2013,90.0,,
ESTAT:DEMO_NIND(1.0),30/04/26 23:00:00,A,FMAR1PC,HR,2014,89.1,,
ESTAT:DEMO_NIND(1.0),30/04/26 23:00:00,A,FMAR1PC,HR,2015,88.5,,
ESTAT:DEMO_NIND(1.0),30/04/26 23:00:00,A,FMAR1PC,HR,2016,88.4,,
ESTAT:DEMO_NIND(1.0),30/04/26 23:00:00,A,FMAR1PC,HR,2017,88.4,,
ESTAT:DEMO_NIND(1.0),30/04/26 23:00:00,A,FMAR1PC,HR,2018,87.4,,
ESTAT:DEMO_NIND(1.0),30/04/26 23:00:00,A,FMAR1PC,HR,2019,87.7,,
ESTAT:DEMO_NIND(1.0),30/04/26 23:00:00,A,FMAR1PC,HR,2020,87.8,,
ESTAT:DEMO_NIND(1.0),30/04/26 23:00:00,A,FMAR1PC,HR,2021,87.9,,
ESTAT:DEMO_NIND(1.0),30/04/26 23:00:00,A,FMAR1PC,HR,2022,87.8,,
ESTAT:DEMO_NIND(1.0),30/04/26 23:00:00,A,FMAR1PC,HR,2023,87.7,,
ESTAT:DEMO_NIND(1.0),30/04/26 23:00:00,A,FMAR1PC,HR,2024,88.6,,
ESTAT:DEMO_NIND(1.0),30/04/26 23:00:00,A,FMAR1PC,HU,1995,80.5,,
ESTAT:DEMO_NIND(1.0),30/04/26 23:00:00,A,FMAR1PC,HU,1996,81.2,,
ESTAT:DEMO_NIND(1.0),30/04/26 23:00:00,A,FMAR1PC,HU,1997,79.7,,
ESTAT:DEMO_NIND(1.0),30/04/26 23:00:00,A,FMAR1PC,HU,1998,80.6,,
ESTAT:DEMO_NIND(1.0),30/04/26 23:00:00,A,FMAR1PC,HU,1999,79.8,,
ESTAT:DEMO_NIND(1.0),30/04/26 23:00:00,A,FMAR1PC,HU,2000,79.6,,
ESTAT:DEMO_NIND(1.0),30/04/26 23:00:00,A,FMAR1PC,HU,2001,77.5,,
ESTAT:DEMO_NIND(1.0),30/04/26 23:00:00,A,FMAR1PC,HU,2002,78.3,,
ESTAT:DEMO_NIND(1.0),30/04/26 23:00:00,A,FMAR1PC,HU,2003,78.7,,
ESTAT:DEMO_NIND(1.0),30/04/26 23:00:00,A,FMAR1PC,HU,2004,78.3,,
ESTAT:DEMO_NIND(1.0),30/04/26 23:00:00,A,FMAR1PC,HU,2005,79.2,,
ESTAT:DEMO_NIND(1.0),30/04/26 23:00:00,A,FMAR1PC,HU,2006,78.7,,
ESTAT:DEMO_NIND(1.0),30/04/26 23:00:00,A,FMAR1PC,HU,2007,78.8,,
ESTAT:DEMO_NIND(1.0),30/04/26 23:00:00,A,FMAR1PC,HU,2008,78.0,,
ESTAT:DEMO_NIND(1.0),30/04/26 23:00:00,A,FMAR1PC,HU,2009,77.6,,
ESTAT:DEMO_NIND(1.0),30/04/26 23:00:00,A,FMAR1PC,HU,2010,77.1,,
ESTAT:DEMO_NIND(1.0),30/04/26 23:00:00,A,FMAR1PC,HU,2011,76.0,,
ESTAT:DEMO_NIND(1.0),30/04/26 23:00:00,A,FMAR1PC,HU,2012,76.7,,
ESTAT:DEMO_NIND(1.0),30/04/26 23:00:00,A,FMAR1PC,HU,2013,76.7,,
ESTAT:DEMO_NIND(1.0),30/04/26 23:00:00,A,FMAR1PC,HU,2014,76.8,,
ESTAT:DEMO_NIND(1.0),30/04/26 23:00:00,A,FMAR1PC,HU,2015,78.1,,
ESTAT:DEMO_NIND(1.0),30/04/26 23:00:00,A,FMAR1PC,HU,2016,78.6,,
ESTAT:DEMO_NIND(1.0),30/04/26 23:00:00,A,FMAR1PC,HU,2017,78.6,,
ESTAT:DEMO_NIND(1.0),30/04/26 23:00:00,A,FMAR1PC,HU,2018,78.7,,
ESTAT:DEMO_NIND(1.0),30/04/26 23:00:00,A,FMAR1PC,HU,2019,82.4,,
ESTAT:DEMO_NIND(1.0),30/04/26 23:00:00,A,FMAR1PC,HU,2020,83.8,,
ESTAT:DEMO_NIND(1.0),30/04/26 23:00:00,A,FMAR1PC,HU,2021,83.0,,
ESTAT:DEMO_NIND(1.0),30/04/26 23:00:00,A,FMAR1PC,HU,2022,80.9,,
ESTAT:DEMO_NIND(1.0),30/04/26 23:00:00,A,FMAR1PC,HU,2023,78.6,,
ESTAT:DEMO_NIND(1.0),30/04/26 23:00:00,A,FMAR1PC,HU,2024,79.2,,
ESTAT:DEMO_NIND(1.0),30/04/26 23:00:00,A,FMAR1PC,IE,1960,98.7,,
ESTAT:DEMO_NIND(1.0),30/04/26 23:00:00,A,FMAR1PC,IE,1961,98.7,,
ESTAT:DEMO_NIND(1.0),30/04/26 23:00:00,A,FMAR1PC,IE,1962,98.8,,
ESTAT:DEMO_NIND(1.0),30/04/26 23:00:00,A,FMAR1PC,IE,1963,98.9,,
ESTAT:DEMO_NIND(1.0),30/04/26 23:00:00,A,FMAR1PC,IE,1964,98.8,,
ESTAT:DEMO_NIND(1.0),30/04/26 23:00:00,A,FMAR1PC,IE,1965,98.9,,
ESTAT:DEMO_NIND(1.0),30/04/26 23:00:00,A,FMAR1PC,IE,1966,99.3,,
ESTAT:DEMO_NIND(1.0),30/04/26 23:00:00,A,FMAR1PC,IE,1967,99.2,,
ESTAT:DEMO_NIND(1.0),30/04/26 23:00:00,A,FMAR1PC,IE,1968,99.1,,
ESTAT:DEMO_NIND(1.0),30/04/26 23:00:00,A,FMAR1PC,IE,1969,99.2,,
ESTAT:DEMO_NIND(1.0),30/04/26 23:00:00,A,FMAR1PC,IE,1970,99.2,,
ESTAT:DEMO_NIND(1.0),30/04/26 23:00:00,A,FMAR1PC,IE,1971,99.2,,
ESTAT:DEMO_NIND(1.0),30/04/26 23:00:00,A,FMAR1PC,IE,1972,99.1,,
ESTAT:DEMO_NIND(1.0),30/04/26 23:00:00,A,FMAR1PC,IE,1973,99.2,,
ESTAT:DEMO_NIND(1.0),30/04/26 23:00:00,A,FMAR1PC,IE,1974,99.3,,
ESTAT:DEMO_NIND(1.0),30/04/26 23:00:00,A,FMAR1PC,IE,1975,99.3,,
ESTAT:DEMO_NIND(1.0),30/04/26 23:00:00,A,FMAR1PC,IE,1976,99.1,,
ESTAT:DEMO_NIND(1.0),30/04/26 23:00:00,A,FMAR1PC,IE,1977,98.9,,
ESTAT:DEMO_NIND(1.0),30/04/26 23:00:00,A,FMAR1PC,IE,1978,99.0,,
ESTAT:DEMO_NIND(1.0),30/04/26 23:00:00,A,FMAR1PC,IE,1979,99.1,,
ESTAT:DEMO_NIND(1.0),30/04/26 23:00:00,A,FMAR1PC,IE,1980,99.1,,
ESTAT:DEMO_NIND(1.0),30/04/26 23:00:00,A,FMAR1PC,IE,1981,99.1,,
ESTAT:DEMO_NIND(1.0),30/04/26 23:00:00,A,FMAR1PC,IE,1982,99.1,,
ESTAT:DEMO_NIND(1.0),30/04/26 23:00:00,A,FMAR1PC,IE,1983,99.2,,
ESTAT:DEMO_NIND(1.0),30/04/26 23:00:00,A,FMAR1PC,IE,1984,99.2,,
ESTAT:DEMO_NIND(1.0),30/04/26 23:00:00,A,FMAR1PC,IE,1985,99.2,,
ESTAT:DEMO_NIND(1.0),30/04/26 23:00:00,A,FMAR1PC,IE,1986,99.2,,
ESTAT:DEMO_NIND(1.0),30/04/26 23:00:00,A,FMAR1PC,IE,1987,99.2,,
ESTAT:DEMO_NIND(1.0),30/04/26 23:00:00,A,FMAR1PC,IE,1988,99.1,,
ESTAT:DEMO_NIND(1.0),30/04/26 23:00:00,A,FMAR1PC,IE,1989,99.3,,
ESTAT:DEMO_NIND(1.0),30/04/26 23:00:00,A,FMAR1PC,IE,1990,99.3,,
ESTAT:DEMO_NIND(1.0),30/04/26 23:00:00,A,FMAR1PC,IE,1991,99.4,,
ESTAT:DEMO_NIND(1.0),30/04/26 23:00:00,A,FMAR1PC,IE,1992,99.2,,
ESTAT:DEMO_NIND(1.0),30/04/26 23:00:00,A,FMAR1PC,IE,1993,99.3,,
ESTAT:DEMO_NIND(1.0),30/04/26 23:00:00,A,FMAR1PC,IE,1994,99.2,,
ESTAT:DEMO_NIND(1.0),30/04/26 23:00:00,A,FMAR1PC,IE,1995,99.4,,
ESTAT:DEMO_NIND(1.0),30/04/26 23:00:00,A,FMAR1PC,IE,1996,99.4,,
ESTAT:DEMO_NIND(1.0),30/04/26 23:00:00,A,FMAR1PC,IE,2005,93.9,,
ESTAT:DEMO_NIND(1.0),30/04/26 23:00:00,A,FMAR1PC,IE,2006,93.8,,
ESTAT:DEMO_NIND(1.0),30/04/26 23:00:00,A,FMAR1PC,IE,2007,93.7,,
ESTAT:DEMO_NIND(1.0),30/04/26 23:00:00,A,FMAR1PC,IE,2009,93.1,,
ESTAT:DEMO_NIND(1.0),30/04/26 23:00:00,A,FMAR1PC,IE,2010,93.7,,
ESTAT:DEMO_NIND(1.0),30/04/26 23:00:00,A,FMAR1PC,IE,2011,93.3,,
ESTAT:DEMO_NIND(1.0),30/04/26 23:00:00,A,FMAR1PC,IE,2013,93.4,,
ESTAT:DEMO_NIND(1.0),30/04/26 23:00:00,A,FMAR1PC,IE,2014,93.4,,
ESTAT:DEMO_NIND(1.0),30/04/26 23:00:00,A,FMAR1PC,IE,2015,93.1,,
ESTAT:DEMO_NIND(1.0),30/04/26 23:00:00,A,FMAR1PC,IE,2016,91.5,,
ESTAT:DEMO_NIND(1.0),30/04/26 23:00:00,A,FMAR1PC,IS,1960,94.0,,
ESTAT:DEMO_NIND(1.0),30/04/26 23:00:00,A,FMAR1PC,IS,1961,92.7,,
ESTAT:DEMO_NIND(1.0),30/04/26 23:00:00,A,FMAR1PC,IS,1962,92.6,,
ESTAT:DEMO_NIND(1.0),30/04/26 23:00:00,A,FMAR1PC,IS,1963,92.7,,
ESTAT:DEMO_NIND(1.0),30/04/26 23:00:00,A,FMAR1PC,IS,1964,93.1,,
ESTAT:DEMO_NIND(1.0),30/04/26 23:00:00,A,FMAR1PC,IS,1965,92.7,,
ESTAT:DEMO_NIND(1.0),30/04/26 23:00:00,A,FMAR1PC,IS,1966,92.1,,
ESTAT:DEMO_NIND(1.0),30/04/26 23:00:00,A,FMAR1PC,IS,1967,91.7,,
ESTAT:DEMO_NIND(1.0),30/04/26 23:00:00,A,FMAR1PC,IS,1968,93.2,,
ESTAT:DEMO_NIND(1.0),30/04/26 23:00:00,A,FMAR1PC,IS,1969,91.2,,
ESTAT:DEMO_NIND(1.0),30/04/26 23:00:00,A,FMAR1PC,IS,1970,90.9,,
ESTAT:DEMO_NIND(1.0),30/04/26 23:00:00,A,FMAR1PC,IS,1971,89.4,,
ESTAT:DEMO_NIND(1.0),30/04/26 23:00:00,A,FMAR1PC,IS,1972,89.5,,
ESTAT:DEMO_NIND(1.0),30/04/26 23:00:00,A,FMAR1PC,IS,1973,88.5,,
ESTAT:DEMO_NIND(1.0),30/04/26 23:00:00,A,FMAR1PC,IS,1974,86.7,,
ESTAT:DEMO_NIND(1.0),30/04/26 23:00:00,A,FMAR1PC,IS,1975,88.2,,
ESTAT:DEMO_NIND(1.0),30/04/26 23:00:00,A,FMAR1PC,IS,1976,87.8,,
ESTAT:DEMO_NIND(1.0),30/04/26 23:00:00,A,FMAR1PC,IS,1977,86.2,,
ESTAT:DEMO_NIND(1.0),30/04/26 23:00:00,A,FMAR1PC,IS,1978,86.2,,
ESTAT:DEMO_NIND(1.0),30/04/26 23:00:00,A,FMAR1PC,IS,1979,85.9,,
ESTAT:DEMO_NIND(1.0),30/04/26 23:00:00,A,FMAR1PC,IS,1980,84.9,,
ESTAT:DEMO_NIND(1.0),30/04/26 23:00:00,A,FMAR1PC,IS,1981,84.7,,
ESTAT:DEMO_NIND(1.0),30/04/26 23:00:00,A,FMAR1PC,IS,1982,84.3,,
ESTAT:DEMO_NIND(1.0),30/04/26 23:00:00,A,FMAR1PC,IS,1983,85.2,,
ESTAT:DEMO_NIND(1.0),30/04/26 23:00:00,A,FMAR1PC,IS,1984,82.8,,
ESTAT:DEMO_NIND(1.0),30/04/26 23:00:00,A,FMAR1PC,IS,1985,86.4,,
ESTAT:DEMO_NIND(1.0),30/04/26 23:00:00,A,FMAR1PC,IS,1986,83.9,,
ESTAT:DEMO_NIND(1.0),30/04/26 23:00:00,A,FMAR1PC,IS,1987,84.0,,
ESTAT:DEMO_NIND(1.0),30/04/26 23:00:00,A,FMAR1PC,IS,1988,85.7,,
ESTAT:DEMO_NIND(1.0),30/04/26 23:00:00,A,FMAR1PC,IS,1989,83.9,,
ESTAT:DEMO_NIND(1.0),30/04/26 23:00:00,A,FMAR1PC,IS,1990,81.3,,
ESTAT:DEMO_NIND(1.0),30/04/26 23:00:00,A,FMAR1PC,IS,1991,83.8,,
ESTAT:DEMO_NIND(1.0),30/04/26 23:00:00,A,FMAR1PC,IS,1992,84.3,,
ESTAT:DEMO_NIND(1.0),30/04/26 23:00:00,A,FMAR1PC,IS,1993,84.0,,
ESTAT:DEMO_NIND(1.0),30/04/26 23:00:00,A,FMAR1PC,IS,1994,82.4,,
ESTAT:DEMO_NIND(1.0),30/04/26 23:00:00,A,FMAR1PC,IS,1995,83.5,,
ESTAT:DEMO_NIND(1.0),30/04/26 23:00:00,A,FMAR1PC,IS,1996,82.4,,
ESTAT:DEMO_NIND(1.0),30/04/26 23:00:00,A,FMAR1PC,IS,1997,81.4,,
ESTAT:DEMO_NIND(1.0),30/04/26 23:00:00,A,FMAR1PC,IS,1998,82.9,,
ESTAT:DEMO_NIND(1.0),30/04/26 23:00:00,A,FMAR1PC,IS,1999,82.4,,
ESTAT:DEMO_NIND(1.0),30/04/26 23:00:00,A,FMAR1PC,IS,2000,82.7,,
ESTAT:DEMO_NIND(1.0),30/04/26 23:00:00,A,FMAR1PC,IS,2001,83.0,,
ESTAT:DEMO_NIND(1.0),30/04/26 23:00:00,A,FMAR1PC,IS,2002,83.4,,
ESTAT:DEMO_NIND(1.0),30/04/26 23:00:00,A,FMAR1PC,IS,2003,84.7,,
ESTAT:DEMO_NIND(1.0),30/04/26 23:00:00,A,FMAR1PC,IS,2004,81.4,,
ESTAT:DEMO_NIND(1.0),30/04/26 23:00:00,A,FMAR1PC,IS,2005,82.3,,
ESTAT:DEMO_NIND(1.0),30/04/26 23:00:00,A,FMAR1PC,IS,2006,83.2,,
ESTAT:DEMO_NIND(1.0),30/04/26 23:00:00,A,FMAR1PC,IS,2007,83.0,,
ESTAT:DEMO_NIND(1.0),30/04/26 23:00:00,A,FMAR1PC,IS,2010,78.2,,
ESTAT:DEMO_NIND(1.0),30/04/26 23:00:00,A,FMAR1PC,IS,2011,80.3,,
ESTAT:DEMO_NIND(1.0),30/04/26 23:00:00,A,FMAR1PC,IS,2012,81.9,,
ESTAT:DEMO_NIND(1.0),30/04/26 23:00:00,A,FMAR1PC,IS,2013,79.8,,
ESTAT:DEMO_NIND(1.0),30/04/26 23:00:00,A,FMAR1PC,IS,2014,81.5,,
ESTAT:DEMO_NIND(1.0),30/04/26 23:00:00,A,FMAR1PC,IS,2015,80.4,,
ESTAT:DEMO_NIND(1.0),30/04/26 23:00:00,A,FMAR1PC,IS,2016,79.3,,
ESTAT:DEMO_NIND(1.0),30/04/26 23:00:00,A,FMAR1PC,IS,2017,80.8,,
ESTAT:DEMO_NIND(1.0),30/04/26 23:00:00,A,FMAR1PC,IS,2018,78.2,,
ESTAT:DEMO_NIND(1.0),30/04/26 23:00:00,A,FMAR1PC,IS,2019,69.0,,
ESTAT:DEMO_NIND(1.0),30/04/26 23:00:00,A,FMAR1PC,IS,2020,73.3,,
ESTAT:DEMO_NIND(1.0),30/04/26 23:00:00,A,FMAR1PC,IT,1960,98.9,,
ESTAT:DEMO_NIND(1.0),30/04/26 23:00:00,A,FMAR1PC,IT,1961,98.8,,
ESTAT:DEMO_NIND(1.0),30/04/26 23:00:00,A,FMAR1PC,IT,1962,99.0,,
ESTAT:DEMO_NIND(1.0),30/04/26 23:00:00,A,FMAR1PC,IT,1963,99.0,,
ESTAT:DEMO_NIND(1.0),30/04/26 23:00:00,A,FMAR1PC,IT,1964,98.9,,
ESTAT:DEMO_NIND(1.0),30/04/26 23:00:00,A,FMAR1PC,IT,1965,99.0,,
ESTAT:DEMO_NIND(1.0),30/04/26 23:00:00,A,FMAR1PC,IT,1966,98.9,,
ESTAT:DEMO_NIND(1.0),30/04/26 23:00:00,A,FMAR1PC,IT,1967,99.0,,
ESTAT:DEMO_NIND(1.0),30/04/26 23:00:00,A,FMAR1PC,IT,1968,98.9,,
ESTAT:DEMO_NIND(1.0),30/04/26 23:00:00,A,FMAR1PC,IT,1969,99.0,,
ESTAT:DEMO_NIND(1.0),30/04/26 23:00:00,A,FMAR1PC,IT,1970,99.0,,
ESTAT:DEMO_NIND(1.0),30/04/26 23:00:00,A,FMAR1PC,IT,1971,98.6,,
ESTAT:DEMO_NIND(1.0),30/04/26 23:00:00,A,FMAR1PC,IT,1972,97.6,,
ESTAT:DEMO_NIND(1.0),30/04/26 23:00:00,A,FMAR1PC,IT,1973,97.6,,
ESTAT:DEMO_NIND(1.0),30/04/26 23:00:00,A,FMAR1PC,IT,1974,97.7,,
ESTAT:DEMO_NIND(1.0),30/04/26 23:00:00,A,FMAR1PC,IT,1975,98.1,,
ESTAT:DEMO_NIND(1.0),30/04/26 23:00:00,A,FMAR1PC,IT,1976,98.0,,
ESTAT:DEMO_NIND(1.0),30/04/26 23:00:00,A,FMAR1PC,IT,1977,98.2,,
ESTAT:DEMO_NIND(1.0),30/04/26 23:00:00,A,FMAR1PC,IT,1978,97.9,,
ESTAT:DEMO_NIND(1.0),30/04/26 23:00:00,A,FMAR1PC,IT,1979,97.9,,
ESTAT:DEMO_NIND(1.0),30/04/26 23:00:00,A,FMAR1PC,IT,1980,97.8,,
ESTAT:DEMO_NIND(1.0),30/04/26 23:00:00,A,FMAR1PC,IT,1981,98.0,,
ESTAT:DEMO_NIND(1.0),30/04/26 23:00:00,A,FMAR1PC,IT,1982,97.9,,
ESTAT:DEMO_NIND(1.0),30/04/26 23:00:00,A,FMAR1PC,IT,1983,97.8,,
ESTAT:DEMO_NIND(1.0),30/04/26 23:00:00,A,FMAR1PC,IT,1984,97.9,,
ESTAT:DEMO_NIND(1.0),30/04/26 23:00:00,A,FMAR1PC,IT,1985,97.9,,
ESTAT:DEMO_NIND(1.0),30/04/26 23:00:00,A,FMAR1PC,IT,1986,97.8,,
ESTAT:DEMO_NIND(1.0),30/04/26 23:00:00,A,FMAR1PC,IT,1987,97.6,,
ESTAT:DEMO_NIND(1.0),30/04/26 23:00:00,A,FMAR1PC,IT,1988,96.9,,
ESTAT:DEMO_NIND(1.0),30/04/26 23:00:00,A,FMAR1PC,IT,1989,96.6,,
ESTAT:DEMO_NIND(1.0),30/04/26 23:00:00,A,FMAR1PC,IT,1990,96.7,,
ESTAT:DEMO_NIND(1.0),30/04/26 23:00:00,A,FMAR1PC,IT,1991,96.4,,
ESTAT:DEMO_NIND(1.0),30/04/26 23:00:00,A,FMAR1PC,IT,1992,96.2,,
ESTAT:DEMO_NIND(1.0),30/04/26 23:00:00,A,FMAR1PC,IT,1993,96.3,,
ESTAT:DEMO_NIND(1.0),30/04/26 23:00:00,A,FMAR1PC,IT,1994,96.0,,
ESTAT:DEMO_NIND(1.0),30/04/26 23:00:00,A,FMAR1PC,IT,1995,95.7,,
ESTAT:DEMO_NIND(1.0),30/04/26 23:00:00,A,FMAR1PC,IT,1996,95.6,,
ESTAT:DEMO_NIND(1.0),30/04/26 23:00:00,A,FMAR1PC,IT,1998,95.2,,
ESTAT:DEMO_NIND(1.0),30/04/26 23:00:00,A,FMAR1PC,IT,1999,94.9,,
ESTAT:DEMO_NIND(1.0),30/04/26 23:00:00,A,FMAR1PC,IT,2000,94.6,,
ESTAT:DEMO_NIND(1.0),30/04/26 23:00:00,A,FMAR1PC,IT,2001,94.4,,
ESTAT:DEMO_NIND(1.0),30/04/26 23:00:00,A,FMAR1PC,IT,2002,93.7,,
ESTAT:DEMO_NIND(1.0),30/04/26 23:00:00,A,FMAR1PC,IT,2003,93.4,,
ESTAT:DEMO_NIND(1.0),30/04/26 23:00:00,A,FMAR1PC,IT,2004,92.8,,
ESTAT:DEMO_NIND(1.0),30/04/26 23:00:00,A,FMAR1PC,IT,2005,92.6,,
ESTAT:DEMO_NIND(1.0),30/04/26 23:00:00,A,FMAR1PC,IT,2006,92.2,,
ESTAT:DEMO_NIND(1.0),30/04/26 23:00:00,A,FMAR1PC,IT,2007,92.1,,
ESTAT:DEMO_NIND(1.0),30/04/26 23:00:00,A,FMAR1PC,IT,2008,91.6,,
ESTAT:DEMO_NIND(1.0),30/04/26 23:00:00,A,FMAR1PC,IT,2009,91.4,,
ESTAT:DEMO_NIND(1.0),30/04/26 23:00:00,A,FMAR1PC,IT,2010,91.2,,
ESTAT:DEMO_NIND(1.0),30/04/26 23:00:00,A,FMAR1PC,IT,2011,90.9,,
ESTAT:DEMO_NIND(1.0),30/04/26 23:00:00,A,FMAR1PC,IT,2013,90.4,,
ESTAT:DEMO_NIND(1.0),30/04/26 23:00:00,A,FMAR1PC,IT,2014,89.9,,
ESTAT:DEMO_NIND(1.0),30/04/26 23:00:00,A,FMAR1PC,IT,2015,89.5,,
ESTAT:DEMO_NIND(1.0),30/04/26 23:00:00,A,FMAR1PC,IT,2016,88.8,,
ESTAT:DEMO_NIND(1.0),30/04/26 23:00:00,A,FMAR1PC,IT,2017,87.5,,
ESTAT:DEMO_NIND(1.0),30/04/26 23:00:00,A,FMAR1PC,IT,2018,87.6,,
ESTAT:DEMO_NIND(1.0),30/04/26 23:00:00,A,FMAR1PC,IT,2019,87.0,,
ESTAT:DEMO_NIND(1.0),30/04/26 23:00:00,A,FMAR1PC,IT,2020,81.8,,
ESTAT:DEMO_NIND(1.0),30/04/26 23:00:00,A,FMAR1PC,IT,2021,86.4,,
ESTAT:DEMO_NIND(1.0),30/04/26 23:00:00,A,FMAR1PC,IT,2022,85.3,,
ESTAT:DEMO_NIND(1.0),30/04/26 23:00:00,A,FMAR1PC,IT,2023,84.3,,
ESTAT:DEMO_NIND(1.0),30/04/26 23:00:00,A,FMAR1PC,IT,2024,83.9,,
ESTAT:DEMO_NIND(1.0),30/04/26 23:00:00,A,FMAR1PC,LI,2000,75.4,,
ESTAT:DEMO_NIND(1.0),30/04/26 23:00:00,A,FMAR1PC,LI,2001,76.4,,
ESTAT:DEMO_NIND(1.0),30/04/26 23:00:00,A,FMAR1PC,LI,2002,79.8,,
ESTAT:DEMO_NIND(1.0),30/04/26 23:00:00,A,FMAR1PC,LI,2003,78.5,,
ESTAT:DEMO_NIND(1.0),30/04/26 23:00:00,A,FMAR1PC,LI,2004,81.1,,
ESTAT:DEMO_NIND(1.0),30/04/26 23:00:00,A,FMAR1PC,LI,2005,80.9,,
ESTAT:DEMO_NIND(1.0),30/04/26 23:00:00,A,FMAR1PC,LI,2006,78.8,,
ESTAT:DEMO_NIND(1.0),30/04/26 23:00:00,A,FMAR1PC,LI,2011,81.6,,
ESTAT:DEMO_NIND(1.0),30/04/26 23:00:00,A,FMAR1PC,LI,2012,85.9,,
ESTAT:DEMO_NIND(1.0),30/04/26 23:00:00,A,FMAR1PC,LT,1995,82.3,,
ESTAT:DEMO_NIND(1.0),30/04/26 23:00:00,A,FMAR1PC,LT,1996,81.5,,
ESTAT:DEMO_NIND(1.0),30/04/26 23:00:00,A,FMAR1PC,LT,1997,81.7,,
ESTAT:DEMO_NIND(1.0),30/04/26 23:00:00,A,FMAR1PC,LT,1998,81.0,,
ESTAT:DEMO_NIND(1.0),30/04/26 23:00:00,A,FMAR1PC,LT,1999,80.5,,
ESTAT:DEMO_NIND(1.0),30/04/26 23:00:00,A,FMAR1PC,LT,2000,79.7,,
ESTAT:DEMO_NIND(1.0),30/04/26 23:00:00,A,FMAR1PC,LT,2001,79.9,,
ESTAT:DEMO_NIND(1.0),30/04/26 23:00:00,A,FMAR1PC,LT,2002,79.7,,
ESTAT:DEMO_NIND(1.0),30/04/26 23:00:00,A,FMAR1PC,LT,2003,80.2,,
ESTAT:DEMO_NIND(1.0),30/04/26 23:00:00,A,FMAR1PC,LT,2004,79.2,,
ESTAT:DEMO_NIND(1.0),30/04/26 23:00:00,A,FMAR1PC,LT,2005,79.1,,
ESTAT:DEMO_NIND(1.0),30/04/26 23:00:00,A,FMAR1PC,LT,2006,78.3,,
ESTAT:DEMO_NIND(1.0),30/04/26 23:00:00,A,FMAR1PC,LT,2007,77.6,,
ESTAT:DEMO_NIND(1.0),30/04/26 23:00:00,A,FMAR1PC,LT,2008,78.1,,
ESTAT:DEMO_NIND(1.0),30/04/26 23:00:00,A,FMAR1PC,LT,2009,79.7,,
ESTAT:DEMO_NIND(1.0),30/04/26 23:00:00,A,FMAR1PC,LT,2010,80.0,,
ESTAT:DEMO_NIND(1.0),30/04/26 23:00:00,A,FMAR1PC,LT,2011,78.8,,
ESTAT:DEMO_NIND(1.0),30/04/26 23:00:00,A,FMAR1PC,LT,2012,79.4,,
ESTAT:DEMO_NIND(1.0),30/04/26 23:00:00,A,FMAR1PC,LT,2013,78.7,,
ESTAT:DEMO_NIND(1.0),30/04/26 23:00:00,A,FMAR1PC,LT,2014,78.1,,
ESTAT:DEMO_NIND(1.0),30/04/26 23:00:00,A,FMAR1PC,LT,2015,78.4,,
ESTAT:DEMO_NIND(1.0),30/04/26 23:00:00,A,FMAR1PC,LT,2016,77.0,,
ESTAT:DEMO_NIND(1.0),30/04/26 23:00:00,A,FMAR1PC,LT,2017,76.1,,
ESTAT:DEMO_NIND(1.0),30/04/26 23:00:00,A,FMAR1PC,LT,2018,75.3,,
ESTAT:DEMO_NIND(1.0),30/04/26 23:00:00,A,FMAR1PC,LT,2019,74.2,,
ESTAT:DEMO_NIND(1.0),30/04/26 23:00:00,A,FMAR1PC,LT,2020,74.0,,
ESTAT:DEMO_NIND(1.0),30/04/26 23:00:00,A,FMAR1PC,LT,2021,74.8,,
ESTAT:DEMO_NIND(1.0),30/04/26 23:00:00,A,FMAR1PC,LT,2022,76.5,,
ESTAT:DEMO_NIND(1.0),30/04/26 23:00:00,A,FMAR1PC,LT,2023,76.3,,
ESTAT:DEMO_NIND(1.0),30/04/26 23:00:00,A,FMAR1PC,LT,2024,76.1,,
ESTAT:DEMO_NIND(1.0),30/04/26 23:00:00,A,FMAR1PC,LU,1960,94.3,,
ESTAT:DEMO_NIND(1.0),30/04/26 23:00:00,A,FMAR1PC,LU,1961,94.0,,
ESTAT:DEMO_NIND(1.0),30/04/26 23:00:00,A,FMAR1PC,LU,1962,92.9,,
ESTAT:DEMO_NIND(1.0),30/04/26 23:00:00,A,FMAR1PC,LU,1963,92.9,,
ESTAT:DEMO_NIND(1.0),30/04/26 23:00:00,A,FMAR1PC,LU,1964,94.0,,
ESTAT:DEMO_NIND(1.0),30/04/26 23:00:00,A,FMAR1PC,LU,1965,93.1,,
ESTAT:DEMO_NIND(1.0),30/04/26 23:00:00,A,FMAR1PC,LU,1966,93.6,,
ESTAT:DEMO_NIND(1.0),30/04/26 23:00:00,A,FMAR1PC,LU,1967,92.6,,
ESTAT:DEMO_NIND(1.0),30/04/26 23:00:00,A,FMAR1PC,LU,1968,93.0,,
ESTAT:DEMO_NIND(1.0),30/04/26 23:00:00,A,FMAR1PC,LU,1969,92.2,,
ESTAT:DEMO_NIND(1.0),30/04/26 23:00:00,A,FMAR1PC,LU,1970,92.3,,
ESTAT:DEMO_NIND(1.0),30/04/26 23:00:00,A,FMAR1PC,LU,1971,92.6,,
ESTAT:DEMO_NIND(1.0),30/04/26 23:00:00,A,FMAR1PC,LU,1972,91.1,,
ESTAT:DEMO_NIND(1.0),30/04/26 23:00:00,A,FMAR1PC,LU,1973,92.1,,
ESTAT:DEMO_NIND(1.0),30/04/26 23:00:00,A,FMAR1PC,LU,1974,92.5,,
ESTAT:DEMO_NIND(1.0),30/04/26 23:00:00,A,FMAR1PC,LU,1975,89.6,,
ESTAT:DEMO_NIND(1.0),30/04/26 23:00:00,A,FMAR1PC,LU,1976,90.0,,
ESTAT:DEMO_NIND(1.0),30/04/26 23:00:00,A,FMAR1PC,LU,1977,89.6,,
ESTAT:DEMO_NIND(1.0),30/04/26 23:00:00,A,FMAR1PC,LU,1978,88.2,,
ESTAT:DEMO_NIND(1.0),30/04/26 23:00:00,A,FMAR1PC,LU,1979,87.4,,
ESTAT:DEMO_NIND(1.0),30/04/26 23:00:00,A,FMAR1PC,LU,1980,87.9,,
ESTAT:DEMO_NIND(1.0),30/04/26 23:00:00,A,FMAR1PC,LU,1981,87.3,,
ESTAT:DEMO_NIND(1.0),30/04/26 23:00:00,A,FMAR1PC,LU,1982,85.6,,
ESTAT:DEMO_NIND(1.0),30/04/26 23:00:00,A,FMAR1PC,LU,1983,85.5,,
ESTAT:DEMO_NIND(1.0),30/04/26 23:00:00,A,FMAR1PC,LU,1984,85.8,,
ESTAT:DEMO_NIND(1.0),30/04/26 23:00:00,A,FMAR1PC,LU,1985,85.0,,
ESTAT:DEMO_NIND(1.0),30/04/26 23:00:00,A,FMAR1PC,LU,1986,82.2,,
ESTAT:DEMO_NIND(1.0),30/04/26 23:00:00,A,FMAR1PC,LU,1987,83.5,,
ESTAT:DEMO_NIND(1.0),30/04/26 23:00:00,A,FMAR1PC,LU,1988,82.6,,
ESTAT:DEMO_NIND(1.0),30/04/26 23:00:00,A,FMAR1PC,LU,1989,81.6,,
ESTAT:DEMO_NIND(1.0),30/04/26 23:00:00,A,FMAR1PC,LU,1990,81.7,,
ESTAT:DEMO_NIND(1.0),30/04/26 23:00:00,A,FMAR1PC,LU,1991,79.4,,
ESTAT:DEMO_NIND(1.0),30/04/26 23:00:00,A,FMAR1PC,LU,1992,80.5,,
ESTAT:DEMO_NIND(1.0),30/04/26 23:00:00,A,FMAR1PC,LU,1993,80.6,,
ESTAT:DEMO_NIND(1.0),30/04/26 23:00:00,A,FMAR1PC,LU,1994,81.0,,
ESTAT:DEMO_NIND(1.0),30/04/26 23:00:00,A,FMAR1PC,LU,1995,80.2,,
ESTAT:DEMO_NIND(1.0),30/04/26 23:00:00,A,FMAR1PC,LU,1996,81.4,,
ESTAT:DEMO_NIND(1.0),30/04/26 23:00:00,A,FMAR1PC,LU,1997,78.8,,
ESTAT:DEMO_NIND(1.0),30/04/26 23:00:00,A,FMAR1PC,LU,1998,77.0,,
ESTAT:DEMO_NIND(1.0),30/04/26 23:00:00,A,FMAR1PC,LU,1999,76.8,,
ESTAT:DEMO_NIND(1.0),30/04/26 23:00:00,A,FMAR1PC,LU,2000,76.7,,
ESTAT:DEMO_NIND(1.0),30/04/26 23:00:00,A,FMAR1PC,LU,2001,74.2,,
ESTAT:DEMO_NIND(1.0),30/04/26 23:00:00,A,FMAR1PC,LU,2002,76.6,,
ESTAT:DEMO_NIND(1.0),30/04/26 23:00:00,A,FMAR1PC,LU,2003,75.9,,
ESTAT:DEMO_NIND(1.0),30/04/26 23:00:00,A,FMAR1PC,LU,2004,76.3,,
ESTAT:DEMO_NIND(1.0),30/04/26 23:00:00,A,FMAR1PC,LU,2005,76.7,,
ESTAT:DEMO_NIND(1.0),30/04/26 23:00:00,A,FMAR1PC,LU,2006,75.7,,
ESTAT:DEMO_NIND(1.0),30/04/26 23:00:00,A,FMAR1PC,LU,2007,75.7,,
ESTAT:DEMO_NIND(1.0),30/04/26 23:00:00,A,FMAR1PC,LU,2008,76.9,,
ESTAT:DEMO_NIND(1.0),30/04/26 23:00:00,A,FMAR1PC,LU,2009,75.3,,
ESTAT:DEMO_NIND(1.0),30/04/26 23:00:00,A,FMAR1PC,LU,2010,78.5,,
ESTAT:DEMO_NIND(1.0),30/04/26 23:00:00,A,FMAR1PC,LU,2011,78.9,,
ESTAT:DEMO_NIND(1.0),30/04/26 23:00:00,A,FMAR1PC,LU,2012,78.3,,
ESTAT:DEMO_NIND(1.0),30/04/26 23:00:00,A,FMAR1PC,LU,2013,75.9,,
ESTAT:DEMO_NIND(1.0),30/04/26 23:00:00,A,FMAR1PC,LU,2014,76.5,,
ESTAT:DEMO_NIND(1.0),30/04/26 23:00:00,A,FMAR1PC,LU,2015,76.0,,
ESTAT:DEMO_NIND(1.0),30/04/26 23:00:00,A,FMAR1PC,LU,2016,76.3,,
ESTAT:DEMO_NIND(1.0),30/04/26 23:00:00,A,FMAR1PC,LU,2017,76.6,,
ESTAT:DEMO_NIND(1.0),30/04/26 23:00:00,A,FMAR1PC,LU,2018,78.8,,
ESTAT:DEMO_NIND(1.0),30/04/26 23:00:00,A,FMAR1PC,LU,2019,78.3,,
ESTAT:DEMO_NIND(1.0),30/04/26 23:00:00,A,FMAR1PC,LU,2020,80.1,,
ESTAT:DEMO_NIND(1.0),30/04/26 23:00:00,A,FMAR1PC,LU,2021,80.3,,
ESTAT:DEMO_NIND(1.0),30/04/26 23:00:00,A,FMAR1PC,LU,2022,79.9,,
ESTAT:DEMO_NIND(1.0),30/04/26 23:00:00,A,FMAR1PC,LU,2023,81.6,,
ESTAT:DEMO_NIND(1.0),30/04/26 23:00:00,A,FMAR1PC,LU,2024,80.4,,
ESTAT:DEMO_NIND(1.0),30/04/26 23:00:00,A,FMAR1PC,LV,1990,72.6,,
ESTAT:DEMO_NIND(1.0),30/04/26 23:00:00,A,FMAR1PC,LV,1991,72.1,,
ESTAT:DEMO_NIND(1.0),30/04/26 23:00:00,A,FMAR1PC,LV,1992,70.1,,
ESTAT:DEMO_NIND(1.0),30/04/26 23:00:00,A,FMAR1PC,LV,1993,68.9,,
ESTAT:DEMO_NIND(1.0),30/04/26 23:00:00,A,FMAR1PC,LV,1994,71.8,,
ESTAT:DEMO_NIND(1.0),30/04/26 23:00:00,A,FMAR1PC,LV,1995,71.8,,
ESTAT:DEMO_NIND(1.0),30/04/26 23:00:00,A,FMAR1PC,LV,1996,71.3,,
ESTAT:DEMO_NIND(1.0),30/04/26 23:00:00,A,FMAR1PC,LV,1997,69.3,,
ESTAT:DEMO_NIND(1.0),30/04/26 23:00:00,A,FMAR1PC,LV,1998,68.6,,
ESTAT:DEMO_NIND(1.0),30/04/26 23:00:00,A,FMAR1PC,LV,1999,69.8,,
ESTAT:DEMO_NIND(1.0),30/04/26 23:00:00,A,FMAR1PC,LV,2000,70.5,,
ESTAT:DEMO_NIND(1.0),30/04/26 23:00:00,A,FMAR1PC,LV,2001,72.3,,
ESTAT:DEMO_NIND(1.0),30/04/26 23:00:00,A,FMAR1PC,LV,2002,73.1,,
ESTAT:DEMO_NIND(1.0),30/04/26 23:00:00,A,FMAR1PC,LV,2003,74.1,,
ESTAT:DEMO_NIND(1.0),30/04/26 23:00:00,A,FMAR1PC,LV,2004,74.7,,
ESTAT:DEMO_NIND(1.0),30/04/26 23:00:00,A,FMAR1PC,LV,2005,73.9,,
ESTAT:DEMO_NIND(1.0),30/04/26 23:00:00,A,FMAR1PC,LV,2006,73.2,,
ESTAT:DEMO_NIND(1.0),30/04/26 23:00:00,A,FMAR1PC,LV,2007,72.5,,
ESTAT:DEMO_NIND(1.0),30/04/26 23:00:00,A,FMAR1PC,LV,2008,73.6,,
ESTAT:DEMO_NIND(1.0),30/04/26 23:00:00,A,FMAR1PC,LV,2009,72.9,,
ESTAT:DEMO_NIND(1.0),30/04/26 23:00:00,A,FMAR1PC,LV,2010,74.4,,
ESTAT:DEMO_NIND(1.0),30/04/26 23:00:00,A,FMAR1PC,LV,2011,73.7,,
ESTAT:DEMO_NIND(1.0),30/04/26 23:00:00,A,FMAR1PC,LV,2012,72.9,,
ESTAT:DEMO_NIND(1.0),30/04/26 23:00:00,A,FMAR1PC,LV,2013,72.4,,
ESTAT:DEMO_NIND(1.0),30/04/26 23:00:00,A,FMAR1PC,LV,2014,71.5,,
ESTAT:DEMO_NIND(1.0),30/04/26 23:00:00,A,FMAR1PC,LV,2015,71.8,,
ESTAT:DEMO_NIND(1.0),30/04/26 23:00:00,A,FMAR1PC,LV,2016,72.0,,
ESTAT:DEMO_NIND(1.0),30/04/26 23:00:00,A,FMAR1PC,LV,2017,70.3,,
ESTAT:DEMO_NIND(1.0),30/04/26 23:00:00,A,FMAR1PC,LV,2018,68.2,,
ESTAT:DEMO_NIND(1.0),30/04/26 23:00:00,A,FMAR1PC,LV,2019,65.3,,
ESTAT:DEMO_NIND(1.0),30/04/26 23:00:00,A,FMAR1PC,LV,2020,66.6,,
ESTAT:DEMO_NIND(1.0),30/04/26 23:00:00,A,FMAR1PC,LV,2021,68.0,,
ESTAT:DEMO_NIND(1.0),30/04/26 23:00:00,A,FMAR1PC,LV,2022,67.0,,
ESTAT:DEMO_NIND(1.0),30/04/26 23:00:00,A,FMAR1PC,LV,2023,65.2,,
ESTAT:DEMO_NIND(1.0),30/04/26 23:00:00,A,FMAR1PC,LV,2024,66.3,,
ESTAT:DEMO_NIND(1.0),30/04/26 23:00:00,A,FMAR1PC,MD,2006,82.5,,
ESTAT:DEMO_NIND(1.0),30/04/26 23:00:00,A,FMAR1PC,MD,2008,83.1,,
ESTAT:DEMO_NIND(1.0),30/04/26 23:00:00,A,FMAR1PC,MD,2009,84.3,,
ESTAT:DEMO_NIND(1.0),30/04/26 23:00:00,A,FMAR1PC,MD,2010,85.0,,
ESTAT:DEMO_NIND(1.0),30/04/26 23:00:00,A,FMAR1PC,MD,2012,84.7,,
ESTAT:DEMO_NIND(1.0),30/04/26 23:00:00,A,FMAR1PC,MD,2013,84.3,,
ESTAT:DEMO_NIND(1.0),30/04/26 23:00:00,A,FMAR1PC,MD,2014,83.5,,
ESTAT:DEMO_NIND(1.0),30/04/26 23:00:00,A,FMAR1PC,MD,2015,83.2,,
ESTAT:DEMO_NIND(1.0),30/04/26 23:00:00,A,FMAR1PC,MD,2016,83.0,,
ESTAT:DEMO_NIND(1.0),30/04/26 23:00:00,A,FMAR1PC,MD,2017,81.9,,
ESTAT:DEMO_NIND(1.0),30/04/26 23:00:00,A,FMAR1PC,MD,2018,80.6,,
ESTAT:DEMO_NIND(1.0),30/04/26 23:00:00,A,FMAR1PC,MD,2019,79.1,,
ESTAT:DEMO_NIND(1.0),30/04/26 23:00:00,A,FMAR1PC,MD,2020,77.2,,
ESTAT:DEMO_NIND(1.0),30/04/26 23:00:00,A,FMAR1PC,MD,2021,77.5,,
ESTAT:DEMO_NIND(1.0),30/04/26 23:00:00,A,FMAR1PC,MD,2022,76.5,,
ESTAT:DEMO_NIND(1.0),30/04/26 23:00:00,A,FMAR1PC,MD,2023,75.3,,
ESTAT:DEMO_NIND(1.0),30/04/26 23:00:00,A,FMAR1PC,MD,2024,74.3,,
ESTAT:DEMO_NIND(1.0),30/04/26 23:00:00,A,FMAR1PC,ME,2005,94.4,,
ESTAT:DEMO_NIND(1.0),30/04/26 23:00:00,A,FMAR1PC,ME,2006,95.8,,
ESTAT:DEMO_NIND(1.0),30/04/26 23:00:00,A,FMAR1PC,ME,2007,95.9,,
ESTAT:DEMO_NIND(1.0),30/04/26 23:00:00,A,FMAR1PC,ME,2008,95.8,,
ESTAT:DEMO_NIND(1.0),30/04/26 23:00:00,A,FMAR1PC,ME,2009,97.2,,
ESTAT:DEMO_NIND(1.0),30/04/26 23:00:00,A,FMAR1PC,ME,2010,95.6,,
ESTAT:DEMO_NIND(1.0),30/04/26 23:00:00,A,FMAR1PC,ME,2011,94.8,,
ESTAT:DEMO_NIND(1.0),30/04/26 23:00:00,A,FMAR1PC,ME,2012,93.5,,
ESTAT:DEMO_NIND(1.0),30/04/26 23:00:00,A,FMAR1PC,ME,2013,94.1,,
ESTAT:DEMO_NIND(1.0),30/04/26 23:00:00,A,FMAR1PC,ME,2014,93.6,,
ESTAT:DEMO_NIND(1.0),30/04/26 23:00:00,A,FMAR1PC,ME,2015,94.1,,
ESTAT:DEMO_NIND(1.0),30/04/26 23:00:00,A,FMAR1PC,ME,2016,93.7,,
ESTAT:DEMO_NIND(1.0),30/04/26 23:00:00,A,FMAR1PC,ME,2017,95.0,,
ESTAT:DEMO_NIND(1.0),30/04/26 23:00:00,A,FMAR1PC,ME,2018,93.9,,
ESTAT:DEMO_NIND(1.0),30/04/26 23:00:00,A,FMAR1PC,ME,2019,94.2,,
ESTAT:DEMO_NIND(1.0),30/04/26 23:00:00,A,FMAR1PC,ME,2020,91.6,,
ESTAT:DEMO_NIND(1.0),30/04/26 23:00:00,A,FMAR1PC,ME,2021,92.6,,
ESTAT:DEMO_NIND(1.0),30/04/26 23:00:00,A,FMAR1PC,MK,1995,95.3,,
ESTAT:DEMO_NIND(1.0),30/04/26 23:00:00,A,FMAR1PC,MK,1996,94.9,,
ESTAT:DEMO_NIND(1.0),30/04/26 23:00:00,A,FMAR1PC,MK,1997,94.5,,
ESTAT:DEMO_NIND(1.0),30/04/26 23:00:00,A,FMAR1PC,MK,1998,94.1,,
ESTAT:DEMO_NIND(1.0),30/04/26 23:00:00,A,FMAR1PC,MK,1999,94.4,,
ESTAT:DEMO_NIND(1.0),30/04/26 23:00:00,A,FMAR1PC,MK,2000,93.7,,
ESTAT:DEMO_NIND(1.0),30/04/26 23:00:00,A,FMAR1PC,MK,2001,93.7,,
ESTAT:DEMO_NIND(1.0),30/04/26 23:00:00,A,FMAR1PC,MK,2002,93.9,,
ESTAT:DEMO_NIND(1.0),30/04/26 23:00:00,A,FMAR1PC,MK,2003,93.2,,
ESTAT:DEMO_NIND(1.0),30/04/26 23:00:00,A,FMAR1PC,MK,2004,92.7,,
ESTAT:DEMO_NIND(1.0),30/04/26 23:00:00,A,FMAR1PC,MK,2005,92.3,,
ESTAT:DEMO_NIND(1.0),30/04/26 23:00:00,A,FMAR1PC,MK,2006,92.3,,
ESTAT:DEMO_NIND(1.0),30/04/26 23:00:00,A,FMAR1PC,MK,2007,92.9,,
ESTAT:DEMO_NIND(1.0),30/04/26 23:00:00,A,FMAR1PC,MK,2008,92.8,,
ESTAT:DEMO_NIND(1.0),30/04/26 23:00:00,A,FMAR1PC,MK,2009,92.6,,
ESTAT:DEMO_NIND(1.0),30/04/26 23:00:00,A,FMAR1PC,MK,2010,92.9,,
ESTAT:DEMO_NIND(1.0),30/04/26 23:00:00,A,FMAR1PC,MK,2011,92.9,,
ESTAT:DEMO_NIND(1.0),30/04/26 23:00:00,A,FMAR1PC,MK,2012,92.6,,
ESTAT:DEMO_NIND(1.0),30/04/26 23:00:00,A,FMAR1PC,MK,2013,92.0,,
ESTAT:DEMO_NIND(1.0),30/04/26 23:00:00,A,FMAR1PC,MK,2014,92.7,,
ESTAT:DEMO_NIND(1.0),30/04/26 23:00:00,A,FMAR1PC,MK,2015,92.0,,
ESTAT:DEMO_NIND(1.0),30/04/26 23:00:00,A,FMAR1PC,MK,2016,92.5,,
ESTAT:DEMO_NIND(1.0),30/04/26 23:00:00,A,FMAR1PC,MK,2017,93.1,,
ESTAT:DEMO_NIND(1.0),30/04/26 23:00:00,A,FMAR1PC,MK,2018,93.0,,
ESTAT:DEMO_NIND(1.0),30/04/26 23:00:00,A,FMAR1PC,MK,2019,93.3,,
ESTAT:DEMO_NIND(1.0),30/04/26 23:00:00,A,FMAR1PC,MK,2020,94.1,,
ESTAT:DEMO_NIND(1.0),30/04/26 23:00:00,A,FMAR1PC,MK,2021,94.0,,
ESTAT:DEMO_NIND(1.0),30/04/26 23:00:00,A,FMAR1PC,MT,1996,99.0,,
ESTAT:DEMO_NIND(1.0),30/04/26 23:00:00,A,FMAR1PC,MT,2000,95.5,,
ESTAT:DEMO_NIND(1.0),30/04/26 23:00:00,A,FMAR1PC,MT,2001,93.8,,
ESTAT:DEMO_NIND(1.0),30/04/26 23:00:00,A,FMAR1PC,MT,2004,93.4,,
ESTAT:DEMO_NIND(1.0),30/04/26 23:00:00,A,FMAR1PC,MT,2005,92.6,,
ESTAT:DEMO_NIND(1.0),30/04/26 23:00:00,A,FMAR1PC,MT,2006,93.7,,
ESTAT:DEMO_NIND(1.0),30/04/26 23:00:00,A,FMAR1PC,MT,2007,92.2,,
ESTAT:DEMO_NIND(1.0),30/04/26 23:00:00,A,FMAR1PC,MT,2008,93.4,,
ESTAT:DEMO_NIND(1.0),30/04/26 23:00:00,A,FMAR1PC,MT,2009,93.6,,
ESTAT:DEMO_NIND(1.0),30/04/26 23:00:00,A,FMAR1PC,MT,2010,94.2,,
ESTAT:DEMO_NIND(1.0),30/04/26 23:00:00,A,FMAR1PC,MT,2011,92.2,,
ESTAT:DEMO_NIND(1.0),30/04/26 23:00:00,A,FMAR1PC,MT,2013,88.6,,
ESTAT:DEMO_NIND(1.0),30/04/26 23:00:00,A,FMAR1PC,MT,2014,89.4,,
ESTAT:DEMO_NIND(1.0),30/04/26 23:00:00,A,FMAR1PC,NL,1960,93.6,,
ESTAT:DEMO_NIND(1.0),30/04/26 23:00:00,A,FMAR1PC,NL,1961,94.1,,
ESTAT:DEMO_NIND(1.0),30/04/26 23:00:00,A,FMAR1PC,NL,1962,94.3,,
ESTAT:DEMO_NIND(1.0),30/04/26 23:00:00,A,FMAR1PC,NL,1963,94.3,,
ESTAT:DEMO_NIND(1.0),30/04/26 23:00:00,A,FMAR1PC,NL,1964,94.4,,
ESTAT:DEMO_NIND(1.0),30/04/26 23:00:00,A,FMAR1PC,NL,1965,94.9,,
ESTAT:DEMO_NIND(1.0),30/04/26 23:00:00,A,FMAR1PC,NL,1966,95.1,,
ESTAT:DEMO_NIND(1.0),30/04/26 23:00:00,A,FMAR1PC,NL,1967,95.2,,
ESTAT:DEMO_NIND(1.0),30/04/26 23:00:00,A,FMAR1PC,NL,1968,95.1,,
ESTAT:DEMO_NIND(1.0),30/04/26 23:00:00,A,FMAR1PC,NL,1969,94.9,,
ESTAT:DEMO_NIND(1.0),30/04/26 23:00:00,A,FMAR1PC,NL,1970,94.0,,
ESTAT:DEMO_NIND(1.0),30/04/26 23:00:00,A,FMAR1PC,NL,1971,94.4,,
ESTAT:DEMO_NIND(1.0),30/04/26 23:00:00,A,FMAR1PC,NL,1972,93.9,,
ESTAT:DEMO_NIND(1.0),30/04/26 23:00:00,A,FMAR1PC,NL,1973,92.8,,
ESTAT:DEMO_NIND(1.0),30/04/26 23:00:00,A,FMAR1PC,NL,1974,92.6,,
ESTAT:DEMO_NIND(1.0),30/04/26 23:00:00,A,FMAR1PC,NL,1975,92.4,,
ESTAT:DEMO_NIND(1.0),30/04/26 23:00:00,A,FMAR1PC,NL,1976,91.7,,
ESTAT:DEMO_NIND(1.0),30/04/26 23:00:00,A,FMAR1PC,NL,1977,90.8,,
ESTAT:DEMO_NIND(1.0),30/04/26 23:00:00,A,FMAR1PC,NL,1978,90.0,,
ESTAT:DEMO_NIND(1.0),30/04/26 23:00:00,A,FMAR1PC,NL,1979,89.2,,
ESTAT:DEMO_NIND(1.0),30/04/26 23:00:00,A,FMAR1PC,NL,1980,89.3,,
ESTAT:DEMO_NIND(1.0),30/04/26 23:00:00,A,FMAR1PC,NL,1981,89.1,,
ESTAT:DEMO_NIND(1.0),30/04/26 23:00:00,A,FMAR1PC,NL,1982,88.5,,
ESTAT:DEMO_NIND(1.0),30/04/26 23:00:00,A,FMAR1PC,NL,1983,87.4,,
ESTAT:DEMO_NIND(1.0),30/04/26 23:00:00,A,FMAR1PC,NL,1984,85.2,,
ESTAT:DEMO_NIND(1.0),30/04/26 23:00:00,A,FMAR1PC,NL,1985,84.9,,
ESTAT:DEMO_NIND(1.0),30/04/26 23:00:00,A,FMAR1PC,NL,1986,84.1,,
ESTAT:DEMO_NIND(1.0),30/04/26 23:00:00,A,FMAR1PC,NL,1987,84.4,,
ESTAT:DEMO_NIND(1.0),30/04/26 23:00:00,A,FMAR1PC,NL,1988,84.7,,
ESTAT:DEMO_NIND(1.0),30/04/26 23:00:00,A,FMAR1PC,NL,1989,84.5,,
ESTAT:DEMO_NIND(1.0),30/04/26 23:00:00,A,FMAR1PC,NL,1990,83.9,,
ESTAT:DEMO_NIND(1.0),30/04/26 23:00:00,A,FMAR1PC,NL,1991,83.2,,
ESTAT:DEMO_NIND(1.0),30/04/26 23:00:00,A,FMAR1PC,NL,1992,83.3,,
ESTAT:DEMO_NIND(1.0),30/04/26 23:00:00,A,FMAR1PC,NL,1993,82.5,,
ESTAT:DEMO_NIND(1.0),30/04/26 23:00:00,A,FMAR1PC,NL,1994,82.5,,
ESTAT:DEMO_NIND(1.0),30/04/26 23:00:00,A,FMAR1PC,NL,1995,83.5,,
ESTAT:DEMO_NIND(1.0),30/04/26 23:00:00,A,FMAR1PC,NL,1996,82.8,,
ESTAT:DEMO_NIND(1.0),30/04/26 23:00:00,A,FMAR1PC,NL,1997,82.0,,
ESTAT:DEMO_NIND(1.0),30/04/26 23:00:00,A,FMAR1PC,NL,1998,81.7,,
ESTAT:DEMO_NIND(1.0),30/04/26 23:00:00,A,FMAR1PC,NL,1999,82.4,,
ESTAT:DEMO_NIND(1.0),30/04/26 23:00:00,A,FMAR1PC,NL,2000,81.8,,
ESTAT:DEMO_NIND(1.0),30/04/26 23:00:00,A,FMAR1PC,NL,2001,81.9,,
ESTAT:DEMO_NIND(1.0),30/04/26 23:00:00,A,FMAR1PC,NL,2002,75.3,,
ESTAT:DEMO_NIND(1.0),30/04/26 23:00:00,A,FMAR1PC,NL,2003,75.4,,
ESTAT:DEMO_NIND(1.0),30/04/26 23:00:00,A,FMAR1PC,NL,2004,76.4,,
ESTAT:DEMO_NIND(1.0),30/04/26 23:00:00,A,FMAR1PC,NL,2005,75.2,,
ESTAT:DEMO_NIND(1.0),30/04/26 23:00:00,A,FMAR1PC,NL,2008,76.5,,
ESTAT:DEMO_NIND(1.0),30/04/26 23:00:00,A,FMAR1PC,NL,2009,76.3,,
ESTAT:DEMO_NIND(1.0),30/04/26 23:00:00,A,FMAR1PC,NL,2010,74.7,,
ESTAT:DEMO_NIND(1.0),30/04/26 23:00:00,A,FMAR1PC,NL,2011,75.0,,
ESTAT:DEMO_NIND(1.0),30/04/26 23:00:00,A,FMAR1PC,NL,2012,75.3,,
ESTAT:DEMO_NIND(1.0),30/04/26 23:00:00,A,FMAR1PC,NL,2013,74.7,,
ESTAT:DEMO_NIND(1.0),30/04/26 23:00:00,A,FMAR1PC,NL,2014,75.0,,
ESTAT:DEMO_NIND(1.0),30/04/26 23:00:00,A,FMAR1PC,NL,2015,74.4,,
ESTAT:DEMO_NIND(1.0),30/04/26 23:00:00,A,FMAR1PC,NL,2016,74.0,,
ESTAT:DEMO_NIND(1.0),30/04/26 23:00:00,A,FMAR1PC,NL,2017,73.9,,
ESTAT:DEMO_NIND(1.0),30/04/26 23:00:00,A,FMAR1PC,NL,2018,73.9,,
ESTAT:DEMO_NIND(1.0),30/04/26 23:00:00,A,FMAR1PC,NL,2019,73.6,,
ESTAT:DEMO_NIND(1.0),30/04/26 23:00:00,A,FMAR1PC,NL,2020,72.7,,
ESTAT:DEMO_NIND(1.0),30/04/26 23:00:00,A,FMAR1PC,NL,2021,74.6,,
ESTAT:DEMO_NIND(1.0),30/04/26 23:00:00,A,FMAR1PC,NL,2022,73.3,,
ESTAT:DEMO_NIND(1.0),30/04/26 23:00:00,A,FMAR1PC,NL,2023,73.7,,
ESTAT:DEMO_NIND(1.0),30/04/26 23:00:00,A,FMAR1PC,NO,1960,92.5,,
ESTAT:DEMO_NIND(1.0),30/04/26 23:00:00,A,FMAR1PC,NO,1961,92.0,,
ESTAT:DEMO_NIND(1.0),30/04/26 23:00:00,A,FMAR1PC,NO,1962,92.3,,
ESTAT:DEMO_NIND(1.0),30/04/26 23:00:00,A,FMAR1PC,NO,1963,92.6,,
ESTAT:DEMO_NIND(1.0),30/04/26 23:00:00,A,FMAR1PC,NO,1964,92.9,,
ESTAT:DEMO_NIND(1.0),30/04/26 23:00:00,A,FMAR1PC,NO,1965,92.9,,
ESTAT:DEMO_NIND(1.0),30/04/26 23:00:00,A,FMAR1PC,NO,1966,93.4,,
ESTAT:DEMO_NIND(1.0),30/04/26 23:00:00,A,FMAR1PC,NO,1967,93.6,,
ESTAT:DEMO_NIND(1.0),30/04/26 23:00:00,A,FMAR1PC,NO,1968,93.2,,
ESTAT:DEMO_NIND(1.0),30/04/26 23:00:00,A,FMAR1PC,NO,1969,93.0,,
ESTAT:DEMO_NIND(1.0),30/04/26 23:00:00,A,FMAR1PC,NO,1970,93.3,,
ESTAT:DEMO_NIND(1.0),30/04/26 23:00:00,A,FMAR1PC,NO,1971,93.1,,
ESTAT:DEMO_NIND(1.0),30/04/26 23:00:00,A,FMAR1PC,NO,1972,93.2,,
ESTAT:DEMO_NIND(1.0),30/04/26 23:00:00,A,FMAR1PC,NO,1973,92.3,,
ESTAT:DEMO_NIND(1.0),30/04/26 23:00:00,A,FMAR1PC,NO,1974,90.5,,
ESTAT:DEMO_NIND(1.0),30/04/26 23:00:00,A,FMAR1PC,NO,1975,90.2,,
ESTAT:DEMO_NIND(1.0),30/04/26 23:00:00,A,FMAR1PC,NO,1976,89.1,,
ESTAT:DEMO_NIND(1.0),30/04/26 23:00:00,A,FMAR1PC,NO,1977,89.2,,
ESTAT:DEMO_NIND(1.0),30/04/26 23:00:00,A,FMAR1PC,NO,1978,88.1,,
ESTAT:DEMO_NIND(1.0),30/04/26 23:00:00,A,FMAR1PC,NO,1979,87.8,,
ESTAT:DEMO_NIND(1.0),30/04/26 23:00:00,A,FMAR1PC,NO,1980,88.1,,
ESTAT:DEMO_NIND(1.0),30/04/26 23:00:00,A,FMAR1PC,NO,1981,88.1,,
ESTAT:DEMO_NIND(1.0),30/04/26 23:00:00,A,FMAR1PC,NO,1982,87.2,,
ESTAT:DEMO_NIND(1.0),30/04/26 23:00:00,A,FMAR1PC,NO,1983,86.5,,
ESTAT:DEMO_NIND(1.0),30/04/26 23:00:00,A,FMAR1PC,NO,1984,85.7,,
ESTAT:DEMO_NIND(1.0),30/04/26 23:00:00,A,FMAR1PC,NO,1985,86.5,,
ESTAT:DEMO_NIND(1.0),30/04/26 23:00:00,A,FMAR1PC,NO,1986,84.9,,
ESTAT:DEMO_NIND(1.0),30/04/26 23:00:00,A,FMAR1PC,NO,1987,85.3,,
ESTAT:DEMO_NIND(1.0),30/04/26 23:00:00,A,FMAR1PC,NO,1988,85.5,,
ESTAT:DEMO_NIND(1.0),30/04/26 23:00:00,A,FMAR1PC,NO,1989,84.2,,
ESTAT:DEMO_NIND(1.0),30/04/26 23:00:00,A,FMAR1PC,NO,1990,84.5,,
ESTAT:DEMO_NIND(1.0),30/04/26 23:00:00,A,FMAR1PC,NO,1991,84.8,,
ESTAT:DEMO_NIND(1.0),30/04/26 23:00:00,A,FMAR1PC,NO,1992,85.0,,
ESTAT:DEMO_NIND(1.0),30/04/26 23:00:00,A,FMAR1PC,NO,1993,83.7,,
ESTAT:DEMO_NIND(1.0),30/04/26 23:00:00,A,FMAR1PC,NO,1994,81.8,,
ESTAT:DEMO_NIND(1.0),30/04/26 23:00:00,A,FMAR1PC,NO,1995,81.7,,
ESTAT:DEMO_NIND(1.0),30/04/26 23:00:00,A,FMAR1PC,NO,1996,81.4,,
ESTAT:DEMO_NIND(1.0),30/04/26 23:00:00,A,FMAR1PC,NO,1997,82.6,,
ESTAT:DEMO_NIND(1.0),30/04/26 23:00:00,A,FMAR1PC,NO,1998,70.7,,
ESTAT:DEMO_NIND(1.0),30/04/26 23:00:00,A,FMAR1PC,NO,2000,80.3,,
ESTAT:DEMO_NIND(1.0),30/04/26 23:00:00,A,FMAR1PC,NO,2001,80.0,,
ESTAT:DEMO_NIND(1.0),30/04/26 23:00:00,A,FMAR1PC,NO,2002,80.1,,
ESTAT:DEMO_NIND(1.0),30/04/26 23:00:00,A,FMAR1PC,NO,2004,79.3,,
ESTAT:DEMO_NIND(1.0),30/04/26 23:00:00,A,FMAR1PC,NO,2006,67.9,,
ESTAT:DEMO_NIND(1.0),30/04/26 23:00:00,A,FMAR1PC,NO,2007,68.3,,
ESTAT:DEMO_NIND(1.0),30/04/26 23:00:00,A,FMAR1PC,NO,2008,68.5,,
ESTAT:DEMO_NIND(1.0),30/04/26 23:00:00,A,FMAR1PC,NO,2009,68.9,,
ESTAT:DEMO_NIND(1.0),30/04/26 23:00:00,A,FMAR1PC,NO,2010,69.7,,
ESTAT:DEMO_NIND(1.0),30/04/26 23:00:00,A,FMAR1PC,NO,2011,68.2,,
ESTAT:DEMO_NIND(1.0),30/04/26 23:00:00,A,FMAR1PC,NO,2012,68.7,,
ESTAT:DEMO_NIND(1.0),30/04/26 23:00:00,A,FMAR1PC,NO,2013,71.0,,
ESTAT:DEMO_NIND(1.0),30/04/26 23:00:00,A,FMAR1PC,NO,2014,70.5,,
ESTAT:DEMO_NIND(1.0),30/04/26 23:00:00,A,FMAR1PC,NO,2015,70.1,,
ESTAT:DEMO_NIND(1.0),30/04/26 23:00:00,A,FMAR1PC,NO,2016,68.4,,
ESTAT:DEMO_NIND(1.0),30/04/26 23:00:00,A,FMAR1PC,NO,2017,67.6,,
ESTAT:DEMO_NIND(1.0),30/04/26 23:00:00,A,FMAR1PC,NO,2018,68.6,,
ESTAT:DEMO_NIND(1.0),30/04/26 23:00:00,A,FMAR1PC,NO,2019,69.7,,
ESTAT:DEMO_NIND(1.0),30/04/26 23:00:00,A,FMAR1PC,NO,2020,69.2,,
ESTAT:DEMO_NIND(1.0),30/04/26 23:00:00,A,FMAR1PC,PL,1996,90.7,,
ESTAT:DEMO_NIND(1.0),30/04/26 23:00:00,A,FMAR1PC,PL,1997,90.4,,
ESTAT:DEMO_NIND(1.0),30/04/26 23:00:00,A,FMAR1PC,PL,1999,90.4,,
ESTAT:DEMO_NIND(1.0),30/04/26 23:00:00,A,FMAR1PC,PL,2000,90.5,,
ESTAT:DEMO_NIND(1.0),30/04/26 23:00:00,A,FMAR1PC,PL,2001,90.6,,
ESTAT:DEMO_NIND(1.0),30/04/26 23:00:00,A,FMAR1PC,PL,2002,90.7,,
ESTAT:DEMO_NIND(1.0),30/04/26 23:00:00,A,FMAR1PC,PL,2003,90.7,,
ESTAT:DEMO_NIND(1.0),30/04/26 23:00:00,A,FMAR1PC,PL,2004,91.1,,
ESTAT:DEMO_NIND(1.0),30/04/26 23:00:00,A,FMAR1PC,PL,2005,90.8,,
ESTAT:DEMO_NIND(1.0),30/04/26 23:00:00,A,FMAR1PC,PL,2006,90.3,,
ESTAT:DEMO_NIND(1.0),30/04/26 23:00:00,A,FMAR1PC,PL,2007,89.9,,
ESTAT:DEMO_NIND(1.0),30/04/26 23:00:00,A,FMAR1PC,PL,2008,89.2,,
ESTAT:DEMO_NIND(1.0),30/04/26 23:00:00,A,FMAR1PC,PL,2009,89.6,,
ESTAT:DEMO_NIND(1.0),30/04/26 23:00:00,A,FMAR1PC,PL,2010,89.5,,
ESTAT:DEMO_NIND(1.0),30/04/26 23:00:00,A,FMAR1PC,PL,2011,88.9,,
ESTAT:DEMO_NIND(1.0),30/04/26 23:00:00,A,FMAR1PC,PL,2012,88.5,,
ESTAT:DEMO_NIND(1.0),30/04/26 23:00:00,A,FMAR1PC,PL,2013,87.4,,
ESTAT:DEMO_NIND(1.0),30/04/26 23:00:00,A,FMAR1PC,PL,2014,87.3,,
ESTAT:DEMO_NIND(1.0),30/04/26 23:00:00,A,FMAR1PC,PL,2015,86.7,,
ESTAT:DEMO_NIND(1.0),30/04/26 23:00:00,A,FMAR1PC,PL,2016,86.2,,
ESTAT:DEMO_NIND(1.0),30/04/26 23:00:00,A,FMAR1PC,PL,2017,85.7,,
ESTAT:DEMO_NIND(1.0),30/04/26 23:00:00,A,FMAR1PC,PL,2018,85.0,,
ESTAT:DEMO_NIND(1.0),30/04/26 23:00:00,A,FMAR1PC,PL,2019,84.0,,
ESTAT:DEMO_NIND(1.0),30/04/26 23:00:00,A,FMAR1PC,PL,2020,82.8,,
ESTAT:DEMO_NIND(1.0),30/04/26 23:00:00,A,FMAR1PC,PL,2021,83.4,,
ESTAT:DEMO_NIND(1.0),30/04/26 23:00:00,A,FMAR1PC,PL,2022,81.5,,
ESTAT:DEMO_NIND(1.0),30/04/26 23:00:00,A,FMAR1PC,PL,2023,81.1,,
ESTAT:DEMO_NIND(1.0),30/04/26 23:00:00,A,FMAR1PC,PL,2024,80.0,,
ESTAT:DEMO_NIND(1.0),30/04/26 23:00:00,A,FMAR1PC,PT,1960,97.7,,
ESTAT:DEMO_NIND(1.0),30/04/26 23:00:00,A,FMAR1PC,PT,1961,97.8,,
ESTAT:DEMO_NIND(1.0),30/04/26 23:00:00,A,FMAR1PC,PT,1962,97.6,,
ESTAT:DEMO_NIND(1.0),30/04/26 23:00:00,A,FMAR1PC,PT,1963,97.8,,
ESTAT:DEMO_NIND(1.0),30/04/26 23:00:00,A,FMAR1PC,PT,1964,97.7,,
ESTAT:DEMO_NIND(1.0),30/04/26 23:00:00,A,FMAR1PC,PT,1965,97.8,,
ESTAT:DEMO_NIND(1.0),30/04/26 23:00:00,A,FMAR1PC,PT,1966,97.7,,
ESTAT:DEMO_NIND(1.0),30/04/26 23:00:00,A,FMAR1PC,PT,1967,97.8,,
ESTAT:DEMO_NIND(1.0),30/04/26 23:00:00,A,FMAR1PC,PT,1968,97.8,,
ESTAT:DEMO_NIND(1.0),30/04/26 23:00:00,A,FMAR1PC,PT,1969,97.8,,
ESTAT:DEMO_NIND(1.0),30/04/26 23:00:00,A,FMAR1PC,PT,1970,97.9,,
ESTAT:DEMO_NIND(1.0),30/04/26 23:00:00,A,FMAR1PC,PT,1971,97.9,,
ESTAT:DEMO_NIND(1.0),30/04/26 23:00:00,A,FMAR1PC,PT,1972,97.7,,
ESTAT:DEMO_NIND(1.0),30/04/26 23:00:00,A,FMAR1PC,PT,1973,97.8,,
ESTAT:DEMO_NIND(1.0),30/04/26 23:00:00,A,FMAR1PC,PT,1974,97.9,,
ESTAT:DEMO_NIND(1.0),30/04/26 23:00:00,A,FMAR1PC,PT,1975,97.8,,
ESTAT:DEMO_NIND(1.0),30/04/26 23:00:00,A,FMAR1PC,PT,1976,96.4,,
ESTAT:DEMO_NIND(1.0),30/04/26 23:00:00,A,FMAR1PC,PT,1977,95.4,,
ESTAT:DEMO_NIND(1.0),30/04/26 23:00:00,A,FMAR1PC,PT,1978,95.1,,
ESTAT:DEMO_NIND(1.0),30/04/26 23:00:00,A,FMAR1PC,PT,1979,95.4,,
ESTAT:DEMO_NIND(1.0),30/04/26 23:00:00,A,FMAR1PC,PT,1980,95.2,,
ESTAT:DEMO_NIND(1.0),30/04/26 23:00:00,A,FMAR1PC,PT,1981,95.4,,
ESTAT:DEMO_NIND(1.0),30/04/26 23:00:00,A,FMAR1PC,PT,1982,95.1,,
ESTAT:DEMO_NIND(1.0),30/04/26 23:00:00,A,FMAR1PC,PT,1983,95.4,,
ESTAT:DEMO_NIND(1.0),30/04/26 23:00:00,A,FMAR1PC,PT,1984,95.1,,
ESTAT:DEMO_NIND(1.0),30/04/26 23:00:00,A,FMAR1PC,PT,1985,94.9,,
ESTAT:DEMO_NIND(1.0),30/04/26 23:00:00,A,FMAR1PC,PT,1986,94.7,,
ESTAT:DEMO_NIND(1.0),30/04/26 23:00:00,A,FMAR1PC,PT,1987,94.5,,
ESTAT:DEMO_NIND(1.0),30/04/26 23:00:00,A,FMAR1PC,PT,1988,94.5,,
ESTAT:DEMO_NIND(1.0),30/04/26 23:00:00,A,FMAR1PC,PT,1989,94.6,,
ESTAT:DEMO_NIND(1.0),30/04/26 23:00:00,A,FMAR1PC,PT,1990,94.6,,
ESTAT:DEMO_NIND(1.0),30/04/26 23:00:00,A,FMAR1PC,PT,1991,94.4,,
ESTAT:DEMO_NIND(1.0),30/04/26 23:00:00,A,FMAR1PC,PT,1992,94.1,,
ESTAT:DEMO_NIND(1.0),30/04/26 23:00:00,A,FMAR1PC,PT,1993,94.4,,
ESTAT:DEMO_NIND(1.0),30/04/26 23:00:00,A,FMAR1PC,PT,1994,94.2,,
ESTAT:DEMO_NIND(1.0),30/04/26 23:00:00,A,FMAR1PC,PT,1995,93.7,,
ESTAT:DEMO_NIND(1.0),30/04/26 23:00:00,A,FMAR1PC,PT,1996,92.9,,
ESTAT:DEMO_NIND(1.0),30/04/26 23:00:00,A,FMAR1PC,PT,1997,93.2,,
ESTAT:DEMO_NIND(1.0),30/04/26 23:00:00,A,FMAR1PC,PT,1998,93.1,,
ESTAT:DEMO_NIND(1.0),30/04/26 23:00:00,A,FMAR1PC,PT,1999,92.9,,
ESTAT:DEMO_NIND(1.0),30/04/26 23:00:00,A,FMAR1PC,PT,2000,92.3,,
ESTAT:DEMO_NIND(1.0),30/04/26 23:00:00,A,FMAR1PC,PT,2001,91.5,,
ESTAT:DEMO_NIND(1.0),30/04/26 23:00:00,A,FMAR1PC,PT,2002,91.9,,
ESTAT:DEMO_NIND(1.0),30/04/26 23:00:00,A,FMAR1PC,PT,2003,90.1,,
ESTAT:DEMO_NIND(1.0),30/04/26 23:00:00,A,FMAR1PC,PT,2004,89.2,,
ESTAT:DEMO_NIND(1.0),30/04/26 23:00:00,A,FMAR1PC,PT,2005,88.4,,
ESTAT:DEMO_NIND(1.0),30/04/26 23:00:00,A,FMAR1PC,PT,2006,87.3,,
ESTAT:DEMO_NIND(1.0),30/04/26 23:00:00,A,FMAR1PC,PT,2007,85.7,,
ESTAT:DEMO_NIND(1.0),30/04/26 23:00:00,A,FMAR1PC,PT,2008,85.3,,
ESTAT:DEMO_NIND(1.0),30/04/26 23:00:00,A,FMAR1PC,PT,2009,84.1,,
ESTAT:DEMO_NIND(1.0),30/04/26 23:00:00,A,FMAR1PC,PT,2010,83.3,,
ESTAT:DEMO_NIND(1.0),30/04/26 23:00:00,A,FMAR1PC,PT,2011,82.2,,
ESTAT:DEMO_NIND(1.0),30/04/26 23:00:00,A,FMAR1PC,PT,2012,82.5,,
ESTAT:DEMO_NIND(1.0),30/04/26 23:00:00,A,FMAR1PC,PT,2013,81.7,,
ESTAT:DEMO_NIND(1.0),30/04/26 23:00:00,A,FMAR1PC,PT,2014,80.9,,
ESTAT:DEMO_NIND(1.0),30/04/26 23:00:00,A,FMAR1PC,PT,2015,80.8,,
ESTAT:DEMO_NIND(1.0),30/04/26 23:00:00,A,FMAR1PC,PT,2016,79.8,,
ESTAT:DEMO_NIND(1.0),30/04/26 23:00:00,A,FMAR1PC,PT,2017,78.7,,
ESTAT:DEMO_NIND(1.0),30/04/26 23:00:00,A,FMAR1PC,PT,2018,78.0,,
ESTAT:DEMO_NIND(1.0),30/04/26 23:00:00,A,FMAR1PC,PT,2019,76.7,,
ESTAT:DEMO_NIND(1.0),30/04/26 23:00:00,A,FMAR1PC,PT,2020,70.3,,
ESTAT:DEMO_NIND(1.0),30/04/26 23:00:00,A,FMAR1PC,PT,2021,77.3,,
ESTAT:DEMO_NIND(1.0),30/04/26 23:00:00,A,FMAR1PC,PT,2022,76.2,,
ESTAT:DEMO_NIND(1.0),30/04/26 23:00:00,A,FMAR1PC,PT,2023,75.5,,
ESTAT:DEMO_NIND(1.0),30/04/26 23:00:00,A,FMAR1PC,PT,2024,75.8,,
ESTAT:DEMO_NIND(1.0),30/04/26 23:00:00,A,FMAR1PC,RO,1995,87.3,,
ESTAT:DEMO_NIND(1.0),30/04/26 23:00:00,A,FMAR1PC,RO,1996,87.1,,
ESTAT:DEMO_NIND(1.0),30/04/26 23:00:00,A,FMAR1PC,RO,1997,86.7,,
ESTAT:DEMO_NIND(1.0),30/04/26 23:00:00,A,FMAR1PC,RO,1998,86.1,,
ESTAT:DEMO_NIND(1.0),30/04/26 23:00:00,A,FMAR1PC,RO,1999,86.5,,
ESTAT:DEMO_NIND(1.0),30/04/26 23:00:00,A,FMAR1PC,RO,2000,85.8,,
ESTAT:DEMO_NIND(1.0),30/04/26 23:00:00,A,FMAR1PC,RO,2001,85.4,,
ESTAT:DEMO_NIND(1.0),30/04/26 23:00:00,A,FMAR1PC,RO,2002,85.5,,
ESTAT:DEMO_NIND(1.0),30/04/26 23:00:00,A,FMAR1PC,RO,2003,85.7,,
ESTAT:DEMO_NIND(1.0),30/04/26 23:00:00,A,FMAR1PC,RO,2004,85.8,,
ESTAT:DEMO_NIND(1.0),30/04/26 23:00:00,A,FMAR1PC,RO,2005,85.3,,
ESTAT:DEMO_NIND(1.0),30/04/26 23:00:00,A,FMAR1PC,RO,2006,85.0,,
ESTAT:DEMO_NIND(1.0),30/04/26 23:00:00,A,FMAR1PC,RO,2007,88.8,,
ESTAT:DEMO_NIND(1.0),30/04/26 23:00:00,A,FMAR1PC,RO,2008,86.0,,
ESTAT:DEMO_NIND(1.0),30/04/26 23:00:00,A,FMAR1PC,RO,2009,87.0,,
ESTAT:DEMO_NIND(1.0),30/04/26 23:00:00,A,FMAR1PC,RO,2010,86.7,,
ESTAT:DEMO_NIND(1.0),30/04/26 23:00:00,A,FMAR1PC,RO,2011,85.6,,
ESTAT:DEMO_NIND(1.0),30/04/26 23:00:00,A,FMAR1PC,RO,2013,85.2,,
ESTAT:DEMO_NIND(1.0),30/04/26 23:00:00,A,FMAR1PC,RO,2014,85.7,,
ESTAT:DEMO_NIND(1.0),30/04/26 23:00:00,A,FMAR1PC,RO,2015,85.3,,
ESTAT:DEMO_NIND(1.0),30/04/26 23:00:00,A,FMAR1PC,RO,2016,84.9,,
ESTAT:DEMO_NIND(1.0),30/04/26 23:00:00,A,FMAR1PC,RO,2017,84.8,,
ESTAT:DEMO_NIND(1.0),30/04/26 23:00:00,A,FMAR1PC,RO,2018,84.3,,
ESTAT:DEMO_NIND(1.0),30/04/26 23:00:00,A,FMAR1PC,RO,2019,82.1,,
ESTAT:DEMO_NIND(1.0),30/04/26 23:00:00,A,FMAR1PC,RO,2020,79.8,,
ESTAT:DEMO_NIND(1.0),30/04/26 23:00:00,A,FMAR1PC,RO,2021,82.3,,
ESTAT:DEMO_NIND(1.0),30/04/26 23:00:00,A,FMAR1PC,RO,2022,81.4,,
ESTAT:DEMO_NIND(1.0),30/04/26 23:00:00,A,FMAR1PC,RO,2023,81.6,,
ESTAT:DEMO_NIND(1.0),30/04/26 23:00:00,A,FMAR1PC,RO,2024,83.5,,
ESTAT:DEMO_NIND(1.0),30/04/26 23:00:00,A,FMAR1PC,RS,2000,87.6,,
ESTAT:DEMO_NIND(1.0),30/04/26 23:00:00,A,FMAR1PC,RS,2001,87.8,,
ESTAT:DEMO_NIND(1.0),30/04/26 23:00:00,A,FMAR1PC,RS,2002,87.2,,
ESTAT:DEMO_NIND(1.0),30/04/26 23:00:00,A,FMAR1PC,RS,2003,87.4,,
ESTAT:DEMO_NIND(1.0),30/04/26 23:00:00,A,FMAR1PC,RS,2004,86.9,,
ESTAT:DEMO_NIND(1.0),30/04/26 23:00:00,A,FMAR1PC,RS,2005,87.7,,
ESTAT:DEMO_NIND(1.0),30/04/26 23:00:00,A,FMAR1PC,RS,2006,87.6,,
ESTAT:DEMO_NIND(1.0),30/04/26 23:00:00,A,FMAR1PC,RS,2007,87.7,,
ESTAT:DEMO_NIND(1.0),30/04/26 23:00:00,A,FMAR1PC,RS,2008,88.2,,
ESTAT:DEMO_NIND(1.0),30/04/26 23:00:00,A,FMAR1PC,RS,2009,88.3,,
ESTAT:DEMO_NIND(1.0),30/04/26 23:00:00,A,FMAR1PC,RS,2010,88.8,,
ESTAT:DEMO_NIND(1.0),30/04/26 23:00:00,A,FMAR1PC,RS,2011,88.9,,
ESTAT:DEMO_NIND(1.0),30/04/26 23:00:00,A,FMAR1PC,RS,2012,88.6,,
ESTAT:DEMO_NIND(1.0),30/04/26 23:00:00,A,FMAR1PC,RS,2013,88.2,,
ESTAT:DEMO_NIND(1.0),30/04/26 23:00:00,A,FMAR1PC,RS,2014,87.9,,
ESTAT:DEMO_NIND(1.0),30/04/26 23:00:00,A,FMAR1PC,RS,2015,87.3,,
ESTAT:DEMO_NIND(1.0),30/04/26 23:00:00,A,FMAR1PC,RS,2016,86.4,,
ESTAT:DEMO_NIND(1.0),30/04/26 23:00:00,A,FMAR1PC,RS,2017,86.1,,
ESTAT:DEMO_NIND(1.0),30/04/26 23:00:00,A,FMAR1PC,RS,2018,86.0,,
ESTAT:DEMO_NIND(1.0),30/04/26 23:00:00,A,FMAR1PC,RS,2019,85.4,,
ESTAT:DEMO_NIND(1.0),30/04/26 23:00:00,A,FMAR1PC,RS,2020,84.1,,
ESTAT:DEMO_NIND(1.0),30/04/26 23:00:00,A,FMAR1PC,RS,2021,86.2,,
ESTAT:DEMO_NIND(1.0),30/04/26 23:00:00,A,FMAR1PC,RS,2022,87.6,,
ESTAT:DEMO_NIND(1.0),30/04/26 23:00:00,A,FMAR1PC,RS,2023,87.6,,
ESTAT:DEMO_NIND(1.0),30/04/26 23:00:00,A,FMAR1PC,RS,2024,87.9,,
ESTAT:DEMO_NIND(1.0),30/04/26 23:00:00,A,FMAR1PC,RU,2006,76.0,,
ESTAT:DEMO_NIND(1.0),30/04/26 23:00:00,A,FMAR1PC,RU,2008,74.4,,
ESTAT:DEMO_NIND(1.0),30/04/26 23:00:00,A,FMAR1PC,RU,2009,74.0,,
ESTAT:DEMO_NIND(1.0),30/04/26 23:00:00,A,FMAR1PC,RU,2011,70.6,,
ESTAT:DEMO_NIND(1.0),30/04/26 23:00:00,A,FMAR1PC,RU,2013,70.7,,
ESTAT:DEMO_NIND(1.0),30/04/26 23:00:00,A,FMAR1PC,RU,2014,70.3,,
ESTAT:DEMO_NIND(1.0),30/04/26 23:00:00,A,FMAR1PC,SE,1960,88.7,,
ESTAT:DEMO_NIND(1.0),30/04/26 23:00:00,A,FMAR1PC,SE,1961,89.0,,
ESTAT:DEMO_NIND(1.0),30/04/26 23:00:00,A,FMAR1PC,SE,1962,89.6,,
ESTAT:DEMO_NIND(1.0),30/04/26 23:00:00,A,FMAR1PC,SE,1963,89.9,,
ESTAT:DEMO_NIND(1.0),30/04/26 23:00:00,A,FMAR1PC,SE,1964,90.8,,
ESTAT:DEMO_NIND(1.0),30/04/26 23:00:00,A,FMAR1PC,SE,1965,90.9,,
ESTAT:DEMO_NIND(1.0),30/04/26 23:00:00,A,FMAR1PC,SE,1966,91.0,,
ESTAT:DEMO_NIND(1.0),30/04/26 23:00:00,A,FMAR1PC,SE,1967,91.2,,
ESTAT:DEMO_NIND(1.0),30/04/26 23:00:00,A,FMAR1PC,SE,1968,90.3,,
ESTAT:DEMO_NIND(1.0),30/04/26 23:00:00,A,FMAR1PC,SE,1969,89.8,,
ESTAT:DEMO_NIND(1.0),30/04/26 23:00:00,A,FMAR1PC,SE,1970,89.0,,
ESTAT:DEMO_NIND(1.0),30/04/26 23:00:00,A,FMAR1PC,SE,1971,88.9,,
ESTAT:DEMO_NIND(1.0),30/04/26 23:00:00,A,FMAR1PC,SE,1972,87.8,,
ESTAT:DEMO_NIND(1.0),30/04/26 23:00:00,A,FMAR1PC,SE,1973,86.6,,
ESTAT:DEMO_NIND(1.0),30/04/26 23:00:00,A,FMAR1PC,SE,1974,85.0,,
ESTAT:DEMO_NIND(1.0),30/04/26 23:00:00,A,FMAR1PC,SE,1975,82.7,,
ESTAT:DEMO_NIND(1.0),30/04/26 23:00:00,A,FMAR1PC,SE,1976,81.9,,
ESTAT:DEMO_NIND(1.0),30/04/26 23:00:00,A,FMAR1PC,SE,1977,80.6,,
ESTAT:DEMO_NIND(1.0),30/04/26 23:00:00,A,FMAR1PC,SE,1978,79.9,,
ESTAT:DEMO_NIND(1.0),30/04/26 23:00:00,A,FMAR1PC,SE,1979,79.3,,
ESTAT:DEMO_NIND(1.0),30/04/26 23:00:00,A,FMAR1PC,SE,1980,79.4,,
ESTAT:DEMO_NIND(1.0),30/04/26 23:00:00,A,FMAR1PC,SE,1981,79.0,,
ESTAT:DEMO_NIND(1.0),30/04/26 23:00:00,A,FMAR1PC,SE,1982,78.8,,
ESTAT:DEMO_NIND(1.0),30/04/26 23:00:00,A,FMAR1PC,SE,1983,78.2,,
ESTAT:DEMO_NIND(1.0),30/04/26 23:00:00,A,FMAR1PC,SE,1984,78.4,,
ESTAT:DEMO_NIND(1.0),30/04/26 23:00:00,A,FMAR1PC,SE,1985,77.7,,
ESTAT:DEMO_NIND(1.0),30/04/26 23:00:00,A,FMAR1PC,SE,1986,78.1,,
ESTAT:DEMO_NIND(1.0),30/04/26 23:00:00,A,FMAR1PC,SE,1987,78.1,,
ESTAT:DEMO_NIND(1.0),30/04/26 23:00:00,A,FMAR1PC,SE,1988,78.3,,
ESTAT:DEMO_NIND(1.0),30/04/26 23:00:00,A,FMAR1PC,SE,1989,81.0,,
ESTAT:DEMO_NIND(1.0),30/04/26 23:00:00,A,FMAR1PC,SE,1990,80.6,,
ESTAT:DEMO_NIND(1.0),30/04/26 23:00:00,A,FMAR1PC,SE,1991,79.7,,
ESTAT:DEMO_NIND(1.0),30/04/26 23:00:00,A,FMAR1PC,SE,1992,80.2,,
ESTAT:DEMO_NIND(1.0),30/04/26 23:00:00,A,FMAR1PC,SE,1993,79.8,,
ESTAT:DEMO_NIND(1.0),30/04/26 23:00:00,A,FMAR1PC,SE,1994,79.6,,
ESTAT:DEMO_NIND(1.0),30/04/26 23:00:00,A,FMAR1PC,SE,1996,78.8,,
ESTAT:DEMO_NIND(1.0),30/04/26 23:00:00,A,FMAR1PC,SE,1997,77.4,,
ESTAT:DEMO_NIND(1.0),30/04/26 23:00:00,A,FMAR1PC,SE,1998,77.2,,
ESTAT:DEMO_NIND(1.0),30/04/26 23:00:00,A,FMAR1PC,SE,1999,77.0,,
ESTAT:DEMO_NIND(1.0),30/04/26 23:00:00,A,FMAR1PC,SE,2000,78.0,,
ESTAT:DEMO_NIND(1.0),30/04/26 23:00:00,A,FMAR1PC,SE,2001,77.3,,
ESTAT:DEMO_NIND(1.0),30/04/26 23:00:00,A,FMAR1PC,SE,2002,76.3,,
ESTAT:DEMO_NIND(1.0),30/04/26 23:00:00,A,FMAR1PC,SE,2003,77.0,,
ESTAT:DEMO_NIND(1.0),30/04/26 23:00:00,A,FMAR1PC,SE,2004,76.3,,
ESTAT:DEMO_NIND(1.0),30/04/26 23:00:00,A,FMAR1PC,SE,2005,77.2,,
ESTAT:DEMO_NIND(1.0),30/04/26 23:00:00,A,FMAR1PC,SE,2006,78.0,,
ESTAT:DEMO_NIND(1.0),30/04/26 23:00:00,A,FMAR1PC,SE,2008,77.1,,
ESTAT:DEMO_NIND(1.0),30/04/26 23:00:00,A,FMAR1PC,SE,2009,77.3,,
ESTAT:DEMO_NIND(1.0),30/04/26 23:00:00,A,FMAR1PC,SE,2010,77.8,,
ESTAT:DEMO_NIND(1.0),30/04/26 23:00:00,A,FMAR1PC,SE,2011,78.0,,
ESTAT:DEMO_NIND(1.0),30/04/26 23:00:00,A,FMAR1PC,SE,2012,77.5,,
ESTAT:DEMO_NIND(1.0),30/04/26 23:00:00,A,FMAR1PC,SE,2013,68.7,,
ESTAT:DEMO_NIND(1.0),30/04/26 23:00:00,A,FMAR1PC,SE,2014,68.8,,
ESTAT:DEMO_NIND(1.0),30/04/26 23:00:00,A,FMAR1PC,SE,2015,69.2,,
ESTAT:DEMO_NIND(1.0),30/04/26 23:00:00,A,FMAR1PC,SE,2016,69.7,,
ESTAT:DEMO_NIND(1.0),30/04/26 23:00:00,A,FMAR1PC,SE,2017,70.8,,
ESTAT:DEMO_NIND(1.0),30/04/26 23:00:00,A,FMAR1PC,SE,2018,71.2,,
ESTAT:DEMO_NIND(1.0),30/04/26 23:00:00,A,FMAR1PC,SE,2019,70.6,,
ESTAT:DEMO_NIND(1.0),30/04/26 23:00:00,A,FMAR1PC,SE,2020,71.1,,
ESTAT:DEMO_NIND(1.0),30/04/26 23:00:00,A,FMAR1PC,SE,2021,69.5,,
ESTAT:DEMO_NIND(1.0),30/04/26 23:00:00,A,FMAR1PC,SE,2022,70.1,,
ESTAT:DEMO_NIND(1.0),30/04/26 23:00:00,A,FMAR1PC,SE,2023,70.3,,
ESTAT:DEMO_NIND(1.0),30/04/26 23:00:00,A,FMAR1PC,SE,2024,72.9,,
ESTAT:DEMO_NIND(1.0),30/04/26 23:00:00,A,FMAR1PC,SI,1996,89.7,,
ESTAT:DEMO_NIND(1.0),30/04/26 23:00:00,A,FMAR1PC,SI,1997,89.3,,
ESTAT:DEMO_NIND(1.0),30/04/26 23:00:00,A,FMAR1PC,SI,1998,90.1,,
ESTAT:DEMO_NIND(1.0),30/04/26 23:00:00,A,FMAR1PC,SI,1999,90.0,,
ESTAT:DEMO_NIND(1.0),30/04/26 23:00:00,A,FMAR1PC,SI,2000,90.2,,
ESTAT:DEMO_NIND(1.0),30/04/26 23:00:00,A,FMAR1PC,SI,2001,90.7,,
ESTAT:DEMO_NIND(1.0),30/04/26 23:00:00,A,FMAR1PC,SI,2002,89.7,,
ESTAT:DEMO_NIND(1.0),30/04/26 23:00:00,A,FMAR1PC,SI,2003,90.8,,
ESTAT:DEMO_NIND(1.0),30/04/26 23:00:00,A,FMAR1PC,SI,2004,90.3,,
ESTAT:DEMO_NIND(1.0),30/04/26 23:00:00,A,FMAR1PC,SI,2005,92.7,,
ESTAT:DEMO_NIND(1.0),30/04/26 23:00:00,A,FMAR1PC,SI,2006,91.1,,
ESTAT:DEMO_NIND(1.0),30/04/26 23:00:00,A,FMAR1PC,SI,2007,89.2,,
ESTAT:DEMO_NIND(1.0),30/04/26 23:00:00,A,FMAR1PC,SI,2008,88.1,,
ESTAT:DEMO_NIND(1.0),30/04/26 23:00:00,A,FMAR1PC,SI,2009,90.4,,
ESTAT:DEMO_NIND(1.0),30/04/26 23:00:00,A,FMAR1PC,SI,2010,89.8,,
ESTAT:DEMO_NIND(1.0),30/04/26 23:00:00,A,FMAR1PC,SI,2011,90.4,,
ESTAT:DEMO_NIND(1.0),30/04/26 23:00:00,A,FMAR1PC,SI,2012,89.4,,
ESTAT:DEMO_NIND(1.0),30/04/26 23:00:00,A,FMAR1PC,SI,2013,90.6,,
ESTAT:DEMO_NIND(1.0),30/04/26 23:00:00,A,FMAR1PC,SI,2014,90.4,,
ESTAT:DEMO_NIND(1.0),30/04/26 23:00:00,A,FMAR1PC,SI,2015,89.8,,
ESTAT:DEMO_NIND(1.0),30/04/26 23:00:00,A,FMAR1PC,SI,2016,89.3,,
ESTAT:DEMO_NIND(1.0),30/04/26 23:00:00,A,FMAR1PC,SI,2017,89.9,,
ESTAT:DEMO_NIND(1.0),30/04/26 23:00:00,A,FMAR1PC,SI,2018,88.7,,
ESTAT:DEMO_NIND(1.0),30/04/26 23:00:00,A,FMAR1PC,SI,2019,88.8,,
ESTAT:DEMO_NIND(1.0),30/04/26 23:00:00,A,FMAR1PC,SI,2020,89.0,,
ESTAT:DEMO_NIND(1.0),30/04/26 23:00:00,A,FMAR1PC,SI,2021,88.6,,
ESTAT:DEMO_NIND(1.0),30/04/26 23:00:00,A,FMAR1PC,SI,2022,88.2,,
ESTAT:DEMO_NIND(1.0),30/04/26 23:00:00,A,FMAR1PC,SI,2023,89.0,,
ESTAT:DEMO_NIND(1.0),30/04/26 23:00:00,A,FMAR1PC,SI,2024,89.6,,
ESTAT:DEMO_NIND(1.0),30/04/26 23:00:00,A,FMAR1PC,SK,1996,88.2,,
ESTAT:DEMO_NIND(1.0),30/04/26 23:00:00,A,FMAR1PC,SK,1999,89.9,,
ESTAT:DEMO_NIND(1.0),30/04/26 23:00:00,A,FMAR1PC,SK,2000,89.7,,
ESTAT:DEMO_NIND(1.0),30/04/26 23:00:00,A,FMAR1PC,SK,2001,89.1,,
ESTAT:DEMO_NIND(1.0),30/04/26 23:00:00,A,FMAR1PC,SK,2002,88.7,,
ESTAT:DEMO_NIND(1.0),30/04/26 23:00:00,A,FMAR1PC,SK,2003,88.9,,
ESTAT:DEMO_NIND(1.0),30/04/26 23:00:00,A,FMAR1PC,SK,2004,90.0,,
ESTAT:DEMO_NIND(1.0),30/04/26 23:00:00,A,FMAR1PC,SK,2005,88.5,,
ESTAT:DEMO_NIND(1.0),30/04/26 23:00:00,A,FMAR1PC,SK,2006,87.5,,
ESTAT:DEMO_NIND(1.0),30/04/26 23:00:00,A,FMAR1PC,SK,2007,87.0,,
ESTAT:DEMO_NIND(1.0),30/04/26 23:00:00,A,FMAR1PC,SK,2008,87.2,,
ESTAT:DEMO_NIND(1.0),30/04/26 23:00:00,A,FMAR1PC,SK,2009,87.6,,
ESTAT:DEMO_NIND(1.0),30/04/26 23:00:00,A,FMAR1PC,SK,2010,88.0,,
ESTAT:DEMO_NIND(1.0),30/04/26 23:00:00,A,FMAR1PC,SK,2012,87.1,,
ESTAT:DEMO_NIND(1.0),30/04/26 23:00:00,A,FMAR1PC,SK,2013,86.9,,
ESTAT:DEMO_NIND(1.0),30/04/26 23:00:00,A,FMAR1PC,SK,2014,86.8,,
ESTAT:DEMO_NIND(1.0),30/04/26 23:00:00,A,FMAR1PC,SK,2015,87.1,,
ESTAT:DEMO_NIND(1.0),30/04/26 23:00:00,A,FMAR1PC,SK,2016,86.7,,
ESTAT:DEMO_NIND(1.0),30/04/26 23:00:00,A,FMAR1PC,SK,2017,86.4,,
ESTAT:DEMO_NIND(1.0),30/04/26 23:00:00,A,FMAR1PC,SK,2018,86.0,,
ESTAT:DEMO_NIND(1.0),30/04/26 23:00:00,A,FMAR1PC,SK,2019,86.0,,
ESTAT:DEMO_NIND(1.0),30/04/26 23:00:00,A,FMAR1PC,SK,2020,84.3,,
ESTAT:DEMO_NIND(1.0),30/04/26 23:00:00,A,FMAR1PC,SK,2021,84.9,,
ESTAT:DEMO_NIND(1.0),30/04/26 23:00:00,A,FMAR1PC,SK,2022,84.0,,
ESTAT:DEMO_NIND(1.0),30/04/26 23:00:00,A,FMAR1PC,SK,2023,83.2,,
ESTAT:DEMO_NIND(1.0),30/04/26 23:00:00,A,FMAR1PC,SK,2024,82.8,,
ESTAT:DEMO_NIND(1.0),30/04/26 23:00:00,A,FMAR1PC,SM,2012,44.8,,
ESTAT:DEMO_NIND(1.0),30/04/26 23:00:00,A,FMAR1PC,TR,2003,95.0,,
ESTAT:DEMO_NIND(1.0),30/04/26 23:00:00,A,FMAR1PC,TR,2006,92.1,,
ESTAT:DEMO_NIND(1.0),30/04/26 23:00:00,A,FMAR1PC,TR,2007,91.9,,
ESTAT:DEMO_NIND(1.0),30/04/26 23:00:00,A,FMAR1PC,TR,2008,89.0,,
ESTAT:DEMO_NIND(1.0),30/04/26 23:00:00,A,FMAR1PC,TR,2009,88.2,,
ESTAT:DEMO_NIND(1.0),30/04/26 23:00:00,A,FMAR1PC,TR,2010,87.7,,
ESTAT:DEMO_NIND(1.0),30/04/26 23:00:00,A,FMAR1PC,TR,2011,86.8,,
ESTAT:DEMO_NIND(1.0),30/04/26 23:00:00,A,FMAR1PC,TR,2012,86.1,,
ESTAT:DEMO_NIND(1.0),30/04/26 23:00:00,A,FMAR1PC,TR,2013,86.1,,
ESTAT:DEMO_NIND(1.0),30/04/26 23:00:00,A,FMAR1PC,TR,2014,85.6,,
ESTAT:DEMO_NIND(1.0),30/04/26 23:00:00,A,FMAR1PC,TR,2015,85.0,,
ESTAT:DEMO_NIND(1.0),30/04/26 23:00:00,A,FMAR1PC,TR,2016,83.7,,
ESTAT:DEMO_NIND(1.0),30/04/26 23:00:00,A,FMAR1PC,TR,2017,83.8,,
ESTAT:DEMO_NIND(1.0),30/04/26 23:00:00,A,FMAR1PC,TR,2018,83.0,,
ESTAT:DEMO_NIND(1.0),30/04/26 23:00:00,A,FMAR1PC,TR,2019,82.5,,
ESTAT:DEMO_NIND(1.0),30/04/26 23:00:00,A,FMAR1PC,TR,2020,81.8,,
ESTAT:DEMO_NIND(1.0),30/04/26 23:00:00,A,FMAR1PC,TR,2022,80.9,,
ESTAT:DEMO_NIND(1.0),30/04/26 23:00:00,A,FMAR1PC,TR,2023,79.5,,
ESTAT:DEMO_NIND(1.0),30/04/26 23:00:00,A,FMAR1PC,TR,2024,79.8,,
ESTAT:DEMO_NIND(1.0),30/04/26 23:00:00,A,FMAR1PC,UA,2006,76.8,,
ESTAT:DEMO_NIND(1.0),30/04/26 23:00:00,A,FMAR1PC,UA,2007,77.3,,
ESTAT:DEMO_NIND(1.0),30/04/26 23:00:00,A,FMAR1PC,UA,2008,75.8,,
ESTAT:DEMO_NIND(1.0),30/04/26 23:00:00,A,FMAR1PC,UA,2010,76.6,,
ESTAT:DEMO_NIND(1.0),30/04/26 23:00:00,A,FMAR1PC,UA,2011,76.9,,
ESTAT:DEMO_NIND(1.0),30/04/26 23:00:00,A,FMAR1PC,UA,2012,75.6,,
ESTAT:DEMO_NIND(1.0),30/04/26 23:00:00,A,FMAR1PC,UA,2013,74.9,,
ESTAT:DEMO_NIND(1.0),30/04/26 23:00:00,A,FMAR1PC,UA,2014,74.1,,
ESTAT:DEMO_NIND(1.0),30/04/26 23:00:00,A,FMAR1PC,UA,2015,74.5,,
ESTAT:DEMO_NIND(1.0),30/04/26 23:00:00,A,FMAR1PC,UA,2016,73.0,,
ESTAT:DEMO_NIND(1.0),30/04/26 23:00:00,A,FMAR1PC,UA,2017,72.0,,
ESTAT:DEMO_NIND(1.0),30/04/26 23:00:00,A,FMAR1PC,UA,2018,70.5,,
ESTAT:DEMO_NIND(1.0),30/04/26 23:00:00,A,FMAR1PC,UA,2019,69.6,,
ESTAT:DEMO_NIND(1.0),30/04/26 23:00:00,A,FMAR1PC,UA,2020,67.8,,
ESTAT:DEMO_NIND(1.0),30/04/26 23:00:00,A,FMAR1PC,UA,2021,67.6,,
ESTAT:DEMO_NIND(1.0),30/04/26 23:00:00,A,FMAR1PC,UK,1960,90.7,,
ESTAT:DEMO_NIND(1.0),30/04/26 23:00:00,A,FMAR1PC,UK,1961,90.6,,
ESTAT:DEMO_NIND(1.0),30/04/26 23:00:00,A,FMAR1PC,UK,1962,90.4,,
ESTAT:DEMO_NIND(1.0),30/04/26 23:00:00,A,FMAR1PC,UK,1963,90.3,,
ESTAT:DEMO_NIND(1.0),30/04/26 23:00:00,A,FMAR1PC,UK,1964,89.9,,
ESTAT:DEMO_NIND(1.0),30/04/26 23:00:00,A,FMAR1PC,UK,1965,89.9,,
ESTAT:DEMO_NIND(1.0),30/04/26 23:00:00,A,FMAR1PC,UK,1966,89.7,,
ESTAT:DEMO_NIND(1.0),30/04/26 23:00:00,A,FMAR1PC,UK,1967,89.3,,
ESTAT:DEMO_NIND(1.0),30/04/26 23:00:00,A,FMAR1PC,UK,1968,89.2,,
ESTAT:DEMO_NIND(1.0),30/04/26 23:00:00,A,FMAR1PC,UK,1969,88.7,,
ESTAT:DEMO_NIND(1.0),30/04/26 23:00:00,A,FMAR1PC,UK,1970,88.3,,
ESTAT:DEMO_NIND(1.0),30/04/26 23:00:00,A,FMAR1PC,UK,1971,86.6,,
ESTAT:DEMO_NIND(1.0),30/04/26 23:00:00,A,FMAR1PC,UK,1972,82.8,,
ESTAT:DEMO_NIND(1.0),30/04/26 23:00:00,A,FMAR1PC,UK,1973,81.3,,
ESTAT:DEMO_NIND(1.0),30/04/26 23:00:00,A,FMAR1PC,UK,1974,80.4,,
ESTAT:DEMO_NIND(1.0),30/04/26 23:00:00,A,FMAR1PC,UK,1975,79.5,,
ESTAT:DEMO_NIND(1.0),30/04/26 23:00:00,A,FMAR1PC,UK,1976,78.3,,
ESTAT:DEMO_NIND(1.0),30/04/26 23:00:00,A,FMAR1PC,UK,1977,77.5,,
ESTAT:DEMO_NIND(1.0),30/04/26 23:00:00,A,FMAR1PC,UK,1978,76.3,,
ESTAT:DEMO_NIND(1.0),30/04/26 23:00:00,A,FMAR1PC,UK,1979,76.5,,
ESTAT:DEMO_NIND(1.0),30/04/26 23:00:00,A,FMAR1PC,UK,1980,76.3,,
ESTAT:DEMO_NIND(1.0),30/04/26 23:00:00,A,FMAR1PC,UK,1981,76.0,,
ESTAT:DEMO_NIND(1.0),30/04/26 23:00:00,A,FMAR1PC,UK,1982,75.7,,
ESTAT:DEMO_NIND(1.0),30/04/26 23:00:00,A,FMAR1PC,UK,1983,75.4,,
ESTAT:DEMO_NIND(1.0),30/04/26 23:00:00,A,FMAR1PC,UK,1984,75.6,,
ESTAT:DEMO_NIND(1.0),30/04/26 23:00:00,A,FMAR1PC,UK,1985,75.5,,
ESTAT:DEMO_NIND(1.0),30/04/26 23:00:00,A,FMAR1PC,UK,1986,74.8,,
ESTAT:DEMO_NIND(1.0),30/04/26 23:00:00,A,FMAR1PC,UK,1987,75.7,,
ESTAT:DEMO_NIND(1.0),30/04/26 23:00:00,A,FMAR1PC,UK,1988,74.5,,
ESTAT:DEMO_NIND(1.0),30/04/26 23:00:00,A,FMAR1PC,UK,1989,74.4,,
ESTAT:DEMO_NIND(1.0),30/04/26 23:00:00,A,FMAR1PC,UK,1990,74.4,,
ESTAT:DEMO_NIND(1.0),30/04/26 23:00:00,A,FMAR1PC,UK,1991,74.1,,
ESTAT:DEMO_NIND(1.0),30/04/26 23:00:00,A,FMAR1PC,UK,1992,73.1,,
ESTAT:DEMO_NIND(1.0),30/04/26 23:00:00,A,FMAR1PC,UK,1993,72.6,,
ESTAT:DEMO_NIND(1.0),30/04/26 23:00:00,A,FMAR1PC,UK,1994,71.6,,
ESTAT:DEMO_NIND(1.0),30/04/26 23:00:00,A,FMAR1PC,UK,1995,70.9,,
ESTAT:DEMO_NIND(1.0),30/04/26 23:00:00,A,FMAR1PC,UK,1996,69.8,,
ESTAT:DEMO_NIND(1.0),30/04/26 23:00:00,A,FMAR1PC,UK,1997,69.9,,
ESTAT:DEMO_NIND(1.0),30/04/26 23:00:00,A,FMAR1PC,UK,1998,70.7,,
ESTAT:DEMO_NIND(1.0),30/04/26 23:00:00,A,FMAR1PC,UK,1999,70.8,,
ESTAT:DEMO_NIND(1.0),30/04/26 23:00:00,A,FMAR1PC,UK,2000,70.6,,
ESTAT:DEMO_NIND(1.0),30/04/26 23:00:00,A,FMAR1PC,UK,2001,71.7,,
ESTAT:DEMO_NIND(1.0),30/04/26 23:00:00,A,FMAR1PC,UK,2002,71.1,,
ESTAT:DEMO_NIND(1.0),30/04/26 23:00:00,A,FMAR1PC,UK,2003,71.2,,
ESTAT:DEMO_NIND(1.0),30/04/26 23:00:00,A,FMAR1PC,UK,2007,73.2,,
ESTAT:DEMO_NIND(1.0),30/04/26 23:00:00,A,FMAR1PC,UK,2008,74.0,,
ESTAT:DEMO_NIND(1.0),30/04/26 23:00:00,A,FMAR1PC,UK,2012,76.3,,
ESTAT:DEMO_NIND(1.0),30/04/26 23:00:00,A,FMAR1PC,UK,2013,77.0,,
ESTAT:DEMO_NIND(1.0),30/04/26 23:00:00,A,FMAR1PC,UK,2015,76.5,,
ESTAT:DEMO_NIND(1.0),30/04/26 23:00:00,A,FMAR1PC,XK,2002,96.6,,
ESTAT:DEMO_NIND(1.0),30/04/26 23:00:00,A,FMAR1PC,XK,2003,95.2,,
ESTAT:DEMO_NIND(1.0),30/04/26 23:00:00,A,FMAR1PC,XK,2005,95.4,,
ESTAT:DEMO_NIND(1.0),30/04/26 23:00:00,A,FMAR1PC,XK,2006,94.5,,
ESTAT:DEMO_NIND(1.0),30/04/26 23:00:00,A,FMAR1PC,XK,2007,94.6,,
ESTAT:DEMO_NIND(1.0),30/04/26 23:00:00,A,FMAR1PC,XK,2008,95.5,,
ESTAT:DEMO_NIND(1.0),30/04/26 23:00:00,A,FMAR1PC,XK,2011,95.8,,
ESTAT:DEMO_NIND(1.0),30/04/26 23:00:00,A,FMAR1PC,XK,2015,95.8,,
ESTAT:DEMO_NIND(1.0),30/04/26 23:00:00,A,FMAR1PC,XK,2016,94.9,,
ESTAT:DEMO_NIND(1.0),30/04/26 23:00:00,A,FMAR1PC,XK,2017,95.2,,
ESTAT:DEMO_NIND(1.0),30/04/26 23:00:00,A,FMAR1PC,XK,2018,96.0,,
ESTAT:DEMO_NIND(1.0),30/04/26 23:00:00,A,FMAR1PC,XK,2019,96.0,,
ESTAT:DEMO_NIND(1.0),30/04/26 23:00:00,A,GNUPRT,AD,2004,2.9,,
ESTAT:DEMO_NIND(1.0),30/04/26 23:00:00,A,GNUPRT,AD,2005,2.9,,
ESTAT:DEMO_NIND(1.0),30/04/26 23:00:00,A,GNUPRT,AD,2006,3.7,,
ESTAT:DEMO_NIND(1.0),30/04/26 23:00:00,A,GNUPRT,AD,2007,3.1,,
ESTAT:DEMO_NIND(1.0),30/04/26 23:00:00,A,GNUPRT,AD,2008,3.1,,
ESTAT:DEMO_NIND(1.0),30/04/26 23:00:00,A,GNUPRT,AD,2009,3.1,,
ESTAT:DEMO_NIND(1.0),30/04/26 23:00:00,A,GNUPRT,AD,2012,3.7,,
ESTAT:DEMO_NIND(1.0),30/04/26 23:00:00,A,GNUPRT,AD,2018,3.9,,
ESTAT:DEMO_NIND(1.0),30/04/26 23:00:00,A,GNUPRT,AL,1960,7.8,,
ESTAT:DEMO_NIND(1.0),30/04/26 23:00:00,A,GNUPRT,AL,1961,11.3,,
ESTAT:DEMO_NIND(1.0),30/04/26 23:00:00,A,GNUPRT,AL,1962,7.5,,
ESTAT:DEMO_NIND(1.0),30/04/26 23:00:00,A,GNUPRT,AL,1963,7.5,,
ESTAT:DEMO_NIND(1.0),30/04/26 23:00:00,A,GNUPRT,AL,1964,7.2,,
ESTAT:DEMO_NIND(1.0),30/04/26 23:00:00,A,GNUPRT,AL,1965,7.5,,
ESTAT:DEMO_NIND(1.0),30/04/26 23:00:00,A,GNUPRT,AL,1966,6.8,,
ESTAT:DEMO_NIND(1.0),30/04/26 23:00:00,A,GNUPRT,AL,1967,8.6,,
ESTAT:DEMO_NIND(1.0),30/04/26 23:00:00,A,GNUPRT,AL,1968,7.8,,
ESTAT:DEMO_NIND(1.0),30/04/26 23:00:00,A,GNUPRT,AL,1969,7.4,,
ESTAT:DEMO_NIND(1.0),30/04/26 23:00:00,A,GNUPRT,AL,1970,6.8,,
ESTAT:DEMO_NIND(1.0),30/04/26 23:00:00,A,GNUPRT,AL,1971,7.0,,
ESTAT:DEMO_NIND(1.0),30/04/26 23:00:00,A,GNUPRT,AL,1972,7.2,,
ESTAT:DEMO_NIND(1.0),30/04/26 23:00:00,A,GNUPRT,AL,1973,8.0,,
ESTAT:DEMO_NIND(1.0),30/04/26 23:00:00,A,GNUPRT,AL,1975,7.8,,
ESTAT:DEMO_NIND(1.0),30/04/26 23:00:00,A,GNUPRT,AL,1976,7.6,,
ESTAT:DEMO_NIND(1.0),30/04/26 23:00:00,A,GNUPRT,AL,1977,7.9,,
ESTAT:DEMO_NIND(1.0),30/04/26 23:00:00,A,GNUPRT,AL,1978,8.0,,
ESTAT:DEMO_NIND(1.0),30/04/26 23:00:00,A,GNUPRT,AL,1979,8.2,,
ESTAT:DEMO_NIND(1.0),30/04/26 23:00:00,A,GNUPRT,AL,1980,8.1,,
ESTAT:DEMO_NIND(1.0),30/04/26 23:00:00,A,GNUPRT,AL,1981,8.5,,
ESTAT:DEMO_NIND(1.0),30/04/26 23:00:00,A,GNUPRT,AL,1982,9.0,,
ESTAT:DEMO_NIND(1.0),30/04/26 23:00:00,A,GNUPRT,AL,1983,9.0,,
ESTAT:DEMO_NIND(1.0),30/04/26 23:00:00,A,GNUPRT,AL,1984,9.1,,
ESTAT:DEMO_NIND(1.0),30/04/26 23:00:00,A,GNUPRT,AL,1985,8.5,,
ESTAT:DEMO_NIND(1.0),30/04/26 23:00:00,A,GNUPRT,AL,1986,8.5,,
ESTAT:DEMO_NIND(1.0),30/04/26 23:00:00,A,GNUPRT,AL,1987,8.9,,
ESTAT:DEMO_NIND(1.0),30/04/26 23:00:00,A,GNUPRT,AL,1988,9.0,,
ESTAT:DEMO_NIND(1.0),30/04/26 23:00:00,A,GNUPRT,AL,1989,8.6,,
ESTAT:DEMO_NIND(1.0),30/04/26 23:00:00,A,GNUPRT,AL,1990,8.9,,
ESTAT:DEMO_NIND(1.0),30/04/26 23:00:00,A,GNUPRT,AL,1991,7.7,,
ESTAT:DEMO_NIND(1.0),30/04/26 23:00:00,A,GNUPRT,AL,1992,8.3,,
ESTAT:DEMO_NIND(1.0),30/04/26 23:00:00,A,GNUPRT,AL,1993,8.1,,
ESTAT:DEMO_NIND(1.0),30/04/26 23:00:00,A,GNUPRT,AL,1994,8.6,,
ESTAT:DEMO_NIND(1.0),30/04/26 23:00:00,A,GNUPRT,AL,1995,8.3,,
ESTAT:DEMO_NIND(1.0),30/04/26 23:00:00,A,GNUPRT,AL,1996,8.4,,
ESTAT:DEMO_NIND(1.0),30/04/26 23:00:00,A,GNUPRT,AL,1997,7.2,,
ESTAT:DEMO_NIND(1.0),30/04/26 23:00:00,A,GNUPRT,AL,1998,8.3,,
ESTAT:DEMO_NIND(1.0),30/04/26 23:00:00,A,GNUPRT,AL,1999,8.5,,
ESTAT:DEMO_NIND(1.0),30/04/26 23:00:00,A,GNUPRT,AL,2000,8.4,,
ESTAT:DEMO_NIND(1.0),30/04/26 23:00:00,A,GNUPRT,AL,2001,8.4,,
ESTAT:DEMO_NIND(1.0),30/04/26 23:00:00,A,GNUPRT,AL,2002,8.5,,
ESTAT:DEMO_NIND(1.0),30/04/26 23:00:00,A,GNUPRT,AL,2003,8.8,,
ESTAT:DEMO_NIND(1.0),30/04/26 23:00:00,A,GNUPRT,AL,2004,6.7,,
ESTAT:DEMO_NIND(1.0),30/04/26 23:00:00,A,GNUPRT,AL,2005,6.9,,
ESTAT:DEMO_NIND(1.0),30/04/26 23:00:00,A,GNUPRT,AL,2006,6.8,,
ESTAT:DEMO_NIND(1.0),30/04/26 23:00:00,A,GNUPRT,AL,2007,7.1,,
ESTAT:DEMO_NIND(1.0),30/04/26 23:00:00,A,GNUPRT,AL,2008,6.7,,
ESTAT:DEMO_NIND(1.0),30/04/26 23:00:00,A,GNUPRT,AL,2013,8.2,,
ESTAT:DEMO_NIND(1.0),30/04/26 23:00:00,A,GNUPRT,AL,2014,8.2,,
ESTAT:DEMO_NIND(1.0),30/04/26 23:00:00,A,GNUPRT,AL,2015,8.7,,
ESTAT:DEMO_NIND(1.0),30/04/26 23:00:00,A,GNUPRT,AL,2016,7.8,,
ESTAT:DEMO_NIND(1.0),30/04/26 23:00:00,A,GNUPRT,AL,2017,7.9,,
ESTAT:DEMO_NIND(1.0),30/04/26 23:00:00,A,GNUPRT,AL,2018,8.1,,
ESTAT:DEMO_NIND(1.0),30/04/26 23:00:00,A,GNUPRT,AL,2019,7.9,,
ESTAT:DEMO_NIND(1.0),30/04/26 23:00:00,A,GNUPRT,AL,2020,6.2,,
ESTAT:DEMO_NIND(1.0),30/04/26 23:00:00,A,GNUPRT,AL,2021,7.0,,
ESTAT:DEMO_NIND(1.0),30/04/26 23:00:00,A,GNUPRT,AL,2022,6.8,,
ESTAT:DEMO_NIND(1.0),30/04/26 23:00:00,A,GNUPRT,AL,2024,6.8,,
ESTAT:DEMO_NIND(1.0),30/04/26 23:00:00,A,GNUPRT,AM,2004,5.3,,
ESTAT:DEMO_NIND(1.0),30/04/26 23:00:00,A,GNUPRT,AM,2005,5.2,,
ESTAT:DEMO_NIND(1.0),30/04/26 23:00:00,A,GNUPRT,AM,2006,5.2,,
ESTAT:DEMO_NIND(1.0),30/04/26 23:00:00,A,GNUPRT,AM,2007,5.6,,
ESTAT:DEMO_NIND(1.0),30/04/26 23:00:00,A,GNUPRT,AM,2008,5.7,,
ESTAT:DEMO_NIND(1.0),30/04/26 23:00:00,A,GNUPRT,AM,2009,5.8,,
ESTAT:DEMO_NIND(1.0),30/04/26 23:00:00,A,GNUPRT,AM,2010,5.2,,
ESTAT:DEMO_NIND(1.0),30/04/26 23:00:00,A,GNUPRT,AM,2011,6.0,,
ESTAT:DEMO_NIND(1.0),30/04/26 23:00:00,A,GNUPRT,AM,2015,5.9,,
ESTAT:DEMO_NIND(1.0),30/04/26 23:00:00,A,GNUPRT,AM,2016,5.4,,
ESTAT:DEMO_NIND(1.0),30/04/26 23:00:00,A,GNUPRT,AM,2017,5.1,,
ESTAT:DEMO_NIND(1.0),30/04/26 23:00:00,A,GNUPRT,AM,2018,5.0,,
ESTAT:DEMO_NIND(1.0),30/04/26 23:00:00,A,GNUPRT,AM,2019,5.3,,
ESTAT:DEMO_NIND(1.0),30/04/26 23:00:00,A,GNUPRT,AM,2023,5.5,,
ESTAT:DEMO_NIND(1.0),30/04/26 23:00:00,A,GNUPRT,AT,1960,8.3,,
ESTAT:DEMO_NIND(1.0),30/04/26 23:00:00,A,GNUPRT,AT,1961,8.5,,
ESTAT:DEMO_NIND(1.0),30/04/26 23:00:00,A,GNUPRT,AT,1962,8.4,,
ESTAT:DEMO_NIND(1.0),30/04/26 23:00:00,A,GNUPRT,AT,1963,8.1,,
ESTAT:DEMO_NIND(1.0),30/04/26 23:00:00,A,GNUPRT,AT,1964,8.0,,
ESTAT:DEMO_NIND(1.0),30/04/26 23:00:00,A,GNUPRT,AT,1965,7.8,,
ESTAT:DEMO_NIND(1.0),30/04/26 23:00:00,A,GNUPRT,AT,1966,7.6,,
ESTAT:DEMO_NIND(1.0),30/04/26 23:00:00,A,GNUPRT,AT,1967,7.6,,
ESTAT:DEMO_NIND(1.0),30/04/26 23:00:00,A,GNUPRT,AT,1968,7.6,,
ESTAT:DEMO_NIND(1.0),30/04/26 23:00:00,A,GNUPRT,AT,1969,7.3,,
ESTAT:DEMO_NIND(1.0),30/04/26 23:00:00,A,GNUPRT,AT,1970,7.1,,
ESTAT:DEMO_NIND(1.0),30/04/26 23:00:00,A,GNUPRT,AT,1971,6.4,,
ESTAT:DEMO_NIND(1.0),30/04/26 23:00:00,A,GNUPRT,AT,1972,7.6,,
ESTAT:DEMO_NIND(1.0),30/04/26 23:00:00,A,GNUPRT,AT,1973,6.5,,
ESTAT:DEMO_NIND(1.0),30/04/26 23:00:00,A,GNUPRT,AT,1974,6.5,,
ESTAT:DEMO_NIND(1.0),30/04/26 23:00:00,A,GNUPRT,AT,1975,6.1,,
ESTAT:DEMO_NIND(1.0),30/04/26 23:00:00,A,GNUPRT,AT,1976,6.0,,
ESTAT:DEMO_NIND(1.0),30/04/26 23:00:00,A,GNUPRT,AT,1977,6.0,,
ESTAT:DEMO_NIND(1.0),30/04/26 23:00:00,A,GNUPRT,AT,1978,5.9,,
ESTAT:DEMO_NIND(1.0),30/04/26 23:00:00,A,GNUPRT,AT,1979,6.0,,
ESTAT:DEMO_NIND(1.0),30/04/26 23:00:00,A,GNUPRT,AT,1980,6.2,,
ESTAT:DEMO_NIND(1.0),30/04/26 23:00:00,A,GNUPRT,AT,1981,6.3,,
ESTAT:DEMO_NIND(1.0),30/04/26 23:00:00,A,GNUPRT,AT,1982,6.3,,
ESTAT:DEMO_NIND(1.0),30/04/26 23:00:00,A,GNUPRT,AT,1983,7.4,,
ESTAT:DEMO_NIND(1.0),30/04/26 23:00:00,A,GNUPRT,AT,1984,6.1,,
ESTAT:DEMO_NIND(1.0),30/04/26 23:00:00,A,GNUPRT,AT,1985,5.9,,
ESTAT:DEMO_NIND(1.0),30/04/26 23:00:00,A,GNUPRT,AT,1986,6.1,,
ESTAT:DEMO_NIND(1.0),30/04/26 23:00:00,A,GNUPRT,AT,1987,10.1,,
ESTAT:DEMO_NIND(1.0),30/04/26 23:00:00,A,GNUPRT,AT,1988,4.7,,
ESTAT:DEMO_NIND(1.0),30/04/26 23:00:00,A,GNUPRT,AT,1989,5.6,,
ESTAT:DEMO_NIND(1.0),30/04/26 23:00:00,A,GNUPRT,AT,1990,5.9,,
ESTAT:DEMO_NIND(1.0),30/04/26 23:00:00,A,GNUPRT,AT,1991,5.7,,
ESTAT:DEMO_NIND(1.0),30/04/26 23:00:00,A,GNUPRT,AT,1992,5.8,,
ESTAT:DEMO_NIND(1.0),30/04/26 23:00:00,A,GNUPRT,AT,1993,5.7,,
ESTAT:DEMO_NIND(1.0),30/04/26 23:00:00,A,GNUPRT,AT,1994,5.5,,
ESTAT:DEMO_NIND(1.0),30/04/26 23:00:00,A,GNUPRT,AT,1995,5.4,,
ESTAT:DEMO_NIND(1.0),30/04/26 23:00:00,A,GNUPRT,AT,1996,5.3,,
ESTAT:DEMO_NIND(1.0),30/04/26 23:00:00,A,GNUPRT,AT,1997,5.2,,
ESTAT:DEMO_NIND(1.0),30/04/26 23:00:00,A,GNUPRT,AT,1998,4.9,,
ESTAT:DEMO_NIND(1.0),30/04/26 23:00:00,A,GNUPRT,AT,1999,4.9,,
ESTAT:DEMO_NIND(1.0),30/04/26 23:00:00,A,GNUPRT,AT,2000,4.9,,
ESTAT:DEMO_NIND(1.0),30/04/26 23:00:00,A,GNUPRT,AT,2001,4.3,,
ESTAT:DEMO_NIND(1.0),30/04/26 23:00:00,A,GNUPRT,AT,2002,4.5,,
ESTAT:DEMO_NIND(1.0),30/04/26 23:00:00,A,GNUPRT,AT,2003,4.6,,
ESTAT:DEMO_NIND(1.0),30/04/26 23:00:00,A,GNUPRT,AT,2004,4.7,,
ESTAT:DEMO_NIND(1.0),30/04/26 23:00:00,A,GNUPRT,AT,2005,4.8,,
ESTAT:DEMO_NIND(1.0),30/04/26 23:00:00,A,GNUPRT,AT,2006,4.5,,
ESTAT:DEMO_NIND(1.0),30/04/26 23:00:00,A,GNUPRT,AT,2007,4.3,,
ESTAT:DEMO_NIND(1.0),30/04/26 23:00:00,A,GNUPRT,AT,2008,4.2,,
ESTAT:DEMO_NIND(1.0),30/04/26 23:00:00,A,GNUPRT,AT,2009,4.3,,
ESTAT:DEMO_NIND(1.0),30/04/26 23:00:00,A,GNUPRT,AT,2010,4.5,,
ESTAT:DEMO_NIND(1.0),30/04/26 23:00:00,A,GNUPRT,AT,2011,4.3,,
ESTAT:DEMO_NIND(1.0),30/04/26 23:00:00,A,GNUPRT,AT,2012,4.6,,
ESTAT:DEMO_NIND(1.0),30/04/26 23:00:00,A,GNUPRT,AT,2013,4.3,,
ESTAT:DEMO_NIND(1.0),30/04/26 23:00:00,A,GNUPRT,AT,2014,4.4,,
ESTAT:DEMO_NIND(1.0),30/04/26 23:00:00,A,GNUPRT,AT,2015,5.1,,
ESTAT:DEMO_NIND(1.0),30/04/26 23:00:00,A,GNUPRT,AT,2016,5.1,,
ESTAT:DEMO_NIND(1.0),30/04/26 23:00:00,A,GNUPRT,AT,2017,5.1,,
ESTAT:DEMO_NIND(1.0),30/04/26 23:00:00,A,GNUPRT,AT,2018,5.3,,
ESTAT:DEMO_NIND(1.0),30/04/26 23:00:00,A,GNUPRT,AT,2019,5.2,,
ESTAT:DEMO_NIND(1.0),30/04/26 23:00:00,A,GNUPRT,AT,2020,4.4,,
ESTAT:DEMO_NIND(1.0),30/04/26 23:00:00,A,GNUPRT,AT,2023,5.0,,
ESTAT:DEMO_NIND(1.0),30/04/26 23:00:00,A,GNUPRT,AT,2024,5.0,,
ESTAT:DEMO_NIND(1.0),30/04/26 23:00:00,A,GNUPRT,AZ,2004,7.5,,
ESTAT:DEMO_NIND(1.0),30/04/26 23:00:00,A,GNUPRT,AZ,2005,8.5,,
ESTAT:DEMO_NIND(1.0),30/04/26 23:00:00,A,GNUPRT,AZ,2006,9.4,,
ESTAT:DEMO_NIND(1.0),30/04/26 23:00:00,A,GNUPRT,AZ,2007,9.5,,
ESTAT:DEMO_NIND(1.0),30/04/26 23:00:00,A,GNUPRT,AZ,2008,9.1,,
ESTAT:DEMO_NIND(1.0),30/04/26 23:00:00,A,GNUPRT,AZ,2009,8.7,,
ESTAT:DEMO_NIND(1.0),30/04/26 23:00:00,A,GNUPRT,AZ,2010,8.7,,
ESTAT:DEMO_NIND(1.0),30/04/26 23:00:00,A,GNUPRT,AZ,2011,9.6,,
ESTAT:DEMO_NIND(1.0),30/04/26 23:00:00,A,GNUPRT,AZ,2012,8.5,,
ESTAT:DEMO_NIND(1.0),30/04/26 23:00:00,A,GNUPRT,AZ,2013,9.2,,
ESTAT:DEMO_NIND(1.0),30/04/26 23:00:00,A,GNUPRT,AZ,2014,8.9,,
ESTAT:DEMO_NIND(1.0),30/04/26 23:00:00,A,GNUPRT,AZ,2015,7.1,,
ESTAT:DEMO_NIND(1.0),30/04/26 23:00:00,A,GNUPRT,AZ,2016,6.8,,
ESTAT:DEMO_NIND(1.0),30/04/26 23:00:00,A,GNUPRT,AZ,2017,6.4,,
ESTAT:DEMO_NIND(1.0),30/04/26 23:00:00,A,GNUPRT,AZ,2018,6.3,,
ESTAT:DEMO_NIND(1.0),30/04/26 23:00:00,A,GNUPRT,AZ,2019,6.4,,
ESTAT:DEMO_NIND(1.0),30/04/26 23:00:00,A,GNUPRT,AZ,2022,6.1,,
ESTAT:DEMO_NIND(1.0),30/04/26 23:00:00,A,GNUPRT,BA,1960,10.1,,
ESTAT:DEMO_NIND(1.0),30/04/26 23:00:00,A,GNUPRT,BA,1961,9.7,,
ESTAT:DEMO_NIND(1.0),30/04/26 23:00:00,A,GNUPRT,BA,1962,9.1,,
ESTAT:DEMO_NIND(1.0),30/04/26 23:00:00,A,GNUPRT,BA,1963,8.6,,
ESTAT:DEMO_NIND(1.0),30/04/26 23:00:00,A,GNUPRT,BA,1964,8.9,,
ESTAT:DEMO_NIND(1.0),30/04/26 23:00:00,A,GNUPRT,BA,1965,9.3,,
ESTAT:DEMO_NIND(1.0),30/04/26 23:00:00,A,GNUPRT,BA,1966,8.7,,
ESTAT:DEMO_NIND(1.0),30/04/26 23:00:00,A,GNUPRT,BA,1967,8.3,,
ESTAT:DEMO_NIND(1.0),30/04/26 23:00:00,A,GNUPRT,BA,1968,8.2,,
ESTAT:DEMO_NIND(1.0),30/04/26 23:00:00,A,GNUPRT,BA,1969,8.6,,
ESTAT:DEMO_NIND(1.0),30/04/26 23:00:00,A,GNUPRT,BA,1970,9.3,,
ESTAT:DEMO_NIND(1.0),30/04/26 23:00:00,A,GNUPRT,BA,1971,9.4,,
ESTAT:DEMO_NIND(1.0),30/04/26 23:00:00,A,GNUPRT,BA,1972,9.1,,
ESTAT:DEMO_NIND(1.0),30/04/26 23:00:00,A,GNUPRT,BA,1973,8.8,,
ESTAT:DEMO_NIND(1.0),30/04/26 23:00:00,A,GNUPRT,BA,1974,8.9,,
ESTAT:DEMO_NIND(1.0),30/04/26 23:00:00,A,GNUPRT,BA,1975,9.0,,
ESTAT:DEMO_NIND(1.0),30/04/26 23:00:00,A,GNUPRT,BA,1976,8.4,,
ESTAT:DEMO_NIND(1.0),30/04/26 23:00:00,A,GNUPRT,BA,1977,8.6,,
ESTAT:DEMO_NIND(1.0),30/04/26 23:00:00,A,GNUPRT,BA,1978,8.5,,
ESTAT:DEMO_NIND(1.0),30/04/26 23:00:00,A,GNUPRT,BA,1979,8.5,,
ESTAT:DEMO_NIND(1.0),30/04/26 23:00:00,A,GNUPRT,BA,1980,8.5,,
ESTAT:DEMO_NIND(1.0),30/04/26 23:00:00,A,GNUPRT,BA,1981,8.9,,
ESTAT:DEMO_NIND(1.0),30/04/26 23:00:00,A,GNUPRT,BA,1982,8.7,,
ESTAT:DEMO_NIND(1.0),30/04/26 23:00:00,A,GNUPRT,BA,1983,8.8,,
ESTAT:DEMO_NIND(1.0),30/04/26 23:00:00,A,GNUPRT,BA,1984,8.4,,
ESTAT:DEMO_NIND(1.0),30/04/26 23:00:00,A,GNUPRT,BA,1985,8.1,,
ESTAT:DEMO_NIND(1.0),30/04/26 23:00:00,A,GNUPRT,BA,1986,7.9,,
ESTAT:DEMO_NIND(1.0),30/04/26 23:00:00,A,GNUPRT,BA,1987,7.8,,
ESTAT:DEMO_NIND(1.0),30/04/26 23:00:00,A,GNUPRT,BA,1988,7.8,,
ESTAT:DEMO_NIND(1.0),30/04/26 23:00:00,A,GNUPRT,BA,1989,7.7,,
ESTAT:DEMO_NIND(1.0),30/04/26 23:00:00,A,GNUPRT,BA,1990,6.7,,
ESTAT:DEMO_NIND(1.0),30/04/26 23:00:00,A,GNUPRT,BA,1991,6.3,,
ESTAT:DEMO_NIND(1.0),30/04/26 23:00:00,A,GNUPRT,BA,1997,6.4,,
ESTAT:DEMO_NIND(1.0),30/04/26 23:00:00,A,GNUPRT,BA,1998,6.2,,
ESTAT:DEMO_NIND(1.0),30/04/26 23:00:00,A,GNUPRT,BA,1999,6.0,,
ESTAT:DEMO_NIND(1.0),30/04/26 23:00:00,A,GNUPRT,BA,2000,5.6,,
ESTAT:DEMO_NIND(1.0),30/04/26 23:00:00,A,GNUPRT,BA,2002,5.3,,
ESTAT:DEMO_NIND(1.0),30/04/26 23:00:00,A,GNUPRT,BA,2003,5.4,,
ESTAT:DEMO_NIND(1.0),30/04/26 23:00:00,A,GNUPRT,BA,2004,5.6,,
ESTAT:DEMO_NIND(1.0),30/04/26 23:00:00,A,GNUPRT,BA,2005,5.6,,
ESTAT:DEMO_NIND(1.0),30/04/26 23:00:00,A,GNUPRT,BA,2006,5.6,,
ESTAT:DEMO_NIND(1.0),30/04/26 23:00:00,A,GNUPRT,BA,2007,6.1,,
ESTAT:DEMO_NIND(1.0),30/04/26 23:00:00,A,GNUPRT,BA,2008,5.8,,
ESTAT:DEMO_NIND(1.0),30/04/26 23:00:00,A,GNUPRT,BA,2009,5.4,,
ESTAT:DEMO_NIND(1.0),30/04/26 23:00:00,A,GNUPRT,BA,2010,5.1,,
ESTAT:DEMO_NIND(1.0),30/04/26 23:00:00,A,GNUPRT,BA,2012,4.8,,
ESTAT:DEMO_NIND(1.0),30/04/26 23:00:00,A,GNUPRT,BE,1960,7.1,,
ESTAT:DEMO_NIND(1.0),30/04/26 23:00:00,A,GNUPRT,BE,1961,6.8,,
ESTAT:DEMO_NIND(1.0),30/04/26 23:00:00,A,GNUPRT,BE,1962,6.7,,
ESTAT:DEMO_NIND(1.0),30/04/26 23:00:00,A,GNUPRT,BE,1963,6.7,,
ESTAT:DEMO_NIND(1.0),30/04/26 23:00:00,A,GNUPRT,BE,1964,6.9,,
ESTAT:DEMO_NIND(1.0),30/04/26 23:00:00,A,GNUPRT,BE,1965,7.0,,
ESTAT:DEMO_NIND(1.0),30/04/26 23:00:00,A,GNUPRT,BE,1966,7.2,,
ESTAT:DEMO_NIND(1.0),30/04/26 23:00:00,A,GNUPRT,BE,1967,7.1,,
ESTAT:DEMO_NIND(1.0),30/04/26 23:00:00,A,GNUPRT,BE,1968,7.2,,
ESTAT:DEMO_NIND(1.0),30/04/26 23:00:00,A,GNUPRT,BE,1969,7.5,,
ESTAT:DEMO_NIND(1.0),30/04/26 23:00:00,A,GNUPRT,BE,1970,7.6,,
ESTAT:DEMO_NIND(1.0),30/04/26 23:00:00,A,GNUPRT,BE,1971,7.6,,
ESTAT:DEMO_NIND(1.0),30/04/26 23:00:00,A,GNUPRT,BE,1972,7.7,,
ESTAT:DEMO_NIND(1.0),30/04/26 23:00:00,A,GNUPRT,BE,1973,7.6,,
ESTAT:DEMO_NIND(1.0),30/04/26 23:00:00,A,GNUPRT,BE,1974,7.5,,
ESTAT:DEMO_NIND(1.0),30/04/26 23:00:00,A,GNUPRT,BE,1975,7.3,,
ESTAT:DEMO_NIND(1.0),30/04/26 23:00:00,A,GNUPRT,BE,1976,7.2,,
ESTAT:DEMO_NIND(1.0),30/04/26 23:00:00,A,GNUPRT,BE,1977,7.0,,
ESTAT:DEMO_NIND(1.0),30/04/26 23:00:00,A,GNUPRT,BE,1978,6.8,,
ESTAT:DEMO_NIND(1.0),30/04/26 23:00:00,A,GNUPRT,BE,1979,6.6,,
ESTAT:DEMO_NIND(1.0),30/04/26 23:00:00,A,GNUPRT,BE,1980,6.7,,
ESTAT:DEMO_NIND(1.0),30/04/26 23:00:00,A,GNUPRT,BE,1981,6.5,,
ESTAT:DEMO_NIND(1.0),30/04/26 23:00:00,A,GNUPRT,BE,1982,6.3,,
ESTAT:DEMO_NIND(1.0),30/04/26 23:00:00,A,GNUPRT,BE,1983,6.1,,
ESTAT:DEMO_NIND(1.0),30/04/26 23:00:00,A,GNUPRT,BE,1984,6.0,,
ESTAT:DEMO_NIND(1.0),30/04/26 23:00:00,A,GNUPRT,BE,1985,5.8,,
ESTAT:DEMO_NIND(1.0),30/04/26 23:00:00,A,GNUPRT,BE,1986,5.8,,
ESTAT:DEMO_NIND(1.0),30/04/26 23:00:00,A,GNUPRT,BE,1987,5.7,,
ESTAT:DEMO_NIND(1.0),30/04/26 23:00:00,A,GNUPRT,BE,1988,6.0,,
ESTAT:DEMO_NIND(1.0),30/04/26 23:00:00,A,GNUPRT,BE,1989,6.4,,
ESTAT:DEMO_NIND(1.0),30/04/26 23:00:00,A,GNUPRT,BE,1990,6.5,,
ESTAT:DEMO_NIND(1.0),30/04/26 23:00:00,A,GNUPRT,BE,1991,6.1,,
ESTAT:DEMO_NIND(1.0),30/04/26 23:00:00,A,GNUPRT,BE,1992,5.8,,
ESTAT:DEMO_NIND(1.0),30/04/26 23:00:00,A,GNUPRT,BE,1993,5.4,,
ESTAT:DEMO_NIND(1.0),30/04/26 23:00:00,A,GNUPRT,BE,1994,5.1,,
ESTAT:DEMO_NIND(1.0),30/04/26 23:00:00,A,GNUPRT,BE,1995,5.1,,
ESTAT:DEMO_NIND(1.0),30/04/26 23:00:00,A,GNUPRT,BE,1996,5.0,,
ESTAT:DEMO_NIND(1.0),30/04/26 23:00:00,A,GNUPRT,BE,1997,4.7,,
ESTAT:DEMO_NIND(1.0),30/04/26 23:00:00,A,GNUPRT,BE,1998,4.4,,
ESTAT:DEMO_NIND(1.0),30/04/26 23:00:00,A,GNUPRT,BE,1999,4.3,,
ESTAT:DEMO_NIND(1.0),30/04/26 23:00:00,A,GNUPRT,BE,2000,4.4,,
ESTAT:DEMO_NIND(1.0),30/04/26 23:00:00,A,GNUPRT,BE,2001,4.1,,
ESTAT:DEMO_NIND(1.0),30/04/26 23:00:00,A,GNUPRT,BE,2002,3.9,,
ESTAT:DEMO_NIND(1.0),30/04/26 23:00:00,A,GNUPRT,BE,2003,4.0,,
ESTAT:DEMO_NIND(1.0),30/04/26 23:00:00,A,GNUPRT,BE,2004,4.2,,
ESTAT:DEMO_NIND(1.0),30/04/26 23:00:00,A,GNUPRT,BE,2005,4.1,,
ESTAT:DEMO_NIND(1.0),30/04/26 23:00:00,A,GNUPRT,BE,2006,4.2,,
ESTAT:DEMO_NIND(1.0),30/04/26 23:00:00,A,GNUPRT,BE,2007,4.3,,
ESTAT:DEMO_NIND(1.0),30/04/26 23:00:00,A,GNUPRT,BE,2008,4.3,,
ESTAT:DEMO_NIND(1.0),30/04/26 23:00:00,A,GNUPRT,BE,2009,4.0,,
ESTAT:DEMO_NIND(1.0),30/04/26 23:00:00,A,GNUPRT,BE,2010,3.9,,
ESTAT:DEMO_NIND(1.0),30/04/26 23:00:00,A,GNUPRT,BE,2011,3.7,b,
ESTAT:DEMO_NIND(1.0),30/04/26 23:00:00,A,GNUPRT,BE,2012,3.8,,
ESTAT:DEMO_NIND(1.0),30/04/26 23:00:00,A,GNUPRT,BE,2013,3.4,,
ESTAT:DEMO_NIND(1.0),30/04/26 23:00:00,A,GNUPRT,BE,2014,3.6,,
ESTAT:DEMO_NIND(1.0),30/04/26 23:00:00,A,GNUPRT,BE,2015,4.0,,
ESTAT:DEMO_NIND(1.0),30/04/26 23:00:00,A,GNUPRT,BE,2016,3.9,,
ESTAT:DEMO_NIND(1.0),30/04/26 23:00:00,A,GNUPRT,BE,2017,3.9,,
ESTAT:DEMO_NIND(1.0),30/04/26 23:00:00,A,GNUPRT,BE,2018,3.9,,
ESTAT:DEMO_NIND(1.0),30/04/26 23:00:00,A,GNUPRT,BE,2019,3.9,,
ESTAT:DEMO_NIND(1.0),30/04/26 23:00:00,A,GNUPRT,BE,2021,3.5,,
ESTAT:DEMO_NIND(1.0),30/04/26 23:00:00,A,GNUPRT,BE,2022,4.2,,
ESTAT:DEMO_NIND(1.0),30/04/26 23:00:00,A,GNUPRT,BE,2023,4.0,,
ESTAT:DEMO_NIND(1.0),30/04/26 23:00:00,A,GNUPRT,BG,1960,8.8,,
ESTAT:DEMO_NIND(1.0),30/04/26 23:00:00,A,GNUPRT,BG,1961,8.4,,
ESTAT:DEMO_NIND(1.0),30/04/26 23:00:00,A,GNUPRT,BG,1962,8.1,,
ESTAT:DEMO_NIND(1.0),30/04/26 23:00:00,A,GNUPRT,BG,1963,8.2,,
ESTAT:DEMO_NIND(1.0),30/04/26 23:00:00,A,GNUPRT,BG,1964,8.1,,
ESTAT:DEMO_NIND(1.0),30/04/26 23:00:00,A,GNUPRT,BG,1965,8.0,,
ESTAT:DEMO_NIND(1.0),30/04/26 23:00:00,A,GNUPRT,BG,1966,8.2,,
ESTAT:DEMO_NIND(1.0),30/04/26 23:00:00,A,GNUPRT,BG,1967,8.7,,
ESTAT:DEMO_NIND(1.0),30/04/26 23:00:00,A,GNUPRT,BG,1968,8.9,,
ESTAT:DEMO_NIND(1.0),30/04/26 23:00:00,A,GNUPRT,BG,1969,8.7,,
ESTAT:DEMO_NIND(1.0),30/04/26 23:00:00,A,GNUPRT,BG,1970,8.6,,
ESTAT:DEMO_NIND(1.0),30/04/26 23:00:00,A,GNUPRT,BG,1971,8.2,,
ESTAT:DEMO_NIND(1.0),30/04/26 23:00:00,A,GNUPRT,BG,1972,8.2,,
ESTAT:DEMO_NIND(1.0),30/04/26 23:00:00,A,GNUPRT,BG,1973,8.6,,
ESTAT:DEMO_NIND(1.0),30/04/26 23:00:00,A,GNUPRT,BG,1974,8.5,,
ESTAT:DEMO_NIND(1.0),30/04/26 23:00:00,A,GNUPRT,BG,1975,8.6,,
ESTAT:DEMO_NIND(1.0),30/04/26 23:00:00,A,GNUPRT,BG,1976,8.4,,
ESTAT:DEMO_NIND(1.0),30/04/26 23:00:00,A,GNUPRT,BG,1977,8.5,,
ESTAT:DEMO_NIND(1.0),30/04/26 23:00:00,A,GNUPRT,BG,1978,8.1,,
ESTAT:DEMO_NIND(1.0),30/04/26 23:00:00,A,GNUPRT,BG,1979,7.9,,
ESTAT:DEMO_NIND(1.0),30/04/26 23:00:00,A,GNUPRT,BG,1980,7.9,,
ESTAT:DEMO_NIND(1.0),30/04/26 23:00:00,A,GNUPRT,BG,1981,7.5,,
ESTAT:DEMO_NIND(1.0),30/04/26 23:00:00,A,GNUPRT,BG,1982,7.5,,
ESTAT:DEMO_NIND(1.0),30/04/26 23:00:00,A,GNUPRT,BG,1983,7.5,,
ESTAT:DEMO_NIND(1.0),30/04/26 23:00:00,A,GNUPRT,BG,1984,7.3,,
ESTAT:DEMO_NIND(1.0),30/04/26 23:00:00,A,GNUPRT,BG,1985,7.4,,
ESTAT:DEMO_NIND(1.0),30/04/26 23:00:00,A,GNUPRT,BG,1986,7.3,,
ESTAT:DEMO_NIND(1.0),30/04/26 23:00:00,A,GNUPRT,BG,1987,7.2,,
ESTAT:DEMO_NIND(1.0),30/04/26 23:00:00,A,GNUPRT,BG,1988,7.0,,
ESTAT:DEMO_NIND(1.0),30/04/26 23:00:00,A,GNUPRT,BG,1989,7.1,,
ESTAT:DEMO_NIND(1.0),30/04/26 23:00:00,A,GNUPRT,BG,1990,6.9,,
ESTAT:DEMO_NIND(1.0),30/04/26 23:00:00,A,GNUPRT,BG,1991,5.7,,
ESTAT:DEMO_NIND(1.0),30/04/26 23:00:00,A,GNUPRT,BG,1992,5.2,,
ESTAT:DEMO_NIND(1.0),30/04/26 23:00:00,A,GNUPRT,BG,1993,4.7,,
ESTAT:DEMO_NIND(1.0),30/04/26 23:00:00,A,GNUPRT,BG,1994,4.5,,
ESTAT:DEMO_NIND(1.0),30/04/26 23:00:00,A,GNUPRT,BG,1995,4.4,,
ESTAT:DEMO_NIND(1.0),30/04/26 23:00:00,A,GNUPRT,BG,1996,4.3,,
ESTAT:DEMO_NIND(1.0),30/04/26 23:00:00,A,GNUPRT,BG,1997,4.2,,
ESTAT:DEMO_NIND(1.0),30/04/26 23:00:00,A,GNUPRT,BG,1998,4.3,,
ESTAT:DEMO_NIND(1.0),30/04/26 23:00:00,A,GNUPRT,BG,1999,4.1,,
ESTAT:DEMO_NIND(1.0),30/04/26 23:00:00,A,GNUPRT,BG,2000,4.3,,
ESTAT:DEMO_NIND(1.0),30/04/26 23:00:00,A,GNUPRT,BG,2001,4.0,,
ESTAT:DEMO_NIND(1.0),30/04/26 23:00:00,A,GNUPRT,BG,2002,3.7,,
ESTAT:DEMO_NIND(1.0),30/04/26 23:00:00,A,GNUPRT,BG,2003,3.9,,
ESTAT:DEMO_NIND(1.0),30/04/26 23:00:00,A,GNUPRT,BG,2004,4.0,,
ESTAT:DEMO_NIND(1.0),30/04/26 23:00:00,A,GNUPRT,BG,2005,4.4,,
ESTAT:DEMO_NIND(1.0),30/04/26 23:00:00,A,GNUPRT,BG,2006,4.3,,
ESTAT:DEMO_NIND(1.0),30/04/26 23:00:00,A,GNUPRT,BG,2007,3.9,,
ESTAT:DEMO_NIND(1.0),30/04/26 23:00:00,A,GNUPRT,BG,2008,3.7,,
ESTAT:DEMO_NIND(1.0),30/04/26 23:00:00,A,GNUPRT,BG,2009,3.5,,
ESTAT:DEMO_NIND(1.0),30/04/26 23:00:00,A,GNUPRT,BG,2010,3.3,,
ESTAT:DEMO_NIND(1.0),30/04/26 23:00:00,A,GNUPRT,BG,2011,2.9,,
ESTAT:DEMO_NIND(1.0),30/04/26 23:00:00,A,GNUPRT,BG,2012,2.9,,
ESTAT:DEMO_NIND(1.0),30/04/26 23:00:00,A,GNUPRT,BG,2013,3.0,,
ESTAT:DEMO_NIND(1.0),30/04/26 23:00:00,A,GNUPRT,BG,2014,3.4,,
ESTAT:DEMO_NIND(1.0),30/04/26 23:00:00,A,GNUPRT,BG,2015,3.9,,
ESTAT:DEMO_NIND(1.0),30/04/26 23:00:00,A,GNUPRT,BG,2016,3.8,,
ESTAT:DEMO_NIND(1.0),30/04/26 23:00:00,A,GNUPRT,BG,2017,4.0,,
ESTAT:DEMO_NIND(1.0),30/04/26 23:00:00,A,GNUPRT,BG,2018,4.1,,
ESTAT:DEMO_NIND(1.0),30/04/26 23:00:00,A,GNUPRT,BG,2019,4.2,,
ESTAT:DEMO_NIND(1.0),30/04/26 23:00:00,A,GNUPRT,BG,2020,3.2,,
ESTAT:DEMO_NIND(1.0),30/04/26 23:00:00,A,GNUPRT,BG,2021,3.9,,
ESTAT:DEMO_NIND(1.0),30/04/26 23:00:00,A,GNUPRT,BG,2022,3.9,,
ESTAT:DEMO_NIND(1.0),30/04/26 23:00:00,A,GNUPRT,BG,2023,3.4,,
ESTAT:DEMO_NIND(1.0),30/04/26 23:00:00,A,GNUPRT,BG,2024,3.2,,
ESTAT:DEMO_NIND(1.0),30/04/26 23:00:00,A,GNUPRT,BY,2004,6.1,,
ESTAT:DEMO_NIND(1.0),30/04/26 23:00:00,A,GNUPRT,BY,2005,7.5,,
ESTAT:DEMO_NIND(1.0),30/04/26 23:00:00,A,GNUPRT,BY,2006,8.1,,
ESTAT:DEMO_NIND(1.0),30/04/26 23:00:00,A,GNUPRT,BY,2007,9.3,,
ESTAT:DEMO_NIND(1.0),30/04/26 23:00:00,A,GNUPRT,BY,2008,8.0,,
ESTAT:DEMO_NIND(1.0),30/04/26 23:00:00,A,GNUPRT,BY,2009,8.2,,
ESTAT:DEMO_NIND(1.0),30/04/26 23:00:00,A,GNUPRT,BY,2010,8.1,,
ESTAT:DEMO_NIND(1.0),30/04/26 23:00:00,A,GNUPRT,BY,2011,9.2,,
ESTAT:DEMO_NIND(1.0),30/04/26 23:00:00,A,GNUPRT,BY,2012,8.1,,
ESTAT:DEMO_NIND(1.0),30/04/26 23:00:00,A,GNUPRT,BY,2013,9.2,,
ESTAT:DEMO_NIND(1.0),30/04/26 23:00:00,A,GNUPRT,BY,2014,8.9,,
ESTAT:DEMO_NIND(1.0),30/04/26 23:00:00,A,GNUPRT,BY,2015,8.6,,
ESTAT:DEMO_NIND(1.0),30/04/26 23:00:00,A,GNUPRT,BY,2016,6.8,,
ESTAT:DEMO_NIND(1.0),30/04/26 23:00:00,A,GNUPRT,BY,2017,7.0,,
ESTAT:DEMO_NIND(1.0),30/04/26 23:00:00,A,GNUPRT,BY,2018,6.4,,
ESTAT:DEMO_NIND(1.0),30/04/26 23:00:00,A,GNUPRT,CH,1960,7.8,,
ESTAT:DEMO_NIND(1.0),30/04/26 23:00:00,A,GNUPRT,CH,1961,7.8,,
ESTAT:DEMO_NIND(1.0),30/04/26 23:00:00,A,GNUPRT,CH,1962,8.0,,
ESTAT:DEMO_NIND(1.0),30/04/26 23:00:00,A,GNUPRT,CH,1963,7.7,,
ESTAT:DEMO_NIND(1.0),30/04/26 23:00:00,A,GNUPRT,CH,1964,7.6,,
ESTAT:DEMO_NIND(1.0),30/04/26 23:00:00,A,GNUPRT,CH,1965,7.7,,
ESTAT:DEMO_NIND(1.0),30/04/26 23:00:00,A,GNUPRT,CH,1966,7.5,,
ESTAT:DEMO_NIND(1.0),30/04/26 23:00:00,A,GNUPRT,CH,1967,7.6,,
ESTAT:DEMO_NIND(1.0),30/04/26 23:00:00,A,GNUPRT,CH,1968,7.5,,
ESTAT:DEMO_NIND(1.0),30/04/26 23:00:00,A,GNUPRT,CH,1969,7.6,,
ESTAT:DEMO_NIND(1.0),30/04/26 23:00:00,A,GNUPRT,CH,1970,7.6,,
ESTAT:DEMO_NIND(1.0),30/04/26 23:00:00,A,GNUPRT,CH,1971,7.2,,
ESTAT:DEMO_NIND(1.0),30/04/26 23:00:00,A,GNUPRT,CH,1972,6.9,,
ESTAT:DEMO_NIND(1.0),30/04/26 23:00:00,A,GNUPRT,CH,1973,6.5,,
ESTAT:DEMO_NIND(1.0),30/04/26 23:00:00,A,GNUPRT,CH,1974,6.1,,
ESTAT:DEMO_NIND(1.0),30/04/26 23:00:00,A,GNUPRT,CH,1975,5.6,,
ESTAT:DEMO_NIND(1.0),30/04/26 23:00:00,A,GNUPRT,CH,1976,5.1,,
ESTAT:DEMO_NIND(1.0),30/04/26 23:00:00,A,GNUPRT,CH,1977,5.3,,
ESTAT:DEMO_NIND(1.0),30/04/26 23:00:00,A,GNUPRT,CH,1978,5.1,,
ESTAT:DEMO_NIND(1.0),30/04/26 23:00:00,A,GNUPRT,CH,1979,5.4,,
ESTAT:DEMO_NIND(1.0),30/04/26 23:00:00,A,GNUPRT,CH,1980,5.7,,
ESTAT:DEMO_NIND(1.0),30/04/26 23:00:00,A,GNUPRT,CH,1981,5.6,,
ESTAT:DEMO_NIND(1.0),30/04/26 23:00:00,A,GNUPRT,CH,1982,5.8,,
ESTAT:DEMO_NIND(1.0),30/04/26 23:00:00,A,GNUPRT,CH,1983,5.9,,
ESTAT:DEMO_NIND(1.0),30/04/26 23:00:00,A,GNUPRT,CH,1984,6.0,,
ESTAT:DEMO_NIND(1.0),30/04/26 23:00:00,A,GNUPRT,CH,1985,6.0,,
ESTAT:DEMO_NIND(1.0),30/04/26 23:00:00,A,GNUPRT,CH,1986,6.2,,
ESTAT:DEMO_NIND(1.0),30/04/26 23:00:00,A,GNUPRT,CH,1987,6.6,,
ESTAT:DEMO_NIND(1.0),30/04/26 23:00:00,A,GNUPRT,CH,1988,6.9,,
ESTAT:DEMO_NIND(1.0),30/04/26 23:00:00,A,GNUPRT,CH,1989,6.8,,
ESTAT:DEMO_NIND(1.0),30/04/26 23:00:00,A,GNUPRT,CH,1990,6.9,,
ESTAT:DEMO_NIND(1.0),30/04/26 23:00:00,A,GNUPRT,CH,1991,7.0,,
ESTAT:DEMO_NIND(1.0),30/04/26 23:00:00,A,GNUPRT,CH,1992,6.6,,
ESTAT:DEMO_NIND(1.0),30/04/26 23:00:00,A,GNUPRT,CH,1993,6.2,,
ESTAT:DEMO_NIND(1.0),30/04/26 23:00:00,A,GNUPRT,CH,1994,6.1,,
ESTAT:DEMO_NIND(1.0),30/04/26 23:00:00,A,GNUPRT,CH,1995,5.8,,
ESTAT:DEMO_NIND(1.0),30/04/26 23:00:00,A,GNUPRT,CH,1996,5.7,,
ESTAT:DEMO_NIND(1.0),30/04/26 23:00:00,A,GNUPRT,CH,1997,5.5,,
ESTAT:DEMO_NIND(1.0),30/04/26 23:00:00,A,GNUPRT,CH,1998,5.4,,
ESTAT:DEMO_NIND(1.0),30/04/26 23:00:00,A,GNUPRT,CH,1999,5.7,,
ESTAT:DEMO_NIND(1.0),30/04/26 23:00:00,A,GNUPRT,CH,2000,5.5,,
ESTAT:DEMO_NIND(1.0),30/04/26 23:00:00,A,GNUPRT,CH,2001,5.0,,
ESTAT:DEMO_NIND(1.0),30/04/26 23:00:00,A,GNUPRT,CH,2002,5.5,,
ESTAT:DEMO_NIND(1.0),30/04/26 23:00:00,A,GNUPRT,CH,2003,5.5,,
ESTAT:DEMO_NIND(1.0),30/04/26 23:00:00,A,GNUPRT,CH,2004,5.3,,
ESTAT:DEMO_NIND(1.0),30/04/26 23:00:00,A,GNUPRT,CH,2005,5.4,,
ESTAT:DEMO_NIND(1.0),30/04/26 23:00:00,A,GNUPRT,CH,2006,5.3,,
ESTAT:DEMO_NIND(1.0),30/04/26 23:00:00,A,GNUPRT,CH,2007,5.3,,
ESTAT:DEMO_NIND(1.0),30/04/26 23:00:00,A,GNUPRT,CH,2008,5.4,,
ESTAT:DEMO_NIND(1.0),30/04/26 23:00:00,A,GNUPRT,CH,2009,5.4,,
ESTAT:DEMO_NIND(1.0),30/04/26 23:00:00,A,GNUPRT,CH,2010,5.5,,
ESTAT:DEMO_NIND(1.0),30/04/26 23:00:00,A,GNUPRT,CH,2011,5.3,b,
ESTAT:DEMO_NIND(1.0),30/04/26 23:00:00,A,GNUPRT,CH,2012,5.3,,
ESTAT:DEMO_NIND(1.0),30/04/26 23:00:00,A,GNUPRT,CH,2013,4.9,,
ESTAT:DEMO_NIND(1.0),30/04/26 23:00:00,A,GNUPRT,CH,2014,5.1,,
ESTAT:DEMO_NIND(1.0),30/04/26 23:00:00,A,GNUPRT,CH,2015,5.0,,
ESTAT:DEMO_NIND(1.0),30/04/26 23:00:00,A,GNUPRT,CH,2016,5.0,,
ESTAT:DEMO_NIND(1.0),30/04/26 23:00:00,A,GNUPRT,CH,2017,4.8,,
ESTAT:DEMO_NIND(1.0),30/04/26 23:00:00,A,GNUPRT,CH,2018,4.8,,
ESTAT:DEMO_NIND(1.0),30/04/26 23:00:00,A,GNUPRT,CH,2019,4.5,,
ESTAT:DEMO_NIND(1.0),30/04/26 23:00:00,A,GNUPRT,CH,2020,4.1,,
ESTAT:DEMO_NIND(1.0),30/04/26 23:00:00,A,GNUPRT,CH,2021,4.2,,
ESTAT:DEMO_NIND(1.0),30/04/26 23:00:00,A,GNUPRT,CH,2022,4.7,,
ESTAT:DEMO_NIND(1.0),30/04/26 23:00:00,A,GNUPRT,CH,2023,4.2,,
ESTAT:DEMO_NIND(1.0),30/04/26 23:00:00,A,GNUPRT,CH,2024,4.1,,
ESTAT:DEMO_NIND(1.0),30/04/26 23:00:00,A,GNUPRT,CY,1964,4.4,,
ESTAT:DEMO_NIND(1.0),30/04/26 23:00:00,A,GNUPRT,CY,1965,7.6,,
ESTAT:DEMO_NIND(1.0),30/04/26 23:00:00,A,GNUPRT,CY,1966,7.3,,
ESTAT:DEMO_NIND(1.0),30/04/26 23:00:00,A,GNUPRT,CY,1967,8.7,,
ESTAT:DEMO_NIND(1.0),30/04/26 23:00:00,A,GNUPRT,CY,1968,6.1,,
ESTAT:DEMO_NIND(1.0),30/04/26 23:00:00,A,GNUPRT,CY,1969,8.6,,
ESTAT:DEMO_NIND(1.0),30/04/26 23:00:00,A,GNUPRT,CY,1970,8.6,,
ESTAT:DEMO_NIND(1.0),30/04/26 23:00:00,A,GNUPRT,CY,1971,9.6,,
ESTAT:DEMO_NIND(1.0),30/04/26 23:00:00,A,GNUPRT,CY,1972,6.6,,
ESTAT:DEMO_NIND(1.0),30/04/26 23:00:00,A,GNUPRT,CY,1973,8.8,,
ESTAT:DEMO_NIND(1.0),30/04/26 23:00:00,A,GNUPRT,CY,1974,5.4,,
ESTAT:DEMO_NIND(1.0),30/04/26 23:00:00,A,GNUPRT,CY,1975,11.2,,
ESTAT:DEMO_NIND(1.0),30/04/26 23:00:00,A,GNUPRT,CY,1976,7.1,,
ESTAT:DEMO_NIND(1.0),30/04/26 23:00:00,A,GNUPRT,CY,1977,10.1,,
ESTAT:DEMO_NIND(1.0),30/04/26 23:00:00,A,GNUPRT,CY,1978,10.0,,
ESTAT:DEMO_NIND(1.0),30/04/26 23:00:00,A,GNUPRT,CY,1979,12.6,,
ESTAT:DEMO_NIND(1.0),30/04/26 23:00:00,A,GNUPRT,CY,1980,7.7,,
ESTAT:DEMO_NIND(1.0),30/04/26 23:00:00,A,GNUPRT,CY,1981,11.5,,
ESTAT:DEMO_NIND(1.0),30/04/26 23:00:00,A,GNUPRT,CY,1982,10.8,,
ESTAT:DEMO_NIND(1.0),30/04/26 23:00:00,A,GNUPRT,CY,1983,11.7,,
ESTAT:DEMO_NIND(1.0),30/04/26 23:00:00,A,GNUPRT,CY,1984,7.7,,
ESTAT:DEMO_NIND(1.0),30/04/26 23:00:00,A,GNUPRT,CY,1985,10.5,,
ESTAT:DEMO_NIND(1.0),30/04/26 23:00:00,A,GNUPRT,CY,1986,9.4,,
ESTAT:DEMO_NIND(1.0),30/04/26 23:00:00,A,GNUPRT,CY,1987,10.8,,
ESTAT:DEMO_NIND(1.0),30/04/26 23:00:00,A,GNUPRT,CY,1988,7.0,,
ESTAT:DEMO_NIND(1.0),30/04/26 23:00:00,A,GNUPRT,CY,1989,9.9,,
ESTAT:DEMO_NIND(1.0),30/04/26 23:00:00,A,GNUPRT,CY,1990,9.7,,
ESTAT:DEMO_NIND(1.0),30/04/26 23:00:00,A,GNUPRT,CY,1991,10.5,,
ESTAT:DEMO_NIND(1.0),30/04/26 23:00:00,A,GNUPRT,CY,1992,8.0,,
ESTAT:DEMO_NIND(1.0),30/04/26 23:00:00,A,GNUPRT,CY,1993,9.7,,
ESTAT:DEMO_NIND(1.0),30/04/26 23:00:00,A,GNUPRT,CY,1994,9.7,,
ESTAT:DEMO_NIND(1.0),30/04/26 23:00:00,A,GNUPRT,CY,1995,10.2,,
ESTAT:DEMO_NIND(1.0),30/04/26 23:00:00,A,GNUPRT,CY,1996,8.7,,
ESTAT:DEMO_NIND(1.0),30/04/26 23:00:00,A,GNUPRT,CY,1997,10.7,,
ESTAT:DEMO_NIND(1.0),30/04/26 23:00:00,A,GNUPRT,CY,1998,11.4,,
ESTAT:DEMO_NIND(1.0),30/04/26 23:00:00,A,GNUPRT,CY,1999,13.2,,
ESTAT:DEMO_NIND(1.0),30/04/26 23:00:00,A,GNUPRT,CY,2000,13.4,,
ESTAT:DEMO_NIND(1.0),30/04/26 23:00:00,A,GNUPRT,CY,2001,15.1,,
ESTAT:DEMO_NIND(1.0),30/04/26 23:00:00,A,GNUPRT,CY,2002,14.5,,
ESTAT:DEMO_NIND(1.0),30/04/26 23:00:00,A,GNUPRT,CY,2003,7.7,b,
ESTAT:DEMO_NIND(1.0),30/04/26 23:00:00,A,GNUPRT,CY,2004,7.3,,
ESTAT:DEMO_NIND(1.0),30/04/26 23:00:00,A,GNUPRT,CY,2005,8.0,,
ESTAT:DEMO_NIND(1.0),30/04/26 23:00:00,A,GNUPRT,CY,2006,7.0,,
ESTAT:DEMO_NIND(1.0),30/04/26 23:00:00,A,GNUPRT,CY,2007,8.3,,
ESTAT:DEMO_NIND(1.0),30/04/26 23:00:00,A,GNUPRT,CY,2008,7.8,,
ESTAT:DEMO_NIND(1.0),30/04/26 23:00:00,A,GNUPRT,CY,2009,7.8,,
ESTAT:DEMO_NIND(1.0),30/04/26 23:00:00,A,GNUPRT,CY,2010,7.3,,
ESTAT:DEMO_NIND(1.0),30/04/26 23:00:00,A,GNUPRT,CY,2011,7.3,,
ESTAT:DEMO_NIND(1.0),30/04/26 23:00:00,A,GNUPRT,CY,2012,6.7,,
ESTAT:DEMO_NIND(1.0),30/04/26 23:00:00,A,GNUPRT,CY,2013,6.4,,
ESTAT:DEMO_NIND(1.0),30/04/26 23:00:00,A,GNUPRT,CY,2014,6.3,,
ESTAT:DEMO_NIND(1.0),30/04/26 23:00:00,A,GNUPRT,CY,2015,7.2,,
ESTAT:DEMO_NIND(1.0),30/04/26 23:00:00,A,GNUPRT,CY,2016,7.5,,
ESTAT:DEMO_NIND(1.0),30/04/26 23:00:00,A,GNUPRT,CY,2017,6.8,,
ESTAT:DEMO_NIND(1.0),30/04/26 23:00:00,A,GNUPRT,CY,2018,7.8,,
ESTAT:DEMO_NIND(1.0),30/04/26 23:00:00,A,GNUPRT,CY,2019,8.9,,
ESTAT:DEMO_NIND(1.0),30/04/26 23:00:00,A,GNUPRT,CZ,1960,7.7,,
ESTAT:DEMO_NIND(1.0),30/04/26 23:00:00,A,GNUPRT,CZ,1961,7.7,,
ESTAT:DEMO_NIND(1.0),30/04/26 23:00:00,A,GNUPRT,CZ,1962,8.0,,
ESTAT:DEMO_NIND(1.0),30/04/26 23:00:00,A,GNUPRT,CZ,1963,8.3,,
ESTAT:DEMO_NIND(1.0),30/04/26 23:00:00,A,GNUPRT,CZ,1964,8.3,,
ESTAT:DEMO_NIND(1.0),30/04/26 23:00:00,A,GNUPRT,CZ,1965,8.4,,
ESTAT:DEMO_NIND(1.0),30/04/26 23:00:00,A,GNUPRT,CZ,1966,8.6,,
ESTAT:DEMO_NIND(1.0),30/04/26 23:00:00,A,GNUPRT,CZ,1967,8.9,,
ESTAT:DEMO_NIND(1.0),30/04/26 23:00:00,A,GNUPRT,CZ,1968,9.0,,
ESTAT:DEMO_NIND(1.0),30/04/26 23:00:00,A,GNUPRT,CZ,1969,9.1,,
ESTAT:DEMO_NIND(1.0),30/04/26 23:00:00,A,GNUPRT,CZ,1970,9.2,,
ESTAT:DEMO_NIND(1.0),30/04/26 23:00:00,A,GNUPRT,CZ,1971,9.3,,
ESTAT:DEMO_NIND(1.0),30/04/26 23:00:00,A,GNUPRT,CZ,1972,9.7,,
ESTAT:DEMO_NIND(1.0),30/04/26 23:00:00,A,GNUPRT,CZ,1973,10.0,,
ESTAT:DEMO_NIND(1.0),30/04/26 23:00:00,A,GNUPRT,CZ,1974,9.8,,
ESTAT:DEMO_NIND(1.0),30/04/26 23:00:00,A,GNUPRT,CZ,1975,9.7,,
ESTAT:DEMO_NIND(1.0),30/04/26 23:00:00,A,GNUPRT,CZ,1976,9.4,,
ESTAT:DEMO_NIND(1.0),30/04/26 23:00:00,A,GNUPRT,CZ,1977,9.1,,
ESTAT:DEMO_NIND(1.0),30/04/26 23:00:00,A,GNUPRT,CZ,1978,8.8,,
ESTAT:DEMO_NIND(1.0),30/04/26 23:00:00,A,GNUPRT,CZ,1979,8.2,,
ESTAT:DEMO_NIND(1.0),30/04/26 23:00:00,A,GNUPRT,CZ,1980,7.6,,
ESTAT:DEMO_NIND(1.0),30/04/26 23:00:00,A,GNUPRT,CZ,1981,7.5,,
ESTAT:DEMO_NIND(1.0),30/04/26 23:00:00,A,GNUPRT,CZ,1982,7.5,,
ESTAT:DEMO_NIND(1.0),30/04/26 23:00:00,A,GNUPRT,CZ,1983,7.8,,
ESTAT:DEMO_NIND(1.0),30/04/26 23:00:00,A,GNUPRT,CZ,1984,7.9,,
ESTAT:DEMO_NIND(1.0),30/04/26 23:00:00,A,GNUPRT,CZ,1985,7.8,,
ESTAT:DEMO_NIND(1.0),30/04/26 23:00:00,A,GNUPRT,CZ,1986,7.9,,
ESTAT:DEMO_NIND(1.0),30/04/26 23:00:00,A,GNUPRT,CZ,1987,8.1,,
ESTAT:DEMO_NIND(1.0),30/04/26 23:00:00,A,GNUPRT,CZ,1988,7.9,,
ESTAT:DEMO_NIND(1.0),30/04/26 23:00:00,A,GNUPRT,CZ,1989,7.8,,
ESTAT:DEMO_NIND(1.0),30/04/26 23:00:00,A,GNUPRT,CZ,1990,8.8,,
ESTAT:DEMO_NIND(1.0),30/04/26 23:00:00,A,GNUPRT,CZ,1991,7.0,,
ESTAT:DEMO_NIND(1.0),30/04/26 23:00:00,A,GNUPRT,CZ,1992,7.2,,
ESTAT:DEMO_NIND(1.0),30/04/26 23:00:00,A,GNUPRT,CZ,1993,6.4,,
ESTAT:DEMO_NIND(1.0),30/04/26 23:00:00,A,GNUPRT,CZ,1994,5.7,,
ESTAT:DEMO_NIND(1.0),30/04/26 23:00:00,A,GNUPRT,CZ,1995,5.3,,
ESTAT:DEMO_NIND(1.0),30/04/26 23:00:00,A,GNUPRT,CZ,1996,5.2,,
ESTAT:DEMO_NIND(1.0),30/04/26 23:00:00,A,GNUPRT,CZ,1997,5.6,,
ESTAT:DEMO_NIND(1.0),30/04/26 23:00:00,A,GNUPRT,CZ,1998,5.3,,
ESTAT:DEMO_NIND(1.0),30/04/26 23:00:00,A,GNUPRT,CZ,1999,5.2,,
ESTAT:DEMO_NIND(1.0),30/04/26 23:00:00,A,GNUPRT,CZ,2000,5.4,,
ESTAT:DEMO_NIND(1.0),30/04/26 23:00:00,A,GNUPRT,CZ,2001,5.1,,
ESTAT:DEMO_NIND(1.0),30/04/26 23:00:00,A,GNUPRT,CZ,2002,5.2,,
ESTAT:DEMO_NIND(1.0),30/04/26 23:00:00,A,GNUPRT,CZ,2003,4.8,,
ESTAT:DEMO_NIND(1.0),30/04/26 23:00:00,A,GNUPRT,CZ,2004,5.0,,
ESTAT:DEMO_NIND(1.0),30/04/26 23:00:00,A,GNUPRT,CZ,2005,5.1,,
ESTAT:DEMO_NIND(1.0),30/04/26 23:00:00,A,GNUPRT,CZ,2006,5.2,,
ESTAT:DEMO_NIND(1.0),30/04/26 23:00:00,A,GNUPRT,CZ,2007,5.5,,
ESTAT:DEMO_NIND(1.0),30/04/26 23:00:00,A,GNUPRT,CZ,2008,5.1,,
ESTAT:DEMO_NIND(1.0),30/04/26 23:00:00,A,GNUPRT,CZ,2009,4.6,,
ESTAT:DEMO_NIND(1.0),30/04/26 23:00:00,A,GNUPRT,CZ,2010,4.5,,
ESTAT:DEMO_NIND(1.0),30/04/26 23:00:00,A,GNUPRT,CZ,2011,4.3,,
ESTAT:DEMO_NIND(1.0),30/04/26 23:00:00,A,GNUPRT,CZ,2012,4.3,,
ESTAT:DEMO_NIND(1.0),30/04/26 23:00:00,A,GNUPRT,CZ,2013,4.1,,
ESTAT:DEMO_NIND(1.0),30/04/26 23:00:00,A,GNUPRT,CZ,2014,4.3,,
ESTAT:DEMO_NIND(1.0),30/04/26 23:00:00,A,GNUPRT,CZ,2015,4.6,,
ESTAT:DEMO_NIND(1.0),30/04/26 23:00:00,A,GNUPRT,CZ,2016,4.8,,
ESTAT:DEMO_NIND(1.0),30/04/26 23:00:00,A,GNUPRT,CZ,2017,5.0,,
ESTAT:DEMO_NIND(1.0),30/04/26 23:00:00,A,GNUPRT,CZ,2018,5.1,,
ESTAT:DEMO_NIND(1.0),30/04/26 23:00:00,A,GNUPRT,CZ,2019,5.1,,
ESTAT:DEMO_NIND(1.0),30/04/26 23:00:00,A,GNUPRT,CZ,2020,4.2,,
ESTAT:DEMO_NIND(1.0),30/04/26 23:00:00,A,GNUPRT,CZ,2021,4.5,b,
ESTAT:DEMO_NIND(1.0),30/04/26 23:00:00,A,GNUPRT,CZ,2022,5.1,,
ESTAT:DEMO_NIND(1.0),30/04/26 23:00:00,A,GNUPRT,CZ,2023,4.4,,
ESTAT:DEMO_NIND(1.0),30/04/26 23:00:00,A,GNUPRT,CZ,2024,4.1,,
ESTAT:DEMO_NIND(1.0),30/04/26 23:00:00,A,GNUPRT,DE,1960,9.4,,
ESTAT:DEMO_NIND(1.0),30/04/26 23:00:00,A,GNUPRT,DE,1961,9.4,,
ESTAT:DEMO_NIND(1.0),30/04/26 23:00:00,A,GNUPRT,DE,1962,9.3,,
ESTAT:DEMO_NIND(1.0),30/04/26 23:00:00,A,GNUPRT,DE,1963,8.8,,
ESTAT:DEMO_NIND(1.0),30/04/26 23:00:00,A,GNUPRT,DE,1964,8.7,,
ESTAT:DEMO_NIND(1.0),30/04/26 23:00:00,A,GNUPRT,DE,1965,8.3,,
ESTAT:DEMO_NIND(1.0),30/04/26 23:00:00,A,GNUPRT,DE,1966,8.1,,
ESTAT:DEMO_NIND(1.0),30/04/26 23:00:00,A,GNUPRT,DE,1967,8.1,,
ESTAT:DEMO_NIND(1.0),30/04/26 23:00:00,A,GNUPRT,DE,1968,7.4,,
ESTAT:DEMO_NIND(1.0),30/04/26 23:00:00,A,GNUPRT,DE,1969,7.3,,
ESTAT:DEMO_NIND(1.0),30/04/26 23:00:00,A,GNUPRT,DE,1970,7.3,,
ESTAT:DEMO_NIND(1.0),30/04/26 23:00:00,A,GNUPRT,DE,1971,7.1,,
ESTAT:DEMO_NIND(1.0),30/04/26 23:00:00,A,GNUPRT,DE,1972,6.7,,
ESTAT:DEMO_NIND(1.0),30/04/26 23:00:00,A,GNUPRT,DE,1973,6.4,,
ESTAT:DEMO_NIND(1.0),30/04/26 23:00:00,A,GNUPRT,DE,1974,6.1,,
ESTAT:DEMO_NIND(1.0),30/04/26 23:00:00,A,GNUPRT,DE,1975,6.3,,
ESTAT:DEMO_NIND(1.0),30/04/26 23:00:00,A,GNUPRT,DE,1976,5.9,,
ESTAT:DEMO_NIND(1.0),30/04/26 23:00:00,A,GNUPRT,DE,1977,5.8,,
ESTAT:DEMO_NIND(1.0),30/04/26 23:00:00,A,GNUPRT,DE,1978,5.4,,
ESTAT:DEMO_NIND(1.0),30/04/26 23:00:00,A,GNUPRT,DE,1979,5.6,,
ESTAT:DEMO_NIND(1.0),30/04/26 23:00:00,A,GNUPRT,DE,1980,5.9,,
ESTAT:DEMO_NIND(1.0),30/04/26 23:00:00,A,GNUPRT,DE,1981,5.8,,
ESTAT:DEMO_NIND(1.0),30/04/26 23:00:00,A,GNUPRT,DE,1982,5.9,,
ESTAT:DEMO_NIND(1.0),30/04/26 23:00:00,A,GNUPRT,DE,1983,6.0,,
ESTAT:DEMO_NIND(1.0),30/04/26 23:00:00,A,GNUPRT,DE,1984,6.0,,
ESTAT:DEMO_NIND(1.0),30/04/26 23:00:00,A,GNUPRT,DE,1985,6.0,,
ESTAT:DEMO_NIND(1.0),30/04/26 23:00:00,A,GNUPRT,DE,1986,6.1,,
ESTAT:DEMO_NIND(1.0),30/04/26 23:00:00,A,GNUPRT,DE,1987,6.3,,
ESTAT:DEMO_NIND(1.0),30/04/26 23:00:00,A,GNUPRT,DE,1988,6.5,,
ESTAT:DEMO_NIND(1.0),30/04/26 23:00:00,A,GNUPRT,DE,1989,6.4,,
ESTAT:DEMO_NIND(1.0),30/04/26 23:00:00,A,GNUPRT,DE,1990,6.6,,
ESTAT:DEMO_NIND(1.0),30/04/26 23:00:00,A,GNUPRT,DE,1991,5.7,,
ESTAT:DEMO_NIND(1.0),30/04/26 23:00:00,A,GNUPRT,DE,1992,5.6,,
ESTAT:DEMO_NIND(1.0),30/04/26 23:00:00,A,GNUPRT,DE,1993,5.5,,
ESTAT:DEMO_NIND(1.0),30/04/26 23:00:00,A,GNUPRT,DE,1994,5.4,,
ESTAT:DEMO_NIND(1.0),30/04/26 23:00:00,A,GNUPRT,DE,1995,5.3,,
ESTAT:DEMO_NIND(1.0),30/04/26 23:00:00,A,GNUPRT,DE,1996,5.2,,
ESTAT:DEMO_NIND(1.0),30/04/26 23:00:00,A,GNUPRT,DE,1997,5.2,,
ESTAT:DEMO_NIND(1.0),30/04/26 23:00:00,A,GNUPRT,DE,1998,5.1,,
ESTAT:DEMO_NIND(1.0),30/04/26 23:00:00,A,GNUPRT,DE,1999,5.2,,
ESTAT:DEMO_NIND(1.0),30/04/26 23:00:00,A,GNUPRT,DE,2000,5.1,,
ESTAT:DEMO_NIND(1.0),30/04/26 23:00:00,A,GNUPRT,DE,2001,4.7,,
ESTAT:DEMO_NIND(1.0),30/04/26 23:00:00,A,GNUPRT,DE,2002,4.6,,
ESTAT:DEMO_NIND(1.0),30/04/26 23:00:00,A,GNUPRT,DE,2003,4.6,,
ESTAT:DEMO_NIND(1.0),30/04/26 23:00:00,A,GNUPRT,DE,2004,4.8,,
ESTAT:DEMO_NIND(1.0),30/04/26 23:00:00,A,GNUPRT,DE,2005,4.7,,
ESTAT:DEMO_NIND(1.0),30/04/26 23:00:00,A,GNUPRT,DE,2006,4.5,,
ESTAT:DEMO_NIND(1.0),30/04/26 23:00:00,A,GNUPRT,DE,2007,4.5,,
ESTAT:DEMO_NIND(1.0),30/04/26 23:00:00,A,GNUPRT,DE,2008,4.6,,
ESTAT:DEMO_NIND(1.0),30/04/26 23:00:00,A,GNUPRT,DE,2009,4.6,,
ESTAT:DEMO_NIND(1.0),30/04/26 23:00:00,A,GNUPRT,DE,2010,4.7,,
ESTAT:DEMO_NIND(1.0),30/04/26 23:00:00,A,GNUPRT,DE,2011,4.6,,
ESTAT:DEMO_NIND(1.0),30/04/26 23:00:00,A,GNUPRT,DE,2012,4.8,,
ESTAT:DEMO_NIND(1.0),30/04/26 23:00:00,A,GNUPRT,DE,2013,4.6,,
ESTAT:DEMO_NIND(1.0),30/04/26 23:00:00,A,GNUPRT,DE,2014,4.8,,
ESTAT:DEMO_NIND(1.0),30/04/26 23:00:00,A,GNUPRT,DE,2015,4.9,,
ESTAT:DEMO_NIND(1.0),30/04/26 23:00:00,A,GNUPRT,DE,2016,5.0,,
ESTAT:DEMO_NIND(1.0),30/04/26 23:00:00,A,GNUPRT,DE,2017,4.9,,
ESTAT:DEMO_NIND(1.0),30/04/26 23:00:00,A,GNUPRT,DE,2018,5.4,,
ESTAT:DEMO_NIND(1.0),30/04/26 23:00:00,A,GNUPRT,DE,2019,5.0,,
ESTAT:DEMO_NIND(1.0),30/04/26 23:00:00,A,GNUPRT,DE,2020,4.5,,
ESTAT:DEMO_NIND(1.0),30/04/26 23:00:00,A,GNUPRT,DE,2021,4.3,,
ESTAT:DEMO_NIND(1.0),30/04/26 23:00:00,A,GNUPRT,DE,2022,4.7,,
ESTAT:DEMO_NIND(1.0),30/04/26 23:00:00,A,GNUPRT,DE,2023,4.3,b,
ESTAT:DEMO_NIND(1.0),30/04/26 23:00:00,A,GNUPRT,DE,2024,4.2,,
ESTAT:DEMO_NIND(1.0),30/04/26 23:00:00,A,GNUPRT,DE_TOT,1960,9.5,,
ESTAT:DEMO_NIND(1.0),30/04/26 23:00:00,A,GNUPRT,DE_TOT,1961,9.5,,
ESTAT:DEMO_NIND(1.0),30/04/26 23:00:00,A,GNUPRT,DE_TOT,1962,9.4,,
ESTAT:DEMO_NIND(1.0),30/04/26 23:00:00,A,GNUPRT,DE_TOT,1963,8.8,,
ESTAT:DEMO_NIND(1.0),30/04/26 23:00:00,A,GNUPRT,DE_TOT,1964,8.5,,
ESTAT:DEMO_NIND(1.0),30/04/26 23:00:00,A,GNUPRT,DE_TOT,1965,8.2,,
ESTAT:DEMO_NIND(1.0),30/04/26 23:00:00,A,GNUPRT,DE_TOT,1966,7.9,,
ESTAT:DEMO_NIND(1.0),30/04/26 23:00:00,A,GNUPRT,DE_TOT,1967,7.8,,
ESTAT:DEMO_NIND(1.0),30/04/26 23:00:00,A,GNUPRT,DE_TOT,1968,7.3,,
ESTAT:DEMO_NIND(1.0),30/04/26 23:00:00,A,GNUPRT,DE_TOT,1969,7.3,,
ESTAT:DEMO_NIND(1.0),30/04/26 23:00:00,A,GNUPRT,DE_TOT,1970,7.4,,
ESTAT:DEMO_NIND(1.0),30/04/26 23:00:00,A,GNUPRT,DE_TOT,1971,7.2,,
ESTAT:DEMO_NIND(1.0),30/04/26 23:00:00,A,GNUPRT,DE_TOT,1972,7.0,,
ESTAT:DEMO_NIND(1.0),30/04/26 23:00:00,A,GNUPRT,DE_TOT,1973,6.7,,
ESTAT:DEMO_NIND(1.0),30/04/26 23:00:00,A,GNUPRT,DE_TOT,1974,6.5,,
ESTAT:DEMO_NIND(1.0),30/04/26 23:00:00,A,GNUPRT,DE_TOT,1975,6.7,,
ESTAT:DEMO_NIND(1.0),30/04/26 23:00:00,A,GNUPRT,DE_TOT,1976,6.5,,
ESTAT:DEMO_NIND(1.0),30/04/26 23:00:00,A,GNUPRT,DE_TOT,1977,6.5,,
ESTAT:DEMO_NIND(1.0),30/04/26 23:00:00,A,GNUPRT,DE_TOT,1978,6.0,,
ESTAT:DEMO_NIND(1.0),30/04/26 23:00:00,A,GNUPRT,DE_TOT,1979,6.2,,
ESTAT:DEMO_NIND(1.0),30/04/26 23:00:00,A,GNUPRT,DE_TOT,1980,6.3,,
ESTAT:DEMO_NIND(1.0),30/04/26 23:00:00,A,GNUPRT,DE_TOT,1981,6.2,,
ESTAT:DEMO_NIND(1.0),30/04/26 23:00:00,A,GNUPRT,DE_TOT,1982,6.2,,
ESTAT:DEMO_NIND(1.0),30/04/26 23:00:00,A,GNUPRT,DE_TOT,1983,6.3,,
ESTAT:DEMO_NIND(1.0),30/04/26 23:00:00,A,GNUPRT,DE_TOT,1984,6.4,,
ESTAT:DEMO_NIND(1.0),30/04/26 23:00:00,A,GNUPRT,DE_TOT,1985,6.4,,
ESTAT:DEMO_NIND(1.0),30/04/26 23:00:00,A,GNUPRT,DE_TOT,1986,6.6,,
ESTAT:DEMO_NIND(1.0),30/04/26 23:00:00,A,GNUPRT,DE_TOT,1987,6.7,,
ESTAT:DEMO_NIND(1.0),30/04/26 23:00:00,A,GNUPRT,DE_TOT,1988,6.8,,
ESTAT:DEMO_NIND(1.0),30/04/26 23:00:00,A,GNUPRT,DE_TOT,1989,6.7,,
ESTAT:DEMO_NIND(1.0),30/04/26 23:00:00,A,GNUPRT,DE_TOT,1990,6.5,,
ESTAT:DEMO_NIND(1.0),30/04/26 23:00:00,A,GNUPRT,DE_TOT,1991,5.7,,
ESTAT:DEMO_NIND(1.0),30/04/26 23:00:00,A,GNUPRT,DE_TOT,1992,5.6,,
ESTAT:DEMO_NIND(1.0),30/04/26 23:00:00,A,GNUPRT,DE_TOT,1993,5.5,,
ESTAT:DEMO_NIND(1.0),30/04/26 23:00:00,A,GNUPRT,DE_TOT,1994,5.4,,
ESTAT:DEMO_NIND(1.0),30/04/26 23:00:00,A,GNUPRT,DE_TOT,1995,5.3,,
ESTAT:DEMO_NIND(1.0),30/04/26 23:00:00,A,GNUPRT,DE_TOT,1996,5.2,,
ESTAT:DEMO_NIND(1.0),30/04/26 23:00:00,A,GNUPRT,DE_TOT,1997,5.2,,
ESTAT:DEMO_NIND(1.0),30/04/26 23:00:00,A,GNUPRT,DE_TOT,1998,5.1,,
ESTAT:DEMO_NIND(1.0),30/04/26 23:00:00,A,GNUPRT,DE_TOT,1999,5.2,,
ESTAT:DEMO_NIND(1.0),30/04/26 23:00:00,A,GNUPRT,DE_TOT,2000,5.1,,
ESTAT:DEMO_NIND(1.0),30/04/26 23:00:00,A,GNUPRT,DE_TOT,2001,4.7,,
ESTAT:DEMO_NIND(1.0),30/04/26 23:00:00,A,GNUPRT,DE_TOT,2002,4.6,,
ESTAT:DEMO_NIND(1.0),30/04/26 23:00:00,A,GNUPRT,DE_TOT,2003,4.6,,
ESTAT:DEMO_NIND(1.0),30/04/26 23:00:00,A,GNUPRT,DE_TOT,2004,4.8,,
ESTAT:DEMO_NIND(1.0),30/04/26 23:00:00,A,GNUPRT,DE_TOT,2005,4.7,,
ESTAT:DEMO_NIND(1.0),30/04/26 23:00:00,A,GNUPRT,DE_TOT,2006,4.5,,
ESTAT:DEMO_NIND(1.0),30/04/26 23:00:00,A,GNUPRT,DE_TOT,2007,4.5,,
ESTAT:DEMO_NIND(1.0),30/04/26 23:00:00,A,GNUPRT,DE_TOT,2008,4.6,,
ESTAT:DEMO_NIND(1.0),30/04/26 23:00:00,A,GNUPRT,DE_TOT,2009,4.6,,
ESTAT:DEMO_NIND(1.0),30/04/26 23:00:00,A,GNUPRT,DE_TOT,2010,4.7,,
ESTAT:DEMO_NIND(1.0),30/04/26 23:00:00,A,GNUPRT,DE_TOT,2011,4.6,,
ESTAT:DEMO_NIND(1.0),30/04/26 23:00:00,A,GNUPRT,DE_TOT,2012,4.8,,
ESTAT:DEMO_NIND(1.0),30/04/26 23:00:00,A,GNUPRT,DE_TOT,2013,4.6,,
ESTAT:DEMO_NIND(1.0),30/04/26 23:00:00,A,GNUPRT,DE_TOT,2014,4.8,,
ESTAT:DEMO_NIND(1.0),30/04/26 23:00:00,A,GNUPRT,DE_TOT,2015,4.9,,
ESTAT:DEMO_NIND(1.0),30/04/26 23:00:00,A,GNUPRT,DE_TOT,2016,5.0,,
ESTAT:DEMO_NIND(1.0),30/04/26 23:00:00,A,GNUPRT,DE_TOT,2017,4.9,,
ESTAT:DEMO_NIND(1.0),30/04/26 23:00:00,A,GNUPRT,DE_TOT,2018,5.4,,
ESTAT:DEMO_NIND(1.0),30/04/26 23:00:00,A,GNUPRT,DE_TOT,2019,5.0,,
ESTAT:DEMO_NIND(1.0),30/04/26 23:00:00,A,GNUPRT,DE_TOT,2020,4.5,,
ESTAT:DEMO_NIND(1.0),30/04/26 23:00:00,A,GNUPRT,DE_TOT,2021,4.3,,
ESTAT:DEMO_NIND(1.0),30/04/26 23:00:00,A,GNUPRT,DE_TOT,2022,4.7,,
ESTAT:DEMO_NIND(1.0),30/04/26 23:00:00,A,GNUPRT,DE_TOT,2023,4.3,b,
ESTAT:DEMO_NIND(1.0),30/04/26 23:00:00,A,GNUPRT,DE_TOT,2024,4.2,,
ESTAT:DEMO_NIND(1.0),30/04/26 23:00:00,A,GNUPRT,DK,1960,7.8,,
ESTAT:DEMO_NIND(1.0),30/04/26 23:00:00,A,GNUPRT,DK,1961,7.9,,
ESTAT:DEMO_NIND(1.0),30/04/26 23:00:00,A,GNUPRT,DK,1962,8.1,,
ESTAT:DEMO_NIND(1.0),30/04/26 23:00:00,A,GNUPRT,DK,1963,8.2,,
ESTAT:DEMO_NIND(1.0),30/04/26 23:00:00,A,GNUPRT,DK,1964,8.4,,
ESTAT:DEMO_NIND(1.0),30/04/26 23:00:00,A,GNUPRT,DK,1965,8.8,,
ESTAT:DEMO_NIND(1.0),30/04/26 23:00:00,A,GNUPRT,DK,1966,8.6,,
ESTAT:DEMO_NIND(1.0),30/04/26 23:00:00,A,GNUPRT,DK,1967,8.5,,
ESTAT:DEMO_NIND(1.0),30/04/26 23:00:00,A,GNUPRT,DK,1968,8.1,,
ESTAT:DEMO_NIND(1.0),30/04/26 23:00:00,A,GNUPRT,DK,1969,8.0,,
ESTAT:DEMO_NIND(1.0),30/04/26 23:00:00,A,GNUPRT,DK,1970,7.4,,
ESTAT:DEMO_NIND(1.0),30/04/26 23:00:00,A,GNUPRT,DK,1971,6.6,,
ESTAT:DEMO_NIND(1.0),30/04/26 23:00:00,A,GNUPRT,DK,1972,6.2,,
ESTAT:DEMO_NIND(1.0),30/04/26 23:00:00,A,GNUPRT,DK,1973,6.1,,
ESTAT:DEMO_NIND(1.0),30/04/26 23:00:00,A,GNUPRT,DK,1974,6.6,,
ESTAT:DEMO_NIND(1.0),30/04/26 23:00:00,A,GNUPRT,DK,1975,6.3,,
ESTAT:DEMO_NIND(1.0),30/04/26 23:00:00,A,GNUPRT,DK,1976,6.1,,
ESTAT:DEMO_NIND(1.0),30/04/26 23:00:00,A,GNUPRT,DK,1977,6.3,,
ESTAT:DEMO_NIND(1.0),30/04/26 23:00:00,A,GNUPRT,DK,1978,5.6,,
ESTAT:DEMO_NIND(1.0),30/04/26 23:00:00,A,GNUPRT,DK,1979,5.4,,
ESTAT:DEMO_NIND(1.0),30/04/26 23:00:00,A,GNUPRT,DK,1980,5.2,,
ESTAT:DEMO_NIND(1.0),30/04/26 23:00:00,A,GNUPRT,DK,1981,5.0,,
ESTAT:DEMO_NIND(1.0),30/04/26 23:00:00,A,GNUPRT,DK,1982,4.8,,
ESTAT:DEMO_NIND(1.0),30/04/26 23:00:00,A,GNUPRT,DK,1983,5.3,,
ESTAT:DEMO_NIND(1.0),30/04/26 23:00:00,A,GNUPRT,DK,1984,5.6,,
ESTAT:DEMO_NIND(1.0),30/04/26 23:00:00,A,GNUPRT,DK,1985,5.7,,
ESTAT:DEMO_NIND(1.0),30/04/26 23:00:00,A,GNUPRT,DK,1986,6.0,,
ESTAT:DEMO_NIND(1.0),30/04/26 23:00:00,A,GNUPRT,DK,1987,6.1,,
ESTAT:DEMO_NIND(1.0),30/04/26 23:00:00,A,GNUPRT,DK,1988,6.3,,
ESTAT:DEMO_NIND(1.0),30/04/26 23:00:00,A,GNUPRT,DK,1989,6.0,,
ESTAT:DEMO_NIND(1.0),30/04/26 23:00:00,A,GNUPRT,DK,1990,6.1,,
ESTAT:DEMO_NIND(1.0),30/04/26 23:00:00,A,GNUPRT,DK,1991,6.0,,
ESTAT:DEMO_NIND(1.0),30/04/26 23:00:00,A,GNUPRT,DK,1992,6.2,,
ESTAT:DEMO_NIND(1.0),30/04/26 23:00:00,A,GNUPRT,DK,1993,6.1,,
ESTAT:DEMO_NIND(1.0),30/04/26 23:00:00,A,GNUPRT,DK,1994,6.8,,
ESTAT:DEMO_NIND(1.0),30/04/26 23:00:00,A,GNUPRT,DK,1995,6.6,,
ESTAT:DEMO_NIND(1.0),30/04/26 23:00:00,A,GNUPRT,DK,1996,6.8,,
ESTAT:DEMO_NIND(1.0),30/04/26 23:00:00,A,GNUPRT,DK,1997,6.5,,
ESTAT:DEMO_NIND(1.0),30/04/26 23:00:00,A,GNUPRT,DK,1998,6.5,,
ESTAT:DEMO_NIND(1.0),30/04/26 23:00:00,A,GNUPRT,DK,1999,6.7,,
ESTAT:DEMO_NIND(1.0),30/04/26 23:00:00,A,GNUPRT,DK,2000,7.2,,
ESTAT:DEMO_NIND(1.0),30/04/26 23:00:00,A,GNUPRT,DK,2001,6.8,,
ESTAT:DEMO_NIND(1.0),30/04/26 23:00:00,A,GNUPRT,DK,2002,6.9,,
ESTAT:DEMO_NIND(1.0),30/04/26 23:00:00,A,GNUPRT,DK,2003,6.5,,
ESTAT:DEMO_NIND(1.0),30/04/26 23:00:00,A,GNUPRT,DK,2004,7.0,,
ESTAT:DEMO_NIND(1.0),30/04/26 23:00:00,A,GNUPRT,DK,2005,6.7,,
ESTAT:DEMO_NIND(1.0),30/04/26 23:00:00,A,GNUPRT,DK,2006,6.7,,
ESTAT:DEMO_NIND(1.0),30/04/26 23:00:00,A,GNUPRT,DK,2007,6.7,,
ESTAT:DEMO_NIND(1.0),30/04/26 23:00:00,A,GNUPRT,DK,2008,6.8,,
ESTAT:DEMO_NIND(1.0),30/04/26 23:00:00,A,GNUPRT,DK,2009,6.0,,
ESTAT:DEMO_NIND(1.0),30/04/26 23:00:00,A,GNUPRT,DK,2010,5.6,,
ESTAT:DEMO_NIND(1.0),30/04/26 23:00:00,A,GNUPRT,DK,2011,4.9,,
ESTAT:DEMO_NIND(1.0),30/04/26 23:00:00,A,GNUPRT,DK,2012,5.1,,
ESTAT:DEMO_NIND(1.0),30/04/26 23:00:00,A,GNUPRT,DK,2013,4.9,,
ESTAT:DEMO_NIND(1.0),30/04/26 23:00:00,A,GNUPRT,DK,2014,5.0,,
ESTAT:DEMO_NIND(1.0),30/04/26 23:00:00,A,GNUPRT,DK,2015,5.1,,
ESTAT:DEMO_NIND(1.0),30/04/26 23:00:00,A,GNUPRT,DK,2016,5.4,,
ESTAT:DEMO_NIND(1.0),30/04/26 23:00:00,A,GNUPRT,DK,2017,5.5,,
ESTAT:DEMO_NIND(1.0),30/04/26 23:00:00,A,GNUPRT,DK,2018,5.6,,
ESTAT:DEMO_NIND(1.0),30/04/26 23:00:00,A,GNUPRT,DK,2019,5.3,,
ESTAT:DEMO_NIND(1.0),30/04/26 23:00:00,A,GNUPRT,DK,2020,4.9,,
ESTAT:DEMO_NIND(1.0),30/04/26 23:00:00,A,GNUPRT,DK,2021,4.7,,
ESTAT:DEMO_NIND(1.0),30/04/26 23:00:00,A,GNUPRT,EA19,1964,7.9,,
ESTAT:DEMO_NIND(1.0),30/04/26 23:00:00,A,GNUPRT,EA19,1965,7.8,,
ESTAT:DEMO_NIND(1.0),30/04/26 23:00:00,A,GNUPRT,EA19,1966,7.6,,
ESTAT:DEMO_NIND(1.0),30/04/26 23:00:00,A,GNUPRT,EA19,1967,7.6,,
ESTAT:DEMO_NIND(1.0),30/04/26 23:00:00,A,GNUPRT,EA19,1968,7.4,,
ESTAT:DEMO_NIND(1.0),30/04/26 23:00:00,A,GNUPRT,EA19,1969,7.6,,
ESTAT:DEMO_NIND(1.0),30/04/26 23:00:00,A,GNUPRT,EA19,1970,7.7,,
ESTAT:DEMO_NIND(1.0),30/04/26 23:00:00,A,GNUPRT,EA19,1971,7.7,,
ESTAT:DEMO_NIND(1.0),30/04/26 23:00:00,A,GNUPRT,EA19,1972,7.7,,
ESTAT:DEMO_NIND(1.0),30/04/26 23:00:00,A,GNUPRT,EA19,1973,7.5,,
ESTAT:DEMO_NIND(1.0),30/04/26 23:00:00,A,GNUPRT,EA19,1974,7.3,,
ESTAT:DEMO_NIND(1.0),30/04/26 23:00:00,A,GNUPRT,EA19,1975,7.3,,
ESTAT:DEMO_NIND(1.0),30/04/26 23:00:00,A,GNUPRT,EA19,1976,7.0,,
ESTAT:DEMO_NIND(1.0),30/04/26 23:00:00,A,GNUPRT,EA19,1977,6.9,,
ESTAT:DEMO_NIND(1.0),30/04/26 23:00:00,A,GNUPRT,EA19,1978,6.6,,
ESTAT:DEMO_NIND(1.0),30/04/26 23:00:00,A,GNUPRT,EA19,1979,6.5,,
ESTAT:DEMO_NIND(1.0),30/04/26 23:00:00,A,GNUPRT,EA19,1980,6.3,,
ESTAT:DEMO_NIND(1.0),30/04/26 23:00:00,A,GNUPRT,EA19,1981,6.1,,
ESTAT:DEMO_NIND(1.0),30/04/26 23:00:00,A,GNUPRT,EA19,1982,6.0,,
ESTAT:DEMO_NIND(1.0),30/04/26 23:00:00,A,GNUPRT,EA19,1983,6.0,,
ESTAT:DEMO_NIND(1.0),30/04/26 23:00:00,A,GNUPRT,EA19,1984,5.8,,
ESTAT:DEMO_NIND(1.0),30/04/26 23:00:00,A,GNUPRT,EA19,1985,5.8,,
ESTAT:DEMO_NIND(1.0),30/04/26 23:00:00,A,GNUPRT,EA19,1986,5.8,,
ESTAT:DEMO_NIND(1.0),30/04/26 23:00:00,A,GNUPRT,EA19,1987,6.0,,
ESTAT:DEMO_NIND(1.0),30/04/26 23:00:00,A,GNUPRT,EA19,1988,5.9,,
ESTAT:DEMO_NIND(1.0),30/04/26 23:00:00,A,GNUPRT,EA19,1989,6.0,,
ESTAT:DEMO_NIND(1.0),30/04/26 23:00:00,A,GNUPRT,EA19,1990,6.0,,
ESTAT:DEMO_NIND(1.0),30/04/26 23:00:00,A,GNUPRT,EA19,1991,5.7,,
ESTAT:DEMO_NIND(1.0),30/04/26 23:00:00,A,GNUPRT,EA19,1992,5.5,,
ESTAT:DEMO_NIND(1.0),30/04/26 23:00:00,A,GNUPRT,EA19,1993,5.3,,
ESTAT:DEMO_NIND(1.0),30/04/26 23:00:00,A,GNUPRT,EA19,1994,5.1,,
ESTAT:DEMO_NIND(1.0),30/04/26 23:00:00,A,GNUPRT,EA19,1995,5.1,,
ESTAT:DEMO_NIND(1.0),30/04/26 23:00:00,A,GNUPRT,EA19,1997,5.1,,
ESTAT:DEMO_NIND(1.0),30/04/26 23:00:00,A,GNUPRT,EA19,1998,5.0,,
ESTAT:DEMO_NIND(1.0),30/04/26 23:00:00,A,GNUPRT,EA19,1999,5.1,,
ESTAT:DEMO_NIND(1.0),30/04/26 23:00:00,A,GNUPRT,EA19,2000,5.1,,
ESTAT:DEMO_NIND(1.0),30/04/26 23:00:00,A,GNUPRT,EA19,2001,4.8,,
ESTAT:DEMO_NIND(1.0),30/04/26 23:00:00,A,GNUPRT,EA19,2002,4.8,,
ESTAT:DEMO_NIND(1.0),30/04/26 23:00:00,A,GNUPRT,EA19,2003,4.7,,
ESTAT:DEMO_NIND(1.0),30/04/26 23:00:00,A,GNUPRT,EA19,2004,4.7,,
ESTAT:DEMO_NIND(1.0),30/04/26 23:00:00,A,GNUPRT,EA19,2005,4.6,,
ESTAT:DEMO_NIND(1.0),30/04/26 23:00:00,A,GNUPRT,EA19,2006,4.5,,
ESTAT:DEMO_NIND(1.0),30/04/26 23:00:00,A,GNUPRT,EA19,2007,4.5,,
ESTAT:DEMO_NIND(1.0),30/04/26 23:00:00,A,GNUPRT,EA19,2008,4.4,,
ESTAT:DEMO_NIND(1.0),30/04/26 23:00:00,A,GNUPRT,EA19,2009,4.2,,
ESTAT:DEMO_NIND(1.0),30/04/26 23:00:00,A,GNUPRT,EA19,2010,4.2,,
ESTAT:DEMO_NIND(1.0),30/04/26 23:00:00,A,GNUPRT,EA19,2011,4.0,,
ESTAT:DEMO_NIND(1.0),30/04/26 23:00:00,A,GNUPRT,EA19,2012,4.1,,
ESTAT:DEMO_NIND(1.0),30/04/26 23:00:00,A,GNUPRT,EA19,2013,3.9,,
ESTAT:DEMO_NIND(1.0),30/04/26 23:00:00,A,GNUPRT,EA19,2014,3.9,,
ESTAT:DEMO_NIND(1.0),30/04/26 23:00:00,A,GNUPRT,EA19,2015,4.0,,
ESTAT:DEMO_NIND(1.0),30/04/26 23:00:00,A,GNUPRT,EA19,2016,4.1,,
ESTAT:DEMO_NIND(1.0),30/04/26 23:00:00,A,GNUPRT,EA19,2017,4.0,,
ESTAT:DEMO_NIND(1.0),30/04/26 23:00:00,A,GNUPRT,EA19,2018,4.1,,
ESTAT:DEMO_NIND(1.0),30/04/26 23:00:00,A,GNUPRT,EE,1960,10.0,,
ESTAT:DEMO_NIND(1.0),30/04/26 23:00:00,A,GNUPRT,EE,1961,9.7,,
ESTAT:DEMO_NIND(1.0),30/04/26 23:00:00,A,GNUPRT,EE,1962,8.9,,
ESTAT:DEMO_NIND(1.0),30/04/26 23:00:00,A,GNUPRT,EE,1963,8.7,,
ESTAT:DEMO_NIND(1.0),30/04/26 23:00:00,A,GNUPRT,EE,1964,8.5,,
ESTAT:DEMO_NIND(1.0),30/04/26 23:00:00,A,GNUPRT,EE,1965,8.2,,
ESTAT:DEMO_NIND(1.0),30/04/26 23:00:00,A,GNUPRT,EE,1966,8.6,,
ESTAT:DEMO_NIND(1.0),30/04/26 23:00:00,A,GNUPRT,EE,1967,8.8,,
ESTAT:DEMO_NIND(1.0),30/04/26 23:00:00,A,GNUPRT,EE,1968,8.9,,
ESTAT:DEMO_NIND(1.0),30/04/26 23:00:00,A,GNUPRT,EE,1969,9.1,,
ESTAT:DEMO_NIND(1.0),30/04/26 23:00:00,A,GNUPRT,EE,1970,9.1,,
ESTAT:DEMO_NIND(1.0),30/04/26 23:00:00,A,GNUPRT,EE,1971,9.1,,
ESTAT:DEMO_NIND(1.0),30/04/26 23:00:00,A,GNUPRT,EE,1972,8.5,,
ESTAT:DEMO_NIND(1.0),30/04/26 23:00:00,A,GNUPRT,EE,1973,8.7,,
ESTAT:DEMO_NIND(1.0),30/04/26 23:00:00,A,GNUPRT,EE,1974,8.7,,
ESTAT:DEMO_NIND(1.0),30/04/26 23:00:00,A,GNUPRT,EE,1975,8.7,,
ESTAT:DEMO_NIND(1.0),30/04/26 23:00:00,A,GNUPRT,EE,1976,8.6,,
ESTAT:DEMO_NIND(1.0),30/04/26 23:00:00,A,GNUPRT,EE,1977,8.7,,
ESTAT:DEMO_NIND(1.0),30/04/26 23:00:00,A,GNUPRT,EE,1978,8.6,,
ESTAT:DEMO_NIND(1.0),30/04/26 23:00:00,A,GNUPRT,EE,1979,8.7,,
ESTAT:DEMO_NIND(1.0),30/04/26 23:00:00,A,GNUPRT,EE,1980,8.8,,
ESTAT:DEMO_NIND(1.0),30/04/26 23:00:00,A,GNUPRT,EE,1981,8.6,,
ESTAT:DEMO_NIND(1.0),30/04/26 23:00:00,A,GNUPRT,EE,1982,8.2,,
ESTAT:DEMO_NIND(1.0),30/04/26 23:00:00,A,GNUPRT,EE,1983,8.6,,
ESTAT:DEMO_NIND(1.0),30/04/26 23:00:00,A,GNUPRT,EE,1984,8.3,,
ESTAT:DEMO_NIND(1.0),30/04/26 23:00:00,A,GNUPRT,EE,1985,8.4,,
ESTAT:DEMO_NIND(1.0),30/04/26 23:00:00,A,GNUPRT,EE,1986,8.4,,
ESTAT:DEMO_NIND(1.0),30/04/26 23:00:00,A,GNUPRT,EE,1987,8.7,,
ESTAT:DEMO_NIND(1.0),30/04/26 23:00:00,A,GNUPRT,EE,1988,8.3,,
ESTAT:DEMO_NIND(1.0),30/04/26 23:00:00,A,GNUPRT,EE,1989,8.1,,
ESTAT:DEMO_NIND(1.0),30/04/26 23:00:00,A,GNUPRT,EE,1990,7.5,,
ESTAT:DEMO_NIND(1.0),30/04/26 23:00:00,A,GNUPRT,EE,1991,6.6,,
ESTAT:DEMO_NIND(1.0),30/04/26 23:00:00,A,GNUPRT,EE,1992,5.8,,
ESTAT:DEMO_NIND(1.0),30/04/26 23:00:00,A,GNUPRT,EE,1993,5.2,,
ESTAT:DEMO_NIND(1.0),30/04/26 23:00:00,A,GNUPRT,EE,1994,5.0,,
ESTAT:DEMO_NIND(1.0),30/04/26 23:00:00,A,GNUPRT,EE,1995,4.9,,
ESTAT:DEMO_NIND(1.0),30/04/26 23:00:00,A,GNUPRT,EE,1996,3.9,,
ESTAT:DEMO_NIND(1.0),30/04/26 23:00:00,A,GNUPRT,EE,1997,4.0,,
ESTAT:DEMO_NIND(1.0),30/04/26 23:00:00,A,GNUPRT,EE,1998,3.9,,
ESTAT:DEMO_NIND(1.0),30/04/26 23:00:00,A,GNUPRT,EE,1999,4.0,,
ESTAT:DEMO_NIND(1.0),30/04/26 23:00:00,A,GNUPRT,EE,2000,3.9,,
ESTAT:DEMO_NIND(1.0),30/04/26 23:00:00,A,GNUPRT,EE,2001,4.1,,
ESTAT:DEMO_NIND(1.0),30/04/26 23:00:00,A,GNUPRT,EE,2002,4.2,,
ESTAT:DEMO_NIND(1.0),30/04/26 23:00:00,A,GNUPRT,EE,2003,4.2,,
ESTAT:DEMO_NIND(1.0),30/04/26 23:00:00,A,GNUPRT,EE,2004,4.4,,
ESTAT:DEMO_NIND(1.0),30/04/26 23:00:00,A,GNUPRT,EE,2005,4.5,,
ESTAT:DEMO_NIND(1.0),30/04/26 23:00:00,A,GNUPRT,EE,2006,5.2,,
ESTAT:DEMO_NIND(1.0),30/04/26 23:00:00,A,GNUPRT,EE,2007,5.2,,
ESTAT:DEMO_NIND(1.0),30/04/26 23:00:00,A,GNUPRT,EE,2008,4.6,,
ESTAT:DEMO_NIND(1.0),30/04/26 23:00:00,A,GNUPRT,EE,2009,4.0,,
ESTAT:DEMO_NIND(1.0),30/04/26 23:00:00,A,GNUPRT,EE,2010,3.8,,
ESTAT:DEMO_NIND(1.0),30/04/26 23:00:00,A,GNUPRT,EE,2011,4.1,,
ESTAT:DEMO_NIND(1.0),30/04/26 23:00:00,A,GNUPRT,EE,2012,4.5,,
ESTAT:DEMO_NIND(1.0),30/04/26 23:00:00,A,GNUPRT,EE,2013,4.3,,
ESTAT:DEMO_NIND(1.0),30/04/26 23:00:00,A,GNUPRT,EE,2014,4.7,,
ESTAT:DEMO_NIND(1.0),30/04/26 23:00:00,A,GNUPRT,EE,2015,5.2,,
ESTAT:DEMO_NIND(1.0),30/04/26 23:00:00,A,GNUPRT,EE,2016,4.8,,
ESTAT:DEMO_NIND(1.0),30/04/26 23:00:00,A,GNUPRT,EE,2017,4.9,,
ESTAT:DEMO_NIND(1.0),30/04/26 23:00:00,A,GNUPRT,EE,2018,5.0,,
ESTAT:DEMO_NIND(1.0),30/04/26 23:00:00,A,GNUPRT,EE,2019,5.1,,
ESTAT:DEMO_NIND(1.0),30/04/26 23:00:00,A,GNUPRT,EE,2020,4.6,,
ESTAT:DEMO_NIND(1.0),30/04/26 23:00:00,A,GNUPRT,EE,2021,4.8,,
ESTAT:DEMO_NIND(1.0),30/04/26 23:00:00,A,GNUPRT,EE,2022,5.3,,
ESTAT:DEMO_NIND(1.0),30/04/26 23:00:00,A,GNUPRT,EE,2023,4.7,,
ESTAT:DEMO_NIND(1.0),30/04/26 23:00:00,A,GNUPRT,EE,2024,4.6,,
ESTAT:DEMO_NIND(1.0),30/04/26 23:00:00,A,GNUPRT,EEA30_2007,1964,7.9,,
ESTAT:DEMO_NIND(1.0),30/04/26 23:00:00,A,GNUPRT,EEA30_2007,1965,7.7,,
ESTAT:DEMO_NIND(1.0),30/04/26 23:00:00,A,GNUPRT,EEA30_2007,1966,7.8,,
ESTAT:DEMO_NIND(1.0),30/04/26 23:00:00,A,GNUPRT,EEA30_2007,1967,7.8,,
ESTAT:DEMO_NIND(1.0),30/04/26 23:00:00,A,GNUPRT,EEA30_2007,1968,7.7,,
ESTAT:DEMO_NIND(1.0),30/04/26 23:00:00,A,GNUPRT,EEA30_2007,1969,7.8,,
ESTAT:DEMO_NIND(1.0),30/04/26 23:00:00,A,GNUPRT,EEA30_2007,1970,7.9,,
ESTAT:DEMO_NIND(1.0),30/04/26 23:00:00,A,GNUPRT,EEA30_2007,1971,7.9,,
ESTAT:DEMO_NIND(1.0),30/04/26 23:00:00,A,GNUPRT,EEA30_2007,1972,7.9,,
ESTAT:DEMO_NIND(1.0),30/04/26 23:00:00,A,GNUPRT,EEA30_2007,1973,7.8,,
ESTAT:DEMO_NIND(1.0),30/04/26 23:00:00,A,GNUPRT,EEA30_2007,1974,7.7,,
ESTAT:DEMO_NIND(1.0),30/04/26 23:00:00,A,GNUPRT,EEA30_2007,1975,7.7,,
ESTAT:DEMO_NIND(1.0),30/04/26 23:00:00,A,GNUPRT,EEA30_2007,1976,7.4,,
ESTAT:DEMO_NIND(1.0),30/04/26 23:00:00,A,GNUPRT,EEA30_2007,1977,7.3,,
ESTAT:DEMO_NIND(1.0),30/04/26 23:00:00,A,GNUPRT,EEA30_2007,1978,7.1,,
ESTAT:DEMO_NIND(1.0),30/04/26 23:00:00,A,GNUPRT,EEA30_2007,1979,6.9,,
ESTAT:DEMO_NIND(1.0),30/04/26 23:00:00,A,GNUPRT,EEA30_2007,1980,6.7,,
ESTAT:DEMO_NIND(1.0),30/04/26 23:00:00,A,GNUPRT,EEA30_2007,1981,6.6,,
ESTAT:DEMO_NIND(1.0),30/04/26 23:00:00,A,GNUPRT,EEA30_2007,1982,6.5,,
ESTAT:DEMO_NIND(1.0),30/04/26 23:00:00,A,GNUPRT,EEA30_2007,1983,6.4,,
ESTAT:DEMO_NIND(1.0),30/04/26 23:00:00,A,GNUPRT,EEA30_2007,1984,6.2,,
ESTAT:DEMO_NIND(1.0),30/04/26 23:00:00,A,GNUPRT,EEA30_2007,1985,6.2,,
ESTAT:DEMO_NIND(1.0),30/04/26 23:00:00,A,GNUPRT,EEA30_2007,1986,6.2,,
ESTAT:DEMO_NIND(1.0),30/04/26 23:00:00,A,GNUPRT,EEA30_2007,1987,6.3,,
ESTAT:DEMO_NIND(1.0),30/04/26 23:00:00,A,GNUPRT,EEA30_2007,1988,6.2,,
ESTAT:DEMO_NIND(1.0),30/04/26 23:00:00,A,GNUPRT,EEA30_2007,1989,6.4,,
ESTAT:DEMO_NIND(1.0),30/04/26 23:00:00,A,GNUPRT,EEA30_2007,1990,6.3,,
ESTAT:DEMO_NIND(1.0),30/04/26 23:00:00,A,GNUPRT,EEA30_2007,1991,5.9,,
ESTAT:DEMO_NIND(1.0),30/04/26 23:00:00,A,GNUPRT,EEA30_2007,1992,5.7,,
ESTAT:DEMO_NIND(1.0),30/04/26 23:00:00,A,GNUPRT,EEA30_2007,1993,5.4,,
ESTAT:DEMO_NIND(1.0),30/04/26 23:00:00,A,GNUPRT,EEA30_2007,1994,5.3,,
ESTAT:DEMO_NIND(1.0),30/04/26 23:00:00,A,GNUPRT,EEA30_2007,1997,5.2,,
ESTAT:DEMO_NIND(1.0),30/04/26 23:00:00,A,GNUPRT,EEA30_2007,1998,,b,
ESTAT:DEMO_NIND(1.0),30/04/26 23:00:00,A,GNUPRT,EEA30_2007,1999,5.2,,
ESTAT:DEMO_NIND(1.0),30/04/26 23:00:00,A,GNUPRT,EEA30_2007,2000,5.2,,
ESTAT:DEMO_NIND(1.0),30/04/26 23:00:00,A,GNUPRT,EEA30_2007,2001,4.9,,
ESTAT:DEMO_NIND(1.0),30/04/26 23:00:00,A,GNUPRT,EEA30_2007,2002,4.9,,
ESTAT:DEMO_NIND(1.0),30/04/26 23:00:00,A,GNUPRT,EEA30_2007,2003,4.9,,
ESTAT:DEMO_NIND(1.0),30/04/26 23:00:00,A,GNUPRT,EEA30_2007,2007,4.9,,
ESTAT:DEMO_NIND(1.0),30/04/26 23:00:00,A,GNUPRT,EEA30_2007,2008,4.8,,
ESTAT:DEMO_NIND(1.0),30/04/26 23:00:00,A,GNUPRT,EEA30_2007,2009,4.5,,
ESTAT:DEMO_NIND(1.0),30/04/26 23:00:00,A,GNUPRT,EEA30_2007,2010,4.4,,
ESTAT:DEMO_NIND(1.0),30/04/26 23:00:00,A,GNUPRT,EEA30_2007,2011,4.2,,
ESTAT:DEMO_NIND(1.0),30/04/26 23:00:00,A,GNUPRT,EEA31,1964,7.9,,
ESTAT:DEMO_NIND(1.0),30/04/26 23:00:00,A,GNUPRT,EEA31,1965,7.8,,
ESTAT:DEMO_NIND(1.0),30/04/26 23:00:00,A,GNUPRT,EEA31,1966,7.8,,
ESTAT:DEMO_NIND(1.0),30/04/26 23:00:00,A,GNUPRT,EEA31,1967,7.8,,
ESTAT:DEMO_NIND(1.0),30/04/26 23:00:00,A,GNUPRT,EEA31,1968,7.7,,
ESTAT:DEMO_NIND(1.0),30/04/26 23:00:00,A,GNUPRT,EEA31,1969,7.8,,
ESTAT:DEMO_NIND(1.0),30/04/26 23:00:00,A,GNUPRT,EEA31,1970,7.9,,
ESTAT:DEMO_NIND(1.0),30/04/26 23:00:00,A,GNUPRT,EEA31,1971,7.9,,
ESTAT:DEMO_NIND(1.0),30/04/26 23:00:00,A,GNUPRT,EEA31,1972,7.9,,
ESTAT:DEMO_NIND(1.0),30/04/26 23:00:00,A,GNUPRT,EEA31,1973,7.8,,
ESTAT:DEMO_NIND(1.0),30/04/26 23:00:00,A,GNUPRT,EEA31,1974,7.7,,
ESTAT:DEMO_NIND(1.0),30/04/26 23:00:00,A,GNUPRT,EEA31,1975,7.7,,
ESTAT:DEMO_NIND(1.0),30/04/26 23:00:00,A,GNUPRT,EEA31,1976,7.4,,
ESTAT:DEMO_NIND(1.0),30/04/26 23:00:00,A,GNUPRT,EEA31,1977,7.3,,
ESTAT:DEMO_NIND(1.0),30/04/26 23:00:00,A,GNUPRT,EEA31,1978,7.1,,
ESTAT:DEMO_NIND(1.0),30/04/26 23:00:00,A,GNUPRT,EEA31,1979,7.0,,
ESTAT:DEMO_NIND(1.0),30/04/26 23:00:00,A,GNUPRT,EEA31,1980,6.7,,
ESTAT:DEMO_NIND(1.0),30/04/26 23:00:00,A,GNUPRT,EEA31,1981,6.6,,
ESTAT:DEMO_NIND(1.0),30/04/26 23:00:00,A,GNUPRT,EEA31,1982,6.5,,
ESTAT:DEMO_NIND(1.0),30/04/26 23:00:00,A,GNUPRT,EEA31,1983,6.4,,
ESTAT:DEMO_NIND(1.0),30/04/26 23:00:00,A,GNUPRT,EEA31,1984,6.3,,
ESTAT:DEMO_NIND(1.0),30/04/26 23:00:00,A,GNUPRT,EEA31,1985,6.2,,
ESTAT:DEMO_NIND(1.0),30/04/26 23:00:00,A,GNUPRT,EEA31,1986,6.2,,
ESTAT:DEMO_NIND(1.0),30/04/26 23:00:00,A,GNUPRT,EEA31,1987,6.3,,
ESTAT:DEMO_NIND(1.0),30/04/26 23:00:00,A,GNUPRT,EEA31,1988,6.2,,
ESTAT:DEMO_NIND(1.0),30/04/26 23:00:00,A,GNUPRT,EEA31,1989,6.4,,
ESTAT:DEMO_NIND(1.0),30/04/26 23:00:00,A,GNUPRT,EEA31,1990,6.3,,
ESTAT:DEMO_NIND(1.0),30/04/26 23:00:00,A,GNUPRT,EEA31,1991,5.9,,
ESTAT:DEMO_NIND(1.0),30/04/26 23:00:00,A,GNUPRT,EEA31,1992,5.7,,
ESTAT:DEMO_NIND(1.0),30/04/26 23:00:00,A,GNUPRT,EEA31,1993,5.4,,
ESTAT:DEMO_NIND(1.0),30/04/26 23:00:00,A,GNUPRT,EEA31,1994,5.3,,
ESTAT:DEMO_NIND(1.0),30/04/26 23:00:00,A,GNUPRT,EEA31,1997,5.2,,
ESTAT:DEMO_NIND(1.0),30/04/26 23:00:00,A,GNUPRT,EEA31,1998,,b,
ESTAT:DEMO_NIND(1.0),30/04/26 23:00:00,A,GNUPRT,EEA31,1999,5.2,,
ESTAT:DEMO_NIND(1.0),30/04/26 23:00:00,A,GNUPRT,EEA31,2000,5.2,,
ESTAT:DEMO_NIND(1.0),30/04/26 23:00:00,A,GNUPRT,EEA31,2001,4.9,,
ESTAT:DEMO_NIND(1.0),30/04/26 23:00:00,A,GNUPRT,EEA31,2002,4.9,,
ESTAT:DEMO_NIND(1.0),30/04/26 23:00:00,A,GNUPRT,EEA31,2003,4.9,,
ESTAT:DEMO_NIND(1.0),30/04/26 23:00:00,A,GNUPRT,EEA31,2007,4.9,,
ESTAT:DEMO_NIND(1.0),30/04/26 23:00:00,A,GNUPRT,EEA31,2008,4.8,,
ESTAT:DEMO_NIND(1.0),30/04/26 23:00:00,A,GNUPRT,EEA31,2009,4.5,,
ESTAT:DEMO_NIND(1.0),30/04/26 23:00:00,A,GNUPRT,EEA31,2010,4.4,,
ESTAT:DEMO_NIND(1.0),30/04/26 23:00:00,A,GNUPRT,EEA31,2011,4.2,,
ESTAT:DEMO_NIND(1.0),30/04/26 23:00:00,A,GNUPRT,EFTA,1960,7.3,,
ESTAT:DEMO_NIND(1.0),30/04/26 23:00:00,A,GNUPRT,EFTA,1961,7.3,,
ESTAT:DEMO_NIND(1.0),30/04/26 23:00:00,A,GNUPRT,EFTA,1962,7.4,,
ESTAT:DEMO_NIND(1.0),30/04/26 23:00:00,A,GNUPRT,EFTA,1963,7.3,,
ESTAT:DEMO_NIND(1.0),30/04/26 23:00:00,A,GNUPRT,EFTA,1964,7.3,,
ESTAT:DEMO_NIND(1.0),30/04/26 23:00:00,A,GNUPRT,EFTA,1965,7.2,,
ESTAT:DEMO_NIND(1.0),30/04/26 23:00:00,A,GNUPRT,EFTA,1966,7.4,,
ESTAT:DEMO_NIND(1.0),30/04/26 23:00:00,A,GNUPRT,EFTA,1967,7.6,,
ESTAT:DEMO_NIND(1.0),30/04/26 23:00:00,A,GNUPRT,EFTA,1968,7.6,,
ESTAT:DEMO_NIND(1.0),30/04/26 23:00:00,A,GNUPRT,EFTA,1969,7.7,,
ESTAT:DEMO_NIND(1.0),30/04/26 23:00:00,A,GNUPRT,EFTA,1970,7.6,,
ESTAT:DEMO_NIND(1.0),30/04/26 23:00:00,A,GNUPRT,EFTA,1971,7.4,,
ESTAT:DEMO_NIND(1.0),30/04/26 23:00:00,A,GNUPRT,EFTA,1972,7.1,,
ESTAT:DEMO_NIND(1.0),30/04/26 23:00:00,A,GNUPRT,EFTA,1973,6.7,,
ESTAT:DEMO_NIND(1.0),30/04/26 23:00:00,A,GNUPRT,EFTA,1974,6.4,,
ESTAT:DEMO_NIND(1.0),30/04/26 23:00:00,A,GNUPRT,EFTA,1975,5.9,,
ESTAT:DEMO_NIND(1.0),30/04/26 23:00:00,A,GNUPRT,EFTA,1976,5.6,,
ESTAT:DEMO_NIND(1.0),30/04/26 23:00:00,A,GNUPRT,EFTA,1977,5.6,,
ESTAT:DEMO_NIND(1.0),30/04/26 23:00:00,A,GNUPRT,EFTA,1978,5.4,,
ESTAT:DEMO_NIND(1.0),30/04/26 23:00:00,A,GNUPRT,EFTA,1979,5.5,,
ESTAT:DEMO_NIND(1.0),30/04/26 23:00:00,A,GNUPRT,EFTA,1980,5.6,,
ESTAT:DEMO_NIND(1.0),30/04/26 23:00:00,A,GNUPRT,EFTA,1981,5.6,,
ESTAT:DEMO_NIND(1.0),30/04/26 23:00:00,A,GNUPRT,EFTA,1982,5.6,,
ESTAT:DEMO_NIND(1.0),30/04/26 23:00:00,A,GNUPRT,EFTA,1983,5.6,,
ESTAT:DEMO_NIND(1.0),30/04/26 23:00:00,A,GNUPRT,EFTA,1984,5.6,,
ESTAT:DEMO_NIND(1.0),30/04/26 23:00:00,A,GNUPRT,EFTA,1985,5.5,,
ESTAT:DEMO_NIND(1.0),30/04/26 23:00:00,A,GNUPRT,EFTA,1986,5.7,,
ESTAT:DEMO_NIND(1.0),30/04/26 23:00:00,A,GNUPRT,EFTA,1987,5.9,,
ESTAT:DEMO_NIND(1.0),30/04/26 23:00:00,A,GNUPRT,EFTA,1988,6.2,,
ESTAT:DEMO_NIND(1.0),30/04/26 23:00:00,A,GNUPRT,EFTA,1989,6.0,,
ESTAT:DEMO_NIND(1.0),30/04/26 23:00:00,A,GNUPRT,EFTA,1990,6.2,,
ESTAT:DEMO_NIND(1.0),30/04/26 23:00:00,A,GNUPRT,EFTA,1991,6.1,,
ESTAT:DEMO_NIND(1.0),30/04/26 23:00:00,A,GNUPRT,EFTA,1992,5.8,,
ESTAT:DEMO_NIND(1.0),30/04/26 23:00:00,A,GNUPRT,EFTA,1993,5.6,,
ESTAT:DEMO_NIND(1.0),30/04/26 23:00:00,A,GNUPRT,EFTA,1994,5.6,,
ESTAT:DEMO_NIND(1.0),30/04/26 23:00:00,A,GNUPRT,EFTA,1995,5.5,,
ESTAT:DEMO_NIND(1.0),30/04/26 23:00:00,A,GNUPRT,EFTA,1996,5.6,,
ESTAT:DEMO_NIND(1.0),30/04/26 23:00:00,A,GNUPRT,EFTA,1997,5.5,,
ESTAT:DEMO_NIND(1.0),30/04/26 23:00:00,A,GNUPRT,EFTA,1999,5.5,,
ESTAT:DEMO_NIND(1.0),30/04/26 23:00:00,A,GNUPRT,EFTA,2000,5.4,,
ESTAT:DEMO_NIND(1.0),30/04/26 23:00:00,A,GNUPRT,EFTA,2001,4.8,,
ESTAT:DEMO_NIND(1.0),30/04/26 23:00:00,A,GNUPRT,EFTA,2002,5.1,,
ESTAT:DEMO_NIND(1.0),30/04/26 23:00:00,A,GNUPRT,EFTA,2003,5.2,,
ESTAT:DEMO_NIND(1.0),30/04/26 23:00:00,A,GNUPRT,EFTA,2004,4.9,,
ESTAT:DEMO_NIND(1.0),30/04/26 23:00:00,A,GNUPRT,EFTA,2005,5.2,,
ESTAT:DEMO_NIND(1.0),30/04/26 23:00:00,A,GNUPRT,EFTA,2006,5.1,,
ESTAT:DEMO_NIND(1.0),30/04/26 23:00:00,A,GNUPRT,EFTA,2007,5.2,,
ESTAT:DEMO_NIND(1.0),30/04/26 23:00:00,A,GNUPRT,EFTA,2008,5.4,,
ESTAT:DEMO_NIND(1.0),30/04/26 23:00:00,A,GNUPRT,EFTA,2009,5.2,,
ESTAT:DEMO_NIND(1.0),30/04/26 23:00:00,A,GNUPRT,EFTA,2010,5.2,,
ESTAT:DEMO_NIND(1.0),30/04/26 23:00:00,A,GNUPRT,EFTA,2011,5.0,,
ESTAT:DEMO_NIND(1.0),30/04/26 23:00:00,A,GNUPRT,EL,1960,7.0,,
ESTAT:DEMO_NIND(1.0),30/04/26 23:00:00,A,GNUPRT,EL,1961,8.4,,
ESTAT:DEMO_NIND(1.0),30/04/26 23:00:00,A,GNUPRT,EL,1962,8.4,,
ESTAT:DEMO_NIND(1.0),30/04/26 23:00:00,A,GNUPRT,EL,1963,9.2,,
ESTAT:DEMO_NIND(1.0),30/04/26 23:00:00,A,GNUPRT,EL,1964,8.9,,
ESTAT:DEMO_NIND(1.0),30/04/26 23:00:00,A,GNUPRT,EL,1965,9.4,,
ESTAT:DEMO_NIND(1.0),30/04/26 23:00:00,A,GNUPRT,EL,1966,8.3,,
ESTAT:DEMO_NIND(1.0),30/04/26 23:00:00,A,GNUPRT,EL,1967,9.4,,
ESTAT:DEMO_NIND(1.0),30/04/26 23:00:00,A,GNUPRT,EL,1968,7.5,,
ESTAT:DEMO_NIND(1.0),30/04/26 23:00:00,A,GNUPRT,EL,1969,8.3,,
ESTAT:DEMO_NIND(1.0),30/04/26 23:00:00,A,GNUPRT,EL,1970,7.7,,
ESTAT:DEMO_NIND(1.0),30/04/26 23:00:00,A,GNUPRT,EL,1971,8.3,,
ESTAT:DEMO_NIND(1.0),30/04/26 23:00:00,A,GNUPRT,EL,1972,6.8,,
ESTAT:DEMO_NIND(1.0),30/04/26 23:00:00,A,GNUPRT,EL,1973,8.3,,
ESTAT:DEMO_NIND(1.0),30/04/26 23:00:00,A,GNUPRT,EL,1974,7.6,,
ESTAT:DEMO_NIND(1.0),30/04/26 23:00:00,A,GNUPRT,EL,1975,8.5,,
ESTAT:DEMO_NIND(1.0),30/04/26 23:00:00,A,GNUPRT,EL,1976,6.9,,
ESTAT:DEMO_NIND(1.0),30/04/26 23:00:00,A,GNUPRT,EL,1977,8.2,,
ESTAT:DEMO_NIND(1.0),30/04/26 23:00:00,A,GNUPRT,EL,1978,7.7,,
ESTAT:DEMO_NIND(1.0),30/04/26 23:00:00,A,GNUPRT,EL,1979,8.3,,
ESTAT:DEMO_NIND(1.0),30/04/26 23:00:00,A,GNUPRT,EL,1980,6.5,,
ESTAT:DEMO_NIND(1.0),30/04/26 23:00:00,A,GNUPRT,EL,1981,7.3,,
ESTAT:DEMO_NIND(1.0),30/04/26 23:00:00,A,GNUPRT,EL,1982,6.9,,
ESTAT:DEMO_NIND(1.0),30/04/26 23:00:00,A,GNUPRT,EL,1983,7.2,,
ESTAT:DEMO_NIND(1.0),30/04/26 23:00:00,A,GNUPRT,EL,1984,5.5,,
ESTAT:DEMO_NIND(1.0),30/04/26 23:00:00,A,GNUPRT,EL,1985,6.4,,
ESTAT:DEMO_NIND(1.0),30/04/26 23:00:00,A,GNUPRT,EL,1986,5.8,,
ESTAT:DEMO_NIND(1.0),30/04/26 23:00:00,A,GNUPRT,EL,1987,6.6,,
ESTAT:DEMO_NIND(1.0),30/04/26 23:00:00,A,GNUPRT,EL,1988,4.8,,
ESTAT:DEMO_NIND(1.0),30/04/26 23:00:00,A,GNUPRT,EL,1989,6.1,,
ESTAT:DEMO_NIND(1.0),30/04/26 23:00:00,A,GNUPRT,EL,1990,5.8,,
ESTAT:DEMO_NIND(1.0),30/04/26 23:00:00,A,GNUPRT,EL,1991,6.4,,
ESTAT:DEMO_NIND(1.0),30/04/26 23:00:00,A,GNUPRT,EL,1992,4.7,,
ESTAT:DEMO_NIND(1.0),30/04/26 23:00:00,A,GNUPRT,EL,1993,5.9,,
ESTAT:DEMO_NIND(1.0),30/04/26 23:00:00,A,GNUPRT,EL,1994,5.4,,
ESTAT:DEMO_NIND(1.0),30/04/26 23:00:00,A,GNUPRT,EL,1995,6.1,,
ESTAT:DEMO_NIND(1.0),30/04/26 23:00:00,A,GNUPRT,EL,1996,4.3,,
ESTAT:DEMO_NIND(1.0),30/04/26 23:00:00,A,GNUPRT,EL,1997,5.6,,
ESTAT:DEMO_NIND(1.0),30/04/26 23:00:00,A,GNUPRT,EL,1998,5.1,,
ESTAT:DEMO_NIND(1.0),30/04/26 23:00:00,A,GNUPRT,EL,1999,5.6,,
ESTAT:DEMO_NIND(1.0),30/04/26 23:00:00,A,GNUPRT,EL,2000,4.5,,
ESTAT:DEMO_NIND(1.0),30/04/26 23:00:00,A,GNUPRT,EL,2001,5.3,,
ESTAT:DEMO_NIND(1.0),30/04/26 23:00:00,A,GNUPRT,EL,2002,5.3,,
ESTAT:DEMO_NIND(1.0),30/04/26 23:00:00,A,GNUPRT,EL,2003,5.5,,
ESTAT:DEMO_NIND(1.0),30/04/26 23:00:00,A,GNUPRT,EL,2004,4.6,,
ESTAT:DEMO_NIND(1.0),30/04/26 23:00:00,A,GNUPRT,EL,2005,5.5,,
ESTAT:DEMO_NIND(1.0),30/04/26 23:00:00,A,GNUPRT,EL,2006,5.2,,
ESTAT:DEMO_NIND(1.0),30/04/26 23:00:00,A,GNUPRT,EL,2007,5.5,,
ESTAT:DEMO_NIND(1.0),30/04/26 23:00:00,A,GNUPRT,EL,2008,4.8,,
ESTAT:DEMO_NIND(1.0),30/04/26 23:00:00,A,GNUPRT,EL,2009,5.3,,
ESTAT:DEMO_NIND(1.0),30/04/26 23:00:00,A,GNUPRT,EL,2010,5.1,,
ESTAT:DEMO_NIND(1.0),30/04/26 23:00:00,A,GNUPRT,EL,2011,5.0,,
ESTAT:DEMO_NIND(1.0),30/04/26 23:00:00,A,GNUPRT,EL,2012,4.5,,
ESTAT:DEMO_NIND(1.0),30/04/26 23:00:00,A,GNUPRT,EL,2013,4.7,,
ESTAT:DEMO_NIND(1.0),30/04/26 23:00:00,A,GNUPRT,EL,2014,4.9,,
ESTAT:DEMO_NIND(1.0),30/04/26 23:00:00,A,GNUPRT,EL,2015,5.0,,
ESTAT:DEMO_NIND(1.0),30/04/26 23:00:00,A,GNUPRT,EL,2016,4.6,,
ESTAT:DEMO_NIND(1.0),30/04/26 23:00:00,A,GNUPRT,EL,2017,4.7,,
ESTAT:DEMO_NIND(1.0),30/04/26 23:00:00,A,GNUPRT,EL,2018,4.4,,
ESTAT:DEMO_NIND(1.0),30/04/26 23:00:00,A,GNUPRT,EL,2019,4.4,,
ESTAT:DEMO_NIND(1.0),30/04/26 23:00:00,A,GNUPRT,EL,2020,2.9,,
ESTAT:DEMO_NIND(1.0),30/04/26 23:00:00,A,GNUPRT,EL,2021,3.9,,
ESTAT:DEMO_NIND(1.0),30/04/26 23:00:00,A,GNUPRT,EL,2022,4.2,,
ESTAT:DEMO_NIND(1.0),30/04/26 23:00:00,A,GNUPRT,EL,2023,3.9,,
ESTAT:DEMO_NIND(1.0),30/04/26 23:00:00,A,GNUPRT,EL,2024,3.5,,
ESTAT:DEMO_NIND(1.0),30/04/26 23:00:00,A,GNUPRT,ES,1960,7.8,,
ESTAT:DEMO_NIND(1.0),30/04/26 23:00:00,A,GNUPRT,ES,1961,7.7,,
ESTAT:DEMO_NIND(1.0),30/04/26 23:00:00,A,GNUPRT,ES,1962,7.6,,
ESTAT:DEMO_NIND(1.0),30/04/26 23:00:00,A,GNUPRT,ES,1963,7.6,,
ESTAT:DEMO_NIND(1.0),30/04/26 23:00:00,A,GNUPRT,ES,1964,7.4,,
ESTAT:DEMO_NIND(1.0),30/04/26 23:00:00,A,GNUPRT,ES,1965,7.1,,
ESTAT:DEMO_NIND(1.0),30/04/26 23:00:00,A,GNUPRT,ES,1966,7.1,,
ESTAT:DEMO_NIND(1.0),30/04/26 23:00:00,A,GNUPRT,ES,1967,7.1,,
ESTAT:DEMO_NIND(1.0),30/04/26 23:00:00,A,GNUPRT,ES,1968,7.0,,
ESTAT:DEMO_NIND(1.0),30/04/26 23:00:00,A,GNUPRT,ES,1969,7.2,,
ESTAT:DEMO_NIND(1.0),30/04/26 23:00:00,A,GNUPRT,ES,1970,7.3,,
ESTAT:DEMO_NIND(1.0),30/04/26 23:00:00,A,GNUPRT,ES,1971,7.4,,
ESTAT:DEMO_NIND(1.0),30/04/26 23:00:00,A,GNUPRT,ES,1972,7.6,,
ESTAT:DEMO_NIND(1.0),30/04/26 23:00:00,A,GNUPRT,ES,1973,7.7,,
ESTAT:DEMO_NIND(1.0),30/04/26 23:00:00,A,GNUPRT,ES,1974,7.6,,
ESTAT:DEMO_NIND(1.0),30/04/26 23:00:00,A,GNUPRT,ES,1975,7.6,,
ESTAT:DEMO_NIND(1.0),30/04/26 23:00:00,A,GNUPRT,ES,1976,7.3,,
ESTAT:DEMO_NIND(1.0),30/04/26 23:00:00,A,GNUPRT,ES,1977,7.2,,
ESTAT:DEMO_NIND(1.0),30/04/26 23:00:00,A,GNUPRT,ES,1978,7.0,,
ESTAT:DEMO_NIND(1.0),30/04/26 23:00:00,A,GNUPRT,ES,1979,6.6,,
ESTAT:DEMO_NIND(1.0),30/04/26 23:00:00,A,GNUPRT,ES,1980,5.9,,
ESTAT:DEMO_NIND(1.0),30/04/26 23:00:00,A,GNUPRT,ES,1981,5.4,,
ESTAT:DEMO_NIND(1.0),30/04/26 23:00:00,A,GNUPRT,ES,1982,5.1,,
ESTAT:DEMO_NIND(1.0),30/04/26 23:00:00,A,GNUPRT,ES,1983,5.1,,
ESTAT:DEMO_NIND(1.0),30/04/26 23:00:00,A,GNUPRT,ES,1984,5.2,,
ESTAT:DEMO_NIND(1.0),30/04/26 23:00:00,A,GNUPRT,ES,1985,5.2,,
ESTAT:DEMO_NIND(1.0),30/04/26 23:00:00,A,GNUPRT,ES,1986,5.4,,
ESTAT:DEMO_NIND(1.0),30/04/26 23:00:00,A,GNUPRT,ES,1987,5.6,,
ESTAT:DEMO_NIND(1.0),30/04/26 23:00:00,A,GNUPRT,ES,1988,5.7,,
ESTAT:DEMO_NIND(1.0),30/04/26 23:00:00,A,GNUPRT,ES,1989,5.7,,
ESTAT:DEMO_NIND(1.0),30/04/26 23:00:00,A,GNUPRT,ES,1990,5.7,,
ESTAT:DEMO_NIND(1.0),30/04/26 23:00:00,A,GNUPRT,ES,1991,5.6,,
ESTAT:DEMO_NIND(1.0),30/04/26 23:00:00,A,GNUPRT,ES,1992,5.6,,
ESTAT:DEMO_NIND(1.0),30/04/26 23:00:00,A,GNUPRT,ES,1993,5.1,,
ESTAT:DEMO_NIND(1.0),30/04/26 23:00:00,A,GNUPRT,ES,1994,5.1,,
ESTAT:DEMO_NIND(1.0),30/04/26 23:00:00,A,GNUPRT,ES,1995,5.1,,
ESTAT:DEMO_NIND(1.0),30/04/26 23:00:00,A,GNUPRT,ES,1996,4.9,,
ESTAT:DEMO_NIND(1.0),30/04/26 23:00:00,A,GNUPRT,ES,1997,5.0,,
ESTAT:DEMO_NIND(1.0),30/04/26 23:00:00,A,GNUPRT,ES,1998,5.2,,
ESTAT:DEMO_NIND(1.0),30/04/26 23:00:00,A,GNUPRT,ES,1999,5.2,,
ESTAT:DEMO_NIND(1.0),30/04/26 23:00:00,A,GNUPRT,ES,2000,5.4,,
ESTAT:DEMO_NIND(1.0),30/04/26 23:00:00,A,GNUPRT,ES,2001,5.1,,
ESTAT:DEMO_NIND(1.0),30/04/26 23:00:00,A,GNUPRT,ES,2002,5.1,,
ESTAT:DEMO_NIND(1.0),30/04/26 23:00:00,A,GNUPRT,ES,2003,5.0,,
ESTAT:DEMO_NIND(1.0),30/04/26 23:00:00,A,GNUPRT,ES,2004,5.0,,
ESTAT:DEMO_NIND(1.0),30/04/26 23:00:00,A,GNUPRT,ES,2005,4.7,,
ESTAT:DEMO_NIND(1.0),30/04/26 23:00:00,A,GNUPRT,ES,2006,4.5,,
ESTAT:DEMO_NIND(1.0),30/04/26 23:00:00,A,GNUPRT,ES,2007,4.4,,
ESTAT:DEMO_NIND(1.0),30/04/26 23:00:00,A,GNUPRT,ES,2008,4.2,,
ESTAT:DEMO_NIND(1.0),30/04/26 23:00:00,A,GNUPRT,ES,2009,3.7,,
ESTAT:DEMO_NIND(1.0),30/04/26 23:00:00,A,GNUPRT,ES,2010,3.6,,
ESTAT:DEMO_NIND(1.0),30/04/26 23:00:00,A,GNUPRT,ES,2011,3.4,,
ESTAT:DEMO_NIND(1.0),30/04/26 23:00:00,A,GNUPRT,ES,2012,3.5,,
ESTAT:DEMO_NIND(1.0),30/04/26 23:00:00,A,GNUPRT,ES,2013,3.3,,
ESTAT:DEMO_NIND(1.0),30/04/26 23:00:00,A,GNUPRT,ES,2014,3.4,,
ESTAT:DEMO_NIND(1.0),30/04/26 23:00:00,A,GNUPRT,ES,2015,3.6,,
ESTAT:DEMO_NIND(1.0),30/04/26 23:00:00,A,GNUPRT,ES,2016,3.7,,
ESTAT:DEMO_NIND(1.0),30/04/26 23:00:00,A,GNUPRT,ES,2017,3.7,,
ESTAT:DEMO_NIND(1.0),30/04/26 23:00:00,A,GNUPRT,ES,2018,3.5,,
ESTAT:DEMO_NIND(1.0),30/04/26 23:00:00,A,GNUPRT,ES,2019,3.5,,
ESTAT:DEMO_NIND(1.0),30/04/26 23:00:00,A,GNUPRT,ES,2020,1.9,,
ESTAT:DEMO_NIND(1.0),30/04/26 23:00:00,A,GNUPRT,ES,2021,3.1,,
ESTAT:DEMO_NIND(1.0),30/04/26 23:00:00,A,GNUPRT,ES,2022,3.7,,
ESTAT:DEMO_NIND(1.0),30/04/26 23:00:00,A,GNUPRT,ES,2023,3.5,,
ESTAT:DEMO_NIND(1.0),30/04/26 23:00:00,A,GNUPRT,ES,2024,3.6,,
ESTAT:DEMO_NIND(1.0),30/04/26 23:00:00,A,GNUPRT,EU27_2007,1964,7.9,,
ESTAT:DEMO_NIND(1.0),30/04/26 23:00:00,A,GNUPRT,EU27_2007,1965,7.7,,
ESTAT:DEMO_NIND(1.0),30/04/26 23:00:00,A,GNUPRT,EU27_2007,1966,7.8,,
ESTAT:DEMO_NIND(1.0),30/04/26 23:00:00,A,GNUPRT,EU27_2007,1967,7.8,,
ESTAT:DEMO_NIND(1.0),30/04/26 23:00:00,A,GNUPRT,EU27_2007,1968,7.7,,
ESTAT:DEMO_NIND(1.0),30/04/26 23:00:00,A,GNUPRT,EU27_2007,1969,7.8,,
ESTAT:DEMO_NIND(1.0),30/04/26 23:00:00,A,GNUPRT,EU27_2007,1970,7.9,,
ESTAT:DEMO_NIND(1.0),30/04/26 23:00:00,A,GNUPRT,EU27_2007,1971,7.9,,
ESTAT:DEMO_NIND(1.0),30/04/26 23:00:00,A,GNUPRT,EU27_2007,1972,7.9,,
ESTAT:DEMO_NIND(1.0),30/04/26 23:00:00,A,GNUPRT,EU27_2007,1973,7.8,,
ESTAT:DEMO_NIND(1.0),30/04/26 23:00:00,A,GNUPRT,EU27_2007,1974,7.7,,
ESTAT:DEMO_NIND(1.0),30/04/26 23:00:00,A,GNUPRT,EU27_2007,1975,7.7,,
ESTAT:DEMO_NIND(1.0),30/04/26 23:00:00,A,GNUPRT,EU27_2007,1976,7.4,,
ESTAT:DEMO_NIND(1.0),30/04/26 23:00:00,A,GNUPRT,EU27_2007,1977,7.3,,
ESTAT:DEMO_NIND(1.0),30/04/26 23:00:00,A,GNUPRT,EU27_2007,1978,7.1,,
ESTAT:DEMO_NIND(1.0),30/04/26 23:00:00,A,GNUPRT,EU27_2007,1979,7.0,,
ESTAT:DEMO_NIND(1.0),30/04/26 23:00:00,A,GNUPRT,EU27_2007,1980,6.8,,
ESTAT:DEMO_NIND(1.0),30/04/26 23:00:00,A,GNUPRT,EU27_2007,1981,6.6,,
ESTAT:DEMO_NIND(1.0),30/04/26 23:00:00,A,GNUPRT,EU27_2007,1982,6.5,,
ESTAT:DEMO_NIND(1.0),30/04/26 23:00:00,A,GNUPRT,EU27_2007,1983,6.4,,
ESTAT:DEMO_NIND(1.0),30/04/26 23:00:00,A,GNUPRT,EU27_2007,1984,6.3,,
ESTAT:DEMO_NIND(1.0),30/04/26 23:00:00,A,GNUPRT,EU27_2007,1985,6.2,,
ESTAT:DEMO_NIND(1.0),30/04/26 23:00:00,A,GNUPRT,EU27_2007,1986,6.2,,
ESTAT:DEMO_NIND(1.0),30/04/26 23:00:00,A,GNUPRT,EU27_2007,1987,6.3,,
ESTAT:DEMO_NIND(1.0),30/04/26 23:00:00,A,GNUPRT,EU27_2007,1988,6.2,,
ESTAT:DEMO_NIND(1.0),30/04/26 23:00:00,A,GNUPRT,EU27_2007,1989,6.5,,
ESTAT:DEMO_NIND(1.0),30/04/26 23:00:00,A,GNUPRT,EU27_2007,1990,6.3,,
ESTAT:DEMO_NIND(1.0),30/04/26 23:00:00,A,GNUPRT,EU27_2007,1991,5.9,,
ESTAT:DEMO_NIND(1.0),30/04/26 23:00:00,A,GNUPRT,EU27_2007,1992,5.7,,
ESTAT:DEMO_NIND(1.0),30/04/26 23:00:00,A,GNUPRT,EU27_2007,1993,5.5,,
ESTAT:DEMO_NIND(1.0),30/04/26 23:00:00,A,GNUPRT,EU27_2007,1994,5.3,,
ESTAT:DEMO_NIND(1.0),30/04/26 23:00:00,A,GNUPRT,EU27_2007,1997,5.2,,
ESTAT:DEMO_NIND(1.0),30/04/26 23:00:00,A,GNUPRT,EU27_2007,1998,5.1,b,
ESTAT:DEMO_NIND(1.0),30/04/26 23:00:00,A,GNUPRT,EU27_2007,1999,5.2,,
ESTAT:DEMO_NIND(1.0),30/04/26 23:00:00,A,GNUPRT,EU27_2007,2000,5.2,,
ESTAT:DEMO_NIND(1.0),30/04/26 23:00:00,A,GNUPRT,EU27_2007,2001,4.9,,
ESTAT:DEMO_NIND(1.0),30/04/26 23:00:00,A,GNUPRT,EU27_2007,2002,4.9,,
ESTAT:DEMO_NIND(1.0),30/04/26 23:00:00,A,GNUPRT,EU27_2007,2003,4.9,,
ESTAT:DEMO_NIND(1.0),30/04/26 23:00:00,A,GNUPRT,EU27_2007,2007,4.9,,
ESTAT:DEMO_NIND(1.0),30/04/26 23:00:00,A,GNUPRT,EU27_2007,2008,4.7,,
ESTAT:DEMO_NIND(1.0),30/04/26 23:00:00,A,GNUPRT,EU27_2007,2009,4.5,,
ESTAT:DEMO_NIND(1.0),30/04/26 23:00:00,A,GNUPRT,EU27_2007,2010,4.4,,
ESTAT:DEMO_NIND(1.0),30/04/26 23:00:00,A,GNUPRT,EU27_2007,2011,4.2,,
ESTAT:DEMO_NIND(1.0),30/04/26 23:00:00,A,GNUPRT,EU27_2007,2013,4.1,,
ESTAT:DEMO_NIND(1.0),30/04/26 23:00:00,A,GNUPRT,EU27_2007,2014,4.2,,
ESTAT:DEMO_NIND(1.0),30/04/26 23:00:00,A,GNUPRT,EU27_2007,2015,4.3,,
ESTAT:DEMO_NIND(1.0),30/04/26 23:00:00,A,GNUPRT,EU27_2007,2016,4.4,,
ESTAT:DEMO_NIND(1.0),30/04/26 23:00:00,A,GNUPRT,EU27_2020,1964,8.0,,
ESTAT:DEMO_NIND(1.0),30/04/26 23:00:00,A,GNUPRT,EU27_2020,1965,7.8,,
ESTAT:DEMO_NIND(1.0),30/04/26 23:00:00,A,GNUPRT,EU27_2020,1966,7.7,,
ESTAT:DEMO_NIND(1.0),30/04/26 23:00:00,A,GNUPRT,EU27_2020,1967,7.7,,
ESTAT:DEMO_NIND(1.0),30/04/26 23:00:00,A,GNUPRT,EU27_2020,1968,7.6,,
ESTAT:DEMO_NIND(1.0),30/04/26 23:00:00,A,GNUPRT,EU27_2020,1969,7.7,,
ESTAT:DEMO_NIND(1.0),30/04/26 23:00:00,A,GNUPRT,EU27_2020,1970,7.8,,
ESTAT:DEMO_NIND(1.0),30/04/26 23:00:00,A,GNUPRT,EU27_2020,1971,7.8,,
ESTAT:DEMO_NIND(1.0),30/04/26 23:00:00,A,GNUPRT,EU27_2020,1972,7.8,,
ESTAT:DEMO_NIND(1.0),30/04/26 23:00:00,A,GNUPRT,EU27_2020,1973,7.8,,
ESTAT:DEMO_NIND(1.0),30/04/26 23:00:00,A,GNUPRT,EU27_2020,1974,7.7,,
ESTAT:DEMO_NIND(1.0),30/04/26 23:00:00,A,GNUPRT,EU27_2020,1975,7.7,,
ESTAT:DEMO_NIND(1.0),30/04/26 23:00:00,A,GNUPRT,EU27_2020,1976,7.4,,
ESTAT:DEMO_NIND(1.0),30/04/26 23:00:00,A,GNUPRT,EU27_2020,1977,7.3,,
ESTAT:DEMO_NIND(1.0),30/04/26 23:00:00,A,GNUPRT,EU27_2020,1978,7.1,,
ESTAT:DEMO_NIND(1.0),30/04/26 23:00:00,A,GNUPRT,EU27_2020,1979,6.9,,
ESTAT:DEMO_NIND(1.0),30/04/26 23:00:00,A,GNUPRT,EU27_2020,1980,6.7,,
ESTAT:DEMO_NIND(1.0),30/04/26 23:00:00,A,GNUPRT,EU27_2020,1981,6.5,,
ESTAT:DEMO_NIND(1.0),30/04/26 23:00:00,A,GNUPRT,EU27_2020,1982,6.4,,
ESTAT:DEMO_NIND(1.0),30/04/26 23:00:00,A,GNUPRT,EU27_2020,1983,6.4,,
ESTAT:DEMO_NIND(1.0),30/04/26 23:00:00,A,GNUPRT,EU27_2020,1984,6.2,,
ESTAT:DEMO_NIND(1.0),30/04/26 23:00:00,A,GNUPRT,EU27_2020,1985,6.1,,
ESTAT:DEMO_NIND(1.0),30/04/26 23:00:00,A,GNUPRT,EU27_2020,1986,6.1,,
ESTAT:DEMO_NIND(1.0),30/04/26 23:00:00,A,GNUPRT,EU27_2020,1987,6.2,,
ESTAT:DEMO_NIND(1.0),30/04/26 23:00:00,A,GNUPRT,EU27_2020,1988,6.1,,
ESTAT:DEMO_NIND(1.0),30/04/26 23:00:00,A,GNUPRT,EU27_2020,1989,6.4,,
ESTAT:DEMO_NIND(1.0),30/04/26 23:00:00,A,GNUPRT,EU27_2020,1990,6.3,,
ESTAT:DEMO_NIND(1.0),30/04/26 23:00:00,A,GNUPRT,EU27_2020,1991,5.8,,
ESTAT:DEMO_NIND(1.0),30/04/26 23:00:00,A,GNUPRT,EU27_2020,1992,5.7,,
ESTAT:DEMO_NIND(1.0),30/04/26 23:00:00,A,GNUPRT,EU27_2020,1993,5.4,,
ESTAT:DEMO_NIND(1.0),30/04/26 23:00:00,A,GNUPRT,EU27_2020,1994,5.2,,
ESTAT:DEMO_NIND(1.0),30/04/26 23:00:00,A,GNUPRT,EU27_2020,1997,5.1,,
ESTAT:DEMO_NIND(1.0),30/04/26 23:00:00,A,GNUPRT,EU27_2020,1998,5.1,,
ESTAT:DEMO_NIND(1.0),30/04/26 23:00:00,A,GNUPRT,EU27_2020,1999,5.2,,
ESTAT:DEMO_NIND(1.0),30/04/26 23:00:00,A,GNUPRT,EU27_2020,2000,5.2,,
ESTAT:DEMO_NIND(1.0),30/04/26 23:00:00,A,GNUPRT,EU27_2020,2001,4.9,,
ESTAT:DEMO_NIND(1.0),30/04/26 23:00:00,A,GNUPRT,EU27_2020,2002,4.9,,
ESTAT:DEMO_NIND(1.0),30/04/26 23:00:00,A,GNUPRT,EU27_2020,2003,4.8,,
ESTAT:DEMO_NIND(1.0),30/04/26 23:00:00,A,GNUPRT,EU27_2020,2004,4.8,,
ESTAT:DEMO_NIND(1.0),30/04/26 23:00:00,A,GNUPRT,EU27_2020,2005,4.8,,
ESTAT:DEMO_NIND(1.0),30/04/26 23:00:00,A,GNUPRT,EU27_2020,2006,4.8,,
ESTAT:DEMO_NIND(1.0),30/04/26 23:00:00,A,GNUPRT,EU27_2020,2007,5.0,,
ESTAT:DEMO_NIND(1.0),30/04/26 23:00:00,A,GNUPRT,EU27_2020,2008,4.8,,
ESTAT:DEMO_NIND(1.0),30/04/26 23:00:00,A,GNUPRT,EU27_2020,2009,4.6,,
ESTAT:DEMO_NIND(1.0),30/04/26 23:00:00,A,GNUPRT,EU27_2020,2010,4.4,,
ESTAT:DEMO_NIND(1.0),30/04/26 23:00:00,A,GNUPRT,EU27_2020,2011,4.2,,
ESTAT:DEMO_NIND(1.0),30/04/26 23:00:00,A,GNUPRT,EU27_2020,2012,4.3,,
ESTAT:DEMO_NIND(1.0),30/04/26 23:00:00,A,GNUPRT,EU27_2020,2013,4.1,,
ESTAT:DEMO_NIND(1.0),30/04/26 23:00:00,A,GNUPRT,EU27_2020,2014,4.2,,
ESTAT:DEMO_NIND(1.0),30/04/26 23:00:00,A,GNUPRT,EU27_2020,2015,4.3,,
ESTAT:DEMO_NIND(1.0),30/04/26 23:00:00,A,GNUPRT,EU27_2020,2016,4.4,,
ESTAT:DEMO_NIND(1.0),30/04/26 23:00:00,A,GNUPRT,EU27_2020,2017,4.4,,
ESTAT:DEMO_NIND(1.0),30/04/26 23:00:00,A,GNUPRT,EU27_2020,2018,4.5,,
ESTAT:DEMO_NIND(1.0),30/04/26 23:00:00,A,GNUPRT,EU27_2020,2019,4.3,,
ESTAT:DEMO_NIND(1.0),30/04/26 23:00:00,A,GNUPRT,EU27_2020,2020,3.2,i,
ESTAT:DEMO_NIND(1.0),30/04/26 23:00:00,A,GNUPRT,EU27_2020,2021,3.9,i,
ESTAT:DEMO_NIND(1.0),30/04/26 23:00:00,A,GNUPRT,EU27_2020,2022,4.2,i,
ESTAT:DEMO_NIND(1.0),30/04/26 23:00:00,A,GNUPRT,EU27_2020,2023,4.0,i,
ESTAT:DEMO_NIND(1.0),30/04/26 23:00:00,A,GNUPRT,EU27_2020,2024,3.9,i,
ESTAT:DEMO_NIND(1.0),30/04/26 23:00:00,A,GNUPRT,EU28,1964,7.9,,
ESTAT:DEMO_NIND(1.0),30/04/26 23:00:00,A,GNUPRT,EU28,1965,7.8,,
ESTAT:DEMO_NIND(1.0),30/04/26 23:00:00,A,GNUPRT,EU28,1966,7.8,,
ESTAT:DEMO_NIND(1.0),30/04/26 23:00:00,A,GNUPRT,EU28,1967,7.8,,
ESTAT:DEMO_NIND(1.0),30/04/26 23:00:00,A,GNUPRT,EU28,1968,7.7,,
ESTAT:DEMO_NIND(1.0),30/04/26 23:00:00,A,GNUPRT,EU28,1969,7.8,,
ESTAT:DEMO_NIND(1.0),30/04/26 23:00:00,A,GNUPRT,EU28,1970,7.9,,
ESTAT:DEMO_NIND(1.0),30/04/26 23:00:00,A,GNUPRT,EU28,1971,7.9,,
ESTAT:DEMO_NIND(1.0),30/04/26 23:00:00,A,GNUPRT,EU28,1972,7.9,,
ESTAT:DEMO_NIND(1.0),30/04/26 23:00:00,A,GNUPRT,EU28,1973,7.8,,
ESTAT:DEMO_NIND(1.0),30/04/26 23:00:00,A,GNUPRT,EU28,1974,7.7,,
ESTAT:DEMO_NIND(1.0),30/04/26 23:00:00,A,GNUPRT,EU28,1975,7.7,,
ESTAT:DEMO_NIND(1.0),30/04/26 23:00:00,A,GNUPRT,EU28,1976,7.4,,
ESTAT:DEMO_NIND(1.0),30/04/26 23:00:00,A,GNUPRT,EU28,1977,7.3,,
ESTAT:DEMO_NIND(1.0),30/04/26 23:00:00,A,GNUPRT,EU28,1978,7.1,,
ESTAT:DEMO_NIND(1.0),30/04/26 23:00:00,A,GNUPRT,EU28,1979,7.0,,
ESTAT:DEMO_NIND(1.0),30/04/26 23:00:00,A,GNUPRT,EU28,1980,6.8,,
ESTAT:DEMO_NIND(1.0),30/04/26 23:00:00,A,GNUPRT,EU28,1981,6.6,,
ESTAT:DEMO_NIND(1.0),30/04/26 23:00:00,A,GNUPRT,EU28,1982,6.5,,
ESTAT:DEMO_NIND(1.0),30/04/26 23:00:00,A,GNUPRT,EU28,1983,6.4,,
ESTAT:DEMO_NIND(1.0),30/04/26 23:00:00,A,GNUPRT,EU28,1984,6.3,,
ESTAT:DEMO_NIND(1.0),30/04/26 23:00:00,A,GNUPRT,EU28,1985,6.2,,
ESTAT:DEMO_NIND(1.0),30/04/26 23:00:00,A,GNUPRT,EU28,1986,6.2,,
ESTAT:DEMO_NIND(1.0),30/04/26 23:00:00,A,GNUPRT,EU28,1987,6.3,,
ESTAT:DEMO_NIND(1.0),30/04/26 23:00:00,A,GNUPRT,EU28,1988,6.2,,
ESTAT:DEMO_NIND(1.0),30/04/26 23:00:00,A,GNUPRT,EU28,1989,6.5,,
ESTAT:DEMO_NIND(1.0),30/04/26 23:00:00,A,GNUPRT,EU28,1990,6.3,,
ESTAT:DEMO_NIND(1.0),30/04/26 23:00:00,A,GNUPRT,EU28,1991,5.9,,
ESTAT:DEMO_NIND(1.0),30/04/26 23:00:00,A,GNUPRT,EU28,1992,5.7,,
ESTAT:DEMO_NIND(1.0),30/04/26 23:00:00,A,GNUPRT,EU28,1993,5.5,,
ESTAT:DEMO_NIND(1.0),30/04/26 23:00:00,A,GNUPRT,EU28,1994,5.3,,
ESTAT:DEMO_NIND(1.0),30/04/26 23:00:00,A,GNUPRT,EU28,1997,5.2,,
ESTAT:DEMO_NIND(1.0),30/04/26 23:00:00,A,GNUPRT,EU28,1998,5.1,b,
ESTAT:DEMO_NIND(1.0),30/04/26 23:00:00,A,GNUPRT,EU28,1999,5.2,,
ESTAT:DEMO_NIND(1.0),30/04/26 23:00:00,A,GNUPRT,EU28,2000,5.2,,
ESTAT:DEMO_NIND(1.0),30/04/26 23:00:00,A,GNUPRT,EU28,2001,4.9,,
ESTAT:DEMO_NIND(1.0),30/04/26 23:00:00,A,GNUPRT,EU28,2002,4.9,,
ESTAT:DEMO_NIND(1.0),30/04/26 23:00:00,A,GNUPRT,EU28,2003,4.9,,
ESTAT:DEMO_NIND(1.0),30/04/26 23:00:00,A,GNUPRT,EU28,2007,4.9,,
ESTAT:DEMO_NIND(1.0),30/04/26 23:00:00,A,GNUPRT,EU28,2008,4.8,,
ESTAT:DEMO_NIND(1.0),30/04/26 23:00:00,A,GNUPRT,EU28,2009,4.5,,
ESTAT:DEMO_NIND(1.0),30/04/26 23:00:00,A,GNUPRT,EU28,2010,4.4,,
ESTAT:DEMO_NIND(1.0),30/04/26 23:00:00,A,GNUPRT,EU28,2011,4.2,,
ESTAT:DEMO_NIND(1.0),30/04/26 23:00:00,A,GNUPRT,EU28,2013,4.1,,
ESTAT:DEMO_NIND(1.0),30/04/26 23:00:00,A,GNUPRT,EU28,2014,4.2,,
ESTAT:DEMO_NIND(1.0),30/04/26 23:00:00,A,GNUPRT,EU28,2015,4.3,,
ESTAT:DEMO_NIND(1.0),30/04/26 23:00:00,A,GNUPRT,EU28,2016,4.4,,
ESTAT:DEMO_NIND(1.0),30/04/26 23:00:00,A,GNUPRT,FI,1960,7.4,,
ESTAT:DEMO_NIND(1.0),30/04/26 23:00:00,A,GNUPRT,FI,1961,7.7,,
ESTAT:DEMO_NIND(1.0),30/04/26 23:00:00,A,GNUPRT,FI,1962,7.6,,
ESTAT:DEMO_NIND(1.0),30/04/26 23:00:00,A,GNUPRT,FI,1963,7.4,,
ESTAT:DEMO_NIND(1.0),30/04/26 23:00:00,A,GNUPRT,FI,1964,7.6,,
ESTAT:DEMO_NIND(1.0),30/04/26 23:00:00,A,GNUPRT,FI,1965,7.9,,
ESTAT:DEMO_NIND(1.0),30/04/26 23:00:00,A,GNUPRT,FI,1966,8.4,,
ESTAT:DEMO_NIND(1.0),30/04/26 23:00:00,A,GNUPRT,FI,1967,9.0,,
ESTAT:DEMO_NIND(1.0),30/04/26 23:00:00,A,GNUPRT,FI,1968,8.7,,
ESTAT:DEMO_NIND(1.0),30/04/26 23:00:00,A,GNUPRT,FI,1969,8.8,,
ESTAT:DEMO_NIND(1.0),30/04/26 23:00:00,A,GNUPRT,FI,1970,8.8,,
ESTAT:DEMO_NIND(1.0),30/04/26 23:00:00,A,GNUPRT,FI,1971,8.2,,
ESTAT:DEMO_NIND(1.0),30/04/26 23:00:00,A,GNUPRT,FI,1972,7.6,,
ESTAT:DEMO_NIND(1.0),30/04/26 23:00:00,A,GNUPRT,FI,1973,7.5,,
ESTAT:DEMO_NIND(1.0),30/04/26 23:00:00,A,GNUPRT,FI,1974,7.4,,
ESTAT:DEMO_NIND(1.0),30/04/26 23:00:00,A,GNUPRT,FI,1975,6.7,,
ESTAT:DEMO_NIND(1.0),30/04/26 23:00:00,A,GNUPRT,FI,1976,6.8,,
ESTAT:DEMO_NIND(1.0),30/04/26 23:00:00,A,GNUPRT,FI,1977,6.5,,
ESTAT:DEMO_NIND(1.0),30/04/26 23:00:00,A,GNUPRT,FI,1978,6.3,,
ESTAT:DEMO_NIND(1.0),30/04/26 23:00:00,A,GNUPRT,FI,1979,6.1,,
ESTAT:DEMO_NIND(1.0),30/04/26 23:00:00,A,GNUPRT,FI,1980,6.1,,
ESTAT:DEMO_NIND(1.0),30/04/26 23:00:00,A,GNUPRT,FI,1981,6.3,,
ESTAT:DEMO_NIND(1.0),30/04/26 23:00:00,A,GNUPRT,FI,1982,6.3,,
ESTAT:DEMO_NIND(1.0),30/04/26 23:00:00,A,GNUPRT,FI,1983,6.1,,
ESTAT:DEMO_NIND(1.0),30/04/26 23:00:00,A,GNUPRT,FI,1984,5.8,,
ESTAT:DEMO_NIND(1.0),30/04/26 23:00:00,A,GNUPRT,FI,1985,5.3,,
ESTAT:DEMO_NIND(1.0),30/04/26 23:00:00,A,GNUPRT,FI,1986,5.2,,
ESTAT:DEMO_NIND(1.0),30/04/26 23:00:00,A,GNUPRT,FI,1987,5.3,,
ESTAT:DEMO_NIND(1.0),30/04/26 23:00:00,A,GNUPRT,FI,1988,5.2,,
ESTAT:DEMO_NIND(1.0),30/04/26 23:00:00,A,GNUPRT,FI,1989,4.9,,
ESTAT:DEMO_NIND(1.0),30/04/26 23:00:00,A,GNUPRT,FI,1990,5.0,,
ESTAT:DEMO_NIND(1.0),30/04/26 23:00:00,A,GNUPRT,FI,1991,4.9,,
ESTAT:DEMO_NIND(1.0),30/04/26 23:00:00,A,GNUPRT,FI,1992,4.7,,
ESTAT:DEMO_NIND(1.0),30/04/26 23:00:00,A,GNUPRT,FI,1993,4.9,,
ESTAT:DEMO_NIND(1.0),30/04/26 23:00:00,A,GNUPRT,FI,1994,4.9,,
ESTAT:DEMO_NIND(1.0),30/04/26 23:00:00,A,GNUPRT,FI,1995,4.6,,
ESTAT:DEMO_NIND(1.0),30/04/26 23:00:00,A,GNUPRT,FI,1997,4.6,,
ESTAT:DEMO_NIND(1.0),30/04/26 23:00:00,A,GNUPRT,FI,1998,4.7,,
ESTAT:DEMO_NIND(1.0),30/04/26 23:00:00,A,GNUPRT,FI,1999,4.7,,
ESTAT:DEMO_NIND(1.0),30/04/26 23:00:00,A,GNUPRT,FI,2000,5.1,,
ESTAT:DEMO_NIND(1.0),30/04/26 23:00:00,A,GNUPRT,FI,2001,4.8,,
ESTAT:DEMO_NIND(1.0),30/04/26 23:00:00,A,GNUPRT,FI,2002,5.2,,
ESTAT:DEMO_NIND(1.0),30/04/26 23:00:00,A,GNUPRT,FI,2003,5.0,,
ESTAT:DEMO_NIND(1.0),30/04/26 23:00:00,A,GNUPRT,FI,2004,5.6,,
ESTAT:DEMO_NIND(1.0),30/04/26 23:00:00,A,GNUPRT,FI,2005,5.6,,
ESTAT:DEMO_NIND(1.0),30/04/26 23:00:00,A,GNUPRT,FI,2006,5.4,,
ESTAT:DEMO_NIND(1.0),30/04/26 23:00:00,A,GNUPRT,FI,2007,5.6,,
ESTAT:DEMO_NIND(1.0),30/04/26 23:00:00,A,GNUPRT,FI,2008,5.8,,
ESTAT:DEMO_NIND(1.0),30/04/26 23:00:00,A,GNUPRT,FI,2009,5.6,,
ESTAT:DEMO_NIND(1.0),30/04/26 23:00:00,A,GNUPRT,FI,2010,5.6,,
ESTAT:DEMO_NIND(1.0),30/04/26 23:00:00,A,GNUPRT,FI,2011,5.3,,
ESTAT:DEMO_NIND(1.0),30/04/26 23:00:00,A,GNUPRT,FI,2012,5.3,,
ESTAT:DEMO_NIND(1.0),30/04/26 23:00:00,A,GNUPRT,FI,2013,4.6,,
ESTAT:DEMO_NIND(1.0),30/04/26 23:00:00,A,GNUPRT,FI,2014,4.5,,
ESTAT:DEMO_NIND(1.0),30/04/26 23:00:00,A,GNUPRT,FI,2015,4.5,,
ESTAT:DEMO_NIND(1.0),30/04/26 23:00:00,A,GNUPRT,FI,2016,4.5,,
ESTAT:DEMO_NIND(1.0),30/04/26 23:00:00,A,GNUPRT,FI,2017,4.8,,
ESTAT:DEMO_NIND(1.0),30/04/26 23:00:00,A,GNUPRT,FI,2018,4.3,,
ESTAT:DEMO_NIND(1.0),30/04/26 23:00:00,A,GNUPRT,FI,2019,4.0,,
ESTAT:DEMO_NIND(1.0),30/04/26 23:00:00,A,GNUPRT,FI,2020,4.0,,
ESTAT:DEMO_NIND(1.0),30/04/26 23:00:00,A,GNUPRT,FI,2021,3.5,,
ESTAT:DEMO_NIND(1.0),30/04/26 23:00:00,A,GNUPRT,FI,2022,3.9,,
ESTAT:DEMO_NIND(1.0),30/04/26 23:00:00,A,GNUPRT,FI,2023,3.7,,
ESTAT:DEMO_NIND(1.0),30/04/26 23:00:00,A,GNUPRT,FI,2024,3.8,,
ESTAT:DEMO_NIND(1.0),30/04/26 23:00:00,A,GNUPRT,FR,1994,4.4,,
ESTAT:DEMO_NIND(1.0),30/04/26 23:00:00,A,GNUPRT,FR,1995,4.4,,
ESTAT:DEMO_NIND(1.0),30/04/26 23:00:00,A,GNUPRT,FR,1996,4.8,,
ESTAT:DEMO_NIND(1.0),30/04/26 23:00:00,A,GNUPRT,FR,1997,4.9,,
ESTAT:DEMO_NIND(1.0),30/04/26 23:00:00,A,GNUPRT,FR,1998,4.6,,
ESTAT:DEMO_NIND(1.0),30/04/26 23:00:00,A,GNUPRT,FR,1999,4.9,,
ESTAT:DEMO_NIND(1.0),30/04/26 23:00:00,A,GNUPRT,FR,2000,5.0,,
ESTAT:DEMO_NIND(1.0),30/04/26 23:00:00,A,GNUPRT,FR,2001,4.8,,
ESTAT:DEMO_NIND(1.0),30/04/26 23:00:00,A,GNUPRT,FR,2002,4.6,,
ESTAT:DEMO_NIND(1.0),30/04/26 23:00:00,A,GNUPRT,FR,2003,4.6,,
ESTAT:DEMO_NIND(1.0),30/04/26 23:00:00,A,GNUPRT,FR,2004,4.5,,
ESTAT:DEMO_NIND(1.0),30/04/26 23:00:00,A,GNUPRT,FR,2005,4.5,,
ESTAT:DEMO_NIND(1.0),30/04/26 23:00:00,A,GNUPRT,FR,2006,4.3,,
ESTAT:DEMO_NIND(1.0),30/04/26 23:00:00,A,GNUPRT,FR,2007,4.3,,
ESTAT:DEMO_NIND(1.0),30/04/26 23:00:00,A,GNUPRT,FR,2008,4.1,,
ESTAT:DEMO_NIND(1.0),30/04/26 23:00:00,A,GNUPRT,FR,2009,3.9,,
ESTAT:DEMO_NIND(1.0),30/04/26 23:00:00,A,GNUPRT,FR,2010,3.9,,
ESTAT:DEMO_NIND(1.0),30/04/26 23:00:00,A,GNUPRT,FR,2011,3.6,,
ESTAT:DEMO_NIND(1.0),30/04/26 23:00:00,A,GNUPRT,FR,2012,3.7,,
ESTAT:DEMO_NIND(1.0),30/04/26 23:00:00,A,GNUPRT,FR,2013,3.6,,
ESTAT:DEMO_NIND(1.0),30/04/26 23:00:00,A,GNUPRT,FR,2014,3.6,,
ESTAT:DEMO_NIND(1.0),30/04/26 23:00:00,A,GNUPRT,FR,2015,3.6,,
ESTAT:DEMO_NIND(1.0),30/04/26 23:00:00,A,GNUPRT,FR,2016,3.5,,
ESTAT:DEMO_NIND(1.0),30/04/26 23:00:00,A,GNUPRT,FR,2017,3.5,,
ESTAT:DEMO_NIND(1.0),30/04/26 23:00:00,A,GNUPRT,FR,2018,3.5,,
ESTAT:DEMO_NIND(1.0),30/04/26 23:00:00,A,GNUPRT,FR,2019,3.3,,
ESTAT:DEMO_NIND(1.0),30/04/26 23:00:00,A,GNUPRT,FR,2020,2.3,,
ESTAT:DEMO_NIND(1.0),30/04/26 23:00:00,A,GNUPRT,FR,2021,3.2,p,
ESTAT:DEMO_NIND(1.0),30/04/26 23:00:00,A,GNUPRT,FR,2022,3.6,p,
ESTAT:DEMO_NIND(1.0),30/04/26 23:00:00,A,GNUPRT,FR,2023,3.5,p,
ESTAT:DEMO_NIND(1.0),30/04/26 23:00:00,A,GNUPRT,FX,1960,7.0,,
ESTAT:DEMO_NIND(1.0),30/04/26 23:00:00,A,GNUPRT,FX,1961,6.8,,
ESTAT:DEMO_NIND(1.0),30/04/26 23:00:00,A,GNUPRT,FX,1962,6.7,,
ESTAT:DEMO_NIND(1.0),30/04/26 23:00:00,A,GNUPRT,FX,1963,7.1,,
ESTAT:DEMO_NIND(1.0),30/04/26 23:00:00,A,GNUPRT,FX,1964,7.2,,
ESTAT:DEMO_NIND(1.0),30/04/26 23:00:00,A,GNUPRT,FX,1965,7.1,,
ESTAT:DEMO_NIND(1.0),30/04/26 23:00:00,A,GNUPRT,FX,1966,6.9,,
ESTAT:DEMO_NIND(1.0),30/04/26 23:00:00,A,GNUPRT,FX,1967,7.0,,
ESTAT:DEMO_NIND(1.0),30/04/26 23:00:00,A,GNUPRT,FX,1968,7.1,,
ESTAT:DEMO_NIND(1.0),30/04/26 23:00:00,A,GNUPRT,FX,1969,7.6,,
ESTAT:DEMO_NIND(1.0),30/04/26 23:00:00,A,GNUPRT,FX,1970,7.8,,
ESTAT:DEMO_NIND(1.0),30/04/26 23:00:00,A,GNUPRT,FX,1971,7.9,,
ESTAT:DEMO_NIND(1.0),30/04/26 23:00:00,A,GNUPRT,FX,1972,8.1,,
ESTAT:DEMO_NIND(1.0),30/04/26 23:00:00,A,GNUPRT,FX,1973,7.7,,
ESTAT:DEMO_NIND(1.0),30/04/26 23:00:00,A,GNUPRT,FX,1974,7.5,,
ESTAT:DEMO_NIND(1.0),30/04/26 23:00:00,A,GNUPRT,FX,1975,7.4,,
ESTAT:DEMO_NIND(1.0),30/04/26 23:00:00,A,GNUPRT,FX,1976,7.1,,
ESTAT:DEMO_NIND(1.0),30/04/26 23:00:00,A,GNUPRT,FX,1977,6.9,,
ESTAT:DEMO_NIND(1.0),30/04/26 23:00:00,A,GNUPRT,FX,1978,6.6,,
ESTAT:DEMO_NIND(1.0),30/04/26 23:00:00,A,GNUPRT,FX,1979,6.4,,
ESTAT:DEMO_NIND(1.0),30/04/26 23:00:00,A,GNUPRT,FX,1980,6.2,,
ESTAT:DEMO_NIND(1.0),30/04/26 23:00:00,A,GNUPRT,FX,1981,5.8,,
ESTAT:DEMO_NIND(1.0),30/04/26 23:00:00,A,GNUPRT,FX,1982,5.7,,
ESTAT:DEMO_NIND(1.0),30/04/26 23:00:00,A,GNUPRT,FX,1983,5.5,,
ESTAT:DEMO_NIND(1.0),30/04/26 23:00:00,A,GNUPRT,FX,1984,5.1,,
ESTAT:DEMO_NIND(1.0),30/04/26 23:00:00,A,GNUPRT,FX,1985,4.9,,
ESTAT:DEMO_NIND(1.0),30/04/26 23:00:00,A,GNUPRT,FX,1986,4.8,,
ESTAT:DEMO_NIND(1.0),30/04/26 23:00:00,A,GNUPRT,FX,1987,4.8,,
ESTAT:DEMO_NIND(1.0),30/04/26 23:00:00,A,GNUPRT,FX,1988,4.8,,
ESTAT:DEMO_NIND(1.0),30/04/26 23:00:00,A,GNUPRT,FX,1989,5.0,,
ESTAT:DEMO_NIND(1.0),30/04/26 23:00:00,A,GNUPRT,FX,1990,5.1,,
ESTAT:DEMO_NIND(1.0),30/04/26 23:00:00,A,GNUPRT,FX,1991,4.9,,
ESTAT:DEMO_NIND(1.0),30/04/26 23:00:00,A,GNUPRT,FX,1992,4.7,,
ESTAT:DEMO_NIND(1.0),30/04/26 23:00:00,A,GNUPRT,FX,1993,4.4,,
ESTAT:DEMO_NIND(1.0),30/04/26 23:00:00,A,GNUPRT,FX,1994,4.4,,
ESTAT:DEMO_NIND(1.0),30/04/26 23:00:00,A,GNUPRT,FX,1995,4.4,,
ESTAT:DEMO_NIND(1.0),30/04/26 23:00:00,A,GNUPRT,FX,1996,4.8,,
ESTAT:DEMO_NIND(1.0),30/04/26 23:00:00,A,GNUPRT,FX,1997,4.9,,
ESTAT:DEMO_NIND(1.0),30/04/26 23:00:00,A,GNUPRT,FX,1998,4.6,,
ESTAT:DEMO_NIND(1.0),30/04/26 23:00:00,A,GNUPRT,FX,1999,4.9,,
ESTAT:DEMO_NIND(1.0),30/04/26 23:00:00,A,GNUPRT,FX,2000,5.0,,
ESTAT:DEMO_NIND(1.0),30/04/26 23:00:00,A,GNUPRT,FX,2001,4.8,,
ESTAT:DEMO_NIND(1.0),30/04/26 23:00:00,A,GNUPRT,FX,2002,4.7,,
ESTAT:DEMO_NIND(1.0),30/04/26 23:00:00,A,GNUPRT,FX,2003,4.6,,
ESTAT:DEMO_NIND(1.0),30/04/26 23:00:00,A,GNUPRT,FX,2004,4.5,,
ESTAT:DEMO_NIND(1.0),30/04/26 23:00:00,A,GNUPRT,FX,2005,4.5,,
ESTAT:DEMO_NIND(1.0),30/04/26 23:00:00,A,GNUPRT,FX,2006,4.3,,
ESTAT:DEMO_NIND(1.0),30/04/26 23:00:00,A,GNUPRT,FX,2007,4.3,,
ESTAT:DEMO_NIND(1.0),30/04/26 23:00:00,A,GNUPRT,FX,2008,4.2,,
ESTAT:DEMO_NIND(1.0),30/04/26 23:00:00,A,GNUPRT,FX,2009,3.9,,
ESTAT:DEMO_NIND(1.0),30/04/26 23:00:00,A,GNUPRT,FX,2010,3.9,,
ESTAT:DEMO_NIND(1.0),30/04/26 23:00:00,A,GNUPRT,FX,2011,3.7,,
ESTAT:DEMO_NIND(1.0),30/04/26 23:00:00,A,GNUPRT,FX,2012,3.7,,
ESTAT:DEMO_NIND(1.0),30/04/26 23:00:00,A,GNUPRT,GE,2004,3.4,,
ESTAT:DEMO_NIND(1.0),30/04/26 23:00:00,A,GNUPRT,GE,2005,4.1,,
ESTAT:DEMO_NIND(1.0),30/04/26 23:00:00,A,GNUPRT,GE,2006,5.0,,
ESTAT:DEMO_NIND(1.0),30/04/26 23:00:00,A,GNUPRT,GE,2007,5.7,,
ESTAT:DEMO_NIND(1.0),30/04/26 23:00:00,A,GNUPRT,GE,2008,7.2,,
ESTAT:DEMO_NIND(1.0),30/04/26 23:00:00,A,GNUPRT,GE,2009,7.2,,
ESTAT:DEMO_NIND(1.0),30/04/26 23:00:00,A,GNUPRT,GE,2010,7.8,,
ESTAT:DEMO_NIND(1.0),30/04/26 23:00:00,A,GNUPRT,GE,2011,6.9,,
ESTAT:DEMO_NIND(1.0),30/04/26 23:00:00,A,GNUPRT,GE,2014,7.7,,
ESTAT:DEMO_NIND(1.0),30/04/26 23:00:00,A,GNUPRT,GE,2015,7.8,,
ESTAT:DEMO_NIND(1.0),30/04/26 23:00:00,A,GNUPRT,GE,2016,6.7,,
ESTAT:DEMO_NIND(1.0),30/04/26 23:00:00,A,GNUPRT,GE,2017,6.4,,
ESTAT:DEMO_NIND(1.0),30/04/26 23:00:00,A,GNUPRT,GE,2018,6.2,,
ESTAT:DEMO_NIND(1.0),30/04/26 23:00:00,A,GNUPRT,GE,2019,6.3,,
ESTAT:DEMO_NIND(1.0),30/04/26 23:00:00,A,GNUPRT,GE,2022,7.0,,
ESTAT:DEMO_NIND(1.0),30/04/26 23:00:00,A,GNUPRT,GE,2023,6.0,,
ESTAT:DEMO_NIND(1.0),30/04/26 23:00:00,A,GNUPRT,GE,2024,5.9,,
ESTAT:DEMO_NIND(1.0),30/04/26 23:00:00,A,GNUPRT,HR,1960,8.9,,
ESTAT:DEMO_NIND(1.0),30/04/26 23:00:00,A,GNUPRT,HR,1961,8.8,,
ESTAT:DEMO_NIND(1.0),30/04/26 23:00:00,A,GNUPRT,HR,1962,8.6,,
ESTAT:DEMO_NIND(1.0),30/04/26 23:00:00,A,GNUPRT,HR,1963,8.0,,
ESTAT:DEMO_NIND(1.0),30/04/26 23:00:00,A,GNUPRT,HR,1964,8.5,,
ESTAT:DEMO_NIND(1.0),30/04/26 23:00:00,A,GNUPRT,HR,1965,9.0,,
ESTAT:DEMO_NIND(1.0),30/04/26 23:00:00,A,GNUPRT,HR,1966,8.6,,
ESTAT:DEMO_NIND(1.0),30/04/26 23:00:00,A,GNUPRT,HR,1967,8.3,,
ESTAT:DEMO_NIND(1.0),30/04/26 23:00:00,A,GNUPRT,HR,1968,8.1,,
ESTAT:DEMO_NIND(1.0),30/04/26 23:00:00,A,GNUPRT,HR,1969,8.1,,
ESTAT:DEMO_NIND(1.0),30/04/26 23:00:00,A,GNUPRT,HR,1970,8.5,,
ESTAT:DEMO_NIND(1.0),30/04/26 23:00:00,A,GNUPRT,HR,1971,8.5,,
ESTAT:DEMO_NIND(1.0),30/04/26 23:00:00,A,GNUPRT,HR,1972,8.5,,
ESTAT:DEMO_NIND(1.0),30/04/26 23:00:00,A,GNUPRT,HR,1973,8.3,,
ESTAT:DEMO_NIND(1.0),30/04/26 23:00:00,A,GNUPRT,HR,1974,8.0,,
ESTAT:DEMO_NIND(1.0),30/04/26 23:00:00,A,GNUPRT,HR,1975,8.0,,
ESTAT:DEMO_NIND(1.0),30/04/26 23:00:00,A,GNUPRT,HR,1976,7.7,,
ESTAT:DEMO_NIND(1.0),30/04/26 23:00:00,A,GNUPRT,HR,1977,7.8,,
ESTAT:DEMO_NIND(1.0),30/04/26 23:00:00,A,GNUPRT,HR,1978,7.8,,
ESTAT:DEMO_NIND(1.0),30/04/26 23:00:00,A,GNUPRT,HR,1979,7.4,,
ESTAT:DEMO_NIND(1.0),30/04/26 23:00:00,A,GNUPRT,HR,1980,7.2,,
ESTAT:DEMO_NIND(1.0),30/04/26 23:00:00,A,GNUPRT,HR,1981,7.3,,
ESTAT:DEMO_NIND(1.0),30/04/26 23:00:00,A,GNUPRT,HR,1982,7.2,,
ESTAT:DEMO_NIND(1.0),30/04/26 23:00:00,A,GNUPRT,HR,1983,7.1,,
ESTAT:DEMO_NIND(1.0),30/04/26 23:00:00,A,GNUPRT,HR,1984,6.9,,
ESTAT:DEMO_NIND(1.0),30/04/26 23:00:00,A,GNUPRT,HR,1985,6.6,,
ESTAT:DEMO_NIND(1.0),30/04/26 23:00:00,A,GNUPRT,HR,1986,6.5,,
ESTAT:DEMO_NIND(1.0),30/04/26 23:00:00,A,GNUPRT,HR,1987,6.6,,
ESTAT:DEMO_NIND(1.0),30/04/26 23:00:00,A,GNUPRT,HR,1988,6.2,,
ESTAT:DEMO_NIND(1.0),30/04/26 23:00:00,A,GNUPRT,HR,1989,6.1,,
ESTAT:DEMO_NIND(1.0),30/04/26 23:00:00,A,GNUPRT,HR,1990,5.8,,
ESTAT:DEMO_NIND(1.0),30/04/26 23:00:00,A,GNUPRT,HR,1991,4.6,,
ESTAT:DEMO_NIND(1.0),30/04/26 23:00:00,A,GNUPRT,HR,1992,4.8,,
ESTAT:DEMO_NIND(1.0),30/04/26 23:00:00,A,GNUPRT,HR,1993,5.0,,
ESTAT:DEMO_NIND(1.0),30/04/26 23:00:00,A,GNUPRT,HR,1994,5.2,,
ESTAT:DEMO_NIND(1.0),30/04/26 23:00:00,A,GNUPRT,HR,1995,5.3,,
ESTAT:DEMO_NIND(1.0),30/04/26 23:00:00,A,GNUPRT,HR,1996,5.4,,
ESTAT:DEMO_NIND(1.0),30/04/26 23:00:00,A,GNUPRT,HR,1997,5.4,,
ESTAT:DEMO_NIND(1.0),30/04/26 23:00:00,A,GNUPRT,HR,1998,5.3,,
ESTAT:DEMO_NIND(1.0),30/04/26 23:00:00,A,GNUPRT,HR,1999,5.3,,
ESTAT:DEMO_NIND(1.0),30/04/26 23:00:00,A,GNUPRT,HR,2000,4.9,,
ESTAT:DEMO_NIND(1.0),30/04/26 23:00:00,A,GNUPRT,HR,2001,5.1,,
ESTAT:DEMO_NIND(1.0),30/04/26 23:00:00,A,GNUPRT,HR,2002,5.3,,
ESTAT:DEMO_NIND(1.0),30/04/26 23:00:00,A,GNUPRT,HR,2003,5.2,,
ESTAT:DEMO_NIND(1.0),30/04/26 23:00:00,A,GNUPRT,HR,2004,5.3,,
ESTAT:DEMO_NIND(1.0),30/04/26 23:00:00,A,GNUPRT,HR,2005,5.1,,
ESTAT:DEMO_NIND(1.0),30/04/26 23:00:00,A,GNUPRT,HR,2006,5.1,,
ESTAT:DEMO_NIND(1.0),30/04/26 23:00:00,A,GNUPRT,HR,2007,5.4,,
ESTAT:DEMO_NIND(1.0),30/04/26 23:00:00,A,GNUPRT,HR,2008,5.4,,
ESTAT:DEMO_NIND(1.0),30/04/26 23:00:00,A,GNUPRT,HR,2009,5.2,,
ESTAT:DEMO_NIND(1.0),30/04/26 23:00:00,A,GNUPRT,HR,2010,5.0,,
ESTAT:DEMO_NIND(1.0),30/04/26 23:00:00,A,GNUPRT,HR,2011,4.7,,
ESTAT:DEMO_NIND(1.0),30/04/26 23:00:00,A,GNUPRT,HR,2012,4.8,,
ESTAT:DEMO_NIND(1.0),30/04/26 23:00:00,A,GNUPRT,HR,2013,4.5,,
ESTAT:DEMO_NIND(1.0),30/04/26 23:00:00,A,GNUPRT,HR,2014,4.6,,
ESTAT:DEMO_NIND(1.0),30/04/26 23:00:00,A,GNUPRT,HR,2015,4.7,,
ESTAT:DEMO_NIND(1.0),30/04/26 23:00:00,A,GNUPRT,HR,2016,4.9,,
ESTAT:DEMO_NIND(1.0),30/04/26 23:00:00,A,GNUPRT,HR,2017,4.9,,
ESTAT:DEMO_NIND(1.0),30/04/26 23:00:00,A,GNUPRT,HR,2018,4.9,,
ESTAT:DEMO_NIND(1.0),30/04/26 23:00:00,A,GNUPRT,HR,2019,4.9,,
ESTAT:DEMO_NIND(1.0),30/04/26 23:00:00,A,GNUPRT,HR,2020,3.8,,
ESTAT:DEMO_NIND(1.0),30/04/26 23:00:00,A,GNUPRT,HR,2021,4.6,,
ESTAT:DEMO_NIND(1.0),30/04/26 23:00:00,A,GNUPRT,HR,2022,4.7,,
ESTAT:DEMO_NIND(1.0),30/04/26 23:00:00,A,GNUPRT,HR,2023,4.5,,
ESTAT:DEMO_NIND(1.0),30/04/26 23:00:00,A,GNUPRT,HR,2024,4.4,,
ESTAT:DEMO_NIND(1.0),30/04/26 23:00:00,A,GNUPRT,HU,1960,8.9,,
ESTAT:DEMO_NIND(1.0),30/04/26 23:00:00,A,GNUPRT,HU,1961,8.3,,
ESTAT:DEMO_NIND(1.0),30/04/26 23:00:00,A,GNUPRT,HU,1962,8.1,,
ESTAT:DEMO_NIND(1.0),30/04/26 23:00:00,A,GNUPRT,HU,1963,8.4,,
ESTAT:DEMO_NIND(1.0),30/04/26 23:00:00,A,GNUPRT,HU,1964,8.7,,
ESTAT:DEMO_NIND(1.0),30/04/26 23:00:00,A,GNUPRT,HU,1965,8.8,,
ESTAT:DEMO_NIND(1.0),30/04/26 23:00:00,A,GNUPRT,HU,1966,9.2,,
ESTAT:DEMO_NIND(1.0),30/04/26 23:00:00,A,GNUPRT,HU,1967,9.4,,
ESTAT:DEMO_NIND(1.0),30/04/26 23:00:00,A,GNUPRT,HU,1968,9.3,,
ESTAT:DEMO_NIND(1.0),30/04/26 23:00:00,A,GNUPRT,HU,1969,9.3,,
ESTAT:DEMO_NIND(1.0),30/04/26 23:00:00,A,GNUPRT,HU,1970,9.3,,
ESTAT:DEMO_NIND(1.0),30/04/26 23:00:00,A,GNUPRT,HU,1971,9.1,,
ESTAT:DEMO_NIND(1.0),30/04/26 23:00:00,A,GNUPRT,HU,1972,9.4,,
ESTAT:DEMO_NIND(1.0),30/04/26 23:00:00,A,GNUPRT,HU,1973,9.7,,
ESTAT:DEMO_NIND(1.0),30/04/26 23:00:00,A,GNUPRT,HU,1974,9.5,,
ESTAT:DEMO_NIND(1.0),30/04/26 23:00:00,A,GNUPRT,HU,1975,9.8,,
ESTAT:DEMO_NIND(1.0),30/04/26 23:00:00,A,GNUPRT,HU,1976,9.5,,
ESTAT:DEMO_NIND(1.0),30/04/26 23:00:00,A,GNUPRT,HU,1977,9.1,,
ESTAT:DEMO_NIND(1.0),30/04/26 23:00:00,A,GNUPRT,HU,1978,8.7,,
ESTAT:DEMO_NIND(1.0),30/04/26 23:00:00,A,GNUPRT,HU,1979,8.1,,
ESTAT:DEMO_NIND(1.0),30/04/26 23:00:00,A,GNUPRT,HU,1980,7.5,,
ESTAT:DEMO_NIND(1.0),30/04/26 23:00:00,A,GNUPRT,HU,1981,7.2,,
ESTAT:DEMO_NIND(1.0),30/04/26 23:00:00,A,GNUPRT,HU,1982,7.1,,
ESTAT:DEMO_NIND(1.0),30/04/26 23:00:00,A,GNUPRT,HU,1983,7.1,,
ESTAT:DEMO_NIND(1.0),30/04/26 23:00:00,A,GNUPRT,HU,1984,7.0,,
ESTAT:DEMO_NIND(1.0),30/04/26 23:00:00,A,GNUPRT,HU,1985,6.9,,
ESTAT:DEMO_NIND(1.0),30/04/26 23:00:00,A,GNUPRT,HU,1986,6.8,,
ESTAT:DEMO_NIND(1.0),30/04/26 23:00:00,A,GNUPRT,HU,1987,6.2,,
ESTAT:DEMO_NIND(1.0),30/04/26 23:00:00,A,GNUPRT,HU,1988,6.2,,
ESTAT:DEMO_NIND(1.0),30/04/26 23:00:00,A,GNUPRT,HU,1989,6.4,,
ESTAT:DEMO_NIND(1.0),30/04/26 23:00:00,A,GNUPRT,HU,1990,6.4,,
ESTAT:DEMO_NIND(1.0),30/04/26 23:00:00,A,GNUPRT,HU,1991,5.9,,
ESTAT:DEMO_NIND(1.0),30/04/26 23:00:00,A,GNUPRT,HU,1992,5.5,,
ESTAT:DEMO_NIND(1.0),30/04/26 23:00:00,A,GNUPRT,HU,1993,5.2,,
ESTAT:DEMO_NIND(1.0),30/04/26 23:00:00,A,GNUPRT,HU,1994,5.2,,
ESTAT:DEMO_NIND(1.0),30/04/26 23:00:00,A,GNUPRT,HU,1995,5.2,,
ESTAT:DEMO_NIND(1.0),30/04/26 23:00:00,A,GNUPRT,HU,1996,4.7,,
ESTAT:DEMO_NIND(1.0),30/04/26 23:00:00,A,GNUPRT,HU,1997,4.6,,
ESTAT:DEMO_NIND(1.0),30/04/26 23:00:00,A,GNUPRT,HU,1998,4.4,,
ESTAT:DEMO_NIND(1.0),30/04/26 23:00:00,A,GNUPRT,HU,1999,4.4,,
ESTAT:DEMO_NIND(1.0),30/04/26 23:00:00,A,GNUPRT,HU,2000,4.7,,
ESTAT:DEMO_NIND(1.0),30/04/26 23:00:00,A,GNUPRT,HU,2001,4.3,,
ESTAT:DEMO_NIND(1.0),30/04/26 23:00:00,A,GNUPRT,HU,2002,4.5,,
ESTAT:DEMO_NIND(1.0),30/04/26 23:00:00,A,GNUPRT,HU,2003,4.5,,
ESTAT:DEMO_NIND(1.0),30/04/26 23:00:00,A,GNUPRT,HU,2004,4.3,,
ESTAT:DEMO_NIND(1.0),30/04/26 23:00:00,A,GNUPRT,HU,2005,4.4,,
ESTAT:DEMO_NIND(1.0),30/04/26 23:00:00,A,GNUPRT,HU,2006,4.4,,
ESTAT:DEMO_NIND(1.0),30/04/26 23:00:00,A,GNUPRT,HU,2007,4.1,,
ESTAT:DEMO_NIND(1.0),30/04/26 23:00:00,A,GNUPRT,HU,2008,4.0,,
ESTAT:DEMO_NIND(1.0),30/04/26 23:00:00,A,GNUPRT,HU,2009,3.7,,
ESTAT:DEMO_NIND(1.0),30/04/26 23:00:00,A,GNUPRT,HU,2010,3.6,,
ESTAT:DEMO_NIND(1.0),30/04/26 23:00:00,A,GNUPRT,HU,2011,3.6,,
ESTAT:DEMO_NIND(1.0),30/04/26 23:00:00,A,GNUPRT,HU,2012,3.6,b,
ESTAT:DEMO_NIND(1.0),30/04/26 23:00:00,A,GNUPRT,HU,2013,3.7,,
ESTAT:DEMO_NIND(1.0),30/04/26 23:00:00,A,GNUPRT,HU,2014,3.9,,
ESTAT:DEMO_NIND(1.0),30/04/26 23:00:00,A,GNUPRT,HU,2015,4.7,,
ESTAT:DEMO_NIND(1.0),30/04/26 23:00:00,A,GNUPRT,HU,2016,5.3,,
ESTAT:DEMO_NIND(1.0),30/04/26 23:00:00,A,GNUPRT,HU,2017,5.2,,
ESTAT:DEMO_NIND(1.0),30/04/26 23:00:00,A,GNUPRT,HU,2018,5.2,,
ESTAT:DEMO_NIND(1.0),30/04/26 23:00:00,A,GNUPRT,HU,2019,6.7,,
ESTAT:DEMO_NIND(1.0),30/04/26 23:00:00,A,GNUPRT,HU,2020,6.9,,
ESTAT:DEMO_NIND(1.0),30/04/26 23:00:00,A,GNUPRT,HU,2021,7.4,,
ESTAT:DEMO_NIND(1.0),30/04/26 23:00:00,A,GNUPRT,HU,2022,6.6,,
ESTAT:DEMO_NIND(1.0),30/04/26 23:00:00,A,GNUPRT,HU,2023,5.2,,
ESTAT:DEMO_NIND(1.0),30/04/26 23:00:00,A,GNUPRT,HU,2024,4.9,,
ESTAT:DEMO_NIND(1.0),30/04/26 23:00:00,A,GNUPRT,IE,1960,5.5,,
ESTAT:DEMO_NIND(1.0),30/04/26 23:00:00,A,GNUPRT,IE,1961,5.4,,
ESTAT:DEMO_NIND(1.0),30/04/26 23:00:00,A,GNUPRT,IE,1962,5.5,,
ESTAT:DEMO_NIND(1.0),30/04/26 23:00:00,A,GNUPRT,IE,1963,5.5,,
ESTAT:DEMO_NIND(1.0),30/04/26 23:00:00,A,GNUPRT,IE,1964,5.6,,
ESTAT:DEMO_NIND(1.0),30/04/26 23:00:00,A,GNUPRT,IE,1965,5.9,,
ESTAT:DEMO_NIND(1.0),30/04/26 23:00:00,A,GNUPRT,IE,1966,5.8,,
ESTAT:DEMO_NIND(1.0),30/04/26 23:00:00,A,GNUPRT,IE,1967,6.1,,
ESTAT:DEMO_NIND(1.0),30/04/26 23:00:00,A,GNUPRT,IE,1968,6.5,,
ESTAT:DEMO_NIND(1.0),30/04/26 23:00:00,A,GNUPRT,IE,1969,6.9,,
ESTAT:DEMO_NIND(1.0),30/04/26 23:00:00,A,GNUPRT,IE,1970,7.0,,
ESTAT:DEMO_NIND(1.0),30/04/26 23:00:00,A,GNUPRT,IE,1971,7.4,,
ESTAT:DEMO_NIND(1.0),30/04/26 23:00:00,A,GNUPRT,IE,1972,7.3,,
ESTAT:DEMO_NIND(1.0),30/04/26 23:00:00,A,GNUPRT,IE,1973,7.4,,
ESTAT:DEMO_NIND(1.0),30/04/26 23:00:00,A,GNUPRT,IE,1974,7.3,,
ESTAT:DEMO_NIND(1.0),30/04/26 23:00:00,A,GNUPRT,IE,1975,6.7,,
ESTAT:DEMO_NIND(1.0),30/04/26 23:00:00,A,GNUPRT,IE,1976,6.4,,
ESTAT:DEMO_NIND(1.0),30/04/26 23:00:00,A,GNUPRT,IE,1977,6.1,,
ESTAT:DEMO_NIND(1.0),30/04/26 23:00:00,A,GNUPRT,IE,1978,6.4,,
ESTAT:DEMO_NIND(1.0),30/04/26 23:00:00,A,GNUPRT,IE,1979,6.2,,
ESTAT:DEMO_NIND(1.0),30/04/26 23:00:00,A,GNUPRT,IE,1980,6.4,,
ESTAT:DEMO_NIND(1.0),30/04/26 23:00:00,A,GNUPRT,IE,1981,6.0,,
ESTAT:DEMO_NIND(1.0),30/04/26 23:00:00,A,GNUPRT,IE,1982,5.8,,
ESTAT:DEMO_NIND(1.0),30/04/26 23:00:00,A,GNUPRT,IE,1983,5.5,,
ESTAT:DEMO_NIND(1.0),30/04/26 23:00:00,A,GNUPRT,IE,1984,5.2,,
ESTAT:DEMO_NIND(1.0),30/04/26 23:00:00,A,GNUPRT,IE,1985,5.3,,
ESTAT:DEMO_NIND(1.0),30/04/26 23:00:00,A,GNUPRT,IE,1986,5.2,,
ESTAT:DEMO_NIND(1.0),30/04/26 23:00:00,A,GNUPRT,IE,1987,5.2,,
ESTAT:DEMO_NIND(1.0),30/04/26 23:00:00,A,GNUPRT,IE,1988,5.2,,
ESTAT:DEMO_NIND(1.0),30/04/26 23:00:00,A,GNUPRT,IE,1989,5.2,,
ESTAT:DEMO_NIND(1.0),30/04/26 23:00:00,A,GNUPRT,IE,1990,5.1,,
ESTAT:DEMO_NIND(1.0),30/04/26 23:00:00,A,GNUPRT,IE,1991,4.9,,
ESTAT:DEMO_NIND(1.0),30/04/26 23:00:00,A,GNUPRT,IE,1992,4.7,,
ESTAT:DEMO_NIND(1.0),30/04/26 23:00:00,A,GNUPRT,IE,1993,4.7,,
ESTAT:DEMO_NIND(1.0),30/04/26 23:00:00,A,GNUPRT,IE,1994,4.6,,
ESTAT:DEMO_NIND(1.0),30/04/26 23:00:00,A,GNUPRT,IE,1995,4.3,,
ESTAT:DEMO_NIND(1.0),30/04/26 23:00:00,A,GNUPRT,IE,1996,4.4,,
ESTAT:DEMO_NIND(1.0),30/04/26 23:00:00,A,GNUPRT,IE,1997,4.3,,
ESTAT:DEMO_NIND(1.0),30/04/26 23:00:00,A,GNUPRT,IE,1998,4.5,,
ESTAT:DEMO_NIND(1.0),30/04/26 23:00:00,A,GNUPRT,IE,1999,4.9,,
ESTAT:DEMO_NIND(1.0),30/04/26 23:00:00,A,GNUPRT,IE,2000,5.0,,
ESTAT:DEMO_NIND(1.0),30/04/26 23:00:00,A,GNUPRT,IE,2001,5.0,,
ESTAT:DEMO_NIND(1.0),30/04/26 23:00:00,A,GNUPRT,IE,2002,5.2,,
ESTAT:DEMO_NIND(1.0),30/04/26 23:00:00,A,GNUPRT,IE,2003,5.1,,
ESTAT:DEMO_NIND(1.0),30/04/26 23:00:00,A,GNUPRT,IE,2004,5.2,,
ESTAT:DEMO_NIND(1.0),30/04/26 23:00:00,A,GNUPRT,IE,2005,5.1,,
ESTAT:DEMO_NIND(1.0),30/04/26 23:00:00,A,GNUPRT,IE,2006,5.2,,
ESTAT:DEMO_NIND(1.0),30/04/26 23:00:00,A,GNUPRT,IE,2007,5.2,,
ESTAT:DEMO_NIND(1.0),30/04/26 23:00:00,A,GNUPRT,IE,2008,4.9,,
ESTAT:DEMO_NIND(1.0),30/04/26 23:00:00,A,GNUPRT,IE,2009,4.8,,
ESTAT:DEMO_NIND(1.0),30/04/26 23:00:00,A,GNUPRT,IE,2010,4.5,,
ESTAT:DEMO_NIND(1.0),30/04/26 23:00:00,A,GNUPRT,IE,2011,4.3,,
ESTAT:DEMO_NIND(1.0),30/04/26 23:00:00,A,GNUPRT,IE,2012,4.5,,
ESTAT:DEMO_NIND(1.0),30/04/26 23:00:00,A,GNUPRT,IE,2013,4.5,,
ESTAT:DEMO_NIND(1.0),30/04/26 23:00:00,A,GNUPRT,IE,2014,4.7,,
ESTAT:DEMO_NIND(1.0),30/04/26 23:00:00,A,GNUPRT,IE,2015,4.7,,
ESTAT:DEMO_NIND(1.0),30/04/26 23:00:00,A,GNUPRT,IE,2016,4.8,,
ESTAT:DEMO_NIND(1.0),30/04/26 23:00:00,A,GNUPRT,IE,2017,4.6,,
ESTAT:DEMO_NIND(1.0),30/04/26 23:00:00,A,GNUPRT,IE,2018,4.3,,
ESTAT:DEMO_NIND(1.0),30/04/26 23:00:00,A,GNUPRT,IE,2019,4.1,,
ESTAT:DEMO_NIND(1.0),30/04/26 23:00:00,A,GNUPRT,IE,2020,1.9,,
ESTAT:DEMO_NIND(1.0),30/04/26 23:00:00,A,GNUPRT,IE,2021,3.3,,
ESTAT:DEMO_NIND(1.0),30/04/26 23:00:00,A,GNUPRT,IS,1960,7.5,,
ESTAT:DEMO_NIND(1.0),30/04/26 23:00:00,A,GNUPRT,IS,1961,7.5,,
ESTAT:DEMO_NIND(1.0),30/04/26 23:00:00,A,GNUPRT,IS,1962,7.4,,
ESTAT:DEMO_NIND(1.0),30/04/26 23:00:00,A,GNUPRT,IS,1963,7.8,,
ESTAT:DEMO_NIND(1.0),30/04/26 23:00:00,A,GNUPRT,IS,1964,8.3,,
ESTAT:DEMO_NIND(1.0),30/04/26 23:00:00,A,GNUPRT,IS,1965,8.1,,
ESTAT:DEMO_NIND(1.0),30/04/26 23:00:00,A,GNUPRT,IS,1966,7.9,,
ESTAT:DEMO_NIND(1.0),30/04/26 23:00:00,A,GNUPRT,IS,1967,8.6,,
ESTAT:DEMO_NIND(1.0),30/04/26 23:00:00,A,GNUPRT,IS,1968,8.4,,
ESTAT:DEMO_NIND(1.0),30/04/26 23:00:00,A,GNUPRT,IS,1969,8.5,,
ESTAT:DEMO_NIND(1.0),30/04/26 23:00:00,A,GNUPRT,IS,1970,7.8,,
ESTAT:DEMO_NIND(1.0),30/04/26 23:00:00,A,GNUPRT,IS,1971,7.9,,
ESTAT:DEMO_NIND(1.0),30/04/26 23:00:00,A,GNUPRT,IS,1972,8.1,,
ESTAT:DEMO_NIND(1.0),30/04/26 23:00:00,A,GNUPRT,IS,1973,8.3,,
ESTAT:DEMO_NIND(1.0),30/04/26 23:00:00,A,GNUPRT,IS,1974,8.8,,
ESTAT:DEMO_NIND(1.0),30/04/26 23:00:00,A,GNUPRT,IS,1975,7.7,,
ESTAT:DEMO_NIND(1.0),30/04/26 23:00:00,A,GNUPRT,IS,1976,7.5,,
ESTAT:DEMO_NIND(1.0),30/04/26 23:00:00,A,GNUPRT,IS,1977,7.1,,
ESTAT:DEMO_NIND(1.0),30/04/26 23:00:00,A,GNUPRT,IS,1978,7.1,,
ESTAT:DEMO_NIND(1.0),30/04/26 23:00:00,A,GNUPRT,IS,1979,6.4,,
ESTAT:DEMO_NIND(1.0),30/04/26 23:00:00,A,GNUPRT,IS,1980,5.7,,
ESTAT:DEMO_NIND(1.0),30/04/26 23:00:00,A,GNUPRT,IS,1981,5.9,,
ESTAT:DEMO_NIND(1.0),30/04/26 23:00:00,A,GNUPRT,IS,1982,5.6,,
ESTAT:DEMO_NIND(1.0),30/04/26 23:00:00,A,GNUPRT,IS,1983,5.9,,
ESTAT:DEMO_NIND(1.0),30/04/26 23:00:00,A,GNUPRT,IS,1984,5.9,,
ESTAT:DEMO_NIND(1.0),30/04/26 23:00:00,A,GNUPRT,IS,1985,5.2,,
ESTAT:DEMO_NIND(1.0),30/04/26 23:00:00,A,GNUPRT,IS,1986,5.1,,
ESTAT:DEMO_NIND(1.0),30/04/26 23:00:00,A,GNUPRT,IS,1987,4.7,,
ESTAT:DEMO_NIND(1.0),30/04/26 23:00:00,A,GNUPRT,IS,1988,5.2,,
ESTAT:DEMO_NIND(1.0),30/04/26 23:00:00,A,GNUPRT,IS,1989,4.7,,
ESTAT:DEMO_NIND(1.0),30/04/26 23:00:00,A,GNUPRT,IS,1990,4.5,,
ESTAT:DEMO_NIND(1.0),30/04/26 23:00:00,A,GNUPRT,IS,1991,4.8,,
ESTAT:DEMO_NIND(1.0),30/04/26 23:00:00,A,GNUPRT,IS,1992,4.8,,
ESTAT:DEMO_NIND(1.0),30/04/26 23:00:00,A,GNUPRT,IS,1993,4.6,,
ESTAT:DEMO_NIND(1.0),30/04/26 23:00:00,A,GNUPRT,IS,1994,4.9,,
ESTAT:DEMO_NIND(1.0),30/04/26 23:00:00,A,GNUPRT,IS,1995,4.6,,
ESTAT:DEMO_NIND(1.0),30/04/26 23:00:00,A,GNUPRT,IS,1996,5.0,,
ESTAT:DEMO_NIND(1.0),30/04/26 23:00:00,A,GNUPRT,IS,1997,5.5,,
ESTAT:DEMO_NIND(1.0),30/04/26 23:00:00,A,GNUPRT,IS,1998,5.6,,
ESTAT:DEMO_NIND(1.0),30/04/26 23:00:00,A,GNUPRT,IS,1999,5.6,,
ESTAT:DEMO_NIND(1.0),30/04/26 23:00:00,A,GNUPRT,IS,2000,6.3,,
ESTAT:DEMO_NIND(1.0),30/04/26 23:00:00,A,GNUPRT,IS,2001,5.2,,
ESTAT:DEMO_NIND(1.0),30/04/26 23:00:00,A,GNUPRT,IS,2002,5.6,,
ESTAT:DEMO_NIND(1.0),30/04/26 23:00:00,A,GNUPRT,IS,2003,5.1,,
ESTAT:DEMO_NIND(1.0),30/04/26 23:00:00,A,GNUPRT,IS,2004,5.0,,
ESTAT:DEMO_NIND(1.0),30/04/26 23:00:00,A,GNUPRT,IS,2005,5.4,,
ESTAT:DEMO_NIND(1.0),30/04/26 23:00:00,A,GNUPRT,IS,2006,5.5,,
ESTAT:DEMO_NIND(1.0),30/04/26 23:00:00,A,GNUPRT,IS,2007,5.5,,
ESTAT:DEMO_NIND(1.0),30/04/26 23:00:00,A,GNUPRT,IS,2008,5.2,,
ESTAT:DEMO_NIND(1.0),30/04/26 23:00:00,A,GNUPRT,IS,2009,4.6,,
ESTAT:DEMO_NIND(1.0),30/04/26 23:00:00,A,GNUPRT,IS,2010,4.9,,
ESTAT:DEMO_NIND(1.0),30/04/26 23:00:00,A,GNUPRT,IS,2011,4.6,,
ESTAT:DEMO_NIND(1.0),30/04/26 23:00:00,A,GNUPRT,IS,2012,4.6,,
ESTAT:DEMO_NIND(1.0),30/04/26 23:00:00,A,GNUPRT,IS,2013,4.4,,
ESTAT:DEMO_NIND(1.0),30/04/26 23:00:00,A,GNUPRT,IS,2014,4.1,,
ESTAT:DEMO_NIND(1.0),30/04/26 23:00:00,A,GNUPRT,IS,2015,4.6,,
ESTAT:DEMO_NIND(1.0),30/04/26 23:00:00,A,GNUPRT,IS,2016,4.9,,
ESTAT:DEMO_NIND(1.0),30/04/26 23:00:00,A,GNUPRT,IS,2017,5.8,,
ESTAT:DEMO_NIND(1.0),30/04/26 23:00:00,A,GNUPRT,IS,2018,6.0,,
ESTAT:DEMO_NIND(1.0),30/04/26 23:00:00,A,GNUPRT,IS,2019,5.8,,
ESTAT:DEMO_NIND(1.0),30/04/26 23:00:00,A,GNUPRT,IS,2020,5.0,,
ESTAT:DEMO_NIND(1.0),30/04/26 23:00:00,A,GNUPRT,IT,1960,7.7,,
ESTAT:DEMO_NIND(1.0),30/04/26 23:00:00,A,GNUPRT,IT,1961,7.9,,
ESTAT:DEMO_NIND(1.0),30/04/26 23:00:00,A,GNUPRT,IT,1962,8.0,,
ESTAT:DEMO_NIND(1.0),30/04/26 23:00:00,A,GNUPRT,IT,1963,8.2,,
ESTAT:DEMO_NIND(1.0),30/04/26 23:00:00,A,GNUPRT,IT,1964,8.1,,
ESTAT:DEMO_NIND(1.0),30/04/26 23:00:00,A,GNUPRT,IT,1965,7.7,,
ESTAT:DEMO_NIND(1.0),30/04/26 23:00:00,A,GNUPRT,IT,1966,7.3,,
ESTAT:DEMO_NIND(1.0),30/04/26 23:00:00,A,GNUPRT,IT,1967,7.2,,
ESTAT:DEMO_NIND(1.0),30/04/26 23:00:00,A,GNUPRT,IT,1968,7.0,,
ESTAT:DEMO_NIND(1.0),30/04/26 23:00:00,A,GNUPRT,IT,1969,7.2,,
ESTAT:DEMO_NIND(1.0),30/04/26 23:00:00,A,GNUPRT,IT,1970,7.3,,
ESTAT:DEMO_NIND(1.0),30/04/26 23:00:00,A,GNUPRT,IT,1971,7.5,,
ESTAT:DEMO_NIND(1.0),30/04/26 23:00:00,A,GNUPRT,IT,1972,7.7,,
ESTAT:DEMO_NIND(1.0),30/04/26 23:00:00,A,GNUPRT,IT,1973,7.6,,
ESTAT:DEMO_NIND(1.0),30/04/26 23:00:00,A,GNUPRT,IT,1974,7.3,,
ESTAT:DEMO_NIND(1.0),30/04/26 23:00:00,A,GNUPRT,IT,1975,6.7,,
ESTAT:DEMO_NIND(1.0),30/04/26 23:00:00,A,GNUPRT,IT,1976,6.4,,
ESTAT:DEMO_NIND(1.0),30/04/26 23:00:00,A,GNUPRT,IT,1977,6.2,,
ESTAT:DEMO_NIND(1.0),30/04/26 23:00:00,A,GNUPRT,IT,1978,5.9,,
ESTAT:DEMO_NIND(1.0),30/04/26 23:00:00,A,GNUPRT,IT,1979,5.8,,
ESTAT:DEMO_NIND(1.0),30/04/26 23:00:00,A,GNUPRT,IT,1980,5.7,,
ESTAT:DEMO_NIND(1.0),30/04/26 23:00:00,A,GNUPRT,IT,1981,5.6,,
ESTAT:DEMO_NIND(1.0),30/04/26 23:00:00,A,GNUPRT,IT,1982,5.5,,
ESTAT:DEMO_NIND(1.0),30/04/26 23:00:00,A,GNUPRT,IT,1983,5.4,,
ESTAT:DEMO_NIND(1.0),30/04/26 23:00:00,A,GNUPRT,IT,1984,5.3,,
ESTAT:DEMO_NIND(1.0),30/04/26 23:00:00,A,GNUPRT,IT,1985,5.3,,
ESTAT:DEMO_NIND(1.0),30/04/26 23:00:00,A,GNUPRT,IT,1986,5.3,,
ESTAT:DEMO_NIND(1.0),30/04/26 23:00:00,A,GNUPRT,IT,1987,5.4,,
ESTAT:DEMO_NIND(1.0),30/04/26 23:00:00,A,GNUPRT,IT,1988,5.6,,
ESTAT:DEMO_NIND(1.0),30/04/26 23:00:00,A,GNUPRT,IT,1989,5.7,,
ESTAT:DEMO_NIND(1.0),30/04/26 23:00:00,A,GNUPRT,IT,1990,5.6,,
ESTAT:DEMO_NIND(1.0),30/04/26 23:00:00,A,GNUPRT,IT,1991,5.5,,
ESTAT:DEMO_NIND(1.0),30/04/26 23:00:00,A,GNUPRT,IT,1992,5.5,,
ESTAT:DEMO_NIND(1.0),30/04/26 23:00:00,A,GNUPRT,IT,1993,5.3,,
ESTAT:DEMO_NIND(1.0),30/04/26 23:00:00,A,GNUPRT,IT,1994,5.1,,
ESTAT:DEMO_NIND(1.0),30/04/26 23:00:00,A,GNUPRT,IT,1995,5.1,,
ESTAT:DEMO_NIND(1.0),30/04/26 23:00:00,A,GNUPRT,IT,1996,4.9,,
ESTAT:DEMO_NIND(1.0),30/04/26 23:00:00,A,GNUPRT,IT,1997,4.9,,
ESTAT:DEMO_NIND(1.0),30/04/26 23:00:00,A,GNUPRT,IT,1998,4.9,,
ESTAT:DEMO_NIND(1.0),30/04/26 23:00:00,A,GNUPRT,IT,1999,4.9,,
ESTAT:DEMO_NIND(1.0),30/04/26 23:00:00,A,GNUPRT,IT,2000,5.0,,
ESTAT:DEMO_NIND(1.0),30/04/26 23:00:00,A,GNUPRT,IT,2001,4.6,,
ESTAT:DEMO_NIND(1.0),30/04/26 23:00:00,A,GNUPRT,IT,2002,4.7,,
ESTAT:DEMO_NIND(1.0),30/04/26 23:00:00,A,GNUPRT,IT,2003,4.6,,
ESTAT:DEMO_NIND(1.0),30/04/26 23:00:00,A,GNUPRT,IT,2004,4.3,,
ESTAT:DEMO_NIND(1.0),30/04/26 23:00:00,A,GNUPRT,IT,2005,4.3,,
ESTAT:DEMO_NIND(1.0),30/04/26 23:00:00,A,GNUPRT,IT,2006,4.2,,
ESTAT:DEMO_NIND(1.0),30/04/26 23:00:00,A,GNUPRT,IT,2007,4.3,,
ESTAT:DEMO_NIND(1.0),30/04/26 23:00:00,A,GNUPRT,IT,2008,4.2,,
ESTAT:DEMO_NIND(1.0),30/04/26 23:00:00,A,GNUPRT,IT,2009,3.9,,
ESTAT:DEMO_NIND(1.0),30/04/26 23:00:00,A,GNUPRT,IT,2010,3.7,,
ESTAT:DEMO_NIND(1.0),30/04/26 23:00:00,A,GNUPRT,IT,2011,3.4,,
ESTAT:DEMO_NIND(1.0),30/04/26 23:00:00,A,GNUPRT,IT,2012,3.5,,
ESTAT:DEMO_NIND(1.0),30/04/26 23:00:00,A,GNUPRT,IT,2013,3.2,,
ESTAT:DEMO_NIND(1.0),30/04/26 23:00:00,A,GNUPRT,IT,2014,3.1,,
ESTAT:DEMO_NIND(1.0),30/04/26 23:00:00,A,GNUPRT,IT,2015,3.2,,
ESTAT:DEMO_NIND(1.0),30/04/26 23:00:00,A,GNUPRT,IT,2016,3.4,,
ESTAT:DEMO_NIND(1.0),30/04/26 23:00:00,A,GNUPRT,IT,2017,3.2,,
ESTAT:DEMO_NIND(1.0),30/04/26 23:00:00,A,GNUPRT,IT,2018,3.2,,
ESTAT:DEMO_NIND(1.0),30/04/26 23:00:00,A,GNUPRT,IT,2019,3.1,,
ESTAT:DEMO_NIND(1.0),30/04/26 23:00:00,A,GNUPRT,IT,2020,1.6,,
ESTAT:DEMO_NIND(1.0),30/04/26 23:00:00,A,GNUPRT,IT,2021,3.1,,
ESTAT:DEMO_NIND(1.0),30/04/26 23:00:00,A,GNUPRT,IT,2022,3.2,,
ESTAT:DEMO_NIND(1.0),30/04/26 23:00:00,A,GNUPRT,IT,2023,3.1,,
ESTAT:DEMO_NIND(1.0),30/04/26 23:00:00,A,GNUPRT,IT,2024,2.9,,
ESTAT:DEMO_NIND(1.0),30/04/26 23:00:00,A,GNUPRT,LI,1960,5.7,,
ESTAT:DEMO_NIND(1.0),30/04/26 23:00:00,A,GNUPRT,LI,1961,7.2,,
ESTAT:DEMO_NIND(1.0),30/04/26 23:00:00,A,GNUPRT,LI,1962,6.7,,
ESTAT:DEMO_NIND(1.0),30/04/26 23:00:00,A,GNUPRT,LI,1963,5.7,,
ESTAT:DEMO_NIND(1.0),30/04/26 23:00:00,A,GNUPRT,LI,1964,7.6,,
ESTAT:DEMO_NIND(1.0),30/04/26 23:00:00,A,GNUPRT,LI,1965,6.9,,
ESTAT:DEMO_NIND(1.0),30/04/26 23:00:00,A,GNUPRT,LI,1966,6.0,,
ESTAT:DEMO_NIND(1.0),30/04/26 23:00:00,A,GNUPRT,LI,1967,7.0,,
ESTAT:DEMO_NIND(1.0),30/04/26 23:00:00,A,GNUPRT,LI,1968,7.4,,
ESTAT:DEMO_NIND(1.0),30/04/26 23:00:00,A,GNUPRT,LI,1969,7.5,,
ESTAT:DEMO_NIND(1.0),30/04/26 23:00:00,A,GNUPRT,LI,1970,5.9,,
ESTAT:DEMO_NIND(1.0),30/04/26 23:00:00,A,GNUPRT,LI,1971,7.3,,
ESTAT:DEMO_NIND(1.0),30/04/26 23:00:00,A,GNUPRT,LI,1972,6.8,,
ESTAT:DEMO_NIND(1.0),30/04/26 23:00:00,A,GNUPRT,LI,1973,5.5,,
ESTAT:DEMO_NIND(1.0),30/04/26 23:00:00,A,GNUPRT,LI,1974,5.7,,
ESTAT:DEMO_NIND(1.0),30/04/26 23:00:00,A,GNUPRT,LI,1975,6.8,,
ESTAT:DEMO_NIND(1.0),30/04/26 23:00:00,A,GNUPRT,LI,1976,6.9,,
ESTAT:DEMO_NIND(1.0),30/04/26 23:00:00,A,GNUPRT,LI,1977,6.0,,
ESTAT:DEMO_NIND(1.0),30/04/26 23:00:00,A,GNUPRT,LI,1978,6.0,,
ESTAT:DEMO_NIND(1.0),30/04/26 23:00:00,A,GNUPRT,LI,1979,6.1,,
ESTAT:DEMO_NIND(1.0),30/04/26 23:00:00,A,GNUPRT,LI,1980,7.1,,
ESTAT:DEMO_NIND(1.0),30/04/26 23:00:00,A,GNUPRT,LI,1981,6.5,,
ESTAT:DEMO_NIND(1.0),30/04/26 23:00:00,A,GNUPRT,LI,1982,6.4,,
ESTAT:DEMO_NIND(1.0),30/04/26 23:00:00,A,GNUPRT,LI,1983,7.0,,
ESTAT:DEMO_NIND(1.0),30/04/26 23:00:00,A,GNUPRT,LI,1984,7.3,,
ESTAT:DEMO_NIND(1.0),30/04/26 23:00:00,A,GNUPRT,LI,1985,6.5,,
ESTAT:DEMO_NIND(1.0),30/04/26 23:00:00,A,GNUPRT,LI,1986,5.4,,
ESTAT:DEMO_NIND(1.0),30/04/26 23:00:00,A,GNUPRT,LI,1987,6.0,,
ESTAT:DEMO_NIND(1.0),30/04/26 23:00:00,A,GNUPRT,LI,1988,6.4,,
ESTAT:DEMO_NIND(1.0),30/04/26 23:00:00,A,GNUPRT,LI,1989,5.7,,
ESTAT:DEMO_NIND(1.0),30/04/26 23:00:00,A,GNUPRT,LI,1990,5.6,,
ESTAT:DEMO_NIND(1.0),30/04/26 23:00:00,A,GNUPRT,LI,1991,6.3,,
ESTAT:DEMO_NIND(1.0),30/04/26 23:00:00,A,GNUPRT,LI,1992,14.2,,
ESTAT:DEMO_NIND(1.0),30/04/26 23:00:00,A,GNUPRT,LI,1993,7.5,,
ESTAT:DEMO_NIND(1.0),30/04/26 23:00:00,A,GNUPRT,LI,1994,13.0,,
ESTAT:DEMO_NIND(1.0),30/04/26 23:00:00,A,GNUPRT,LI,1995,13.2,,
ESTAT:DEMO_NIND(1.0),30/04/26 23:00:00,A,GNUPRT,LI,1996,14.1,,
ESTAT:DEMO_NIND(1.0),30/04/26 23:00:00,A,GNUPRT,LI,1997,12.6,,
ESTAT:DEMO_NIND(1.0),30/04/26 23:00:00,A,GNUPRT,LI,1999,7.0,,
ESTAT:DEMO_NIND(1.0),30/04/26 23:00:00,A,GNUPRT,LI,2000,7.2,,
ESTAT:DEMO_NIND(1.0),30/04/26 23:00:00,A,GNUPRT,LI,2001,6.0,,
ESTAT:DEMO_NIND(1.0),30/04/26 23:00:00,A,GNUPRT,LI,2002,5.1,,
ESTAT:DEMO_NIND(1.0),30/04/26 23:00:00,A,GNUPRT,LI,2003,4.4,,
ESTAT:DEMO_NIND(1.0),30/04/26 23:00:00,A,GNUPRT,LI,2004,4.8,,
ESTAT:DEMO_NIND(1.0),30/04/26 23:00:00,A,GNUPRT,LI,2005,5.4,,
ESTAT:DEMO_NIND(1.0),30/04/26 23:00:00,A,GNUPRT,LI,2006,4.3,,
ESTAT:DEMO_NIND(1.0),30/04/26 23:00:00,A,GNUPRT,LI,2007,5.2,,
ESTAT:DEMO_NIND(1.0),30/04/26 23:00:00,A,GNUPRT,LI,2008,5.8,,
ESTAT:DEMO_NIND(1.0),30/04/26 23:00:00,A,GNUPRT,LI,2009,4.3,,
ESTAT:DEMO_NIND(1.0),30/04/26 23:00:00,A,GNUPRT,LI,2010,5.0,,
ESTAT:DEMO_NIND(1.0),30/04/26 23:00:00,A,GNUPRT,LI,2011,4.5,,
ESTAT:DEMO_NIND(1.0),30/04/26 23:00:00,A,GNUPRT,LI,2012,5.0,,
ESTAT:DEMO_NIND(1.0),30/04/26 23:00:00,A,GNUPRT,LT,1960,10.1,,
ESTAT:DEMO_NIND(1.0),30/04/26 23:00:00,A,GNUPRT,LT,1961,9.9,,
ESTAT:DEMO_NIND(1.0),30/04/26 23:00:00,A,GNUPRT,LT,1962,9.3,,
ESTAT:DEMO_NIND(1.0),30/04/26 23:00:00,A,GNUPRT,LT,1963,8.7,,
ESTAT:DEMO_NIND(1.0),30/04/26 23:00:00,A,GNUPRT,LT,1964,8.6,,
ESTAT:DEMO_NIND(1.0),30/04/26 23:00:00,A,GNUPRT,LT,1965,8.4,,
ESTAT:DEMO_NIND(1.0),30/04/26 23:00:00,A,GNUPRT,LT,1966,9.2,,
ESTAT:DEMO_NIND(1.0),30/04/26 23:00:00,A,GNUPRT,LT,1967,9.2,,
ESTAT:DEMO_NIND(1.0),30/04/26 23:00:00,A,GNUPRT,LT,1968,9.5,,
ESTAT:DEMO_NIND(1.0),30/04/26 23:00:00,A,GNUPRT,LT,1969,9.7,,
ESTAT:DEMO_NIND(1.0),30/04/26 23:00:00,A,GNUPRT,LT,1970,9.5,,
ESTAT:DEMO_NIND(1.0),30/04/26 23:00:00,A,GNUPRT,LT,1971,9.2,,
ESTAT:DEMO_NIND(1.0),30/04/26 23:00:00,A,GNUPRT,LT,1972,8.8,,
ESTAT:DEMO_NIND(1.0),30/04/26 23:00:00,A,GNUPRT,LT,1973,8.8,,
ESTAT:DEMO_NIND(1.0),30/04/26 23:00:00,A,GNUPRT,LT,1974,8.8,,
ESTAT:DEMO_NIND(1.0),30/04/26 23:00:00,A,GNUPRT,LT,1975,9.0,,
ESTAT:DEMO_NIND(1.0),30/04/26 23:00:00,A,GNUPRT,LT,1976,9.0,,
ESTAT:DEMO_NIND(1.0),30/04/26 23:00:00,A,GNUPRT,LT,1977,9.2,,
ESTAT:DEMO_NIND(1.0),30/04/26 23:00:00,A,GNUPRT,LT,1978,9.1,,
ESTAT:DEMO_NIND(1.0),30/04/26 23:00:00,A,GNUPRT,LT,1979,9.4,,
ESTAT:DEMO_NIND(1.0),30/04/26 23:00:00,A,GNUPRT,LT,1980,9.2,,
ESTAT:DEMO_NIND(1.0),30/04/26 23:00:00,A,GNUPRT,LT,1981,9.1,,
ESTAT:DEMO_NIND(1.0),30/04/26 23:00:00,A,GNUPRT,LT,1982,9.4,,
ESTAT:DEMO_NIND(1.0),30/04/26 23:00:00,A,GNUPRT,LT,1983,9.6,,
ESTAT:DEMO_NIND(1.0),30/04/26 23:00:00,A,GNUPRT,LT,1984,9.7,,
ESTAT:DEMO_NIND(1.0),30/04/26 23:00:00,A,GNUPRT,LT,1985,9.7,,
ESTAT:DEMO_NIND(1.0),30/04/26 23:00:00,A,GNUPRT,LT,1986,9.9,,
ESTAT:DEMO_NIND(1.0),30/04/26 23:00:00,A,GNUPRT,LT,1987,9.7,,
ESTAT:DEMO_NIND(1.0),30/04/26 23:00:00,A,GNUPRT,LT,1988,9.6,,
ESTAT:DEMO_NIND(1.0),30/04/26 23:00:00,A,GNUPRT,LT,1989,9.4,,
ESTAT:DEMO_NIND(1.0),30/04/26 23:00:00,A,GNUPRT,LT,1990,9.8,,
ESTAT:DEMO_NIND(1.0),30/04/26 23:00:00,A,GNUPRT,LT,1991,9.2,,
ESTAT:DEMO_NIND(1.0),30/04/26 23:00:00,A,GNUPRT,LT,1992,8.1,,
ESTAT:DEMO_NIND(1.0),30/04/26 23:00:00,A,GNUPRT,LT,1993,6.4,,
ESTAT:DEMO_NIND(1.0),30/04/26 23:00:00,A,GNUPRT,LT,1994,6.4,,
ESTAT:DEMO_NIND(1.0),30/04/26 23:00:00,A,GNUPRT,LT,1995,6.1,,
ESTAT:DEMO_NIND(1.0),30/04/26 23:00:00,A,GNUPRT,LT,1996,5.7,,
ESTAT:DEMO_NIND(1.0),30/04/26 23:00:00,A,GNUPRT,LT,1997,5.3,,
ESTAT:DEMO_NIND(1.0),30/04/26 23:00:00,A,GNUPRT,LT,1998,5.2,,
ESTAT:DEMO_NIND(1.0),30/04/26 23:00:00,A,GNUPRT,LT,1999,5.1,,
ESTAT:DEMO_NIND(1.0),30/04/26 23:00:00,A,GNUPRT,LT,2000,4.8,,
ESTAT:DEMO_NIND(1.0),30/04/26 23:00:00,A,GNUPRT,LT,2001,4.5,,
ESTAT:DEMO_NIND(1.0),30/04/26 23:00:00,A,GNUPRT,LT,2002,4.7,,
ESTAT:DEMO_NIND(1.0),30/04/26 23:00:00,A,GNUPRT,LT,2003,5.0,,
ESTAT:DEMO_NIND(1.0),30/04/26 23:00:00,A,GNUPRT,LT,2004,5.7,,
ESTAT:DEMO_NIND(1.0),30/04/26 23:00:00,A,GNUPRT,LT,2005,6.0,,
ESTAT:DEMO_NIND(1.0),30/04/26 23:00:00,A,GNUPRT,LT,2006,6.5,,
ESTAT:DEMO_NIND(1.0),30/04/26 23:00:00,A,GNUPRT,LT,2007,7.1,,
ESTAT:DEMO_NIND(1.0),30/04/26 23:00:00,A,GNUPRT,LT,2008,7.5,,
ESTAT:DEMO_NIND(1.0),30/04/26 23:00:00,A,GNUPRT,LT,2009,6.5,,
ESTAT:DEMO_NIND(1.0),30/04/26 23:00:00,A,GNUPRT,LT,2010,6.0,,
ESTAT:DEMO_NIND(1.0),30/04/26 23:00:00,A,GNUPRT,LT,2011,6.3,,
ESTAT:DEMO_NIND(1.0),30/04/26 23:00:00,A,GNUPRT,LT,2012,6.9,,
ESTAT:DEMO_NIND(1.0),30/04/26 23:00:00,A,GNUPRT,LT,2013,6.9,,
ESTAT:DEMO_NIND(1.0),30/04/26 23:00:00,A,GNUPRT,LT,2014,7.6,,
ESTAT:DEMO_NIND(1.0),30/04/26 23:00:00,A,GNUPRT,LT,2015,7.6,,
ESTAT:DEMO_NIND(1.0),30/04/26 23:00:00,A,GNUPRT,LT,2016,7.4,,
ESTAT:DEMO_NIND(1.0),30/04/26 23:00:00,A,GNUPRT,LT,2017,7.5,,
ESTAT:DEMO_NIND(1.0),30/04/26 23:00:00,A,GNUPRT,LT,2018,7.0,,
ESTAT:DEMO_NIND(1.0),30/04/26 23:00:00,A,GNUPRT,LT,2019,7.0,,
ESTAT:DEMO_NIND(1.0),30/04/26 23:00:00,A,GNUPRT,LT,2020,5.5,,
ESTAT:DEMO_NIND(1.0),30/04/26 23:00:00,A,GNUPRT,LT,2021,6.0,,
ESTAT:DEMO_NIND(1.0),30/04/26 23:00:00,A,GNUPRT,LT,2022,5.7,,
ESTAT:DEMO_NIND(1.0),30/04/26 23:00:00,A,GNUPRT,LT,2023,4.9,,
ESTAT:DEMO_NIND(1.0),30/04/26 23:00:00,A,GNUPRT,LT,2024,4.5,,
ESTAT:DEMO_NIND(1.0),30/04/26 23:00:00,A,GNUPRT,LU,1960,7.1,,
ESTAT:DEMO_NIND(1.0),30/04/26 23:00:00,A,GNUPRT,LU,1961,7.0,,
ESTAT:DEMO_NIND(1.0),30/04/26 23:00:00,A,GNUPRT,LU,1962,6.7,,
ESTAT:DEMO_NIND(1.0),30/04/26 23:00:00,A,GNUPRT,LU,1963,6.6,,
ESTAT:DEMO_NIND(1.0),30/04/26 23:00:00,A,GNUPRT,LU,1964,6.6,,
ESTAT:DEMO_NIND(1.0),30/04/26 23:00:00,A,GNUPRT,LU,1965,6.6,,
ESTAT:DEMO_NIND(1.0),30/04/26 23:00:00,A,GNUPRT,LU,1966,6.6,,
ESTAT:DEMO_NIND(1.0),30/04/26 23:00:00,A,GNUPRT,LU,1967,6.4,,
ESTAT:DEMO_NIND(1.0),30/04/26 23:00:00,A,GNUPRT,LU,1968,6.5,,
ESTAT:DEMO_NIND(1.0),30/04/26 23:00:00,A,GNUPRT,LU,1969,6.6,,
ESTAT:DEMO_NIND(1.0),30/04/26 23:00:00,A,GNUPRT,LU,1970,6.4,,
ESTAT:DEMO_NIND(1.0),30/04/26 23:00:00,A,GNUPRT,LU,1971,6.5,,
ESTAT:DEMO_NIND(1.0),30/04/26 23:00:00,A,GNUPRT,LU,1972,6.6,,
ESTAT:DEMO_NIND(1.0),30/04/26 23:00:00,A,GNUPRT,LU,1973,5.9,,
ESTAT:DEMO_NIND(1.0),30/04/26 23:00:00,A,GNUPRT,LU,1974,6.2,,
ESTAT:DEMO_NIND(1.0),30/04/26 23:00:00,A,GNUPRT,LU,1975,6.8,,
ESTAT:DEMO_NIND(1.0),30/04/26 23:00:00,A,GNUPRT,LU,1976,6.2,,
ESTAT:DEMO_NIND(1.0),30/04/26 23:00:00,A,GNUPRT,LU,1977,6.2,,
ESTAT:DEMO_NIND(1.0),30/04/26 23:00:00,A,GNUPRT,LU,1978,5.9,,
ESTAT:DEMO_NIND(1.0),30/04/26 23:00:00,A,GNUPRT,LU,1979,5.7,,
ESTAT:DEMO_NIND(1.0),30/04/26 23:00:00,A,GNUPRT,LU,1980,5.9,,
ESTAT:DEMO_NIND(1.0),30/04/26 23:00:00,A,GNUPRT,LU,1981,5.4,,
ESTAT:DEMO_NIND(1.0),30/04/26 23:00:00,A,GNUPRT,LU,1982,5.7,,
ESTAT:DEMO_NIND(1.0),30/04/26 23:00:00,A,GNUPRT,LU,1983,5.4,,
ESTAT:DEMO_NIND(1.0),30/04/26 23:00:00,A,GNUPRT,LU,1984,5.4,,
ESTAT:DEMO_NIND(1.0),30/04/26 23:00:00,A,GNUPRT,LU,1985,5.4,,
ESTAT:DEMO_NIND(1.0),30/04/26 23:00:00,A,GNUPRT,LU,1986,5.1,,
ESTAT:DEMO_NIND(1.0),30/04/26 23:00:00,A,GNUPRT,LU,1987,5.3,,
ESTAT:DEMO_NIND(1.0),30/04/26 23:00:00,A,GNUPRT,LU,1988,5.6,,
ESTAT:DEMO_NIND(1.0),30/04/26 23:00:00,A,GNUPRT,LU,1989,5.8,,
ESTAT:DEMO_NIND(1.0),30/04/26 23:00:00,A,GNUPRT,LU,1990,6.1,,
ESTAT:DEMO_NIND(1.0),30/04/26 23:00:00,A,GNUPRT,LU,1991,6.7,,
ESTAT:DEMO_NIND(1.0),30/04/26 23:00:00,A,GNUPRT,LU,1992,6.4,,
ESTAT:DEMO_NIND(1.0),30/04/26 23:00:00,A,GNUPRT,LU,1993,6.0,,
ESTAT:DEMO_NIND(1.0),30/04/26 23:00:00,A,GNUPRT,LU,1994,5.8,,
ESTAT:DEMO_NIND(1.0),30/04/26 23:00:00,A,GNUPRT,LU,1995,5.1,,
ESTAT:DEMO_NIND(1.0),30/04/26 23:00:00,A,GNUPRT,LU,1996,5.1,,
ESTAT:DEMO_NIND(1.0),30/04/26 23:00:00,A,GNUPRT,LU,1997,4.8,,
ESTAT:DEMO_NIND(1.0),30/04/26 23:00:00,A,GNUPRT,LU,1998,4.8,,
ESTAT:DEMO_NIND(1.0),30/04/26 23:00:00,A,GNUPRT,LU,1999,4.9,,
ESTAT:DEMO_NIND(1.0),30/04/26 23:00:00,A,GNUPRT,LU,2000,4.9,,
ESTAT:DEMO_NIND(1.0),30/04/26 23:00:00,A,GNUPRT,LU,2001,4.5,,
ESTAT:DEMO_NIND(1.0),30/04/26 23:00:00,A,GNUPRT,LU,2002,4.5,,
ESTAT:DEMO_NIND(1.0),30/04/26 23:00:00,A,GNUPRT,LU,2003,4.4,,
ESTAT:DEMO_NIND(1.0),30/04/26 23:00:00,A,GNUPRT,LU,2004,4.4,,
ESTAT:DEMO_NIND(1.0),30/04/26 23:00:00,A,GNUPRT,LU,2005,4.4,,
ESTAT:DEMO_NIND(1.0),30/04/26 23:00:00,A,GNUPRT,LU,2006,4.1,,
ESTAT:DEMO_NIND(1.0),30/04/26 23:00:00,A,GNUPRT,LU,2007,4.1,,
ESTAT:DEMO_NIND(1.0),30/04/26 23:00:00,A,GNUPRT,LU,2008,3.9,,
ESTAT:DEMO_NIND(1.0),30/04/26 23:00:00,A,GNUPRT,LU,2009,3.5,,
ESTAT:DEMO_NIND(1.0),30/04/26 23:00:00,A,GNUPRT,LU,2010,3.5,,
ESTAT:DEMO_NIND(1.0),30/04/26 23:00:00,A,GNUPRT,LU,2011,3.3,,
ESTAT:DEMO_NIND(1.0),30/04/26 23:00:00,A,GNUPRT,LU,2012,3.4,b,
ESTAT:DEMO_NIND(1.0),30/04/26 23:00:00,A,GNUPRT,LU,2013,3.2,,
ESTAT:DEMO_NIND(1.0),30/04/26 23:00:00,A,GNUPRT,LU,2014,3.0,,
ESTAT:DEMO_NIND(1.0),30/04/26 23:00:00,A,GNUPRT,LU,2015,3.6,,
ESTAT:DEMO_NIND(1.0),30/04/26 23:00:00,A,GNUPRT,LU,2016,3.2,,
ESTAT:DEMO_NIND(1.0),30/04/26 23:00:00,A,GNUPRT,LU,2017,3.2,,
ESTAT:DEMO_NIND(1.0),30/04/26 23:00:00,A,GNUPRT,LU,2018,3.1,,
ESTAT:DEMO_NIND(1.0),30/04/26 23:00:00,A,GNUPRT,LU,2019,3.5,,
ESTAT:DEMO_NIND(1.0),30/04/26 23:00:00,A,GNUPRT,LU,2020,2.9,,
ESTAT:DEMO_NIND(1.0),30/04/26 23:00:00,A,GNUPRT,LU,2021,3.0,,
ESTAT:DEMO_NIND(1.0),30/04/26 23:00:00,A,GNUPRT,LU,2022,3.8,,
ESTAT:DEMO_NIND(1.0),30/04/26 23:00:00,A,GNUPRT,LU,2023,3.8,,
ESTAT:DEMO_NIND(1.0),30/04/26 23:00:00,A,GNUPRT,LU,2024,3.8,,
ESTAT:DEMO_NIND(1.0),30/04/26 23:00:00,A,GNUPRT,LV,1960,11.0,,
ESTAT:DEMO_NIND(1.0),30/04/26 23:00:00,A,GNUPRT,LV,1961,10.5,,
ESTAT:DEMO_NIND(1.0),30/04/26 23:00:00,A,GNUPRT,LV,1962,10.0,,
ESTAT:DEMO_NIND(1.0),30/04/26 23:00:00,A,GNUPRT,LV,1963,9.5,,
ESTAT:DEMO_NIND(1.0),30/04/26 23:00:00,A,GNUPRT,LV,1964,8.6,,
ESTAT:DEMO_NIND(1.0),30/04/26 23:00:00,A,GNUPRT,LV,1965,8.8,,
ESTAT:DEMO_NIND(1.0),30/04/26 23:00:00,A,GNUPRT,LV,1966,9.8,,
ESTAT:DEMO_NIND(1.0),30/04/26 23:00:00,A,GNUPRT,LV,1967,9.9,,
ESTAT:DEMO_NIND(1.0),30/04/26 23:00:00,A,GNUPRT,LV,1968,10.2,,
ESTAT:DEMO_NIND(1.0),30/04/26 23:00:00,A,GNUPRT,LV,1969,10.0,,
ESTAT:DEMO_NIND(1.0),30/04/26 23:00:00,A,GNUPRT,LV,1970,10.2,,
ESTAT:DEMO_NIND(1.0),30/04/26 23:00:00,A,GNUPRT,LV,1971,10.0,,
ESTAT:DEMO_NIND(1.0),30/04/26 23:00:00,A,GNUPRT,LV,1972,9.4,,
ESTAT:DEMO_NIND(1.0),30/04/26 23:00:00,A,GNUPRT,LV,1973,9.8,,
ESTAT:DEMO_NIND(1.0),30/04/26 23:00:00,A,GNUPRT,LV,1974,10.0,,
ESTAT:DEMO_NIND(1.0),30/04/26 23:00:00,A,GNUPRT,LV,1975,10.0,,
ESTAT:DEMO_NIND(1.0),30/04/26 23:00:00,A,GNUPRT,LV,1976,9.6,,
ESTAT:DEMO_NIND(1.0),30/04/26 23:00:00,A,GNUPRT,LV,1977,10.0,,
ESTAT:DEMO_NIND(1.0),30/04/26 23:00:00,A,GNUPRT,LV,1978,10.2,,
ESTAT:DEMO_NIND(1.0),30/04/26 23:00:00,A,GNUPRT,LV,1979,10.0,,
ESTAT:DEMO_NIND(1.0),30/04/26 23:00:00,A,GNUPRT,LV,1980,9.8,,
ESTAT:DEMO_NIND(1.0),30/04/26 23:00:00,A,GNUPRT,LV,1981,9.8,,
ESTAT:DEMO_NIND(1.0),30/04/26 23:00:00,A,GNUPRT,LV,1982,9.7,,
ESTAT:DEMO_NIND(1.0),30/04/26 23:00:00,A,GNUPRT,LV,1983,9.5,,
ESTAT:DEMO_NIND(1.0),30/04/26 23:00:00,A,GNUPRT,LV,1984,9.2,,
ESTAT:DEMO_NIND(1.0),30/04/26 23:00:00,A,GNUPRT,LV,1985,9.3,,
ESTAT:DEMO_NIND(1.0),30/04/26 23:00:00,A,GNUPRT,LV,1986,9.7,,
ESTAT:DEMO_NIND(1.0),30/04/26 23:00:00,A,GNUPRT,LV,1987,9.7,,
ESTAT:DEMO_NIND(1.0),30/04/26 23:00:00,A,GNUPRT,LV,1988,9.5,,
ESTAT:DEMO_NIND(1.0),30/04/26 23:00:00,A,GNUPRT,LV,1989,9.2,,
ESTAT:DEMO_NIND(1.0),30/04/26 23:00:00,A,GNUPRT,LV,1990,8.9,,
ESTAT:DEMO_NIND(1.0),30/04/26 23:00:00,A,GNUPRT,LV,1991,8.4,,
ESTAT:DEMO_NIND(1.0),30/04/26 23:00:00,A,GNUPRT,LV,1992,7.2,,
ESTAT:DEMO_NIND(1.0),30/04/26 23:00:00,A,GNUPRT,LV,1993,5.7,,
ESTAT:DEMO_NIND(1.0),30/04/26 23:00:00,A,GNUPRT,LV,1994,4.6,,
ESTAT:DEMO_NIND(1.0),30/04/26 23:00:00,A,GNUPRT,LV,1995,4.5,,
ESTAT:DEMO_NIND(1.0),30/04/26 23:00:00,A,GNUPRT,LV,1996,3.9,,
ESTAT:DEMO_NIND(1.0),30/04/26 23:00:00,A,GNUPRT,LV,1997,4.0,,
ESTAT:DEMO_NIND(1.0),30/04/26 23:00:00,A,GNUPRT,LV,1998,4.0,,
ESTAT:DEMO_NIND(1.0),30/04/26 23:00:00,A,GNUPRT,LV,1999,3.9,,
ESTAT:DEMO_NIND(1.0),30/04/26 23:00:00,A,GNUPRT,LV,2000,3.9,,
ESTAT:DEMO_NIND(1.0),30/04/26 23:00:00,A,GNUPRT,LV,2001,4.0,,
ESTAT:DEMO_NIND(1.0),30/04/26 23:00:00,A,GNUPRT,LV,2002,4.2,,
ESTAT:DEMO_NIND(1.0),30/04/26 23:00:00,A,GNUPRT,LV,2003,4.4,,
ESTAT:DEMO_NIND(1.0),30/04/26 23:00:00,A,GNUPRT,LV,2004,4.6,,
ESTAT:DEMO_NIND(1.0),30/04/26 23:00:00,A,GNUPRT,LV,2005,5.6,,
ESTAT:DEMO_NIND(1.0),30/04/26 23:00:00,A,GNUPRT,LV,2006,6.6,,
ESTAT:DEMO_NIND(1.0),30/04/26 23:00:00,A,GNUPRT,LV,2007,7.0,,
ESTAT:DEMO_NIND(1.0),30/04/26 23:00:00,A,GNUPRT,LV,2008,5.9,,
ESTAT:DEMO_NIND(1.0),30/04/26 23:00:00,A,GNUPRT,LV,2009,4.6,,
ESTAT:DEMO_NIND(1.0),30/04/26 23:00:00,A,GNUPRT,LV,2010,4.4,,
ESTAT:DEMO_NIND(1.0),30/04/26 23:00:00,A,GNUPRT,LV,2011,5.2,,
ESTAT:DEMO_NIND(1.0),30/04/26 23:00:00,A,GNUPRT,LV,2012,5.5,,
ESTAT:DEMO_NIND(1.0),30/04/26 23:00:00,A,GNUPRT,LV,2013,5.7,,
ESTAT:DEMO_NIND(1.0),30/04/26 23:00:00,A,GNUPRT,LV,2014,6.3,,
ESTAT:DEMO_NIND(1.0),30/04/26 23:00:00,A,GNUPRT,LV,2015,6.9,,
ESTAT:DEMO_NIND(1.0),30/04/26 23:00:00,A,GNUPRT,LV,2016,6.6,,
ESTAT:DEMO_NIND(1.0),30/04/26 23:00:00,A,GNUPRT,LV,2017,6.8,,
ESTAT:DEMO_NIND(1.0),30/04/26 23:00:00,A,GNUPRT,LV,2018,6.8,,
ESTAT:DEMO_NIND(1.0),30/04/26 23:00:00,A,GNUPRT,LV,2019,6.7,,
ESTAT:DEMO_NIND(1.0),30/04/26 23:00:00,A,GNUPRT,LV,2020,5.6,,
ESTAT:DEMO_NIND(1.0),30/04/26 23:00:00,A,GNUPRT,LV,2021,6.0,,
ESTAT:DEMO_NIND(1.0),30/04/26 23:00:00,A,GNUPRT,LV,2022,6.3,,
ESTAT:DEMO_NIND(1.0),30/04/26 23:00:00,A,GNUPRT,LV,2023,5.6,,
ESTAT:DEMO_NIND(1.0),30/04/26 23:00:00,A,GNUPRT,LV,2024,5.5,,
ESTAT:DEMO_NIND(1.0),30/04/26 23:00:00,A,GNUPRT,MC,2004,5.2,,
ESTAT:DEMO_NIND(1.0),30/04/26 23:00:00,A,GNUPRT,MC,2024,4.6,,
ESTAT:DEMO_NIND(1.0),30/04/26 23:00:00,A,GNUPRT,MD,2004,7.0,,
ESTAT:DEMO_NIND(1.0),30/04/26 23:00:00,A,GNUPRT,MD,2005,7.6,,
ESTAT:DEMO_NIND(1.0),30/04/26 23:00:00,A,GNUPRT,MD,2006,7.6,,
ESTAT:DEMO_NIND(1.0),30/04/26 23:00:00,A,GNUPRT,MD,2007,8.2,,
ESTAT:DEMO_NIND(1.0),30/04/26 23:00:00,A,GNUPRT,MD,2008,7.5,,
ESTAT:DEMO_NIND(1.0),30/04/26 23:00:00,A,GNUPRT,MD,2009,7.5,,
ESTAT:DEMO_NIND(1.0),30/04/26 23:00:00,A,GNUPRT,MD,2010,7.4,,
ESTAT:DEMO_NIND(1.0),30/04/26 23:00:00,A,GNUPRT,MD,2011,7.3,,
ESTAT:DEMO_NIND(1.0),30/04/26 23:00:00,A,GNUPRT,MD,2012,6.8,,
ESTAT:DEMO_NIND(1.0),30/04/26 23:00:00,A,GNUPRT,MD,2013,6.9,,
ESTAT:DEMO_NIND(1.0),30/04/26 23:00:00,A,GNUPRT,MD,2014,7.2,,
ESTAT:DEMO_NIND(1.0),30/04/26 23:00:00,A,GNUPRT,MD,2023,6.4,ep,
ESTAT:DEMO_NIND(1.0),30/04/26 23:00:00,A,GNUPRT,MD,2024,6.1,ep,
ESTAT:DEMO_NIND(1.0),30/04/26 23:00:00,A,GNUPRT,ME,2005,5.4,,
ESTAT:DEMO_NIND(1.0),30/04/26 23:00:00,A,GNUPRT,ME,2006,5.6,,
ESTAT:DEMO_NIND(1.0),30/04/26 23:00:00,A,GNUPRT,ME,2007,6.5,,
ESTAT:DEMO_NIND(1.0),30/04/26 23:00:00,A,GNUPRT,ME,2008,5.6,,
ESTAT:DEMO_NIND(1.0),30/04/26 23:00:00,A,GNUPRT,ME,2009,6.1,,
ESTAT:DEMO_NIND(1.0),30/04/26 23:00:00,A,GNUPRT,ME,2010,5.9,,
ESTAT:DEMO_NIND(1.0),30/04/26 23:00:00,A,GNUPRT,ME,2012,5.3,,
ESTAT:DEMO_NIND(1.0),30/04/26 23:00:00,A,GNUPRT,ME,2013,6.2,,
ESTAT:DEMO_NIND(1.0),30/04/26 23:00:00,A,GNUPRT,ME,2014,5.7,,
ESTAT:DEMO_NIND(1.0),30/04/26 23:00:00,A,GNUPRT,ME,2015,6.2,,
ESTAT:DEMO_NIND(1.0),30/04/26 23:00:00,A,GNUPRT,ME,2016,5.1,,
ESTAT:DEMO_NIND(1.0),30/04/26 23:00:00,A,GNUPRT,ME,2017,5.3,,
ESTAT:DEMO_NIND(1.0),30/04/26 23:00:00,A,GNUPRT,ME,2018,5.3,,
ESTAT:DEMO_NIND(1.0),30/04/26 23:00:00,A,GNUPRT,ME,2019,5.7,,
ESTAT:DEMO_NIND(1.0),30/04/26 23:00:00,A,GNUPRT,ME,2020,3.3,,
ESTAT:DEMO_NIND(1.0),30/04/26 23:00:00,A,GNUPRT,ME,2021,5.2,,
ESTAT:DEMO_NIND(1.0),30/04/26 23:00:00,A,GNUPRT,MK,1960,8.6,,
ESTAT:DEMO_NIND(1.0),30/04/26 23:00:00,A,GNUPRT,MK,1961,8.4,,
ESTAT:DEMO_NIND(1.0),30/04/26 23:00:00,A,GNUPRT,MK,1962,8.4,,
ESTAT:DEMO_NIND(1.0),30/04/26 23:00:00,A,GNUPRT,MK,1963,8.2,,
ESTAT:DEMO_NIND(1.0),30/04/26 23:00:00,A,GNUPRT,MK,1964,9.1,,
ESTAT:DEMO_NIND(1.0),30/04/26 23:00:00,A,GNUPRT,MK,1965,9.0,,
ESTAT:DEMO_NIND(1.0),30/04/26 23:00:00,A,GNUPRT,MK,1966,8.5,,
ESTAT:DEMO_NIND(1.0),30/04/26 23:00:00,A,GNUPRT,MK,1967,8.5,,
ESTAT:DEMO_NIND(1.0),30/04/26 23:00:00,A,GNUPRT,MK,1968,8.6,,
ESTAT:DEMO_NIND(1.0),30/04/26 23:00:00,A,GNUPRT,MK,1969,9.0,,
ESTAT:DEMO_NIND(1.0),30/04/26 23:00:00,A,GNUPRT,MK,1970,9.0,,
ESTAT:DEMO_NIND(1.0),30/04/26 23:00:00,A,GNUPRT,MK,1971,8.9,,
ESTAT:DEMO_NIND(1.0),30/04/26 23:00:00,A,GNUPRT,MK,1972,8.9,,
ESTAT:DEMO_NIND(1.0),30/04/26 23:00:00,A,GNUPRT,MK,1973,8.9,,
ESTAT:DEMO_NIND(1.0),30/04/26 23:00:00,A,GNUPRT,MK,1974,8.7,,
ESTAT:DEMO_NIND(1.0),30/04/26 23:00:00,A,GNUPRT,MK,1975,8.9,,
ESTAT:DEMO_NIND(1.0),30/04/26 23:00:00,A,GNUPRT,MK,1976,8.4,,
ESTAT:DEMO_NIND(1.0),30/04/26 23:00:00,A,GNUPRT,MK,1977,8.6,,
ESTAT:DEMO_NIND(1.0),30/04/26 23:00:00,A,GNUPRT,MK,1978,8.6,,
ESTAT:DEMO_NIND(1.0),30/04/26 23:00:00,A,GNUPRT,MK,1979,8.7,,
ESTAT:DEMO_NIND(1.0),30/04/26 23:00:00,A,GNUPRT,MK,1980,8.5,,
ESTAT:DEMO_NIND(1.0),30/04/26 23:00:00,A,GNUPRT,MK,1981,8.5,,
ESTAT:DEMO_NIND(1.0),30/04/26 23:00:00,A,GNUPRT,MK,1982,8.6,,
ESTAT:DEMO_NIND(1.0),30/04/26 23:00:00,A,GNUPRT,MK,1983,8.3,,
ESTAT:DEMO_NIND(1.0),30/04/26 23:00:00,A,GNUPRT,MK,1984,8.1,,
ESTAT:DEMO_NIND(1.0),30/04/26 23:00:00,A,GNUPRT,MK,1985,8.1,,
ESTAT:DEMO_NIND(1.0),30/04/26 23:00:00,A,GNUPRT,MK,1986,8.0,,
ESTAT:DEMO_NIND(1.0),30/04/26 23:00:00,A,GNUPRT,MK,1987,8.1,,
ESTAT:DEMO_NIND(1.0),30/04/26 23:00:00,A,GNUPRT,MK,1988,7.8,,
ESTAT:DEMO_NIND(1.0),30/04/26 23:00:00,A,GNUPRT,MK,1989,8.0,,
ESTAT:DEMO_NIND(1.0),30/04/26 23:00:00,A,GNUPRT,MK,1990,8.3,,
ESTAT:DEMO_NIND(1.0),30/04/26 23:00:00,A,GNUPRT,MK,1991,8.1,,
ESTAT:DEMO_NIND(1.0),30/04/26 23:00:00,A,GNUPRT,MK,1992,7.7,,
ESTAT:DEMO_NIND(1.0),30/04/26 23:00:00,A,GNUPRT,MK,1993,7.5,,
ESTAT:DEMO_NIND(1.0),30/04/26 23:00:00,A,GNUPRT,MK,1994,8.1,,
ESTAT:DEMO_NIND(1.0),30/04/26 23:00:00,A,GNUPRT,MK,1995,8.1,,
ESTAT:DEMO_NIND(1.0),30/04/26 23:00:00,A,GNUPRT,MK,1996,7.1,,
ESTAT:DEMO_NIND(1.0),30/04/26 23:00:00,A,GNUPRT,MK,1997,7.0,,
ESTAT:DEMO_NIND(1.0),30/04/26 23:00:00,A,GNUPRT,MK,1998,7.0,,
ESTAT:DEMO_NIND(1.0),30/04/26 23:00:00,A,GNUPRT,MK,1999,7.0,,
ESTAT:DEMO_NIND(1.0),30/04/26 23:00:00,A,GNUPRT,MK,2000,7.0,,
ESTAT:DEMO_NIND(1.0),30/04/26 23:00:00,A,GNUPRT,MK,2001,6.5,,
ESTAT:DEMO_NIND(1.0),30/04/26 23:00:00,A,GNUPRT,MK,2002,7.1,,
ESTAT:DEMO_NIND(1.0),30/04/26 23:00:00,A,GNUPRT,MK,2003,7.1,,
ESTAT:DEMO_NIND(1.0),30/04/26 23:00:00,A,GNUPRT,MK,2004,6.9,,
ESTAT:DEMO_NIND(1.0),30/04/26 23:00:00,A,GNUPRT,MK,2005,7.1,,
ESTAT:DEMO_NIND(1.0),30/04/26 23:00:00,A,GNUPRT,MK,2006,7.3,,
ESTAT:DEMO_NIND(1.0),30/04/26 23:00:00,A,GNUPRT,MK,2007,7.6,,
ESTAT:DEMO_NIND(1.0),30/04/26 23:00:00,A,GNUPRT,MK,2008,7.2,,
ESTAT:DEMO_NIND(1.0),30/04/26 23:00:00,A,GNUPRT,MK,2009,7.3,,
ESTAT:DEMO_NIND(1.0),30/04/26 23:00:00,A,GNUPRT,MK,2010,6.9,,
ESTAT:DEMO_NIND(1.0),30/04/26 23:00:00,A,GNUPRT,MK,2011,7.2,,
ESTAT:DEMO_NIND(1.0),30/04/26 23:00:00,A,GNUPRT,MK,2012,6.8,,
ESTAT:DEMO_NIND(1.0),30/04/26 23:00:00,A,GNUPRT,MK,2013,6.8,,
ESTAT:DEMO_NIND(1.0),30/04/26 23:00:00,A,GNUPRT,MK,2014,6.7,,
ESTAT:DEMO_NIND(1.0),30/04/26 23:00:00,A,GNUPRT,MK,2015,6.8,,
ESTAT:DEMO_NIND(1.0),30/04/26 23:00:00,A,GNUPRT,MK,2016,6.4,,
ESTAT:DEMO_NIND(1.0),30/04/26 23:00:00,A,GNUPRT,MK,2017,6.6,,
ESTAT:DEMO_NIND(1.0),30/04/26 23:00:00,A,GNUPRT,MK,2018,6.5,,
ESTAT:DEMO_NIND(1.0),30/04/26 23:00:00,A,GNUPRT,MK,2019,6.7,,
ESTAT:DEMO_NIND(1.0),30/04/26 23:00:00,A,GNUPRT,MK,2020,5.0,,
ESTAT:DEMO_NIND(1.0),30/04/26 23:00:00,A,GNUPRT,MK,2021,6.8,,
ESTAT:DEMO_NIND(1.0),30/04/26 23:00:00,A,GNUPRT,MT,1960,6.0,,
ESTAT:DEMO_NIND(1.0),30/04/26 23:00:00,A,GNUPRT,MT,1961,6.0,,
ESTAT:DEMO_NIND(1.0),30/04/26 23:00:00,A,GNUPRT,MT,1962,5.8,,
ESTAT:DEMO_NIND(1.0),30/04/26 23:00:00,A,GNUPRT,MT,1963,6.3,,
ESTAT:DEMO_NIND(1.0),30/04/26 23:00:00,A,GNUPRT,MT,1964,6.4,,
ESTAT:DEMO_NIND(1.0),30/04/26 23:00:00,A,GNUPRT,MT,1965,6.2,,
ESTAT:DEMO_NIND(1.0),30/04/26 23:00:00,A,GNUPRT,MT,1966,6.2,,
ESTAT:DEMO_NIND(1.0),30/04/26 23:00:00,A,GNUPRT,MT,1967,6.5,,
ESTAT:DEMO_NIND(1.0),30/04/26 23:00:00,A,GNUPRT,MT,1968,7.0,,
ESTAT:DEMO_NIND(1.0),30/04/26 23:00:00,A,GNUPRT,MT,1969,7.2,,
ESTAT:DEMO_NIND(1.0),30/04/26 23:00:00,A,GNUPRT,MT,1970,7.9,,
ESTAT:DEMO_NIND(1.0),30/04/26 23:00:00,A,GNUPRT,MT,1971,8.9,,
ESTAT:DEMO_NIND(1.0),30/04/26 23:00:00,A,GNUPRT,MT,1972,9.7,,
ESTAT:DEMO_NIND(1.0),30/04/26 23:00:00,A,GNUPRT,MT,1973,11.0,,
ESTAT:DEMO_NIND(1.0),30/04/26 23:00:00,A,GNUPRT,MT,1974,11.6,,
ESTAT:DEMO_NIND(1.0),30/04/26 23:00:00,A,GNUPRT,MT,1975,9.2,,
ESTAT:DEMO_NIND(1.0),30/04/26 23:00:00,A,GNUPRT,MT,1976,9.6,,
ESTAT:DEMO_NIND(1.0),30/04/26 23:00:00,A,GNUPRT,MT,1977,9.9,,
ESTAT:DEMO_NIND(1.0),30/04/26 23:00:00,A,GNUPRT,MT,1978,9.2,,
ESTAT:DEMO_NIND(1.0),30/04/26 23:00:00,A,GNUPRT,MT,1979,8.6,,
ESTAT:DEMO_NIND(1.0),30/04/26 23:00:00,A,GNUPRT,MT,1980,8.8,,
ESTAT:DEMO_NIND(1.0),30/04/26 23:00:00,A,GNUPRT,MT,1981,9.0,,
ESTAT:DEMO_NIND(1.0),30/04/26 23:00:00,A,GNUPRT,MT,1982,8.6,,
ESTAT:DEMO_NIND(1.0),30/04/26 23:00:00,A,GNUPRT,MT,1983,8.4,,
ESTAT:DEMO_NIND(1.0),30/04/26 23:00:00,A,GNUPRT,MT,1984,8.0,,
ESTAT:DEMO_NIND(1.0),30/04/26 23:00:00,A,GNUPRT,MT,1985,7.6,,
ESTAT:DEMO_NIND(1.0),30/04/26 23:00:00,A,GNUPRT,MT,1986,7.7,,
ESTAT:DEMO_NIND(1.0),30/04/26 23:00:00,A,GNUPRT,MT,1987,7.1,,
ESTAT:DEMO_NIND(1.0),30/04/26 23:00:00,A,GNUPRT,MT,1988,7.3,,
ESTAT:DEMO_NIND(1.0),30/04/26 23:00:00,A,GNUPRT,MT,1989,7.1,,
ESTAT:DEMO_NIND(1.0),30/04/26 23:00:00,A,GNUPRT,MT,1990,7.1,,
ESTAT:DEMO_NIND(1.0),30/04/26 23:00:00,A,GNUPRT,MT,1991,7.1,,
ESTAT:DEMO_NIND(1.0),30/04/26 23:00:00,A,GNUPRT,MT,1992,6.6,,
ESTAT:DEMO_NIND(1.0),30/04/26 23:00:00,A,GNUPRT,MT,1993,6.8,,
ESTAT:DEMO_NIND(1.0),30/04/26 23:00:00,A,GNUPRT,MT,1994,6.7,,
ESTAT:DEMO_NIND(1.0),30/04/26 23:00:00,A,GNUPRT,MT,1995,6.1,,
ESTAT:DEMO_NIND(1.0),30/04/26 23:00:00,A,GNUPRT,MT,1996,6.2,,
ESTAT:DEMO_NIND(1.0),30/04/26 23:00:00,A,GNUPRT,MT,1997,6.4,,
ESTAT:DEMO_NIND(1.0),30/04/26 23:00:00,A,GNUPRT,MT,1998,6.5,,
ESTAT:DEMO_NIND(1.0),30/04/26 23:00:00,A,GNUPRT,MT,1999,6.4,,
ESTAT:DEMO_NIND(1.0),30/04/26 23:00:00,A,GNUPRT,MT,2000,6.7,,
ESTAT:DEMO_NIND(1.0),30/04/26 23:00:00,A,GNUPRT,MT,2001,5.6,,
ESTAT:DEMO_NIND(1.0),30/04/26 23:00:00,A,GNUPRT,MT,2002,5.7,,
ESTAT:DEMO_NIND(1.0),30/04/26 23:00:00,A,GNUPRT,MT,2003,5.9,,
ESTAT:DEMO_NIND(1.0),30/04/26 23:00:00,A,GNUPRT,MT,2004,6.0,,
ESTAT:DEMO_NIND(1.0),30/04/26 23:00:00,A,GNUPRT,MT,2005,5.9,,
ESTAT:DEMO_NIND(1.0),30/04/26 23:00:00,A,GNUPRT,MT,2006,6.3,,
ESTAT:DEMO_NIND(1.0),30/04/26 23:00:00,A,GNUPRT,MT,2007,6.1,,
ESTAT:DEMO_NIND(1.0),30/04/26 23:00:00,A,GNUPRT,MT,2008,6.1,,
ESTAT:DEMO_NIND(1.0),30/04/26 23:00:00,A,GNUPRT,MT,2009,5.7,,
ESTAT:DEMO_NIND(1.0),30/04/26 23:00:00,A,GNUPRT,MT,2010,6.3,,
ESTAT:DEMO_NIND(1.0),30/04/26 23:00:00,A,GNUPRT,MT,2011,6.2,,
ESTAT:DEMO_NIND(1.0),30/04/26 23:00:00,A,GNUPRT,MT,2012,6.7,,
ESTAT:DEMO_NIND(1.0),30/04/26 23:00:00,A,GNUPRT,MT,2013,6.1,,
ESTAT:DEMO_NIND(1.0),30/04/26 23:00:00,A,GNUPRT,MT,2014,6.6,,
ESTAT:DEMO_NIND(1.0),30/04/26 23:00:00,A,GNUPRT,MT,2015,6.7,,
ESTAT:DEMO_NIND(1.0),30/04/26 23:00:00,A,GNUPRT,MT,2016,6.7,,
ESTAT:DEMO_NIND(1.0),30/04/26 23:00:00,A,GNUPRT,MT,2017,6.3,,
ESTAT:DEMO_NIND(1.0),30/04/26 23:00:00,A,GNUPRT,MT,2018,5.8,,
ESTAT:DEMO_NIND(1.0),30/04/26 23:00:00,A,GNUPRT,MT,2019,5.3,,
ESTAT:DEMO_NIND(1.0),30/04/26 23:00:00,A,GNUPRT,MT,2020,2.2,,
ESTAT:DEMO_NIND(1.0),30/04/26 23:00:00,A,GNUPRT,MT,2021,4.4,p,
ESTAT:DEMO_NIND(1.0),30/04/26 23:00:00,A,GNUPRT,MT,2022,4.8,,
ESTAT:DEMO_NIND(1.0),30/04/26 23:00:00,A,GNUPRT,MT,2023,4.2,,
ESTAT:DEMO_NIND(1.0),30/04/26 23:00:00,A,GNUPRT,MT,2024,4.1,,
ESTAT:DEMO_NIND(1.0),30/04/26 23:00:00,A,GNUPRT,NL,1960,7.7,,
ESTAT:DEMO_NIND(1.0),30/04/26 23:00:00,A,GNUPRT,NL,1961,7.9,,
ESTAT:DEMO_NIND(1.0),30/04/26 23:00:00,A,GNUPRT,NL,1962,7.9,,
ESTAT:DEMO_NIND(1.0),30/04/26 23:00:00,A,GNUPRT,NL,1963,7.9,,
ESTAT:DEMO_NIND(1.0),30/04/26 23:00:00,A,GNUPRT,NL,1964,8.5,,
ESTAT:DEMO_NIND(1.0),30/04/26 23:00:00,A,GNUPRT,NL,1965,8.8,,
ESTAT:DEMO_NIND(1.0),30/04/26 23:00:00,A,GNUPRT,NL,1966,9.0,,
ESTAT:DEMO_NIND(1.0),30/04/26 23:00:00,A,GNUPRT,NL,1967,9.1,,
ESTAT:DEMO_NIND(1.0),30/04/26 23:00:00,A,GNUPRT,NL,1968,9.2,,
ESTAT:DEMO_NIND(1.0),30/04/26 23:00:00,A,GNUPRT,NL,1969,9.1,,
ESTAT:DEMO_NIND(1.0),30/04/26 23:00:00,A,GNUPRT,NL,1970,9.5,,
ESTAT:DEMO_NIND(1.0),30/04/26 23:00:00,A,GNUPRT,NL,1971,9.3,,
ESTAT:DEMO_NIND(1.0),30/04/26 23:00:00,A,GNUPRT,NL,1972,8.8,,
ESTAT:DEMO_NIND(1.0),30/04/26 23:00:00,A,GNUPRT,NL,1973,8.0,,
ESTAT:DEMO_NIND(1.0),30/04/26 23:00:00,A,GNUPRT,NL,1974,8.1,,
ESTAT:DEMO_NIND(1.0),30/04/26 23:00:00,A,GNUPRT,NL,1975,7.3,,
ESTAT:DEMO_NIND(1.0),30/04/26 23:00:00,A,GNUPRT,NL,1976,7.0,,
ESTAT:DEMO_NIND(1.0),30/04/26 23:00:00,A,GNUPRT,NL,1977,6.7,,
ESTAT:DEMO_NIND(1.0),30/04/26 23:00:00,A,GNUPRT,NL,1978,6.4,,
ESTAT:DEMO_NIND(1.0),30/04/26 23:00:00,A,GNUPRT,NL,1979,6.1,,
ESTAT:DEMO_NIND(1.0),30/04/26 23:00:00,A,GNUPRT,NL,1980,6.4,,
ESTAT:DEMO_NIND(1.0),30/04/26 23:00:00,A,GNUPRT,NL,1981,6.0,,
ESTAT:DEMO_NIND(1.0),30/04/26 23:00:00,A,GNUPRT,NL,1982,5.8,,
ESTAT:DEMO_NIND(1.0),30/04/26 23:00:00,A,GNUPRT,NL,1983,5.4,,
ESTAT:DEMO_NIND(1.0),30/04/26 23:00:00,A,GNUPRT,NL,1984,5.6,,
ESTAT:DEMO_NIND(1.0),30/04/26 23:00:00,A,GNUPRT,NL,1985,5.7,,
ESTAT:DEMO_NIND(1.0),30/04/26 23:00:00,A,GNUPRT,NL,1986,6.0,,
ESTAT:DEMO_NIND(1.0),30/04/26 23:00:00,A,GNUPRT,NL,1987,6.0,,
ESTAT:DEMO_NIND(1.0),30/04/26 23:00:00,A,GNUPRT,NL,1988,6.0,,
ESTAT:DEMO_NIND(1.0),30/04/26 23:00:00,A,GNUPRT,NL,1989,6.2,,
ESTAT:DEMO_NIND(1.0),30/04/26 23:00:00,A,GNUPRT,NL,1990,6.5,,
ESTAT:DEMO_NIND(1.0),30/04/26 23:00:00,A,GNUPRT,NL,1991,6.4,,
ESTAT:DEMO_NIND(1.0),30/04/26 23:00:00,A,GNUPRT,NL,1992,6.2,,
ESTAT:DEMO_NIND(1.0),30/04/26 23:00:00,A,GNUPRT,NL,1993,5.8,,
ESTAT:DEMO_NIND(1.0),30/04/26 23:00:00,A,GNUPRT,NL,1994,5.4,,
ESTAT:DEMO_NIND(1.0),30/04/26 23:00:00,A,GNUPRT,NL,1995,5.3,,
ESTAT:DEMO_NIND(1.0),30/04/26 23:00:00,A,GNUPRT,NL,1996,5.5,,
ESTAT:DEMO_NIND(1.0),30/04/26 23:00:00,A,GNUPRT,NL,1997,5.4,,
ESTAT:DEMO_NIND(1.0),30/04/26 23:00:00,A,GNUPRT,NL,1998,5.5,,
ESTAT:DEMO_NIND(1.0),30/04/26 23:00:00,A,GNUPRT,NL,1999,5.7,,
ESTAT:DEMO_NIND(1.0),30/04/26 23:00:00,A,GNUPRT,NL,2000,5.5,,
ESTAT:DEMO_NIND(1.0),30/04/26 23:00:00,A,GNUPRT,NL,2001,5.0,,
ESTAT:DEMO_NIND(1.0),30/04/26 23:00:00,A,GNUPRT,NL,2002,5.2,,
ESTAT:DEMO_NIND(1.0),30/04/26 23:00:00,A,GNUPRT,NL,2003,4.9,,
ESTAT:DEMO_NIND(1.0),30/04/26 23:00:00,A,GNUPRT,NL,2004,4.4,,
ESTAT:DEMO_NIND(1.0),30/04/26 23:00:00,A,GNUPRT,NL,2005,4.4,,
ESTAT:DEMO_NIND(1.0),30/04/26 23:00:00,A,GNUPRT,NL,2006,4.4,,
ESTAT:DEMO_NIND(1.0),30/04/26 23:00:00,A,GNUPRT,NL,2007,4.3,,
ESTAT:DEMO_NIND(1.0),30/04/26 23:00:00,A,GNUPRT,NL,2008,4.5,,
ESTAT:DEMO_NIND(1.0),30/04/26 23:00:00,A,GNUPRT,NL,2009,4.4,,
ESTAT:DEMO_NIND(1.0),30/04/26 23:00:00,A,GNUPRT,NL,2010,4.5,,
ESTAT:DEMO_NIND(1.0),30/04/26 23:00:00,A,GNUPRT,NL,2011,4.3,,
ESTAT:DEMO_NIND(1.0),30/04/26 23:00:00,A,GNUPRT,NL,2012,4.2,,
ESTAT:DEMO_NIND(1.0),30/04/26 23:00:00,A,GNUPRT,NL,2013,3.8,,
ESTAT:DEMO_NIND(1.0),30/04/26 23:00:00,A,GNUPRT,NL,2014,3.9,,
ESTAT:DEMO_NIND(1.0),30/04/26 23:00:00,A,GNUPRT,NL,2015,3.8,,
ESTAT:DEMO_NIND(1.0),30/04/26 23:00:00,A,GNUPRT,NL,2016,3.8,,
ESTAT:DEMO_NIND(1.0),30/04/26 23:00:00,A,GNUPRT,NL,2017,3.8,,
ESTAT:DEMO_NIND(1.0),30/04/26 23:00:00,A,GNUPRT,NL,2018,3.7,,
ESTAT:DEMO_NIND(1.0),30/04/26 23:00:00,A,GNUPRT,NL,2019,3.7,,
ESTAT:DEMO_NIND(1.0),30/04/26 23:00:00,A,GNUPRT,NL,2020,2.9,,
ESTAT:DEMO_NIND(1.0),30/04/26 23:00:00,A,GNUPRT,NL,2021,3.2,,
ESTAT:DEMO_NIND(1.0),30/04/26 23:00:00,A,GNUPRT,NL,2022,4.0,,
ESTAT:DEMO_NIND(1.0),30/04/26 23:00:00,A,GNUPRT,NL,2023,3.8,,
ESTAT:DEMO_NIND(1.0),30/04/26 23:00:00,A,GNUPRT,NL,2024,3.8,,
ESTAT:DEMO_NIND(1.0),30/04/26 23:00:00,A,GNUPRT,NO,1960,6.6,,
ESTAT:DEMO_NIND(1.0),30/04/26 23:00:00,A,GNUPRT,NO,1961,6.7,,
ESTAT:DEMO_NIND(1.0),30/04/26 23:00:00,A,GNUPRT,NO,1962,6.6,,
ESTAT:DEMO_NIND(1.0),30/04/26 23:00:00,A,GNUPRT,NO,1963,6.6,,
ESTAT:DEMO_NIND(1.0),30/04/26 23:00:00,A,GNUPRT,NO,1964,6.8,,
ESTAT:DEMO_NIND(1.0),30/04/26 23:00:00,A,GNUPRT,NO,1965,6.5,,
ESTAT:DEMO_NIND(1.0),30/04/26 23:00:00,A,GNUPRT,NO,1966,7.4,,
ESTAT:DEMO_NIND(1.0),30/04/26 23:00:00,A,GNUPRT,NO,1967,7.7,,
ESTAT:DEMO_NIND(1.0),30/04/26 23:00:00,A,GNUPRT,NO,1968,7.7,,
ESTAT:DEMO_NIND(1.0),30/04/26 23:00:00,A,GNUPRT,NO,1969,7.7,,
ESTAT:DEMO_NIND(1.0),30/04/26 23:00:00,A,GNUPRT,NO,1970,7.6,,
ESTAT:DEMO_NIND(1.0),30/04/26 23:00:00,A,GNUPRT,NO,1971,7.6,,
ESTAT:DEMO_NIND(1.0),30/04/26 23:00:00,A,GNUPRT,NO,1972,7.3,,
ESTAT:DEMO_NIND(1.0),30/04/26 23:00:00,A,GNUPRT,NO,1973,7.1,,
ESTAT:DEMO_NIND(1.0),30/04/26 23:00:00,A,GNUPRT,NO,1974,6.9,,
ESTAT:DEMO_NIND(1.0),30/04/26 23:00:00,A,GNUPRT,NO,1975,6.5,,
ESTAT:DEMO_NIND(1.0),30/04/26 23:00:00,A,GNUPRT,NO,1976,6.3,,
ESTAT:DEMO_NIND(1.0),30/04/26 23:00:00,A,GNUPRT,NO,1977,5.9,,
ESTAT:DEMO_NIND(1.0),30/04/26 23:00:00,A,GNUPRT,NO,1978,5.8,,
ESTAT:DEMO_NIND(1.0),30/04/26 23:00:00,A,GNUPRT,NO,1979,5.7,,
ESTAT:DEMO_NIND(1.0),30/04/26 23:00:00,A,GNUPRT,NO,1980,5.4,,
ESTAT:DEMO_NIND(1.0),30/04/26 23:00:00,A,GNUPRT,NO,1981,5.4,,
ESTAT:DEMO_NIND(1.0),30/04/26 23:00:00,A,GNUPRT,NO,1982,5.3,,
ESTAT:DEMO_NIND(1.0),30/04/26 23:00:00,A,GNUPRT,NO,1983,5.0,,
ESTAT:DEMO_NIND(1.0),30/04/26 23:00:00,A,GNUPRT,NO,1984,5.0,,
ESTAT:DEMO_NIND(1.0),30/04/26 23:00:00,A,GNUPRT,NO,1985,4.9,,
ESTAT:DEMO_NIND(1.0),30/04/26 23:00:00,A,GNUPRT,NO,1986,4.9,,
ESTAT:DEMO_NIND(1.0),30/04/26 23:00:00,A,GNUPRT,NO,1987,5.0,,
ESTAT:DEMO_NIND(1.0),30/04/26 23:00:00,A,GNUPRT,NO,1988,5.2,,
ESTAT:DEMO_NIND(1.0),30/04/26 23:00:00,A,GNUPRT,NO,1989,4.9,,
ESTAT:DEMO_NIND(1.0),30/04/26 23:00:00,A,GNUPRT,NO,1990,5.2,,
ESTAT:DEMO_NIND(1.0),30/04/26 23:00:00,A,GNUPRT,NO,1991,4.7,,
ESTAT:DEMO_NIND(1.0),30/04/26 23:00:00,A,GNUPRT,NO,1992,4.5,,
ESTAT:DEMO_NIND(1.0),30/04/26 23:00:00,A,GNUPRT,NO,1993,4.5,,
ESTAT:DEMO_NIND(1.0),30/04/26 23:00:00,A,GNUPRT,NO,1994,4.8,,
ESTAT:DEMO_NIND(1.0),30/04/26 23:00:00,A,GNUPRT,NO,1995,5.0,,
ESTAT:DEMO_NIND(1.0),30/04/26 23:00:00,A,GNUPRT,NO,1996,5.3,,
ESTAT:DEMO_NIND(1.0),30/04/26 23:00:00,A,GNUPRT,NO,1997,5.4,,
ESTAT:DEMO_NIND(1.0),30/04/26 23:00:00,A,GNUPRT,NO,1998,5.3,,
ESTAT:DEMO_NIND(1.0),30/04/26 23:00:00,A,GNUPRT,NO,1999,5.3,,
ESTAT:DEMO_NIND(1.0),30/04/26 23:00:00,A,GNUPRT,NO,2000,5.0,,
ESTAT:DEMO_NIND(1.0),30/04/26 23:00:00,A,GNUPRT,NO,2001,4.4,,
ESTAT:DEMO_NIND(1.0),30/04/26 23:00:00,A,GNUPRT,NO,2002,4.5,,
ESTAT:DEMO_NIND(1.0),30/04/26 23:00:00,A,GNUPRT,NO,2003,4.9,,
ESTAT:DEMO_NIND(1.0),30/04/26 23:00:00,A,GNUPRT,NO,2004,4.1,,
ESTAT:DEMO_NIND(1.0),30/04/26 23:00:00,A,GNUPRT,NO,2005,4.8,,
ESTAT:DEMO_NIND(1.0),30/04/26 23:00:00,A,GNUPRT,NO,2006,4.7,,
ESTAT:DEMO_NIND(1.0),30/04/26 23:00:00,A,GNUPRT,NO,2007,5.0,,
ESTAT:DEMO_NIND(1.0),30/04/26 23:00:00,A,GNUPRT,NO,2008,5.3,,
ESTAT:DEMO_NIND(1.0),30/04/26 23:00:00,A,GNUPRT,NO,2009,5.0,,
ESTAT:DEMO_NIND(1.0),30/04/26 23:00:00,A,GNUPRT,NO,2010,4.8,,
ESTAT:DEMO_NIND(1.0),30/04/26 23:00:00,A,GNUPRT,NO,2011,4.6,,
ESTAT:DEMO_NIND(1.0),30/04/26 23:00:00,A,GNUPRT,NO,2012,4.8,,
ESTAT:DEMO_NIND(1.0),30/04/26 23:00:00,A,GNUPRT,NO,2013,4.7,,
ESTAT:DEMO_NIND(1.0),30/04/26 23:00:00,A,GNUPRT,NO,2014,4.6,,
ESTAT:DEMO_NIND(1.0),30/04/26 23:00:00,A,GNUPRT,NO,2015,4.5,,
ESTAT:DEMO_NIND(1.0),30/04/26 23:00:00,A,GNUPRT,NO,2016,4.5,,
ESTAT:DEMO_NIND(1.0),30/04/26 23:00:00,A,GNUPRT,NO,2017,4.4,,
ESTAT:DEMO_NIND(1.0),30/04/26 23:00:00,A,GNUPRT,NO,2018,4.3,,
ESTAT:DEMO_NIND(1.0),30/04/26 23:00:00,A,GNUPRT,NO,2019,4.0,,
ESTAT:DEMO_NIND(1.0),30/04/26 23:00:00,A,GNUPRT,NO,2020,3.3,,
ESTAT:DEMO_NIND(1.0),30/04/26 23:00:00,A,GNUPRT,PL,1960,8.2,,
ESTAT:DEMO_NIND(1.0),30/04/26 23:00:00,A,GNUPRT,PL,1961,7.9,,
ESTAT:DEMO_NIND(1.0),30/04/26 23:00:00,A,GNUPRT,PL,1962,7.5,,
ESTAT:DEMO_NIND(1.0),30/04/26 23:00:00,A,GNUPRT,PL,1963,7.2,,
ESTAT:DEMO_NIND(1.0),30/04/26 23:00:00,A,GNUPRT,PL,1964,7.4,,
ESTAT:DEMO_NIND(1.0),30/04/26 23:00:00,A,GNUPRT,PL,1965,6.4,,
ESTAT:DEMO_NIND(1.0),30/04/26 23:00:00,A,GNUPRT,PL,1966,7.1,,
ESTAT:DEMO_NIND(1.0),30/04/26 23:00:00,A,GNUPRT,PL,1967,7.4,,
ESTAT:DEMO_NIND(1.0),30/04/26 23:00:00,A,GNUPRT,PL,1968,8.0,,
ESTAT:DEMO_NIND(1.0),30/04/26 23:00:00,A,GNUPRT,PL,1969,8.3,,
ESTAT:DEMO_NIND(1.0),30/04/26 23:00:00,A,GNUPRT,PL,1970,8.6,,
ESTAT:DEMO_NIND(1.0),30/04/26 23:00:00,A,GNUPRT,PL,1971,8.9,,
ESTAT:DEMO_NIND(1.0),30/04/26 23:00:00,A,GNUPRT,PL,1972,9.3,,
ESTAT:DEMO_NIND(1.0),30/04/26 23:00:00,A,GNUPRT,PL,1973,9.4,,
ESTAT:DEMO_NIND(1.0),30/04/26 23:00:00,A,GNUPRT,PL,1974,9.5,,
ESTAT:DEMO_NIND(1.0),30/04/26 23:00:00,A,GNUPRT,PL,1975,9.7,,
ESTAT:DEMO_NIND(1.0),30/04/26 23:00:00,A,GNUPRT,PL,1976,9.5,,
ESTAT:DEMO_NIND(1.0),30/04/26 23:00:00,A,GNUPRT,PL,1977,9.4,,
ESTAT:DEMO_NIND(1.0),30/04/26 23:00:00,A,GNUPRT,PL,1978,9.4,,
ESTAT:DEMO_NIND(1.0),30/04/26 23:00:00,A,GNUPRT,PL,1979,9.0,,
ESTAT:DEMO_NIND(1.0),30/04/26 23:00:00,A,GNUPRT,PL,1980,8.6,,
ESTAT:DEMO_NIND(1.0),30/04/26 23:00:00,A,GNUPRT,PL,1981,9.0,,
ESTAT:DEMO_NIND(1.0),30/04/26 23:00:00,A,GNUPRT,PL,1982,8.7,,
ESTAT:DEMO_NIND(1.0),30/04/26 23:00:00,A,GNUPRT,PL,1983,8.4,,
ESTAT:DEMO_NIND(1.0),30/04/26 23:00:00,A,GNUPRT,PL,1984,7.7,,
ESTAT:DEMO_NIND(1.0),30/04/26 23:00:00,A,GNUPRT,PL,1985,7.2,,
ESTAT:DEMO_NIND(1.0),30/04/26 23:00:00,A,GNUPRT,PL,1986,6.9,,
ESTAT:DEMO_NIND(1.0),30/04/26 23:00:00,A,GNUPRT,PL,1987,6.7,,
ESTAT:DEMO_NIND(1.0),30/04/26 23:00:00,A,GNUPRT,PL,1988,6.5,,
ESTAT:DEMO_NIND(1.0),30/04/26 23:00:00,A,GNUPRT,PL,1989,6.7,,
ESTAT:DEMO_NIND(1.0),30/04/26 23:00:00,A,GNUPRT,PL,1990,6.7,,
ESTAT:DEMO_NIND(1.0),30/04/26 23:00:00,A,GNUPRT,PL,1991,6.1,,
ESTAT:DEMO_NIND(1.0),30/04/26 23:00:00,A,GNUPRT,PL,1992,5.7,,
ESTAT:DEMO_NIND(1.0),30/04/26 23:00:00,A,GNUPRT,PL,1993,5.4,,
ESTAT:DEMO_NIND(1.0),30/04/26 23:00:00,A,GNUPRT,PL,1994,5.4,,
ESTAT:DEMO_NIND(1.0),30/04/26 23:00:00,A,GNUPRT,PL,1995,5.4,,
ESTAT:DEMO_NIND(1.0),30/04/26 23:00:00,A,GNUPRT,PL,1996,5.3,,
ESTAT:DEMO_NIND(1.0),30/04/26 23:00:00,A,GNUPRT,PL,1997,5.3,,
ESTAT:DEMO_NIND(1.0),30/04/26 23:00:00,A,GNUPRT,PL,1998,5.4,,
ESTAT:DEMO_NIND(1.0),30/04/26 23:00:00,A,GNUPRT,PL,1999,5.7,,
ESTAT:DEMO_NIND(1.0),30/04/26 23:00:00,A,GNUPRT,PL,2000,5.5,,
ESTAT:DEMO_NIND(1.0),30/04/26 23:00:00,A,GNUPRT,PL,2001,5.1,,
ESTAT:DEMO_NIND(1.0),30/04/26 23:00:00,A,GNUPRT,PL,2002,5.0,,
ESTAT:DEMO_NIND(1.0),30/04/26 23:00:00,A,GNUPRT,PL,2003,5.1,,
ESTAT:DEMO_NIND(1.0),30/04/26 23:00:00,A,GNUPRT,PL,2004,5.0,,
ESTAT:DEMO_NIND(1.0),30/04/26 23:00:00,A,GNUPRT,PL,2005,5.4,,
ESTAT:DEMO_NIND(1.0),30/04/26 23:00:00,A,GNUPRT,PL,2006,5.9,,
ESTAT:DEMO_NIND(1.0),30/04/26 23:00:00,A,GNUPRT,PL,2007,6.5,,
ESTAT:DEMO_NIND(1.0),30/04/26 23:00:00,A,GNUPRT,PL,2008,6.8,,
ESTAT:DEMO_NIND(1.0),30/04/26 23:00:00,A,GNUPRT,PL,2009,6.6,b,
ESTAT:DEMO_NIND(1.0),30/04/26 23:00:00,A,GNUPRT,PL,2010,6.0,,
ESTAT:DEMO_NIND(1.0),30/04/26 23:00:00,A,GNUPRT,PL,2011,5.4,,
ESTAT:DEMO_NIND(1.0),30/04/26 23:00:00,A,GNUPRT,PL,2012,5.4,,
ESTAT:DEMO_NIND(1.0),30/04/26 23:00:00,A,GNUPRT,PL,2013,4.7,,
ESTAT:DEMO_NIND(1.0),30/04/26 23:00:00,A,GNUPRT,PL,2014,5.0,,
ESTAT:DEMO_NIND(1.0),30/04/26 23:00:00,A,GNUPRT,PL,2015,5.0,,
ESTAT:DEMO_NIND(1.0),30/04/26 23:00:00,A,GNUPRT,PL,2016,5.1,,
ESTAT:DEMO_NIND(1.0),30/04/26 23:00:00,A,GNUPRT,PL,2017,5.1,,
ESTAT:DEMO_NIND(1.0),30/04/26 23:00:00,A,GNUPRT,PL,2018,5.1,,
ESTAT:DEMO_NIND(1.0),30/04/26 23:00:00,A,GNUPRT,PL,2019,4.8,,
ESTAT:DEMO_NIND(1.0),30/04/26 23:00:00,A,GNUPRT,PL,2020,3.8,ep,
ESTAT:DEMO_NIND(1.0),30/04/26 23:00:00,A,GNUPRT,PL,2021,4.5,ep,
ESTAT:DEMO_NIND(1.0),30/04/26 23:00:00,A,GNUPRT,PL,2022,4.2,,
ESTAT:DEMO_NIND(1.0),30/04/26 23:00:00,A,GNUPRT,PL,2023,4.0,ep,
ESTAT:DEMO_NIND(1.0),30/04/26 23:00:00,A,GNUPRT,PL,2024,3.7,,
ESTAT:DEMO_NIND(1.0),30/04/26 23:00:00,A,GNUPRT,PT,1960,7.8,,
ESTAT:DEMO_NIND(1.0),30/04/26 23:00:00,A,GNUPRT,PT,1961,8.8,,
ESTAT:DEMO_NIND(1.0),30/04/26 23:00:00,A,GNUPRT,PT,1962,7.9,,
ESTAT:DEMO_NIND(1.0),30/04/26 23:00:00,A,GNUPRT,PT,1963,7.9,,
ESTAT:DEMO_NIND(1.0),30/04/26 23:00:00,A,GNUPRT,PT,1964,8.1,,
ESTAT:DEMO_NIND(1.0),30/04/26 23:00:00,A,GNUPRT,PT,1965,8.4,,
ESTAT:DEMO_NIND(1.0),30/04/26 23:00:00,A,GNUPRT,PT,1966,8.6,,
ESTAT:DEMO_NIND(1.0),30/04/26 23:00:00,A,GNUPRT,PT,1967,8.9,,
ESTAT:DEMO_NIND(1.0),30/04/26 23:00:00,A,GNUPRT,PT,1968,8.7,,
ESTAT:DEMO_NIND(1.0),30/04/26 23:00:00,A,GNUPRT,PT,1969,9.0,,
ESTAT:DEMO_NIND(1.0),30/04/26 23:00:00,A,GNUPRT,PT,1970,9.4,,
ESTAT:DEMO_NIND(1.0),30/04/26 23:00:00,A,GNUPRT,PT,1971,9.7,,
ESTAT:DEMO_NIND(1.0),30/04/26 23:00:00,A,GNUPRT,PT,1972,9.0,,
ESTAT:DEMO_NIND(1.0),30/04/26 23:00:00,A,GNUPRT,PT,1973,9.8,,
ESTAT:DEMO_NIND(1.0),30/04/26 23:00:00,A,GNUPRT,PT,1974,9.3,,
ESTAT:DEMO_NIND(1.0),30/04/26 23:00:00,A,GNUPRT,PT,1975,11.3,,
ESTAT:DEMO_NIND(1.0),30/04/26 23:00:00,A,GNUPRT,PT,1976,10.9,,
ESTAT:DEMO_NIND(1.0),30/04/26 23:00:00,A,GNUPRT,PT,1977,9.7,,
ESTAT:DEMO_NIND(1.0),30/04/26 23:00:00,A,GNUPRT,PT,1978,8.5,,
ESTAT:DEMO_NIND(1.0),30/04/26 23:00:00,A,GNUPRT,PT,1979,8.3,,
ESTAT:DEMO_NIND(1.0),30/04/26 23:00:00,A,GNUPRT,PT,1980,7.4,,
ESTAT:DEMO_NIND(1.0),30/04/26 23:00:00,A,GNUPRT,PT,1981,7.7,,
ESTAT:DEMO_NIND(1.0),30/04/26 23:00:00,A,GNUPRT,PT,1982,7.4,,
ESTAT:DEMO_NIND(1.0),30/04/26 23:00:00,A,GNUPRT,PT,1983,7.5,,
ESTAT:DEMO_NIND(1.0),30/04/26 23:00:00,A,GNUPRT,PT,1984,7.0,,
ESTAT:DEMO_NIND(1.0),30/04/26 23:00:00,A,GNUPRT,PT,1985,6.8,,
ESTAT:DEMO_NIND(1.0),30/04/26 23:00:00,A,GNUPRT,PT,1986,6.9,,
ESTAT:DEMO_NIND(1.0),30/04/26 23:00:00,A,GNUPRT,PT,1987,7.1,,
ESTAT:DEMO_NIND(1.0),30/04/26 23:00:00,A,GNUPRT,PT,1988,7.1,,
ESTAT:DEMO_NIND(1.0),30/04/26 23:00:00,A,GNUPRT,PT,1989,7.3,,
ESTAT:DEMO_NIND(1.0),30/04/26 23:00:00,A,GNUPRT,PT,1990,7.2,,
ESTAT:DEMO_NIND(1.0),30/04/26 23:00:00,A,GNUPRT,PT,1991,7.2,,
ESTAT:DEMO_NIND(1.0),30/04/26 23:00:00,A,GNUPRT,PT,1992,7.0,,
ESTAT:DEMO_NIND(1.0),30/04/26 23:00:00,A,GNUPRT,PT,1993,6.8,,
ESTAT:DEMO_NIND(1.0),30/04/26 23:00:00,A,GNUPRT,PT,1994,6.6,,
ESTAT:DEMO_NIND(1.0),30/04/26 23:00:00,A,GNUPRT,PT,1995,6.6,,
ESTAT:DEMO_NIND(1.0),30/04/26 23:00:00,A,GNUPRT,PT,1996,6.3,,
ESTAT:DEMO_NIND(1.0),30/04/26 23:00:00,A,GNUPRT,PT,1997,6.5,,
ESTAT:DEMO_NIND(1.0),30/04/26 23:00:00,A,GNUPRT,PT,1998,6.6,,
ESTAT:DEMO_NIND(1.0),30/04/26 23:00:00,A,GNUPRT,PT,1999,6.7,,
ESTAT:DEMO_NIND(1.0),30/04/26 23:00:00,A,GNUPRT,PT,2000,6.2,,
ESTAT:DEMO_NIND(1.0),30/04/26 23:00:00,A,GNUPRT,PT,2001,5.6,,
ESTAT:DEMO_NIND(1.0),30/04/26 23:00:00,A,GNUPRT,PT,2002,5.4,,
ESTAT:DEMO_NIND(1.0),30/04/26 23:00:00,A,GNUPRT,PT,2003,5.1,,
ESTAT:DEMO_NIND(1.0),30/04/26 23:00:00,A,GNUPRT,PT,2004,4.7,,
ESTAT:DEMO_NIND(1.0),30/04/26 23:00:00,A,GNUPRT,PT,2005,4.6,,
ESTAT:DEMO_NIND(1.0),30/04/26 23:00:00,A,GNUPRT,PT,2006,4.5,,
ESTAT:DEMO_NIND(1.0),30/04/26 23:00:00,A,GNUPRT,PT,2007,4.4,,
ESTAT:DEMO_NIND(1.0),30/04/26 23:00:00,A,GNUPRT,PT,2008,4.1,,
ESTAT:DEMO_NIND(1.0),30/04/26 23:00:00,A,GNUPRT,PT,2009,3.8,,
ESTAT:DEMO_NIND(1.0),30/04/26 23:00:00,A,GNUPRT,PT,2010,3.8,,
ESTAT:DEMO_NIND(1.0),30/04/26 23:00:00,A,GNUPRT,PT,2011,3.4,,
ESTAT:DEMO_NIND(1.0),30/04/26 23:00:00,A,GNUPRT,PT,2012,3.3,,
ESTAT:DEMO_NIND(1.0),30/04/26 23:00:00,A,GNUPRT,PT,2013,3.1,,
ESTAT:DEMO_NIND(1.0),30/04/26 23:00:00,A,GNUPRT,PT,2014,3.0,,
ESTAT:DEMO_NIND(1.0),30/04/26 23:00:00,A,GNUPRT,PT,2015,3.1,,
ESTAT:DEMO_NIND(1.0),30/04/26 23:00:00,A,GNUPRT,PT,2016,3.1,,
ESTAT:DEMO_NIND(1.0),30/04/26 23:00:00,A,GNUPRT,PT,2017,3.3,,
ESTAT:DEMO_NIND(1.0),30/04/26 23:00:00,A,GNUPRT,PT,2018,3.4,,
ESTAT:DEMO_NIND(1.0),30/04/26 23:00:00,A,GNUPRT,PT,2019,3.2,,
ESTAT:DEMO_NIND(1.0),30/04/26 23:00:00,A,GNUPRT,PT,2020,1.8,,
ESTAT:DEMO_NIND(1.0),30/04/26 23:00:00,A,GNUPRT,PT,2021,2.8,,
ESTAT:DEMO_NIND(1.0),30/04/26 23:00:00,A,GNUPRT,PT,2022,3.5,,
ESTAT:DEMO_NIND(1.0),30/04/26 23:00:00,A,GNUPRT,PT,2023,3.5,,
ESTAT:DEMO_NIND(1.0),30/04/26 23:00:00,A,GNUPRT,PT,2024,3.4,,
ESTAT:DEMO_NIND(1.0),30/04/26 23:00:00,A,GNUPRT,RO,1960,10.7,,
ESTAT:DEMO_NIND(1.0),30/04/26 23:00:00,A,GNUPRT,RO,1961,9.7,,
ESTAT:DEMO_NIND(1.0),30/04/26 23:00:00,A,GNUPRT,RO,1962,9.9,,
ESTAT:DEMO_NIND(1.0),30/04/26 23:00:00,A,GNUPRT,RO,1963,9.3,,
ESTAT:DEMO_NIND(1.0),30/04/26 23:00:00,A,GNUPRT,RO,1964,9.0,,
ESTAT:DEMO_NIND(1.0),30/04/26 23:00:00,A,GNUPRT,RO,1965,8.6,,
ESTAT:DEMO_NIND(1.0),30/04/26 23:00:00,A,GNUPRT,RO,1966,8.9,,
ESTAT:DEMO_NIND(1.0),30/04/26 23:00:00,A,GNUPRT,RO,1967,7.9,,
ESTAT:DEMO_NIND(1.0),30/04/26 23:00:00,A,GNUPRT,RO,1968,7.4,,
ESTAT:DEMO_NIND(1.0),30/04/26 23:00:00,A,GNUPRT,RO,1969,7.0,,
ESTAT:DEMO_NIND(1.0),30/04/26 23:00:00,A,GNUPRT,RO,1970,7.2,,
ESTAT:DEMO_NIND(1.0),30/04/26 23:00:00,A,GNUPRT,RO,1971,7.3,,
ESTAT:DEMO_NIND(1.0),30/04/26 23:00:00,A,GNUPRT,RO,1972,7.6,,
ESTAT:DEMO_NIND(1.0),30/04/26 23:00:00,A,GNUPRT,RO,1973,8.2,,
ESTAT:DEMO_NIND(1.0),30/04/26 23:00:00,A,GNUPRT,RO,1974,8.3,,
ESTAT:DEMO_NIND(1.0),30/04/26 23:00:00,A,GNUPRT,RO,1975,8.8,,
ESTAT:DEMO_NIND(1.0),30/04/26 23:00:00,A,GNUPRT,RO,1976,9.1,,
ESTAT:DEMO_NIND(1.0),30/04/26 23:00:00,A,GNUPRT,RO,1977,9.2,,
ESTAT:DEMO_NIND(1.0),30/04/26 23:00:00,A,GNUPRT,RO,1978,9.2,,
ESTAT:DEMO_NIND(1.0),30/04/26 23:00:00,A,GNUPRT,RO,1979,9.0,,
ESTAT:DEMO_NIND(1.0),30/04/26 23:00:00,A,GNUPRT,RO,1980,8.2,,
ESTAT:DEMO_NIND(1.0),30/04/26 23:00:00,A,GNUPRT,RO,1981,8.2,,
ESTAT:DEMO_NIND(1.0),30/04/26 23:00:00,A,GNUPRT,RO,1982,7.7,,
ESTAT:DEMO_NIND(1.0),30/04/26 23:00:00,A,GNUPRT,RO,1983,7.3,,
ESTAT:DEMO_NIND(1.0),30/04/26 23:00:00,A,GNUPRT,RO,1984,7.2,,
ESTAT:DEMO_NIND(1.0),30/04/26 23:00:00,A,GNUPRT,RO,1985,7.1,,
ESTAT:DEMO_NIND(1.0),30/04/26 23:00:00,A,GNUPRT,RO,1986,7.3,,
ESTAT:DEMO_NIND(1.0),30/04/26 23:00:00,A,GNUPRT,RO,1987,7.3,,
ESTAT:DEMO_NIND(1.0),30/04/26 23:00:00,A,GNUPRT,RO,1988,7.5,,
ESTAT:DEMO_NIND(1.0),30/04/26 23:00:00,A,GNUPRT,RO,1989,7.7,,
ESTAT:DEMO_NIND(1.0),30/04/26 23:00:00,A,GNUPRT,RO,1990,8.3,,
ESTAT:DEMO_NIND(1.0),30/04/26 23:00:00,A,GNUPRT,RO,1991,8.0,,
ESTAT:DEMO_NIND(1.0),30/04/26 23:00:00,A,GNUPRT,RO,1992,7.7,,
ESTAT:DEMO_NIND(1.0),30/04/26 23:00:00,A,GNUPRT,RO,1993,7.1,,
ESTAT:DEMO_NIND(1.0),30/04/26 23:00:00,A,GNUPRT,RO,1994,6.8,,
ESTAT:DEMO_NIND(1.0),30/04/26 23:00:00,A,GNUPRT,RO,1995,6.8,,
ESTAT:DEMO_NIND(1.0),30/04/26 23:00:00,A,GNUPRT,RO,1996,6.6,,
ESTAT:DEMO_NIND(1.0),30/04/26 23:00:00,A,GNUPRT,RO,1997,6.5,,
ESTAT:DEMO_NIND(1.0),30/04/26 23:00:00,A,GNUPRT,RO,1998,6.5,,
ESTAT:DEMO_NIND(1.0),30/04/26 23:00:00,A,GNUPRT,RO,1999,6.2,,
ESTAT:DEMO_NIND(1.0),30/04/26 23:00:00,A,GNUPRT,RO,2000,6.1,,
ESTAT:DEMO_NIND(1.0),30/04/26 23:00:00,A,GNUPRT,RO,2001,5.9,,
ESTAT:DEMO_NIND(1.0),30/04/26 23:00:00,A,GNUPRT,RO,2002,5.9,,
ESTAT:DEMO_NIND(1.0),30/04/26 23:00:00,A,GNUPRT,RO,2003,6.2,,
ESTAT:DEMO_NIND(1.0),30/04/26 23:00:00,A,GNUPRT,RO,2004,6.7,,
ESTAT:DEMO_NIND(1.0),30/04/26 23:00:00,A,GNUPRT,RO,2005,6.7,,
ESTAT:DEMO_NIND(1.0),30/04/26 23:00:00,A,GNUPRT,RO,2006,6.9,,
ESTAT:DEMO_NIND(1.0),30/04/26 23:00:00,A,GNUPRT,RO,2007,9.1,,
ESTAT:DEMO_NIND(1.0),30/04/26 23:00:00,A,GNUPRT,RO,2008,7.3,,
ESTAT:DEMO_NIND(1.0),30/04/26 23:00:00,A,GNUPRT,RO,2009,6.6,,
ESTAT:DEMO_NIND(1.0),30/04/26 23:00:00,A,GNUPRT,RO,2010,5.7,,
ESTAT:DEMO_NIND(1.0),30/04/26 23:00:00,A,GNUPRT,RO,2011,5.2,,
ESTAT:DEMO_NIND(1.0),30/04/26 23:00:00,A,GNUPRT,RO,2012,5.4,,
ESTAT:DEMO_NIND(1.0),30/04/26 23:00:00,A,GNUPRT,RO,2013,5.4,,
ESTAT:DEMO_NIND(1.0),30/04/26 23:00:00,A,GNUPRT,RO,2014,5.9,,
ESTAT:DEMO_NIND(1.0),30/04/26 23:00:00,A,GNUPRT,RO,2015,6.3,,
ESTAT:DEMO_NIND(1.0),30/04/26 23:00:00,A,GNUPRT,RO,2016,6.8,,
ESTAT:DEMO_NIND(1.0),30/04/26 23:00:00,A,GNUPRT,RO,2017,7.3,,
ESTAT:DEMO_NIND(1.0),30/04/26 23:00:00,A,GNUPRT,RO,2018,7.4,,
ESTAT:DEMO_NIND(1.0),30/04/26 23:00:00,A,GNUPRT,RO,2019,6.6,,
ESTAT:DEMO_NIND(1.0),30/04/26 23:00:00,A,GNUPRT,RO,2020,4.2,e,
ESTAT:DEMO_NIND(1.0),30/04/26 23:00:00,A,GNUPRT,RO,2021,6.0,e,
ESTAT:DEMO_NIND(1.0),30/04/26 23:00:00,A,GNUPRT,RO,2022,6.2,e,
ESTAT:DEMO_NIND(1.0),30/04/26 23:00:00,A,GNUPRT,RO,2023,5.8,e,
ESTAT:DEMO_NIND(1.0),30/04/26 23:00:00,A,GNUPRT,RO,2024,5.3,e,
ESTAT:DEMO_NIND(1.0),30/04/26 23:00:00,A,GNUPRT,RS,2000,5.7,,
ESTAT:DEMO_NIND(1.0),30/04/26 23:00:00,A,GNUPRT,RS,2001,5.5,,
ESTAT:DEMO_NIND(1.0),30/04/26 23:00:00,A,GNUPRT,RS,2002,5.6,,
ESTAT:DEMO_NIND(1.0),30/04/26 23:00:00,A,GNUPRT,RS,2003,5.6,,
ESTAT:DEMO_NIND(1.0),30/04/26 23:00:00,A,GNUPRT,RS,2004,5.6,,
ESTAT:DEMO_NIND(1.0),30/04/26 23:00:00,A,GNUPRT,RS,2005,5.2,,
ESTAT:DEMO_NIND(1.0),30/04/26 23:00:00,A,GNUPRT,RS,2006,5.4,,
ESTAT:DEMO_NIND(1.0),30/04/26 23:00:00,A,GNUPRT,RS,2007,5.6,,
ESTAT:DEMO_NIND(1.0),30/04/26 23:00:00,A,GNUPRT,RS,2008,5.2,,
ESTAT:DEMO_NIND(1.0),30/04/26 23:00:00,A,GNUPRT,RS,2009,5.0,,
ESTAT:DEMO_NIND(1.0),30/04/26 23:00:00,A,GNUPRT,RS,2010,4.9,,
ESTAT:DEMO_NIND(1.0),30/04/26 23:00:00,A,GNUPRT,RS,2011,4.9,,
ESTAT:DEMO_NIND(1.0),30/04/26 23:00:00,A,GNUPRT,RS,2012,4.8,,
ESTAT:DEMO_NIND(1.0),30/04/26 23:00:00,A,GNUPRT,RS,2013,5.1,,
ESTAT:DEMO_NIND(1.0),30/04/26 23:00:00,A,GNUPRT,RS,2014,5.1,,
ESTAT:DEMO_NIND(1.0),30/04/26 23:00:00,A,GNUPRT,RS,2015,5.2,,
ESTAT:DEMO_NIND(1.0),30/04/26 23:00:00,A,GNUPRT,RS,2016,5.1,,
ESTAT:DEMO_NIND(1.0),30/04/26 23:00:00,A,GNUPRT,RS,2017,5.1,,
ESTAT:DEMO_NIND(1.0),30/04/26 23:00:00,A,GNUPRT,RS,2018,5.2,,
ESTAT:DEMO_NIND(1.0),30/04/26 23:00:00,A,GNUPRT,RS,2019,5.1,,
ESTAT:DEMO_NIND(1.0),30/04/26 23:00:00,A,GNUPRT,RS,2020,3.4,,
ESTAT:DEMO_NIND(1.0),30/04/26 23:00:00,A,GNUPRT,RS,2021,4.8,,
ESTAT:DEMO_NIND(1.0),30/04/26 23:00:00,A,GNUPRT,RS,2022,4.9,,
ESTAT:DEMO_NIND(1.0),30/04/26 23:00:00,A,GNUPRT,RS,2023,4.8,b,
ESTAT:DEMO_NIND(1.0),30/04/26 23:00:00,A,GNUPRT,RS,2024,4.6,,
ESTAT:DEMO_NIND(1.0),30/04/26 23:00:00,A,GNUPRT,RU,2004,6.8,,
ESTAT:DEMO_NIND(1.0),30/04/26 23:00:00,A,GNUPRT,RU,2005,7.5,,
ESTAT:DEMO_NIND(1.0),30/04/26 23:00:00,A,GNUPRT,RU,2006,7.8,,
ESTAT:DEMO_NIND(1.0),30/04/26 23:00:00,A,GNUPRT,RU,2007,8.9,,
ESTAT:DEMO_NIND(1.0),30/04/26 23:00:00,A,GNUPRT,RU,2008,8.3,,
ESTAT:DEMO_NIND(1.0),30/04/26 23:00:00,A,GNUPRT,RU,2009,8.5,,
ESTAT:DEMO_NIND(1.0),30/04/26 23:00:00,A,GNUPRT,RU,2010,8.5,,
ESTAT:DEMO_NIND(1.0),30/04/26 23:00:00,A,GNUPRT,RU,2011,9.2,,
ESTAT:DEMO_NIND(1.0),30/04/26 23:00:00,A,GNUPRT,SE,1960,6.7,,
ESTAT:DEMO_NIND(1.0),30/04/26 23:00:00,A,GNUPRT,SE,1961,7.0,,
ESTAT:DEMO_NIND(1.0),30/04/26 23:00:00,A,GNUPRT,SE,1962,7.1,,
ESTAT:DEMO_NIND(1.0),30/04/26 23:00:00,A,GNUPRT,SE,1963,7.0,,
ESTAT:DEMO_NIND(1.0),30/04/26 23:00:00,A,GNUPRT,SE,1964,7.6,,
ESTAT:DEMO_NIND(1.0),30/04/26 23:00:00,A,GNUPRT,SE,1965,7.8,,
ESTAT:DEMO_NIND(1.0),30/04/26 23:00:00,A,GNUPRT,SE,1966,7.8,,
ESTAT:DEMO_NIND(1.0),30/04/26 23:00:00,A,GNUPRT,SE,1967,7.2,,
ESTAT:DEMO_NIND(1.0),30/04/26 23:00:00,A,GNUPRT,SE,1968,6.6,,
ESTAT:DEMO_NIND(1.0),30/04/26 23:00:00,A,GNUPRT,SE,1969,6.1,,
ESTAT:DEMO_NIND(1.0),30/04/26 23:00:00,A,GNUPRT,SE,1970,5.4,,
ESTAT:DEMO_NIND(1.0),30/04/26 23:00:00,A,GNUPRT,SE,1971,4.9,,
ESTAT:DEMO_NIND(1.0),30/04/26 23:00:00,A,GNUPRT,SE,1972,4.8,,
ESTAT:DEMO_NIND(1.0),30/04/26 23:00:00,A,GNUPRT,SE,1973,4.7,,
ESTAT:DEMO_NIND(1.0),30/04/26 23:00:00,A,GNUPRT,SE,1974,5.5,,
ESTAT:DEMO_NIND(1.0),30/04/26 23:00:00,A,GNUPRT,SE,1975,5.4,,
ESTAT:DEMO_NIND(1.0),30/04/26 23:00:00,A,GNUPRT,SE,1976,5.4,,
ESTAT:DEMO_NIND(1.0),30/04/26 23:00:00,A,GNUPRT,SE,1977,4.9,,
ESTAT:DEMO_NIND(1.0),30/04/26 23:00:00,A,GNUPRT,SE,1978,4.6,,
ESTAT:DEMO_NIND(1.0),30/04/26 23:00:00,A,GNUPRT,SE,1979,4.5,,
ESTAT:DEMO_NIND(1.0),30/04/26 23:00:00,A,GNUPRT,SE,1980,4.5,,
ESTAT:DEMO_NIND(1.0),30/04/26 23:00:00,A,GNUPRT,SE,1981,4.5,,
ESTAT:DEMO_NIND(1.0),30/04/26 23:00:00,A,GNUPRT,SE,1982,4.5,,
ESTAT:DEMO_NIND(1.0),30/04/26 23:00:00,A,GNUPRT,SE,1983,4.3,,
ESTAT:DEMO_NIND(1.0),30/04/26 23:00:00,A,GNUPRT,SE,1984,4.4,,
ESTAT:DEMO_NIND(1.0),30/04/26 23:00:00,A,GNUPRT,SE,1985,4.6,,
ESTAT:DEMO_NIND(1.0),30/04/26 23:00:00,A,GNUPRT,SE,1986,4.6,,
ESTAT:DEMO_NIND(1.0),30/04/26 23:00:00,A,GNUPRT,SE,1987,4.9,,
ESTAT:DEMO_NIND(1.0),30/04/26 23:00:00,A,GNUPRT,SE,1988,5.2,,
ESTAT:DEMO_NIND(1.0),30/04/26 23:00:00,A,GNUPRT,SE,1989,12.8,,
ESTAT:DEMO_NIND(1.0),30/04/26 23:00:00,A,GNUPRT,SE,1990,4.7,,
ESTAT:DEMO_NIND(1.0),30/04/26 23:00:00,A,GNUPRT,SE,1991,4.3,,
ESTAT:DEMO_NIND(1.0),30/04/26 23:00:00,A,GNUPRT,SE,1992,4.3,,
ESTAT:DEMO_NIND(1.0),30/04/26 23:00:00,A,GNUPRT,SE,1993,3.9,,
ESTAT:DEMO_NIND(1.0),30/04/26 23:00:00,A,GNUPRT,SE,1994,3.9,,
ESTAT:DEMO_NIND(1.0),30/04/26 23:00:00,A,GNUPRT,SE,1996,3.8,,
ESTAT:DEMO_NIND(1.0),30/04/26 23:00:00,A,GNUPRT,SE,1997,3.7,,
ESTAT:DEMO_NIND(1.0),30/04/26 23:00:00,A,GNUPRT,SE,1998,3.6,,
ESTAT:DEMO_NIND(1.0),30/04/26 23:00:00,A,GNUPRT,SE,1999,4.0,,
ESTAT:DEMO_NIND(1.0),30/04/26 23:00:00,A,GNUPRT,SE,2000,4.5,,
ESTAT:DEMO_NIND(1.0),30/04/26 23:00:00,A,GNUPRT,SE,2001,4.0,,
ESTAT:DEMO_NIND(1.0),30/04/26 23:00:00,A,GNUPRT,SE,2002,4.3,,
ESTAT:DEMO_NIND(1.0),30/04/26 23:00:00,A,GNUPRT,SE,2003,4.4,,
ESTAT:DEMO_NIND(1.0),30/04/26 23:00:00,A,GNUPRT,SE,2004,4.8,,
ESTAT:DEMO_NIND(1.0),30/04/26 23:00:00,A,GNUPRT,SE,2005,4.9,,
ESTAT:DEMO_NIND(1.0),30/04/26 23:00:00,A,GNUPRT,SE,2006,5.0,,
ESTAT:DEMO_NIND(1.0),30/04/26 23:00:00,A,GNUPRT,SE,2008,5.5,,
ESTAT:DEMO_NIND(1.0),30/04/26 23:00:00,A,GNUPRT,SE,2009,5.1,,
ESTAT:DEMO_NIND(1.0),30/04/26 23:00:00,A,GNUPRT,SE,2010,5.3,,
ESTAT:DEMO_NIND(1.0),30/04/26 23:00:00,A,GNUPRT,SE,2011,5.0,,
ESTAT:DEMO_NIND(1.0),30/04/26 23:00:00,A,GNUPRT,SE,2012,5.3,,
ESTAT:DEMO_NIND(1.0),30/04/26 23:00:00,A,GNUPRT,SE,2013,5.4,,
ESTAT:DEMO_NIND(1.0),30/04/26 23:00:00,A,GNUPRT,SE,2014,5.5,,
ESTAT:DEMO_NIND(1.0),30/04/26 23:00:00,A,GNUPRT,SE,2015,5.3,,
ESTAT:DEMO_NIND(1.0),30/04/26 23:00:00,A,GNUPRT,SE,2016,5.4,,
ESTAT:DEMO_NIND(1.0),30/04/26 23:00:00,A,GNUPRT,SE,2017,5.2,,
ESTAT:DEMO_NIND(1.0),30/04/26 23:00:00,A,GNUPRT,SE,2018,5.0,,
ESTAT:DEMO_NIND(1.0),30/04/26 23:00:00,A,GNUPRT,SE,2019,4.7,,
ESTAT:DEMO_NIND(1.0),30/04/26 23:00:00,A,GNUPRT,SE,2020,3.6,,
ESTAT:DEMO_NIND(1.0),30/04/26 23:00:00,A,GNUPRT,SE,2021,3.7,,
ESTAT:DEMO_NIND(1.0),30/04/26 23:00:00,A,GNUPRT,SE,2022,4.6,,
ESTAT:DEMO_NIND(1.0),30/04/26 23:00:00,A,GNUPRT,SE,2023,4.2,,
ESTAT:DEMO_NIND(1.0),30/04/26 23:00:00,A,GNUPRT,SE,2024,4.2,,
ESTAT:DEMO_NIND(1.0),30/04/26 23:00:00,A,GNUPRT,SI,1960,8.8,,
ESTAT:DEMO_NIND(1.0),30/04/26 23:00:00,A,GNUPRT,SI,1961,9.1,,
ESTAT:DEMO_NIND(1.0),30/04/26 23:00:00,A,GNUPRT,SI,1962,9.1,,
ESTAT:DEMO_NIND(1.0),30/04/26 23:00:00,A,GNUPRT,SI,1963,8.8,,
ESTAT:DEMO_NIND(1.0),30/04/26 23:00:00,A,GNUPRT,SI,1964,9.0,,
ESTAT:DEMO_NIND(1.0),30/04/26 23:00:00,A,GNUPRT,SI,1965,9.2,,
ESTAT:DEMO_NIND(1.0),30/04/26 23:00:00,A,GNUPRT,SI,1966,8.6,,
ESTAT:DEMO_NIND(1.0),30/04/26 23:00:00,A,GNUPRT,SI,1967,8.3,,
ESTAT:DEMO_NIND(1.0),30/04/26 23:00:00,A,GNUPRT,SI,1968,8.2,,
ESTAT:DEMO_NIND(1.0),30/04/26 23:00:00,A,GNUPRT,SI,1969,8.2,,
ESTAT:DEMO_NIND(1.0),30/04/26 23:00:00,A,GNUPRT,SI,1970,8.3,,
ESTAT:DEMO_NIND(1.0),30/04/26 23:00:00,A,GNUPRT,SI,1971,8.2,,
ESTAT:DEMO_NIND(1.0),30/04/26 23:00:00,A,GNUPRT,SI,1972,9.0,,
ESTAT:DEMO_NIND(1.0),30/04/26 23:00:00,A,GNUPRT,SI,1973,8.9,,
ESTAT:DEMO_NIND(1.0),30/04/26 23:00:00,A,GNUPRT,SI,1974,8.7,,
ESTAT:DEMO_NIND(1.0),30/04/26 23:00:00,A,GNUPRT,SI,1975,8.6,,
ESTAT:DEMO_NIND(1.0),30/04/26 23:00:00,A,GNUPRT,SI,1976,8.3,,
ESTAT:DEMO_NIND(1.0),30/04/26 23:00:00,A,GNUPRT,SI,1977,8.2,,
ESTAT:DEMO_NIND(1.0),30/04/26 23:00:00,A,GNUPRT,SI,1978,8.4,,
ESTAT:DEMO_NIND(1.0),30/04/26 23:00:00,A,GNUPRT,SI,1979,7.6,,
ESTAT:DEMO_NIND(1.0),30/04/26 23:00:00,A,GNUPRT,SI,1980,6.5,,
ESTAT:DEMO_NIND(1.0),30/04/26 23:00:00,A,GNUPRT,SI,1981,6.4,,
ESTAT:DEMO_NIND(1.0),30/04/26 23:00:00,A,GNUPRT,SI,1982,6.1,,
ESTAT:DEMO_NIND(1.0),30/04/26 23:00:00,A,GNUPRT,SI,1983,6.2,,
ESTAT:DEMO_NIND(1.0),30/04/26 23:00:00,A,GNUPRT,SI,1984,5.9,,
ESTAT:DEMO_NIND(1.0),30/04/26 23:00:00,A,GNUPRT,SI,1985,5.4,,
ESTAT:DEMO_NIND(1.0),30/04/26 23:00:00,A,GNUPRT,SI,1986,5.4,,
ESTAT:DEMO_NIND(1.0),30/04/26 23:00:00,A,GNUPRT,SI,1987,5.2,,
ESTAT:DEMO_NIND(1.0),30/04/26 23:00:00,A,GNUPRT,SI,1988,4.6,,
ESTAT:DEMO_NIND(1.0),30/04/26 23:00:00,A,GNUPRT,SI,1989,4.9,,
ESTAT:DEMO_NIND(1.0),30/04/26 23:00:00,A,GNUPRT,SI,1990,4.3,,
ESTAT:DEMO_NIND(1.0),30/04/26 23:00:00,A,GNUPRT,SI,1991,4.1,,
ESTAT:DEMO_NIND(1.0),30/04/26 23:00:00,A,GNUPRT,SI,1992,4.6,,
ESTAT:DEMO_NIND(1.0),30/04/26 23:00:00,A,GNUPRT,SI,1993,4.5,,
ESTAT:DEMO_NIND(1.0),30/04/26 23:00:00,A,GNUPRT,SI,1994,4.2,,
ESTAT:DEMO_NIND(1.0),30/04/26 23:00:00,A,GNUPRT,SI,1995,4.1,,
ESTAT:DEMO_NIND(1.0),30/04/26 23:00:00,A,GNUPRT,SI,1996,3.8,,
ESTAT:DEMO_NIND(1.0),30/04/26 23:00:00,A,GNUPRT,SI,1997,3.8,,
ESTAT:DEMO_NIND(1.0),30/04/26 23:00:00,A,GNUPRT,SI,1998,3.8,,
ESTAT:DEMO_NIND(1.0),30/04/26 23:00:00,A,GNUPRT,SI,1999,3.9,,
ESTAT:DEMO_NIND(1.0),30/04/26 23:00:00,A,GNUPRT,SI,2000,3.6,,
ESTAT:DEMO_NIND(1.0),30/04/26 23:00:00,A,GNUPRT,SI,2001,3.5,,
ESTAT:DEMO_NIND(1.0),30/04/26 23:00:00,A,GNUPRT,SI,2002,3.5,,
ESTAT:DEMO_NIND(1.0),30/04/26 23:00:00,A,GNUPRT,SI,2003,3.4,,
ESTAT:DEMO_NIND(1.0),30/04/26 23:00:00,A,GNUPRT,SI,2004,3.3,,
ESTAT:DEMO_NIND(1.0),30/04/26 23:00:00,A,GNUPRT,SI,2005,2.9,,
ESTAT:DEMO_NIND(1.0),30/04/26 23:00:00,A,GNUPRT,SI,2006,3.2,,
ESTAT:DEMO_NIND(1.0),30/04/26 23:00:00,A,GNUPRT,SI,2007,3.2,,
ESTAT:DEMO_NIND(1.0),30/04/26 23:00:00,A,GNUPRT,SI,2008,3.3,,
ESTAT:DEMO_NIND(1.0),30/04/26 23:00:00,A,GNUPRT,SI,2009,3.2,,
ESTAT:DEMO_NIND(1.0),30/04/26 23:00:00,A,GNUPRT,SI,2010,3.2,,
ESTAT:DEMO_NIND(1.0),30/04/26 23:00:00,A,GNUPRT,SI,2011,3.2,,
ESTAT:DEMO_NIND(1.0),30/04/26 23:00:00,A,GNUPRT,SI,2012,3.4,,
ESTAT:DEMO_NIND(1.0),30/04/26 23:00:00,A,GNUPRT,SI,2013,3.0,,
ESTAT:DEMO_NIND(1.0),30/04/26 23:00:00,A,GNUPRT,SI,2014,3.2,,
ESTAT:DEMO_NIND(1.0),30/04/26 23:00:00,A,GNUPRT,SI,2015,3.1,,
ESTAT:DEMO_NIND(1.0),30/04/26 23:00:00,A,GNUPRT,SI,2016,3.2,,
ESTAT:DEMO_NIND(1.0),30/04/26 23:00:00,A,GNUPRT,SI,2017,3.1,,
ESTAT:DEMO_NIND(1.0),30/04/26 23:00:00,A,GNUPRT,SI,2018,3.5,,
ESTAT:DEMO_NIND(1.0),30/04/26 23:00:00,A,GNUPRT,SI,2019,3.2,,
ESTAT:DEMO_NIND(1.0),30/04/26 23:00:00,A,GNUPRT,SI,2020,2.5,,
ESTAT:DEMO_NIND(1.0),30/04/26 23:00:00,A,GNUPRT,SI,2021,2.8,,
ESTAT:DEMO_NIND(1.0),30/04/26 23:00:00,A,GNUPRT,SI,2022,3.2,,
ESTAT:DEMO_NIND(1.0),30/04/26 23:00:00,A,GNUPRT,SI,2023,3.0,,
ESTAT:DEMO_NIND(1.0),30/04/26 23:00:00,A,GNUPRT,SI,2024,3.0,,
ESTAT:DEMO_NIND(1.0),30/04/26 23:00:00,A,GNUPRT,SK,1960,7.9,,
ESTAT:DEMO_NIND(1.0),30/04/26 23:00:00,A,GNUPRT,SK,1961,7.5,,
ESTAT:DEMO_NIND(1.0),30/04/26 23:00:00,A,GNUPRT,SK,1962,7.2,,
ESTAT:DEMO_NIND(1.0),30/04/26 23:00:00,A,GNUPRT,SK,1963,7.2,,
ESTAT:DEMO_NIND(1.0),30/04/26 23:00:00,A,GNUPRT,SK,1964,7.0,,
ESTAT:DEMO_NIND(1.0),30/04/26 23:00:00,A,GNUPRT,SK,1965,7.0,,
ESTAT:DEMO_NIND(1.0),30/04/26 23:00:00,A,GNUPRT,SK,1966,7.0,,
ESTAT:DEMO_NIND(1.0),30/04/26 23:00:00,A,GNUPRT,SK,1967,7.6,,
ESTAT:DEMO_NIND(1.0),30/04/26 23:00:00,A,GNUPRT,SK,1968,7.5,,
ESTAT:DEMO_NIND(1.0),30/04/26 23:00:00,A,GNUPRT,SK,1969,7.7,,
ESTAT:DEMO_NIND(1.0),30/04/26 23:00:00,A,GNUPRT,SK,1970,7.9,,
ESTAT:DEMO_NIND(1.0),30/04/26 23:00:00,A,GNUPRT,SK,1971,8.4,,
ESTAT:DEMO_NIND(1.0),30/04/26 23:00:00,A,GNUPRT,SK,1972,8.7,,
ESTAT:DEMO_NIND(1.0),30/04/26 23:00:00,A,GNUPRT,SK,1973,9.0,,
ESTAT:DEMO_NIND(1.0),30/04/26 23:00:00,A,GNUPRT,SK,1974,9.0,,
ESTAT:DEMO_NIND(1.0),30/04/26 23:00:00,A,GNUPRT,SK,1975,9.2,,
ESTAT:DEMO_NIND(1.0),30/04/26 23:00:00,A,GNUPRT,SK,1976,9.2,,
ESTAT:DEMO_NIND(1.0),30/04/26 23:00:00,A,GNUPRT,SK,1977,9.2,,
ESTAT:DEMO_NIND(1.0),30/04/26 23:00:00,A,GNUPRT,SK,1978,9.0,,
ESTAT:DEMO_NIND(1.0),30/04/26 23:00:00,A,GNUPRT,SK,1979,8.6,,
ESTAT:DEMO_NIND(1.0),30/04/26 23:00:00,A,GNUPRT,SK,1980,7.9,,
ESTAT:DEMO_NIND(1.0),30/04/26 23:00:00,A,GNUPRT,SK,1981,7.8,,
ESTAT:DEMO_NIND(1.0),30/04/26 23:00:00,A,GNUPRT,SK,1982,8.0,,
ESTAT:DEMO_NIND(1.0),30/04/26 23:00:00,A,GNUPRT,SK,1983,7.9,,
ESTAT:DEMO_NIND(1.0),30/04/26 23:00:00,A,GNUPRT,SK,1984,7.7,,
ESTAT:DEMO_NIND(1.0),30/04/26 23:00:00,A,GNUPRT,SK,1985,7.5,,
ESTAT:DEMO_NIND(1.0),30/04/26 23:00:00,A,GNUPRT,SK,1986,7.4,,
ESTAT:DEMO_NIND(1.0),30/04/26 23:00:00,A,GNUPRT,SK,1987,7.4,,
ESTAT:DEMO_NIND(1.0),30/04/26 23:00:00,A,GNUPRT,SK,1988,7.1,,
ESTAT:DEMO_NIND(1.0),30/04/26 23:00:00,A,GNUPRT,SK,1989,6.9,,
ESTAT:DEMO_NIND(1.0),30/04/26 23:00:00,A,GNUPRT,SK,1990,7.6,,
ESTAT:DEMO_NIND(1.0),30/04/26 23:00:00,A,GNUPRT,SK,1991,6.2,,
ESTAT:DEMO_NIND(1.0),30/04/26 23:00:00,A,GNUPRT,SK,1992,6.4,,
ESTAT:DEMO_NIND(1.0),30/04/26 23:00:00,A,GNUPRT,SK,1993,5.8,,
ESTAT:DEMO_NIND(1.0),30/04/26 23:00:00,A,GNUPRT,SK,1994,5.3,,
ESTAT:DEMO_NIND(1.0),30/04/26 23:00:00,A,GNUPRT,SK,1995,5.1,,
ESTAT:DEMO_NIND(1.0),30/04/26 23:00:00,A,GNUPRT,SK,1996,5.1,,
ESTAT:DEMO_NIND(1.0),30/04/26 23:00:00,A,GNUPRT,SK,1997,5.2,,
ESTAT:DEMO_NIND(1.0),30/04/26 23:00:00,A,GNUPRT,SK,1998,5.1,,
ESTAT:DEMO_NIND(1.0),30/04/26 23:00:00,A,GNUPRT,SK,1999,5.1,,
ESTAT:DEMO_NIND(1.0),30/04/26 23:00:00,A,GNUPRT,SK,2000,4.8,,
ESTAT:DEMO_NIND(1.0),30/04/26 23:00:00,A,GNUPRT,SK,2001,4.4,,
ESTAT:DEMO_NIND(1.0),30/04/26 23:00:00,A,GNUPRT,SK,2002,4.7,,
ESTAT:DEMO_NIND(1.0),30/04/26 23:00:00,A,GNUPRT,SK,2003,4.8,,
ESTAT:DEMO_NIND(1.0),30/04/26 23:00:00,A,GNUPRT,SK,2004,5.2,,
ESTAT:DEMO_NIND(1.0),30/04/26 23:00:00,A,GNUPRT,SK,2005,4.9,,
ESTAT:DEMO_NIND(1.0),30/04/26 23:00:00,A,GNUPRT,SK,2006,4.8,,
ESTAT:DEMO_NIND(1.0),30/04/26 23:00:00,A,GNUPRT,SK,2007,5.1,,
ESTAT:DEMO_NIND(1.0),30/04/26 23:00:00,A,GNUPRT,SK,2008,5.3,,
ESTAT:DEMO_NIND(1.0),30/04/26 23:00:00,A,GNUPRT,SK,2009,4.9,,
ESTAT:DEMO_NIND(1.0),30/04/26 23:00:00,A,GNUPRT,SK,2010,4.7,,
ESTAT:DEMO_NIND(1.0),30/04/26 23:00:00,A,GNUPRT,SK,2011,4.7,,
ESTAT:DEMO_NIND(1.0),30/04/26 23:00:00,A,GNUPRT,SK,2012,4.8,,
ESTAT:DEMO_NIND(1.0),30/04/26 23:00:00,A,GNUPRT,SK,2013,4.7,,
ESTAT:DEMO_NIND(1.0),30/04/26 23:00:00,A,GNUPRT,SK,2014,4.9,,
ESTAT:DEMO_NIND(1.0),30/04/26 23:00:00,A,GNUPRT,SK,2015,5.3,,
ESTAT:DEMO_NIND(1.0),30/04/26 23:00:00,A,GNUPRT,SK,2016,5.5,,
ESTAT:DEMO_NIND(1.0),30/04/26 23:00:00,A,GNUPRT,SK,2017,5.8,,
ESTAT:DEMO_NIND(1.0),30/04/26 23:00:00,A,GNUPRT,SK,2018,5.7,,
ESTAT:DEMO_NIND(1.0),30/04/26 23:00:00,A,GNUPRT,SK,2019,5.4,,
ESTAT:DEMO_NIND(1.0),30/04/26 23:00:00,A,GNUPRT,SK,2020,4.4,,
ESTAT:DEMO_NIND(1.0),30/04/26 23:00:00,A,GNUPRT,SK,2021,4.8,,
ESTAT:DEMO_NIND(1.0),30/04/26 23:00:00,A,GNUPRT,SK,2022,5.4,,
ESTAT:DEMO_NIND(1.0),30/04/26 23:00:00,A,GNUPRT,SK,2023,4.9,,
ESTAT:DEMO_NIND(1.0),30/04/26 23:00:00,A,GNUPRT,SK,2024,4.6,,
ESTAT:DEMO_NIND(1.0),30/04/26 23:00:00,A,GNUPRT,SM,2004,7.0,,
ESTAT:DEMO_NIND(1.0),30/04/26 23:00:00,A,GNUPRT,SM,2005,7.5,,
ESTAT:DEMO_NIND(1.0),30/04/26 23:00:00,A,GNUPRT,SM,2007,6.9,,
ESTAT:DEMO_NIND(1.0),30/04/26 23:00:00,A,GNUPRT,SM,2008,6.4,,
ESTAT:DEMO_NIND(1.0),30/04/26 23:00:00,A,GNUPRT,SM,2011,6.3,,
ESTAT:DEMO_NIND(1.0),30/04/26 23:00:00,A,GNUPRT,SM,2012,6.1,,
ESTAT:DEMO_NIND(1.0),30/04/26 23:00:00,A,GNUPRT,TR,1980,8.2,,
ESTAT:DEMO_NIND(1.0),30/04/26 23:00:00,A,GNUPRT,TR,2003,7.1,,
ESTAT:DEMO_NIND(1.0),30/04/26 23:00:00,A,GNUPRT,TR,2004,9.2,,
ESTAT:DEMO_NIND(1.0),30/04/26 23:00:00,A,GNUPRT,TR,2005,9.5,,
ESTAT:DEMO_NIND(1.0),30/04/26 23:00:00,A,GNUPRT,TR,2006,9.2,,
ESTAT:DEMO_NIND(1.0),30/04/26 23:00:00,A,GNUPRT,TR,2007,9.1,,
ESTAT:DEMO_NIND(1.0),30/04/26 23:00:00,A,GNUPRT,TR,2008,9.0,,
ESTAT:DEMO_NIND(1.0),30/04/26 23:00:00,A,GNUPRT,TR,2009,8.2,,
ESTAT:DEMO_NIND(1.0),30/04/26 23:00:00,A,GNUPRT,TR,2010,8.0,,
ESTAT:DEMO_NIND(1.0),30/04/26 23:00:00,A,GNUPRT,TR,2011,8.0,,
ESTAT:DEMO_NIND(1.0),30/04/26 23:00:00,A,GNUPRT,TR,2012,8.0,,
ESTAT:DEMO_NIND(1.0),30/04/26 23:00:00,A,GNUPRT,TR,2013,7.9,,
ESTAT:DEMO_NIND(1.0),30/04/26 23:00:00,A,GNUPRT,TR,2014,7.8,,
ESTAT:DEMO_NIND(1.0),30/04/26 23:00:00,A,GNUPRT,TR,2015,7.7,,
ESTAT:DEMO_NIND(1.0),30/04/26 23:00:00,A,GNUPRT,TR,2016,7.5,,
ESTAT:DEMO_NIND(1.0),30/04/26 23:00:00,A,GNUPRT,TR,2017,7.1,,
ESTAT:DEMO_NIND(1.0),30/04/26 23:00:00,A,GNUPRT,TR,2018,6.8,,
ESTAT:DEMO_NIND(1.0),30/04/26 23:00:00,A,GNUPRT,TR,2019,6.6,,
ESTAT:DEMO_NIND(1.0),30/04/26 23:00:00,A,GNUPRT,TR,2020,5.8,,
ESTAT:DEMO_NIND(1.0),30/04/26 23:00:00,A,GNUPRT,TR,2022,6.8,,
ESTAT:DEMO_NIND(1.0),30/04/26 23:00:00,A,GNUPRT,TR,2023,6.6,,
ESTAT:DEMO_NIND(1.0),30/04/26 23:00:00,A,GNUPRT,TR,2024,6.6,,
ESTAT:DEMO_NIND(1.0),30/04/26 23:00:00,A,GNUPRT,UA,2004,5.9,,
ESTAT:DEMO_NIND(1.0),30/04/26 23:00:00,A,GNUPRT,UA,2005,7.1,,
ESTAT:DEMO_NIND(1.0),30/04/26 23:00:00,A,GNUPRT,UA,2006,7.6,,
ESTAT:DEMO_NIND(1.0),30/04/26 23:00:00,A,GNUPRT,UA,2007,9.0,,
ESTAT:DEMO_NIND(1.0),30/04/26 23:00:00,A,GNUPRT,UA,2008,7.0,,
ESTAT:DEMO_NIND(1.0),30/04/26 23:00:00,A,GNUPRT,UA,2009,6.9,,
ESTAT:DEMO_NIND(1.0),30/04/26 23:00:00,A,GNUPRT,UA,2010,6.7,,
ESTAT:DEMO_NIND(1.0),30/04/26 23:00:00,A,GNUPRT,UA,2011,7.8,,
ESTAT:DEMO_NIND(1.0),30/04/26 23:00:00,A,GNUPRT,UA,2012,6.1,,
ESTAT:DEMO_NIND(1.0),30/04/26 23:00:00,A,GNUPRT,UA,2013,6.7,,
ESTAT:DEMO_NIND(1.0),30/04/26 23:00:00,A,GNUPRT,UA,2015,7.0,,
ESTAT:DEMO_NIND(1.0),30/04/26 23:00:00,A,GNUPRT,UA,2016,5.4,,
ESTAT:DEMO_NIND(1.0),30/04/26 23:00:00,A,GNUPRT,UA,2017,5.9,,
ESTAT:DEMO_NIND(1.0),30/04/26 23:00:00,A,GNUPRT,UA,2018,5.4,,
ESTAT:DEMO_NIND(1.0),30/04/26 23:00:00,A,GNUPRT,UA,2019,5.7,,
ESTAT:DEMO_NIND(1.0),30/04/26 23:00:00,A,GNUPRT,UA,2020,4.0,,
ESTAT:DEMO_NIND(1.0),30/04/26 23:00:00,A,GNUPRT,UA,2021,5.2,,
ESTAT:DEMO_NIND(1.0),30/04/26 23:00:00,A,GNUPRT,UK,1960,7.5,,
ESTAT:DEMO_NIND(1.0),30/04/26 23:00:00,A,GNUPRT,UK,1961,7.5,,
ESTAT:DEMO_NIND(1.0),30/04/26 23:00:00,A,GNUPRT,UK,1962,7.5,,
ESTAT:DEMO_NIND(1.0),30/04/26 23:00:00,A,GNUPRT,UK,1963,7.5,,
ESTAT:DEMO_NIND(1.0),30/04/26 23:00:00,A,GNUPRT,UK,1964,7.6,,
ESTAT:DEMO_NIND(1.0),30/04/26 23:00:00,A,GNUPRT,UK,1965,7.8,,
ESTAT:DEMO_NIND(1.0),30/04/26 23:00:00,A,GNUPRT,UK,1966,8.0,,
ESTAT:DEMO_NIND(1.0),30/04/26 23:00:00,A,GNUPRT,UK,1967,8.0,,
ESTAT:DEMO_NIND(1.0),30/04/26 23:00:00,A,GNUPRT,UK,1968,8.4,,
ESTAT:DEMO_NIND(1.0),30/04/26 23:00:00,A,GNUPRT,UK,1969,8.1,,
ESTAT:DEMO_NIND(1.0),30/04/26 23:00:00,A,GNUPRT,UK,1970,8.5,,
ESTAT:DEMO_NIND(1.0),30/04/26 23:00:00,A,GNUPRT,UK,1971,8.2,,
ESTAT:DEMO_NIND(1.0),30/04/26 23:00:00,A,GNUPRT,UK,1972,8.6,,
ESTAT:DEMO_NIND(1.0),30/04/26 23:00:00,A,GNUPRT,UK,1973,8.1,,
ESTAT:DEMO_NIND(1.0),30/04/26 23:00:00,A,GNUPRT,UK,1974,7.8,,
ESTAT:DEMO_NIND(1.0),30/04/26 23:00:00,A,GNUPRT,UK,1975,7.7,,
ESTAT:DEMO_NIND(1.0),30/04/26 23:00:00,A,GNUPRT,UK,1976,7.2,,
ESTAT:DEMO_NIND(1.0),30/04/26 23:00:00,A,GNUPRT,UK,1977,7.2,,
ESTAT:DEMO_NIND(1.0),30/04/26 23:00:00,A,GNUPRT,UK,1978,7.4,,
ESTAT:DEMO_NIND(1.0),30/04/26 23:00:00,A,GNUPRT,UK,1979,7.4,,
ESTAT:DEMO_NIND(1.0),30/04/26 23:00:00,A,GNUPRT,UK,1980,7.4,,
ESTAT:DEMO_NIND(1.0),30/04/26 23:00:00,A,GNUPRT,UK,1981,7.1,,
ESTAT:DEMO_NIND(1.0),30/04/26 23:00:00,A,GNUPRT,UK,1982,6.9,,
ESTAT:DEMO_NIND(1.0),30/04/26 23:00:00,A,GNUPRT,UK,1983,6.9,,
ESTAT:DEMO_NIND(1.0),30/04/26 23:00:00,A,GNUPRT,UK,1984,7.0,,
ESTAT:DEMO_NIND(1.0),30/04/26 23:00:00,A,GNUPRT,UK,1985,7.0,,
ESTAT:DEMO_NIND(1.0),30/04/26 23:00:00,A,GNUPRT,UK,1986,7.0,,
ESTAT:DEMO_NIND(1.0),30/04/26 23:00:00,A,GNUPRT,UK,1987,7.0,,
ESTAT:DEMO_NIND(1.0),30/04/26 23:00:00,A,GNUPRT,UK,1988,6.9,,
ESTAT:DEMO_NIND(1.0),30/04/26 23:00:00,A,GNUPRT,UK,1989,6.9,,
ESTAT:DEMO_NIND(1.0),30/04/26 23:00:00,A,GNUPRT,UK,1990,6.6,,
ESTAT:DEMO_NIND(1.0),30/04/26 23:00:00,A,GNUPRT,UK,1991,6.1,,
ESTAT:DEMO_NIND(1.0),30/04/26 23:00:00,A,GNUPRT,UK,1992,6.2,,
ESTAT:DEMO_NIND(1.0),30/04/26 23:00:00,A,GNUPRT,UK,1993,5.9,,
ESTAT:DEMO_NIND(1.0),30/04/26 23:00:00,A,GNUPRT,UK,1994,5.7,,
ESTAT:DEMO_NIND(1.0),30/04/26 23:00:00,A,GNUPRT,UK,1995,5.6,,
ESTAT:DEMO_NIND(1.0),30/04/26 23:00:00,A,GNUPRT,UK,1996,5.5,,
ESTAT:DEMO_NIND(1.0),30/04/26 23:00:00,A,GNUPRT,UK,1997,5.3,,
ESTAT:DEMO_NIND(1.0),30/04/26 23:00:00,A,GNUPRT,UK,1998,5.2,,
ESTAT:DEMO_NIND(1.0),30/04/26 23:00:00,A,GNUPRT,UK,1999,5.1,,
ESTAT:DEMO_NIND(1.0),30/04/26 23:00:00,A,GNUPRT,UK,2000,5.2,,
ESTAT:DEMO_NIND(1.0),30/04/26 23:00:00,A,GNUPRT,UK,2001,4.8,,
ESTAT:DEMO_NIND(1.0),30/04/26 23:00:00,A,GNUPRT,UK,2002,4.9,,
ESTAT:DEMO_NIND(1.0),30/04/26 23:00:00,A,GNUPRT,UK,2003,5.2,,
ESTAT:DEMO_NIND(1.0),30/04/26 23:00:00,A,GNUPRT,UK,2007,4.5,,
ESTAT:DEMO_NIND(1.0),30/04/26 23:00:00,A,GNUPRT,UK,2008,4.4,,
ESTAT:DEMO_NIND(1.0),30/04/26 23:00:00,A,GNUPRT,UK,2009,4.3,,
ESTAT:DEMO_NIND(1.0),30/04/26 23:00:00,A,GNUPRT,UK,2010,4.5,,
ESTAT:DEMO_NIND(1.0),30/04/26 23:00:00,A,GNUPRT,UK,2011,4.5,,
ESTAT:DEMO_NIND(1.0),30/04/26 23:00:00,A,GNUPRT,UK,2013,4.3,,
ESTAT:DEMO_NIND(1.0),30/04/26 23:00:00,A,GNUPRT,UK,2014,4.5,,
ESTAT:DEMO_NIND(1.0),30/04/26 23:00:00,A,GNUPRT,UK,2015,4.4,,
ESTAT:DEMO_NIND(1.0),30/04/26 23:00:00,A,GNUPRT,UK,2016,4.4,,
ESTAT:DEMO_NIND(1.0),30/04/26 23:00:00,A,GNUPRT,XK,2003,8.5,,
ESTAT:DEMO_NIND(1.0),30/04/26 23:00:00,A,GNUPRT,XK,2004,8.4,,
ESTAT:DEMO_NIND(1.0),30/04/26 23:00:00,A,GNUPRT,XK,2005,7.6,,
ESTAT:DEMO_NIND(1.0),30/04/26 23:00:00,A,GNUPRT,XK,2006,7.5,,
ESTAT:DEMO_NIND(1.0),30/04/26 23:00:00,A,GNUPRT,XK,2007,7.9,,
ESTAT:DEMO_NIND(1.0),30/04/26 23:00:00,A,GNUPRT,XK,2008,8.3,,
ESTAT:DEMO_NIND(1.0),30/04/26 23:00:00,A,GNUPRT,XK,2009,8.9,,
ESTAT:DEMO_NIND(1.0),30/04/26 23:00:00,A,GNUPRT,XK,2011,9.3,,
ESTAT:DEMO_NIND(1.0),30/04/26 23:00:00,A,GNUPRT,XK,2012,9.5,,
ESTAT:DEMO_NIND(1.0),30/04/26 23:00:00,A,GNUPRT,XK,2015,9.1,,
ESTAT:DEMO_NIND(1.0),30/04/26 23:00:00,A,GNUPRT,XK,2016,9.0,,
ESTAT:DEMO_NIND(1.0),30/04/26 23:00:00,A,GNUPRT,XK,2017,9.6,,
ESTAT:DEMO_NIND(1.0),30/04/26 23:00:00,A,GNUPRT,XK,2018,9.4,,
ESTAT:DEMO_NIND(1.0),30/04/26 23:00:00,A,GNUPRT,XK,2019,9.8,,
ESTAT:DEMO_NIND(1.0),30/04/26 23:00:00,A,MAGEMAR1,AM,2006,29.9,,
ESTAT:DEMO_NIND(1.0),30/04/26 23:00:00,A,MAGEMAR1,AM,2007,30.0,,
ESTAT:DEMO_NIND(1.0),30/04/26 23:00:00,A,MAGEMAR1,AM,2008,30.2,,
ESTAT:DEMO_NIND(1.0),30/04/26 23:00:00,A,MAGEMAR1,AM,2009,29.6,,
ESTAT:DEMO_NIND(1.0),30/04/26 23:00:00,A,MAGEMAR1,AM,2015,30.8,,
ESTAT:DEMO_NIND(1.0),30/04/26 23:00:00,A,MAGEMAR1,AM,2017,31.0,,
ESTAT:DEMO_NIND(1.0),30/04/26 23:00:00,A,MAGEMAR1,AM,2018,31.0,,
ESTAT:DEMO_NIND(1.0),30/04/26 23:00:00,A,MAGEMAR1,AT,1990,27.7,,
ESTAT:DEMO_NIND(1.0),30/04/26 23:00:00,A,MAGEMAR1,AT,1991,27.9,,
ESTAT:DEMO_NIND(1.0),30/04/26 23:00:00,A,MAGEMAR1,AT,1992,28.0,,
ESTAT:DEMO_NIND(1.0),30/04/26 23:00:00,A,MAGEMAR1,AT,1993,28.4,,
ESTAT:DEMO_NIND(1.0),30/04/26 23:00:00,A,MAGEMAR1,AT,1994,28.7,,
ESTAT:DEMO_NIND(1.0),30/04/26 23:00:00,A,MAGEMAR1,AT,1995,29.0,,
ESTAT:DEMO_NIND(1.0),30/04/26 23:00:00,A,MAGEMAR1,AT,1996,29.1,,
ESTAT:DEMO_NIND(1.0),30/04/26 23:00:00,A,MAGEMAR1,AT,1997,29.3,,
ESTAT:DEMO_NIND(1.0),30/04/26 23:00:00,A,MAGEMAR1,AT,1998,29.6,,
ESTAT:DEMO_NIND(1.0),30/04/26 23:00:00,A,MAGEMAR1,AT,1999,29.9,,
ESTAT:DEMO_NIND(1.0),30/04/26 23:00:00,A,MAGEMAR1,AT,2000,30.0,,
ESTAT:DEMO_NIND(1.0),30/04/26 23:00:00,A,MAGEMAR1,AT,2001,30.2,,
ESTAT:DEMO_NIND(1.0),30/04/26 23:00:00,A,MAGEMAR1,AT,2002,30.3,,
ESTAT:DEMO_NIND(1.0),30/04/26 23:00:00,A,MAGEMAR1,AT,2003,30.6,,
ESTAT:DEMO_NIND(1.0),30/04/26 23:00:00,A,MAGEMAR1,AT,2004,30.9,,
ESTAT:DEMO_NIND(1.0),30/04/26 23:00:00,A,MAGEMAR1,AT,2005,31.2,,
ESTAT:DEMO_NIND(1.0),30/04/26 23:00:00,A,MAGEMAR1,AT,2006,31.8,,
ESTAT:DEMO_NIND(1.0),30/04/26 23:00:00,A,MAGEMAR1,AT,2007,32.0,,
ESTAT:DEMO_NIND(1.0),30/04/26 23:00:00,A,MAGEMAR1,AT,2008,32.2,,
ESTAT:DEMO_NIND(1.0),30/04/26 23:00:00,A,MAGEMAR1,AT,2009,32.5,,
ESTAT:DEMO_NIND(1.0),30/04/26 23:00:00,A,MAGEMAR1,AT,2011,32.9,,
ESTAT:DEMO_NIND(1.0),30/04/26 23:00:00,A,MAGEMAR1,AT,2012,33.2,,
ESTAT:DEMO_NIND(1.0),30/04/26 23:00:00,A,MAGEMAR1,AT,2013,33.3,,
ESTAT:DEMO_NIND(1.0),30/04/26 23:00:00,A,MAGEMAR1,AT,2014,33.6,,
ESTAT:DEMO_NIND(1.0),30/04/26 23:00:00,A,MAGEMAR1,AT,2015,33.9,,
ESTAT:DEMO_NIND(1.0),30/04/26 23:00:00,A,MAGEMAR1,AT,2016,34.0,,
ESTAT:DEMO_NIND(1.0),30/04/26 23:00:00,A,MAGEMAR1,AT,2017,34.2,,
ESTAT:DEMO_NIND(1.0),30/04/26 23:00:00,A,MAGEMAR1,AT,2018,34.3,,
ESTAT:DEMO_NIND(1.0),30/04/26 23:00:00,A,MAGEMAR1,AT,2019,34.7,,
ESTAT:DEMO_NIND(1.0),30/04/26 23:00:00,A,MAGEMAR1,AT,2023,35.3,,
ESTAT:DEMO_NIND(1.0),30/04/26 23:00:00,A,MAGEMAR1,AT,2024,35.4,,
ESTAT:DEMO_NIND(1.0),30/04/26 23:00:00,A,MAGEMAR1,AZ,2006,29.1,,
ESTAT:DEMO_NIND(1.0),30/04/26 23:00:00,A,MAGEMAR1,AZ,2007,28.9,,
ESTAT:DEMO_NIND(1.0),30/04/26 23:00:00,A,MAGEMAR1,AZ,2008,28.9,,
ESTAT:DEMO_NIND(1.0),30/04/26 23:00:00,A,MAGEMAR1,AZ,2009,28.9,,
ESTAT:DEMO_NIND(1.0),30/04/26 23:00:00,A,MAGEMAR1,AZ,2014,29.0,,
ESTAT:DEMO_NIND(1.0),30/04/26 23:00:00,A,MAGEMAR1,AZ,2017,28.6,,
ESTAT:DEMO_NIND(1.0),30/04/26 23:00:00,A,MAGEMAR1,AZ,2018,28.5,,
ESTAT:DEMO_NIND(1.0),30/04/26 23:00:00,A,MAGEMAR1,AZ,2019,28.8,,
ESTAT:DEMO_NIND(1.0),30/04/26 23:00:00,A,MAGEMAR1,BE,1990,26.5,,
ESTAT:DEMO_NIND(1.0),30/04/26 23:00:00,A,MAGEMAR1,BE,1991,26.7,,
ESTAT:DEMO_NIND(1.0),30/04/26 23:00:00,A,MAGEMAR1,BE,1992,27.0,,
ESTAT:DEMO_NIND(1.0),30/04/26 23:00:00,A,MAGEMAR1,BE,1993,27.2,,
ESTAT:DEMO_NIND(1.0),30/04/26 23:00:00,A,MAGEMAR1,BE,1994,27.4,,
ESTAT:DEMO_NIND(1.0),30/04/26 23:00:00,A,MAGEMAR1,BE,1995,27.8,,
ESTAT:DEMO_NIND(1.0),30/04/26 23:00:00,A,MAGEMAR1,BE,1996,28.0,,
ESTAT:DEMO_NIND(1.0),30/04/26 23:00:00,A,MAGEMAR1,BE,1997,28.1,,
ESTAT:DEMO_NIND(1.0),30/04/26 23:00:00,A,MAGEMAR1,BE,1998,28.3,,
ESTAT:DEMO_NIND(1.0),30/04/26 23:00:00,A,MAGEMAR1,BE,1999,28.6,,
ESTAT:DEMO_NIND(1.0),30/04/26 23:00:00,A,MAGEMAR1,BE,2000,29.1,,
ESTAT:DEMO_NIND(1.0),30/04/26 23:00:00,A,MAGEMAR1,BE,2001,29.0,,
ESTAT:DEMO_NIND(1.0),30/04/26 23:00:00,A,MAGEMAR1,BE,2002,29.3,,
ESTAT:DEMO_NIND(1.0),30/04/26 23:00:00,A,MAGEMAR1,BE,2003,29.9,,
ESTAT:DEMO_NIND(1.0),30/04/26 23:00:00,A,MAGEMAR1,BE,2004,30.2,,
ESTAT:DEMO_NIND(1.0),30/04/26 23:00:00,A,MAGEMAR1,BE,2005,30.5,,
ESTAT:DEMO_NIND(1.0),30/04/26 23:00:00,A,MAGEMAR1,BE,2006,30.9,,
ESTAT:DEMO_NIND(1.0),30/04/26 23:00:00,A,MAGEMAR1,BE,2007,31.0,,
ESTAT:DEMO_NIND(1.0),30/04/26 23:00:00,A,MAGEMAR1,BE,2008,31.4,,
ESTAT:DEMO_NIND(1.0),30/04/26 23:00:00,A,MAGEMAR1,BE,2009,31.7,,
ESTAT:DEMO_NIND(1.0),30/04/26 23:00:00,A,MAGEMAR1,BE,2010,31.7,,
ESTAT:DEMO_NIND(1.0),30/04/26 23:00:00,A,MAGEMAR1,BE,2011,,b,
ESTAT:DEMO_NIND(1.0),30/04/26 23:00:00,A,MAGEMAR1,BE,2017,33.5,,
ESTAT:DEMO_NIND(1.0),30/04/26 23:00:00,A,MAGEMAR1,BE,2020,34.3,,
ESTAT:DEMO_NIND(1.0),30/04/26 23:00:00,A,MAGEMAR1,BE,2021,34.5,,
ESTAT:DEMO_NIND(1.0),30/04/26 23:00:00,A,MAGEMAR1,BE,2022,35.0,,
ESTAT:DEMO_NIND(1.0),30/04/26 23:00:00,A,MAGEMAR1,BE,2023,35.2,,
ESTAT:DEMO_NIND(1.0),30/04/26 23:00:00,A,MAGEMAR1,BG,1990,24.6,,
ESTAT:DEMO_NIND(1.0),30/04/26 23:00:00,A,MAGEMAR1,BG,1991,24.6,,
ESTAT:DEMO_NIND(1.0),30/04/26 23:00:00,A,MAGEMAR1,BG,1992,24.9,,
ESTAT:DEMO_NIND(1.0),30/04/26 23:00:00,A,MAGEMAR1,BG,1993,25.2,,
ESTAT:DEMO_NIND(1.0),30/04/26 23:00:00,A,MAGEMAR1,BG,1994,25.7,,
ESTAT:DEMO_NIND(1.0),30/04/26 23:00:00,A,MAGEMAR1,BG,1995,26.2,,
ESTAT:DEMO_NIND(1.0),30/04/26 23:00:00,A,MAGEMAR1,BG,1996,26.4,,
ESTAT:DEMO_NIND(1.0),30/04/26 23:00:00,A,MAGEMAR1,BG,1997,26.8,,
ESTAT:DEMO_NIND(1.0),30/04/26 23:00:00,A,MAGEMAR1,BG,1998,26.9,,
ESTAT:DEMO_NIND(1.0),30/04/26 23:00:00,A,MAGEMAR1,BG,1999,27.3,,
ESTAT:DEMO_NIND(1.0),30/04/26 23:00:00,A,MAGEMAR1,BG,2000,28.5,,
ESTAT:DEMO_NIND(1.0),30/04/26 23:00:00,A,MAGEMAR1,BG,2001,28.4,,
ESTAT:DEMO_NIND(1.0),30/04/26 23:00:00,A,MAGEMAR1,BG,2002,28.2,,
ESTAT:DEMO_NIND(1.0),30/04/26 23:00:00,A,MAGEMAR1,BG,2003,28.5,,
ESTAT:DEMO_NIND(1.0),30/04/26 23:00:00,A,MAGEMAR1,BG,2004,28.8,,
ESTAT:DEMO_NIND(1.0),30/04/26 23:00:00,A,MAGEMAR1,BG,2005,29.1,,
ESTAT:DEMO_NIND(1.0),30/04/26 23:00:00,A,MAGEMAR1,BG,2006,29.2,,
ESTAT:DEMO_NIND(1.0),30/04/26 23:00:00,A,MAGEMAR1,BG,2007,29.1,,
ESTAT:DEMO_NIND(1.0),30/04/26 23:00:00,A,MAGEMAR1,BG,2008,29.2,,
ESTAT:DEMO_NIND(1.0),30/04/26 23:00:00,A,MAGEMAR1,BG,2009,29.4,,
ESTAT:DEMO_NIND(1.0),30/04/26 23:00:00,A,MAGEMAR1,BG,2010,29.8,,
ESTAT:DEMO_NIND(1.0),30/04/26 23:00:00,A,MAGEMAR1,BG,2011,29.9,,
ESTAT:DEMO_NIND(1.0),30/04/26 23:00:00,A,MAGEMAR1,BG,2013,30.0,,
ESTAT:DEMO_NIND(1.0),30/04/26 23:00:00,A,MAGEMAR1,BG,2014,30.3,,
ESTAT:DEMO_NIND(1.0),30/04/26 23:00:00,A,MAGEMAR1,BG,2015,30.4,,
ESTAT:DEMO_NIND(1.0),30/04/26 23:00:00,A,MAGEMAR1,BG,2016,30.5,,
ESTAT:DEMO_NIND(1.0),30/04/26 23:00:00,A,MAGEMAR1,BG,2017,30.6,,
ESTAT:DEMO_NIND(1.0),30/04/26 23:00:00,A,MAGEMAR1,BG,2018,30.8,,
ESTAT:DEMO_NIND(1.0),30/04/26 23:00:00,A,MAGEMAR1,BG,2019,31.0,,
ESTAT:DEMO_NIND(1.0),30/04/26 23:00:00,A,MAGEMAR1,BG,2020,31.2,,
ESTAT:DEMO_NIND(1.0),30/04/26 23:00:00,A,MAGEMAR1,BG,2021,31.4,,
ESTAT:DEMO_NIND(1.0),30/04/26 23:00:00,A,MAGEMAR1,BG,2022,31.5,b,
ESTAT:DEMO_NIND(1.0),30/04/26 23:00:00,A,MAGEMAR1,BG,2023,31.8,,
ESTAT:DEMO_NIND(1.0),30/04/26 23:00:00,A,MAGEMAR1,BG,2024,32.1,,
ESTAT:DEMO_NIND(1.0),30/04/26 23:00:00,A,MAGEMAR1,BY,2006,26.2,,
ESTAT:DEMO_NIND(1.0),30/04/26 23:00:00,A,MAGEMAR1,BY,2007,26.4,,
ESTAT:DEMO_NIND(1.0),30/04/26 23:00:00,A,MAGEMAR1,BY,2008,26.5,,
ESTAT:DEMO_NIND(1.0),30/04/26 23:00:00,A,MAGEMAR1,BY,2011,26.8,,
ESTAT:DEMO_NIND(1.0),30/04/26 23:00:00,A,MAGEMAR1,BY,2012,26.8,,
ESTAT:DEMO_NIND(1.0),30/04/26 23:00:00,A,MAGEMAR1,BY,2013,27.2,,
ESTAT:DEMO_NIND(1.0),30/04/26 23:00:00,A,MAGEMAR1,BY,2014,27.4,,
ESTAT:DEMO_NIND(1.0),30/04/26 23:00:00,A,MAGEMAR1,BY,2015,27.4,,
ESTAT:DEMO_NIND(1.0),30/04/26 23:00:00,A,MAGEMAR1,BY,2016,27.5,,
ESTAT:DEMO_NIND(1.0),30/04/26 23:00:00,A,MAGEMAR1,BY,2017,27.4,,
ESTAT:DEMO_NIND(1.0),30/04/26 23:00:00,A,MAGEMAR1,BY,2018,27.5,,
ESTAT:DEMO_NIND(1.0),30/04/26 23:00:00,A,MAGEMAR1,CH,1990,29.4,,
ESTAT:DEMO_NIND(1.0),30/04/26 23:00:00,A,MAGEMAR1,CH,1991,29.5,,
ESTAT:DEMO_NIND(1.0),30/04/26 23:00:00,A,MAGEMAR1,CH,1992,29.5,,
ESTAT:DEMO_NIND(1.0),30/04/26 23:00:00,A,MAGEMAR1,CH,1994,29.9,,
ESTAT:DEMO_NIND(1.0),30/04/26 23:00:00,A,MAGEMAR1,CH,1995,30.1,,
ESTAT:DEMO_NIND(1.0),30/04/26 23:00:00,A,MAGEMAR1,CH,1998,30.4,,
ESTAT:DEMO_NIND(1.0),30/04/26 23:00:00,A,MAGEMAR1,CH,2000,30.8,,
ESTAT:DEMO_NIND(1.0),30/04/26 23:00:00,A,MAGEMAR1,CH,2001,31.1,,
ESTAT:DEMO_NIND(1.0),30/04/26 23:00:00,A,MAGEMAR1,CH,2003,31.2,,
ESTAT:DEMO_NIND(1.0),30/04/26 23:00:00,A,MAGEMAR1,CH,2004,31.4,,
ESTAT:DEMO_NIND(1.0),30/04/26 23:00:00,A,MAGEMAR1,CH,2005,31.5,,
ESTAT:DEMO_NIND(1.0),30/04/26 23:00:00,A,MAGEMAR1,CH,2006,31.6,,
ESTAT:DEMO_NIND(1.0),30/04/26 23:00:00,A,MAGEMAR1,CH,2007,31.7,,
ESTAT:DEMO_NIND(1.0),30/04/26 23:00:00,A,MAGEMAR1,CH,2008,32.1,,
ESTAT:DEMO_NIND(1.0),30/04/26 23:00:00,A,MAGEMAR1,CH,2009,32.1,,
ESTAT:DEMO_NIND(1.0),30/04/26 23:00:00,A,MAGEMAR1,CH,2010,32.2,,
ESTAT:DEMO_NIND(1.0),30/04/26 23:00:00,A,MAGEMAR1,CH,2011,32.4,,
ESTAT:DEMO_NIND(1.0),30/04/26 23:00:00,A,MAGEMAR1,CH,2012,32.4,,
ESTAT:DEMO_NIND(1.0),30/04/26 23:00:00,A,MAGEMAR1,CH,2013,32.5,,
ESTAT:DEMO_NIND(1.0),30/04/26 23:00:00,A,MAGEMAR1,CH,2014,32.5,,
ESTAT:DEMO_NIND(1.0),30/04/26 23:00:00,A,MAGEMAR1,CH,2015,32.6,,
ESTAT:DEMO_NIND(1.0),30/04/26 23:00:00,A,MAGEMAR1,CH,2016,32.7,,
ESTAT:DEMO_NIND(1.0),30/04/26 23:00:00,A,MAGEMAR1,CH,2017,32.8,,
ESTAT:DEMO_NIND(1.0),30/04/26 23:00:00,A,MAGEMAR1,CH,2018,32.9,,
ESTAT:DEMO_NIND(1.0),30/04/26 23:00:00,A,MAGEMAR1,CH,2019,33.1,,
ESTAT:DEMO_NIND(1.0),30/04/26 23:00:00,A,MAGEMAR1,CH,2020,33.3,,
ESTAT:DEMO_NIND(1.0),30/04/26 23:00:00,A,MAGEMAR1,CH,2021,33.2,,
ESTAT:DEMO_NIND(1.0),30/04/26 23:00:00,A,MAGEMAR1,CH,2022,33.4,,
ESTAT:DEMO_NIND(1.0),30/04/26 23:00:00,A,MAGEMAR1,CH,2023,33.5,,
ESTAT:DEMO_NIND(1.0),30/04/26 23:00:00,A,MAGEMAR1,CH,2024,33.5,,
ESTAT:DEMO_NIND(1.0),30/04/26 23:00:00,A,MAGEMAR1,CY,1990,27.9,,
ESTAT:DEMO_NIND(1.0),30/04/26 23:00:00,A,MAGEMAR1,CY,1991,27.5,,
ESTAT:DEMO_NIND(1.0),30/04/26 23:00:00,A,MAGEMAR1,CY,1992,27.9,,
ESTAT:DEMO_NIND(1.0),30/04/26 23:00:00,A,MAGEMAR1,CY,1993,27.9,,
ESTAT:DEMO_NIND(1.0),30/04/26 23:00:00,A,MAGEMAR1,CY,1994,28.4,,
ESTAT:DEMO_NIND(1.0),30/04/26 23:00:00,A,MAGEMAR1,CY,1995,28.2,,
ESTAT:DEMO_NIND(1.0),30/04/26 23:00:00,A,MAGEMAR1,CY,1996,28.6,,
ESTAT:DEMO_NIND(1.0),30/04/26 23:00:00,A,MAGEMAR1,CY,1997,28.7,,
ESTAT:DEMO_NIND(1.0),30/04/26 23:00:00,A,MAGEMAR1,CY,1998,28.9,,
ESTAT:DEMO_NIND(1.0),30/04/26 23:00:00,A,MAGEMAR1,CY,1999,29.0,,
ESTAT:DEMO_NIND(1.0),30/04/26 23:00:00,A,MAGEMAR1,CY,2000,29.3,,
ESTAT:DEMO_NIND(1.0),30/04/26 23:00:00,A,MAGEMAR1,CY,2001,29.7,,
ESTAT:DEMO_NIND(1.0),30/04/26 23:00:00,A,MAGEMAR1,CY,2002,30.1,,
ESTAT:DEMO_NIND(1.0),30/04/26 23:00:00,A,MAGEMAR1,CY,2003,30.5,,
ESTAT:DEMO_NIND(1.0),30/04/26 23:00:00,A,MAGEMAR1,CY,2004,30.1,,
ESTAT:DEMO_NIND(1.0),30/04/26 23:00:00,A,MAGEMAR1,CY,2005,29.9,,
ESTAT:DEMO_NIND(1.0),30/04/26 23:00:00,A,MAGEMAR1,CY,2006,30.4,,
ESTAT:DEMO_NIND(1.0),30/04/26 23:00:00,A,MAGEMAR1,CZ,1990,24.3,,
ESTAT:DEMO_NIND(1.0),30/04/26 23:00:00,A,MAGEMAR1,CZ,1991,24.3,,
ESTAT:DEMO_NIND(1.0),30/04/26 23:00:00,A,MAGEMAR1,CZ,1992,24.5,,
ESTAT:DEMO_NIND(1.0),30/04/26 23:00:00,A,MAGEMAR1,CZ,1993,24.7,,
ESTAT:DEMO_NIND(1.0),30/04/26 23:00:00,A,MAGEMAR1,CZ,1994,25.1,,
ESTAT:DEMO_NIND(1.0),30/04/26 23:00:00,A,MAGEMAR1,CZ,1995,25.5,,
ESTAT:DEMO_NIND(1.0),30/04/26 23:00:00,A,MAGEMAR1,CZ,1996,25.9,,
ESTAT:DEMO_NIND(1.0),30/04/26 23:00:00,A,MAGEMAR1,CZ,1997,26.5,,
ESTAT:DEMO_NIND(1.0),30/04/26 23:00:00,A,MAGEMAR1,CZ,1998,26.8,,
ESTAT:DEMO_NIND(1.0),30/04/26 23:00:00,A,MAGEMAR1,CZ,1999,27.2,,
ESTAT:DEMO_NIND(1.0),30/04/26 23:00:00,A,MAGEMAR1,CZ,2000,27.6,,
ESTAT:DEMO_NIND(1.0),30/04/26 23:00:00,A,MAGEMAR1,CZ,2001,27.9,,
ESTAT:DEMO_NIND(1.0),30/04/26 23:00:00,A,MAGEMAR1,CZ,2002,28.4,,
ESTAT:DEMO_NIND(1.0),30/04/26 23:00:00,A,MAGEMAR1,CZ,2003,28.8,,
ESTAT:DEMO_NIND(1.0),30/04/26 23:00:00,A,MAGEMAR1,CZ,2004,29.1,,
ESTAT:DEMO_NIND(1.0),30/04/26 23:00:00,A,MAGEMAR1,CZ,2005,29.4,,
ESTAT:DEMO_NIND(1.0),30/04/26 23:00:00,A,MAGEMAR1,CZ,2006,29.7,,
ESTAT:DEMO_NIND(1.0),30/04/26 23:00:00,A,MAGEMAR1,CZ,2007,30.0,,
ESTAT:DEMO_NIND(1.0),30/04/26 23:00:00,A,MAGEMAR1,CZ,2008,30.2,,
ESTAT:DEMO_NIND(1.0),30/04/26 23:00:00,A,MAGEMAR1,CZ,2009,30.6,,
ESTAT:DEMO_NIND(1.0),30/04/26 23:00:00,A,MAGEMAR1,CZ,2010,30.8,,
ESTAT:DEMO_NIND(1.0),30/04/26 23:00:00,A,MAGEMAR1,CZ,2011,31.0,,
ESTAT:DEMO_NIND(1.0),30/04/26 23:00:00,A,MAGEMAR1,CZ,2012,31.2,,
ESTAT:DEMO_NIND(1.0),30/04/26 23:00:00,A,MAGEMAR1,CZ,2013,31.3,,
ESTAT:DEMO_NIND(1.0),30/04/26 23:00:00,A,MAGEMAR1,CZ,2014,31.4,,
ESTAT:DEMO_NIND(1.0),30/04/26 23:00:00,A,MAGEMAR1,CZ,2015,31.6,,
ESTAT:DEMO_NIND(1.0),30/04/26 23:00:00,A,MAGEMAR1,CZ,2016,31.7,,
ESTAT:DEMO_NIND(1.0),30/04/26 23:00:00,A,MAGEMAR1,CZ,2017,31.8,,
ESTAT:DEMO_NIND(1.0),30/04/26 23:00:00,A,MAGEMAR1,CZ,2018,31.9,,
ESTAT:DEMO_NIND(1.0),30/04/26 23:00:00,A,MAGEMAR1,CZ,2019,32.0,,
ESTAT:DEMO_NIND(1.0),30/04/26 23:00:00,A,MAGEMAR1,CZ,2020,32.4,,
ESTAT:DEMO_NIND(1.0),30/04/26 23:00:00,A,MAGEMAR1,CZ,2021,32.6,,
ESTAT:DEMO_NIND(1.0),30/04/26 23:00:00,A,MAGEMAR1,CZ,2022,32.8,,
ESTAT:DEMO_NIND(1.0),30/04/26 23:00:00,A,MAGEMAR1,CZ,2023,33.0,,
ESTAT:DEMO_NIND(1.0),30/04/26 23:00:00,A,MAGEMAR1,CZ,2024,33.1,,
ESTAT:DEMO_NIND(1.0),30/04/26 23:00:00,A,MAGEMAR1,DE,1991,28.7,,
ESTAT:DEMO_NIND(1.0),30/04/26 23:00:00,A,MAGEMAR1,DE,1992,28.9,,
ESTAT:DEMO_NIND(1.0),30/04/26 23:00:00,A,MAGEMAR1,DE,1993,29.2,,
ESTAT:DEMO_NIND(1.0),30/04/26 23:00:00,A,MAGEMAR1,DE,1994,29.4,,
ESTAT:DEMO_NIND(1.0),30/04/26 23:00:00,A,MAGEMAR1,DE,1995,29.5,,
ESTAT:DEMO_NIND(1.0),30/04/26 23:00:00,A,MAGEMAR1,DE,1996,29.7,,
ESTAT:DEMO_NIND(1.0),30/04/26 23:00:00,A,MAGEMAR1,DE,1997,29.8,,
ESTAT:DEMO_NIND(1.0),30/04/26 23:00:00,A,MAGEMAR1,DE,1998,30.1,,
ESTAT:DEMO_NIND(1.0),30/04/26 23:00:00,A,MAGEMAR1,DE,1999,30.3,,
ESTAT:DEMO_NIND(1.0),30/04/26 23:00:00,A,MAGEMAR1,DE,2000,30.5,,
ESTAT:DEMO_NIND(1.0),30/04/26 23:00:00,A,MAGEMAR1,DE,2001,30.9,,
ESTAT:DEMO_NIND(1.0),30/04/26 23:00:00,A,MAGEMAR1,DE,2003,31.2,,
ESTAT:DEMO_NIND(1.0),30/04/26 23:00:00,A,MAGEMAR1,DE,2004,31.6,,
ESTAT:DEMO_NIND(1.0),30/04/26 23:00:00,A,MAGEMAR1,DE,2005,31.9,,
ESTAT:DEMO_NIND(1.0),30/04/26 23:00:00,A,MAGEMAR1,DE,2006,31.9,,
ESTAT:DEMO_NIND(1.0),30/04/26 23:00:00,A,MAGEMAR1,DE,2007,32.1,,
ESTAT:DEMO_NIND(1.0),30/04/26 23:00:00,A,MAGEMAR1,DE,2008,32.4,,
ESTAT:DEMO_NIND(1.0),30/04/26 23:00:00,A,MAGEMAR1,DE,2009,32.5,,
ESTAT:DEMO_NIND(1.0),30/04/26 23:00:00,A,MAGEMAR1,DE,2011,32.9,,
ESTAT:DEMO_NIND(1.0),30/04/26 23:00:00,A,MAGEMAR1,DE,2013,33.2,,
ESTAT:DEMO_NIND(1.0),30/04/26 23:00:00,A,MAGEMAR1,DE,2014,33.4,,
ESTAT:DEMO_NIND(1.0),30/04/26 23:00:00,A,MAGEMAR1,DE,2015,33.6,,
ESTAT:DEMO_NIND(1.0),30/04/26 23:00:00,A,MAGEMAR1,DE,2016,33.8,,
ESTAT:DEMO_NIND(1.0),30/04/26 23:00:00,A,MAGEMAR1,DE,2017,34.0,,
ESTAT:DEMO_NIND(1.0),30/04/26 23:00:00,A,MAGEMAR1,DE_TOT,1990,28.2,,
ESTAT:DEMO_NIND(1.0),30/04/26 23:00:00,A,MAGEMAR1,DE_TOT,1991,28.7,,
ESTAT:DEMO_NIND(1.0),30/04/26 23:00:00,A,MAGEMAR1,DE_TOT,1992,28.9,,
ESTAT:DEMO_NIND(1.0),30/04/26 23:00:00,A,MAGEMAR1,DE_TOT,1993,29.2,,
ESTAT:DEMO_NIND(1.0),30/04/26 23:00:00,A,MAGEMAR1,DE_TOT,1994,29.4,,
ESTAT:DEMO_NIND(1.0),30/04/26 23:00:00,A,MAGEMAR1,DE_TOT,1995,29.5,,
ESTAT:DEMO_NIND(1.0),30/04/26 23:00:00,A,MAGEMAR1,DE_TOT,1996,29.7,,
ESTAT:DEMO_NIND(1.0),30/04/26 23:00:00,A,MAGEMAR1,DE_TOT,1997,29.8,,
ESTAT:DEMO_NIND(1.0),30/04/26 23:00:00,A,MAGEMAR1,DE_TOT,1998,30.1,,
ESTAT:DEMO_NIND(1.0),30/04/26 23:00:00,A,MAGEMAR1,DE_TOT,1999,30.3,,
ESTAT:DEMO_NIND(1.0),30/04/26 23:00:00,A,MAGEMAR1,DE_TOT,2000,30.5,,
ESTAT:DEMO_NIND(1.0),30/04/26 23:00:00,A,MAGEMAR1,DE_TOT,2001,30.9,,
ESTAT:DEMO_NIND(1.0),30/04/26 23:00:00,A,MAGEMAR1,DE_TOT,2003,31.2,,
ESTAT:DEMO_NIND(1.0),30/04/26 23:00:00,A,MAGEMAR1,DE_TOT,2004,31.6,,
ESTAT:DEMO_NIND(1.0),30/04/26 23:00:00,A,MAGEMAR1,DE_TOT,2005,31.9,,
ESTAT:DEMO_NIND(1.0),30/04/26 23:00:00,A,MAGEMAR1,DE_TOT,2006,31.9,,
ESTAT:DEMO_NIND(1.0),30/04/26 23:00:00,A,MAGEMAR1,DE_TOT,2007,32.1,,
ESTAT:DEMO_NIND(1.0),30/04/26 23:00:00,A,MAGEMAR1,DE_TOT,2008,32.4,,
ESTAT:DEMO_NIND(1.0),30/04/26 23:00:00,A,MAGEMAR1,DE_TOT,2009,32.5,,
ESTAT:DEMO_NIND(1.0),30/04/26 23:00:00,A,MAGEMAR1,DE_TOT,2011,32.9,,
ESTAT:DEMO_NIND(1.0),30/04/26 23:00:00,A,MAGEMAR1,DE_TOT,2013,33.2,,
ESTAT:DEMO_NIND(1.0),30/04/26 23:00:00,A,MAGEMAR1,DE_TOT,2014,33.4,,
ESTAT:DEMO_NIND(1.0),30/04/26 23:00:00,A,MAGEMAR1,DE_TOT,2015,33.6,,
ESTAT:DEMO_NIND(1.0),30/04/26 23:00:00,A,MAGEMAR1,DE_TOT,2016,33.8,,
ESTAT:DEMO_NIND(1.0),30/04/26 23:00:00,A,MAGEMAR1,DE_TOT,2017,34.0,,
ESTAT:DEMO_NIND(1.0),30/04/26 23:00:00,A,MAGEMAR1,DK,1990,30.5,,
ESTAT:DEMO_NIND(1.0),30/04/26 23:00:00,A,MAGEMAR1,DK,1991,30.6,,
ESTAT:DEMO_NIND(1.0),30/04/26 23:00:00,A,MAGEMAR1,DK,1992,31.0,,
ESTAT:DEMO_NIND(1.0),30/04/26 23:00:00,A,MAGEMAR1,DK,1993,31.4,,
ESTAT:DEMO_NIND(1.0),30/04/26 23:00:00,A,MAGEMAR1,DK,1994,31.8,,
ESTAT:DEMO_NIND(1.0),30/04/26 23:00:00,A,MAGEMAR1,DK,1995,31.9,,
ESTAT:DEMO_NIND(1.0),30/04/26 23:00:00,A,MAGEMAR1,DK,1996,32.5,,
ESTAT:DEMO_NIND(1.0),30/04/26 23:00:00,A,MAGEMAR1,DK,1997,32.2,,
ESTAT:DEMO_NIND(1.0),30/04/26 23:00:00,A,MAGEMAR1,DK,1998,32.4,,
ESTAT:DEMO_NIND(1.0),30/04/26 23:00:00,A,MAGEMAR1,DK,1999,32.5,,
ESTAT:DEMO_NIND(1.0),30/04/26 23:00:00,A,MAGEMAR1,DK,2000,32.5,,
ESTAT:DEMO_NIND(1.0),30/04/26 23:00:00,A,MAGEMAR1,DK,2001,32.6,,
ESTAT:DEMO_NIND(1.0),30/04/26 23:00:00,A,MAGEMAR1,DK,2002,32.7,,
ESTAT:DEMO_NIND(1.0),30/04/26 23:00:00,A,MAGEMAR1,DK,2003,33.2,,
ESTAT:DEMO_NIND(1.0),30/04/26 23:00:00,A,MAGEMAR1,DK,2004,33.4,,
ESTAT:DEMO_NIND(1.0),30/04/26 23:00:00,A,MAGEMAR1,DK,2005,33.4,,
ESTAT:DEMO_NIND(1.0),30/04/26 23:00:00,A,MAGEMAR1,DK,2006,33.4,,
ESTAT:DEMO_NIND(1.0),30/04/26 23:00:00,A,MAGEMAR1,DK,2007,33.6,,
ESTAT:DEMO_NIND(1.0),30/04/26 23:00:00,A,MAGEMAR1,DK,2008,33.8,,
ESTAT:DEMO_NIND(1.0),30/04/26 23:00:00,A,MAGEMAR1,DK,2009,33.5,,
ESTAT:DEMO_NIND(1.0),30/04/26 23:00:00,A,MAGEMAR1,DK,2010,33.6,,
ESTAT:DEMO_NIND(1.0),30/04/26 23:00:00,A,MAGEMAR1,DK,2011,33.8,,
ESTAT:DEMO_NIND(1.0),30/04/26 23:00:00,A,MAGEMAR1,DK,2012,34.3,,
ESTAT:DEMO_NIND(1.0),30/04/26 23:00:00,A,MAGEMAR1,DK,2013,34.4,,
ESTAT:DEMO_NIND(1.0),30/04/26 23:00:00,A,MAGEMAR1,DK,2014,34.4,,
ESTAT:DEMO_NIND(1.0),30/04/26 23:00:00,A,MAGEMAR1,DK,2015,34.3,,
ESTAT:DEMO_NIND(1.0),30/04/26 23:00:00,A,MAGEMAR1,DK,2016,34.7,,
ESTAT:DEMO_NIND(1.0),30/04/26 23:00:00,A,MAGEMAR1,DK,2017,34.8,,
ESTAT:DEMO_NIND(1.0),30/04/26 23:00:00,A,MAGEMAR1,DK,2018,34.9,,
ESTAT:DEMO_NIND(1.0),30/04/26 23:00:00,A,MAGEMAR1,DK,2019,35.1,,
ESTAT:DEMO_NIND(1.0),30/04/26 23:00:00,A,MAGEMAR1,DK,2020,35.3,,
ESTAT:DEMO_NIND(1.0),30/04/26 23:00:00,A,MAGEMAR1,DK,2021,35.3,,
ESTAT:DEMO_NIND(1.0),30/04/26 23:00:00,A,MAGEMAR1,EA19,2006,31.8,,
ESTAT:DEMO_NIND(1.0),30/04/26 23:00:00,A,MAGEMAR1,EE,1992,25.2,,
ESTAT:DEMO_NIND(1.0),30/04/26 23:00:00,A,MAGEMAR1,EE,1993,26.0,,
ESTAT:DEMO_NIND(1.0),30/04/26 23:00:00,A,MAGEMAR1,EE,1994,26.5,,
ESTAT:DEMO_NIND(1.0),30/04/26 23:00:00,A,MAGEMAR1,EE,1995,26.5,,
ESTAT:DEMO_NIND(1.0),30/04/26 23:00:00,A,MAGEMAR1,EE,1996,26.9,,
ESTAT:DEMO_NIND(1.0),30/04/26 23:00:00,A,MAGEMAR1,EE,1997,27.2,,
ESTAT:DEMO_NIND(1.0),30/04/26 23:00:00,A,MAGEMAR1,EE,1998,27.4,,
ESTAT:DEMO_NIND(1.0),30/04/26 23:00:00,A,MAGEMAR1,EE,1999,27.7,,
ESTAT:DEMO_NIND(1.0),30/04/26 23:00:00,A,MAGEMAR1,EE,2000,28.1,,
ESTAT:DEMO_NIND(1.0),30/04/26 23:00:00,A,MAGEMAR1,EE,2001,28.2,,
ESTAT:DEMO_NIND(1.0),30/04/26 23:00:00,A,MAGEMAR1,EE,2002,28.5,,
ESTAT:DEMO_NIND(1.0),30/04/26 23:00:00,A,MAGEMAR1,EE,2003,28.5,,
ESTAT:DEMO_NIND(1.0),30/04/26 23:00:00,A,MAGEMAR1,EE,2004,29.0,,
ESTAT:DEMO_NIND(1.0),30/04/26 23:00:00,A,MAGEMAR1,EE,2005,29.1,,
ESTAT:DEMO_NIND(1.0),30/04/26 23:00:00,A,MAGEMAR1,EE,2006,29.3,,
ESTAT:DEMO_NIND(1.0),30/04/26 23:00:00,A,MAGEMAR1,EE,2007,29.6,,
ESTAT:DEMO_NIND(1.0),30/04/26 23:00:00,A,MAGEMAR1,EE,2008,29.9,,
ESTAT:DEMO_NIND(1.0),30/04/26 23:00:00,A,MAGEMAR1,EE,2009,30.2,,
ESTAT:DEMO_NIND(1.0),30/04/26 23:00:00,A,MAGEMAR1,EE,2010,30.5,,
ESTAT:DEMO_NIND(1.0),30/04/26 23:00:00,A,MAGEMAR1,EE,2011,31.1,,
ESTAT:DEMO_NIND(1.0),30/04/26 23:00:00,A,MAGEMAR1,EE,2012,31.3,,
ESTAT:DEMO_NIND(1.0),30/04/26 23:00:00,A,MAGEMAR1,EE,2013,31.3,,
ESTAT:DEMO_NIND(1.0),30/04/26 23:00:00,A,MAGEMAR1,EE,2014,31.6,,
ESTAT:DEMO_NIND(1.0),30/04/26 23:00:00,A,MAGEMAR1,EE,2015,31.9,,
ESTAT:DEMO_NIND(1.0),30/04/26 23:00:00,A,MAGEMAR1,EE,2016,32.2,,
ESTAT:DEMO_NIND(1.0),30/04/26 23:00:00,A,MAGEMAR1,EE,2017,32.6,,
ESTAT:DEMO_NIND(1.0),30/04/26 23:00:00,A,MAGEMAR1,EE,2018,32.8,,
ESTAT:DEMO_NIND(1.0),30/04/26 23:00:00,A,MAGEMAR1,EE,2020,33.3,,
ESTAT:DEMO_NIND(1.0),30/04/26 23:00:00,A,MAGEMAR1,EE,2021,33.2,,
ESTAT:DEMO_NIND(1.0),30/04/26 23:00:00,A,MAGEMAR1,EE,2022,33.5,,
ESTAT:DEMO_NIND(1.0),30/04/26 23:00:00,A,MAGEMAR1,EE,2023,33.2,,
ESTAT:DEMO_NIND(1.0),30/04/26 23:00:00,A,MAGEMAR1,EE,2024,33.1,,
ESTAT:DEMO_NIND(1.0),30/04/26 23:00:00,A,MAGEMAR1,EFTA,2011,32.9,,
ESTAT:DEMO_NIND(1.0),30/04/26 23:00:00,A,MAGEMAR1,EL,1990,29.0,,
ESTAT:DEMO_NIND(1.0),30/04/26 23:00:00,A,MAGEMAR1,EL,1991,29.3,,
ESTAT:DEMO_NIND(1.0),30/04/26 23:00:00,A,MAGEMAR1,EL,1992,29.6,,
ESTAT:DEMO_NIND(1.0),30/04/26 23:00:00,A,MAGEMAR1,EL,1993,29.7,,
ESTAT:DEMO_NIND(1.0),30/04/26 23:00:00,A,MAGEMAR1,EL,1994,29.9,,
ESTAT:DEMO_NIND(1.0),30/04/26 23:00:00,A,MAGEMAR1,EL,1995,30.1,,
ESTAT:DEMO_NIND(1.0),30/04/26 23:00:00,A,MAGEMAR1,EL,1996,30.2,,
ESTAT:DEMO_NIND(1.0),30/04/26 23:00:00,A,MAGEMAR1,EL,1997,30.6,,
ESTAT:DEMO_NIND(1.0),30/04/26 23:00:00,A,MAGEMAR1,EL,1998,30.8,,
ESTAT:DEMO_NIND(1.0),30/04/26 23:00:00,A,MAGEMAR1,EL,1999,31.0,,
ESTAT:DEMO_NIND(1.0),30/04/26 23:00:00,A,MAGEMAR1,EL,2000,31.1,,
ESTAT:DEMO_NIND(1.0),30/04/26 23:00:00,A,MAGEMAR1,EL,2001,31.2,,
ESTAT:DEMO_NIND(1.0),30/04/26 23:00:00,A,MAGEMAR1,EL,2002,31.5,,
ESTAT:DEMO_NIND(1.0),30/04/26 23:00:00,A,MAGEMAR1,EL,2003,31.7,,
ESTAT:DEMO_NIND(1.0),30/04/26 23:00:00,A,MAGEMAR1,EL,2004,31.8,,
ESTAT:DEMO_NIND(1.0),30/04/26 23:00:00,A,MAGEMAR1,EL,2005,32.0,,
ESTAT:DEMO_NIND(1.0),30/04/26 23:00:00,A,MAGEMAR1,EL,2006,32.2,,
ESTAT:DEMO_NIND(1.0),30/04/26 23:00:00,A,MAGEMAR1,EL,2007,32.4,,
ESTAT:DEMO_NIND(1.0),30/04/26 23:00:00,A,MAGEMAR1,EL,2008,32.4,,
ESTAT:DEMO_NIND(1.0),30/04/26 23:00:00,A,MAGEMAR1,EL,2009,32.5,,
ESTAT:DEMO_NIND(1.0),30/04/26 23:00:00,A,MAGEMAR1,EL,2010,32.6,,
ESTAT:DEMO_NIND(1.0),30/04/26 23:00:00,A,MAGEMAR1,EL,2011,32.7,,
ESTAT:DEMO_NIND(1.0),30/04/26 23:00:00,A,MAGEMAR1,EL,2012,32.8,,
ESTAT:DEMO_NIND(1.0),30/04/26 23:00:00,A,MAGEMAR1,EL,2013,32.9,,
ESTAT:DEMO_NIND(1.0),30/04/26 23:00:00,A,MAGEMAR1,EL,2014,33.0,,
ESTAT:DEMO_NIND(1.0),30/04/26 23:00:00,A,MAGEMAR1,EL,2015,33.2,,
ESTAT:DEMO_NIND(1.0),30/04/26 23:00:00,A,MAGEMAR1,EL,2016,33.2,,
ESTAT:DEMO_NIND(1.0),30/04/26 23:00:00,A,MAGEMAR1,EL,2017,33.3,,
ESTAT:DEMO_NIND(1.0),30/04/26 23:00:00,A,MAGEMAR1,EL,2018,33.4,,
ESTAT:DEMO_NIND(1.0),30/04/26 23:00:00,A,MAGEMAR1,EL,2019,33.7,,
ESTAT:DEMO_NIND(1.0),30/04/26 23:00:00,A,MAGEMAR1,EL,2020,33.8,,
ESTAT:DEMO_NIND(1.0),30/04/26 23:00:00,A,MAGEMAR1,EL,2021,32.4,,
ESTAT:DEMO_NIND(1.0),30/04/26 23:00:00,A,MAGEMAR1,EL,2022,34.0,,
ESTAT:DEMO_NIND(1.0),30/04/26 23:00:00,A,MAGEMAR1,EL,2023,34.1,,
ESTAT:DEMO_NIND(1.0),30/04/26 23:00:00,A,MAGEMAR1,EL,2024,34.2,,
ESTAT:DEMO_NIND(1.0),30/04/26 23:00:00,A,MAGEMAR1,ES,1990,27.8,,
ESTAT:DEMO_NIND(1.0),30/04/26 23:00:00,A,MAGEMAR1,ES,1991,28.1,,
ESTAT:DEMO_NIND(1.0),30/04/26 23:00:00,A,MAGEMAR1,ES,1992,28.4,,
ESTAT:DEMO_NIND(1.0),30/04/26 23:00:00,A,MAGEMAR1,ES,1993,28.7,,
ESTAT:DEMO_NIND(1.0),30/04/26 23:00:00,A,MAGEMAR1,ES,1994,28.9,,
ESTAT:DEMO_NIND(1.0),30/04/26 23:00:00,A,MAGEMAR1,ES,1995,29.2,,
ESTAT:DEMO_NIND(1.0),30/04/26 23:00:00,A,MAGEMAR1,ES,1996,29.5,,
ESTAT:DEMO_NIND(1.0),30/04/26 23:00:00,A,MAGEMAR1,ES,1997,29.7,,
ESTAT:DEMO_NIND(1.0),30/04/26 23:00:00,A,MAGEMAR1,ES,1998,29.8,,
ESTAT:DEMO_NIND(1.0),30/04/26 23:00:00,A,MAGEMAR1,ES,1999,30.0,,
ESTAT:DEMO_NIND(1.0),30/04/26 23:00:00,A,MAGEMAR1,ES,2000,30.2,,
ESTAT:DEMO_NIND(1.0),30/04/26 23:00:00,A,MAGEMAR1,ES,2002,30.7,,
ESTAT:DEMO_NIND(1.0),30/04/26 23:00:00,A,MAGEMAR1,ES,2003,30.9,,
ESTAT:DEMO_NIND(1.0),30/04/26 23:00:00,A,MAGEMAR1,ES,2004,31.3,,
ESTAT:DEMO_NIND(1.0),30/04/26 23:00:00,A,MAGEMAR1,ES,2005,31.6,,
ESTAT:DEMO_NIND(1.0),30/04/26 23:00:00,A,MAGEMAR1,ES,2006,31.8,,
ESTAT:DEMO_NIND(1.0),30/04/26 23:00:00,A,MAGEMAR1,ES,2007,32.0,,
ESTAT:DEMO_NIND(1.0),30/04/26 23:00:00,A,MAGEMAR1,ES,2008,32.3,,
ESTAT:DEMO_NIND(1.0),30/04/26 23:00:00,A,MAGEMAR1,ES,2009,32.7,,
ESTAT:DEMO_NIND(1.0),30/04/26 23:00:00,A,MAGEMAR1,ES,2010,33.1,,
ESTAT:DEMO_NIND(1.0),30/04/26 23:00:00,A,MAGEMAR1,ES,2011,33.4,,
ESTAT:DEMO_NIND(1.0),30/04/26 23:00:00,A,MAGEMAR1,ES,2012,33.7,,
ESTAT:DEMO_NIND(1.0),30/04/26 23:00:00,A,MAGEMAR1,ES,2013,34.4,,
ESTAT:DEMO_NIND(1.0),30/04/26 23:00:00,A,MAGEMAR1,ES,2014,34.5,,
ESTAT:DEMO_NIND(1.0),30/04/26 23:00:00,A,MAGEMAR1,ES,2015,34.9,,
ESTAT:DEMO_NIND(1.0),30/04/26 23:00:00,A,MAGEMAR1,ES,2016,35.1,,
ESTAT:DEMO_NIND(1.0),30/04/26 23:00:00,A,MAGEMAR1,ES,2017,35.4,,
ESTAT:DEMO_NIND(1.0),30/04/26 23:00:00,A,MAGEMAR1,ES,2018,35.6,,
ESTAT:DEMO_NIND(1.0),30/04/26 23:00:00,A,MAGEMAR1,ES,2019,36.1,,
ESTAT:DEMO_NIND(1.0),30/04/26 23:00:00,A,MAGEMAR1,ES,2020,37.2,,
ESTAT:DEMO_NIND(1.0),30/04/26 23:00:00,A,MAGEMAR1,ES,2021,36.9,,
ESTAT:DEMO_NIND(1.0),30/04/26 23:00:00,A,MAGEMAR1,ES,2022,36.8,,
ESTAT:DEMO_NIND(1.0),30/04/26 23:00:00,A,MAGEMAR1,ES,2023,37.0,,
ESTAT:DEMO_NIND(1.0),30/04/26 23:00:00,A,MAGEMAR1,ES,2024,37.3,,
ESTAT:DEMO_NIND(1.0),30/04/26 23:00:00,A,MAGEMAR1,FI,1990,28.4,,
ESTAT:DEMO_NIND(1.0),30/04/26 23:00:00,A,MAGEMAR1,FI,1991,28.5,,
ESTAT:DEMO_NIND(1.0),30/04/26 23:00:00,A,MAGEMAR1,FI,1992,28.6,,
ESTAT:DEMO_NIND(1.0),30/04/26 23:00:00,A,MAGEMAR1,FI,1993,28.9,,
ESTAT:DEMO_NIND(1.0),30/04/26 23:00:00,A,MAGEMAR1,FI,1994,29.0,,
ESTAT:DEMO_NIND(1.0),30/04/26 23:00:00,A,MAGEMAR1,FI,1995,29.3,,
ESTAT:DEMO_NIND(1.0),30/04/26 23:00:00,A,MAGEMAR1,FI,1997,29.7,,
ESTAT:DEMO_NIND(1.0),30/04/26 23:00:00,A,MAGEMAR1,FI,1998,29.9,,
ESTAT:DEMO_NIND(1.0),30/04/26 23:00:00,A,MAGEMAR1,FI,1999,30.2,,
ESTAT:DEMO_NIND(1.0),30/04/26 23:00:00,A,MAGEMAR1,FI,2000,30.5,,
ESTAT:DEMO_NIND(1.0),30/04/26 23:00:00,A,MAGEMAR1,FI,2001,30.6,,
ESTAT:DEMO_NIND(1.0),30/04/26 23:00:00,A,MAGEMAR1,FI,2002,31.0,,
ESTAT:DEMO_NIND(1.0),30/04/26 23:00:00,A,MAGEMAR1,FI,2003,31.2,,
ESTAT:DEMO_NIND(1.0),30/04/26 23:00:00,A,MAGEMAR1,FI,2004,31.8,,
ESTAT:DEMO_NIND(1.0),30/04/26 23:00:00,A,MAGEMAR1,FI,2005,31.5,,
ESTAT:DEMO_NIND(1.0),30/04/26 23:00:00,A,MAGEMAR1,FI,2006,31.8,,
ESTAT:DEMO_NIND(1.0),30/04/26 23:00:00,A,MAGEMAR1,FI,2007,32.0,,
ESTAT:DEMO_NIND(1.0),30/04/26 23:00:00,A,MAGEMAR1,FI,2008,32.3,,
ESTAT:DEMO_NIND(1.0),30/04/26 23:00:00,A,MAGEMAR1,FI,2009,32.3,,
ESTAT:DEMO_NIND(1.0),30/04/26 23:00:00,A,MAGEMAR1,FI,2010,32.5,,
ESTAT:DEMO_NIND(1.0),30/04/26 23:00:00,A,MAGEMAR1,FI,2011,32.7,,
ESTAT:DEMO_NIND(1.0),30/04/26 23:00:00,A,MAGEMAR1,FI,2013,32.7,,
ESTAT:DEMO_NIND(1.0),30/04/26 23:00:00,A,MAGEMAR1,FI,2014,32.9,,
ESTAT:DEMO_NIND(1.0),30/04/26 23:00:00,A,MAGEMAR1,FI,2015,33.4,,
ESTAT:DEMO_NIND(1.0),30/04/26 23:00:00,A,MAGEMAR1,FI,2016,33.7,,
ESTAT:DEMO_NIND(1.0),30/04/26 23:00:00,A,MAGEMAR1,FI,2017,33.9,,
ESTAT:DEMO_NIND(1.0),30/04/26 23:00:00,A,MAGEMAR1,FI,2018,34.3,,
ESTAT:DEMO_NIND(1.0),30/04/26 23:00:00,A,MAGEMAR1,FI,2019,34.2,,
ESTAT:DEMO_NIND(1.0),30/04/26 23:00:00,A,MAGEMAR1,FI,2020,34.1,,
ESTAT:DEMO_NIND(1.0),30/04/26 23:00:00,A,MAGEMAR1,FI,2021,34.2,,
ESTAT:DEMO_NIND(1.0),30/04/26 23:00:00,A,MAGEMAR1,FI,2022,34.3,,
ESTAT:DEMO_NIND(1.0),30/04/26 23:00:00,A,MAGEMAR1,FI,2023,34.4,,
ESTAT:DEMO_NIND(1.0),30/04/26 23:00:00,A,MAGEMAR1,FI,2024,34.5,,
ESTAT:DEMO_NIND(1.0),30/04/26 23:00:00,A,MAGEMAR1,FR,1998,30.3,,
ESTAT:DEMO_NIND(1.0),30/04/26 23:00:00,A,MAGEMAR1,FR,1999,30.4,,
ESTAT:DEMO_NIND(1.0),30/04/26 23:00:00,A,MAGEMAR1,FR,2000,30.7,,
ESTAT:DEMO_NIND(1.0),30/04/26 23:00:00,A,MAGEMAR1,FR,2001,30.7,,
ESTAT:DEMO_NIND(1.0),30/04/26 23:00:00,A,MAGEMAR1,FR,2002,30.9,,
ESTAT:DEMO_NIND(1.0),30/04/26 23:00:00,A,MAGEMAR1,FR,2003,31.2,,
ESTAT:DEMO_NIND(1.0),30/04/26 23:00:00,A,MAGEMAR1,FR,2004,31.5,,
ESTAT:DEMO_NIND(1.0),30/04/26 23:00:00,A,MAGEMAR1,FR,2005,31.8,,
ESTAT:DEMO_NIND(1.0),30/04/26 23:00:00,A,MAGEMAR1,FR,2006,32.0,,
ESTAT:DEMO_NIND(1.0),30/04/26 23:00:00,A,MAGEMAR1,FR,2007,32.2,,
ESTAT:DEMO_NIND(1.0),30/04/26 23:00:00,A,MAGEMAR1,FR,2008,32.4,,
ESTAT:DEMO_NIND(1.0),30/04/26 23:00:00,A,MAGEMAR1,FR,2009,32.6,,
ESTAT:DEMO_NIND(1.0),30/04/26 23:00:00,A,MAGEMAR1,FR,2010,32.8,,
ESTAT:DEMO_NIND(1.0),30/04/26 23:00:00,A,MAGEMAR1,FR,2011,33.0,,
ESTAT:DEMO_NIND(1.0),30/04/26 23:00:00,A,MAGEMAR1,FR,2013,34.1,,
ESTAT:DEMO_NIND(1.0),30/04/26 23:00:00,A,MAGEMAR1,FR,2014,34.4,,
ESTAT:DEMO_NIND(1.0),30/04/26 23:00:00,A,MAGEMAR1,FR,2015,34.4,,
ESTAT:DEMO_NIND(1.0),30/04/26 23:00:00,A,MAGEMAR1,FR,2016,34.7,,
ESTAT:DEMO_NIND(1.0),30/04/26 23:00:00,A,MAGEMAR1,FR,2017,34.9,,
ESTAT:DEMO_NIND(1.0),30/04/26 23:00:00,A,MAGEMAR1,FR,2018,35.2,,
ESTAT:DEMO_NIND(1.0),30/04/26 23:00:00,A,MAGEMAR1,FR,2020,35.7,p,
ESTAT:DEMO_NIND(1.0),30/04/26 23:00:00,A,MAGEMAR1,FR,2021,36.0,p,
ESTAT:DEMO_NIND(1.0),30/04/26 23:00:00,A,MAGEMAR1,FR,2022,36.4,p,
ESTAT:DEMO_NIND(1.0),30/04/26 23:00:00,A,MAGEMAR1,FX,1990,28.0,,
ESTAT:DEMO_NIND(1.0),30/04/26 23:00:00,A,MAGEMAR1,FX,1991,28.2,,
ESTAT:DEMO_NIND(1.0),30/04/26 23:00:00,A,MAGEMAR1,FX,1992,28.5,,
ESTAT:DEMO_NIND(1.0),30/04/26 23:00:00,A,MAGEMAR1,FX,1993,28.9,,
ESTAT:DEMO_NIND(1.0),30/04/26 23:00:00,A,MAGEMAR1,FX,1994,29.2,,
ESTAT:DEMO_NIND(1.0),30/04/26 23:00:00,A,MAGEMAR1,FX,1995,29.4,,
ESTAT:DEMO_NIND(1.0),30/04/26 23:00:00,A,MAGEMAR1,FX,1996,29.9,,
ESTAT:DEMO_NIND(1.0),30/04/26 23:00:00,A,MAGEMAR1,FX,1997,30.1,,
ESTAT:DEMO_NIND(1.0),30/04/26 23:00:00,A,MAGEMAR1,FX,1998,30.2,,
ESTAT:DEMO_NIND(1.0),30/04/26 23:00:00,A,MAGEMAR1,FX,1999,30.4,,
ESTAT:DEMO_NIND(1.0),30/04/26 23:00:00,A,MAGEMAR1,FX,2000,30.7,,
ESTAT:DEMO_NIND(1.0),30/04/26 23:00:00,A,MAGEMAR1,FX,2001,30.7,,
ESTAT:DEMO_NIND(1.0),30/04/26 23:00:00,A,MAGEMAR1,FX,2002,30.9,,
ESTAT:DEMO_NIND(1.0),30/04/26 23:00:00,A,MAGEMAR1,FX,2003,31.1,,
ESTAT:DEMO_NIND(1.0),30/04/26 23:00:00,A,MAGEMAR1,FX,2004,31.4,,
ESTAT:DEMO_NIND(1.0),30/04/26 23:00:00,A,MAGEMAR1,FX,2005,31.8,,
ESTAT:DEMO_NIND(1.0),30/04/26 23:00:00,A,MAGEMAR1,FX,2006,32.0,,
ESTAT:DEMO_NIND(1.0),30/04/26 23:00:00,A,MAGEMAR1,FX,2007,32.2,,
ESTAT:DEMO_NIND(1.0),30/04/26 23:00:00,A,MAGEMAR1,FX,2008,32.4,,
ESTAT:DEMO_NIND(1.0),30/04/26 23:00:00,A,MAGEMAR1,FX,2009,32.5,,
ESTAT:DEMO_NIND(1.0),30/04/26 23:00:00,A,MAGEMAR1,FX,2010,32.8,,
ESTAT:DEMO_NIND(1.0),30/04/26 23:00:00,A,MAGEMAR1,FX,2011,32.9,,
ESTAT:DEMO_NIND(1.0),30/04/26 23:00:00,A,MAGEMAR1,GE,2006,31.0,,
ESTAT:DEMO_NIND(1.0),30/04/26 23:00:00,A,MAGEMAR1,GE,2014,32.7,,
ESTAT:DEMO_NIND(1.0),30/04/26 23:00:00,A,MAGEMAR1,GE,2015,32.6,,
ESTAT:DEMO_NIND(1.0),30/04/26 23:00:00,A,MAGEMAR1,GE,2016,32.3,,
ESTAT:DEMO_NIND(1.0),30/04/26 23:00:00,A,MAGEMAR1,GE,2017,30.9,,
ESTAT:DEMO_NIND(1.0),30/04/26 23:00:00,A,MAGEMAR1,GE,2018,31.0,,
ESTAT:DEMO_NIND(1.0),30/04/26 23:00:00,A,MAGEMAR1,GE,2019,31.2,,
ESTAT:DEMO_NIND(1.0),30/04/26 23:00:00,A,MAGEMAR1,GE,2020,30.8,,
ESTAT:DEMO_NIND(1.0),30/04/26 23:00:00,A,MAGEMAR1,GE,2021,31.8,,
ESTAT:DEMO_NIND(1.0),30/04/26 23:00:00,A,MAGEMAR1,GE,2022,32.2,,
ESTAT:DEMO_NIND(1.0),30/04/26 23:00:00,A,MAGEMAR1,GE,2023,32.5,,
ESTAT:DEMO_NIND(1.0),30/04/26 23:00:00,A,MAGEMAR1,GE,2024,32.6,,
ESTAT:DEMO_NIND(1.0),30/04/26 23:00:00,A,MAGEMAR1,HR,2001,28.5,,
ESTAT:DEMO_NIND(1.0),30/04/26 23:00:00,A,MAGEMAR1,HR,2002,28.8,,
ESTAT:DEMO_NIND(1.0),30/04/26 23:00:00,A,MAGEMAR1,HR,2003,29.0,,
ESTAT:DEMO_NIND(1.0),30/04/26 23:00:00,A,MAGEMAR1,HR,2004,29.1,,
ESTAT:DEMO_NIND(1.0),30/04/26 23:00:00,A,MAGEMAR1,HR,2005,29.4,,
ESTAT:DEMO_NIND(1.0),30/04/26 23:00:00,A,MAGEMAR1,HR,2006,29.5,,
ESTAT:DEMO_NIND(1.0),30/04/26 23:00:00,A,MAGEMAR1,HR,2007,29.7,,
ESTAT:DEMO_NIND(1.0),30/04/26 23:00:00,A,MAGEMAR1,HR,2008,29.7,,
ESTAT:DEMO_NIND(1.0),30/04/26 23:00:00,A,MAGEMAR1,HR,2009,29.8,,
ESTAT:DEMO_NIND(1.0),30/04/26 23:00:00,A,MAGEMAR1,HR,2010,30.0,,
ESTAT:DEMO_NIND(1.0),30/04/26 23:00:00,A,MAGEMAR1,HR,2011,30.2,,
ESTAT:DEMO_NIND(1.0),30/04/26 23:00:00,A,MAGEMAR1,HR,2012,30.3,,
ESTAT:DEMO_NIND(1.0),30/04/26 23:00:00,A,MAGEMAR1,HR,2013,30.5,,
ESTAT:DEMO_NIND(1.0),30/04/26 23:00:00,A,MAGEMAR1,HR,2014,30.6,,
ESTAT:DEMO_NIND(1.0),30/04/26 23:00:00,A,MAGEMAR1,HR,2015,30.7,,
ESTAT:DEMO_NIND(1.0),30/04/26 23:00:00,A,MAGEMAR1,HR,2016,30.8,,
ESTAT:DEMO_NIND(1.0),30/04/26 23:00:00,A,MAGEMAR1,HR,2017,31.0,,
ESTAT:DEMO_NIND(1.0),30/04/26 23:00:00,A,MAGEMAR1,HR,2018,31.0,,
ESTAT:DEMO_NIND(1.0),30/04/26 23:00:00,A,MAGEMAR1,HR,2019,31.1,,
ESTAT:DEMO_NIND(1.0),30/04/26 23:00:00,A,MAGEMAR1,HR,2020,31.3,,
ESTAT:DEMO_NIND(1.0),30/04/26 23:00:00,A,MAGEMAR1,HR,2021,31.3,b,
ESTAT:DEMO_NIND(1.0),30/04/26 23:00:00,A,MAGEMAR1,HR,2022,31.4,b,
ESTAT:DEMO_NIND(1.0),30/04/26 23:00:00,A,MAGEMAR1,HR,2023,31.7,,
ESTAT:DEMO_NIND(1.0),30/04/26 23:00:00,A,MAGEMAR1,HR,2024,31.7,,
ESTAT:DEMO_NIND(1.0),30/04/26 23:00:00,A,MAGEMAR1,HU,1990,24.7,,
ESTAT:DEMO_NIND(1.0),30/04/26 23:00:00,A,MAGEMAR1,HU,1991,24.8,,
ESTAT:DEMO_NIND(1.0),30/04/26 23:00:00,A,MAGEMAR1,HU,1992,25.0,,
ESTAT:DEMO_NIND(1.0),30/04/26 23:00:00,A,MAGEMAR1,HU,1993,25.1,,
ESTAT:DEMO_NIND(1.0),30/04/26 23:00:00,A,MAGEMAR1,HU,1994,25.5,,
ESTAT:DEMO_NIND(1.0),30/04/26 23:00:00,A,MAGEMAR1,HU,1995,25.8,,
ESTAT:DEMO_NIND(1.0),30/04/26 23:00:00,A,MAGEMAR1,HU,1996,26.1,,
ESTAT:DEMO_NIND(1.0),30/04/26 23:00:00,A,MAGEMAR1,HU,1997,26.6,,
ESTAT:DEMO_NIND(1.0),30/04/26 23:00:00,A,MAGEMAR1,HU,1998,26.8,,
ESTAT:DEMO_NIND(1.0),30/04/26 23:00:00,A,MAGEMAR1,HU,1999,27.3,,
ESTAT:DEMO_NIND(1.0),30/04/26 23:00:00,A,MAGEMAR1,HU,2000,27.6,,
ESTAT:DEMO_NIND(1.0),30/04/26 23:00:00,A,MAGEMAR1,HU,2001,28.2,,
ESTAT:DEMO_NIND(1.0),30/04/26 23:00:00,A,MAGEMAR1,HU,2002,28.5,,
ESTAT:DEMO_NIND(1.0),30/04/26 23:00:00,A,MAGEMAR1,HU,2003,28.9,,
ESTAT:DEMO_NIND(1.0),30/04/26 23:00:00,A,MAGEMAR1,HU,2004,29.2,,
ESTAT:DEMO_NIND(1.0),30/04/26 23:00:00,A,MAGEMAR1,HU,2005,29.4,,
ESTAT:DEMO_NIND(1.0),30/04/26 23:00:00,A,MAGEMAR1,HU,2006,29.8,,
ESTAT:DEMO_NIND(1.0),30/04/26 23:00:00,A,MAGEMAR1,HU,2007,30.1,,
ESTAT:DEMO_NIND(1.0),30/04/26 23:00:00,A,MAGEMAR1,HU,2008,30.4,,
ESTAT:DEMO_NIND(1.0),30/04/26 23:00:00,A,MAGEMAR1,HU,2009,30.8,,
ESTAT:DEMO_NIND(1.0),30/04/26 23:00:00,A,MAGEMAR1,HU,2010,31.2,,
ESTAT:DEMO_NIND(1.0),30/04/26 23:00:00,A,MAGEMAR1,HU,2011,31.6,,
ESTAT:DEMO_NIND(1.0),30/04/26 23:00:00,A,MAGEMAR1,HU,2012,,b,
ESTAT:DEMO_NIND(1.0),30/04/26 23:00:00,A,MAGEMAR1,HU,2013,31.9,,
ESTAT:DEMO_NIND(1.0),30/04/26 23:00:00,A,MAGEMAR1,HU,2014,32.1,,
ESTAT:DEMO_NIND(1.0),30/04/26 23:00:00,A,MAGEMAR1,HU,2015,32.0,,
ESTAT:DEMO_NIND(1.0),30/04/26 23:00:00,A,MAGEMAR1,HU,2016,32.1,,
ESTAT:DEMO_NIND(1.0),30/04/26 23:00:00,A,MAGEMAR1,HU,2017,32.3,,
ESTAT:DEMO_NIND(1.0),30/04/26 23:00:00,A,MAGEMAR1,HU,2018,32.4,,
ESTAT:DEMO_NIND(1.0),30/04/26 23:00:00,A,MAGEMAR1,HU,2019,32.4,,
ESTAT:DEMO_NIND(1.0),30/04/26 23:00:00,A,MAGEMAR1,HU,2020,32.3,,
ESTAT:DEMO_NIND(1.0),30/04/26 23:00:00,A,MAGEMAR1,HU,2021,32.4,,
ESTAT:DEMO_NIND(1.0),30/04/26 23:00:00,A,MAGEMAR1,HU,2022,32.5,b,
ESTAT:DEMO_NIND(1.0),30/04/26 23:00:00,A,MAGEMAR1,HU,2023,32.9,,
ESTAT:DEMO_NIND(1.0),30/04/26 23:00:00,A,MAGEMAR1,HU,2024,32.5,,
ESTAT:DEMO_NIND(1.0),30/04/26 23:00:00,A,MAGEMAR1,IE,1990,28.7,,
ESTAT:DEMO_NIND(1.0),30/04/26 23:00:00,A,MAGEMAR1,IE,1991,28.8,,
ESTAT:DEMO_NIND(1.0),30/04/26 23:00:00,A,MAGEMAR1,IE,1992,29.1,,
ESTAT:DEMO_NIND(1.0),30/04/26 23:00:00,A,MAGEMAR1,IE,1993,29.4,,
ESTAT:DEMO_NIND(1.0),30/04/26 23:00:00,A,MAGEMAR1,IE,1994,29.8,,
ESTAT:DEMO_NIND(1.0),30/04/26 23:00:00,A,MAGEMAR1,IE,1995,30.0,,
ESTAT:DEMO_NIND(1.0),30/04/26 23:00:00,A,MAGEMAR1,IE,1996,30.4,,
ESTAT:DEMO_NIND(1.0),30/04/26 23:00:00,A,MAGEMAR1,IE,2005,32.4,,
ESTAT:DEMO_NIND(1.0),30/04/26 23:00:00,A,MAGEMAR1,IE,2006,32.5,,
ESTAT:DEMO_NIND(1.0),30/04/26 23:00:00,A,MAGEMAR1,IE,2007,32.7,,
ESTAT:DEMO_NIND(1.0),30/04/26 23:00:00,A,MAGEMAR1,IE,2009,33.1,,
ESTAT:DEMO_NIND(1.0),30/04/26 23:00:00,A,MAGEMAR1,IE,2010,33.1,,
ESTAT:DEMO_NIND(1.0),30/04/26 23:00:00,A,MAGEMAR1,IE,2013,33.5,,
ESTAT:DEMO_NIND(1.0),30/04/26 23:00:00,A,MAGEMAR1,IE,2014,32.4,,
ESTAT:DEMO_NIND(1.0),30/04/26 23:00:00,A,MAGEMAR1,IE,2015,33.8,,
ESTAT:DEMO_NIND(1.0),30/04/26 23:00:00,A,MAGEMAR1,IE,2016,33.8,,
ESTAT:DEMO_NIND(1.0),30/04/26 23:00:00,A,MAGEMAR1,IS,1990,29.4,,
ESTAT:DEMO_NIND(1.0),30/04/26 23:00:00,A,MAGEMAR1,IS,1991,29.5,,
ESTAT:DEMO_NIND(1.0),30/04/26 23:00:00,A,MAGEMAR1,IS,1992,30.6,,
ESTAT:DEMO_NIND(1.0),30/04/26 23:00:00,A,MAGEMAR1,IS,1993,30.2,,
ESTAT:DEMO_NIND(1.0),30/04/26 23:00:00,A,MAGEMAR1,IS,1994,31.2,,
ESTAT:DEMO_NIND(1.0),30/04/26 23:00:00,A,MAGEMAR1,IS,1995,31.7,,
ESTAT:DEMO_NIND(1.0),30/04/26 23:00:00,A,MAGEMAR1,IS,1996,31.9,,
ESTAT:DEMO_NIND(1.0),30/04/26 23:00:00,A,MAGEMAR1,IS,1997,32.7,,
ESTAT:DEMO_NIND(1.0),30/04/26 23:00:00,A,MAGEMAR1,IS,1998,32.5,,
ESTAT:DEMO_NIND(1.0),30/04/26 23:00:00,A,MAGEMAR1,IS,1999,32.5,,
ESTAT:DEMO_NIND(1.0),30/04/26 23:00:00,A,MAGEMAR1,IS,2000,33.3,,
ESTAT:DEMO_NIND(1.0),30/04/26 23:00:00,A,MAGEMAR1,IS,2001,32.9,,
ESTAT:DEMO_NIND(1.0),30/04/26 23:00:00,A,MAGEMAR1,IS,2002,33.3,,
ESTAT:DEMO_NIND(1.0),30/04/26 23:00:00,A,MAGEMAR1,IS,2003,33.2,,
ESTAT:DEMO_NIND(1.0),30/04/26 23:00:00,A,MAGEMAR1,IS,2004,33.8,,
ESTAT:DEMO_NIND(1.0),30/04/26 23:00:00,A,MAGEMAR1,IS,2005,33.9,,
ESTAT:DEMO_NIND(1.0),30/04/26 23:00:00,A,MAGEMAR1,IS,2006,34.2,,
ESTAT:DEMO_NIND(1.0),30/04/26 23:00:00,A,MAGEMAR1,IS,2007,34.4,,
ESTAT:DEMO_NIND(1.0),30/04/26 23:00:00,A,MAGEMAR1,IS,2008,34.8,,
ESTAT:DEMO_NIND(1.0),30/04/26 23:00:00,A,MAGEMAR1,IS,2009,35.1,,
ESTAT:DEMO_NIND(1.0),30/04/26 23:00:00,A,MAGEMAR1,IS,2010,34.7,,
ESTAT:DEMO_NIND(1.0),30/04/26 23:00:00,A,MAGEMAR1,IS,2011,34.4,,
ESTAT:DEMO_NIND(1.0),30/04/26 23:00:00,A,MAGEMAR1,IT,1990,28.9,,
ESTAT:DEMO_NIND(1.0),30/04/26 23:00:00,A,MAGEMAR1,IT,1991,29.0,,
ESTAT:DEMO_NIND(1.0),30/04/26 23:00:00,A,MAGEMAR1,IT,1992,29.2,,
ESTAT:DEMO_NIND(1.0),30/04/26 23:00:00,A,MAGEMAR1,IT,1993,29.4,,
ESTAT:DEMO_NIND(1.0),30/04/26 23:00:00,A,MAGEMAR1,IT,1994,29.7,,
ESTAT:DEMO_NIND(1.0),30/04/26 23:00:00,A,MAGEMAR1,IT,1995,29.9,,
ESTAT:DEMO_NIND(1.0),30/04/26 23:00:00,A,MAGEMAR1,IT,1996,30.1,,
ESTAT:DEMO_NIND(1.0),30/04/26 23:00:00,A,MAGEMAR1,IT,1997,30.4,,
ESTAT:DEMO_NIND(1.0),30/04/26 23:00:00,A,MAGEMAR1,IT,1998,30.3,,
ESTAT:DEMO_NIND(1.0),30/04/26 23:00:00,A,MAGEMAR1,IT,1999,30.4,,
ESTAT:DEMO_NIND(1.0),30/04/26 23:00:00,A,MAGEMAR1,IT,2000,30.9,,
ESTAT:DEMO_NIND(1.0),30/04/26 23:00:00,A,MAGEMAR1,IT,2001,31.2,,
ESTAT:DEMO_NIND(1.0),30/04/26 23:00:00,A,MAGEMAR1,IT,2002,31.8,,
ESTAT:DEMO_NIND(1.0),30/04/26 23:00:00,A,MAGEMAR1,IT,2003,31.7,,
ESTAT:DEMO_NIND(1.0),30/04/26 23:00:00,A,MAGEMAR1,IT,2004,32.0,,
ESTAT:DEMO_NIND(1.0),30/04/26 23:00:00,A,MAGEMAR1,IT,2005,32.3,,
ESTAT:DEMO_NIND(1.0),30/04/26 23:00:00,A,MAGEMAR1,IT,2006,32.5,,
ESTAT:DEMO_NIND(1.0),30/04/26 23:00:00,A,MAGEMAR1,IT,2007,32.6,,
ESTAT:DEMO_NIND(1.0),30/04/26 23:00:00,A,MAGEMAR1,IT,2008,32.8,,
ESTAT:DEMO_NIND(1.0),30/04/26 23:00:00,A,MAGEMAR1,IT,2009,33.0,,
ESTAT:DEMO_NIND(1.0),30/04/26 23:00:00,A,MAGEMAR1,IT,2010,33.2,,
ESTAT:DEMO_NIND(1.0),30/04/26 23:00:00,A,MAGEMAR1,IT,2011,33.5,,
ESTAT:DEMO_NIND(1.0),30/04/26 23:00:00,A,MAGEMAR1,IT,2013,34.0,,
ESTAT:DEMO_NIND(1.0),30/04/26 23:00:00,A,MAGEMAR1,IT,2014,34.2,,
ESTAT:DEMO_NIND(1.0),30/04/26 23:00:00,A,MAGEMAR1,IT,2016,34.7,,
ESTAT:DEMO_NIND(1.0),30/04/26 23:00:00,A,MAGEMAR1,IT,2017,35.0,,
ESTAT:DEMO_NIND(1.0),30/04/26 23:00:00,A,MAGEMAR1,IT,2018,35.2,,
ESTAT:DEMO_NIND(1.0),30/04/26 23:00:00,A,MAGEMAR1,IT,2019,35.5,,
ESTAT:DEMO_NIND(1.0),30/04/26 23:00:00,A,MAGEMAR1,IT,2020,36.4,,
ESTAT:DEMO_NIND(1.0),30/04/26 23:00:00,A,MAGEMAR1,IT,2021,35.7,,
ESTAT:DEMO_NIND(1.0),30/04/26 23:00:00,A,MAGEMAR1,IT,2022,36.2,,
ESTAT:DEMO_NIND(1.0),30/04/26 23:00:00,A,MAGEMAR1,IT,2023,36.5,,
ESTAT:DEMO_NIND(1.0),30/04/26 23:00:00,A,MAGEMAR1,IT,2024,36.7,,
ESTAT:DEMO_NIND(1.0),30/04/26 23:00:00,A,MAGEMAR1,LI,2011,32.5,,
ESTAT:DEMO_NIND(1.0),30/04/26 23:00:00,A,MAGEMAR1,LI,2012,33.5,,
ESTAT:DEMO_NIND(1.0),30/04/26 23:00:00,A,MAGEMAR1,LT,1990,24.6,,
ESTAT:DEMO_NIND(1.0),30/04/26 23:00:00,A,MAGEMAR1,LT,1991,24.4,,
ESTAT:DEMO_NIND(1.0),30/04/26 23:00:00,A,MAGEMAR1,LT,1992,24.3,,
ESTAT:DEMO_NIND(1.0),30/04/26 23:00:00,A,MAGEMAR1,LT,1993,24.4,,
ESTAT:DEMO_NIND(1.0),30/04/26 23:00:00,A,MAGEMAR1,LT,1994,24.5,,
ESTAT:DEMO_NIND(1.0),30/04/26 23:00:00,A,MAGEMAR1,LT,1995,24.6,,
ESTAT:DEMO_NIND(1.0),30/04/26 23:00:00,A,MAGEMAR1,LT,1996,24.9,,
ESTAT:DEMO_NIND(1.0),30/04/26 23:00:00,A,MAGEMAR1,LT,1997,25.0,,
ESTAT:DEMO_NIND(1.0),30/04/26 23:00:00,A,MAGEMAR1,LT,1998,25.2,,
ESTAT:DEMO_NIND(1.0),30/04/26 23:00:00,A,MAGEMAR1,LT,1999,25.6,,
ESTAT:DEMO_NIND(1.0),30/04/26 23:00:00,A,MAGEMAR1,LT,2000,26.1,,
ESTAT:DEMO_NIND(1.0),30/04/26 23:00:00,A,MAGEMAR1,LT,2001,26.4,,
ESTAT:DEMO_NIND(1.0),30/04/26 23:00:00,A,MAGEMAR1,LT,2002,26.7,,
ESTAT:DEMO_NIND(1.0),30/04/26 23:00:00,A,MAGEMAR1,LT,2003,27.0,,
ESTAT:DEMO_NIND(1.0),30/04/26 23:00:00,A,MAGEMAR1,LT,2004,27.1,,
ESTAT:DEMO_NIND(1.0),30/04/26 23:00:00,A,MAGEMAR1,LT,2005,27.3,,
ESTAT:DEMO_NIND(1.0),30/04/26 23:00:00,A,MAGEMAR1,LT,2006,27.4,,
ESTAT:DEMO_NIND(1.0),30/04/26 23:00:00,A,MAGEMAR1,LT,2007,27.8,,
ESTAT:DEMO_NIND(1.0),30/04/26 23:00:00,A,MAGEMAR1,LT,2008,28.0,,
ESTAT:DEMO_NIND(1.0),30/04/26 23:00:00,A,MAGEMAR1,LT,2009,28.6,,
ESTAT:DEMO_NIND(1.0),30/04/26 23:00:00,A,MAGEMAR1,LT,2010,28.7,,
ESTAT:DEMO_NIND(1.0),30/04/26 23:00:00,A,MAGEMAR1,LT,2011,29.0,,
ESTAT:DEMO_NIND(1.0),30/04/26 23:00:00,A,MAGEMAR1,LT,2013,29.5,,
ESTAT:DEMO_NIND(1.0),30/04/26 23:00:00,A,MAGEMAR1,LT,2014,29.7,,
ESTAT:DEMO_NIND(1.0),30/04/26 23:00:00,A,MAGEMAR1,LT,2015,28.9,,
ESTAT:DEMO_NIND(1.0),30/04/26 23:00:00,A,MAGEMAR1,LT,2016,30.3,,
ESTAT:DEMO_NIND(1.0),30/04/26 23:00:00,A,MAGEMAR1,LT,2017,30.5,,
ESTAT:DEMO_NIND(1.0),30/04/26 23:00:00,A,MAGEMAR1,LT,2018,30.7,,
ESTAT:DEMO_NIND(1.0),30/04/26 23:00:00,A,MAGEMAR1,LT,2019,31.1,,
ESTAT:DEMO_NIND(1.0),30/04/26 23:00:00,A,MAGEMAR1,LT,2020,30.8,,
ESTAT:DEMO_NIND(1.0),30/04/26 23:00:00,A,MAGEMAR1,LT,2021,31.0,,
ESTAT:DEMO_NIND(1.0),30/04/26 23:00:00,A,MAGEMAR1,LT,2022,31.1,,
ESTAT:DEMO_NIND(1.0),30/04/26 23:00:00,A,MAGEMAR1,LT,2024,31.6,,
ESTAT:DEMO_NIND(1.0),30/04/26 23:00:00,A,MAGEMAR1,LU,1990,27.7,,
ESTAT:DEMO_NIND(1.0),30/04/26 23:00:00,A,MAGEMAR1,LU,1991,28.4,,
ESTAT:DEMO_NIND(1.0),30/04/26 23:00:00,A,MAGEMAR1,LU,1992,28.5,,
ESTAT:DEMO_NIND(1.0),30/04/26 23:00:00,A,MAGEMAR1,LU,1993,28.5,,
ESTAT:DEMO_NIND(1.0),30/04/26 23:00:00,A,MAGEMAR1,LU,1994,28.8,,
ESTAT:DEMO_NIND(1.0),30/04/26 23:00:00,A,MAGEMAR1,LU,1995,29.2,,
ESTAT:DEMO_NIND(1.0),30/04/26 23:00:00,A,MAGEMAR1,LU,1996,29.1,,
ESTAT:DEMO_NIND(1.0),30/04/26 23:00:00,A,MAGEMAR1,LU,1997,29.6,,
ESTAT:DEMO_NIND(1.0),30/04/26 23:00:00,A,MAGEMAR1,LU,1998,30.0,,
ESTAT:DEMO_NIND(1.0),30/04/26 23:00:00,A,MAGEMAR1,LU,1999,30.2,,
ESTAT:DEMO_NIND(1.0),30/04/26 23:00:00,A,MAGEMAR1,LU,2000,30.3,,
ESTAT:DEMO_NIND(1.0),30/04/26 23:00:00,A,MAGEMAR1,LU,2001,30.6,,
ESTAT:DEMO_NIND(1.0),30/04/26 23:00:00,A,MAGEMAR1,LU,2002,30.5,,
ESTAT:DEMO_NIND(1.0),30/04/26 23:00:00,A,MAGEMAR1,LU,2003,30.8,,
ESTAT:DEMO_NIND(1.0),30/04/26 23:00:00,A,MAGEMAR1,LU,2004,31.5,,
ESTAT:DEMO_NIND(1.0),30/04/26 23:00:00,A,MAGEMAR1,LU,2005,31.5,,
ESTAT:DEMO_NIND(1.0),30/04/26 23:00:00,A,MAGEMAR1,LU,2006,31.8,,
ESTAT:DEMO_NIND(1.0),30/04/26 23:00:00,A,MAGEMAR1,LU,2007,32.0,,
ESTAT:DEMO_NIND(1.0),30/04/26 23:00:00,A,MAGEMAR1,LU,2008,32.1,,
ESTAT:DEMO_NIND(1.0),30/04/26 23:00:00,A,MAGEMAR1,LU,2009,32.4,,
ESTAT:DEMO_NIND(1.0),30/04/26 23:00:00,A,MAGEMAR1,LU,2010,32.8,,
ESTAT:DEMO_NIND(1.0),30/04/26 23:00:00,A,MAGEMAR1,LU,2011,32.9,,
ESTAT:DEMO_NIND(1.0),30/04/26 23:00:00,A,MAGEMAR1,LU,2013,32.7,,
ESTAT:DEMO_NIND(1.0),30/04/26 23:00:00,A,MAGEMAR1,LU,2014,33.0,,
ESTAT:DEMO_NIND(1.0),30/04/26 23:00:00,A,MAGEMAR1,LU,2015,34.8,,
ESTAT:DEMO_NIND(1.0),30/04/26 23:00:00,A,MAGEMAR1,LU,2016,33.8,,
ESTAT:DEMO_NIND(1.0),30/04/26 23:00:00,A,MAGEMAR1,LU,2017,34.0,,
ESTAT:DEMO_NIND(1.0),30/04/26 23:00:00,A,MAGEMAR1,LU,2019,34.8,,
ESTAT:DEMO_NIND(1.0),30/04/26 23:00:00,A,MAGEMAR1,LU,2020,34.6,,
ESTAT:DEMO_NIND(1.0),30/04/26 23:00:00,A,MAGEMAR1,LU,2021,34.7,,
ESTAT:DEMO_NIND(1.0),30/04/26 23:00:00,A,MAGEMAR1,LU,2022,35.0,,
ESTAT:DEMO_NIND(1.0),30/04/26 23:00:00,A,MAGEMAR1,LU,2023,35.2,,
ESTAT:DEMO_NIND(1.0),30/04/26 23:00:00,A,MAGEMAR1,LU,2024,34.8,,
ESTAT:DEMO_NIND(1.0),30/04/26 23:00:00,A,MAGEMAR1,LV,2002,27.2,,
ESTAT:DEMO_NIND(1.0),30/04/26 23:00:00,A,MAGEMAR1,LV,2003,27.3,,
ESTAT:DEMO_NIND(1.0),30/04/26 23:00:00,A,MAGEMAR1,LV,2004,27.6,,
ESTAT:DEMO_NIND(1.0),30/04/26 23:00:00,A,MAGEMAR1,LV,2005,28.0,,
ESTAT:DEMO_NIND(1.0),30/04/26 23:00:00,A,MAGEMAR1,LV,2006,28.3,,
ESTAT:DEMO_NIND(1.0),30/04/26 23:00:00,A,MAGEMAR1,LV,2007,28.5,,
ESTAT:DEMO_NIND(1.0),30/04/26 23:00:00,A,MAGEMAR1,LV,2008,28.8,,
ESTAT:DEMO_NIND(1.0),30/04/26 23:00:00,A,MAGEMAR1,LV,2009,29.3,,
ESTAT:DEMO_NIND(1.0),30/04/26 23:00:00,A,MAGEMAR1,LV,2010,29.4,,
ESTAT:DEMO_NIND(1.0),30/04/26 23:00:00,A,MAGEMAR1,LV,2011,29.6,,
ESTAT:DEMO_NIND(1.0),30/04/26 23:00:00,A,MAGEMAR1,LV,2012,30.0,,
ESTAT:DEMO_NIND(1.0),30/04/26 23:00:00,A,MAGEMAR1,LV,2013,30.2,,
ESTAT:DEMO_NIND(1.0),30/04/26 23:00:00,A,MAGEMAR1,LV,2014,30.6,,
ESTAT:DEMO_NIND(1.0),30/04/26 23:00:00,A,MAGEMAR1,LV,2015,31.0,,
ESTAT:DEMO_NIND(1.0),30/04/26 23:00:00,A,MAGEMAR1,LV,2016,31.1,,
ESTAT:DEMO_NIND(1.0),30/04/26 23:00:00,A,MAGEMAR1,LV,2017,31.5,,
ESTAT:DEMO_NIND(1.0),30/04/26 23:00:00,A,MAGEMAR1,LV,2018,31.8,,
ESTAT:DEMO_NIND(1.0),30/04/26 23:00:00,A,MAGEMAR1,LV,2019,32.3,,
ESTAT:DEMO_NIND(1.0),30/04/26 23:00:00,A,MAGEMAR1,LV,2020,32.3,,
ESTAT:DEMO_NIND(1.0),30/04/26 23:00:00,A,MAGEMAR1,LV,2021,32.6,,
ESTAT:DEMO_NIND(1.0),30/04/26 23:00:00,A,MAGEMAR1,LV,2022,32.5,,
ESTAT:DEMO_NIND(1.0),30/04/26 23:00:00,A,MAGEMAR1,LV,2023,32.9,,
ESTAT:DEMO_NIND(1.0),30/04/26 23:00:00,A,MAGEMAR1,LV,2024,33.1,,
ESTAT:DEMO_NIND(1.0),30/04/26 23:00:00,A,MAGEMAR1,MD,2014,27.6,,
ESTAT:DEMO_NIND(1.0),30/04/26 23:00:00,A,MAGEMAR1,MD,2015,27.8,e,
ESTAT:DEMO_NIND(1.0),30/04/26 23:00:00,A,MAGEMAR1,MD,2023,28.2,ep,
ESTAT:DEMO_NIND(1.0),30/04/26 23:00:00,A,MAGEMAR1,MD,2024,28.3,ep,
ESTAT:DEMO_NIND(1.0),30/04/26 23:00:00,A,MAGEMAR1,ME,2005,30.9,,
ESTAT:DEMO_NIND(1.0),30/04/26 23:00:00,A,MAGEMAR1,ME,2006,30.7,,
ESTAT:DEMO_NIND(1.0),30/04/26 23:00:00,A,MAGEMAR1,ME,2007,30.8,,
ESTAT:DEMO_NIND(1.0),30/04/26 23:00:00,A,MAGEMAR1,ME,2008,30.7,,
ESTAT:DEMO_NIND(1.0),30/04/26 23:00:00,A,MAGEMAR1,ME,2009,31.3,,
ESTAT:DEMO_NIND(1.0),30/04/26 23:00:00,A,MAGEMAR1,ME,2011,31.7,,
ESTAT:DEMO_NIND(1.0),30/04/26 23:00:00,A,MAGEMAR1,ME,2013,33.1,,
ESTAT:DEMO_NIND(1.0),30/04/26 23:00:00,A,MAGEMAR1,ME,2014,32.7,,
ESTAT:DEMO_NIND(1.0),30/04/26 23:00:00,A,MAGEMAR1,ME,2015,31.8,,
ESTAT:DEMO_NIND(1.0),30/04/26 23:00:00,A,MAGEMAR1,ME,2016,32.1,,
ESTAT:DEMO_NIND(1.0),30/04/26 23:00:00,A,MAGEMAR1,ME,2017,32.0,,
ESTAT:DEMO_NIND(1.0),30/04/26 23:00:00,A,MAGEMAR1,ME,2018,31.9,,
ESTAT:DEMO_NIND(1.0),30/04/26 23:00:00,A,MAGEMAR1,ME,2019,31.5,,
ESTAT:DEMO_NIND(1.0),30/04/26 23:00:00,A,MAGEMAR1,ME,2020,32.3,,
ESTAT:DEMO_NIND(1.0),30/04/26 23:00:00,A,MAGEMAR1,ME,2021,31.2,,
ESTAT:DEMO_NIND(1.0),30/04/26 23:00:00,A,MAGEMAR1,MK,1994,26.2,,
ESTAT:DEMO_NIND(1.0),30/04/26 23:00:00,A,MAGEMAR1,MK,1995,26.3,,
ESTAT:DEMO_NIND(1.0),30/04/26 23:00:00,A,MAGEMAR1,MK,1996,26.1,,
ESTAT:DEMO_NIND(1.0),30/04/26 23:00:00,A,MAGEMAR1,MK,1997,26.4,,
ESTAT:DEMO_NIND(1.0),30/04/26 23:00:00,A,MAGEMAR1,MK,1998,26.5,,
ESTAT:DEMO_NIND(1.0),30/04/26 23:00:00,A,MAGEMAR1,MK,1999,26.7,,
ESTAT:DEMO_NIND(1.0),30/04/26 23:00:00,A,MAGEMAR1,MK,2000,26.8,,
ESTAT:DEMO_NIND(1.0),30/04/26 23:00:00,A,MAGEMAR1,MK,2001,27.1,,
ESTAT:DEMO_NIND(1.0),30/04/26 23:00:00,A,MAGEMAR1,MK,2002,27.0,,
ESTAT:DEMO_NIND(1.0),30/04/26 23:00:00,A,MAGEMAR1,MK,2003,27.4,,
ESTAT:DEMO_NIND(1.0),30/04/26 23:00:00,A,MAGEMAR1,MK,2004,27.6,,
ESTAT:DEMO_NIND(1.0),30/04/26 23:00:00,A,MAGEMAR1,MK,2005,27.9,,
ESTAT:DEMO_NIND(1.0),30/04/26 23:00:00,A,MAGEMAR1,MK,2006,27.8,,
ESTAT:DEMO_NIND(1.0),30/04/26 23:00:00,A,MAGEMAR1,MK,2007,27.4,,
ESTAT:DEMO_NIND(1.0),30/04/26 23:00:00,A,MAGEMAR1,MK,2008,27.9,,
ESTAT:DEMO_NIND(1.0),30/04/26 23:00:00,A,MAGEMAR1,MK,2009,28.2,,
ESTAT:DEMO_NIND(1.0),30/04/26 23:00:00,A,MAGEMAR1,MK,2010,28.2,,
ESTAT:DEMO_NIND(1.0),30/04/26 23:00:00,A,MAGEMAR1,MK,2011,28.5,,
ESTAT:DEMO_NIND(1.0),30/04/26 23:00:00,A,MAGEMAR1,MK,2013,28.7,,
ESTAT:DEMO_NIND(1.0),30/04/26 23:00:00,A,MAGEMAR1,MK,2014,28.9,,
ESTAT:DEMO_NIND(1.0),30/04/26 23:00:00,A,MAGEMAR1,MK,2016,29.2,,
ESTAT:DEMO_NIND(1.0),30/04/26 23:00:00,A,MAGEMAR1,MK,2017,26.2,,
ESTAT:DEMO_NIND(1.0),30/04/26 23:00:00,A,MAGEMAR1,MK,2018,28.9,,
ESTAT:DEMO_NIND(1.0),30/04/26 23:00:00,A,MAGEMAR1,MK,2019,26.5,,
ESTAT:DEMO_NIND(1.0),30/04/26 23:00:00,A,MAGEMAR1,MK,2020,26.4,,
ESTAT:DEMO_NIND(1.0),30/04/26 23:00:00,A,MAGEMAR1,MK,2021,29.5,,
ESTAT:DEMO_NIND(1.0),30/04/26 23:00:00,A,MAGEMAR1,MT,1990,27.2,,
ESTAT:DEMO_NIND(1.0),30/04/26 23:00:00,A,MAGEMAR1,MT,1991,27.6,,
ESTAT:DEMO_NIND(1.0),30/04/26 23:00:00,A,MAGEMAR1,MT,1992,27.7,,
ESTAT:DEMO_NIND(1.0),30/04/26 23:00:00,A,MAGEMAR1,MT,1993,27.5,,
ESTAT:DEMO_NIND(1.0),30/04/26 23:00:00,A,MAGEMAR1,MT,1994,27.7,,
ESTAT:DEMO_NIND(1.0),30/04/26 23:00:00,A,MAGEMAR1,MT,1995,28.1,,
ESTAT:DEMO_NIND(1.0),30/04/26 23:00:00,A,MAGEMAR1,MT,1996,27.9,,
ESTAT:DEMO_NIND(1.0),30/04/26 23:00:00,A,MAGEMAR1,MT,2003,29.3,,
ESTAT:DEMO_NIND(1.0),30/04/26 23:00:00,A,MAGEMAR1,MT,2004,29.7,,
ESTAT:DEMO_NIND(1.0),30/04/26 23:00:00,A,MAGEMAR1,MT,2006,30.4,,
ESTAT:DEMO_NIND(1.0),30/04/26 23:00:00,A,MAGEMAR1,MT,2007,30.2,,
ESTAT:DEMO_NIND(1.0),30/04/26 23:00:00,A,MAGEMAR1,MT,2008,30.8,,
ESTAT:DEMO_NIND(1.0),30/04/26 23:00:00,A,MAGEMAR1,MT,2009,31.1,,
ESTAT:DEMO_NIND(1.0),30/04/26 23:00:00,A,MAGEMAR1,MT,2010,31.3,,
ESTAT:DEMO_NIND(1.0),30/04/26 23:00:00,A,MAGEMAR1,MT,2011,31.6,,
ESTAT:DEMO_NIND(1.0),30/04/26 23:00:00,A,MAGEMAR1,NL,1990,28.5,,
ESTAT:DEMO_NIND(1.0),30/04/26 23:00:00,A,MAGEMAR1,NL,1991,28.8,,
ESTAT:DEMO_NIND(1.0),30/04/26 23:00:00,A,MAGEMAR1,NL,1992,29.1,,
ESTAT:DEMO_NIND(1.0),30/04/26 23:00:00,A,MAGEMAR1,NL,1993,29.3,,
ESTAT:DEMO_NIND(1.0),30/04/26 23:00:00,A,MAGEMAR1,NL,1994,29.6,,
ESTAT:DEMO_NIND(1.0),30/04/26 23:00:00,A,MAGEMAR1,NL,1995,29.7,,
ESTAT:DEMO_NIND(1.0),30/04/26 23:00:00,A,MAGEMAR1,NL,1996,30.0,,
ESTAT:DEMO_NIND(1.0),30/04/26 23:00:00,A,MAGEMAR1,NL,1997,30.2,,
ESTAT:DEMO_NIND(1.0),30/04/26 23:00:00,A,MAGEMAR1,NL,1998,30.3,,
ESTAT:DEMO_NIND(1.0),30/04/26 23:00:00,A,MAGEMAR1,NL,1999,30.5,,
ESTAT:DEMO_NIND(1.0),30/04/26 23:00:00,A,MAGEMAR1,NL,2000,30.7,,
ESTAT:DEMO_NIND(1.0),30/04/26 23:00:00,A,MAGEMAR1,NL,2001,30.7,,
ESTAT:DEMO_NIND(1.0),30/04/26 23:00:00,A,MAGEMAR1,NL,2002,31.2,,
ESTAT:DEMO_NIND(1.0),30/04/26 23:00:00,A,MAGEMAR1,NL,2004,31.7,,
ESTAT:DEMO_NIND(1.0),30/04/26 23:00:00,A,MAGEMAR1,NL,2005,31.8,,
ESTAT:DEMO_NIND(1.0),30/04/26 23:00:00,A,MAGEMAR1,NL,2006,32.0,,
ESTAT:DEMO_NIND(1.0),30/04/26 23:00:00,A,MAGEMAR1,NL,2007,32.3,,
ESTAT:DEMO_NIND(1.0),30/04/26 23:00:00,A,MAGEMAR1,NL,2008,32.4,,
ESTAT:DEMO_NIND(1.0),30/04/26 23:00:00,A,MAGEMAR1,NL,2009,32.5,,
ESTAT:DEMO_NIND(1.0),30/04/26 23:00:00,A,MAGEMAR1,NL,2010,32.4,,
ESTAT:DEMO_NIND(1.0),30/04/26 23:00:00,A,MAGEMAR1,NL,2011,32.6,,
ESTAT:DEMO_NIND(1.0),30/04/26 23:00:00,A,MAGEMAR1,NL,2013,32.9,,
ESTAT:DEMO_NIND(1.0),30/04/26 23:00:00,A,MAGEMAR1,NL,2014,33.0,,
ESTAT:DEMO_NIND(1.0),30/04/26 23:00:00,A,MAGEMAR1,NL,2015,33.3,,
ESTAT:DEMO_NIND(1.0),30/04/26 23:00:00,A,MAGEMAR1,NL,2016,33.6,,
ESTAT:DEMO_NIND(1.0),30/04/26 23:00:00,A,MAGEMAR1,NL,2017,33.9,,
ESTAT:DEMO_NIND(1.0),30/04/26 23:00:00,A,MAGEMAR1,NL,2018,34.1,,
ESTAT:DEMO_NIND(1.0),30/04/26 23:00:00,A,MAGEMAR1,NL,2019,34.4,,
ESTAT:DEMO_NIND(1.0),30/04/26 23:00:00,A,MAGEMAR1,NL,2020,34.4,,
ESTAT:DEMO_NIND(1.0),30/04/26 23:00:00,A,MAGEMAR1,NL,2021,34.4,,
ESTAT:DEMO_NIND(1.0),30/04/26 23:00:00,A,MAGEMAR1,NL,2022,35.2,,
ESTAT:DEMO_NIND(1.0),30/04/26 23:00:00,A,MAGEMAR1,NL,2024,35.3,,
ESTAT:DEMO_NIND(1.0),30/04/26 23:00:00,A,MAGEMAR1,NO,1990,29.0,,
ESTAT:DEMO_NIND(1.0),30/04/26 23:00:00,A,MAGEMAR1,NO,1991,29.2,,
ESTAT:DEMO_NIND(1.0),30/04/26 23:00:00,A,MAGEMAR1,NO,1992,29.4,,
ESTAT:DEMO_NIND(1.0),30/04/26 23:00:00,A,MAGEMAR1,NO,1993,29.7,,
ESTAT:DEMO_NIND(1.0),30/04/26 23:00:00,A,MAGEMAR1,NO,1994,30.0,,
ESTAT:DEMO_NIND(1.0),30/04/26 23:00:00,A,MAGEMAR1,NO,1995,30.2,,
ESTAT:DEMO_NIND(1.0),30/04/26 23:00:00,A,MAGEMAR1,NO,1996,30.6,,
ESTAT:DEMO_NIND(1.0),30/04/26 23:00:00,A,MAGEMAR1,NO,1997,30.8,,
ESTAT:DEMO_NIND(1.0),30/04/26 23:00:00,A,MAGEMAR1,NO,1998,31.2,,
ESTAT:DEMO_NIND(1.0),30/04/26 23:00:00,A,MAGEMAR1,NO,1999,31.6,,
ESTAT:DEMO_NIND(1.0),30/04/26 23:00:00,A,MAGEMAR1,NO,2000,30.9,,
ESTAT:DEMO_NIND(1.0),30/04/26 23:00:00,A,MAGEMAR1,NO,2001,31.0,,
ESTAT:DEMO_NIND(1.0),30/04/26 23:00:00,A,MAGEMAR1,NO,2002,31.1,,
ESTAT:DEMO_NIND(1.0),30/04/26 23:00:00,A,MAGEMAR1,NO,2006,33.1,,
ESTAT:DEMO_NIND(1.0),30/04/26 23:00:00,A,MAGEMAR1,NO,2007,33.4,,
ESTAT:DEMO_NIND(1.0),30/04/26 23:00:00,A,MAGEMAR1,NO,2008,33.8,,
ESTAT:DEMO_NIND(1.0),30/04/26 23:00:00,A,MAGEMAR1,NO,2009,33.5,,
ESTAT:DEMO_NIND(1.0),30/04/26 23:00:00,A,MAGEMAR1,NO,2010,33.7,,
ESTAT:DEMO_NIND(1.0),30/04/26 23:00:00,A,MAGEMAR1,NO,2011,33.9,,
ESTAT:DEMO_NIND(1.0),30/04/26 23:00:00,A,MAGEMAR1,NO,2012,34.1,,
ESTAT:DEMO_NIND(1.0),30/04/26 23:00:00,A,MAGEMAR1,NO,2013,34.3,,
ESTAT:DEMO_NIND(1.0),30/04/26 23:00:00,A,MAGEMAR1,NO,2014,34.4,,
ESTAT:DEMO_NIND(1.0),30/04/26 23:00:00,A,MAGEMAR1,NO,2015,34.6,,
ESTAT:DEMO_NIND(1.0),30/04/26 23:00:00,A,MAGEMAR1,NO,2016,34.7,,
ESTAT:DEMO_NIND(1.0),30/04/26 23:00:00,A,MAGEMAR1,NO,2017,35.0,,
ESTAT:DEMO_NIND(1.0),30/04/26 23:00:00,A,MAGEMAR1,NO,2018,33.1,,
ESTAT:DEMO_NIND(1.0),30/04/26 23:00:00,A,MAGEMAR1,NO,2019,35.7,,
ESTAT:DEMO_NIND(1.0),30/04/26 23:00:00,A,MAGEMAR1,NO,2020,36.9,,
ESTAT:DEMO_NIND(1.0),30/04/26 23:00:00,A,MAGEMAR1,PL,1993,25.3,,
ESTAT:DEMO_NIND(1.0),30/04/26 23:00:00,A,MAGEMAR1,PL,1994,25.5,,
ESTAT:DEMO_NIND(1.0),30/04/26 23:00:00,A,MAGEMAR1,PL,1995,25.6,,
ESTAT:DEMO_NIND(1.0),30/04/26 23:00:00,A,MAGEMAR1,PL,1996,25.7,,
ESTAT:DEMO_NIND(1.0),30/04/26 23:00:00,A,MAGEMAR1,PL,1997,26.0,,
ESTAT:DEMO_NIND(1.0),30/04/26 23:00:00,A,MAGEMAR1,PL,1998,26.1,,
ESTAT:DEMO_NIND(1.0),30/04/26 23:00:00,A,MAGEMAR1,PL,1999,26.2,,
ESTAT:DEMO_NIND(1.0),30/04/26 23:00:00,A,MAGEMAR1,PL,2000,26.5,,
ESTAT:DEMO_NIND(1.0),30/04/26 23:00:00,A,MAGEMAR1,PL,2001,26.7,,
ESTAT:DEMO_NIND(1.0),30/04/26 23:00:00,A,MAGEMAR1,PL,2002,27.0,,
ESTAT:DEMO_NIND(1.0),30/04/26 23:00:00,A,MAGEMAR1,PL,2003,27.3,,
ESTAT:DEMO_NIND(1.0),30/04/26 23:00:00,A,MAGEMAR1,PL,2004,27.5,,
ESTAT:DEMO_NIND(1.0),30/04/26 23:00:00,A,MAGEMAR1,PL,2005,27.7,,
ESTAT:DEMO_NIND(1.0),30/04/26 23:00:00,A,MAGEMAR1,PL,2006,27.9,,
ESTAT:DEMO_NIND(1.0),30/04/26 23:00:00,A,MAGEMAR1,PL,2007,28.1,,
ESTAT:DEMO_NIND(1.0),30/04/26 23:00:00,A,MAGEMAR1,PL,2008,28.2,,
ESTAT:DEMO_NIND(1.0),30/04/26 23:00:00,A,MAGEMAR1,PL,2009,28.3,b,
ESTAT:DEMO_NIND(1.0),30/04/26 23:00:00,A,MAGEMAR1,PL,2010,28.4,,
ESTAT:DEMO_NIND(1.0),30/04/26 23:00:00,A,MAGEMAR1,PL,2011,28.6,,
ESTAT:DEMO_NIND(1.0),30/04/26 23:00:00,A,MAGEMAR1,PL,2012,28.7,,
ESTAT:DEMO_NIND(1.0),30/04/26 23:00:00,A,MAGEMAR1,PL,2013,29.0,,
ESTAT:DEMO_NIND(1.0),30/04/26 23:00:00,A,MAGEMAR1,PL,2014,29.1,,
ESTAT:DEMO_NIND(1.0),30/04/26 23:00:00,A,MAGEMAR1,PL,2015,29.3,,
ESTAT:DEMO_NIND(1.0),30/04/26 23:00:00,A,MAGEMAR1,PL,2016,29.5,,
ESTAT:DEMO_NIND(1.0),30/04/26 23:00:00,A,MAGEMAR1,PL,2017,29.6,,
ESTAT:DEMO_NIND(1.0),30/04/26 23:00:00,A,MAGEMAR1,PL,2018,29.8,,
ESTAT:DEMO_NIND(1.0),30/04/26 23:00:00,A,MAGEMAR1,PL,2019,30.1,,
ESTAT:DEMO_NIND(1.0),30/04/26 23:00:00,A,MAGEMAR1,PL,2020,30.2,ep,
ESTAT:DEMO_NIND(1.0),30/04/26 23:00:00,A,MAGEMAR1,PL,2021,30.4,ep,
ESTAT:DEMO_NIND(1.0),30/04/26 23:00:00,A,MAGEMAR1,PL,2022,30.7,b,
ESTAT:DEMO_NIND(1.0),30/04/26 23:00:00,A,MAGEMAR1,PL,2023,30.8,ep,
ESTAT:DEMO_NIND(1.0),30/04/26 23:00:00,A,MAGEMAR1,PL,2024,31.6,ep,
ESTAT:DEMO_NIND(1.0),30/04/26 23:00:00,A,MAGEMAR1,PT,1991,26.4,,
ESTAT:DEMO_NIND(1.0),30/04/26 23:00:00,A,MAGEMAR1,PT,1992,26.6,,
ESTAT:DEMO_NIND(1.0),30/04/26 23:00:00,A,MAGEMAR1,PT,1993,26.7,,
ESTAT:DEMO_NIND(1.0),30/04/26 23:00:00,A,MAGEMAR1,PT,1994,26.8,,
ESTAT:DEMO_NIND(1.0),30/04/26 23:00:00,A,MAGEMAR1,PT,1995,26.9,,
ESTAT:DEMO_NIND(1.0),30/04/26 23:00:00,A,MAGEMAR1,PT,1996,27.0,,
ESTAT:DEMO_NIND(1.0),30/04/26 23:00:00,A,MAGEMAR1,PT,1997,27.1,,
ESTAT:DEMO_NIND(1.0),30/04/26 23:00:00,A,MAGEMAR1,PT,1998,27.2,,
ESTAT:DEMO_NIND(1.0),30/04/26 23:00:00,A,MAGEMAR1,PT,1999,27.3,,
ESTAT:DEMO_NIND(1.0),30/04/26 23:00:00,A,MAGEMAR1,PT,2000,27.4,,
ESTAT:DEMO_NIND(1.0),30/04/26 23:00:00,A,MAGEMAR1,PT,2001,27.7,,
ESTAT:DEMO_NIND(1.0),30/04/26 23:00:00,A,MAGEMAR1,PT,2002,27.9,,
ESTAT:DEMO_NIND(1.0),30/04/26 23:00:00,A,MAGEMAR1,PT,2003,28.1,,
ESTAT:DEMO_NIND(1.0),30/04/26 23:00:00,A,MAGEMAR1,PT,2004,28.2,,
ESTAT:DEMO_NIND(1.0),30/04/26 23:00:00,A,MAGEMAR1,PT,2005,28.5,,
ESTAT:DEMO_NIND(1.0),30/04/26 23:00:00,A,MAGEMAR1,PT,2006,28.5,,
ESTAT:DEMO_NIND(1.0),30/04/26 23:00:00,A,MAGEMAR1,PT,2007,28.7,,
ESTAT:DEMO_NIND(1.0),30/04/26 23:00:00,A,MAGEMAR1,PT,2008,29.0,,
ESTAT:DEMO_NIND(1.0),30/04/26 23:00:00,A,MAGEMAR1,PT,2009,29.3,,
ESTAT:DEMO_NIND(1.0),30/04/26 23:00:00,A,MAGEMAR1,PT,2010,29.9,,
ESTAT:DEMO_NIND(1.0),30/04/26 23:00:00,A,MAGEMAR1,PT,2011,30.1,,
ESTAT:DEMO_NIND(1.0),30/04/26 23:00:00,A,MAGEMAR1,PT,2012,30.4,,
ESTAT:DEMO_NIND(1.0),30/04/26 23:00:00,A,MAGEMAR1,PT,2014,31.5,,
ESTAT:DEMO_NIND(1.0),30/04/26 23:00:00,A,MAGEMAR1,PT,2015,31.9,,
ESTAT:DEMO_NIND(1.0),30/04/26 23:00:00,A,MAGEMAR1,PT,2016,32.2,,
ESTAT:DEMO_NIND(1.0),30/04/26 23:00:00,A,MAGEMAR1,PT,2017,32.5,,
ESTAT:DEMO_NIND(1.0),30/04/26 23:00:00,A,MAGEMAR1,PT,2018,32.9,,
ESTAT:DEMO_NIND(1.0),30/04/26 23:00:00,A,MAGEMAR1,PT,2019,33.2,,
ESTAT:DEMO_NIND(1.0),30/04/26 23:00:00,A,MAGEMAR1,PT,2020,34.0,,
ESTAT:DEMO_NIND(1.0),30/04/26 23:00:00,A,MAGEMAR1,PT,2021,33.6,,
ESTAT:DEMO_NIND(1.0),30/04/26 23:00:00,A,MAGEMAR1,PT,2022,34.4,,
ESTAT:DEMO_NIND(1.0),30/04/26 23:00:00,A,MAGEMAR1,PT,2023,35.0,,
ESTAT:DEMO_NIND(1.0),30/04/26 23:00:00,A,MAGEMAR1,PT,2024,35.1,,
ESTAT:DEMO_NIND(1.0),30/04/26 23:00:00,A,MAGEMAR1,RO,1990,25.6,,
ESTAT:DEMO_NIND(1.0),30/04/26 23:00:00,A,MAGEMAR1,RO,1991,25.6,,
ESTAT:DEMO_NIND(1.0),30/04/26 23:00:00,A,MAGEMAR1,RO,1992,25.7,,
ESTAT:DEMO_NIND(1.0),30/04/26 23:00:00,A,MAGEMAR1,RO,1993,25.8,,
ESTAT:DEMO_NIND(1.0),30/04/26 23:00:00,A,MAGEMAR1,RO,1994,26.0,,
ESTAT:DEMO_NIND(1.0),30/04/26 23:00:00,A,MAGEMAR1,RO,1995,26.5,,
ESTAT:DEMO_NIND(1.0),30/04/26 23:00:00,A,MAGEMAR1,RO,1996,26.5,,
ESTAT:DEMO_NIND(1.0),30/04/26 23:00:00,A,MAGEMAR1,RO,1997,26.6,,
ESTAT:DEMO_NIND(1.0),30/04/26 23:00:00,A,MAGEMAR1,RO,1998,26.9,,
ESTAT:DEMO_NIND(1.0),30/04/26 23:00:00,A,MAGEMAR1,RO,1999,27.0,,
ESTAT:DEMO_NIND(1.0),30/04/26 23:00:00,A,MAGEMAR1,RO,2000,27.3,,
ESTAT:DEMO_NIND(1.0),30/04/26 23:00:00,A,MAGEMAR1,RO,2001,27.6,,
ESTAT:DEMO_NIND(1.0),30/04/26 23:00:00,A,MAGEMAR1,RO,2002,27.7,,
ESTAT:DEMO_NIND(1.0),30/04/26 23:00:00,A,MAGEMAR1,RO,2003,28.0,,
ESTAT:DEMO_NIND(1.0),30/04/26 23:00:00,A,MAGEMAR1,RO,2004,28.7,,
ESTAT:DEMO_NIND(1.0),30/04/26 23:00:00,A,MAGEMAR1,RO,2005,28.8,,
ESTAT:DEMO_NIND(1.0),30/04/26 23:00:00,A,MAGEMAR1,RO,2006,28.8,,
ESTAT:DEMO_NIND(1.0),30/04/26 23:00:00,A,MAGEMAR1,RO,2007,30.0,,
ESTAT:DEMO_NIND(1.0),30/04/26 23:00:00,A,MAGEMAR1,RO,2008,29.1,,
ESTAT:DEMO_NIND(1.0),30/04/26 23:00:00,A,MAGEMAR1,RO,2009,28.9,,
ESTAT:DEMO_NIND(1.0),30/04/26 23:00:00,A,MAGEMAR1,RO,2010,29.0,,
ESTAT:DEMO_NIND(1.0),30/04/26 23:00:00,A,MAGEMAR1,RO,2011,29.2,,
ESTAT:DEMO_NIND(1.0),30/04/26 23:00:00,A,MAGEMAR1,RO,2013,29.7,,
ESTAT:DEMO_NIND(1.0),30/04/26 23:00:00,A,MAGEMAR1,RO,2014,30.2,,
ESTAT:DEMO_NIND(1.0),30/04/26 23:00:00,A,MAGEMAR1,RO,2015,30.3,,
ESTAT:DEMO_NIND(1.0),30/04/26 23:00:00,A,MAGEMAR1,RO,2016,30.4,,
ESTAT:DEMO_NIND(1.0),30/04/26 23:00:00,A,MAGEMAR1,RO,2017,31.0,,
ESTAT:DEMO_NIND(1.0),30/04/26 23:00:00,A,MAGEMAR1,RO,2018,31.8,,
ESTAT:DEMO_NIND(1.0),30/04/26 23:00:00,A,MAGEMAR1,RO,2019,31.7,,
ESTAT:DEMO_NIND(1.0),30/04/26 23:00:00,A,MAGEMAR1,RO,2020,30.6,e,
ESTAT:DEMO_NIND(1.0),30/04/26 23:00:00,A,MAGEMAR1,RO,2021,30.7,e,
ESTAT:DEMO_NIND(1.0),30/04/26 23:00:00,A,MAGEMAR1,RO,2022,31.2,e,
ESTAT:DEMO_NIND(1.0),30/04/26 23:00:00,A,MAGEMAR1,RO,2023,31.5,e,
ESTAT:DEMO_NIND(1.0),30/04/26 23:00:00,A,MAGEMAR1,RO,2024,31.5,e,
ESTAT:DEMO_NIND(1.0),30/04/26 23:00:00,A,MAGEMAR1,RS,2000,28.8,,
ESTAT:DEMO_NIND(1.0),30/04/26 23:00:00,A,MAGEMAR1,RS,2001,29.0,,
ESTAT:DEMO_NIND(1.0),30/04/26 23:00:00,A,MAGEMAR1,RS,2002,29.3,,
ESTAT:DEMO_NIND(1.0),30/04/26 23:00:00,A,MAGEMAR1,RS,2003,29.4,,
ESTAT:DEMO_NIND(1.0),30/04/26 23:00:00,A,MAGEMAR1,RS,2004,29.6,,
ESTAT:DEMO_NIND(1.0),30/04/26 23:00:00,A,MAGEMAR1,RS,2005,29.6,,
ESTAT:DEMO_NIND(1.0),30/04/26 23:00:00,A,MAGEMAR1,RS,2006,29.8,,
ESTAT:DEMO_NIND(1.0),30/04/26 23:00:00,A,MAGEMAR1,RS,2007,30.1,,
ESTAT:DEMO_NIND(1.0),30/04/26 23:00:00,A,MAGEMAR1,RS,2008,30.3,,
ESTAT:DEMO_NIND(1.0),30/04/26 23:00:00,A,MAGEMAR1,RS,2009,30.4,,
ESTAT:DEMO_NIND(1.0),30/04/26 23:00:00,A,MAGEMAR1,RS,2010,30.5,,
ESTAT:DEMO_NIND(1.0),30/04/26 23:00:00,A,MAGEMAR1,RS,2011,30.7,,
ESTAT:DEMO_NIND(1.0),30/04/26 23:00:00,A,MAGEMAR1,RS,2012,30.6,,
ESTAT:DEMO_NIND(1.0),30/04/26 23:00:00,A,MAGEMAR1,RS,2013,30.8,,
ESTAT:DEMO_NIND(1.0),30/04/26 23:00:00,A,MAGEMAR1,RS,2014,31.0,,
ESTAT:DEMO_NIND(1.0),30/04/26 23:00:00,A,MAGEMAR1,RS,2015,31.1,,
ESTAT:DEMO_NIND(1.0),30/04/26 23:00:00,A,MAGEMAR1,RS,2016,31.3,,
ESTAT:DEMO_NIND(1.0),30/04/26 23:00:00,A,MAGEMAR1,RS,2017,31.3,,
ESTAT:DEMO_NIND(1.0),30/04/26 23:00:00,A,MAGEMAR1,RS,2018,31.4,,
ESTAT:DEMO_NIND(1.0),30/04/26 23:00:00,A,MAGEMAR1,RS,2019,31.4,,
ESTAT:DEMO_NIND(1.0),30/04/26 23:00:00,A,MAGEMAR1,RS,2020,31.6,,
ESTAT:DEMO_NIND(1.0),30/04/26 23:00:00,A,MAGEMAR1,RS,2021,31.5,,
ESTAT:DEMO_NIND(1.0),30/04/26 23:00:00,A,MAGEMAR1,RS,2022,31.4,,
ESTAT:DEMO_NIND(1.0),30/04/26 23:00:00,A,MAGEMAR1,RS,2023,31.7,b,
ESTAT:DEMO_NIND(1.0),30/04/26 23:00:00,A,MAGEMAR1,RS,2024,31.7,,
ESTAT:DEMO_NIND(1.0),30/04/26 23:00:00,A,MAGEMAR1,SE,1990,30.3,,
ESTAT:DEMO_NIND(1.0),30/04/26 23:00:00,A,MAGEMAR1,SE,1991,30.6,,
ESTAT:DEMO_NIND(1.0),30/04/26 23:00:00,A,MAGEMAR1,SE,1992,30.9,,
ESTAT:DEMO_NIND(1.0),30/04/26 23:00:00,A,MAGEMAR1,SE,1993,31.1,,
ESTAT:DEMO_NIND(1.0),30/04/26 23:00:00,A,MAGEMAR1,SE,1994,31.3,,
ESTAT:DEMO_NIND(1.0),30/04/26 23:00:00,A,MAGEMAR1,SE,1996,31.8,,
ESTAT:DEMO_NIND(1.0),30/04/26 23:00:00,A,MAGEMAR1,SE,1997,32.2,,
ESTAT:DEMO_NIND(1.0),30/04/26 23:00:00,A,MAGEMAR1,SE,1998,32.4,,
ESTAT:DEMO_NIND(1.0),30/04/26 23:00:00,A,MAGEMAR1,SE,1999,32.9,,
ESTAT:DEMO_NIND(1.0),30/04/26 23:00:00,A,MAGEMAR1,SE,2000,33.0,,
ESTAT:DEMO_NIND(1.0),30/04/26 23:00:00,A,MAGEMAR1,SE,2001,33.0,,
ESTAT:DEMO_NIND(1.0),30/04/26 23:00:00,A,MAGEMAR1,SE,2002,33.3,,
ESTAT:DEMO_NIND(1.0),30/04/26 23:00:00,A,MAGEMAR1,SE,2003,33.8,,
ESTAT:DEMO_NIND(1.0),30/04/26 23:00:00,A,MAGEMAR1,SE,2004,34.1,,
ESTAT:DEMO_NIND(1.0),30/04/26 23:00:00,A,MAGEMAR1,SE,2005,34.6,,
ESTAT:DEMO_NIND(1.0),30/04/26 23:00:00,A,MAGEMAR1,SE,2006,34.4,,
ESTAT:DEMO_NIND(1.0),30/04/26 23:00:00,A,MAGEMAR1,SE,2008,35.2,,
ESTAT:DEMO_NIND(1.0),30/04/26 23:00:00,A,MAGEMAR1,SE,2009,35.2,,
ESTAT:DEMO_NIND(1.0),30/04/26 23:00:00,A,MAGEMAR1,SE,2010,35.6,,
ESTAT:DEMO_NIND(1.0),30/04/26 23:00:00,A,MAGEMAR1,SE,2011,35.5,,
ESTAT:DEMO_NIND(1.0),30/04/26 23:00:00,A,MAGEMAR1,SE,2012,35.9,,
ESTAT:DEMO_NIND(1.0),30/04/26 23:00:00,A,MAGEMAR1,SE,2013,35.7,,
ESTAT:DEMO_NIND(1.0),30/04/26 23:00:00,A,MAGEMAR1,SE,2014,35.8,,
ESTAT:DEMO_NIND(1.0),30/04/26 23:00:00,A,MAGEMAR1,SE,2015,36.2,,
ESTAT:DEMO_NIND(1.0),30/04/26 23:00:00,A,MAGEMAR1,SE,2016,36.5,,
ESTAT:DEMO_NIND(1.0),30/04/26 23:00:00,A,MAGEMAR1,SE,2017,36.6,,
ESTAT:DEMO_NIND(1.0),30/04/26 23:00:00,A,MAGEMAR1,SE,2018,36.7,,
ESTAT:DEMO_NIND(1.0),30/04/26 23:00:00,A,MAGEMAR1,SE,2019,36.7,,
ESTAT:DEMO_NIND(1.0),30/04/26 23:00:00,A,MAGEMAR1,SE,2020,37.5,,
ESTAT:DEMO_NIND(1.0),30/04/26 23:00:00,A,MAGEMAR1,SE,2021,36.7,,
ESTAT:DEMO_NIND(1.0),30/04/26 23:00:00,A,MAGEMAR1,SE,2022,36.7,,
ESTAT:DEMO_NIND(1.0),30/04/26 23:00:00,A,MAGEMAR1,SE,2023,37.0,,
ESTAT:DEMO_NIND(1.0),30/04/26 23:00:00,A,MAGEMAR1,SE,2024,37.4,,
ESTAT:DEMO_NIND(1.0),30/04/26 23:00:00,A,MAGEMAR1,SI,1990,26.9,,
ESTAT:DEMO_NIND(1.0),30/04/26 23:00:00,A,MAGEMAR1,SI,1991,26.9,,
ESTAT:DEMO_NIND(1.0),30/04/26 23:00:00,A,MAGEMAR1,SI,1992,27.4,,
ESTAT:DEMO_NIND(1.0),30/04/26 23:00:00,A,MAGEMAR1,SI,1993,27.8,,
ESTAT:DEMO_NIND(1.0),30/04/26 23:00:00,A,MAGEMAR1,SI,1994,28.0,,
ESTAT:DEMO_NIND(1.0),30/04/26 23:00:00,A,MAGEMAR1,SI,1995,28.1,,
ESTAT:DEMO_NIND(1.0),30/04/26 23:00:00,A,MAGEMAR1,SI,1996,28.4,,
ESTAT:DEMO_NIND(1.0),30/04/26 23:00:00,A,MAGEMAR1,SI,1997,28.8,,
ESTAT:DEMO_NIND(1.0),30/04/26 23:00:00,A,MAGEMAR1,SI,1998,29.2,,
ESTAT:DEMO_NIND(1.0),30/04/26 23:00:00,A,MAGEMAR1,SI,1999,29.6,,
ESTAT:DEMO_NIND(1.0),30/04/26 23:00:00,A,MAGEMAR1,SI,2000,29.9,,
ESTAT:DEMO_NIND(1.0),30/04/26 23:00:00,A,MAGEMAR1,SI,2001,30.3,,
ESTAT:DEMO_NIND(1.0),30/04/26 23:00:00,A,MAGEMAR1,SI,2002,30.7,,
ESTAT:DEMO_NIND(1.0),30/04/26 23:00:00,A,MAGEMAR1,SI,2003,30.7,,
ESTAT:DEMO_NIND(1.0),30/04/26 23:00:00,A,MAGEMAR1,SI,2004,30.9,,
ESTAT:DEMO_NIND(1.0),30/04/26 23:00:00,A,MAGEMAR1,SI,2005,31.5,,
ESTAT:DEMO_NIND(1.0),30/04/26 23:00:00,A,MAGEMAR1,SI,2006,31.1,,
ESTAT:DEMO_NIND(1.0),30/04/26 23:00:00,A,MAGEMAR1,SI,2007,31.2,,
ESTAT:DEMO_NIND(1.0),30/04/26 23:00:00,A,MAGEMAR1,SI,2008,31.3,,
ESTAT:DEMO_NIND(1.0),30/04/26 23:00:00,A,MAGEMAR1,SI,2009,31.2,,
ESTAT:DEMO_NIND(1.0),30/04/26 23:00:00,A,MAGEMAR1,SI,2010,31.7,,
ESTAT:DEMO_NIND(1.0),30/04/26 23:00:00,A,MAGEMAR1,SI,2011,32.0,,
ESTAT:DEMO_NIND(1.0),30/04/26 23:00:00,A,MAGEMAR1,SI,2012,32.1,,
ESTAT:DEMO_NIND(1.0),30/04/26 23:00:00,A,MAGEMAR1,SI,2013,32.3,,
ESTAT:DEMO_NIND(1.0),30/04/26 23:00:00,A,MAGEMAR1,SI,2014,32.2,,
ESTAT:DEMO_NIND(1.0),30/04/26 23:00:00,A,MAGEMAR1,SI,2015,32.3,,
ESTAT:DEMO_NIND(1.0),30/04/26 23:00:00,A,MAGEMAR1,SI,2016,32.6,,
ESTAT:DEMO_NIND(1.0),30/04/26 23:00:00,A,MAGEMAR1,SI,2017,32.9,,
ESTAT:DEMO_NIND(1.0),30/04/26 23:00:00,A,MAGEMAR1,SI,2018,33.7,,
ESTAT:DEMO_NIND(1.0),30/04/26 23:00:00,A,MAGEMAR1,SI,2019,33.9,,
ESTAT:DEMO_NIND(1.0),30/04/26 23:00:00,A,MAGEMAR1,SI,2020,33.6,,
ESTAT:DEMO_NIND(1.0),30/04/26 23:00:00,A,MAGEMAR1,SI,2021,33.9,,
ESTAT:DEMO_NIND(1.0),30/04/26 23:00:00,A,MAGEMAR1,SI,2022,34.2,,
ESTAT:DEMO_NIND(1.0),30/04/26 23:00:00,A,MAGEMAR1,SI,2023,34.3,,
ESTAT:DEMO_NIND(1.0),30/04/26 23:00:00,A,MAGEMAR1,SI,2024,34.4,,
ESTAT:DEMO_NIND(1.0),30/04/26 23:00:00,A,MAGEMAR1,SK,1999,25.9,,
ESTAT:DEMO_NIND(1.0),30/04/26 23:00:00,A,MAGEMAR1,SK,2000,26.9,,
ESTAT:DEMO_NIND(1.0),30/04/26 23:00:00,A,MAGEMAR1,SK,2001,27.1,,
ESTAT:DEMO_NIND(1.0),30/04/26 23:00:00,A,MAGEMAR1,SK,2002,27.6,,
ESTAT:DEMO_NIND(1.0),30/04/26 23:00:00,A,MAGEMAR1,SK,2003,27.9,,
ESTAT:DEMO_NIND(1.0),30/04/26 23:00:00,A,MAGEMAR1,SK,2004,28.3,,
ESTAT:DEMO_NIND(1.0),30/04/26 23:00:00,A,MAGEMAR1,SK,2006,29.2,,
ESTAT:DEMO_NIND(1.0),30/04/26 23:00:00,A,MAGEMAR1,SK,2007,29.3,,
ESTAT:DEMO_NIND(1.0),30/04/26 23:00:00,A,MAGEMAR1,SK,2008,29.5,,
ESTAT:DEMO_NIND(1.0),30/04/26 23:00:00,A,MAGEMAR1,SK,2009,29.7,,
ESTAT:DEMO_NIND(1.0),30/04/26 23:00:00,A,MAGEMAR1,SK,2010,30.0,,
ESTAT:DEMO_NIND(1.0),30/04/26 23:00:00,A,MAGEMAR1,SK,2012,30.1,,
ESTAT:DEMO_NIND(1.0),30/04/26 23:00:00,A,MAGEMAR1,SK,2013,30.6,,
ESTAT:DEMO_NIND(1.0),30/04/26 23:00:00,A,MAGEMAR1,SK,2014,30.8,,
ESTAT:DEMO_NIND(1.0),30/04/26 23:00:00,A,MAGEMAR1,SK,2015,31.1,,
ESTAT:DEMO_NIND(1.0),30/04/26 23:00:00,A,MAGEMAR1,SK,2016,31.1,,
ESTAT:DEMO_NIND(1.0),30/04/26 23:00:00,A,MAGEMAR1,SK,2017,31.2,,
ESTAT:DEMO_NIND(1.0),30/04/26 23:00:00,A,MAGEMAR1,SK,2018,31.4,,
ESTAT:DEMO_NIND(1.0),30/04/26 23:00:00,A,MAGEMAR1,SK,2019,31.4,,
ESTAT:DEMO_NIND(1.0),30/04/26 23:00:00,A,MAGEMAR1,SK,2020,31.5,,
ESTAT:DEMO_NIND(1.0),30/04/26 23:00:00,A,MAGEMAR1,SK,2021,31.7,,
ESTAT:DEMO_NIND(1.0),30/04/26 23:00:00,A,MAGEMAR1,SK,2022,31.7,,
ESTAT:DEMO_NIND(1.0),30/04/26 23:00:00,A,MAGEMAR1,SK,2023,31.9,,
ESTAT:DEMO_NIND(1.0),30/04/26 23:00:00,A,MAGEMAR1,SK,2024,32.3,,
ESTAT:DEMO_NIND(1.0),30/04/26 23:00:00,A,MAGEMAR1,SM,2012,32.2,,
ESTAT:DEMO_NIND(1.0),30/04/26 23:00:00,A,MAGEMAR1,TR,2003,27.5,,
ESTAT:DEMO_NIND(1.0),30/04/26 23:00:00,A,MAGEMAR1,TR,2006,26.9,,
ESTAT:DEMO_NIND(1.0),30/04/26 23:00:00,A,MAGEMAR1,TR,2007,26.8,,
ESTAT:DEMO_NIND(1.0),30/04/26 23:00:00,A,MAGEMAR1,TR,2008,26.9,,
ESTAT:DEMO_NIND(1.0),30/04/26 23:00:00,A,MAGEMAR1,TR,2009,27.0,,
ESTAT:DEMO_NIND(1.0),30/04/26 23:00:00,A,MAGEMAR1,TR,2010,27.1,,
ESTAT:DEMO_NIND(1.0),30/04/26 23:00:00,A,MAGEMAR1,TR,2011,27.2,,
ESTAT:DEMO_NIND(1.0),30/04/26 23:00:00,A,MAGEMAR1,TR,2013,27.3,,
ESTAT:DEMO_NIND(1.0),30/04/26 23:00:00,A,MAGEMAR1,TR,2014,27.4,,
ESTAT:DEMO_NIND(1.0),30/04/26 23:00:00,A,MAGEMAR1,TR,2015,27.5,,
ESTAT:DEMO_NIND(1.0),30/04/26 23:00:00,A,MAGEMAR1,TR,2016,27.7,,
ESTAT:DEMO_NIND(1.0),30/04/26 23:00:00,A,MAGEMAR1,TR,2017,27.8,,
ESTAT:DEMO_NIND(1.0),30/04/26 23:00:00,A,MAGEMAR1,TR,2018,27.9,,
ESTAT:DEMO_NIND(1.0),30/04/26 23:00:00,A,MAGEMAR1,TR,2019,28.0,,
ESTAT:DEMO_NIND(1.0),30/04/26 23:00:00,A,MAGEMAR1,TR,2020,28.0,,
ESTAT:DEMO_NIND(1.0),30/04/26 23:00:00,A,MAGEMAR1,TR,2022,28.3,,
ESTAT:DEMO_NIND(1.0),30/04/26 23:00:00,A,MAGEMAR1,TR,2023,28.4,,
ESTAT:DEMO_NIND(1.0),30/04/26 23:00:00,A,MAGEMAR1,TR,2024,28.4,,
ESTAT:DEMO_NIND(1.0),30/04/26 23:00:00,A,MAGEMAR1,UA,2006,26.5,,
ESTAT:DEMO_NIND(1.0),30/04/26 23:00:00,A,MAGEMAR1,UA,2007,26.6,,
ESTAT:DEMO_NIND(1.0),30/04/26 23:00:00,A,MAGEMAR1,UA,2008,26.9,,
ESTAT:DEMO_NIND(1.0),30/04/26 23:00:00,A,MAGEMAR1,UA,2010,27.1,,
ESTAT:DEMO_NIND(1.0),30/04/26 23:00:00,A,MAGEMAR1,UA,2011,27.1,,
ESTAT:DEMO_NIND(1.0),30/04/26 23:00:00,A,MAGEMAR1,UA,2014,27.3,,
ESTAT:DEMO_NIND(1.0),30/04/26 23:00:00,A,MAGEMAR1,UA,2017,27.8,,
ESTAT:DEMO_NIND(1.0),30/04/26 23:00:00,A,MAGEMAR1,UA,2018,27.9,,
ESTAT:DEMO_NIND(1.0),30/04/26 23:00:00,A,MAGEMAR1,UA,2019,28.0,,
ESTAT:DEMO_NIND(1.0),30/04/26 23:00:00,A,MAGEMAR1,UK,2013,30.9,,
ESTAT:DEMO_NIND(1.0),30/04/26 23:00:00,A,MAGEMAR1,UK,2015,33.4,,
ESTAT:DEMO_NIND(1.0),30/04/26 23:00:00,A,MAGEMAR1,XK,2016,32.4,,
ESTAT:DEMO_NIND(1.0),30/04/26 23:00:00,A,MAGEMAR1,XK,2017,32.2,,
ESTAT:DEMO_NIND(1.0),30/04/26 23:00:00,A,MAGEMAR1,XK,2018,32.1,,
ESTAT:DEMO_NIND(1.0),30/04/26 23:00:00,A,MAGEMAR1,XK,2019,32.0,,
ESTAT:DEMO_NIND(1.0),30/04/26 23:00:00,A,MARRIAGE,AD,2004,218,,
ESTAT:DEMO_NIND(1.0),30/04/26 23:00:00,A,MARRIAGE,AD,2005,224,,
ESTAT:DEMO_NIND(1.0),30/04/26 23:00:00,A,MARRIAGE,AD,2006,296,,
ESTAT:DEMO_NIND(1.0),30/04/26 23:00:00,A,MARRIAGE,AD,2007,258,,
ESTAT:DEMO_NIND(1.0),30/04/26 23:00:00,A,MARRIAGE,AD,2008,260,,
ESTAT:DEMO_NIND(1.0),30/04/26 23:00:00,A,MARRIAGE,AD,2009,263,,
ESTAT:DEMO_NIND(1.0),30/04/26 23:00:00,A,MARRIAGE,AD,2012,288,,
ESTAT:DEMO_NIND(1.0),30/04/26 23:00:00,A,MARRIAGE,AD,2018,293,,
ESTAT:DEMO_NIND(1.0),30/04/26 23:00:00,A,MARRIAGE,AL,1960,12571,,
ESTAT:DEMO_NIND(1.0),30/04/26 23:00:00,A,MARRIAGE,AL,1961,18723,,
ESTAT:DEMO_NIND(1.0),30/04/26 23:00:00,A,MARRIAGE,AL,1962,12838,,
ESTAT:DEMO_NIND(1.0),30/04/26 23:00:00,A,MARRIAGE,AL,1963,13182,,
ESTAT:DEMO_NIND(1.0),30/04/26 23:00:00,A,MARRIAGE,AL,1964,13021,,
ESTAT:DEMO_NIND(1.0),30/04/26 23:00:00,A,MARRIAGE,AL,1965,13921,,
ESTAT:DEMO_NIND(1.0),30/04/26 23:00:00,A,MARRIAGE,AL,1966,12968,,
ESTAT:DEMO_NIND(1.0),30/04/26 23:00:00,A,MARRIAGE,AL,1967,16853,,
ESTAT:DEMO_NIND(1.0),30/04/26 23:00:00,A,MARRIAGE,AL,1968,15845,,
ESTAT:DEMO_NIND(1.0),30/04/26 23:00:00,A,MARRIAGE,AL,1969,15322,,
ESTAT:DEMO_NIND(1.0),30/04/26 23:00:00,A,MARRIAGE,AL,1970,14449,,
ESTAT:DEMO_NIND(1.0),30/04/26 23:00:00,A,MARRIAGE,AL,1971,15300,,
ESTAT:DEMO_NIND(1.0),30/04/26 23:00:00,A,MARRIAGE,AL,1972,16159,,
ESTAT:DEMO_NIND(1.0),30/04/26 23:00:00,A,MARRIAGE,AL,1973,18481,,
ESTAT:DEMO_NIND(1.0),30/04/26 23:00:00,A,MARRIAGE,AL,1975,18729,,
ESTAT:DEMO_NIND(1.0),30/04/26 23:00:00,A,MARRIAGE,AL,1976,18600,,
ESTAT:DEMO_NIND(1.0),30/04/26 23:00:00,A,MARRIAGE,AL,1977,19934,,
ESTAT:DEMO_NIND(1.0),30/04/26 23:00:00,A,MARRIAGE,AL,1978,20464,,
ESTAT:DEMO_NIND(1.0),30/04/26 23:00:00,A,MARRIAGE,AL,1979,21355,,
ESTAT:DEMO_NIND(1.0),30/04/26 23:00:00,A,MARRIAGE,AL,1980,21729,,
ESTAT:DEMO_NIND(1.0),30/04/26 23:00:00,A,MARRIAGE,AL,1981,23301,,
ESTAT:DEMO_NIND(1.0),30/04/26 23:00:00,A,MARRIAGE,AL,1982,25157,,
ESTAT:DEMO_NIND(1.0),30/04/26 23:00:00,A,MARRIAGE,AL,1983,25607,,
ESTAT:DEMO_NIND(1.0),30/04/26 23:00:00,A,MARRIAGE,AL,1984,26397,,
ESTAT:DEMO_NIND(1.0),30/04/26 23:00:00,A,MARRIAGE,AL,1985,25271,,
ESTAT:DEMO_NIND(1.0),30/04/26 23:00:00,A,MARRIAGE,AL,1986,25718,,
ESTAT:DEMO_NIND(1.0),30/04/26 23:00:00,A,MARRIAGE,AL,1987,27370,,
ESTAT:DEMO_NIND(1.0),30/04/26 23:00:00,A,MARRIAGE,AL,1988,28174,,
ESTAT:DEMO_NIND(1.0),30/04/26 23:00:00,A,MARRIAGE,AL,1989,27655,,
ESTAT:DEMO_NIND(1.0),30/04/26 23:00:00,A,MARRIAGE,AL,1990,28992.00,,
ESTAT:DEMO_NIND(1.0),30/04/26 23:00:00,A,MARRIAGE,AL,1991,24853.00,,
ESTAT:DEMO_NIND(1.0),30/04/26 23:00:00,A,MARRIAGE,AL,1992,26405.00,,
ESTAT:DEMO_NIND(1.0),30/04/26 23:00:00,A,MARRIAGE,AL,1993,25963.00,,
ESTAT:DEMO_NIND(1.0),30/04/26 23:00:00,A,MARRIAGE,AL,1994,27895.00,,
ESTAT:DEMO_NIND(1.0),30/04/26 23:00:00,A,MARRIAGE,AL,1995,26989,,
ESTAT:DEMO_NIND(1.0),30/04/26 23:00:00,A,MARRIAGE,AL,1996,27690,,
ESTAT:DEMO_NIND(1.0),30/04/26 23:00:00,A,MARRIAGE,AL,1997,24122,,
ESTAT:DEMO_NIND(1.0),30/04/26 23:00:00,A,MARRIAGE,AL,1998,27871,,
ESTAT:DEMO_NIND(1.0),30/04/26 23:00:00,A,MARRIAGE,AL,1999,27254,,
ESTAT:DEMO_NIND(1.0),30/04/26 23:00:00,A,MARRIAGE,AL,2000,25820,,
ESTAT:DEMO_NIND(1.0),30/04/26 23:00:00,A,MARRIAGE,AL,2001,25717,,
ESTAT:DEMO_NIND(1.0),30/04/26 23:00:00,A,MARRIAGE,AL,2002,26202,,
ESTAT:DEMO_NIND(1.0),30/04/26 23:00:00,A,MARRIAGE,AL,2003,27342,,
ESTAT:DEMO_NIND(1.0),30/04/26 23:00:00,A,MARRIAGE,AL,2004,20949,,
ESTAT:DEMO_NIND(1.0),30/04/26 23:00:00,A,MARRIAGE,AL,2005,21795,,
ESTAT:DEMO_NIND(1.0),30/04/26 23:00:00,A,MARRIAGE,AL,2006,21332,,
ESTAT:DEMO_NIND(1.0),30/04/26 23:00:00,A,MARRIAGE,AL,2007,22371,,
ESTAT:DEMO_NIND(1.0),30/04/26 23:00:00,A,MARRIAGE,AL,2008,21290,,
ESTAT:DEMO_NIND(1.0),30/04/26 23:00:00,A,MARRIAGE,AL,2011,25303,,
ESTAT:DEMO_NIND(1.0),30/04/26 23:00:00,A,MARRIAGE,AL,2012,22891,,
ESTAT:DEMO_NIND(1.0),30/04/26 23:00:00,A,MARRIAGE,AL,2013,23820,,
ESTAT:DEMO_NIND(1.0),30/04/26 23:00:00,A,MARRIAGE,AL,2014,23769,,
ESTAT:DEMO_NIND(1.0),30/04/26 23:00:00,A,MARRIAGE,AL,2015,24997,,
ESTAT:DEMO_NIND(1.0),30/04/26 23:00:00,A,MARRIAGE,AL,2016,22562,,
ESTAT:DEMO_NIND(1.0),30/04/26 23:00:00,A,MARRIAGE,AL,2017,22641,,
ESTAT:DEMO_NIND(1.0),30/04/26 23:00:00,A,MARRIAGE,AL,2018,23104,,
ESTAT:DEMO_NIND(1.0),30/04/26 23:00:00,A,MARRIAGE,AL,2019,22415,,
ESTAT:DEMO_NIND(1.0),30/04/26 23:00:00,A,MARRIAGE,AL,2020,17473,,
ESTAT:DEMO_NIND(1.0),30/04/26 23:00:00,A,MARRIAGE,AL,2021,19709,,
ESTAT:DEMO_NIND(1.0),30/04/26 23:00:00,A,MARRIAGE,AL,2022,18781,,
ESTAT:DEMO_NIND(1.0),30/04/26 23:00:00,A,MARRIAGE,AL,2023,17467,,
ESTAT:DEMO_NIND(1.0),30/04/26 23:00:00,A,MARRIAGE,AL,2024,16120,,
ESTAT:DEMO_NIND(1.0),30/04/26 23:00:00,A,MARRIAGE,AM,2004,16975,,
ESTAT:DEMO_NIND(1.0),30/04/26 23:00:00,A,MARRIAGE,AM,2005,16624,,
ESTAT:DEMO_NIND(1.0),30/04/26 23:00:00,A,MARRIAGE,AM,2006,16887,,
ESTAT:DEMO_NIND(1.0),30/04/26 23:00:00,A,MARRIAGE,AM,2007,18145,,
ESTAT:DEMO_NIND(1.0),30/04/26 23:00:00,A,MARRIAGE,AM,2008,18465,,
ESTAT:DEMO_NIND(1.0),30/04/26 23:00:00,A,MARRIAGE,AM,2009,18773,,
ESTAT:DEMO_NIND(1.0),30/04/26 23:00:00,A,MARRIAGE,AM,2010,16904,,
ESTAT:DEMO_NIND(1.0),30/04/26 23:00:00,A,MARRIAGE,AM,2011,19706,,
ESTAT:DEMO_NIND(1.0),30/04/26 23:00:00,A,MARRIAGE,AM,2014,18912,,
ESTAT:DEMO_NIND(1.0),30/04/26 23:00:00,A,MARRIAGE,AM,2015,17603,,
ESTAT:DEMO_NIND(1.0),30/04/26 23:00:00,A,MARRIAGE,AM,2016,16294,,
ESTAT:DEMO_NIND(1.0),30/04/26 23:00:00,A,MARRIAGE,AM,2017,15214,,
ESTAT:DEMO_NIND(1.0),30/04/26 23:00:00,A,MARRIAGE,AM,2018,14822,,
ESTAT:DEMO_NIND(1.0),30/04/26 23:00:00,A,MARRIAGE,AM,2019,15561,,
ESTAT:DEMO_NIND(1.0),30/04/26 23:00:00,A,MARRIAGE,AM,2020,12179,,
ESTAT:DEMO_NIND(1.0),30/04/26 23:00:00,A,MARRIAGE,AM,2022,16795,,
ESTAT:DEMO_NIND(1.0),30/04/26 23:00:00,A,MARRIAGE,AM,2023,16330,,
ESTAT:DEMO_NIND(1.0),30/04/26 23:00:00,A,MARRIAGE,AT,1960,58508,,
ESTAT:DEMO_NIND(1.0),30/04/26 23:00:00,A,MARRIAGE,AT,1961,60001,,
ESTAT:DEMO_NIND(1.0),30/04/26 23:00:00,A,MARRIAGE,AT,1962,59705,,
ESTAT:DEMO_NIND(1.0),30/04/26 23:00:00,A,MARRIAGE,AT,1963,58415,,
ESTAT:DEMO_NIND(1.0),30/04/26 23:00:00,A,MARRIAGE,AT,1964,57533,,
ESTAT:DEMO_NIND(1.0),30/04/26 23:00:00,A,MARRIAGE,AT,1965,56738,,
ESTAT:DEMO_NIND(1.0),30/04/26 23:00:00,A,MARRIAGE,AT,1966,55816,,
ESTAT:DEMO_NIND(1.0),30/04/26 23:00:00,A,MARRIAGE,AT,1967,56091,,
ESTAT:DEMO_NIND(1.0),30/04/26 23:00:00,A,MARRIAGE,AT,1968,56001,,
ESTAT:DEMO_NIND(1.0),30/04/26 23:00:00,A,MARRIAGE,AT,1969,54559,,
ESTAT:DEMO_NIND(1.0),30/04/26 23:00:00,A,MARRIAGE,AT,1970,52773,,
ESTAT:DEMO_NIND(1.0),30/04/26 23:00:00,A,MARRIAGE,AT,1971,48166,,
ESTAT:DEMO_NIND(1.0),30/04/26 23:00:00,A,MARRIAGE,AT,1972,57372,,
ESTAT:DEMO_NIND(1.0),30/04/26 23:00:00,A,MARRIAGE,AT,1973,49430,,
ESTAT:DEMO_NIND(1.0),30/04/26 23:00:00,A,MARRIAGE,AT,1974,49296,,
ESTAT:DEMO_NIND(1.0),30/04/26 23:00:00,A,MARRIAGE,AT,1975,46542,,
ESTAT:DEMO_NIND(1.0),30/04/26 23:00:00,A,MARRIAGE,AT,1976,45767,,
ESTAT:DEMO_NIND(1.0),30/04/26 23:00:00,A,MARRIAGE,AT,1977,45378,,
ESTAT:DEMO_NIND(1.0),30/04/26 23:00:00,A,MARRIAGE,AT,1978,44573,,
ESTAT:DEMO_NIND(1.0),30/04/26 23:00:00,A,MARRIAGE,AT,1979,45445,,
ESTAT:DEMO_NIND(1.0),30/04/26 23:00:00,A,MARRIAGE,AT,1980,46435,,
ESTAT:DEMO_NIND(1.0),30/04/26 23:00:00,A,MARRIAGE,AT,1981,47768,,
ESTAT:DEMO_NIND(1.0),30/04/26 23:00:00,A,MARRIAGE,AT,1982,47643,,
ESTAT:DEMO_NIND(1.0),30/04/26 23:00:00,A,MARRIAGE,AT,1983,56171,,
ESTAT:DEMO_NIND(1.0),30/04/26 23:00:00,A,MARRIAGE,AT,1984,45823,,
ESTAT:DEMO_NIND(1.0),30/04/26 23:00:00,A,MARRIAGE,AT,1985,44867,,
ESTAT:DEMO_NIND(1.0),30/04/26 23:00:00,A,MARRIAGE,AT,1986,45821,,
ESTAT:DEMO_NIND(1.0),30/04/26 23:00:00,A,MARRIAGE,AT,1987,76205,,
ESTAT:DEMO_NIND(1.0),30/04/26 23:00:00,A,MARRIAGE,AT,1988,35361,,
ESTAT:DEMO_NIND(1.0),30/04/26 23:00:00,A,MARRIAGE,AT,1989,42523,,
ESTAT:DEMO_NIND(1.0),30/04/26 23:00:00,A,MARRIAGE,AT,1990,45212.00,,
ESTAT:DEMO_NIND(1.0),30/04/26 23:00:00,A,MARRIAGE,AT,1991,44106.00,,
ESTAT:DEMO_NIND(1.0),30/04/26 23:00:00,A,MARRIAGE,AT,1992,45701.00,,
ESTAT:DEMO_NIND(1.0),30/04/26 23:00:00,A,MARRIAGE,AT,1993,45014.00,,
ESTAT:DEMO_NIND(1.0),30/04/26 23:00:00,A,MARRIAGE,AT,1994,43284.00,,
ESTAT:DEMO_NIND(1.0),30/04/26 23:00:00,A,MARRIAGE,AT,1995,42946,,
ESTAT:DEMO_NIND(1.0),30/04/26 23:00:00,A,MARRIAGE,AT,1996,42298,,
ESTAT:DEMO_NIND(1.0),30/04/26 23:00:00,A,MARRIAGE,AT,1997,41394,,
ESTAT:DEMO_NIND(1.0),30/04/26 23:00:00,A,MARRIAGE,AT,1998,39143,,
ESTAT:DEMO_NIND(1.0),30/04/26 23:00:00,A,MARRIAGE,AT,1999,39485,,
ESTAT:DEMO_NIND(1.0),30/04/26 23:00:00,A,MARRIAGE,AT,2000,39228,,
ESTAT:DEMO_NIND(1.0),30/04/26 23:00:00,A,MARRIAGE,AT,2001,34213,,
ESTAT:DEMO_NIND(1.0),30/04/26 23:00:00,A,MARRIAGE,AT,2002,36570,,
ESTAT:DEMO_NIND(1.0),30/04/26 23:00:00,A,MARRIAGE,AT,2003,37195,,
ESTAT:DEMO_NIND(1.0),30/04/26 23:00:00,A,MARRIAGE,AT,2004,38528,,
ESTAT:DEMO_NIND(1.0),30/04/26 23:00:00,A,MARRIAGE,AT,2005,39153,,
ESTAT:DEMO_NIND(1.0),30/04/26 23:00:00,A,MARRIAGE,AT,2006,36923,,
ESTAT:DEMO_NIND(1.0),30/04/26 23:00:00,A,MARRIAGE,AT,2007,35996,,
ESTAT:DEMO_NIND(1.0),30/04/26 23:00:00,A,MARRIAGE,AT,2008,35223,,
ESTAT:DEMO_NIND(1.0),30/04/26 23:00:00,A,MARRIAGE,AT,2009,35469,,
ESTAT:DEMO_NIND(1.0),30/04/26 23:00:00,A,MARRIAGE,AT,2010,37545,,
ESTAT:DEMO_NIND(1.0),30/04/26 23:00:00,A,MARRIAGE,AT,2011,36426,,
ESTAT:DEMO_NIND(1.0),30/04/26 23:00:00,A,MARRIAGE,AT,2012,38592,,
ESTAT:DEMO_NIND(1.0),30/04/26 23:00:00,A,MARRIAGE,AT,2013,36140,,
ESTAT:DEMO_NIND(1.0),30/04/26 23:00:00,A,MARRIAGE,AT,2014,37458,,
ESTAT:DEMO_NIND(1.0),30/04/26 23:00:00,A,MARRIAGE,AT,2015,44502,,
ESTAT:DEMO_NIND(1.0),30/04/26 23:00:00,A,MARRIAGE,AT,2016,44890,,
ESTAT:DEMO_NIND(1.0),30/04/26 23:00:00,A,MARRIAGE,AT,2017,44981,,
ESTAT:DEMO_NIND(1.0),30/04/26 23:00:00,A,MARRIAGE,AT,2018,46468,,
ESTAT:DEMO_NIND(1.0),30/04/26 23:00:00,A,MARRIAGE,AT,2019,46034,,
ESTAT:DEMO_NIND(1.0),30/04/26 23:00:00,A,MARRIAGE,AT,2020,39662,,
ESTAT:DEMO_NIND(1.0),30/04/26 23:00:00,A,MARRIAGE,AT,2021,41111,,
ESTAT:DEMO_NIND(1.0),30/04/26 23:00:00,A,MARRIAGE,AT,2022,47482,,
ESTAT:DEMO_NIND(1.0),30/04/26 23:00:00,A,MARRIAGE,AT,2023,45855,,
ESTAT:DEMO_NIND(1.0),30/04/26 23:00:00,A,MARRIAGE,AT,2024,45810,,
ESTAT:DEMO_NIND(1.0),30/04/26 23:00:00,A,MARRIAGE,AZ,2004,62200,,
ESTAT:DEMO_NIND(1.0),30/04/26 23:00:00,A,MARRIAGE,AZ,2005,71643,,
ESTAT:DEMO_NIND(1.0),30/04/26 23:00:00,A,MARRIAGE,AZ,2006,79443,,
ESTAT:DEMO_NIND(1.0),30/04/26 23:00:00,A,MARRIAGE,AZ,2007,81758,,
ESTAT:DEMO_NIND(1.0),30/04/26 23:00:00,A,MARRIAGE,AZ,2008,79964,,
ESTAT:DEMO_NIND(1.0),30/04/26 23:00:00,A,MARRIAGE,AZ,2009,78072,,
ESTAT:DEMO_NIND(1.0),30/04/26 23:00:00,A,MARRIAGE,AZ,2010,79172,,
ESTAT:DEMO_NIND(1.0),30/04/26 23:00:00,A,MARRIAGE,AZ,2011,88145,,
ESTAT:DEMO_NIND(1.0),30/04/26 23:00:00,A,MARRIAGE,AZ,2012,79065,,
ESTAT:DEMO_NIND(1.0),30/04/26 23:00:00,A,MARRIAGE,AZ,2013,86852,,
ESTAT:DEMO_NIND(1.0),30/04/26 23:00:00,A,MARRIAGE,AZ,2014,84912,,
ESTAT:DEMO_NIND(1.0),30/04/26 23:00:00,A,MARRIAGE,AZ,2015,68773,,
ESTAT:DEMO_NIND(1.0),30/04/26 23:00:00,A,MARRIAGE,AZ,2016,66771,,
ESTAT:DEMO_NIND(1.0),30/04/26 23:00:00,A,MARRIAGE,AZ,2017,62923,,
ESTAT:DEMO_NIND(1.0),30/04/26 23:00:00,A,MARRIAGE,AZ,2018,62484,,
ESTAT:DEMO_NIND(1.0),30/04/26 23:00:00,A,MARRIAGE,AZ,2019,63869,,
ESTAT:DEMO_NIND(1.0),30/04/26 23:00:00,A,MARRIAGE,AZ,2020,35348,,
ESTAT:DEMO_NIND(1.0),30/04/26 23:00:00,A,MARRIAGE,AZ,2021,56314,,
ESTAT:DEMO_NIND(1.0),30/04/26 23:00:00,A,MARRIAGE,AZ,2022,61939,,
ESTAT:DEMO_NIND(1.0),30/04/26 23:00:00,A,MARRIAGE,BA,1960,32855,,
ESTAT:DEMO_NIND(1.0),30/04/26 23:00:00,A,MARRIAGE,BA,1961,31842,,
ESTAT:DEMO_NIND(1.0),30/04/26 23:00:00,A,MARRIAGE,BA,1962,30620,,
ESTAT:DEMO_NIND(1.0),30/04/26 23:00:00,A,MARRIAGE,BA,1963,29749,,
ESTAT:DEMO_NIND(1.0),30/04/26 23:00:00,A,MARRIAGE,BA,1964,31424,,
ESTAT:DEMO_NIND(1.0),30/04/26 23:00:00,A,MARRIAGE,BA,1965,33214,,
ESTAT:DEMO_NIND(1.0),30/04/26 23:00:00,A,MARRIAGE,BA,1966,31842,,
ESTAT:DEMO_NIND(1.0),30/04/26 23:00:00,A,MARRIAGE,BA,1967,31116,,
ESTAT:DEMO_NIND(1.0),30/04/26 23:00:00,A,MARRIAGE,BA,1968,30814,,
ESTAT:DEMO_NIND(1.0),30/04/26 23:00:00,A,MARRIAGE,BA,1969,31868,,
ESTAT:DEMO_NIND(1.0),30/04/26 23:00:00,A,MARRIAGE,BA,1970,34411,,
ESTAT:DEMO_NIND(1.0),30/04/26 23:00:00,A,MARRIAGE,BA,1971,35290,,
ESTAT:DEMO_NIND(1.0),30/04/26 23:00:00,A,MARRIAGE,BA,1972,34660,,
ESTAT:DEMO_NIND(1.0),30/04/26 23:00:00,A,MARRIAGE,BA,1973,33991,,
ESTAT:DEMO_NIND(1.0),30/04/26 23:00:00,A,MARRIAGE,BA,1974,34917,,
ESTAT:DEMO_NIND(1.0),30/04/26 23:00:00,A,MARRIAGE,BA,1975,35776,,
ESTAT:DEMO_NIND(1.0),30/04/26 23:00:00,A,MARRIAGE,BA,1976,33849,,
ESTAT:DEMO_NIND(1.0),30/04/26 23:00:00,A,MARRIAGE,BA,1977,34951,,
ESTAT:DEMO_NIND(1.0),30/04/26 23:00:00,A,MARRIAGE,BA,1978,34970,,
ESTAT:DEMO_NIND(1.0),30/04/26 23:00:00,A,MARRIAGE,BA,1979,35111,,
ESTAT:DEMO_NIND(1.0),30/04/26 23:00:00,A,MARRIAGE,BA,1980,35012,,
ESTAT:DEMO_NIND(1.0),30/04/26 23:00:00,A,MARRIAGE,BA,1981,36631,,
ESTAT:DEMO_NIND(1.0),30/04/26 23:00:00,A,MARRIAGE,BA,1982,36422,,
ESTAT:DEMO_NIND(1.0),30/04/26 23:00:00,A,MARRIAGE,BA,1983,37239,,
ESTAT:DEMO_NIND(1.0),30/04/26 23:00:00,A,MARRIAGE,BA,1984,35767,,
ESTAT:DEMO_NIND(1.0),30/04/26 23:00:00,A,MARRIAGE,BA,1985,35015,,
ESTAT:DEMO_NIND(1.0),30/04/26 23:00:00,A,MARRIAGE,BA,1986,34338,,
ESTAT:DEMO_NIND(1.0),30/04/26 23:00:00,A,MARRIAGE,BA,1987,34466,,
ESTAT:DEMO_NIND(1.0),30/04/26 23:00:00,A,MARRIAGE,BA,1988,34700,,
ESTAT:DEMO_NIND(1.0),30/04/26 23:00:00,A,MARRIAGE,BA,1989,34550,,
ESTAT:DEMO_NIND(1.0),30/04/26 23:00:00,A,MARRIAGE,BA,1990,29990.00,,
ESTAT:DEMO_NIND(1.0),30/04/26 23:00:00,A,MARRIAGE,BA,1991,27923.00,,
ESTAT:DEMO_NIND(1.0),30/04/26 23:00:00,A,MARRIAGE,BA,1997,23181,,
ESTAT:DEMO_NIND(1.0),30/04/26 23:00:00,A,MARRIAGE,BA,1998,22398,,
ESTAT:DEMO_NIND(1.0),30/04/26 23:00:00,A,MARRIAGE,BA,1999,22472,,
ESTAT:DEMO_NIND(1.0),30/04/26 23:00:00,A,MARRIAGE,BA,2000,21216,,
ESTAT:DEMO_NIND(1.0),30/04/26 23:00:00,A,MARRIAGE,BA,2002,20122,,
ESTAT:DEMO_NIND(1.0),30/04/26 23:00:00,A,MARRIAGE,BA,2003,20733,,
ESTAT:DEMO_NIND(1.0),30/04/26 23:00:00,A,MARRIAGE,BA,2004,21470,,
ESTAT:DEMO_NIND(1.0),30/04/26 23:00:00,A,MARRIAGE,BA,2005,21698,,
ESTAT:DEMO_NIND(1.0),30/04/26 23:00:00,A,MARRIAGE,BA,2006,21501,,
ESTAT:DEMO_NIND(1.0),30/04/26 23:00:00,A,MARRIAGE,BA,2007,23494,,
ESTAT:DEMO_NIND(1.0),30/04/26 23:00:00,A,MARRIAGE,BA,2008,22151,,
ESTAT:DEMO_NIND(1.0),30/04/26 23:00:00,A,MARRIAGE,BA,2009,20633,,
ESTAT:DEMO_NIND(1.0),30/04/26 23:00:00,A,MARRIAGE,BA,2010,19541,,
ESTAT:DEMO_NIND(1.0),30/04/26 23:00:00,A,MARRIAGE,BA,2012,18235,,
ESTAT:DEMO_NIND(1.0),30/04/26 23:00:00,A,MARRIAGE,BA,2023,17024,,
ESTAT:DEMO_NIND(1.0),30/04/26 23:00:00,A,MARRIAGE,BA,2024,16213,,
ESTAT:DEMO_NIND(1.0),30/04/26 23:00:00,A,MARRIAGE,BE,1960,65220,,
ESTAT:DEMO_NIND(1.0),30/04/26 23:00:00,A,MARRIAGE,BE,1961,62371,,
ESTAT:DEMO_NIND(1.0),30/04/26 23:00:00,A,MARRIAGE,BE,1962,62086,,
ESTAT:DEMO_NIND(1.0),30/04/26 23:00:00,A,MARRIAGE,BE,1963,62449,,
ESTAT:DEMO_NIND(1.0),30/04/26 23:00:00,A,MARRIAGE,BE,1964,65008,,
ESTAT:DEMO_NIND(1.0),30/04/26 23:00:00,A,MARRIAGE,BE,1965,66535,,
ESTAT:DEMO_NIND(1.0),30/04/26 23:00:00,A,MARRIAGE,BE,1966,68330,,
ESTAT:DEMO_NIND(1.0),30/04/26 23:00:00,A,MARRIAGE,BE,1967,68309,,
ESTAT:DEMO_NIND(1.0),30/04/26 23:00:00,A,MARRIAGE,BE,1968,69713,,
ESTAT:DEMO_NIND(1.0),30/04/26 23:00:00,A,MARRIAGE,BE,1969,72330,,
ESTAT:DEMO_NIND(1.0),30/04/26 23:00:00,A,MARRIAGE,BE,1970,73261,,
ESTAT:DEMO_NIND(1.0),30/04/26 23:00:00,A,MARRIAGE,BE,1971,73644,,
ESTAT:DEMO_NIND(1.0),30/04/26 23:00:00,A,MARRIAGE,BE,1972,74352,,
ESTAT:DEMO_NIND(1.0),30/04/26 23:00:00,A,MARRIAGE,BE,1973,73664,,
ESTAT:DEMO_NIND(1.0),30/04/26 23:00:00,A,MARRIAGE,BE,1974,73567,,
ESTAT:DEMO_NIND(1.0),30/04/26 23:00:00,A,MARRIAGE,BE,1975,71736,,
ESTAT:DEMO_NIND(1.0),30/04/26 23:00:00,A,MARRIAGE,BE,1976,71142,,
ESTAT:DEMO_NIND(1.0),30/04/26 23:00:00,A,MARRIAGE,BE,1977,69073,,
ESTAT:DEMO_NIND(1.0),30/04/26 23:00:00,A,MARRIAGE,BE,1978,67127,,
ESTAT:DEMO_NIND(1.0),30/04/26 23:00:00,A,MARRIAGE,BE,1979,65429,,
ESTAT:DEMO_NIND(1.0),30/04/26 23:00:00,A,MARRIAGE,BE,1980,66369,,
ESTAT:DEMO_NIND(1.0),30/04/26 23:00:00,A,MARRIAGE,BE,1981,64380,,
ESTAT:DEMO_NIND(1.0),30/04/26 23:00:00,A,MARRIAGE,BE,1982,62341,,
ESTAT:DEMO_NIND(1.0),30/04/26 23:00:00,A,MARRIAGE,BE,1983,59629,,
ESTAT:DEMO_NIND(1.0),30/04/26 23:00:00,A,MARRIAGE,BE,1984,58962,,
ESTAT:DEMO_NIND(1.0),30/04/26 23:00:00,A,MARRIAGE,BE,1985,57559,,
ESTAT:DEMO_NIND(1.0),30/04/26 23:00:00,A,MARRIAGE,BE,1986,56780,,
ESTAT:DEMO_NIND(1.0),30/04/26 23:00:00,A,MARRIAGE,BE,1987,56563,,
ESTAT:DEMO_NIND(1.0),30/04/26 23:00:00,A,MARRIAGE,BE,1988,59075,,
ESTAT:DEMO_NIND(1.0),30/04/26 23:00:00,A,MARRIAGE,BE,1989,63511,,
ESTAT:DEMO_NIND(1.0),30/04/26 23:00:00,A,MARRIAGE,BE,1990,64554.00,,
ESTAT:DEMO_NIND(1.0),30/04/26 23:00:00,A,MARRIAGE,BE,1991,60740.00,,
ESTAT:DEMO_NIND(1.0),30/04/26 23:00:00,A,MARRIAGE,BE,1992,58156.00,,
ESTAT:DEMO_NIND(1.0),30/04/26 23:00:00,A,MARRIAGE,BE,1993,54112.00,,
ESTAT:DEMO_NIND(1.0),30/04/26 23:00:00,A,MARRIAGE,BE,1994,51962.00,,
ESTAT:DEMO_NIND(1.0),30/04/26 23:00:00,A,MARRIAGE,BE,1995,51402,,
ESTAT:DEMO_NIND(1.0),30/04/26 23:00:00,A,MARRIAGE,BE,1996,50552,,
ESTAT:DEMO_NIND(1.0),30/04/26 23:00:00,A,MARRIAGE,BE,1997,47847,,
ESTAT:DEMO_NIND(1.0),30/04/26 23:00:00,A,MARRIAGE,BE,1998,44393,,
ESTAT:DEMO_NIND(1.0),30/04/26 23:00:00,A,MARRIAGE,BE,1999,44202,,
ESTAT:DEMO_NIND(1.0),30/04/26 23:00:00,A,MARRIAGE,BE,2000,45123,,
ESTAT:DEMO_NIND(1.0),30/04/26 23:00:00,A,MARRIAGE,BE,2001,42110,,
ESTAT:DEMO_NIND(1.0),30/04/26 23:00:00,A,MARRIAGE,BE,2002,40434,,
ESTAT:DEMO_NIND(1.0),30/04/26 23:00:00,A,MARRIAGE,BE,2003,41777,,
ESTAT:DEMO_NIND(1.0),30/04/26 23:00:00,A,MARRIAGE,BE,2004,43296,,
ESTAT:DEMO_NIND(1.0),30/04/26 23:00:00,A,MARRIAGE,BE,2005,43141,,
ESTAT:DEMO_NIND(1.0),30/04/26 23:00:00,A,MARRIAGE,BE,2006,44813,,
ESTAT:DEMO_NIND(1.0),30/04/26 23:00:00,A,MARRIAGE,BE,2007,45561,,
ESTAT:DEMO_NIND(1.0),30/04/26 23:00:00,A,MARRIAGE,BE,2008,45613,,
ESTAT:DEMO_NIND(1.0),30/04/26 23:00:00,A,MARRIAGE,BE,2009,43303,,
ESTAT:DEMO_NIND(1.0),30/04/26 23:00:00,A,MARRIAGE,BE,2010,42159,,
ESTAT:DEMO_NIND(1.0),30/04/26 23:00:00,A,MARRIAGE,BE,2011,41001,,
ESTAT:DEMO_NIND(1.0),30/04/26 23:00:00,A,MARRIAGE,BE,2012,42198,,
ESTAT:DEMO_NIND(1.0),30/04/26 23:00:00,A,MARRIAGE,BE,2013,37854,,
ESTAT:DEMO_NIND(1.0),30/04/26 23:00:00,A,MARRIAGE,BE,2014,39878,,
ESTAT:DEMO_NIND(1.0),30/04/26 23:00:00,A,MARRIAGE,BE,2015,45005,,
ESTAT:DEMO_NIND(1.0),30/04/26 23:00:00,A,MARRIAGE,BE,2016,44725,,
ESTAT:DEMO_NIND(1.0),30/04/26 23:00:00,A,MARRIAGE,BE,2017,44329,,
ESTAT:DEMO_NIND(1.0),30/04/26 23:00:00,A,MARRIAGE,BE,2018,45059,,
ESTAT:DEMO_NIND(1.0),30/04/26 23:00:00,A,MARRIAGE,BE,2019,44281,,
ESTAT:DEMO_NIND(1.0),30/04/26 23:00:00,A,MARRIAGE,BE,2020,32802,,
ESTAT:DEMO_NIND(1.0),30/04/26 23:00:00,A,MARRIAGE,BE,2021,40845,,
ESTAT:DEMO_NIND(1.0),30/04/26 23:00:00,A,MARRIAGE,BE,2022,48513,,
ESTAT:DEMO_NIND(1.0),30/04/26 23:00:00,A,MARRIAGE,BE,2023,46641,,
ESTAT:DEMO_NIND(1.0),30/04/26 23:00:00,A,MARRIAGE,BG,1960,68952,,
ESTAT:DEMO_NIND(1.0),30/04/26 23:00:00,A,MARRIAGE,BG,1961,66770,,
ESTAT:DEMO_NIND(1.0),30/04/26 23:00:00,A,MARRIAGE,BG,1962,64646,,
ESTAT:DEMO_NIND(1.0),30/04/26 23:00:00,A,MARRIAGE,BG,1963,66443,,
ESTAT:DEMO_NIND(1.0),30/04/26 23:00:00,A,MARRIAGE,BG,1964,66342,,
ESTAT:DEMO_NIND(1.0),30/04/26 23:00:00,A,MARRIAGE,BG,1965,65893,,
ESTAT:DEMO_NIND(1.0),30/04/26 23:00:00,A,MARRIAGE,BG,1966,67358,,
ESTAT:DEMO_NIND(1.0),30/04/26 23:00:00,A,MARRIAGE,BG,1967,72466,,
ESTAT:DEMO_NIND(1.0),30/04/26 23:00:00,A,MARRIAGE,BG,1968,74279,,
ESTAT:DEMO_NIND(1.0),30/04/26 23:00:00,A,MARRIAGE,BG,1969,73660,,
ESTAT:DEMO_NIND(1.0),30/04/26 23:00:00,A,MARRIAGE,BG,1970,73126,,
ESTAT:DEMO_NIND(1.0),30/04/26 23:00:00,A,MARRIAGE,BG,1971,69693,,
ESTAT:DEMO_NIND(1.0),30/04/26 23:00:00,A,MARRIAGE,BG,1972,70357,,
ESTAT:DEMO_NIND(1.0),30/04/26 23:00:00,A,MARRIAGE,BG,1973,74272,,
ESTAT:DEMO_NIND(1.0),30/04/26 23:00:00,A,MARRIAGE,BG,1974,73740,,
ESTAT:DEMO_NIND(1.0),30/04/26 23:00:00,A,MARRIAGE,BG,1975,74949,,
ESTAT:DEMO_NIND(1.0),30/04/26 23:00:00,A,MARRIAGE,BG,1976,73363,,
ESTAT:DEMO_NIND(1.0),30/04/26 23:00:00,A,MARRIAGE,BG,1977,74893,,
ESTAT:DEMO_NIND(1.0),30/04/26 23:00:00,A,MARRIAGE,BG,1978,71316,,
ESTAT:DEMO_NIND(1.0),30/04/26 23:00:00,A,MARRIAGE,BG,1979,69693,,
ESTAT:DEMO_NIND(1.0),30/04/26 23:00:00,A,MARRIAGE,BG,1980,69726,,
ESTAT:DEMO_NIND(1.0),30/04/26 23:00:00,A,MARRIAGE,BG,1981,66539,,
ESTAT:DEMO_NIND(1.0),30/04/26 23:00:00,A,MARRIAGE,BG,1982,67154,,
ESTAT:DEMO_NIND(1.0),30/04/26 23:00:00,A,MARRIAGE,BG,1983,67032,,
ESTAT:DEMO_NIND(1.0),30/04/26 23:00:00,A,MARRIAGE,BG,1984,65361,,
ESTAT:DEMO_NIND(1.0),30/04/26 23:00:00,A,MARRIAGE,BG,1985,66682,,
ESTAT:DEMO_NIND(1.0),30/04/26 23:00:00,A,MARRIAGE,BG,1986,64965,,
ESTAT:DEMO_NIND(1.0),30/04/26 23:00:00,A,MARRIAGE,BG,1987,64429,,
ESTAT:DEMO_NIND(1.0),30/04/26 23:00:00,A,MARRIAGE,BG,1988,62617,,
ESTAT:DEMO_NIND(1.0),30/04/26 23:00:00,A,MARRIAGE,BG,1989,63263,,
ESTAT:DEMO_NIND(1.0),30/04/26 23:00:00,A,MARRIAGE,BG,1990,59874.00,,
ESTAT:DEMO_NIND(1.0),30/04/26 23:00:00,A,MARRIAGE,BG,1991,48820.00,,
ESTAT:DEMO_NIND(1.0),30/04/26 23:00:00,A,MARRIAGE,BG,1992,44806.00,,
ESTAT:DEMO_NIND(1.0),30/04/26 23:00:00,A,MARRIAGE,BG,1993,40022.00,,
ESTAT:DEMO_NIND(1.0),30/04/26 23:00:00,A,MARRIAGE,BG,1994,37910.00,,
ESTAT:DEMO_NIND(1.0),30/04/26 23:00:00,A,MARRIAGE,BG,1995,36795,,
ESTAT:DEMO_NIND(1.0),30/04/26 23:00:00,A,MARRIAGE,BG,1996,35723,,
ESTAT:DEMO_NIND(1.0),30/04/26 23:00:00,A,MARRIAGE,BG,1997,34772,,
ESTAT:DEMO_NIND(1.0),30/04/26 23:00:00,A,MARRIAGE,BG,1998,35582,,
ESTAT:DEMO_NIND(1.0),30/04/26 23:00:00,A,MARRIAGE,BG,1999,33484,,
ESTAT:DEMO_NIND(1.0),30/04/26 23:00:00,A,MARRIAGE,BG,2000,35164,,
ESTAT:DEMO_NIND(1.0),30/04/26 23:00:00,A,MARRIAGE,BG,2001,31974,,
ESTAT:DEMO_NIND(1.0),30/04/26 23:00:00,A,MARRIAGE,BG,2002,29218,,
ESTAT:DEMO_NIND(1.0),30/04/26 23:00:00,A,MARRIAGE,BG,2003,30645,,
ESTAT:DEMO_NIND(1.0),30/04/26 23:00:00,A,MARRIAGE,BG,2004,31038,,
ESTAT:DEMO_NIND(1.0),30/04/26 23:00:00,A,MARRIAGE,BG,2005,33501,,
ESTAT:DEMO_NIND(1.0),30/04/26 23:00:00,A,MARRIAGE,BG,2006,32773,,
ESTAT:DEMO_NIND(1.0),30/04/26 23:00:00,A,MARRIAGE,BG,2007,29640,,
ESTAT:DEMO_NIND(1.0),30/04/26 23:00:00,A,MARRIAGE,BG,2008,27722,,
ESTAT:DEMO_NIND(1.0),30/04/26 23:00:00,A,MARRIAGE,BG,2009,25923,,
ESTAT:DEMO_NIND(1.0),30/04/26 23:00:00,A,MARRIAGE,BG,2010,24286,,
ESTAT:DEMO_NIND(1.0),30/04/26 23:00:00,A,MARRIAGE,BG,2011,21448,,
ESTAT:DEMO_NIND(1.0),30/04/26 23:00:00,A,MARRIAGE,BG,2012,21167,,
ESTAT:DEMO_NIND(1.0),30/04/26 23:00:00,A,MARRIAGE,BG,2013,21943,,
ESTAT:DEMO_NIND(1.0),30/04/26 23:00:00,A,MARRIAGE,BG,2014,24596,,
ESTAT:DEMO_NIND(1.0),30/04/26 23:00:00,A,MARRIAGE,BG,2015,27720,,
ESTAT:DEMO_NIND(1.0),30/04/26 23:00:00,A,MARRIAGE,BG,2016,26803,,
ESTAT:DEMO_NIND(1.0),30/04/26 23:00:00,A,MARRIAGE,BG,2017,28593,,
ESTAT:DEMO_NIND(1.0),30/04/26 23:00:00,A,MARRIAGE,BG,2018,28961,,
ESTAT:DEMO_NIND(1.0),30/04/26 23:00:00,A,MARRIAGE,BG,2019,29198,,
ESTAT:DEMO_NIND(1.0),30/04/26 23:00:00,A,MARRIAGE,BG,2020,22172,,
ESTAT:DEMO_NIND(1.0),30/04/26 23:00:00,A,MARRIAGE,BG,2021,26620,,
ESTAT:DEMO_NIND(1.0),30/04/26 23:00:00,A,MARRIAGE,BG,2022,26013,,
ESTAT:DEMO_NIND(1.0),30/04/26 23:00:00,A,MARRIAGE,BG,2023,21800,,
ESTAT:DEMO_NIND(1.0),30/04/26 23:00:00,A,MARRIAGE,BG,2024,20643,,
ESTAT:DEMO_NIND(1.0),30/04/26 23:00:00,A,MARRIAGE,BY,2004,60265,,
ESTAT:DEMO_NIND(1.0),30/04/26 23:00:00,A,MARRIAGE,BY,2005,73333,,
ESTAT:DEMO_NIND(1.0),30/04/26 23:00:00,A,MARRIAGE,BY,2006,78979,,
ESTAT:DEMO_NIND(1.0),30/04/26 23:00:00,A,MARRIAGE,BY,2007,90444,,
ESTAT:DEMO_NIND(1.0),30/04/26 23:00:00,A,MARRIAGE,BY,2008,77201,,
ESTAT:DEMO_NIND(1.0),30/04/26 23:00:00,A,MARRIAGE,BY,2009,78800,,
ESTAT:DEMO_NIND(1.0),30/04/26 23:00:00,A,MARRIAGE,BY,2010,76978,,
ESTAT:DEMO_NIND(1.0),30/04/26 23:00:00,A,MARRIAGE,BY,2011,86785,,
ESTAT:DEMO_NIND(1.0),30/04/26 23:00:00,A,MARRIAGE,BY,2012,76245,,
ESTAT:DEMO_NIND(1.0),30/04/26 23:00:00,A,MARRIAGE,BY,2013,87127,,
ESTAT:DEMO_NIND(1.0),30/04/26 23:00:00,A,MARRIAGE,BY,2014,83942,,
ESTAT:DEMO_NIND(1.0),30/04/26 23:00:00,A,MARRIAGE,BY,2015,82030,,
ESTAT:DEMO_NIND(1.0),30/04/26 23:00:00,A,MARRIAGE,BY,2016,64536,,
ESTAT:DEMO_NIND(1.0),30/04/26 23:00:00,A,MARRIAGE,BY,2017,66215,,
ESTAT:DEMO_NIND(1.0),30/04/26 23:00:00,A,MARRIAGE,BY,2018,60714,,
ESTAT:DEMO_NIND(1.0),30/04/26 23:00:00,A,MARRIAGE,CH,1960,41574,,
ESTAT:DEMO_NIND(1.0),30/04/26 23:00:00,A,MARRIAGE,CH,1961,42257,,
ESTAT:DEMO_NIND(1.0),30/04/26 23:00:00,A,MARRIAGE,CH,1962,44342,,
ESTAT:DEMO_NIND(1.0),30/04/26 23:00:00,A,MARRIAGE,CH,1963,43946,,
ESTAT:DEMO_NIND(1.0),30/04/26 23:00:00,A,MARRIAGE,CH,1964,44172,,
ESTAT:DEMO_NIND(1.0),30/04/26 23:00:00,A,MARRIAGE,CH,1965,45082,,
ESTAT:DEMO_NIND(1.0),30/04/26 23:00:00,A,MARRIAGE,CH,1966,44266,,
ESTAT:DEMO_NIND(1.0),30/04/26 23:00:00,A,MARRIAGE,CH,1967,45269,,
ESTAT:DEMO_NIND(1.0),30/04/26 23:00:00,A,MARRIAGE,CH,1968,45711,,
ESTAT:DEMO_NIND(1.0),30/04/26 23:00:00,A,MARRIAGE,CH,1969,46886,,
ESTAT:DEMO_NIND(1.0),30/04/26 23:00:00,A,MARRIAGE,CH,1970,46693,,
ESTAT:DEMO_NIND(1.0),30/04/26 23:00:00,A,MARRIAGE,CH,1971,44881,,
ESTAT:DEMO_NIND(1.0),30/04/26 23:00:00,A,MARRIAGE,CH,1972,43081,,
ESTAT:DEMO_NIND(1.0),30/04/26 23:00:00,A,MARRIAGE,CH,1973,40768,,
ESTAT:DEMO_NIND(1.0),30/04/26 23:00:00,A,MARRIAGE,CH,1974,38499,,
ESTAT:DEMO_NIND(1.0),30/04/26 23:00:00,A,MARRIAGE,CH,1975,35189,,
ESTAT:DEMO_NIND(1.0),30/04/26 23:00:00,A,MARRIAGE,CH,1976,32058,,
ESTAT:DEMO_NIND(1.0),30/04/26 23:00:00,A,MARRIAGE,CH,1977,33032,,
ESTAT:DEMO_NIND(1.0),30/04/26 23:00:00,A,MARRIAGE,CH,1978,32120,,
ESTAT:DEMO_NIND(1.0),30/04/26 23:00:00,A,MARRIAGE,CH,1979,33987,,
ESTAT:DEMO_NIND(1.0),30/04/26 23:00:00,A,MARRIAGE,CH,1980,35721,,
ESTAT:DEMO_NIND(1.0),30/04/26 23:00:00,A,MARRIAGE,CH,1981,35766,,
ESTAT:DEMO_NIND(1.0),30/04/26 23:00:00,A,MARRIAGE,CH,1982,37003,,
ESTAT:DEMO_NIND(1.0),30/04/26 23:00:00,A,MARRIAGE,CH,1983,37645,,
ESTAT:DEMO_NIND(1.0),30/04/26 23:00:00,A,MARRIAGE,CH,1984,38614,,
ESTAT:DEMO_NIND(1.0),30/04/26 23:00:00,A,MARRIAGE,CH,1985,38776,,
ESTAT:DEMO_NIND(1.0),30/04/26 23:00:00,A,MARRIAGE,CH,1986,40234,,
ESTAT:DEMO_NIND(1.0),30/04/26 23:00:00,A,MARRIAGE,CH,1987,43063,,
ESTAT:DEMO_NIND(1.0),30/04/26 23:00:00,A,MARRIAGE,CH,1988,45716,,
ESTAT:DEMO_NIND(1.0),30/04/26 23:00:00,A,MARRIAGE,CH,1989,45066,,
ESTAT:DEMO_NIND(1.0),30/04/26 23:00:00,A,MARRIAGE,CH,1990,46603.00,,
ESTAT:DEMO_NIND(1.0),30/04/26 23:00:00,A,MARRIAGE,CH,1991,47567.00,,
ESTAT:DEMO_NIND(1.0),30/04/26 23:00:00,A,MARRIAGE,CH,1992,45080.00,,
ESTAT:DEMO_NIND(1.0),30/04/26 23:00:00,A,MARRIAGE,CH,1993,43257.00,,
ESTAT:DEMO_NIND(1.0),30/04/26 23:00:00,A,MARRIAGE,CH,1994,42411.00,,
ESTAT:DEMO_NIND(1.0),30/04/26 23:00:00,A,MARRIAGE,CH,1995,40820,,
ESTAT:DEMO_NIND(1.0),30/04/26 23:00:00,A,MARRIAGE,CH,1996,40649,,
ESTAT:DEMO_NIND(1.0),30/04/26 23:00:00,A,MARRIAGE,CH,1997,39102,,
ESTAT:DEMO_NIND(1.0),30/04/26 23:00:00,A,MARRIAGE,CH,1998,38683,,
ESTAT:DEMO_NIND(1.0),30/04/26 23:00:00,A,MARRIAGE,CH,1999,40646,,
ESTAT:DEMO_NIND(1.0),30/04/26 23:00:00,A,MARRIAGE,CH,2000,39758,,
ESTAT:DEMO_NIND(1.0),30/04/26 23:00:00,A,MARRIAGE,CH,2001,35987,,
ESTAT:DEMO_NIND(1.0),30/04/26 23:00:00,A,MARRIAGE,CH,2002,40213,,
ESTAT:DEMO_NIND(1.0),30/04/26 23:00:00,A,MARRIAGE,CH,2003,40056,,
ESTAT:DEMO_NIND(1.0),30/04/26 23:00:00,A,MARRIAGE,CH,2004,39460,,
ESTAT:DEMO_NIND(1.0),30/04/26 23:00:00,A,MARRIAGE,CH,2005,40139,,
ESTAT:DEMO_NIND(1.0),30/04/26 23:00:00,A,MARRIAGE,CH,2006,39817,,
ESTAT:DEMO_NIND(1.0),30/04/26 23:00:00,A,MARRIAGE,CH,2007,40330,,
ESTAT:DEMO_NIND(1.0),30/04/26 23:00:00,A,MARRIAGE,CH,2008,41534,,
ESTAT:DEMO_NIND(1.0),30/04/26 23:00:00,A,MARRIAGE,CH,2009,41918,,
ESTAT:DEMO_NIND(1.0),30/04/26 23:00:00,A,MARRIAGE,CH,2010,43257,,
ESTAT:DEMO_NIND(1.0),30/04/26 23:00:00,A,MARRIAGE,CH,2011,42083,,
ESTAT:DEMO_NIND(1.0),30/04/26 23:00:00,A,MARRIAGE,CH,2012,42654,,
ESTAT:DEMO_NIND(1.0),30/04/26 23:00:00,A,MARRIAGE,CH,2013,39794,,
ESTAT:DEMO_NIND(1.0),30/04/26 23:00:00,A,MARRIAGE,CH,2014,41891,,
ESTAT:DEMO_NIND(1.0),30/04/26 23:00:00,A,MARRIAGE,CH,2015,41437,,
ESTAT:DEMO_NIND(1.0),30/04/26 23:00:00,A,MARRIAGE,CH,2016,41646,,
ESTAT:DEMO_NIND(1.0),30/04/26 23:00:00,A,MARRIAGE,CH,2017,40599,,
ESTAT:DEMO_NIND(1.0),30/04/26 23:00:00,A,MARRIAGE,CH,2018,40716,,
ESTAT:DEMO_NIND(1.0),30/04/26 23:00:00,A,MARRIAGE,CH,2019,38974,,
ESTAT:DEMO_NIND(1.0),30/04/26 23:00:00,A,MARRIAGE,CH,2020,35160,,
ESTAT:DEMO_NIND(1.0),30/04/26 23:00:00,A,MARRIAGE,CH,2021,36410,,
ESTAT:DEMO_NIND(1.0),30/04/26 23:00:00,A,MARRIAGE,CH,2022,40938,,
ESTAT:DEMO_NIND(1.0),30/04/26 23:00:00,A,MARRIAGE,CH,2023,37763,,
ESTAT:DEMO_NIND(1.0),30/04/26 23:00:00,A,MARRIAGE,CH,2024,36769,,
ESTAT:DEMO_NIND(1.0),30/04/26 23:00:00,A,MARRIAGE,CY,1964,2609,,
ESTAT:DEMO_NIND(1.0),30/04/26 23:00:00,A,MARRIAGE,CY,1965,4497,,
ESTAT:DEMO_NIND(1.0),30/04/26 23:00:00,A,MARRIAGE,CY,1966,4361,,
ESTAT:DEMO_NIND(1.0),30/04/26 23:00:00,A,MARRIAGE,CY,1967,5203,,
ESTAT:DEMO_NIND(1.0),30/04/26 23:00:00,A,MARRIAGE,CY,1968,3703,,
ESTAT:DEMO_NIND(1.0),30/04/26 23:00:00,A,MARRIAGE,CY,1969,5262,,
ESTAT:DEMO_NIND(1.0),30/04/26 23:00:00,A,MARRIAGE,CY,1970,5289,,
ESTAT:DEMO_NIND(1.0),30/04/26 23:00:00,A,MARRIAGE,CY,1971,5950,,
ESTAT:DEMO_NIND(1.0),30/04/26 23:00:00,A,MARRIAGE,CY,1972,4161,,
ESTAT:DEMO_NIND(1.0),30/04/26 23:00:00,A,MARRIAGE,CY,1973,5569,,
ESTAT:DEMO_NIND(1.0),30/04/26 23:00:00,A,MARRIAGE,CY,1974,3396,,
ESTAT:DEMO_NIND(1.0),30/04/26 23:00:00,A,MARRIAGE,CY,1975,5628,,
ESTAT:DEMO_NIND(1.0),30/04/26 23:00:00,A,MARRIAGE,CY,1976,3548,,
ESTAT:DEMO_NIND(1.0),30/04/26 23:00:00,A,MARRIAGE,CY,1977,5008,,
ESTAT:DEMO_NIND(1.0),30/04/26 23:00:00,A,MARRIAGE,CY,1978,4974,,
ESTAT:DEMO_NIND(1.0),30/04/26 23:00:00,A,MARRIAGE,CY,1979,6355,,
ESTAT:DEMO_NIND(1.0),30/04/26 23:00:00,A,MARRIAGE,CY,1980,3908,,
ESTAT:DEMO_NIND(1.0),30/04/26 23:00:00,A,MARRIAGE,CY,1981,5933,,
ESTAT:DEMO_NIND(1.0),30/04/26 23:00:00,A,MARRIAGE,CY,1982,5633,,
ESTAT:DEMO_NIND(1.0),30/04/26 23:00:00,A,MARRIAGE,CY,1983,6180,,
ESTAT:DEMO_NIND(1.0),30/04/26 23:00:00,A,MARRIAGE,CY,1984,4126,,
ESTAT:DEMO_NIND(1.0),30/04/26 23:00:00,A,MARRIAGE,CY,1985,5659,,
ESTAT:DEMO_NIND(1.0),30/04/26 23:00:00,A,MARRIAGE,CY,1986,5175,,
ESTAT:DEMO_NIND(1.0),30/04/26 23:00:00,A,MARRIAGE,CY,1987,5954,,
ESTAT:DEMO_NIND(1.0),30/04/26 23:00:00,A,MARRIAGE,CY,1988,3932,,
ESTAT:DEMO_NIND(1.0),30/04/26 23:00:00,A,MARRIAGE,CY,1989,5597,,
ESTAT:DEMO_NIND(1.0),30/04/26 23:00:00,A,MARRIAGE,CY,1990,5607.00,,
ESTAT:DEMO_NIND(1.0),30/04/26 23:00:00,A,MARRIAGE,CY,1991,6222.00,,
ESTAT:DEMO_NIND(1.0),30/04/26 23:00:00,A,MARRIAGE,CY,1992,4916.00,,
ESTAT:DEMO_NIND(1.0),30/04/26 23:00:00,A,MARRIAGE,CY,1993,6078.00,,
ESTAT:DEMO_NIND(1.0),30/04/26 23:00:00,A,MARRIAGE,CY,1994,6200.00,,
ESTAT:DEMO_NIND(1.0),30/04/26 23:00:00,A,MARRIAGE,CY,1995,6669,,
ESTAT:DEMO_NIND(1.0),30/04/26 23:00:00,A,MARRIAGE,CY,1996,5761,,
ESTAT:DEMO_NIND(1.0),30/04/26 23:00:00,A,MARRIAGE,CY,1997,7187,,
ESTAT:DEMO_NIND(1.0),30/04/26 23:00:00,A,MARRIAGE,CY,1998,7738,,
ESTAT:DEMO_NIND(1.0),30/04/26 23:00:00,A,MARRIAGE,CY,1999,9080,,
ESTAT:DEMO_NIND(1.0),30/04/26 23:00:00,A,MARRIAGE,CY,2000,9282,,
ESTAT:DEMO_NIND(1.0),30/04/26 23:00:00,A,MARRIAGE,CY,2001,10574,,
ESTAT:DEMO_NIND(1.0),30/04/26 23:00:00,A,MARRIAGE,CY,2002,10284,,
ESTAT:DEMO_NIND(1.0),30/04/26 23:00:00,A,MARRIAGE,CY,2003,5556,b,
ESTAT:DEMO_NIND(1.0),30/04/26 23:00:00,A,MARRIAGE,CY,2004,5349,,
ESTAT:DEMO_NIND(1.0),30/04/26 23:00:00,A,MARRIAGE,CY,2005,5881,,
ESTAT:DEMO_NIND(1.0),30/04/26 23:00:00,A,MARRIAGE,CY,2006,5252,,
ESTAT:DEMO_NIND(1.0),30/04/26 23:00:00,A,MARRIAGE,CY,2007,6332,,
ESTAT:DEMO_NIND(1.0),30/04/26 23:00:00,A,MARRIAGE,CY,2008,6115,,
ESTAT:DEMO_NIND(1.0),30/04/26 23:00:00,A,MARRIAGE,CY,2009,6327,,
ESTAT:DEMO_NIND(1.0),30/04/26 23:00:00,A,MARRIAGE,CY,2010,6081,,
ESTAT:DEMO_NIND(1.0),30/04/26 23:00:00,A,MARRIAGE,CY,2011,6210,,
ESTAT:DEMO_NIND(1.0),30/04/26 23:00:00,A,MARRIAGE,CY,2012,5806,,
ESTAT:DEMO_NIND(1.0),30/04/26 23:00:00,A,MARRIAGE,CY,2013,5493,,
ESTAT:DEMO_NIND(1.0),30/04/26 23:00:00,A,MARRIAGE,CY,2014,5378,,
ESTAT:DEMO_NIND(1.0),30/04/26 23:00:00,A,MARRIAGE,CY,2015,6092,,
ESTAT:DEMO_NIND(1.0),30/04/26 23:00:00,A,MARRIAGE,CY,2016,6375,,
ESTAT:DEMO_NIND(1.0),30/04/26 23:00:00,A,MARRIAGE,CY,2017,5882,,
ESTAT:DEMO_NIND(1.0),30/04/26 23:00:00,A,MARRIAGE,CY,2018,6777,,
ESTAT:DEMO_NIND(1.0),30/04/26 23:00:00,A,MARRIAGE,CY,2019,7846,,
ESTAT:DEMO_NIND(1.0),30/04/26 23:00:00,A,MARRIAGE,CZ,1960,74173,,
ESTAT:DEMO_NIND(1.0),30/04/26 23:00:00,A,MARRIAGE,CZ,1961,74003,,
ESTAT:DEMO_NIND(1.0),30/04/26 23:00:00,A,MARRIAGE,CZ,1962,77296,,
ESTAT:DEMO_NIND(1.0),30/04/26 23:00:00,A,MARRIAGE,CZ,1963,80118,,
ESTAT:DEMO_NIND(1.0),30/04/26 23:00:00,A,MARRIAGE,CZ,1964,80573,,
ESTAT:DEMO_NIND(1.0),30/04/26 23:00:00,A,MARRIAGE,CZ,1965,81757,,
ESTAT:DEMO_NIND(1.0),30/04/26 23:00:00,A,MARRIAGE,CZ,1966,84807,,
ESTAT:DEMO_NIND(1.0),30/04/26 23:00:00,A,MARRIAGE,CZ,1967,87214,,
ESTAT:DEMO_NIND(1.0),30/04/26 23:00:00,A,MARRIAGE,CZ,1968,89146,,
ESTAT:DEMO_NIND(1.0),30/04/26 23:00:00,A,MARRIAGE,CZ,1969,90408,,
ESTAT:DEMO_NIND(1.0),30/04/26 23:00:00,A,MARRIAGE,CZ,1970,90624,,
ESTAT:DEMO_NIND(1.0),30/04/26 23:00:00,A,MARRIAGE,CZ,1971,91864,,
ESTAT:DEMO_NIND(1.0),30/04/26 23:00:00,A,MARRIAGE,CZ,1972,95337,,
ESTAT:DEMO_NIND(1.0),30/04/26 23:00:00,A,MARRIAGE,CZ,1973,99518,,
ESTAT:DEMO_NIND(1.0),30/04/26 23:00:00,A,MARRIAGE,CZ,1974,98048,,
ESTAT:DEMO_NIND(1.0),30/04/26 23:00:00,A,MARRIAGE,CZ,1975,97373,,
ESTAT:DEMO_NIND(1.0),30/04/26 23:00:00,A,MARRIAGE,CZ,1976,94929,,
ESTAT:DEMO_NIND(1.0),30/04/26 23:00:00,A,MARRIAGE,CZ,1977,93011,,
ESTAT:DEMO_NIND(1.0),30/04/26 23:00:00,A,MARRIAGE,CZ,1978,90338,,
ESTAT:DEMO_NIND(1.0),30/04/26 23:00:00,A,MARRIAGE,CZ,1979,84496,,
ESTAT:DEMO_NIND(1.0),30/04/26 23:00:00,A,MARRIAGE,CZ,1980,78343,,
ESTAT:DEMO_NIND(1.0),30/04/26 23:00:00,A,MARRIAGE,CZ,1981,77453,,
ESTAT:DEMO_NIND(1.0),30/04/26 23:00:00,A,MARRIAGE,CZ,1982,76978,,
ESTAT:DEMO_NIND(1.0),30/04/26 23:00:00,A,MARRIAGE,CZ,1983,80417,,
ESTAT:DEMO_NIND(1.0),30/04/26 23:00:00,A,MARRIAGE,CZ,1984,81714,,
ESTAT:DEMO_NIND(1.0),30/04/26 23:00:00,A,MARRIAGE,CZ,1985,80653,,
ESTAT:DEMO_NIND(1.0),30/04/26 23:00:00,A,MARRIAGE,CZ,1986,81638,,
ESTAT:DEMO_NIND(1.0),30/04/26 23:00:00,A,MARRIAGE,CZ,1987,83773,,
ESTAT:DEMO_NIND(1.0),30/04/26 23:00:00,A,MARRIAGE,CZ,1988,81458,,
ESTAT:DEMO_NIND(1.0),30/04/26 23:00:00,A,MARRIAGE,CZ,1989,81262,,
ESTAT:DEMO_NIND(1.0),30/04/26 23:00:00,A,MARRIAGE,CZ,1990,90953.00,,
ESTAT:DEMO_NIND(1.0),30/04/26 23:00:00,A,MARRIAGE,CZ,1991,71973.00,,
ESTAT:DEMO_NIND(1.0),30/04/26 23:00:00,A,MARRIAGE,CZ,1992,74060.00,,
ESTAT:DEMO_NIND(1.0),30/04/26 23:00:00,A,MARRIAGE,CZ,1993,66033.00,,
ESTAT:DEMO_NIND(1.0),30/04/26 23:00:00,A,MARRIAGE,CZ,1994,58440.00,,
ESTAT:DEMO_NIND(1.0),30/04/26 23:00:00,A,MARRIAGE,CZ,1995,54956,,
ESTAT:DEMO_NIND(1.0),30/04/26 23:00:00,A,MARRIAGE,CZ,1996,53896,,
ESTAT:DEMO_NIND(1.0),30/04/26 23:00:00,A,MARRIAGE,CZ,1997,57804,,
ESTAT:DEMO_NIND(1.0),30/04/26 23:00:00,A,MARRIAGE,CZ,1998,55027,,
ESTAT:DEMO_NIND(1.0),30/04/26 23:00:00,A,MARRIAGE,CZ,1999,53523,,
ESTAT:DEMO_NIND(1.0),30/04/26 23:00:00,A,MARRIAGE,CZ,2000,55321,,
ESTAT:DEMO_NIND(1.0),30/04/26 23:00:00,A,MARRIAGE,CZ,2001,52374,,
ESTAT:DEMO_NIND(1.0),30/04/26 23:00:00,A,MARRIAGE,CZ,2002,52732,,
ESTAT:DEMO_NIND(1.0),30/04/26 23:00:00,A,MARRIAGE,CZ,2003,48943,,
ESTAT:DEMO_NIND(1.0),30/04/26 23:00:00,A,MARRIAGE,CZ,2004,51447,,
ESTAT:DEMO_NIND(1.0),30/04/26 23:00:00,A,MARRIAGE,CZ,2005,51829,,
ESTAT:DEMO_NIND(1.0),30/04/26 23:00:00,A,MARRIAGE,CZ,2006,52860,,
ESTAT:DEMO_NIND(1.0),30/04/26 23:00:00,A,MARRIAGE,CZ,2007,57157,,
ESTAT:DEMO_NIND(1.0),30/04/26 23:00:00,A,MARRIAGE,CZ,2008,52457,,
ESTAT:DEMO_NIND(1.0),30/04/26 23:00:00,A,MARRIAGE,CZ,2009,47862,,
ESTAT:DEMO_NIND(1.0),30/04/26 23:00:00,A,MARRIAGE,CZ,2010,46746,,
ESTAT:DEMO_NIND(1.0),30/04/26 23:00:00,A,MARRIAGE,CZ,2011,45137,,
ESTAT:DEMO_NIND(1.0),30/04/26 23:00:00,A,MARRIAGE,CZ,2012,45206,,
ESTAT:DEMO_NIND(1.0),30/04/26 23:00:00,A,MARRIAGE,CZ,2013,43499,,
ESTAT:DEMO_NIND(1.0),30/04/26 23:00:00,A,MARRIAGE,CZ,2014,45575,,
ESTAT:DEMO_NIND(1.0),30/04/26 23:00:00,A,MARRIAGE,CZ,2015,48191,,
ESTAT:DEMO_NIND(1.0),30/04/26 23:00:00,A,MARRIAGE,CZ,2016,50768,,
ESTAT:DEMO_NIND(1.0),30/04/26 23:00:00,A,MARRIAGE,CZ,2017,52567,,
ESTAT:DEMO_NIND(1.0),30/04/26 23:00:00,A,MARRIAGE,CZ,2018,54470,,
ESTAT:DEMO_NIND(1.0),30/04/26 23:00:00,A,MARRIAGE,CZ,2019,54870,,
ESTAT:DEMO_NIND(1.0),30/04/26 23:00:00,A,MARRIAGE,CZ,2020,45415,,
ESTAT:DEMO_NIND(1.0),30/04/26 23:00:00,A,MARRIAGE,CZ,2021,46778,,
ESTAT:DEMO_NIND(1.0),30/04/26 23:00:00,A,MARRIAGE,CZ,2022,54820,,
ESTAT:DEMO_NIND(1.0),30/04/26 23:00:00,A,MARRIAGE,CZ,2023,48268,,
ESTAT:DEMO_NIND(1.0),30/04/26 23:00:00,A,MARRIAGE,CZ,2024,44486,,
ESTAT:DEMO_NIND(1.0),30/04/26 23:00:00,A,MARRIAGE,DE,1960,521445,,
ESTAT:DEMO_NIND(1.0),30/04/26 23:00:00,A,MARRIAGE,DE,1961,529901,,
ESTAT:DEMO_NIND(1.0),30/04/26 23:00:00,A,MARRIAGE,DE,1962,530640,,
ESTAT:DEMO_NIND(1.0),30/04/26 23:00:00,A,MARRIAGE,DE,1963,507644,,
ESTAT:DEMO_NIND(1.0),30/04/26 23:00:00,A,MARRIAGE,DE,1964,506182,,
ESTAT:DEMO_NIND(1.0),30/04/26 23:00:00,A,MARRIAGE,DE,1965,492128,,
ESTAT:DEMO_NIND(1.0),30/04/26 23:00:00,A,MARRIAGE,DE,1966,484562,,
ESTAT:DEMO_NIND(1.0),30/04/26 23:00:00,A,MARRIAGE,DE,1967,483101,,
ESTAT:DEMO_NIND(1.0),30/04/26 23:00:00,A,MARRIAGE,DE,1968,444150,,
ESTAT:DEMO_NIND(1.0),30/04/26 23:00:00,A,MARRIAGE,DE,1969,446586,,
ESTAT:DEMO_NIND(1.0),30/04/26 23:00:00,A,MARRIAGE,DE,1970,444510,,
ESTAT:DEMO_NIND(1.0),30/04/26 23:00:00,A,MARRIAGE,DE,1971,432030,,
ESTAT:DEMO_NIND(1.0),30/04/26 23:00:00,A,MARRIAGE,DE,1972,415132,,
ESTAT:DEMO_NIND(1.0),30/04/26 23:00:00,A,MARRIAGE,DE,1973,394603,,
ESTAT:DEMO_NIND(1.0),30/04/26 23:00:00,A,MARRIAGE,DE,1974,377265,,
ESTAT:DEMO_NIND(1.0),30/04/26 23:00:00,A,MARRIAGE,DE,1975,386681,,
ESTAT:DEMO_NIND(1.0),30/04/26 23:00:00,A,MARRIAGE,DE,1976,365728,,
ESTAT:DEMO_NIND(1.0),30/04/26 23:00:00,A,MARRIAGE,DE,1977,358487,,
ESTAT:DEMO_NIND(1.0),30/04/26 23:00:00,A,MARRIAGE,DE,1978,328215,,
ESTAT:DEMO_NIND(1.0),30/04/26 23:00:00,A,MARRIAGE,DE,1979,344823,,
ESTAT:DEMO_NIND(1.0),30/04/26 23:00:00,A,MARRIAGE,DE,1980,362408,,
ESTAT:DEMO_NIND(1.0),30/04/26 23:00:00,A,MARRIAGE,DE,1981,359658,,
ESTAT:DEMO_NIND(1.0),30/04/26 23:00:00,A,MARRIAGE,DE,1982,361966,,
ESTAT:DEMO_NIND(1.0),30/04/26 23:00:00,A,MARRIAGE,DE,1983,369963,,
ESTAT:DEMO_NIND(1.0),30/04/26 23:00:00,A,MARRIAGE,DE,1984,364140,,
ESTAT:DEMO_NIND(1.0),30/04/26 23:00:00,A,MARRIAGE,DE,1985,364661,,
ESTAT:DEMO_NIND(1.0),30/04/26 23:00:00,A,MARRIAGE,DE,1986,372112,,
ESTAT:DEMO_NIND(1.0),30/04/26 23:00:00,A,MARRIAGE,DE,1987,382564,,
ESTAT:DEMO_NIND(1.0),30/04/26 23:00:00,A,MARRIAGE,DE,1988,397738,,
ESTAT:DEMO_NIND(1.0),30/04/26 23:00:00,A,MARRIAGE,DE,1989,398608,,
ESTAT:DEMO_NIND(1.0),30/04/26 23:00:00,A,MARRIAGE,DE,1990,414475.00,,
ESTAT:DEMO_NIND(1.0),30/04/26 23:00:00,A,MARRIAGE,DE,1991,454291.00,,
ESTAT:DEMO_NIND(1.0),30/04/26 23:00:00,A,MARRIAGE,DE,1992,453428.00,,
ESTAT:DEMO_NIND(1.0),30/04/26 23:00:00,A,MARRIAGE,DE,1993,442605.00,,
ESTAT:DEMO_NIND(1.0),30/04/26 23:00:00,A,MARRIAGE,DE,1994,440244.00,,
ESTAT:DEMO_NIND(1.0),30/04/26 23:00:00,A,MARRIAGE,DE,1995,430534,,
ESTAT:DEMO_NIND(1.0),30/04/26 23:00:00,A,MARRIAGE,DE,1996,427297,,
ESTAT:DEMO_NIND(1.0),30/04/26 23:00:00,A,MARRIAGE,DE,1997,422776,,
ESTAT:DEMO_NIND(1.0),30/04/26 23:00:00,A,MARRIAGE,DE,1998,417420,,
ESTAT:DEMO_NIND(1.0),30/04/26 23:00:00,A,MARRIAGE,DE,1999,430674,,
ESTAT:DEMO_NIND(1.0),30/04/26 23:00:00,A,MARRIAGE,DE,2000,418550,,
ESTAT:DEMO_NIND(1.0),30/04/26 23:00:00,A,MARRIAGE,DE,2001,389591,,
ESTAT:DEMO_NIND(1.0),30/04/26 23:00:00,A,MARRIAGE,DE,2002,382911,,
ESTAT:DEMO_NIND(1.0),30/04/26 23:00:00,A,MARRIAGE,DE,2003,382911,,
ESTAT:DEMO_NIND(1.0),30/04/26 23:00:00,A,MARRIAGE,DE,2004,395992,,
ESTAT:DEMO_NIND(1.0),30/04/26 23:00:00,A,MARRIAGE,DE,2005,388451,,
ESTAT:DEMO_NIND(1.0),30/04/26 23:00:00,A,MARRIAGE,DE,2006,373681,,
ESTAT:DEMO_NIND(1.0),30/04/26 23:00:00,A,MARRIAGE,DE,2007,368922,,
ESTAT:DEMO_NIND(1.0),30/04/26 23:00:00,A,MARRIAGE,DE,2008,377055,,
ESTAT:DEMO_NIND(1.0),30/04/26 23:00:00,A,MARRIAGE,DE,2009,378439,,
ESTAT:DEMO_NIND(1.0),30/04/26 23:00:00,A,MARRIAGE,DE,2010,382047,,
ESTAT:DEMO_NIND(1.0),30/04/26 23:00:00,A,MARRIAGE,DE,2011,377816,,
ESTAT:DEMO_NIND(1.0),30/04/26 23:00:00,A,MARRIAGE,DE,2012,387423,,
ESTAT:DEMO_NIND(1.0),30/04/26 23:00:00,A,MARRIAGE,DE,2013,373655,,
ESTAT:DEMO_NIND(1.0),30/04/26 23:00:00,A,MARRIAGE,DE,2014,385952,,
ESTAT:DEMO_NIND(1.0),30/04/26 23:00:00,A,MARRIAGE,DE,2015,400115,,
ESTAT:DEMO_NIND(1.0),30/04/26 23:00:00,A,MARRIAGE,DE,2016,410426,,
ESTAT:DEMO_NIND(1.0),30/04/26 23:00:00,A,MARRIAGE,DE,2017,407466,,
ESTAT:DEMO_NIND(1.0),30/04/26 23:00:00,A,MARRIAGE,DE,2018,449466,,
ESTAT:DEMO_NIND(1.0),30/04/26 23:00:00,A,MARRIAGE,DE,2019,416324,,
ESTAT:DEMO_NIND(1.0),30/04/26 23:00:00,A,MARRIAGE,DE,2020,373304,,
ESTAT:DEMO_NIND(1.0),30/04/26 23:00:00,A,MARRIAGE,DE,2021,357785,,
ESTAT:DEMO_NIND(1.0),30/04/26 23:00:00,A,MARRIAGE,DE,2022,390743,,
ESTAT:DEMO_NIND(1.0),30/04/26 23:00:00,A,MARRIAGE,DE,2023,360979,,
ESTAT:DEMO_NIND(1.0),30/04/26 23:00:00,A,MARRIAGE,DE,2024,349216,,
ESTAT:DEMO_NIND(1.0),30/04/26 23:00:00,A,MARRIAGE,DE_TOT,1960,689028,,
ESTAT:DEMO_NIND(1.0),30/04/26 23:00:00,A,MARRIAGE,DE_TOT,1961,699339,,
ESTAT:DEMO_NIND(1.0),30/04/26 23:00:00,A,MARRIAGE,DE_TOT,1962,696317,,
ESTAT:DEMO_NIND(1.0),30/04/26 23:00:00,A,MARRIAGE,DE_TOT,1963,655974,,
ESTAT:DEMO_NIND(1.0),30/04/26 23:00:00,A,MARRIAGE,DE_TOT,1964,642037,,
ESTAT:DEMO_NIND(1.0),30/04/26 23:00:00,A,MARRIAGE,DE_TOT,1965,621130,,
ESTAT:DEMO_NIND(1.0),30/04/26 23:00:00,A,MARRIAGE,DE_TOT,1966,606133,,
ESTAT:DEMO_NIND(1.0),30/04/26 23:00:00,A,MARRIAGE,DE_TOT,1967,600247,,
ESTAT:DEMO_NIND(1.0),30/04/26 23:00:00,A,MARRIAGE,DE_TOT,1968,563826,,
ESTAT:DEMO_NIND(1.0),30/04/26 23:00:00,A,MARRIAGE,DE_TOT,1969,571737,,
ESTAT:DEMO_NIND(1.0),30/04/26 23:00:00,A,MARRIAGE,DE_TOT,1970,575233,,
ESTAT:DEMO_NIND(1.0),30/04/26 23:00:00,A,MARRIAGE,DE_TOT,1971,562235,,
ESTAT:DEMO_NIND(1.0),30/04/26 23:00:00,A,MARRIAGE,DE_TOT,1972,548707,,
ESTAT:DEMO_NIND(1.0),30/04/26 23:00:00,A,MARRIAGE,DE_TOT,1973,532022,,
ESTAT:DEMO_NIND(1.0),30/04/26 23:00:00,A,MARRIAGE,DE_TOT,1974,516081,,
ESTAT:DEMO_NIND(1.0),30/04/26 23:00:00,A,MARRIAGE,DE_TOT,1975,528811,,
ESTAT:DEMO_NIND(1.0),30/04/26 23:00:00,A,MARRIAGE,DE_TOT,1976,510318,,
ESTAT:DEMO_NIND(1.0),30/04/26 23:00:00,A,MARRIAGE,DE_TOT,1977,505889,,
ESTAT:DEMO_NIND(1.0),30/04/26 23:00:00,A,MARRIAGE,DE_TOT,1978,469278,,
ESTAT:DEMO_NIND(1.0),30/04/26 23:00:00,A,MARRIAGE,DE_TOT,1979,481707,,
ESTAT:DEMO_NIND(1.0),30/04/26 23:00:00,A,MARRIAGE,DE_TOT,1980,496603,,
ESTAT:DEMO_NIND(1.0),30/04/26 23:00:00,A,MARRIAGE,DE_TOT,1981,487832,,
ESTAT:DEMO_NIND(1.0),30/04/26 23:00:00,A,MARRIAGE,DE_TOT,1982,486856,,
ESTAT:DEMO_NIND(1.0),30/04/26 23:00:00,A,MARRIAGE,DE_TOT,1983,495392,,
ESTAT:DEMO_NIND(1.0),30/04/26 23:00:00,A,MARRIAGE,DE_TOT,1984,498040,,
ESTAT:DEMO_NIND(1.0),30/04/26 23:00:00,A,MARRIAGE,DE_TOT,1985,496175,,
ESTAT:DEMO_NIND(1.0),30/04/26 23:00:00,A,MARRIAGE,DE_TOT,1986,509320,,
ESTAT:DEMO_NIND(1.0),30/04/26 23:00:00,A,MARRIAGE,DE_TOT,1987,523847,,
ESTAT:DEMO_NIND(1.0),30/04/26 23:00:00,A,MARRIAGE,DE_TOT,1988,534903,,
ESTAT:DEMO_NIND(1.0),30/04/26 23:00:00,A,MARRIAGE,DE_TOT,1989,529597,,
ESTAT:DEMO_NIND(1.0),30/04/26 23:00:00,A,MARRIAGE,DE_TOT,1990,516388.00,,
ESTAT:DEMO_NIND(1.0),30/04/26 23:00:00,A,MARRIAGE,DE_TOT,1991,454291.00,,
ESTAT:DEMO_NIND(1.0),30/04/26 23:00:00,A,MARRIAGE,DE_TOT,1992,453428.00,,
ESTAT:DEMO_NIND(1.0),30/04/26 23:00:00,A,MARRIAGE,DE_TOT,1993,442605.00,,
ESTAT:DEMO_NIND(1.0),30/04/26 23:00:00,A,MARRIAGE,DE_TOT,1994,440244.00,,
ESTAT:DEMO_NIND(1.0),30/04/26 23:00:00,A,MARRIAGE,DE_TOT,1995,430534,,
ESTAT:DEMO_NIND(1.0),30/04/26 23:00:00,A,MARRIAGE,DE_TOT,1996,427297,,
ESTAT:DEMO_NIND(1.0),30/04/26 23:00:00,A,MARRIAGE,DE_TOT,1997,422776,,
ESTAT:DEMO_NIND(1.0),30/04/26 23:00:00,A,MARRIAGE,DE_TOT,1998,417420,,
ESTAT:DEMO_NIND(1.0),30/04/26 23:00:00,A,MARRIAGE,DE_TOT,1999,430674,,
ESTAT:DEMO_NIND(1.0),30/04/26 23:00:00,A,MARRIAGE,DE_TOT,2000,418550,,
ESTAT:DEMO_NIND(1.0),30/04/26 23:00:00,A,MARRIAGE,DE_TOT,2001,389591,,
ESTAT:DEMO_NIND(1.0),30/04/26 23:00:00,A,MARRIAGE,DE_TOT,2002,382911,,
ESTAT:DEMO_NIND(1.0),30/04/26 23:00:00,A,MARRIAGE,DE_TOT,2003,382911,,
ESTAT:DEMO_NIND(1.0),30/04/26 23:00:00,A,MARRIAGE,DE_TOT,2004,395992,,
ESTAT:DEMO_NIND(1.0),30/04/26 23:00:00,A,MARRIAGE,DE_TOT,2005,388451,,
ESTAT:DEMO_NIND(1.0),30/04/26 23:00:00,A,MARRIAGE,DE_TOT,2006,373681,,
ESTAT:DEMO_NIND(1.0),30/04/26 23:00:00,A,MARRIAGE,DE_TOT,2007,368922,,
ESTAT:DEMO_NIND(1.0),30/04/26 23:00:00,A,MARRIAGE,DE_TOT,2008,377055,,
ESTAT:DEMO_NIND(1.0),30/04/26 23:00:00,A,MARRIAGE,DE_TOT,2009,378439,,
ESTAT:DEMO_NIND(1.0),30/04/26 23:00:00,A,MARRIAGE,DE_TOT,2010,382047,,
ESTAT:DEMO_NIND(1.0),30/04/26 23:00:00,A,MARRIAGE,DE_TOT,2011,377816,,
ESTAT:DEMO_NIND(1.0),30/04/26 23:00:00,A,MARRIAGE,DE_TOT,2012,387423,,
ESTAT:DEMO_NIND(1.0),30/04/26 23:00:00,A,MARRIAGE,DE_TOT,2013,373655,,
ESTAT:DEMO_NIND(1.0),30/04/26 23:00:00,A,MARRIAGE,DE_TOT,2014,385952,,
ESTAT:DEMO_NIND(1.0),30/04/26 23:00:00,A,MARRIAGE,DE_TOT,2015,400115,,
ESTAT:DEMO_NIND(1.0),30/04/26 23:00:00,A,MARRIAGE,DE_TOT,2016,410426,,
ESTAT:DEMO_NIND(1.0),30/04/26 23:00:00,A,MARRIAGE,DE_TOT,2017,407466,,
ESTAT:DEMO_NIND(1.0),30/04/26 23:00:00,A,MARRIAGE,DE_TOT,2018,449466,,
ESTAT:DEMO_NIND(1.0),30/04/26 23:00:00,A,MARRIAGE,DE_TOT,2019,416324,,
ESTAT:DEMO_NIND(1.0),30/04/26 23:00:00,A,MARRIAGE,DE_TOT,2020,373304,,
ESTAT:DEMO_NIND(1.0),30/04/26 23:00:00,A,MARRIAGE,DE_TOT,2021,357785,,
ESTAT:DEMO_NIND(1.0),30/04/26 23:00:00,A,MARRIAGE,DE_TOT,2022,390743,,
ESTAT:DEMO_NIND(1.0),30/04/26 23:00:00,A,MARRIAGE,DE_TOT,2023,360979,,
ESTAT:DEMO_NIND(1.0),30/04/26 23:00:00,A,MARRIAGE,DE_TOT,2024,349216,,
ESTAT:DEMO_NIND(1.0),30/04/26 23:00:00,A,MARRIAGE,DK,1960,35897,,
ESTAT:DEMO_NIND(1.0),30/04/26 23:00:00,A,MARRIAGE,DK,1961,36364,,
ESTAT:DEMO_NIND(1.0),30/04/26 23:00:00,A,MARRIAGE,DK,1962,37513,,
ESTAT:DEMO_NIND(1.0),30/04/26 23:00:00,A,MARRIAGE,DK,1963,38580,,
ESTAT:DEMO_NIND(1.0),30/04/26 23:00:00,A,MARRIAGE,DK,1964,39565,,
ESTAT:DEMO_NIND(1.0),30/04/26 23:00:00,A,MARRIAGE,DK,1965,41693,,
ESTAT:DEMO_NIND(1.0),30/04/26 23:00:00,A,MARRIAGE,DK,1966,41424,,
ESTAT:DEMO_NIND(1.0),30/04/26 23:00:00,A,MARRIAGE,DK,1967,41158,,
ESTAT:DEMO_NIND(1.0),30/04/26 23:00:00,A,MARRIAGE,DK,1968,39457,,
ESTAT:DEMO_NIND(1.0),30/04/26 23:00:00,A,MARRIAGE,DK,1969,39158,,
ESTAT:DEMO_NIND(1.0),30/04/26 23:00:00,A,MARRIAGE,DK,1970,36376,,
ESTAT:DEMO_NIND(1.0),30/04/26 23:00:00,A,MARRIAGE,DK,1971,32801,,
ESTAT:DEMO_NIND(1.0),30/04/26 23:00:00,A,MARRIAGE,DK,1972,31073,,
ESTAT:DEMO_NIND(1.0),30/04/26 23:00:00,A,MARRIAGE,DK,1973,30813,,
ESTAT:DEMO_NIND(1.0),30/04/26 23:00:00,A,MARRIAGE,DK,1974,33182,,
ESTAT:DEMO_NIND(1.0),30/04/26 23:00:00,A,MARRIAGE,DK,1975,31782,,
ESTAT:DEMO_NIND(1.0),30/04/26 23:00:00,A,MARRIAGE,DK,1976,31192,,
ESTAT:DEMO_NIND(1.0),30/04/26 23:00:00,A,MARRIAGE,DK,1977,32174,,
ESTAT:DEMO_NIND(1.0),30/04/26 23:00:00,A,MARRIAGE,DK,1978,28763,,
ESTAT:DEMO_NIND(1.0),30/04/26 23:00:00,A,MARRIAGE,DK,1979,27842,,
ESTAT:DEMO_NIND(1.0),30/04/26 23:00:00,A,MARRIAGE,DK,1980,26448,,
ESTAT:DEMO_NIND(1.0),30/04/26 23:00:00,A,MARRIAGE,DK,1981,25411,,
ESTAT:DEMO_NIND(1.0),30/04/26 23:00:00,A,MARRIAGE,DK,1982,24330,,
ESTAT:DEMO_NIND(1.0),30/04/26 23:00:00,A,MARRIAGE,DK,1983,27096,,
ESTAT:DEMO_NIND(1.0),30/04/26 23:00:00,A,MARRIAGE,DK,1984,28624,,
ESTAT:DEMO_NIND(1.0),30/04/26 23:00:00,A,MARRIAGE,DK,1985,29322,,
ESTAT:DEMO_NIND(1.0),30/04/26 23:00:00,A,MARRIAGE,DK,1986,30773,,
ESTAT:DEMO_NIND(1.0),30/04/26 23:00:00,A,MARRIAGE,DK,1987,31132,,
ESTAT:DEMO_NIND(1.0),30/04/26 23:00:00,A,MARRIAGE,DK,1988,32080,,
ESTAT:DEMO_NIND(1.0),30/04/26 23:00:00,A,MARRIAGE,DK,1989,30894,,
ESTAT:DEMO_NIND(1.0),30/04/26 23:00:00,A,MARRIAGE,DK,1990,31513.00,,
ESTAT:DEMO_NIND(1.0),30/04/26 23:00:00,A,MARRIAGE,DK,1991,31099.00,,
ESTAT:DEMO_NIND(1.0),30/04/26 23:00:00,A,MARRIAGE,DK,1992,32188.00,,
ESTAT:DEMO_NIND(1.0),30/04/26 23:00:00,A,MARRIAGE,DK,1993,31638.00,,
ESTAT:DEMO_NIND(1.0),30/04/26 23:00:00,A,MARRIAGE,DK,1994,35321.00,,
ESTAT:DEMO_NIND(1.0),30/04/26 23:00:00,A,MARRIAGE,DK,1995,34736,,
ESTAT:DEMO_NIND(1.0),30/04/26 23:00:00,A,MARRIAGE,DK,1996,35953,,
ESTAT:DEMO_NIND(1.0),30/04/26 23:00:00,A,MARRIAGE,DK,1997,34244,,
ESTAT:DEMO_NIND(1.0),30/04/26 23:00:00,A,MARRIAGE,DK,1998,34733,,
ESTAT:DEMO_NIND(1.0),30/04/26 23:00:00,A,MARRIAGE,DK,1999,35439,,
ESTAT:DEMO_NIND(1.0),30/04/26 23:00:00,A,MARRIAGE,DK,2000,38388,,
ESTAT:DEMO_NIND(1.0),30/04/26 23:00:00,A,MARRIAGE,DK,2001,36567,,
ESTAT:DEMO_NIND(1.0),30/04/26 23:00:00,A,MARRIAGE,DK,2002,37210,,
ESTAT:DEMO_NIND(1.0),30/04/26 23:00:00,A,MARRIAGE,DK,2003,35041,,
ESTAT:DEMO_NIND(1.0),30/04/26 23:00:00,A,MARRIAGE,DK,2004,37711,,
ESTAT:DEMO_NIND(1.0),30/04/26 23:00:00,A,MARRIAGE,DK,2005,36148,,
ESTAT:DEMO_NIND(1.0),30/04/26 23:00:00,A,MARRIAGE,DK,2006,36452,,
ESTAT:DEMO_NIND(1.0),30/04/26 23:00:00,A,MARRIAGE,DK,2007,36576,,
ESTAT:DEMO_NIND(1.0),30/04/26 23:00:00,A,MARRIAGE,DK,2008,37376,,
ESTAT:DEMO_NIND(1.0),30/04/26 23:00:00,A,MARRIAGE,DK,2009,32934,,
ESTAT:DEMO_NIND(1.0),30/04/26 23:00:00,A,MARRIAGE,DK,2010,30949,,
ESTAT:DEMO_NIND(1.0),30/04/26 23:00:00,A,MARRIAGE,DK,2011,27198,,
ESTAT:DEMO_NIND(1.0),30/04/26 23:00:00,A,MARRIAGE,DK,2012,28503,,
ESTAT:DEMO_NIND(1.0),30/04/26 23:00:00,A,MARRIAGE,DK,2013,27503,,
ESTAT:DEMO_NIND(1.0),30/04/26 23:00:00,A,MARRIAGE,DK,2014,28331,,
ESTAT:DEMO_NIND(1.0),30/04/26 23:00:00,A,MARRIAGE,DK,2015,28853,,
ESTAT:DEMO_NIND(1.0),30/04/26 23:00:00,A,MARRIAGE,DK,2016,30767,,
ESTAT:DEMO_NIND(1.0),30/04/26 23:00:00,A,MARRIAGE,DK,2017,31777,,
ESTAT:DEMO_NIND(1.0),30/04/26 23:00:00,A,MARRIAGE,DK,2018,32525,,
ESTAT:DEMO_NIND(1.0),30/04/26 23:00:00,A,MARRIAGE,DK,2019,30635,,
ESTAT:DEMO_NIND(1.0),30/04/26 23:00:00,A,MARRIAGE,DK,2020,28538,,
ESTAT:DEMO_NIND(1.0),30/04/26 23:00:00,A,MARRIAGE,DK,2021,27643,,
ESTAT:DEMO_NIND(1.0),30/04/26 23:00:00,A,MARRIAGE,EA19,1964,2172756,,
ESTAT:DEMO_NIND(1.0),30/04/26 23:00:00,A,MARRIAGE,EA19,1965,2145569,,
ESTAT:DEMO_NIND(1.0),30/04/26 23:00:00,A,MARRIAGE,EA19,1966,2116342,,
ESTAT:DEMO_NIND(1.0),30/04/26 23:00:00,A,MARRIAGE,EA19,1967,2137639,,
ESTAT:DEMO_NIND(1.0),30/04/26 23:00:00,A,MARRIAGE,EA19,1968,2091748,,
ESTAT:DEMO_NIND(1.0),30/04/26 23:00:00,A,MARRIAGE,EA19,1969,2158705,,
ESTAT:DEMO_NIND(1.0),30/04/26 23:00:00,A,MARRIAGE,EA19,1970,2198930,,
ESTAT:DEMO_NIND(1.0),30/04/26 23:00:00,A,MARRIAGE,EA19,1971,2216917,,
ESTAT:DEMO_NIND(1.0),30/04/26 23:00:00,A,MARRIAGE,EA19,1972,2219440,,
ESTAT:DEMO_NIND(1.0),30/04/26 23:00:00,A,MARRIAGE,EA19,1973,2199979,,
ESTAT:DEMO_NIND(1.0),30/04/26 23:00:00,A,MARRIAGE,EA19,1974,2153711,,
ESTAT:DEMO_NIND(1.0),30/04/26 23:00:00,A,MARRIAGE,EA19,1975,2148455,,
ESTAT:DEMO_NIND(1.0),30/04/26 23:00:00,A,MARRIAGE,EA19,1976,2064918,,
ESTAT:DEMO_NIND(1.0),30/04/26 23:00:00,A,MARRIAGE,EA19,1977,2047634,,
ESTAT:DEMO_NIND(1.0),30/04/26 23:00:00,A,MARRIAGE,EA19,1978,1956979,,
ESTAT:DEMO_NIND(1.0),30/04/26 23:00:00,A,MARRIAGE,EA19,1979,1935558,,
ESTAT:DEMO_NIND(1.0),30/04/26 23:00:00,A,MARRIAGE,EA19,1980,1892982,,
ESTAT:DEMO_NIND(1.0),30/04/26 23:00:00,A,MARRIAGE,EA19,1981,1848657,,
ESTAT:DEMO_NIND(1.0),30/04/26 23:00:00,A,MARRIAGE,EA19,1982,1822193,,
ESTAT:DEMO_NIND(1.0),30/04/26 23:00:00,A,MARRIAGE,EA19,1983,1818023,,
ESTAT:DEMO_NIND(1.0),30/04/26 23:00:00,A,MARRIAGE,EA19,1984,1765537,,
ESTAT:DEMO_NIND(1.0),30/04/26 23:00:00,A,MARRIAGE,EA19,1985,1756288,,
ESTAT:DEMO_NIND(1.0),30/04/26 23:00:00,A,MARRIAGE,EA19,1986,1774332,,
ESTAT:DEMO_NIND(1.0),30/04/26 23:00:00,A,MARRIAGE,EA19,1987,1847131,,
ESTAT:DEMO_NIND(1.0),30/04/26 23:00:00,A,MARRIAGE,EA19,1988,1818641,,
ESTAT:DEMO_NIND(1.0),30/04/26 23:00:00,A,MARRIAGE,EA19,1989,1855884,,
ESTAT:DEMO_NIND(1.0),30/04/26 23:00:00,A,MARRIAGE,EA19,1990,1855278,,
ESTAT:DEMO_NIND(1.0),30/04/26 23:00:00,A,MARRIAGE,EA19,1991,1763942,,
ESTAT:DEMO_NIND(1.0),30/04/26 23:00:00,A,MARRIAGE,EA19,1992,1722719,,
ESTAT:DEMO_NIND(1.0),30/04/26 23:00:00,A,MARRIAGE,EA19,1993,1657517,,
ESTAT:DEMO_NIND(1.0),30/04/26 23:00:00,A,MARRIAGE,EA19,1994,1617682,,
ESTAT:DEMO_NIND(1.0),30/04/26 23:00:00,A,MARRIAGE,EA19,1995,1607825,,
ESTAT:DEMO_NIND(1.0),30/04/26 23:00:00,A,MARRIAGE,EA19,1997,1601805,,
ESTAT:DEMO_NIND(1.0),30/04/26 23:00:00,A,MARRIAGE,EA19,1998,1597375,,
ESTAT:DEMO_NIND(1.0),30/04/26 23:00:00,A,MARRIAGE,EA19,1999,1640129,,
ESTAT:DEMO_NIND(1.0),30/04/26 23:00:00,A,MARRIAGE,EA19,2000,1633852,,
ESTAT:DEMO_NIND(1.0),30/04/26 23:00:00,A,MARRIAGE,EA19,2001,1548872,,
ESTAT:DEMO_NIND(1.0),30/04/26 23:00:00,A,MARRIAGE,EA19,2002,1550036,,
ESTAT:DEMO_NIND(1.0),30/04/26 23:00:00,A,MARRIAGE,EA19,2003,1534573,,
ESTAT:DEMO_NIND(1.0),30/04/26 23:00:00,A,MARRIAGE,EA19,2004,1522505,,
ESTAT:DEMO_NIND(1.0),30/04/26 23:00:00,A,MARRIAGE,EA19,2005,1520384,,
ESTAT:DEMO_NIND(1.0),30/04/26 23:00:00,A,MARRIAGE,EA19,2006,1489059,,
ESTAT:DEMO_NIND(1.0),30/04/26 23:00:00,A,MARRIAGE,EA19,2007,1495568,,
ESTAT:DEMO_NIND(1.0),30/04/26 23:00:00,A,MARRIAGE,EA19,2008,1474778,,
ESTAT:DEMO_NIND(1.0),30/04/26 23:00:00,A,MARRIAGE,EA19,2009,1414166,,
ESTAT:DEMO_NIND(1.0),30/04/26 23:00:00,A,MARRIAGE,EA19,2010,1394494,,
ESTAT:DEMO_NIND(1.0),30/04/26 23:00:00,A,MARRIAGE,EA19,2011,1344495,,
ESTAT:DEMO_NIND(1.0),30/04/26 23:00:00,A,MARRIAGE,EA19,2012,1366638,,
ESTAT:DEMO_NIND(1.0),30/04/26 23:00:00,A,MARRIAGE,EA19,2013,1307571,,
ESTAT:DEMO_NIND(1.0),30/04/26 23:00:00,A,MARRIAGE,EA19,2014,1335248,,
ESTAT:DEMO_NIND(1.0),30/04/26 23:00:00,A,MARRIAGE,EA19,2015,1373068,,
ESTAT:DEMO_NIND(1.0),30/04/26 23:00:00,A,MARRIAGE,EA19,2016,1392149,,
ESTAT:DEMO_NIND(1.0),30/04/26 23:00:00,A,MARRIAGE,EA19,2017,1379430,,
ESTAT:DEMO_NIND(1.0),30/04/26 23:00:00,A,MARRIAGE,EA19,2018,1417677,,
ESTAT:DEMO_NIND(1.0),30/04/26 23:00:00,A,MARRIAGE,EE,1960,12146,,
ESTAT:DEMO_NIND(1.0),30/04/26 23:00:00,A,MARRIAGE,EE,1961,11924,,
ESTAT:DEMO_NIND(1.0),30/04/26 23:00:00,A,MARRIAGE,EE,1962,11054,,
ESTAT:DEMO_NIND(1.0),30/04/26 23:00:00,A,MARRIAGE,EE,1963,10933,,
ESTAT:DEMO_NIND(1.0),30/04/26 23:00:00,A,MARRIAGE,EE,1964,10821,,
ESTAT:DEMO_NIND(1.0),30/04/26 23:00:00,A,MARRIAGE,EE,1965,10567,,
ESTAT:DEMO_NIND(1.0),30/04/26 23:00:00,A,MARRIAGE,EE,1966,11272,,
ESTAT:DEMO_NIND(1.0),30/04/26 23:00:00,A,MARRIAGE,EE,1967,11578,,
ESTAT:DEMO_NIND(1.0),30/04/26 23:00:00,A,MARRIAGE,EE,1968,11858,,
ESTAT:DEMO_NIND(1.0),30/04/26 23:00:00,A,MARRIAGE,EE,1969,12247,,
ESTAT:DEMO_NIND(1.0),30/04/26 23:00:00,A,MARRIAGE,EE,1970,12373,,
ESTAT:DEMO_NIND(1.0),30/04/26 23:00:00,A,MARRIAGE,EE,1971,12514,,
ESTAT:DEMO_NIND(1.0),30/04/26 23:00:00,A,MARRIAGE,EE,1972,11794,,
ESTAT:DEMO_NIND(1.0),30/04/26 23:00:00,A,MARRIAGE,EE,1973,12200,,
ESTAT:DEMO_NIND(1.0),30/04/26 23:00:00,A,MARRIAGE,EE,1974,12277,,
ESTAT:DEMO_NIND(1.0),30/04/26 23:00:00,A,MARRIAGE,EE,1975,12443,,
ESTAT:DEMO_NIND(1.0),30/04/26 23:00:00,A,MARRIAGE,EE,1976,12312,,
ESTAT:DEMO_NIND(1.0),30/04/26 23:00:00,A,MARRIAGE,EE,1977,12580,,
ESTAT:DEMO_NIND(1.0),30/04/26 23:00:00,A,MARRIAGE,EE,1978,12492,,
ESTAT:DEMO_NIND(1.0),30/04/26 23:00:00,A,MARRIAGE,EE,1979,12784,,
ESTAT:DEMO_NIND(1.0),30/04/26 23:00:00,A,MARRIAGE,EE,1980,12964,,
ESTAT:DEMO_NIND(1.0),30/04/26 23:00:00,A,MARRIAGE,EE,1981,12825,,
ESTAT:DEMO_NIND(1.0),30/04/26 23:00:00,A,MARRIAGE,EE,1982,12263,,
ESTAT:DEMO_NIND(1.0),30/04/26 23:00:00,A,MARRIAGE,EE,1983,12917,,
ESTAT:DEMO_NIND(1.0),30/04/26 23:00:00,A,MARRIAGE,EE,1984,12530,,
ESTAT:DEMO_NIND(1.0),30/04/26 23:00:00,A,MARRIAGE,EE,1985,12861,,
ESTAT:DEMO_NIND(1.0),30/04/26 23:00:00,A,MARRIAGE,EE,1986,13000,,
ESTAT:DEMO_NIND(1.0),30/04/26 23:00:00,A,MARRIAGE,EE,1987,13434,,
ESTAT:DEMO_NIND(1.0),30/04/26 23:00:00,A,MARRIAGE,EE,1988,12973,,
ESTAT:DEMO_NIND(1.0),30/04/26 23:00:00,A,MARRIAGE,EE,1989,12644,,
ESTAT:DEMO_NIND(1.0),30/04/26 23:00:00,A,MARRIAGE,EE,1990,11774.00,,
ESTAT:DEMO_NIND(1.0),30/04/26 23:00:00,A,MARRIAGE,EE,1991,10292.00,,
ESTAT:DEMO_NIND(1.0),30/04/26 23:00:00,A,MARRIAGE,EE,1992,8878.00,,
ESTAT:DEMO_NIND(1.0),30/04/26 23:00:00,A,MARRIAGE,EE,1993,7745.00,,
ESTAT:DEMO_NIND(1.0),30/04/26 23:00:00,A,MARRIAGE,EE,1994,7378.00,,
ESTAT:DEMO_NIND(1.0),30/04/26 23:00:00,A,MARRIAGE,EE,1995,7006,,
ESTAT:DEMO_NIND(1.0),30/04/26 23:00:00,A,MARRIAGE,EE,1996,5517,,
ESTAT:DEMO_NIND(1.0),30/04/26 23:00:00,A,MARRIAGE,EE,1997,5589,,
ESTAT:DEMO_NIND(1.0),30/04/26 23:00:00,A,MARRIAGE,EE,1998,5430,,
ESTAT:DEMO_NIND(1.0),30/04/26 23:00:00,A,MARRIAGE,EE,1999,5590,,
ESTAT:DEMO_NIND(1.0),30/04/26 23:00:00,A,MARRIAGE,EE,2000,5485,,
ESTAT:DEMO_NIND(1.0),30/04/26 23:00:00,A,MARRIAGE,EE,2001,5647,,
ESTAT:DEMO_NIND(1.0),30/04/26 23:00:00,A,MARRIAGE,EE,2002,5853,,
ESTAT:DEMO_NIND(1.0),30/04/26 23:00:00,A,MARRIAGE,EE,2003,5699,,
ESTAT:DEMO_NIND(1.0),30/04/26 23:00:00,A,MARRIAGE,EE,2004,6009,,
ESTAT:DEMO_NIND(1.0),30/04/26 23:00:00,A,MARRIAGE,EE,2005,6121,,
ESTAT:DEMO_NIND(1.0),30/04/26 23:00:00,A,MARRIAGE,EE,2006,6954,,
ESTAT:DEMO_NIND(1.0),30/04/26 23:00:00,A,MARRIAGE,EE,2007,7022,,
ESTAT:DEMO_NIND(1.0),30/04/26 23:00:00,A,MARRIAGE,EE,2008,6127,,
ESTAT:DEMO_NIND(1.0),30/04/26 23:00:00,A,MARRIAGE,EE,2009,5362,,
ESTAT:DEMO_NIND(1.0),30/04/26 23:00:00,A,MARRIAGE,EE,2010,5066,,
ESTAT:DEMO_NIND(1.0),30/04/26 23:00:00,A,MARRIAGE,EE,2011,5499,,
ESTAT:DEMO_NIND(1.0),30/04/26 23:00:00,A,MARRIAGE,EE,2012,5888,,
ESTAT:DEMO_NIND(1.0),30/04/26 23:00:00,A,MARRIAGE,EE,2013,5630,,
ESTAT:DEMO_NIND(1.0),30/04/26 23:00:00,A,MARRIAGE,EE,2014,6220,,
ESTAT:DEMO_NIND(1.0),30/04/26 23:00:00,A,MARRIAGE,EE,2015,6815,,
ESTAT:DEMO_NIND(1.0),30/04/26 23:00:00,A,MARRIAGE,EE,2016,6360,,
ESTAT:DEMO_NIND(1.0),30/04/26 23:00:00,A,MARRIAGE,EE,2017,6447,,
ESTAT:DEMO_NIND(1.0),30/04/26 23:00:00,A,MARRIAGE,EE,2018,6573,,
ESTAT:DEMO_NIND(1.0),30/04/26 23:00:00,A,MARRIAGE,EE,2019,6701,,
ESTAT:DEMO_NIND(1.0),30/04/26 23:00:00,A,MARRIAGE,EE,2020,6093,,
ESTAT:DEMO_NIND(1.0),30/04/26 23:00:00,A,MARRIAGE,EE,2021,6396,,
ESTAT:DEMO_NIND(1.0),30/04/26 23:00:00,A,MARRIAGE,EE,2022,7200,,
ESTAT:DEMO_NIND(1.0),30/04/26 23:00:00,A,MARRIAGE,EE,2023,6504,,
ESTAT:DEMO_NIND(1.0),30/04/26 23:00:00,A,MARRIAGE,EE,2024,6361,,
ESTAT:DEMO_NIND(1.0),30/04/26 23:00:00,A,MARRIAGE,EEA30_2007,1964,3342329,,
ESTAT:DEMO_NIND(1.0),30/04/26 23:00:00,A,MARRIAGE,EEA30_2007,1965,3296547,,
ESTAT:DEMO_NIND(1.0),30/04/26 23:00:00,A,MARRIAGE,EEA30_2007,1966,3327844,,
ESTAT:DEMO_NIND(1.0),30/04/26 23:00:00,A,MARRIAGE,EEA30_2007,1967,3353432,,
ESTAT:DEMO_NIND(1.0),30/04/26 23:00:00,A,MARRIAGE,EEA30_2007,1968,3341461,,
ESTAT:DEMO_NIND(1.0),30/04/26 23:00:00,A,MARRIAGE,EEA30_2007,1969,3399337,,
ESTAT:DEMO_NIND(1.0),30/04/26 23:00:00,A,MARRIAGE,EEA30_2007,1970,3466860,,
ESTAT:DEMO_NIND(1.0),30/04/26 23:00:00,A,MARRIAGE,EEA30_2007,1971,3477934,,
ESTAT:DEMO_NIND(1.0),30/04/26 23:00:00,A,MARRIAGE,EEA30_2007,1972,3528165,,
ESTAT:DEMO_NIND(1.0),30/04/26 23:00:00,A,MARRIAGE,EEA30_2007,1973,3512799,,
ESTAT:DEMO_NIND(1.0),30/04/26 23:00:00,A,MARRIAGE,EEA30_2007,1974,3464326,,
ESTAT:DEMO_NIND(1.0),30/04/26 23:00:00,A,MARRIAGE,EEA30_2007,1975,3477851,,
ESTAT:DEMO_NIND(1.0),30/04/26 23:00:00,A,MARRIAGE,EEA30_2007,1976,3365430,,
ESTAT:DEMO_NIND(1.0),30/04/26 23:00:00,A,MARRIAGE,EEA30_2007,1977,3340842,,
ESTAT:DEMO_NIND(1.0),30/04/26 23:00:00,A,MARRIAGE,EEA30_2007,1978,3247783,,
ESTAT:DEMO_NIND(1.0),30/04/26 23:00:00,A,MARRIAGE,EEA30_2007,1979,3200755,,
ESTAT:DEMO_NIND(1.0),30/04/26 23:00:00,A,MARRIAGE,EEA30_2007,1980,3117605,,
ESTAT:DEMO_NIND(1.0),30/04/26 23:00:00,A,MARRIAGE,EEA30_2007,1981,3060256,,
ESTAT:DEMO_NIND(1.0),30/04/26 23:00:00,A,MARRIAGE,EEA30_2007,1982,3003669,,
ESTAT:DEMO_NIND(1.0),30/04/26 23:00:00,A,MARRIAGE,EEA30_2007,1983,2986151,,
ESTAT:DEMO_NIND(1.0),30/04/26 23:00:00,A,MARRIAGE,EEA30_2007,1984,2920348,,
ESTAT:DEMO_NIND(1.0),30/04/26 23:00:00,A,MARRIAGE,EEA30_2007,1985,2887155,,
ESTAT:DEMO_NIND(1.0),30/04/26 23:00:00,A,MARRIAGE,EEA30_2007,1986,2904017,,
ESTAT:DEMO_NIND(1.0),30/04/26 23:00:00,A,MARRIAGE,EEA30_2007,1987,2975011,,
ESTAT:DEMO_NIND(1.0),30/04/26 23:00:00,A,MARRIAGE,EEA30_2007,1988,2941515,,
ESTAT:DEMO_NIND(1.0),30/04/26 23:00:00,A,MARRIAGE,EEA30_2007,1989,3054891,,
ESTAT:DEMO_NIND(1.0),30/04/26 23:00:00,A,MARRIAGE,EEA30_2007,1990,2991173.00,,
ESTAT:DEMO_NIND(1.0),30/04/26 23:00:00,A,MARRIAGE,EEA30_2007,1991,2801500.00,,
ESTAT:DEMO_NIND(1.0),30/04/26 23:00:00,A,MARRIAGE,EEA30_2007,1992,2736724.00,,
ESTAT:DEMO_NIND(1.0),30/04/26 23:00:00,A,MARRIAGE,EEA30_2007,1993,2615099.00,,
ESTAT:DEMO_NIND(1.0),30/04/26 23:00:00,A,MARRIAGE,EEA30_2007,1994,2553123.00,,
ESTAT:DEMO_NIND(1.0),30/04/26 23:00:00,A,MARRIAGE,EEA30_2007,1997,2495704,,
ESTAT:DEMO_NIND(1.0),30/04/26 23:00:00,A,MARRIAGE,EEA30_2007,1998,,b,
ESTAT:DEMO_NIND(1.0),30/04/26 23:00:00,A,MARRIAGE,EEA30_2007,1999,2529459,,
ESTAT:DEMO_NIND(1.0),30/04/26 23:00:00,A,MARRIAGE,EEA30_2007,2000,2528211,,
ESTAT:DEMO_NIND(1.0),30/04/26 23:00:00,A,MARRIAGE,EEA30_2007,2001,2381734,,
ESTAT:DEMO_NIND(1.0),30/04/26 23:00:00,A,MARRIAGE,EEA30_2007,2002,2389346,,
ESTAT:DEMO_NIND(1.0),30/04/26 23:00:00,A,MARRIAGE,EEA30_2007,2003,2395646,b,
ESTAT:DEMO_NIND(1.0),30/04/26 23:00:00,A,MARRIAGE,EEA30_2007,2007,2444912,,
ESTAT:DEMO_NIND(1.0),30/04/26 23:00:00,A,MARRIAGE,EEA30_2007,2008,2387328,,
ESTAT:DEMO_NIND(1.0),30/04/26 23:00:00,A,MARRIAGE,EEA30_2007,2009,2283774,,
ESTAT:DEMO_NIND(1.0),30/04/26 23:00:00,A,MARRIAGE,EEA30_2007,2010,2231623,,
ESTAT:DEMO_NIND(1.0),30/04/26 23:00:00,A,MARRIAGE,EEA30_2007,2011,2142970,,
ESTAT:DEMO_NIND(1.0),30/04/26 23:00:00,A,MARRIAGE,EEA30_2020,2010,1972473,,
ESTAT:DEMO_NIND(1.0),30/04/26 23:00:00,A,MARRIAGE,EEA30_2020,2011,1877790,,
ESTAT:DEMO_NIND(1.0),30/04/26 23:00:00,A,MARRIAGE,EEA31,1964,3378294,,
ESTAT:DEMO_NIND(1.0),30/04/26 23:00:00,A,MARRIAGE,EEA31,1965,3335021,,
ESTAT:DEMO_NIND(1.0),30/04/26 23:00:00,A,MARRIAGE,EEA31,1966,3364740,,
ESTAT:DEMO_NIND(1.0),30/04/26 23:00:00,A,MARRIAGE,EEA31,1967,3389247,,
ESTAT:DEMO_NIND(1.0),30/04/26 23:00:00,A,MARRIAGE,EEA31,1968,3376908,,
ESTAT:DEMO_NIND(1.0),30/04/26 23:00:00,A,MARRIAGE,EEA31,1969,3434803,,
ESTAT:DEMO_NIND(1.0),30/04/26 23:00:00,A,MARRIAGE,EEA31,1970,3504179,,
ESTAT:DEMO_NIND(1.0),30/04/26 23:00:00,A,MARRIAGE,EEA31,1971,3515635,,
ESTAT:DEMO_NIND(1.0),30/04/26 23:00:00,A,MARRIAGE,EEA31,1972,3565944,,
ESTAT:DEMO_NIND(1.0),30/04/26 23:00:00,A,MARRIAGE,EEA31,1973,3549766,,
ESTAT:DEMO_NIND(1.0),30/04/26 23:00:00,A,MARRIAGE,EEA31,1974,3500360,,
ESTAT:DEMO_NIND(1.0),30/04/26 23:00:00,A,MARRIAGE,EEA31,1975,3514141,,
ESTAT:DEMO_NIND(1.0),30/04/26 23:00:00,A,MARRIAGE,EEA31,1976,3400449,,
ESTAT:DEMO_NIND(1.0),30/04/26 23:00:00,A,MARRIAGE,EEA31,1977,3376366,,
ESTAT:DEMO_NIND(1.0),30/04/26 23:00:00,A,MARRIAGE,EEA31,1978,3283412,,
ESTAT:DEMO_NIND(1.0),30/04/26 23:00:00,A,MARRIAGE,EEA31,1979,3234796,,
ESTAT:DEMO_NIND(1.0),30/04/26 23:00:00,A,MARRIAGE,EEA31,1980,3150915,,
ESTAT:DEMO_NIND(1.0),30/04/26 23:00:00,A,MARRIAGE,EEA31,1981,3094111,,
ESTAT:DEMO_NIND(1.0),30/04/26 23:00:00,A,MARRIAGE,EEA31,1982,3036812,,
ESTAT:DEMO_NIND(1.0),30/04/26 23:00:00,A,MARRIAGE,EEA31,1983,3019286,,
ESTAT:DEMO_NIND(1.0),30/04/26 23:00:00,A,MARRIAGE,EEA31,1984,2952509,,
ESTAT:DEMO_NIND(1.0),30/04/26 23:00:00,A,MARRIAGE,EEA31,1985,2918108,,
ESTAT:DEMO_NIND(1.0),30/04/26 23:00:00,A,MARRIAGE,EEA31,1986,2934512,,
ESTAT:DEMO_NIND(1.0),30/04/26 23:00:00,A,MARRIAGE,EEA31,1987,3006406,,
ESTAT:DEMO_NIND(1.0),30/04/26 23:00:00,A,MARRIAGE,EEA31,1988,2971234,,
ESTAT:DEMO_NIND(1.0),30/04/26 23:00:00,A,MARRIAGE,EEA31,1989,3083829,,
ESTAT:DEMO_NIND(1.0),30/04/26 23:00:00,A,MARRIAGE,EEA31,1990,3019097.00,,
ESTAT:DEMO_NIND(1.0),30/04/26 23:00:00,A,MARRIAGE,EEA31,1991,2823083.00,,
ESTAT:DEMO_NIND(1.0),30/04/26 23:00:00,A,MARRIAGE,EEA31,1992,2758893.00,,
ESTAT:DEMO_NIND(1.0),30/04/26 23:00:00,A,MARRIAGE,EEA31,1993,2638120.00,,
ESTAT:DEMO_NIND(1.0),30/04/26 23:00:00,A,MARRIAGE,EEA31,1994,2577089.00,,
ESTAT:DEMO_NIND(1.0),30/04/26 23:00:00,A,MARRIAGE,EEA31,1997,2520221,,
ESTAT:DEMO_NIND(1.0),30/04/26 23:00:00,A,MARRIAGE,EEA31,1998,,b,
ESTAT:DEMO_NIND(1.0),30/04/26 23:00:00,A,MARRIAGE,EEA31,1999,2553237,,
ESTAT:DEMO_NIND(1.0),30/04/26 23:00:00,A,MARRIAGE,EEA31,2000,2550228,,
ESTAT:DEMO_NIND(1.0),30/04/26 23:00:00,A,MARRIAGE,EEA31,2001,2403810,,
ESTAT:DEMO_NIND(1.0),30/04/26 23:00:00,A,MARRIAGE,EEA31,2002,2412152,,
ESTAT:DEMO_NIND(1.0),30/04/26 23:00:00,A,MARRIAGE,EEA31,2003,2417983,b,
ESTAT:DEMO_NIND(1.0),30/04/26 23:00:00,A,MARRIAGE,EEA31,2007,2468052,,
ESTAT:DEMO_NIND(1.0),30/04/26 23:00:00,A,MARRIAGE,EEA31,2008,2410701,,
ESTAT:DEMO_NIND(1.0),30/04/26 23:00:00,A,MARRIAGE,EEA31,2009,2306156,,
ESTAT:DEMO_NIND(1.0),30/04/26 23:00:00,A,MARRIAGE,EEA31,2010,2252917,,
ESTAT:DEMO_NIND(1.0),30/04/26 23:00:00,A,MARRIAGE,EEA31,2011,2163181,,
ESTAT:DEMO_NIND(1.0),30/04/26 23:00:00,A,MARRIAGE,EFTA,1960,66628,,
ESTAT:DEMO_NIND(1.0),30/04/26 23:00:00,A,MARRIAGE,EFTA,1961,67868,,
ESTAT:DEMO_NIND(1.0),30/04/26 23:00:00,A,MARRIAGE,EFTA,1962,69886,,
ESTAT:DEMO_NIND(1.0),30/04/26 23:00:00,A,MARRIAGE,EFTA,1963,69603,,
ESTAT:DEMO_NIND(1.0),30/04/26 23:00:00,A,MARRIAGE,EFTA,1964,70887,,
ESTAT:DEMO_NIND(1.0),30/04/26 23:00:00,A,MARRIAGE,EFTA,1965,70959,,
ESTAT:DEMO_NIND(1.0),30/04/26 23:00:00,A,MARRIAGE,EFTA,1966,73614,,
ESTAT:DEMO_NIND(1.0),30/04/26 23:00:00,A,MARRIAGE,EFTA,1967,76265,,
ESTAT:DEMO_NIND(1.0),30/04/26 23:00:00,A,MARRIAGE,EFTA,1968,76993,,
ESTAT:DEMO_NIND(1.0),30/04/26 23:00:00,A,MARRIAGE,EFTA,1969,78397,,
ESTAT:DEMO_NIND(1.0),30/04/26 23:00:00,A,MARRIAGE,EFTA,1970,77778,,
ESTAT:DEMO_NIND(1.0),30/04/26 23:00:00,A,MARRIAGE,EFTA,1971,76173,,
ESTAT:DEMO_NIND(1.0),30/04/26 23:00:00,A,MARRIAGE,EFTA,1972,73519,,
ESTAT:DEMO_NIND(1.0),30/04/26 23:00:00,A,MARRIAGE,EFTA,1973,70788,,
ESTAT:DEMO_NIND(1.0),30/04/26 23:00:00,A,MARRIAGE,EFTA,1974,67868,,
ESTAT:DEMO_NIND(1.0),30/04/26 23:00:00,A,MARRIAGE,EFTA,1975,62938,,
ESTAT:DEMO_NIND(1.0),30/04/26 23:00:00,A,MARRIAGE,EFTA,1976,59257,,
ESTAT:DEMO_NIND(1.0),30/04/26 23:00:00,A,MARRIAGE,EFTA,1977,58768,,
ESTAT:DEMO_NIND(1.0),30/04/26 23:00:00,A,MARRIAGE,EFTA,1978,57545,,
ESTAT:DEMO_NIND(1.0),30/04/26 23:00:00,A,MARRIAGE,EFTA,1979,58648,,
ESTAT:DEMO_NIND(1.0),30/04/26 23:00:00,A,MARRIAGE,EFTA,1980,59437,,
ESTAT:DEMO_NIND(1.0),30/04/26 23:00:00,A,MARRIAGE,EFTA,1981,59560,,
ESTAT:DEMO_NIND(1.0),30/04/26 23:00:00,A,MARRIAGE,EFTA,1982,60180,,
ESTAT:DEMO_NIND(1.0),30/04/26 23:00:00,A,MARRIAGE,EFTA,1983,60030,,
ESTAT:DEMO_NIND(1.0),30/04/26 23:00:00,A,MARRIAGE,EFTA,1984,60758,,
ESTAT:DEMO_NIND(1.0),30/04/26 23:00:00,A,MARRIAGE,EFTA,1985,60424,,
ESTAT:DEMO_NIND(1.0),30/04/26 23:00:00,A,MARRIAGE,EFTA,1986,62123,,
ESTAT:DEMO_NIND(1.0),30/04/26 23:00:00,A,MARRIAGE,EFTA,1987,65469,,
ESTAT:DEMO_NIND(1.0),30/04/26 23:00:00,A,MARRIAGE,EFTA,1988,68932,,
ESTAT:DEMO_NIND(1.0),30/04/26 23:00:00,A,MARRIAGE,EFTA,1989,67158,,
ESTAT:DEMO_NIND(1.0),30/04/26 23:00:00,A,MARRIAGE,EFTA,1990,69845.00,,
ESTAT:DEMO_NIND(1.0),30/04/26 23:00:00,A,MARRIAGE,EFTA,1991,68866.00,,
ESTAT:DEMO_NIND(1.0),30/04/26 23:00:00,A,MARRIAGE,EFTA,1992,66007.00,,
ESTAT:DEMO_NIND(1.0),30/04/26 23:00:00,A,MARRIAGE,EFTA,1993,64165.00,,
ESTAT:DEMO_NIND(1.0),30/04/26 23:00:00,A,MARRIAGE,EFTA,1994,64722.00,,
ESTAT:DEMO_NIND(1.0),30/04/26 23:00:00,A,MARRIAGE,EFTA,1995,64141,,
ESTAT:DEMO_NIND(1.0),30/04/26 23:00:00,A,MARRIAGE,EFTA,1996,65610,,
ESTAT:DEMO_NIND(1.0),30/04/26 23:00:00,A,MARRIAGE,EFTA,1997,64790,,
ESTAT:DEMO_NIND(1.0),30/04/26 23:00:00,A,MARRIAGE,EFTA,1999,65888,,
ESTAT:DEMO_NIND(1.0),30/04/26 23:00:00,A,MARRIAGE,EFTA,2000,64369,,
ESTAT:DEMO_NIND(1.0),30/04/26 23:00:00,A,MARRIAGE,EFTA,2001,57392,,
ESTAT:DEMO_NIND(1.0),30/04/26 23:00:00,A,MARRIAGE,EFTA,2002,62369,,
ESTAT:DEMO_NIND(1.0),30/04/26 23:00:00,A,MARRIAGE,EFTA,2003,64039,,
ESTAT:DEMO_NIND(1.0),30/04/26 23:00:00,A,MARRIAGE,EFTA,2004,59751,,
ESTAT:DEMO_NIND(1.0),30/04/26 23:00:00,A,MARRIAGE,EFTA,2005,64326,,
ESTAT:DEMO_NIND(1.0),30/04/26 23:00:00,A,MARRIAGE,EFTA,2006,63370,,
ESTAT:DEMO_NIND(1.0),30/04/26 23:00:00,A,MARRIAGE,EFTA,2007,65699,,
ESTAT:DEMO_NIND(1.0),30/04/26 23:00:00,A,MARRIAGE,EFTA,2008,68506,,
ESTAT:DEMO_NIND(1.0),30/04/26 23:00:00,A,MARRIAGE,EFTA,2009,67851,,
ESTAT:DEMO_NIND(1.0),30/04/26 23:00:00,A,MARRIAGE,EFTA,2010,68298,,
ESTAT:DEMO_NIND(1.0),30/04/26 23:00:00,A,MARRIAGE,EFTA,2011,66580,,
ESTAT:DEMO_NIND(1.0),30/04/26 23:00:00,A,MARRIAGE,EL,1960,58165,,
ESTAT:DEMO_NIND(1.0),30/04/26 23:00:00,A,MARRIAGE,EL,1961,70914,,
ESTAT:DEMO_NIND(1.0),30/04/26 23:00:00,A,MARRIAGE,EL,1962,70675,,
ESTAT:DEMO_NIND(1.0),30/04/26 23:00:00,A,MARRIAGE,EL,1963,78038,,
ESTAT:DEMO_NIND(1.0),30/04/26 23:00:00,A,MARRIAGE,EL,1964,76042,,
ESTAT:DEMO_NIND(1.0),30/04/26 23:00:00,A,MARRIAGE,EL,1965,80728,,
ESTAT:DEMO_NIND(1.0),30/04/26 23:00:00,A,MARRIAGE,EL,1966,71666,,
ESTAT:DEMO_NIND(1.0),30/04/26 23:00:00,A,MARRIAGE,EL,1967,81706,,
ESTAT:DEMO_NIND(1.0),30/04/26 23:00:00,A,MARRIAGE,EL,1968,65371,,
ESTAT:DEMO_NIND(1.0),30/04/26 23:00:00,A,MARRIAGE,EL,1969,72544,,
ESTAT:DEMO_NIND(1.0),30/04/26 23:00:00,A,MARRIAGE,EL,1970,67439,,
ESTAT:DEMO_NIND(1.0),30/04/26 23:00:00,A,MARRIAGE,EL,1971,73350,,
ESTAT:DEMO_NIND(1.0),30/04/26 23:00:00,A,MARRIAGE,EL,1972,60144,,
ESTAT:DEMO_NIND(1.0),30/04/26 23:00:00,A,MARRIAGE,EL,1973,73762,,
ESTAT:DEMO_NIND(1.0),30/04/26 23:00:00,A,MARRIAGE,EL,1974,68059,,
ESTAT:DEMO_NIND(1.0),30/04/26 23:00:00,A,MARRIAGE,EL,1975,76452,,
ESTAT:DEMO_NIND(1.0),30/04/26 23:00:00,A,MARRIAGE,EL,1976,63540,,
ESTAT:DEMO_NIND(1.0),30/04/26 23:00:00,A,MARRIAGE,EL,1977,76228,,
ESTAT:DEMO_NIND(1.0),30/04/26 23:00:00,A,MARRIAGE,EL,1978,72523,,
ESTAT:DEMO_NIND(1.0),30/04/26 23:00:00,A,MARRIAGE,EL,1979,79023,,
ESTAT:DEMO_NIND(1.0),30/04/26 23:00:00,A,MARRIAGE,EL,1980,62352,,
ESTAT:DEMO_NIND(1.0),30/04/26 23:00:00,A,MARRIAGE,EL,1981,71178,,
ESTAT:DEMO_NIND(1.0),30/04/26 23:00:00,A,MARRIAGE,EL,1982,67784,,
ESTAT:DEMO_NIND(1.0),30/04/26 23:00:00,A,MARRIAGE,EL,1983,71143,,
ESTAT:DEMO_NIND(1.0),30/04/26 23:00:00,A,MARRIAGE,EL,1984,54793,,
ESTAT:DEMO_NIND(1.0),30/04/26 23:00:00,A,MARRIAGE,EL,1985,63709,,
ESTAT:DEMO_NIND(1.0),30/04/26 23:00:00,A,MARRIAGE,EL,1986,58091,,
ESTAT:DEMO_NIND(1.0),30/04/26 23:00:00,A,MARRIAGE,EL,1987,66166,,
ESTAT:DEMO_NIND(1.0),30/04/26 23:00:00,A,MARRIAGE,EL,1988,47873,,
ESTAT:DEMO_NIND(1.0),30/04/26 23:00:00,A,MARRIAGE,EL,1989,61884,,
ESTAT:DEMO_NIND(1.0),30/04/26 23:00:00,A,MARRIAGE,EL,1990,59052.00,,
ESTAT:DEMO_NIND(1.0),30/04/26 23:00:00,A,MARRIAGE,EL,1991,65568.00,,
ESTAT:DEMO_NIND(1.0),30/04/26 23:00:00,A,MARRIAGE,EL,1992,48631.00,,
ESTAT:DEMO_NIND(1.0),30/04/26 23:00:00,A,MARRIAGE,EL,1993,62195.00,,
ESTAT:DEMO_NIND(1.0),30/04/26 23:00:00,A,MARRIAGE,EL,1994,56813.00,,
ESTAT:DEMO_NIND(1.0),30/04/26 23:00:00,A,MARRIAGE,EL,1995,63987,,
ESTAT:DEMO_NIND(1.0),30/04/26 23:00:00,A,MARRIAGE,EL,1996,45408,,
ESTAT:DEMO_NIND(1.0),30/04/26 23:00:00,A,MARRIAGE,EL,1997,60535,,
ESTAT:DEMO_NIND(1.0),30/04/26 23:00:00,A,MARRIAGE,EL,1998,55489,,
ESTAT:DEMO_NIND(1.0),30/04/26 23:00:00,A,MARRIAGE,EL,1999,61165,,
ESTAT:DEMO_NIND(1.0),30/04/26 23:00:00,A,MARRIAGE,EL,2000,48880,,
ESTAT:DEMO_NIND(1.0),30/04/26 23:00:00,A,MARRIAGE,EL,2001,58491,,
ESTAT:DEMO_NIND(1.0),30/04/26 23:00:00,A,MARRIAGE,EL,2002,57872,,
ESTAT:DEMO_NIND(1.0),30/04/26 23:00:00,A,MARRIAGE,EL,2003,61081,,
ESTAT:DEMO_NIND(1.0),30/04/26 23:00:00,A,MARRIAGE,EL,2004,51377,,
ESTAT:DEMO_NIND(1.0),30/04/26 23:00:00,A,MARRIAGE,EL,2005,61043,,
ESTAT:DEMO_NIND(1.0),30/04/26 23:00:00,A,MARRIAGE,EL,2006,57802,,
ESTAT:DEMO_NIND(1.0),30/04/26 23:00:00,A,MARRIAGE,EL,2007,61377,,
ESTAT:DEMO_NIND(1.0),30/04/26 23:00:00,A,MARRIAGE,EL,2008,53500,,
ESTAT:DEMO_NIND(1.0),30/04/26 23:00:00,A,MARRIAGE,EL,2009,59212,,
ESTAT:DEMO_NIND(1.0),30/04/26 23:00:00,A,MARRIAGE,EL,2010,56338,,
ESTAT:DEMO_NIND(1.0),30/04/26 23:00:00,A,MARRIAGE,EL,2011,55099,,
ESTAT:DEMO_NIND(1.0),30/04/26 23:00:00,A,MARRIAGE,EL,2012,49710,,
ESTAT:DEMO_NIND(1.0),30/04/26 23:00:00,A,MARRIAGE,EL,2013,51256,,
ESTAT:DEMO_NIND(1.0),30/04/26 23:00:00,A,MARRIAGE,EL,2014,53105,,
ESTAT:DEMO_NIND(1.0),30/04/26 23:00:00,A,MARRIAGE,EL,2015,53672,,
ESTAT:DEMO_NIND(1.0),30/04/26 23:00:00,A,MARRIAGE,EL,2016,49632,,
ESTAT:DEMO_NIND(1.0),30/04/26 23:00:00,A,MARRIAGE,EL,2017,50138,,
ESTAT:DEMO_NIND(1.0),30/04/26 23:00:00,A,MARRIAGE,EL,2018,47428,,
ESTAT:DEMO_NIND(1.0),30/04/26 23:00:00,A,MARRIAGE,EL,2019,47137,,
ESTAT:DEMO_NIND(1.0),30/04/26 23:00:00,A,MARRIAGE,EL,2020,31475,,
ESTAT:DEMO_NIND(1.0),30/04/26 23:00:00,A,MARRIAGE,EL,2021,40759,,
ESTAT:DEMO_NIND(1.0),30/04/26 23:00:00,A,MARRIAGE,EL,2022,43355,,
ESTAT:DEMO_NIND(1.0),30/04/26 23:00:00,A,MARRIAGE,EL,2023,40351,,
ESTAT:DEMO_NIND(1.0),30/04/26 23:00:00,A,MARRIAGE,EL,2024,36649,,
ESTAT:DEMO_NIND(1.0),30/04/26 23:00:00,A,MARRIAGE,ES,1960,236877,,
ESTAT:DEMO_NIND(1.0),30/04/26 23:00:00,A,MARRIAGE,ES,1961,238183,,
ESTAT:DEMO_NIND(1.0),30/04/26 23:00:00,A,MARRIAGE,ES,1962,236922,,
ESTAT:DEMO_NIND(1.0),30/04/26 23:00:00,A,MARRIAGE,ES,1963,237673,,
ESTAT:DEMO_NIND(1.0),30/04/26 23:00:00,A,MARRIAGE,ES,1964,233399,,
ESTAT:DEMO_NIND(1.0),30/04/26 23:00:00,A,MARRIAGE,ES,1965,228265,,
ESTAT:DEMO_NIND(1.0),30/04/26 23:00:00,A,MARRIAGE,ES,1966,230626,,
ESTAT:DEMO_NIND(1.0),30/04/26 23:00:00,A,MARRIAGE,ES,1967,233413,,
ESTAT:DEMO_NIND(1.0),30/04/26 23:00:00,A,MARRIAGE,ES,1968,232216,,
ESTAT:DEMO_NIND(1.0),30/04/26 23:00:00,A,MARRIAGE,ES,1969,239692,,
ESTAT:DEMO_NIND(1.0),30/04/26 23:00:00,A,MARRIAGE,ES,1970,248205,,
ESTAT:DEMO_NIND(1.0),30/04/26 23:00:00,A,MARRIAGE,ES,1971,254188,,
ESTAT:DEMO_NIND(1.0),30/04/26 23:00:00,A,MARRIAGE,ES,1972,263217,,
ESTAT:DEMO_NIND(1.0),30/04/26 23:00:00,A,MARRIAGE,ES,1973,269713,,
ESTAT:DEMO_NIND(1.0),30/04/26 23:00:00,A,MARRIAGE,ES,1974,267969,,
ESTAT:DEMO_NIND(1.0),30/04/26 23:00:00,A,MARRIAGE,ES,1975,271347,,
ESTAT:DEMO_NIND(1.0),30/04/26 23:00:00,A,MARRIAGE,ES,1976,260974,,
ESTAT:DEMO_NIND(1.0),30/04/26 23:00:00,A,MARRIAGE,ES,1977,262015,,
ESTAT:DEMO_NIND(1.0),30/04/26 23:00:00,A,MARRIAGE,ES,1978,258070,,
ESTAT:DEMO_NIND(1.0),30/04/26 23:00:00,A,MARRIAGE,ES,1979,246349,,
ESTAT:DEMO_NIND(1.0),30/04/26 23:00:00,A,MARRIAGE,ES,1980,220674,,
ESTAT:DEMO_NIND(1.0),30/04/26 23:00:00,A,MARRIAGE,ES,1981,202037,,
ESTAT:DEMO_NIND(1.0),30/04/26 23:00:00,A,MARRIAGE,ES,1982,193319,,
ESTAT:DEMO_NIND(1.0),30/04/26 23:00:00,A,MARRIAGE,ES,1983,196155,,
ESTAT:DEMO_NIND(1.0),30/04/26 23:00:00,A,MARRIAGE,ES,1984,197542,,
ESTAT:DEMO_NIND(1.0),30/04/26 23:00:00,A,MARRIAGE,ES,1985,199658,,
ESTAT:DEMO_NIND(1.0),30/04/26 23:00:00,A,MARRIAGE,ES,1986,207929,,
ESTAT:DEMO_NIND(1.0),30/04/26 23:00:00,A,MARRIAGE,ES,1987,215771,,
ESTAT:DEMO_NIND(1.0),30/04/26 23:00:00,A,MARRIAGE,ES,1988,219027,,
ESTAT:DEMO_NIND(1.0),30/04/26 23:00:00,A,MARRIAGE,ES,1989,221470,,
ESTAT:DEMO_NIND(1.0),30/04/26 23:00:00,A,MARRIAGE,ES,1990,220553.00,,
ESTAT:DEMO_NIND(1.0),30/04/26 23:00:00,A,MARRIAGE,ES,1991,218121.00,,
ESTAT:DEMO_NIND(1.0),30/04/26 23:00:00,A,MARRIAGE,ES,1992,217512.00,,
ESTAT:DEMO_NIND(1.0),30/04/26 23:00:00,A,MARRIAGE,ES,1993,201463.00,,
ESTAT:DEMO_NIND(1.0),30/04/26 23:00:00,A,MARRIAGE,ES,1994,199731.00,,
ESTAT:DEMO_NIND(1.0),30/04/26 23:00:00,A,MARRIAGE,ES,1995,200688,,
ESTAT:DEMO_NIND(1.0),30/04/26 23:00:00,A,MARRIAGE,ES,1996,194084,,
ESTAT:DEMO_NIND(1.0),30/04/26 23:00:00,A,MARRIAGE,ES,1997,196499,,
ESTAT:DEMO_NIND(1.0),30/04/26 23:00:00,A,MARRIAGE,ES,1998,207041,,
ESTAT:DEMO_NIND(1.0),30/04/26 23:00:00,A,MARRIAGE,ES,1999,208129,,
ESTAT:DEMO_NIND(1.0),30/04/26 23:00:00,A,MARRIAGE,ES,2000,216451,,
ESTAT:DEMO_NIND(1.0),30/04/26 23:00:00,A,MARRIAGE,ES,2001,206266,,
ESTAT:DEMO_NIND(1.0),30/04/26 23:00:00,A,MARRIAGE,ES,2002,209550,,
ESTAT:DEMO_NIND(1.0),30/04/26 23:00:00,A,MARRIAGE,ES,2003,210477,,
ESTAT:DEMO_NIND(1.0),30/04/26 23:00:00,A,MARRIAGE,ES,2004,214309,,
ESTAT:DEMO_NIND(1.0),30/04/26 23:00:00,A,MARRIAGE,ES,2005,206432,,
ESTAT:DEMO_NIND(1.0),30/04/26 23:00:00,A,MARRIAGE,ES,2006,201566,,
ESTAT:DEMO_NIND(1.0),30/04/26 23:00:00,A,MARRIAGE,ES,2007,199660,,
ESTAT:DEMO_NIND(1.0),30/04/26 23:00:00,A,MARRIAGE,ES,2008,192123,,
ESTAT:DEMO_NIND(1.0),30/04/26 23:00:00,A,MARRIAGE,ES,2009,172357,,
ESTAT:DEMO_NIND(1.0),30/04/26 23:00:00,A,MARRIAGE,ES,2010,165641,,
ESTAT:DEMO_NIND(1.0),30/04/26 23:00:00,A,MARRIAGE,ES,2011,158220,,
ESTAT:DEMO_NIND(1.0),30/04/26 23:00:00,A,MARRIAGE,ES,2012,163173,,
ESTAT:DEMO_NIND(1.0),30/04/26 23:00:00,A,MARRIAGE,ES,2013,154470,,
ESTAT:DEMO_NIND(1.0),30/04/26 23:00:00,A,MARRIAGE,ES,2014,160256,,
ESTAT:DEMO_NIND(1.0),30/04/26 23:00:00,A,MARRIAGE,ES,2015,166651,,
ESTAT:DEMO_NIND(1.0),30/04/26 23:00:00,A,MARRIAGE,ES,2016,173049,,
ESTAT:DEMO_NIND(1.0),30/04/26 23:00:00,A,MARRIAGE,ES,2017,171320,,
ESTAT:DEMO_NIND(1.0),30/04/26 23:00:00,A,MARRIAGE,ES,2018,165527,,
ESTAT:DEMO_NIND(1.0),30/04/26 23:00:00,A,MARRIAGE,ES,2019,165177,,
ESTAT:DEMO_NIND(1.0),30/04/26 23:00:00,A,MARRIAGE,ES,2020,90275,,
ESTAT:DEMO_NIND(1.0),30/04/26 23:00:00,A,MARRIAGE,ES,2021,147673,,
ESTAT:DEMO_NIND(1.0),30/04/26 23:00:00,A,MARRIAGE,ES,2022,178624,,
ESTAT:DEMO_NIND(1.0),30/04/26 23:00:00,A,MARRIAGE,ES,2023,171500,,
ESTAT:DEMO_NIND(1.0),30/04/26 23:00:00,A,MARRIAGE,ES,2024,174640,,
ESTAT:DEMO_NIND(1.0),30/04/26 23:00:00,A,MARRIAGE,EU27_2007,1964,3315614,,
ESTAT:DEMO_NIND(1.0),30/04/26 23:00:00,A,MARRIAGE,EU27_2007,1965,3270670,,
ESTAT:DEMO_NIND(1.0),30/04/26 23:00:00,A,MARRIAGE,EU27_2007,1966,3298496,,
ESTAT:DEMO_NIND(1.0),30/04/26 23:00:00,A,MARRIAGE,EU27_2007,1967,3322436,,
ESTAT:DEMO_NIND(1.0),30/04/26 23:00:00,A,MARRIAGE,EU27_2007,1968,3310179,,
ESTAT:DEMO_NIND(1.0),30/04/26 23:00:00,A,MARRIAGE,EU27_2007,1969,3367826,,
ESTAT:DEMO_NIND(1.0),30/04/26 23:00:00,A,MARRIAGE,EU27_2007,1970,3435775,,
ESTAT:DEMO_NIND(1.0),30/04/26 23:00:00,A,MARRIAGE,EU27_2007,1971,3446642,,
ESTAT:DEMO_NIND(1.0),30/04/26 23:00:00,A,MARRIAGE,EU27_2007,1972,3497727,,
ESTAT:DEMO_NIND(1.0),30/04/26 23:00:00,A,MARRIAGE,EU27_2007,1973,3482779,,
ESTAT:DEMO_NIND(1.0),30/04/26 23:00:00,A,MARRIAGE,EU27_2007,1974,3434957,,
ESTAT:DEMO_NIND(1.0),30/04/26 23:00:00,A,MARRIAGE,EU27_2007,1975,3450102,,
ESTAT:DEMO_NIND(1.0),30/04/26 23:00:00,A,MARRIAGE,EU27_2007,1976,3338231,,
ESTAT:DEMO_NIND(1.0),30/04/26 23:00:00,A,MARRIAGE,EU27_2007,1977,3315106,,
ESTAT:DEMO_NIND(1.0),30/04/26 23:00:00,A,MARRIAGE,EU27_2007,1978,3222358,,
ESTAT:DEMO_NIND(1.0),30/04/26 23:00:00,A,MARRIAGE,EU27_2007,1979,3176094,,
ESTAT:DEMO_NIND(1.0),30/04/26 23:00:00,A,MARRIAGE,EU27_2007,1980,3093889,,
ESTAT:DEMO_NIND(1.0),30/04/26 23:00:00,A,MARRIAGE,EU27_2007,1981,3036462,,
ESTAT:DEMO_NIND(1.0),30/04/26 23:00:00,A,MARRIAGE,EU27_2007,1982,2980492,,
ESTAT:DEMO_NIND(1.0),30/04/26 23:00:00,A,MARRIAGE,EU27_2007,1983,2963766,,
ESTAT:DEMO_NIND(1.0),30/04/26 23:00:00,A,MARRIAGE,EU27_2007,1984,2898204,,
ESTAT:DEMO_NIND(1.0),30/04/26 23:00:00,A,MARRIAGE,EU27_2007,1985,2865507,,
ESTAT:DEMO_NIND(1.0),30/04/26 23:00:00,A,MARRIAGE,EU27_2007,1986,2882128,,
ESTAT:DEMO_NIND(1.0),30/04/26 23:00:00,A,MARRIAGE,EU27_2007,1987,2952605,,
ESTAT:DEMO_NIND(1.0),30/04/26 23:00:00,A,MARRIAGE,EU27_2007,1988,2918299,,
ESTAT:DEMO_NIND(1.0),30/04/26 23:00:00,A,MARRIAGE,EU27_2007,1989,3032799,,
ESTAT:DEMO_NIND(1.0),30/04/26 23:00:00,A,MARRIAGE,EU27_2007,1990,2967931.00,,
ESTAT:DEMO_NIND(1.0),30/04/26 23:00:00,A,MARRIAGE,EU27_2007,1991,2780201.00,,
ESTAT:DEMO_NIND(1.0),30/04/26 23:00:00,A,MARRIAGE,EU27_2007,1992,2715797.00,,
ESTAT:DEMO_NIND(1.0),30/04/26 23:00:00,A,MARRIAGE,EU27_2007,1993,2594191.00,,
ESTAT:DEMO_NIND(1.0),30/04/26 23:00:00,A,MARRIAGE,EU27_2007,1994,2530812.00,,
ESTAT:DEMO_NIND(1.0),30/04/26 23:00:00,A,MARRIAGE,EU27_2007,1997,2470016,,
ESTAT:DEMO_NIND(1.0),30/04/26 23:00:00,A,MARRIAGE,EU27_2007,1998,2458760,b,
ESTAT:DEMO_NIND(1.0),30/04/26 23:00:00,A,MARRIAGE,EU27_2007,1999,2504217,,
ESTAT:DEMO_NIND(1.0),30/04/26 23:00:00,A,MARRIAGE,EU27_2007,2000,2503600,,
ESTAT:DEMO_NIND(1.0),30/04/26 23:00:00,A,MARRIAGE,EU27_2007,2001,2360329,,
ESTAT:DEMO_NIND(1.0),30/04/26 23:00:00,A,MARRIAGE,EU27_2007,2002,2367190,,
ESTAT:DEMO_NIND(1.0),30/04/26 23:00:00,A,MARRIAGE,EU27_2007,2003,2371663,b,
ESTAT:DEMO_NIND(1.0),30/04/26 23:00:00,A,MARRIAGE,EU27_2007,2007,2419543,,
ESTAT:DEMO_NIND(1.0),30/04/26 23:00:00,A,MARRIAGE,EU27_2007,2008,2360356,,
ESTAT:DEMO_NIND(1.0),30/04/26 23:00:00,A,MARRIAGE,EU27_2007,2009,2257841,,
ESTAT:DEMO_NIND(1.0),30/04/26 23:00:00,A,MARRIAGE,EU27_2007,2010,2206582,,
ESTAT:DEMO_NIND(1.0),30/04/26 23:00:00,A,MARRIAGE,EU27_2007,2011,2118473,,
ESTAT:DEMO_NIND(1.0),30/04/26 23:00:00,A,MARRIAGE,EU27_2007,2012,2161983,,
ESTAT:DEMO_NIND(1.0),30/04/26 23:00:00,A,MARRIAGE,EU27_2007,2013,2053542,,
ESTAT:DEMO_NIND(1.0),30/04/26 23:00:00,A,MARRIAGE,EU27_2007,2014,2125853,,
ESTAT:DEMO_NIND(1.0),30/04/26 23:00:00,A,MARRIAGE,EU27_2007,2015,2174128,,
ESTAT:DEMO_NIND(1.0),30/04/26 23:00:00,A,MARRIAGE,EU27_2007,2016,2220075,,
ESTAT:DEMO_NIND(1.0),30/04/26 23:00:00,A,MARRIAGE,EU27_2020,1964,2941416,,
ESTAT:DEMO_NIND(1.0),30/04/26 23:00:00,A,MARRIAGE,EU27_2020,1965,2887090,,
ESTAT:DEMO_NIND(1.0),30/04/26 23:00:00,A,MARRIAGE,EU27_2020,1966,2898309,,
ESTAT:DEMO_NIND(1.0),30/04/26 23:00:00,A,MARRIAGE,EU27_2020,1967,2919159,,
ESTAT:DEMO_NIND(1.0),30/04/26 23:00:00,A,MARRIAGE,EU27_2020,1968,2882868,,
ESTAT:DEMO_NIND(1.0),30/04/26 23:00:00,A,MARRIAGE,EU27_2020,1969,2951665,,
ESTAT:DEMO_NIND(1.0),30/04/26 23:00:00,A,MARRIAGE,EU27_2020,1970,3002107,,
ESTAT:DEMO_NIND(1.0),30/04/26 23:00:00,A,MARRIAGE,EU27_2020,1971,3024954,,
ESTAT:DEMO_NIND(1.0),30/04/26 23:00:00,A,MARRIAGE,EU27_2020,1972,3055221,,
ESTAT:DEMO_NIND(1.0),30/04/26 23:00:00,A,MARRIAGE,EU27_2020,1973,3066081,,
ESTAT:DEMO_NIND(1.0),30/04/26 23:00:00,A,MARRIAGE,EU27_2020,1974,3034645,,
ESTAT:DEMO_NIND(1.0),30/04/26 23:00:00,A,MARRIAGE,EU27_2020,1975,3055714,,
ESTAT:DEMO_NIND(1.0),30/04/26 23:00:00,A,MARRIAGE,EU27_2020,1976,2967226,,
ESTAT:DEMO_NIND(1.0),30/04/26 23:00:00,A,MARRIAGE,EU27_2020,1977,2946692,,
ESTAT:DEMO_NIND(1.0),30/04/26 23:00:00,A,MARRIAGE,EU27_2020,1978,2841611,,
ESTAT:DEMO_NIND(1.0),30/04/26 23:00:00,A,MARRIAGE,EU27_2020,1979,2793208,,
ESTAT:DEMO_NIND(1.0),30/04/26 23:00:00,A,MARRIAGE,EU27_2020,1980,2708753,,
ESTAT:DEMO_NIND(1.0),30/04/26 23:00:00,A,MARRIAGE,EU27_2020,1981,2672471,,
ESTAT:DEMO_NIND(1.0),30/04/26 23:00:00,A,MARRIAGE,EU27_2020,1982,2626614,,
ESTAT:DEMO_NIND(1.0),30/04/26 23:00:00,A,MARRIAGE,EU27_2020,1983,2607615,,
ESTAT:DEMO_NIND(1.0),30/04/26 23:00:00,A,MARRIAGE,EU27_2020,1984,2534565,,
ESTAT:DEMO_NIND(1.0),30/04/26 23:00:00,A,MARRIAGE,EU27_2020,1985,2503343,,
ESTAT:DEMO_NIND(1.0),30/04/26 23:00:00,A,MARRIAGE,EU27_2020,1986,2518684,,
ESTAT:DEMO_NIND(1.0),30/04/26 23:00:00,A,MARRIAGE,EU27_2020,1987,2586063,,
ESTAT:DEMO_NIND(1.0),30/04/26 23:00:00,A,MARRIAGE,EU27_2020,1988,2553969,,
ESTAT:DEMO_NIND(1.0),30/04/26 23:00:00,A,MARRIAGE,EU27_2020,1989,2669695,,
ESTAT:DEMO_NIND(1.0),30/04/26 23:00:00,A,MARRIAGE,EU27_2020,1990,2620445,,
ESTAT:DEMO_NIND(1.0),30/04/26 23:00:00,A,MARRIAGE,EU27_2020,1991,2452045,,
ESTAT:DEMO_NIND(1.0),30/04/26 23:00:00,A,MARRIAGE,EU27_2020,1992,2381953,,
ESTAT:DEMO_NIND(1.0),30/04/26 23:00:00,A,MARRIAGE,EU27_2020,1993,2275604,,
ESTAT:DEMO_NIND(1.0),30/04/26 23:00:00,A,MARRIAGE,EU27_2020,1994,2223546,,
ESTAT:DEMO_NIND(1.0),30/04/26 23:00:00,A,MARRIAGE,EU27_2020,1997,2184315,,
ESTAT:DEMO_NIND(1.0),30/04/26 23:00:00,A,MARRIAGE,EU27_2020,1998,2178206,,
ESTAT:DEMO_NIND(1.0),30/04/26 23:00:00,A,MARRIAGE,EU27_2020,1999,2226912,,
ESTAT:DEMO_NIND(1.0),30/04/26 23:00:00,A,MARRIAGE,EU27_2020,2000,2219705,,
ESTAT:DEMO_NIND(1.0),30/04/26 23:00:00,A,MARRIAGE,EU27_2020,2001,2096276,,
ESTAT:DEMO_NIND(1.0),30/04/26 23:00:00,A,MARRIAGE,EU27_2020,2002,2096975,,
ESTAT:DEMO_NIND(1.0),30/04/26 23:00:00,A,MARRIAGE,EU27_2020,2003,2085377,,
ESTAT:DEMO_NIND(1.0),30/04/26 23:00:00,A,MARRIAGE,EU27_2020,2004,2087408,,
ESTAT:DEMO_NIND(1.0),30/04/26 23:00:00,A,MARRIAGE,EU27_2020,2005,2101363,,
ESTAT:DEMO_NIND(1.0),30/04/26 23:00:00,A,MARRIAGE,EU27_2020,2006,2096133,,
ESTAT:DEMO_NIND(1.0),30/04/26 23:00:00,A,MARRIAGE,EU27_2020,2007,2168763,,
ESTAT:DEMO_NIND(1.0),30/04/26 23:00:00,A,MARRIAGE,EU27_2020,2008,2113326,,
ESTAT:DEMO_NIND(1.0),30/04/26 23:00:00,A,MARRIAGE,EU27_2020,2009,2012325,,
ESTAT:DEMO_NIND(1.0),30/04/26 23:00:00,A,MARRIAGE,EU27_2020,2010,1947432,,
ESTAT:DEMO_NIND(1.0),30/04/26 23:00:00,A,MARRIAGE,EU27_2020,2011,1853293,,
ESTAT:DEMO_NIND(1.0),30/04/26 23:00:00,A,MARRIAGE,EU27_2020,2012,1879652,,
ESTAT:DEMO_NIND(1.0),30/04/26 23:00:00,A,MARRIAGE,EU27_2020,2013,1796184,,
ESTAT:DEMO_NIND(1.0),30/04/26 23:00:00,A,MARRIAGE,EU27_2020,2014,1851707,,
ESTAT:DEMO_NIND(1.0),30/04/26 23:00:00,A,MARRIAGE,EU27_2020,2015,1910403,,
ESTAT:DEMO_NIND(1.0),30/04/26 23:00:00,A,MARRIAGE,EU27_2020,2016,1953214,,
ESTAT:DEMO_NIND(1.0),30/04/26 23:00:00,A,MARRIAGE,EU27_2020,2017,1950935,,
ESTAT:DEMO_NIND(1.0),30/04/26 23:00:00,A,MARRIAGE,EU27_2020,2018,1990913,,
ESTAT:DEMO_NIND(1.0),30/04/26 23:00:00,A,MARRIAGE,EU27_2020,2019,1915484,,
ESTAT:DEMO_NIND(1.0),30/04/26 23:00:00,A,MARRIAGE,EU28,1964,3351579,,
ESTAT:DEMO_NIND(1.0),30/04/26 23:00:00,A,MARRIAGE,EU28,1965,3309144,,
ESTAT:DEMO_NIND(1.0),30/04/26 23:00:00,A,MARRIAGE,EU28,1966,3335392,,
ESTAT:DEMO_NIND(1.0),30/04/26 23:00:00,A,MARRIAGE,EU28,1967,3358251,,
ESTAT:DEMO_NIND(1.0),30/04/26 23:00:00,A,MARRIAGE,EU28,1968,3345626,,
ESTAT:DEMO_NIND(1.0),30/04/26 23:00:00,A,MARRIAGE,EU28,1969,3403292,,
ESTAT:DEMO_NIND(1.0),30/04/26 23:00:00,A,MARRIAGE,EU28,1970,3473094,,
ESTAT:DEMO_NIND(1.0),30/04/26 23:00:00,A,MARRIAGE,EU28,1971,3484343,,
ESTAT:DEMO_NIND(1.0),30/04/26 23:00:00,A,MARRIAGE,EU28,1972,3535506,,
ESTAT:DEMO_NIND(1.0),30/04/26 23:00:00,A,MARRIAGE,EU28,1973,3519746,,
ESTAT:DEMO_NIND(1.0),30/04/26 23:00:00,A,MARRIAGE,EU28,1974,3470991,,
ESTAT:DEMO_NIND(1.0),30/04/26 23:00:00,A,MARRIAGE,EU28,1975,3486392,,
ESTAT:DEMO_NIND(1.0),30/04/26 23:00:00,A,MARRIAGE,EU28,1976,3373250,,
ESTAT:DEMO_NIND(1.0),30/04/26 23:00:00,A,MARRIAGE,EU28,1977,3350630,,
ESTAT:DEMO_NIND(1.0),30/04/26 23:00:00,A,MARRIAGE,EU28,1978,3257987,,
ESTAT:DEMO_NIND(1.0),30/04/26 23:00:00,A,MARRIAGE,EU28,1979,3210135,,
ESTAT:DEMO_NIND(1.0),30/04/26 23:00:00,A,MARRIAGE,EU28,1980,3127199,,
ESTAT:DEMO_NIND(1.0),30/04/26 23:00:00,A,MARRIAGE,EU28,1981,3070317,,
ESTAT:DEMO_NIND(1.0),30/04/26 23:00:00,A,MARRIAGE,EU28,1982,3013635,,
ESTAT:DEMO_NIND(1.0),30/04/26 23:00:00,A,MARRIAGE,EU28,1983,2996901,,
ESTAT:DEMO_NIND(1.0),30/04/26 23:00:00,A,MARRIAGE,EU28,1984,2930365,,
ESTAT:DEMO_NIND(1.0),30/04/26 23:00:00,A,MARRIAGE,EU28,1985,2896460,,
ESTAT:DEMO_NIND(1.0),30/04/26 23:00:00,A,MARRIAGE,EU28,1986,2912623,,
ESTAT:DEMO_NIND(1.0),30/04/26 23:00:00,A,MARRIAGE,EU28,1987,2984000,,
ESTAT:DEMO_NIND(1.0),30/04/26 23:00:00,A,MARRIAGE,EU28,1988,2948018,,
ESTAT:DEMO_NIND(1.0),30/04/26 23:00:00,A,MARRIAGE,EU28,1989,3061737,,
ESTAT:DEMO_NIND(1.0),30/04/26 23:00:00,A,MARRIAGE,EU28,1990,2995855.00,,
ESTAT:DEMO_NIND(1.0),30/04/26 23:00:00,A,MARRIAGE,EU28,1991,2801784.00,,
ESTAT:DEMO_NIND(1.0),30/04/26 23:00:00,A,MARRIAGE,EU28,1992,2737966.00,,
ESTAT:DEMO_NIND(1.0),30/04/26 23:00:00,A,MARRIAGE,EU28,1993,2617212.00,,
ESTAT:DEMO_NIND(1.0),30/04/26 23:00:00,A,MARRIAGE,EU28,1994,2554778.00,,
ESTAT:DEMO_NIND(1.0),30/04/26 23:00:00,A,MARRIAGE,EU28,1997,2494533,,
ESTAT:DEMO_NIND(1.0),30/04/26 23:00:00,A,MARRIAGE,EU28,1998,2483003,b,
ESTAT:DEMO_NIND(1.0),30/04/26 23:00:00,A,MARRIAGE,EU28,1999,2527995,,
ESTAT:DEMO_NIND(1.0),30/04/26 23:00:00,A,MARRIAGE,EU28,2000,2525617,,
ESTAT:DEMO_NIND(1.0),30/04/26 23:00:00,A,MARRIAGE,EU28,2001,2382405,,
ESTAT:DEMO_NIND(1.0),30/04/26 23:00:00,A,MARRIAGE,EU28,2002,2389996,,
ESTAT:DEMO_NIND(1.0),30/04/26 23:00:00,A,MARRIAGE,EU28,2003,2394000,b,
ESTAT:DEMO_NIND(1.0),30/04/26 23:00:00,A,MARRIAGE,EU28,2007,2442683,,
ESTAT:DEMO_NIND(1.0),30/04/26 23:00:00,A,MARRIAGE,EU28,2008,2383729,,
ESTAT:DEMO_NIND(1.0),30/04/26 23:00:00,A,MARRIAGE,EU28,2009,2280223,,
ESTAT:DEMO_NIND(1.0),30/04/26 23:00:00,A,MARRIAGE,EU28,2010,2227876,,
ESTAT:DEMO_NIND(1.0),30/04/26 23:00:00,A,MARRIAGE,EU28,2011,2138684,,
ESTAT:DEMO_NIND(1.0),30/04/26 23:00:00,A,MARRIAGE,EU28,2012,2182306,,
ESTAT:DEMO_NIND(1.0),30/04/26 23:00:00,A,MARRIAGE,EU28,2013,2072711,,
ESTAT:DEMO_NIND(1.0),30/04/26 23:00:00,A,MARRIAGE,EU28,2014,2145354,,
ESTAT:DEMO_NIND(1.0),30/04/26 23:00:00,A,MARRIAGE,EU28,2015,2193962,,
ESTAT:DEMO_NIND(1.0),30/04/26 23:00:00,A,MARRIAGE,EU28,2016,2240542,,
ESTAT:DEMO_NIND(1.0),30/04/26 23:00:00,A,MARRIAGE,FI,1960,32834,,
ESTAT:DEMO_NIND(1.0),30/04/26 23:00:00,A,MARRIAGE,FI,1961,34222,,
ESTAT:DEMO_NIND(1.0),30/04/26 23:00:00,A,MARRIAGE,FI,1962,34251,,
ESTAT:DEMO_NIND(1.0),30/04/26 23:00:00,A,MARRIAGE,FI,1963,33361,,
ESTAT:DEMO_NIND(1.0),30/04/26 23:00:00,A,MARRIAGE,FI,1964,34520,,
ESTAT:DEMO_NIND(1.0),30/04/26 23:00:00,A,MARRIAGE,FI,1965,36214,,
ESTAT:DEMO_NIND(1.0),30/04/26 23:00:00,A,MARRIAGE,FI,1966,38252,,
ESTAT:DEMO_NIND(1.0),30/04/26 23:00:00,A,MARRIAGE,FI,1967,41273,,
ESTAT:DEMO_NIND(1.0),30/04/26 23:00:00,A,MARRIAGE,FI,1968,40251,,
ESTAT:DEMO_NIND(1.0),30/04/26 23:00:00,A,MARRIAGE,FI,1969,40910,,
ESTAT:DEMO_NIND(1.0),30/04/26 23:00:00,A,MARRIAGE,FI,1970,40730,,
ESTAT:DEMO_NIND(1.0),30/04/26 23:00:00,A,MARRIAGE,FI,1971,37925,,
ESTAT:DEMO_NIND(1.0),30/04/26 23:00:00,A,MARRIAGE,FI,1972,35467,,
ESTAT:DEMO_NIND(1.0),30/04/26 23:00:00,A,MARRIAGE,FI,1973,34883,,
ESTAT:DEMO_NIND(1.0),30/04/26 23:00:00,A,MARRIAGE,FI,1974,34533,,
ESTAT:DEMO_NIND(1.0),30/04/26 23:00:00,A,MARRIAGE,FI,1975,31547,,
ESTAT:DEMO_NIND(1.0),30/04/26 23:00:00,A,MARRIAGE,FI,1976,32004,,
ESTAT:DEMO_NIND(1.0),30/04/26 23:00:00,A,MARRIAGE,FI,1977,30966,,
ESTAT:DEMO_NIND(1.0),30/04/26 23:00:00,A,MARRIAGE,FI,1978,29760,,
ESTAT:DEMO_NIND(1.0),30/04/26 23:00:00,A,MARRIAGE,FI,1979,29277,,
ESTAT:DEMO_NIND(1.0),30/04/26 23:00:00,A,MARRIAGE,FI,1980,29388,,
ESTAT:DEMO_NIND(1.0),30/04/26 23:00:00,A,MARRIAGE,FI,1981,30100,,
ESTAT:DEMO_NIND(1.0),30/04/26 23:00:00,A,MARRIAGE,FI,1982,30459,,
ESTAT:DEMO_NIND(1.0),30/04/26 23:00:00,A,MARRIAGE,FI,1983,29474,,
ESTAT:DEMO_NIND(1.0),30/04/26 23:00:00,A,MARRIAGE,FI,1984,28550,,
ESTAT:DEMO_NIND(1.0),30/04/26 23:00:00,A,MARRIAGE,FI,1985,25751,,
ESTAT:DEMO_NIND(1.0),30/04/26 23:00:00,A,MARRIAGE,FI,1986,25820,,
ESTAT:DEMO_NIND(1.0),30/04/26 23:00:00,A,MARRIAGE,FI,1987,26259,,
ESTAT:DEMO_NIND(1.0),30/04/26 23:00:00,A,MARRIAGE,FI,1988,25933,,
ESTAT:DEMO_NIND(1.0),30/04/26 23:00:00,A,MARRIAGE,FI,1989,24569,,
ESTAT:DEMO_NIND(1.0),30/04/26 23:00:00,A,MARRIAGE,FI,1990,24997.00,,
ESTAT:DEMO_NIND(1.0),30/04/26 23:00:00,A,MARRIAGE,FI,1991,24732.00,,
ESTAT:DEMO_NIND(1.0),30/04/26 23:00:00,A,MARRIAGE,FI,1992,23560.00,,
ESTAT:DEMO_NIND(1.0),30/04/26 23:00:00,A,MARRIAGE,FI,1993,24660.00,,
ESTAT:DEMO_NIND(1.0),30/04/26 23:00:00,A,MARRIAGE,FI,1994,24898.00,,
ESTAT:DEMO_NIND(1.0),30/04/26 23:00:00,A,MARRIAGE,FI,1995,23737,,
ESTAT:DEMO_NIND(1.0),30/04/26 23:00:00,A,MARRIAGE,FI,1997,23444,,
ESTAT:DEMO_NIND(1.0),30/04/26 23:00:00,A,MARRIAGE,FI,1998,24023,,
ESTAT:DEMO_NIND(1.0),30/04/26 23:00:00,A,MARRIAGE,FI,1999,24271,,
ESTAT:DEMO_NIND(1.0),30/04/26 23:00:00,A,MARRIAGE,FI,2000,26150,,
ESTAT:DEMO_NIND(1.0),30/04/26 23:00:00,A,MARRIAGE,FI,2001,24830,,
ESTAT:DEMO_NIND(1.0),30/04/26 23:00:00,A,MARRIAGE,FI,2002,26969,,
ESTAT:DEMO_NIND(1.0),30/04/26 23:00:00,A,MARRIAGE,FI,2003,25815,,
ESTAT:DEMO_NIND(1.0),30/04/26 23:00:00,A,MARRIAGE,FI,2004,29342,,
ESTAT:DEMO_NIND(1.0),30/04/26 23:00:00,A,MARRIAGE,FI,2005,29283,,
ESTAT:DEMO_NIND(1.0),30/04/26 23:00:00,A,MARRIAGE,FI,2006,28236,,
ESTAT:DEMO_NIND(1.0),30/04/26 23:00:00,A,MARRIAGE,FI,2007,29497,,
ESTAT:DEMO_NIND(1.0),30/04/26 23:00:00,A,MARRIAGE,FI,2008,31014,,
ESTAT:DEMO_NIND(1.0),30/04/26 23:00:00,A,MARRIAGE,FI,2009,29836,,
ESTAT:DEMO_NIND(1.0),30/04/26 23:00:00,A,MARRIAGE,FI,2010,29952,,
ESTAT:DEMO_NIND(1.0),30/04/26 23:00:00,A,MARRIAGE,FI,2011,28408,,
ESTAT:DEMO_NIND(1.0),30/04/26 23:00:00,A,MARRIAGE,FI,2012,28878,,
ESTAT:DEMO_NIND(1.0),30/04/26 23:00:00,A,MARRIAGE,FI,2013,25119,,
ESTAT:DEMO_NIND(1.0),30/04/26 23:00:00,A,MARRIAGE,FI,2014,24462,,
ESTAT:DEMO_NIND(1.0),30/04/26 23:00:00,A,MARRIAGE,FI,2015,24708,,
ESTAT:DEMO_NIND(1.0),30/04/26 23:00:00,A,MARRIAGE,FI,2016,24464,,
ESTAT:DEMO_NIND(1.0),30/04/26 23:00:00,A,MARRIAGE,FI,2017,26542,,
ESTAT:DEMO_NIND(1.0),30/04/26 23:00:00,A,MARRIAGE,FI,2018,23799,,
ESTAT:DEMO_NIND(1.0),30/04/26 23:00:00,A,MARRIAGE,FI,2019,22296,,
ESTAT:DEMO_NIND(1.0),30/04/26 23:00:00,A,MARRIAGE,FI,2020,22082,,
ESTAT:DEMO_NIND(1.0),30/04/26 23:00:00,A,MARRIAGE,FI,2021,19579,,
ESTAT:DEMO_NIND(1.0),30/04/26 23:00:00,A,MARRIAGE,FI,2022,21942,,
ESTAT:DEMO_NIND(1.0),30/04/26 23:00:00,A,MARRIAGE,FI,2023,20693,,
ESTAT:DEMO_NIND(1.0),30/04/26 23:00:00,A,MARRIAGE,FI,2024,21420,,
ESTAT:DEMO_NIND(1.0),30/04/26 23:00:00,A,MARRIAGE,FR,1994,261037.00,,
ESTAT:DEMO_NIND(1.0),30/04/26 23:00:00,A,MARRIAGE,FR,1995,261992,,
ESTAT:DEMO_NIND(1.0),30/04/26 23:00:00,A,MARRIAGE,FR,1996,287308,,
ESTAT:DEMO_NIND(1.0),30/04/26 23:00:00,A,MARRIAGE,FR,1997,291319,,
ESTAT:DEMO_NIND(1.0),30/04/26 23:00:00,A,MARRIAGE,FR,1998,278679,,
ESTAT:DEMO_NIND(1.0),30/04/26 23:00:00,A,MARRIAGE,FR,1999,293717,,
ESTAT:DEMO_NIND(1.0),30/04/26 23:00:00,A,MARRIAGE,FR,2000,305385,,
ESTAT:DEMO_NIND(1.0),30/04/26 23:00:00,A,MARRIAGE,FR,2001,295882,,
ESTAT:DEMO_NIND(1.0),30/04/26 23:00:00,A,MARRIAGE,FR,2002,286320,,
ESTAT:DEMO_NIND(1.0),30/04/26 23:00:00,A,MARRIAGE,FR,2003,282927,,
ESTAT:DEMO_NIND(1.0),30/04/26 23:00:00,A,MARRIAGE,FR,2004,278602,,
ESTAT:DEMO_NIND(1.0),30/04/26 23:00:00,A,MARRIAGE,FR,2005,283194,,
ESTAT:DEMO_NIND(1.0),30/04/26 23:00:00,A,MARRIAGE,FR,2006,274084,,
ESTAT:DEMO_NIND(1.0),30/04/26 23:00:00,A,MARRIAGE,FR,2007,273833,,
ESTAT:DEMO_NIND(1.0),30/04/26 23:00:00,A,MARRIAGE,FR,2008,265546,,
ESTAT:DEMO_NIND(1.0),30/04/26 23:00:00,A,MARRIAGE,FR,2009,251654,,
ESTAT:DEMO_NIND(1.0),30/04/26 23:00:00,A,MARRIAGE,FR,2010,251713,,
ESTAT:DEMO_NIND(1.0),30/04/26 23:00:00,A,MARRIAGE,FR,2011,236975,,
ESTAT:DEMO_NIND(1.0),30/04/26 23:00:00,A,MARRIAGE,FR,2012,241000,,
ESTAT:DEMO_NIND(1.0),30/04/26 23:00:00,A,MARRIAGE,FR,2013,238720,,
ESTAT:DEMO_NIND(1.0),30/04/26 23:00:00,A,MARRIAGE,FR,2014,241425,,
ESTAT:DEMO_NIND(1.0),30/04/26 23:00:00,A,MARRIAGE,FR,2015,236432,,
ESTAT:DEMO_NIND(1.0),30/04/26 23:00:00,A,MARRIAGE,FR,2016,232865,,
ESTAT:DEMO_NIND(1.0),30/04/26 23:00:00,A,MARRIAGE,FR,2017,234013,,
ESTAT:DEMO_NIND(1.0),30/04/26 23:00:00,A,MARRIAGE,FR,2018,234843,,
ESTAT:DEMO_NIND(1.0),30/04/26 23:00:00,A,MARRIAGE,FR,2019,224740,,
ESTAT:DEMO_NIND(1.0),30/04/26 23:00:00,A,MARRIAGE,FR,2020,154667,,
ESTAT:DEMO_NIND(1.0),30/04/26 23:00:00,A,MARRIAGE,FR,2021,218946,,
ESTAT:DEMO_NIND(1.0),30/04/26 23:00:00,A,MARRIAGE,FR,2022,241831,,
ESTAT:DEMO_NIND(1.0),30/04/26 23:00:00,A,MARRIAGE,FR,2023,241196,,
ESTAT:DEMO_NIND(1.0),30/04/26 23:00:00,A,MARRIAGE,FX,1960,319944,,
ESTAT:DEMO_NIND(1.0),30/04/26 23:00:00,A,MARRIAGE,FX,1961,314841,,
ESTAT:DEMO_NIND(1.0),30/04/26 23:00:00,A,MARRIAGE,FX,1962,316873,,
ESTAT:DEMO_NIND(1.0),30/04/26 23:00:00,A,MARRIAGE,FX,1963,339463,,
ESTAT:DEMO_NIND(1.0),30/04/26 23:00:00,A,MARRIAGE,FX,1964,347525,,
ESTAT:DEMO_NIND(1.0),30/04/26 23:00:00,A,MARRIAGE,FX,1965,346308,,
ESTAT:DEMO_NIND(1.0),30/04/26 23:00:00,A,MARRIAGE,FX,1966,339746,,
ESTAT:DEMO_NIND(1.0),30/04/26 23:00:00,A,MARRIAGE,FX,1967,345578,,
ESTAT:DEMO_NIND(1.0),30/04/26 23:00:00,A,MARRIAGE,FX,1968,356615,,
ESTAT:DEMO_NIND(1.0),30/04/26 23:00:00,A,MARRIAGE,FX,1969,380829,,
ESTAT:DEMO_NIND(1.0),30/04/26 23:00:00,A,MARRIAGE,FX,1970,393686,,
ESTAT:DEMO_NIND(1.0),30/04/26 23:00:00,A,MARRIAGE,FX,1971,406416,,
ESTAT:DEMO_NIND(1.0),30/04/26 23:00:00,A,MARRIAGE,FX,1972,416521,,
ESTAT:DEMO_NIND(1.0),30/04/26 23:00:00,A,MARRIAGE,FX,1973,400740,,
ESTAT:DEMO_NIND(1.0),30/04/26 23:00:00,A,MARRIAGE,FX,1974,394755,,
ESTAT:DEMO_NIND(1.0),30/04/26 23:00:00,A,MARRIAGE,FX,1975,387379,,
ESTAT:DEMO_NIND(1.0),30/04/26 23:00:00,A,MARRIAGE,FX,1976,374003,,
ESTAT:DEMO_NIND(1.0),30/04/26 23:00:00,A,MARRIAGE,FX,1977,368166,,
ESTAT:DEMO_NIND(1.0),30/04/26 23:00:00,A,MARRIAGE,FX,1978,354628,,
ESTAT:DEMO_NIND(1.0),30/04/26 23:00:00,A,MARRIAGE,FX,1979,340405,,
ESTAT:DEMO_NIND(1.0),30/04/26 23:00:00,A,MARRIAGE,FX,1980,334377,,
ESTAT:DEMO_NIND(1.0),30/04/26 23:00:00,A,MARRIAGE,FX,1981,315117,,
ESTAT:DEMO_NIND(1.0),30/04/26 23:00:00,A,MARRIAGE,FX,1982,312405,,
ESTAT:DEMO_NIND(1.0),30/04/26 23:00:00,A,MARRIAGE,FX,1983,300513,,
ESTAT:DEMO_NIND(1.0),30/04/26 23:00:00,A,MARRIAGE,FX,1984,281402,,
ESTAT:DEMO_NIND(1.0),30/04/26 23:00:00,A,MARRIAGE,FX,1985,269419,,
ESTAT:DEMO_NIND(1.0),30/04/26 23:00:00,A,MARRIAGE,FX,1986,265678,,
ESTAT:DEMO_NIND(1.0),30/04/26 23:00:00,A,MARRIAGE,FX,1987,265177,,
ESTAT:DEMO_NIND(1.0),30/04/26 23:00:00,A,MARRIAGE,FX,1988,271124,,
ESTAT:DEMO_NIND(1.0),30/04/26 23:00:00,A,MARRIAGE,FX,1989,279900,,
ESTAT:DEMO_NIND(1.0),30/04/26 23:00:00,A,MARRIAGE,FX,1990,287099.00,,
ESTAT:DEMO_NIND(1.0),30/04/26 23:00:00,A,MARRIAGE,FX,1991,280175.00,,
ESTAT:DEMO_NIND(1.0),30/04/26 23:00:00,A,MARRIAGE,FX,1992,271427.00,,
ESTAT:DEMO_NIND(1.0),30/04/26 23:00:00,A,MARRIAGE,FX,1993,255190.00,,
ESTAT:DEMO_NIND(1.0),30/04/26 23:00:00,A,MARRIAGE,FX,1994,253746.00,,
ESTAT:DEMO_NIND(1.0),30/04/26 23:00:00,A,MARRIAGE,FX,1995,254651,,
ESTAT:DEMO_NIND(1.0),30/04/26 23:00:00,A,MARRIAGE,FX,1996,280072,,
ESTAT:DEMO_NIND(1.0),30/04/26 23:00:00,A,MARRIAGE,FX,1997,283984,,
ESTAT:DEMO_NIND(1.0),30/04/26 23:00:00,A,MARRIAGE,FX,1998,271369,,
ESTAT:DEMO_NIND(1.0),30/04/26 23:00:00,A,MARRIAGE,FX,1999,286191,,
ESTAT:DEMO_NIND(1.0),30/04/26 23:00:00,A,MARRIAGE,FX,2000,297922,,
ESTAT:DEMO_NIND(1.0),30/04/26 23:00:00,A,MARRIAGE,FX,2001,288255,,
ESTAT:DEMO_NIND(1.0),30/04/26 23:00:00,A,MARRIAGE,FX,2002,279087,,
ESTAT:DEMO_NIND(1.0),30/04/26 23:00:00,A,MARRIAGE,FX,2003,275963,,
ESTAT:DEMO_NIND(1.0),30/04/26 23:00:00,A,MARRIAGE,FX,2004,271598,,
ESTAT:DEMO_NIND(1.0),30/04/26 23:00:00,A,MARRIAGE,FX,2005,276303,,
ESTAT:DEMO_NIND(1.0),30/04/26 23:00:00,A,MARRIAGE,FX,2006,267260,,
ESTAT:DEMO_NIND(1.0),30/04/26 23:00:00,A,MARRIAGE,FX,2007,267194,,
ESTAT:DEMO_NIND(1.0),30/04/26 23:00:00,A,MARRIAGE,FX,2008,258739,,
ESTAT:DEMO_NIND(1.0),30/04/26 23:00:00,A,MARRIAGE,FX,2009,245151,,
ESTAT:DEMO_NIND(1.0),30/04/26 23:00:00,A,MARRIAGE,FX,2010,245334,,
ESTAT:DEMO_NIND(1.0),30/04/26 23:00:00,A,MARRIAGE,FX,2011,231100,,
ESTAT:DEMO_NIND(1.0),30/04/26 23:00:00,A,MARRIAGE,FX,2012,235000,,
ESTAT:DEMO_NIND(1.0),30/04/26 23:00:00,A,MARRIAGE,GE,2004,14866,,
ESTAT:DEMO_NIND(1.0),30/04/26 23:00:00,A,MARRIAGE,GE,2005,18012,,
ESTAT:DEMO_NIND(1.0),30/04/26 23:00:00,A,MARRIAGE,GE,2006,21845,,
ESTAT:DEMO_NIND(1.0),30/04/26 23:00:00,A,MARRIAGE,GE,2007,24891,,
ESTAT:DEMO_NIND(1.0),30/04/26 23:00:00,A,MARRIAGE,GE,2008,31414,,
ESTAT:DEMO_NIND(1.0),30/04/26 23:00:00,A,MARRIAGE,GE,2009,31752,,
ESTAT:DEMO_NIND(1.0),30/04/26 23:00:00,A,MARRIAGE,GE,2010,34675,,
ESTAT:DEMO_NIND(1.0),30/04/26 23:00:00,A,MARRIAGE,GE,2011,30863,,
ESTAT:DEMO_NIND(1.0),30/04/26 23:00:00,A,MARRIAGE,GE,2013,34693,,
ESTAT:DEMO_NIND(1.0),30/04/26 23:00:00,A,MARRIAGE,GE,2014,31526,,
ESTAT:DEMO_NIND(1.0),30/04/26 23:00:00,A,MARRIAGE,GE,2015,29157,,
ESTAT:DEMO_NIND(1.0),30/04/26 23:00:00,A,MARRIAGE,GE,2016,25101,,
ESTAT:DEMO_NIND(1.0),30/04/26 23:00:00,A,MARRIAGE,GE,2017,23684,,
ESTAT:DEMO_NIND(1.0),30/04/26 23:00:00,A,MARRIAGE,GE,2018,23202,,
ESTAT:DEMO_NIND(1.0),30/04/26 23:00:00,A,MARRIAGE,GE,2019,23285,,
ESTAT:DEMO_NIND(1.0),30/04/26 23:00:00,A,MARRIAGE,GE,2020,16359,,
ESTAT:DEMO_NIND(1.0),30/04/26 23:00:00,A,MARRIAGE,GE,2022,26048,,
ESTAT:DEMO_NIND(1.0),30/04/26 23:00:00,A,MARRIAGE,GE,2023,22275,,
ESTAT:DEMO_NIND(1.0),30/04/26 23:00:00,A,MARRIAGE,GE,2024,21653,,
ESTAT:DEMO_NIND(1.0),30/04/26 23:00:00,A,MARRIAGE,HR,1960,36761,,
ESTAT:DEMO_NIND(1.0),30/04/26 23:00:00,A,MARRIAGE,HR,1961,36634,,
ESTAT:DEMO_NIND(1.0),30/04/26 23:00:00,A,MARRIAGE,HR,1962,36149,,
ESTAT:DEMO_NIND(1.0),30/04/26 23:00:00,A,MARRIAGE,HR,1963,33976,,
ESTAT:DEMO_NIND(1.0),30/04/26 23:00:00,A,MARRIAGE,HR,1964,35965,,
ESTAT:DEMO_NIND(1.0),30/04/26 23:00:00,A,MARRIAGE,HR,1965,38474,,
ESTAT:DEMO_NIND(1.0),30/04/26 23:00:00,A,MARRIAGE,HR,1966,36896,,
ESTAT:DEMO_NIND(1.0),30/04/26 23:00:00,A,MARRIAGE,HR,1967,35815,,
ESTAT:DEMO_NIND(1.0),30/04/26 23:00:00,A,MARRIAGE,HR,1968,35447,,
ESTAT:DEMO_NIND(1.0),30/04/26 23:00:00,A,MARRIAGE,HR,1969,35466,,
ESTAT:DEMO_NIND(1.0),30/04/26 23:00:00,A,MARRIAGE,HR,1970,37319,,
ESTAT:DEMO_NIND(1.0),30/04/26 23:00:00,A,MARRIAGE,HR,1971,37701,,
ESTAT:DEMO_NIND(1.0),30/04/26 23:00:00,A,MARRIAGE,HR,1972,37779,,
ESTAT:DEMO_NIND(1.0),30/04/26 23:00:00,A,MARRIAGE,HR,1973,36967,,
ESTAT:DEMO_NIND(1.0),30/04/26 23:00:00,A,MARRIAGE,HR,1974,36034,,
ESTAT:DEMO_NIND(1.0),30/04/26 23:00:00,A,MARRIAGE,HR,1975,36290,,
ESTAT:DEMO_NIND(1.0),30/04/26 23:00:00,A,MARRIAGE,HR,1976,35019,,
ESTAT:DEMO_NIND(1.0),30/04/26 23:00:00,A,MARRIAGE,HR,1977,35524,,
ESTAT:DEMO_NIND(1.0),30/04/26 23:00:00,A,MARRIAGE,HR,1978,35629,,
ESTAT:DEMO_NIND(1.0),30/04/26 23:00:00,A,MARRIAGE,HR,1979,34041,,
ESTAT:DEMO_NIND(1.0),30/04/26 23:00:00,A,MARRIAGE,HR,1980,33310,,
ESTAT:DEMO_NIND(1.0),30/04/26 23:00:00,A,MARRIAGE,HR,1981,33855,,
ESTAT:DEMO_NIND(1.0),30/04/26 23:00:00,A,MARRIAGE,HR,1982,33143,,
ESTAT:DEMO_NIND(1.0),30/04/26 23:00:00,A,MARRIAGE,HR,1983,33135,,
ESTAT:DEMO_NIND(1.0),30/04/26 23:00:00,A,MARRIAGE,HR,1984,32161,,
ESTAT:DEMO_NIND(1.0),30/04/26 23:00:00,A,MARRIAGE,HR,1985,30953,,
ESTAT:DEMO_NIND(1.0),30/04/26 23:00:00,A,MARRIAGE,HR,1986,30495,,
ESTAT:DEMO_NIND(1.0),30/04/26 23:00:00,A,MARRIAGE,HR,1987,31395,,
ESTAT:DEMO_NIND(1.0),30/04/26 23:00:00,A,MARRIAGE,HR,1988,29719,,
ESTAT:DEMO_NIND(1.0),30/04/26 23:00:00,A,MARRIAGE,HR,1989,28938,,
ESTAT:DEMO_NIND(1.0),30/04/26 23:00:00,A,MARRIAGE,HR,1990,27924.00,,
ESTAT:DEMO_NIND(1.0),30/04/26 23:00:00,A,MARRIAGE,HR,1991,21583.00,,
ESTAT:DEMO_NIND(1.0),30/04/26 23:00:00,A,MARRIAGE,HR,1992,22169.00,,
ESTAT:DEMO_NIND(1.0),30/04/26 23:00:00,A,MARRIAGE,HR,1993,23021.00,,
ESTAT:DEMO_NIND(1.0),30/04/26 23:00:00,A,MARRIAGE,HR,1994,23966.00,,
ESTAT:DEMO_NIND(1.0),30/04/26 23:00:00,A,MARRIAGE,HR,1995,24385,,
ESTAT:DEMO_NIND(1.0),30/04/26 23:00:00,A,MARRIAGE,HR,1996,24596,,
ESTAT:DEMO_NIND(1.0),30/04/26 23:00:00,A,MARRIAGE,HR,1997,24517,,
ESTAT:DEMO_NIND(1.0),30/04/26 23:00:00,A,MARRIAGE,HR,1998,24243,,
ESTAT:DEMO_NIND(1.0),30/04/26 23:00:00,A,MARRIAGE,HR,1999,23778,,
ESTAT:DEMO_NIND(1.0),30/04/26 23:00:00,A,MARRIAGE,HR,2000,22017,,
ESTAT:DEMO_NIND(1.0),30/04/26 23:00:00,A,MARRIAGE,HR,2001,22076,,
ESTAT:DEMO_NIND(1.0),30/04/26 23:00:00,A,MARRIAGE,HR,2002,22806,,
ESTAT:DEMO_NIND(1.0),30/04/26 23:00:00,A,MARRIAGE,HR,2003,22337,,
ESTAT:DEMO_NIND(1.0),30/04/26 23:00:00,A,MARRIAGE,HR,2004,22700,,
ESTAT:DEMO_NIND(1.0),30/04/26 23:00:00,A,MARRIAGE,HR,2005,22138,,
ESTAT:DEMO_NIND(1.0),30/04/26 23:00:00,A,MARRIAGE,HR,2006,22092,,
ESTAT:DEMO_NIND(1.0),30/04/26 23:00:00,A,MARRIAGE,HR,2007,23140,,
ESTAT:DEMO_NIND(1.0),30/04/26 23:00:00,A,MARRIAGE,HR,2008,23373,,
ESTAT:DEMO_NIND(1.0),30/04/26 23:00:00,A,MARRIAGE,HR,2009,22382,,
ESTAT:DEMO_NIND(1.0),30/04/26 23:00:00,A,MARRIAGE,HR,2010,21294,,
ESTAT:DEMO_NIND(1.0),30/04/26 23:00:00,A,MARRIAGE,HR,2011,20211,,
ESTAT:DEMO_NIND(1.0),30/04/26 23:00:00,A,MARRIAGE,HR,2012,20323,,
ESTAT:DEMO_NIND(1.0),30/04/26 23:00:00,A,MARRIAGE,HR,2013,19169,,
ESTAT:DEMO_NIND(1.0),30/04/26 23:00:00,A,MARRIAGE,HR,2014,19501,,
ESTAT:DEMO_NIND(1.0),30/04/26 23:00:00,A,MARRIAGE,HR,2015,19834,,
ESTAT:DEMO_NIND(1.0),30/04/26 23:00:00,A,MARRIAGE,HR,2016,20467,,
ESTAT:DEMO_NIND(1.0),30/04/26 23:00:00,A,MARRIAGE,HR,2017,20310,,
ESTAT:DEMO_NIND(1.0),30/04/26 23:00:00,A,MARRIAGE,HR,2018,19921,,
ESTAT:DEMO_NIND(1.0),30/04/26 23:00:00,A,MARRIAGE,HR,2019,19761,,
ESTAT:DEMO_NIND(1.0),30/04/26 23:00:00,A,MARRIAGE,HR,2020,15196,,
ESTAT:DEMO_NIND(1.0),30/04/26 23:00:00,A,MARRIAGE,HR,2021,18203,,
ESTAT:DEMO_NIND(1.0),30/04/26 23:00:00,A,MARRIAGE,HR,2022,18074,,
ESTAT:DEMO_NIND(1.0),30/04/26 23:00:00,A,MARRIAGE,HR,2023,17306,,
ESTAT:DEMO_NIND(1.0),30/04/26 23:00:00,A,MARRIAGE,HR,2024,17206,,
ESTAT:DEMO_NIND(1.0),30/04/26 23:00:00,A,MARRIAGE,HU,1960,88566,,
ESTAT:DEMO_NIND(1.0),30/04/26 23:00:00,A,MARRIAGE,HU,1961,83072,,
ESTAT:DEMO_NIND(1.0),30/04/26 23:00:00,A,MARRIAGE,HU,1962,81354,,
ESTAT:DEMO_NIND(1.0),30/04/26 23:00:00,A,MARRIAGE,HU,1963,84387,,
ESTAT:DEMO_NIND(1.0),30/04/26 23:00:00,A,MARRIAGE,HU,1964,87581,,
ESTAT:DEMO_NIND(1.0),30/04/26 23:00:00,A,MARRIAGE,HU,1965,89611,,
ESTAT:DEMO_NIND(1.0),30/04/26 23:00:00,A,MARRIAGE,HU,1966,93230,,
ESTAT:DEMO_NIND(1.0),30/04/26 23:00:00,A,MARRIAGE,HU,1967,96199,,
ESTAT:DEMO_NIND(1.0),30/04/26 23:00:00,A,MARRIAGE,HU,1968,95613,,
ESTAT:DEMO_NIND(1.0),30/04/26 23:00:00,A,MARRIAGE,HU,1969,95614,,
ESTAT:DEMO_NIND(1.0),30/04/26 23:00:00,A,MARRIAGE,HU,1970,96612,,
ESTAT:DEMO_NIND(1.0),30/04/26 23:00:00,A,MARRIAGE,HU,1971,94202,,
ESTAT:DEMO_NIND(1.0),30/04/26 23:00:00,A,MARRIAGE,HU,1972,97710,,
ESTAT:DEMO_NIND(1.0),30/04/26 23:00:00,A,MARRIAGE,HU,1973,101614,,
ESTAT:DEMO_NIND(1.0),30/04/26 23:00:00,A,MARRIAGE,HU,1974,99962,,
ESTAT:DEMO_NIND(1.0),30/04/26 23:00:00,A,MARRIAGE,HU,1975,103775,,
ESTAT:DEMO_NIND(1.0),30/04/26 23:00:00,A,MARRIAGE,HU,1976,100472,,
ESTAT:DEMO_NIND(1.0),30/04/26 23:00:00,A,MARRIAGE,HU,1977,97015,,
ESTAT:DEMO_NIND(1.0),30/04/26 23:00:00,A,MARRIAGE,HU,1978,92438,,
ESTAT:DEMO_NIND(1.0),30/04/26 23:00:00,A,MARRIAGE,HU,1979,87172,,
ESTAT:DEMO_NIND(1.0),30/04/26 23:00:00,A,MARRIAGE,HU,1980,80331,,
ESTAT:DEMO_NIND(1.0),30/04/26 23:00:00,A,MARRIAGE,HU,1981,77131,,
ESTAT:DEMO_NIND(1.0),30/04/26 23:00:00,A,MARRIAGE,HU,1982,75550,,
ESTAT:DEMO_NIND(1.0),30/04/26 23:00:00,A,MARRIAGE,HU,1983,75969,,
ESTAT:DEMO_NIND(1.0),30/04/26 23:00:00,A,MARRIAGE,HU,1984,74951,,
ESTAT:DEMO_NIND(1.0),30/04/26 23:00:00,A,MARRIAGE,HU,1985,73238,,
ESTAT:DEMO_NIND(1.0),30/04/26 23:00:00,A,MARRIAGE,HU,1986,72434,,
ESTAT:DEMO_NIND(1.0),30/04/26 23:00:00,A,MARRIAGE,HU,1987,66082,,
ESTAT:DEMO_NIND(1.0),30/04/26 23:00:00,A,MARRIAGE,HU,1988,65907,,
ESTAT:DEMO_NIND(1.0),30/04/26 23:00:00,A,MARRIAGE,HU,1989,66949,,
ESTAT:DEMO_NIND(1.0),30/04/26 23:00:00,A,MARRIAGE,HU,1990,66405.00,,
ESTAT:DEMO_NIND(1.0),30/04/26 23:00:00,A,MARRIAGE,HU,1991,61198.00,,
ESTAT:DEMO_NIND(1.0),30/04/26 23:00:00,A,MARRIAGE,HU,1992,57005.00,,
ESTAT:DEMO_NIND(1.0),30/04/26 23:00:00,A,MARRIAGE,HU,1993,54099.00,,
ESTAT:DEMO_NIND(1.0),30/04/26 23:00:00,A,MARRIAGE,HU,1994,54114.00,,
ESTAT:DEMO_NIND(1.0),30/04/26 23:00:00,A,MARRIAGE,HU,1995,53463,,
ESTAT:DEMO_NIND(1.0),30/04/26 23:00:00,A,MARRIAGE,HU,1996,48930,,
ESTAT:DEMO_NIND(1.0),30/04/26 23:00:00,A,MARRIAGE,HU,1997,46905,,
ESTAT:DEMO_NIND(1.0),30/04/26 23:00:00,A,MARRIAGE,HU,1998,44915,,
ESTAT:DEMO_NIND(1.0),30/04/26 23:00:00,A,MARRIAGE,HU,1999,45465,,
ESTAT:DEMO_NIND(1.0),30/04/26 23:00:00,A,MARRIAGE,HU,2000,48110,,
ESTAT:DEMO_NIND(1.0),30/04/26 23:00:00,A,MARRIAGE,HU,2001,43583,,
ESTAT:DEMO_NIND(1.0),30/04/26 23:00:00,A,MARRIAGE,HU,2002,46008,,
ESTAT:DEMO_NIND(1.0),30/04/26 23:00:00,A,MARRIAGE,HU,2003,45398,,
ESTAT:DEMO_NIND(1.0),30/04/26 23:00:00,A,MARRIAGE,HU,2004,43791,,
ESTAT:DEMO_NIND(1.0),30/04/26 23:00:00,A,MARRIAGE,HU,2005,44234,,
ESTAT:DEMO_NIND(1.0),30/04/26 23:00:00,A,MARRIAGE,HU,2006,44528,,
ESTAT:DEMO_NIND(1.0),30/04/26 23:00:00,A,MARRIAGE,HU,2007,40842,,
ESTAT:DEMO_NIND(1.0),30/04/26 23:00:00,A,MARRIAGE,HU,2008,40105,,
ESTAT:DEMO_NIND(1.0),30/04/26 23:00:00,A,MARRIAGE,HU,2009,36730,,
ESTAT:DEMO_NIND(1.0),30/04/26 23:00:00,A,MARRIAGE,HU,2010,35520,,
ESTAT:DEMO_NIND(1.0),30/04/26 23:00:00,A,MARRIAGE,HU,2011,35812,,
ESTAT:DEMO_NIND(1.0),30/04/26 23:00:00,A,MARRIAGE,HU,2012,36161,,
ESTAT:DEMO_NIND(1.0),30/04/26 23:00:00,A,MARRIAGE,HU,2013,36986,,
ESTAT:DEMO_NIND(1.0),30/04/26 23:00:00,A,MARRIAGE,HU,2014,38780,,
ESTAT:DEMO_NIND(1.0),30/04/26 23:00:00,A,MARRIAGE,HU,2015,46137,,
ESTAT:DEMO_NIND(1.0),30/04/26 23:00:00,A,MARRIAGE,HU,2016,51805,,
ESTAT:DEMO_NIND(1.0),30/04/26 23:00:00,A,MARRIAGE,HU,2017,50572,,
ESTAT:DEMO_NIND(1.0),30/04/26 23:00:00,A,MARRIAGE,HU,2018,50828,,
ESTAT:DEMO_NIND(1.0),30/04/26 23:00:00,A,MARRIAGE,HU,2019,65268,,
ESTAT:DEMO_NIND(1.0),30/04/26 23:00:00,A,MARRIAGE,HU,2020,67095,,
ESTAT:DEMO_NIND(1.0),30/04/26 23:00:00,A,MARRIAGE,HU,2021,72030,,
ESTAT:DEMO_NIND(1.0),30/04/26 23:00:00,A,MARRIAGE,HU,2022,63967,,
ESTAT:DEMO_NIND(1.0),30/04/26 23:00:00,A,MARRIAGE,HU,2023,50139,,
ESTAT:DEMO_NIND(1.0),30/04/26 23:00:00,A,MARRIAGE,HU,2024,46561,,
ESTAT:DEMO_NIND(1.0),30/04/26 23:00:00,A,MARRIAGE,IE,1960,15465,,
ESTAT:DEMO_NIND(1.0),30/04/26 23:00:00,A,MARRIAGE,IE,1961,15329,,
ESTAT:DEMO_NIND(1.0),30/04/26 23:00:00,A,MARRIAGE,IE,1962,15627,,
ESTAT:DEMO_NIND(1.0),30/04/26 23:00:00,A,MARRIAGE,IE,1963,15556,,
ESTAT:DEMO_NIND(1.0),30/04/26 23:00:00,A,MARRIAGE,IE,1964,16128,,
ESTAT:DEMO_NIND(1.0),30/04/26 23:00:00,A,MARRIAGE,IE,1965,16946,,
ESTAT:DEMO_NIND(1.0),30/04/26 23:00:00,A,MARRIAGE,IE,1966,16849,,
ESTAT:DEMO_NIND(1.0),30/04/26 23:00:00,A,MARRIAGE,IE,1967,17788,,
ESTAT:DEMO_NIND(1.0),30/04/26 23:00:00,A,MARRIAGE,IE,1968,18993,,
ESTAT:DEMO_NIND(1.0),30/04/26 23:00:00,A,MARRIAGE,IE,1969,20304,,
ESTAT:DEMO_NIND(1.0),30/04/26 23:00:00,A,MARRIAGE,IE,1970,20778,,
ESTAT:DEMO_NIND(1.0),30/04/26 23:00:00,A,MARRIAGE,IE,1971,22014,,
ESTAT:DEMO_NIND(1.0),30/04/26 23:00:00,A,MARRIAGE,IE,1972,22302,,
ESTAT:DEMO_NIND(1.0),30/04/26 23:00:00,A,MARRIAGE,IE,1973,22816,,
ESTAT:DEMO_NIND(1.0),30/04/26 23:00:00,A,MARRIAGE,IE,1974,22833,,
ESTAT:DEMO_NIND(1.0),30/04/26 23:00:00,A,MARRIAGE,IE,1975,21280,,
ESTAT:DEMO_NIND(1.0),30/04/26 23:00:00,A,MARRIAGE,IE,1976,20580,,
ESTAT:DEMO_NIND(1.0),30/04/26 23:00:00,A,MARRIAGE,IE,1977,20016,,
ESTAT:DEMO_NIND(1.0),30/04/26 23:00:00,A,MARRIAGE,IE,1978,21184,,
ESTAT:DEMO_NIND(1.0),30/04/26 23:00:00,A,MARRIAGE,IE,1979,20806,,
ESTAT:DEMO_NIND(1.0),30/04/26 23:00:00,A,MARRIAGE,IE,1980,21792,,
ESTAT:DEMO_NIND(1.0),30/04/26 23:00:00,A,MARRIAGE,IE,1981,20612,,
ESTAT:DEMO_NIND(1.0),30/04/26 23:00:00,A,MARRIAGE,IE,1982,20224,,
ESTAT:DEMO_NIND(1.0),30/04/26 23:00:00,A,MARRIAGE,IE,1983,19467,,
ESTAT:DEMO_NIND(1.0),30/04/26 23:00:00,A,MARRIAGE,IE,1984,18513,,
ESTAT:DEMO_NIND(1.0),30/04/26 23:00:00,A,MARRIAGE,IE,1985,18791,,
ESTAT:DEMO_NIND(1.0),30/04/26 23:00:00,A,MARRIAGE,IE,1986,18573,,
ESTAT:DEMO_NIND(1.0),30/04/26 23:00:00,A,MARRIAGE,IE,1987,18309,,
ESTAT:DEMO_NIND(1.0),30/04/26 23:00:00,A,MARRIAGE,IE,1988,18382,,
ESTAT:DEMO_NIND(1.0),30/04/26 23:00:00,A,MARRIAGE,IE,1989,18174,,
ESTAT:DEMO_NIND(1.0),30/04/26 23:00:00,A,MARRIAGE,IE,1990,17838.00,,
ESTAT:DEMO_NIND(1.0),30/04/26 23:00:00,A,MARRIAGE,IE,1991,17441.00,,
ESTAT:DEMO_NIND(1.0),30/04/26 23:00:00,A,MARRIAGE,IE,1992,16636.00,,
ESTAT:DEMO_NIND(1.0),30/04/26 23:00:00,A,MARRIAGE,IE,1993,16824.00,,
ESTAT:DEMO_NIND(1.0),30/04/26 23:00:00,A,MARRIAGE,IE,1994,16621.00,,
ESTAT:DEMO_NIND(1.0),30/04/26 23:00:00,A,MARRIAGE,IE,1995,15604,,
ESTAT:DEMO_NIND(1.0),30/04/26 23:00:00,A,MARRIAGE,IE,1996,16174,,
ESTAT:DEMO_NIND(1.0),30/04/26 23:00:00,A,MARRIAGE,IE,1997,15631,,
ESTAT:DEMO_NIND(1.0),30/04/26 23:00:00,A,MARRIAGE,IE,1998,16783,,
ESTAT:DEMO_NIND(1.0),30/04/26 23:00:00,A,MARRIAGE,IE,1999,18526,,
ESTAT:DEMO_NIND(1.0),30/04/26 23:00:00,A,MARRIAGE,IE,2000,19168,,
ESTAT:DEMO_NIND(1.0),30/04/26 23:00:00,A,MARRIAGE,IE,2001,19246,,
ESTAT:DEMO_NIND(1.0),30/04/26 23:00:00,A,MARRIAGE,IE,2002,20556,,
ESTAT:DEMO_NIND(1.0),30/04/26 23:00:00,A,MARRIAGE,IE,2003,20302,,
ESTAT:DEMO_NIND(1.0),30/04/26 23:00:00,A,MARRIAGE,IE,2004,20979,,
ESTAT:DEMO_NIND(1.0),30/04/26 23:00:00,A,MARRIAGE,IE,2005,21355,,
ESTAT:DEMO_NIND(1.0),30/04/26 23:00:00,A,MARRIAGE,IE,2006,22089,,
ESTAT:DEMO_NIND(1.0),30/04/26 23:00:00,A,MARRIAGE,IE,2007,22756,,
ESTAT:DEMO_NIND(1.0),30/04/26 23:00:00,A,MARRIAGE,IE,2008,22187,,
ESTAT:DEMO_NIND(1.0),30/04/26 23:00:00,A,MARRIAGE,IE,2009,21627,,
ESTAT:DEMO_NIND(1.0),30/04/26 23:00:00,A,MARRIAGE,IE,2010,20594,,
ESTAT:DEMO_NIND(1.0),30/04/26 23:00:00,A,MARRIAGE,IE,2011,19855,,
ESTAT:DEMO_NIND(1.0),30/04/26 23:00:00,A,MARRIAGE,IE,2012,20713,,
ESTAT:DEMO_NIND(1.0),30/04/26 23:00:00,A,MARRIAGE,IE,2013,20680,,
ESTAT:DEMO_NIND(1.0),30/04/26 23:00:00,A,MARRIAGE,IE,2014,22045,,
ESTAT:DEMO_NIND(1.0),30/04/26 23:00:00,A,MARRIAGE,IE,2015,22116,,
ESTAT:DEMO_NIND(1.0),30/04/26 23:00:00,A,MARRIAGE,IE,2016,22626,,
ESTAT:DEMO_NIND(1.0),30/04/26 23:00:00,A,MARRIAGE,IE,2017,22021,,
ESTAT:DEMO_NIND(1.0),30/04/26 23:00:00,A,MARRIAGE,IE,2018,21053,,
ESTAT:DEMO_NIND(1.0),30/04/26 23:00:00,A,MARRIAGE,IE,2019,20313,,
ESTAT:DEMO_NIND(1.0),30/04/26 23:00:00,A,MARRIAGE,IE,2020,9523,,
ESTAT:DEMO_NIND(1.0),30/04/26 23:00:00,A,MARRIAGE,IE,2021,16717,,
ESTAT:DEMO_NIND(1.0),30/04/26 23:00:00,A,MARRIAGE,IS,1960,1309,,
ESTAT:DEMO_NIND(1.0),30/04/26 23:00:00,A,MARRIAGE,IS,1961,1348,,
ESTAT:DEMO_NIND(1.0),30/04/26 23:00:00,A,MARRIAGE,IS,1962,1357,,
ESTAT:DEMO_NIND(1.0),30/04/26 23:00:00,A,MARRIAGE,IS,1963,1457,,
ESTAT:DEMO_NIND(1.0),30/04/26 23:00:00,A,MARRIAGE,IS,1964,1567,,
ESTAT:DEMO_NIND(1.0),30/04/26 23:00:00,A,MARRIAGE,IS,1965,1560,,
ESTAT:DEMO_NIND(1.0),30/04/26 23:00:00,A,MARRIAGE,IS,1966,1551,,
ESTAT:DEMO_NIND(1.0),30/04/26 23:00:00,A,MARRIAGE,IS,1967,1700,,
ESTAT:DEMO_NIND(1.0),30/04/26 23:00:00,A,MARRIAGE,IS,1968,1687,,
ESTAT:DEMO_NIND(1.0),30/04/26 23:00:00,A,MARRIAGE,IS,1969,1722,,
ESTAT:DEMO_NIND(1.0),30/04/26 23:00:00,A,MARRIAGE,IS,1970,1590,,
ESTAT:DEMO_NIND(1.0),30/04/26 23:00:00,A,MARRIAGE,IS,1971,1624,,
ESTAT:DEMO_NIND(1.0),30/04/26 23:00:00,A,MARRIAGE,IS,1972,1692,,
ESTAT:DEMO_NIND(1.0),30/04/26 23:00:00,A,MARRIAGE,IS,1973,1753,,
ESTAT:DEMO_NIND(1.0),30/04/26 23:00:00,A,MARRIAGE,IS,1974,1891,,
ESTAT:DEMO_NIND(1.0),30/04/26 23:00:00,A,MARRIAGE,IS,1975,1689,,
ESTAT:DEMO_NIND(1.0),30/04/26 23:00:00,A,MARRIAGE,IS,1976,1645,,
ESTAT:DEMO_NIND(1.0),30/04/26 23:00:00,A,MARRIAGE,IS,1977,1568,,
ESTAT:DEMO_NIND(1.0),30/04/26 23:00:00,A,MARRIAGE,IS,1978,1585,,
ESTAT:DEMO_NIND(1.0),30/04/26 23:00:00,A,MARRIAGE,IS,1979,1451,,
ESTAT:DEMO_NIND(1.0),30/04/26 23:00:00,A,MARRIAGE,IS,1980,1306,,
ESTAT:DEMO_NIND(1.0),30/04/26 23:00:00,A,MARRIAGE,IS,1981,1357,,
ESTAT:DEMO_NIND(1.0),30/04/26 23:00:00,A,MARRIAGE,IS,1982,1303,,
ESTAT:DEMO_NIND(1.0),30/04/26 23:00:00,A,MARRIAGE,IS,1983,1396,,
ESTAT:DEMO_NIND(1.0),30/04/26 23:00:00,A,MARRIAGE,IS,1984,1413,,
ESTAT:DEMO_NIND(1.0),30/04/26 23:00:00,A,MARRIAGE,IS,1985,1252,,
ESTAT:DEMO_NIND(1.0),30/04/26 23:00:00,A,MARRIAGE,IS,1986,1229,,
ESTAT:DEMO_NIND(1.0),30/04/26 23:00:00,A,MARRIAGE,IS,1987,1160,,
ESTAT:DEMO_NIND(1.0),30/04/26 23:00:00,A,MARRIAGE,IS,1988,1294,,
ESTAT:DEMO_NIND(1.0),30/04/26 23:00:00,A,MARRIAGE,IS,1989,1176,,
ESTAT:DEMO_NIND(1.0),30/04/26 23:00:00,A,MARRIAGE,IS,1990,1154.00,,
ESTAT:DEMO_NIND(1.0),30/04/26 23:00:00,A,MARRIAGE,IS,1991,1236.00,,
ESTAT:DEMO_NIND(1.0),30/04/26 23:00:00,A,MARRIAGE,IS,1992,1241.00,,
ESTAT:DEMO_NIND(1.0),30/04/26 23:00:00,A,MARRIAGE,IS,1993,1219.00,,
ESTAT:DEMO_NIND(1.0),30/04/26 23:00:00,A,MARRIAGE,IS,1994,1310.00,,
ESTAT:DEMO_NIND(1.0),30/04/26 23:00:00,A,MARRIAGE,IS,1995,1238,,
ESTAT:DEMO_NIND(1.0),30/04/26 23:00:00,A,MARRIAGE,IS,1996,1350,,
ESTAT:DEMO_NIND(1.0),30/04/26 23:00:00,A,MARRIAGE,IS,1997,1481,,
ESTAT:DEMO_NIND(1.0),30/04/26 23:00:00,A,MARRIAGE,IS,1998,1529,,
ESTAT:DEMO_NIND(1.0),30/04/26 23:00:00,A,MARRIAGE,IS,1999,1560,,
ESTAT:DEMO_NIND(1.0),30/04/26 23:00:00,A,MARRIAGE,IS,2000,1777,,
ESTAT:DEMO_NIND(1.0),30/04/26 23:00:00,A,MARRIAGE,IS,2001,1484,,
ESTAT:DEMO_NIND(1.0),30/04/26 23:00:00,A,MARRIAGE,IS,2002,1619,,
ESTAT:DEMO_NIND(1.0),30/04/26 23:00:00,A,MARRIAGE,IS,2003,1473,,
ESTAT:DEMO_NIND(1.0),30/04/26 23:00:00,A,MARRIAGE,IS,2004,1472,,
ESTAT:DEMO_NIND(1.0),30/04/26 23:00:00,A,MARRIAGE,IS,2005,1607,,
ESTAT:DEMO_NIND(1.0),30/04/26 23:00:00,A,MARRIAGE,IS,2006,1681,,
ESTAT:DEMO_NIND(1.0),30/04/26 23:00:00,A,MARRIAGE,IS,2007,1716,,
ESTAT:DEMO_NIND(1.0),30/04/26 23:00:00,A,MARRIAGE,IS,2008,1642,,
ESTAT:DEMO_NIND(1.0),30/04/26 23:00:00,A,MARRIAGE,IS,2009,1480,,
ESTAT:DEMO_NIND(1.0),30/04/26 23:00:00,A,MARRIAGE,IS,2010,1547,,
ESTAT:DEMO_NIND(1.0),30/04/26 23:00:00,A,MARRIAGE,IS,2011,1458,,
ESTAT:DEMO_NIND(1.0),30/04/26 23:00:00,A,MARRIAGE,IS,2012,1491,,
ESTAT:DEMO_NIND(1.0),30/04/26 23:00:00,A,MARRIAGE,IS,2013,1438,,
ESTAT:DEMO_NIND(1.0),30/04/26 23:00:00,A,MARRIAGE,IS,2014,1338,,
ESTAT:DEMO_NIND(1.0),30/04/26 23:00:00,A,MARRIAGE,IS,2015,1519,,
ESTAT:DEMO_NIND(1.0),30/04/26 23:00:00,A,MARRIAGE,IS,2016,1630,,
ESTAT:DEMO_NIND(1.0),30/04/26 23:00:00,A,MARRIAGE,IS,2017,2006,,
ESTAT:DEMO_NIND(1.0),30/04/26 23:00:00,A,MARRIAGE,IS,2018,2104,,
ESTAT:DEMO_NIND(1.0),30/04/26 23:00:00,A,MARRIAGE,IS,2019,2082,,
ESTAT:DEMO_NIND(1.0),30/04/26 23:00:00,A,MARRIAGE,IS,2020,1850,,
ESTAT:DEMO_NIND(1.0),30/04/26 23:00:00,A,MARRIAGE,IT,1960,387683,,
ESTAT:DEMO_NIND(1.0),30/04/26 23:00:00,A,MARRIAGE,IT,1961,397461,,
ESTAT:DEMO_NIND(1.0),30/04/26 23:00:00,A,MARRIAGE,IT,1962,406370,,
ESTAT:DEMO_NIND(1.0),30/04/26 23:00:00,A,MARRIAGE,IT,1963,420300,,
ESTAT:DEMO_NIND(1.0),30/04/26 23:00:00,A,MARRIAGE,IT,1964,417486,,
ESTAT:DEMO_NIND(1.0),30/04/26 23:00:00,A,MARRIAGE,IT,1965,399009,,
ESTAT:DEMO_NIND(1.0),30/04/26 23:00:00,A,MARRIAGE,IT,1966,384802,,
ESTAT:DEMO_NIND(1.0),30/04/26 23:00:00,A,MARRIAGE,IT,1967,380178,,
ESTAT:DEMO_NIND(1.0),30/04/26 23:00:00,A,MARRIAGE,IT,1968,374097,,
ESTAT:DEMO_NIND(1.0),30/04/26 23:00:00,A,MARRIAGE,IT,1969,384672,,
ESTAT:DEMO_NIND(1.0),30/04/26 23:00:00,A,MARRIAGE,IT,1970,395509,,
ESTAT:DEMO_NIND(1.0),30/04/26 23:00:00,A,MARRIAGE,IT,1971,404464,,
ESTAT:DEMO_NIND(1.0),30/04/26 23:00:00,A,MARRIAGE,IT,1972,418944,,
ESTAT:DEMO_NIND(1.0),30/04/26 23:00:00,A,MARRIAGE,IT,1973,418334,,
ESTAT:DEMO_NIND(1.0),30/04/26 23:00:00,A,MARRIAGE,IT,1974,403215,,
ESTAT:DEMO_NIND(1.0),30/04/26 23:00:00,A,MARRIAGE,IT,1975,373784,,
ESTAT:DEMO_NIND(1.0),30/04/26 23:00:00,A,MARRIAGE,IT,1976,354202,,
ESTAT:DEMO_NIND(1.0),30/04/26 23:00:00,A,MARRIAGE,IT,1977,347928,,
ESTAT:DEMO_NIND(1.0),30/04/26 23:00:00,A,MARRIAGE,IT,1978,331416,,
ESTAT:DEMO_NIND(1.0),30/04/26 23:00:00,A,MARRIAGE,IT,1979,323930,,
ESTAT:DEMO_NIND(1.0),30/04/26 23:00:00,A,MARRIAGE,IT,1980,322968,,
ESTAT:DEMO_NIND(1.0),30/04/26 23:00:00,A,MARRIAGE,IT,1981,316953,,
ESTAT:DEMO_NIND(1.0),30/04/26 23:00:00,A,MARRIAGE,IT,1982,312486,,
ESTAT:DEMO_NIND(1.0),30/04/26 23:00:00,A,MARRIAGE,IT,1983,303663,,
ESTAT:DEMO_NIND(1.0),30/04/26 23:00:00,A,MARRIAGE,IT,1984,300889,,
ESTAT:DEMO_NIND(1.0),30/04/26 23:00:00,A,MARRIAGE,IT,1985,298523,,
ESTAT:DEMO_NIND(1.0),30/04/26 23:00:00,A,MARRIAGE,IT,1986,297540,,
ESTAT:DEMO_NIND(1.0),30/04/26 23:00:00,A,MARRIAGE,IT,1987,306264,,
ESTAT:DEMO_NIND(1.0),30/04/26 23:00:00,A,MARRIAGE,IT,1988,318296,,
ESTAT:DEMO_NIND(1.0),30/04/26 23:00:00,A,MARRIAGE,IT,1989,321272,,
ESTAT:DEMO_NIND(1.0),30/04/26 23:00:00,A,MARRIAGE,IT,1990,319711.00,,
ESTAT:DEMO_NIND(1.0),30/04/26 23:00:00,A,MARRIAGE,IT,1991,312061.00,,
ESTAT:DEMO_NIND(1.0),30/04/26 23:00:00,A,MARRIAGE,IT,1992,312348.00,,
ESTAT:DEMO_NIND(1.0),30/04/26 23:00:00,A,MARRIAGE,IT,1993,302230.00,,
ESTAT:DEMO_NIND(1.0),30/04/26 23:00:00,A,MARRIAGE,IT,1994,291607.00,,
ESTAT:DEMO_NIND(1.0),30/04/26 23:00:00,A,MARRIAGE,IT,1995,290009,,
ESTAT:DEMO_NIND(1.0),30/04/26 23:00:00,A,MARRIAGE,IT,1996,278611,,
ESTAT:DEMO_NIND(1.0),30/04/26 23:00:00,A,MARRIAGE,IT,1997,277738,,
ESTAT:DEMO_NIND(1.0),30/04/26 23:00:00,A,MARRIAGE,IT,1998,280034,,
ESTAT:DEMO_NIND(1.0),30/04/26 23:00:00,A,MARRIAGE,IT,1999,280330,,
ESTAT:DEMO_NIND(1.0),30/04/26 23:00:00,A,MARRIAGE,IT,2000,284410,,
ESTAT:DEMO_NIND(1.0),30/04/26 23:00:00,A,MARRIAGE,IT,2001,264026,,
ESTAT:DEMO_NIND(1.0),30/04/26 23:00:00,A,MARRIAGE,IT,2002,270013,,
ESTAT:DEMO_NIND(1.0),30/04/26 23:00:00,A,MARRIAGE,IT,2003,264097,,
ESTAT:DEMO_NIND(1.0),30/04/26 23:00:00,A,MARRIAGE,IT,2004,248969,,
ESTAT:DEMO_NIND(1.0),30/04/26 23:00:00,A,MARRIAGE,IT,2005,247740,,
ESTAT:DEMO_NIND(1.0),30/04/26 23:00:00,A,MARRIAGE,IT,2006,245992,,
ESTAT:DEMO_NIND(1.0),30/04/26 23:00:00,A,MARRIAGE,IT,2007,250360,,
ESTAT:DEMO_NIND(1.0),30/04/26 23:00:00,A,MARRIAGE,IT,2008,246613,,
ESTAT:DEMO_NIND(1.0),30/04/26 23:00:00,A,MARRIAGE,IT,2009,230613,,
ESTAT:DEMO_NIND(1.0),30/04/26 23:00:00,A,MARRIAGE,IT,2010,217700,,
ESTAT:DEMO_NIND(1.0),30/04/26 23:00:00,A,MARRIAGE,IT,2011,204830,,
ESTAT:DEMO_NIND(1.0),30/04/26 23:00:00,A,MARRIAGE,IT,2012,208947,,
ESTAT:DEMO_NIND(1.0),30/04/26 23:00:00,A,MARRIAGE,IT,2013,194057,,
ESTAT:DEMO_NIND(1.0),30/04/26 23:00:00,A,MARRIAGE,IT,2014,189765,,
ESTAT:DEMO_NIND(1.0),30/04/26 23:00:00,A,MARRIAGE,IT,2015,194377,,
ESTAT:DEMO_NIND(1.0),30/04/26 23:00:00,A,MARRIAGE,IT,2016,203258,,
ESTAT:DEMO_NIND(1.0),30/04/26 23:00:00,A,MARRIAGE,IT,2017,191287,,
ESTAT:DEMO_NIND(1.0),30/04/26 23:00:00,A,MARRIAGE,IT,2018,195778,,
ESTAT:DEMO_NIND(1.0),30/04/26 23:00:00,A,MARRIAGE,IT,2019,184088,,
ESTAT:DEMO_NIND(1.0),30/04/26 23:00:00,A,MARRIAGE,IT,2020,96841,,
ESTAT:DEMO_NIND(1.0),30/04/26 23:00:00,A,MARRIAGE,IT,2021,180416,,
ESTAT:DEMO_NIND(1.0),30/04/26 23:00:00,A,MARRIAGE,IT,2022,189140,,
ESTAT:DEMO_NIND(1.0),30/04/26 23:00:00,A,MARRIAGE,IT,2023,184207,,
ESTAT:DEMO_NIND(1.0),30/04/26 23:00:00,A,MARRIAGE,IT,2024,173272,,
ESTAT:DEMO_NIND(1.0),30/04/26 23:00:00,A,MARRIAGE,LI,1960,94,,
ESTAT:DEMO_NIND(1.0),30/04/26 23:00:00,A,MARRIAGE,LI,1961,121,,
ESTAT:DEMO_NIND(1.0),30/04/26 23:00:00,A,MARRIAGE,LI,1962,117,,
ESTAT:DEMO_NIND(1.0),30/04/26 23:00:00,A,MARRIAGE,LI,1963,104,,
ESTAT:DEMO_NIND(1.0),30/04/26 23:00:00,A,MARRIAGE,LI,1964,143,,
ESTAT:DEMO_NIND(1.0),30/04/26 23:00:00,A,MARRIAGE,LI,1965,132,,
ESTAT:DEMO_NIND(1.0),30/04/26 23:00:00,A,MARRIAGE,LI,1966,117,,
ESTAT:DEMO_NIND(1.0),30/04/26 23:00:00,A,MARRIAGE,LI,1967,142,,
ESTAT:DEMO_NIND(1.0),30/04/26 23:00:00,A,MARRIAGE,LI,1968,154,,
ESTAT:DEMO_NIND(1.0),30/04/26 23:00:00,A,MARRIAGE,LI,1969,159,,
ESTAT:DEMO_NIND(1.0),30/04/26 23:00:00,A,MARRIAGE,LI,1970,125,,
ESTAT:DEMO_NIND(1.0),30/04/26 23:00:00,A,MARRIAGE,LI,1971,158,,
ESTAT:DEMO_NIND(1.0),30/04/26 23:00:00,A,MARRIAGE,LI,1972,150,,
ESTAT:DEMO_NIND(1.0),30/04/26 23:00:00,A,MARRIAGE,LI,1973,126,,
ESTAT:DEMO_NIND(1.0),30/04/26 23:00:00,A,MARRIAGE,LI,1974,134,,
ESTAT:DEMO_NIND(1.0),30/04/26 23:00:00,A,MARRIAGE,LI,1975,162,,
ESTAT:DEMO_NIND(1.0),30/04/26 23:00:00,A,MARRIAGE,LI,1976,165,,
ESTAT:DEMO_NIND(1.0),30/04/26 23:00:00,A,MARRIAGE,LI,1977,146,,
ESTAT:DEMO_NIND(1.0),30/04/26 23:00:00,A,MARRIAGE,LI,1978,150,,
ESTAT:DEMO_NIND(1.0),30/04/26 23:00:00,A,MARRIAGE,LI,1979,155,,
ESTAT:DEMO_NIND(1.0),30/04/26 23:00:00,A,MARRIAGE,LI,1980,180,,
ESTAT:DEMO_NIND(1.0),30/04/26 23:00:00,A,MARRIAGE,LI,1981,166,,
ESTAT:DEMO_NIND(1.0),30/04/26 23:00:00,A,MARRIAGE,LI,1982,168,,
ESTAT:DEMO_NIND(1.0),30/04/26 23:00:00,A,MARRIAGE,LI,1983,186,,
ESTAT:DEMO_NIND(1.0),30/04/26 23:00:00,A,MARRIAGE,LI,1984,194,,
ESTAT:DEMO_NIND(1.0),30/04/26 23:00:00,A,MARRIAGE,LI,1985,175,,
ESTAT:DEMO_NIND(1.0),30/04/26 23:00:00,A,MARRIAGE,LI,1986,147,,
ESTAT:DEMO_NIND(1.0),30/04/26 23:00:00,A,MARRIAGE,LI,1987,165,,
ESTAT:DEMO_NIND(1.0),30/04/26 23:00:00,A,MARRIAGE,LI,1988,178,,
ESTAT:DEMO_NIND(1.0),30/04/26 23:00:00,A,MARRIAGE,LI,1989,161,,
ESTAT:DEMO_NIND(1.0),30/04/26 23:00:00,A,MARRIAGE,LI,1990,162.00,,
ESTAT:DEMO_NIND(1.0),30/04/26 23:00:00,A,MARRIAGE,LI,1991,183.00,,
ESTAT:DEMO_NIND(1.0),30/04/26 23:00:00,A,MARRIAGE,LI,1992,420.00,,
ESTAT:DEMO_NIND(1.0),30/04/26 23:00:00,A,MARRIAGE,LI,1993,225.00,,
ESTAT:DEMO_NIND(1.0),30/04/26 23:00:00,A,MARRIAGE,LI,1994,396.00,,
ESTAT:DEMO_NIND(1.0),30/04/26 23:00:00,A,MARRIAGE,LI,1995,406,,
ESTAT:DEMO_NIND(1.0),30/04/26 23:00:00,A,MARRIAGE,LI,1996,439,,
ESTAT:DEMO_NIND(1.0),30/04/26 23:00:00,A,MARRIAGE,LI,1997,392,,
ESTAT:DEMO_NIND(1.0),30/04/26 23:00:00,A,MARRIAGE,LI,1999,226,,
ESTAT:DEMO_NIND(1.0),30/04/26 23:00:00,A,MARRIAGE,LI,2000,236,,
ESTAT:DEMO_NIND(1.0),30/04/26 23:00:00,A,MARRIAGE,LI,2001,199,,
ESTAT:DEMO_NIND(1.0),30/04/26 23:00:00,A,MARRIAGE,LI,2002,173,,
ESTAT:DEMO_NIND(1.0),30/04/26 23:00:00,A,MARRIAGE,LI,2003,149,,
ESTAT:DEMO_NIND(1.0),30/04/26 23:00:00,A,MARRIAGE,LI,2004,164,,
ESTAT:DEMO_NIND(1.0),30/04/26 23:00:00,A,MARRIAGE,LI,2005,188,,
ESTAT:DEMO_NIND(1.0),30/04/26 23:00:00,A,MARRIAGE,LI,2006,151,,
ESTAT:DEMO_NIND(1.0),30/04/26 23:00:00,A,MARRIAGE,LI,2007,182,,
ESTAT:DEMO_NIND(1.0),30/04/26 23:00:00,A,MARRIAGE,LI,2008,205,,
ESTAT:DEMO_NIND(1.0),30/04/26 23:00:00,A,MARRIAGE,LI,2009,154,,
ESTAT:DEMO_NIND(1.0),30/04/26 23:00:00,A,MARRIAGE,LI,2010,181,,
ESTAT:DEMO_NIND(1.0),30/04/26 23:00:00,A,MARRIAGE,LI,2011,163,,
ESTAT:DEMO_NIND(1.0),30/04/26 23:00:00,A,MARRIAGE,LI,2012,185,,
ESTAT:DEMO_NIND(1.0),30/04/26 23:00:00,A,MARRIAGE,LT,1960,28144,,
ESTAT:DEMO_NIND(1.0),30/04/26 23:00:00,A,MARRIAGE,LT,1961,28069,,
ESTAT:DEMO_NIND(1.0),30/04/26 23:00:00,A,MARRIAGE,LT,1962,26747,,
ESTAT:DEMO_NIND(1.0),30/04/26 23:00:00,A,MARRIAGE,LT,1963,25345,,
ESTAT:DEMO_NIND(1.0),30/04/26 23:00:00,A,MARRIAGE,LT,1964,25230,,
ESTAT:DEMO_NIND(1.0),30/04/26 23:00:00,A,MARRIAGE,LT,1965,24907,,
ESTAT:DEMO_NIND(1.0),30/04/26 23:00:00,A,MARRIAGE,LT,1966,27759,,
ESTAT:DEMO_NIND(1.0),30/04/26 23:00:00,A,MARRIAGE,LT,1967,27888,,
ESTAT:DEMO_NIND(1.0),30/04/26 23:00:00,A,MARRIAGE,LT,1968,29259,,
ESTAT:DEMO_NIND(1.0),30/04/26 23:00:00,A,MARRIAGE,LT,1969,30054,,
ESTAT:DEMO_NIND(1.0),30/04/26 23:00:00,A,MARRIAGE,LT,1970,29915,,
ESTAT:DEMO_NIND(1.0),30/04/26 23:00:00,A,MARRIAGE,LT,1971,29263,,
ESTAT:DEMO_NIND(1.0),30/04/26 23:00:00,A,MARRIAGE,LT,1972,28388,,
ESTAT:DEMO_NIND(1.0),30/04/26 23:00:00,A,MARRIAGE,LT,1973,28456,,
ESTAT:DEMO_NIND(1.0),30/04/26 23:00:00,A,MARRIAGE,LT,1974,28844,,
ESTAT:DEMO_NIND(1.0),30/04/26 23:00:00,A,MARRIAGE,LT,1975,29609,,
ESTAT:DEMO_NIND(1.0),30/04/26 23:00:00,A,MARRIAGE,LT,1976,29886,,
ESTAT:DEMO_NIND(1.0),30/04/26 23:00:00,A,MARRIAGE,LT,1977,30700,,
ESTAT:DEMO_NIND(1.0),30/04/26 23:00:00,A,MARRIAGE,LT,1978,30855,,
ESTAT:DEMO_NIND(1.0),30/04/26 23:00:00,A,MARRIAGE,LT,1979,31820,,
ESTAT:DEMO_NIND(1.0),30/04/26 23:00:00,A,MARRIAGE,LT,1980,31520,,
ESTAT:DEMO_NIND(1.0),30/04/26 23:00:00,A,MARRIAGE,LT,1981,31338,,
ESTAT:DEMO_NIND(1.0),30/04/26 23:00:00,A,MARRIAGE,LT,1982,32598,,
ESTAT:DEMO_NIND(1.0),30/04/26 23:00:00,A,MARRIAGE,LT,1983,33417,,
ESTAT:DEMO_NIND(1.0),30/04/26 23:00:00,A,MARRIAGE,LT,1984,34127,,
ESTAT:DEMO_NIND(1.0),30/04/26 23:00:00,A,MARRIAGE,LT,1985,34211,,
ESTAT:DEMO_NIND(1.0),30/04/26 23:00:00,A,MARRIAGE,LT,1986,35361,,
ESTAT:DEMO_NIND(1.0),30/04/26 23:00:00,A,MARRIAGE,LT,1987,35122,,
ESTAT:DEMO_NIND(1.0),30/04/26 23:00:00,A,MARRIAGE,LT,1988,34906,,
ESTAT:DEMO_NIND(1.0),30/04/26 23:00:00,A,MARRIAGE,LT,1989,34630,,
ESTAT:DEMO_NIND(1.0),30/04/26 23:00:00,A,MARRIAGE,LT,1990,36310.00,,
ESTAT:DEMO_NIND(1.0),30/04/26 23:00:00,A,MARRIAGE,LT,1991,34241.00,,
ESTAT:DEMO_NIND(1.0),30/04/26 23:00:00,A,MARRIAGE,LT,1992,30112.00,,
ESTAT:DEMO_NIND(1.0),30/04/26 23:00:00,A,MARRIAGE,LT,1993,23709.00,,
ESTAT:DEMO_NIND(1.0),30/04/26 23:00:00,A,MARRIAGE,LT,1994,23337.00,,
ESTAT:DEMO_NIND(1.0),30/04/26 23:00:00,A,MARRIAGE,LT,1995,22150,,
ESTAT:DEMO_NIND(1.0),30/04/26 23:00:00,A,MARRIAGE,LT,1996,20433,,
ESTAT:DEMO_NIND(1.0),30/04/26 23:00:00,A,MARRIAGE,LT,1997,18796,,
ESTAT:DEMO_NIND(1.0),30/04/26 23:00:00,A,MARRIAGE,LT,1998,18486,,
ESTAT:DEMO_NIND(1.0),30/04/26 23:00:00,A,MARRIAGE,LT,1999,17868,,
ESTAT:DEMO_NIND(1.0),30/04/26 23:00:00,A,MARRIAGE,LT,2000,16906,,
ESTAT:DEMO_NIND(1.0),30/04/26 23:00:00,A,MARRIAGE,LT,2001,15764,,
ESTAT:DEMO_NIND(1.0),30/04/26 23:00:00,A,MARRIAGE,LT,2002,16151,,
ESTAT:DEMO_NIND(1.0),30/04/26 23:00:00,A,MARRIAGE,LT,2003,16975,,
ESTAT:DEMO_NIND(1.0),30/04/26 23:00:00,A,MARRIAGE,LT,2004,19130,,
ESTAT:DEMO_NIND(1.0),30/04/26 23:00:00,A,MARRIAGE,LT,2005,19938,,
ESTAT:DEMO_NIND(1.0),30/04/26 23:00:00,A,MARRIAGE,LT,2006,21246,,
ESTAT:DEMO_NIND(1.0),30/04/26 23:00:00,A,MARRIAGE,LT,2007,23065,,
ESTAT:DEMO_NIND(1.0),30/04/26 23:00:00,A,MARRIAGE,LT,2008,24063,,
ESTAT:DEMO_NIND(1.0),30/04/26 23:00:00,A,MARRIAGE,LT,2009,20542,,
ESTAT:DEMO_NIND(1.0),30/04/26 23:00:00,A,MARRIAGE,LT,2010,18688,,
ESTAT:DEMO_NIND(1.0),30/04/26 23:00:00,A,MARRIAGE,LT,2011,19221,,
ESTAT:DEMO_NIND(1.0),30/04/26 23:00:00,A,MARRIAGE,LT,2012,20660,,
ESTAT:DEMO_NIND(1.0),30/04/26 23:00:00,A,MARRIAGE,LT,2013,20469,,
ESTAT:DEMO_NIND(1.0),30/04/26 23:00:00,A,MARRIAGE,LT,2014,22142,,
ESTAT:DEMO_NIND(1.0),30/04/26 23:00:00,A,MARRIAGE,LT,2015,21987,,
ESTAT:DEMO_NIND(1.0),30/04/26 23:00:00,A,MARRIAGE,LT,2016,21347,,
ESTAT:DEMO_NIND(1.0),30/04/26 23:00:00,A,MARRIAGE,LT,2017,21186,,
ESTAT:DEMO_NIND(1.0),30/04/26 23:00:00,A,MARRIAGE,LT,2018,19734,,
ESTAT:DEMO_NIND(1.0),30/04/26 23:00:00,A,MARRIAGE,LT,2019,19502,,
ESTAT:DEMO_NIND(1.0),30/04/26 23:00:00,A,MARRIAGE,LT,2020,15299,,
ESTAT:DEMO_NIND(1.0),30/04/26 23:00:00,A,MARRIAGE,LT,2021,16795,,
ESTAT:DEMO_NIND(1.0),30/04/26 23:00:00,A,MARRIAGE,LT,2022,16016,,
ESTAT:DEMO_NIND(1.0),30/04/26 23:00:00,A,MARRIAGE,LT,2023,13997,,
ESTAT:DEMO_NIND(1.0),30/04/26 23:00:00,A,MARRIAGE,LT,2024,12890,,
ESTAT:DEMO_NIND(1.0),30/04/26 23:00:00,A,MARRIAGE,LU,1960,2236,,
ESTAT:DEMO_NIND(1.0),30/04/26 23:00:00,A,MARRIAGE,LU,1961,2204,,
ESTAT:DEMO_NIND(1.0),30/04/26 23:00:00,A,MARRIAGE,LU,1962,2152,,
ESTAT:DEMO_NIND(1.0),30/04/26 23:00:00,A,MARRIAGE,LU,1963,2136,,
ESTAT:DEMO_NIND(1.0),30/04/26 23:00:00,A,MARRIAGE,LU,1964,2172,,
ESTAT:DEMO_NIND(1.0),30/04/26 23:00:00,A,MARRIAGE,LU,1965,2184,,
ESTAT:DEMO_NIND(1.0),30/04/26 23:00:00,A,MARRIAGE,LU,1966,2205,,
ESTAT:DEMO_NIND(1.0),30/04/26 23:00:00,A,MARRIAGE,LU,1967,2156,,
ESTAT:DEMO_NIND(1.0),30/04/26 23:00:00,A,MARRIAGE,LU,1968,2199,,
ESTAT:DEMO_NIND(1.0),30/04/26 23:00:00,A,MARRIAGE,LU,1969,2221,,
ESTAT:DEMO_NIND(1.0),30/04/26 23:00:00,A,MARRIAGE,LU,1970,2156,,
ESTAT:DEMO_NIND(1.0),30/04/26 23:00:00,A,MARRIAGE,LU,1971,2236,,
ESTAT:DEMO_NIND(1.0),30/04/26 23:00:00,A,MARRIAGE,LU,1972,2299,,
ESTAT:DEMO_NIND(1.0),30/04/26 23:00:00,A,MARRIAGE,LU,1973,2084,,
ESTAT:DEMO_NIND(1.0),30/04/26 23:00:00,A,MARRIAGE,LU,1974,2202,,
ESTAT:DEMO_NIND(1.0),30/04/26 23:00:00,A,MARRIAGE,LU,1975,2425,,
ESTAT:DEMO_NIND(1.0),30/04/26 23:00:00,A,MARRIAGE,LU,1976,2249,,
ESTAT:DEMO_NIND(1.0),30/04/26 23:00:00,A,MARRIAGE,LU,1977,2223,,
ESTAT:DEMO_NIND(1.0),30/04/26 23:00:00,A,MARRIAGE,LU,1978,2132,,
ESTAT:DEMO_NIND(1.0),30/04/26 23:00:00,A,MARRIAGE,LU,1979,2086,,
ESTAT:DEMO_NIND(1.0),30/04/26 23:00:00,A,MARRIAGE,LU,1980,2149,,
ESTAT:DEMO_NIND(1.0),30/04/26 23:00:00,A,MARRIAGE,LU,1981,1973,,
ESTAT:DEMO_NIND(1.0),30/04/26 23:00:00,A,MARRIAGE,LU,1982,2089,,
ESTAT:DEMO_NIND(1.0),30/04/26 23:00:00,A,MARRIAGE,LU,1983,1982,,
ESTAT:DEMO_NIND(1.0),30/04/26 23:00:00,A,MARRIAGE,LU,1984,1970,,
ESTAT:DEMO_NIND(1.0),30/04/26 23:00:00,A,MARRIAGE,LU,1985,1962,,
ESTAT:DEMO_NIND(1.0),30/04/26 23:00:00,A,MARRIAGE,LU,1986,1892,,
ESTAT:DEMO_NIND(1.0),30/04/26 23:00:00,A,MARRIAGE,LU,1987,1958,,
ESTAT:DEMO_NIND(1.0),30/04/26 23:00:00,A,MARRIAGE,LU,1988,2079,,
ESTAT:DEMO_NIND(1.0),30/04/26 23:00:00,A,MARRIAGE,LU,1989,2184,,
ESTAT:DEMO_NIND(1.0),30/04/26 23:00:00,A,MARRIAGE,LU,1990,2312.00,,
ESTAT:DEMO_NIND(1.0),30/04/26 23:00:00,A,MARRIAGE,LU,1991,2592.00,,
ESTAT:DEMO_NIND(1.0),30/04/26 23:00:00,A,MARRIAGE,LU,1992,2512.00,,
ESTAT:DEMO_NIND(1.0),30/04/26 23:00:00,A,MARRIAGE,LU,1993,2379.00,,
ESTAT:DEMO_NIND(1.0),30/04/26 23:00:00,A,MARRIAGE,LU,1994,2352.00,,
ESTAT:DEMO_NIND(1.0),30/04/26 23:00:00,A,MARRIAGE,LU,1995,2074,,
ESTAT:DEMO_NIND(1.0),30/04/26 23:00:00,A,MARRIAGE,LU,1996,2105,,
ESTAT:DEMO_NIND(1.0),30/04/26 23:00:00,A,MARRIAGE,LU,1997,2007,,
ESTAT:DEMO_NIND(1.0),30/04/26 23:00:00,A,MARRIAGE,LU,1998,2040,,
ESTAT:DEMO_NIND(1.0),30/04/26 23:00:00,A,MARRIAGE,LU,1999,2090,,
ESTAT:DEMO_NIND(1.0),30/04/26 23:00:00,A,MARRIAGE,LU,2000,2148,,
ESTAT:DEMO_NIND(1.0),30/04/26 23:00:00,A,MARRIAGE,LU,2001,1983,,
ESTAT:DEMO_NIND(1.0),30/04/26 23:00:00,A,MARRIAGE,LU,2002,2022,,
ESTAT:DEMO_NIND(1.0),30/04/26 23:00:00,A,MARRIAGE,LU,2003,2001,,
ESTAT:DEMO_NIND(1.0),30/04/26 23:00:00,A,MARRIAGE,LU,2004,1999,,
ESTAT:DEMO_NIND(1.0),30/04/26 23:00:00,A,MARRIAGE,LU,2005,2032,,
ESTAT:DEMO_NIND(1.0),30/04/26 23:00:00,A,MARRIAGE,LU,2006,1948,,
ESTAT:DEMO_NIND(1.0),30/04/26 23:00:00,A,MARRIAGE,LU,2007,1969,,
ESTAT:DEMO_NIND(1.0),30/04/26 23:00:00,A,MARRIAGE,LU,2008,1917,,
ESTAT:DEMO_NIND(1.0),30/04/26 23:00:00,A,MARRIAGE,LU,2009,1739,,
ESTAT:DEMO_NIND(1.0),30/04/26 23:00:00,A,MARRIAGE,LU,2010,1749,,
ESTAT:DEMO_NIND(1.0),30/04/26 23:00:00,A,MARRIAGE,LU,2011,1714,,
ESTAT:DEMO_NIND(1.0),30/04/26 23:00:00,A,MARRIAGE,LU,2012,1782,,
ESTAT:DEMO_NIND(1.0),30/04/26 23:00:00,A,MARRIAGE,LU,2013,1722,,
ESTAT:DEMO_NIND(1.0),30/04/26 23:00:00,A,MARRIAGE,LU,2014,1657,,
ESTAT:DEMO_NIND(1.0),30/04/26 23:00:00,A,MARRIAGE,LU,2015,2052,,
ESTAT:DEMO_NIND(1.0),30/04/26 23:00:00,A,MARRIAGE,LU,2016,1884,,
ESTAT:DEMO_NIND(1.0),30/04/26 23:00:00,A,MARRIAGE,LU,2017,1908,,
ESTAT:DEMO_NIND(1.0),30/04/26 23:00:00,A,MARRIAGE,LU,2018,1898,,
ESTAT:DEMO_NIND(1.0),30/04/26 23:00:00,A,MARRIAGE,LU,2019,2143,,
ESTAT:DEMO_NIND(1.0),30/04/26 23:00:00,A,MARRIAGE,LU,2020,1803,,
ESTAT:DEMO_NIND(1.0),30/04/26 23:00:00,A,MARRIAGE,LU,2021,1945,,
ESTAT:DEMO_NIND(1.0),30/04/26 23:00:00,A,MARRIAGE,LU,2022,2475,,
ESTAT:DEMO_NIND(1.0),30/04/26 23:00:00,A,MARRIAGE,LU,2023,2539,,
ESTAT:DEMO_NIND(1.0),30/04/26 23:00:00,A,MARRIAGE,LU,2024,2567,,
ESTAT:DEMO_NIND(1.0),30/04/26 23:00:00,A,MARRIAGE,LV,1960,23365,,
ESTAT:DEMO_NIND(1.0),30/04/26 23:00:00,A,MARRIAGE,LV,1961,22703,,
ESTAT:DEMO_NIND(1.0),30/04/26 23:00:00,A,MARRIAGE,LV,1962,21843,,
ESTAT:DEMO_NIND(1.0),30/04/26 23:00:00,A,MARRIAGE,LV,1963,20921,,
ESTAT:DEMO_NIND(1.0),30/04/26 23:00:00,A,MARRIAGE,LV,1964,19165,,
ESTAT:DEMO_NIND(1.0),30/04/26 23:00:00,A,MARRIAGE,LV,1965,20024,,
ESTAT:DEMO_NIND(1.0),30/04/26 23:00:00,A,MARRIAGE,LV,1966,22319,,
ESTAT:DEMO_NIND(1.0),30/04/26 23:00:00,A,MARRIAGE,LV,1967,22718,,
ESTAT:DEMO_NIND(1.0),30/04/26 23:00:00,A,MARRIAGE,LV,1968,23647,,
ESTAT:DEMO_NIND(1.0),30/04/26 23:00:00,A,MARRIAGE,LV,1969,23517,,
ESTAT:DEMO_NIND(1.0),30/04/26 23:00:00,A,MARRIAGE,LV,1970,23983,,
ESTAT:DEMO_NIND(1.0),30/04/26 23:00:00,A,MARRIAGE,LV,1971,23866,,
ESTAT:DEMO_NIND(1.0),30/04/26 23:00:00,A,MARRIAGE,LV,1972,22584,,
ESTAT:DEMO_NIND(1.0),30/04/26 23:00:00,A,MARRIAGE,LV,1973,23704,,
ESTAT:DEMO_NIND(1.0),30/04/26 23:00:00,A,MARRIAGE,LV,1974,24292,,
ESTAT:DEMO_NIND(1.0),30/04/26 23:00:00,A,MARRIAGE,LV,1975,24544,,
ESTAT:DEMO_NIND(1.0),30/04/26 23:00:00,A,MARRIAGE,LV,1976,23729,,
ESTAT:DEMO_NIND(1.0),30/04/26 23:00:00,A,MARRIAGE,LV,1977,24738,,
ESTAT:DEMO_NIND(1.0),30/04/26 23:00:00,A,MARRIAGE,LV,1978,25429,,
ESTAT:DEMO_NIND(1.0),30/04/26 23:00:00,A,MARRIAGE,LV,1979,25073,,
ESTAT:DEMO_NIND(1.0),30/04/26 23:00:00,A,MARRIAGE,LV,1980,24611,,
ESTAT:DEMO_NIND(1.0),30/04/26 23:00:00,A,MARRIAGE,LV,1981,24767,,
ESTAT:DEMO_NIND(1.0),30/04/26 23:00:00,A,MARRIAGE,LV,1982,24474,,
ESTAT:DEMO_NIND(1.0),30/04/26 23:00:00,A,MARRIAGE,LV,1983,24284,,
ESTAT:DEMO_NIND(1.0),30/04/26 23:00:00,A,MARRIAGE,LV,1984,23615,,
ESTAT:DEMO_NIND(1.0),30/04/26 23:00:00,A,MARRIAGE,LV,1985,24032,,
ESTAT:DEMO_NIND(1.0),30/04/26 23:00:00,A,MARRIAGE,LV,1986,25099,,
ESTAT:DEMO_NIND(1.0),30/04/26 23:00:00,A,MARRIAGE,LV,1987,25477,,
ESTAT:DEMO_NIND(1.0),30/04/26 23:00:00,A,MARRIAGE,LV,1988,25296,,
ESTAT:DEMO_NIND(1.0),30/04/26 23:00:00,A,MARRIAGE,LV,1989,24496,,
ESTAT:DEMO_NIND(1.0),30/04/26 23:00:00,A,MARRIAGE,LV,1990,23619.00,,
ESTAT:DEMO_NIND(1.0),30/04/26 23:00:00,A,MARRIAGE,LV,1991,22337.00,,
ESTAT:DEMO_NIND(1.0),30/04/26 23:00:00,A,MARRIAGE,LV,1992,18906.00,,
ESTAT:DEMO_NIND(1.0),30/04/26 23:00:00,A,MARRIAGE,LV,1993,14595.00,,
ESTAT:DEMO_NIND(1.0),30/04/26 23:00:00,A,MARRIAGE,LV,1994,11572.00,,
ESTAT:DEMO_NIND(1.0),30/04/26 23:00:00,A,MARRIAGE,LV,1995,11072,,
ESTAT:DEMO_NIND(1.0),30/04/26 23:00:00,A,MARRIAGE,LV,1996,9634,,
ESTAT:DEMO_NIND(1.0),30/04/26 23:00:00,A,MARRIAGE,LV,1997,9680,,
ESTAT:DEMO_NIND(1.0),30/04/26 23:00:00,A,MARRIAGE,LV,1998,9641,,
ESTAT:DEMO_NIND(1.0),30/04/26 23:00:00,A,MARRIAGE,LV,1999,9399,,
ESTAT:DEMO_NIND(1.0),30/04/26 23:00:00,A,MARRIAGE,LV,2000,9211,,
ESTAT:DEMO_NIND(1.0),30/04/26 23:00:00,A,MARRIAGE,LV,2001,9258,,
ESTAT:DEMO_NIND(1.0),30/04/26 23:00:00,A,MARRIAGE,LV,2002,9738,,
ESTAT:DEMO_NIND(1.0),30/04/26 23:00:00,A,MARRIAGE,LV,2003,9989,,
ESTAT:DEMO_NIND(1.0),30/04/26 23:00:00,A,MARRIAGE,LV,2004,10370,,
ESTAT:DEMO_NIND(1.0),30/04/26 23:00:00,A,MARRIAGE,LV,2005,12544,,
ESTAT:DEMO_NIND(1.0),30/04/26 23:00:00,A,MARRIAGE,LV,2006,14616,,
ESTAT:DEMO_NIND(1.0),30/04/26 23:00:00,A,MARRIAGE,LV,2007,15486,,
ESTAT:DEMO_NIND(1.0),30/04/26 23:00:00,A,MARRIAGE,LV,2008,12946,,
ESTAT:DEMO_NIND(1.0),30/04/26 23:00:00,A,MARRIAGE,LV,2009,9925,,
ESTAT:DEMO_NIND(1.0),30/04/26 23:00:00,A,MARRIAGE,LV,2010,9290,,
ESTAT:DEMO_NIND(1.0),30/04/26 23:00:00,A,MARRIAGE,LV,2011,10760,,
ESTAT:DEMO_NIND(1.0),30/04/26 23:00:00,A,MARRIAGE,LV,2012,11244,,
ESTAT:DEMO_NIND(1.0),30/04/26 23:00:00,A,MARRIAGE,LV,2013,11436,,
ESTAT:DEMO_NIND(1.0),30/04/26 23:00:00,A,MARRIAGE,LV,2014,12515,,
ESTAT:DEMO_NIND(1.0),30/04/26 23:00:00,A,MARRIAGE,LV,2015,13617,,
ESTAT:DEMO_NIND(1.0),30/04/26 23:00:00,A,MARRIAGE,LV,2016,13002,,
ESTAT:DEMO_NIND(1.0),30/04/26 23:00:00,A,MARRIAGE,LV,2017,13150,,
ESTAT:DEMO_NIND(1.0),30/04/26 23:00:00,A,MARRIAGE,LV,2018,13058,,
ESTAT:DEMO_NIND(1.0),30/04/26 23:00:00,A,MARRIAGE,LV,2019,12861,,
ESTAT:DEMO_NIND(1.0),30/04/26 23:00:00,A,MARRIAGE,LV,2020,10702,,
ESTAT:DEMO_NIND(1.0),30/04/26 23:00:00,A,MARRIAGE,LV,2021,11228,,
ESTAT:DEMO_NIND(1.0),30/04/26 23:00:00,A,MARRIAGE,LV,2022,11848,,
ESTAT:DEMO_NIND(1.0),30/04/26 23:00:00,A,MARRIAGE,LV,2023,10549,,
ESTAT:DEMO_NIND(1.0),30/04/26 23:00:00,A,MARRIAGE,LV,2024,10205,,
ESTAT:DEMO_NIND(1.0),30/04/26 23:00:00,A,MARRIAGE,MC,2004,171,,
ESTAT:DEMO_NIND(1.0),30/04/26 23:00:00,A,MARRIAGE,MC,2005,161,,
ESTAT:DEMO_NIND(1.0),30/04/26 23:00:00,A,MARRIAGE,MC,2023,194,,
ESTAT:DEMO_NIND(1.0),30/04/26 23:00:00,A,MARRIAGE,MC,2024,176,,
ESTAT:DEMO_NIND(1.0),30/04/26 23:00:00,A,MARRIAGE,MD,2004,25164,,
ESTAT:DEMO_NIND(1.0),30/04/26 23:00:00,A,MARRIAGE,MD,2005,27187,,
ESTAT:DEMO_NIND(1.0),30/04/26 23:00:00,A,MARRIAGE,MD,2006,27128,,
ESTAT:DEMO_NIND(1.0),30/04/26 23:00:00,A,MARRIAGE,MD,2007,29213,,
ESTAT:DEMO_NIND(1.0),30/04/26 23:00:00,A,MARRIAGE,MD,2008,26666,,
ESTAT:DEMO_NIND(1.0),30/04/26 23:00:00,A,MARRIAGE,MD,2009,26781,,
ESTAT:DEMO_NIND(1.0),30/04/26 23:00:00,A,MARRIAGE,MD,2010,26483,,
ESTAT:DEMO_NIND(1.0),30/04/26 23:00:00,A,MARRIAGE,MD,2011,25900,,
ESTAT:DEMO_NIND(1.0),30/04/26 23:00:00,A,MARRIAGE,MD,2012,24262,,
ESTAT:DEMO_NIND(1.0),30/04/26 23:00:00,A,MARRIAGE,MD,2013,24449,,
ESTAT:DEMO_NIND(1.0),30/04/26 23:00:00,A,MARRIAGE,MD,2014,25624,,
ESTAT:DEMO_NIND(1.0),30/04/26 23:00:00,A,MARRIAGE,MD,2015,24709,,
ESTAT:DEMO_NIND(1.0),30/04/26 23:00:00,A,MARRIAGE,MD,2016,21992,,
ESTAT:DEMO_NIND(1.0),30/04/26 23:00:00,A,MARRIAGE,MD,2017,20924,,
ESTAT:DEMO_NIND(1.0),30/04/26 23:00:00,A,MARRIAGE,MD,2018,20399,,
ESTAT:DEMO_NIND(1.0),30/04/26 23:00:00,A,MARRIAGE,MD,2019,20301,,
ESTAT:DEMO_NIND(1.0),30/04/26 23:00:00,A,MARRIAGE,MD,2020,15539,,
ESTAT:DEMO_NIND(1.0),30/04/26 23:00:00,A,MARRIAGE,MD,2021,20268,,
ESTAT:DEMO_NIND(1.0),30/04/26 23:00:00,A,MARRIAGE,MD,2022,18157,,
ESTAT:DEMO_NIND(1.0),30/04/26 23:00:00,A,MARRIAGE,MD,2023,15738,,
ESTAT:DEMO_NIND(1.0),30/04/26 23:00:00,A,MARRIAGE,MD,2024,14788,,
ESTAT:DEMO_NIND(1.0),30/04/26 23:00:00,A,MARRIAGE,ME,2005,3291,,
ESTAT:DEMO_NIND(1.0),30/04/26 23:00:00,A,MARRIAGE,ME,2006,3462,,
ESTAT:DEMO_NIND(1.0),30/04/26 23:00:00,A,MARRIAGE,ME,2007,4005,,
ESTAT:DEMO_NIND(1.0),30/04/26 23:00:00,A,MARRIAGE,ME,2008,3445,,
ESTAT:DEMO_NIND(1.0),30/04/26 23:00:00,A,MARRIAGE,ME,2009,3829,,
ESTAT:DEMO_NIND(1.0),30/04/26 23:00:00,A,MARRIAGE,ME,2010,3675,,
ESTAT:DEMO_NIND(1.0),30/04/26 23:00:00,A,MARRIAGE,ME,2012,3306,,
ESTAT:DEMO_NIND(1.0),30/04/26 23:00:00,A,MARRIAGE,ME,2013,3847,,
ESTAT:DEMO_NIND(1.0),30/04/26 23:00:00,A,MARRIAGE,ME,2014,3527,,
ESTAT:DEMO_NIND(1.0),30/04/26 23:00:00,A,MARRIAGE,ME,2015,3837,,
ESTAT:DEMO_NIND(1.0),30/04/26 23:00:00,A,MARRIAGE,ME,2016,3178,,
ESTAT:DEMO_NIND(1.0),30/04/26 23:00:00,A,MARRIAGE,ME,2017,3272,,
ESTAT:DEMO_NIND(1.0),30/04/26 23:00:00,A,MARRIAGE,ME,2018,3321,,
ESTAT:DEMO_NIND(1.0),30/04/26 23:00:00,A,MARRIAGE,ME,2019,3523,,
ESTAT:DEMO_NIND(1.0),30/04/26 23:00:00,A,MARRIAGE,ME,2020,2026,,
ESTAT:DEMO_NIND(1.0),30/04/26 23:00:00,A,MARRIAGE,ME,2021,3196,,
ESTAT:DEMO_NIND(1.0),30/04/26 23:00:00,A,MARRIAGE,MK,1960,11941,,
ESTAT:DEMO_NIND(1.0),30/04/26 23:00:00,A,MARRIAGE,MK,1961,11881,,
ESTAT:DEMO_NIND(1.0),30/04/26 23:00:00,A,MARRIAGE,MK,1962,11941,,
ESTAT:DEMO_NIND(1.0),30/04/26 23:00:00,A,MARRIAGE,MK,1963,11827,,
ESTAT:DEMO_NIND(1.0),30/04/26 23:00:00,A,MARRIAGE,MK,1964,13472,,
ESTAT:DEMO_NIND(1.0),30/04/26 23:00:00,A,MARRIAGE,MK,1965,13467,,
ESTAT:DEMO_NIND(1.0),30/04/26 23:00:00,A,MARRIAGE,MK,1966,12961,,
ESTAT:DEMO_NIND(1.0),30/04/26 23:00:00,A,MARRIAGE,MK,1967,13141,,
ESTAT:DEMO_NIND(1.0),30/04/26 23:00:00,A,MARRIAGE,MK,1968,13550,,
ESTAT:DEMO_NIND(1.0),30/04/26 23:00:00,A,MARRIAGE,MK,1969,14376,,
ESTAT:DEMO_NIND(1.0),30/04/26 23:00:00,A,MARRIAGE,MK,1970,14593,,
ESTAT:DEMO_NIND(1.0),30/04/26 23:00:00,A,MARRIAGE,MK,1971,14739,,
ESTAT:DEMO_NIND(1.0),30/04/26 23:00:00,A,MARRIAGE,MK,1972,14903,,
ESTAT:DEMO_NIND(1.0),30/04/26 23:00:00,A,MARRIAGE,MK,1973,15105,,
ESTAT:DEMO_NIND(1.0),30/04/26 23:00:00,A,MARRIAGE,MK,1974,15118,,
ESTAT:DEMO_NIND(1.0),30/04/26 23:00:00,A,MARRIAGE,MK,1975,15554,,
ESTAT:DEMO_NIND(1.0),30/04/26 23:00:00,A,MARRIAGE,MK,1976,15023,,
ESTAT:DEMO_NIND(1.0),30/04/26 23:00:00,A,MARRIAGE,MK,1977,15601,,
ESTAT:DEMO_NIND(1.0),30/04/26 23:00:00,A,MARRIAGE,MK,1978,15702,,
ESTAT:DEMO_NIND(1.0),30/04/26 23:00:00,A,MARRIAGE,MK,1979,16122,,
ESTAT:DEMO_NIND(1.0),30/04/26 23:00:00,A,MARRIAGE,MK,1980,16145,,
ESTAT:DEMO_NIND(1.0),30/04/26 23:00:00,A,MARRIAGE,MK,1981,16303,,
ESTAT:DEMO_NIND(1.0),30/04/26 23:00:00,A,MARRIAGE,MK,1982,16606,,
ESTAT:DEMO_NIND(1.0),30/04/26 23:00:00,A,MARRIAGE,MK,1983,16404,,
ESTAT:DEMO_NIND(1.0),30/04/26 23:00:00,A,MARRIAGE,MK,1984,16054,,
ESTAT:DEMO_NIND(1.0),30/04/26 23:00:00,A,MARRIAGE,MK,1985,16335,,
ESTAT:DEMO_NIND(1.0),30/04/26 23:00:00,A,MARRIAGE,MK,1986,16326,,
ESTAT:DEMO_NIND(1.0),30/04/26 23:00:00,A,MARRIAGE,MK,1987,16799,,
ESTAT:DEMO_NIND(1.0),30/04/26 23:00:00,A,MARRIAGE,MK,1988,16380,,
ESTAT:DEMO_NIND(1.0),30/04/26 23:00:00,A,MARRIAGE,MK,1989,15842,,
ESTAT:DEMO_NIND(1.0),30/04/26 23:00:00,A,MARRIAGE,MK,1990,15688.00,,
ESTAT:DEMO_NIND(1.0),30/04/26 23:00:00,A,MARRIAGE,MK,1991,15311.00,,
ESTAT:DEMO_NIND(1.0),30/04/26 23:00:00,A,MARRIAGE,MK,1992,15354.00,,
ESTAT:DEMO_NIND(1.0),30/04/26 23:00:00,A,MARRIAGE,MK,1993,15080.00,,
ESTAT:DEMO_NIND(1.0),30/04/26 23:00:00,A,MARRIAGE,MK,1994,15736.00,,
ESTAT:DEMO_NIND(1.0),30/04/26 23:00:00,A,MARRIAGE,MK,1995,15823,,
ESTAT:DEMO_NIND(1.0),30/04/26 23:00:00,A,MARRIAGE,MK,1996,14089,,
ESTAT:DEMO_NIND(1.0),30/04/26 23:00:00,A,MARRIAGE,MK,1997,14072,,
ESTAT:DEMO_NIND(1.0),30/04/26 23:00:00,A,MARRIAGE,MK,1998,13993,,
ESTAT:DEMO_NIND(1.0),30/04/26 23:00:00,A,MARRIAGE,MK,1999,14172,,
ESTAT:DEMO_NIND(1.0),30/04/26 23:00:00,A,MARRIAGE,MK,2000,14255,,
ESTAT:DEMO_NIND(1.0),30/04/26 23:00:00,A,MARRIAGE,MK,2001,13267,,
ESTAT:DEMO_NIND(1.0),30/04/26 23:00:00,A,MARRIAGE,MK,2002,14522,,
ESTAT:DEMO_NIND(1.0),30/04/26 23:00:00,A,MARRIAGE,MK,2003,14402,,
ESTAT:DEMO_NIND(1.0),30/04/26 23:00:00,A,MARRIAGE,MK,2004,14073,,
ESTAT:DEMO_NIND(1.0),30/04/26 23:00:00,A,MARRIAGE,MK,2005,14500,,
ESTAT:DEMO_NIND(1.0),30/04/26 23:00:00,A,MARRIAGE,MK,2006,14908,,
ESTAT:DEMO_NIND(1.0),30/04/26 23:00:00,A,MARRIAGE,MK,2007,15490,,
ESTAT:DEMO_NIND(1.0),30/04/26 23:00:00,A,MARRIAGE,MK,2008,14695,,
ESTAT:DEMO_NIND(1.0),30/04/26 23:00:00,A,MARRIAGE,MK,2009,14923,,
ESTAT:DEMO_NIND(1.0),30/04/26 23:00:00,A,MARRIAGE,MK,2010,14155,,
ESTAT:DEMO_NIND(1.0),30/04/26 23:00:00,A,MARRIAGE,MK,2011,14736,,
ESTAT:DEMO_NIND(1.0),30/04/26 23:00:00,A,MARRIAGE,MK,2012,13991,,
ESTAT:DEMO_NIND(1.0),30/04/26 23:00:00,A,MARRIAGE,MK,2013,13982,,
ESTAT:DEMO_NIND(1.0),30/04/26 23:00:00,A,MARRIAGE,MK,2014,13813,,
ESTAT:DEMO_NIND(1.0),30/04/26 23:00:00,A,MARRIAGE,MK,2015,13982,,
ESTAT:DEMO_NIND(1.0),30/04/26 23:00:00,A,MARRIAGE,MK,2016,13199,,
ESTAT:DEMO_NIND(1.0),30/04/26 23:00:00,A,MARRIAGE,MK,2017,13781,,
ESTAT:DEMO_NIND(1.0),30/04/26 23:00:00,A,MARRIAGE,MK,2018,13494,,
ESTAT:DEMO_NIND(1.0),30/04/26 23:00:00,A,MARRIAGE,MK,2019,13814,,
ESTAT:DEMO_NIND(1.0),30/04/26 23:00:00,A,MARRIAGE,MK,2020,10278,,
ESTAT:DEMO_NIND(1.0),30/04/26 23:00:00,A,MARRIAGE,MK,2021,13337,,
ESTAT:DEMO_NIND(1.0),30/04/26 23:00:00,A,MARRIAGE,MT,1960,1944,,
ESTAT:DEMO_NIND(1.0),30/04/26 23:00:00,A,MARRIAGE,MT,1961,1949,,
ESTAT:DEMO_NIND(1.0),30/04/26 23:00:00,A,MARRIAGE,MT,1962,1873,,
ESTAT:DEMO_NIND(1.0),30/04/26 23:00:00,A,MARRIAGE,MT,1963,2020,,
ESTAT:DEMO_NIND(1.0),30/04/26 23:00:00,A,MARRIAGE,MT,1964,2056,,
ESTAT:DEMO_NIND(1.0),30/04/26 23:00:00,A,MARRIAGE,MT,1965,1979,,
ESTAT:DEMO_NIND(1.0),30/04/26 23:00:00,A,MARRIAGE,MT,1966,1944,,
ESTAT:DEMO_NIND(1.0),30/04/26 23:00:00,A,MARRIAGE,MT,1967,2018,,
ESTAT:DEMO_NIND(1.0),30/04/26 23:00:00,A,MARRIAGE,MT,1968,2140,,
ESTAT:DEMO_NIND(1.0),30/04/26 23:00:00,A,MARRIAGE,MT,1969,2184,,
ESTAT:DEMO_NIND(1.0),30/04/26 23:00:00,A,MARRIAGE,MT,1970,2376,,
ESTAT:DEMO_NIND(1.0),30/04/26 23:00:00,A,MARRIAGE,MT,1971,2697,,
ESTAT:DEMO_NIND(1.0),30/04/26 23:00:00,A,MARRIAGE,MT,1972,2935,,
ESTAT:DEMO_NIND(1.0),30/04/26 23:00:00,A,MARRIAGE,MT,1973,3339,,
ESTAT:DEMO_NIND(1.0),30/04/26 23:00:00,A,MARRIAGE,MT,1974,3510,,
ESTAT:DEMO_NIND(1.0),30/04/26 23:00:00,A,MARRIAGE,MT,1975,2794,,
ESTAT:DEMO_NIND(1.0),30/04/26 23:00:00,A,MARRIAGE,MT,1976,2938,,
ESTAT:DEMO_NIND(1.0),30/04/26 23:00:00,A,MARRIAGE,MT,1977,3043,,
ESTAT:DEMO_NIND(1.0),30/04/26 23:00:00,A,MARRIAGE,MT,1978,2859,,
ESTAT:DEMO_NIND(1.0),30/04/26 23:00:00,A,MARRIAGE,MT,1979,2708,,
ESTAT:DEMO_NIND(1.0),30/04/26 23:00:00,A,MARRIAGE,MT,1980,2775,,
ESTAT:DEMO_NIND(1.0),30/04/26 23:00:00,A,MARRIAGE,MT,1981,2872,,
ESTAT:DEMO_NIND(1.0),30/04/26 23:00:00,A,MARRIAGE,MT,1982,2788,,
ESTAT:DEMO_NIND(1.0),30/04/26 23:00:00,A,MARRIAGE,MT,1983,2780,,
ESTAT:DEMO_NIND(1.0),30/04/26 23:00:00,A,MARRIAGE,MT,1984,2633,,
ESTAT:DEMO_NIND(1.0),30/04/26 23:00:00,A,MARRIAGE,MT,1985,2549,,
ESTAT:DEMO_NIND(1.0),30/04/26 23:00:00,A,MARRIAGE,MT,1986,2619,,
ESTAT:DEMO_NIND(1.0),30/04/26 23:00:00,A,MARRIAGE,MT,1987,2437,,
ESTAT:DEMO_NIND(1.0),30/04/26 23:00:00,A,MARRIAGE,MT,1988,2531,,
ESTAT:DEMO_NIND(1.0),30/04/26 23:00:00,A,MARRIAGE,MT,1989,2485,,
ESTAT:DEMO_NIND(1.0),30/04/26 23:00:00,A,MARRIAGE,MT,1990,2498.00,,
ESTAT:DEMO_NIND(1.0),30/04/26 23:00:00,A,MARRIAGE,MT,1991,2541.00,,
ESTAT:DEMO_NIND(1.0),30/04/26 23:00:00,A,MARRIAGE,MT,1992,2377.00,,
ESTAT:DEMO_NIND(1.0),30/04/26 23:00:00,A,MARRIAGE,MT,1993,2476.00,,
ESTAT:DEMO_NIND(1.0),30/04/26 23:00:00,A,MARRIAGE,MT,1994,2483.00,,
ESTAT:DEMO_NIND(1.0),30/04/26 23:00:00,A,MARRIAGE,MT,1995,2317,,
ESTAT:DEMO_NIND(1.0),30/04/26 23:00:00,A,MARRIAGE,MT,1996,2370,,
ESTAT:DEMO_NIND(1.0),30/04/26 23:00:00,A,MARRIAGE,MT,1997,2414,,
ESTAT:DEMO_NIND(1.0),30/04/26 23:00:00,A,MARRIAGE,MT,1998,2459,,
ESTAT:DEMO_NIND(1.0),30/04/26 23:00:00,A,MARRIAGE,MT,1999,2409,,
ESTAT:DEMO_NIND(1.0),30/04/26 23:00:00,A,MARRIAGE,MT,2000,2545,,
ESTAT:DEMO_NIND(1.0),30/04/26 23:00:00,A,MARRIAGE,MT,2001,2194,,
ESTAT:DEMO_NIND(1.0),30/04/26 23:00:00,A,MARRIAGE,MT,2002,2240,,
ESTAT:DEMO_NIND(1.0),30/04/26 23:00:00,A,MARRIAGE,MT,2003,2350,,
ESTAT:DEMO_NIND(1.0),30/04/26 23:00:00,A,MARRIAGE,MT,2004,2402,,
ESTAT:DEMO_NIND(1.0),30/04/26 23:00:00,A,MARRIAGE,MT,2005,2374,,
ESTAT:DEMO_NIND(1.0),30/04/26 23:00:00,A,MARRIAGE,MT,2006,2536,,
ESTAT:DEMO_NIND(1.0),30/04/26 23:00:00,A,MARRIAGE,MT,2007,2479,,
ESTAT:DEMO_NIND(1.0),30/04/26 23:00:00,A,MARRIAGE,MT,2008,2482,,
ESTAT:DEMO_NIND(1.0),30/04/26 23:00:00,A,MARRIAGE,MT,2009,2353,,
ESTAT:DEMO_NIND(1.0),30/04/26 23:00:00,A,MARRIAGE,MT,2010,2596,,
ESTAT:DEMO_NIND(1.0),30/04/26 23:00:00,A,MARRIAGE,MT,2011,2562,,
ESTAT:DEMO_NIND(1.0),30/04/26 23:00:00,A,MARRIAGE,MT,2012,2823,,
ESTAT:DEMO_NIND(1.0),30/04/26 23:00:00,A,MARRIAGE,MT,2013,2578,,
ESTAT:DEMO_NIND(1.0),30/04/26 23:00:00,A,MARRIAGE,MT,2014,2871,,
ESTAT:DEMO_NIND(1.0),30/04/26 23:00:00,A,MARRIAGE,MT,2015,3002,,
ESTAT:DEMO_NIND(1.0),30/04/26 23:00:00,A,MARRIAGE,MT,2016,3034,,
ESTAT:DEMO_NIND(1.0),30/04/26 23:00:00,A,MARRIAGE,MT,2017,2934,,
ESTAT:DEMO_NIND(1.0),30/04/26 23:00:00,A,MARRIAGE,MT,2018,2831,,
ESTAT:DEMO_NIND(1.0),30/04/26 23:00:00,A,MARRIAGE,MT,2019,2674,,
ESTAT:DEMO_NIND(1.0),30/04/26 23:00:00,A,MARRIAGE,MT,2020,1157,,
ESTAT:DEMO_NIND(1.0),30/04/26 23:00:00,A,MARRIAGE,MT,2021,2276,,
ESTAT:DEMO_NIND(1.0),30/04/26 23:00:00,A,MARRIAGE,MT,2022,2546,,
ESTAT:DEMO_NIND(1.0),30/04/26 23:00:00,A,MARRIAGE,MT,2023,2347,,
ESTAT:DEMO_NIND(1.0),30/04/26 23:00:00,A,MARRIAGE,MT,2024,2334,,
ESTAT:DEMO_NIND(1.0),30/04/26 23:00:00,A,MARRIAGE,NL,1960,88713,,
ESTAT:DEMO_NIND(1.0),30/04/26 23:00:00,A,MARRIAGE,NL,1961,92251,,
ESTAT:DEMO_NIND(1.0),30/04/26 23:00:00,A,MARRIAGE,NL,1962,92830,,
ESTAT:DEMO_NIND(1.0),30/04/26 23:00:00,A,MARRIAGE,NL,1963,95108,,
ESTAT:DEMO_NIND(1.0),30/04/26 23:00:00,A,MARRIAGE,NL,1964,102873,,
ESTAT:DEMO_NIND(1.0),30/04/26 23:00:00,A,MARRIAGE,NL,1965,108422,,
ESTAT:DEMO_NIND(1.0),30/04/26 23:00:00,A,MARRIAGE,NL,1966,111798,,
ESTAT:DEMO_NIND(1.0),30/04/26 23:00:00,A,MARRIAGE,NL,1967,114965,,
ESTAT:DEMO_NIND(1.0),30/04/26 23:00:00,A,MARRIAGE,NL,1968,117495,,
ESTAT:DEMO_NIND(1.0),30/04/26 23:00:00,A,MARRIAGE,NL,1969,117473,,
ESTAT:DEMO_NIND(1.0),30/04/26 23:00:00,A,MARRIAGE,NL,1970,123521,,
ESTAT:DEMO_NIND(1.0),30/04/26 23:00:00,A,MARRIAGE,NL,1971,122277,,
ESTAT:DEMO_NIND(1.0),30/04/26 23:00:00,A,MARRIAGE,NL,1972,117365,,
ESTAT:DEMO_NIND(1.0),30/04/26 23:00:00,A,MARRIAGE,NL,1973,107478,,
ESTAT:DEMO_NIND(1.0),30/04/26 23:00:00,A,MARRIAGE,NL,1974,109361,,
ESTAT:DEMO_NIND(1.0),30/04/26 23:00:00,A,MARRIAGE,NL,1975,99795,,
ESTAT:DEMO_NIND(1.0),30/04/26 23:00:00,A,MARRIAGE,NL,1976,96628,,
ESTAT:DEMO_NIND(1.0),30/04/26 23:00:00,A,MARRIAGE,NL,1977,92780,,
ESTAT:DEMO_NIND(1.0),30/04/26 23:00:00,A,MARRIAGE,NL,1978,88632,,
ESTAT:DEMO_NIND(1.0),30/04/26 23:00:00,A,MARRIAGE,NL,1979,85352,,
ESTAT:DEMO_NIND(1.0),30/04/26 23:00:00,A,MARRIAGE,NL,1980,89978,,
ESTAT:DEMO_NIND(1.0),30/04/26 23:00:00,A,MARRIAGE,NL,1981,85184,,
ESTAT:DEMO_NIND(1.0),30/04/26 23:00:00,A,MARRIAGE,NL,1982,83084,,
ESTAT:DEMO_NIND(1.0),30/04/26 23:00:00,A,MARRIAGE,NL,1983,77931,,
ESTAT:DEMO_NIND(1.0),30/04/26 23:00:00,A,MARRIAGE,NL,1984,81135,,
ESTAT:DEMO_NIND(1.0),30/04/26 23:00:00,A,MARRIAGE,NL,1985,82592,,
ESTAT:DEMO_NIND(1.0),30/04/26 23:00:00,A,MARRIAGE,NL,1986,87401,,
ESTAT:DEMO_NIND(1.0),30/04/26 23:00:00,A,MARRIAGE,NL,1987,87830,,
ESTAT:DEMO_NIND(1.0),30/04/26 23:00:00,A,MARRIAGE,NL,1988,89142,,
ESTAT:DEMO_NIND(1.0),30/04/26 23:00:00,A,MARRIAGE,NL,1989,91452,,
ESTAT:DEMO_NIND(1.0),30/04/26 23:00:00,A,MARRIAGE,NL,1990,97148.00,,
ESTAT:DEMO_NIND(1.0),30/04/26 23:00:00,A,MARRIAGE,NL,1991,95780.00,,
ESTAT:DEMO_NIND(1.0),30/04/26 23:00:00,A,MARRIAGE,NL,1992,94733.00,,
ESTAT:DEMO_NIND(1.0),30/04/26 23:00:00,A,MARRIAGE,NL,1993,88273.00,,
ESTAT:DEMO_NIND(1.0),30/04/26 23:00:00,A,MARRIAGE,NL,1994,82982.00,,
ESTAT:DEMO_NIND(1.0),30/04/26 23:00:00,A,MARRIAGE,NL,1995,81469,,
ESTAT:DEMO_NIND(1.0),30/04/26 23:00:00,A,MARRIAGE,NL,1996,85140,,
ESTAT:DEMO_NIND(1.0),30/04/26 23:00:00,A,MARRIAGE,NL,1997,85059,,
ESTAT:DEMO_NIND(1.0),30/04/26 23:00:00,A,MARRIAGE,NL,1998,86956,,
ESTAT:DEMO_NIND(1.0),30/04/26 23:00:00,A,MARRIAGE,NL,1999,89428,,
ESTAT:DEMO_NIND(1.0),30/04/26 23:00:00,A,MARRIAGE,NL,2000,88074,,
ESTAT:DEMO_NIND(1.0),30/04/26 23:00:00,A,MARRIAGE,NL,2001,79677,,
ESTAT:DEMO_NIND(1.0),30/04/26 23:00:00,A,MARRIAGE,NL,2002,83970,,
ESTAT:DEMO_NIND(1.0),30/04/26 23:00:00,A,MARRIAGE,NL,2003,78928,,
ESTAT:DEMO_NIND(1.0),30/04/26 23:00:00,A,MARRIAGE,NL,2004,72231,,
ESTAT:DEMO_NIND(1.0),30/04/26 23:00:00,A,MARRIAGE,NL,2005,71113,,
ESTAT:DEMO_NIND(1.0),30/04/26 23:00:00,A,MARRIAGE,NL,2006,71157,,
ESTAT:DEMO_NIND(1.0),30/04/26 23:00:00,A,MARRIAGE,NL,2007,71114,,
ESTAT:DEMO_NIND(1.0),30/04/26 23:00:00,A,MARRIAGE,NL,2008,74030,,
ESTAT:DEMO_NIND(1.0),30/04/26 23:00:00,A,MARRIAGE,NL,2009,72119,,
ESTAT:DEMO_NIND(1.0),30/04/26 23:00:00,A,MARRIAGE,NL,2010,75399,,
ESTAT:DEMO_NIND(1.0),30/04/26 23:00:00,A,MARRIAGE,NL,2011,71572,,
ESTAT:DEMO_NIND(1.0),30/04/26 23:00:00,A,MARRIAGE,NL,2012,70315,,
ESTAT:DEMO_NIND(1.0),30/04/26 23:00:00,A,MARRIAGE,NL,2013,64549,,
ESTAT:DEMO_NIND(1.0),30/04/26 23:00:00,A,MARRIAGE,NL,2014,65333,,
ESTAT:DEMO_NIND(1.0),30/04/26 23:00:00,A,MARRIAGE,NL,2015,64308,,
ESTAT:DEMO_NIND(1.0),30/04/26 23:00:00,A,MARRIAGE,NL,2016,65249,,
ESTAT:DEMO_NIND(1.0),30/04/26 23:00:00,A,MARRIAGE,NL,2017,64402,,
ESTAT:DEMO_NIND(1.0),30/04/26 23:00:00,A,MARRIAGE,NL,2018,64315,,
ESTAT:DEMO_NIND(1.0),30/04/26 23:00:00,A,MARRIAGE,NL,2019,63565,,
ESTAT:DEMO_NIND(1.0),30/04/26 23:00:00,A,MARRIAGE,NL,2020,50233,,
ESTAT:DEMO_NIND(1.0),30/04/26 23:00:00,A,MARRIAGE,NL,2021,56419,,
ESTAT:DEMO_NIND(1.0),30/04/26 23:00:00,A,MARRIAGE,NL,2022,70608,,
ESTAT:DEMO_NIND(1.0),30/04/26 23:00:00,A,MARRIAGE,NL,2023,67959,,
ESTAT:DEMO_NIND(1.0),30/04/26 23:00:00,A,MARRIAGE,NO,1960,23651,,
ESTAT:DEMO_NIND(1.0),30/04/26 23:00:00,A,MARRIAGE,NO,1961,24142,,
ESTAT:DEMO_NIND(1.0),30/04/26 23:00:00,A,MARRIAGE,NO,1962,24070,,
ESTAT:DEMO_NIND(1.0),30/04/26 23:00:00,A,MARRIAGE,NO,1963,24096,,
ESTAT:DEMO_NIND(1.0),30/04/26 23:00:00,A,MARRIAGE,NO,1964,25005,,
ESTAT:DEMO_NIND(1.0),30/04/26 23:00:00,A,MARRIAGE,NO,1965,24185,,
ESTAT:DEMO_NIND(1.0),30/04/26 23:00:00,A,MARRIAGE,NO,1966,27680,,
ESTAT:DEMO_NIND(1.0),30/04/26 23:00:00,A,MARRIAGE,NO,1967,29154,,
ESTAT:DEMO_NIND(1.0),30/04/26 23:00:00,A,MARRIAGE,NO,1968,29441,,
ESTAT:DEMO_NIND(1.0),30/04/26 23:00:00,A,MARRIAGE,NO,1969,29630,,
ESTAT:DEMO_NIND(1.0),30/04/26 23:00:00,A,MARRIAGE,NO,1970,29370,,
ESTAT:DEMO_NIND(1.0),30/04/26 23:00:00,A,MARRIAGE,NO,1971,29510,,
ESTAT:DEMO_NIND(1.0),30/04/26 23:00:00,A,MARRIAGE,NO,1972,28596,,
ESTAT:DEMO_NIND(1.0),30/04/26 23:00:00,A,MARRIAGE,NO,1973,28141,,
ESTAT:DEMO_NIND(1.0),30/04/26 23:00:00,A,MARRIAGE,NO,1974,27344,,
ESTAT:DEMO_NIND(1.0),30/04/26 23:00:00,A,MARRIAGE,NO,1975,25898,,
ESTAT:DEMO_NIND(1.0),30/04/26 23:00:00,A,MARRIAGE,NO,1976,25389,,
ESTAT:DEMO_NIND(1.0),30/04/26 23:00:00,A,MARRIAGE,NO,1977,24022,,
ESTAT:DEMO_NIND(1.0),30/04/26 23:00:00,A,MARRIAGE,NO,1978,23690,,
ESTAT:DEMO_NIND(1.0),30/04/26 23:00:00,A,MARRIAGE,NO,1979,23055,,
ESTAT:DEMO_NIND(1.0),30/04/26 23:00:00,A,MARRIAGE,NO,1980,22230,,
ESTAT:DEMO_NIND(1.0),30/04/26 23:00:00,A,MARRIAGE,NO,1981,22271,,
ESTAT:DEMO_NIND(1.0),30/04/26 23:00:00,A,MARRIAGE,NO,1982,21706,,
ESTAT:DEMO_NIND(1.0),30/04/26 23:00:00,A,MARRIAGE,NO,1983,20803,,
ESTAT:DEMO_NIND(1.0),30/04/26 23:00:00,A,MARRIAGE,NO,1984,20537,,
ESTAT:DEMO_NIND(1.0),30/04/26 23:00:00,A,MARRIAGE,NO,1985,20221,,
ESTAT:DEMO_NIND(1.0),30/04/26 23:00:00,A,MARRIAGE,NO,1986,20513,,
ESTAT:DEMO_NIND(1.0),30/04/26 23:00:00,A,MARRIAGE,NO,1987,21081,,
ESTAT:DEMO_NIND(1.0),30/04/26 23:00:00,A,MARRIAGE,NO,1988,21744,,
ESTAT:DEMO_NIND(1.0),30/04/26 23:00:00,A,MARRIAGE,NO,1989,20755,,
ESTAT:DEMO_NIND(1.0),30/04/26 23:00:00,A,MARRIAGE,NO,1990,21926.00,,
ESTAT:DEMO_NIND(1.0),30/04/26 23:00:00,A,MARRIAGE,NO,1991,19880.00,,
ESTAT:DEMO_NIND(1.0),30/04/26 23:00:00,A,MARRIAGE,NO,1992,19266.00,,
ESTAT:DEMO_NIND(1.0),30/04/26 23:00:00,A,MARRIAGE,NO,1993,19464.00,,
ESTAT:DEMO_NIND(1.0),30/04/26 23:00:00,A,MARRIAGE,NO,1994,20605.00,,
ESTAT:DEMO_NIND(1.0),30/04/26 23:00:00,A,MARRIAGE,NO,1995,21677,,
ESTAT:DEMO_NIND(1.0),30/04/26 23:00:00,A,MARRIAGE,NO,1996,23172,,
ESTAT:DEMO_NIND(1.0),30/04/26 23:00:00,A,MARRIAGE,NO,1997,23815,,
ESTAT:DEMO_NIND(1.0),30/04/26 23:00:00,A,MARRIAGE,NO,1998,23354,,
ESTAT:DEMO_NIND(1.0),30/04/26 23:00:00,A,MARRIAGE,NO,1999,23456,,
ESTAT:DEMO_NIND(1.0),30/04/26 23:00:00,A,MARRIAGE,NO,2000,22598,,
ESTAT:DEMO_NIND(1.0),30/04/26 23:00:00,A,MARRIAGE,NO,2001,19722,,
ESTAT:DEMO_NIND(1.0),30/04/26 23:00:00,A,MARRIAGE,NO,2002,20364,,
ESTAT:DEMO_NIND(1.0),30/04/26 23:00:00,A,MARRIAGE,NO,2003,22361,,
ESTAT:DEMO_NIND(1.0),30/04/26 23:00:00,A,MARRIAGE,NO,2004,18655,,
ESTAT:DEMO_NIND(1.0),30/04/26 23:00:00,A,MARRIAGE,NO,2005,22392,,
ESTAT:DEMO_NIND(1.0),30/04/26 23:00:00,A,MARRIAGE,NO,2006,21721,,
ESTAT:DEMO_NIND(1.0),30/04/26 23:00:00,A,MARRIAGE,NO,2007,23471,,
ESTAT:DEMO_NIND(1.0),30/04/26 23:00:00,A,MARRIAGE,NO,2008,25125,,
ESTAT:DEMO_NIND(1.0),30/04/26 23:00:00,A,MARRIAGE,NO,2009,24299,,
ESTAT:DEMO_NIND(1.0),30/04/26 23:00:00,A,MARRIAGE,NO,2010,23313,,
ESTAT:DEMO_NIND(1.0),30/04/26 23:00:00,A,MARRIAGE,NO,2011,22876,,
ESTAT:DEMO_NIND(1.0),30/04/26 23:00:00,A,MARRIAGE,NO,2012,24077,,
ESTAT:DEMO_NIND(1.0),30/04/26 23:00:00,A,MARRIAGE,NO,2013,23916,,
ESTAT:DEMO_NIND(1.0),30/04/26 23:00:00,A,MARRIAGE,NO,2014,23462,,
ESTAT:DEMO_NIND(1.0),30/04/26 23:00:00,A,MARRIAGE,NO,2015,23227,,
ESTAT:DEMO_NIND(1.0),30/04/26 23:00:00,A,MARRIAGE,NO,2016,23672,,
ESTAT:DEMO_NIND(1.0),30/04/26 23:00:00,A,MARRIAGE,NO,2017,23134,,
ESTAT:DEMO_NIND(1.0),30/04/26 23:00:00,A,MARRIAGE,NO,2018,22578,,
ESTAT:DEMO_NIND(1.0),30/04/26 23:00:00,A,MARRIAGE,NO,2019,21410,,
ESTAT:DEMO_NIND(1.0),30/04/26 23:00:00,A,MARRIAGE,NO,2020,17699,,
ESTAT:DEMO_NIND(1.0),30/04/26 23:00:00,A,MARRIAGE,PL,1960,244230,,
ESTAT:DEMO_NIND(1.0),30/04/26 23:00:00,A,MARRIAGE,PL,1961,236024,,
ESTAT:DEMO_NIND(1.0),30/04/26 23:00:00,A,MARRIAGE,PL,1962,228064,,
ESTAT:DEMO_NIND(1.0),30/04/26 23:00:00,A,MARRIAGE,PL,1963,219810,,
ESTAT:DEMO_NIND(1.0),30/04/26 23:00:00,A,MARRIAGE,PL,1964,230675,,
ESTAT:DEMO_NIND(1.0),30/04/26 23:00:00,A,MARRIAGE,PL,1965,199901,,
ESTAT:DEMO_NIND(1.0),30/04/26 23:00:00,A,MARRIAGE,PL,1966,225908,,
ESTAT:DEMO_NIND(1.0),30/04/26 23:00:00,A,MARRIAGE,PL,1967,238002,,
ESTAT:DEMO_NIND(1.0),30/04/26 23:00:00,A,MARRIAGE,PL,1968,257899,,
ESTAT:DEMO_NIND(1.0),30/04/26 23:00:00,A,MARRIAGE,PL,1969,270286,,
ESTAT:DEMO_NIND(1.0),30/04/26 23:00:00,A,MARRIAGE,PL,1970,280311,,
ESTAT:DEMO_NIND(1.0),30/04/26 23:00:00,A,MARRIAGE,PL,1971,291643,,
ESTAT:DEMO_NIND(1.0),30/04/26 23:00:00,A,MARRIAGE,PL,1972,307747,,
ESTAT:DEMO_NIND(1.0),30/04/26 23:00:00,A,MARRIAGE,PL,1973,314537,,
ESTAT:DEMO_NIND(1.0),30/04/26 23:00:00,A,MARRIAGE,PL,1974,319608,,
ESTAT:DEMO_NIND(1.0),30/04/26 23:00:00,A,MARRIAGE,PL,1975,330848,,
ESTAT:DEMO_NIND(1.0),30/04/26 23:00:00,A,MARRIAGE,PL,1976,326669,,
ESTAT:DEMO_NIND(1.0),30/04/26 23:00:00,A,MARRIAGE,PL,1977,326277,,
ESTAT:DEMO_NIND(1.0),30/04/26 23:00:00,A,MARRIAGE,PL,1978,327201,,
ESTAT:DEMO_NIND(1.0),30/04/26 23:00:00,A,MARRIAGE,PL,1979,318967,,
ESTAT:DEMO_NIND(1.0),30/04/26 23:00:00,A,MARRIAGE,PL,1980,307373,,
ESTAT:DEMO_NIND(1.0),30/04/26 23:00:00,A,MARRIAGE,PL,1981,322659,,
ESTAT:DEMO_NIND(1.0),30/04/26 23:00:00,A,MARRIAGE,PL,1982,315767,,
ESTAT:DEMO_NIND(1.0),30/04/26 23:00:00,A,MARRIAGE,PL,1983,305907,,
ESTAT:DEMO_NIND(1.0),30/04/26 23:00:00,A,MARRIAGE,PL,1984,285258,,
ESTAT:DEMO_NIND(1.0),30/04/26 23:00:00,A,MARRIAGE,PL,1985,266816,,
ESTAT:DEMO_NIND(1.0),30/04/26 23:00:00,A,MARRIAGE,PL,1986,257887,,
ESTAT:DEMO_NIND(1.0),30/04/26 23:00:00,A,MARRIAGE,PL,1987,252819,,
ESTAT:DEMO_NIND(1.0),30/04/26 23:00:00,A,MARRIAGE,PL,1988,246791,,
ESTAT:DEMO_NIND(1.0),30/04/26 23:00:00,A,MARRIAGE,PL,1989,255643,,
ESTAT:DEMO_NIND(1.0),30/04/26 23:00:00,A,MARRIAGE,PL,1990,255369.00,,
ESTAT:DEMO_NIND(1.0),30/04/26 23:00:00,A,MARRIAGE,PL,1991,233206.00,,
ESTAT:DEMO_NIND(1.0),30/04/26 23:00:00,A,MARRIAGE,PL,1992,217240.00,,
ESTAT:DEMO_NIND(1.0),30/04/26 23:00:00,A,MARRIAGE,PL,1993,207674.00,,
ESTAT:DEMO_NIND(1.0),30/04/26 23:00:00,A,MARRIAGE,PL,1994,207689.00,,
ESTAT:DEMO_NIND(1.0),30/04/26 23:00:00,A,MARRIAGE,PL,1995,207081,,
ESTAT:DEMO_NIND(1.0),30/04/26 23:00:00,A,MARRIAGE,PL,1996,203641,,
ESTAT:DEMO_NIND(1.0),30/04/26 23:00:00,A,MARRIAGE,PL,1997,204850,,
ESTAT:DEMO_NIND(1.0),30/04/26 23:00:00,A,MARRIAGE,PL,1998,209430,,
ESTAT:DEMO_NIND(1.0),30/04/26 23:00:00,A,MARRIAGE,PL,1999,219398,,
ESTAT:DEMO_NIND(1.0),30/04/26 23:00:00,A,MARRIAGE,PL,2000,211150,,
ESTAT:DEMO_NIND(1.0),30/04/26 23:00:00,A,MARRIAGE,PL,2001,195122,,
ESTAT:DEMO_NIND(1.0),30/04/26 23:00:00,A,MARRIAGE,PL,2002,191935,,
ESTAT:DEMO_NIND(1.0),30/04/26 23:00:00,A,MARRIAGE,PL,2003,195446,,
ESTAT:DEMO_NIND(1.0),30/04/26 23:00:00,A,MARRIAGE,PL,2004,191824,,
ESTAT:DEMO_NIND(1.0),30/04/26 23:00:00,A,MARRIAGE,PL,2005,206916,,
ESTAT:DEMO_NIND(1.0),30/04/26 23:00:00,A,MARRIAGE,PL,2006,226181,,
ESTAT:DEMO_NIND(1.0),30/04/26 23:00:00,A,MARRIAGE,PL,2007,248702,,
ESTAT:DEMO_NIND(1.0),30/04/26 23:00:00,A,MARRIAGE,PL,2008,257744,,
ESTAT:DEMO_NIND(1.0),30/04/26 23:00:00,A,MARRIAGE,PL,2009,250794,,
ESTAT:DEMO_NIND(1.0),30/04/26 23:00:00,A,MARRIAGE,PL,2010,228337,,
ESTAT:DEMO_NIND(1.0),30/04/26 23:00:00,A,MARRIAGE,PL,2011,206471,,
ESTAT:DEMO_NIND(1.0),30/04/26 23:00:00,A,MARRIAGE,PL,2012,203850,,
ESTAT:DEMO_NIND(1.0),30/04/26 23:00:00,A,MARRIAGE,PL,2013,180396,,
ESTAT:DEMO_NIND(1.0),30/04/26 23:00:00,A,MARRIAGE,PL,2014,188488,,
ESTAT:DEMO_NIND(1.0),30/04/26 23:00:00,A,MARRIAGE,PL,2015,188832,,
ESTAT:DEMO_NIND(1.0),30/04/26 23:00:00,A,MARRIAGE,PL,2016,193455,,
ESTAT:DEMO_NIND(1.0),30/04/26 23:00:00,A,MARRIAGE,PL,2017,192576,,
ESTAT:DEMO_NIND(1.0),30/04/26 23:00:00,A,MARRIAGE,PL,2018,192443,,
ESTAT:DEMO_NIND(1.0),30/04/26 23:00:00,A,MARRIAGE,PL,2019,183371,,
ESTAT:DEMO_NIND(1.0),30/04/26 23:00:00,A,MARRIAGE,PL,2020,145045,,
ESTAT:DEMO_NIND(1.0),30/04/26 23:00:00,A,MARRIAGE,PL,2021,168324,,
ESTAT:DEMO_NIND(1.0),30/04/26 23:00:00,A,MARRIAGE,PL,2022,155817,,
ESTAT:DEMO_NIND(1.0),30/04/26 23:00:00,A,MARRIAGE,PL,2023,145898,,
ESTAT:DEMO_NIND(1.0),30/04/26 23:00:00,A,MARRIAGE,PL,2024,135402,,
ESTAT:DEMO_NIND(1.0),30/04/26 23:00:00,A,MARRIAGE,PT,1960,69457,,
ESTAT:DEMO_NIND(1.0),30/04/26 23:00:00,A,MARRIAGE,PT,1961,78199,,
ESTAT:DEMO_NIND(1.0),30/04/26 23:00:00,A,MARRIAGE,PT,1962,70817,,
ESTAT:DEMO_NIND(1.0),30/04/26 23:00:00,A,MARRIAGE,PT,1963,71209,,
ESTAT:DEMO_NIND(1.0),30/04/26 23:00:00,A,MARRIAGE,PT,1964,73310,,
ESTAT:DEMO_NIND(1.0),30/04/26 23:00:00,A,MARRIAGE,PT,1965,75483,,
ESTAT:DEMO_NIND(1.0),30/04/26 23:00:00,A,MARRIAGE,PT,1966,77199,,
ESTAT:DEMO_NIND(1.0),30/04/26 23:00:00,A,MARRIAGE,PT,1967,78864,,
ESTAT:DEMO_NIND(1.0),30/04/26 23:00:00,A,MARRIAGE,PT,1968,76553,,
ESTAT:DEMO_NIND(1.0),30/04/26 23:00:00,A,MARRIAGE,PT,1969,79180,,
ESTAT:DEMO_NIND(1.0),30/04/26 23:00:00,A,MARRIAGE,PT,1970,81461,,
ESTAT:DEMO_NIND(1.0),30/04/26 23:00:00,A,MARRIAGE,PT,1971,83438,,
ESTAT:DEMO_NIND(1.0),30/04/26 23:00:00,A,MARRIAGE,PT,1972,77325,,
ESTAT:DEMO_NIND(1.0),30/04/26 23:00:00,A,MARRIAGE,PT,1973,84334,,
ESTAT:DEMO_NIND(1.0),30/04/26 23:00:00,A,MARRIAGE,PT,1974,81724,,
ESTAT:DEMO_NIND(1.0),30/04/26 23:00:00,A,MARRIAGE,PT,1975,103125,,
ESTAT:DEMO_NIND(1.0),30/04/26 23:00:00,A,MARRIAGE,PT,1976,101885,,
ESTAT:DEMO_NIND(1.0),30/04/26 23:00:00,A,MARRIAGE,PT,1977,91403,,
ESTAT:DEMO_NIND(1.0),30/04/26 23:00:00,A,MARRIAGE,PT,1978,81111,,
ESTAT:DEMO_NIND(1.0),30/04/26 23:00:00,A,MARRIAGE,PT,1979,80141,,
ESTAT:DEMO_NIND(1.0),30/04/26 23:00:00,A,MARRIAGE,PT,1980,72164,,
ESTAT:DEMO_NIND(1.0),30/04/26 23:00:00,A,MARRIAGE,PT,1981,76283,,
ESTAT:DEMO_NIND(1.0),30/04/26 23:00:00,A,MARRIAGE,PT,1982,73660,,
ESTAT:DEMO_NIND(1.0),30/04/26 23:00:00,A,MARRIAGE,PT,1983,74917,,
ESTAT:DEMO_NIND(1.0),30/04/26 23:00:00,A,MARRIAGE,PT,1984,69875,,
ESTAT:DEMO_NIND(1.0),30/04/26 23:00:00,A,MARRIAGE,PT,1985,68461,,
ESTAT:DEMO_NIND(1.0),30/04/26 23:00:00,A,MARRIAGE,PT,1986,69271,,
ESTAT:DEMO_NIND(1.0),30/04/26 23:00:00,A,MARRIAGE,PT,1987,71656,,
ESTAT:DEMO_NIND(1.0),30/04/26 23:00:00,A,MARRIAGE,PT,1988,71098,,
ESTAT:DEMO_NIND(1.0),30/04/26 23:00:00,A,MARRIAGE,PT,1989,73195,,
ESTAT:DEMO_NIND(1.0),30/04/26 23:00:00,A,MARRIAGE,PT,1990,71654.00,,
ESTAT:DEMO_NIND(1.0),30/04/26 23:00:00,A,MARRIAGE,PT,1991,71808.00,,
ESTAT:DEMO_NIND(1.0),30/04/26 23:00:00,A,MARRIAGE,PT,1992,69887.00,,
ESTAT:DEMO_NIND(1.0),30/04/26 23:00:00,A,MARRIAGE,PT,1993,68176.00,,
ESTAT:DEMO_NIND(1.0),30/04/26 23:00:00,A,MARRIAGE,PT,1994,66003.00,,
ESTAT:DEMO_NIND(1.0),30/04/26 23:00:00,A,MARRIAGE,PT,1995,65776,,
ESTAT:DEMO_NIND(1.0),30/04/26 23:00:00,A,MARRIAGE,PT,1996,63672,,
ESTAT:DEMO_NIND(1.0),30/04/26 23:00:00,A,MARRIAGE,PT,1997,65770,,
ESTAT:DEMO_NIND(1.0),30/04/26 23:00:00,A,MARRIAGE,PT,1998,66598,,
ESTAT:DEMO_NIND(1.0),30/04/26 23:00:00,A,MARRIAGE,PT,1999,68710,,
ESTAT:DEMO_NIND(1.0),30/04/26 23:00:00,A,MARRIAGE,PT,2000,63752,,
ESTAT:DEMO_NIND(1.0),30/04/26 23:00:00,A,MARRIAGE,PT,2001,58390,,
ESTAT:DEMO_NIND(1.0),30/04/26 23:00:00,A,MARRIAGE,PT,2002,56457,,
ESTAT:DEMO_NIND(1.0),30/04/26 23:00:00,A,MARRIAGE,PT,2003,53735,,
ESTAT:DEMO_NIND(1.0),30/04/26 23:00:00,A,MARRIAGE,PT,2004,49178,,
ESTAT:DEMO_NIND(1.0),30/04/26 23:00:00,A,MARRIAGE,PT,2005,48671,,
ESTAT:DEMO_NIND(1.0),30/04/26 23:00:00,A,MARRIAGE,PT,2006,47857,,
ESTAT:DEMO_NIND(1.0),30/04/26 23:00:00,A,MARRIAGE,PT,2007,46329,,
ESTAT:DEMO_NIND(1.0),30/04/26 23:00:00,A,MARRIAGE,PT,2008,43228,,
ESTAT:DEMO_NIND(1.0),30/04/26 23:00:00,A,MARRIAGE,PT,2009,40391,,
ESTAT:DEMO_NIND(1.0),30/04/26 23:00:00,A,MARRIAGE,PT,2010,39993,,
ESTAT:DEMO_NIND(1.0),30/04/26 23:00:00,A,MARRIAGE,PT,2011,36035,,
ESTAT:DEMO_NIND(1.0),30/04/26 23:00:00,A,MARRIAGE,PT,2012,34423,,
ESTAT:DEMO_NIND(1.0),30/04/26 23:00:00,A,MARRIAGE,PT,2013,31998,,
ESTAT:DEMO_NIND(1.0),30/04/26 23:00:00,A,MARRIAGE,PT,2014,31478,,
ESTAT:DEMO_NIND(1.0),30/04/26 23:00:00,A,MARRIAGE,PT,2015,32393,,
ESTAT:DEMO_NIND(1.0),30/04/26 23:00:00,A,MARRIAGE,PT,2016,32399,,
ESTAT:DEMO_NIND(1.0),30/04/26 23:00:00,A,MARRIAGE,PT,2017,33634,,
ESTAT:DEMO_NIND(1.0),30/04/26 23:00:00,A,MARRIAGE,PT,2018,34637,,
ESTAT:DEMO_NIND(1.0),30/04/26 23:00:00,A,MARRIAGE,PT,2019,33272,,
ESTAT:DEMO_NIND(1.0),30/04/26 23:00:00,A,MARRIAGE,PT,2020,18902,,
ESTAT:DEMO_NIND(1.0),30/04/26 23:00:00,A,MARRIAGE,PT,2021,29057,,
ESTAT:DEMO_NIND(1.0),30/04/26 23:00:00,A,MARRIAGE,PT,2022,36952,,
ESTAT:DEMO_NIND(1.0),30/04/26 23:00:00,A,MARRIAGE,PT,2023,36980,,
ESTAT:DEMO_NIND(1.0),30/04/26 23:00:00,A,MARRIAGE,PT,2024,36633,,
ESTAT:DEMO_NIND(1.0),30/04/26 23:00:00,A,MARRIAGE,RO,1960,197654,,
ESTAT:DEMO_NIND(1.0),30/04/26 23:00:00,A,MARRIAGE,RO,1961,180465,,
ESTAT:DEMO_NIND(1.0),30/04/26 23:00:00,A,MARRIAGE,RO,1962,184676,,
ESTAT:DEMO_NIND(1.0),30/04/26 23:00:00,A,MARRIAGE,RO,1963,174931,,
ESTAT:DEMO_NIND(1.0),30/04/26 23:00:00,A,MARRIAGE,RO,1964,169520,,
ESTAT:DEMO_NIND(1.0),30/04/26 23:00:00,A,MARRIAGE,RO,1965,164229,,
ESTAT:DEMO_NIND(1.0),30/04/26 23:00:00,A,MARRIAGE,RO,1966,171243,,
ESTAT:DEMO_NIND(1.0),30/04/26 23:00:00,A,MARRIAGE,RO,1967,154105,,
ESTAT:DEMO_NIND(1.0),30/04/26 23:00:00,A,MARRIAGE,RO,1968,146988,,
ESTAT:DEMO_NIND(1.0),30/04/26 23:00:00,A,MARRIAGE,RO,1969,140011,,
ESTAT:DEMO_NIND(1.0),30/04/26 23:00:00,A,MARRIAGE,RO,1970,145531,,
ESTAT:DEMO_NIND(1.0),30/04/26 23:00:00,A,MARRIAGE,RO,1971,150215,,
ESTAT:DEMO_NIND(1.0),30/04/26 23:00:00,A,MARRIAGE,RO,1972,157142,,
ESTAT:DEMO_NIND(1.0),30/04/26 23:00:00,A,MARRIAGE,RO,1973,170130,,
ESTAT:DEMO_NIND(1.0),30/04/26 23:00:00,A,MARRIAGE,RO,1974,175496,,
ESTAT:DEMO_NIND(1.0),30/04/26 23:00:00,A,MARRIAGE,RO,1975,188139,,
ESTAT:DEMO_NIND(1.0),30/04/26 23:00:00,A,MARRIAGE,RO,1976,195874,,
ESTAT:DEMO_NIND(1.0),30/04/26 23:00:00,A,MARRIAGE,RO,1977,199794,,
ESTAT:DEMO_NIND(1.0),30/04/26 23:00:00,A,MARRIAGE,RO,1978,201103,,
ESTAT:DEMO_NIND(1.0),30/04/26 23:00:00,A,MARRIAGE,RO,1979,198139,,
ESTAT:DEMO_NIND(1.0),30/04/26 23:00:00,A,MARRIAGE,RO,1980,182671,,
ESTAT:DEMO_NIND(1.0),30/04/26 23:00:00,A,MARRIAGE,RO,1981,182973,,
ESTAT:DEMO_NIND(1.0),30/04/26 23:00:00,A,MARRIAGE,RO,1982,174448,,
ESTAT:DEMO_NIND(1.0),30/04/26 23:00:00,A,MARRIAGE,RO,1983,163826,,
ESTAT:DEMO_NIND(1.0),30/04/26 23:00:00,A,MARRIAGE,RO,1984,164110,,
ESTAT:DEMO_NIND(1.0),30/04/26 23:00:00,A,MARRIAGE,RO,1985,161094,,
ESTAT:DEMO_NIND(1.0),30/04/26 23:00:00,A,MARRIAGE,RO,1986,167254,,
ESTAT:DEMO_NIND(1.0),30/04/26 23:00:00,A,MARRIAGE,RO,1987,168079,,
ESTAT:DEMO_NIND(1.0),30/04/26 23:00:00,A,MARRIAGE,RO,1988,172527,,
ESTAT:DEMO_NIND(1.0),30/04/26 23:00:00,A,MARRIAGE,RO,1989,177943,,
ESTAT:DEMO_NIND(1.0),30/04/26 23:00:00,A,MARRIAGE,RO,1990,192652.00,,
ESTAT:DEMO_NIND(1.0),30/04/26 23:00:00,A,MARRIAGE,RO,1991,183388.00,,
ESTAT:DEMO_NIND(1.0),30/04/26 23:00:00,A,MARRIAGE,RO,1992,174593.00,,
ESTAT:DEMO_NIND(1.0),30/04/26 23:00:00,A,MARRIAGE,RO,1993,161595.00,,
ESTAT:DEMO_NIND(1.0),30/04/26 23:00:00,A,MARRIAGE,RO,1994,154221.00,,
ESTAT:DEMO_NIND(1.0),30/04/26 23:00:00,A,MARRIAGE,RO,1995,153943,,
ESTAT:DEMO_NIND(1.0),30/04/26 23:00:00,A,MARRIAGE,RO,1996,150338,,
ESTAT:DEMO_NIND(1.0),30/04/26 23:00:00,A,MARRIAGE,RO,1997,147105,,
ESTAT:DEMO_NIND(1.0),30/04/26 23:00:00,A,MARRIAGE,RO,1998,145303,,
ESTAT:DEMO_NIND(1.0),30/04/26 23:00:00,A,MARRIAGE,RO,1999,140014,,
ESTAT:DEMO_NIND(1.0),30/04/26 23:00:00,A,MARRIAGE,RO,2000,135808,,
ESTAT:DEMO_NIND(1.0),30/04/26 23:00:00,A,MARRIAGE,RO,2001,129930,,
ESTAT:DEMO_NIND(1.0),30/04/26 23:00:00,A,MARRIAGE,RO,2002,129018,,
ESTAT:DEMO_NIND(1.0),30/04/26 23:00:00,A,MARRIAGE,RO,2003,133953,,
ESTAT:DEMO_NIND(1.0),30/04/26 23:00:00,A,MARRIAGE,RO,2004,143304,,
ESTAT:DEMO_NIND(1.0),30/04/26 23:00:00,A,MARRIAGE,RO,2005,141832,,
ESTAT:DEMO_NIND(1.0),30/04/26 23:00:00,A,MARRIAGE,RO,2006,146637,,
ESTAT:DEMO_NIND(1.0),30/04/26 23:00:00,A,MARRIAGE,RO,2007,189240,,
ESTAT:DEMO_NIND(1.0),30/04/26 23:00:00,A,MARRIAGE,RO,2008,149439,,
ESTAT:DEMO_NIND(1.0),30/04/26 23:00:00,A,MARRIAGE,RO,2009,134275,,
ESTAT:DEMO_NIND(1.0),30/04/26 23:00:00,A,MARRIAGE,RO,2010,115778,,
ESTAT:DEMO_NIND(1.0),30/04/26 23:00:00,A,MARRIAGE,RO,2011,105599,,
ESTAT:DEMO_NIND(1.0),30/04/26 23:00:00,A,MARRIAGE,RO,2012,107760,,
ESTAT:DEMO_NIND(1.0),30/04/26 23:00:00,A,MARRIAGE,RO,2013,107507,,
ESTAT:DEMO_NIND(1.0),30/04/26 23:00:00,A,MARRIAGE,RO,2014,118075,,
ESTAT:DEMO_NIND(1.0),30/04/26 23:00:00,A,MARRIAGE,RO,2015,125454,,
ESTAT:DEMO_NIND(1.0),30/04/26 23:00:00,A,MARRIAGE,RO,2016,133183,,
ESTAT:DEMO_NIND(1.0),30/04/26 23:00:00,A,MARRIAGE,RO,2017,142613,,
ESTAT:DEMO_NIND(1.0),30/04/26 23:00:00,A,MARRIAGE,RO,2018,143292,,
ESTAT:DEMO_NIND(1.0),30/04/26 23:00:00,A,MARRIAGE,RO,2019,128610,,
ESTAT:DEMO_NIND(1.0),30/04/26 23:00:00,A,MARRIAGE,RO,2020,81343,,
ESTAT:DEMO_NIND(1.0),30/04/26 23:00:00,A,MARRIAGE,RO,2021,114207,,
ESTAT:DEMO_NIND(1.0),30/04/26 23:00:00,A,MARRIAGE,RO,2022,118300,,
ESTAT:DEMO_NIND(1.0),30/04/26 23:00:00,A,MARRIAGE,RO,2023,111122,,
ESTAT:DEMO_NIND(1.0),30/04/26 23:00:00,A,MARRIAGE,RO,2024,101442,,
ESTAT:DEMO_NIND(1.0),30/04/26 23:00:00,A,MARRIAGE,RS,2000,42586,,
ESTAT:DEMO_NIND(1.0),30/04/26 23:00:00,A,MARRIAGE,RS,2001,41406,,
ESTAT:DEMO_NIND(1.0),30/04/26 23:00:00,A,MARRIAGE,RS,2002,41947,,
ESTAT:DEMO_NIND(1.0),30/04/26 23:00:00,A,MARRIAGE,RS,2003,41914,,
ESTAT:DEMO_NIND(1.0),30/04/26 23:00:00,A,MARRIAGE,RS,2004,42030,,
ESTAT:DEMO_NIND(1.0),30/04/26 23:00:00,A,MARRIAGE,RS,2005,38846,,
ESTAT:DEMO_NIND(1.0),30/04/26 23:00:00,A,MARRIAGE,RS,2006,39756,,
ESTAT:DEMO_NIND(1.0),30/04/26 23:00:00,A,MARRIAGE,RS,2007,41083,,
ESTAT:DEMO_NIND(1.0),30/04/26 23:00:00,A,MARRIAGE,RS,2008,38285,,
ESTAT:DEMO_NIND(1.0),30/04/26 23:00:00,A,MARRIAGE,RS,2009,36853,,
ESTAT:DEMO_NIND(1.0),30/04/26 23:00:00,A,MARRIAGE,RS,2010,35815,,
ESTAT:DEMO_NIND(1.0),30/04/26 23:00:00,A,MARRIAGE,RS,2011,35808,,
ESTAT:DEMO_NIND(1.0),30/04/26 23:00:00,A,MARRIAGE,RS,2012,34639,,
ESTAT:DEMO_NIND(1.0),30/04/26 23:00:00,A,MARRIAGE,RS,2013,36209,,
ESTAT:DEMO_NIND(1.0),30/04/26 23:00:00,A,MARRIAGE,RS,2014,36429,,
ESTAT:DEMO_NIND(1.0),30/04/26 23:00:00,A,MARRIAGE,RS,2015,36949,,
ESTAT:DEMO_NIND(1.0),30/04/26 23:00:00,A,MARRIAGE,RS,2016,35921,,
ESTAT:DEMO_NIND(1.0),30/04/26 23:00:00,A,MARRIAGE,RS,2017,36047,,
ESTAT:DEMO_NIND(1.0),30/04/26 23:00:00,A,MARRIAGE,RS,2018,36321,,
ESTAT:DEMO_NIND(1.0),30/04/26 23:00:00,A,MARRIAGE,RS,2019,35570,,
ESTAT:DEMO_NIND(1.0),30/04/26 23:00:00,A,MARRIAGE,RS,2020,23599,,
ESTAT:DEMO_NIND(1.0),30/04/26 23:00:00,A,MARRIAGE,RS,2021,32757,,
ESTAT:DEMO_NIND(1.0),30/04/26 23:00:00,A,MARRIAGE,RS,2022,32821,,
ESTAT:DEMO_NIND(1.0),30/04/26 23:00:00,A,MARRIAGE,RS,2023,31670,,
ESTAT:DEMO_NIND(1.0),30/04/26 23:00:00,A,MARRIAGE,RS,2024,30376,,
ESTAT:DEMO_NIND(1.0),30/04/26 23:00:00,A,MARRIAGE,RU,2004,979667,,
ESTAT:DEMO_NIND(1.0),30/04/26 23:00:00,A,MARRIAGE,RU,2005,1066366,,
ESTAT:DEMO_NIND(1.0),30/04/26 23:00:00,A,MARRIAGE,RU,2006,1113562,,
ESTAT:DEMO_NIND(1.0),30/04/26 23:00:00,A,MARRIAGE,RU,2007,1262500,,
ESTAT:DEMO_NIND(1.0),30/04/26 23:00:00,A,MARRIAGE,RU,2008,1179007,,
ESTAT:DEMO_NIND(1.0),30/04/26 23:00:00,A,MARRIAGE,RU,2009,1199446,,
ESTAT:DEMO_NIND(1.0),30/04/26 23:00:00,A,MARRIAGE,RU,2010,1215066,,
ESTAT:DEMO_NIND(1.0),30/04/26 23:00:00,A,MARRIAGE,RU,2011,1316011,,
ESTAT:DEMO_NIND(1.0),30/04/26 23:00:00,A,MARRIAGE,RU,2013,1225501,,
ESTAT:DEMO_NIND(1.0),30/04/26 23:00:00,A,MARRIAGE,RU,2014,1205405,,
ESTAT:DEMO_NIND(1.0),30/04/26 23:00:00,A,MARRIAGE,SE,1960,50149,,
ESTAT:DEMO_NIND(1.0),30/04/26 23:00:00,A,MARRIAGE,SE,1961,52449,,
ESTAT:DEMO_NIND(1.0),30/04/26 23:00:00,A,MARRIAGE,SE,1962,53913,,
ESTAT:DEMO_NIND(1.0),30/04/26 23:00:00,A,MARRIAGE,SE,1963,53480,,
ESTAT:DEMO_NIND(1.0),30/04/26 23:00:00,A,MARRIAGE,SE,1964,58439,,
ESTAT:DEMO_NIND(1.0),30/04/26 23:00:00,A,MARRIAGE,SE,1965,59963,,
ESTAT:DEMO_NIND(1.0),30/04/26 23:00:00,A,MARRIAGE,SE,1966,61101,,
ESTAT:DEMO_NIND(1.0),30/04/26 23:00:00,A,MARRIAGE,SE,1967,56561,,
ESTAT:DEMO_NIND(1.0),30/04/26 23:00:00,A,MARRIAGE,SE,1968,52291,,
ESTAT:DEMO_NIND(1.0),30/04/26 23:00:00,A,MARRIAGE,SE,1969,48357,,
ESTAT:DEMO_NIND(1.0),30/04/26 23:00:00,A,MARRIAGE,SE,1970,43278,,
ESTAT:DEMO_NIND(1.0),30/04/26 23:00:00,A,MARRIAGE,SE,1971,39918,,
ESTAT:DEMO_NIND(1.0),30/04/26 23:00:00,A,MARRIAGE,SE,1972,38636,,
ESTAT:DEMO_NIND(1.0),30/04/26 23:00:00,A,MARRIAGE,SE,1973,38251,,
ESTAT:DEMO_NIND(1.0),30/04/26 23:00:00,A,MARRIAGE,SE,1974,44864,,
ESTAT:DEMO_NIND(1.0),30/04/26 23:00:00,A,MARRIAGE,SE,1975,44103,,
ESTAT:DEMO_NIND(1.0),30/04/26 23:00:00,A,MARRIAGE,SE,1976,44790,,
ESTAT:DEMO_NIND(1.0),30/04/26 23:00:00,A,MARRIAGE,SE,1977,40370,,
ESTAT:DEMO_NIND(1.0),30/04/26 23:00:00,A,MARRIAGE,SE,1978,37844,,
ESTAT:DEMO_NIND(1.0),30/04/26 23:00:00,A,MARRIAGE,SE,1979,37300,,
ESTAT:DEMO_NIND(1.0),30/04/26 23:00:00,A,MARRIAGE,SE,1980,37569,,
ESTAT:DEMO_NIND(1.0),30/04/26 23:00:00,A,MARRIAGE,SE,1981,37793,,
ESTAT:DEMO_NIND(1.0),30/04/26 23:00:00,A,MARRIAGE,SE,1982,37051,,
ESTAT:DEMO_NIND(1.0),30/04/26 23:00:00,A,MARRIAGE,SE,1983,36210,,
ESTAT:DEMO_NIND(1.0),30/04/26 23:00:00,A,MARRIAGE,SE,1984,36849,,
ESTAT:DEMO_NIND(1.0),30/04/26 23:00:00,A,MARRIAGE,SE,1985,38297,,
ESTAT:DEMO_NIND(1.0),30/04/26 23:00:00,A,MARRIAGE,SE,1986,38906,,
ESTAT:DEMO_NIND(1.0),30/04/26 23:00:00,A,MARRIAGE,SE,1987,41223,,
ESTAT:DEMO_NIND(1.0),30/04/26 23:00:00,A,MARRIAGE,SE,1988,44229,,
ESTAT:DEMO_NIND(1.0),30/04/26 23:00:00,A,MARRIAGE,SE,1989,108919,,
ESTAT:DEMO_NIND(1.0),30/04/26 23:00:00,A,MARRIAGE,SE,1990,40477.00,,
ESTAT:DEMO_NIND(1.0),30/04/26 23:00:00,A,MARRIAGE,SE,1991,36836.00,,
ESTAT:DEMO_NIND(1.0),30/04/26 23:00:00,A,MARRIAGE,SE,1992,37173.00,,
ESTAT:DEMO_NIND(1.0),30/04/26 23:00:00,A,MARRIAGE,SE,1993,34005.00,,
ESTAT:DEMO_NIND(1.0),30/04/26 23:00:00,A,MARRIAGE,SE,1994,34203.00,,
ESTAT:DEMO_NIND(1.0),30/04/26 23:00:00,A,MARRIAGE,SE,1996,33484,,
ESTAT:DEMO_NIND(1.0),30/04/26 23:00:00,A,MARRIAGE,SE,1997,32313,,
ESTAT:DEMO_NIND(1.0),30/04/26 23:00:00,A,MARRIAGE,SE,1998,31598,,
ESTAT:DEMO_NIND(1.0),30/04/26 23:00:00,A,MARRIAGE,SE,1999,35682,,
ESTAT:DEMO_NIND(1.0),30/04/26 23:00:00,A,MARRIAGE,SE,2000,39895,,
ESTAT:DEMO_NIND(1.0),30/04/26 23:00:00,A,MARRIAGE,SE,2001,35778,,
ESTAT:DEMO_NIND(1.0),30/04/26 23:00:00,A,MARRIAGE,SE,2002,38012,,
ESTAT:DEMO_NIND(1.0),30/04/26 23:00:00,A,MARRIAGE,SE,2003,39041,,
ESTAT:DEMO_NIND(1.0),30/04/26 23:00:00,A,MARRIAGE,SE,2004,43088,,
ESTAT:DEMO_NIND(1.0),30/04/26 23:00:00,A,MARRIAGE,SE,2005,44381,,
ESTAT:DEMO_NIND(1.0),30/04/26 23:00:00,A,MARRIAGE,SE,2006,45551,,
ESTAT:DEMO_NIND(1.0),30/04/26 23:00:00,A,MARRIAGE,SE,2007,47898,,
ESTAT:DEMO_NIND(1.0),30/04/26 23:00:00,A,MARRIAGE,SE,2008,50332,,
ESTAT:DEMO_NIND(1.0),30/04/26 23:00:00,A,MARRIAGE,SE,2009,47259,,
ESTAT:DEMO_NIND(1.0),30/04/26 23:00:00,A,MARRIAGE,SE,2010,50028,,
ESTAT:DEMO_NIND(1.0),30/04/26 23:00:00,A,MARRIAGE,SE,2011,46922,,
ESTAT:DEMO_NIND(1.0),30/04/26 23:00:00,A,MARRIAGE,SE,2012,50044,,
ESTAT:DEMO_NIND(1.0),30/04/26 23:00:00,A,MARRIAGE,SE,2013,51610,,
ESTAT:DEMO_NIND(1.0),30/04/26 23:00:00,A,MARRIAGE,SE,2014,53113,,
ESTAT:DEMO_NIND(1.0),30/04/26 23:00:00,A,MARRIAGE,SE,2015,52314,,
ESTAT:DEMO_NIND(1.0),30/04/26 23:00:00,A,MARRIAGE,SE,2016,53817,,
ESTAT:DEMO_NIND(1.0),30/04/26 23:00:00,A,MARRIAGE,SE,2017,52497,,
ESTAT:DEMO_NIND(1.0),30/04/26 23:00:00,A,MARRIAGE,SE,2018,50796,,
ESTAT:DEMO_NIND(1.0),30/04/26 23:00:00,A,MARRIAGE,SE,2019,48481,,
ESTAT:DEMO_NIND(1.0),30/04/26 23:00:00,A,MARRIAGE,SE,2020,37591,,
ESTAT:DEMO_NIND(1.0),30/04/26 23:00:00,A,MARRIAGE,SE,2021,38895,,
ESTAT:DEMO_NIND(1.0),30/04/26 23:00:00,A,MARRIAGE,SE,2022,47883,,
ESTAT:DEMO_NIND(1.0),30/04/26 23:00:00,A,MARRIAGE,SE,2023,44190,,
ESTAT:DEMO_NIND(1.0),30/04/26 23:00:00,A,MARRIAGE,SE,2024,44854,,
ESTAT:DEMO_NIND(1.0),30/04/26 23:00:00,A,MARRIAGE,SI,1960,14013,,
ESTAT:DEMO_NIND(1.0),30/04/26 23:00:00,A,MARRIAGE,SI,1961,14442,,
ESTAT:DEMO_NIND(1.0),30/04/26 23:00:00,A,MARRIAGE,SI,1962,14535,,
ESTAT:DEMO_NIND(1.0),30/04/26 23:00:00,A,MARRIAGE,SI,1963,14277,,
ESTAT:DEMO_NIND(1.0),30/04/26 23:00:00,A,MARRIAGE,SI,1964,14622,,
ESTAT:DEMO_NIND(1.0),30/04/26 23:00:00,A,MARRIAGE,SI,1965,15121,,
ESTAT:DEMO_NIND(1.0),30/04/26 23:00:00,A,MARRIAGE,SI,1966,14348,,
ESTAT:DEMO_NIND(1.0),30/04/26 23:00:00,A,MARRIAGE,SI,1967,13984,,
ESTAT:DEMO_NIND(1.0),30/04/26 23:00:00,A,MARRIAGE,SI,1968,14010,,
ESTAT:DEMO_NIND(1.0),30/04/26 23:00:00,A,MARRIAGE,SI,1969,14113,,
ESTAT:DEMO_NIND(1.0),30/04/26 23:00:00,A,MARRIAGE,SI,1970,14281,,
ESTAT:DEMO_NIND(1.0),30/04/26 23:00:00,A,MARRIAGE,SI,1971,14186,,
ESTAT:DEMO_NIND(1.0),30/04/26 23:00:00,A,MARRIAGE,SI,1972,15792,,
ESTAT:DEMO_NIND(1.0),30/04/26 23:00:00,A,MARRIAGE,SI,1973,15681,,
ESTAT:DEMO_NIND(1.0),30/04/26 23:00:00,A,MARRIAGE,SI,1974,15408,,
ESTAT:DEMO_NIND(1.0),30/04/26 23:00:00,A,MARRIAGE,SI,1975,15379,,
ESTAT:DEMO_NIND(1.0),30/04/26 23:00:00,A,MARRIAGE,SI,1976,15048,,
ESTAT:DEMO_NIND(1.0),30/04/26 23:00:00,A,MARRIAGE,SI,1977,15026,,
ESTAT:DEMO_NIND(1.0),30/04/26 23:00:00,A,MARRIAGE,SI,1978,15695,,
ESTAT:DEMO_NIND(1.0),30/04/26 23:00:00,A,MARRIAGE,SI,1979,14230,,
ESTAT:DEMO_NIND(1.0),30/04/26 23:00:00,A,MARRIAGE,SI,1980,12377,,
ESTAT:DEMO_NIND(1.0),30/04/26 23:00:00,A,MARRIAGE,SI,1981,12153,,
ESTAT:DEMO_NIND(1.0),30/04/26 23:00:00,A,MARRIAGE,SI,1982,11689,,
ESTAT:DEMO_NIND(1.0),30/04/26 23:00:00,A,MARRIAGE,SI,1983,11878,,
ESTAT:DEMO_NIND(1.0),30/04/26 23:00:00,A,MARRIAGE,SI,1984,11386,,
ESTAT:DEMO_NIND(1.0),30/04/26 23:00:00,A,MARRIAGE,SI,1985,10579,,
ESTAT:DEMO_NIND(1.0),30/04/26 23:00:00,A,MARRIAGE,SI,1986,10621,,
ESTAT:DEMO_NIND(1.0),30/04/26 23:00:00,A,MARRIAGE,SI,1987,10307,,
ESTAT:DEMO_NIND(1.0),30/04/26 23:00:00,A,MARRIAGE,SI,1988,9217,,
ESTAT:DEMO_NIND(1.0),30/04/26 23:00:00,A,MARRIAGE,SI,1989,9776,,
ESTAT:DEMO_NIND(1.0),30/04/26 23:00:00,A,MARRIAGE,SI,1990,8517.00,,
ESTAT:DEMO_NIND(1.0),30/04/26 23:00:00,A,MARRIAGE,SI,1991,8173.00,,
ESTAT:DEMO_NIND(1.0),30/04/26 23:00:00,A,MARRIAGE,SI,1992,9119.00,,
ESTAT:DEMO_NIND(1.0),30/04/26 23:00:00,A,MARRIAGE,SI,1993,9022.00,,
ESTAT:DEMO_NIND(1.0),30/04/26 23:00:00,A,MARRIAGE,SI,1994,8314.00,,
ESTAT:DEMO_NIND(1.0),30/04/26 23:00:00,A,MARRIAGE,SI,1995,8245,,
ESTAT:DEMO_NIND(1.0),30/04/26 23:00:00,A,MARRIAGE,SI,1996,7555,,
ESTAT:DEMO_NIND(1.0),30/04/26 23:00:00,A,MARRIAGE,SI,1997,7500,,
ESTAT:DEMO_NIND(1.0),30/04/26 23:00:00,A,MARRIAGE,SI,1998,7528,,
ESTAT:DEMO_NIND(1.0),30/04/26 23:00:00,A,MARRIAGE,SI,1999,7716,,
ESTAT:DEMO_NIND(1.0),30/04/26 23:00:00,A,MARRIAGE,SI,2000,7201,,
ESTAT:DEMO_NIND(1.0),30/04/26 23:00:00,A,MARRIAGE,SI,2001,6935,,
ESTAT:DEMO_NIND(1.0),30/04/26 23:00:00,A,MARRIAGE,SI,2002,7064,,
ESTAT:DEMO_NIND(1.0),30/04/26 23:00:00,A,MARRIAGE,SI,2003,6756,,
ESTAT:DEMO_NIND(1.0),30/04/26 23:00:00,A,MARRIAGE,SI,2004,6558,,
ESTAT:DEMO_NIND(1.0),30/04/26 23:00:00,A,MARRIAGE,SI,2005,5769,,
ESTAT:DEMO_NIND(1.0),30/04/26 23:00:00,A,MARRIAGE,SI,2006,6368,,
ESTAT:DEMO_NIND(1.0),30/04/26 23:00:00,A,MARRIAGE,SI,2007,6373,,
ESTAT:DEMO_NIND(1.0),30/04/26 23:00:00,A,MARRIAGE,SI,2008,6703,,
ESTAT:DEMO_NIND(1.0),30/04/26 23:00:00,A,MARRIAGE,SI,2009,6542,,
ESTAT:DEMO_NIND(1.0),30/04/26 23:00:00,A,MARRIAGE,SI,2010,6528,,
ESTAT:DEMO_NIND(1.0),30/04/26 23:00:00,A,MARRIAGE,SI,2011,6671,,
ESTAT:DEMO_NIND(1.0),30/04/26 23:00:00,A,MARRIAGE,SI,2012,7057,,
ESTAT:DEMO_NIND(1.0),30/04/26 23:00:00,A,MARRIAGE,SI,2013,6254,,
ESTAT:DEMO_NIND(1.0),30/04/26 23:00:00,A,MARRIAGE,SI,2014,6571,,
ESTAT:DEMO_NIND(1.0),30/04/26 23:00:00,A,MARRIAGE,SI,2015,6449,,
ESTAT:DEMO_NIND(1.0),30/04/26 23:00:00,A,MARRIAGE,SI,2016,6667,,
ESTAT:DEMO_NIND(1.0),30/04/26 23:00:00,A,MARRIAGE,SI,2017,6481,,
ESTAT:DEMO_NIND(1.0),30/04/26 23:00:00,A,MARRIAGE,SI,2018,7256,,
ESTAT:DEMO_NIND(1.0),30/04/26 23:00:00,A,MARRIAGE,SI,2019,6672,,
ESTAT:DEMO_NIND(1.0),30/04/26 23:00:00,A,MARRIAGE,SI,2020,5214,,
ESTAT:DEMO_NIND(1.0),30/04/26 23:00:00,A,MARRIAGE,SI,2021,5916,,
ESTAT:DEMO_NIND(1.0),30/04/26 23:00:00,A,MARRIAGE,SI,2022,6768,,
ESTAT:DEMO_NIND(1.0),30/04/26 23:00:00,A,MARRIAGE,SI,2023,6388,,
ESTAT:DEMO_NIND(1.0),30/04/26 23:00:00,A,MARRIAGE,SI,2024,6353,,
ESTAT:DEMO_NIND(1.0),30/04/26 23:00:00,A,MARRIAGE,SK,1960,32179,,
ESTAT:DEMO_NIND(1.0),30/04/26 23:00:00,A,MARRIAGE,SK,1961,31543,,
ESTAT:DEMO_NIND(1.0),30/04/26 23:00:00,A,MARRIAGE,SK,1962,30712,,
ESTAT:DEMO_NIND(1.0),30/04/26 23:00:00,A,MARRIAGE,SK,1963,30659,,
ESTAT:DEMO_NIND(1.0),30/04/26 23:00:00,A,MARRIAGE,SK,1964,30220,,
ESTAT:DEMO_NIND(1.0),30/04/26 23:00:00,A,MARRIAGE,SK,1965,30512,,
ESTAT:DEMO_NIND(1.0),30/04/26 23:00:00,A,MARRIAGE,SK,1966,30917,,
ESTAT:DEMO_NIND(1.0),30/04/26 23:00:00,A,MARRIAGE,SK,1967,33682,,
ESTAT:DEMO_NIND(1.0),30/04/26 23:00:00,A,MARRIAGE,SK,1968,33801,,
ESTAT:DEMO_NIND(1.0),30/04/26 23:00:00,A,MARRIAGE,SK,1969,34877,,
ESTAT:DEMO_NIND(1.0),30/04/26 23:00:00,A,MARRIAGE,SK,1970,35961,,
ESTAT:DEMO_NIND(1.0),30/04/26 23:00:00,A,MARRIAGE,SK,1971,38088,,
ESTAT:DEMO_NIND(1.0),30/04/26 23:00:00,A,MARRIAGE,SK,1972,39771,,
ESTAT:DEMO_NIND(1.0),30/04/26 23:00:00,A,MARRIAGE,SK,1973,41770,,
ESTAT:DEMO_NIND(1.0),30/04/26 23:00:00,A,MARRIAGE,SK,1974,42389,,
ESTAT:DEMO_NIND(1.0),30/04/26 23:00:00,A,MARRIAGE,SK,1975,43835,,
ESTAT:DEMO_NIND(1.0),30/04/26 23:00:00,A,MARRIAGE,SK,1976,44165,,
ESTAT:DEMO_NIND(1.0),30/04/26 23:00:00,A,MARRIAGE,SK,1977,44474,,
ESTAT:DEMO_NIND(1.0),30/04/26 23:00:00,A,MARRIAGE,SK,1978,44241,,
ESTAT:DEMO_NIND(1.0),30/04/26 23:00:00,A,MARRIAGE,SK,1979,42638,,
ESTAT:DEMO_NIND(1.0),30/04/26 23:00:00,A,MARRIAGE,SK,1980,39578,,
ESTAT:DEMO_NIND(1.0),30/04/26 23:00:00,A,MARRIAGE,SK,1981,39352,,
ESTAT:DEMO_NIND(1.0),30/04/26 23:00:00,A,MARRIAGE,SK,1982,40398,,
ESTAT:DEMO_NIND(1.0),30/04/26 23:00:00,A,MARRIAGE,SK,1983,40130,,
ESTAT:DEMO_NIND(1.0),30/04/26 23:00:00,A,MARRIAGE,SK,1984,39626,,
ESTAT:DEMO_NIND(1.0),30/04/26 23:00:00,A,MARRIAGE,SK,1985,38930,,
ESTAT:DEMO_NIND(1.0),30/04/26 23:00:00,A,MARRIAGE,SK,1986,38341,,
ESTAT:DEMO_NIND(1.0),30/04/26 23:00:00,A,MARRIAGE,SK,1987,38395,,
ESTAT:DEMO_NIND(1.0),30/04/26 23:00:00,A,MARRIAGE,SK,1988,37493,,
ESTAT:DEMO_NIND(1.0),30/04/26 23:00:00,A,MARRIAGE,SK,1989,36525,,
ESTAT:DEMO_NIND(1.0),30/04/26 23:00:00,A,MARRIAGE,SK,1990,40435.00,,
ESTAT:DEMO_NIND(1.0),30/04/26 23:00:00,A,MARRIAGE,SK,1991,32721.00,,
ESTAT:DEMO_NIND(1.0),30/04/26 23:00:00,A,MARRIAGE,SK,1992,33880.00,,
ESTAT:DEMO_NIND(1.0),30/04/26 23:00:00,A,MARRIAGE,SK,1993,30771.00,,
ESTAT:DEMO_NIND(1.0),30/04/26 23:00:00,A,MARRIAGE,SK,1994,28155.00,,
ESTAT:DEMO_NIND(1.0),30/04/26 23:00:00,A,MARRIAGE,SK,1995,27489,,
ESTAT:DEMO_NIND(1.0),30/04/26 23:00:00,A,MARRIAGE,SK,1996,27484,,
ESTAT:DEMO_NIND(1.0),30/04/26 23:00:00,A,MARRIAGE,SK,1997,27955,,
ESTAT:DEMO_NIND(1.0),30/04/26 23:00:00,A,MARRIAGE,SK,1998,27494,,
ESTAT:DEMO_NIND(1.0),30/04/26 23:00:00,A,MARRIAGE,SK,1999,27340,,
ESTAT:DEMO_NIND(1.0),30/04/26 23:00:00,A,MARRIAGE,SK,2000,25903,,
ESTAT:DEMO_NIND(1.0),30/04/26 23:00:00,A,MARRIAGE,SK,2001,23795,,
ESTAT:DEMO_NIND(1.0),30/04/26 23:00:00,A,MARRIAGE,SK,2002,25062,,
ESTAT:DEMO_NIND(1.0),30/04/26 23:00:00,A,MARRIAGE,SK,2003,26002,,
ESTAT:DEMO_NIND(1.0),30/04/26 23:00:00,A,MARRIAGE,SK,2004,27885,,
ESTAT:DEMO_NIND(1.0),30/04/26 23:00:00,A,MARRIAGE,SK,2005,26149,,
ESTAT:DEMO_NIND(1.0),30/04/26 23:00:00,A,MARRIAGE,SK,2006,25939,,
ESTAT:DEMO_NIND(1.0),30/04/26 23:00:00,A,MARRIAGE,SK,2007,27437,,
ESTAT:DEMO_NIND(1.0),30/04/26 23:00:00,A,MARRIAGE,SK,2008,28293,,
ESTAT:DEMO_NIND(1.0),30/04/26 23:00:00,A,MARRIAGE,SK,2009,26356,,
ESTAT:DEMO_NIND(1.0),30/04/26 23:00:00,A,MARRIAGE,SK,2010,25415,,
ESTAT:DEMO_NIND(1.0),30/04/26 23:00:00,A,MARRIAGE,SK,2011,25621,,
ESTAT:DEMO_NIND(1.0),30/04/26 23:00:00,A,MARRIAGE,SK,2012,26006,,
ESTAT:DEMO_NIND(1.0),30/04/26 23:00:00,A,MARRIAGE,SK,2013,25491,,
ESTAT:DEMO_NIND(1.0),30/04/26 23:00:00,A,MARRIAGE,SK,2014,26737,,
ESTAT:DEMO_NIND(1.0),30/04/26 23:00:00,A,MARRIAGE,SK,2015,28775,,
ESTAT:DEMO_NIND(1.0),30/04/26 23:00:00,A,MARRIAGE,SK,2016,29897,,
ESTAT:DEMO_NIND(1.0),30/04/26 23:00:00,A,MARRIAGE,SK,2017,31309,,
ESTAT:DEMO_NIND(1.0),30/04/26 23:00:00,A,MARRIAGE,SK,2018,31177,,
ESTAT:DEMO_NIND(1.0),30/04/26 23:00:00,A,MARRIAGE,SK,2019,29664,,
ESTAT:DEMO_NIND(1.0),30/04/26 23:00:00,A,MARRIAGE,SK,2020,23753,,
ESTAT:DEMO_NIND(1.0),30/04/26 23:00:00,A,MARRIAGE,SK,2021,26350,,
ESTAT:DEMO_NIND(1.0),30/04/26 23:00:00,A,MARRIAGE,SK,2022,29172,,
ESTAT:DEMO_NIND(1.0),30/04/26 23:00:00,A,MARRIAGE,SK,2023,26484,,
ESTAT:DEMO_NIND(1.0),30/04/26 23:00:00,A,MARRIAGE,SK,2024,24842,,
ESTAT:DEMO_NIND(1.0),30/04/26 23:00:00,A,MARRIAGE,SM,2004,207,,
ESTAT:DEMO_NIND(1.0),30/04/26 23:00:00,A,MARRIAGE,SM,2005,223,,
ESTAT:DEMO_NIND(1.0),30/04/26 23:00:00,A,MARRIAGE,SM,2007,216,,
ESTAT:DEMO_NIND(1.0),30/04/26 23:00:00,A,MARRIAGE,SM,2008,202,,
ESTAT:DEMO_NIND(1.0),30/04/26 23:00:00,A,MARRIAGE,SM,2011,205,,
ESTAT:DEMO_NIND(1.0),30/04/26 23:00:00,A,MARRIAGE,SM,2012,203,,
ESTAT:DEMO_NIND(1.0),30/04/26 23:00:00,A,MARRIAGE,TR,1980,366400,,
ESTAT:DEMO_NIND(1.0),30/04/26 23:00:00,A,MARRIAGE,TR,2003,477451,,
ESTAT:DEMO_NIND(1.0),30/04/26 23:00:00,A,MARRIAGE,TR,2004,622453,,
ESTAT:DEMO_NIND(1.0),30/04/26 23:00:00,A,MARRIAGE,TR,2005,651991,,
ESTAT:DEMO_NIND(1.0),30/04/26 23:00:00,A,MARRIAGE,TR,2006,636121,,
ESTAT:DEMO_NIND(1.0),30/04/26 23:00:00,A,MARRIAGE,TR,2007,638311,,
ESTAT:DEMO_NIND(1.0),30/04/26 23:00:00,A,MARRIAGE,TR,2008,641973,,
ESTAT:DEMO_NIND(1.0),30/04/26 23:00:00,A,MARRIAGE,TR,2009,591742,,
ESTAT:DEMO_NIND(1.0),30/04/26 23:00:00,A,MARRIAGE,TR,2010,582715,,
ESTAT:DEMO_NIND(1.0),30/04/26 23:00:00,A,MARRIAGE,TR,2011,592775,,
ESTAT:DEMO_NIND(1.0),30/04/26 23:00:00,A,MARRIAGE,TR,2012,603751,,
ESTAT:DEMO_NIND(1.0),30/04/26 23:00:00,A,MARRIAGE,TR,2013,600138,,
ESTAT:DEMO_NIND(1.0),30/04/26 23:00:00,A,MARRIAGE,TR,2014,599704,,
ESTAT:DEMO_NIND(1.0),30/04/26 23:00:00,A,MARRIAGE,TR,2015,602982,,
ESTAT:DEMO_NIND(1.0),30/04/26 23:00:00,A,MARRIAGE,TR,2016,594493,,
ESTAT:DEMO_NIND(1.0),30/04/26 23:00:00,A,MARRIAGE,TR,2017,569459,,
ESTAT:DEMO_NIND(1.0),30/04/26 23:00:00,A,MARRIAGE,TR,2018,553202,,
ESTAT:DEMO_NIND(1.0),30/04/26 23:00:00,A,MARRIAGE,TR,2019,541424,,
ESTAT:DEMO_NIND(1.0),30/04/26 23:00:00,A,MARRIAGE,TR,2020,487270,,
ESTAT:DEMO_NIND(1.0),30/04/26 23:00:00,A,MARRIAGE,TR,2022,574358,,
ESTAT:DEMO_NIND(1.0),30/04/26 23:00:00,A,MARRIAGE,TR,2023,565435,,
ESTAT:DEMO_NIND(1.0),30/04/26 23:00:00,A,MARRIAGE,TR,2024,568395,,
ESTAT:DEMO_NIND(1.0),30/04/26 23:00:00,A,MARRIAGE,UA,2004,278225,,
ESTAT:DEMO_NIND(1.0),30/04/26 23:00:00,A,MARRIAGE,UA,2005,332143,,
ESTAT:DEMO_NIND(1.0),30/04/26 23:00:00,A,MARRIAGE,UA,2006,354959,,
ESTAT:DEMO_NIND(1.0),30/04/26 23:00:00,A,MARRIAGE,UA,2007,416427,,
ESTAT:DEMO_NIND(1.0),30/04/26 23:00:00,A,MARRIAGE,UA,2008,321992,,
ESTAT:DEMO_NIND(1.0),30/04/26 23:00:00,A,MARRIAGE,UA,2009,318198,,
ESTAT:DEMO_NIND(1.0),30/04/26 23:00:00,A,MARRIAGE,UA,2010,305933,,
ESTAT:DEMO_NIND(1.0),30/04/26 23:00:00,A,MARRIAGE,UA,2011,355880,,
ESTAT:DEMO_NIND(1.0),30/04/26 23:00:00,A,MARRIAGE,UA,2012,278276,,
ESTAT:DEMO_NIND(1.0),30/04/26 23:00:00,A,MARRIAGE,UA,2013,304232,,
ESTAT:DEMO_NIND(1.0),30/04/26 23:00:00,A,MARRIAGE,UA,2014,294962,,
ESTAT:DEMO_NIND(1.0),30/04/26 23:00:00,A,MARRIAGE,UA,2015,299038,,
ESTAT:DEMO_NIND(1.0),30/04/26 23:00:00,A,MARRIAGE,UA,2016,229453,,
ESTAT:DEMO_NIND(1.0),30/04/26 23:00:00,A,MARRIAGE,UA,2017,249522,,
ESTAT:DEMO_NIND(1.0),30/04/26 23:00:00,A,MARRIAGE,UA,2018,228411,,
ESTAT:DEMO_NIND(1.0),30/04/26 23:00:00,A,MARRIAGE,UA,2019,237858,,
ESTAT:DEMO_NIND(1.0),30/04/26 23:00:00,A,MARRIAGE,UA,2020,167974,,
ESTAT:DEMO_NIND(1.0),30/04/26 23:00:00,A,MARRIAGE,UA,2021,214013,,
ESTAT:DEMO_NIND(1.0),30/04/26 23:00:00,A,MARRIAGE,UK,1960,393598,,
ESTAT:DEMO_NIND(1.0),30/04/26 23:00:00,A,MARRIAGE,UK,1961,397101,,
ESTAT:DEMO_NIND(1.0),30/04/26 23:00:00,A,MARRIAGE,UK,1962,397818,,
ESTAT:DEMO_NIND(1.0),30/04/26 23:00:00,A,MARRIAGE,UK,1963,401137,,
ESTAT:DEMO_NIND(1.0),30/04/26 23:00:00,A,MARRIAGE,UK,1964,410163,,
ESTAT:DEMO_NIND(1.0),30/04/26 23:00:00,A,MARRIAGE,UK,1965,422054,,
ESTAT:DEMO_NIND(1.0),30/04/26 23:00:00,A,MARRIAGE,UK,1966,437083,,
ESTAT:DEMO_NIND(1.0),30/04/26 23:00:00,A,MARRIAGE,UK,1967,439092,,
ESTAT:DEMO_NIND(1.0),30/04/26 23:00:00,A,MARRIAGE,UK,1968,462758,,
ESTAT:DEMO_NIND(1.0),30/04/26 23:00:00,A,MARRIAGE,UK,1969,451627,,
ESTAT:DEMO_NIND(1.0),30/04/26 23:00:00,A,MARRIAGE,UK,1970,470987,,
ESTAT:DEMO_NIND(1.0),30/04/26 23:00:00,A,MARRIAGE,UK,1971,459389,,
ESTAT:DEMO_NIND(1.0),30/04/26 23:00:00,A,MARRIAGE,UK,1972,480285,,
ESTAT:DEMO_NIND(1.0),30/04/26 23:00:00,A,MARRIAGE,UK,1973,453665,,
ESTAT:DEMO_NIND(1.0),30/04/26 23:00:00,A,MARRIAGE,UK,1974,436346,,
ESTAT:DEMO_NIND(1.0),30/04/26 23:00:00,A,MARRIAGE,UK,1975,430678,,
ESTAT:DEMO_NIND(1.0),30/04/26 23:00:00,A,MARRIAGE,UK,1976,406024,,
ESTAT:DEMO_NIND(1.0),30/04/26 23:00:00,A,MARRIAGE,UK,1977,403938,,
ESTAT:DEMO_NIND(1.0),30/04/26 23:00:00,A,MARRIAGE,UK,1978,416376,,
ESTAT:DEMO_NIND(1.0),30/04/26 23:00:00,A,MARRIAGE,UK,1979,416927,,
ESTAT:DEMO_NIND(1.0),30/04/26 23:00:00,A,MARRIAGE,UK,1980,418446,,
ESTAT:DEMO_NIND(1.0),30/04/26 23:00:00,A,MARRIAGE,UK,1981,397846,,
ESTAT:DEMO_NIND(1.0),30/04/26 23:00:00,A,MARRIAGE,UK,1982,387021,,
ESTAT:DEMO_NIND(1.0),30/04/26 23:00:00,A,MARRIAGE,UK,1983,389286,,
ESTAT:DEMO_NIND(1.0),30/04/26 23:00:00,A,MARRIAGE,UK,1984,395800,,
ESTAT:DEMO_NIND(1.0),30/04/26 23:00:00,A,MARRIAGE,UK,1985,393117,,
ESTAT:DEMO_NIND(1.0),30/04/26 23:00:00,A,MARRIAGE,UK,1986,393939,,
ESTAT:DEMO_NIND(1.0),30/04/26 23:00:00,A,MARRIAGE,UK,1987,397937,,
ESTAT:DEMO_NIND(1.0),30/04/26 23:00:00,A,MARRIAGE,UK,1988,394049,,
ESTAT:DEMO_NIND(1.0),30/04/26 23:00:00,A,MARRIAGE,UK,1989,392042,,
ESTAT:DEMO_NIND(1.0),30/04/26 23:00:00,A,MARRIAGE,UK,1990,375410.00,,
ESTAT:DEMO_NIND(1.0),30/04/26 23:00:00,A,MARRIAGE,UK,1991,349739.00,,
ESTAT:DEMO_NIND(1.0),30/04/26 23:00:00,A,MARRIAGE,UK,1992,356013.00,,
ESTAT:DEMO_NIND(1.0),30/04/26 23:00:00,A,MARRIAGE,UK,1993,341608.00,,
ESTAT:DEMO_NIND(1.0),30/04/26 23:00:00,A,MARRIAGE,UK,1994,331232.00,,
ESTAT:DEMO_NIND(1.0),30/04/26 23:00:00,A,MARRIAGE,UK,1995,322251,,
ESTAT:DEMO_NIND(1.0),30/04/26 23:00:00,A,MARRIAGE,UK,1996,317514,,
ESTAT:DEMO_NIND(1.0),30/04/26 23:00:00,A,MARRIAGE,UK,1997,310218,,
ESTAT:DEMO_NIND(1.0),30/04/26 23:00:00,A,MARRIAGE,UK,1998,304797,,
ESTAT:DEMO_NIND(1.0),30/04/26 23:00:00,A,MARRIAGE,UK,1999,301083,,
ESTAT:DEMO_NIND(1.0),30/04/26 23:00:00,A,MARRIAGE,UK,2000,305912,,
ESTAT:DEMO_NIND(1.0),30/04/26 23:00:00,A,MARRIAGE,UK,2001,286129,,
ESTAT:DEMO_NIND(1.0),30/04/26 23:00:00,A,MARRIAGE,UK,2002,293021,,
ESTAT:DEMO_NIND(1.0),30/04/26 23:00:00,A,MARRIAGE,UK,2003,308623,,
ESTAT:DEMO_NIND(1.0),30/04/26 23:00:00,A,MARRIAGE,UK,2007,273920,,
ESTAT:DEMO_NIND(1.0),30/04/26 23:00:00,A,MARRIAGE,UK,2008,270403,,
ESTAT:DEMO_NIND(1.0),30/04/26 23:00:00,A,MARRIAGE,UK,2009,267898,,
ESTAT:DEMO_NIND(1.0),30/04/26 23:00:00,A,MARRIAGE,UK,2010,280444,,
ESTAT:DEMO_NIND(1.0),30/04/26 23:00:00,A,MARRIAGE,UK,2011,285391,,
ESTAT:DEMO_NIND(1.0),30/04/26 23:00:00,A,MARRIAGE,UK,2012,302654,,
ESTAT:DEMO_NIND(1.0),30/04/26 23:00:00,A,MARRIAGE,UK,2013,276527,,
ESTAT:DEMO_NIND(1.0),30/04/26 23:00:00,A,MARRIAGE,UK,2014,293647,,
ESTAT:DEMO_NIND(1.0),30/04/26 23:00:00,A,MARRIAGE,UK,2015,283559,,
ESTAT:DEMO_NIND(1.0),30/04/26 23:00:00,A,MARRIAGE,UK,2016,287328,,
ESTAT:DEMO_NIND(1.0),30/04/26 23:00:00,A,MARRIAGE,XK,2002,18280,,
ESTAT:DEMO_NIND(1.0),30/04/26 23:00:00,A,MARRIAGE,XK,2003,17034,,
ESTAT:DEMO_NIND(1.0),30/04/26 23:00:00,A,MARRIAGE,XK,2004,16989,,
ESTAT:DEMO_NIND(1.0),30/04/26 23:00:00,A,MARRIAGE,XK,2005,15732,,
ESTAT:DEMO_NIND(1.0),30/04/26 23:00:00,A,MARRIAGE,XK,2006,15825,,
ESTAT:DEMO_NIND(1.0),30/04/26 23:00:00,A,MARRIAGE,XK,2007,16824,,
ESTAT:DEMO_NIND(1.0),30/04/26 23:00:00,A,MARRIAGE,XK,2008,17950,,
ESTAT:DEMO_NIND(1.0),30/04/26 23:00:00,A,MARRIAGE,XK,2009,19498,,
ESTAT:DEMO_NIND(1.0),30/04/26 23:00:00,A,MARRIAGE,XK,2011,16619,,
ESTAT:DEMO_NIND(1.0),30/04/26 23:00:00,A,MARRIAGE,XK,2012,17169,,
ESTAT:DEMO_NIND(1.0),30/04/26 23:00:00,A,MARRIAGE,XK,2015,16274,,
ESTAT:DEMO_NIND(1.0),30/04/26 23:00:00,A,MARRIAGE,XK,2016,16051,,
ESTAT:DEMO_NIND(1.0),30/04/26 23:00:00,A,MARRIAGE,XK,2017,17112,,
ESTAT:DEMO_NIND(1.0),30/04/26 23:00:00,A,MARRIAGE,XK,2018,16871,,
ESTAT:DEMO_NIND(1.0),30/04/26 23:00:00,A,MARRIAGE,XK,2019,17577,,
ESTAT:DEMO_NIND(1.0),30/04/26 23:00:00,A,MMAR1CUM,AM,2006,0.66,,
ESTAT:DEMO_NIND(1.0),30/04/26 23:00:00,A,MMAR1CUM,AM,2007,0.68,,
ESTAT:DEMO_NIND(1.0),30/04/26 23:00:00,A,MMAR1CUM,AM,2008,0.68,,
ESTAT:DEMO_NIND(1.0),30/04/26 23:00:00,A,MMAR1CUM,AM,2009,0.66,,
ESTAT:DEMO_NIND(1.0),30/04/26 23:00:00,A,MMAR1CUM,AM,2015,0.67,,
ESTAT:DEMO_NIND(1.0),30/04/26 23:00:00,A,MMAR1CUM,AM,2017,0.61,,
ESTAT:DEMO_NIND(1.0),30/04/26 23:00:00,A,MMAR1CUM,AM,2018,0.60,,
ESTAT:DEMO_NIND(1.0),30/04/26 23:00:00,A,MMAR1CUM,AT,1990,0.55,,
ESTAT:DEMO_NIND(1.0),30/04/26 23:00:00,A,MMAR1CUM,AT,1991,0.53,,
ESTAT:DEMO_NIND(1.0),30/04/26 23:00:00,A,MMAR1CUM,AT,1992,0.54,,
ESTAT:DEMO_NIND(1.0),30/04/26 23:00:00,A,MMAR1CUM,AT,1993,0.53,,
ESTAT:DEMO_NIND(1.0),30/04/26 23:00:00,A,MMAR1CUM,AT,1994,0.52,,
ESTAT:DEMO_NIND(1.0),30/04/26 23:00:00,A,MMAR1CUM,AT,1995,0.52,,
ESTAT:DEMO_NIND(1.0),30/04/26 23:00:00,A,MMAR1CUM,AT,1996,0.52,,
ESTAT:DEMO_NIND(1.0),30/04/26 23:00:00,A,MMAR1CUM,AT,1997,0.51,,
ESTAT:DEMO_NIND(1.0),30/04/26 23:00:00,A,MMAR1CUM,AT,1998,0.50,,
ESTAT:DEMO_NIND(1.0),30/04/26 23:00:00,A,MMAR1CUM,AT,1999,0.50,,
ESTAT:DEMO_NIND(1.0),30/04/26 23:00:00,A,MMAR1CUM,AT,2000,0.51,,
ESTAT:DEMO_NIND(1.0),30/04/26 23:00:00,A,MMAR1CUM,AT,2001,0.44,,
ESTAT:DEMO_NIND(1.0),30/04/26 23:00:00,A,MMAR1CUM,AT,2002,0.47,,
ESTAT:DEMO_NIND(1.0),30/04/26 23:00:00,A,MMAR1CUM,AT,2003,0.48,,
ESTAT:DEMO_NIND(1.0),30/04/26 23:00:00,A,MMAR1CUM,AT,2004,0.49,,
ESTAT:DEMO_NIND(1.0),30/04/26 23:00:00,A,MMAR1CUM,AT,2005,0.50,,
ESTAT:DEMO_NIND(1.0),30/04/26 23:00:00,A,MMAR1CUM,AT,2006,0.47,,
ESTAT:DEMO_NIND(1.0),30/04/26 23:00:00,A,MMAR1CUM,AT,2007,0.46,,
ESTAT:DEMO_NIND(1.0),30/04/26 23:00:00,A,MMAR1CUM,AT,2008,0.46,,
ESTAT:DEMO_NIND(1.0),30/04/26 23:00:00,A,MMAR1CUM,AT,2009,0.47,,
ESTAT:DEMO_NIND(1.0),30/04/26 23:00:00,A,MMAR1CUM,AT,2011,0.48,,
ESTAT:DEMO_NIND(1.0),30/04/26 23:00:00,A,MMAR1CUM,AT,2012,0.52,,
ESTAT:DEMO_NIND(1.0),30/04/26 23:00:00,A,MMAR1CUM,AT,2013,0.48,,
ESTAT:DEMO_NIND(1.0),30/04/26 23:00:00,A,MMAR1CUM,AT,2014,0.50,,
ESTAT:DEMO_NIND(1.0),30/04/26 23:00:00,A,MMAR1CUM,AT,2015,0.58,,
ESTAT:DEMO_NIND(1.0),30/04/26 23:00:00,A,MMAR1CUM,AT,2016,0.58,,
ESTAT:DEMO_NIND(1.0),30/04/26 23:00:00,A,MMAR1CUM,AT,2017,0.58,,
ESTAT:DEMO_NIND(1.0),30/04/26 23:00:00,A,MMAR1CUM,AT,2018,0.59,,
ESTAT:DEMO_NIND(1.0),30/04/26 23:00:00,A,MMAR1CUM,AT,2019,0.58,,
ESTAT:DEMO_NIND(1.0),30/04/26 23:00:00,A,MMAR1CUM,AT,2023,0.58,,
ESTAT:DEMO_NIND(1.0),30/04/26 23:00:00,A,MMAR1CUM,AT,2024,0.59,,
ESTAT:DEMO_NIND(1.0),30/04/26 23:00:00,A,MMAR1CUM,AZ,2006,1.12,,
ESTAT:DEMO_NIND(1.0),30/04/26 23:00:00,A,MMAR1CUM,AZ,2007,1.10,,
ESTAT:DEMO_NIND(1.0),30/04/26 23:00:00,A,MMAR1CUM,AZ,2008,1.03,,
ESTAT:DEMO_NIND(1.0),30/04/26 23:00:00,A,MMAR1CUM,AZ,2009,0.96,,
ESTAT:DEMO_NIND(1.0),30/04/26 23:00:00,A,MMAR1CUM,AZ,2014,0.92,,
ESTAT:DEMO_NIND(1.0),30/04/26 23:00:00,A,MMAR1CUM,AZ,2015,0.91,,
ESTAT:DEMO_NIND(1.0),30/04/26 23:00:00,A,MMAR1CUM,AZ,2017,0.65,,
ESTAT:DEMO_NIND(1.0),30/04/26 23:00:00,A,MMAR1CUM,AZ,2018,0.64,,
ESTAT:DEMO_NIND(1.0),30/04/26 23:00:00,A,MMAR1CUM,AZ,2019,0.66,,
ESTAT:DEMO_NIND(1.0),30/04/26 23:00:00,A,MMAR1CUM,BE,1990,0.68,,
ESTAT:DEMO_NIND(1.0),30/04/26 23:00:00,A,MMAR1CUM,BE,1991,0.64,,
ESTAT:DEMO_NIND(1.0),30/04/26 23:00:00,A,MMAR1CUM,BE,1992,0.61,,
ESTAT:DEMO_NIND(1.0),30/04/26 23:00:00,A,MMAR1CUM,BE,1993,0.57,,
ESTAT:DEMO_NIND(1.0),30/04/26 23:00:00,A,MMAR1CUM,BE,1994,0.54,,
ESTAT:DEMO_NIND(1.0),30/04/26 23:00:00,A,MMAR1CUM,BE,1995,0.53,,
ESTAT:DEMO_NIND(1.0),30/04/26 23:00:00,A,MMAR1CUM,BE,1996,0.52,,
ESTAT:DEMO_NIND(1.0),30/04/26 23:00:00,A,MMAR1CUM,BE,1997,0.50,,
ESTAT:DEMO_NIND(1.0),30/04/26 23:00:00,A,MMAR1CUM,BE,1998,0.48,,
ESTAT:DEMO_NIND(1.0),30/04/26 23:00:00,A,MMAR1CUM,BE,1999,0.47,,
ESTAT:DEMO_NIND(1.0),30/04/26 23:00:00,A,MMAR1CUM,BE,2000,0.48,,
ESTAT:DEMO_NIND(1.0),30/04/26 23:00:00,A,MMAR1CUM,BE,2001,0.45,,
ESTAT:DEMO_NIND(1.0),30/04/26 23:00:00,A,MMAR1CUM,BE,2002,0.43,,
ESTAT:DEMO_NIND(1.0),30/04/26 23:00:00,A,MMAR1CUM,BE,2003,0.44,,
ESTAT:DEMO_NIND(1.0),30/04/26 23:00:00,A,MMAR1CUM,BE,2004,0.45,,
ESTAT:DEMO_NIND(1.0),30/04/26 23:00:00,A,MMAR1CUM,BE,2005,0.45,,
ESTAT:DEMO_NIND(1.0),30/04/26 23:00:00,A,MMAR1CUM,BE,2006,0.46,,
ESTAT:DEMO_NIND(1.0),30/04/26 23:00:00,A,MMAR1CUM,BE,2007,0.47,,
ESTAT:DEMO_NIND(1.0),30/04/26 23:00:00,A,MMAR1CUM,BE,2008,0.47,,
ESTAT:DEMO_NIND(1.0),30/04/26 23:00:00,A,MMAR1CUM,BE,2009,0.45,,
ESTAT:DEMO_NIND(1.0),30/04/26 23:00:00,A,MMAR1CUM,BE,2010,0.42,,
ESTAT:DEMO_NIND(1.0),30/04/26 23:00:00,A,MMAR1CUM,BE,2012,0.42,,
ESTAT:DEMO_NIND(1.0),30/04/26 23:00:00,A,MMAR1CUM,BE,2017,0.42,,
ESTAT:DEMO_NIND(1.0),30/04/26 23:00:00,A,MMAR1CUM,BE,2020,0.30,,
ESTAT:DEMO_NIND(1.0),30/04/26 23:00:00,A,MMAR1CUM,BE,2021,0.38,,
ESTAT:DEMO_NIND(1.0),30/04/26 23:00:00,A,MMAR1CUM,BE,2022,0.46,,
ESTAT:DEMO_NIND(1.0),30/04/26 23:00:00,A,MMAR1CUM,BE,2023,0.44,,
ESTAT:DEMO_NIND(1.0),30/04/26 23:00:00,A,MMAR1CUM,BG,1990,0.90,,
ESTAT:DEMO_NIND(1.0),30/04/26 23:00:00,A,MMAR1CUM,BG,1991,0.73,,
ESTAT:DEMO_NIND(1.0),30/04/26 23:00:00,A,MMAR1CUM,BG,1992,0.68,,
ESTAT:DEMO_NIND(1.0),30/04/26 23:00:00,A,MMAR1CUM,BG,1993,0.61,,
ESTAT:DEMO_NIND(1.0),30/04/26 23:00:00,A,MMAR1CUM,BG,1994,0.57,,
ESTAT:DEMO_NIND(1.0),30/04/26 23:00:00,A,MMAR1CUM,BG,1995,0.55,,
ESTAT:DEMO_NIND(1.0),30/04/26 23:00:00,A,MMAR1CUM,BG,1996,0.52,,
ESTAT:DEMO_NIND(1.0),30/04/26 23:00:00,A,MMAR1CUM,BG,1997,0.50,,
ESTAT:DEMO_NIND(1.0),30/04/26 23:00:00,A,MMAR1CUM,BG,1998,0.52,,
ESTAT:DEMO_NIND(1.0),30/04/26 23:00:00,A,MMAR1CUM,BG,1999,0.52,,
ESTAT:DEMO_NIND(1.0),30/04/26 23:00:00,A,MMAR1CUM,BG,2000,0.50,,
ESTAT:DEMO_NIND(1.0),30/04/26 23:00:00,A,MMAR1CUM,BG,2001,0.47,,
ESTAT:DEMO_NIND(1.0),30/04/26 23:00:00,A,MMAR1CUM,BG,2002,0.44,,
ESTAT:DEMO_NIND(1.0),30/04/26 23:00:00,A,MMAR1CUM,BG,2003,0.46,,
ESTAT:DEMO_NIND(1.0),30/04/26 23:00:00,A,MMAR1CUM,BG,2004,0.46,,
ESTAT:DEMO_NIND(1.0),30/04/26 23:00:00,A,MMAR1CUM,BG,2005,0.50,,
ESTAT:DEMO_NIND(1.0),30/04/26 23:00:00,A,MMAR1CUM,BG,2006,0.50,,
ESTAT:DEMO_NIND(1.0),30/04/26 23:00:00,A,MMAR1CUM,BG,2007,0.45,,
ESTAT:DEMO_NIND(1.0),30/04/26 23:00:00,A,MMAR1CUM,BG,2008,0.43,,
ESTAT:DEMO_NIND(1.0),30/04/26 23:00:00,A,MMAR1CUM,BG,2009,0.40,,
ESTAT:DEMO_NIND(1.0),30/04/26 23:00:00,A,MMAR1CUM,BG,2010,0.38,,
ESTAT:DEMO_NIND(1.0),30/04/26 23:00:00,A,MMAR1CUM,BG,2011,0.36,b,
ESTAT:DEMO_NIND(1.0),30/04/26 23:00:00,A,MMAR1CUM,BG,2013,0.38,,
ESTAT:DEMO_NIND(1.0),30/04/26 23:00:00,A,MMAR1CUM,BG,2014,0.43,,
ESTAT:DEMO_NIND(1.0),30/04/26 23:00:00,A,MMAR1CUM,BG,2015,0.49,,
ESTAT:DEMO_NIND(1.0),30/04/26 23:00:00,A,MMAR1CUM,BG,2016,0.49,,
ESTAT:DEMO_NIND(1.0),30/04/26 23:00:00,A,MMAR1CUM,BG,2017,0.53,,
ESTAT:DEMO_NIND(1.0),30/04/26 23:00:00,A,MMAR1CUM,BG,2018,0.55,,
ESTAT:DEMO_NIND(1.0),30/04/26 23:00:00,A,MMAR1CUM,BG,2019,0.57,,
ESTAT:DEMO_NIND(1.0),30/04/26 23:00:00,A,MMAR1CUM,BG,2020,0.44,,
ESTAT:DEMO_NIND(1.0),30/04/26 23:00:00,A,MMAR1CUM,BG,2021,0.54,,
ESTAT:DEMO_NIND(1.0),30/04/26 23:00:00,A,MMAR1CUM,BG,2022,0.57,,
ESTAT:DEMO_NIND(1.0),30/04/26 23:00:00,A,MMAR1CUM,BG,2023,0.52,,
ESTAT:DEMO_NIND(1.0),30/04/26 23:00:00,A,MMAR1CUM,BG,2024,0.49,,
ESTAT:DEMO_NIND(1.0),30/04/26 23:00:00,A,MMAR1CUM,BY,2006,0.78,,
ESTAT:DEMO_NIND(1.0),30/04/26 23:00:00,A,MMAR1CUM,BY,2007,0.87,,
ESTAT:DEMO_NIND(1.0),30/04/26 23:00:00,A,MMAR1CUM,BY,2008,0.73,,
ESTAT:DEMO_NIND(1.0),30/04/26 23:00:00,A,MMAR1CUM,BY,2011,0.86,,
ESTAT:DEMO_NIND(1.0),30/04/26 23:00:00,A,MMAR1CUM,BY,2013,0.86,,
ESTAT:DEMO_NIND(1.0),30/04/26 23:00:00,A,MMAR1CUM,BY,2014,0.84,,
ESTAT:DEMO_NIND(1.0),30/04/26 23:00:00,A,MMAR1CUM,BY,2015,0.84,,
ESTAT:DEMO_NIND(1.0),30/04/26 23:00:00,A,MMAR1CUM,BY,2016,0.67,,
ESTAT:DEMO_NIND(1.0),30/04/26 23:00:00,A,MMAR1CUM,BY,2017,0.70,,
ESTAT:DEMO_NIND(1.0),30/04/26 23:00:00,A,MMAR1CUM,BY,2018,0.66,,
ESTAT:DEMO_NIND(1.0),30/04/26 23:00:00,A,MMAR1CUM,CH,1990,0.71,,
ESTAT:DEMO_NIND(1.0),30/04/26 23:00:00,A,MMAR1CUM,CH,1991,0.70,,
ESTAT:DEMO_NIND(1.0),30/04/26 23:00:00,A,MMAR1CUM,CH,1992,0.66,,
ESTAT:DEMO_NIND(1.0),30/04/26 23:00:00,A,MMAR1CUM,CH,1993,0.67,,
ESTAT:DEMO_NIND(1.0),30/04/26 23:00:00,A,MMAR1CUM,CH,1994,0.62,,
ESTAT:DEMO_NIND(1.0),30/04/26 23:00:00,A,MMAR1CUM,CH,1995,0.59,,
ESTAT:DEMO_NIND(1.0),30/04/26 23:00:00,A,MMAR1CUM,CH,1996,0.59,,
ESTAT:DEMO_NIND(1.0),30/04/26 23:00:00,A,MMAR1CUM,CH,1997,0.57,,
ESTAT:DEMO_NIND(1.0),30/04/26 23:00:00,A,MMAR1CUM,CH,1998,0.57,,
ESTAT:DEMO_NIND(1.0),30/04/26 23:00:00,A,MMAR1CUM,CH,1999,0.60,,
ESTAT:DEMO_NIND(1.0),30/04/26 23:00:00,A,MMAR1CUM,CH,2000,0.59,,
ESTAT:DEMO_NIND(1.0),30/04/26 23:00:00,A,MMAR1CUM,CH,2001,0.53,,
ESTAT:DEMO_NIND(1.0),30/04/26 23:00:00,A,MMAR1CUM,CH,2002,0.60,,
ESTAT:DEMO_NIND(1.0),30/04/26 23:00:00,A,MMAR1CUM,CH,2003,0.60,,
ESTAT:DEMO_NIND(1.0),30/04/26 23:00:00,A,MMAR1CUM,CH,2004,0.59,,
ESTAT:DEMO_NIND(1.0),30/04/26 23:00:00,A,MMAR1CUM,CH,2005,0.60,,
ESTAT:DEMO_NIND(1.0),30/04/26 23:00:00,A,MMAR1CUM,CH,2006,0.59,,
ESTAT:DEMO_NIND(1.0),30/04/26 23:00:00,A,MMAR1CUM,CH,2007,0.60,,
ESTAT:DEMO_NIND(1.0),30/04/26 23:00:00,A,MMAR1CUM,CH,2008,0.61,,
ESTAT:DEMO_NIND(1.0),30/04/26 23:00:00,A,MMAR1CUM,CH,2009,0.60,,
ESTAT:DEMO_NIND(1.0),30/04/26 23:00:00,A,MMAR1CUM,CH,2010,0.62,,
ESTAT:DEMO_NIND(1.0),30/04/26 23:00:00,A,MMAR1CUM,CH,2011,0.59,b,
ESTAT:DEMO_NIND(1.0),30/04/26 23:00:00,A,MMAR1CUM,CH,2013,0.55,,
ESTAT:DEMO_NIND(1.0),30/04/26 23:00:00,A,MMAR1CUM,CH,2014,0.58,,
ESTAT:DEMO_NIND(1.0),30/04/26 23:00:00,A,MMAR1CUM,CH,2015,0.56,,
ESTAT:DEMO_NIND(1.0),30/04/26 23:00:00,A,MMAR1CUM,CH,2016,0.56,,
ESTAT:DEMO_NIND(1.0),30/04/26 23:00:00,A,MMAR1CUM,CH,2017,0.55,,
ESTAT:DEMO_NIND(1.0),30/04/26 23:00:00,A,MMAR1CUM,CH,2018,0.55,,
ESTAT:DEMO_NIND(1.0),30/04/26 23:00:00,A,MMAR1CUM,CH,2019,0.52,,
ESTAT:DEMO_NIND(1.0),30/04/26 23:00:00,A,MMAR1CUM,CH,2020,0.47,,
ESTAT:DEMO_NIND(1.0),30/04/26 23:00:00,A,MMAR1CUM,CH,2021,0.49,,
ESTAT:DEMO_NIND(1.0),30/04/26 23:00:00,A,MMAR1CUM,CH,2022,0.50,,
ESTAT:DEMO_NIND(1.0),30/04/26 23:00:00,A,MMAR1CUM,CH,2023,0.48,,
ESTAT:DEMO_NIND(1.0),30/04/26 23:00:00,A,MMAR1CUM,CH,2024,0.47,,
ESTAT:DEMO_NIND(1.0),30/04/26 23:00:00,A,MMAR1CUM,CY,1990,1.12,,
ESTAT:DEMO_NIND(1.0),30/04/26 23:00:00,A,MMAR1CUM,CY,1991,1.21,,
ESTAT:DEMO_NIND(1.0),30/04/26 23:00:00,A,MMAR1CUM,CY,1992,0.87,,
ESTAT:DEMO_NIND(1.0),30/04/26 23:00:00,A,MMAR1CUM,CY,1993,1.11,,
ESTAT:DEMO_NIND(1.0),30/04/26 23:00:00,A,MMAR1CUM,CY,1994,1.10,,
ESTAT:DEMO_NIND(1.0),30/04/26 23:00:00,A,MMAR1CUM,CY,1995,1.17,,
ESTAT:DEMO_NIND(1.0),30/04/26 23:00:00,A,MMAR1CUM,CY,1996,0.99,,
ESTAT:DEMO_NIND(1.0),30/04/26 23:00:00,A,MMAR1CUM,CY,1997,1.25,,
ESTAT:DEMO_NIND(1.0),30/04/26 23:00:00,A,MMAR1CUM,CY,1998,1.30,,
ESTAT:DEMO_NIND(1.0),30/04/26 23:00:00,A,MMAR1CUM,CY,1999,1.53,,
ESTAT:DEMO_NIND(1.0),30/04/26 23:00:00,A,MMAR1CUM,CY,2000,1.51,,
ESTAT:DEMO_NIND(1.0),30/04/26 23:00:00,A,MMAR1CUM,CY,2001,1.72,,
ESTAT:DEMO_NIND(1.0),30/04/26 23:00:00,A,MMAR1CUM,CY,2002,1.63,,
ESTAT:DEMO_NIND(1.0),30/04/26 23:00:00,A,MMAR1CUM,CY,2003,1.64,,
ESTAT:DEMO_NIND(1.0),30/04/26 23:00:00,A,MMAR1CUM,CY,2004,0.77,,
ESTAT:DEMO_NIND(1.0),30/04/26 23:00:00,A,MMAR1CUM,CY,2005,0.82,,
ESTAT:DEMO_NIND(1.0),30/04/26 23:00:00,A,MMAR1CUM,CY,2006,0.71,,
ESTAT:DEMO_NIND(1.0),30/04/26 23:00:00,A,MMAR1CUM,CZ,1990,1.00,,
ESTAT:DEMO_NIND(1.0),30/04/26 23:00:00,A,MMAR1CUM,CZ,1991,0.77,,
ESTAT:DEMO_NIND(1.0),30/04/26 23:00:00,A,MMAR1CUM,CZ,1992,0.78,,
ESTAT:DEMO_NIND(1.0),30/04/26 23:00:00,A,MMAR1CUM,CZ,1993,0.68,,
ESTAT:DEMO_NIND(1.0),30/04/26 23:00:00,A,MMAR1CUM,CZ,1994,0.57,,
ESTAT:DEMO_NIND(1.0),30/04/26 23:00:00,A,MMAR1CUM,CZ,1995,0.52,,
ESTAT:DEMO_NIND(1.0),30/04/26 23:00:00,A,MMAR1CUM,CZ,1996,0.50,,
ESTAT:DEMO_NIND(1.0),30/04/26 23:00:00,A,MMAR1CUM,CZ,1997,0.52,,
ESTAT:DEMO_NIND(1.0),30/04/26 23:00:00,A,MMAR1CUM,CZ,1998,0.49,,
ESTAT:DEMO_NIND(1.0),30/04/26 23:00:00,A,MMAR1CUM,CZ,1999,0.47,,
ESTAT:DEMO_NIND(1.0),30/04/26 23:00:00,A,MMAR1CUM,CZ,2000,0.49,,
ESTAT:DEMO_NIND(1.0),30/04/26 23:00:00,A,MMAR1CUM,CZ,2001,0.46,,
ESTAT:DEMO_NIND(1.0),30/04/26 23:00:00,A,MMAR1CUM,CZ,2002,0.46,,
ESTAT:DEMO_NIND(1.0),30/04/26 23:00:00,A,MMAR1CUM,CZ,2003,0.43,,
ESTAT:DEMO_NIND(1.0),30/04/26 23:00:00,A,MMAR1CUM,CZ,2004,0.45,,
ESTAT:DEMO_NIND(1.0),30/04/26 23:00:00,A,MMAR1CUM,CZ,2005,0.45,,
ESTAT:DEMO_NIND(1.0),30/04/26 23:00:00,A,MMAR1CUM,CZ,2006,0.46,,
ESTAT:DEMO_NIND(1.0),30/04/26 23:00:00,A,MMAR1CUM,CZ,2007,0.49,,
ESTAT:DEMO_NIND(1.0),30/04/26 23:00:00,A,MMAR1CUM,CZ,2008,0.45,,
ESTAT:DEMO_NIND(1.0),30/04/26 23:00:00,A,MMAR1CUM,CZ,2009,0.41,,
ESTAT:DEMO_NIND(1.0),30/04/26 23:00:00,A,MMAR1CUM,CZ,2010,0.41,,
ESTAT:DEMO_NIND(1.0),30/04/26 23:00:00,A,MMAR1CUM,CZ,2011,0.41,b,
ESTAT:DEMO_NIND(1.0),30/04/26 23:00:00,A,MMAR1CUM,CZ,2012,0.42,,
ESTAT:DEMO_NIND(1.0),30/04/26 23:00:00,A,MMAR1CUM,CZ,2013,0.42,,
ESTAT:DEMO_NIND(1.0),30/04/26 23:00:00,A,MMAR1CUM,CZ,2014,0.45,,
ESTAT:DEMO_NIND(1.0),30/04/26 23:00:00,A,MMAR1CUM,CZ,2015,0.48,,
ESTAT:DEMO_NIND(1.0),30/04/26 23:00:00,A,MMAR1CUM,CZ,2016,0.51,,
ESTAT:DEMO_NIND(1.0),30/04/26 23:00:00,A,MMAR1CUM,CZ,2017,0.54,,
ESTAT:DEMO_NIND(1.0),30/04/26 23:00:00,A,MMAR1CUM,CZ,2018,0.56,,
ESTAT:DEMO_NIND(1.0),30/04/26 23:00:00,A,MMAR1CUM,CZ,2019,0.57,,
ESTAT:DEMO_NIND(1.0),30/04/26 23:00:00,A,MMAR1CUM,CZ,2020,0.47,,
ESTAT:DEMO_NIND(1.0),30/04/26 23:00:00,A,MMAR1CUM,CZ,2021,0.51,,
ESTAT:DEMO_NIND(1.0),30/04/26 23:00:00,A,MMAR1CUM,CZ,2022,0.60,,
ESTAT:DEMO_NIND(1.0),30/04/26 23:00:00,A,MMAR1CUM,CZ,2023,0.53,,
ESTAT:DEMO_NIND(1.0),30/04/26 23:00:00,A,MMAR1CUM,CZ,2024,0.49,,
ESTAT:DEMO_NIND(1.0),30/04/26 23:00:00,A,MMAR1CUM,DE,1990,0.09,,
ESTAT:DEMO_NIND(1.0),30/04/26 23:00:00,A,MMAR1CUM,DE,1991,0.52,,
ESTAT:DEMO_NIND(1.0),30/04/26 23:00:00,A,MMAR1CUM,DE,1992,0.52,,
ESTAT:DEMO_NIND(1.0),30/04/26 23:00:00,A,MMAR1CUM,DE,1993,0.50,,
ESTAT:DEMO_NIND(1.0),30/04/26 23:00:00,A,MMAR1CUM,DE,1994,0.50,,
ESTAT:DEMO_NIND(1.0),30/04/26 23:00:00,A,MMAR1CUM,DE,1995,0.50,,
ESTAT:DEMO_NIND(1.0),30/04/26 23:00:00,A,MMAR1CUM,DE,1996,0.50,,
ESTAT:DEMO_NIND(1.0),30/04/26 23:00:00,A,MMAR1CUM,DE,1997,0.51,,
ESTAT:DEMO_NIND(1.0),30/04/26 23:00:00,A,MMAR1CUM,DE,1998,0.50,,
ESTAT:DEMO_NIND(1.0),30/04/26 23:00:00,A,MMAR1CUM,DE,1999,0.53,,
ESTAT:DEMO_NIND(1.0),30/04/26 23:00:00,A,MMAR1CUM,DE,2000,0.53,,
ESTAT:DEMO_NIND(1.0),30/04/26 23:00:00,A,MMAR1CUM,DE,2001,0.48,,
ESTAT:DEMO_NIND(1.0),30/04/26 23:00:00,A,MMAR1CUM,DE,2003,0.50,,
ESTAT:DEMO_NIND(1.0),30/04/26 23:00:00,A,MMAR1CUM,DE,2004,0.52,,
ESTAT:DEMO_NIND(1.0),30/04/26 23:00:00,A,MMAR1CUM,DE,2005,0.52,,
ESTAT:DEMO_NIND(1.0),30/04/26 23:00:00,A,MMAR1CUM,DE,2006,0.51,,
ESTAT:DEMO_NIND(1.0),30/04/26 23:00:00,A,MMAR1CUM,DE,2007,0.51,,
ESTAT:DEMO_NIND(1.0),30/04/26 23:00:00,A,MMAR1CUM,DE,2008,0.52,,
ESTAT:DEMO_NIND(1.0),30/04/26 23:00:00,A,MMAR1CUM,DE,2009,0.53,,
ESTAT:DEMO_NIND(1.0),30/04/26 23:00:00,A,MMAR1CUM,DE,2011,0.54,,
ESTAT:DEMO_NIND(1.0),30/04/26 23:00:00,A,MMAR1CUM,DE,2013,0.55,,
ESTAT:DEMO_NIND(1.0),30/04/26 23:00:00,A,MMAR1CUM,DE,2014,0.56,,
ESTAT:DEMO_NIND(1.0),30/04/26 23:00:00,A,MMAR1CUM,DE,2015,0.57,,
ESTAT:DEMO_NIND(1.0),30/04/26 23:00:00,A,MMAR1CUM,DE,2016,0.58,,
ESTAT:DEMO_NIND(1.0),30/04/26 23:00:00,A,MMAR1CUM,DE,2017,0.58,,
ESTAT:DEMO_NIND(1.0),30/04/26 23:00:00,A,MMAR1CUM,DE_TOT,1990,0.60,,
ESTAT:DEMO_NIND(1.0),30/04/26 23:00:00,A,MMAR1CUM,DE_TOT,1991,0.52,,
ESTAT:DEMO_NIND(1.0),30/04/26 23:00:00,A,MMAR1CUM,DE_TOT,1992,0.52,,
ESTAT:DEMO_NIND(1.0),30/04/26 23:00:00,A,MMAR1CUM,DE_TOT,1993,0.50,,
ESTAT:DEMO_NIND(1.0),30/04/26 23:00:00,A,MMAR1CUM,DE_TOT,1994,0.50,,
ESTAT:DEMO_NIND(1.0),30/04/26 23:00:00,A,MMAR1CUM,DE_TOT,1995,0.50,,
ESTAT:DEMO_NIND(1.0),30/04/26 23:00:00,A,MMAR1CUM,DE_TOT,1996,0.50,,
ESTAT:DEMO_NIND(1.0),30/04/26 23:00:00,A,MMAR1CUM,DE_TOT,1997,0.51,,
ESTAT:DEMO_NIND(1.0),30/04/26 23:00:00,A,MMAR1CUM,DE_TOT,1998,0.50,,
ESTAT:DEMO_NIND(1.0),30/04/26 23:00:00,A,MMAR1CUM,DE_TOT,1999,0.53,,
ESTAT:DEMO_NIND(1.0),30/04/26 23:00:00,A,MMAR1CUM,DE_TOT,2000,0.53,,
ESTAT:DEMO_NIND(1.0),30/04/26 23:00:00,A,MMAR1CUM,DE_TOT,2001,0.48,,
ESTAT:DEMO_NIND(1.0),30/04/26 23:00:00,A,MMAR1CUM,DE_TOT,2003,0.50,,
ESTAT:DEMO_NIND(1.0),30/04/26 23:00:00,A,MMAR1CUM,DE_TOT,2004,0.52,,
ESTAT:DEMO_NIND(1.0),30/04/26 23:00:00,A,MMAR1CUM,DE_TOT,2005,0.52,,
ESTAT:DEMO_NIND(1.0),30/04/26 23:00:00,A,MMAR1CUM,DE_TOT,2006,0.51,,
ESTAT:DEMO_NIND(1.0),30/04/26 23:00:00,A,MMAR1CUM,DE_TOT,2007,0.51,,
ESTAT:DEMO_NIND(1.0),30/04/26 23:00:00,A,MMAR1CUM,DE_TOT,2008,0.52,,
ESTAT:DEMO_NIND(1.0),30/04/26 23:00:00,A,MMAR1CUM,DE_TOT,2009,0.53,,
ESTAT:DEMO_NIND(1.0),30/04/26 23:00:00,A,MMAR1CUM,DE_TOT,2011,0.54,,
ESTAT:DEMO_NIND(1.0),30/04/26 23:00:00,A,MMAR1CUM,DE_TOT,2013,0.55,,
ESTAT:DEMO_NIND(1.0),30/04/26 23:00:00,A,MMAR1CUM,DE_TOT,2014,0.56,,
ESTAT:DEMO_NIND(1.0),30/04/26 23:00:00,A,MMAR1CUM,DE_TOT,2015,0.57,,
ESTAT:DEMO_NIND(1.0),30/04/26 23:00:00,A,MMAR1CUM,DE_TOT,2016,0.58,,
ESTAT:DEMO_NIND(1.0),30/04/26 23:00:00,A,MMAR1CUM,DE_TOT,2017,0.58,,
ESTAT:DEMO_NIND(1.0),30/04/26 23:00:00,A,MMAR1CUM,DK,1990,0.57,,
ESTAT:DEMO_NIND(1.0),30/04/26 23:00:00,A,MMAR1CUM,DK,1991,0.56,,
ESTAT:DEMO_NIND(1.0),30/04/26 23:00:00,A,MMAR1CUM,DK,1992,0.58,,
ESTAT:DEMO_NIND(1.0),30/04/26 23:00:00,A,MMAR1CUM,DK,1993,0.57,,
ESTAT:DEMO_NIND(1.0),30/04/26 23:00:00,A,MMAR1CUM,DK,1994,0.64,,
ESTAT:DEMO_NIND(1.0),30/04/26 23:00:00,A,MMAR1CUM,DK,1995,0.63,,
ESTAT:DEMO_NIND(1.0),30/04/26 23:00:00,A,MMAR1CUM,DK,1996,0.65,,
ESTAT:DEMO_NIND(1.0),30/04/26 23:00:00,A,MMAR1CUM,DK,1997,0.62,,
ESTAT:DEMO_NIND(1.0),30/04/26 23:00:00,A,MMAR1CUM,DK,1998,0.63,,
ESTAT:DEMO_NIND(1.0),30/04/26 23:00:00,A,MMAR1CUM,DK,1999,0.65,,
ESTAT:DEMO_NIND(1.0),30/04/26 23:00:00,A,MMAR1CUM,DK,2000,0.71,,
ESTAT:DEMO_NIND(1.0),30/04/26 23:00:00,A,MMAR1CUM,DK,2001,0.68,,
ESTAT:DEMO_NIND(1.0),30/04/26 23:00:00,A,MMAR1CUM,DK,2002,0.71,,
ESTAT:DEMO_NIND(1.0),30/04/26 23:00:00,A,MMAR1CUM,DK,2003,0.68,,
ESTAT:DEMO_NIND(1.0),30/04/26 23:00:00,A,MMAR1CUM,DK,2004,0.74,,
ESTAT:DEMO_NIND(1.0),30/04/26 23:00:00,A,MMAR1CUM,DK,2005,0.72,,
ESTAT:DEMO_NIND(1.0),30/04/26 23:00:00,A,MMAR1CUM,DK,2006,0.73,,
ESTAT:DEMO_NIND(1.0),30/04/26 23:00:00,A,MMAR1CUM,DK,2007,0.75,,
ESTAT:DEMO_NIND(1.0),30/04/26 23:00:00,A,MMAR1CUM,DK,2008,0.78,,
ESTAT:DEMO_NIND(1.0),30/04/26 23:00:00,A,MMAR1CUM,DK,2009,0.70,,
ESTAT:DEMO_NIND(1.0),30/04/26 23:00:00,A,MMAR1CUM,DK,2010,0.66,,
ESTAT:DEMO_NIND(1.0),30/04/26 23:00:00,A,MMAR1CUM,DK,2011,0.58,,
ESTAT:DEMO_NIND(1.0),30/04/26 23:00:00,A,MMAR1CUM,DK,2012,0.60,,
ESTAT:DEMO_NIND(1.0),30/04/26 23:00:00,A,MMAR1CUM,DK,2013,0.59,,
ESTAT:DEMO_NIND(1.0),30/04/26 23:00:00,A,MMAR1CUM,DK,2014,0.59,,
ESTAT:DEMO_NIND(1.0),30/04/26 23:00:00,A,MMAR1CUM,DK,2015,0.60,,
ESTAT:DEMO_NIND(1.0),30/04/26 23:00:00,A,MMAR1CUM,DK,2016,0.63,,
ESTAT:DEMO_NIND(1.0),30/04/26 23:00:00,A,MMAR1CUM,DK,2017,0.65,,
ESTAT:DEMO_NIND(1.0),30/04/26 23:00:00,A,MMAR1CUM,DK,2018,0.66,,
ESTAT:DEMO_NIND(1.0),30/04/26 23:00:00,A,MMAR1CUM,DK,2019,0.62,,
ESTAT:DEMO_NIND(1.0),30/04/26 23:00:00,A,MMAR1CUM,DK,2020,0.58,,
ESTAT:DEMO_NIND(1.0),30/04/26 23:00:00,A,MMAR1CUM,DK,2021,0.56,,
ESTAT:DEMO_NIND(1.0),30/04/26 23:00:00,A,MMAR1CUM,EE,1992,0.58,,
ESTAT:DEMO_NIND(1.0),30/04/26 23:00:00,A,MMAR1CUM,EE,1993,0.52,,
ESTAT:DEMO_NIND(1.0),30/04/26 23:00:00,A,MMAR1CUM,EE,1994,0.49,,
ESTAT:DEMO_NIND(1.0),30/04/26 23:00:00,A,MMAR1CUM,EE,1995,0.48,,
ESTAT:DEMO_NIND(1.0),30/04/26 23:00:00,A,MMAR1CUM,EE,1996,0.39,,
ESTAT:DEMO_NIND(1.0),30/04/26 23:00:00,A,MMAR1CUM,EE,1997,0.39,,
ESTAT:DEMO_NIND(1.0),30/04/26 23:00:00,A,MMAR1CUM,EE,1998,0.39,,
ESTAT:DEMO_NIND(1.0),30/04/26 23:00:00,A,MMAR1CUM,EE,1999,0.40,,
ESTAT:DEMO_NIND(1.0),30/04/26 23:00:00,A,MMAR1CUM,EE,2000,0.40,,
ESTAT:DEMO_NIND(1.0),30/04/26 23:00:00,A,MMAR1CUM,EE,2001,0.40,,
ESTAT:DEMO_NIND(1.0),30/04/26 23:00:00,A,MMAR1CUM,EE,2002,0.43,,
ESTAT:DEMO_NIND(1.0),30/04/26 23:00:00,A,MMAR1CUM,EE,2003,0.42,,
ESTAT:DEMO_NIND(1.0),30/04/26 23:00:00,A,MMAR1CUM,EE,2004,0.44,,
ESTAT:DEMO_NIND(1.0),30/04/26 23:00:00,A,MMAR1CUM,EE,2005,0.44,,
ESTAT:DEMO_NIND(1.0),30/04/26 23:00:00,A,MMAR1CUM,EE,2006,0.50,,
ESTAT:DEMO_NIND(1.0),30/04/26 23:00:00,A,MMAR1CUM,EE,2007,0.51,,
ESTAT:DEMO_NIND(1.0),30/04/26 23:00:00,A,MMAR1CUM,EE,2008,0.45,,
ESTAT:DEMO_NIND(1.0),30/04/26 23:00:00,A,MMAR1CUM,EE,2009,0.39,,
ESTAT:DEMO_NIND(1.0),30/04/26 23:00:00,A,MMAR1CUM,EE,2010,0.38,,
ESTAT:DEMO_NIND(1.0),30/04/26 23:00:00,A,MMAR1CUM,EE,2011,0.41,,
ESTAT:DEMO_NIND(1.0),30/04/26 23:00:00,A,MMAR1CUM,EE,2012,0.45,,
ESTAT:DEMO_NIND(1.0),30/04/26 23:00:00,A,MMAR1CUM,EE,2013,0.43,,
ESTAT:DEMO_NIND(1.0),30/04/26 23:00:00,A,MMAR1CUM,EE,2014,0.46,,
ESTAT:DEMO_NIND(1.0),30/04/26 23:00:00,A,MMAR1CUM,EE,2015,0.49,,
ESTAT:DEMO_NIND(1.0),30/04/26 23:00:00,A,MMAR1CUM,EE,2016,0.48,,
ESTAT:DEMO_NIND(1.0),30/04/26 23:00:00,A,MMAR1CUM,EE,2017,0.49,,
ESTAT:DEMO_NIND(1.0),30/04/26 23:00:00,A,MMAR1CUM,EE,2018,0.49,,
ESTAT:DEMO_NIND(1.0),30/04/26 23:00:00,A,MMAR1CUM,EE,2020,0.45,,
ESTAT:DEMO_NIND(1.0),30/04/26 23:00:00,A,MMAR1CUM,EE,2021,0.46,,
ESTAT:DEMO_NIND(1.0),30/04/26 23:00:00,A,MMAR1CUM,EE,2022,0.51,,
ESTAT:DEMO_NIND(1.0),30/04/26 23:00:00,A,MMAR1CUM,EE,2023,0.48,,
ESTAT:DEMO_NIND(1.0),30/04/26 23:00:00,A,MMAR1CUM,EE,2024,0.50,,
ESTAT:DEMO_NIND(1.0),30/04/26 23:00:00,A,MMAR1CUM,EFTA,2011,0.56,,
ESTAT:DEMO_NIND(1.0),30/04/26 23:00:00,A,MMAR1CUM,EL,1990,0.73,,
ESTAT:DEMO_NIND(1.0),30/04/26 23:00:00,A,MMAR1CUM,EL,1991,0.80,,
ESTAT:DEMO_NIND(1.0),30/04/26 23:00:00,A,MMAR1CUM,EL,1992,0.58,,
ESTAT:DEMO_NIND(1.0),30/04/26 23:00:00,A,MMAR1CUM,EL,1993,0.73,,
ESTAT:DEMO_NIND(1.0),30/04/26 23:00:00,A,MMAR1CUM,EL,1994,0.66,,
ESTAT:DEMO_NIND(1.0),30/04/26 23:00:00,A,MMAR1CUM,EL,1995,0.73,,
ESTAT:DEMO_NIND(1.0),30/04/26 23:00:00,A,MMAR1CUM,EL,1996,0.50,,
ESTAT:DEMO_NIND(1.0),30/04/26 23:00:00,A,MMAR1CUM,EL,1997,0.66,,
ESTAT:DEMO_NIND(1.0),30/04/26 23:00:00,A,MMAR1CUM,EL,1998,0.59,,
ESTAT:DEMO_NIND(1.0),30/04/26 23:00:00,A,MMAR1CUM,EL,1999,0.65,,
ESTAT:DEMO_NIND(1.0),30/04/26 23:00:00,A,MMAR1CUM,EL,2000,0.50,,
ESTAT:DEMO_NIND(1.0),30/04/26 23:00:00,A,MMAR1CUM,EL,2001,0.60,,
ESTAT:DEMO_NIND(1.0),30/04/26 23:00:00,A,MMAR1CUM,EL,2002,0.59,,
ESTAT:DEMO_NIND(1.0),30/04/26 23:00:00,A,MMAR1CUM,EL,2003,0.62,,
ESTAT:DEMO_NIND(1.0),30/04/26 23:00:00,A,MMAR1CUM,EL,2004,0.52,,
ESTAT:DEMO_NIND(1.0),30/04/26 23:00:00,A,MMAR1CUM,EL,2005,0.62,,
ESTAT:DEMO_NIND(1.0),30/04/26 23:00:00,A,MMAR1CUM,EL,2006,0.58,,
ESTAT:DEMO_NIND(1.0),30/04/26 23:00:00,A,MMAR1CUM,EL,2007,0.62,,
ESTAT:DEMO_NIND(1.0),30/04/26 23:00:00,A,MMAR1CUM,EL,2008,0.54,,
ESTAT:DEMO_NIND(1.0),30/04/26 23:00:00,A,MMAR1CUM,EL,2009,0.61,,
ESTAT:DEMO_NIND(1.0),30/04/26 23:00:00,A,MMAR1CUM,EL,2010,0.58,,
ESTAT:DEMO_NIND(1.0),30/04/26 23:00:00,A,MMAR1CUM,EL,2011,0.58,,
ESTAT:DEMO_NIND(1.0),30/04/26 23:00:00,A,MMAR1CUM,EL,2012,0.55,,
ESTAT:DEMO_NIND(1.0),30/04/26 23:00:00,A,MMAR1CUM,EL,2013,0.59,,
ESTAT:DEMO_NIND(1.0),30/04/26 23:00:00,A,MMAR1CUM,EL,2014,0.63,,
ESTAT:DEMO_NIND(1.0),30/04/26 23:00:00,A,MMAR1CUM,EL,2015,0.65,,
ESTAT:DEMO_NIND(1.0),30/04/26 23:00:00,A,MMAR1CUM,EL,2016,0.63,,
ESTAT:DEMO_NIND(1.0),30/04/26 23:00:00,A,MMAR1CUM,EL,2017,0.65,,
ESTAT:DEMO_NIND(1.0),30/04/26 23:00:00,A,MMAR1CUM,EL,2018,0.62,,
ESTAT:DEMO_NIND(1.0),30/04/26 23:00:00,A,MMAR1CUM,EL,2019,0.62,,
ESTAT:DEMO_NIND(1.0),30/04/26 23:00:00,A,MMAR1CUM,EL,2020,0.42,,
ESTAT:DEMO_NIND(1.0),30/04/26 23:00:00,A,MMAR1CUM,EL,2021,0.56,,
ESTAT:DEMO_NIND(1.0),30/04/26 23:00:00,A,MMAR1CUM,EL,2022,0.61,,
ESTAT:DEMO_NIND(1.0),30/04/26 23:00:00,A,MMAR1CUM,EL,2023,0.57,,
ESTAT:DEMO_NIND(1.0),30/04/26 23:00:00,A,MMAR1CUM,EL,2024,0.53,,
ESTAT:DEMO_NIND(1.0),30/04/26 23:00:00,A,MMAR1CUM,ES,1990,0.68,,
ESTAT:DEMO_NIND(1.0),30/04/26 23:00:00,A,MMAR1CUM,ES,1991,0.66,,
ESTAT:DEMO_NIND(1.0),30/04/26 23:00:00,A,MMAR1CUM,ES,1992,0.65,,
ESTAT:DEMO_NIND(1.0),30/04/26 23:00:00,A,MMAR1CUM,ES,1993,0.60,,
ESTAT:DEMO_NIND(1.0),30/04/26 23:00:00,A,MMAR1CUM,ES,1994,0.59,,
ESTAT:DEMO_NIND(1.0),30/04/26 23:00:00,A,MMAR1CUM,ES,1995,0.59,,
ESTAT:DEMO_NIND(1.0),30/04/26 23:00:00,A,MMAR1CUM,ES,1996,0.56,,
ESTAT:DEMO_NIND(1.0),30/04/26 23:00:00,A,MMAR1CUM,ES,1997,0.57,,
ESTAT:DEMO_NIND(1.0),30/04/26 23:00:00,A,MMAR1CUM,ES,1998,0.59,,
ESTAT:DEMO_NIND(1.0),30/04/26 23:00:00,A,MMAR1CUM,ES,1999,0.59,,
ESTAT:DEMO_NIND(1.0),30/04/26 23:00:00,A,MMAR1CUM,ES,2000,0.60,,
ESTAT:DEMO_NIND(1.0),30/04/26 23:00:00,A,MMAR1CUM,ES,2002,0.56,,
ESTAT:DEMO_NIND(1.0),30/04/26 23:00:00,A,MMAR1CUM,ES,2003,0.54,,
ESTAT:DEMO_NIND(1.0),30/04/26 23:00:00,A,MMAR1CUM,ES,2004,0.53,,
ESTAT:DEMO_NIND(1.0),30/04/26 23:00:00,A,MMAR1CUM,ES,2005,0.50,,
ESTAT:DEMO_NIND(1.0),30/04/26 23:00:00,A,MMAR1CUM,ES,2006,0.48,,
ESTAT:DEMO_NIND(1.0),30/04/26 23:00:00,A,MMAR1CUM,ES,2007,0.46,,
ESTAT:DEMO_NIND(1.0),30/04/26 23:00:00,A,MMAR1CUM,ES,2008,0.44,,
ESTAT:DEMO_NIND(1.0),30/04/26 23:00:00,A,MMAR1CUM,ES,2009,0.39,,
ESTAT:DEMO_NIND(1.0),30/04/26 23:00:00,A,MMAR1CUM,ES,2010,0.38,,
ESTAT:DEMO_NIND(1.0),30/04/26 23:00:00,A,MMAR1CUM,ES,2011,0.37,,
ESTAT:DEMO_NIND(1.0),30/04/26 23:00:00,A,MMAR1CUM,ES,2012,0.38,,
ESTAT:DEMO_NIND(1.0),30/04/26 23:00:00,A,MMAR1CUM,ES,2013,0.37,,
ESTAT:DEMO_NIND(1.0),30/04/26 23:00:00,A,MMAR1CUM,ES,2014,0.40,,
ESTAT:DEMO_NIND(1.0),30/04/26 23:00:00,A,MMAR1CUM,ES,2015,0.42,,
ESTAT:DEMO_NIND(1.0),30/04/26 23:00:00,A,MMAR1CUM,ES,2016,0.44,,
ESTAT:DEMO_NIND(1.0),30/04/26 23:00:00,A,MMAR1CUM,ES,2017,0.44,,
ESTAT:DEMO_NIND(1.0),30/04/26 23:00:00,A,MMAR1CUM,ES,2018,0.43,,
ESTAT:DEMO_NIND(1.0),30/04/26 23:00:00,A,MMAR1CUM,ES,2019,0.43,,
ESTAT:DEMO_NIND(1.0),30/04/26 23:00:00,A,MMAR1CUM,ES,2020,0.22,,
ESTAT:DEMO_NIND(1.0),30/04/26 23:00:00,A,MMAR1CUM,ES,2021,0.38,,
ESTAT:DEMO_NIND(1.0),30/04/26 23:00:00,A,MMAR1CUM,ES,2022,0.47,,
ESTAT:DEMO_NIND(1.0),30/04/26 23:00:00,A,MMAR1CUM,ES,2023,0.44,,
ESTAT:DEMO_NIND(1.0),30/04/26 23:00:00,A,MMAR1CUM,ES,2024,0.45,,
ESTAT:DEMO_NIND(1.0),30/04/26 23:00:00,A,MMAR1CUM,FI,1990,0.53,,
ESTAT:DEMO_NIND(1.0),30/04/26 23:00:00,A,MMAR1CUM,FI,1991,0.53,,
ESTAT:DEMO_NIND(1.0),30/04/26 23:00:00,A,MMAR1CUM,FI,1992,0.52,,
ESTAT:DEMO_NIND(1.0),30/04/26 23:00:00,A,MMAR1CUM,FI,1993,0.54,,
ESTAT:DEMO_NIND(1.0),30/04/26 23:00:00,A,MMAR1CUM,FI,1994,0.55,,
ESTAT:DEMO_NIND(1.0),30/04/26 23:00:00,A,MMAR1CUM,FI,1995,0.53,,
ESTAT:DEMO_NIND(1.0),30/04/26 23:00:00,A,MMAR1CUM,FI,1997,0.53,,
ESTAT:DEMO_NIND(1.0),30/04/26 23:00:00,A,MMAR1CUM,FI,1998,0.54,,
ESTAT:DEMO_NIND(1.0),30/04/26 23:00:00,A,MMAR1CUM,FI,1999,0.56,,
ESTAT:DEMO_NIND(1.0),30/04/26 23:00:00,A,MMAR1CUM,FI,2000,0.60,,
ESTAT:DEMO_NIND(1.0),30/04/26 23:00:00,A,MMAR1CUM,FI,2001,0.57,,
ESTAT:DEMO_NIND(1.0),30/04/26 23:00:00,A,MMAR1CUM,FI,2002,0.62,,
ESTAT:DEMO_NIND(1.0),30/04/26 23:00:00,A,MMAR1CUM,FI,2003,0.59,,
ESTAT:DEMO_NIND(1.0),30/04/26 23:00:00,A,MMAR1CUM,FI,2004,0.66,,
ESTAT:DEMO_NIND(1.0),30/04/26 23:00:00,A,MMAR1CUM,FI,2006,0.62,,
ESTAT:DEMO_NIND(1.0),30/04/26 23:00:00,A,MMAR1CUM,FI,2007,0.64,,
ESTAT:DEMO_NIND(1.0),30/04/26 23:00:00,A,MMAR1CUM,FI,2008,0.67,,
ESTAT:DEMO_NIND(1.0),30/04/26 23:00:00,A,MMAR1CUM,FI,2009,0.63,,
ESTAT:DEMO_NIND(1.0),30/04/26 23:00:00,A,MMAR1CUM,FI,2010,0.64,,
ESTAT:DEMO_NIND(1.0),30/04/26 23:00:00,A,MMAR1CUM,FI,2011,0.60,,
ESTAT:DEMO_NIND(1.0),30/04/26 23:00:00,A,MMAR1CUM,FI,2012,0.60,,
ESTAT:DEMO_NIND(1.0),30/04/26 23:00:00,A,MMAR1CUM,FI,2013,0.52,,
ESTAT:DEMO_NIND(1.0),30/04/26 23:00:00,A,MMAR1CUM,FI,2014,0.50,,
ESTAT:DEMO_NIND(1.0),30/04/26 23:00:00,A,MMAR1CUM,FI,2015,0.49,,
ESTAT:DEMO_NIND(1.0),30/04/26 23:00:00,A,MMAR1CUM,FI,2016,0.49,,
ESTAT:DEMO_NIND(1.0),30/04/26 23:00:00,A,MMAR1CUM,FI,2017,0.51,,
ESTAT:DEMO_NIND(1.0),30/04/26 23:00:00,A,MMAR1CUM,FI,2018,0.48,,
ESTAT:DEMO_NIND(1.0),30/04/26 23:00:00,A,MMAR1CUM,FI,2019,0.43,,
ESTAT:DEMO_NIND(1.0),30/04/26 23:00:00,A,MMAR1CUM,FI,2020,0.42,,
ESTAT:DEMO_NIND(1.0),30/04/26 23:00:00,A,MMAR1CUM,FI,2021,0.39,,
ESTAT:DEMO_NIND(1.0),30/04/26 23:00:00,A,MMAR1CUM,FI,2022,0.43,,
ESTAT:DEMO_NIND(1.0),30/04/26 23:00:00,A,MMAR1CUM,FI,2023,0.41,,
ESTAT:DEMO_NIND(1.0),30/04/26 23:00:00,A,MMAR1CUM,FI,2024,0.42,,
ESTAT:DEMO_NIND(1.0),30/04/26 23:00:00,A,MMAR1CUM,FR,1998,0.53,,
ESTAT:DEMO_NIND(1.0),30/04/26 23:00:00,A,MMAR1CUM,FR,1999,0.56,,
ESTAT:DEMO_NIND(1.0),30/04/26 23:00:00,A,MMAR1CUM,FR,2000,0.59,,
ESTAT:DEMO_NIND(1.0),30/04/26 23:00:00,A,MMAR1CUM,FR,2001,0.58,,
ESTAT:DEMO_NIND(1.0),30/04/26 23:00:00,A,MMAR1CUM,FR,2002,0.56,,
ESTAT:DEMO_NIND(1.0),30/04/26 23:00:00,A,MMAR1CUM,FR,2003,0.56,,
ESTAT:DEMO_NIND(1.0),30/04/26 23:00:00,A,MMAR1CUM,FR,2004,0.55,,
ESTAT:DEMO_NIND(1.0),30/04/26 23:00:00,A,MMAR1CUM,FR,2005,0.55,,
ESTAT:DEMO_NIND(1.0),30/04/26 23:00:00,A,MMAR1CUM,FR,2006,0.53,,
ESTAT:DEMO_NIND(1.0),30/04/26 23:00:00,A,MMAR1CUM,FR,2007,0.53,,
ESTAT:DEMO_NIND(1.0),30/04/26 23:00:00,A,MMAR1CUM,FR,2008,0.51,,
ESTAT:DEMO_NIND(1.0),30/04/26 23:00:00,A,MMAR1CUM,FR,2009,0.49,,
ESTAT:DEMO_NIND(1.0),30/04/26 23:00:00,A,MMAR1CUM,FR,2010,0.49,,
ESTAT:DEMO_NIND(1.0),30/04/26 23:00:00,A,MMAR1CUM,FR,2011,0.46,,
ESTAT:DEMO_NIND(1.0),30/04/26 23:00:00,A,MMAR1CUM,FR,2013,0.47,,
ESTAT:DEMO_NIND(1.0),30/04/26 23:00:00,A,MMAR1CUM,FR,2014,0.48,,
ESTAT:DEMO_NIND(1.0),30/04/26 23:00:00,A,MMAR1CUM,FR,2015,0.47,,
ESTAT:DEMO_NIND(1.0),30/04/26 23:00:00,A,MMAR1CUM,FR,2016,0.47,,
ESTAT:DEMO_NIND(1.0),30/04/26 23:00:00,A,MMAR1CUM,FR,2017,0.47,,
ESTAT:DEMO_NIND(1.0),30/04/26 23:00:00,A,MMAR1CUM,FR,2018,0.47,,
ESTAT:DEMO_NIND(1.0),30/04/26 23:00:00,A,MMAR1CUM,FR,2020,0.31,,
ESTAT:DEMO_NIND(1.0),30/04/26 23:00:00,A,MMAR1CUM,FR,2021,0.45,,
ESTAT:DEMO_NIND(1.0),30/04/26 23:00:00,A,MMAR1CUM,FX,1990,0.56,,
ESTAT:DEMO_NIND(1.0),30/04/26 23:00:00,A,MMAR1CUM,FX,1991,0.55,,
ESTAT:DEMO_NIND(1.0),30/04/26 23:00:00,A,MMAR1CUM,FX,1992,0.53,,
ESTAT:DEMO_NIND(1.0),30/04/26 23:00:00,A,MMAR1CUM,FX,1993,0.49,,
ESTAT:DEMO_NIND(1.0),30/04/26 23:00:00,A,MMAR1CUM,FX,1994,0.49,,
ESTAT:DEMO_NIND(1.0),30/04/26 23:00:00,A,MMAR1CUM,FX,1995,0.49,,
ESTAT:DEMO_NIND(1.0),30/04/26 23:00:00,A,MMAR1CUM,FX,1996,0.54,,
ESTAT:DEMO_NIND(1.0),30/04/26 23:00:00,A,MMAR1CUM,FX,1997,0.55,,
ESTAT:DEMO_NIND(1.0),30/04/26 23:00:00,A,MMAR1CUM,FX,1998,0.53,,
ESTAT:DEMO_NIND(1.0),30/04/26 23:00:00,A,MMAR1CUM,FX,1999,0.57,,
ESTAT:DEMO_NIND(1.0),30/04/26 23:00:00,A,MMAR1CUM,FX,2000,0.59,,
ESTAT:DEMO_NIND(1.0),30/04/26 23:00:00,A,MMAR1CUM,FX,2001,0.58,,
ESTAT:DEMO_NIND(1.0),30/04/26 23:00:00,A,MMAR1CUM,FX,2002,0.57,,
ESTAT:DEMO_NIND(1.0),30/04/26 23:00:00,A,MMAR1CUM,FX,2003,0.56,,
ESTAT:DEMO_NIND(1.0),30/04/26 23:00:00,A,MMAR1CUM,FX,2004,0.55,,
ESTAT:DEMO_NIND(1.0),30/04/26 23:00:00,A,MMAR1CUM,FX,2005,0.55,,
ESTAT:DEMO_NIND(1.0),30/04/26 23:00:00,A,MMAR1CUM,FX,2006,0.53,,
ESTAT:DEMO_NIND(1.0),30/04/26 23:00:00,A,MMAR1CUM,FX,2007,0.53,,
ESTAT:DEMO_NIND(1.0),30/04/26 23:00:00,A,MMAR1CUM,FX,2008,0.52,,
ESTAT:DEMO_NIND(1.0),30/04/26 23:00:00,A,MMAR1CUM,FX,2009,0.49,,
ESTAT:DEMO_NIND(1.0),30/04/26 23:00:00,A,MMAR1CUM,FX,2010,0.49,,
ESTAT:DEMO_NIND(1.0),30/04/26 23:00:00,A,MMAR1CUM,FX,2011,0.46,,
ESTAT:DEMO_NIND(1.0),30/04/26 23:00:00,A,MMAR1CUM,GE,2006,0.68,,
ESTAT:DEMO_NIND(1.0),30/04/26 23:00:00,A,MMAR1CUM,GE,2014,1.04,,
ESTAT:DEMO_NIND(1.0),30/04/26 23:00:00,A,MMAR1CUM,GE,2015,1.10,,
ESTAT:DEMO_NIND(1.0),30/04/26 23:00:00,A,MMAR1CUM,GE,2016,0.98,,
ESTAT:DEMO_NIND(1.0),30/04/26 23:00:00,A,MMAR1CUM,GE,2017,0.81,,
ESTAT:DEMO_NIND(1.0),30/04/26 23:00:00,A,MMAR1CUM,GE,2018,0.78,,
ESTAT:DEMO_NIND(1.0),30/04/26 23:00:00,A,MMAR1CUM,GE,2019,0.77,,
ESTAT:DEMO_NIND(1.0),30/04/26 23:00:00,A,MMAR1CUM,GE,2020,0.56,,
ESTAT:DEMO_NIND(1.0),30/04/26 23:00:00,A,MMAR1CUM,GE,2021,0.77,,
ESTAT:DEMO_NIND(1.0),30/04/26 23:00:00,A,MMAR1CUM,GE,2022,0.86,,
ESTAT:DEMO_NIND(1.0),30/04/26 23:00:00,A,MMAR1CUM,GE,2023,0.72,,
ESTAT:DEMO_NIND(1.0),30/04/26 23:00:00,A,MMAR1CUM,GE,2024,0.70,,
ESTAT:DEMO_NIND(1.0),30/04/26 23:00:00,A,MMAR1CUM,HR,2002,0.68,,
ESTAT:DEMO_NIND(1.0),30/04/26 23:00:00,A,MMAR1CUM,HR,2003,0.66,,
ESTAT:DEMO_NIND(1.0),30/04/26 23:00:00,A,MMAR1CUM,HR,2004,0.67,,
ESTAT:DEMO_NIND(1.0),30/04/26 23:00:00,A,MMAR1CUM,HR,2005,0.65,,
ESTAT:DEMO_NIND(1.0),30/04/26 23:00:00,A,MMAR1CUM,HR,2006,0.65,,
ESTAT:DEMO_NIND(1.0),30/04/26 23:00:00,A,MMAR1CUM,HR,2007,0.67,,
ESTAT:DEMO_NIND(1.0),30/04/26 23:00:00,A,MMAR1CUM,HR,2008,0.68,,
ESTAT:DEMO_NIND(1.0),30/04/26 23:00:00,A,MMAR1CUM,HR,2009,0.66,,
ESTAT:DEMO_NIND(1.0),30/04/26 23:00:00,A,MMAR1CUM,HR,2010,0.63,,
ESTAT:DEMO_NIND(1.0),30/04/26 23:00:00,A,MMAR1CUM,HR,2011,0.60,,
ESTAT:DEMO_NIND(1.0),30/04/26 23:00:00,A,MMAR1CUM,HR,2012,0.64,,
ESTAT:DEMO_NIND(1.0),30/04/26 23:00:00,A,MMAR1CUM,HR,2013,0.60,,
ESTAT:DEMO_NIND(1.0),30/04/26 23:00:00,A,MMAR1CUM,HR,2014,0.61,,
ESTAT:DEMO_NIND(1.0),30/04/26 23:00:00,A,MMAR1CUM,HR,2015,0.63,,
ESTAT:DEMO_NIND(1.0),30/04/26 23:00:00,A,MMAR1CUM,HR,2016,0.66,,
ESTAT:DEMO_NIND(1.0),30/04/26 23:00:00,A,MMAR1CUM,HR,2017,0.67,,
ESTAT:DEMO_NIND(1.0),30/04/26 23:00:00,A,MMAR1CUM,HR,2018,0.67,,
ESTAT:DEMO_NIND(1.0),30/04/26 23:00:00,A,MMAR1CUM,HR,2019,0.67,,
ESTAT:DEMO_NIND(1.0),30/04/26 23:00:00,A,MMAR1CUM,HR,2020,0.51,,
ESTAT:DEMO_NIND(1.0),30/04/26 23:00:00,A,MMAR1CUM,HR,2021,0.66,,
ESTAT:DEMO_NIND(1.0),30/04/26 23:00:00,A,MMAR1CUM,HR,2022,0.69,,
ESTAT:DEMO_NIND(1.0),30/04/26 23:00:00,A,MMAR1CUM,HR,2023,0.64,,
ESTAT:DEMO_NIND(1.0),30/04/26 23:00:00,A,MMAR1CUM,HR,2024,0.63,,
ESTAT:DEMO_NIND(1.0),30/04/26 23:00:00,A,MMAR1CUM,HU,1990,0.77,,
ESTAT:DEMO_NIND(1.0),30/04/26 23:00:00,A,MMAR1CUM,HU,1991,0.70,,
ESTAT:DEMO_NIND(1.0),30/04/26 23:00:00,A,MMAR1CUM,HU,1992,0.65,,
ESTAT:DEMO_NIND(1.0),30/04/26 23:00:00,A,MMAR1CUM,HU,1993,0.61,,
ESTAT:DEMO_NIND(1.0),30/04/26 23:00:00,A,MMAR1CUM,HU,1994,0.59,,
ESTAT:DEMO_NIND(1.0),30/04/26 23:00:00,A,MMAR1CUM,HU,1995,0.58,,
ESTAT:DEMO_NIND(1.0),30/04/26 23:00:00,A,MMAR1CUM,HU,1996,0.52,,
ESTAT:DEMO_NIND(1.0),30/04/26 23:00:00,A,MMAR1CUM,HU,1997,0.48,,
ESTAT:DEMO_NIND(1.0),30/04/26 23:00:00,A,MMAR1CUM,HU,1998,0.46,,
ESTAT:DEMO_NIND(1.0),30/04/26 23:00:00,A,MMAR1CUM,HU,1999,0.46,,
ESTAT:DEMO_NIND(1.0),30/04/26 23:00:00,A,MMAR1CUM,HU,2000,0.48,,
ESTAT:DEMO_NIND(1.0),30/04/26 23:00:00,A,MMAR1CUM,HU,2001,0.43,,
ESTAT:DEMO_NIND(1.0),30/04/26 23:00:00,A,MMAR1CUM,HU,2002,0.45,,
ESTAT:DEMO_NIND(1.0),30/04/26 23:00:00,A,MMAR1CUM,HU,2003,0.45,,
ESTAT:DEMO_NIND(1.0),30/04/26 23:00:00,A,MMAR1CUM,HU,2004,0.43,,
ESTAT:DEMO_NIND(1.0),30/04/26 23:00:00,A,MMAR1CUM,HU,2005,0.44,,
ESTAT:DEMO_NIND(1.0),30/04/26 23:00:00,A,MMAR1CUM,HU,2006,0.44,,
ESTAT:DEMO_NIND(1.0),30/04/26 23:00:00,A,MMAR1CUM,HU,2007,0.41,,
ESTAT:DEMO_NIND(1.0),30/04/26 23:00:00,A,MMAR1CUM,HU,2008,0.40,,
ESTAT:DEMO_NIND(1.0),30/04/26 23:00:00,A,MMAR1CUM,HU,2009,0.36,,
ESTAT:DEMO_NIND(1.0),30/04/26 23:00:00,A,MMAR1CUM,HU,2010,0.36,,
ESTAT:DEMO_NIND(1.0),30/04/26 23:00:00,A,MMAR1CUM,HU,2011,0.36,,
ESTAT:DEMO_NIND(1.0),30/04/26 23:00:00,A,MMAR1CUM,HU,2013,0.41,,
ESTAT:DEMO_NIND(1.0),30/04/26 23:00:00,A,MMAR1CUM,HU,2014,0.43,,
ESTAT:DEMO_NIND(1.0),30/04/26 23:00:00,A,MMAR1CUM,HU,2015,0.53,,
ESTAT:DEMO_NIND(1.0),30/04/26 23:00:00,A,MMAR1CUM,HU,2016,0.61,,
ESTAT:DEMO_NIND(1.0),30/04/26 23:00:00,A,MMAR1CUM,HU,2017,0.59,,
ESTAT:DEMO_NIND(1.0),30/04/26 23:00:00,A,MMAR1CUM,HU,2018,0.60,,
ESTAT:DEMO_NIND(1.0),30/04/26 23:00:00,A,MMAR1CUM,HU,2019,0.81,,
ESTAT:DEMO_NIND(1.0),30/04/26 23:00:00,A,MMAR1CUM,HU,2020,0.85,,
ESTAT:DEMO_NIND(1.0),30/04/26 23:00:00,A,MMAR1CUM,HU,2021,0.92,,
ESTAT:DEMO_NIND(1.0),30/04/26 23:00:00,A,MMAR1CUM,HU,2022,0.81,,
ESTAT:DEMO_NIND(1.0),30/04/26 23:00:00,A,MMAR1CUM,HU,2023,0.63,,
ESTAT:DEMO_NIND(1.0),30/04/26 23:00:00,A,MMAR1CUM,HU,2024,0.60,,
ESTAT:DEMO_NIND(1.0),30/04/26 23:00:00,A,MMAR1CUM,IE,1990,0.72,,
ESTAT:DEMO_NIND(1.0),30/04/26 23:00:00,A,MMAR1CUM,IE,1991,0.70,,
ESTAT:DEMO_NIND(1.0),30/04/26 23:00:00,A,MMAR1CUM,IE,1992,0.66,,
ESTAT:DEMO_NIND(1.0),30/04/26 23:00:00,A,MMAR1CUM,IE,1993,0.67,,
ESTAT:DEMO_NIND(1.0),30/04/26 23:00:00,A,MMAR1CUM,IE,1994,0.65,,
ESTAT:DEMO_NIND(1.0),30/04/26 23:00:00,A,MMAR1CUM,IE,1995,0.61,,
ESTAT:DEMO_NIND(1.0),30/04/26 23:00:00,A,MMAR1CUM,IE,1996,0.62,,
ESTAT:DEMO_NIND(1.0),30/04/26 23:00:00,A,MMAR1CUM,IE,2005,0.59,,
ESTAT:DEMO_NIND(1.0),30/04/26 23:00:00,A,MMAR1CUM,IE,2006,0.58,,
ESTAT:DEMO_NIND(1.0),30/04/26 23:00:00,A,MMAR1CUM,IE,2007,0.58,,
ESTAT:DEMO_NIND(1.0),30/04/26 23:00:00,A,MMAR1CUM,IE,2013,0.54,,
ESTAT:DEMO_NIND(1.0),30/04/26 23:00:00,A,MMAR1CUM,IE,2014,0.60,,
ESTAT:DEMO_NIND(1.0),30/04/26 23:00:00,A,MMAR1CUM,IE,2015,0.60,,
ESTAT:DEMO_NIND(1.0),30/04/26 23:00:00,A,MMAR1CUM,IE,2016,0.58,,
ESTAT:DEMO_NIND(1.0),30/04/26 23:00:00,A,MMAR1CUM,IS,1990,0.45,,
ESTAT:DEMO_NIND(1.0),30/04/26 23:00:00,A,MMAR1CUM,IS,1991,0.48,,
ESTAT:DEMO_NIND(1.0),30/04/26 23:00:00,A,MMAR1CUM,IS,1992,0.50,,
ESTAT:DEMO_NIND(1.0),30/04/26 23:00:00,A,MMAR1CUM,IS,1993,0.47,,
ESTAT:DEMO_NIND(1.0),30/04/26 23:00:00,A,MMAR1CUM,IS,1994,0.52,,
ESTAT:DEMO_NIND(1.0),30/04/26 23:00:00,A,MMAR1CUM,IS,1995,0.50,,
ESTAT:DEMO_NIND(1.0),30/04/26 23:00:00,A,MMAR1CUM,IS,1996,0.55,,
ESTAT:DEMO_NIND(1.0),30/04/26 23:00:00,A,MMAR1CUM,IS,1997,0.59,,
ESTAT:DEMO_NIND(1.0),30/04/26 23:00:00,A,MMAR1CUM,IS,1998,0.61,,
ESTAT:DEMO_NIND(1.0),30/04/26 23:00:00,A,MMAR1CUM,IS,1999,0.62,,
ESTAT:DEMO_NIND(1.0),30/04/26 23:00:00,A,MMAR1CUM,IS,2000,0.71,,
ESTAT:DEMO_NIND(1.0),30/04/26 23:00:00,A,MMAR1CUM,IS,2001,0.58,,
ESTAT:DEMO_NIND(1.0),30/04/26 23:00:00,A,MMAR1CUM,IS,2002,0.64,,
ESTAT:DEMO_NIND(1.0),30/04/26 23:00:00,A,MMAR1CUM,IS,2003,0.57,,
ESTAT:DEMO_NIND(1.0),30/04/26 23:00:00,A,MMAR1CUM,IS,2004,0.56,,
ESTAT:DEMO_NIND(1.0),30/04/26 23:00:00,A,MMAR1CUM,IS,2005,0.61,,
ESTAT:DEMO_NIND(1.0),30/04/26 23:00:00,A,MMAR1CUM,IS,2006,0.60,,
ESTAT:DEMO_NIND(1.0),30/04/26 23:00:00,A,MMAR1CUM,IS,2007,0.58,,
ESTAT:DEMO_NIND(1.0),30/04/26 23:00:00,A,MMAR1CUM,IS,2008,0.56,,
ESTAT:DEMO_NIND(1.0),30/04/26 23:00:00,A,MMAR1CUM,IS,2009,0.51,,
ESTAT:DEMO_NIND(1.0),30/04/26 23:00:00,A,MMAR1CUM,IS,2010,0.53,,
ESTAT:DEMO_NIND(1.0),30/04/26 23:00:00,A,MMAR1CUM,IS,2011,0.51,,
ESTAT:DEMO_NIND(1.0),30/04/26 23:00:00,A,MMAR1CUM,IT,1990,0.69,,
ESTAT:DEMO_NIND(1.0),30/04/26 23:00:00,A,MMAR1CUM,IT,1991,0.66,,
ESTAT:DEMO_NIND(1.0),30/04/26 23:00:00,A,MMAR1CUM,IT,1992,0.66,,
ESTAT:DEMO_NIND(1.0),30/04/26 23:00:00,A,MMAR1CUM,IT,1993,0.63,,
ESTAT:DEMO_NIND(1.0),30/04/26 23:00:00,A,MMAR1CUM,IT,1994,0.61,,
ESTAT:DEMO_NIND(1.0),30/04/26 23:00:00,A,MMAR1CUM,IT,1995,0.60,,
ESTAT:DEMO_NIND(1.0),30/04/26 23:00:00,A,MMAR1CUM,IT,1996,0.58,,
ESTAT:DEMO_NIND(1.0),30/04/26 23:00:00,A,MMAR1CUM,IT,1997,0.58,,
ESTAT:DEMO_NIND(1.0),30/04/26 23:00:00,A,MMAR1CUM,IT,1998,0.57,,
ESTAT:DEMO_NIND(1.0),30/04/26 23:00:00,A,MMAR1CUM,IT,1999,0.57,,
ESTAT:DEMO_NIND(1.0),30/04/26 23:00:00,A,MMAR1CUM,IT,2000,0.60,,
ESTAT:DEMO_NIND(1.0),30/04/26 23:00:00,A,MMAR1CUM,IT,2001,0.57,,
ESTAT:DEMO_NIND(1.0),30/04/26 23:00:00,A,MMAR1CUM,IT,2002,0.58,,
ESTAT:DEMO_NIND(1.0),30/04/26 23:00:00,A,MMAR1CUM,IT,2003,0.57,,
ESTAT:DEMO_NIND(1.0),30/04/26 23:00:00,A,MMAR1CUM,IT,2004,0.53,,
ESTAT:DEMO_NIND(1.0),30/04/26 23:00:00,A,MMAR1CUM,IT,2005,0.53,,
ESTAT:DEMO_NIND(1.0),30/04/26 23:00:00,A,MMAR1CUM,IT,2006,0.53,,
ESTAT:DEMO_NIND(1.0),30/04/26 23:00:00,A,MMAR1CUM,IT,2007,0.54,,
ESTAT:DEMO_NIND(1.0),30/04/26 23:00:00,A,MMAR1CUM,IT,2008,0.53,,
ESTAT:DEMO_NIND(1.0),30/04/26 23:00:00,A,MMAR1CUM,IT,2009,0.50,,
ESTAT:DEMO_NIND(1.0),30/04/26 23:00:00,A,MMAR1CUM,IT,2010,0.48,,
ESTAT:DEMO_NIND(1.0),30/04/26 23:00:00,A,MMAR1CUM,IT,2011,0.45,,
ESTAT:DEMO_NIND(1.0),30/04/26 23:00:00,A,MMAR1CUM,IT,2013,0.45,,
ESTAT:DEMO_NIND(1.0),30/04/26 23:00:00,A,MMAR1CUM,IT,2014,0.44,,
ESTAT:DEMO_NIND(1.0),30/04/26 23:00:00,A,MMAR1CUM,IT,2016,0.48,,
ESTAT:DEMO_NIND(1.0),30/04/26 23:00:00,A,MMAR1CUM,IT,2017,0.45,,
ESTAT:DEMO_NIND(1.0),30/04/26 23:00:00,A,MMAR1CUM,IT,2018,0.46,,
ESTAT:DEMO_NIND(1.0),30/04/26 23:00:00,A,MMAR1CUM,IT,2019,0.44,,
ESTAT:DEMO_NIND(1.0),30/04/26 23:00:00,A,MMAR1CUM,IT,2020,0.22,,
ESTAT:DEMO_NIND(1.0),30/04/26 23:00:00,A,MMAR1CUM,IT,2021,0.44,,
ESTAT:DEMO_NIND(1.0),30/04/26 23:00:00,A,MMAR1CUM,IT,2022,0.46,,
ESTAT:DEMO_NIND(1.0),30/04/26 23:00:00,A,MMAR1CUM,IT,2023,0.44,,
ESTAT:DEMO_NIND(1.0),30/04/26 23:00:00,A,MMAR1CUM,IT,2024,0.41,,
ESTAT:DEMO_NIND(1.0),30/04/26 23:00:00,A,MMAR1CUM,LI,2011,0.48,,
ESTAT:DEMO_NIND(1.0),30/04/26 23:00:00,A,MMAR1CUM,LT,1990,0.99,,
ESTAT:DEMO_NIND(1.0),30/04/26 23:00:00,A,MMAR1CUM,LT,1991,0.94,,
ESTAT:DEMO_NIND(1.0),30/04/26 23:00:00,A,MMAR1CUM,LT,1992,0.84,,
ESTAT:DEMO_NIND(1.0),30/04/26 23:00:00,A,MMAR1CUM,LT,1993,0.68,,
ESTAT:DEMO_NIND(1.0),30/04/26 23:00:00,A,MMAR1CUM,LT,1994,0.68,,
ESTAT:DEMO_NIND(1.0),30/04/26 23:00:00,A,MMAR1CUM,LT,1995,0.66,,
ESTAT:DEMO_NIND(1.0),30/04/26 23:00:00,A,MMAR1CUM,LT,1996,0.62,,
ESTAT:DEMO_NIND(1.0),30/04/26 23:00:00,A,MMAR1CUM,LT,1997,0.58,,
ESTAT:DEMO_NIND(1.0),30/04/26 23:00:00,A,MMAR1CUM,LT,1998,0.58,,
ESTAT:DEMO_NIND(1.0),30/04/26 23:00:00,A,MMAR1CUM,LT,1999,0.57,,
ESTAT:DEMO_NIND(1.0),30/04/26 23:00:00,A,MMAR1CUM,LT,2000,0.55,,
ESTAT:DEMO_NIND(1.0),30/04/26 23:00:00,A,MMAR1CUM,LT,2001,0.51,,
ESTAT:DEMO_NIND(1.0),30/04/26 23:00:00,A,MMAR1CUM,LT,2002,0.53,,
ESTAT:DEMO_NIND(1.0),30/04/26 23:00:00,A,MMAR1CUM,LT,2003,0.55,,
ESTAT:DEMO_NIND(1.0),30/04/26 23:00:00,A,MMAR1CUM,LT,2004,0.62,,
ESTAT:DEMO_NIND(1.0),30/04/26 23:00:00,A,MMAR1CUM,LT,2005,0.64,,
ESTAT:DEMO_NIND(1.0),30/04/26 23:00:00,A,MMAR1CUM,LT,2006,0.67,,
ESTAT:DEMO_NIND(1.0),30/04/26 23:00:00,A,MMAR1CUM,LT,2007,0.72,,
ESTAT:DEMO_NIND(1.0),30/04/26 23:00:00,A,MMAR1CUM,LT,2008,0.75,,
ESTAT:DEMO_NIND(1.0),30/04/26 23:00:00,A,MMAR1CUM,LT,2009,0.65,,
ESTAT:DEMO_NIND(1.0),30/04/26 23:00:00,A,MMAR1CUM,LT,2010,0.61,,
ESTAT:DEMO_NIND(1.0),30/04/26 23:00:00,A,MMAR1CUM,LT,2011,0.75,b,
ESTAT:DEMO_NIND(1.0),30/04/26 23:00:00,A,MMAR1CUM,LT,2013,0.82,,
ESTAT:DEMO_NIND(1.0),30/04/26 23:00:00,A,MMAR1CUM,LT,2014,0.88,,
ESTAT:DEMO_NIND(1.0),30/04/26 23:00:00,A,MMAR1CUM,LT,2015,0.87,,
ESTAT:DEMO_NIND(1.0),30/04/26 23:00:00,A,MMAR1CUM,LT,2016,0.85,,
ESTAT:DEMO_NIND(1.0),30/04/26 23:00:00,A,MMAR1CUM,LT,2017,0.86,,
ESTAT:DEMO_NIND(1.0),30/04/26 23:00:00,A,MMAR1CUM,LT,2018,0.80,,
ESTAT:DEMO_NIND(1.0),30/04/26 23:00:00,A,MMAR1CUM,LT,2019,0.78,,
ESTAT:DEMO_NIND(1.0),30/04/26 23:00:00,A,MMAR1CUM,LT,2020,0.60,,
ESTAT:DEMO_NIND(1.0),30/04/26 23:00:00,A,MMAR1CUM,LT,2021,0.69,,
ESTAT:DEMO_NIND(1.0),30/04/26 23:00:00,A,MMAR1CUM,LT,2022,0.69,,
ESTAT:DEMO_NIND(1.0),30/04/26 23:00:00,A,MMAR1CUM,LT,2023,0.58,,
ESTAT:DEMO_NIND(1.0),30/04/26 23:00:00,A,MMAR1CUM,LT,2024,0.53,,
ESTAT:DEMO_NIND(1.0),30/04/26 23:00:00,A,MMAR1CUM,LU,1990,0.58,,
ESTAT:DEMO_NIND(1.0),30/04/26 23:00:00,A,MMAR1CUM,LU,1991,0.60,,
ESTAT:DEMO_NIND(1.0),30/04/26 23:00:00,A,MMAR1CUM,LU,1992,0.61,,
ESTAT:DEMO_NIND(1.0),30/04/26 23:00:00,A,MMAR1CUM,LU,1993,0.58,,
ESTAT:DEMO_NIND(1.0),30/04/26 23:00:00,A,MMAR1CUM,LU,1994,0.58,,
ESTAT:DEMO_NIND(1.0),30/04/26 23:00:00,A,MMAR1CUM,LU,1995,0.50,,
ESTAT:DEMO_NIND(1.0),30/04/26 23:00:00,A,MMAR1CUM,LU,1996,0.51,,
ESTAT:DEMO_NIND(1.0),30/04/26 23:00:00,A,MMAR1CUM,LU,1997,0.47,,
ESTAT:DEMO_NIND(1.0),30/04/26 23:00:00,A,MMAR1CUM,LU,1998,0.47,,
ESTAT:DEMO_NIND(1.0),30/04/26 23:00:00,A,MMAR1CUM,LU,1999,0.48,,
ESTAT:DEMO_NIND(1.0),30/04/26 23:00:00,A,MMAR1CUM,LU,2000,0.50,,
ESTAT:DEMO_NIND(1.0),30/04/26 23:00:00,A,MMAR1CUM,LU,2001,0.46,,
ESTAT:DEMO_NIND(1.0),30/04/26 23:00:00,A,MMAR1CUM,LU,2002,0.46,,
ESTAT:DEMO_NIND(1.0),30/04/26 23:00:00,A,MMAR1CUM,LU,2003,0.44,,
ESTAT:DEMO_NIND(1.0),30/04/26 23:00:00,A,MMAR1CUM,LU,2004,0.45,,
ESTAT:DEMO_NIND(1.0),30/04/26 23:00:00,A,MMAR1CUM,LU,2005,0.44,,
ESTAT:DEMO_NIND(1.0),30/04/26 23:00:00,A,MMAR1CUM,LU,2006,0.42,,
ESTAT:DEMO_NIND(1.0),30/04/26 23:00:00,A,MMAR1CUM,LU,2007,0.42,,
ESTAT:DEMO_NIND(1.0),30/04/26 23:00:00,A,MMAR1CUM,LU,2008,0.41,,
ESTAT:DEMO_NIND(1.0),30/04/26 23:00:00,A,MMAR1CUM,LU,2009,0.35,,
ESTAT:DEMO_NIND(1.0),30/04/26 23:00:00,A,MMAR1CUM,LU,2010,0.35,,
ESTAT:DEMO_NIND(1.0),30/04/26 23:00:00,A,MMAR1CUM,LU,2011,0.35,,
ESTAT:DEMO_NIND(1.0),30/04/26 23:00:00,A,MMAR1CUM,LU,2013,0.32,,
ESTAT:DEMO_NIND(1.0),30/04/26 23:00:00,A,MMAR1CUM,LU,2014,0.30,,
ESTAT:DEMO_NIND(1.0),30/04/26 23:00:00,A,MMAR1CUM,LU,2015,0.36,,
ESTAT:DEMO_NIND(1.0),30/04/26 23:00:00,A,MMAR1CUM,LU,2016,0.31,,
ESTAT:DEMO_NIND(1.0),30/04/26 23:00:00,A,MMAR1CUM,LU,2017,0.31,,
ESTAT:DEMO_NIND(1.0),30/04/26 23:00:00,A,MMAR1CUM,LU,2018,0.31,,
ESTAT:DEMO_NIND(1.0),30/04/26 23:00:00,A,MMAR1CUM,LU,2019,0.35,,
ESTAT:DEMO_NIND(1.0),30/04/26 23:00:00,A,MMAR1CUM,LU,2020,0.28,,
ESTAT:DEMO_NIND(1.0),30/04/26 23:00:00,A,MMAR1CUM,LU,2021,0.30,,
ESTAT:DEMO_NIND(1.0),30/04/26 23:00:00,A,MMAR1CUM,LU,2022,0.37,,
ESTAT:DEMO_NIND(1.0),30/04/26 23:00:00,A,MMAR1CUM,LU,2023,0.39,,
ESTAT:DEMO_NIND(1.0),30/04/26 23:00:00,A,MMAR1CUM,LU,2024,0.38,,
ESTAT:DEMO_NIND(1.0),30/04/26 23:00:00,A,MMAR1CUM,LV,2002,0.44,,
ESTAT:DEMO_NIND(1.0),30/04/26 23:00:00,A,MMAR1CUM,LV,2003,0.44,,
ESTAT:DEMO_NIND(1.0),30/04/26 23:00:00,A,MMAR1CUM,LV,2004,0.46,,
ESTAT:DEMO_NIND(1.0),30/04/26 23:00:00,A,MMAR1CUM,LV,2005,0.54,,
ESTAT:DEMO_NIND(1.0),30/04/26 23:00:00,A,MMAR1CUM,LV,2006,0.63,,
ESTAT:DEMO_NIND(1.0),30/04/26 23:00:00,A,MMAR1CUM,LV,2007,0.65,,
ESTAT:DEMO_NIND(1.0),30/04/26 23:00:00,A,MMAR1CUM,LV,2008,0.55,,
ESTAT:DEMO_NIND(1.0),30/04/26 23:00:00,A,MMAR1CUM,LV,2009,0.42,,
ESTAT:DEMO_NIND(1.0),30/04/26 23:00:00,A,MMAR1CUM,LV,2010,0.39,,
ESTAT:DEMO_NIND(1.0),30/04/26 23:00:00,A,MMAR1CUM,LV,2011,0.53,b,
ESTAT:DEMO_NIND(1.0),30/04/26 23:00:00,A,MMAR1CUM,LV,2012,0.56,,
ESTAT:DEMO_NIND(1.0),30/04/26 23:00:00,A,MMAR1CUM,LV,2013,0.57,,
ESTAT:DEMO_NIND(1.0),30/04/26 23:00:00,A,MMAR1CUM,LV,2014,0.62,,
ESTAT:DEMO_NIND(1.0),30/04/26 23:00:00,A,MMAR1CUM,LV,2015,0.70,,
ESTAT:DEMO_NIND(1.0),30/04/26 23:00:00,A,MMAR1CUM,LV,2016,0.69,,
ESTAT:DEMO_NIND(1.0),30/04/26 23:00:00,A,MMAR1CUM,LV,2017,0.70,,
ESTAT:DEMO_NIND(1.0),30/04/26 23:00:00,A,MMAR1CUM,LV,2018,0.69,,
ESTAT:DEMO_NIND(1.0),30/04/26 23:00:00,A,MMAR1CUM,LV,2019,0.67,,
ESTAT:DEMO_NIND(1.0),30/04/26 23:00:00,A,MMAR1CUM,LV,2020,0.59,,
ESTAT:DEMO_NIND(1.0),30/04/26 23:00:00,A,MMAR1CUM,LV,2021,0.65,,
ESTAT:DEMO_NIND(1.0),30/04/26 23:00:00,A,MMAR1CUM,LV,2022,0.70,,
ESTAT:DEMO_NIND(1.0),30/04/26 23:00:00,A,MMAR1CUM,LV,2023,0.61,,
ESTAT:DEMO_NIND(1.0),30/04/26 23:00:00,A,MMAR1CUM,LV,2024,0.61,,
ESTAT:DEMO_NIND(1.0),30/04/26 23:00:00,A,MMAR1CUM,MD,2014,0.64,,
ESTAT:DEMO_NIND(1.0),30/04/26 23:00:00,A,MMAR1CUM,MD,2015,0.73,,
ESTAT:DEMO_NIND(1.0),30/04/26 23:00:00,A,MMAR1CUM,MD,2023,0.89,,
ESTAT:DEMO_NIND(1.0),30/04/26 23:00:00,A,MMAR1CUM,MD,2024,0.94,,
ESTAT:DEMO_NIND(1.0),30/04/26 23:00:00,A,MMAR1CUM,ME,2005,0.69,,
ESTAT:DEMO_NIND(1.0),30/04/26 23:00:00,A,MMAR1CUM,ME,2006,0.72,,
ESTAT:DEMO_NIND(1.0),30/04/26 23:00:00,A,MMAR1CUM,ME,2007,0.82,,
ESTAT:DEMO_NIND(1.0),30/04/26 23:00:00,A,MMAR1CUM,ME,2008,0.69,,
ESTAT:DEMO_NIND(1.0),30/04/26 23:00:00,A,MMAR1CUM,ME,2009,0.79,,
ESTAT:DEMO_NIND(1.0),30/04/26 23:00:00,A,MMAR1CUM,ME,2011,0.72,,
ESTAT:DEMO_NIND(1.0),30/04/26 23:00:00,A,MMAR1CUM,ME,2013,0.87,,
ESTAT:DEMO_NIND(1.0),30/04/26 23:00:00,A,MMAR1CUM,ME,2014,0.80,,
ESTAT:DEMO_NIND(1.0),30/04/26 23:00:00,A,MMAR1CUM,ME,2015,0.80,,
ESTAT:DEMO_NIND(1.0),30/04/26 23:00:00,A,MMAR1CUM,ME,2016,0.68,,
ESTAT:DEMO_NIND(1.0),30/04/26 23:00:00,A,MMAR1CUM,ME,2017,0.71,,
ESTAT:DEMO_NIND(1.0),30/04/26 23:00:00,A,MMAR1CUM,ME,2018,0.71,,
ESTAT:DEMO_NIND(1.0),30/04/26 23:00:00,A,MMAR1CUM,ME,2019,0.75,,
ESTAT:DEMO_NIND(1.0),30/04/26 23:00:00,A,MMAR1CUM,ME,2020,0.43,,
ESTAT:DEMO_NIND(1.0),30/04/26 23:00:00,A,MMAR1CUM,ME,2021,0.69,,
ESTAT:DEMO_NIND(1.0),30/04/26 23:00:00,A,MMAR1CUM,MK,1994,0.96,,
ESTAT:DEMO_NIND(1.0),30/04/26 23:00:00,A,MMAR1CUM,MK,1995,0.96,,
ESTAT:DEMO_NIND(1.0),30/04/26 23:00:00,A,MMAR1CUM,MK,1996,0.83,,
ESTAT:DEMO_NIND(1.0),30/04/26 23:00:00,A,MMAR1CUM,MK,1997,0.83,,
ESTAT:DEMO_NIND(1.0),30/04/26 23:00:00,A,MMAR1CUM,MK,1998,0.82,,
ESTAT:DEMO_NIND(1.0),30/04/26 23:00:00,A,MMAR1CUM,MK,1999,0.82,,
ESTAT:DEMO_NIND(1.0),30/04/26 23:00:00,A,MMAR1CUM,MK,2000,0.81,,
ESTAT:DEMO_NIND(1.0),30/04/26 23:00:00,A,MMAR1CUM,MK,2001,0.75,,
ESTAT:DEMO_NIND(1.0),30/04/26 23:00:00,A,MMAR1CUM,MK,2002,0.83,,
ESTAT:DEMO_NIND(1.0),30/04/26 23:00:00,A,MMAR1CUM,MK,2003,0.82,,
ESTAT:DEMO_NIND(1.0),30/04/26 23:00:00,A,MMAR1CUM,MK,2004,0.79,,
ESTAT:DEMO_NIND(1.0),30/04/26 23:00:00,A,MMAR1CUM,MK,2005,0.81,,
ESTAT:DEMO_NIND(1.0),30/04/26 23:00:00,A,MMAR1CUM,MK,2006,0.82,,
ESTAT:DEMO_NIND(1.0),30/04/26 23:00:00,A,MMAR1CUM,MK,2007,0.85,,
ESTAT:DEMO_NIND(1.0),30/04/26 23:00:00,A,MMAR1CUM,MK,2008,0.81,,
ESTAT:DEMO_NIND(1.0),30/04/26 23:00:00,A,MMAR1CUM,MK,2009,0.82,,
ESTAT:DEMO_NIND(1.0),30/04/26 23:00:00,A,MMAR1CUM,MK,2010,0.78,,
ESTAT:DEMO_NIND(1.0),30/04/26 23:00:00,A,MMAR1CUM,MK,2011,0.81,,
ESTAT:DEMO_NIND(1.0),30/04/26 23:00:00,A,MMAR1CUM,MK,2013,0.77,,
ESTAT:DEMO_NIND(1.0),30/04/26 23:00:00,A,MMAR1CUM,MK,2014,0.76,,
ESTAT:DEMO_NIND(1.0),30/04/26 23:00:00,A,MMAR1CUM,MK,2016,0.74,,
ESTAT:DEMO_NIND(1.0),30/04/26 23:00:00,A,MMAR1CUM,MK,2017,0.82,,
ESTAT:DEMO_NIND(1.0),30/04/26 23:00:00,A,MMAR1CUM,MK,2018,0.79,,
ESTAT:DEMO_NIND(1.0),30/04/26 23:00:00,A,MMAR1CUM,MK,2019,0.85,,
ESTAT:DEMO_NIND(1.0),30/04/26 23:00:00,A,MMAR1CUM,MK,2020,0.66,,
ESTAT:DEMO_NIND(1.0),30/04/26 23:00:00,A,MMAR1CUM,MK,2021,0.92,,
ESTAT:DEMO_NIND(1.0),30/04/26 23:00:00,A,MMAR1CUM,MT,1990,0.93,,
ESTAT:DEMO_NIND(1.0),30/04/26 23:00:00,A,MMAR1CUM,MT,1991,0.96,,
ESTAT:DEMO_NIND(1.0),30/04/26 23:00:00,A,MMAR1CUM,MT,1992,0.91,,
ESTAT:DEMO_NIND(1.0),30/04/26 23:00:00,A,MMAR1CUM,MT,1993,0.95,,
ESTAT:DEMO_NIND(1.0),30/04/26 23:00:00,A,MMAR1CUM,MT,1994,0.95,,
ESTAT:DEMO_NIND(1.0),30/04/26 23:00:00,A,MMAR1CUM,MT,1995,0.88,,
ESTAT:DEMO_NIND(1.0),30/04/26 23:00:00,A,MMAR1CUM,MT,1996,0.91,,
ESTAT:DEMO_NIND(1.0),30/04/26 23:00:00,A,MMAR1CUM,MT,2003,0.74,,
ESTAT:DEMO_NIND(1.0),30/04/26 23:00:00,A,MMAR1CUM,MT,2004,0.74,,
ESTAT:DEMO_NIND(1.0),30/04/26 23:00:00,A,MMAR1CUM,MT,2006,0.78,,
ESTAT:DEMO_NIND(1.0),30/04/26 23:00:00,A,MMAR1CUM,MT,2007,0.74,,
ESTAT:DEMO_NIND(1.0),30/04/26 23:00:00,A,MMAR1CUM,MT,2008,0.74,,
ESTAT:DEMO_NIND(1.0),30/04/26 23:00:00,A,MMAR1CUM,MT,2009,0.69,,
ESTAT:DEMO_NIND(1.0),30/04/26 23:00:00,A,MMAR1CUM,MT,2010,0.78,,
ESTAT:DEMO_NIND(1.0),30/04/26 23:00:00,A,MMAR1CUM,MT,2011,0.77,b,
ESTAT:DEMO_NIND(1.0),30/04/26 23:00:00,A,MMAR1CUM,NL,1990,0.63,,
ESTAT:DEMO_NIND(1.0),30/04/26 23:00:00,A,MMAR1CUM,NL,1991,0.61,,
ESTAT:DEMO_NIND(1.0),30/04/26 23:00:00,A,MMAR1CUM,NL,1992,0.60,,
ESTAT:DEMO_NIND(1.0),30/04/26 23:00:00,A,MMAR1CUM,NL,1993,0.56,,
ESTAT:DEMO_NIND(1.0),30/04/26 23:00:00,A,MMAR1CUM,NL,1994,0.52,,
ESTAT:DEMO_NIND(1.0),30/04/26 23:00:00,A,MMAR1CUM,NL,1995,0.50,,
ESTAT:DEMO_NIND(1.0),30/04/26 23:00:00,A,MMAR1CUM,NL,1996,0.52,,
ESTAT:DEMO_NIND(1.0),30/04/26 23:00:00,A,MMAR1CUM,NL,1997,0.52,,
ESTAT:DEMO_NIND(1.0),30/04/26 23:00:00,A,MMAR1CUM,NL,1998,0.53,,
ESTAT:DEMO_NIND(1.0),30/04/26 23:00:00,A,MMAR1CUM,NL,1999,0.56,,
ESTAT:DEMO_NIND(1.0),30/04/26 23:00:00,A,MMAR1CUM,NL,2000,0.55,,
ESTAT:DEMO_NIND(1.0),30/04/26 23:00:00,A,MMAR1CUM,NL,2001,0.50,,
ESTAT:DEMO_NIND(1.0),30/04/26 23:00:00,A,MMAR1CUM,NL,2002,0.55,,
ESTAT:DEMO_NIND(1.0),30/04/26 23:00:00,A,MMAR1CUM,NL,2004,0.48,,
ESTAT:DEMO_NIND(1.0),30/04/26 23:00:00,A,MMAR1CUM,NL,2005,0.49,,
ESTAT:DEMO_NIND(1.0),30/04/26 23:00:00,A,MMAR1CUM,NL,2006,0.50,,
ESTAT:DEMO_NIND(1.0),30/04/26 23:00:00,A,MMAR1CUM,NL,2007,0.52,,
ESTAT:DEMO_NIND(1.0),30/04/26 23:00:00,A,MMAR1CUM,NL,2008,0.54,,
ESTAT:DEMO_NIND(1.0),30/04/26 23:00:00,A,MMAR1CUM,NL,2009,0.53,,
ESTAT:DEMO_NIND(1.0),30/04/26 23:00:00,A,MMAR1CUM,NL,2010,0.52,,
ESTAT:DEMO_NIND(1.0),30/04/26 23:00:00,A,MMAR1CUM,NL,2011,0.50,,
ESTAT:DEMO_NIND(1.0),30/04/26 23:00:00,A,MMAR1CUM,NL,2013,0.46,,
ESTAT:DEMO_NIND(1.0),30/04/26 23:00:00,A,MMAR1CUM,NL,2014,0.47,,
ESTAT:DEMO_NIND(1.0),30/04/26 23:00:00,A,MMAR1CUM,NL,2015,0.46,,
ESTAT:DEMO_NIND(1.0),30/04/26 23:00:00,A,MMAR1CUM,NL,2016,0.46,,
ESTAT:DEMO_NIND(1.0),30/04/26 23:00:00,A,MMAR1CUM,NL,2017,0.45,,
ESTAT:DEMO_NIND(1.0),30/04/26 23:00:00,A,MMAR1CUM,NL,2018,0.44,,
ESTAT:DEMO_NIND(1.0),30/04/26 23:00:00,A,MMAR1CUM,NL,2019,0.43,,
ESTAT:DEMO_NIND(1.0),30/04/26 23:00:00,A,MMAR1CUM,NL,2020,0.33,,
ESTAT:DEMO_NIND(1.0),30/04/26 23:00:00,A,MMAR1CUM,NL,2021,0.38,,
ESTAT:DEMO_NIND(1.0),30/04/26 23:00:00,A,MMAR1CUM,NL,2022,0.47,,
ESTAT:DEMO_NIND(1.0),30/04/26 23:00:00,A,MMAR1CUM,NL,2024,0.45,,
ESTAT:DEMO_NIND(1.0),30/04/26 23:00:00,A,MMAR1CUM,NO,1990,0.55,,
ESTAT:DEMO_NIND(1.0),30/04/26 23:00:00,A,MMAR1CUM,NO,1991,0.49,,
ESTAT:DEMO_NIND(1.0),30/04/26 23:00:00,A,MMAR1CUM,NO,1992,0.48,,
ESTAT:DEMO_NIND(1.0),30/04/26 23:00:00,A,MMAR1CUM,NO,1993,0.45,,
ESTAT:DEMO_NIND(1.0),30/04/26 23:00:00,A,MMAR1CUM,NO,1994,0.47,,
ESTAT:DEMO_NIND(1.0),30/04/26 23:00:00,A,MMAR1CUM,NO,1995,0.51,,
ESTAT:DEMO_NIND(1.0),30/04/26 23:00:00,A,MMAR1CUM,NO,1996,0.54,,
ESTAT:DEMO_NIND(1.0),30/04/26 23:00:00,A,MMAR1CUM,NO,1997,0.56,,
ESTAT:DEMO_NIND(1.0),30/04/26 23:00:00,A,MMAR1CUM,NO,1998,0.52,,
ESTAT:DEMO_NIND(1.0),30/04/26 23:00:00,A,MMAR1CUM,NO,1999,0.54,,
ESTAT:DEMO_NIND(1.0),30/04/26 23:00:00,A,MMAR1CUM,NO,2000,0.48,,
ESTAT:DEMO_NIND(1.0),30/04/26 23:00:00,A,MMAR1CUM,NO,2001,0.42,,
ESTAT:DEMO_NIND(1.0),30/04/26 23:00:00,A,MMAR1CUM,NO,2002,0.44,,
ESTAT:DEMO_NIND(1.0),30/04/26 23:00:00,A,MMAR1CUM,NO,2006,0.51,,
ESTAT:DEMO_NIND(1.0),30/04/26 23:00:00,A,MMAR1CUM,NO,2007,0.55,,
ESTAT:DEMO_NIND(1.0),30/04/26 23:00:00,A,MMAR1CUM,NO,2008,0.58,,
ESTAT:DEMO_NIND(1.0),30/04/26 23:00:00,A,MMAR1CUM,NO,2009,0.57,,
ESTAT:DEMO_NIND(1.0),30/04/26 23:00:00,A,MMAR1CUM,NO,2010,0.54,,
ESTAT:DEMO_NIND(1.0),30/04/26 23:00:00,A,MMAR1CUM,NO,2011,0.51,,
ESTAT:DEMO_NIND(1.0),30/04/26 23:00:00,A,MMAR1CUM,NO,2013,0.50,,
ESTAT:DEMO_NIND(1.0),30/04/26 23:00:00,A,MMAR1CUM,NO,2014,0.48,,
ESTAT:DEMO_NIND(1.0),30/04/26 23:00:00,A,MMAR1CUM,NO,2015,0.47,,
ESTAT:DEMO_NIND(1.0),30/04/26 23:00:00,A,MMAR1CUM,NO,2016,0.48,,
ESTAT:DEMO_NIND(1.0),30/04/26 23:00:00,A,MMAR1CUM,NO,2017,0.46,,
ESTAT:DEMO_NIND(1.0),30/04/26 23:00:00,A,MMAR1CUM,NO,2018,0.44,,
ESTAT:DEMO_NIND(1.0),30/04/26 23:00:00,A,MMAR1CUM,NO,2019,0.41,,
ESTAT:DEMO_NIND(1.0),30/04/26 23:00:00,A,MMAR1CUM,NO,2020,0.35,,
ESTAT:DEMO_NIND(1.0),30/04/26 23:00:00,A,MMAR1CUM,PL,1993,0.71,,
ESTAT:DEMO_NIND(1.0),30/04/26 23:00:00,A,MMAR1CUM,PL,1994,0.70,,
ESTAT:DEMO_NIND(1.0),30/04/26 23:00:00,A,MMAR1CUM,PL,1995,0.68,,
ESTAT:DEMO_NIND(1.0),30/04/26 23:00:00,A,MMAR1CUM,PL,1996,0.66,,
ESTAT:DEMO_NIND(1.0),30/04/26 23:00:00,A,MMAR1CUM,PL,1997,0.65,,
ESTAT:DEMO_NIND(1.0),30/04/26 23:00:00,A,MMAR1CUM,PL,1998,0.65,,
ESTAT:DEMO_NIND(1.0),30/04/26 23:00:00,A,MMAR1CUM,PL,1999,0.68,,
ESTAT:DEMO_NIND(1.0),30/04/26 23:00:00,A,MMAR1CUM,PL,2000,0.65,,
ESTAT:DEMO_NIND(1.0),30/04/26 23:00:00,A,MMAR1CUM,PL,2001,0.60,,
ESTAT:DEMO_NIND(1.0),30/04/26 23:00:00,A,MMAR1CUM,PL,2002,0.58,,
ESTAT:DEMO_NIND(1.0),30/04/26 23:00:00,A,MMAR1CUM,PL,2003,0.58,,
ESTAT:DEMO_NIND(1.0),30/04/26 23:00:00,A,MMAR1CUM,PL,2004,0.57,,
ESTAT:DEMO_NIND(1.0),30/04/26 23:00:00,A,MMAR1CUM,PL,2005,0.60,,
ESTAT:DEMO_NIND(1.0),30/04/26 23:00:00,A,MMAR1CUM,PL,2006,0.65,,
ESTAT:DEMO_NIND(1.0),30/04/26 23:00:00,A,MMAR1CUM,PL,2007,0.71,,
ESTAT:DEMO_NIND(1.0),30/04/26 23:00:00,A,MMAR1CUM,PL,2008,0.73,,
ESTAT:DEMO_NIND(1.0),30/04/26 23:00:00,A,MMAR1CUM,PL,2009,0.71,,
ESTAT:DEMO_NIND(1.0),30/04/26 23:00:00,A,MMAR1CUM,PL,2010,0.64,,
ESTAT:DEMO_NIND(1.0),30/04/26 23:00:00,A,MMAR1CUM,PL,2011,0.58,b,
ESTAT:DEMO_NIND(1.0),30/04/26 23:00:00,A,MMAR1CUM,PL,2012,0.59,,
ESTAT:DEMO_NIND(1.0),30/04/26 23:00:00,A,MMAR1CUM,PL,2013,0.53,,
ESTAT:DEMO_NIND(1.0),30/04/26 23:00:00,A,MMAR1CUM,PL,2014,0.56,,
ESTAT:DEMO_NIND(1.0),30/04/26 23:00:00,A,MMAR1CUM,PL,2015,0.56,,
ESTAT:DEMO_NIND(1.0),30/04/26 23:00:00,A,MMAR1CUM,PL,2016,0.59,,
ESTAT:DEMO_NIND(1.0),30/04/26 23:00:00,A,MMAR1CUM,PL,2017,0.59,,
ESTAT:DEMO_NIND(1.0),30/04/26 23:00:00,A,MMAR1CUM,PL,2018,0.60,,
ESTAT:DEMO_NIND(1.0),30/04/26 23:00:00,A,MMAR1CUM,PL,2019,0.58,,
ESTAT:DEMO_NIND(1.0),30/04/26 23:00:00,A,MMAR1CUM,PL,2020,0.46,,
ESTAT:DEMO_NIND(1.0),30/04/26 23:00:00,A,MMAR1CUM,PL,2021,0.56,,
ESTAT:DEMO_NIND(1.0),30/04/26 23:00:00,A,MMAR1CUM,PL,2022,0.52,,
ESTAT:DEMO_NIND(1.0),30/04/26 23:00:00,A,MMAR1CUM,PL,2023,0.51,,
ESTAT:DEMO_NIND(1.0),30/04/26 23:00:00,A,MMAR1CUM,PL,2024,0.47,,
ESTAT:DEMO_NIND(1.0),30/04/26 23:00:00,A,MMAR1CUM,PT,1991,0.88,,
ESTAT:DEMO_NIND(1.0),30/04/26 23:00:00,A,MMAR1CUM,PT,1992,0.85,,
ESTAT:DEMO_NIND(1.0),30/04/26 23:00:00,A,MMAR1CUM,PT,1993,0.83,,
ESTAT:DEMO_NIND(1.0),30/04/26 23:00:00,A,MMAR1CUM,PT,1994,0.79,,
ESTAT:DEMO_NIND(1.0),30/04/26 23:00:00,A,MMAR1CUM,PT,1995,0.75,,
ESTAT:DEMO_NIND(1.0),30/04/26 23:00:00,A,MMAR1CUM,PT,1996,0.72,,
ESTAT:DEMO_NIND(1.0),30/04/26 23:00:00,A,MMAR1CUM,PT,1997,0.77,,
ESTAT:DEMO_NIND(1.0),30/04/26 23:00:00,A,MMAR1CUM,PT,1998,0.77,,
ESTAT:DEMO_NIND(1.0),30/04/26 23:00:00,A,MMAR1CUM,PT,1999,0.79,,
ESTAT:DEMO_NIND(1.0),30/04/26 23:00:00,A,MMAR1CUM,PT,2000,0.73,,
ESTAT:DEMO_NIND(1.0),30/04/26 23:00:00,A,MMAR1CUM,PT,2001,0.66,,
ESTAT:DEMO_NIND(1.0),30/04/26 23:00:00,A,MMAR1CUM,PT,2002,0.63,,
ESTAT:DEMO_NIND(1.0),30/04/26 23:00:00,A,MMAR1CUM,PT,2003,0.59,,
ESTAT:DEMO_NIND(1.0),30/04/26 23:00:00,A,MMAR1CUM,PT,2004,0.53,,
ESTAT:DEMO_NIND(1.0),30/04/26 23:00:00,A,MMAR1CUM,PT,2005,0.53,,
ESTAT:DEMO_NIND(1.0),30/04/26 23:00:00,A,MMAR1CUM,PT,2006,0.51,,
ESTAT:DEMO_NIND(1.0),30/04/26 23:00:00,A,MMAR1CUM,PT,2007,0.49,,
ESTAT:DEMO_NIND(1.0),30/04/26 23:00:00,A,MMAR1CUM,PT,2008,0.46,,
ESTAT:DEMO_NIND(1.0),30/04/26 23:00:00,A,MMAR1CUM,PT,2009,0.43,,
ESTAT:DEMO_NIND(1.0),30/04/26 23:00:00,A,MMAR1CUM,PT,2010,0.43,,
ESTAT:DEMO_NIND(1.0),30/04/26 23:00:00,A,MMAR1CUM,PT,2011,0.39,,
ESTAT:DEMO_NIND(1.0),30/04/26 23:00:00,A,MMAR1CUM,PT,2012,0.38,,
ESTAT:DEMO_NIND(1.0),30/04/26 23:00:00,A,MMAR1CUM,PT,2013,0.39,,
ESTAT:DEMO_NIND(1.0),30/04/26 23:00:00,A,MMAR1CUM,PT,2014,0.39,,
ESTAT:DEMO_NIND(1.0),30/04/26 23:00:00,A,MMAR1CUM,PT,2015,0.40,,
ESTAT:DEMO_NIND(1.0),30/04/26 23:00:00,A,MMAR1CUM,PT,2016,0.41,,
ESTAT:DEMO_NIND(1.0),30/04/26 23:00:00,A,MMAR1CUM,PT,2017,0.42,,
ESTAT:DEMO_NIND(1.0),30/04/26 23:00:00,A,MMAR1CUM,PT,2018,0.44,,
ESTAT:DEMO_NIND(1.0),30/04/26 23:00:00,A,MMAR1CUM,PT,2019,0.42,,
ESTAT:DEMO_NIND(1.0),30/04/26 23:00:00,A,MMAR1CUM,PT,2020,0.21,,
ESTAT:DEMO_NIND(1.0),30/04/26 23:00:00,A,MMAR1CUM,PT,2021,0.37,,
ESTAT:DEMO_NIND(1.0),30/04/26 23:00:00,A,MMAR1CUM,PT,2022,0.45,,
ESTAT:DEMO_NIND(1.0),30/04/26 23:00:00,A,MMAR1CUM,PT,2023,0.44,,
ESTAT:DEMO_NIND(1.0),30/04/26 23:00:00,A,MMAR1CUM,PT,2024,0.43,,
ESTAT:DEMO_NIND(1.0),30/04/26 23:00:00,A,MMAR1CUM,RO,1990,0.95,,
ESTAT:DEMO_NIND(1.0),30/04/26 23:00:00,A,MMAR1CUM,RO,1991,0.89,,
ESTAT:DEMO_NIND(1.0),30/04/26 23:00:00,A,MMAR1CUM,RO,1992,0.86,,
ESTAT:DEMO_NIND(1.0),30/04/26 23:00:00,A,MMAR1CUM,RO,1993,0.79,,
ESTAT:DEMO_NIND(1.0),30/04/26 23:00:00,A,MMAR1CUM,RO,1994,0.74,,
ESTAT:DEMO_NIND(1.0),30/04/26 23:00:00,A,MMAR1CUM,RO,1995,0.74,,
ESTAT:DEMO_NIND(1.0),30/04/26 23:00:00,A,MMAR1CUM,RO,1996,0.71,,
ESTAT:DEMO_NIND(1.0),30/04/26 23:00:00,A,MMAR1CUM,RO,1997,0.68,,
ESTAT:DEMO_NIND(1.0),30/04/26 23:00:00,A,MMAR1CUM,RO,1998,0.66,,
ESTAT:DEMO_NIND(1.0),30/04/26 23:00:00,A,MMAR1CUM,RO,1999,0.63,,
ESTAT:DEMO_NIND(1.0),30/04/26 23:00:00,A,MMAR1CUM,RO,2000,0.61,,
ESTAT:DEMO_NIND(1.0),30/04/26 23:00:00,A,MMAR1CUM,RO,2001,0.60,,
ESTAT:DEMO_NIND(1.0),30/04/26 23:00:00,A,MMAR1CUM,RO,2002,0.62,,
ESTAT:DEMO_NIND(1.0),30/04/26 23:00:00,A,MMAR1CUM,RO,2003,0.65,,
ESTAT:DEMO_NIND(1.0),30/04/26 23:00:00,A,MMAR1CUM,RO,2004,0.69,,
ESTAT:DEMO_NIND(1.0),30/04/26 23:00:00,A,MMAR1CUM,RO,2005,0.69,,
ESTAT:DEMO_NIND(1.0),30/04/26 23:00:00,A,MMAR1CUM,RO,2006,0.71,,
ESTAT:DEMO_NIND(1.0),30/04/26 23:00:00,A,MMAR1CUM,RO,2007,0.98,,
ESTAT:DEMO_NIND(1.0),30/04/26 23:00:00,A,MMAR1CUM,RO,2008,0.74,,
ESTAT:DEMO_NIND(1.0),30/04/26 23:00:00,A,MMAR1CUM,RO,2009,0.68,,
ESTAT:DEMO_NIND(1.0),30/04/26 23:00:00,A,MMAR1CUM,RO,2010,0.70,,
ESTAT:DEMO_NIND(1.0),30/04/26 23:00:00,A,MMAR1CUM,RO,2011,0.53,,
ESTAT:DEMO_NIND(1.0),30/04/26 23:00:00,A,MMAR1CUM,RO,2012,0.75,,
ESTAT:DEMO_NIND(1.0),30/04/26 23:00:00,A,MMAR1CUM,RO,2013,0.64,,
ESTAT:DEMO_NIND(1.0),30/04/26 23:00:00,A,MMAR1CUM,RO,2014,0.72,,
ESTAT:DEMO_NIND(1.0),30/04/26 23:00:00,A,MMAR1CUM,RO,2015,0.78,,
ESTAT:DEMO_NIND(1.0),30/04/26 23:00:00,A,MMAR1CUM,RO,2016,0.85,,
ESTAT:DEMO_NIND(1.0),30/04/26 23:00:00,A,MMAR1CUM,RO,2017,0.93,,
ESTAT:DEMO_NIND(1.0),30/04/26 23:00:00,A,MMAR1CUM,RO,2018,0.94,,
ESTAT:DEMO_NIND(1.0),30/04/26 23:00:00,A,MMAR1CUM,RO,2019,0.97,,
ESTAT:DEMO_NIND(1.0),30/04/26 23:00:00,A,MMAR1CUM,RO,2020,0.56,,
ESTAT:DEMO_NIND(1.0),30/04/26 23:00:00,A,MMAR1CUM,RO,2021,0.83,,
ESTAT:DEMO_NIND(1.0),30/04/26 23:00:00,A,MMAR1CUM,RO,2022,0.88,,
ESTAT:DEMO_NIND(1.0),30/04/26 23:00:00,A,MMAR1CUM,RO,2023,0.83,,
ESTAT:DEMO_NIND(1.0),30/04/26 23:00:00,A,MMAR1CUM,RO,2024,0.77,,
ESTAT:DEMO_NIND(1.0),30/04/26 23:00:00,A,MMAR1CUM,RS,2000,0.73,,
ESTAT:DEMO_NIND(1.0),30/04/26 23:00:00,A,MMAR1CUM,RS,2001,0.71,,
ESTAT:DEMO_NIND(1.0),30/04/26 23:00:00,A,MMAR1CUM,RS,2002,0.71,,
ESTAT:DEMO_NIND(1.0),30/04/26 23:00:00,A,MMAR1CUM,RS,2003,0.71,,
ESTAT:DEMO_NIND(1.0),30/04/26 23:00:00,A,MMAR1CUM,RS,2004,0.70,,
ESTAT:DEMO_NIND(1.0),30/04/26 23:00:00,A,MMAR1CUM,RS,2005,0.65,,
ESTAT:DEMO_NIND(1.0),30/04/26 23:00:00,A,MMAR1CUM,RS,2006,0.67,,
ESTAT:DEMO_NIND(1.0),30/04/26 23:00:00,A,MMAR1CUM,RS,2007,0.69,,
ESTAT:DEMO_NIND(1.0),30/04/26 23:00:00,A,MMAR1CUM,RS,2008,0.65,,
ESTAT:DEMO_NIND(1.0),30/04/26 23:00:00,A,MMAR1CUM,RS,2009,0.63,,
ESTAT:DEMO_NIND(1.0),30/04/26 23:00:00,A,MMAR1CUM,RS,2010,0.62,,
ESTAT:DEMO_NIND(1.0),30/04/26 23:00:00,A,MMAR1CUM,RS,2011,0.62,,
ESTAT:DEMO_NIND(1.0),30/04/26 23:00:00,A,MMAR1CUM,RS,2013,0.65,,
ESTAT:DEMO_NIND(1.0),30/04/26 23:00:00,A,MMAR1CUM,RS,2014,0.66,,
ESTAT:DEMO_NIND(1.0),30/04/26 23:00:00,A,MMAR1CUM,RS,2015,0.67,,
ESTAT:DEMO_NIND(1.0),30/04/26 23:00:00,A,MMAR1CUM,RS,2016,0.66,,
ESTAT:DEMO_NIND(1.0),30/04/26 23:00:00,A,MMAR1CUM,RS,2017,0.66,,
ESTAT:DEMO_NIND(1.0),30/04/26 23:00:00,A,MMAR1CUM,RS,2018,0.68,,
ESTAT:DEMO_NIND(1.0),30/04/26 23:00:00,A,MMAR1CUM,RS,2019,0.67,,
ESTAT:DEMO_NIND(1.0),30/04/26 23:00:00,A,MMAR1CUM,RS,2020,0.44,,
ESTAT:DEMO_NIND(1.0),30/04/26 23:00:00,A,MMAR1CUM,RS,2021,0.65,,
ESTAT:DEMO_NIND(1.0),30/04/26 23:00:00,A,MMAR1CUM,RS,2022,0.69,,
ESTAT:DEMO_NIND(1.0),30/04/26 23:00:00,A,MMAR1CUM,RS,2023,0.69,,
ESTAT:DEMO_NIND(1.0),30/04/26 23:00:00,A,MMAR1CUM,RS,2024,0.68,,
ESTAT:DEMO_NIND(1.0),30/04/26 23:00:00,A,MMAR1CUM,SE,1990,0.53,,
ESTAT:DEMO_NIND(1.0),30/04/26 23:00:00,A,MMAR1CUM,SE,1991,0.47,,
ESTAT:DEMO_NIND(1.0),30/04/26 23:00:00,A,MMAR1CUM,SE,1992,0.48,,
ESTAT:DEMO_NIND(1.0),30/04/26 23:00:00,A,MMAR1CUM,SE,1993,0.43,,
ESTAT:DEMO_NIND(1.0),30/04/26 23:00:00,A,MMAR1CUM,SE,1994,0.43,,
ESTAT:DEMO_NIND(1.0),30/04/26 23:00:00,A,MMAR1CUM,SE,1996,0.42,,
ESTAT:DEMO_NIND(1.0),30/04/26 23:00:00,A,MMAR1CUM,SE,1997,0.41,,
ESTAT:DEMO_NIND(1.0),30/04/26 23:00:00,A,MMAR1CUM,SE,1998,0.40,,
ESTAT:DEMO_NIND(1.0),30/04/26 23:00:00,A,MMAR1CUM,SE,1999,0.45,,
ESTAT:DEMO_NIND(1.0),30/04/26 23:00:00,A,MMAR1CUM,SE,2000,0.51,,
ESTAT:DEMO_NIND(1.0),30/04/26 23:00:00,A,MMAR1CUM,SE,2001,0.45,,
ESTAT:DEMO_NIND(1.0),30/04/26 23:00:00,A,MMAR1CUM,SE,2002,0.48,,
ESTAT:DEMO_NIND(1.0),30/04/26 23:00:00,A,MMAR1CUM,SE,2003,0.46,,
ESTAT:DEMO_NIND(1.0),30/04/26 23:00:00,A,MMAR1CUM,SE,2004,0.54,,
ESTAT:DEMO_NIND(1.0),30/04/26 23:00:00,A,MMAR1CUM,SE,2005,0.53,,
ESTAT:DEMO_NIND(1.0),30/04/26 23:00:00,A,MMAR1CUM,SE,2006,0.54,,
ESTAT:DEMO_NIND(1.0),30/04/26 23:00:00,A,MMAR1CUM,SE,2008,0.60,,
ESTAT:DEMO_NIND(1.0),30/04/26 23:00:00,A,MMAR1CUM,SE,2009,0.56,,
ESTAT:DEMO_NIND(1.0),30/04/26 23:00:00,A,MMAR1CUM,SE,2010,0.59,,
ESTAT:DEMO_NIND(1.0),30/04/26 23:00:00,A,MMAR1CUM,SE,2011,0.61,,
ESTAT:DEMO_NIND(1.0),30/04/26 23:00:00,A,MMAR1CUM,SE,2012,0.64,,
ESTAT:DEMO_NIND(1.0),30/04/26 23:00:00,A,MMAR1CUM,SE,2013,0.58,,
ESTAT:DEMO_NIND(1.0),30/04/26 23:00:00,A,MMAR1CUM,SE,2014,0.60,,
ESTAT:DEMO_NIND(1.0),30/04/26 23:00:00,A,MMAR1CUM,SE,2015,0.58,,
ESTAT:DEMO_NIND(1.0),30/04/26 23:00:00,A,MMAR1CUM,SE,2016,0.59,,
ESTAT:DEMO_NIND(1.0),30/04/26 23:00:00,A,MMAR1CUM,SE,2017,0.57,,
ESTAT:DEMO_NIND(1.0),30/04/26 23:00:00,A,MMAR1CUM,SE,2018,0.55,,
ESTAT:DEMO_NIND(1.0),30/04/26 23:00:00,A,MMAR1CUM,SE,2019,0.52,,
ESTAT:DEMO_NIND(1.0),30/04/26 23:00:00,A,MMAR1CUM,SE,2020,0.40,,
ESTAT:DEMO_NIND(1.0),30/04/26 23:00:00,A,MMAR1CUM,SE,2021,0.41,,
ESTAT:DEMO_NIND(1.0),30/04/26 23:00:00,A,MMAR1CUM,SE,2022,0.51,,
ESTAT:DEMO_NIND(1.0),30/04/26 23:00:00,A,MMAR1CUM,SE,2023,0.47,,
ESTAT:DEMO_NIND(1.0),30/04/26 23:00:00,A,MMAR1CUM,SE,2024,0.49,,
ESTAT:DEMO_NIND(1.0),30/04/26 23:00:00,A,MMAR1CUM,SI,1990,0.49,,
ESTAT:DEMO_NIND(1.0),30/04/26 23:00:00,A,MMAR1CUM,SI,1991,0.48,,
ESTAT:DEMO_NIND(1.0),30/04/26 23:00:00,A,MMAR1CUM,SI,1992,0.54,,
ESTAT:DEMO_NIND(1.0),30/04/26 23:00:00,A,MMAR1CUM,SI,1993,0.53,,
ESTAT:DEMO_NIND(1.0),30/04/26 23:00:00,A,MMAR1CUM,SI,1994,0.50,,
ESTAT:DEMO_NIND(1.0),30/04/26 23:00:00,A,MMAR1CUM,SI,1995,0.49,,
ESTAT:DEMO_NIND(1.0),30/04/26 23:00:00,A,MMAR1CUM,SI,1996,0.45,,
ESTAT:DEMO_NIND(1.0),30/04/26 23:00:00,A,MMAR1CUM,SI,1997,0.45,,
ESTAT:DEMO_NIND(1.0),30/04/26 23:00:00,A,MMAR1CUM,SI,1998,0.45,,
ESTAT:DEMO_NIND(1.0),30/04/26 23:00:00,A,MMAR1CUM,SI,1999,0.47,,
ESTAT:DEMO_NIND(1.0),30/04/26 23:00:00,A,MMAR1CUM,SI,2000,0.43,,
ESTAT:DEMO_NIND(1.0),30/04/26 23:00:00,A,MMAR1CUM,SI,2001,0.42,,
ESTAT:DEMO_NIND(1.0),30/04/26 23:00:00,A,MMAR1CUM,SI,2002,0.42,,
ESTAT:DEMO_NIND(1.0),30/04/26 23:00:00,A,MMAR1CUM,SI,2003,0.40,,
ESTAT:DEMO_NIND(1.0),30/04/26 23:00:00,A,MMAR1CUM,SI,2004,0.39,,
ESTAT:DEMO_NIND(1.0),30/04/26 23:00:00,A,MMAR1CUM,SI,2005,0.34,,
ESTAT:DEMO_NIND(1.0),30/04/26 23:00:00,A,MMAR1CUM,SI,2006,0.37,,
ESTAT:DEMO_NIND(1.0),30/04/26 23:00:00,A,MMAR1CUM,SI,2007,0.36,,
ESTAT:DEMO_NIND(1.0),30/04/26 23:00:00,A,MMAR1CUM,SI,2008,0.37,,
ESTAT:DEMO_NIND(1.0),30/04/26 23:00:00,A,MMAR1CUM,SI,2009,0.37,,
ESTAT:DEMO_NIND(1.0),30/04/26 23:00:00,A,MMAR1CUM,SI,2010,0.37,,
ESTAT:DEMO_NIND(1.0),30/04/26 23:00:00,A,MMAR1CUM,SI,2011,0.38,b,
ESTAT:DEMO_NIND(1.0),30/04/26 23:00:00,A,MMAR1CUM,SI,2012,0.41,,
ESTAT:DEMO_NIND(1.0),30/04/26 23:00:00,A,MMAR1CUM,SI,2013,0.37,,
ESTAT:DEMO_NIND(1.0),30/04/26 23:00:00,A,MMAR1CUM,SI,2014,0.40,,
ESTAT:DEMO_NIND(1.0),30/04/26 23:00:00,A,MMAR1CUM,SI,2015,0.40,,
ESTAT:DEMO_NIND(1.0),30/04/26 23:00:00,A,MMAR1CUM,SI,2016,0.41,,
ESTAT:DEMO_NIND(1.0),30/04/26 23:00:00,A,MMAR1CUM,SI,2017,0.41,,
ESTAT:DEMO_NIND(1.0),30/04/26 23:00:00,A,MMAR1CUM,SI,2018,0.45,,
ESTAT:DEMO_NIND(1.0),30/04/26 23:00:00,A,MMAR1CUM,SI,2019,0.42,,
ESTAT:DEMO_NIND(1.0),30/04/26 23:00:00,A,MMAR1CUM,SI,2020,0.33,,
ESTAT:DEMO_NIND(1.0),30/04/26 23:00:00,A,MMAR1CUM,SI,2021,0.38,,
ESTAT:DEMO_NIND(1.0),30/04/26 23:00:00,A,MMAR1CUM,SI,2022,0.44,,
ESTAT:DEMO_NIND(1.0),30/04/26 23:00:00,A,MMAR1CUM,SI,2023,0.41,,
ESTAT:DEMO_NIND(1.0),30/04/26 23:00:00,A,MMAR1CUM,SI,2024,0.42,,
ESTAT:DEMO_NIND(1.0),30/04/26 23:00:00,A,MMAR1CUM,SK,1999,0.51,,
ESTAT:DEMO_NIND(1.0),30/04/26 23:00:00,A,MMAR1CUM,SK,2000,0.51,,
ESTAT:DEMO_NIND(1.0),30/04/26 23:00:00,A,MMAR1CUM,SK,2001,0.46,,
ESTAT:DEMO_NIND(1.0),30/04/26 23:00:00,A,MMAR1CUM,SK,2002,0.48,,
ESTAT:DEMO_NIND(1.0),30/04/26 23:00:00,A,MMAR1CUM,SK,2003,0.50,,
ESTAT:DEMO_NIND(1.0),30/04/26 23:00:00,A,MMAR1CUM,SK,2004,0.55,,
ESTAT:DEMO_NIND(1.0),30/04/26 23:00:00,A,MMAR1CUM,SK,2006,0.49,,
ESTAT:DEMO_NIND(1.0),30/04/26 23:00:00,A,MMAR1CUM,SK,2007,0.51,,
ESTAT:DEMO_NIND(1.0),30/04/26 23:00:00,A,MMAR1CUM,SK,2008,0.53,,
ESTAT:DEMO_NIND(1.0),30/04/26 23:00:00,A,MMAR1CUM,SK,2009,0.50,,
ESTAT:DEMO_NIND(1.0),30/04/26 23:00:00,A,MMAR1CUM,SK,2010,0.48,,
ESTAT:DEMO_NIND(1.0),30/04/26 23:00:00,A,MMAR1CUM,SK,2012,0.45,,
ESTAT:DEMO_NIND(1.0),30/04/26 23:00:00,A,MMAR1CUM,SK,2013,0.50,,
ESTAT:DEMO_NIND(1.0),30/04/26 23:00:00,A,MMAR1CUM,SK,2014,0.53,,
ESTAT:DEMO_NIND(1.0),30/04/26 23:00:00,A,MMAR1CUM,SK,2015,0.58,,
ESTAT:DEMO_NIND(1.0),30/04/26 23:00:00,A,MMAR1CUM,SK,2016,0.61,,
ESTAT:DEMO_NIND(1.0),30/04/26 23:00:00,A,MMAR1CUM,SK,2017,0.65,,
ESTAT:DEMO_NIND(1.0),30/04/26 23:00:00,A,MMAR1CUM,SK,2018,0.65,,
ESTAT:DEMO_NIND(1.0),30/04/26 23:00:00,A,MMAR1CUM,SK,2019,0.64,,
ESTAT:DEMO_NIND(1.0),30/04/26 23:00:00,A,MMAR1CUM,SK,2020,0.51,,
ESTAT:DEMO_NIND(1.0),30/04/26 23:00:00,A,MMAR1CUM,SK,2021,0.59,,
ESTAT:DEMO_NIND(1.0),30/04/26 23:00:00,A,MMAR1CUM,SK,2022,0.66,,
ESTAT:DEMO_NIND(1.0),30/04/26 23:00:00,A,MMAR1CUM,SK,2023,0.61,,
ESTAT:DEMO_NIND(1.0),30/04/26 23:00:00,A,MMAR1CUM,SK,2024,0.58,,
ESTAT:DEMO_NIND(1.0),30/04/26 23:00:00,A,MMAR1CUM,TR,2003,0.75,,
ESTAT:DEMO_NIND(1.0),30/04/26 23:00:00,A,MMAR1CUM,TR,2006,0.92,,
ESTAT:DEMO_NIND(1.0),30/04/26 23:00:00,A,MMAR1CUM,TR,2007,0.91,,
ESTAT:DEMO_NIND(1.0),30/04/26 23:00:00,A,MMAR1CUM,TR,2008,0.89,,
ESTAT:DEMO_NIND(1.0),30/04/26 23:00:00,A,MMAR1CUM,TR,2009,0.81,,
ESTAT:DEMO_NIND(1.0),30/04/26 23:00:00,A,MMAR1CUM,TR,2010,0.79,,
ESTAT:DEMO_NIND(1.0),30/04/26 23:00:00,A,MMAR1CUM,TR,2011,0.80,,
ESTAT:DEMO_NIND(1.0),30/04/26 23:00:00,A,MMAR1CUM,TR,2013,0.81,,
ESTAT:DEMO_NIND(1.0),30/04/26 23:00:00,A,MMAR1CUM,TR,2014,0.81,,
ESTAT:DEMO_NIND(1.0),30/04/26 23:00:00,A,MMAR1CUM,TR,2015,0.81,,
ESTAT:DEMO_NIND(1.0),30/04/26 23:00:00,A,MMAR1CUM,TR,2016,0.79,,
ESTAT:DEMO_NIND(1.0),30/04/26 23:00:00,A,MMAR1CUM,TR,2017,0.76,,
ESTAT:DEMO_NIND(1.0),30/04/26 23:00:00,A,MMAR1CUM,TR,2018,0.73,,
ESTAT:DEMO_NIND(1.0),30/04/26 23:00:00,A,MMAR1CUM,TR,2019,0.70,,
ESTAT:DEMO_NIND(1.0),30/04/26 23:00:00,A,MMAR1CUM,TR,2020,0.62,,
ESTAT:DEMO_NIND(1.0),30/04/26 23:00:00,A,MMAR1CUM,TR,2022,0.72,,
ESTAT:DEMO_NIND(1.0),30/04/26 23:00:00,A,MMAR1CUM,TR,2023,0.70,,
ESTAT:DEMO_NIND(1.0),30/04/26 23:00:00,A,MMAR1CUM,TR,2024,0.71,,
ESTAT:DEMO_NIND(1.0),30/04/26 23:00:00,A,MMAR1CUM,UA,2006,0.74,,
ESTAT:DEMO_NIND(1.0),30/04/26 23:00:00,A,MMAR1CUM,UA,2007,0.87,,
ESTAT:DEMO_NIND(1.0),30/04/26 23:00:00,A,MMAR1CUM,UA,2008,0.66,,
ESTAT:DEMO_NIND(1.0),30/04/26 23:00:00,A,MMAR1CUM,UA,2010,0.63,,
ESTAT:DEMO_NIND(1.0),30/04/26 23:00:00,A,MMAR1CUM,UA,2011,0.75,,
ESTAT:DEMO_NIND(1.0),30/04/26 23:00:00,A,MMAR1CUM,UA,2014,0.66,,
ESTAT:DEMO_NIND(1.0),30/04/26 23:00:00,A,MMAR1CUM,UA,2015,0.72,,
ESTAT:DEMO_NIND(1.0),30/04/26 23:00:00,A,MMAR1CUM,UA,2017,0.62,,
ESTAT:DEMO_NIND(1.0),30/04/26 23:00:00,A,MMAR1CUM,UA,2018,0.58,,
ESTAT:DEMO_NIND(1.0),30/04/26 23:00:00,A,MMAR1CUM,UA,2019,0.62,,
ESTAT:DEMO_NIND(1.0),30/04/26 23:00:00,A,MMAR1CUM,UK,1990,0.62,,
ESTAT:DEMO_NIND(1.0),30/04/26 23:00:00,A,MMAR1CUM,UK,1991,0.58,,
ESTAT:DEMO_NIND(1.0),30/04/26 23:00:00,A,MMAR1CUM,UK,1992,0.58,,
ESTAT:DEMO_NIND(1.0),30/04/26 23:00:00,A,MMAR1CUM,UK,1993,0.56,,
ESTAT:DEMO_NIND(1.0),30/04/26 23:00:00,A,MMAR1CUM,UK,1994,0.54,,
ESTAT:DEMO_NIND(1.0),30/04/26 23:00:00,A,MMAR1CUM,UK,1995,0.52,,
ESTAT:DEMO_NIND(1.0),30/04/26 23:00:00,A,MMAR1CUM,UK,1996,0.52,,
ESTAT:DEMO_NIND(1.0),30/04/26 23:00:00,A,MMAR1CUM,UK,1997,0.51,,
ESTAT:DEMO_NIND(1.0),30/04/26 23:00:00,A,MMAR1CUM,UK,1998,0.50,,
ESTAT:DEMO_NIND(1.0),30/04/26 23:00:00,A,MMAR1CUM,UK,1999,0.51,,
ESTAT:DEMO_NIND(1.0),30/04/26 23:00:00,A,MMAR1CUM,UK,2002,0.51,,
ESTAT:DEMO_NIND(1.0),30/04/26 23:00:00,A,MMAR1CUM,UK,2007,0.47,,
ESTAT:DEMO_NIND(1.0),30/04/26 23:00:00,A,MMAR1CUM,UK,2008,0.46,,
ESTAT:DEMO_NIND(1.0),30/04/26 23:00:00,A,MMAR1CUM,UK,2013,0.49,,
ESTAT:DEMO_NIND(1.0),30/04/26 23:00:00,A,MMAR1CUM,UK,2015,0.49,,
ESTAT:DEMO_NIND(1.0),30/04/26 23:00:00,A,MMAR1CUM,XK,2016,1.09,,
ESTAT:DEMO_NIND(1.0),30/04/26 23:00:00,A,MMAR1CUM,XK,2017,1.18,,
ESTAT:DEMO_NIND(1.0),30/04/26 23:00:00,A,MMAR1CUM,XK,2018,1.17,,
ESTAT:DEMO_NIND(1.0),30/04/26 23:00:00,A,MMAR1CUM,XK,2019,1.24,,
ESTAT:DEMO_NIND(1.0),30/04/26 23:00:00,A,MMAR1PC,AD,2018,75.8,,
ESTAT:DEMO_NIND(1.0),30/04/26 23:00:00,A,MMAR1PC,AL,1998,95.2,,
ESTAT:DEMO_NIND(1.0),30/04/26 23:00:00,A,MMAR1PC,AL,1999,95.4,,
ESTAT:DEMO_NIND(1.0),30/04/26 23:00:00,A,MMAR1PC,AL,2000,95.3,,
ESTAT:DEMO_NIND(1.0),30/04/26 23:00:00,A,MMAR1PC,AL,2001,94.2,,
ESTAT:DEMO_NIND(1.0),30/04/26 23:00:00,A,MMAR1PC,AL,2002,93.9,,
ESTAT:DEMO_NIND(1.0),30/04/26 23:00:00,A,MMAR1PC,AL,2003,93.7,,
ESTAT:DEMO_NIND(1.0),30/04/26 23:00:00,A,MMAR1PC,AL,2004,93.0,,
ESTAT:DEMO_NIND(1.0),30/04/26 23:00:00,A,MMAR1PC,AL,2005,93.5,,
ESTAT:DEMO_NIND(1.0),30/04/26 23:00:00,A,MMAR1PC,AL,2006,93.0,,
ESTAT:DEMO_NIND(1.0),30/04/26 23:00:00,A,MMAR1PC,AM,2006,96.5,,
ESTAT:DEMO_NIND(1.0),30/04/26 23:00:00,A,MMAR1PC,AM,2007,95.2,,
ESTAT:DEMO_NIND(1.0),30/04/26 23:00:00,A,MMAR1PC,AM,2008,95.9,,
ESTAT:DEMO_NIND(1.0),30/04/26 23:00:00,A,MMAR1PC,AM,2009,95.1,,
ESTAT:DEMO_NIND(1.0),30/04/26 23:00:00,A,MMAR1PC,AM,2014,91.5,,
ESTAT:DEMO_NIND(1.0),30/04/26 23:00:00,A,MMAR1PC,AM,2015,92.1,,
ESTAT:DEMO_NIND(1.0),30/04/26 23:00:00,A,MMAR1PC,AM,2016,92.3,,
ESTAT:DEMO_NIND(1.0),30/04/26 23:00:00,A,MMAR1PC,AM,2017,92.1,,
ESTAT:DEMO_NIND(1.0),30/04/26 23:00:00,A,MMAR1PC,AM,2018,91.7,,
ESTAT:DEMO_NIND(1.0),30/04/26 23:00:00,A,MMAR1PC,AM,2019,91.4,,
ESTAT:DEMO_NIND(1.0),30/04/26 23:00:00,A,MMAR1PC,AM,2020,91.8,,
ESTAT:DEMO_NIND(1.0),30/04/26 23:00:00,A,MMAR1PC,AM,2022,90.8,,
ESTAT:DEMO_NIND(1.0),30/04/26 23:00:00,A,MMAR1PC,AT,1960,83.5,,
ESTAT:DEMO_NIND(1.0),30/04/26 23:00:00,A,MMAR1PC,AT,1961,84.3,,
ESTAT:DEMO_NIND(1.0),30/04/26 23:00:00,A,MMAR1PC,AT,1962,85.3,,
ESTAT:DEMO_NIND(1.0),30/04/26 23:00:00,A,MMAR1PC,AT,1963,85.3,,
ESTAT:DEMO_NIND(1.0),30/04/26 23:00:00,A,MMAR1PC,AT,1964,84.9,,
ESTAT:DEMO_NIND(1.0),30/04/26 23:00:00,A,MMAR1PC,AT,1965,84.9,,
ESTAT:DEMO_NIND(1.0),30/04/26 23:00:00,A,MMAR1PC,AT,1966,84.9,,
ESTAT:DEMO_NIND(1.0),30/04/26 23:00:00,A,MMAR1PC,AT,1967,84.9,,
ESTAT:DEMO_NIND(1.0),30/04/26 23:00:00,A,MMAR1PC,AT,1968,84.9,,
ESTAT:DEMO_NIND(1.0),30/04/26 23:00:00,A,MMAR1PC,AT,1969,84.6,,
ESTAT:DEMO_NIND(1.0),30/04/26 23:00:00,A,MMAR1PC,AT,1970,84.3,,
ESTAT:DEMO_NIND(1.0),30/04/26 23:00:00,A,MMAR1PC,AT,1971,83.8,,
ESTAT:DEMO_NIND(1.0),30/04/26 23:00:00,A,MMAR1PC,AT,1972,85.4,,
ESTAT:DEMO_NIND(1.0),30/04/26 23:00:00,A,MMAR1PC,AT,1973,83.8,,
ESTAT:DEMO_NIND(1.0),30/04/26 23:00:00,A,MMAR1PC,AT,1974,83.8,,
ESTAT:DEMO_NIND(1.0),30/04/26 23:00:00,A,MMAR1PC,AT,1975,83.2,,
ESTAT:DEMO_NIND(1.0),30/04/26 23:00:00,A,MMAR1PC,AT,1976,82.6,,
ESTAT:DEMO_NIND(1.0),30/04/26 23:00:00,A,MMAR1PC,AT,1977,83.0,,
ESTAT:DEMO_NIND(1.0),30/04/26 23:00:00,A,MMAR1PC,AT,1978,82.2,,
ESTAT:DEMO_NIND(1.0),30/04/26 23:00:00,A,MMAR1PC,AT,1979,81.9,,
ESTAT:DEMO_NIND(1.0),30/04/26 23:00:00,A,MMAR1PC,AT,1980,82.8,,
ESTAT:DEMO_NIND(1.0),30/04/26 23:00:00,A,MMAR1PC,AT,1981,82.7,,
ESTAT:DEMO_NIND(1.0),30/04/26 23:00:00,A,MMAR1PC,AT,1982,83.4,,
ESTAT:DEMO_NIND(1.0),30/04/26 23:00:00,A,MMAR1PC,AT,1983,84.7,,
ESTAT:DEMO_NIND(1.0),30/04/26 23:00:00,A,MMAR1PC,AT,1984,82.2,,
ESTAT:DEMO_NIND(1.0),30/04/26 23:00:00,A,MMAR1PC,AT,1985,81.0,,
ESTAT:DEMO_NIND(1.0),30/04/26 23:00:00,A,MMAR1PC,AT,1986,81.7,,
ESTAT:DEMO_NIND(1.0),30/04/26 23:00:00,A,MMAR1PC,AT,1987,86.8,,
ESTAT:DEMO_NIND(1.0),30/04/26 23:00:00,A,MMAR1PC,AT,1988,76.7,,
ESTAT:DEMO_NIND(1.0),30/04/26 23:00:00,A,MMAR1PC,AT,1989,78.9,,
ESTAT:DEMO_NIND(1.0),30/04/26 23:00:00,A,MMAR1PC,AT,1990,79.5,,
ESTAT:DEMO_NIND(1.0),30/04/26 23:00:00,A,MMAR1PC,AT,1991,79.0,,
ESTAT:DEMO_NIND(1.0),30/04/26 23:00:00,A,MMAR1PC,AT,1992,79.0,,
ESTAT:DEMO_NIND(1.0),30/04/26 23:00:00,A,MMAR1PC,AT,1993,79.3,,
ESTAT:DEMO_NIND(1.0),30/04/26 23:00:00,A,MMAR1PC,AT,1994,79.5,,
ESTAT:DEMO_NIND(1.0),30/04/26 23:00:00,A,MMAR1PC,AT,1995,79.2,,
ESTAT:DEMO_NIND(1.0),30/04/26 23:00:00,A,MMAR1PC,AT,1996,78.8,,
ESTAT:DEMO_NIND(1.0),30/04/26 23:00:00,A,MMAR1PC,AT,1997,77.8,,
ESTAT:DEMO_NIND(1.0),30/04/26 23:00:00,A,MMAR1PC,AT,1998,78.0,,
ESTAT:DEMO_NIND(1.0),30/04/26 23:00:00,A,MMAR1PC,AT,1999,76.2,,
ESTAT:DEMO_NIND(1.0),30/04/26 23:00:00,A,MMAR1PC,AT,2000,76.2,,
ESTAT:DEMO_NIND(1.0),30/04/26 23:00:00,A,MMAR1PC,AT,2001,74.6,,
ESTAT:DEMO_NIND(1.0),30/04/26 23:00:00,A,MMAR1PC,AT,2002,74.0,,
ESTAT:DEMO_NIND(1.0),30/04/26 23:00:00,A,MMAR1PC,AT,2003,73.6,,
ESTAT:DEMO_NIND(1.0),30/04/26 23:00:00,A,MMAR1PC,AT,2004,72.9,,
ESTAT:DEMO_NIND(1.0),30/04/26 23:00:00,A,MMAR1PC,AT,2005,73.0,,
ESTAT:DEMO_NIND(1.0),30/04/26 23:00:00,A,MMAR1PC,AT,2006,73.5,,
ESTAT:DEMO_NIND(1.0),30/04/26 23:00:00,A,MMAR1PC,AT,2007,73.7,,
ESTAT:DEMO_NIND(1.0),30/04/26 23:00:00,A,MMAR1PC,AT,2008,74.2,,
ESTAT:DEMO_NIND(1.0),30/04/26 23:00:00,A,MMAR1PC,AT,2009,74.4,,
ESTAT:DEMO_NIND(1.0),30/04/26 23:00:00,A,MMAR1PC,AT,2010,74.6,,
ESTAT:DEMO_NIND(1.0),30/04/26 23:00:00,A,MMAR1PC,AT,2011,74.9,,
ESTAT:DEMO_NIND(1.0),30/04/26 23:00:00,A,MMAR1PC,AT,2012,75.9,,
ESTAT:DEMO_NIND(1.0),30/04/26 23:00:00,A,MMAR1PC,AT,2013,76.5,,
ESTAT:DEMO_NIND(1.0),30/04/26 23:00:00,A,MMAR1PC,AT,2014,76.8,,
ESTAT:DEMO_NIND(1.0),30/04/26 23:00:00,A,MMAR1PC,AT,2015,77.0,,
ESTAT:DEMO_NIND(1.0),30/04/26 23:00:00,A,MMAR1PC,AT,2016,77.6,,
ESTAT:DEMO_NIND(1.0),30/04/26 23:00:00,A,MMAR1PC,AT,2017,77.7,,
ESTAT:DEMO_NIND(1.0),30/04/26 23:00:00,A,MMAR1PC,AT,2018,77.6,,
ESTAT:DEMO_NIND(1.0),30/04/26 23:00:00,A,MMAR1PC,AT,2019,77.1,,
ESTAT:DEMO_NIND(1.0),30/04/26 23:00:00,A,MMAR1PC,AT,2020,77.7,,
ESTAT:DEMO_NIND(1.0),30/04/26 23:00:00,A,MMAR1PC,AT,2021,79.3,,
ESTAT:DEMO_NIND(1.0),30/04/26 23:00:00,A,MMAR1PC,AT,2022,79.0,,
ESTAT:DEMO_NIND(1.0),30/04/26 23:00:00,A,MMAR1PC,AT,2023,79.1,,
ESTAT:DEMO_NIND(1.0),30/04/26 23:00:00,A,MMAR1PC,AT,2024,80.1,,
ESTAT:DEMO_NIND(1.0),30/04/26 23:00:00,A,MMAR1PC,AZ,2006,95.9,,
ESTAT:DEMO_NIND(1.0),30/04/26 23:00:00,A,MMAR1PC,AZ,2007,98.3,,
ESTAT:DEMO_NIND(1.0),30/04/26 23:00:00,A,MMAR1PC,AZ,2008,95.4,,
ESTAT:DEMO_NIND(1.0),30/04/26 23:00:00,A,MMAR1PC,AZ,2009,95.4,,
ESTAT:DEMO_NIND(1.0),30/04/26 23:00:00,A,MMAR1PC,AZ,2010,94.5,,
ESTAT:DEMO_NIND(1.0),30/04/26 23:00:00,A,MMAR1PC,AZ,2012,94.3,,
ESTAT:DEMO_NIND(1.0),30/04/26 23:00:00,A,MMAR1PC,AZ,2013,94.1,,
ESTAT:DEMO_NIND(1.0),30/04/26 23:00:00,A,MMAR1PC,AZ,2014,96.8,,
ESTAT:DEMO_NIND(1.0),30/04/26 23:00:00,A,MMAR1PC,AZ,2015,92.4,,
ESTAT:DEMO_NIND(1.0),30/04/26 23:00:00,A,MMAR1PC,AZ,2016,92.2,,
ESTAT:DEMO_NIND(1.0),30/04/26 23:00:00,A,MMAR1PC,AZ,2017,91.3,,
ESTAT:DEMO_NIND(1.0),30/04/26 23:00:00,A,MMAR1PC,AZ,2018,90.3,,
ESTAT:DEMO_NIND(1.0),30/04/26 23:00:00,A,MMAR1PC,AZ,2019,89.8,,
ESTAT:DEMO_NIND(1.0),30/04/26 23:00:00,A,MMAR1PC,AZ,2020,87.6,,
ESTAT:DEMO_NIND(1.0),30/04/26 23:00:00,A,MMAR1PC,AZ,2021,89.8,,
ESTAT:DEMO_NIND(1.0),30/04/26 23:00:00,A,MMAR1PC,AZ,2022,89.8,,
ESTAT:DEMO_NIND(1.0),30/04/26 23:00:00,A,MMAR1PC,BA,2003,88.6,,
ESTAT:DEMO_NIND(1.0),30/04/26 23:00:00,A,MMAR1PC,BA,2004,89.0,,
ESTAT:DEMO_NIND(1.0),30/04/26 23:00:00,A,MMAR1PC,BA,2006,88.9,,
ESTAT:DEMO_NIND(1.0),30/04/26 23:00:00,A,MMAR1PC,BA,2007,88.5,,
ESTAT:DEMO_NIND(1.0),30/04/26 23:00:00,A,MMAR1PC,BA,2008,89.1,,
ESTAT:DEMO_NIND(1.0),30/04/26 23:00:00,A,MMAR1PC,BA,2009,89.2,,
ESTAT:DEMO_NIND(1.0),30/04/26 23:00:00,A,MMAR1PC,BA,2010,89.6,,
ESTAT:DEMO_NIND(1.0),30/04/26 23:00:00,A,MMAR1PC,BA,2012,89.7,,
ESTAT:DEMO_NIND(1.0),30/04/26 23:00:00,A,MMAR1PC,BA,2023,88.1,,
ESTAT:DEMO_NIND(1.0),30/04/26 23:00:00,A,MMAR1PC,BA,2024,88.4,,
ESTAT:DEMO_NIND(1.0),30/04/26 23:00:00,A,MMAR1PC,BE,1960,90.6,,
ESTAT:DEMO_NIND(1.0),30/04/26 23:00:00,A,MMAR1PC,BE,1961,90.8,,
ESTAT:DEMO_NIND(1.0),30/04/26 23:00:00,A,MMAR1PC,BE,1962,90.5,,
ESTAT:DEMO_NIND(1.0),30/04/26 23:00:00,A,MMAR1PC,BE,1963,90.7,,
ESTAT:DEMO_NIND(1.0),30/04/26 23:00:00,A,MMAR1PC,BE,1964,90.6,,
ESTAT:DEMO_NIND(1.0),30/04/26 23:00:00,A,MMAR1PC,BE,1965,90.7,,
ESTAT:DEMO_NIND(1.0),30/04/26 23:00:00,A,MMAR1PC,BE,1966,90.8,,
ESTAT:DEMO_NIND(1.0),30/04/26 23:00:00,A,MMAR1PC,BE,1967,91.0,,
ESTAT:DEMO_NIND(1.0),30/04/26 23:00:00,A,MMAR1PC,BE,1968,91.3,,
ESTAT:DEMO_NIND(1.0),30/04/26 23:00:00,A,MMAR1PC,BE,1969,91.4,,
ESTAT:DEMO_NIND(1.0),30/04/26 23:00:00,A,MMAR1PC,BE,1970,92.0,,
ESTAT:DEMO_NIND(1.0),30/04/26 23:00:00,A,MMAR1PC,BE,1971,91.8,,
ESTAT:DEMO_NIND(1.0),30/04/26 23:00:00,A,MMAR1PC,BE,1972,91.4,,
ESTAT:DEMO_NIND(1.0),30/04/26 23:00:00,A,MMAR1PC,BE,1973,91.0,,
ESTAT:DEMO_NIND(1.0),30/04/26 23:00:00,A,MMAR1PC,BE,1974,90.8,,
ESTAT:DEMO_NIND(1.0),30/04/26 23:00:00,A,MMAR1PC,BE,1975,90.5,,
ESTAT:DEMO_NIND(1.0),30/04/26 23:00:00,A,MMAR1PC,BE,1976,89.3,,
ESTAT:DEMO_NIND(1.0),30/04/26 23:00:00,A,MMAR1PC,BE,1977,89.3,,
ESTAT:DEMO_NIND(1.0),30/04/26 23:00:00,A,MMAR1PC,BE,1978,89.2,,
ESTAT:DEMO_NIND(1.0),30/04/26 23:00:00,A,MMAR1PC,BE,1979,89.2,,
ESTAT:DEMO_NIND(1.0),30/04/26 23:00:00,A,MMAR1PC,BE,1980,89.2,,
ESTAT:DEMO_NIND(1.0),30/04/26 23:00:00,A,MMAR1PC,BE,1981,88.6,,
ESTAT:DEMO_NIND(1.0),30/04/26 23:00:00,A,MMAR1PC,BE,1982,88.0,,
ESTAT:DEMO_NIND(1.0),30/04/26 23:00:00,A,MMAR1PC,BE,1983,87.4,,
ESTAT:DEMO_NIND(1.0),30/04/26 23:00:00,A,MMAR1PC,BE,1984,86.3,,
ESTAT:DEMO_NIND(1.0),30/04/26 23:00:00,A,MMAR1PC,BE,1985,86.3,,
ESTAT:DEMO_NIND(1.0),30/04/26 23:00:00,A,MMAR1PC,BE,1986,86.1,,
ESTAT:DEMO_NIND(1.0),30/04/26 23:00:00,A,MMAR1PC,BE,1987,85.3,,
ESTAT:DEMO_NIND(1.0),30/04/26 23:00:00,A,MMAR1PC,BE,1988,84.4,,
ESTAT:DEMO_NIND(1.0),30/04/26 23:00:00,A,MMAR1PC,BE,1989,82.3,,
ESTAT:DEMO_NIND(1.0),30/04/26 23:00:00,A,MMAR1PC,BE,1990,82.2,,
ESTAT:DEMO_NIND(1.0),30/04/26 23:00:00,A,MMAR1PC,BE,1991,81.4,,
ESTAT:DEMO_NIND(1.0),30/04/26 23:00:00,A,MMAR1PC,BE,1992,80.8,,
ESTAT:DEMO_NIND(1.0),30/04/26 23:00:00,A,MMAR1PC,BE,1993,80.1,,
ESTAT:DEMO_NIND(1.0),30/04/26 23:00:00,A,MMAR1PC,BE,1994,79.5,,
ESTAT:DEMO_NIND(1.0),30/04/26 23:00:00,A,MMAR1PC,BE,1995,77.0,,
ESTAT:DEMO_NIND(1.0),30/04/26 23:00:00,A,MMAR1PC,BE,1996,77.0,,
ESTAT:DEMO_NIND(1.0),30/04/26 23:00:00,A,MMAR1PC,BE,1999,76.2,,
ESTAT:DEMO_NIND(1.0),30/04/26 23:00:00,A,MMAR1PC,BE,2000,74.7,,
ESTAT:DEMO_NIND(1.0),30/04/26 23:00:00,A,MMAR1PC,BE,2001,74.5,,
ESTAT:DEMO_NIND(1.0),30/04/26 23:00:00,A,MMAR1PC,BE,2002,74.3,,
ESTAT:DEMO_NIND(1.0),30/04/26 23:00:00,A,MMAR1PC,BE,2003,73.3,,
ESTAT:DEMO_NIND(1.0),30/04/26 23:00:00,A,MMAR1PC,BE,2004,72.4,,
ESTAT:DEMO_NIND(1.0),30/04/26 23:00:00,A,MMAR1PC,BE,2005,72.1,,
ESTAT:DEMO_NIND(1.0),30/04/26 23:00:00,A,MMAR1PC,BE,2006,71.2,,
ESTAT:DEMO_NIND(1.0),30/04/26 23:00:00,A,MMAR1PC,BE,2007,71.8,,
ESTAT:DEMO_NIND(1.0),30/04/26 23:00:00,A,MMAR1PC,BE,2008,72.6,,
ESTAT:DEMO_NIND(1.0),30/04/26 23:00:00,A,MMAR1PC,BE,2009,72.9,,
ESTAT:DEMO_NIND(1.0),30/04/26 23:00:00,A,MMAR1PC,BE,2010,72.2,,
ESTAT:DEMO_NIND(1.0),30/04/26 23:00:00,A,MMAR1PC,BE,2017,70.0,,
ESTAT:DEMO_NIND(1.0),30/04/26 23:00:00,A,MMAR1PC,BE,2020,69.6,,
ESTAT:DEMO_NIND(1.0),30/04/26 23:00:00,A,MMAR1PC,BE,2021,70.9,,
ESTAT:DEMO_NIND(1.0),30/04/26 23:00:00,A,MMAR1PC,BE,2022,71.7,,
ESTAT:DEMO_NIND(1.0),30/04/26 23:00:00,A,MMAR1PC,BE,2023,72.1,,
ESTAT:DEMO_NIND(1.0),30/04/26 23:00:00,A,MMAR1PC,BG,1995,88.2,,
ESTAT:DEMO_NIND(1.0),30/04/26 23:00:00,A,MMAR1PC,BG,1996,88.0,,
ESTAT:DEMO_NIND(1.0),30/04/26 23:00:00,A,MMAR1PC,BG,1997,87.3,,
ESTAT:DEMO_NIND(1.0),30/04/26 23:00:00,A,MMAR1PC,BG,1998,88.6,,
ESTAT:DEMO_NIND(1.0),30/04/26 23:00:00,A,MMAR1PC,BG,1999,88.4,,
ESTAT:DEMO_NIND(1.0),30/04/26 23:00:00,A,MMAR1PC,BG,2000,87.0,,
ESTAT:DEMO_NIND(1.0),30/04/26 23:00:00,A,MMAR1PC,BG,2001,87.5,,
ESTAT:DEMO_NIND(1.0),30/04/26 23:00:00,A,MMAR1PC,BG,2002,88.1,,
ESTAT:DEMO_NIND(1.0),30/04/26 23:00:00,A,MMAR1PC,BG,2003,86.9,,
ESTAT:DEMO_NIND(1.0),30/04/26 23:00:00,A,MMAR1PC,BG,2004,86.3,,
ESTAT:DEMO_NIND(1.0),30/04/26 23:00:00,A,MMAR1PC,BG,2005,85.9,,
ESTAT:DEMO_NIND(1.0),30/04/26 23:00:00,A,MMAR1PC,BG,2006,86.5,,
ESTAT:DEMO_NIND(1.0),30/04/26 23:00:00,A,MMAR1PC,BG,2007,87.1,,
ESTAT:DEMO_NIND(1.0),30/04/26 23:00:00,A,MMAR1PC,BG,2008,87.1,,
ESTAT:DEMO_NIND(1.0),30/04/26 23:00:00,A,MMAR1PC,BG,2009,87.3,,
ESTAT:DEMO_NIND(1.0),30/04/26 23:00:00,A,MMAR1PC,BG,2010,86.0,,
ESTAT:DEMO_NIND(1.0),30/04/26 23:00:00,A,MMAR1PC,BG,2011,87.8,,
ESTAT:DEMO_NIND(1.0),30/04/26 23:00:00,A,MMAR1PC,BG,2012,86.9,,
ESTAT:DEMO_NIND(1.0),30/04/26 23:00:00,A,MMAR1PC,BG,2013,87.1,,
ESTAT:DEMO_NIND(1.0),30/04/26 23:00:00,A,MMAR1PC,BG,2014,87.0,,
ESTAT:DEMO_NIND(1.0),30/04/26 23:00:00,A,MMAR1PC,BG,2015,87.5,,
ESTAT:DEMO_NIND(1.0),30/04/26 23:00:00,A,MMAR1PC,BG,2016,88.5,,
ESTAT:DEMO_NIND(1.0),30/04/26 23:00:00,A,MMAR1PC,BG,2017,86.1,,
ESTAT:DEMO_NIND(1.0),30/04/26 23:00:00,A,MMAR1PC,BG,2018,86.2,,
ESTAT:DEMO_NIND(1.0),30/04/26 23:00:00,A,MMAR1PC,BG,2019,85.8,,
ESTAT:DEMO_NIND(1.0),30/04/26 23:00:00,A,MMAR1PC,BG,2020,85.0,,
ESTAT:DEMO_NIND(1.0),30/04/26 23:00:00,A,MMAR1PC,BG,2022,84.3,,
ESTAT:DEMO_NIND(1.0),30/04/26 23:00:00,A,MMAR1PC,BG,2023,84.2,,
ESTAT:DEMO_NIND(1.0),30/04/26 23:00:00,A,MMAR1PC,BG,2024,83.6,,
ESTAT:DEMO_NIND(1.0),30/04/26 23:00:00,A,MMAR1PC,BY,2004,75.8,,
ESTAT:DEMO_NIND(1.0),30/04/26 23:00:00,A,MMAR1PC,BY,2005,76.3,,
ESTAT:DEMO_NIND(1.0),30/04/26 23:00:00,A,MMAR1PC,BY,2006,77.2,,
ESTAT:DEMO_NIND(1.0),30/04/26 23:00:00,A,MMAR1PC,BY,2007,76.5,,
ESTAT:DEMO_NIND(1.0),30/04/26 23:00:00,A,MMAR1PC,BY,2008,76.0,,
ESTAT:DEMO_NIND(1.0),30/04/26 23:00:00,A,MMAR1PC,BY,2009,75.4,,
ESTAT:DEMO_NIND(1.0),30/04/26 23:00:00,A,MMAR1PC,BY,2011,75.7,,
ESTAT:DEMO_NIND(1.0),30/04/26 23:00:00,A,MMAR1PC,BY,2012,74.3,,
ESTAT:DEMO_NIND(1.0),30/04/26 23:00:00,A,MMAR1PC,BY,2013,73.4,,
ESTAT:DEMO_NIND(1.0),30/04/26 23:00:00,A,MMAR1PC,BY,2014,72.7,,
ESTAT:DEMO_NIND(1.0),30/04/26 23:00:00,A,MMAR1PC,BY,2015,72.6,,
ESTAT:DEMO_NIND(1.0),30/04/26 23:00:00,A,MMAR1PC,BY,2016,71.5,,
ESTAT:DEMO_NIND(1.0),30/04/26 23:00:00,A,MMAR1PC,BY,2017,70.9,,
ESTAT:DEMO_NIND(1.0),30/04/26 23:00:00,A,MMAR1PC,BY,2018,70.0,,
ESTAT:DEMO_NIND(1.0),30/04/26 23:00:00,A,MMAR1PC,CH,1960,87.8,,
ESTAT:DEMO_NIND(1.0),30/04/26 23:00:00,A,MMAR1PC,CH,1961,88.3,,
ESTAT:DEMO_NIND(1.0),30/04/26 23:00:00,A,MMAR1PC,CH,1962,88.3,,
ESTAT:DEMO_NIND(1.0),30/04/26 23:00:00,A,MMAR1PC,CH,1963,88.5,,
ESTAT:DEMO_NIND(1.0),30/04/26 23:00:00,A,MMAR1PC,CH,1964,88.5,,
ESTAT:DEMO_NIND(1.0),30/04/26 23:00:00,A,MMAR1PC,CH,1965,88.3,,
ESTAT:DEMO_NIND(1.0),30/04/26 23:00:00,A,MMAR1PC,CH,1966,88.9,,
ESTAT:DEMO_NIND(1.0),30/04/26 23:00:00,A,MMAR1PC,CH,1967,88.9,,
ESTAT:DEMO_NIND(1.0),30/04/26 23:00:00,A,MMAR1PC,CH,1968,89.1,,
ESTAT:DEMO_NIND(1.0),30/04/26 23:00:00,A,MMAR1PC,CH,1969,89.1,,
ESTAT:DEMO_NIND(1.0),30/04/26 23:00:00,A,MMAR1PC,CH,1970,89.0,,
ESTAT:DEMO_NIND(1.0),30/04/26 23:00:00,A,MMAR1PC,CH,1971,88.8,,
ESTAT:DEMO_NIND(1.0),30/04/26 23:00:00,A,MMAR1PC,CH,1972,88.4,,
ESTAT:DEMO_NIND(1.0),30/04/26 23:00:00,A,MMAR1PC,CH,1973,88.0,,
ESTAT:DEMO_NIND(1.0),30/04/26 23:00:00,A,MMAR1PC,CH,1974,87.4,,
ESTAT:DEMO_NIND(1.0),30/04/26 23:00:00,A,MMAR1PC,CH,1975,86.7,,
ESTAT:DEMO_NIND(1.0),30/04/26 23:00:00,A,MMAR1PC,CH,1976,86.3,,
ESTAT:DEMO_NIND(1.0),30/04/26 23:00:00,A,MMAR1PC,CH,1977,85.3,,
ESTAT:DEMO_NIND(1.0),30/04/26 23:00:00,A,MMAR1PC,CH,1978,85.3,,
ESTAT:DEMO_NIND(1.0),30/04/26 23:00:00,A,MMAR1PC,CH,1979,84.9,,
ESTAT:DEMO_NIND(1.0),30/04/26 23:00:00,A,MMAR1PC,CH,1980,84.6,,
ESTAT:DEMO_NIND(1.0),30/04/26 23:00:00,A,MMAR1PC,CH,1981,84.6,,
ESTAT:DEMO_NIND(1.0),30/04/26 23:00:00,A,MMAR1PC,CH,1982,84.3,,
ESTAT:DEMO_NIND(1.0),30/04/26 23:00:00,A,MMAR1PC,CH,1983,83.6,,
ESTAT:DEMO_NIND(1.0),30/04/26 23:00:00,A,MMAR1PC,CH,1984,83.5,,
ESTAT:DEMO_NIND(1.0),30/04/26 23:00:00,A,MMAR1PC,CH,1985,83.1,,
ESTAT:DEMO_NIND(1.0),30/04/26 23:00:00,A,MMAR1PC,CH,1986,83.2,,
ESTAT:DEMO_NIND(1.0),30/04/26 23:00:00,A,MMAR1PC,CH,1987,82.7,,
ESTAT:DEMO_NIND(1.0),30/04/26 23:00:00,A,MMAR1PC,CH,1988,82.5,,
ESTAT:DEMO_NIND(1.0),30/04/26 23:00:00,A,MMAR1PC,CH,1989,82.2,,
ESTAT:DEMO_NIND(1.0),30/04/26 23:00:00,A,MMAR1PC,CH,1990,82.2,,
ESTAT:DEMO_NIND(1.0),30/04/26 23:00:00,A,MMAR1PC,CH,1991,81.5,,
ESTAT:DEMO_NIND(1.0),30/04/26 23:00:00,A,MMAR1PC,CH,1992,82.1,,
ESTAT:DEMO_NIND(1.0),30/04/26 23:00:00,A,MMAR1PC,CH,1993,81.2,,
ESTAT:DEMO_NIND(1.0),30/04/26 23:00:00,A,MMAR1PC,CH,1994,81.0,,
ESTAT:DEMO_NIND(1.0),30/04/26 23:00:00,A,MMAR1PC,CH,1995,80.1,,
ESTAT:DEMO_NIND(1.0),30/04/26 23:00:00,A,MMAR1PC,CH,1996,79.6,,
ESTAT:DEMO_NIND(1.0),30/04/26 23:00:00,A,MMAR1PC,CH,1997,78.7,,
ESTAT:DEMO_NIND(1.0),30/04/26 23:00:00,A,MMAR1PC,CH,1998,78.3,,
ESTAT:DEMO_NIND(1.0),30/04/26 23:00:00,A,MMAR1PC,CH,1999,77.5,,
ESTAT:DEMO_NIND(1.0),30/04/26 23:00:00,A,MMAR1PC,CH,2000,76.6,,
ESTAT:DEMO_NIND(1.0),30/04/26 23:00:00,A,MMAR1PC,CH,2001,76.4,,
ESTAT:DEMO_NIND(1.0),30/04/26 23:00:00,A,MMAR1PC,CH,2002,76.9,,
ESTAT:DEMO_NIND(1.0),30/04/26 23:00:00,A,MMAR1PC,CH,2003,76.8,,
ESTAT:DEMO_NIND(1.0),30/04/26 23:00:00,A,MMAR1PC,CH,2004,76.5,,
ESTAT:DEMO_NIND(1.0),30/04/26 23:00:00,A,MMAR1PC,CH,2005,76.1,,
ESTAT:DEMO_NIND(1.0),30/04/26 23:00:00,A,MMAR1PC,CH,2006,75.9,,
ESTAT:DEMO_NIND(1.0),30/04/26 23:00:00,A,MMAR1PC,CH,2007,76.0,,
ESTAT:DEMO_NIND(1.0),30/04/26 23:00:00,A,MMAR1PC,CH,2008,76.0,,
ESTAT:DEMO_NIND(1.0),30/04/26 23:00:00,A,MMAR1PC,CH,2009,76.2,,
ESTAT:DEMO_NIND(1.0),30/04/26 23:00:00,A,MMAR1PC,CH,2010,76.7,,
ESTAT:DEMO_NIND(1.0),30/04/26 23:00:00,A,MMAR1PC,CH,2011,76.5,,
ESTAT:DEMO_NIND(1.0),30/04/26 23:00:00,A,MMAR1PC,CH,2012,77.7,,
ESTAT:DEMO_NIND(1.0),30/04/26 23:00:00,A,MMAR1PC,CH,2013,77.7,,
ESTAT:DEMO_NIND(1.0),30/04/26 23:00:00,A,MMAR1PC,CH,2014,78.3,,
ESTAT:DEMO_NIND(1.0),30/04/26 23:00:00,A,MMAR1PC,CH,2015,78.2,,
ESTAT:DEMO_NIND(1.0),30/04/26 23:00:00,A,MMAR1PC,CH,2016,78.9,,
ESTAT:DEMO_NIND(1.0),30/04/26 23:00:00,A,MMAR1PC,CH,2017,79.1,,
ESTAT:DEMO_NIND(1.0),30/04/26 23:00:00,A,MMAR1PC,CH,2018,79.5,,
ESTAT:DEMO_NIND(1.0),30/04/26 23:00:00,A,MMAR1PC,CH,2019,79.7,,
ESTAT:DEMO_NIND(1.0),30/04/26 23:00:00,A,MMAR1PC,CH,2020,80.7,,
ESTAT:DEMO_NIND(1.0),30/04/26 23:00:00,A,MMAR1PC,CH,2021,80.7,,
ESTAT:DEMO_NIND(1.0),30/04/26 23:00:00,A,MMAR1PC,CH,2022,80.2,,
ESTAT:DEMO_NIND(1.0),30/04/26 23:00:00,A,MMAR1PC,CH,2023,80.8,,
ESTAT:DEMO_NIND(1.0),30/04/26 23:00:00,A,MMAR1PC,CH,2024,81.4,,
ESTAT:DEMO_NIND(1.0),30/04/26 23:00:00,A,MMAR1PC,CY,1996,80.9,,
ESTAT:DEMO_NIND(1.0),30/04/26 23:00:00,A,MMAR1PC,CY,1998,79.4,,
ESTAT:DEMO_NIND(1.0),30/04/26 23:00:00,A,MMAR1PC,CY,1999,79.4,,
ESTAT:DEMO_NIND(1.0),30/04/26 23:00:00,A,MMAR1PC,CY,2000,77.0,,
ESTAT:DEMO_NIND(1.0),30/04/26 23:00:00,A,MMAR1PC,CY,2001,77.9,,
ESTAT:DEMO_NIND(1.0),30/04/26 23:00:00,A,MMAR1PC,CY,2002,77.9,,
ESTAT:DEMO_NIND(1.0),30/04/26 23:00:00,A,MMAR1PC,CY,2003,77.8,,
ESTAT:DEMO_NIND(1.0),30/04/26 23:00:00,A,MMAR1PC,CY,2004,79.2,,
ESTAT:DEMO_NIND(1.0),30/04/26 23:00:00,A,MMAR1PC,CY,2005,81.4,,
ESTAT:DEMO_NIND(1.0),30/04/26 23:00:00,A,MMAR1PC,CY,2006,81.8,,
ESTAT:DEMO_NIND(1.0),30/04/26 23:00:00,A,MMAR1PC,CY,2009,84.2,,
ESTAT:DEMO_NIND(1.0),30/04/26 23:00:00,A,MMAR1PC,CY,2012,85.0,,
ESTAT:DEMO_NIND(1.0),30/04/26 23:00:00,A,MMAR1PC,CY,2013,84.8,,
ESTAT:DEMO_NIND(1.0),30/04/26 23:00:00,A,MMAR1PC,CY,2014,85.8,,
ESTAT:DEMO_NIND(1.0),30/04/26 23:00:00,A,MMAR1PC,CY,2016,86.1,,
ESTAT:DEMO_NIND(1.0),30/04/26 23:00:00,A,MMAR1PC,CY,2017,85.4,,
ESTAT:DEMO_NIND(1.0),30/04/26 23:00:00,A,MMAR1PC,CY,2018,85.1,,
ESTAT:DEMO_NIND(1.0),30/04/26 23:00:00,A,MMAR1PC,CY,2019,84.9,,
ESTAT:DEMO_NIND(1.0),30/04/26 23:00:00,A,MMAR1PC,CZ,1995,75.5,,
ESTAT:DEMO_NIND(1.0),30/04/26 23:00:00,A,MMAR1PC,CZ,1996,75.1,,
ESTAT:DEMO_NIND(1.0),30/04/26 23:00:00,A,MMAR1PC,CZ,1997,73.4,,
ESTAT:DEMO_NIND(1.0),30/04/26 23:00:00,A,MMAR1PC,CZ,1998,74.5,,
ESTAT:DEMO_NIND(1.0),30/04/26 23:00:00,A,MMAR1PC,CZ,1999,74.4,,
ESTAT:DEMO_NIND(1.0),30/04/26 23:00:00,A,MMAR1PC,CZ,2000,74.8,,
ESTAT:DEMO_NIND(1.0),30/04/26 23:00:00,A,MMAR1PC,CZ,2001,74.2,,
ESTAT:DEMO_NIND(1.0),30/04/26 23:00:00,A,MMAR1PC,CZ,2002,74.0,,
ESTAT:DEMO_NIND(1.0),30/04/26 23:00:00,A,MMAR1PC,CZ,2003,73.6,,
ESTAT:DEMO_NIND(1.0),30/04/26 23:00:00,A,MMAR1PC,CZ,2004,73.7,,
ESTAT:DEMO_NIND(1.0),30/04/26 23:00:00,A,MMAR1PC,CZ,2005,74.0,,
ESTAT:DEMO_NIND(1.0),30/04/26 23:00:00,A,MMAR1PC,CZ,2006,74.1,,
ESTAT:DEMO_NIND(1.0),30/04/26 23:00:00,A,MMAR1PC,CZ,2007,73.5,,
ESTAT:DEMO_NIND(1.0),30/04/26 23:00:00,A,MMAR1PC,CZ,2008,72.5,,
ESTAT:DEMO_NIND(1.0),30/04/26 23:00:00,A,MMAR1PC,CZ,2009,72.8,,
ESTAT:DEMO_NIND(1.0),30/04/26 23:00:00,A,MMAR1PC,CZ,2010,73.6,,
ESTAT:DEMO_NIND(1.0),30/04/26 23:00:00,A,MMAR1PC,CZ,2011,73.9,,
ESTAT:DEMO_NIND(1.0),30/04/26 23:00:00,A,MMAR1PC,CZ,2012,74.8,,
ESTAT:DEMO_NIND(1.0),30/04/26 23:00:00,A,MMAR1PC,CZ,2013,75.3,,
ESTAT:DEMO_NIND(1.0),30/04/26 23:00:00,A,MMAR1PC,CZ,2014,76.1,,
ESTAT:DEMO_NIND(1.0),30/04/26 23:00:00,A,MMAR1PC,CZ,2015,76.5,,
ESTAT:DEMO_NIND(1.0),30/04/26 23:00:00,A,MMAR1PC,CZ,2016,76.0,,
ESTAT:DEMO_NIND(1.0),30/04/26 23:00:00,A,MMAR1PC,CZ,2017,76.2,,
ESTAT:DEMO_NIND(1.0),30/04/26 23:00:00,A,MMAR1PC,CZ,2018,75.9,,
ESTAT:DEMO_NIND(1.0),30/04/26 23:00:00,A,MMAR1PC,CZ,2019,75.8,,
ESTAT:DEMO_NIND(1.0),30/04/26 23:00:00,A,MMAR1PC,CZ,2020,74.5,,
ESTAT:DEMO_NIND(1.0),30/04/26 23:00:00,A,MMAR1PC,CZ,2021,74.7,,
ESTAT:DEMO_NIND(1.0),30/04/26 23:00:00,A,MMAR1PC,CZ,2022,74.5,,
ESTAT:DEMO_NIND(1.0),30/04/26 23:00:00,A,MMAR1PC,CZ,2023,74.2,,
ESTAT:DEMO_NIND(1.0),30/04/26 23:00:00,A,MMAR1PC,CZ,2024,74.5,,
ESTAT:DEMO_NIND(1.0),30/04/26 23:00:00,A,MMAR1PC,DE,1960,87.1,,
ESTAT:DEMO_NIND(1.0),30/04/26 23:00:00,A,MMAR1PC,DE,1961,87.3,,
ESTAT:DEMO_NIND(1.0),30/04/26 23:00:00,A,MMAR1PC,DE,1962,87.4,,
ESTAT:DEMO_NIND(1.0),30/04/26 23:00:00,A,MMAR1PC,DE,1963,87.2,,
ESTAT:DEMO_NIND(1.0),30/04/26 23:00:00,A,MMAR1PC,DE,1964,87.0,,
ESTAT:DEMO_NIND(1.0),30/04/26 23:00:00,A,MMAR1PC,DE,1965,86.6,,
ESTAT:DEMO_NIND(1.0),30/04/26 23:00:00,A,MMAR1PC,DE,1966,86.4,,
ESTAT:DEMO_NIND(1.0),30/04/26 23:00:00,A,MMAR1PC,DE,1967,86.2,,
ESTAT:DEMO_NIND(1.0),30/04/26 23:00:00,A,MMAR1PC,DE,1968,85.6,,
ESTAT:DEMO_NIND(1.0),30/04/26 23:00:00,A,MMAR1PC,DE,1969,85.6,,
ESTAT:DEMO_NIND(1.0),30/04/26 23:00:00,A,MMAR1PC,DE,1970,85.4,,
ESTAT:DEMO_NIND(1.0),30/04/26 23:00:00,A,MMAR1PC,DE,1971,85.0,,
ESTAT:DEMO_NIND(1.0),30/04/26 23:00:00,A,MMAR1PC,DE,1972,84.3,,
ESTAT:DEMO_NIND(1.0),30/04/26 23:00:00,A,MMAR1PC,DE,1973,83.5,,
ESTAT:DEMO_NIND(1.0),30/04/26 23:00:00,A,MMAR1PC,DE,1974,82.4,,
ESTAT:DEMO_NIND(1.0),30/04/26 23:00:00,A,MMAR1PC,DE,1975,82.3,,
ESTAT:DEMO_NIND(1.0),30/04/26 23:00:00,A,MMAR1PC,DE,1976,80.6,,
ESTAT:DEMO_NIND(1.0),30/04/26 23:00:00,A,MMAR1PC,DE,1977,80.7,,
ESTAT:DEMO_NIND(1.0),30/04/26 23:00:00,A,MMAR1PC,DE,1978,82.0,,
ESTAT:DEMO_NIND(1.0),30/04/26 23:00:00,A,MMAR1PC,DE,1979,81.6,,
ESTAT:DEMO_NIND(1.0),30/04/26 23:00:00,A,MMAR1PC,DE,1980,81.6,,
ESTAT:DEMO_NIND(1.0),30/04/26 23:00:00,A,MMAR1PC,DE,1981,80.9,,
ESTAT:DEMO_NIND(1.0),30/04/26 23:00:00,A,MMAR1PC,DE,1982,80.1,,
ESTAT:DEMO_NIND(1.0),30/04/26 23:00:00,A,MMAR1PC,DE,1983,78.3,,
ESTAT:DEMO_NIND(1.0),30/04/26 23:00:00,A,MMAR1PC,DE,1984,79.5,,
ESTAT:DEMO_NIND(1.0),30/04/26 23:00:00,A,MMAR1PC,DE,1985,79.4,,
ESTAT:DEMO_NIND(1.0),30/04/26 23:00:00,A,MMAR1PC,DE,1986,79.2,,
ESTAT:DEMO_NIND(1.0),30/04/26 23:00:00,A,MMAR1PC,DE,1987,79.3,,
ESTAT:DEMO_NIND(1.0),30/04/26 23:00:00,A,MMAR1PC,DE,1988,79.3,,
ESTAT:DEMO_NIND(1.0),30/04/26 23:00:00,A,MMAR1PC,DE,1989,79.1,,
ESTAT:DEMO_NIND(1.0),30/04/26 23:00:00,A,MMAR1PC,DE,1990,79.3,,
ESTAT:DEMO_NIND(1.0),30/04/26 23:00:00,A,MMAR1PC,DE,1991,77.7,,
ESTAT:DEMO_NIND(1.0),30/04/26 23:00:00,A,MMAR1PC,DE,1992,77.7,,
ESTAT:DEMO_NIND(1.0),30/04/26 23:00:00,A,MMAR1PC,DE,1993,77.6,,
ESTAT:DEMO_NIND(1.0),30/04/26 23:00:00,A,MMAR1PC,DE,1994,77.4,,
ESTAT:DEMO_NIND(1.0),30/04/26 23:00:00,A,MMAR1PC,DE,1995,77.0,,
ESTAT:DEMO_NIND(1.0),30/04/26 23:00:00,A,MMAR1PC,DE,1996,76.9,,
ESTAT:DEMO_NIND(1.0),30/04/26 23:00:00,A,MMAR1PC,DE,1997,76.4,,
ESTAT:DEMO_NIND(1.0),30/04/26 23:00:00,A,MMAR1PC,DE,1998,75.0,,
ESTAT:DEMO_NIND(1.0),30/04/26 23:00:00,A,MMAR1PC,DE,1999,74.4,,
ESTAT:DEMO_NIND(1.0),30/04/26 23:00:00,A,MMAR1PC,DE,2000,74.2,,
ESTAT:DEMO_NIND(1.0),30/04/26 23:00:00,A,MMAR1PC,DE,2001,72.2,,
ESTAT:DEMO_NIND(1.0),30/04/26 23:00:00,A,MMAR1PC,DE,2002,73.2,,
ESTAT:DEMO_NIND(1.0),30/04/26 23:00:00,A,MMAR1PC,DE,2004,72.5,,
ESTAT:DEMO_NIND(1.0),30/04/26 23:00:00,A,MMAR1PC,DE,2005,72.9,,
ESTAT:DEMO_NIND(1.0),30/04/26 23:00:00,A,MMAR1PC,DE,2006,73.3,,
ESTAT:DEMO_NIND(1.0),30/04/26 23:00:00,A,MMAR1PC,DE,2007,73.6,,
ESTAT:DEMO_NIND(1.0),30/04/26 23:00:00,A,MMAR1PC,DE,2008,73.3,,
ESTAT:DEMO_NIND(1.0),30/04/26 23:00:00,A,MMAR1PC,DE,2009,73.4,,
ESTAT:DEMO_NIND(1.0),30/04/26 23:00:00,A,MMAR1PC,DE,2010,73.9,,
ESTAT:DEMO_NIND(1.0),30/04/26 23:00:00,A,MMAR1PC,DE,2011,73.8,,
ESTAT:DEMO_NIND(1.0),30/04/26 23:00:00,A,MMAR1PC,DE,2012,74.3,,
ESTAT:DEMO_NIND(1.0),30/04/26 23:00:00,A,MMAR1PC,DE,2013,74.7,,
ESTAT:DEMO_NIND(1.0),30/04/26 23:00:00,A,MMAR1PC,DE,2014,75.5,,
ESTAT:DEMO_NIND(1.0),30/04/26 23:00:00,A,MMAR1PC,DE,2015,76.0,,
ESTAT:DEMO_NIND(1.0),30/04/26 23:00:00,A,MMAR1PC,DE,2016,76.3,,
ESTAT:DEMO_NIND(1.0),30/04/26 23:00:00,A,MMAR1PC,DE_TOT,1960,85.8,,
ESTAT:DEMO_NIND(1.0),30/04/26 23:00:00,A,MMAR1PC,DE_TOT,1961,86.0,,
ESTAT:DEMO_NIND(1.0),30/04/26 23:00:00,A,MMAR1PC,DE_TOT,1962,86.2,,
ESTAT:DEMO_NIND(1.0),30/04/26 23:00:00,A,MMAR1PC,DE_TOT,1963,85.7,,
ESTAT:DEMO_NIND(1.0),30/04/26 23:00:00,A,MMAR1PC,DE_TOT,1964,85.4,,
ESTAT:DEMO_NIND(1.0),30/04/26 23:00:00,A,MMAR1PC,DE_TOT,1965,84.9,,
ESTAT:DEMO_NIND(1.0),30/04/26 23:00:00,A,MMAR1PC,DE_TOT,1966,84.7,,
ESTAT:DEMO_NIND(1.0),30/04/26 23:00:00,A,MMAR1PC,DE_TOT,1967,84.5,,
ESTAT:DEMO_NIND(1.0),30/04/26 23:00:00,A,MMAR1PC,DE_TOT,1968,83.9,,
ESTAT:DEMO_NIND(1.0),30/04/26 23:00:00,A,MMAR1PC,DE_TOT,1969,84.0,,
ESTAT:DEMO_NIND(1.0),30/04/26 23:00:00,A,MMAR1PC,DE_TOT,1970,83.9,,
ESTAT:DEMO_NIND(1.0),30/04/26 23:00:00,A,MMAR1PC,DE_TOT,1971,83.9,,
ESTAT:DEMO_NIND(1.0),30/04/26 23:00:00,A,MMAR1PC,DE_TOT,1972,83.3,,
ESTAT:DEMO_NIND(1.0),30/04/26 23:00:00,A,MMAR1PC,DE_TOT,1973,82.5,,
ESTAT:DEMO_NIND(1.0),30/04/26 23:00:00,A,MMAR1PC,DE_TOT,1974,81.5,,
ESTAT:DEMO_NIND(1.0),30/04/26 23:00:00,A,MMAR1PC,DE_TOT,1975,81.3,,
ESTAT:DEMO_NIND(1.0),30/04/26 23:00:00,A,MMAR1PC,DE_TOT,1976,80.1,,
ESTAT:DEMO_NIND(1.0),30/04/26 23:00:00,A,MMAR1PC,DE_TOT,1977,79.9,,
ESTAT:DEMO_NIND(1.0),30/04/26 23:00:00,A,MMAR1PC,DE_TOT,1978,80.9,,
ESTAT:DEMO_NIND(1.0),30/04/26 23:00:00,A,MMAR1PC,DE_TOT,1979,80.8,,
ESTAT:DEMO_NIND(1.0),30/04/26 23:00:00,A,MMAR1PC,DE_TOT,1980,80.8,,
ESTAT:DEMO_NIND(1.0),30/04/26 23:00:00,A,MMAR1PC,DE_TOT,1981,80.0,,
ESTAT:DEMO_NIND(1.0),30/04/26 23:00:00,A,MMAR1PC,DE_TOT,1982,79.1,,
ESTAT:DEMO_NIND(1.0),30/04/26 23:00:00,A,MMAR1PC,DE_TOT,1983,77.7,,
ESTAT:DEMO_NIND(1.0),30/04/26 23:00:00,A,MMAR1PC,DE_TOT,1984,78.2,,
ESTAT:DEMO_NIND(1.0),30/04/26 23:00:00,A,MMAR1PC,DE_TOT,1985,78.1,,
ESTAT:DEMO_NIND(1.0),30/04/26 23:00:00,A,MMAR1PC,DE_TOT,1986,77.9,,
ESTAT:DEMO_NIND(1.0),30/04/26 23:00:00,A,MMAR1PC,DE_TOT,1987,77.7,,
ESTAT:DEMO_NIND(1.0),30/04/26 23:00:00,A,MMAR1PC,DE_TOT,1988,77.5,,
ESTAT:DEMO_NIND(1.0),30/04/26 23:00:00,A,MMAR1PC,DE_TOT,1989,77.2,,
ESTAT:DEMO_NIND(1.0),30/04/26 23:00:00,A,MMAR1PC,DE_TOT,1990,77.8,,
ESTAT:DEMO_NIND(1.0),30/04/26 23:00:00,A,MMAR1PC,DE_TOT,1991,77.7,,
ESTAT:DEMO_NIND(1.0),30/04/26 23:00:00,A,MMAR1PC,DE_TOT,1992,77.7,,
ESTAT:DEMO_NIND(1.0),30/04/26 23:00:00,A,MMAR1PC,DE_TOT,1993,77.6,,
ESTAT:DEMO_NIND(1.0),30/04/26 23:00:00,A,MMAR1PC,DE_TOT,1994,77.4,,
ESTAT:DEMO_NIND(1.0),30/04/26 23:00:00,A,MMAR1PC,DE_TOT,1995,77.0,,
ESTAT:DEMO_NIND(1.0),30/04/26 23:00:00,A,MMAR1PC,DE_TOT,1996,76.9,,
ESTAT:DEMO_NIND(1.0),30/04/26 23:00:00,A,MMAR1PC,DE_TOT,1997,76.4,,
ESTAT:DEMO_NIND(1.0),30/04/26 23:00:00,A,MMAR1PC,DE_TOT,1998,75.0,,
ESTAT:DEMO_NIND(1.0),30/04/26 23:00:00,A,MMAR1PC,DE_TOT,1999,74.4,,
ESTAT:DEMO_NIND(1.0),30/04/26 23:00:00,A,MMAR1PC,DE_TOT,2000,74.2,,
ESTAT:DEMO_NIND(1.0),30/04/26 23:00:00,A,MMAR1PC,DE_TOT,2001,72.2,,
ESTAT:DEMO_NIND(1.0),30/04/26 23:00:00,A,MMAR1PC,DE_TOT,2002,73.2,,
ESTAT:DEMO_NIND(1.0),30/04/26 23:00:00,A,MMAR1PC,DE_TOT,2004,72.5,,
ESTAT:DEMO_NIND(1.0),30/04/26 23:00:00,A,MMAR1PC,DE_TOT,2005,72.9,,
ESTAT:DEMO_NIND(1.0),30/04/26 23:00:00,A,MMAR1PC,DE_TOT,2006,73.3,,
ESTAT:DEMO_NIND(1.0),30/04/26 23:00:00,A,MMAR1PC,DE_TOT,2007,73.6,,
ESTAT:DEMO_NIND(1.0),30/04/26 23:00:00,A,MMAR1PC,DE_TOT,2008,73.3,,
ESTAT:DEMO_NIND(1.0),30/04/26 23:00:00,A,MMAR1PC,DE_TOT,2009,73.4,,
ESTAT:DEMO_NIND(1.0),30/04/26 23:00:00,A,MMAR1PC,DE_TOT,2010,73.9,,
ESTAT:DEMO_NIND(1.0),30/04/26 23:00:00,A,MMAR1PC,DE_TOT,2011,73.8,,
ESTAT:DEMO_NIND(1.0),30/04/26 23:00:00,A,MMAR1PC,DE_TOT,2012,74.3,,
ESTAT:DEMO_NIND(1.0),30/04/26 23:00:00,A,MMAR1PC,DE_TOT,2013,74.7,,
ESTAT:DEMO_NIND(1.0),30/04/26 23:00:00,A,MMAR1PC,DE_TOT,2014,75.5,,
ESTAT:DEMO_NIND(1.0),30/04/26 23:00:00,A,MMAR1PC,DE_TOT,2015,76.0,,
ESTAT:DEMO_NIND(1.0),30/04/26 23:00:00,A,MMAR1PC,DE_TOT,2016,76.3,,
ESTAT:DEMO_NIND(1.0),30/04/26 23:00:00,A,MMAR1PC,DK,1960,84.8,,
ESTAT:DEMO_NIND(1.0),30/04/26 23:00:00,A,MMAR1PC,DK,1961,85.5,,
ESTAT:DEMO_NIND(1.0),30/04/26 23:00:00,A,MMAR1PC,DK,1962,86.2,,
ESTAT:DEMO_NIND(1.0),30/04/26 23:00:00,A,MMAR1PC,DK,1963,86.9,,
ESTAT:DEMO_NIND(1.0),30/04/26 23:00:00,A,MMAR1PC,DK,1964,87.1,,
ESTAT:DEMO_NIND(1.0),30/04/26 23:00:00,A,MMAR1PC,DK,1965,88.1,,
ESTAT:DEMO_NIND(1.0),30/04/26 23:00:00,A,MMAR1PC,DK,1966,88.4,,
ESTAT:DEMO_NIND(1.0),30/04/26 23:00:00,A,MMAR1PC,DK,1967,88.7,,
ESTAT:DEMO_NIND(1.0),30/04/26 23:00:00,A,MMAR1PC,DK,1968,88.9,,
ESTAT:DEMO_NIND(1.0),30/04/26 23:00:00,A,MMAR1PC,DK,1969,87.2,,
ESTAT:DEMO_NIND(1.0),30/04/26 23:00:00,A,MMAR1PC,DK,1970,86.1,,
ESTAT:DEMO_NIND(1.0),30/04/26 23:00:00,A,MMAR1PC,DK,1971,84.9,,
ESTAT:DEMO_NIND(1.0),30/04/26 23:00:00,A,MMAR1PC,DK,1972,83.1,,
ESTAT:DEMO_NIND(1.0),30/04/26 23:00:00,A,MMAR1PC,DK,1973,77.7,,
ESTAT:DEMO_NIND(1.0),30/04/26 23:00:00,A,MMAR1PC,DK,1974,77.8,,
ESTAT:DEMO_NIND(1.0),30/04/26 23:00:00,A,MMAR1PC,DK,1975,78.0,,
ESTAT:DEMO_NIND(1.0),30/04/26 23:00:00,A,MMAR1PC,DK,1976,76.9,,
ESTAT:DEMO_NIND(1.0),30/04/26 23:00:00,A,MMAR1PC,DK,1977,76.1,,
ESTAT:DEMO_NIND(1.0),30/04/26 23:00:00,A,MMAR1PC,DK,1978,75.0,,
ESTAT:DEMO_NIND(1.0),30/04/26 23:00:00,A,MMAR1PC,DK,1979,74.0,,
ESTAT:DEMO_NIND(1.0),30/04/26 23:00:00,A,MMAR1PC,DK,1980,72.5,,
ESTAT:DEMO_NIND(1.0),30/04/26 23:00:00,A,MMAR1PC,DK,1981,71.7,,
ESTAT:DEMO_NIND(1.0),30/04/26 23:00:00,A,MMAR1PC,DK,1982,71.5,,
ESTAT:DEMO_NIND(1.0),30/04/26 23:00:00,A,MMAR1PC,DK,1983,71.0,,
ESTAT:DEMO_NIND(1.0),30/04/26 23:00:00,A,MMAR1PC,DK,1984,71.4,,
ESTAT:DEMO_NIND(1.0),30/04/26 23:00:00,A,MMAR1PC,DK,1985,71.6,,
ESTAT:DEMO_NIND(1.0),30/04/26 23:00:00,A,MMAR1PC,DK,1986,71.1,,
ESTAT:DEMO_NIND(1.0),30/04/26 23:00:00,A,MMAR1PC,DK,1987,71.5,,
ESTAT:DEMO_NIND(1.0),30/04/26 23:00:00,A,MMAR1PC,DK,1988,72.8,,
ESTAT:DEMO_NIND(1.0),30/04/26 23:00:00,A,MMAR1PC,DK,1989,72.4,,
ESTAT:DEMO_NIND(1.0),30/04/26 23:00:00,A,MMAR1PC,DK,1990,72.7,,
ESTAT:DEMO_NIND(1.0),30/04/26 23:00:00,A,MMAR1PC,DK,1991,72.6,,
ESTAT:DEMO_NIND(1.0),30/04/26 23:00:00,A,MMAR1PC,DK,1992,73.5,,
ESTAT:DEMO_NIND(1.0),30/04/26 23:00:00,A,MMAR1PC,DK,1993,73.0,,
ESTAT:DEMO_NIND(1.0),30/04/26 23:00:00,A,MMAR1PC,DK,1994,73.6,,
ESTAT:DEMO_NIND(1.0),30/04/26 23:00:00,A,MMAR1PC,DK,1995,73.3,,
ESTAT:DEMO_NIND(1.0),30/04/26 23:00:00,A,MMAR1PC,DK,1996,73.8,,
ESTAT:DEMO_NIND(1.0),30/04/26 23:00:00,A,MMAR1PC,DK,1997,73.2,,
ESTAT:DEMO_NIND(1.0),30/04/26 23:00:00,A,MMAR1PC,DK,1998,72.8,,
ESTAT:DEMO_NIND(1.0),30/04/26 23:00:00,A,MMAR1PC,DK,1999,72.9,,
ESTAT:DEMO_NIND(1.0),30/04/26 23:00:00,A,MMAR1PC,DK,2000,72.7,,
ESTAT:DEMO_NIND(1.0),30/04/26 23:00:00,A,MMAR1PC,DK,2001,72.9,,
ESTAT:DEMO_NIND(1.0),30/04/26 23:00:00,A,MMAR1PC,DK,2002,73.6,,
ESTAT:DEMO_NIND(1.0),30/04/26 23:00:00,A,MMAR1PC,DK,2003,74.3,,
ESTAT:DEMO_NIND(1.0),30/04/26 23:00:00,A,MMAR1PC,DK,2004,74.2,,
ESTAT:DEMO_NIND(1.0),30/04/26 23:00:00,A,MMAR1PC,DK,2005,73.7,,
ESTAT:DEMO_NIND(1.0),30/04/26 23:00:00,A,MMAR1PC,DK,2006,73.5,,
ESTAT:DEMO_NIND(1.0),30/04/26 23:00:00,A,MMAR1PC,DK,2007,74.8,,
ESTAT:DEMO_NIND(1.0),30/04/26 23:00:00,A,MMAR1PC,DK,2008,74.8,,
ESTAT:DEMO_NIND(1.0),30/04/26 23:00:00,A,MMAR1PC,DK,2009,74.8,,
ESTAT:DEMO_NIND(1.0),30/04/26 23:00:00,A,MMAR1PC,DK,2010,75.1,,
ESTAT:DEMO_NIND(1.0),30/04/26 23:00:00,A,MMAR1PC,DK,2011,73.7,,
ESTAT:DEMO_NIND(1.0),30/04/26 23:00:00,A,MMAR1PC,DK,2012,72.9,,
ESTAT:DEMO_NIND(1.0),30/04/26 23:00:00,A,MMAR1PC,DK,2013,73.9,,
ESTAT:DEMO_NIND(1.0),30/04/26 23:00:00,A,MMAR1PC,DK,2014,73.4,,
ESTAT:DEMO_NIND(1.0),30/04/26 23:00:00,A,MMAR1PC,DK,2015,73.9,,
ESTAT:DEMO_NIND(1.0),30/04/26 23:00:00,A,MMAR1PC,DK,2016,73.7,,
ESTAT:DEMO_NIND(1.0),30/04/26 23:00:00,A,MMAR1PC,DK,2017,74.6,,
ESTAT:DEMO_NIND(1.0),30/04/26 23:00:00,A,MMAR1PC,DK,2018,75.0,,
ESTAT:DEMO_NIND(1.0),30/04/26 23:00:00,A,MMAR1PC,DK,2019,75.9,,
ESTAT:DEMO_NIND(1.0),30/04/26 23:00:00,A,MMAR1PC,DK,2020,76.3,,
ESTAT:DEMO_NIND(1.0),30/04/26 23:00:00,A,MMAR1PC,DK,2021,76.8,,
ESTAT:DEMO_NIND(1.0),30/04/26 23:00:00,A,MMAR1PC,EE,1995,66.4,,
ESTAT:DEMO_NIND(1.0),30/04/26 23:00:00,A,MMAR1PC,EE,1996,67.4,,
ESTAT:DEMO_NIND(1.0),30/04/26 23:00:00,A,MMAR1PC,EE,1997,66.8,,
ESTAT:DEMO_NIND(1.0),30/04/26 23:00:00,A,MMAR1PC,EE,1998,66.7,,
ESTAT:DEMO_NIND(1.0),30/04/26 23:00:00,A,MMAR1PC,EE,1999,67.7,,
ESTAT:DEMO_NIND(1.0),30/04/26 23:00:00,A,MMAR1PC,EE,2007,70.7,,
ESTAT:DEMO_NIND(1.0),30/04/26 23:00:00,A,MMAR1PC,EE,2008,71.0,,
ESTAT:DEMO_NIND(1.0),30/04/26 23:00:00,A,MMAR1PC,EE,2009,71.1,,
ESTAT:DEMO_NIND(1.0),30/04/26 23:00:00,A,MMAR1PC,EE,2010,73.2,,
ESTAT:DEMO_NIND(1.0),30/04/26 23:00:00,A,MMAR1PC,EE,2011,73.0,,
ESTAT:DEMO_NIND(1.0),30/04/26 23:00:00,A,MMAR1PC,EE,2012,73.1,,
ESTAT:DEMO_NIND(1.0),30/04/26 23:00:00,A,MMAR1PC,EE,2013,73.0,,
ESTAT:DEMO_NIND(1.0),30/04/26 23:00:00,A,MMAR1PC,EE,2014,70.8,,
ESTAT:DEMO_NIND(1.0),30/04/26 23:00:00,A,MMAR1PC,EE,2015,69.0,,
ESTAT:DEMO_NIND(1.0),30/04/26 23:00:00,A,MMAR1PC,EE,2016,72.0,,
ESTAT:DEMO_NIND(1.0),30/04/26 23:00:00,A,MMAR1PC,EE,2017,71.2,,
ESTAT:DEMO_NIND(1.0),30/04/26 23:00:00,A,MMAR1PC,EE,2018,70.3,,
ESTAT:DEMO_NIND(1.0),30/04/26 23:00:00,A,MMAR1PC,EE,2019,70.3,,
ESTAT:DEMO_NIND(1.0),30/04/26 23:00:00,A,MMAR1PC,EE,2020,67.4,,
ESTAT:DEMO_NIND(1.0),30/04/26 23:00:00,A,MMAR1PC,EE,2021,65.2,,
ESTAT:DEMO_NIND(1.0),30/04/26 23:00:00,A,MMAR1PC,EE,2022,64.4,,
ESTAT:DEMO_NIND(1.0),30/04/26 23:00:00,A,MMAR1PC,EE,2023,66.3,,
ESTAT:DEMO_NIND(1.0),30/04/26 23:00:00,A,MMAR1PC,EE,2024,69.0,,
ESTAT:DEMO_NIND(1.0),30/04/26 23:00:00,A,MMAR1PC,EL,1960,94.3,,
ESTAT:DEMO_NIND(1.0),30/04/26 23:00:00,A,MMAR1PC,EL,1961,94.5,,
ESTAT:DEMO_NIND(1.0),30/04/26 23:00:00,A,MMAR1PC,EL,1962,94.5,,
ESTAT:DEMO_NIND(1.0),30/04/26 23:00:00,A,MMAR1PC,EL,1963,94.8,,
ESTAT:DEMO_NIND(1.0),30/04/26 23:00:00,A,MMAR1PC,EL,1964,93.7,,
ESTAT:DEMO_NIND(1.0),30/04/26 23:00:00,A,MMAR1PC,EL,1965,94.6,,
ESTAT:DEMO_NIND(1.0),30/04/26 23:00:00,A,MMAR1PC,EL,1966,94.2,,
ESTAT:DEMO_NIND(1.0),30/04/26 23:00:00,A,MMAR1PC,EL,1967,94.1,,
ESTAT:DEMO_NIND(1.0),30/04/26 23:00:00,A,MMAR1PC,EL,1968,93.6,,
ESTAT:DEMO_NIND(1.0),30/04/26 23:00:00,A,MMAR1PC,EL,1969,94.0,,
ESTAT:DEMO_NIND(1.0),30/04/26 23:00:00,A,MMAR1PC,EL,1970,93.6,,
ESTAT:DEMO_NIND(1.0),30/04/26 23:00:00,A,MMAR1PC,EL,1971,93.9,,
ESTAT:DEMO_NIND(1.0),30/04/26 23:00:00,A,MMAR1PC,EL,1972,93.2,,
ESTAT:DEMO_NIND(1.0),30/04/26 23:00:00,A,MMAR1PC,EL,1973,93.8,,
ESTAT:DEMO_NIND(1.0),30/04/26 23:00:00,A,MMAR1PC,EL,1974,93.4,,
ESTAT:DEMO_NIND(1.0),30/04/26 23:00:00,A,MMAR1PC,EL,1975,93.5,,
ESTAT:DEMO_NIND(1.0),30/04/26 23:00:00,A,MMAR1PC,EL,1976,92.9,,
ESTAT:DEMO_NIND(1.0),30/04/26 23:00:00,A,MMAR1PC,EL,1977,93.6,,
ESTAT:DEMO_NIND(1.0),30/04/26 23:00:00,A,MMAR1PC,EL,1978,93.3,,
ESTAT:DEMO_NIND(1.0),30/04/26 23:00:00,A,MMAR1PC,EL,1979,93.5,,
ESTAT:DEMO_NIND(1.0),30/04/26 23:00:00,A,MMAR1PC,EL,1980,92.5,,
ESTAT:DEMO_NIND(1.0),30/04/26 23:00:00,A,MMAR1PC,EL,1981,92.3,,
ESTAT:DEMO_NIND(1.0),30/04/26 23:00:00,A,MMAR1PC,EL,1982,91.5,,
ESTAT:DEMO_NIND(1.0),30/04/26 23:00:00,A,MMAR1PC,EL,1983,91.4,,
ESTAT:DEMO_NIND(1.0),30/04/26 23:00:00,A,MMAR1PC,EL,1984,90.0,,
ESTAT:DEMO_NIND(1.0),30/04/26 23:00:00,A,MMAR1PC,EL,1985,90.1,,
ESTAT:DEMO_NIND(1.0),30/04/26 23:00:00,A,MMAR1PC,EL,1986,89.6,,
ESTAT:DEMO_NIND(1.0),30/04/26 23:00:00,A,MMAR1PC,EL,1987,89.6,,
ESTAT:DEMO_NIND(1.0),30/04/26 23:00:00,A,MMAR1PC,EL,1988,88.4,,
ESTAT:DEMO_NIND(1.0),30/04/26 23:00:00,A,MMAR1PC,EL,1989,89.5,,
ESTAT:DEMO_NIND(1.0),30/04/26 23:00:00,A,MMAR1PC,EL,1990,89.3,,
ESTAT:DEMO_NIND(1.0),30/04/26 23:00:00,A,MMAR1PC,EL,1991,89.7,,
ESTAT:DEMO_NIND(1.0),30/04/26 23:00:00,A,MMAR1PC,EL,1992,88.8,,
ESTAT:DEMO_NIND(1.0),30/04/26 23:00:00,A,MMAR1PC,EL,1993,89.9,,
ESTAT:DEMO_NIND(1.0),30/04/26 23:00:00,A,MMAR1PC,EL,1994,90.0,,
ESTAT:DEMO_NIND(1.0),30/04/26 23:00:00,A,MMAR1PC,EL,1995,89.7,,
ESTAT:DEMO_NIND(1.0),30/04/26 23:00:00,A,MMAR1PC,EL,1996,88.1,,
ESTAT:DEMO_NIND(1.0),30/04/26 23:00:00,A,MMAR1PC,EL,1997,89.0,,
ESTAT:DEMO_NIND(1.0),30/04/26 23:00:00,A,MMAR1PC,EL,1998,88.5,,
ESTAT:DEMO_NIND(1.0),30/04/26 23:00:00,A,MMAR1PC,EL,1999,88.8,,
ESTAT:DEMO_NIND(1.0),30/04/26 23:00:00,A,MMAR1PC,EL,2000,87.5,,
ESTAT:DEMO_NIND(1.0),30/04/26 23:00:00,A,MMAR1PC,EL,2001,88.0,,
ESTAT:DEMO_NIND(1.0),30/04/26 23:00:00,A,MMAR1PC,EL,2002,87.7,,
ESTAT:DEMO_NIND(1.0),30/04/26 23:00:00,A,MMAR1PC,EL,2003,87.7,,
ESTAT:DEMO_NIND(1.0),30/04/26 23:00:00,A,MMAR1PC,EL,2004,87.5,,
ESTAT:DEMO_NIND(1.0),30/04/26 23:00:00,A,MMAR1PC,EL,2005,87.8,,
ESTAT:DEMO_NIND(1.0),30/04/26 23:00:00,A,MMAR1PC,EL,2006,87.0,,
ESTAT:DEMO_NIND(1.0),30/04/26 23:00:00,A,MMAR1PC,EL,2007,87.4,,
ESTAT:DEMO_NIND(1.0),30/04/26 23:00:00,A,MMAR1PC,EL,2008,87.4,,
ESTAT:DEMO_NIND(1.0),30/04/26 23:00:00,A,MMAR1PC,EL,2009,87.8,,
ESTAT:DEMO_NIND(1.0),30/04/26 23:00:00,A,MMAR1PC,EL,2010,87.5,,
ESTAT:DEMO_NIND(1.0),30/04/26 23:00:00,A,MMAR1PC,EL,2011,88.2,,
ESTAT:DEMO_NIND(1.0),30/04/26 23:00:00,A,MMAR1PC,EL,2012,88.1,,
ESTAT:DEMO_NIND(1.0),30/04/26 23:00:00,A,MMAR1PC,EL,2013,87.4,,
ESTAT:DEMO_NIND(1.0),30/04/26 23:00:00,A,MMAR1PC,EL,2014,87.3,,
ESTAT:DEMO_NIND(1.0),30/04/26 23:00:00,A,MMAR1PC,EL,2015,86.9,,
ESTAT:DEMO_NIND(1.0),30/04/26 23:00:00,A,MMAR1PC,EL,2016,87.3,,
ESTAT:DEMO_NIND(1.0),30/04/26 23:00:00,A,MMAR1PC,EL,2017,87.4,,
ESTAT:DEMO_NIND(1.0),30/04/26 23:00:00,A,MMAR1PC,EL,2018,86.6,,
ESTAT:DEMO_NIND(1.0),30/04/26 23:00:00,A,MMAR1PC,EL,2019,85.6,,
ESTAT:DEMO_NIND(1.0),30/04/26 23:00:00,A,MMAR1PC,EL,2023,80.1,,
ESTAT:DEMO_NIND(1.0),30/04/26 23:00:00,A,MMAR1PC,EL,2024,79.4,,
ESTAT:DEMO_NIND(1.0),30/04/26 23:00:00,A,MMAR1PC,ES,1960,97.4,,
ESTAT:DEMO_NIND(1.0),30/04/26 23:00:00,A,MMAR1PC,ES,1961,97.5,,
ESTAT:DEMO_NIND(1.0),30/04/26 23:00:00,A,MMAR1PC,ES,1962,97.6,,
ESTAT:DEMO_NIND(1.0),30/04/26 23:00:00,A,MMAR1PC,ES,1963,97.6,,
ESTAT:DEMO_NIND(1.0),30/04/26 23:00:00,A,MMAR1PC,ES,1964,97.7,,
ESTAT:DEMO_NIND(1.0),30/04/26 23:00:00,A,MMAR1PC,ES,1965,97.6,,
ESTAT:DEMO_NIND(1.0),30/04/26 23:00:00,A,MMAR1PC,ES,1966,97.7,,
ESTAT:DEMO_NIND(1.0),30/04/26 23:00:00,A,MMAR1PC,ES,1967,97.7,,
ESTAT:DEMO_NIND(1.0),30/04/26 23:00:00,A,MMAR1PC,ES,1968,97.7,,
ESTAT:DEMO_NIND(1.0),30/04/26 23:00:00,A,MMAR1PC,ES,1969,97.9,,
ESTAT:DEMO_NIND(1.0),30/04/26 23:00:00,A,MMAR1PC,ES,1970,97.9,,
ESTAT:DEMO_NIND(1.0),30/04/26 23:00:00,A,MMAR1PC,ES,1971,98.0,,
ESTAT:DEMO_NIND(1.0),30/04/26 23:00:00,A,MMAR1PC,ES,1972,98.1,,
ESTAT:DEMO_NIND(1.0),30/04/26 23:00:00,A,MMAR1PC,ES,1973,97.9,,
ESTAT:DEMO_NIND(1.0),30/04/26 23:00:00,A,MMAR1PC,ES,1974,98.0,,
ESTAT:DEMO_NIND(1.0),30/04/26 23:00:00,A,MMAR1PC,ES,1975,98.5,,
ESTAT:DEMO_NIND(1.0),30/04/26 23:00:00,A,MMAR1PC,ES,1976,98.4,,
ESTAT:DEMO_NIND(1.0),30/04/26 23:00:00,A,MMAR1PC,ES,1977,98.4,,
ESTAT:DEMO_NIND(1.0),30/04/26 23:00:00,A,MMAR1PC,ES,1978,98.6,,
ESTAT:DEMO_NIND(1.0),30/04/26 23:00:00,A,MMAR1PC,ES,1979,99.1,,
ESTAT:DEMO_NIND(1.0),30/04/26 23:00:00,A,MMAR1PC,ES,1980,98.5,,
ESTAT:DEMO_NIND(1.0),30/04/26 23:00:00,A,MMAR1PC,ES,1981,98.7,,
ESTAT:DEMO_NIND(1.0),30/04/26 23:00:00,A,MMAR1PC,ES,1982,97.1,,
ESTAT:DEMO_NIND(1.0),30/04/26 23:00:00,A,MMAR1PC,ES,1983,96.0,,
ESTAT:DEMO_NIND(1.0),30/04/26 23:00:00,A,MMAR1PC,ES,1984,95.7,,
ESTAT:DEMO_NIND(1.0),30/04/26 23:00:00,A,MMAR1PC,ES,1985,95.6,,
ESTAT:DEMO_NIND(1.0),30/04/26 23:00:00,A,MMAR1PC,ES,1986,95.8,,
ESTAT:DEMO_NIND(1.0),30/04/26 23:00:00,A,MMAR1PC,ES,1987,95.6,,
ESTAT:DEMO_NIND(1.0),30/04/26 23:00:00,A,MMAR1PC,ES,1988,95.3,,
ESTAT:DEMO_NIND(1.0),30/04/26 23:00:00,A,MMAR1PC,ES,1989,95.3,,
ESTAT:DEMO_NIND(1.0),30/04/26 23:00:00,A,MMAR1PC,ES,1990,95.1,,
ESTAT:DEMO_NIND(1.0),30/04/26 23:00:00,A,MMAR1PC,ES,1991,94.5,,
ESTAT:DEMO_NIND(1.0),30/04/26 23:00:00,A,MMAR1PC,ES,1992,94.2,,
ESTAT:DEMO_NIND(1.0),30/04/26 23:00:00,A,MMAR1PC,ES,1993,93.8,,
ESTAT:DEMO_NIND(1.0),30/04/26 23:00:00,A,MMAR1PC,ES,1994,93.5,,
ESTAT:DEMO_NIND(1.0),30/04/26 23:00:00,A,MMAR1PC,ES,1995,93.5,,
ESTAT:DEMO_NIND(1.0),30/04/26 23:00:00,A,MMAR1PC,ES,1996,93.4,,
ESTAT:DEMO_NIND(1.0),30/04/26 23:00:00,A,MMAR1PC,ES,1997,93.3,,
ESTAT:DEMO_NIND(1.0),30/04/26 23:00:00,A,MMAR1PC,ES,1998,93.3,,
ESTAT:DEMO_NIND(1.0),30/04/26 23:00:00,A,MMAR1PC,ES,1999,93.4,,
ESTAT:DEMO_NIND(1.0),30/04/26 23:00:00,A,MMAR1PC,ES,2000,93.4,,
ESTAT:DEMO_NIND(1.0),30/04/26 23:00:00,A,MMAR1PC,ES,2001,92.9,,
ESTAT:DEMO_NIND(1.0),30/04/26 23:00:00,A,MMAR1PC,ES,2002,92.5,,
ESTAT:DEMO_NIND(1.0),30/04/26 23:00:00,A,MMAR1PC,ES,2003,91.9,,
ESTAT:DEMO_NIND(1.0),30/04/26 23:00:00,A,MMAR1PC,ES,2004,91.0,,
ESTAT:DEMO_NIND(1.0),30/04/26 23:00:00,A,MMAR1PC,ES,2005,90.6,,
ESTAT:DEMO_NIND(1.0),30/04/26 23:00:00,A,MMAR1PC,ES,2006,89.3,,
ESTAT:DEMO_NIND(1.0),30/04/26 23:00:00,A,MMAR1PC,ES,2007,88.4,,
ESTAT:DEMO_NIND(1.0),30/04/26 23:00:00,A,MMAR1PC,ES,2008,87.6,,
ESTAT:DEMO_NIND(1.0),30/04/26 23:00:00,A,MMAR1PC,ES,2009,86.1,,
ESTAT:DEMO_NIND(1.0),30/04/26 23:00:00,A,MMAR1PC,ES,2010,85.1,,
ESTAT:DEMO_NIND(1.0),30/04/26 23:00:00,A,MMAR1PC,ES,2011,84.7,,
ESTAT:DEMO_NIND(1.0),30/04/26 23:00:00,A,MMAR1PC,ES,2012,84.7,,
ESTAT:DEMO_NIND(1.0),30/04/26 23:00:00,A,MMAR1PC,ES,2013,83.5,,
ESTAT:DEMO_NIND(1.0),30/04/26 23:00:00,A,MMAR1PC,ES,2014,83.6,,
ESTAT:DEMO_NIND(1.0),30/04/26 23:00:00,A,MMAR1PC,ES,2015,83.1,,
ESTAT:DEMO_NIND(1.0),30/04/26 23:00:00,A,MMAR1PC,ES,2016,82.3,,
ESTAT:DEMO_NIND(1.0),30/04/26 23:00:00,A,MMAR1PC,ES,2017,81.7,,
ESTAT:DEMO_NIND(1.0),30/04/26 23:00:00,A,MMAR1PC,ES,2018,81.0,,
ESTAT:DEMO_NIND(1.0),30/04/26 23:00:00,A,MMAR1PC,ES,2019,79.8,,
ESTAT:DEMO_NIND(1.0),30/04/26 23:00:00,A,MMAR1PC,ES,2020,75.8,,
ESTAT:DEMO_NIND(1.0),30/04/26 23:00:00,A,MMAR1PC,ES,2021,79.7,,
ESTAT:DEMO_NIND(1.0),30/04/26 23:00:00,A,MMAR1PC,ES,2023,80.6,,
ESTAT:DEMO_NIND(1.0),30/04/26 23:00:00,A,MMAR1PC,ES,2024,80.5,,
ESTAT:DEMO_NIND(1.0),30/04/26 23:00:00,A,MMAR1PC,FI,1960,89.7,,
ESTAT:DEMO_NIND(1.0),30/04/26 23:00:00,A,MMAR1PC,FI,1961,90.1,,
ESTAT:DEMO_NIND(1.0),30/04/26 23:00:00,A,MMAR1PC,FI,1962,90.0,,
ESTAT:DEMO_NIND(1.0),30/04/26 23:00:00,A,MMAR1PC,FI,1963,90.1,,
ESTAT:DEMO_NIND(1.0),30/04/26 23:00:00,A,MMAR1PC,FI,1964,90.1,,
ESTAT:DEMO_NIND(1.0),30/04/26 23:00:00,A,MMAR1PC,FI,1965,90.4,,
ESTAT:DEMO_NIND(1.0),30/04/26 23:00:00,A,MMAR1PC,FI,1966,90.7,,
ESTAT:DEMO_NIND(1.0),30/04/26 23:00:00,A,MMAR1PC,FI,1967,91.3,,
ESTAT:DEMO_NIND(1.0),30/04/26 23:00:00,A,MMAR1PC,FI,1968,91.1,,
ESTAT:DEMO_NIND(1.0),30/04/26 23:00:00,A,MMAR1PC,FI,1969,91.3,,
ESTAT:DEMO_NIND(1.0),30/04/26 23:00:00,A,MMAR1PC,FI,1970,91.4,,
ESTAT:DEMO_NIND(1.0),30/04/26 23:00:00,A,MMAR1PC,FI,1971,90.9,,
ESTAT:DEMO_NIND(1.0),30/04/26 23:00:00,A,MMAR1PC,FI,1972,90.4,,
ESTAT:DEMO_NIND(1.0),30/04/26 23:00:00,A,MMAR1PC,FI,1973,90.0,,
ESTAT:DEMO_NIND(1.0),30/04/26 23:00:00,A,MMAR1PC,FI,1974,89.3,,
ESTAT:DEMO_NIND(1.0),30/04/26 23:00:00,A,MMAR1PC,FI,1975,89.4,,
ESTAT:DEMO_NIND(1.0),30/04/26 23:00:00,A,MMAR1PC,FI,1976,87.4,,
ESTAT:DEMO_NIND(1.0),30/04/26 23:00:00,A,MMAR1PC,FI,1977,87.1,,
ESTAT:DEMO_NIND(1.0),30/04/26 23:00:00,A,MMAR1PC,FI,1978,86.6,,
ESTAT:DEMO_NIND(1.0),30/04/26 23:00:00,A,MMAR1PC,FI,1979,85.4,,
ESTAT:DEMO_NIND(1.0),30/04/26 23:00:00,A,MMAR1PC,FI,1980,85.8,,
ESTAT:DEMO_NIND(1.0),30/04/26 23:00:00,A,MMAR1PC,FI,1981,85.0,,
ESTAT:DEMO_NIND(1.0),30/04/26 23:00:00,A,MMAR1PC,FI,1982,85.4,,
ESTAT:DEMO_NIND(1.0),30/04/26 23:00:00,A,MMAR1PC,FI,1983,84.2,,
ESTAT:DEMO_NIND(1.0),30/04/26 23:00:00,A,MMAR1PC,FI,1984,84.2,,
ESTAT:DEMO_NIND(1.0),30/04/26 23:00:00,A,MMAR1PC,FI,1985,84.3,,
ESTAT:DEMO_NIND(1.0),30/04/26 23:00:00,A,MMAR1PC,FI,1986,83.5,,
ESTAT:DEMO_NIND(1.0),30/04/26 23:00:00,A,MMAR1PC,FI,1987,84.1,,
ESTAT:DEMO_NIND(1.0),30/04/26 23:00:00,A,MMAR1PC,FI,1988,84.0,,
ESTAT:DEMO_NIND(1.0),30/04/26 23:00:00,A,MMAR1PC,FI,1989,82.7,,
ESTAT:DEMO_NIND(1.0),30/04/26 23:00:00,A,MMAR1PC,FI,1990,82.3,,
ESTAT:DEMO_NIND(1.0),30/04/26 23:00:00,A,MMAR1PC,FI,1991,81.6,,
ESTAT:DEMO_NIND(1.0),30/04/26 23:00:00,A,MMAR1PC,FI,1992,81.9,,
ESTAT:DEMO_NIND(1.0),30/04/26 23:00:00,A,MMAR1PC,FI,1993,82.8,,
ESTAT:DEMO_NIND(1.0),30/04/26 23:00:00,A,MMAR1PC,FI,1994,82.2,,
ESTAT:DEMO_NIND(1.0),30/04/26 23:00:00,A,MMAR1PC,FI,1995,81.1,,
ESTAT:DEMO_NIND(1.0),30/04/26 23:00:00,A,MMAR1PC,FI,1997,80.1,,
ESTAT:DEMO_NIND(1.0),30/04/26 23:00:00,A,MMAR1PC,FI,1998,79.2,,
ESTAT:DEMO_NIND(1.0),30/04/26 23:00:00,A,MMAR1PC,FI,1999,79.3,,
ESTAT:DEMO_NIND(1.0),30/04/26 23:00:00,A,MMAR1PC,FI,2000,78.3,,
ESTAT:DEMO_NIND(1.0),30/04/26 23:00:00,A,MMAR1PC,FI,2001,74.0,,
ESTAT:DEMO_NIND(1.0),30/04/26 23:00:00,A,MMAR1PC,FI,2002,74.8,,
ESTAT:DEMO_NIND(1.0),30/04/26 23:00:00,A,MMAR1PC,FI,2003,75.3,,
ESTAT:DEMO_NIND(1.0),30/04/26 23:00:00,A,MMAR1PC,FI,2004,74.4,,
ESTAT:DEMO_NIND(1.0),30/04/26 23:00:00,A,MMAR1PC,FI,2005,74.2,,
ESTAT:DEMO_NIND(1.0),30/04/26 23:00:00,A,MMAR1PC,FI,2006,74.3,,
ESTAT:DEMO_NIND(1.0),30/04/26 23:00:00,A,MMAR1PC,FI,2007,74.1,,
ESTAT:DEMO_NIND(1.0),30/04/26 23:00:00,A,MMAR1PC,FI,2008,74.3,,
ESTAT:DEMO_NIND(1.0),30/04/26 23:00:00,A,MMAR1PC,FI,2009,73.6,,
ESTAT:DEMO_NIND(1.0),30/04/26 23:00:00,A,MMAR1PC,FI,2010,74.1,,
ESTAT:DEMO_NIND(1.0),30/04/26 23:00:00,A,MMAR1PC,FI,2011,73.2,,
ESTAT:DEMO_NIND(1.0),30/04/26 23:00:00,A,MMAR1PC,FI,2012,72.7,,
ESTAT:DEMO_NIND(1.0),30/04/26 23:00:00,A,MMAR1PC,FI,2013,72.4,,
ESTAT:DEMO_NIND(1.0),30/04/26 23:00:00,A,MMAR1PC,FI,2014,72.7,,
ESTAT:DEMO_NIND(1.0),30/04/26 23:00:00,A,MMAR1PC,FI,2015,71.1,,
ESTAT:DEMO_NIND(1.0),30/04/26 23:00:00,A,MMAR1PC,FI,2016,70.6,,
ESTAT:DEMO_NIND(1.0),30/04/26 23:00:00,A,MMAR1PC,FI,2017,68.0,,
ESTAT:DEMO_NIND(1.0),30/04/26 23:00:00,A,MMAR1PC,FI,2018,72.0,,
ESTAT:DEMO_NIND(1.0),30/04/26 23:00:00,A,MMAR1PC,FI,2019,69.6,,
ESTAT:DEMO_NIND(1.0),30/04/26 23:00:00,A,MMAR1PC,FI,2020,69.4,,
ESTAT:DEMO_NIND(1.0),30/04/26 23:00:00,A,MMAR1PC,FI,2021,72.9,,
ESTAT:DEMO_NIND(1.0),30/04/26 23:00:00,A,MMAR1PC,FI,2022,72.0,,
ESTAT:DEMO_NIND(1.0),30/04/26 23:00:00,A,MMAR1PC,FI,2023,72.1,,
ESTAT:DEMO_NIND(1.0),30/04/26 23:00:00,A,MMAR1PC,FI,2024,73.0,,
ESTAT:DEMO_NIND(1.0),30/04/26 23:00:00,A,MMAR1PC,FR,1994,82.3,,
ESTAT:DEMO_NIND(1.0),30/04/26 23:00:00,A,MMAR1PC,FR,1996,81.4,,
ESTAT:DEMO_NIND(1.0),30/04/26 23:00:00,A,MMAR1PC,FR,1997,81.4,,
ESTAT:DEMO_NIND(1.0),30/04/26 23:00:00,A,MMAR1PC,FR,1998,81.8,,
ESTAT:DEMO_NIND(1.0),30/04/26 23:00:00,A,MMAR1PC,FR,1999,82.0,,
ESTAT:DEMO_NIND(1.0),30/04/26 23:00:00,A,MMAR1PC,FR,2000,81.5,,
ESTAT:DEMO_NIND(1.0),30/04/26 23:00:00,A,MMAR1PC,FR,2001,82.3,,
ESTAT:DEMO_NIND(1.0),30/04/26 23:00:00,A,MMAR1PC,FR,2002,81.8,,
ESTAT:DEMO_NIND(1.0),30/04/26 23:00:00,A,MMAR1PC,FR,2003,81.4,,
ESTAT:DEMO_NIND(1.0),30/04/26 23:00:00,A,MMAR1PC,FR,2004,80.7,,
ESTAT:DEMO_NIND(1.0),30/04/26 23:00:00,A,MMAR1PC,FR,2005,79.7,,
ESTAT:DEMO_NIND(1.0),30/04/26 23:00:00,A,MMAR1PC,FR,2006,79.5,,
ESTAT:DEMO_NIND(1.0),30/04/26 23:00:00,A,MMAR1PC,FR,2007,79.3,,
ESTAT:DEMO_NIND(1.0),30/04/26 23:00:00,A,MMAR1PC,FR,2008,79.2,,
ESTAT:DEMO_NIND(1.0),30/04/26 23:00:00,A,MMAR1PC,FR,2009,79.3,,
ESTAT:DEMO_NIND(1.0),30/04/26 23:00:00,A,MMAR1PC,FR,2010,79.4,,
ESTAT:DEMO_NIND(1.0),30/04/26 23:00:00,A,MMAR1PC,FR,2011,79.4,,
ESTAT:DEMO_NIND(1.0),30/04/26 23:00:00,A,MMAR1PC,FR,2013,79.8,,
ESTAT:DEMO_NIND(1.0),30/04/26 23:00:00,A,MMAR1PC,FR,2014,79.9,,
ESTAT:DEMO_NIND(1.0),30/04/26 23:00:00,A,MMAR1PC,FR,2015,80.0,,
ESTAT:DEMO_NIND(1.0),30/04/26 23:00:00,A,MMAR1PC,FR,2016,80.2,,
ESTAT:DEMO_NIND(1.0),30/04/26 23:00:00,A,MMAR1PC,FR,2017,80.1,,
ESTAT:DEMO_NIND(1.0),30/04/26 23:00:00,A,MMAR1PC,FR,2018,80.3,,
ESTAT:DEMO_NIND(1.0),30/04/26 23:00:00,A,MMAR1PC,FR,2021,81.7,,
ESTAT:DEMO_NIND(1.0),30/04/26 23:00:00,A,MMAR1PC,FR,2022,81.1,,
ESTAT:DEMO_NIND(1.0),30/04/26 23:00:00,A,MMAR1PC,FX,1960,89.9,,
ESTAT:DEMO_NIND(1.0),30/04/26 23:00:00,A,MMAR1PC,FX,1961,90.0,,
ESTAT:DEMO_NIND(1.0),30/04/26 23:00:00,A,MMAR1PC,FX,1962,90.2,,
ESTAT:DEMO_NIND(1.0),30/04/26 23:00:00,A,MMAR1PC,FX,1963,91.0,,
ESTAT:DEMO_NIND(1.0),30/04/26 23:00:00,A,MMAR1PC,FX,1964,90.9,,
ESTAT:DEMO_NIND(1.0),30/04/26 23:00:00,A,MMAR1PC,FX,1965,91.1,,
ESTAT:DEMO_NIND(1.0),30/04/26 23:00:00,A,MMAR1PC,FX,1966,91.3,,
ESTAT:DEMO_NIND(1.0),30/04/26 23:00:00,A,MMAR1PC,FX,1967,91.3,,
ESTAT:DEMO_NIND(1.0),30/04/26 23:00:00,A,MMAR1PC,FX,1968,92.0,,
ESTAT:DEMO_NIND(1.0),30/04/26 23:00:00,A,MMAR1PC,FX,1969,92.0,,
ESTAT:DEMO_NIND(1.0),30/04/26 23:00:00,A,MMAR1PC,FX,1970,92.1,,
ESTAT:DEMO_NIND(1.0),30/04/26 23:00:00,A,MMAR1PC,FX,1971,92.0,,
ESTAT:DEMO_NIND(1.0),30/04/26 23:00:00,A,MMAR1PC,FX,1972,91.8,,
ESTAT:DEMO_NIND(1.0),30/04/26 23:00:00,A,MMAR1PC,FX,1973,91.6,,
ESTAT:DEMO_NIND(1.0),30/04/26 23:00:00,A,MMAR1PC,FX,1974,91.3,,
ESTAT:DEMO_NIND(1.0),30/04/26 23:00:00,A,MMAR1PC,FX,1975,90.4,,
ESTAT:DEMO_NIND(1.0),30/04/26 23:00:00,A,MMAR1PC,FX,1976,90.0,,
ESTAT:DEMO_NIND(1.0),30/04/26 23:00:00,A,MMAR1PC,FX,1977,88.9,,
ESTAT:DEMO_NIND(1.0),30/04/26 23:00:00,A,MMAR1PC,FX,1978,88.3,,
ESTAT:DEMO_NIND(1.0),30/04/26 23:00:00,A,MMAR1PC,FX,1979,87.8,,
ESTAT:DEMO_NIND(1.0),30/04/26 23:00:00,A,MMAR1PC,FX,1980,87.5,,
ESTAT:DEMO_NIND(1.0),30/04/26 23:00:00,A,MMAR1PC,FX,1981,86.8,,
ESTAT:DEMO_NIND(1.0),30/04/26 23:00:00,A,MMAR1PC,FX,1982,86.5,,
ESTAT:DEMO_NIND(1.0),30/04/26 23:00:00,A,MMAR1PC,FX,1983,86.0,,
ESTAT:DEMO_NIND(1.0),30/04/26 23:00:00,A,MMAR1PC,FX,1984,85.3,,
ESTAT:DEMO_NIND(1.0),30/04/26 23:00:00,A,MMAR1PC,FX,1985,84.3,,
ESTAT:DEMO_NIND(1.0),30/04/26 23:00:00,A,MMAR1PC,FX,1986,83.9,,
ESTAT:DEMO_NIND(1.0),30/04/26 23:00:00,A,MMAR1PC,FX,1987,82.9,,
ESTAT:DEMO_NIND(1.0),30/04/26 23:00:00,A,MMAR1PC,FX,1988,83.1,,
ESTAT:DEMO_NIND(1.0),30/04/26 23:00:00,A,MMAR1PC,FX,1989,83.0,,
ESTAT:DEMO_NIND(1.0),30/04/26 23:00:00,A,MMAR1PC,FX,1990,83.2,,
ESTAT:DEMO_NIND(1.0),30/04/26 23:00:00,A,MMAR1PC,FX,1991,83.3,,
ESTAT:DEMO_NIND(1.0),30/04/26 23:00:00,A,MMAR1PC,FX,1992,83.0,,
ESTAT:DEMO_NIND(1.0),30/04/26 23:00:00,A,MMAR1PC,FX,1993,82.6,,
ESTAT:DEMO_NIND(1.0),30/04/26 23:00:00,A,MMAR1PC,FX,1994,82.2,,
ESTAT:DEMO_NIND(1.0),30/04/26 23:00:00,A,MMAR1PC,FX,1995,81.9,,
ESTAT:DEMO_NIND(1.0),30/04/26 23:00:00,A,MMAR1PC,FX,1996,81.3,,
ESTAT:DEMO_NIND(1.0),30/04/26 23:00:00,A,MMAR1PC,FX,1997,81.3,,
ESTAT:DEMO_NIND(1.0),30/04/26 23:00:00,A,MMAR1PC,FX,1998,81.7,,
ESTAT:DEMO_NIND(1.0),30/04/26 23:00:00,A,MMAR1PC,FX,1999,81.9,,
ESTAT:DEMO_NIND(1.0),30/04/26 23:00:00,A,MMAR1PC,FX,2000,81.4,,
ESTAT:DEMO_NIND(1.0),30/04/26 23:00:00,A,MMAR1PC,FX,2001,82.3,,
ESTAT:DEMO_NIND(1.0),30/04/26 23:00:00,A,MMAR1PC,FX,2002,81.8,,
ESTAT:DEMO_NIND(1.0),30/04/26 23:00:00,A,MMAR1PC,FX,2003,81.4,,
ESTAT:DEMO_NIND(1.0),30/04/26 23:00:00,A,MMAR1PC,FX,2004,80.6,,
ESTAT:DEMO_NIND(1.0),30/04/26 23:00:00,A,MMAR1PC,FX,2005,79.7,,
ESTAT:DEMO_NIND(1.0),30/04/26 23:00:00,A,MMAR1PC,FX,2006,79.4,,
ESTAT:DEMO_NIND(1.0),30/04/26 23:00:00,A,MMAR1PC,FX,2007,79.3,,
ESTAT:DEMO_NIND(1.0),30/04/26 23:00:00,A,MMAR1PC,FX,2008,79.2,,
ESTAT:DEMO_NIND(1.0),30/04/26 23:00:00,A,MMAR1PC,FX,2009,79.2,,
ESTAT:DEMO_NIND(1.0),30/04/26 23:00:00,A,MMAR1PC,FX,2010,79.4,,
ESTAT:DEMO_NIND(1.0),30/04/26 23:00:00,A,MMAR1PC,FX,2011,79.4,,
ESTAT:DEMO_NIND(1.0),30/04/26 23:00:00,A,MMAR1PC,GE,2006,98.5,,
ESTAT:DEMO_NIND(1.0),30/04/26 23:00:00,A,MMAR1PC,GE,2007,98.4,,
ESTAT:DEMO_NIND(1.0),30/04/26 23:00:00,A,MMAR1PC,GE,2008,97.3,,
ESTAT:DEMO_NIND(1.0),30/04/26 23:00:00,A,MMAR1PC,GE,2009,96.5,,
ESTAT:DEMO_NIND(1.0),30/04/26 23:00:00,A,MMAR1PC,GE,2010,95.6,,
ESTAT:DEMO_NIND(1.0),30/04/26 23:00:00,A,MMAR1PC,GE,2011,94.1,,
ESTAT:DEMO_NIND(1.0),30/04/26 23:00:00,A,MMAR1PC,GE,2013,92.4,,
ESTAT:DEMO_NIND(1.0),30/04/26 23:00:00,A,MMAR1PC,GE,2014,89.4,,
ESTAT:DEMO_NIND(1.0),30/04/26 23:00:00,A,MMAR1PC,GE,2015,88.3,,
ESTAT:DEMO_NIND(1.0),30/04/26 23:00:00,A,MMAR1PC,GE,2016,88.0,,
ESTAT:DEMO_NIND(1.0),30/04/26 23:00:00,A,MMAR1PC,GE,2017,87.2,,
ESTAT:DEMO_NIND(1.0),30/04/26 23:00:00,A,MMAR1PC,GE,2018,85.4,,
ESTAT:DEMO_NIND(1.0),30/04/26 23:00:00,A,MMAR1PC,GE,2019,82.5,,
ESTAT:DEMO_NIND(1.0),30/04/26 23:00:00,A,MMAR1PC,GE,2020,84.5,,
ESTAT:DEMO_NIND(1.0),30/04/26 23:00:00,A,MMAR1PC,GE,2022,79.6,,
ESTAT:DEMO_NIND(1.0),30/04/26 23:00:00,A,MMAR1PC,GE,2023,78.4,,
ESTAT:DEMO_NIND(1.0),30/04/26 23:00:00,A,MMAR1PC,GE,2024,78.0,,
ESTAT:DEMO_NIND(1.0),30/04/26 23:00:00,A,MMAR1PC,HR,1996,90.7,,
ESTAT:DEMO_NIND(1.0),30/04/26 23:00:00,A,MMAR1PC,HR,1997,90.9,,
ESTAT:DEMO_NIND(1.0),30/04/26 23:00:00,A,MMAR1PC,HR,1998,91.3,,
ESTAT:DEMO_NIND(1.0),30/04/26 23:00:00,A,MMAR1PC,HR,1999,91.4,,
ESTAT:DEMO_NIND(1.0),30/04/26 23:00:00,A,MMAR1PC,HR,2000,90.7,,
ESTAT:DEMO_NIND(1.0),30/04/26 23:00:00,A,MMAR1PC,HR,2001,90.2,,
ESTAT:DEMO_NIND(1.0),30/04/26 23:00:00,A,MMAR1PC,HR,2002,90.7,,
ESTAT:DEMO_NIND(1.0),30/04/26 23:00:00,A,MMAR1PC,HR,2003,90.7,,
ESTAT:DEMO_NIND(1.0),30/04/26 23:00:00,A,MMAR1PC,HR,2004,90.6,,
ESTAT:DEMO_NIND(1.0),30/04/26 23:00:00,A,MMAR1PC,HR,2005,91.2,,
ESTAT:DEMO_NIND(1.0),30/04/26 23:00:00,A,MMAR1PC,HR,2006,90.7,,
ESTAT:DEMO_NIND(1.0),30/04/26 23:00:00,A,MMAR1PC,HR,2007,90.6,,
ESTAT:DEMO_NIND(1.0),30/04/26 23:00:00,A,MMAR1PC,HR,2008,91.1,,
ESTAT:DEMO_NIND(1.0),30/04/26 23:00:00,A,MMAR1PC,HR,2009,91.4,,
ESTAT:DEMO_NIND(1.0),30/04/26 23:00:00,A,MMAR1PC,HR,2010,91.2,,
ESTAT:DEMO_NIND(1.0),30/04/26 23:00:00,A,MMAR1PC,HR,2011,91.1,,
ESTAT:DEMO_NIND(1.0),30/04/26 23:00:00,A,MMAR1PC,HR,2012,90.8,,
ESTAT:DEMO_NIND(1.0),30/04/26 23:00:00,A,MMAR1PC,HR,2013,89.7,,
ESTAT:DEMO_NIND(1.0),30/04/26 23:00:00,A,MMAR1PC,HR,2014,89.0,,
ESTAT:DEMO_NIND(1.0),30/04/26 23:00:00,A,MMAR1PC,HR,2015,88.4,,
ESTAT:DEMO_NIND(1.0),30/04/26 23:00:00,A,MMAR1PC,HR,2016,88.2,,
ESTAT:DEMO_NIND(1.0),30/04/26 23:00:00,A,MMAR1PC,HR,2017,88.2,,
ESTAT:DEMO_NIND(1.0),30/04/26 23:00:00,A,MMAR1PC,HR,2018,87.6,,
ESTAT:DEMO_NIND(1.0),30/04/26 23:00:00,A,MMAR1PC,HR,2019,87.5,,
ESTAT:DEMO_NIND(1.0),30/04/26 23:00:00,A,MMAR1PC,HR,2020,87.8,,
ESTAT:DEMO_NIND(1.0),30/04/26 23:00:00,A,MMAR1PC,HR,2021,88.0,,
ESTAT:DEMO_NIND(1.0),30/04/26 23:00:00,A,MMAR1PC,HR,2022,87.7,,
ESTAT:DEMO_NIND(1.0),30/04/26 23:00:00,A,MMAR1PC,HR,2023,87.8,,
ESTAT:DEMO_NIND(1.0),30/04/26 23:00:00,A,MMAR1PC,HR,2024,88.0,,
ESTAT:DEMO_NIND(1.0),30/04/26 23:00:00,A,MMAR1PC,HU,1995,80.5,,
ESTAT:DEMO_NIND(1.0),30/04/26 23:00:00,A,MMAR1PC,HU,1996,80.5,,
ESTAT:DEMO_NIND(1.0),30/04/26 23:00:00,A,MMAR1PC,HU,1997,79.1,,
ESTAT:DEMO_NIND(1.0),30/04/26 23:00:00,A,MMAR1PC,HU,1998,79.9,,
ESTAT:DEMO_NIND(1.0),30/04/26 23:00:00,A,MMAR1PC,HU,1999,79.2,,
ESTAT:DEMO_NIND(1.0),30/04/26 23:00:00,A,MMAR1PC,HU,2000,79.0,,
ESTAT:DEMO_NIND(1.0),30/04/26 23:00:00,A,MMAR1PC,HU,2001,77.1,,
ESTAT:DEMO_NIND(1.0),30/04/26 23:00:00,A,MMAR1PC,HU,2002,77.9,,
ESTAT:DEMO_NIND(1.0),30/04/26 23:00:00,A,MMAR1PC,HU,2003,78.0,,
ESTAT:DEMO_NIND(1.0),30/04/26 23:00:00,A,MMAR1PC,HU,2004,77.7,,
ESTAT:DEMO_NIND(1.0),30/04/26 23:00:00,A,MMAR1PC,HU,2005,78.4,,
ESTAT:DEMO_NIND(1.0),30/04/26 23:00:00,A,MMAR1PC,HU,2006,77.9,,
ESTAT:DEMO_NIND(1.0),30/04/26 23:00:00,A,MMAR1PC,HU,2007,78.1,,
ESTAT:DEMO_NIND(1.0),30/04/26 23:00:00,A,MMAR1PC,HU,2008,77.1,,
ESTAT:DEMO_NIND(1.0),30/04/26 23:00:00,A,MMAR1PC,HU,2009,76.3,,
ESTAT:DEMO_NIND(1.0),30/04/26 23:00:00,A,MMAR1PC,HU,2010,76.2,,
ESTAT:DEMO_NIND(1.0),30/04/26 23:00:00,A,MMAR1PC,HU,2011,75.5,,
ESTAT:DEMO_NIND(1.0),30/04/26 23:00:00,A,MMAR1PC,HU,2012,76.0,,
ESTAT:DEMO_NIND(1.0),30/04/26 23:00:00,A,MMAR1PC,HU,2013,76.0,,
ESTAT:DEMO_NIND(1.0),30/04/26 23:00:00,A,MMAR1PC,HU,2014,75.8,,
ESTAT:DEMO_NIND(1.0),30/04/26 23:00:00,A,MMAR1PC,HU,2015,77.6,,
ESTAT:DEMO_NIND(1.0),30/04/26 23:00:00,A,MMAR1PC,HU,2016,78.3,,
ESTAT:DEMO_NIND(1.0),30/04/26 23:00:00,A,MMAR1PC,HU,2017,77.7,,
ESTAT:DEMO_NIND(1.0),30/04/26 23:00:00,A,MMAR1PC,HU,2018,77.9,,
ESTAT:DEMO_NIND(1.0),30/04/26 23:00:00,A,MMAR1PC,HU,2019,81.2,,
ESTAT:DEMO_NIND(1.0),30/04/26 23:00:00,A,MMAR1PC,HU,2020,82.8,,
ESTAT:DEMO_NIND(1.0),30/04/26 23:00:00,A,MMAR1PC,HU,2021,82.5,,
ESTAT:DEMO_NIND(1.0),30/04/26 23:00:00,A,MMAR1PC,HU,2022,80.1,,
ESTAT:DEMO_NIND(1.0),30/04/26 23:00:00,A,MMAR1PC,HU,2023,78.4,,
ESTAT:DEMO_NIND(1.0),30/04/26 23:00:00,A,MMAR1PC,HU,2024,78.9,,
ESTAT:DEMO_NIND(1.0),30/04/26 23:00:00,A,MMAR1PC,IE,1960,97.7,,
ESTAT:DEMO_NIND(1.0),30/04/26 23:00:00,A,MMAR1PC,IE,1961,97.7,,
ESTAT:DEMO_NIND(1.0),30/04/26 23:00:00,A,MMAR1PC,IE,1962,98.1,,
ESTAT:DEMO_NIND(1.0),30/04/26 23:00:00,A,MMAR1PC,IE,1963,97.8,,
ESTAT:DEMO_NIND(1.0),30/04/26 23:00:00,A,MMAR1PC,IE,1964,98.2,,
ESTAT:DEMO_NIND(1.0),30/04/26 23:00:00,A,MMAR1PC,IE,1965,98.4,,
ESTAT:DEMO_NIND(1.0),30/04/26 23:00:00,A,MMAR1PC,IE,1966,98.8,,
ESTAT:DEMO_NIND(1.0),30/04/26 23:00:00,A,MMAR1PC,IE,1967,98.9,,
ESTAT:DEMO_NIND(1.0),30/04/26 23:00:00,A,MMAR1PC,IE,1968,98.6,,
ESTAT:DEMO_NIND(1.0),30/04/26 23:00:00,A,MMAR1PC,IE,1969,98.9,,
ESTAT:DEMO_NIND(1.0),30/04/26 23:00:00,A,MMAR1PC,IE,1970,99.0,,
ESTAT:DEMO_NIND(1.0),30/04/26 23:00:00,A,MMAR1PC,IE,1971,99.0,,
ESTAT:DEMO_NIND(1.0),30/04/26 23:00:00,A,MMAR1PC,IE,1972,98.9,,
ESTAT:DEMO_NIND(1.0),30/04/26 23:00:00,A,MMAR1PC,IE,1973,99.0,,
ESTAT:DEMO_NIND(1.0),30/04/26 23:00:00,A,MMAR1PC,IE,1974,99.2,,
ESTAT:DEMO_NIND(1.0),30/04/26 23:00:00,A,MMAR1PC,IE,1975,99.3,,
ESTAT:DEMO_NIND(1.0),30/04/26 23:00:00,A,MMAR1PC,IE,1976,98.9,,
ESTAT:DEMO_NIND(1.0),30/04/26 23:00:00,A,MMAR1PC,IE,1977,98.7,,
ESTAT:DEMO_NIND(1.0),30/04/26 23:00:00,A,MMAR1PC,IE,1978,98.8,,
ESTAT:DEMO_NIND(1.0),30/04/26 23:00:00,A,MMAR1PC,IE,1979,99.0,,
ESTAT:DEMO_NIND(1.0),30/04/26 23:00:00,A,MMAR1PC,IE,1980,99.0,,
ESTAT:DEMO_NIND(1.0),30/04/26 23:00:00,A,MMAR1PC,IE,1981,99.0,,
ESTAT:DEMO_NIND(1.0),30/04/26 23:00:00,A,MMAR1PC,IE,1982,98.8,,
ESTAT:DEMO_NIND(1.0),30/04/26 23:00:00,A,MMAR1PC,IE,1983,99.0,,
ESTAT:DEMO_NIND(1.0),30/04/26 23:00:00,A,MMAR1PC,IE,1984,98.9,,
ESTAT:DEMO_NIND(1.0),30/04/26 23:00:00,A,MMAR1PC,IE,1985,99.0,,
ESTAT:DEMO_NIND(1.0),30/04/26 23:00:00,A,MMAR1PC,IE,1986,98.9,,
ESTAT:DEMO_NIND(1.0),30/04/26 23:00:00,A,MMAR1PC,IE,1987,99.0,,
ESTAT:DEMO_NIND(1.0),30/04/26 23:00:00,A,MMAR1PC,IE,1988,99.0,,
ESTAT:DEMO_NIND(1.0),30/04/26 23:00:00,A,MMAR1PC,IE,1989,99.1,,
ESTAT:DEMO_NIND(1.0),30/04/26 23:00:00,A,MMAR1PC,IE,1990,99.1,,
ESTAT:DEMO_NIND(1.0),30/04/26 23:00:00,A,MMAR1PC,IE,1991,99.3,,
ESTAT:DEMO_NIND(1.0),30/04/26 23:00:00,A,MMAR1PC,IE,1992,99.1,,
ESTAT:DEMO_NIND(1.0),30/04/26 23:00:00,A,MMAR1PC,IE,1993,99.1,,
ESTAT:DEMO_NIND(1.0),30/04/26 23:00:00,A,MMAR1PC,IE,1994,99.0,,
ESTAT:DEMO_NIND(1.0),30/04/26 23:00:00,A,MMAR1PC,IE,1995,99.1,,
ESTAT:DEMO_NIND(1.0),30/04/26 23:00:00,A,MMAR1PC,IE,1996,99.3,,
ESTAT:DEMO_NIND(1.0),30/04/26 23:00:00,A,MMAR1PC,IE,2005,92.5,,
ESTAT:DEMO_NIND(1.0),30/04/26 23:00:00,A,MMAR1PC,IE,2006,92.4,,
ESTAT:DEMO_NIND(1.0),30/04/26 23:00:00,A,MMAR1PC,IE,2007,92.7,,
ESTAT:DEMO_NIND(1.0),30/04/26 23:00:00,A,MMAR1PC,IE,2009,91.6,,
ESTAT:DEMO_NIND(1.0),30/04/26 23:00:00,A,MMAR1PC,IE,2010,91.9,,
ESTAT:DEMO_NIND(1.0),30/04/26 23:00:00,A,MMAR1PC,IE,2011,91.5,,
ESTAT:DEMO_NIND(1.0),30/04/26 23:00:00,A,MMAR1PC,IE,2013,91.9,,
ESTAT:DEMO_NIND(1.0),30/04/26 23:00:00,A,MMAR1PC,IE,2014,91.7,,
ESTAT:DEMO_NIND(1.0),30/04/26 23:00:00,A,MMAR1PC,IE,2015,91.7,,
ESTAT:DEMO_NIND(1.0),30/04/26 23:00:00,A,MMAR1PC,IE,2016,89.7,,
ESTAT:DEMO_NIND(1.0),30/04/26 23:00:00,A,MMAR1PC,IS,1960,92.6,,
ESTAT:DEMO_NIND(1.0),30/04/26 23:00:00,A,MMAR1PC,IS,1961,91.0,,
ESTAT:DEMO_NIND(1.0),30/04/26 23:00:00,A,MMAR1PC,IS,1962,91.7,,
ESTAT:DEMO_NIND(1.0),30/04/26 23:00:00,A,MMAR1PC,IS,1963,90.1,,
ESTAT:DEMO_NIND(1.0),30/04/26 23:00:00,A,MMAR1PC,IS,1964,92.5,,
ESTAT:DEMO_NIND(1.0),30/04/26 23:00:00,A,MMAR1PC,IS,1965,93.3,,
ESTAT:DEMO_NIND(1.0),30/04/26 23:00:00,A,MMAR1PC,IS,1966,92.1,,
ESTAT:DEMO_NIND(1.0),30/04/26 23:00:00,A,MMAR1PC,IS,1967,91.8,,
ESTAT:DEMO_NIND(1.0),30/04/26 23:00:00,A,MMAR1PC,IS,1968,92.8,,
ESTAT:DEMO_NIND(1.0),30/04/26 23:00:00,A,MMAR1PC,IS,1969,91.9,,
ESTAT:DEMO_NIND(1.0),30/04/26 23:00:00,A,MMAR1PC,IS,1970,90.4,,
ESTAT:DEMO_NIND(1.0),30/04/26 23:00:00,A,MMAR1PC,IS,1971,90.5,,
ESTAT:DEMO_NIND(1.0),30/04/26 23:00:00,A,MMAR1PC,IS,1972,90.2,,
ESTAT:DEMO_NIND(1.0),30/04/26 23:00:00,A,MMAR1PC,IS,1973,88.5,,
ESTAT:DEMO_NIND(1.0),30/04/26 23:00:00,A,MMAR1PC,IS,1974,87.6,,
ESTAT:DEMO_NIND(1.0),30/04/26 23:00:00,A,MMAR1PC,IS,1975,87.6,,
ESTAT:DEMO_NIND(1.0),30/04/26 23:00:00,A,MMAR1PC,IS,1976,87.8,,
ESTAT:DEMO_NIND(1.0),30/04/26 23:00:00,A,MMAR1PC,IS,1977,86.7,,
ESTAT:DEMO_NIND(1.0),30/04/26 23:00:00,A,MMAR1PC,IS,1978,87.1,,
ESTAT:DEMO_NIND(1.0),30/04/26 23:00:00,A,MMAR1PC,IS,1979,86.8,,
ESTAT:DEMO_NIND(1.0),30/04/26 23:00:00,A,MMAR1PC,IS,1980,84.5,,
ESTAT:DEMO_NIND(1.0),30/04/26 23:00:00,A,MMAR1PC,IS,1981,85.7,,
ESTAT:DEMO_NIND(1.0),30/04/26 23:00:00,A,MMAR1PC,IS,1982,86.6,,
ESTAT:DEMO_NIND(1.0),30/04/26 23:00:00,A,MMAR1PC,IS,1983,85.0,,
ESTAT:DEMO_NIND(1.0),30/04/26 23:00:00,A,MMAR1PC,IS,1984,84.3,,
ESTAT:DEMO_NIND(1.0),30/04/26 23:00:00,A,MMAR1PC,IS,1985,83.8,,
ESTAT:DEMO_NIND(1.0),30/04/26 23:00:00,A,MMAR1PC,IS,1986,83.9,,
ESTAT:DEMO_NIND(1.0),30/04/26 23:00:00,A,MMAR1PC,IS,1987,82.5,,
ESTAT:DEMO_NIND(1.0),30/04/26 23:00:00,A,MMAR1PC,IS,1988,84.5,,
ESTAT:DEMO_NIND(1.0),30/04/26 23:00:00,A,MMAR1PC,IS,1989,82.7,,
ESTAT:DEMO_NIND(1.0),30/04/26 23:00:00,A,MMAR1PC,IS,1990,82.8,,
ESTAT:DEMO_NIND(1.0),30/04/26 23:00:00,A,MMAR1PC,IS,1991,82.3,,
ESTAT:DEMO_NIND(1.0),30/04/26 23:00:00,A,MMAR1PC,IS,1992,83.9,,
ESTAT:DEMO_NIND(1.0),30/04/26 23:00:00,A,MMAR1PC,IS,1993,81.0,,
ESTAT:DEMO_NIND(1.0),30/04/26 23:00:00,A,MMAR1PC,IS,1994,81.8,,
ESTAT:DEMO_NIND(1.0),30/04/26 23:00:00,A,MMAR1PC,IS,1995,82.6,,
ESTAT:DEMO_NIND(1.0),30/04/26 23:00:00,A,MMAR1PC,IS,1996,82.9,,
ESTAT:DEMO_NIND(1.0),30/04/26 23:00:00,A,MMAR1PC,IS,1997,81.1,,
ESTAT:DEMO_NIND(1.0),30/04/26 23:00:00,A,MMAR1PC,IS,1998,81.5,,
ESTAT:DEMO_NIND(1.0),30/04/26 23:00:00,A,MMAR1PC,IS,1999,81.0,,
ESTAT:DEMO_NIND(1.0),30/04/26 23:00:00,A,MMAR1PC,IS,2000,82.6,,
ESTAT:DEMO_NIND(1.0),30/04/26 23:00:00,A,MMAR1PC,IS,2001,81.5,,
ESTAT:DEMO_NIND(1.0),30/04/26 23:00:00,A,MMAR1PC,IS,2002,83.1,,
ESTAT:DEMO_NIND(1.0),30/04/26 23:00:00,A,MMAR1PC,IS,2003,81.7,,
ESTAT:DEMO_NIND(1.0),30/04/26 23:00:00,A,MMAR1PC,IS,2004,80.1,,
ESTAT:DEMO_NIND(1.0),30/04/26 23:00:00,A,MMAR1PC,IS,2005,80.8,,
ESTAT:DEMO_NIND(1.0),30/04/26 23:00:00,A,MMAR1PC,IS,2006,80.4,,
ESTAT:DEMO_NIND(1.0),30/04/26 23:00:00,A,MMAR1PC,IS,2010,77.6,,
ESTAT:DEMO_NIND(1.0),30/04/26 23:00:00,A,MMAR1PC,IS,2011,78.6,,
ESTAT:DEMO_NIND(1.0),30/04/26 23:00:00,A,MMAR1PC,IS,2012,81.0,,
ESTAT:DEMO_NIND(1.0),30/04/26 23:00:00,A,MMAR1PC,IS,2013,79.3,,
ESTAT:DEMO_NIND(1.0),30/04/26 23:00:00,A,MMAR1PC,IS,2014,79.7,,
ESTAT:DEMO_NIND(1.0),30/04/26 23:00:00,A,MMAR1PC,IS,2015,79.6,,
ESTAT:DEMO_NIND(1.0),30/04/26 23:00:00,A,MMAR1PC,IS,2016,77.6,,
ESTAT:DEMO_NIND(1.0),30/04/26 23:00:00,A,MMAR1PC,IS,2017,79.4,,
ESTAT:DEMO_NIND(1.0),30/04/26 23:00:00,A,MMAR1PC,IS,2018,78.5,,
ESTAT:DEMO_NIND(1.0),30/04/26 23:00:00,A,MMAR1PC,IS,2019,68.7,,
ESTAT:DEMO_NIND(1.0),30/04/26 23:00:00,A,MMAR1PC,IS,2020,73.2,,
ESTAT:DEMO_NIND(1.0),30/04/26 23:00:00,A,MMAR1PC,IT,1960,97.1,,
ESTAT:DEMO_NIND(1.0),30/04/26 23:00:00,A,MMAR1PC,IT,1961,97.1,,
ESTAT:DEMO_NIND(1.0),30/04/26 23:00:00,A,MMAR1PC,IT,1962,97.4,,
ESTAT:DEMO_NIND(1.0),30/04/26 23:00:00,A,MMAR1PC,IT,1963,97.4,,
ESTAT:DEMO_NIND(1.0),30/04/26 23:00:00,A,MMAR1PC,IT,1964,97.3,,
ESTAT:DEMO_NIND(1.0),30/04/26 23:00:00,A,MMAR1PC,IT,1965,97.5,,
ESTAT:DEMO_NIND(1.0),30/04/26 23:00:00,A,MMAR1PC,IT,1966,97.3,,
ESTAT:DEMO_NIND(1.0),30/04/26 23:00:00,A,MMAR1PC,IT,1967,97.4,,
ESTAT:DEMO_NIND(1.0),30/04/26 23:00:00,A,MMAR1PC,IT,1968,97.4,,
ESTAT:DEMO_NIND(1.0),30/04/26 23:00:00,A,MMAR1PC,IT,1969,97.5,,
ESTAT:DEMO_NIND(1.0),30/04/26 23:00:00,A,MMAR1PC,IT,1970,97.6,,
ESTAT:DEMO_NIND(1.0),30/04/26 23:00:00,A,MMAR1PC,IT,1971,97.0,,
ESTAT:DEMO_NIND(1.0),30/04/26 23:00:00,A,MMAR1PC,IT,1972,94.9,,
ESTAT:DEMO_NIND(1.0),30/04/26 23:00:00,A,MMAR1PC,IT,1973,95.0,,
ESTAT:DEMO_NIND(1.0),30/04/26 23:00:00,A,MMAR1PC,IT,1974,95.4,,
ESTAT:DEMO_NIND(1.0),30/04/26 23:00:00,A,MMAR1PC,IT,1975,96.2,,
ESTAT:DEMO_NIND(1.0),30/04/26 23:00:00,A,MMAR1PC,IT,1976,96.2,,
ESTAT:DEMO_NIND(1.0),30/04/26 23:00:00,A,MMAR1PC,IT,1977,96.8,,
ESTAT:DEMO_NIND(1.0),30/04/26 23:00:00,A,MMAR1PC,IT,1978,96.1,,
ESTAT:DEMO_NIND(1.0),30/04/26 23:00:00,A,MMAR1PC,IT,1979,96.3,,
ESTAT:DEMO_NIND(1.0),30/04/26 23:00:00,A,MMAR1PC,IT,1980,96.0,,
ESTAT:DEMO_NIND(1.0),30/04/26 23:00:00,A,MMAR1PC,IT,1981,96.3,,
ESTAT:DEMO_NIND(1.0),30/04/26 23:00:00,A,MMAR1PC,IT,1982,96.4,,
ESTAT:DEMO_NIND(1.0),30/04/26 23:00:00,A,MMAR1PC,IT,1983,96.3,,
ESTAT:DEMO_NIND(1.0),30/04/26 23:00:00,A,MMAR1PC,IT,1984,96.4,,
ESTAT:DEMO_NIND(1.0),30/04/26 23:00:00,A,MMAR1PC,IT,1985,96.5,,
ESTAT:DEMO_NIND(1.0),30/04/26 23:00:00,A,MMAR1PC,IT,1986,96.3,,
ESTAT:DEMO_NIND(1.0),30/04/26 23:00:00,A,MMAR1PC,IT,1987,96.0,,
ESTAT:DEMO_NIND(1.0),30/04/26 23:00:00,A,MMAR1PC,IT,1988,94.9,,
ESTAT:DEMO_NIND(1.0),30/04/26 23:00:00,A,MMAR1PC,IT,1989,94.8,,
ESTAT:DEMO_NIND(1.0),30/04/26 23:00:00,A,MMAR1PC,IT,1990,95.0,,
ESTAT:DEMO_NIND(1.0),30/04/26 23:00:00,A,MMAR1PC,IT,1991,94.7,,
ESTAT:DEMO_NIND(1.0),30/04/26 23:00:00,A,MMAR1PC,IT,1992,94.5,,
ESTAT:DEMO_NIND(1.0),30/04/26 23:00:00,A,MMAR1PC,IT,1993,94.7,,
ESTAT:DEMO_NIND(1.0),30/04/26 23:00:00,A,MMAR1PC,IT,1994,94.4,,
ESTAT:DEMO_NIND(1.0),30/04/26 23:00:00,A,MMAR1PC,IT,1995,94.1,,
ESTAT:DEMO_NIND(1.0),30/04/26 23:00:00,A,MMAR1PC,IT,1996,94.0,,
ESTAT:DEMO_NIND(1.0),30/04/26 23:00:00,A,MMAR1PC,IT,1998,94.0,,
ESTAT:DEMO_NIND(1.0),30/04/26 23:00:00,A,MMAR1PC,IT,1999,93.4,,
ESTAT:DEMO_NIND(1.0),30/04/26 23:00:00,A,MMAR1PC,IT,2000,93.2,,
ESTAT:DEMO_NIND(1.0),30/04/26 23:00:00,A,MMAR1PC,IT,2001,93.2,,
ESTAT:DEMO_NIND(1.0),30/04/26 23:00:00,A,MMAR1PC,IT,2002,92.6,,
ESTAT:DEMO_NIND(1.0),30/04/26 23:00:00,A,MMAR1PC,IT,2003,92.3,,
ESTAT:DEMO_NIND(1.0),30/04/26 23:00:00,A,MMAR1PC,IT,2004,91.6,,
ESTAT:DEMO_NIND(1.0),30/04/26 23:00:00,A,MMAR1PC,IT,2005,91.6,,
ESTAT:DEMO_NIND(1.0),30/04/26 23:00:00,A,MMAR1PC,IT,2006,91.2,,
ESTAT:DEMO_NIND(1.0),30/04/26 23:00:00,A,MMAR1PC,IT,2007,91.0,,
ESTAT:DEMO_NIND(1.0),30/04/26 23:00:00,A,MMAR1PC,IT,2008,90.7,,
ESTAT:DEMO_NIND(1.0),30/04/26 23:00:00,A,MMAR1PC,IT,2009,90.2,,
ESTAT:DEMO_NIND(1.0),30/04/26 23:00:00,A,MMAR1PC,IT,2010,89.9,,
ESTAT:DEMO_NIND(1.0),30/04/26 23:00:00,A,MMAR1PC,IT,2011,89.6,,
ESTAT:DEMO_NIND(1.0),30/04/26 23:00:00,A,MMAR1PC,IT,2013,89.2,,
ESTAT:DEMO_NIND(1.0),30/04/26 23:00:00,A,MMAR1PC,IT,2014,89.0,,
ESTAT:DEMO_NIND(1.0),30/04/26 23:00:00,A,MMAR1PC,IT,2015,88.2,,
ESTAT:DEMO_NIND(1.0),30/04/26 23:00:00,A,MMAR1PC,IT,2016,87.3,,
ESTAT:DEMO_NIND(1.0),30/04/26 23:00:00,A,MMAR1PC,IT,2017,86.0,,
ESTAT:DEMO_NIND(1.0),30/04/26 23:00:00,A,MMAR1PC,IT,2018,86.1,,
ESTAT:DEMO_NIND(1.0),30/04/26 23:00:00,A,MMAR1PC,IT,2019,85.8,,
ESTAT:DEMO_NIND(1.0),30/04/26 23:00:00,A,MMAR1PC,IT,2020,79.9,,
ESTAT:DEMO_NIND(1.0),30/04/26 23:00:00,A,MMAR1PC,IT,2021,84.9,,
ESTAT:DEMO_NIND(1.0),30/04/26 23:00:00,A,MMAR1PC,IT,2022,83.9,,
ESTAT:DEMO_NIND(1.0),30/04/26 23:00:00,A,MMAR1PC,IT,2023,82.7,,
ESTAT:DEMO_NIND(1.0),30/04/26 23:00:00,A,MMAR1PC,IT,2024,82.4,,
ESTAT:DEMO_NIND(1.0),30/04/26 23:00:00,A,MMAR1PC,LI,2000,73.7,,
ESTAT:DEMO_NIND(1.0),30/04/26 23:00:00,A,MMAR1PC,LI,2001,74.4,,
ESTAT:DEMO_NIND(1.0),30/04/26 23:00:00,A,MMAR1PC,LI,2002,71.7,,
ESTAT:DEMO_NIND(1.0),30/04/26 23:00:00,A,MMAR1PC,LI,2003,77.2,,
ESTAT:DEMO_NIND(1.0),30/04/26 23:00:00,A,MMAR1PC,LI,2004,73.2,,
ESTAT:DEMO_NIND(1.0),30/04/26 23:00:00,A,MMAR1PC,LI,2005,76.6,,
ESTAT:DEMO_NIND(1.0),30/04/26 23:00:00,A,MMAR1PC,LI,2006,69.5,,
ESTAT:DEMO_NIND(1.0),30/04/26 23:00:00,A,MMAR1PC,LI,2011,71.8,,
ESTAT:DEMO_NIND(1.0),30/04/26 23:00:00,A,MMAR1PC,LI,2012,78.4,,
ESTAT:DEMO_NIND(1.0),30/04/26 23:00:00,A,MMAR1PC,LT,1995,80.8,,
ESTAT:DEMO_NIND(1.0),30/04/26 23:00:00,A,MMAR1PC,LT,1996,79.6,,
ESTAT:DEMO_NIND(1.0),30/04/26 23:00:00,A,MMAR1PC,LT,1997,79.8,,
ESTAT:DEMO_NIND(1.0),30/04/26 23:00:00,A,MMAR1PC,LT,1998,79.1,,
ESTAT:DEMO_NIND(1.0),30/04/26 23:00:00,A,MMAR1PC,LT,1999,78.6,,
ESTAT:DEMO_NIND(1.0),30/04/26 23:00:00,A,MMAR1PC,LT,2000,78.4,,
ESTAT:DEMO_NIND(1.0),30/04/26 23:00:00,A,MMAR1PC,LT,2001,77.6,,
ESTAT:DEMO_NIND(1.0),30/04/26 23:00:00,A,MMAR1PC,LT,2002,78.1,,
ESTAT:DEMO_NIND(1.0),30/04/26 23:00:00,A,MMAR1PC,LT,2003,78.4,,
ESTAT:DEMO_NIND(1.0),30/04/26 23:00:00,A,MMAR1PC,LT,2004,77.1,,
ESTAT:DEMO_NIND(1.0),30/04/26 23:00:00,A,MMAR1PC,LT,2005,76.8,,
ESTAT:DEMO_NIND(1.0),30/04/26 23:00:00,A,MMAR1PC,LT,2006,76.6,,
ESTAT:DEMO_NIND(1.0),30/04/26 23:00:00,A,MMAR1PC,LT,2007,76.0,,
ESTAT:DEMO_NIND(1.0),30/04/26 23:00:00,A,MMAR1PC,LT,2008,76.6,,
ESTAT:DEMO_NIND(1.0),30/04/26 23:00:00,A,MMAR1PC,LT,2009,78.0,,
ESTAT:DEMO_NIND(1.0),30/04/26 23:00:00,A,MMAR1PC,LT,2010,78.6,,
ESTAT:DEMO_NIND(1.0),30/04/26 23:00:00,A,MMAR1PC,LT,2011,77.6,,
ESTAT:DEMO_NIND(1.0),30/04/26 23:00:00,A,MMAR1PC,LT,2012,78.2,,
ESTAT:DEMO_NIND(1.0),30/04/26 23:00:00,A,MMAR1PC,LT,2013,78.1,,
ESTAT:DEMO_NIND(1.0),30/04/26 23:00:00,A,MMAR1PC,LT,2014,77.4,,
ESTAT:DEMO_NIND(1.0),30/04/26 23:00:00,A,MMAR1PC,LT,2015,77.8,,
ESTAT:DEMO_NIND(1.0),30/04/26 23:00:00,A,MMAR1PC,LT,2016,76.5,,
ESTAT:DEMO_NIND(1.0),30/04/26 23:00:00,A,MMAR1PC,LT,2017,76.6,,
ESTAT:DEMO_NIND(1.0),30/04/26 23:00:00,A,MMAR1PC,LT,2018,76.1,,
ESTAT:DEMO_NIND(1.0),30/04/26 23:00:00,A,MMAR1PC,LT,2019,75.4,,
ESTAT:DEMO_NIND(1.0),30/04/26 23:00:00,A,MMAR1PC,LT,2020,75.1,,
ESTAT:DEMO_NIND(1.0),30/04/26 23:00:00,A,MMAR1PC,LT,2021,76.1,,
ESTAT:DEMO_NIND(1.0),30/04/26 23:00:00,A,MMAR1PC,LT,2022,78.0,,
ESTAT:DEMO_NIND(1.0),30/04/26 23:00:00,A,MMAR1PC,LT,2023,77.3,,
ESTAT:DEMO_NIND(1.0),30/04/26 23:00:00,A,MMAR1PC,LT,2024,77.8,,
ESTAT:DEMO_NIND(1.0),30/04/26 23:00:00,A,MMAR1PC,LU,1960,94.6,,
ESTAT:DEMO_NIND(1.0),30/04/26 23:00:00,A,MMAR1PC,LU,1961,93.3,,
ESTAT:DEMO_NIND(1.0),30/04/26 23:00:00,A,MMAR1PC,LU,1962,93.3,,
ESTAT:DEMO_NIND(1.0),30/04/26 23:00:00,A,MMAR1PC,LU,1963,92.4,,
ESTAT:DEMO_NIND(1.0),30/04/26 23:00:00,A,MMAR1PC,LU,1964,93.2,,
ESTAT:DEMO_NIND(1.0),30/04/26 23:00:00,A,MMAR1PC,LU,1965,92.8,,
ESTAT:DEMO_NIND(1.0),30/04/26 23:00:00,A,MMAR1PC,LU,1966,92.4,,
ESTAT:DEMO_NIND(1.0),30/04/26 23:00:00,A,MMAR1PC,LU,1967,92.7,,
ESTAT:DEMO_NIND(1.0),30/04/26 23:00:00,A,MMAR1PC,LU,1968,92.3,,
ESTAT:DEMO_NIND(1.0),30/04/26 23:00:00,A,MMAR1PC,LU,1969,93.1,,
ESTAT:DEMO_NIND(1.0),30/04/26 23:00:00,A,MMAR1PC,LU,1970,91.1,,
ESTAT:DEMO_NIND(1.0),30/04/26 23:00:00,A,MMAR1PC,LU,1971,91.2,,
ESTAT:DEMO_NIND(1.0),30/04/26 23:00:00,A,MMAR1PC,LU,1972,91.6,,
ESTAT:DEMO_NIND(1.0),30/04/26 23:00:00,A,MMAR1PC,LU,1973,91.5,,
ESTAT:DEMO_NIND(1.0),30/04/26 23:00:00,A,MMAR1PC,LU,1974,91.7,,
ESTAT:DEMO_NIND(1.0),30/04/26 23:00:00,A,MMAR1PC,LU,1975,89.2,,
ESTAT:DEMO_NIND(1.0),30/04/26 23:00:00,A,MMAR1PC,LU,1976,89.7,,
ESTAT:DEMO_NIND(1.0),30/04/26 23:00:00,A,MMAR1PC,LU,1977,89.2,,
ESTAT:DEMO_NIND(1.0),30/04/26 23:00:00,A,MMAR1PC,LU,1978,87.1,,
ESTAT:DEMO_NIND(1.0),30/04/26 23:00:00,A,MMAR1PC,LU,1979,87.1,,
ESTAT:DEMO_NIND(1.0),30/04/26 23:00:00,A,MMAR1PC,LU,1980,87.3,,
ESTAT:DEMO_NIND(1.0),30/04/26 23:00:00,A,MMAR1PC,LU,1981,86.1,,
ESTAT:DEMO_NIND(1.0),30/04/26 23:00:00,A,MMAR1PC,LU,1982,85.3,,
ESTAT:DEMO_NIND(1.0),30/04/26 23:00:00,A,MMAR1PC,LU,1983,85.3,,
ESTAT:DEMO_NIND(1.0),30/04/26 23:00:00,A,MMAR1PC,LU,1984,84.4,,
ESTAT:DEMO_NIND(1.0),30/04/26 23:00:00,A,MMAR1PC,LU,1985,82.5,,
ESTAT:DEMO_NIND(1.0),30/04/26 23:00:00,A,MMAR1PC,LU,1986,83.8,,
ESTAT:DEMO_NIND(1.0),30/04/26 23:00:00,A,MMAR1PC,LU,1987,80.6,,
ESTAT:DEMO_NIND(1.0),30/04/26 23:00:00,A,MMAR1PC,LU,1988,82.0,,
ESTAT:DEMO_NIND(1.0),30/04/26 23:00:00,A,MMAR1PC,LU,1989,79.9,,
ESTAT:DEMO_NIND(1.0),30/04/26 23:00:00,A,MMAR1PC,LU,1990,79.4,,
ESTAT:DEMO_NIND(1.0),30/04/26 23:00:00,A,MMAR1PC,LU,1991,75.2,,
ESTAT:DEMO_NIND(1.0),30/04/26 23:00:00,A,MMAR1PC,LU,1992,79.2,,
ESTAT:DEMO_NIND(1.0),30/04/26 23:00:00,A,MMAR1PC,LU,1993,79.9,,
ESTAT:DEMO_NIND(1.0),30/04/26 23:00:00,A,MMAR1PC,LU,1994,80.0,,
ESTAT:DEMO_NIND(1.0),30/04/26 23:00:00,A,MMAR1PC,LU,1995,79.6,,
ESTAT:DEMO_NIND(1.0),30/04/26 23:00:00,A,MMAR1PC,LU,1996,79.4,,
ESTAT:DEMO_NIND(1.0),30/04/26 23:00:00,A,MMAR1PC,LU,1997,76.3,,
ESTAT:DEMO_NIND(1.0),30/04/26 23:00:00,A,MMAR1PC,LU,1998,75.0,,
ESTAT:DEMO_NIND(1.0),30/04/26 23:00:00,A,MMAR1PC,LU,1999,75.3,,
ESTAT:DEMO_NIND(1.0),30/04/26 23:00:00,A,MMAR1PC,LU,2000,75.9,,
ESTAT:DEMO_NIND(1.0),30/04/26 23:00:00,A,MMAR1PC,LU,2001,76.4,,
ESTAT:DEMO_NIND(1.0),30/04/26 23:00:00,A,MMAR1PC,LU,2002,75.5,,
ESTAT:DEMO_NIND(1.0),30/04/26 23:00:00,A,MMAR1PC,LU,2003,72.1,,
ESTAT:DEMO_NIND(1.0),30/04/26 23:00:00,A,MMAR1PC,LU,2004,74.9,,
ESTAT:DEMO_NIND(1.0),30/04/26 23:00:00,A,MMAR1PC,LU,2005,72.8,,
ESTAT:DEMO_NIND(1.0),30/04/26 23:00:00,A,MMAR1PC,LU,2006,73.4,,
ESTAT:DEMO_NIND(1.0),30/04/26 23:00:00,A,MMAR1PC,LU,2007,73.7,,
ESTAT:DEMO_NIND(1.0),30/04/26 23:00:00,A,MMAR1PC,LU,2008,75.0,,
ESTAT:DEMO_NIND(1.0),30/04/26 23:00:00,A,MMAR1PC,LU,2009,73.5,,
ESTAT:DEMO_NIND(1.0),30/04/26 23:00:00,A,MMAR1PC,LU,2010,73.9,,
ESTAT:DEMO_NIND(1.0),30/04/26 23:00:00,A,MMAR1PC,LU,2011,76.8,,
ESTAT:DEMO_NIND(1.0),30/04/26 23:00:00,A,MMAR1PC,LU,2012,75.3,,
ESTAT:DEMO_NIND(1.0),30/04/26 23:00:00,A,MMAR1PC,LU,2013,73.9,,
ESTAT:DEMO_NIND(1.0),30/04/26 23:00:00,A,MMAR1PC,LU,2014,74.8,,
ESTAT:DEMO_NIND(1.0),30/04/26 23:00:00,A,MMAR1PC,LU,2015,74.4,,
ESTAT:DEMO_NIND(1.0),30/04/26 23:00:00,A,MMAR1PC,LU,2016,72.2,,
ESTAT:DEMO_NIND(1.0),30/04/26 23:00:00,A,MMAR1PC,LU,2017,74.3,,
ESTAT:DEMO_NIND(1.0),30/04/26 23:00:00,A,MMAR1PC,LU,2018,74.9,,
ESTAT:DEMO_NIND(1.0),30/04/26 23:00:00,A,MMAR1PC,LU,2019,76.2,,
ESTAT:DEMO_NIND(1.0),30/04/26 23:00:00,A,MMAR1PC,LU,2020,78.1,,
ESTAT:DEMO_NIND(1.0),30/04/26 23:00:00,A,MMAR1PC,LU,2021,78.0,,
ESTAT:DEMO_NIND(1.0),30/04/26 23:00:00,A,MMAR1PC,LU,2022,76.9,,
ESTAT:DEMO_NIND(1.0),30/04/26 23:00:00,A,MMAR1PC,LU,2023,80.1,,
ESTAT:DEMO_NIND(1.0),30/04/26 23:00:00,A,MMAR1PC,LU,2024,78.6,,
ESTAT:DEMO_NIND(1.0),30/04/26 23:00:00,A,MMAR1PC,LV,1990,71.1,,
ESTAT:DEMO_NIND(1.0),30/04/26 23:00:00,A,MMAR1PC,LV,1991,71.1,,
ESTAT:DEMO_NIND(1.0),30/04/26 23:00:00,A,MMAR1PC,LV,1992,69.1,,
ESTAT:DEMO_NIND(1.0),30/04/26 23:00:00,A,MMAR1PC,LV,1993,68.9,,
ESTAT:DEMO_NIND(1.0),30/04/26 23:00:00,A,MMAR1PC,LV,1994,72.1,,
ESTAT:DEMO_NIND(1.0),30/04/26 23:00:00,A,MMAR1PC,LV,1995,72.1,,
ESTAT:DEMO_NIND(1.0),30/04/26 23:00:00,A,MMAR1PC,LV,1996,71.2,,
ESTAT:DEMO_NIND(1.0),30/04/26 23:00:00,A,MMAR1PC,LV,1997,69.7,,
ESTAT:DEMO_NIND(1.0),30/04/26 23:00:00,A,MMAR1PC,LV,1998,69.2,,
ESTAT:DEMO_NIND(1.0),30/04/26 23:00:00,A,MMAR1PC,LV,1999,69.1,,
ESTAT:DEMO_NIND(1.0),30/04/26 23:00:00,A,MMAR1PC,LV,2000,70.3,,
ESTAT:DEMO_NIND(1.0),30/04/26 23:00:00,A,MMAR1PC,LV,2001,72.1,,
ESTAT:DEMO_NIND(1.0),30/04/26 23:00:00,A,MMAR1PC,LV,2002,73.3,,
ESTAT:DEMO_NIND(1.0),30/04/26 23:00:00,A,MMAR1PC,LV,2003,72.9,,
ESTAT:DEMO_NIND(1.0),30/04/26 23:00:00,A,MMAR1PC,LV,2004,73.6,,
ESTAT:DEMO_NIND(1.0),30/04/26 23:00:00,A,MMAR1PC,LV,2005,71.8,,
ESTAT:DEMO_NIND(1.0),30/04/26 23:00:00,A,MMAR1PC,LV,2006,71.8,,
ESTAT:DEMO_NIND(1.0),30/04/26 23:00:00,A,MMAR1PC,LV,2007,71.0,,
ESTAT:DEMO_NIND(1.0),30/04/26 23:00:00,A,MMAR1PC,LV,2008,72.2,,
ESTAT:DEMO_NIND(1.0),30/04/26 23:00:00,A,MMAR1PC,LV,2009,71.6,,
ESTAT:DEMO_NIND(1.0),30/04/26 23:00:00,A,MMAR1PC,LV,2010,72.0,,
ESTAT:DEMO_NIND(1.0),30/04/26 23:00:00,A,MMAR1PC,LV,2011,71.8,,
ESTAT:DEMO_NIND(1.0),30/04/26 23:00:00,A,MMAR1PC,LV,2012,71.8,,
ESTAT:DEMO_NIND(1.0),30/04/26 23:00:00,A,MMAR1PC,LV,2013,71.0,,
ESTAT:DEMO_NIND(1.0),30/04/26 23:00:00,A,MMAR1PC,LV,2014,70.1,,
ESTAT:DEMO_NIND(1.0),30/04/26 23:00:00,A,MMAR1PC,LV,2015,71.1,,
ESTAT:DEMO_NIND(1.0),30/04/26 23:00:00,A,MMAR1PC,LV,2016,71.3,,
ESTAT:DEMO_NIND(1.0),30/04/26 23:00:00,A,MMAR1PC,LV,2017,70.2,,
ESTAT:DEMO_NIND(1.0),30/04/26 23:00:00,A,MMAR1PC,LV,2018,68.3,,
ESTAT:DEMO_NIND(1.0),30/04/26 23:00:00,A,MMAR1PC,LV,2019,65.6,,
ESTAT:DEMO_NIND(1.0),30/04/26 23:00:00,A,MMAR1PC,LV,2020,67.8,,
ESTAT:DEMO_NIND(1.0),30/04/26 23:00:00,A,MMAR1PC,LV,2021,69.0,,
ESTAT:DEMO_NIND(1.0),30/04/26 23:00:00,A,MMAR1PC,LV,2022,67.7,,
ESTAT:DEMO_NIND(1.0),30/04/26 23:00:00,A,MMAR1PC,LV,2023,65.9,,
ESTAT:DEMO_NIND(1.0),30/04/26 23:00:00,A,MMAR1PC,LV,2024,66.9,,
ESTAT:DEMO_NIND(1.0),30/04/26 23:00:00,A,MMAR1PC,MD,2006,80.1,,
ESTAT:DEMO_NIND(1.0),30/04/26 23:00:00,A,MMAR1PC,MD,2008,80.7,,
ESTAT:DEMO_NIND(1.0),30/04/26 23:00:00,A,MMAR1PC,MD,2009,81.9,,
ESTAT:DEMO_NIND(1.0),30/04/26 23:00:00,A,MMAR1PC,MD,2010,82.7,,
ESTAT:DEMO_NIND(1.0),30/04/26 23:00:00,A,MMAR1PC,MD,2012,82.7,,
ESTAT:DEMO_NIND(1.0),30/04/26 23:00:00,A,MMAR1PC,MD,2013,82.6,,
ESTAT:DEMO_NIND(1.0),30/04/26 23:00:00,A,MMAR1PC,MD,2014,82.2,,
ESTAT:DEMO_NIND(1.0),30/04/26 23:00:00,A,MMAR1PC,MD,2015,82.7,,
ESTAT:DEMO_NIND(1.0),30/04/26 23:00:00,A,MMAR1PC,MD,2016,82.1,,
ESTAT:DEMO_NIND(1.0),30/04/26 23:00:00,A,MMAR1PC,MD,2017,81.8,,
ESTAT:DEMO_NIND(1.0),30/04/26 23:00:00,A,MMAR1PC,MD,2018,81.4,,
ESTAT:DEMO_NIND(1.0),30/04/26 23:00:00,A,MMAR1PC,MD,2019,80.0,,
ESTAT:DEMO_NIND(1.0),30/04/26 23:00:00,A,MMAR1PC,MD,2020,78.9,,
ESTAT:DEMO_NIND(1.0),30/04/26 23:00:00,A,MMAR1PC,MD,2021,79.5,,
ESTAT:DEMO_NIND(1.0),30/04/26 23:00:00,A,MMAR1PC,MD,2022,78.6,,
ESTAT:DEMO_NIND(1.0),30/04/26 23:00:00,A,MMAR1PC,MD,2023,77.4,,
ESTAT:DEMO_NIND(1.0),30/04/26 23:00:00,A,MMAR1PC,MD,2024,77.0,,
ESTAT:DEMO_NIND(1.0),30/04/26 23:00:00,A,MMAR1PC,ME,2005,93.1,,
ESTAT:DEMO_NIND(1.0),30/04/26 23:00:00,A,MMAR1PC,ME,2006,93.8,,
ESTAT:DEMO_NIND(1.0),30/04/26 23:00:00,A,MMAR1PC,ME,2007,93.7,,
ESTAT:DEMO_NIND(1.0),30/04/26 23:00:00,A,MMAR1PC,ME,2008,93.6,,
ESTAT:DEMO_NIND(1.0),30/04/26 23:00:00,A,MMAR1PC,ME,2009,95.6,,
ESTAT:DEMO_NIND(1.0),30/04/26 23:00:00,A,MMAR1PC,ME,2010,93.5,,
ESTAT:DEMO_NIND(1.0),30/04/26 23:00:00,A,MMAR1PC,ME,2011,93.2,,
ESTAT:DEMO_NIND(1.0),30/04/26 23:00:00,A,MMAR1PC,ME,2012,92.5,,
ESTAT:DEMO_NIND(1.0),30/04/26 23:00:00,A,MMAR1PC,ME,2013,91.9,,
ESTAT:DEMO_NIND(1.0),30/04/26 23:00:00,A,MMAR1PC,ME,2014,91.1,,
ESTAT:DEMO_NIND(1.0),30/04/26 23:00:00,A,MMAR1PC,ME,2015,92.0,,
ESTAT:DEMO_NIND(1.0),30/04/26 23:00:00,A,MMAR1PC,ME,2016,93.2,,
ESTAT:DEMO_NIND(1.0),30/04/26 23:00:00,A,MMAR1PC,ME,2017,93.7,,
ESTAT:DEMO_NIND(1.0),30/04/26 23:00:00,A,MMAR1PC,ME,2018,92.4,,
ESTAT:DEMO_NIND(1.0),30/04/26 23:00:00,A,MMAR1PC,ME,2019,91.4,,
ESTAT:DEMO_NIND(1.0),30/04/26 23:00:00,A,MMAR1PC,ME,2020,90.0,,
ESTAT:DEMO_NIND(1.0),30/04/26 23:00:00,A,MMAR1PC,ME,2021,89.9,,
ESTAT:DEMO_NIND(1.0),30/04/26 23:00:00,A,MMAR1PC,MK,1995,94.1,,
ESTAT:DEMO_NIND(1.0),30/04/26 23:00:00,A,MMAR1PC,MK,1996,93.0,,
ESTAT:DEMO_NIND(1.0),30/04/26 23:00:00,A,MMAR1PC,MK,1997,93.0,,
ESTAT:DEMO_NIND(1.0),30/04/26 23:00:00,A,MMAR1PC,MK,1998,92.8,,
ESTAT:DEMO_NIND(1.0),30/04/26 23:00:00,A,MMAR1PC,MK,1999,93.0,,
ESTAT:DEMO_NIND(1.0),30/04/26 23:00:00,A,MMAR1PC,MK,2000,91.7,,
ESTAT:DEMO_NIND(1.0),30/04/26 23:00:00,A,MMAR1PC,MK,2001,91.7,,
ESTAT:DEMO_NIND(1.0),30/04/26 23:00:00,A,MMAR1PC,MK,2002,91.8,,
ESTAT:DEMO_NIND(1.0),30/04/26 23:00:00,A,MMAR1PC,MK,2003,90.7,,
ESTAT:DEMO_NIND(1.0),30/04/26 23:00:00,A,MMAR1PC,MK,2004,90.4,,
ESTAT:DEMO_NIND(1.0),30/04/26 23:00:00,A,MMAR1PC,MK,2005,90.1,,
ESTAT:DEMO_NIND(1.0),30/04/26 23:00:00,A,MMAR1PC,MK,2006,89.8,,
ESTAT:DEMO_NIND(1.0),30/04/26 23:00:00,A,MMAR1PC,MK,2007,90.6,,
ESTAT:DEMO_NIND(1.0),30/04/26 23:00:00,A,MMAR1PC,MK,2008,90.3,,
ESTAT:DEMO_NIND(1.0),30/04/26 23:00:00,A,MMAR1PC,MK,2009,90.5,,
ESTAT:DEMO_NIND(1.0),30/04/26 23:00:00,A,MMAR1PC,MK,2010,90.5,,
ESTAT:DEMO_NIND(1.0),30/04/26 23:00:00,A,MMAR1PC,MK,2011,91.2,,
ESTAT:DEMO_NIND(1.0),30/04/26 23:00:00,A,MMAR1PC,MK,2012,90.6,,
ESTAT:DEMO_NIND(1.0),30/04/26 23:00:00,A,MMAR1PC,MK,2013,90.2,,
ESTAT:DEMO_NIND(1.0),30/04/26 23:00:00,A,MMAR1PC,MK,2014,90.6,,
ESTAT:DEMO_NIND(1.0),30/04/26 23:00:00,A,MMAR1PC,MK,2015,90.2,,
ESTAT:DEMO_NIND(1.0),30/04/26 23:00:00,A,MMAR1PC,MK,2016,91.2,,
ESTAT:DEMO_NIND(1.0),30/04/26 23:00:00,A,MMAR1PC,MK,2017,91.4,,
ESTAT:DEMO_NIND(1.0),30/04/26 23:00:00,A,MMAR1PC,MK,2018,91.8,,
ESTAT:DEMO_NIND(1.0),30/04/26 23:00:00,A,MMAR1PC,MK,2019,92.1,,
ESTAT:DEMO_NIND(1.0),30/04/26 23:00:00,A,MMAR1PC,MK,2020,92.8,,
ESTAT:DEMO_NIND(1.0),30/04/26 23:00:00,A,MMAR1PC,MK,2021,93.3,,
ESTAT:DEMO_NIND(1.0),30/04/26 23:00:00,A,MMAR1PC,MT,1996,98.7,,
ESTAT:DEMO_NIND(1.0),30/04/26 23:00:00,A,MMAR1PC,MT,2000,94.5,,
ESTAT:DEMO_NIND(1.0),30/04/26 23:00:00,A,MMAR1PC,MT,2001,93.9,,
ESTAT:DEMO_NIND(1.0),30/04/26 23:00:00,A,MMAR1PC,MT,2004,91.2,,
ESTAT:DEMO_NIND(1.0),30/04/26 23:00:00,A,MMAR1PC,MT,2005,92.5,,
ESTAT:DEMO_NIND(1.0),30/04/26 23:00:00,A,MMAR1PC,MT,2006,93.0,,
ESTAT:DEMO_NIND(1.0),30/04/26 23:00:00,A,MMAR1PC,MT,2007,90.2,,
ESTAT:DEMO_NIND(1.0),30/04/26 23:00:00,A,MMAR1PC,MT,2008,92.3,,
ESTAT:DEMO_NIND(1.0),30/04/26 23:00:00,A,MMAR1PC,MT,2009,91.5,,
ESTAT:DEMO_NIND(1.0),30/04/26 23:00:00,A,MMAR1PC,MT,2010,94.1,,
ESTAT:DEMO_NIND(1.0),30/04/26 23:00:00,A,MMAR1PC,MT,2011,91.6,,
ESTAT:DEMO_NIND(1.0),30/04/26 23:00:00,A,MMAR1PC,MT,2013,86.0,,
ESTAT:DEMO_NIND(1.0),30/04/26 23:00:00,A,MMAR1PC,MT,2014,87.7,,
ESTAT:DEMO_NIND(1.0),30/04/26 23:00:00,A,MMAR1PC,NL,1960,91.9,,
ESTAT:DEMO_NIND(1.0),30/04/26 23:00:00,A,MMAR1PC,NL,1961,92.3,,
ESTAT:DEMO_NIND(1.0),30/04/26 23:00:00,A,MMAR1PC,NL,1962,92.4,,
ESTAT:DEMO_NIND(1.0),30/04/26 23:00:00,A,MMAR1PC,NL,1963,92.5,,
ESTAT:DEMO_NIND(1.0),30/04/26 23:00:00,A,MMAR1PC,NL,1964,92.7,,
ESTAT:DEMO_NIND(1.0),30/04/26 23:00:00,A,MMAR1PC,NL,1965,93.2,,
ESTAT:DEMO_NIND(1.0),30/04/26 23:00:00,A,MMAR1PC,NL,1966,93.2,,
ESTAT:DEMO_NIND(1.0),30/04/26 23:00:00,A,MMAR1PC,NL,1967,93.5,,
ESTAT:DEMO_NIND(1.0),30/04/26 23:00:00,A,MMAR1PC,NL,1968,93.4,,
ESTAT:DEMO_NIND(1.0),30/04/26 23:00:00,A,MMAR1PC,NL,1969,93.1,,
ESTAT:DEMO_NIND(1.0),30/04/26 23:00:00,A,MMAR1PC,NL,1970,92.7,,
ESTAT:DEMO_NIND(1.0),30/04/26 23:00:00,A,MMAR1PC,NL,1971,92.8,,
ESTAT:DEMO_NIND(1.0),30/04/26 23:00:00,A,MMAR1PC,NL,1972,91.9,,
ESTAT:DEMO_NIND(1.0),30/04/26 23:00:00,A,MMAR1PC,NL,1973,90.6,,
ESTAT:DEMO_NIND(1.0),30/04/26 23:00:00,A,MMAR1PC,NL,1974,90.6,,
ESTAT:DEMO_NIND(1.0),30/04/26 23:00:00,A,MMAR1PC,NL,1975,90.4,,
ESTAT:DEMO_NIND(1.0),30/04/26 23:00:00,A,MMAR1PC,NL,1976,89.7,,
ESTAT:DEMO_NIND(1.0),30/04/26 23:00:00,A,MMAR1PC,NL,1977,88.8,,
ESTAT:DEMO_NIND(1.0),30/04/26 23:00:00,A,MMAR1PC,NL,1978,87.9,,
ESTAT:DEMO_NIND(1.0),30/04/26 23:00:00,A,MMAR1PC,NL,1979,87.4,,
ESTAT:DEMO_NIND(1.0),30/04/26 23:00:00,A,MMAR1PC,NL,1980,87.5,,
ESTAT:DEMO_NIND(1.0),30/04/26 23:00:00,A,MMAR1PC,NL,1981,87.3,,
ESTAT:DEMO_NIND(1.0),30/04/26 23:00:00,A,MMAR1PC,NL,1982,86.7,,
ESTAT:DEMO_NIND(1.0),30/04/26 23:00:00,A,MMAR1PC,NL,1983,85.6,,
ESTAT:DEMO_NIND(1.0),30/04/26 23:00:00,A,MMAR1PC,NL,1984,83.4,,
ESTAT:DEMO_NIND(1.0),30/04/26 23:00:00,A,MMAR1PC,NL,1985,83.3,,
ESTAT:DEMO_NIND(1.0),30/04/26 23:00:00,A,MMAR1PC,NL,1986,82.6,,
ESTAT:DEMO_NIND(1.0),30/04/26 23:00:00,A,MMAR1PC,NL,1987,82.9,,
ESTAT:DEMO_NIND(1.0),30/04/26 23:00:00,A,MMAR1PC,NL,1988,83.4,,
ESTAT:DEMO_NIND(1.0),30/04/26 23:00:00,A,MMAR1PC,NL,1989,83.1,,
ESTAT:DEMO_NIND(1.0),30/04/26 23:00:00,A,MMAR1PC,NL,1990,82.6,,
ESTAT:DEMO_NIND(1.0),30/04/26 23:00:00,A,MMAR1PC,NL,1991,82.2,,
ESTAT:DEMO_NIND(1.0),30/04/26 23:00:00,A,MMAR1PC,NL,1992,82.4,,
ESTAT:DEMO_NIND(1.0),30/04/26 23:00:00,A,MMAR1PC,NL,1993,82.2,,
ESTAT:DEMO_NIND(1.0),30/04/26 23:00:00,A,MMAR1PC,NL,1994,81.8,,
ESTAT:DEMO_NIND(1.0),30/04/26 23:00:00,A,MMAR1PC,NL,1995,82.0,,
ESTAT:DEMO_NIND(1.0),30/04/26 23:00:00,A,MMAR1PC,NL,1996,81.3,,
ESTAT:DEMO_NIND(1.0),30/04/26 23:00:00,A,MMAR1PC,NL,1997,80.7,,
ESTAT:DEMO_NIND(1.0),30/04/26 23:00:00,A,MMAR1PC,NL,1998,80.1,,
ESTAT:DEMO_NIND(1.0),30/04/26 23:00:00,A,MMAR1PC,NL,1999,81.0,,
ESTAT:DEMO_NIND(1.0),30/04/26 23:00:00,A,MMAR1PC,NL,2000,80.0,,
ESTAT:DEMO_NIND(1.0),30/04/26 23:00:00,A,MMAR1PC,NL,2001,80.0,,
ESTAT:DEMO_NIND(1.0),30/04/26 23:00:00,A,MMAR1PC,NL,2002,74.9,,
ESTAT:DEMO_NIND(1.0),30/04/26 23:00:00,A,MMAR1PC,NL,2003,74.8,,
ESTAT:DEMO_NIND(1.0),30/04/26 23:00:00,A,MMAR1PC,NL,2004,75.7,,
ESTAT:DEMO_NIND(1.0),30/04/26 23:00:00,A,MMAR1PC,NL,2005,75.3,,
ESTAT:DEMO_NIND(1.0),30/04/26 23:00:00,A,MMAR1PC,NL,2007,76.4,,
ESTAT:DEMO_NIND(1.0),30/04/26 23:00:00,A,MMAR1PC,NL,2008,76.9,,
ESTAT:DEMO_NIND(1.0),30/04/26 23:00:00,A,MMAR1PC,NL,2009,76.8,,
ESTAT:DEMO_NIND(1.0),30/04/26 23:00:00,A,MMAR1PC,NL,2010,74.1,,
ESTAT:DEMO_NIND(1.0),30/04/26 23:00:00,A,MMAR1PC,NL,2011,74.2,,
ESTAT:DEMO_NIND(1.0),30/04/26 23:00:00,A,MMAR1PC,NL,2012,74.4,,
ESTAT:DEMO_NIND(1.0),30/04/26 23:00:00,A,MMAR1PC,NL,2013,76.0,,
ESTAT:DEMO_NIND(1.0),30/04/26 23:00:00,A,MMAR1PC,NL,2014,75.9,,
ESTAT:DEMO_NIND(1.0),30/04/26 23:00:00,A,MMAR1PC,NL,2015,75.2,,
ESTAT:DEMO_NIND(1.0),30/04/26 23:00:00,A,MMAR1PC,NL,2016,75.0,,
ESTAT:DEMO_NIND(1.0),30/04/26 23:00:00,A,MMAR1PC,NL,2017,75.1,,
ESTAT:DEMO_NIND(1.0),30/04/26 23:00:00,A,MMAR1PC,NL,2018,74.5,,
ESTAT:DEMO_NIND(1.0),30/04/26 23:00:00,A,MMAR1PC,NL,2019,74.4,,
ESTAT:DEMO_NIND(1.0),30/04/26 23:00:00,A,MMAR1PC,NL,2020,73.4,,
ESTAT:DEMO_NIND(1.0),30/04/26 23:00:00,A,MMAR1PC,NL,2021,75.4,,
ESTAT:DEMO_NIND(1.0),30/04/26 23:00:00,A,MMAR1PC,NL,2022,74.2,,
ESTAT:DEMO_NIND(1.0),30/04/26 23:00:00,A,MMAR1PC,NL,2023,74.2,,
ESTAT:DEMO_NIND(1.0),30/04/26 23:00:00,A,MMAR1PC,NO,1960,91.8,,
ESTAT:DEMO_NIND(1.0),30/04/26 23:00:00,A,MMAR1PC,NO,1961,91.3,,
ESTAT:DEMO_NIND(1.0),30/04/26 23:00:00,A,MMAR1PC,NO,1962,91.9,,
ESTAT:DEMO_NIND(1.0),30/04/26 23:00:00,A,MMAR1PC,NO,1963,92.4,,
ESTAT:DEMO_NIND(1.0),30/04/26 23:00:00,A,MMAR1PC,NO,1964,92.2,,
ESTAT:DEMO_NIND(1.0),30/04/26 23:00:00,A,MMAR1PC,NO,1965,92.1,,
ESTAT:DEMO_NIND(1.0),30/04/26 23:00:00,A,MMAR1PC,NO,1966,92.6,,
ESTAT:DEMO_NIND(1.0),30/04/26 23:00:00,A,MMAR1PC,NO,1967,92.7,,
ESTAT:DEMO_NIND(1.0),30/04/26 23:00:00,A,MMAR1PC,NO,1968,92.6,,
ESTAT:DEMO_NIND(1.0),30/04/26 23:00:00,A,MMAR1PC,NO,1969,92.8,,
ESTAT:DEMO_NIND(1.0),30/04/26 23:00:00,A,MMAR1PC,NO,1970,92.7,,
ESTAT:DEMO_NIND(1.0),30/04/26 23:00:00,A,MMAR1PC,NO,1971,92.6,,
ESTAT:DEMO_NIND(1.0),30/04/26 23:00:00,A,MMAR1PC,NO,1972,92.6,,
ESTAT:DEMO_NIND(1.0),30/04/26 23:00:00,A,MMAR1PC,NO,1973,91.6,,
ESTAT:DEMO_NIND(1.0),30/04/26 23:00:00,A,MMAR1PC,NO,1974,90.4,,
ESTAT:DEMO_NIND(1.0),30/04/26 23:00:00,A,MMAR1PC,NO,1975,89.8,,
ESTAT:DEMO_NIND(1.0),30/04/26 23:00:00,A,MMAR1PC,NO,1976,89.0,,
ESTAT:DEMO_NIND(1.0),30/04/26 23:00:00,A,MMAR1PC,NO,1977,88.3,,
ESTAT:DEMO_NIND(1.0),30/04/26 23:00:00,A,MMAR1PC,NO,1978,87.4,,
ESTAT:DEMO_NIND(1.0),30/04/26 23:00:00,A,MMAR1PC,NO,1979,86.6,,
ESTAT:DEMO_NIND(1.0),30/04/26 23:00:00,A,MMAR1PC,NO,1980,86.7,,
ESTAT:DEMO_NIND(1.0),30/04/26 23:00:00,A,MMAR1PC,NO,1981,86.4,,
ESTAT:DEMO_NIND(1.0),30/04/26 23:00:00,A,MMAR1PC,NO,1982,85.9,,
ESTAT:DEMO_NIND(1.0),30/04/26 23:00:00,A,MMAR1PC,NO,1983,85.0,,
ESTAT:DEMO_NIND(1.0),30/04/26 23:00:00,A,MMAR1PC,NO,1984,84.5,,
ESTAT:DEMO_NIND(1.0),30/04/26 23:00:00,A,MMAR1PC,NO,1985,84.9,,
ESTAT:DEMO_NIND(1.0),30/04/26 23:00:00,A,MMAR1PC,NO,1986,83.4,,
ESTAT:DEMO_NIND(1.0),30/04/26 23:00:00,A,MMAR1PC,NO,1987,84.0,,
ESTAT:DEMO_NIND(1.0),30/04/26 23:00:00,A,MMAR1PC,NO,1988,84.1,,
ESTAT:DEMO_NIND(1.0),30/04/26 23:00:00,A,MMAR1PC,NO,1989,82.8,,
ESTAT:DEMO_NIND(1.0),30/04/26 23:00:00,A,MMAR1PC,NO,1990,82.4,,
ESTAT:DEMO_NIND(1.0),30/04/26 23:00:00,A,MMAR1PC,NO,1991,82.2,,
ESTAT:DEMO_NIND(1.0),30/04/26 23:00:00,A,MMAR1PC,NO,1992,82.8,,
ESTAT:DEMO_NIND(1.0),30/04/26 23:00:00,A,MMAR1PC,NO,1993,81.1,,
ESTAT:DEMO_NIND(1.0),30/04/26 23:00:00,A,MMAR1PC,NO,1994,80.2,,
ESTAT:DEMO_NIND(1.0),30/04/26 23:00:00,A,MMAR1PC,NO,1995,79.7,,
ESTAT:DEMO_NIND(1.0),30/04/26 23:00:00,A,MMAR1PC,NO,1996,79.4,,
ESTAT:DEMO_NIND(1.0),30/04/26 23:00:00,A,MMAR1PC,NO,1997,79.7,,
ESTAT:DEMO_NIND(1.0),30/04/26 23:00:00,A,MMAR1PC,NO,1998,70.1,,
ESTAT:DEMO_NIND(1.0),30/04/26 23:00:00,A,MMAR1PC,NO,2000,80.3,,
ESTAT:DEMO_NIND(1.0),30/04/26 23:00:00,A,MMAR1PC,NO,2001,79.4,,
ESTAT:DEMO_NIND(1.0),30/04/26 23:00:00,A,MMAR1PC,NO,2002,80.0,,
ESTAT:DEMO_NIND(1.0),30/04/26 23:00:00,A,MMAR1PC,NO,2004,78.8,,
ESTAT:DEMO_NIND(1.0),30/04/26 23:00:00,A,MMAR1PC,NO,2006,75.8,,
ESTAT:DEMO_NIND(1.0),30/04/26 23:00:00,A,MMAR1PC,NO,2007,75.7,,
ESTAT:DEMO_NIND(1.0),30/04/26 23:00:00,A,MMAR1PC,NO,2008,76.0,,
ESTAT:DEMO_NIND(1.0),30/04/26 23:00:00,A,MMAR1PC,NO,2009,77.1,,
ESTAT:DEMO_NIND(1.0),30/04/26 23:00:00,A,MMAR1PC,NO,2010,77.6,,
ESTAT:DEMO_NIND(1.0),30/04/26 23:00:00,A,MMAR1PC,NO,2011,76.3,,
ESTAT:DEMO_NIND(1.0),30/04/26 23:00:00,A,MMAR1PC,NO,2012,76.8,,
ESTAT:DEMO_NIND(1.0),30/04/26 23:00:00,A,MMAR1PC,NO,2013,74.3,,
ESTAT:DEMO_NIND(1.0),30/04/26 23:00:00,A,MMAR1PC,NO,2014,74.7,,
ESTAT:DEMO_NIND(1.0),30/04/26 23:00:00,A,MMAR1PC,NO,2015,74.8,,
ESTAT:DEMO_NIND(1.0),30/04/26 23:00:00,A,MMAR1PC,NO,2016,74.3,,
ESTAT:DEMO_NIND(1.0),30/04/26 23:00:00,A,MMAR1PC,NO,2017,73.6,,
ESTAT:DEMO_NIND(1.0),30/04/26 23:00:00,A,MMAR1PC,NO,2018,73.6,,
ESTAT:DEMO_NIND(1.0),30/04/26 23:00:00,A,MMAR1PC,NO,2019,73.5,,
ESTAT:DEMO_NIND(1.0),30/04/26 23:00:00,A,MMAR1PC,NO,2020,73.5,,
ESTAT:DEMO_NIND(1.0),30/04/26 23:00:00,A,MMAR1PC,PL,1996,90.2,,
ESTAT:DEMO_NIND(1.0),30/04/26 23:00:00,A,MMAR1PC,PL,1997,90.0,,
ESTAT:DEMO_NIND(1.0),30/04/26 23:00:00,A,MMAR1PC,PL,1999,90.1,,
ESTAT:DEMO_NIND(1.0),30/04/26 23:00:00,A,MMAR1PC,PL,2000,90.0,,
ESTAT:DEMO_NIND(1.0),30/04/26 23:00:00,A,MMAR1PC,PL,2001,90.1,,
ESTAT:DEMO_NIND(1.0),30/04/26 23:00:00,A,MMAR1PC,PL,2002,90.1,,
ESTAT:DEMO_NIND(1.0),30/04/26 23:00:00,A,MMAR1PC,PL,2003,90.1,,
ESTAT:DEMO_NIND(1.0),30/04/26 23:00:00,A,MMAR1PC,PL,2004,90.4,,
ESTAT:DEMO_NIND(1.0),30/04/26 23:00:00,A,MMAR1PC,PL,2005,90.2,,
ESTAT:DEMO_NIND(1.0),30/04/26 23:00:00,A,MMAR1PC,PL,2006,89.5,,
ESTAT:DEMO_NIND(1.0),30/04/26 23:00:00,A,MMAR1PC,PL,2007,89.3,,
ESTAT:DEMO_NIND(1.0),30/04/26 23:00:00,A,MMAR1PC,PL,2008,89.6,,
ESTAT:DEMO_NIND(1.0),30/04/26 23:00:00,A,MMAR1PC,PL,2009,89.2,,
ESTAT:DEMO_NIND(1.0),30/04/26 23:00:00,A,MMAR1PC,PL,2010,89.1,,
ESTAT:DEMO_NIND(1.0),30/04/26 23:00:00,A,MMAR1PC,PL,2011,88.6,,
ESTAT:DEMO_NIND(1.0),30/04/26 23:00:00,A,MMAR1PC,PL,2012,88.3,,
ESTAT:DEMO_NIND(1.0),30/04/26 23:00:00,A,MMAR1PC,PL,2013,87.2,,
ESTAT:DEMO_NIND(1.0),30/04/26 23:00:00,A,MMAR1PC,PL,2014,87.2,,
ESTAT:DEMO_NIND(1.0),30/04/26 23:00:00,A,MMAR1PC,PL,2015,86.8,,
ESTAT:DEMO_NIND(1.0),30/04/26 23:00:00,A,MMAR1PC,PL,2016,86.2,,
ESTAT:DEMO_NIND(1.0),30/04/26 23:00:00,A,MMAR1PC,PL,2017,85.7,,
ESTAT:DEMO_NIND(1.0),30/04/26 23:00:00,A,MMAR1PC,PL,2018,85.5,,
ESTAT:DEMO_NIND(1.0),30/04/26 23:00:00,A,MMAR1PC,PL,2019,84.5,,
ESTAT:DEMO_NIND(1.0),30/04/26 23:00:00,A,MMAR1PC,PL,2020,83.4,,
ESTAT:DEMO_NIND(1.0),30/04/26 23:00:00,A,MMAR1PC,PL,2021,84.1,,
ESTAT:DEMO_NIND(1.0),30/04/26 23:00:00,A,MMAR1PC,PL,2022,82.2,,
ESTAT:DEMO_NIND(1.0),30/04/26 23:00:00,A,MMAR1PC,PL,2023,81.9,,
ESTAT:DEMO_NIND(1.0),30/04/26 23:00:00,A,MMAR1PC,PL,2024,80.6,,
ESTAT:DEMO_NIND(1.0),30/04/26 23:00:00,A,MMAR1PC,PT,1960,95.9,,
ESTAT:DEMO_NIND(1.0),30/04/26 23:00:00,A,MMAR1PC,PT,1961,96.1,,
ESTAT:DEMO_NIND(1.0),30/04/26 23:00:00,A,MMAR1PC,PT,1962,95.7,,
ESTAT:DEMO_NIND(1.0),30/04/26 23:00:00,A,MMAR1PC,PT,1963,95.8,,
ESTAT:DEMO_NIND(1.0),30/04/26 23:00:00,A,MMAR1PC,PT,1964,95.9,,
ESTAT:DEMO_NIND(1.0),30/04/26 23:00:00,A,MMAR1PC,PT,1965,96.0,,
ESTAT:DEMO_NIND(1.0),30/04/26 23:00:00,A,MMAR1PC,PT,1966,96.1,,
ESTAT:DEMO_NIND(1.0),30/04/26 23:00:00,A,MMAR1PC,PT,1967,96.1,,
ESTAT:DEMO_NIND(1.0),30/04/26 23:00:00,A,MMAR1PC,PT,1968,96.1,,
ESTAT:DEMO_NIND(1.0),30/04/26 23:00:00,A,MMAR1PC,PT,1969,96.2,,
ESTAT:DEMO_NIND(1.0),30/04/26 23:00:00,A,MMAR1PC,PT,1970,96.4,,
ESTAT:DEMO_NIND(1.0),30/04/26 23:00:00,A,MMAR1PC,PT,1971,96.3,,
ESTAT:DEMO_NIND(1.0),30/04/26 23:00:00,A,MMAR1PC,PT,1972,96.2,,
ESTAT:DEMO_NIND(1.0),30/04/26 23:00:00,A,MMAR1PC,PT,1973,96.1,,
ESTAT:DEMO_NIND(1.0),30/04/26 23:00:00,A,MMAR1PC,PT,1974,96.3,,
ESTAT:DEMO_NIND(1.0),30/04/26 23:00:00,A,MMAR1PC,PT,1975,96.0,,
ESTAT:DEMO_NIND(1.0),30/04/26 23:00:00,A,MMAR1PC,PT,1976,93.7,,
ESTAT:DEMO_NIND(1.0),30/04/26 23:00:00,A,MMAR1PC,PT,1977,92.1,,
ESTAT:DEMO_NIND(1.0),30/04/26 23:00:00,A,MMAR1PC,PT,1978,91.8,,
ESTAT:DEMO_NIND(1.0),30/04/26 23:00:00,A,MMAR1PC,PT,1979,92.1,,
ESTAT:DEMO_NIND(1.0),30/04/26 23:00:00,A,MMAR1PC,PT,1980,91.9,,
ESTAT:DEMO_NIND(1.0),30/04/26 23:00:00,A,MMAR1PC,PT,1981,92.0,,
ESTAT:DEMO_NIND(1.0),30/04/26 23:00:00,A,MMAR1PC,PT,1982,91.9,,
ESTAT:DEMO_NIND(1.0),30/04/26 23:00:00,A,MMAR1PC,PT,1983,92.1,,
ESTAT:DEMO_NIND(1.0),30/04/26 23:00:00,A,MMAR1PC,PT,1984,91.7,,
ESTAT:DEMO_NIND(1.0),30/04/26 23:00:00,A,MMAR1PC,PT,1985,91.4,,
ESTAT:DEMO_NIND(1.0),30/04/26 23:00:00,A,MMAR1PC,PT,1986,91.4,,
ESTAT:DEMO_NIND(1.0),30/04/26 23:00:00,A,MMAR1PC,PT,1987,91.3,,
ESTAT:DEMO_NIND(1.0),30/04/26 23:00:00,A,MMAR1PC,PT,1988,91.5,,
ESTAT:DEMO_NIND(1.0),30/04/26 23:00:00,A,MMAR1PC,PT,1989,91.6,,
ESTAT:DEMO_NIND(1.0),30/04/26 23:00:00,A,MMAR1PC,PT,1990,91.7,,
ESTAT:DEMO_NIND(1.0),30/04/26 23:00:00,A,MMAR1PC,PT,1991,91.5,,
ESTAT:DEMO_NIND(1.0),30/04/26 23:00:00,A,MMAR1PC,PT,1992,91.4,,
ESTAT:DEMO_NIND(1.0),30/04/26 23:00:00,A,MMAR1PC,PT,1993,91.6,,
ESTAT:DEMO_NIND(1.0),30/04/26 23:00:00,A,MMAR1PC,PT,1994,91.3,,
ESTAT:DEMO_NIND(1.0),30/04/26 23:00:00,A,MMAR1PC,PT,1995,90.8,,
ESTAT:DEMO_NIND(1.0),30/04/26 23:00:00,A,MMAR1PC,PT,1996,90.4,,
ESTAT:DEMO_NIND(1.0),30/04/26 23:00:00,A,MMAR1PC,PT,1997,90.8,,
ESTAT:DEMO_NIND(1.0),30/04/26 23:00:00,A,MMAR1PC,PT,1998,90.6,,
ESTAT:DEMO_NIND(1.0),30/04/26 23:00:00,A,MMAR1PC,PT,1999,90.6,,
ESTAT:DEMO_NIND(1.0),30/04/26 23:00:00,A,MMAR1PC,PT,2000,90.0,,
ESTAT:DEMO_NIND(1.0),30/04/26 23:00:00,A,MMAR1PC,PT,2001,89.1,,
ESTAT:DEMO_NIND(1.0),30/04/26 23:00:00,A,MMAR1PC,PT,2002,89.2,,
ESTAT:DEMO_NIND(1.0),30/04/26 23:00:00,A,MMAR1PC,PT,2003,87.7,,
ESTAT:DEMO_NIND(1.0),30/04/26 23:00:00,A,MMAR1PC,PT,2004,86.9,,
ESTAT:DEMO_NIND(1.0),30/04/26 23:00:00,A,MMAR1PC,PT,2005,86.0,,
ESTAT:DEMO_NIND(1.0),30/04/26 23:00:00,A,MMAR1PC,PT,2006,84.7,,
ESTAT:DEMO_NIND(1.0),30/04/26 23:00:00,A,MMAR1PC,PT,2007,83.0,,
ESTAT:DEMO_NIND(1.0),30/04/26 23:00:00,A,MMAR1PC,PT,2008,82.7,,
ESTAT:DEMO_NIND(1.0),30/04/26 23:00:00,A,MMAR1PC,PT,2009,81.2,,
ESTAT:DEMO_NIND(1.0),30/04/26 23:00:00,A,MMAR1PC,PT,2010,80.6,,
ESTAT:DEMO_NIND(1.0),30/04/26 23:00:00,A,MMAR1PC,PT,2011,79.0,,
ESTAT:DEMO_NIND(1.0),30/04/26 23:00:00,A,MMAR1PC,PT,2012,79.4,,
ESTAT:DEMO_NIND(1.0),30/04/26 23:00:00,A,MMAR1PC,PT,2013,78.8,,
ESTAT:DEMO_NIND(1.0),30/04/26 23:00:00,A,MMAR1PC,PT,2014,78.2,,
ESTAT:DEMO_NIND(1.0),30/04/26 23:00:00,A,MMAR1PC,PT,2015,77.9,,
ESTAT:DEMO_NIND(1.0),30/04/26 23:00:00,A,MMAR1PC,PT,2016,77.0,,
ESTAT:DEMO_NIND(1.0),30/04/26 23:00:00,A,MMAR1PC,PT,2017,75.9,,
ESTAT:DEMO_NIND(1.0),30/04/26 23:00:00,A,MMAR1PC,PT,2018,75.4,,
ESTAT:DEMO_NIND(1.0),30/04/26 23:00:00,A,MMAR1PC,PT,2019,74.1,,
ESTAT:DEMO_NIND(1.0),30/04/26 23:00:00,A,MMAR1PC,PT,2020,68.0,,
ESTAT:DEMO_NIND(1.0),30/04/26 23:00:00,A,MMAR1PC,PT,2021,74.7,,
ESTAT:DEMO_NIND(1.0),30/04/26 23:00:00,A,MMAR1PC,PT,2022,73.5,,
ESTAT:DEMO_NIND(1.0),30/04/26 23:00:00,A,MMAR1PC,PT,2023,73.1,,
ESTAT:DEMO_NIND(1.0),30/04/26 23:00:00,A,MMAR1PC,PT,2024,73.9,,
ESTAT:DEMO_NIND(1.0),30/04/26 23:00:00,A,MMAR1PC,RO,1995,85.8,,
ESTAT:DEMO_NIND(1.0),30/04/26 23:00:00,A,MMAR1PC,RO,1996,85.8,,
ESTAT:DEMO_NIND(1.0),30/04/26 23:00:00,A,MMAR1PC,RO,1997,85.6,,
ESTAT:DEMO_NIND(1.0),30/04/26 23:00:00,A,MMAR1PC,RO,1998,85.2,,
ESTAT:DEMO_NIND(1.0),30/04/26 23:00:00,A,MMAR1PC,RO,1999,85.4,,
ESTAT:DEMO_NIND(1.0),30/04/26 23:00:00,A,MMAR1PC,RO,2000,85.0,,
ESTAT:DEMO_NIND(1.0),30/04/26 23:00:00,A,MMAR1PC,RO,2001,84.7,,
ESTAT:DEMO_NIND(1.0),30/04/26 23:00:00,A,MMAR1PC,RO,2002,84.8,,
ESTAT:DEMO_NIND(1.0),30/04/26 23:00:00,A,MMAR1PC,RO,2003,85.0,,
ESTAT:DEMO_NIND(1.0),30/04/26 23:00:00,A,MMAR1PC,RO,2004,84.7,,
ESTAT:DEMO_NIND(1.0),30/04/26 23:00:00,A,MMAR1PC,RO,2005,84.1,,
ESTAT:DEMO_NIND(1.0),30/04/26 23:00:00,A,MMAR1PC,RO,2006,84.3,,
ESTAT:DEMO_NIND(1.0),30/04/26 23:00:00,A,MMAR1PC,RO,2007,88.4,,
ESTAT:DEMO_NIND(1.0),30/04/26 23:00:00,A,MMAR1PC,RO,2008,85.2,,
ESTAT:DEMO_NIND(1.0),30/04/26 23:00:00,A,MMAR1PC,RO,2009,86.5,,
ESTAT:DEMO_NIND(1.0),30/04/26 23:00:00,A,MMAR1PC,RO,2010,86.3,,
ESTAT:DEMO_NIND(1.0),30/04/26 23:00:00,A,MMAR1PC,RO,2011,85.3,,
ESTAT:DEMO_NIND(1.0),30/04/26 23:00:00,A,MMAR1PC,RO,2013,85.1,,
ESTAT:DEMO_NIND(1.0),30/04/26 23:00:00,A,MMAR1PC,RO,2014,85.8,,
ESTAT:DEMO_NIND(1.0),30/04/26 23:00:00,A,MMAR1PC,RO,2015,85.9,,
ESTAT:DEMO_NIND(1.0),30/04/26 23:00:00,A,MMAR1PC,RO,2016,85.7,,
ESTAT:DEMO_NIND(1.0),30/04/26 23:00:00,A,MMAR1PC,RO,2017,86.1,,
ESTAT:DEMO_NIND(1.0),30/04/26 23:00:00,A,MMAR1PC,RO,2018,85.7,,
ESTAT:DEMO_NIND(1.0),30/04/26 23:00:00,A,MMAR1PC,RO,2019,84.4,,
ESTAT:DEMO_NIND(1.0),30/04/26 23:00:00,A,MMAR1PC,RO,2020,82.3,,
ESTAT:DEMO_NIND(1.0),30/04/26 23:00:00,A,MMAR1PC,RO,2021,84.5,,
ESTAT:DEMO_NIND(1.0),30/04/26 23:00:00,A,MMAR1PC,RO,2022,84.0,,
ESTAT:DEMO_NIND(1.0),30/04/26 23:00:00,A,MMAR1PC,RO,2023,84.1,,
ESTAT:DEMO_NIND(1.0),30/04/26 23:00:00,A,MMAR1PC,RO,2024,85.9,,
ESTAT:DEMO_NIND(1.0),30/04/26 23:00:00,A,MMAR1PC,RS,2000,86.3,,
ESTAT:DEMO_NIND(1.0),30/04/26 23:00:00,A,MMAR1PC,RS,2001,85.8,,
ESTAT:DEMO_NIND(1.0),30/04/26 23:00:00,A,MMAR1PC,RS,2002,85.7,,
ESTAT:DEMO_NIND(1.0),30/04/26 23:00:00,A,MMAR1PC,RS,2003,85.9,,
ESTAT:DEMO_NIND(1.0),30/04/26 23:00:00,A,MMAR1PC,RS,2004,85.3,,
ESTAT:DEMO_NIND(1.0),30/04/26 23:00:00,A,MMAR1PC,RS,2005,86.0,,
ESTAT:DEMO_NIND(1.0),30/04/26 23:00:00,A,MMAR1PC,RS,2006,85.9,,
ESTAT:DEMO_NIND(1.0),30/04/26 23:00:00,A,MMAR1PC,RS,2007,86.1,,
ESTAT:DEMO_NIND(1.0),30/04/26 23:00:00,A,MMAR1PC,RS,2008,86.9,,
ESTAT:DEMO_NIND(1.0),30/04/26 23:00:00,A,MMAR1PC,RS,2009,86.7,,
ESTAT:DEMO_NIND(1.0),30/04/26 23:00:00,A,MMAR1PC,RS,2010,87.6,,
ESTAT:DEMO_NIND(1.0),30/04/26 23:00:00,A,MMAR1PC,RS,2011,87.8,,
ESTAT:DEMO_NIND(1.0),30/04/26 23:00:00,A,MMAR1PC,RS,2012,87.7,,
ESTAT:DEMO_NIND(1.0),30/04/26 23:00:00,A,MMAR1PC,RS,2013,87.5,,
ESTAT:DEMO_NIND(1.0),30/04/26 23:00:00,A,MMAR1PC,RS,2014,87.4,,
ESTAT:DEMO_NIND(1.0),30/04/26 23:00:00,A,MMAR1PC,RS,2015,86.8,,
ESTAT:DEMO_NIND(1.0),30/04/26 23:00:00,A,MMAR1PC,RS,2016,86.3,,
ESTAT:DEMO_NIND(1.0),30/04/26 23:00:00,A,MMAR1PC,RS,2017,85.7,,
ESTAT:DEMO_NIND(1.0),30/04/26 23:00:00,A,MMAR1PC,RS,2018,85.3,,
ESTAT:DEMO_NIND(1.0),30/04/26 23:00:00,A,MMAR1PC,RS,2019,84.8,,
ESTAT:DEMO_NIND(1.0),30/04/26 23:00:00,A,MMAR1PC,RS,2020,83.5,,
ESTAT:DEMO_NIND(1.0),30/04/26 23:00:00,A,MMAR1PC,RS,2021,86.0,,
ESTAT:DEMO_NIND(1.0),30/04/26 23:00:00,A,MMAR1PC,RS,2022,87.3,,
ESTAT:DEMO_NIND(1.0),30/04/26 23:00:00,A,MMAR1PC,RS,2023,87.1,,
ESTAT:DEMO_NIND(1.0),30/04/26 23:00:00,A,MMAR1PC,RS,2024,87.4,,
ESTAT:DEMO_NIND(1.0),30/04/26 23:00:00,A,MMAR1PC,RU,2006,74.5,,
ESTAT:DEMO_NIND(1.0),30/04/26 23:00:00,A,MMAR1PC,RU,2008,73.6,,
ESTAT:DEMO_NIND(1.0),30/04/26 23:00:00,A,MMAR1PC,RU,2009,73.2,,
ESTAT:DEMO_NIND(1.0),30/04/26 23:00:00,A,MMAR1PC,RU,2011,70.0,,
ESTAT:DEMO_NIND(1.0),30/04/26 23:00:00,A,MMAR1PC,RU,2013,71.2,,
ESTAT:DEMO_NIND(1.0),30/04/26 23:00:00,A,MMAR1PC,RU,2014,71.1,,
ESTAT:DEMO_NIND(1.0),30/04/26 23:00:00,A,MMAR1PC,SE,1960,87.6,,
ESTAT:DEMO_NIND(1.0),30/04/26 23:00:00,A,MMAR1PC,SE,1961,87.9,,
ESTAT:DEMO_NIND(1.0),30/04/26 23:00:00,A,MMAR1PC,SE,1962,88.2,,
ESTAT:DEMO_NIND(1.0),30/04/26 23:00:00,A,MMAR1PC,SE,1963,88.8,,
ESTAT:DEMO_NIND(1.0),30/04/26 23:00:00,A,MMAR1PC,SE,1964,89.2,,
ESTAT:DEMO_NIND(1.0),30/04/26 23:00:00,A,MMAR1PC,SE,1965,89.9,,
ESTAT:DEMO_NIND(1.0),30/04/26 23:00:00,A,MMAR1PC,SE,1966,90.2,,
ESTAT:DEMO_NIND(1.0),30/04/26 23:00:00,A,MMAR1PC,SE,1967,90.1,,
ESTAT:DEMO_NIND(1.0),30/04/26 23:00:00,A,MMAR1PC,SE,1968,89.4,,
ESTAT:DEMO_NIND(1.0),30/04/26 23:00:00,A,MMAR1PC,SE,1969,88.7,,
ESTAT:DEMO_NIND(1.0),30/04/26 23:00:00,A,MMAR1PC,SE,1970,87.9,,
ESTAT:DEMO_NIND(1.0),30/04/26 23:00:00,A,MMAR1PC,SE,1971,87.6,,
ESTAT:DEMO_NIND(1.0),30/04/26 23:00:00,A,MMAR1PC,SE,1972,86.6,,
ESTAT:DEMO_NIND(1.0),30/04/26 23:00:00,A,MMAR1PC,SE,1973,85.5,,
ESTAT:DEMO_NIND(1.0),30/04/26 23:00:00,A,MMAR1PC,SE,1974,83.7,,
ESTAT:DEMO_NIND(1.0),30/04/26 23:00:00,A,MMAR1PC,SE,1975,81.6,,
ESTAT:DEMO_NIND(1.0),30/04/26 23:00:00,A,MMAR1PC,SE,1976,81.0,,
ESTAT:DEMO_NIND(1.0),30/04/26 23:00:00,A,MMAR1PC,SE,1977,79.8,,
ESTAT:DEMO_NIND(1.0),30/04/26 23:00:00,A,MMAR1PC,SE,1978,78.8,,
ESTAT:DEMO_NIND(1.0),30/04/26 23:00:00,A,MMAR1PC,SE,1979,78.0,,
ESTAT:DEMO_NIND(1.0),30/04/26 23:00:00,A,MMAR1PC,SE,1980,78.6,,
ESTAT:DEMO_NIND(1.0),30/04/26 23:00:00,A,MMAR1PC,SE,1981,78.6,,
ESTAT:DEMO_NIND(1.0),30/04/26 23:00:00,A,MMAR1PC,SE,1982,78.2,,
ESTAT:DEMO_NIND(1.0),30/04/26 23:00:00,A,MMAR1PC,SE,1983,77.6,,
ESTAT:DEMO_NIND(1.0),30/04/26 23:00:00,A,MMAR1PC,SE,1984,77.1,,
ESTAT:DEMO_NIND(1.0),30/04/26 23:00:00,A,MMAR1PC,SE,1985,76.7,,
ESTAT:DEMO_NIND(1.0),30/04/26 23:00:00,A,MMAR1PC,SE,1986,77.2,,
ESTAT:DEMO_NIND(1.0),30/04/26 23:00:00,A,MMAR1PC,SE,1987,77.3,,
ESTAT:DEMO_NIND(1.0),30/04/26 23:00:00,A,MMAR1PC,SE,1988,77.4,,
ESTAT:DEMO_NIND(1.0),30/04/26 23:00:00,A,MMAR1PC,SE,1989,80.3,,
ESTAT:DEMO_NIND(1.0),30/04/26 23:00:00,A,MMAR1PC,SE,1990,79.4,,
ESTAT:DEMO_NIND(1.0),30/04/26 23:00:00,A,MMAR1PC,SE,1991,78.5,,
ESTAT:DEMO_NIND(1.0),30/04/26 23:00:00,A,MMAR1PC,SE,1992,79.3,,
ESTAT:DEMO_NIND(1.0),30/04/26 23:00:00,A,MMAR1PC,SE,1993,78.9,,
ESTAT:DEMO_NIND(1.0),30/04/26 23:00:00,A,MMAR1PC,SE,1994,78.4,,
ESTAT:DEMO_NIND(1.0),30/04/26 23:00:00,A,MMAR1PC,SE,1996,78.4,,
ESTAT:DEMO_NIND(1.0),30/04/26 23:00:00,A,MMAR1PC,SE,1997,78.4,,
ESTAT:DEMO_NIND(1.0),30/04/26 23:00:00,A,MMAR1PC,SE,1998,73.0,,
ESTAT:DEMO_NIND(1.0),30/04/26 23:00:00,A,MMAR1PC,SE,1999,74.1,,
ESTAT:DEMO_NIND(1.0),30/04/26 23:00:00,A,MMAR1PC,SE,2000,73.9,,
ESTAT:DEMO_NIND(1.0),30/04/26 23:00:00,A,MMAR1PC,SE,2001,76.6,,
ESTAT:DEMO_NIND(1.0),30/04/26 23:00:00,A,MMAR1PC,SE,2002,71.6,,
ESTAT:DEMO_NIND(1.0),30/04/26 23:00:00,A,MMAR1PC,SE,2003,71.7,,
ESTAT:DEMO_NIND(1.0),30/04/26 23:00:00,A,MMAR1PC,SE,2004,71.0,,
ESTAT:DEMO_NIND(1.0),30/04/26 23:00:00,A,MMAR1PC,SE,2005,72.6,,
ESTAT:DEMO_NIND(1.0),30/04/26 23:00:00,A,MMAR1PC,SE,2006,72.1,,
ESTAT:DEMO_NIND(1.0),30/04/26 23:00:00,A,MMAR1PC,SE,2008,72.3,,
ESTAT:DEMO_NIND(1.0),30/04/26 23:00:00,A,MMAR1PC,SE,2009,71.2,,
ESTAT:DEMO_NIND(1.0),30/04/26 23:00:00,A,MMAR1PC,SE,2010,72.1,,
ESTAT:DEMO_NIND(1.0),30/04/26 23:00:00,A,MMAR1PC,SE,2011,73.7,,
ESTAT:DEMO_NIND(1.0),30/04/26 23:00:00,A,MMAR1PC,SE,2012,73.0,,
ESTAT:DEMO_NIND(1.0),30/04/26 23:00:00,A,MMAR1PC,SE,2013,70.9,,
ESTAT:DEMO_NIND(1.0),30/04/26 23:00:00,A,MMAR1PC,SE,2014,71.6,,
ESTAT:DEMO_NIND(1.0),30/04/26 23:00:00,A,MMAR1PC,SE,2015,71.8,,
ESTAT:DEMO_NIND(1.0),30/04/26 23:00:00,A,MMAR1PC,SE,2016,72.8,,
ESTAT:DEMO_NIND(1.0),30/04/26 23:00:00,A,MMAR1PC,SE,2017,73.6,,
ESTAT:DEMO_NIND(1.0),30/04/26 23:00:00,A,MMAR1PC,SE,2018,74.5,,
ESTAT:DEMO_NIND(1.0),30/04/26 23:00:00,A,MMAR1PC,SE,2019,74.2,,
ESTAT:DEMO_NIND(1.0),30/04/26 23:00:00,A,MMAR1PC,SE,2020,75.1,,
ESTAT:DEMO_NIND(1.0),30/04/26 23:00:00,A,MMAR1PC,SE,2021,74.8,,
ESTAT:DEMO_NIND(1.0),30/04/26 23:00:00,A,MMAR1PC,SE,2022,76.0,,
ESTAT:DEMO_NIND(1.0),30/04/26 23:00:00,A,MMAR1PC,SE,2023,76.0,,
ESTAT:DEMO_NIND(1.0),30/04/26 23:00:00,A,MMAR1PC,SE,2024,77.6,,
ESTAT:DEMO_NIND(1.0),30/04/26 23:00:00,A,MMAR1PC,SI,1996,88.9,,
ESTAT:DEMO_NIND(1.0),30/04/26 23:00:00,A,MMAR1PC,SI,1997,89.4,,
ESTAT:DEMO_NIND(1.0),30/04/26 23:00:00,A,MMAR1PC,SI,1998,89.7,,
ESTAT:DEMO_NIND(1.0),30/04/26 23:00:00,A,MMAR1PC,SI,1999,90.2,,
ESTAT:DEMO_NIND(1.0),30/04/26 23:00:00,A,MMAR1PC,SI,2000,90.2,,
ESTAT:DEMO_NIND(1.0),30/04/26 23:00:00,A,MMAR1PC,SI,2001,90.9,,
ESTAT:DEMO_NIND(1.0),30/04/26 23:00:00,A,MMAR1PC,SI,2002,89.6,,
ESTAT:DEMO_NIND(1.0),30/04/26 23:00:00,A,MMAR1PC,SI,2003,90.0,,
ESTAT:DEMO_NIND(1.0),30/04/26 23:00:00,A,MMAR1PC,SI,2004,89.9,,
ESTAT:DEMO_NIND(1.0),30/04/26 23:00:00,A,MMAR1PC,SI,2005,90.8,,
ESTAT:DEMO_NIND(1.0),30/04/26 23:00:00,A,MMAR1PC,SI,2006,89.3,,
ESTAT:DEMO_NIND(1.0),30/04/26 23:00:00,A,MMAR1PC,SI,2007,87.4,,
ESTAT:DEMO_NIND(1.0),30/04/26 23:00:00,A,MMAR1PC,SI,2008,85.3,,
ESTAT:DEMO_NIND(1.0),30/04/26 23:00:00,A,MMAR1PC,SI,2009,89.5,,
ESTAT:DEMO_NIND(1.0),30/04/26 23:00:00,A,MMAR1PC,SI,2010,88.8,,
ESTAT:DEMO_NIND(1.0),30/04/26 23:00:00,A,MMAR1PC,SI,2011,89.4,,
ESTAT:DEMO_NIND(1.0),30/04/26 23:00:00,A,MMAR1PC,SI,2012,89.5,,
ESTAT:DEMO_NIND(1.0),30/04/26 23:00:00,A,MMAR1PC,SI,2013,89.5,,
ESTAT:DEMO_NIND(1.0),30/04/26 23:00:00,A,MMAR1PC,SI,2014,89.4,,
ESTAT:DEMO_NIND(1.0),30/04/26 23:00:00,A,MMAR1PC,SI,2015,89.4,,
ESTAT:DEMO_NIND(1.0),30/04/26 23:00:00,A,MMAR1PC,SI,2016,88.8,,
ESTAT:DEMO_NIND(1.0),30/04/26 23:00:00,A,MMAR1PC,SI,2017,90.3,,
ESTAT:DEMO_NIND(1.0),30/04/26 23:00:00,A,MMAR1PC,SI,2018,88.1,,
ESTAT:DEMO_NIND(1.0),30/04/26 23:00:00,A,MMAR1PC,SI,2019,88.5,,
ESTAT:DEMO_NIND(1.0),30/04/26 23:00:00,A,MMAR1PC,SI,2020,88.6,,
ESTAT:DEMO_NIND(1.0),30/04/26 23:00:00,A,MMAR1PC,SI,2021,88.9,,
ESTAT:DEMO_NIND(1.0),30/04/26 23:00:00,A,MMAR1PC,SI,2022,88.7,,
ESTAT:DEMO_NIND(1.0),30/04/26 23:00:00,A,MMAR1PC,SI,2023,87.9,,
ESTAT:DEMO_NIND(1.0),30/04/26 23:00:00,A,MMAR1PC,SI,2024,89.5,,
ESTAT:DEMO_NIND(1.0),30/04/26 23:00:00,A,MMAR1PC,SK,1996,90.1,,
ESTAT:DEMO_NIND(1.0),30/04/26 23:00:00,A,MMAR1PC,SK,1999,88.0,,
ESTAT:DEMO_NIND(1.0),30/04/26 23:00:00,A,MMAR1PC,SK,2000,87.9,,
ESTAT:DEMO_NIND(1.0),30/04/26 23:00:00,A,MMAR1PC,SK,2001,87.2,,
ESTAT:DEMO_NIND(1.0),30/04/26 23:00:00,A,MMAR1PC,SK,2002,86.6,,
ESTAT:DEMO_NIND(1.0),30/04/26 23:00:00,A,MMAR1PC,SK,2003,86.4,,
ESTAT:DEMO_NIND(1.0),30/04/26 23:00:00,A,MMAR1PC,SK,2004,88.5,,
ESTAT:DEMO_NIND(1.0),30/04/26 23:00:00,A,MMAR1PC,SK,2005,86.8,,
ESTAT:DEMO_NIND(1.0),30/04/26 23:00:00,A,MMAR1PC,SK,2006,85.2,,
ESTAT:DEMO_NIND(1.0),30/04/26 23:00:00,A,MMAR1PC,SK,2007,84.7,,
ESTAT:DEMO_NIND(1.0),30/04/26 23:00:00,A,MMAR1PC,SK,2008,85.3,,
ESTAT:DEMO_NIND(1.0),30/04/26 23:00:00,A,MMAR1PC,SK,2009,85.9,,
ESTAT:DEMO_NIND(1.0),30/04/26 23:00:00,A,MMAR1PC,SK,2010,86.0,,
ESTAT:DEMO_NIND(1.0),30/04/26 23:00:00,A,MMAR1PC,SK,2012,85.4,,
ESTAT:DEMO_NIND(1.0),30/04/26 23:00:00,A,MMAR1PC,SK,2013,85.4,,
ESTAT:DEMO_NIND(1.0),30/04/26 23:00:00,A,MMAR1PC,SK,2014,85.5,,
ESTAT:DEMO_NIND(1.0),30/04/26 23:00:00,A,MMAR1PC,SK,2015,86.4,,
ESTAT:DEMO_NIND(1.0),30/04/26 23:00:00,A,MMAR1PC,SK,2016,85.6,,
ESTAT:DEMO_NIND(1.0),30/04/26 23:00:00,A,MMAR1PC,SK,2017,85.6,,
ESTAT:DEMO_NIND(1.0),30/04/26 23:00:00,A,MMAR1PC,SK,2018,85.2,,
ESTAT:DEMO_NIND(1.0),30/04/26 23:00:00,A,MMAR1PC,SK,2019,85.4,,
ESTAT:DEMO_NIND(1.0),30/04/26 23:00:00,A,MMAR1PC,SK,2020,83.9,,
ESTAT:DEMO_NIND(1.0),30/04/26 23:00:00,A,MMAR1PC,SK,2021,85.2,,
ESTAT:DEMO_NIND(1.0),30/04/26 23:00:00,A,MMAR1PC,SK,2022,83.4,,
ESTAT:DEMO_NIND(1.0),30/04/26 23:00:00,A,MMAR1PC,SK,2023,83.5,,
ESTAT:DEMO_NIND(1.0),30/04/26 23:00:00,A,MMAR1PC,SK,2024,82.7,,
ESTAT:DEMO_NIND(1.0),30/04/26 23:00:00,A,MMAR1PC,SM,2012,63.1,,
ESTAT:DEMO_NIND(1.0),30/04/26 23:00:00,A,MMAR1PC,TR,2003,92.0,,
ESTAT:DEMO_NIND(1.0),30/04/26 23:00:00,A,MMAR1PC,TR,2006,89.1,,
ESTAT:DEMO_NIND(1.0),30/04/26 23:00:00,A,MMAR1PC,TR,2007,89.2,,
ESTAT:DEMO_NIND(1.0),30/04/26 23:00:00,A,MMAR1PC,TR,2008,87.8,,
ESTAT:DEMO_NIND(1.0),30/04/26 23:00:00,A,MMAR1PC,TR,2009,86.9,,
ESTAT:DEMO_NIND(1.0),30/04/26 23:00:00,A,MMAR1PC,TR,2010,86.5,,
ESTAT:DEMO_NIND(1.0),30/04/26 23:00:00,A,MMAR1PC,TR,2011,86.0,,
ESTAT:DEMO_NIND(1.0),30/04/26 23:00:00,A,MMAR1PC,TR,2012,85.3,,
ESTAT:DEMO_NIND(1.0),30/04/26 23:00:00,A,MMAR1PC,TR,2013,85.6,,
ESTAT:DEMO_NIND(1.0),30/04/26 23:00:00,A,MMAR1PC,TR,2014,85.5,,
ESTAT:DEMO_NIND(1.0),30/04/26 23:00:00,A,MMAR1PC,TR,2015,85.3,,
ESTAT:DEMO_NIND(1.0),30/04/26 23:00:00,A,MMAR1PC,TR,2016,84.7,,
ESTAT:DEMO_NIND(1.0),30/04/26 23:00:00,A,MMAR1PC,TR,2017,84.9,,
ESTAT:DEMO_NIND(1.0),30/04/26 23:00:00,A,MMAR1PC,TR,2018,84.4,,
ESTAT:DEMO_NIND(1.0),30/04/26 23:00:00,A,MMAR1PC,TR,2019,84.1,,
ESTAT:DEMO_NIND(1.0),30/04/26 23:00:00,A,MMAR1PC,TR,2020,83.5,,
ESTAT:DEMO_NIND(1.0),30/04/26 23:00:00,A,MMAR1PC,TR,2022,83.1,,
ESTAT:DEMO_NIND(1.0),30/04/26 23:00:00,A,MMAR1PC,TR,2023,82.1,,
ESTAT:DEMO_NIND(1.0),30/04/26 23:00:00,A,MMAR1PC,TR,2024,82.4,,
ESTAT:DEMO_NIND(1.0),30/04/26 23:00:00,A,MMAR1PC,UA,2006,75.8,,
ESTAT:DEMO_NIND(1.0),30/04/26 23:00:00,A,MMAR1PC,UA,2007,76.4,,
ESTAT:DEMO_NIND(1.0),30/04/26 23:00:00,A,MMAR1PC,UA,2008,75.2,,
ESTAT:DEMO_NIND(1.0),30/04/26 23:00:00,A,MMAR1PC,UA,2010,75.8,,
ESTAT:DEMO_NIND(1.0),30/04/26 23:00:00,A,MMAR1PC,UA,2011,76.2,,
ESTAT:DEMO_NIND(1.0),30/04/26 23:00:00,A,MMAR1PC,UA,2012,75.3,,
ESTAT:DEMO_NIND(1.0),30/04/26 23:00:00,A,MMAR1PC,UA,2013,74.7,,
ESTAT:DEMO_NIND(1.0),30/04/26 23:00:00,A,MMAR1PC,UA,2014,74.2,,
ESTAT:DEMO_NIND(1.0),30/04/26 23:00:00,A,MMAR1PC,UA,2015,75.1,,
ESTAT:DEMO_NIND(1.0),30/04/26 23:00:00,A,MMAR1PC,UA,2016,74.1,,
ESTAT:DEMO_NIND(1.0),30/04/26 23:00:00,A,MMAR1PC,UA,2017,73.3,,
ESTAT:DEMO_NIND(1.0),30/04/26 23:00:00,A,MMAR1PC,UA,2018,72.2,,
ESTAT:DEMO_NIND(1.0),30/04/26 23:00:00,A,MMAR1PC,UA,2019,71.7,,
ESTAT:DEMO_NIND(1.0),30/04/26 23:00:00,A,MMAR1PC,UA,2020,70.5,,
ESTAT:DEMO_NIND(1.0),30/04/26 23:00:00,A,MMAR1PC,UA,2021,70.3,,
ESTAT:DEMO_NIND(1.0),30/04/26 23:00:00,A,MMAR1PC,UK,1960,89.6,,
ESTAT:DEMO_NIND(1.0),30/04/26 23:00:00,A,MMAR1PC,UK,1961,89.7,,
ESTAT:DEMO_NIND(1.0),30/04/26 23:00:00,A,MMAR1PC,UK,1962,89.6,,
ESTAT:DEMO_NIND(1.0),30/04/26 23:00:00,A,MMAR1PC,UK,1963,89.2,,
ESTAT:DEMO_NIND(1.0),30/04/26 23:00:00,A,MMAR1PC,UK,1964,89.0,,
ESTAT:DEMO_NIND(1.0),30/04/26 23:00:00,A,MMAR1PC,UK,1965,89.1,,
ESTAT:DEMO_NIND(1.0),30/04/26 23:00:00,A,MMAR1PC,UK,1966,88.8,,
ESTAT:DEMO_NIND(1.0),30/04/26 23:00:00,A,MMAR1PC,UK,1967,88.4,,
ESTAT:DEMO_NIND(1.0),30/04/26 23:00:00,A,MMAR1PC,UK,1968,88.4,,
ESTAT:DEMO_NIND(1.0),30/04/26 23:00:00,A,MMAR1PC,UK,1969,87.9,,
ESTAT:DEMO_NIND(1.0),30/04/26 23:00:00,A,MMAR1PC,UK,1970,87.6,,
ESTAT:DEMO_NIND(1.0),30/04/26 23:00:00,A,MMAR1PC,UK,1971,85.7,,
ESTAT:DEMO_NIND(1.0),30/04/26 23:00:00,A,MMAR1PC,UK,1972,81.8,,
ESTAT:DEMO_NIND(1.0),30/04/26 23:00:00,A,MMAR1PC,UK,1973,80.7,,
ESTAT:DEMO_NIND(1.0),30/04/26 23:00:00,A,MMAR1PC,UK,1974,79.8,,
ESTAT:DEMO_NIND(1.0),30/04/26 23:00:00,A,MMAR1PC,UK,1975,78.9,,
ESTAT:DEMO_NIND(1.0),30/04/26 23:00:00,A,MMAR1PC,UK,1976,77.7,,
ESTAT:DEMO_NIND(1.0),30/04/26 23:00:00,A,MMAR1PC,UK,1977,76.6,,
ESTAT:DEMO_NIND(1.0),30/04/26 23:00:00,A,MMAR1PC,UK,1978,75.5,,
ESTAT:DEMO_NIND(1.0),30/04/26 23:00:00,A,MMAR1PC,UK,1979,75.6,,
ESTAT:DEMO_NIND(1.0),30/04/26 23:00:00,A,MMAR1PC,UK,1980,75.2,,
ESTAT:DEMO_NIND(1.0),30/04/26 23:00:00,A,MMAR1PC,UK,1981,74.8,,
ESTAT:DEMO_NIND(1.0),30/04/26 23:00:00,A,MMAR1PC,UK,1982,74.5,,
ESTAT:DEMO_NIND(1.0),30/04/26 23:00:00,A,MMAR1PC,UK,1983,74.2,,
ESTAT:DEMO_NIND(1.0),30/04/26 23:00:00,A,MMAR1PC,UK,1984,74.2,,
ESTAT:DEMO_NIND(1.0),30/04/26 23:00:00,A,MMAR1PC,UK,1985,74.1,,
ESTAT:DEMO_NIND(1.0),30/04/26 23:00:00,A,MMAR1PC,UK,1986,73.7,,
ESTAT:DEMO_NIND(1.0),30/04/26 23:00:00,A,MMAR1PC,UK,1987,74.5,,
ESTAT:DEMO_NIND(1.0),30/04/26 23:00:00,A,MMAR1PC,UK,1988,73.5,,
ESTAT:DEMO_NIND(1.0),30/04/26 23:00:00,A,MMAR1PC,UK,1989,73.6,,
ESTAT:DEMO_NIND(1.0),30/04/26 23:00:00,A,MMAR1PC,UK,1990,73.7,,
ESTAT:DEMO_NIND(1.0),30/04/26 23:00:00,A,MMAR1PC,UK,1991,73.4,,
ESTAT:DEMO_NIND(1.0),30/04/26 23:00:00,A,MMAR1PC,UK,1992,72.6,,
ESTAT:DEMO_NIND(1.0),30/04/26 23:00:00,A,MMAR1PC,UK,1993,72.0,,
ESTAT:DEMO_NIND(1.0),30/04/26 23:00:00,A,MMAR1PC,UK,1994,71.4,,
ESTAT:DEMO_NIND(1.0),30/04/26 23:00:00,A,MMAR1PC,UK,1995,70.7,,
ESTAT:DEMO_NIND(1.0),30/04/26 23:00:00,A,MMAR1PC,UK,1996,69.9,,
ESTAT:DEMO_NIND(1.0),30/04/26 23:00:00,A,MMAR1PC,UK,1997,69.7,,
ESTAT:DEMO_NIND(1.0),30/04/26 23:00:00,A,MMAR1PC,UK,1998,70.2,,
ESTAT:DEMO_NIND(1.0),30/04/26 23:00:00,A,MMAR1PC,UK,1999,70.4,,
ESTAT:DEMO_NIND(1.0),30/04/26 23:00:00,A,MMAR1PC,UK,2000,69.9,,
ESTAT:DEMO_NIND(1.0),30/04/26 23:00:00,A,MMAR1PC,UK,2001,70.8,,
ESTAT:DEMO_NIND(1.0),30/04/26 23:00:00,A,MMAR1PC,UK,2002,70.4,,
ESTAT:DEMO_NIND(1.0),30/04/26 23:00:00,A,MMAR1PC,UK,2003,70.5,,
ESTAT:DEMO_NIND(1.0),30/04/26 23:00:00,A,MMAR1PC,UK,2007,71.8,,
ESTAT:DEMO_NIND(1.0),30/04/26 23:00:00,A,MMAR1PC,UK,2008,72.6,,
ESTAT:DEMO_NIND(1.0),30/04/26 23:00:00,A,MMAR1PC,UK,2012,75.0,,
ESTAT:DEMO_NIND(1.0),30/04/26 23:00:00,A,MMAR1PC,UK,2013,75.8,,
ESTAT:DEMO_NIND(1.0),30/04/26 23:00:00,A,MMAR1PC,UK,2015,75.4,,
ESTAT:DEMO_NIND(1.0),30/04/26 23:00:00,A,MMAR1PC,XK,2002,94.2,,
ESTAT:DEMO_NIND(1.0),30/04/26 23:00:00,A,MMAR1PC,XK,2003,90.7,,
ESTAT:DEMO_NIND(1.0),30/04/26 23:00:00,A,MMAR1PC,XK,2005,86.6,,
ESTAT:DEMO_NIND(1.0),30/04/26 23:00:00,A,MMAR1PC,XK,2006,85.4,,
ESTAT:DEMO_NIND(1.0),30/04/26 23:00:00,A,MMAR1PC,XK,2007,92.3,,
ESTAT:DEMO_NIND(1.0),30/04/26 23:00:00,A,MMAR1PC,XK,2008,87.9,,
ESTAT:DEMO_NIND(1.0),30/04/26 23:00:00,A,MMAR1PC,XK,2011,89.8,,
ESTAT:DEMO_NIND(1.0),30/04/26 23:00:00,A,MMAR1PC,XK,2015,91.1,,
ESTAT:DEMO_NIND(1.0),30/04/26 23:00:00,A,MMAR1PC,XK,2016,90.8,,
ESTAT:DEMO_NIND(1.0),30/04/26 23:00:00,A,MMAR1PC,XK,2017,91.2,,
ESTAT:DEMO_NIND(1.0),30/04/26 23:00:00,A,MMAR1PC,XK,2018,92.5,,
ESTAT:DEMO_NIND(1.0),30/04/26 23:00:00,A,MMAR1PC,XK,2019,92.5,,
