key,prop,val,,,,,,,,,,
RCDTS,observationAbout,{Data},measuredProperty,count,populationType,Student,assessmentType,DynamicLearningMaps,observationDate,2023,measurementDenominator,"-schoolSubject,-educationalAchievementLevel"
% Female students DLM Mathematics Approaching Target Grade 8,value,{Number},gender,Female,schoolSubject,Mathematics,educationalAchievementLevel,ApproachingTarget,schoolGradeLevel,SchoolGrade8,,
% Female students DLM Mathematics At Target Grade 8,value,{Number},gender,Female,schoolSubject,Mathematics,educationalAchievementLevel,AtTarget,schoolGradeLevel,SchoolGrade8,,
% Female students DLM Mathematics Advanced Grade 8,value,{Number},gender,Female,schoolSubject,Mathematics,educationalAchievementLevel,Advanced,schoolGradeLevel,SchoolGrade8,,
% Female students DLM Science Emerging Grade 8,value,{Number},gender,Female,schoolSubject,Science,educationalAchievementLevel,Emerging,schoolGradeLevel,SchoolGrade8,,
% Female students DLM Science Approaching Target Grade 8,value,{Number},gender,Female,schoolSubject,Science,educationalAchievementLevel,ApproachingTarget,schoolGradeLevel,SchoolGrade8,,
% Female students DLM Science At Target Grade 8,value,{Number},gender,Female,schoolSubject,Science,educationalAchievementLevel,AtTarget,schoolGradeLevel,SchoolGrade8,,
% Female students DLM Science Advanced Grade 8,value,{Number},gender,Female,schoolSubject,Science,educationalAchievementLevel,Advanced,schoolGradeLevel,SchoolGrade8,,
% White students DLM ELA Emerging Grade 8,value,{Number},race,White,schoolSubject,EnglishLanguageArts,educationalAchievementLevel,Emerging,schoolGradeLevel,SchoolGrade8,,
% White students DLM ELA Approaching Target Grade 8,value,{Number},race,White,schoolSubject,EnglishLanguageArts,educationalAchievementLevel,ApproachingTarget,schoolGradeLevel,SchoolGrade8,,
% White students DLM ELA At Target Grade 8,value,{Number},race,White,schoolSubject,EnglishLanguageArts,educationalAchievementLevel,AtTarget,schoolGradeLevel,SchoolGrade8,,
% White students DLM ELA Advanced Grade 8,value,{Number},race,White,schoolSubject,EnglishLanguageArts,educationalAchievementLevel,Advanced,schoolGradeLevel,SchoolGrade8,,
% White students DLM Mathematics Emerging Grade 8,value,{Number},race,White,schoolSubject,Mathematics,educationalAchievementLevel,Emerging,schoolGradeLevel,SchoolGrade8,,
% White students DLM Mathematics Approaching Target Grade 8,value,{Number},race,White,schoolSubject,Mathematics,educationalAchievementLevel,ApproachingTarget,schoolGradeLevel,SchoolGrade8,,
% White students DLM Mathematics At Target Grade 8,value,{Number},race,White,schoolSubject,Mathematics,educationalAchievementLevel,AtTarget,schoolGradeLevel,SchoolGrade8,,
% White students DLM Mathematics Advanced Grade 8,value,{Number},race,White,schoolSubject,Mathematics,educationalAchievementLevel,Advanced,schoolGradeLevel,SchoolGrade8,,
% White students DLM Science Emerging Grade 8,value,{Number},race,White,schoolSubject,Science,educationalAchievementLevel,Emerging,schoolGradeLevel,SchoolGrade8,,
% White students DLM Science Approaching Target Grade 8,value,{Number},race,White,schoolSubject,Science,educationalAchievementLevel,ApproachingTarget,schoolGradeLevel,SchoolGrade8,,
% White students DLM Science At Target Grade 8,value,{Number},race,White,schoolSubject,Science,educationalAchievementLevel,AtTarget,schoolGradeLevel,SchoolGrade8,,
% White students DLM Science Advanced Grade 8,value,{Number},race,White,schoolSubject,Science,educationalAchievementLevel,Advanced,schoolGradeLevel,SchoolGrade8,,
% Black or African American students DLM ELA Emerging Grade 8,value,{Number},race,BlackOrAfricanAmericanAlone,schoolSubject,EnglishLanguageArts,educationalAchievementLevel,Emerging,schoolGradeLevel,SchoolGrade8,,
% Black or African American students DLM ELA Approaching Target Grade 8,value,{Number},race,BlackOrAfricanAmericanAlone,schoolSubject,EnglishLanguageArts,educationalAchievementLevel,ApproachingTarget,schoolGradeLevel,SchoolGrade8,,
% Black or African American students DLM ELA At Target Grade 8,value,{Number},race,BlackOrAfricanAmericanAlone,schoolSubject,EnglishLanguageArts,educationalAchievementLevel,AtTarget,schoolGradeLevel,SchoolGrade8,,
% Black or African American students DLM ELA Advanced Grade 8,value,{Number},race,BlackOrAfricanAmericanAlone,schoolSubject,EnglishLanguageArts,educationalAchievementLevel,Advanced,schoolGradeLevel,SchoolGrade8,,
% Black or African American students DLM Mathematics Emerging Grade 8,value,{Number},race,BlackOrAfricanAmericanAlone,schoolSubject,Mathematics,educationalAchievementLevel,Emerging,schoolGradeLevel,SchoolGrade8,,
% Black or African American students DLM Mathematics Approaching Target Grade 8,value,{Number},race,BlackOrAfricanAmericanAlone,schoolSubject,Mathematics,educationalAchievementLevel,ApproachingTarget,schoolGradeLevel,SchoolGrade8,,
% Black or African American students DLM Mathematics At Target Grade 8,value,{Number},race,BlackOrAfricanAmericanAlone,schoolSubject,Mathematics,educationalAchievementLevel,AtTarget,schoolGradeLevel,SchoolGrade8,,
% Black or African American students DLM Mathematics Advanced Grade 8,value,{Number},race,BlackOrAfricanAmericanAlone,schoolSubject,Mathematics,educationalAchievementLevel,Advanced,schoolGradeLevel,SchoolGrade8,,
% Black or African American students DLM Science Emerging Grade 8,value,{Number},race,BlackOrAfricanAmericanAlone,schoolSubject,Science,educationalAchievementLevel,Emerging,schoolGradeLevel,SchoolGrade8,,
% Black or African American students DLM Science Approaching Target Grade 8,value,{Number},race,BlackOrAfricanAmericanAlone,schoolSubject,Science,educationalAchievementLevel,ApproachingTarget,schoolGradeLevel,SchoolGrade8,,
% Black or African American students DLM Science At Target Grade 8,value,{Number},race,BlackOrAfricanAmericanAlone,schoolSubject,Science,educationalAchievementLevel,AtTarget,schoolGradeLevel,SchoolGrade8,,
% Black or African American students DLM Science Advanced Grade 8,value,{Number},race,BlackOrAfricanAmericanAlone,schoolSubject,Science,educationalAchievementLevel,Advanced,schoolGradeLevel,SchoolGrade8,,
% Hispanic or Latino students DLM ELA Emerging Grade 8,value,{Number},ethnicity,HispanicOrLatino,schoolSubject,EnglishLanguageArts,educationalAchievementLevel,Emerging,schoolGradeLevel,SchoolGrade8,,
% Hispanic or Latino students DLM ELA Approaching Target Grade 8,value,{Number},ethnicity,HispanicOrLatino,schoolSubject,EnglishLanguageArts,educationalAchievementLevel,ApproachingTarget,schoolGradeLevel,SchoolGrade8,,
% Hispanic or Latino students DLM ELA At Target Grade 8,value,{Number},ethnicity,HispanicOrLatino,schoolSubject,EnglishLanguageArts,educationalAchievementLevel,AtTarget,schoolGradeLevel,SchoolGrade8,,
% Hispanic or Latino students DLM ELA Advanced Grade 8,value,{Number},ethnicity,HispanicOrLatino,schoolSubject,EnglishLanguageArts,educationalAchievementLevel,Advanced,schoolGradeLevel,SchoolGrade8,,
% Hispanic or Latino students DLM Mathematics Emerging Grade 8,value,{Number},ethnicity,HispanicOrLatino,schoolSubject,Mathematics,educationalAchievementLevel,Emerging,schoolGradeLevel,SchoolGrade8,,
% Hispanic or Latino students DLM Mathematics Approaching Target Grade 8,value,{Number},ethnicity,HispanicOrLatino,schoolSubject,Mathematics,educationalAchievementLevel,ApproachingTarget,schoolGradeLevel,SchoolGrade8,,
% Hispanic or Latino students DLM Mathematics At Target Grade 8,value,{Number},ethnicity,HispanicOrLatino,schoolSubject,Mathematics,educationalAchievementLevel,AtTarget,schoolGradeLevel,SchoolGrade8,,
% Hispanic or Latino students DLM Mathematics Advanced Grade 8,value,{Number},ethnicity,HispanicOrLatino,schoolSubject,Mathematics,educationalAchievementLevel,Advanced,schoolGradeLevel,SchoolGrade8,,
% Hispanic or Latino students DLM Science Emerging Grade 8,value,{Number},ethnicity,HispanicOrLatino,schoolSubject,Science,educationalAchievementLevel,Emerging,schoolGradeLevel,SchoolGrade8,,
% Hispanic or Latino students DLM Science Approaching Target Grade 8,value,{Number},ethnicity,HispanicOrLatino,schoolSubject,Science,educationalAchievementLevel,ApproachingTarget,schoolGradeLevel,SchoolGrade8,,
% Hispanic or Latino students DLM Science At Target Grade 8,value,{Number},ethnicity,HispanicOrLatino,schoolSubject,Science,educationalAchievementLevel,AtTarget,schoolGradeLevel,SchoolGrade8,,
% Hispanic or Latino students DLM Science Advanced Grade 8,value,{Number},ethnicity,HispanicOrLatino,schoolSubject,Science,educationalAchievementLevel,Advanced,schoolGradeLevel,SchoolGrade8,,
% Asian students DLM ELA Emerging Grade 8,value,{Number},race,Asian,schoolSubject,EnglishLanguageArts,educationalAchievementLevel,Emerging,schoolGradeLevel,SchoolGrade8,,
% Asian students DLM ELA Approaching Target Grade 8,value,{Number},race,Asian,schoolSubject,EnglishLanguageArts,educationalAchievementLevel,ApproachingTarget,schoolGradeLevel,SchoolGrade8,,
% Asian students DLM ELA At Target Grade 8,value,{Number},race,Asian,schoolSubject,EnglishLanguageArts,educationalAchievementLevel,AtTarget,schoolGradeLevel,SchoolGrade8,,
% Asian students DLM ELA Advanced Grade 8,value,{Number},race,Asian,schoolSubject,EnglishLanguageArts,educationalAchievementLevel,Advanced,schoolGradeLevel,SchoolGrade8,,
% Asian students DLM Mathematics Emerging Grade 8,value,{Number},race,Asian,schoolSubject,Mathematics,educationalAchievementLevel,Emerging,schoolGradeLevel,SchoolGrade8,,
% Asian students DLM Mathematics Approaching Target Grade 8,value,{Number},race,Asian,schoolSubject,Mathematics,educationalAchievementLevel,ApproachingTarget,schoolGradeLevel,SchoolGrade8,,
% Asian students DLM Mathematics At Target Grade 8,value,{Number},race,Asian,schoolSubject,Mathematics,educationalAchievementLevel,AtTarget,schoolGradeLevel,SchoolGrade8,,
% Asian students DLM Mathematics Advanced Grade 8,value,{Number},race,Asian,schoolSubject,Mathematics,educationalAchievementLevel,Advanced,schoolGradeLevel,SchoolGrade8,,
% Asian students DLM Science Emerging Grade 8,value,{Number},race,Asian,schoolSubject,Science,educationalAchievementLevel,Emerging,schoolGradeLevel,SchoolGrade8,,
% Asian students DLM Science Approaching Target Grade 8,value,{Number},race,Asian,schoolSubject,Science,educationalAchievementLevel,ApproachingTarget,schoolGradeLevel,SchoolGrade8,,
% Asian students DLM Science At Target Grade 8,value,{Number},race,Asian,schoolSubject,Science,educationalAchievementLevel,AtTarget,schoolGradeLevel,SchoolGrade8,,
% Asian students DLM Science Advanced Grade 8,value,{Number},race,Asian,schoolSubject,Science,educationalAchievementLevel,Advanced,schoolGradeLevel,SchoolGrade8,,
% Native Hawaiian or Other Pacific Islander students DLM ELA Emerging Grade 8,value,{Number},race,NativeHawaiianOrOtherPacificIslanderAlone,schoolSubject,EnglishLanguageArts,educationalAchievementLevel,Emerging,schoolGradeLevel,SchoolGrade8,,
% Native Hawaiian or Other Pacific Islander students DLM ELA Approaching Target Grade 8,value,{Number},race,NativeHawaiianOrOtherPacificIslanderAlone,schoolSubject,EnglishLanguageArts,educationalAchievementLevel,ApproachingTarget,schoolGradeLevel,SchoolGrade8,,
% Native Hawaiian or Other Pacific Islander students DLM ELA At Target Grade 8,value,{Number},race,NativeHawaiianOrOtherPacificIslanderAlone,schoolSubject,EnglishLanguageArts,educationalAchievementLevel,AtTarget,schoolGradeLevel,SchoolGrade8,,
% Native Hawaiian or Other Pacific Islander students DLM ELA Advanced Grade 8,value,{Number},race,NativeHawaiianOrOtherPacificIslanderAlone,schoolSubject,EnglishLanguageArts,educationalAchievementLevel,Advanced,schoolGradeLevel,SchoolGrade8,,
% Native Hawaiian or Other Pacific Islander students DLM Mathematics Emerging Grade 8,value,{Number},race,NativeHawaiianOrOtherPacificIslanderAlone,schoolSubject,Mathematics,educationalAchievementLevel,Emerging,schoolGradeLevel,SchoolGrade8,,
% Native Hawaiian or Other Pacific Islander students DLM Mathematics Approaching Target Grade 8,value,{Number},race,NativeHawaiianOrOtherPacificIslanderAlone,schoolSubject,Mathematics,educationalAchievementLevel,ApproachingTarget,schoolGradeLevel,SchoolGrade8,,
% Native Hawaiian or Other Pacific Islander students DLM Mathematics At Target Grade 8,value,{Number},race,NativeHawaiianOrOtherPacificIslanderAlone,schoolSubject,Mathematics,educationalAchievementLevel,AtTarget,schoolGradeLevel,SchoolGrade8,,
% Native Hawaiian or Other Pacific Islander students DLM Mathematics Advanced Grade 8,value,{Number},race,NativeHawaiianOrOtherPacificIslanderAlone,schoolSubject,Mathematics,educationalAchievementLevel,Advanced,schoolGradeLevel,SchoolGrade8,,
% Native Hawaiian or Other Pacific Islander students DLM Science Emerging Grade 8,value,{Number},race,NativeHawaiianOrOtherPacificIslanderAlone,schoolSubject,Science,educationalAchievementLevel,Emerging,schoolGradeLevel,SchoolGrade8,,
% Native Hawaiian or Other Pacific Islander students DLM Science Approaching Target Grade 8,value,{Number},race,NativeHawaiianOrOtherPacificIslanderAlone,schoolSubject,Science,educationalAchievementLevel,ApproachingTarget,schoolGradeLevel,SchoolGrade8,,
% Native Hawaiian or Other Pacific Islander students DLM Science At Target Grade 8,value,{Number},race,NativeHawaiianOrOtherPacificIslanderAlone,schoolSubject,Science,educationalAchievementLevel,AtTarget,schoolGradeLevel,SchoolGrade8,,
% Native Hawaiian or Other Pacific Islander students DLM Science Advanced Grade 8,value,{Number},race,NativeHawaiianOrOtherPacificIslanderAlone,schoolSubject,Science,educationalAchievementLevel,Advanced,schoolGradeLevel,SchoolGrade8,,
% American Indian or Alaska Native students DLM ELA Emerging Grade 8,value,{Number},race,AmericanIndianAndAlaskaNativeAlone,schoolSubject,EnglishLanguageArts,educationalAchievementLevel,Emerging,schoolGradeLevel,SchoolGrade8,,
% American Indian or Alaska Native students DLM ELA Approaching Target Grade 8,value,{Number},race,AmericanIndianAndAlaskaNativeAlone,schoolSubject,EnglishLanguageArts,educationalAchievementLevel,ApproachingTarget,schoolGradeLevel,SchoolGrade8,,
% American Indian or Alaska Native students DLM ELA At Target Grade 8,value,{Number},race,AmericanIndianAndAlaskaNativeAlone,schoolSubject,EnglishLanguageArts,educationalAchievementLevel,AtTarget,schoolGradeLevel,SchoolGrade8,,
% American Indian or Alaska Native students DLM ELA Advanced Grade 8,value,{Number},race,AmericanIndianAndAlaskaNativeAlone,schoolSubject,EnglishLanguageArts,educationalAchievementLevel,Advanced,schoolGradeLevel,SchoolGrade8,,
% American Indian or Alaska Native students DLM Mathematics Emerging Grade 8,value,{Number},race,AmericanIndianAndAlaskaNativeAlone,schoolSubject,Mathematics,educationalAchievementLevel,Emerging,schoolGradeLevel,SchoolGrade8,,
% American Indian or Alaska Native students DLM Mathematics Approaching Target Grade 8,value,{Number},race,AmericanIndianAndAlaskaNativeAlone,schoolSubject,Mathematics,educationalAchievementLevel,ApproachingTarget,schoolGradeLevel,SchoolGrade8,,
% American Indian or Alaska Native students DLM Mathematics At Target Grade 8,value,{Number},race,AmericanIndianAndAlaskaNativeAlone,schoolSubject,Mathematics,educationalAchievementLevel,AtTarget,schoolGradeLevel,SchoolGrade8,,
% American Indian or Alaska Native students DLM Mathematics Advanced Grade 8,value,{Number},race,AmericanIndianAndAlaskaNativeAlone,schoolSubject,Mathematics,educationalAchievementLevel,Advanced,schoolGradeLevel,SchoolGrade8,,
% American Indian or Alaska Native students DLM Science Emerging Grade 8,value,{Number},race,AmericanIndianAndAlaskaNativeAlone,schoolSubject,Science,educationalAchievementLevel,Emerging,schoolGradeLevel,SchoolGrade8,,
% American Indian or Alaska Native students DLM Science Approaching Target Grade 8,value,{Number},race,AmericanIndianAndAlaskaNativeAlone,schoolSubject,Science,educationalAchievementLevel,ApproachingTarget,schoolGradeLevel,SchoolGrade8,,
% American Indian or Alaska Native students DLM Science At Target Grade 8,value,{Number},race,AmericanIndianAndAlaskaNativeAlone,schoolSubject,Science,educationalAchievementLevel,AtTarget,schoolGradeLevel,SchoolGrade8,,
% American Indian or Alaska Native students DLM Science Advanced Grade 8,value,{Number},race,AmericanIndianAndAlaskaNativeAlone,schoolSubject,Science,educationalAchievementLevel,Advanced,schoolGradeLevel,SchoolGrade8,,
% Two or More Race students DLM ELA Emerging Grade 8,value,{Number},race,TwoOrMoreRaces,schoolSubject,EnglishLanguageArts,educationalAchievementLevel,Emerging,schoolGradeLevel,SchoolGrade8,,
% Two or More Race students DLM ELA Approaching Target Grade 8,value,{Number},race,TwoOrMoreRaces,schoolSubject,EnglishLanguageArts,educationalAchievementLevel,ApproachingTarget,schoolGradeLevel,SchoolGrade8,,
% Two or More Race students DLM ELA At Target Grade 8,value,{Number},race,TwoOrMoreRaces,schoolSubject,EnglishLanguageArts,educationalAchievementLevel,AtTarget,schoolGradeLevel,SchoolGrade8,,
% Two or More Race students DLM ELA Advanced Grade 8,value,{Number},race,TwoOrMoreRaces,schoolSubject,EnglishLanguageArts,educationalAchievementLevel,Advanced,schoolGradeLevel,SchoolGrade8,,
% Two or More Race students DLM Mathematics Emerging Grade 8,value,{Number},race,TwoOrMoreRaces,schoolSubject,Mathematics,educationalAchievementLevel,Emerging,schoolGradeLevel,SchoolGrade8,,
% Two or More Race students DLM Mathematics Approaching Target Grade 8,value,{Number},race,TwoOrMoreRaces,schoolSubject,Mathematics,educationalAchievementLevel,ApproachingTarget,schoolGradeLevel,SchoolGrade8,,
% Two or More Race students DLM Mathematics At Target Grade 8,value,{Number},race,TwoOrMoreRaces,schoolSubject,Mathematics,educationalAchievementLevel,AtTarget,schoolGradeLevel,SchoolGrade8,,
% Two or More Race students DLM Mathematics Advanced Grade 8,value,{Number},race,TwoOrMoreRaces,schoolSubject,Mathematics,educationalAchievementLevel,Advanced,schoolGradeLevel,SchoolGrade8,,
% Two or More Races students DLM Science Emerging Grade 8,value,{Number},race,TwoOrMoreRaces,schoolSubject,Science,educationalAchievementLevel,Emerging,schoolGradeLevel,SchoolGrade8,,
% Two or More Races students DLM Science Approaching Target Grade 8,value,{Number},race,TwoOrMoreRaces,schoolSubject,Science,educationalAchievementLevel,ApproachingTarget,schoolGradeLevel,SchoolGrade8,,
% Two or More Races students DLM Science At Target Grade 8,value,{Number},race,TwoOrMoreRaces,schoolSubject,Science,educationalAchievementLevel,AtTarget,schoolGradeLevel,SchoolGrade8,,
% Two or More Races students DLM Science Advanced Grade 8,value,{Number},race,TwoOrMoreRaces,schoolSubject,Science,educationalAchievementLevel,Advanced,schoolGradeLevel,SchoolGrade8,,
% Children with Disabilities students DLM ELA Emerging Grade 8,value,{Number},disabilityStatus,WithDisability,schoolSubject,EnglishLanguageArts,educationalAchievementLevel,Emerging,schoolGradeLevel,SchoolGrade8,,
% Children with Disabilities students DLM ELA Approaching Target Grade 8,value,{Number},disabilityStatus,WithDisability,schoolSubject,EnglishLanguageArts,educationalAchievementLevel,ApproachingTarget,schoolGradeLevel,SchoolGrade8,,
% Children with Disabilities students DLM ELA At Target Grade 8,value,{Number},disabilityStatus,WithDisability,schoolSubject,EnglishLanguageArts,educationalAchievementLevel,AtTarget,schoolGradeLevel,SchoolGrade8,,
% Children with Disabilities students DLM ELA Advanced Grade 8,value,{Number},disabilityStatus,WithDisability,schoolSubject,EnglishLanguageArts,educationalAchievementLevel,Advanced,schoolGradeLevel,SchoolGrade8,,
% Children with Disabilities students DLM Mathematics Emerging Grade 8,value,{Number},disabilityStatus,WithDisability,schoolSubject,Mathematics,educationalAchievementLevel,Emerging,schoolGradeLevel,SchoolGrade8,,
% Children with Disabilities students DLM Mathematics Approaching Target Grade 8,value,{Number},disabilityStatus,WithDisability,schoolSubject,Mathematics,educationalAchievementLevel,ApproachingTarget,schoolGradeLevel,SchoolGrade8,,
% Children with Disabilities students DLM Mathematics At Target Grade 8,value,{Number},disabilityStatus,WithDisability,schoolSubject,Mathematics,educationalAchievementLevel,AtTarget,schoolGradeLevel,SchoolGrade8,,
% Children with Disabilities students DLM Mathematics Advanced Grade 8,value,{Number},disabilityStatus,WithDisability,schoolSubject,Mathematics,educationalAchievementLevel,Advanced,schoolGradeLevel,SchoolGrade8,,
% Children with Disabilities students DLM Science Emerging Grade 8,value,{Number},disabilityStatus,WithDisability,schoolSubject,Science,educationalAchievementLevel,Emerging,schoolGradeLevel,SchoolGrade8,,
% Children with Disabilities students DLM Science Approaching Target Grade 8,value,{Number},disabilityStatus,WithDisability,schoolSubject,Science,educationalAchievementLevel,ApproachingTarget,schoolGradeLevel,SchoolGrade8,,
% Children with Disabilities students DLM Science At Target Grade 8,value,{Number},disabilityStatus,WithDisability,schoolSubject,Science,educationalAchievementLevel,AtTarget,schoolGradeLevel,SchoolGrade8,,
% Children with Disabilities students DLM Science Advanced Grade 8,value,{Number},disabilityStatus,WithDisability,schoolSubject,Science,educationalAchievementLevel,Advanced,schoolGradeLevel,SchoolGrade8,,
% EL students DLM ELA Emerging Grade 8,value,{Number},languageLearned,EnglishLearner,schoolSubject,EnglishLanguageArts,educationalAchievementLevel,Emerging,schoolGradeLevel,SchoolGrade8,,
% EL students DLM ELA Approaching Target Grade 8,value,{Number},languageLearned,EnglishLearner,schoolSubject,EnglishLanguageArts,educationalAchievementLevel,ApproachingTarget,schoolGradeLevel,SchoolGrade8,,
% EL students DLM ELA At Target Grade 8,value,{Number},languageLearned,EnglishLearner,schoolSubject,EnglishLanguageArts,educationalAchievementLevel,AtTarget,schoolGradeLevel,SchoolGrade8,,
% EL students DLM ELA Advanced Grade 8,value,{Number},languageLearned,EnglishLearner,schoolSubject,EnglishLanguageArts,educationalAchievementLevel,Advanced,schoolGradeLevel,SchoolGrade8,,
% EL students DLM Mathematics Emerging Grade 8,value,{Number},languageLearned,EnglishLearner,schoolSubject,Mathematics,educationalAchievementLevel,Emerging,schoolGradeLevel,SchoolGrade8,,
% EL students DLM Mathematics Approaching Target Grade 8,value,{Number},languageLearned,EnglishLearner,schoolSubject,Mathematics,educationalAchievementLevel,ApproachingTarget,schoolGradeLevel,SchoolGrade8,,
% EL students DLM Mathematics At Target Grade 8,value,{Number},languageLearned,EnglishLearner,schoolSubject,Mathematics,educationalAchievementLevel,AtTarget,schoolGradeLevel,SchoolGrade8,,
% EL students DLM Mathematics Advanced Grade 8,value,{Number},languageLearned,EnglishLearner,schoolSubject,Mathematics,educationalAchievementLevel,Advanced,schoolGradeLevel,SchoolGrade8,,
% EL students DLM Science Emerging Grade 8,value,{Number},languageLearned,EnglishLearner,schoolSubject,Science,educationalAchievementLevel,Emerging,schoolGradeLevel,SchoolGrade8,,
% EL students DLM Science Approaching Target Grade 8,value,{Number},languageLearned,EnglishLearner,schoolSubject,Science,educationalAchievementLevel,ApproachingTarget,schoolGradeLevel,SchoolGrade8,,
% EL students DLM Science At Target Grade 8,value,{Number},languageLearned,EnglishLearner,schoolSubject,Science,educationalAchievementLevel,AtTarget,schoolGradeLevel,SchoolGrade8,,
% EL students DLM Science Advanced Grade 8,value,{Number},languageLearned,EnglishLearner,schoolSubject,Science,educationalAchievementLevel,Advanced,schoolGradeLevel,SchoolGrade8,,
% Low Income students DLM ELA Emerging Grade 8,value,{Number},incomeStatus,LowIncome,schoolSubject,EnglishLanguageArts,educationalAchievementLevel,Emerging,schoolGradeLevel,SchoolGrade8,,
% Low Income students DLM ELA Approaching Target Grade 8,value,{Number},incomeStatus,LowIncome,schoolSubject,EnglishLanguageArts,educationalAchievementLevel,ApproachingTarget,schoolGradeLevel,SchoolGrade8,,
% Low Income students DLM ELA At Target Grade 8,value,{Number},incomeStatus,LowIncome,schoolSubject,EnglishLanguageArts,educationalAchievementLevel,AtTarget,schoolGradeLevel,SchoolGrade8,,
% Low Income students DLM ELA Advanced Grade 8,value,{Number},incomeStatus,LowIncome,schoolSubject,EnglishLanguageArts,educationalAchievementLevel,Advanced,schoolGradeLevel,SchoolGrade8,,
% Low Income students DLM Mathematics Emerging Grade 8,value,{Number},incomeStatus,LowIncome,schoolSubject,Mathematics,educationalAchievementLevel,Emerging,schoolGradeLevel,SchoolGrade8,,
% Low Income students DLM Mathematics Approaching Target Grade 8,value,{Number},incomeStatus,LowIncome,schoolSubject,Mathematics,educationalAchievementLevel,ApproachingTarget,schoolGradeLevel,SchoolGrade8,,
% Low Income students DLM Mathematics At Target Grade 8,value,{Number},incomeStatus,LowIncome,schoolSubject,Mathematics,educationalAchievementLevel,AtTarget,schoolGradeLevel,SchoolGrade8,,
% Low Income students DLM Mathematics Advanced Grade 8,value,{Number},incomeStatus,LowIncome,schoolSubject,Mathematics,educationalAchievementLevel,Advanced,schoolGradeLevel,SchoolGrade8,,
% Low Income students DLM Science Emerging Grade 8,value,{Number},incomeStatus,LowIncome,schoolSubject,Science,educationalAchievementLevel,Emerging,schoolGradeLevel,SchoolGrade8,,
% Low Income students DLM Science Approaching Target Grade 8,value,{Number},incomeStatus,LowIncome,schoolSubject,Science,educationalAchievementLevel,ApproachingTarget,schoolGradeLevel,SchoolGrade8,,
% Low Income students DLM Science At Target Grade 8,value,{Number},incomeStatus,LowIncome,schoolSubject,Science,educationalAchievementLevel,AtTarget,schoolGradeLevel,SchoolGrade8,,
% Low Income students DLM Science Advanced Grade 8,value,{Number},incomeStatus,LowIncome,schoolSubject,Science,educationalAchievementLevel,Advanced,schoolGradeLevel,SchoolGrade8,,
% Non-Low Income students DLM ELA Emerging Grade 8,value,{Number},incomeStatus,NonLowIncome,schoolSubject,EnglishLanguageArts,educationalAchievementLevel,Emerging,schoolGradeLevel,SchoolGrade8,,
% Non-Low Income students DLM ELA Approaching Target Grade 8,value,{Number},incomeStatus,NonLowIncome,schoolSubject,EnglishLanguageArts,educationalAchievementLevel,ApproachingTarget,schoolGradeLevel,SchoolGrade8,,
% Non-Low Income students DLM ELA At Target Grade 8,value,{Number},incomeStatus,NonLowIncome,schoolSubject,EnglishLanguageArts,educationalAchievementLevel,AtTarget,schoolGradeLevel,SchoolGrade8,,
% Non-Low Income students DLM ELA Advanced Grade 8,value,{Number},incomeStatus,NonLowIncome,schoolSubject,EnglishLanguageArts,educationalAchievementLevel,Advanced,schoolGradeLevel,SchoolGrade8,,
% Non-Low Income students DLM Mathematics Emerging Grade 8,value,{Number},incomeStatus,NonLowIncome,schoolSubject,Mathematics,educationalAchievementLevel,Emerging,schoolGradeLevel,SchoolGrade8,,
% Non-Low Income students DLM Mathematics Approaching Target Grade 8,value,{Number},incomeStatus,NonLowIncome,schoolSubject,Mathematics,educationalAchievementLevel,ApproachingTarget,schoolGradeLevel,SchoolGrade8,,
% Non-Low Income students DLM Mathematics At Target Grade 8,value,{Number},incomeStatus,NonLowIncome,schoolSubject,Mathematics,educationalAchievementLevel,AtTarget,schoolGradeLevel,SchoolGrade8,,
% Non-Low Income students DLM Mathematics Advanced Grade 8,value,{Number},incomeStatus,NonLowIncome,schoolSubject,Mathematics,educationalAchievementLevel,Advanced,schoolGradeLevel,SchoolGrade8,,
% Non-Low Income students DLM Science Emerging Grade 8,value,{Number},incomeStatus,NonLowIncome,schoolSubject,Science,educationalAchievementLevel,Emerging,schoolGradeLevel,SchoolGrade8,,
% Non-Low Income students DLM Science Approaching Target Grade 8,value,{Number},incomeStatus,NonLowIncome,schoolSubject,Science,educationalAchievementLevel,ApproachingTarget,schoolGradeLevel,SchoolGrade8,,
% Non-Low Income students DLM Science At Target Grade 8,value,{Number},incomeStatus,NonLowIncome,schoolSubject,Science,educationalAchievementLevel,AtTarget,schoolGradeLevel,SchoolGrade8,,
% Non-Low Income students DLM Science Advanced Grade 8,value,{Number},incomeStatus,NonLowIncome,schoolSubject,Science,educationalAchievementLevel,Advanced,schoolGradeLevel,SchoolGrade8,,
% All students DLM ELA Emerging Grade 11,value,{Number},schoolSubject,EnglishLanguageArts,educationalAchievementLevel,Emerging,schoolGradeLevel,SchoolGrade11,,,,
% All students DLM ELA Approaching Target Grade 11,value,{Number},schoolSubject,EnglishLanguageArts,educationalAchievementLevel,ApproachingTarget,schoolGradeLevel,SchoolGrade11,,,,
% All students DLM ELA At Target Grade 11,value,{Number},schoolSubject,EnglishLanguageArts,educationalAchievementLevel,AtTarget,schoolGradeLevel,SchoolGrade11,,,,
% All students DLM ELA Advanced Grade 11,value,{Number},schoolSubject,EnglishLanguageArts,educationalAchievementLevel,Advanced,schoolGradeLevel,SchoolGrade11,,,,
% All students DLM Mathematics Emerging Grade 11,value,{Number},schoolSubject,Mathematics,educationalAchievementLevel,Emerging,schoolGradeLevel,SchoolGrade11,,,,
% All students DLM Mathematics Approaching Target Grade 11,value,{Number},schoolSubject,Mathematics,educationalAchievementLevel,ApproachingTarget,schoolGradeLevel,SchoolGrade11,,,,
% All students DLM Mathematics At Target Grade 11,value,{Number},schoolSubject,Mathematics,educationalAchievementLevel,AtTarget,schoolGradeLevel,SchoolGrade11,,,,
% All students DLM Mathematics Advanced Grade 11,value,{Number},schoolSubject,Mathematics,educationalAchievementLevel,Advanced,schoolGradeLevel,SchoolGrade11,,,,
% All students DLM Science Emerging Grade 11,value,{Number},schoolSubject,Science,educationalAchievementLevel,Emerging,schoolGradeLevel,SchoolGrade11,,,,
% All students DLM Science Approaching Target Grade 11,value,{Number},schoolSubject,Science,educationalAchievementLevel,ApproachingTarget,schoolGradeLevel,SchoolGrade11,,,,
% All students DLM Science At Target Grade 11,value,{Number},schoolSubject,Science,educationalAchievementLevel,AtTarget,schoolGradeLevel,SchoolGrade11,,,,
% All students DLM Science Advanced Grade 11,value,{Number},schoolSubject,Science,educationalAchievementLevel,Advanced,schoolGradeLevel,SchoolGrade11,,,,
% Male students DLM ELA Emerging Grade 11,value,{Number},gender,Male,schoolSubject,EnglishLanguageArts,educationalAchievementLevel,Emerging,schoolGradeLevel,SchoolGrade11,,
% Male students DLM ELA Approaching Target Grade 11,value,{Number},gender,Male,schoolSubject,EnglishLanguageArts,educationalAchievementLevel,ApproachingTarget,schoolGradeLevel,SchoolGrade11,,
% Male students DLM ELA At Target Grade 11,value,{Number},gender,Male,schoolSubject,EnglishLanguageArts,educationalAchievementLevel,AtTarget,schoolGradeLevel,SchoolGrade11,,
% Male students DLM ELA Advanced Grade 11,value,{Number},gender,Male,schoolSubject,EnglishLanguageArts,educationalAchievementLevel,Advanced,schoolGradeLevel,SchoolGrade11,,
% Male students DLM Mathematics Emerging Grade 11,value,{Number},gender,Male,schoolSubject,Mathematics,educationalAchievementLevel,Emerging,schoolGradeLevel,SchoolGrade11,,
% Male students DLM Mathematics Approaching Target Grade 11,value,{Number},gender,Male,schoolSubject,Mathematics,educationalAchievementLevel,ApproachingTarget,schoolGradeLevel,SchoolGrade11,,
% Male students DLM Mathematics At Target Grade 11,value,{Number},gender,Male,schoolSubject,Mathematics,educationalAchievementLevel,AtTarget,schoolGradeLevel,SchoolGrade11,,
% Male students DLM Mathematics Advanced Grade 11,value,{Number},gender,Male,schoolSubject,Mathematics,educationalAchievementLevel,Advanced,schoolGradeLevel,SchoolGrade11,,
% Male students DLM Science Emerging Grade 11,value,{Number},gender,Male,schoolSubject,Science,educationalAchievementLevel,Emerging,schoolGradeLevel,SchoolGrade11,,
% Male students DLM Science Approaching Target Grade 11,value,{Number},gender,Male,schoolSubject,Science,educationalAchievementLevel,ApproachingTarget,schoolGradeLevel,SchoolGrade11,,
% Male students DLM Science At Target Grade 11,value,{Number},gender,Male,schoolSubject,Science,educationalAchievementLevel,AtTarget,schoolGradeLevel,SchoolGrade11,,
% Male students DLM Science Advanced Grade 11,value,{Number},gender,Male,schoolSubject,Science,educationalAchievementLevel,Advanced,schoolGradeLevel,SchoolGrade11,,
% Female students DLM ELA Emerging Grade 11,value,{Number},gender,Female,schoolSubject,EnglishLanguageArts,educationalAchievementLevel,Emerging,schoolGradeLevel,SchoolGrade11,,
% Female students DLM ELA Approaching Target Grade 11,value,{Number},gender,Female,schoolSubject,EnglishLanguageArts,educationalAchievementLevel,ApproachingTarget,schoolGradeLevel,SchoolGrade11,,
% Female students DLM ELA At Target Grade 11,value,{Number},gender,Female,schoolSubject,EnglishLanguageArts,educationalAchievementLevel,AtTarget,schoolGradeLevel,SchoolGrade11,,
% Female students DLM ELA Advanced Grade 11,value,{Number},gender,Female,schoolSubject,EnglishLanguageArts,educationalAchievementLevel,Advanced,schoolGradeLevel,SchoolGrade11,,
% Female students DLM Mathematics Emerging Grade 11,value,{Number},gender,Female,schoolSubject,Mathematics,educationalAchievementLevel,Emerging,schoolGradeLevel,SchoolGrade11,,
% Female students DLM Mathematics Approaching Target Grade 11,value,{Number},gender,Female,schoolSubject,Mathematics,educationalAchievementLevel,ApproachingTarget,schoolGradeLevel,SchoolGrade11,,
% Female students DLM Mathematics At Target Grade 11,value,{Number},gender,Female,schoolSubject,Mathematics,educationalAchievementLevel,AtTarget,schoolGradeLevel,SchoolGrade11,,
% Female students DLM Mathematics Advanced Grade 11,value,{Number},gender,Female,schoolSubject,Mathematics,educationalAchievementLevel,Advanced,schoolGradeLevel,SchoolGrade11,,
% Female students DLM Science Emerging Grade 11,value,{Number},gender,Female,schoolSubject,Science,educationalAchievementLevel,Emerging,schoolGradeLevel,SchoolGrade11,,
% Female students DLM Science Approaching Target Grade 11,value,{Number},gender,Female,schoolSubject,Science,educationalAchievementLevel,ApproachingTarget,schoolGradeLevel,SchoolGrade11,,
% Female students DLM Science At Target Grade 11,value,{Number},gender,Female,schoolSubject,Science,educationalAchievementLevel,AtTarget,schoolGradeLevel,SchoolGrade11,,
% Female students DLM Science Advanced Grade 11,value,{Number},gender,Female,schoolSubject,Science,educationalAchievementLevel,Advanced,schoolGradeLevel,SchoolGrade11,,
% White students DLM ELA Emerging Grade 11,value,{Number},race,White,schoolSubject,EnglishLanguageArts,educationalAchievementLevel,Emerging,schoolGradeLevel,SchoolGrade11,,
% White students DLM ELA Approaching Target Grade 11,value,{Number},race,White,schoolSubject,EnglishLanguageArts,educationalAchievementLevel,ApproachingTarget,schoolGradeLevel,SchoolGrade11,,
% White students DLM ELA At Target Grade 11,value,{Number},race,White,schoolSubject,EnglishLanguageArts,educationalAchievementLevel,AtTarget,schoolGradeLevel,SchoolGrade11,,
% White students DLM ELA Advanced Grade 11,value,{Number},race,White,schoolSubject,EnglishLanguageArts,educationalAchievementLevel,Advanced,schoolGradeLevel,SchoolGrade11,,
% White students DLM Mathematics Emerging Grade 11,value,{Number},race,White,schoolSubject,Mathematics,educationalAchievementLevel,Emerging,schoolGradeLevel,SchoolGrade11,,
% White students DLM Mathematics Approaching Target Grade 11,value,{Number},race,White,schoolSubject,Mathematics,educationalAchievementLevel,ApproachingTarget,schoolGradeLevel,SchoolGrade11,,
% White students DLM Mathematics At Target Grade 11,value,{Number},race,White,schoolSubject,Mathematics,educationalAchievementLevel,AtTarget,schoolGradeLevel,SchoolGrade11,,
% White students DLM Mathematics Advanced Grade 11,value,{Number},race,White,schoolSubject,Mathematics,educationalAchievementLevel,Advanced,schoolGradeLevel,SchoolGrade11,,
% White students DLM Science Emerging Grade 11,value,{Number},race,White,schoolSubject,Science,educationalAchievementLevel,Emerging,schoolGradeLevel,SchoolGrade11,,
% White students DLM Science Approaching Target Grade 11,value,{Number},race,White,schoolSubject,Science,educationalAchievementLevel,ApproachingTarget,schoolGradeLevel,SchoolGrade11,,
% White students DLM Science At Target Grade 11,value,{Number},race,White,schoolSubject,Science,educationalAchievementLevel,AtTarget,schoolGradeLevel,SchoolGrade11,,
% White students DLM Science Advanced Grade 11,value,{Number},race,White,schoolSubject,Science,educationalAchievementLevel,Advanced,schoolGradeLevel,SchoolGrade11,,
% Black or African American students DLM ELA Emerging Grade 11,value,{Number},race,BlackOrAfricanAmericanAlone,schoolSubject,EnglishLanguageArts,educationalAchievementLevel,Emerging,schoolGradeLevel,SchoolGrade11,,
% Black or African American students DLM ELA Approaching Target Grade 11,value,{Number},race,BlackOrAfricanAmericanAlone,schoolSubject,EnglishLanguageArts,educationalAchievementLevel,ApproachingTarget,schoolGradeLevel,SchoolGrade11,,
% Black or African American students DLM ELA At Target Grade 11,value,{Number},race,BlackOrAfricanAmericanAlone,schoolSubject,EnglishLanguageArts,educationalAchievementLevel,AtTarget,schoolGradeLevel,SchoolGrade11,,
% Black or African American students DLM ELA Advanced Grade 11,value,{Number},race,BlackOrAfricanAmericanAlone,schoolSubject,EnglishLanguageArts,educationalAchievementLevel,Advanced,schoolGradeLevel,SchoolGrade11,,
% Black or African American students DLM Mathematics Emerging Grade 11,value,{Number},race,BlackOrAfricanAmericanAlone,schoolSubject,Mathematics,educationalAchievementLevel,Emerging,schoolGradeLevel,SchoolGrade11,,
% Black or African American students DLM Mathematics Approaching Target Grade 11,value,{Number},race,BlackOrAfricanAmericanAlone,schoolSubject,Mathematics,educationalAchievementLevel,ApproachingTarget,schoolGradeLevel,SchoolGrade11,,
% Black or African American students DLM Mathematics At Target Grade 11,value,{Number},race,BlackOrAfricanAmericanAlone,schoolSubject,Mathematics,educationalAchievementLevel,AtTarget,schoolGradeLevel,SchoolGrade11,,
% Black or African American students DLM Mathematics Advanced Grade 11,value,{Number},race,BlackOrAfricanAmericanAlone,schoolSubject,Mathematics,educationalAchievementLevel,Advanced,schoolGradeLevel,SchoolGrade11,,
% Black or African American students DLM Science Emerging Grade 11,value,{Number},race,BlackOrAfricanAmericanAlone,schoolSubject,Science,educationalAchievementLevel,Emerging,schoolGradeLevel,SchoolGrade11,,
% Black or African American students DLM Science Approaching Target Grade 11,value,{Number},race,BlackOrAfricanAmericanAlone,schoolSubject,Science,educationalAchievementLevel,ApproachingTarget,schoolGradeLevel,SchoolGrade11,,
% Black or African American students DLM Science At Target Grade 11,value,{Number},race,BlackOrAfricanAmericanAlone,schoolSubject,Science,educationalAchievementLevel,AtTarget,schoolGradeLevel,SchoolGrade11,,
% Black or African American students DLM Science Advanced Grade 11,value,{Number},race,BlackOrAfricanAmericanAlone,schoolSubject,Science,educationalAchievementLevel,Advanced,schoolGradeLevel,SchoolGrade11,,
% Hispanic or Latino students DLM ELA Emerging Grade 11,value,{Number},ethnicity,HispanicOrLatino,schoolSubject,EnglishLanguageArts,educationalAchievementLevel,Emerging,schoolGradeLevel,SchoolGrade11,,
% Hispanic or Latino students DLM ELA Approaching Target Grade 11,value,{Number},ethnicity,HispanicOrLatino,schoolSubject,EnglishLanguageArts,educationalAchievementLevel,ApproachingTarget,schoolGradeLevel,SchoolGrade11,,
% Hispanic or Latino students DLM ELA At Target Grade 11,value,{Number},ethnicity,HispanicOrLatino,schoolSubject,EnglishLanguageArts,educationalAchievementLevel,AtTarget,schoolGradeLevel,SchoolGrade11,,
% Hispanic or Latino students DLM ELA Advanced Grade 11,value,{Number},ethnicity,HispanicOrLatino,schoolSubject,EnglishLanguageArts,educationalAchievementLevel,Advanced,schoolGradeLevel,SchoolGrade11,,
% Hispanic or Latino students DLM Mathematics Emerging Grade 11,value,{Number},ethnicity,HispanicOrLatino,schoolSubject,Mathematics,educationalAchievementLevel,Emerging,schoolGradeLevel,SchoolGrade11,,
% Hispanic or Latino students DLM Mathematics Approaching Target Grade 11,value,{Number},ethnicity,HispanicOrLatino,schoolSubject,Mathematics,educationalAchievementLevel,ApproachingTarget,schoolGradeLevel,SchoolGrade11,,
% Hispanic or Latino students DLM Mathematics At Target Grade 11,value,{Number},ethnicity,HispanicOrLatino,schoolSubject,Mathematics,educationalAchievementLevel,AtTarget,schoolGradeLevel,SchoolGrade11,,
% Hispanic or Latino students DLM Mathematics Advanced Grade 11,value,{Number},ethnicity,HispanicOrLatino,schoolSubject,Mathematics,educationalAchievementLevel,Advanced,schoolGradeLevel,SchoolGrade11,,
% Hispanic or Latino students DLM Science Emerging Grade 11,value,{Number},ethnicity,HispanicOrLatino,schoolSubject,Science,educationalAchievementLevel,Emerging,schoolGradeLevel,SchoolGrade11,,
% Hispanic or Latino students DLM Science Approaching Target Grade 11,value,{Number},ethnicity,HispanicOrLatino,schoolSubject,Science,educationalAchievementLevel,ApproachingTarget,schoolGradeLevel,SchoolGrade11,,
% Hispanic or Latino students DLM Science At Target Grade 11,value,{Number},ethnicity,HispanicOrLatino,schoolSubject,Science,educationalAchievementLevel,AtTarget,schoolGradeLevel,SchoolGrade11,,
% Hispanic or Latino students DLM Science Advanced Grade 11,value,{Number},ethnicity,HispanicOrLatino,schoolSubject,Science,educationalAchievementLevel,Advanced,schoolGradeLevel,SchoolGrade11,,
% Asian students DLM ELA Emerging Grade 11,value,{Number},race,Asian,schoolSubject,EnglishLanguageArts,educationalAchievementLevel,Emerging,schoolGradeLevel,SchoolGrade11,,
% Asian students DLM ELA Approaching Target Grade 11,value,{Number},race,Asian,schoolSubject,EnglishLanguageArts,educationalAchievementLevel,ApproachingTarget,schoolGradeLevel,SchoolGrade11,,
% Asian students DLM ELA At Target Grade 11,value,{Number},race,Asian,schoolSubject,EnglishLanguageArts,educationalAchievementLevel,AtTarget,schoolGradeLevel,SchoolGrade11,,
% Asian students DLM ELA Advanced Grade 11,value,{Number},race,Asian,schoolSubject,EnglishLanguageArts,educationalAchievementLevel,Advanced,schoolGradeLevel,SchoolGrade11,,
% Asian students DLM Mathematics Emerging Grade 11,value,{Number},race,Asian,schoolSubject,Mathematics,educationalAchievementLevel,Emerging,schoolGradeLevel,SchoolGrade11,,
% Asian students DLM Mathematics Approaching Target Grade 11,value,{Number},race,Asian,schoolSubject,Mathematics,educationalAchievementLevel,ApproachingTarget,schoolGradeLevel,SchoolGrade11,,
% Asian students DLM Mathematics At Target Grade 11,value,{Number},race,Asian,schoolSubject,Mathematics,educationalAchievementLevel,AtTarget,schoolGradeLevel,SchoolGrade11,,
% Asian students DLM Mathematics Advanced Grade 11,value,{Number},race,Asian,schoolSubject,Mathematics,educationalAchievementLevel,Advanced,schoolGradeLevel,SchoolGrade11,,
% Asian students DLM Science Emerging Grade 11,value,{Number},race,Asian,schoolSubject,Science,educationalAchievementLevel,Emerging,schoolGradeLevel,SchoolGrade11,,
% Asian students DLM Science Approaching Target Grade 11,value,{Number},race,Asian,schoolSubject,Science,educationalAchievementLevel,ApproachingTarget,schoolGradeLevel,SchoolGrade11,,
% Asian students DLM Science At Target Grade 11,value,{Number},race,Asian,schoolSubject,Science,educationalAchievementLevel,AtTarget,schoolGradeLevel,SchoolGrade11,,
% Asian students DLM Science Advanced Grade 11,value,{Number},race,Asian,schoolSubject,Science,educationalAchievementLevel,Advanced,schoolGradeLevel,SchoolGrade11,,
% Native Hawaiian or Other Pacific Islander students DLM ELA Emerging Grade 11,value,{Number},race,NativeHawaiianOrOtherPacificIslanderAlone,schoolSubject,EnglishLanguageArts,educationalAchievementLevel,Emerging,schoolGradeLevel,SchoolGrade11,,
% Native Hawaiian or Other Pacific Islander students DLM ELA Approaching Target Grade 11,value,{Number},race,NativeHawaiianOrOtherPacificIslanderAlone,schoolSubject,EnglishLanguageArts,educationalAchievementLevel,ApproachingTarget,schoolGradeLevel,SchoolGrade11,,
% Native Hawaiian or Other Pacific Islander students DLM ELA At Target Grade 11,value,{Number},race,NativeHawaiianOrOtherPacificIslanderAlone,schoolSubject,EnglishLanguageArts,educationalAchievementLevel,AtTarget,schoolGradeLevel,SchoolGrade11,,
% Native Hawaiian or Other Pacific Islander students DLM ELA Advanced Grade 11,value,{Number},race,NativeHawaiianOrOtherPacificIslanderAlone,schoolSubject,EnglishLanguageArts,educationalAchievementLevel,Advanced,schoolGradeLevel,SchoolGrade11,,
% Native Hawaiian or Other Pacific Islander students DLM Mathematics Emerging Grade 11,value,{Number},race,NativeHawaiianOrOtherPacificIslanderAlone,schoolSubject,Mathematics,educationalAchievementLevel,Emerging,schoolGradeLevel,SchoolGrade11,,
% Native Hawaiian or Other Pacific Islander students DLM Mathematics Approaching Target Grade 11,value,{Number},race,NativeHawaiianOrOtherPacificIslanderAlone,schoolSubject,Mathematics,educationalAchievementLevel,ApproachingTarget,schoolGradeLevel,SchoolGrade11,,
% Native Hawaiian or Other Pacific Islander students DLM Mathematics At Target Grade 11,value,{Number},race,NativeHawaiianOrOtherPacificIslanderAlone,schoolSubject,Mathematics,educationalAchievementLevel,AtTarget,schoolGradeLevel,SchoolGrade11,,
% Native Hawaiian or Other Pacific Islander students DLM Mathematics Advanced Grade 11,value,{Number},race,NativeHawaiianOrOtherPacificIslanderAlone,schoolSubject,Mathematics,educationalAchievementLevel,Advanced,schoolGradeLevel,SchoolGrade11,,
% Native Hawaiian or Other Pacific Islander students DLM Science Emerging Grade 11,value,{Number},race,NativeHawaiianOrOtherPacificIslanderAlone,schoolSubject,Science,educationalAchievementLevel,Emerging,schoolGradeLevel,SchoolGrade11,,
% Native Hawaiian or Other Pacific Islander students DLM Science Approaching Target Grade 11,value,{Number},race,NativeHawaiianOrOtherPacificIslanderAlone,schoolSubject,Science,educationalAchievementLevel,ApproachingTarget,schoolGradeLevel,SchoolGrade11,,
% Native Hawaiian or Other Pacific Islander students DLM Science At Target Grade 11,value,{Number},race,NativeHawaiianOrOtherPacificIslanderAlone,schoolSubject,Science,educationalAchievementLevel,AtTarget,schoolGradeLevel,SchoolGrade11,,
% Native Hawaiian or Other Pacific Islander students DLM Science Advanced Grade 11,value,{Number},race,NativeHawaiianOrOtherPacificIslanderAlone,schoolSubject,Science,educationalAchievementLevel,Advanced,schoolGradeLevel,SchoolGrade11,,
% American Indian or Alaska Native students DLM ELA Emerging Grade 11,value,{Number},race,AmericanIndianAndAlaskaNativeAlone,schoolSubject,EnglishLanguageArts,educationalAchievementLevel,Emerging,schoolGradeLevel,SchoolGrade11,,
% American Indian or Alaska Native students DLM ELA Approaching Target Grade 11,value,{Number},race,AmericanIndianAndAlaskaNativeAlone,schoolSubject,EnglishLanguageArts,educationalAchievementLevel,ApproachingTarget,schoolGradeLevel,SchoolGrade11,,
% American Indian or Alaska Native students DLM ELA At Target Grade 11,value,{Number},race,AmericanIndianAndAlaskaNativeAlone,schoolSubject,EnglishLanguageArts,educationalAchievementLevel,AtTarget,schoolGradeLevel,SchoolGrade11,,
% American Indian or Alaska Native students DLM ELA Advanced Grade 11,value,{Number},race,AmericanIndianAndAlaskaNativeAlone,schoolSubject,EnglishLanguageArts,educationalAchievementLevel,Advanced,schoolGradeLevel,SchoolGrade11,,
% American Indian or Alaska Native students DLM Mathematics Emerging Grade 11,value,{Number},race,AmericanIndianAndAlaskaNativeAlone,schoolSubject,Mathematics,educationalAchievementLevel,Emerging,schoolGradeLevel,SchoolGrade11,,
% American Indian or Alaska Native students DLM Mathematics Approaching Target Grade 11,value,{Number},race,AmericanIndianAndAlaskaNativeAlone,schoolSubject,Mathematics,educationalAchievementLevel,ApproachingTarget,schoolGradeLevel,SchoolGrade11,,
% American Indian or Alaska Native students DLM Mathematics At Target Grade 11,value,{Number},race,AmericanIndianAndAlaskaNativeAlone,schoolSubject,Mathematics,educationalAchievementLevel,AtTarget,schoolGradeLevel,SchoolGrade11,,
% American Indian or Alaska Native students DLM Mathematics Advanced Grade 11,value,{Number},race,AmericanIndianAndAlaskaNativeAlone,schoolSubject,Mathematics,educationalAchievementLevel,Advanced,schoolGradeLevel,SchoolGrade11,,
% American Indian or Alaska Native students DLM Science Emerging Grade 11,value,{Number},race,AmericanIndianAndAlaskaNativeAlone,schoolSubject,Science,educationalAchievementLevel,Emerging,schoolGradeLevel,SchoolGrade11,,
% American Indian or Alaska Native students DLM Science Approaching Target Grade 11,value,{Number},race,AmericanIndianAndAlaskaNativeAlone,schoolSubject,Science,educationalAchievementLevel,ApproachingTarget,schoolGradeLevel,SchoolGrade11,,
% American Indian or Alaska Native students DLM Science At Target Grade 11,value,{Number},race,AmericanIndianAndAlaskaNativeAlone,schoolSubject,Science,educationalAchievementLevel,AtTarget,schoolGradeLevel,SchoolGrade11,,
% American Indian or Alaska Native students DLM Science Advanced Grade 11,value,{Number},race,AmericanIndianAndAlaskaNativeAlone,schoolSubject,Science,educationalAchievementLevel,Advanced,schoolGradeLevel,SchoolGrade11,,
% Two or More Race students DLM ELA Emerging Grade 11,value,{Number},race,TwoOrMoreRaces,schoolSubject,EnglishLanguageArts,educationalAchievementLevel,Emerging,schoolGradeLevel,SchoolGrade11,,
% Two or More Race students DLM ELA Approaching Target Grade 11,value,{Number},race,TwoOrMoreRaces,schoolSubject,EnglishLanguageArts,educationalAchievementLevel,ApproachingTarget,schoolGradeLevel,SchoolGrade11,,
% Two or More Race students DLM ELA At Target Grade 11,value,{Number},race,TwoOrMoreRaces,schoolSubject,EnglishLanguageArts,educationalAchievementLevel,AtTarget,schoolGradeLevel,SchoolGrade11,,
% Two or More Race students DLM ELA Advanced Grade 11,value,{Number},race,TwoOrMoreRaces,schoolSubject,EnglishLanguageArts,educationalAchievementLevel,Advanced,schoolGradeLevel,SchoolGrade11,,
% Two or More Race students DLM Mathematics Emerging Grade 11,value,{Number},race,TwoOrMoreRaces,schoolSubject,Mathematics,educationalAchievementLevel,Emerging,schoolGradeLevel,SchoolGrade11,,
% Two or More Race students DLM Mathematics Approaching Target Grade 11,value,{Number},race,TwoOrMoreRaces,schoolSubject,Mathematics,educationalAchievementLevel,ApproachingTarget,schoolGradeLevel,SchoolGrade11,,
% Two or More Race students DLM Mathematics At Target Grade 11,value,{Number},race,TwoOrMoreRaces,schoolSubject,Mathematics,educationalAchievementLevel,AtTarget,schoolGradeLevel,SchoolGrade11,,
% Two or More Race students DLM Mathematics Advanced Grade 11,value,{Number},race,TwoOrMoreRaces,schoolSubject,Mathematics,educationalAchievementLevel,Advanced,schoolGradeLevel,SchoolGrade11,,
% Two or More Races students DLM Science Emerging Grade 11,value,{Number},race,TwoOrMoreRaces,schoolSubject,Science,educationalAchievementLevel,Emerging,schoolGradeLevel,SchoolGrade11,,
% Two or More Races students DLM Science Approaching Target Grade 11,value,{Number},race,TwoOrMoreRaces,schoolSubject,Science,educationalAchievementLevel,ApproachingTarget,schoolGradeLevel,SchoolGrade11,,
% Two or More Races students DLM Science At Target Grade 11,value,{Number},race,TwoOrMoreRaces,schoolSubject,Science,educationalAchievementLevel,AtTarget,schoolGradeLevel,SchoolGrade11,,
% Two or More Races students DLM Science Advanced Grade 11,value,{Number},race,TwoOrMoreRaces,schoolSubject,Science,educationalAchievementLevel,Advanced,schoolGradeLevel,SchoolGrade11,,
% Children with Disabilities students DLM ELA Emerging Grade 11,value,{Number},disabilityStatus,WithDisability,schoolSubject,EnglishLanguageArts,educationalAchievementLevel,Emerging,schoolGradeLevel,SchoolGrade11,,
% Children with Disabilities students DLM ELA Approaching Target Grade 11,value,{Number},disabilityStatus,WithDisability,schoolSubject,EnglishLanguageArts,educationalAchievementLevel,ApproachingTarget,schoolGradeLevel,SchoolGrade11,,
% Children with Disabilities students DLM ELA At Target Grade 11,value,{Number},disabilityStatus,WithDisability,schoolSubject,EnglishLanguageArts,educationalAchievementLevel,AtTarget,schoolGradeLevel,SchoolGrade11,,
% Children with Disabilities students DLM ELA Advanced Grade 11,value,{Number},disabilityStatus,WithDisability,schoolSubject,EnglishLanguageArts,educationalAchievementLevel,Advanced,schoolGradeLevel,SchoolGrade11,,
% Children with Disabilities students DLM Mathematics Emerging Grade 11,value,{Number},disabilityStatus,WithDisability,schoolSubject,Mathematics,educationalAchievementLevel,Emerging,schoolGradeLevel,SchoolGrade11,,
% Children with Disabilities students DLM Mathematics Approaching Target Grade 11,value,{Number},disabilityStatus,WithDisability,schoolSubject,Mathematics,educationalAchievementLevel,ApproachingTarget,schoolGradeLevel,SchoolGrade11,,
% Children with Disabilities students DLM Mathematics At Target Grade 11,value,{Number},disabilityStatus,WithDisability,schoolSubject,Mathematics,educationalAchievementLevel,AtTarget,schoolGradeLevel,SchoolGrade11,,
% Children with Disabilities students DLM Mathematics Advanced Grade 11,value,{Number},disabilityStatus,WithDisability,schoolSubject,Mathematics,educationalAchievementLevel,Advanced,schoolGradeLevel,SchoolGrade11,,
% Children with Disabilities students DLM Science Emerging Grade 11,value,{Number},disabilityStatus,WithDisability,schoolSubject,Science,educationalAchievementLevel,Emerging,schoolGradeLevel,SchoolGrade11,,
% Children with Disabilities students DLM Science Approaching Target Grade 11,value,{Number},disabilityStatus,WithDisability,schoolSubject,Science,educationalAchievementLevel,ApproachingTarget,schoolGradeLevel,SchoolGrade11,,
% Children with Disabilities students DLM Science At Target Grade 11,value,{Number},disabilityStatus,WithDisability,schoolSubject,Science,educationalAchievementLevel,AtTarget,schoolGradeLevel,SchoolGrade11,,
% Children with Disabilities students DLM Science Advanced Grade 11,value,{Number},disabilityStatus,WithDisability,schoolSubject,Science,educationalAchievementLevel,Advanced,schoolGradeLevel,SchoolGrade11,,
% EL students DLM ELA Emerging Grade 11,value,{Number},languageLearned,EnglishLearner,schoolSubject,EnglishLanguageArts,educationalAchievementLevel,Emerging,schoolGradeLevel,SchoolGrade11,,
% EL students DLM ELA Approaching Target Grade 11,value,{Number},languageLearned,EnglishLearner,schoolSubject,EnglishLanguageArts,educationalAchievementLevel,ApproachingTarget,schoolGradeLevel,SchoolGrade11,,
% EL students DLM ELA At Target Grade 11,value,{Number},languageLearned,EnglishLearner,schoolSubject,EnglishLanguageArts,educationalAchievementLevel,AtTarget,schoolGradeLevel,SchoolGrade11,,
% EL students DLM ELA Advanced Grade 11,value,{Number},languageLearned,EnglishLearner,schoolSubject,EnglishLanguageArts,educationalAchievementLevel,Advanced,schoolGradeLevel,SchoolGrade11,,
% EL students DLM Mathematics Emerging Grade 11,value,{Number},languageLearned,EnglishLearner,schoolSubject,Mathematics,educationalAchievementLevel,Emerging,schoolGradeLevel,SchoolGrade11,,
% EL students DLM Mathematics Approaching Target Grade 11,value,{Number},languageLearned,EnglishLearner,schoolSubject,Mathematics,educationalAchievementLevel,ApproachingTarget,schoolGradeLevel,SchoolGrade11,,
% EL students DLM Mathematics At Target Grade 11,value,{Number},languageLearned,EnglishLearner,schoolSubject,Mathematics,educationalAchievementLevel,AtTarget,schoolGradeLevel,SchoolGrade11,,
% EL students DLM Mathematics Advanced Grade 11,value,{Number},languageLearned,EnglishLearner,schoolSubject,Mathematics,educationalAchievementLevel,Advanced,schoolGradeLevel,SchoolGrade11,,
% EL students DLM Science Emerging Grade 11,value,{Number},languageLearned,EnglishLearner,schoolSubject,Science,educationalAchievementLevel,Emerging,schoolGradeLevel,SchoolGrade11,,
% EL students DLM Science Approaching Target Grade 11,value,{Number},languageLearned,EnglishLearner,schoolSubject,Science,educationalAchievementLevel,ApproachingTarget,schoolGradeLevel,SchoolGrade11,,
% EL students DLM Science At Target Grade 11,value,{Number},languageLearned,EnglishLearner,schoolSubject,Science,educationalAchievementLevel,AtTarget,schoolGradeLevel,SchoolGrade11,,
% EL students DLM Science Advanced Grade 11,value,{Number},languageLearned,EnglishLearner,schoolSubject,Science,educationalAchievementLevel,Advanced,schoolGradeLevel,SchoolGrade11,,
% Low Income students DLM ELA Emerging Grade 11,value,{Number},incomeStatus,LowIncome,schoolSubject,EnglishLanguageArts,educationalAchievementLevel,Emerging,schoolGradeLevel,SchoolGrade11,,
% Low Income students DLM ELA Approaching Target Grade 11,value,{Number},incomeStatus,LowIncome,schoolSubject,EnglishLanguageArts,educationalAchievementLevel,ApproachingTarget,schoolGradeLevel,SchoolGrade11,,
% Low Income students DLM ELA At Target Grade 11,value,{Number},incomeStatus,LowIncome,schoolSubject,EnglishLanguageArts,educationalAchievementLevel,AtTarget,schoolGradeLevel,SchoolGrade11,,
% Low Income students DLM ELA Advanced Grade 11,value,{Number},incomeStatus,LowIncome,schoolSubject,EnglishLanguageArts,educationalAchievementLevel,Advanced,schoolGradeLevel,SchoolGrade11,,
% Low Income students DLM Mathematics Emerging Grade 11,value,{Number},incomeStatus,LowIncome,schoolSubject,Mathematics,educationalAchievementLevel,Emerging,schoolGradeLevel,SchoolGrade11,,
% Low Income students DLM Mathematics Approaching Target Grade 11,value,{Number},incomeStatus,LowIncome,schoolSubject,Mathematics,educationalAchievementLevel,ApproachingTarget,schoolGradeLevel,SchoolGrade11,,
% Low Income students DLM Mathematics At Target Grade 11,value,{Number},incomeStatus,LowIncome,schoolSubject,Mathematics,educationalAchievementLevel,AtTarget,schoolGradeLevel,SchoolGrade11,,
% Low Income students DLM Mathematics Advanced Grade 11,value,{Number},incomeStatus,LowIncome,schoolSubject,Mathematics,educationalAchievementLevel,Advanced,schoolGradeLevel,SchoolGrade11,,
% Low Income students DLM Science Emerging Grade 11,value,{Number},incomeStatus,LowIncome,schoolSubject,Science,educationalAchievementLevel,Emerging,schoolGradeLevel,SchoolGrade11,,
% Low Income students DLM Science Approaching Target Grade 11,value,{Number},incomeStatus,LowIncome,schoolSubject,Science,educationalAchievementLevel,ApproachingTarget,schoolGradeLevel,SchoolGrade11,,
% Low Income students DLM Science At Target Grade 11,value,{Number},incomeStatus,LowIncome,schoolSubject,Science,educationalAchievementLevel,AtTarget,schoolGradeLevel,SchoolGrade11,,
% Low Income students DLM Science Advanced Grade 11,value,{Number},incomeStatus,LowIncome,schoolSubject,Science,educationalAchievementLevel,Advanced,schoolGradeLevel,SchoolGrade11,,
% Non-Low Income students DLM ELA Emerging Grade 11,value,{Number},incomeStatus,NonLowIncome,schoolSubject,EnglishLanguageArts,educationalAchievementLevel,Emerging,schoolGradeLevel,SchoolGrade11,,
% Non-Low Income students DLM ELA Approaching Target Grade 11,value,{Number},incomeStatus,NonLowIncome,schoolSubject,EnglishLanguageArts,educationalAchievementLevel,ApproachingTarget,schoolGradeLevel,SchoolGrade11,,
% Non-Low Income students DLM ELA At Target Grade 11,value,{Number},incomeStatus,NonLowIncome,schoolSubject,EnglishLanguageArts,educationalAchievementLevel,AtTarget,schoolGradeLevel,SchoolGrade11,,
% Non-Low Income students DLM ELA Advanced Grade 11,value,{Number},incomeStatus,NonLowIncome,schoolSubject,EnglishLanguageArts,educationalAchievementLevel,Advanced,schoolGradeLevel,SchoolGrade11,,
% Non-Low Income students DLM Mathematics Emerging Grade 11,value,{Number},incomeStatus,NonLowIncome,schoolSubject,Mathematics,educationalAchievementLevel,Emerging,schoolGradeLevel,SchoolGrade11,,
% Non-Low Income students DLM Mathematics Approaching Target Grade 11,value,{Number},incomeStatus,NonLowIncome,schoolSubject,Mathematics,educationalAchievementLevel,ApproachingTarget,schoolGradeLevel,SchoolGrade11,,
% Non-Low Income students DLM Mathematics At Target Grade 11,value,{Number},incomeStatus,NonLowIncome,schoolSubject,Mathematics,educationalAchievementLevel,AtTarget,schoolGradeLevel,SchoolGrade11,,
% Non-Low Income students DLM Mathematics Advanced Grade 11,value,{Number},incomeStatus,NonLowIncome,schoolSubject,Mathematics,educationalAchievementLevel,Advanced,schoolGradeLevel,SchoolGrade11,,
% Non-Low Income students DLM Science Emerging Grade 11,value,{Number},incomeStatus,NonLowIncome,schoolSubject,Science,educationalAchievementLevel,Emerging,schoolGradeLevel,SchoolGrade11,,
% Non-Low Income students DLM Science Approaching Target Grade 11,value,{Number},incomeStatus,NonLowIncome,schoolSubject,Science,educationalAchievementLevel,ApproachingTarget,schoolGradeLevel,SchoolGrade11,,
% Non-Low Income students DLM Science At Target Grade 11,value,{Number},incomeStatus,NonLowIncome,schoolSubject,Science,educationalAchievementLevel,AtTarget,schoolGradeLevel,SchoolGrade11,,
% Non-Low Income students DLM Science Advanced Grade 11,value,{Number},incomeStatus,NonLowIncome,schoolSubject,Science,educationalAchievementLevel,Advanced,schoolGradeLevel,SchoolGrade11,,
# DLM Math Participation,,,,,,,,,,,,
# DLM Math Participation - Female,,,,,,,,,,,,
# DLM Math Participation - Male,,,,,,,,,,,,
# DLM Math Participation - White,,,,,,,,,,,,
# DLM Math Participation - Black or African American,,,,,,,,,,,,
# DLM Math Participation - Hispanic or Latino,,,,,,,,,,,,
# DLM Math Participation - Asian,,,,,,,,,,,,
# DLM Math Participation - Native Hawaiian or Other Pacific Islander,,,,,,,,,,,,
# DLM Math Participation - American Indian or Alaska Native,,,,,,,,,,,,
# DLM Math Participation - Two or More Race,,,,,,,,,,,,
# DLM Math Participation - IEP,,,,,,,,,,,,
# DLM Math Participation - EL,,,,,,,,,,,,
# DLM Math Participation - Low Income,,,,,,,,,,,,
% DLM Math Participation,,,,,,,,,,,,
% DLM Math Participation - Female,,,,,,,,,,,,
% DLM Math Participation - Male,,,,,,,,,,,,
% DLM Math Participation - White,,,,,,,,,,,,
% DLM Math Participation - Black or African American,,,,,,,,,,,,
% DLM Math Participation - Hispanic or Latino,,,,,,,,,,,,
% DLM Math Participation - Asian,,,,,,,,,,,,
% DLM Math Participation - Native Hawaiian or Other Pacific Islander,,,,,,,,,,,,
% DLM Math Participation - American Indian or Alaska Native,,,,,,,,,,,,
% DLM Math Participation - Two or More Race,,,,,,,,,,,,
% DLM Math Participation - IEP,,,,,,,,,,,,
% DLM Math Participation - EL,,,,,,,,,,,,
% DLM Math Participation - Low Income,,,,,,,,,,,,
# DLM ELA Participation,,,,,,,,,,,,
# DLM ELA Participation - Female,,,,,,,,,,,,
# DLM ELA Participation - Male,,,,,,,,,,,,
# DLM ELA Participation - White,,,,,,,,,,,,
# DLM ELA Participation - Black or African American,,,,,,,,,,,,
# DLM ELA Participation - Hispanic or Latino,,,,,,,,,,,,
# DLM ELA Participation - Asian,,,,,,,,,,,,
# DLM ELA Participation - Native Hawaiian or Other Pacific Islander,,,,,,,,,,,,
# DLM ELA Participation - American Indian or Alaska Native,,,,,,,,,,,,
# DLM ELA Participation - Two or More Race,,,,,,,,,,,,
# DLM ELA Participation - IEP,,,,,,,,,,,,
# DLM ELA Participation - EL,,,,,,,,,,,,
# DLM ELA Participation - Low Income,,,,,,,,,,,,
% DLM ELA Participation,,,,,,,,,,,,
% DLM ELA Participation - Female,,,,,,,,,,,,
% DLM ELA Participation - Male,,,,,,,,,,,,
% DLM ELA Participation - White,,,,,,,,,,,,
% DLM ELA Participation - Black or African American,,,,,,,,,,,,
% DLM ELA Participation - Hispanic or Latino,,,,,,,,,,,,
% DLM ELA Participation - Asian,,,,,,,,,,,,
% DLM ELA Participation - Native Hawaiian or Other Pacific Islander,,,,,,,,,,,,
% DLM ELA Participation - American Indian or Alaska Native,,,,,,,,,,,,
% DLM ELA Participation - Two or More Race,,,,,,,,,,,,
% DLM ELA Participation - IEP,,,,,,,,,,,,
% DLM ELA Participation - EL,,,,,,,,,,,,
% DLM ELA Participation - Low Income,,,,,,,,,,,,
# DLM Science Participation,,,,,,,,,,,,
# DLM Science Participation - Female,,,,,,,,,,,,
# DLM Science Participation - Male,,,,,,,,,,,,
# DLM Science Participation - White,,,,,,,,,,,,
# DLM Science Participation - Black or African American,,,,,,,,,,,,
# DLM Science Participation - Hispanic or Latino,,,,,,,,,,,,
# DLM Science Participation - Asian,,,,,,,,,,,,
# DLM Science Participation - Native Hawaiian or Other Pacific Islander,,,,,,,,,,,,
# DLM Science Participation - American Indian or Alaska Native,,,,,,,,,,,,
# DLM Science Participation - Two or More Race,,,,,,,,,,,,
# DLM Science Participation - IEP,,,,,,,,,,,,
# DLM Science Participation - EL,,,,,,,,,,,,
# DLM Science Participation - Low Income,,,,,,,,,,,,
% DLM Science Participation,,,,,,,,,,,,
% DLM Science Participation - Female,,,,,,,,,,,,
% DLM Science Participation - Male,,,,,,,,,,,,
% DLM Science Participation - White,,,,,,,,,,,,
% DLM Science Participation - Black or African American,,,,,,,,,,,,
% DLM Science Participation - Hispanic or Latino,,,,,,,,,,,,
% DLM Science Participation - Asian,,,,,,,,,,,,
% DLM Science Participation - Native Hawaiian or Other Pacific Islander,,,,,,,,,,,,
% DLM Science Participation - American Indian or Alaska Native,,,,,,,,,,,,
% DLM Science Participation - Two or More Race,,,,,,,,,,,,
% DLM Science Participation - IEP,,,,,,,,,,,,
% DLM Science Participation - EL,,,,,,,,,,,,
% DLM Science Participation - Low Income,,,,,,,,,,,,
DLM-AA ELA No Participation Rate - Total,,,,,,,,,,,,
DLM-AA ELA No Participation Rate - White,,,,,,,,,,,,
DLM-AA ELA No Participation Rate - Black or African American,,,,,,,,,,,,
DLM-AA ELA No Participation Rate - Hispanic or Latino,,,,,,,,,,,,
DLM-AA ELA No Participation Rate - Asian,,,,,,,,,,,,
DLM-AA ELA No Participation Rate - Native Hawaiian or Other Pacific Islander,,,,,,,,,,,,
DLM-AA ELA No Participation Rate - American Indian or Alaska Native,,,,,,,,,,,,
DLM-AA ELA No Participation Rate - Two or More Races,,,,,,,,,,,,
DLM-AA ELA No Participation Rate - Male,,,,,,,,,,,,
DLM-AA ELA No Participation Rate - Female,,,,,,,,,,,,
DLM-AA ELA No Participation Rate - CWD,,,,,,,,,,,,
DLM-AA ELA No Participation Rate - IEP,,,,,,,,,,,,
DLM-AA ELA No Participation Rate - EL,,,,,,,,,,,,
DLM-AA ELA No Participation Rate - Low Income,,,,,,,,,,,,
DLM-AA Math No Participation Rate - Total,,,,,,,,,,,,
DLM-AA Math No Participation Rate - White,,,,,,,,,,,,
DLM-AA Math No Participation Rate - Black or African American,,,,,,,,,,,,
DLM-AA Math No Participation Rate - Hispanic or Latino,,,,,,,,,,,,
DLM-AA Math No Participation Rate - Asian,,,,,,,,,,,,
DLM-AA Math No Participation Rate - Native Hawaiian or Other Pacific Islander,,,,,,,,,,,,
DLM-AA Math No Participation Rate - American Indian or Alaska Native,,,,,,,,,,,,
DLM-AA Math No Participation Rate - Two or More Races,,,,,,,,,,,,
DLM-AA Math No Participation Rate - Male,,,,,,,,,,,,
DLM-AA Math No Participation Rate - Female,,,,,,,,,,,,
DLM-AA Math No Participation Rate - CWD,,,,,,,,,,,,
DLM-AA Math No Participation Rate - IEP,,,,,,,,,,,,
DLM-AA Math No Participation Rate - EL,,,,,,,,,,,,
DLM-AA Math No Participation Rate - Low Income,,,,,,,,,,,,
DLM-AA Science No Participation Rate - Total,,,,,,,,,,,,
DLM-AA Science No Participation Rate - White,,,,,,,,,,,,
DLM-AA Science No Participation Rate - Black or African American,,,,,,,,,,,,
DLM-AA Science No Participation Rate - Hispanic or Latino,,,,,,,,,,,,
DLM-AA Science No Participation Rate - Asian,,,,,,,,,,,,
DLM-AA Science No Participation Rate - Native Hawaiian or Other Pacific Islander,,,,,,,,,,,,
DLM-AA Science No Participation Rate - American Indian or Alaska Native,,,,,,,,,,,,
DLM-AA Science No Participation Rate - Two or More Races,,,,,,,,,,,,
DLM-AA Science No Participation Rate - Male,,,,,,,,,,,,
DLM-AA Science No Participation Rate - Female,,,,,,,,,,,,
DLM-AA Science No Participation Rate - CWD,,,,,,,,,,,,
DLM-AA Science No Participation Rate - IEP,,,,,,,,,,,,
DLM-AA Science No Participation Rate - EL,,,,,,,,,,,,
DLM-AA Science No Participation Rate - Low Income,,,,,,,,,,,,
